<scene version="2.1.0">
	<default name="spp" value="1024" />
	<default name="resx" value="640" />
	<default name="resy" value="360" />
	<integrator type="path" name="temp0">
		<integer name="max_depth" value="12" />
	</integrator>
	<sensor type="perspective" name="temp13">
		<string name="fov_axis" value="x" />
		<float name="fov" value="39.597755" />
		<float name="principal_point_offset_x" value="0.000000" />
		<float name="principal_point_offset_y" value="-0.000000" />
		<float name="near_clip" value="0.100000" />
		<float name="far_clip" value="1000.000000" />
		<transform name="to_world">
			<rotate x="1" angle="-161.7970864180088" />
			<rotate y="1" angle="4.758288525198082e-06" />
			<rotate z="1" angle="-180.00000500895632" />
			<translate value="-0.000000 2.422186 4.773822" />
		</transform>
		<sampler type="correlated" name="sampler">
			<integer name="sample_count" value="1024" />
		</sampler>
		<film type="hdrfilm" name="film">
			<integer name="width" value="$resx" />
			<integer name="height" value="$resy" />
		</film>
		<float name="shutter_open" value="0.0" />
		<float name="shutter_close" value="0.0015" />
	</sensor>
	<bsdf type="twosided" id="mat-ORANGE" name="mat-ORANGE">
		<bsdf type="principled" name="bsdf">
			<rgb value="0.117647 0.137255 0.160784" name="base_color" />
			<float name="spec_tint" value="0.000000" />
			<float name="spec_trans" value="0.000000" />
			<float name="metallic" value="0.000000" />
			<float name="anisotropic" value="0.000000" />
			<float name="roughness" value="0.552786" />
			<float name="sheen" value="0.000000" />
			<float name="sheen_tint" value="0.500000" />
			<float name="clearcoat" value="0.000000" />
			<float name="clearcoat_gloss" value="0.173205" />
			<float name="specular" value="1.000000" />
		</bsdf>
	</bsdf>
	<bsdf type="twosided" id="mat-BLUE" name="mat-BLUE">
		<bsdf type="principled" name="bsdf">
			<rgb value="0.000000 0.043137 0.886275" name="base_color" />
			<float name="spec_tint" value="0.000000" />
			<float name="spec_trans" value="0.000000" />
			<float name="metallic" value="0.000000" />
			<float name="anisotropic" value="0.000000" />
			<float name="roughness" value="0.552786" />
			<float name="sheen" value="0.000000" />
			<float name="sheen_tint" value="0.500000" />
			<float name="clearcoat" value="0.000000" />
			<float name="clearcoat_gloss" value="0.173205" />
			<float name="specular" value="1.000000" />
		</bsdf>
	</bsdf>
	<bsdf type="twosided" id="mat-BLUE.001" name="mat-BLUE.001">
		<bsdf type="principled" name="bsdf">
			<rgb value="0.000000 0.043137 0.886275" name="base_color" />
			<float name="spec_tint" value="0.000000" />
			<float name="spec_trans" value="0.000000" />
			<float name="metallic" value="0.000000" />
			<float name="anisotropic" value="0.000000" />
			<float name="roughness" value="0.552786" />
			<float name="sheen" value="0.000000" />
			<float name="sheen_tint" value="0.500000" />
			<float name="clearcoat" value="0.000000" />
			<float name="clearcoat_gloss" value="0.173205" />
			<float name="specular" value="1.000000" />
		</bsdf>
	</bsdf>
	<bsdf type="twosided" id="mat-YELLOW" name="mat-YELLOW">
		<bsdf type="principled" name="bsdf">
			<rgb value="1.000000 0.564706 0.000000" name="base_color" />
			<float name="spec_tint" value="0.000000" />
			<float name="spec_trans" value="0.000000" />
			<float name="metallic" value="0.000000" />
			<float name="anisotropic" value="0.000000" />
			<float name="roughness" value="0.552786" />
			<float name="sheen" value="0.000000" />
			<float name="sheen_tint" value="0.500000" />
			<float name="clearcoat" value="0.000000" />
			<float name="clearcoat_gloss" value="0.173205" />
			<float name="specular" value="1.000000" />
		</bsdf>
	</bsdf>
	<bsdf type="twosided" id="mat-Material #1431663016" name="mat-Material #1431663016">
		<bsdf type="diffuse" name="bsdf">
			<texture type="bitmap" name="reflectance">
				<string name="filename" value="textures/fabric.jpg.001.jpg" />
			</texture>
		</bsdf>
	</bsdf>
	<bsdf type="twosided" id="mat-Material #1431663040" name="mat-Material #1431663040">
		<bsdf type="diffuse" name="bsdf">
			<rgb value="0.800000 0.800000 0.800000" name="reflectance" />
		</bsdf>
	</bsdf>
	<bsdf type="twosided" id="mat-Material #1431663039" name="mat-Material #1431663039">
		<bsdf type="diffuse" name="bsdf">
			<rgb value="0.081151 0.081151 0.081151" name="reflectance" />
		</bsdf>
	</bsdf>
	<bsdf type="twosided" id="mat-Model001_Material001" name="mat-Model001_Material001">
		<bsdf type="principled" name="bsdf">
			<texture type="bitmap" name="base_color">
				<string name="filename" value="textures/SH_initial_loader.exe_Tue_Dec_13_02-22-53_2005_1.001.png" />
			</texture>
			<float name="spec_tint" value="0.000000" />
			<float name="spec_trans" value="0.000000" />
			<float name="metallic" value="0.000000" />
			<float name="anisotropic" value="0.000000" />
			<float name="roughness" value="1.000000" />
			<float name="sheen" value="0.000000" />
			<float name="sheen_tint" value="0.500000" />
			<float name="clearcoat" value="0.000000" />
			<float name="clearcoat_gloss" value="0.173205" />
			<float name="specular" value="0.001000" />
		</bsdf>
	</bsdf>
	<bsdf type="twosided" id="mat-Material.002" name="mat-Material.002">
		<bsdf type="diffuse" name="bsdf">
			<texture type="bitmap" name="reflectance">
				<string name="filename" value="textures/seamless_tile.jpg" />
			</texture>
		</bsdf>
	</bsdf>
	<bsdf type="twosided" id="mat-Material.004" name="mat-Material.004">
		<bsdf type="diffuse" name="bsdf">
			<rgb value="0.800000 0.800000 0.800000" name="reflectance" />
		</bsdf>
	</bsdf>
	<bsdf type="twosided" id="mat-Material.001" name="mat-Material.001">
		<bsdf type="diffuse" name="bsdf">
			<rgb value="0.800000 0.800000 0.800000" name="reflectance" />
		</bsdf>
	</bsdf>
	<bsdf type="twosided" id="mat-Material.005" name="mat-Material.005">
		<bsdf type="diffuse" name="bsdf">
			<rgb value="0.800000 0.800000 0.800000" name="reflectance" />
		</bsdf>
	</bsdf>
	<bsdf type="twosided" id="mat-Material.003" name="mat-Material.003">
		<bsdf type="diffuse" name="bsdf">
			<rgb value="0.800000 0.800000 0.800000" name="reflectance" />
		</bsdf>
	</bsdf>
	<bsdf type="twosided" id="mat-BLUE.003" name="mat-BLUE.003">
		<bsdf type="principled" name="bsdf">
			<rgb value="0.000000 0.043137 0.886275" name="base_color" />
			<float name="spec_tint" value="0.000000" />
			<float name="spec_trans" value="0.000000" />
			<float name="metallic" value="0.000000" />
			<float name="anisotropic" value="0.000000" />
			<float name="roughness" value="0.552786" />
			<float name="sheen" value="0.000000" />
			<float name="sheen_tint" value="0.500000" />
			<float name="clearcoat" value="0.000000" />
			<float name="clearcoat_gloss" value="0.173205" />
			<float name="specular" value="1.000000" />
		</bsdf>
	</bsdf>
	<shape type="ply" name="temp2">
		<string name="filename" value="meshes/Cylinder01.ply" />
		<ref id="mat-ORANGE" name="bsdf" />
		<animation name="to_world">
			<transform time="0">
				<matrix value="0.5224990934428958 0.0 -0.852639996481683 0.023653274095020292 0.0 1.0 0.0 0.0 0.8526399964816831 0.0 0.5224990934428957 -0.005389914714512278 0.0 0.0 0.0 1.0" />
				<scale value="1" />
			</transform>
			<transform time="0.0015">
				<matrix value="0.5248494704473576 0.0 -0.8510695402506903 0.023583247711486496 0.0 1.0 0.0 0.0 0.8510695402506904 0.0 0.5248494704473575 -0.005406278956164684 0.0 0.0 0.0 1.0" />
				<scale value="1" />
			</transform>
		</animation>
	</shape>
	<shape type="ply" name="temp4">
		<string name="filename" value="meshes/Rectangle02.ply" />
		<ref id="mat-BLUE" name="bsdf" />
		<animation name="to_world">
			<transform time="0">
				<matrix value="0.5224989788482807 -4.5030935359892934e-08 -0.8526392458026825 0.024059557058450007 1.2127053766506678e-07 0.9999999999999796 2.1500877519575594e-08 -2.447157920748566e-09 0.8526392458026629 -1.146337876041823e-07 0.522498978848286 -0.005572120210267668 0.0 0.0 0.0 1.0" />
				<scale value="1" />
			</transform>
			<transform time="0.0015">
				<matrix value="0.5248493513236201 -4.534973002880487e-08 -0.8510688119843861 0.023990043324515476 1.2127053766506678e-07 0.9999999999999796 2.1500877519575594e-08 -2.447157920748566e-09 0.8510688119843666 -1.1449387730534022e-07 0.5248493513236254 -0.0055890695300077065 0.0 0.0 0.0 1.0" />
				<scale value="1" />
			</transform>
		</animation>
	</shape>
	<shape type="ply" name="temp6">
		<string name="filename" value="meshes/Rectangle01.ply" />
		<ref id="mat-BLUE.001" name="bsdf" />
		<animation name="to_world">
			<transform time="0">
				<matrix value="0.5224989072816996 7.955570214650843e-10 -0.8526401551419478 0.02405965029827624 -1.35024150266447e-09 1.0 1.0626636470080038e-10 2.0887735985297695e-11 0.852640155141948 1.0957047521344396e-09 0.5224989072816997 -0.005572467292739507 0.0 0.0 0.0 1.0" />
				<scale value="1" />
			</transform>
			<transform time="0.0015">
				<matrix value="0.5248492823334774 7.985796988445067e-10 -0.8510696885869141 0.023990135470049738 -1.35024150266447e-09 1.0 1.0626636470080038e-10 2.0887735985297695e-11 0.8510696885869143 1.0933430607202862e-09 0.5248492823334776 -0.00558941619745552 0.0 0.0 0.0 1.0" />
				<scale value="1" />
			</transform>
		</animation>
	</shape>
	<shape type="ply" name="temp8">
		<string name="filename" value="meshes/temp_c.ply" />
		<ref id="mat-YELLOW" name="bsdf" />
		<animation name="to_world">
			<transform time="0">
				<matrix value="0.5224989072816995 0.0 -0.8526401551419478 0.024133328462406872 0.0 1.0 0.0 0.0 0.8526401551419479 0.0 0.5224989072816993 -0.0057391936563566184 0.0 0.0 0.0 1.0" />
				<scale value="1" />
			</transform>
			<transform time="0.0015">
				<matrix value="0.5248492823334773 0.0 -0.8510696885869141 0.024063809185939793 0.0 1.0 0.0 0.0 0.8510696885869142 0.0 0.5248492823334772 -0.005756460900545776 0.0 0.0 0.0 1.0" />
				<scale value="1" />
			</transform>
		</animation>
	</shape>
	<shape type="ply" name="temp9">
		<string name="filename" value="meshes/temp_b.ply" />
		<ref id="mat-YELLOW" name="bsdf" />
		<animation name="to_world">
			<transform time="0">
				<matrix value="0.5224989072816995 0.0 -0.8526401551419478 0.02413336924144674 0.0 1.0 0.0 0.0 0.8526401551419479 0.0 0.5224989072816993 -0.005738535956303092 0.0 0.0 0.0 1.0" />
				<scale value="1" />
			</transform>
			<transform time="0.0015">
				<matrix value="0.5248492823334773 0.0 -0.8510696885869141 0.024063850768487938 0.0 1.0 0.0 0.0 0.8510696885869142 0.0 0.5248492823334772 -0.00575580217613871 0.0 0.0 0.0 1.0" />
				<scale value="1" />
			</transform>
		</animation>
	</shape>
	<shape type="ply" name="temp10">
		<string name="filename" value="meshes/temp_d.ply" />
		<ref id="mat-YELLOW" name="bsdf" />
		<animation name="to_world">
			<transform time="0">
				<matrix value="0.5224989072816995 0.0 -0.8526401551419478 0.02413218779805428 0.0 1.0 0.0 1.1102230246251565e-16 0.8526401551419479 0.0 0.5224989072816993 -0.0057385949726208065 0.0 0.0 0.0 1.0" />
				<scale value="1" />
			</transform>
			<transform time="0.0015">
				<matrix value="0.5248492823334773 0.0 -0.8510696885869141 0.024062667459795108 0.0 1.0 0.0 1.1102230246251565e-16 0.8510696885869142 0.0 0.5248492823334772 -0.0057558603690294145 0.0 0.0 0.0 1.0" />
				<scale value="1" />
			</transform>
		</animation>
	</shape>
	<shape type="ply" name="temp11">
		<string name="filename" value="meshes/Line02.ply" />
		<ref id="mat-BLUE" name="bsdf" />
		<animation name="to_world">
			<transform time="0">
				<matrix value="0.5224989788482807 -4.5030935359892934e-08 -0.8526392458026825 0.02429643084851981 1.2127053766506678e-07 0.9999999999999796 2.1500877519575594e-08 -2.428126366638139e-09 0.8526392458026629 -1.146337876041823e-07 0.522498978848286 -0.005636705478064087 0.0 0.0 0.0 1.0" />
				<scale value="1" />
			</transform>
			<transform time="0.0015">
				<matrix value="0.5248493513236201 -4.534973002880487e-08 -0.8510688119843861 0.024227245824989637 1.2127053766506678e-07 0.9999999999999796 2.1500877519575594e-08 -2.428126366638139e-09 0.8510688119843666 -1.1449387730534022e-07 0.5248493513236254 -0.005653929448243571 0.0 0.0 0.0 1.0" />
				<scale value="1" />
			</transform>
		</animation>
	</shape>
	<shape type="ply" name="temp12">
		<string name="filename" value="meshes/Line01.ply" />
		<ref id="mat-BLUE" name="bsdf" />
		<animation name="to_world">
			<transform time="0">
				<matrix value="0.5224989072816996 7.955570214650843e-10 -0.8526401551419478 0.024296338715088298 -1.35024150266447e-09 1.0 1.0626636470080038e-10 2.0343504658626443e-11 0.852640155141948 1.0957047521344396e-09 0.5224989072816997 -0.0056367474421297956 0.0 0.0 0.0 1.0" />
				<scale value="1" />
			</transform>
			<transform time="0.0015">
				<matrix value="0.5248492823334774 7.985796988445067e-10 -0.8510696885869141 0.024227152625782573 -1.35024150266447e-09 1.0 1.0626636470080038e-10 2.0343504658626443e-11 0.8510696885869143 1.0933430607202862e-09 0.5248492823334776 -0.005653970906191687 0.0 0.0 0.0 1.0" />
				<scale value="1" />
			</transform>
		</animation>
	</shape>
	<shape type="ply" name="temp17">
		<string name="filename" value="meshes/default-Material #1431663016.ply" />
		<ref id="mat-Material #1431663016" name="bsdf" />
		<animation name="to_world">
			<transform time="0">
				<matrix value="0.5224994348498497 2.4714938662725344e-14 -0.8526396795291973 -5.6922364870982786e-08 -4.338733283660976e-24 1.0 -2.0529216064881455e-25 0.0 0.8526396795291975 2.5383161107783006e-14 0.5224994348498496 1.0164232355699763e-07 0.0 0.0 0.0 1.0" />
				<scale value="1" />
			</transform>
			<transform time="0.0015">
				<matrix value="0.5248497906793738 2.351438086965487e-14 -0.8510692181033386 -5.664218130290113e-08 -4.338733283660976e-24 1.0 -2.0529216064881455e-25 0.0 0.8510692181033388 2.5218186523308287e-14 0.5248497906793737 1.0145511042088242e-07 0.0 0.0 0.0 1.0" />
				<scale value="1" />
			</transform>
		</animation>
	</shape>
	<shape type="ply" name="temp18">
		<string name="filename" value="meshes/default-Material #1431663040.ply" />
		<ref id="mat-Material #1431663040" name="bsdf" />
		<animation name="to_world">
			<transform time="0">
				<matrix value="0.5224994348498497 2.4714938662725344e-14 -0.8526396795291973 -5.6922364870982786e-08 -4.338733283660976e-24 1.0 -2.0529216064881455e-25 0.0 0.8526396795291975 2.5383161107783006e-14 0.5224994348498496 1.0164232355699763e-07 0.0 0.0 0.0 1.0" />
				<scale value="1" />
			</transform>
			<transform time="0.0015">
				<matrix value="0.5248497906793738 2.351438086965487e-14 -0.8510692181033386 -5.664218130290113e-08 -4.338733283660976e-24 1.0 -2.0529216064881455e-25 0.0 0.8510692181033388 2.5218186523308287e-14 0.5248497906793737 1.0145511042088242e-07 0.0 0.0 0.0 1.0" />
				<scale value="1" />
			</transform>
		</animation>
	</shape>
	<shape type="ply" name="temp19">
		<string name="filename" value="meshes/default-Material #1431663039.ply" />
		<ref id="mat-Material #1431663039" name="bsdf" />
		<animation name="to_world">
			<transform time="0">
				<matrix value="0.5224994348498497 2.4714938662725344e-14 -0.8526396795291973 -5.6922364870982786e-08 -4.338733283660976e-24 1.0 -2.0529216064881455e-25 0.0 0.8526396795291975 2.5383161107783006e-14 0.5224994348498496 1.0164232355699763e-07 0.0 0.0 0.0 1.0" />
				<scale value="1" />
			</transform>
			<transform time="0.0015">
				<matrix value="0.5248497906793738 2.351438086965487e-14 -0.8510692181033386 -5.664218130290113e-08 -4.338733283660976e-24 1.0 -2.0529216064881455e-25 0.0 0.8510692181033388 2.5218186523308287e-14 0.5248497906793737 1.0145511042088242e-07 0.0 0.0 0.0 1.0" />
				<scale value="1" />
			</transform>
		</animation>
	</shape>
	<shape type="ply" name="temp21">
		<string name="filename" value="meshes/Teddy.ply" />
		<boolean name="face_normals" value="true" />
		<ref id="mat-Model001_Material001" name="bsdf" />
		<animation name="to_world">
			<transform time="0">
				<matrix value="0.5224989419849075 -2.8825153155881582e-08 -0.8526396195531878 2.846125956256638e-08 -2.79545497385394e-09 0.9999999999999988 -3.5519637080688236e-08 1.666219755345728e-16 0.8526396195531851 2.0941737791163318e-08 0.5224989419849022 -5.0821243467619775e-08 0.0 0.0 0.0 1.0" />
				<scale value="1" />
			</transform>
			<transform time="0.0015">
				<matrix value="0.5248492999475469 -2.8762806967079984e-08 -0.8510691581078791 2.832116741634645e-08 -2.79545497385394e-09 0.9999999999999988 -3.5519637080688236e-08 1.666219755345728e-16 0.8510691581078764 2.1020855905533126e-08 0.5248492999475416 -5.072763674135673e-08 0.0 0.0 0.0 1.0" />
				<scale value="1" />
			</transform>
		</animation>
	</shape>
	<shape type="ply" name="temp23">
		<string name="filename" value="meshes/Plane.ply" />
		<boolean name="face_normals" value="true" />
		<ref id="mat-Material.002" name="bsdf" />
		<transform name="to_world">
			<scale value="1" />
		</transform>
	</shape>
	<shape type="ply" name="temp25">
		<string name="filename" value="meshes/Plane_002.ply" />
		<boolean name="face_normals" value="true" />
		<ref id="mat-Material.004" name="bsdf" />
		<transform name="to_world">
			<scale value="1" />
		</transform>
	</shape>
	<shape type="ply" name="temp27">
		<string name="filename" value="meshes/Plane_003.ply" />
		<boolean name="face_normals" value="true" />
		<ref id="mat-Material.001" name="bsdf" />
		<transform name="to_world">
			<scale value="1" />
		</transform>
	</shape>
	<shape type="ply" name="temp29">
		<string name="filename" value="meshes/Plane_001.ply" />
		<boolean name="face_normals" value="true" />
		<ref id="mat-Material.005" name="bsdf" />
		<transform name="to_world">
			<scale value="1" />
		</transform>
	</shape>
	<shape type="ply" name="temp31">
		<string name="filename" value="meshes/Plane_004.ply" />
		<boolean name="face_normals" value="true" />
		<ref id="mat-Material.003" name="bsdf" />
		<transform name="to_world">
			<scale value="1" />
		</transform>
	</shape>
	<shape type="ply" name="temp33">
		<string name="filename" value="meshes/temp_a.ply" />
		<ref id="mat-BLUE.003" name="bsdf" />
		<animation name="to_world">
			<transform time="0">
				<matrix value="0.5224989072816995 0.0 -0.8526401551419478 0.02408506082367897 0.0 1.0 0.0 0.0 0.8526401551419479 0.0 0.5224989072816993 -0.005786452331247964 0.0 0.0 0.0 1.0" />
				<scale value="1" />
			</transform>
			<transform time="0.0015">
				<matrix value="0.5248492823334773 0.0 -0.8510696885869141 0.02401543051315371 0.0 1.0 0.0 0.0 0.8510696885869142 0.0 0.5248492823334772 -0.005803759299369879 0.0 0.0 0.0 1.0" />
				<scale value="1" />
			</transform>
		</animation>
	</shape>
	<emitter type="point">
		<transform name="to_world">
			<rotate x="1" angle="-161.7970864180088" />
			<rotate y="1" angle="4.758288525198082e-06" />
			<rotate z="1" angle="-180.00000500895632" />
			<translate value="-0.000000 2.422186 4.773822" />
		</transform>
		<rgb name="intensity" value="100" />
	</emitter>
</scene>