<scene version="2.1.0">
	<default name="spp" value="1024" />
	<default name="resx" value="640" />
	<default name="resy" value="360" />
	<integrator type="path" name="temp0">
		<integer name="max_depth" value="12" />
	</integrator>
	<sensor type="perspective" name="temp13">
		<string name="fov_axis" value="x" />
		<float name="fov" value="39.597755" />
		<float name="principal_point_offset_x" value="0.000000" />
		<float name="principal_point_offset_y" value="-0.000000" />
		<float name="near_clip" value="0.100000" />
		<float name="far_clip" value="1000.000000" />
		<transform name="to_world">
			<rotate x="1" angle="-161.7970864180088" />
			<rotate y="1" angle="4.758288525198082e-06" />
			<rotate z="1" angle="-180.00000500895632" />
			<translate value="-0.000000 2.422186 4.773822" />
		</transform>
		<sampler type="correlated" name="sampler">
			<integer name="sample_count" value="1024" />
		</sampler>
		<film type="hdrfilm" name="film">
			<integer name="width" value="$resx" />
			<integer name="height" value="$resy" />
		</film>
		<float name="shutter_open" value="0.0" />
		<float name="shutter_close" value="0.0015" />
	</sensor>
	<bsdf type="twosided" id="mat-ORANGE" name="mat-ORANGE">
		<bsdf type="principled" name="bsdf">
			<rgb value="0.117647 0.137255 0.160784" name="base_color" />
			<float name="spec_tint" value="0.000000" />
			<float name="spec_trans" value="0.000000" />
			<float name="metallic" value="0.000000" />
			<float name="anisotropic" value="0.000000" />
			<float name="roughness" value="0.552786" />
			<float name="sheen" value="0.000000" />
			<float name="sheen_tint" value="0.500000" />
			<float name="clearcoat" value="0.000000" />
			<float name="clearcoat_gloss" value="0.173205" />
			<float name="specular" value="1.000000" />
		</bsdf>
	</bsdf>
	<bsdf type="twosided" id="mat-BLUE" name="mat-BLUE">
		<bsdf type="principled" name="bsdf">
			<rgb value="0.000000 0.043137 0.886275" name="base_color" />
			<float name="spec_tint" value="0.000000" />
			<float name="spec_trans" value="0.000000" />
			<float name="metallic" value="0.000000" />
			<float name="anisotropic" value="0.000000" />
			<float name="roughness" value="0.552786" />
			<float name="sheen" value="0.000000" />
			<float name="sheen_tint" value="0.500000" />
			<float name="clearcoat" value="0.000000" />
			<float name="clearcoat_gloss" value="0.173205" />
			<float name="specular" value="1.000000" />
		</bsdf>
	</bsdf>
	<bsdf type="twosided" id="mat-BLUE.001" name="mat-BLUE.001">
		<bsdf type="principled" name="bsdf">
			<rgb value="0.000000 0.043137 0.886275" name="base_color" />
			<float name="spec_tint" value="0.000000" />
			<float name="spec_trans" value="0.000000" />
			<float name="metallic" value="0.000000" />
			<float name="anisotropic" value="0.000000" />
			<float name="roughness" value="0.552786" />
			<float name="sheen" value="0.000000" />
			<float name="sheen_tint" value="0.500000" />
			<float name="clearcoat" value="0.000000" />
			<float name="clearcoat_gloss" value="0.173205" />
			<float name="specular" value="1.000000" />
		</bsdf>
	</bsdf>
	<bsdf type="twosided" id="mat-YELLOW" name="mat-YELLOW">
		<bsdf type="principled" name="bsdf">
			<rgb value="1.000000 0.564706 0.000000" name="base_color" />
			<float name="spec_tint" value="0.000000" />
			<float name="spec_trans" value="0.000000" />
			<float name="metallic" value="0.000000" />
			<float name="anisotropic" value="0.000000" />
			<float name="roughness" value="0.552786" />
			<float name="sheen" value="0.000000" />
			<float name="sheen_tint" value="0.500000" />
			<float name="clearcoat" value="0.000000" />
			<float name="clearcoat_gloss" value="0.173205" />
			<float name="specular" value="1.000000" />
		</bsdf>
	</bsdf>
	<bsdf type="twosided" id="mat-Material #1431663016" name="mat-Material #1431663016">
		<bsdf type="diffuse" name="bsdf">
			<texture type="bitmap" name="reflectance">
				<string name="filename" value="textures/fabric.jpg.001.jpg" />
			</texture>
		</bsdf>
	</bsdf>
	<bsdf type="twosided" id="mat-Material #1431663040" name="mat-Material #1431663040">
		<bsdf type="diffuse" name="bsdf">
			<rgb value="0.800000 0.800000 0.800000" name="reflectance" />
		</bsdf>
	</bsdf>
	<bsdf type="twosided" id="mat-Material #1431663039" name="mat-Material #1431663039">
		<bsdf type="diffuse" name="bsdf">
			<rgb value="0.081151 0.081151 0.081151" name="reflectance" />
		</bsdf>
	</bsdf>
	<bsdf type="twosided" id="mat-Model001_Material001" name="mat-Model001_Material001">
		<bsdf type="principled" name="bsdf">
			<texture type="bitmap" name="base_color">
				<string name="filename" value="textures/SH_initial_loader.exe_Tue_Dec_13_02-22-53_2005_1.001.png" />
			</texture>
			<float name="spec_tint" value="0.000000" />
			<float name="spec_trans" value="0.000000" />
			<float name="metallic" value="0.000000" />
			<float name="anisotropic" value="0.000000" />
			<float name="roughness" value="1.000000" />
			<float name="sheen" value="0.000000" />
			<float name="sheen_tint" value="0.500000" />
			<float name="clearcoat" value="0.000000" />
			<float name="clearcoat_gloss" value="0.173205" />
			<float name="specular" value="0.001000" />
		</bsdf>
	</bsdf>
	<bsdf type="twosided" id="mat-Material.002" name="mat-Material.002">
		<bsdf type="diffuse" name="bsdf">
			<texture type="bitmap" name="reflectance">
				<string name="filename" value="textures/seamless_tile.jpg" />
			</texture>
		</bsdf>
	</bsdf>
	<bsdf type="twosided" id="mat-Material.004" name="mat-Material.004">
		<bsdf type="diffuse" name="bsdf">
			<rgb value="0.800000 0.800000 0.800000" name="reflectance" />
		</bsdf>
	</bsdf>
	<bsdf type="twosided" id="mat-Material.001" name="mat-Material.001">
		<bsdf type="diffuse" name="bsdf">
			<rgb value="0.800000 0.800000 0.800000" name="reflectance" />
		</bsdf>
	</bsdf>
	<bsdf type="twosided" id="mat-Material.005" name="mat-Material.005">
		<bsdf type="diffuse" name="bsdf">
			<rgb value="0.800000 0.800000 0.800000" name="reflectance" />
		</bsdf>
	</bsdf>
	<bsdf type="twosided" id="mat-Material.003" name="mat-Material.003">
		<bsdf type="diffuse" name="bsdf">
			<rgb value="0.800000 0.800000 0.800000" name="reflectance" />
		</bsdf>
	</bsdf>
	<bsdf type="twosided" id="mat-BLUE.003" name="mat-BLUE.003">
		<bsdf type="principled" name="bsdf">
			<rgb value="0.000000 0.043137 0.886275" name="base_color" />
			<float name="spec_tint" value="0.000000" />
			<float name="spec_trans" value="0.000000" />
			<float name="metallic" value="0.000000" />
			<float name="anisotropic" value="0.000000" />
			<float name="roughness" value="0.552786" />
			<float name="sheen" value="0.000000" />
			<float name="sheen_tint" value="0.500000" />
			<float name="clearcoat" value="0.000000" />
			<float name="clearcoat_gloss" value="0.173205" />
			<float name="specular" value="1.000000" />
		</bsdf>
	</bsdf>
	<shape type="ply" name="temp2">
		<string name="filename" value="meshes/Cylinder01.ply" />
		<ref id="mat-ORANGE" name="bsdf" />
		<animation name="to_world">
			<transform time="0">
				<matrix value="-0.9510569685054362 0.0 -0.3090180205618054 0.03895137477508158 0.0 1.0 0.0 0.0 0.30901802056180544 0.0 -0.9510569685054362 0.030855235525421423 0.0 0.0 0.0 1.0" />
				<scale value="1" />
			</transform>
			<transform time="0.0015">
				<matrix value="-0.9500785764864126 0.0 -0.3116700556321494 0.038982946353834494 0.0 1.0 0.0 0.0 0.31167005563214945 0.0 -0.9500785764864126 0.03078983283429528 0.0 0.0 0.0 1.0" />
				<scale value="1" />
			</transform>
		</animation>
	</shape>
	<shape type="ply" name="temp4">
		<string name="filename" value="meshes/Rectangle02.ply" />
		<ref id="mat-BLUE" name="bsdf" />
		<animation name="to_world">
			<transform time="0">
				<matrix value="-0.9510565969534298 1.2197881290376956e-07 -0.30901740393689264 0.03906319295569715 1.2127053766506678e-07 0.9999999999999796 2.1500877519575594e-08 -2.447157920748566e-09 0.3090174039368921 -1.7025940841700415e-08 -0.95105659695345 0.031154534795042935 0.0 0.0 0.0 1.0" />
				<scale value="1" />
			</transform>
			<transform time="0.0015">
				<matrix value="-0.9500781780115215 1.2191717958012443e-07 -0.3116694532209439 0.039095708333525 1.2127053766506678e-07 0.9999999999999796 2.1500877519575594e-08 -2.447157920748566e-09 0.31166945322094336 -1.7368592988332115e-08 -0.9500781780115418 0.031090810728701887 0.0 0.0 0.0 1.0" />
				<scale value="1" />
			</transform>
		</animation>
	</shape>
	<shape type="ply" name="temp6">
		<string name="filename" value="meshes/Rectangle01.ply" />
		<ref id="mat-BLUE.001" name="bsdf" />
		<animation name="to_world">
			<transform time="0">
				<matrix value="-0.95105659695345 -1.2515011871454779e-09 -0.3090174039368951 0.03906346114268877 -1.3501699360759015e-09 1.0 1.0717570396691033e-10 2.086986139460123e-11 0.3090174039368949 5.18441448926093e-10 -0.9510565969534498 0.031154618664512856 0.0 0.0 0.0 1.0" />
				<scale value="1" />
			</transform>
			<transform time="0.0015">
				<matrix value="-0.9500782107482791 -1.2498951775406457e-09 -0.311669450644508 0.039095977778871444 -1.350172512514313e-09 1.0 1.0714296722954257e-10 2.0870504890162233e-11 0.31166945064450785 5.219024231634651e-10 -0.9500782107482789 0.031090895151276648 0.0 0.0 0.0 1.0" />
				<scale value="1" />
			</transform>
		</animation>
	</shape>
	<shape type="ply" name="temp8">
		<string name="filename" value="meshes/temp_c.ply" />
		<ref id="mat-YELLOW" name="bsdf" />
		<animation name="to_world">
			<transform time="0">
				<matrix value="-0.9510565969534499 0.0 -0.30901740393689486 0.039179480491318405 0.0 1.0 0.0 0.0 0.3090174039368949 0.0 -0.9510565969534498 0.031215022310029913 0.0 0.0 0.0 1.0" />
				<scale value="1" />
			</transform>
			<transform time="0.0015">
				<matrix value="-0.950078210748279 0.0 -0.31166945064450774 0.03921274434124051 0.0 1.0 0.0 0.0 0.3116694506445078 0.0 -0.9500782107482789 0.031151551195958978 0.0 0.0 0.0 1.0" />
				<scale value="1" />
			</transform>
		</animation>
	</shape>
	<shape type="ply" name="temp9">
		<string name="filename" value="meshes/temp_b.ply" />
		<ref id="mat-YELLOW" name="bsdf" />
		<animation name="to_world">
			<transform time="0">
				<matrix value="-0.9510565969534499 0.0 -0.30901740393689486 0.03917900808543007 0.0 1.0 0.0 0.0 0.3090174039368949 0.0 -0.9510565969534498 0.031215019862477288 0.0 0.0 0.0 1.0" />
				<scale value="1" />
			</transform>
			<transform time="0.0015">
				<matrix value="-0.950078210748279 0.0 -0.31166945064450774 0.039212269115144534 0.0 1.0 0.0 0.0 0.3116694506445078 0.0 -0.9500782107482789 0.031151549437738704 0.0 0.0 0.0 1.0" />
				<scale value="1" />
			</transform>
		</animation>
	</shape>
	<shape type="ply" name="temp10">
		<string name="filename" value="meshes/temp_d.ply" />
		<ref id="mat-YELLOW" name="bsdf" />
		<animation name="to_world">
			<transform time="0">
				<matrix value="-0.9510565969534499 0.0 -0.30901740393689486 0.039179099023949754 0.0 1.0 0.0 1.1102230246251565e-16 0.3090174039368949 0.0 -0.9510565969534498 0.031214182230581596 0.0 0.0 0.0 1.0" />
				<scale value="1" />
			</transform>
			<transform time="0.0015">
				<matrix value="-0.950078210748279 0.0 -0.31166945064450774 0.03921235979443398 0.0 1.0 0.0 1.1102230246251565e-16 0.3116694506445078 0.0 -0.9500782107482789 0.031150706384508852 0.0 0.0 0.0 1.0" />
				<scale value="1" />
			</transform>
		</animation>
	</shape>
	<shape type="ply" name="temp11">
		<string name="filename" value="meshes/Line02.ply" />
		<ref id="mat-BLUE" name="bsdf" />
		<animation name="to_world">
			<transform time="0">
				<matrix value="-0.9510565969534298 1.2197881290376956e-07 -0.30901740393689264 0.03909860251203854 1.2127053766506678e-07 0.9999999999999796 2.1500877519575594e-08 -2.428126366638139e-09 0.3090174039368921 -1.7025940841700415e-08 -0.95105659695345 0.03132713290196952 0.0 0.0 0.0 1.0" />
				<scale value="1" />
			</transform>
			<transform time="0.0015">
				<matrix value="-0.9500781780115215 1.2191717958012443e-07 -0.3116694532209439 0.03913148793089748 1.2127053766506678e-07 0.9999999999999796 2.1500877519575594e-08 -2.428126366638139e-09 0.31166945322094336 -1.7368592988332115e-08 -0.9500781780115418 0.031264403976134475 0.0 0.0 0.0 1.0" />
				<scale value="1" />
			</transform>
		</animation>
	</shape>
	<shape type="ply" name="temp12">
		<string name="filename" value="meshes/Line01.ply" />
		<ref id="mat-BLUE" name="bsdf" />
		<animation name="to_world">
			<transform time="0">
				<matrix value="-0.95105659695345 -1.2515011871454779e-09 -0.3090174039368951 0.039098654846324236 -1.3501699360759015e-09 1.0 1.0717570396691033e-10 2.0324741889510278e-11 0.3090174039368949 5.18441448926093e-10 -0.9510565969534498 0.03132705902810424 0.0 0.0 0.0 1.0" />
				<scale value="1" />
			</transform>
			<transform time="0.0015">
				<matrix value="-0.9500782107482791 -1.2498951775406457e-09 -0.311669450644508 0.03913154069850029 -1.350172512514313e-09 1.0 1.0714296722954257e-10 2.032541736000599e-11 0.31166945064450785 5.219024231634651e-10 -0.9500782107482789 0.03126433012523943 0.0 0.0 0.0 1.0" />
				<scale value="1" />
			</transform>
		</animation>
	</shape>
	<shape type="ply" name="temp17">
		<string name="filename" value="meshes/default-Material #1431663016.ply" />
		<ref id="mat-Material #1431663016" name="bsdf" />
		<animation name="to_world">
			<transform time="0">
				<matrix value="-0.95105626501032 -5.188027963484622e-14 -0.3090177489911147 -2.3258346629561832e-07 -4.338733283660976e-24 1.0 -2.0529216064881455e-25 0.0 0.3090177489911147 -1.3082822382293706e-15 -0.9510562650103198 3.683769683948171e-08 0.0 0.0 0.0 1.0" />
				<scale value="1" />
			</transform>
			<transform time="0.0015">
				<matrix value="-0.9500778780933352 -4.9723716377153044e-14 -0.311669784216301 -2.3246683376963136e-07 -4.338733283660976e-24 1.0 -2.0529216064881455e-25 0.0 0.311669784216301 -1.3608904525333967e-15 -0.950077878093335 3.715384330664094e-08 0.0 0.0 0.0 1.0" />
				<scale value="1" />
			</transform>
		</animation>
	</shape>
	<shape type="ply" name="temp18">
		<string name="filename" value="meshes/default-Material #1431663040.ply" />
		<ref id="mat-Material #1431663040" name="bsdf" />
		<animation name="to_world">
			<transform time="0">
				<matrix value="-0.95105626501032 -5.188027963484622e-14 -0.3090177489911147 -2.3258346629561832e-07 -4.338733283660976e-24 1.0 -2.0529216064881455e-25 0.0 0.3090177489911147 -1.3082822382293706e-15 -0.9510562650103198 3.683769683948171e-08 0.0 0.0 0.0 1.0" />
				<scale value="1" />
			</transform>
			<transform time="0.0015">
				<matrix value="-0.9500778780933352 -4.9723716377153044e-14 -0.311669784216301 -2.3246683376963136e-07 -4.338733283660976e-24 1.0 -2.0529216064881455e-25 0.0 0.311669784216301 -1.3608904525333967e-15 -0.950077878093335 3.715384330664094e-08 0.0 0.0 0.0 1.0" />
				<scale value="1" />
			</transform>
		</animation>
	</shape>
	<shape type="ply" name="temp19">
		<string name="filename" value="meshes/default-Material #1431663039.ply" />
		<ref id="mat-Material #1431663039" name="bsdf" />
		<animation name="to_world">
			<transform time="0">
				<matrix value="-0.95105626501032 -5.188027963484622e-14 -0.3090177489911147 -2.3258346629561832e-07 -4.338733283660976e-24 1.0 -2.0529216064881455e-25 0.0 0.3090177489911147 -1.3082822382293706e-15 -0.9510562650103198 3.683769683948171e-08 0.0 0.0 0.0 1.0" />
				<scale value="1" />
			</transform>
			<transform time="0.0015">
				<matrix value="-0.9500778780933352 -4.9723716377153044e-14 -0.311669784216301 -2.3246683376963136e-07 -4.338733283660976e-24 1.0 -2.0529216064881455e-25 0.0 0.311669784216301 -1.3608904525333967e-15 -0.950077878093335 3.715384330664094e-08 0.0 0.0 0.0 1.0" />
				<scale value="1" />
			</transform>
		</animation>
	</shape>
	<shape type="ply" name="temp21">
		<string name="filename" value="meshes/Teddy.ply" />
		<boolean name="face_normals" value="true" />
		<ref id="mat-Model001_Material001" name="bsdf" />
		<animation name="to_world">
			<transform time="0">
				<matrix value="-0.9510561794536871 -1.3634657601306187e-08 -0.30901707059831873 1.1629192315386523e-07 -2.79545497385394e-09 0.9999999999999988 -3.5519637080688236e-08 1.666219755345728e-16 0.3090170705983245 -3.291750369056231e-08 -0.9510561794536885 -1.8418838886184894e-08 0.0 0.0 0.0 1.0" />
				<scale value="1" />
			</transform>
			<transform time="0.0015">
				<matrix value="-0.9500777881365187 -1.372609883823623e-08 -0.31166910588176006 1.1623360653076193e-07 -2.79545497385394e-09 0.9999999999999988 -3.5519637080688236e-08 1.666219755345728e-16 0.3116691058817658 -3.287534028448693e-08 -0.95007778813652 -1.85769123884403e-08 0.0 0.0 0.0 1.0" />
				<scale value="1" />
			</transform>
		</animation>
	</shape>
	<shape type="ply" name="temp23">
		<string name="filename" value="meshes/Plane.ply" />
		<boolean name="face_normals" value="true" />
		<ref id="mat-Material.002" name="bsdf" />
		<transform name="to_world">
			<scale value="1" />
		</transform>
	</shape>
	<shape type="ply" name="temp25">
		<string name="filename" value="meshes/Plane_002.ply" />
		<boolean name="face_normals" value="true" />
		<ref id="mat-Material.004" name="bsdf" />
		<transform name="to_world">
			<scale value="1" />
		</transform>
	</shape>
	<shape type="ply" name="temp27">
		<string name="filename" value="meshes/Plane_003.ply" />
		<boolean name="face_normals" value="true" />
		<ref id="mat-Material.001" name="bsdf" />
		<transform name="to_world">
			<scale value="1" />
		</transform>
	</shape>
	<shape type="ply" name="temp29">
		<string name="filename" value="meshes/Plane_001.ply" />
		<boolean name="face_normals" value="true" />
		<ref id="mat-Material.005" name="bsdf" />
		<transform name="to_world">
			<scale value="1" />
		</transform>
	</shape>
	<shape type="ply" name="temp31">
		<string name="filename" value="meshes/Plane_004.ply" />
		<boolean name="face_normals" value="true" />
		<ref id="mat-Material.003" name="bsdf" />
		<transform name="to_world">
			<scale value="1" />
		</transform>
	</shape>
	<shape type="ply" name="temp33">
		<string name="filename" value="meshes/temp_a.ply" />
		<ref id="mat-BLUE.003" name="bsdf" />
		<animation name="to_world">
			<transform time="0">
				<matrix value="-0.9510565969534499 0.0 -0.30901740393689486 0.03921553501294467 0.0 1.0 0.0 0.0 0.3090174039368949 0.0 -0.9510565969534498 0.03118261995073421 0.0 0.0 0.0 1.0" />
				<scale value="1" />
			</transform>
			<transform time="0.0015">
				<matrix value="-0.950078210748279 0.0 -0.31166945064450774 0.039248983522052215 0.0 1.0 0.0 0.0 0.3116694506445078 0.0 -0.9500782107482789 0.03111892238636673 0.0 0.0 0.0 1.0" />
				<scale value="1" />
			</transform>
		</animation>
	</shape>
	<emitter type="point">
		<transform name="to_world">
			<rotate x="1" angle="-161.7970864180088" />
			<rotate y="1" angle="4.758288525198082e-06" />
			<rotate z="1" angle="-180.00000500895632" />
			<translate value="-0.000000 2.422186 4.773822" />
		</transform>
		<rgb name="intensity" value="100" />
	</emitter>
</scene>