<scene version="2.1.0">
	<default name="spp" value="1024" />
	<default name="resx" value="640" />
	<default name="resy" value="360" />
	<integrator type="path" name="temp0">
		<integer name="max_depth" value="12" />
	</integrator>
	<sensor type="perspective" name="temp13">
		<string name="fov_axis" value="x" />
		<float name="fov" value="39.597755" />
		<float name="principal_point_offset_x" value="0.000000" />
		<float name="principal_point_offset_y" value="-0.000000" />
		<float name="near_clip" value="0.100000" />
		<float name="far_clip" value="1000.000000" />
		<transform name="to_world">
			<rotate x="1" angle="-161.7970864180088" />
			<rotate y="1" angle="4.758288525198082e-06" />
			<rotate z="1" angle="-180.00000500895632" />
			<translate value="-0.000000 2.422186 4.773822" />
		</transform>
		<sampler type="correlated" name="sampler">
			<integer name="sample_count" value="1024" />
		</sampler>
		<film type="hdrfilm" name="film">
			<integer name="width" value="$resx" />
			<integer name="height" value="$resy" />
		</film>
		<float name="shutter_open" value="0.0" />
		<float name="shutter_close" value="0.0015" />
	</sensor>
	<bsdf type="twosided" id="mat-ORANGE" name="mat-ORANGE">
		<bsdf type="principled" name="bsdf">
			<rgb value="0.117647 0.137255 0.160784" name="base_color" />
			<float name="spec_tint" value="0.000000" />
			<float name="spec_trans" value="0.000000" />
			<float name="metallic" value="0.000000" />
			<float name="anisotropic" value="0.000000" />
			<float name="roughness" value="0.552786" />
			<float name="sheen" value="0.000000" />
			<float name="sheen_tint" value="0.500000" />
			<float name="clearcoat" value="0.000000" />
			<float name="clearcoat_gloss" value="0.173205" />
			<float name="specular" value="1.000000" />
		</bsdf>
	</bsdf>
	<bsdf type="twosided" id="mat-BLUE" name="mat-BLUE">
		<bsdf type="principled" name="bsdf">
			<rgb value="0.000000 0.043137 0.886275" name="base_color" />
			<float name="spec_tint" value="0.000000" />
			<float name="spec_trans" value="0.000000" />
			<float name="metallic" value="0.000000" />
			<float name="anisotropic" value="0.000000" />
			<float name="roughness" value="0.552786" />
			<float name="sheen" value="0.000000" />
			<float name="sheen_tint" value="0.500000" />
			<float name="clearcoat" value="0.000000" />
			<float name="clearcoat_gloss" value="0.173205" />
			<float name="specular" value="1.000000" />
		</bsdf>
	</bsdf>
	<bsdf type="twosided" id="mat-BLUE.001" name="mat-BLUE.001">
		<bsdf type="principled" name="bsdf">
			<rgb value="0.000000 0.043137 0.886275" name="base_color" />
			<float name="spec_tint" value="0.000000" />
			<float name="spec_trans" value="0.000000" />
			<float name="metallic" value="0.000000" />
			<float name="anisotropic" value="0.000000" />
			<float name="roughness" value="0.552786" />
			<float name="sheen" value="0.000000" />
			<float name="sheen_tint" value="0.500000" />
			<float name="clearcoat" value="0.000000" />
			<float name="clearcoat_gloss" value="0.173205" />
			<float name="specular" value="1.000000" />
		</bsdf>
	</bsdf>
	<bsdf type="twosided" id="mat-YELLOW" name="mat-YELLOW">
		<bsdf type="principled" name="bsdf">
			<rgb value="1.000000 0.564706 0.000000" name="base_color" />
			<float name="spec_tint" value="0.000000" />
			<float name="spec_trans" value="0.000000" />
			<float name="metallic" value="0.000000" />
			<float name="anisotropic" value="0.000000" />
			<float name="roughness" value="0.552786" />
			<float name="sheen" value="0.000000" />
			<float name="sheen_tint" value="0.500000" />
			<float name="clearcoat" value="0.000000" />
			<float name="clearcoat_gloss" value="0.173205" />
			<float name="specular" value="1.000000" />
		</bsdf>
	</bsdf>
	<bsdf type="twosided" id="mat-Material #1431663016" name="mat-Material #1431663016">
		<bsdf type="diffuse" name="bsdf">
			<texture type="bitmap" name="reflectance">
				<string name="filename" value="textures/fabric.jpg.001.jpg" />
			</texture>
		</bsdf>
	</bsdf>
	<bsdf type="twosided" id="mat-Material #1431663040" name="mat-Material #1431663040">
		<bsdf type="diffuse" name="bsdf">
			<rgb value="0.800000 0.800000 0.800000" name="reflectance" />
		</bsdf>
	</bsdf>
	<bsdf type="twosided" id="mat-Material #1431663039" name="mat-Material #1431663039">
		<bsdf type="diffuse" name="bsdf">
			<rgb value="0.081151 0.081151 0.081151" name="reflectance" />
		</bsdf>
	</bsdf>
	<bsdf type="twosided" id="mat-Model001_Material001" name="mat-Model001_Material001">
		<bsdf type="principled" name="bsdf">
			<texture type="bitmap" name="base_color">
				<string name="filename" value="textures/SH_initial_loader.exe_Tue_Dec_13_02-22-53_2005_1.001.png" />
			</texture>
			<float name="spec_tint" value="0.000000" />
			<float name="spec_trans" value="0.000000" />
			<float name="metallic" value="0.000000" />
			<float name="anisotropic" value="0.000000" />
			<float name="roughness" value="1.000000" />
			<float name="sheen" value="0.000000" />
			<float name="sheen_tint" value="0.500000" />
			<float name="clearcoat" value="0.000000" />
			<float name="clearcoat_gloss" value="0.173205" />
			<float name="specular" value="0.001000" />
		</bsdf>
	</bsdf>
	<bsdf type="twosided" id="mat-Material.002" name="mat-Material.002">
		<bsdf type="diffuse" name="bsdf">
			<texture type="bitmap" name="reflectance">
				<string name="filename" value="textures/seamless_tile.jpg" />
			</texture>
		</bsdf>
	</bsdf>
	<bsdf type="twosided" id="mat-Material.004" name="mat-Material.004">
		<bsdf type="diffuse" name="bsdf">
			<rgb value="0.800000 0.800000 0.800000" name="reflectance" />
		</bsdf>
	</bsdf>
	<bsdf type="twosided" id="mat-Material.001" name="mat-Material.001">
		<bsdf type="diffuse" name="bsdf">
			<rgb value="0.800000 0.800000 0.800000" name="reflectance" />
		</bsdf>
	</bsdf>
	<bsdf type="twosided" id="mat-Material.005" name="mat-Material.005">
		<bsdf type="diffuse" name="bsdf">
			<rgb value="0.800000 0.800000 0.800000" name="reflectance" />
		</bsdf>
	</bsdf>
	<bsdf type="twosided" id="mat-Material.003" name="mat-Material.003">
		<bsdf type="diffuse" name="bsdf">
			<rgb value="0.800000 0.800000 0.800000" name="reflectance" />
		</bsdf>
	</bsdf>
	<bsdf type="twosided" id="mat-BLUE.003" name="mat-BLUE.003">
		<bsdf type="principled" name="bsdf">
			<rgb value="0.000000 0.043137 0.886275" name="base_color" />
			<float name="spec_tint" value="0.000000" />
			<float name="spec_trans" value="0.000000" />
			<float name="metallic" value="0.000000" />
			<float name="anisotropic" value="0.000000" />
			<float name="roughness" value="0.552786" />
			<float name="sheen" value="0.000000" />
			<float name="sheen_tint" value="0.500000" />
			<float name="clearcoat" value="0.000000" />
			<float name="clearcoat_gloss" value="0.173205" />
			<float name="specular" value="1.000000" />
		</bsdf>
	</bsdf>
	<shape type="ply" name="temp2">
		<string name="filename" value="meshes/Cylinder01.ply" />
		<ref id="mat-ORANGE" name="bsdf" />
		<animation name="to_world">
			<transform time="0">
				<matrix value="-0.07845902881715526 0.0 -0.9969176140020176 0.03717396319832277 0.0 1.0 0.0 0.0 0.9969176140020177 0.0 -0.07845902881715533 0.0030792140480793186 0.0 0.0 0.0 1.0" />
				<scale value="1" />
			</transform>
			<transform time="0.0015">
				<matrix value="-0.07563442870532826 0.0 -0.9970285952911124 0.03712365918928536 0.0 1.0 0.0 0.0 0.9970285952911125 0.0 -0.07563442870532833 0.003026006120629045 0.0 0.0 0.0 1.0" />
				<scale value="1" />
			</transform>
		</animation>
	</shape>
	<shape type="ply" name="temp4">
		<string name="filename" value="meshes/Rectangle02.ply" />
		<ref id="mat-BLUE" name="bsdf" />
		<animation name="to_world">
			<transform time="0">
				<matrix value="-0.07845851703896409 3.094927008536656e-08 -0.9969177819509337 0.0370709975784731 1.2127053766506678e-07 0.9999999999999796 2.1500877519575594e-08 -2.447157920748566e-09 0.9969177819509147 -1.1920931840413976e-07 -0.07845851703897135 0.0031046217407269434 0.0 0.0 0.0 1.0" />
				<scale value="1" />
			</transform>
			<transform time="0.0015">
				<matrix value="-0.0756339423170162 3.06091208333417e-08 -0.997028745379593 0.03702439967606385 1.2127053766506678e-07 0.9999999999999796 2.1500877519575594e-08 -2.447157920748566e-09 0.9970287453795741 -1.1928350439010216e-07 -0.0756339423170234 0.003050503063566609 0.0 0.0 0.0 1.0" />
				<scale value="1" />
			</transform>
		</animation>
	</shape>
	<shape type="ply" name="temp6">
		<string name="filename" value="meshes/Rectangle01.ply" />
		<ref id="mat-BLUE.001" name="bsdf" />
		<animation name="to_world">
			<transform time="0">
				<matrix value="-0.07845867945787419 -7.558352888587425e-13 -0.9969177691682829 0.03707099562598175 -1.35024150266447e-09 1.0 1.0626636470080038e-10 2.0887735985297695e-11 0.9969177691682829 1.354327664321091e-09 -0.07845867945787398 0.0031045768344934756 0.0 0.0 0.0 1.0" />
				<scale value="1" />
			</transform>
			<transform time="0.0015">
				<matrix value="-0.07563410543609958 3.0805999770496336e-12 -0.9970287325418373 0.03702439854148972 -1.35024150266447e-09 1.0 1.0626636470080038e-10 2.0887735985297695e-11 0.9970287325418373 1.3541817186069337e-09 -0.07563410543609937 0.0030504561987457746 0.0 0.0 0.0 1.0" />
				<scale value="1" />
			</transform>
		</animation>
	</shape>
	<shape type="ply" name="temp8">
		<string name="filename" value="meshes/temp_c.ply" />
		<ref id="mat-YELLOW" name="bsdf" />
		<animation name="to_world">
			<transform time="0">
				<matrix value="-0.07845867945787417 0.0 -0.9969177691682827 0.03704660231513991 0.0 1.0 0.0 0.0 0.9969177691682828 0.0 -0.07845867945787419 0.003140469161902762 0.0 0.0 0.0 1.0" />
				<scale value="1" />
			</transform>
			<transform time="0.0015">
				<matrix value="-0.07563410543609957 0.0 -0.9970287325418371 0.03700088340136601 0.0 1.0 0.0 0.0 0.9970287325418372 0.0 -0.07563410543609958 0.0030850564115384124 0.0 0.0 0.0 1.0" />
				<scale value="1" />
			</transform>
		</animation>
	</shape>
	<shape type="ply" name="temp9">
		<string name="filename" value="meshes/temp_b.ply" />
		<ref id="mat-YELLOW" name="bsdf" />
		<animation name="to_world">
			<transform time="0">
				<matrix value="-0.07845867945787417 0.0 -0.9969177691682827 0.03704662375989533 0.0 1.0 0.0 0.0 0.9969177691682828 0.0 -0.07845867945787419 0.00314032370732727 0.0 0.0 0.0 1.0" />
				<scale value="1" />
			</transform>
			<transform time="0.0015">
				<matrix value="-0.07563410543609957 0.0 -0.9970287325418371 0.037000904074134235 0.0 1.0 0.0 0.0 0.9970287325418372 0.0 -0.07563410543609958 0.0030849161934370112 0.0 0.0 0.0 1.0" />
				<scale value="1" />
			</transform>
		</animation>
	</shape>
	<shape type="ply" name="temp10">
		<string name="filename" value="meshes/temp_d.ply" />
		<ref id="mat-YELLOW" name="bsdf" />
		<animation name="to_world">
			<transform time="0">
				<matrix value="-0.07845867945787417 0.0 -0.9969177691682827 0.03704689644911317 0.0 1.0 0.0 1.1102230246251565e-16 0.9969177691682828 0.0 -0.07845867945787419 0.0031403967802360287 0.0 0.0 0.0 1.0" />
				<scale value="1" />
			</transform>
			<transform time="0.0015">
				<matrix value="-0.07563410543609957 0.0 -0.9970287325418371 0.03700116694633002 0.0 1.0 0.0 1.1102230246251565e-16 0.9970287325418372 0.0 -0.07563410543609958 0.003084986635739013 0.0 0.0 0.0 1.0" />
				<scale value="1" />
			</transform>
		</animation>
	</shape>
	<shape type="ply" name="temp11">
		<string name="filename" value="meshes/Line02.ply" />
		<ref id="mat-BLUE" name="bsdf" />
		<animation name="to_world">
			<transform time="0">
				<matrix value="-0.07845851703896409 3.094927008536656e-08 -0.9969177819509337 0.03701277120318737 1.2127053766506678e-07 0.9999999999999796 2.1500877519575594e-08 -2.428126366638139e-09 0.9969177819509147 -1.1920931840413976e-07 -0.07845851703897135 0.003109596355373185 0.0 0.0 0.0 1.0" />
				<scale value="1" />
			</transform>
			<transform time="0.0015">
				<matrix value="-0.0756339423170162 3.06091208333417e-08 -0.997028745379593 0.036968269653295874 1.2127053766506678e-07 0.9999999999999796 2.1500877519575594e-08 -2.428126366638139e-09 0.9970287453795741 -1.1928350439010216e-07 -0.0756339423170234 0.003055297664009691 0.0 0.0 0.0 1.0" />
				<scale value="1" />
			</transform>
		</animation>
	</shape>
	<shape type="ply" name="temp12">
		<string name="filename" value="meshes/Line01.ply" />
		<ref id="mat-BLUE" name="bsdf" />
		<animation name="to_world">
			<transform time="0">
				<matrix value="-0.07845867945787419 -7.558352888587425e-13 -0.9969177691682829 0.037012807586314644 -1.35024150266447e-09 1.0 1.0626636470080038e-10 2.0343504658626443e-11 0.9969177691682829 1.354327664321091e-09 -0.07845867945787398 0.003109512238289822 0.0 0.0 0.0 1.0" />
				<scale value="1" />
			</transform>
			<transform time="0.0015">
				<matrix value="-0.07563410543609958 3.0805999770496336e-12 -0.9970287325418373 0.03696830531215069 -1.35024150266447e-09 1.0 1.0626636470080038e-10 2.0343504658626443e-11 0.9970287325418373 1.3541817186069337e-09 -0.07563410543609937 0.003055213919971123 0.0 0.0 0.0 1.0" />
				<scale value="1" />
			</transform>
		</animation>
	</shape>
	<shape type="ply" name="temp17">
		<string name="filename" value="meshes/default-Material #1431663016.ply" />
		<ref id="mat-Material #1431663016" name="bsdf" />
		<animation name="to_world">
			<transform time="0">
				<matrix value="-0.07845835985828821 -5.9497768167120435e-15 -0.9969174944930522 -1.2856194262034704e-07 -4.338733283660976e-24 1.0 -2.0529216064881455e-25 0.0 0.9969174944930526 1.0427914195822935e-14 -0.07845835985828818 1.1884153760102291e-07 0.0 0.0 0.0 1.0" />
				<scale value="1" />
			</transform>
			<transform time="0.0015">
				<matrix value="-0.07563378646318969 -5.634164424624361e-15 -0.9970284643973596 -1.2822522805049074e-07 -4.338733283660976e-24 1.0 -2.0529216064881455e-25 0.0 0.9970284643973599 1.005250326552656e-14 -0.07563378646318966 1.1885476621234547e-07 0.0 0.0 0.0 1.0" />
				<scale value="1" />
			</transform>
		</animation>
	</shape>
	<shape type="ply" name="temp18">
		<string name="filename" value="meshes/default-Material #1431663040.ply" />
		<ref id="mat-Material #1431663040" name="bsdf" />
		<animation name="to_world">
			<transform time="0">
				<matrix value="-0.07845835985828821 -5.9497768167120435e-15 -0.9969174944930522 -1.2856194262034704e-07 -4.338733283660976e-24 1.0 -2.0529216064881455e-25 0.0 0.9969174944930526 1.0427914195822935e-14 -0.07845835985828818 1.1884153760102291e-07 0.0 0.0 0.0 1.0" />
				<scale value="1" />
			</transform>
			<transform time="0.0015">
				<matrix value="-0.07563378646318969 -5.634164424624361e-15 -0.9970284643973596 -1.2822522805049074e-07 -4.338733283660976e-24 1.0 -2.0529216064881455e-25 0.0 0.9970284643973599 1.005250326552656e-14 -0.07563378646318966 1.1885476621234547e-07 0.0 0.0 0.0 1.0" />
				<scale value="1" />
			</transform>
		</animation>
	</shape>
	<shape type="ply" name="temp19">
		<string name="filename" value="meshes/default-Material #1431663039.ply" />
		<ref id="mat-Material #1431663039" name="bsdf" />
		<animation name="to_world">
			<transform time="0">
				<matrix value="-0.07845835985828821 -5.9497768167120435e-15 -0.9969174944930522 -1.2856194262034704e-07 -4.338733283660976e-24 1.0 -2.0529216064881455e-25 0.0 0.9969174944930526 1.0427914195822935e-14 -0.07845835985828818 1.1884153760102291e-07 0.0 0.0 0.0 1.0" />
				<scale value="1" />
			</transform>
			<transform time="0.0015">
				<matrix value="-0.07563378646318969 -5.634164424624361e-15 -0.9970284643973596 -1.2822522805049074e-07 -4.338733283660976e-24 1.0 -2.0529216064881455e-25 0.0 0.9970284643973599 1.005250326552656e-14 -0.07563378646318966 1.1885476621234547e-07 0.0 0.0 0.0 1.0" />
				<scale value="1" />
			</transform>
		</animation>
	</shape>
	<shape type="ply" name="temp21">
		<string name="filename" value="meshes/Teddy.ply" />
		<boolean name="face_normals" value="true" />
		<ref id="mat-Model001_Material001" name="bsdf" />
		<animation name="to_world">
			<transform time="0">
				<matrix value="-0.07845845998181919 -3.562949474973148e-08 -0.9969168363640696 6.428108512383233e-08 -2.79545497385394e-09 0.9999999999999988 -3.5519637080688236e-08 1.666219755345728e-16 0.9969168363640705 -1.947006302670514e-13 -0.07845845998182509 -5.9420829264745873e-08 0.0 0.0 0.0 1.0" />
				<scale value="1" />
			</transform>
			<transform time="0.0015">
				<matrix value="-0.07563388821504621 -3.5625543324691215e-08 -0.9970278337634821 6.411272765350254e-08 -2.79545497385394e-09 0.9999999999999988 -3.5519637080688236e-08 1.666219755345728e-16 0.997027833763483 1.0042558346929705e-10 -0.07563388821505213 -5.942744522033889e-08 0.0 0.0 0.0 1.0" />
				<scale value="1" />
			</transform>
		</animation>
	</shape>
	<shape type="ply" name="temp23">
		<string name="filename" value="meshes/Plane.ply" />
		<boolean name="face_normals" value="true" />
		<ref id="mat-Material.002" name="bsdf" />
		<transform name="to_world">
			<scale value="1" />
		</transform>
	</shape>
	<shape type="ply" name="temp25">
		<string name="filename" value="meshes/Plane_002.ply" />
		<boolean name="face_normals" value="true" />
		<ref id="mat-Material.004" name="bsdf" />
		<transform name="to_world">
			<scale value="1" />
		</transform>
	</shape>
	<shape type="ply" name="temp27">
		<string name="filename" value="meshes/Plane_003.ply" />
		<boolean name="face_normals" value="true" />
		<ref id="mat-Material.001" name="bsdf" />
		<transform name="to_world">
			<scale value="1" />
		</transform>
	</shape>
	<shape type="ply" name="temp29">
		<string name="filename" value="meshes/Plane_001.ply" />
		<boolean name="face_normals" value="true" />
		<ref id="mat-Material.005" name="bsdf" />
		<transform name="to_world">
			<scale value="1" />
		</transform>
	</shape>
	<shape type="ply" name="temp31">
		<string name="filename" value="meshes/Plane_004.ply" />
		<boolean name="face_normals" value="true" />
		<ref id="mat-Material.003" name="bsdf" />
		<transform name="to_world">
			<scale value="1" />
		</transform>
	</shape>
	<shape type="ply" name="temp33">
		<string name="filename" value="meshes/temp_a.ply" />
		<ref id="mat-BLUE.003" name="bsdf" />
		<animation name="to_world">
			<transform time="0">
				<matrix value="-0.07845867945787417 0.0 -0.9969177691682827 0.037055888245327566 0.0 1.0 0.0 0.0 0.9969177691682828 0.0 -0.07845867945787419 0.0031536179097506924 0.0 0.0 0.0 1.0" />
				<scale value="1" />
			</transform>
			<transform time="0.0015">
				<matrix value="-0.07563410543609957 0.0 -0.9970287325418371 0.03700983502817464 0.0 1.0 0.0 0.0 0.9970287325418372 0.0 -0.07563410543609958 0.0030977317974504614 0.0 0.0 0.0 1.0" />
				<scale value="1" />
			</transform>
		</animation>
	</shape>
	<emitter type="point">
		<transform name="to_world">
			<rotate x="1" angle="-161.7970864180088" />
			<rotate y="1" angle="4.758288525198082e-06" />
			<rotate z="1" angle="-180.00000500895632" />
			<translate value="-0.000000 2.422186 4.773822" />
		</transform>
		<rgb name="intensity" value="100" />
	</emitter>
</scene>