<scene version="2.1.0">
	<default name="spp" value="1024" />
	<default name="resx" value="640" />
	<default name="resy" value="360" />
	<integrator type="path" name="temp0">
		<integer name="max_depth" value="12" />
	</integrator>
	<sensor type="perspective" name="temp13">
		<string name="fov_axis" value="x" />
		<float name="fov" value="39.597755" />
		<float name="principal_point_offset_x" value="0.000000" />
		<float name="principal_point_offset_y" value="-0.000000" />
		<float name="near_clip" value="0.100000" />
		<float name="far_clip" value="1000.000000" />
		<transform name="to_world">
			<rotate x="1" angle="-161.7970864180088" />
			<rotate y="1" angle="4.758288525198082e-06" />
			<rotate z="1" angle="-180.00000500895632" />
			<translate value="-0.000000 2.422186 4.773822" />
		</transform>
		<sampler type="correlated" name="sampler">
			<integer name="sample_count" value="1024" />
		</sampler>
		<film type="hdrfilm" name="film">
			<integer name="width" value="$resx" />
			<integer name="height" value="$resy" />
		</film>
		<float name="shutter_open" value="0.0" />
		<float name="shutter_close" value="0.0015" />
	</sensor>
	<bsdf type="twosided" id="mat-ORANGE" name="mat-ORANGE">
		<bsdf type="principled" name="bsdf">
			<rgb value="0.117647 0.137255 0.160784" name="base_color" />
			<float name="spec_tint" value="0.000000" />
			<float name="spec_trans" value="0.000000" />
			<float name="metallic" value="0.000000" />
			<float name="anisotropic" value="0.000000" />
			<float name="roughness" value="0.552786" />
			<float name="sheen" value="0.000000" />
			<float name="sheen_tint" value="0.500000" />
			<float name="clearcoat" value="0.000000" />
			<float name="clearcoat_gloss" value="0.173205" />
			<float name="specular" value="1.000000" />
		</bsdf>
	</bsdf>
	<bsdf type="twosided" id="mat-BLUE" name="mat-BLUE">
		<bsdf type="principled" name="bsdf">
			<rgb value="0.000000 0.043137 0.886275" name="base_color" />
			<float name="spec_tint" value="0.000000" />
			<float name="spec_trans" value="0.000000" />
			<float name="metallic" value="0.000000" />
			<float name="anisotropic" value="0.000000" />
			<float name="roughness" value="0.552786" />
			<float name="sheen" value="0.000000" />
			<float name="sheen_tint" value="0.500000" />
			<float name="clearcoat" value="0.000000" />
			<float name="clearcoat_gloss" value="0.173205" />
			<float name="specular" value="1.000000" />
		</bsdf>
	</bsdf>
	<bsdf type="twosided" id="mat-BLUE.001" name="mat-BLUE.001">
		<bsdf type="principled" name="bsdf">
			<rgb value="0.000000 0.043137 0.886275" name="base_color" />
			<float name="spec_tint" value="0.000000" />
			<float name="spec_trans" value="0.000000" />
			<float name="metallic" value="0.000000" />
			<float name="anisotropic" value="0.000000" />
			<float name="roughness" value="0.552786" />
			<float name="sheen" value="0.000000" />
			<float name="sheen_tint" value="0.500000" />
			<float name="clearcoat" value="0.000000" />
			<float name="clearcoat_gloss" value="0.173205" />
			<float name="specular" value="1.000000" />
		</bsdf>
	</bsdf>
	<bsdf type="twosided" id="mat-YELLOW" name="mat-YELLOW">
		<bsdf type="principled" name="bsdf">
			<rgb value="1.000000 0.564706 0.000000" name="base_color" />
			<float name="spec_tint" value="0.000000" />
			<float name="spec_trans" value="0.000000" />
			<float name="metallic" value="0.000000" />
			<float name="anisotropic" value="0.000000" />
			<float name="roughness" value="0.552786" />
			<float name="sheen" value="0.000000" />
			<float name="sheen_tint" value="0.500000" />
			<float name="clearcoat" value="0.000000" />
			<float name="clearcoat_gloss" value="0.173205" />
			<float name="specular" value="1.000000" />
		</bsdf>
	</bsdf>
	<bsdf type="twosided" id="mat-Material #1431663016" name="mat-Material #1431663016">
		<bsdf type="diffuse" name="bsdf">
			<texture type="bitmap" name="reflectance">
				<string name="filename" value="textures/fabric.jpg.001.jpg" />
			</texture>
		</bsdf>
	</bsdf>
	<bsdf type="twosided" id="mat-Material #1431663040" name="mat-Material #1431663040">
		<bsdf type="diffuse" name="bsdf">
			<rgb value="0.800000 0.800000 0.800000" name="reflectance" />
		</bsdf>
	</bsdf>
	<bsdf type="twosided" id="mat-Material #1431663039" name="mat-Material #1431663039">
		<bsdf type="diffuse" name="bsdf">
			<rgb value="0.081151 0.081151 0.081151" name="reflectance" />
		</bsdf>
	</bsdf>
	<bsdf type="twosided" id="mat-Model001_Material001" name="mat-Model001_Material001">
		<bsdf type="principled" name="bsdf">
			<texture type="bitmap" name="base_color">
				<string name="filename" value="textures/SH_initial_loader.exe_Tue_Dec_13_02-22-53_2005_1.001.png" />
			</texture>
			<float name="spec_tint" value="0.000000" />
			<float name="spec_trans" value="0.000000" />
			<float name="metallic" value="0.000000" />
			<float name="anisotropic" value="0.000000" />
			<float name="roughness" value="1.000000" />
			<float name="sheen" value="0.000000" />
			<float name="sheen_tint" value="0.500000" />
			<float name="clearcoat" value="0.000000" />
			<float name="clearcoat_gloss" value="0.173205" />
			<float name="specular" value="0.001000" />
		</bsdf>
	</bsdf>
	<bsdf type="twosided" id="mat-Material.002" name="mat-Material.002">
		<bsdf type="diffuse" name="bsdf">
			<texture type="bitmap" name="reflectance">
				<string name="filename" value="textures/seamless_tile.jpg" />
			</texture>
		</bsdf>
	</bsdf>
	<bsdf type="twosided" id="mat-Material.004" name="mat-Material.004">
		<bsdf type="diffuse" name="bsdf">
			<rgb value="0.800000 0.800000 0.800000" name="reflectance" />
		</bsdf>
	</bsdf>
	<bsdf type="twosided" id="mat-Material.001" name="mat-Material.001">
		<bsdf type="diffuse" name="bsdf">
			<rgb value="0.800000 0.800000 0.800000" name="reflectance" />
		</bsdf>
	</bsdf>
	<bsdf type="twosided" id="mat-Material.005" name="mat-Material.005">
		<bsdf type="diffuse" name="bsdf">
			<rgb value="0.800000 0.800000 0.800000" name="reflectance" />
		</bsdf>
	</bsdf>
	<bsdf type="twosided" id="mat-Material.003" name="mat-Material.003">
		<bsdf type="diffuse" name="bsdf">
			<rgb value="0.800000 0.800000 0.800000" name="reflectance" />
		</bsdf>
	</bsdf>
	<bsdf type="twosided" id="mat-BLUE.003" name="mat-BLUE.003">
		<bsdf type="principled" name="bsdf">
			<rgb value="0.000000 0.043137 0.886275" name="base_color" />
			<float name="spec_tint" value="0.000000" />
			<float name="spec_trans" value="0.000000" />
			<float name="metallic" value="0.000000" />
			<float name="anisotropic" value="0.000000" />
			<float name="roughness" value="0.552786" />
			<float name="sheen" value="0.000000" />
			<float name="sheen_tint" value="0.500000" />
			<float name="clearcoat" value="0.000000" />
			<float name="clearcoat_gloss" value="0.173205" />
			<float name="specular" value="1.000000" />
		</bsdf>
	</bsdf>
	<shape type="ply" name="temp2">
		<string name="filename" value="meshes/Cylinder01.ply" />
		<ref id="mat-ORANGE" name="bsdf" />
		<animation name="to_world">
			<transform time="0">
				<matrix value="0.38268363907700953 0.0 0.9238800076976228 -0.006536829595481094 0.0 1.0 0.0 0.0 -0.9238800076976229 0.0 0.38268363907700953 0.02760766181767748 0.0 0.0 0.0 1.0" />
				<scale value="1" />
			</transform>
			<transform time="0.0015">
				<matrix value="0.3800316009406376 0.0 0.9248584105705729 -0.006511793371280731 0.0 1.0 0.0 0.0 -0.924858410570573 0.0 0.3800316009406376 0.02767198782435999 0.0 0.0 0.0 1.0" />
				<scale value="1" />
			</transform>
		</animation>
	</shape>
	<shape type="ply" name="temp4">
		<string name="filename" value="meshes/Rectangle02.ply" />
		<ref id="mat-BLUE" name="bsdf" />
		<animation name="to_world">
			<transform time="0">
				<matrix value="0.38268318459494965 -6.627218895690934e-08 0.9238792187381359 -0.006668360148907988 1.2127053766506678e-07 0.9999999999999796 2.1500877519575594e-08 -2.447157920748566e-09 -0.9238792187381201 1.0381076641775664e-07 0.3826831845949624 0.027344792101412746 0.0 0.0 0.0 1.0" />
				<scale value="1" />
			</transform>
			<transform time="0.0015">
				<matrix value="0.3800311469639764 -6.597161288610932e-08 0.9248576032658534 -0.006641767119331094 1.2127053766506678e-07 0.9999999999999796 2.1500877519575594e-08 -2.447157920748566e-09 -0.9248576032658375 1.0398643829693479e-07 0.3800311469639891 0.02741099747159306 0.0 0.0 0.0 1.0" />
				<scale value="1" />
			</transform>
		</animation>
	</shape>
	<shape type="ply" name="temp6">
		<string name="filename" value="meshes/Rectangle01.ply" />
		<ref id="mat-BLUE.001" name="bsdf" />
		<animation name="to_world">
			<transform time="0">
				<matrix value="0.3826831845949606 4.1927102470326654e-10 0.9238792187381373 -0.006668573493069329 -1.35024150266447e-09 1.0 1.0626636470080038e-10 2.0887735985297695e-11 -0.9238792187381373 -1.2879513836813343e-09 0.38268318459496037 0.027344820949679882 0.0 0.0 0.0 1.0" />
				<scale value="1" />
			</transform>
			<transform time="0.0015">
				<matrix value="0.38003114696398727 4.1556004946815e-10 0.9248576032658549 -0.006641978946363414 -1.3502389262260586e-09 1.0 1.0629910143816814e-10 2.0887092489736692e-11 -0.9248576032658549 -1.2889923131253525e-09 0.38003114696398704 0.027411026529787243 0.0 0.0 0.0 1.0" />
				<scale value="1" />
			</transform>
		</animation>
	</shape>
	<shape type="ply" name="temp8">
		<string name="filename" value="meshes/temp_c.ply" />
		<ref id="mat-YELLOW" name="bsdf" />
		<animation name="to_world">
			<transform time="0">
				<matrix value="0.38268318459496053 0.0 0.923879218738137 -0.006780580128987614 0.0 1.0 0.0 0.0 -0.9238792187381372 0.0 0.3826831845949605 0.027300910504030516 0.0 0.0 0.0 1.0" />
				<scale value="1" />
			</transform>
			<transform time="0.0015">
				<matrix value="0.3800311469639872 0.0 0.9248576032658546 -0.006752996871135085 0.0 1.0 0.0 0.0 -0.9248576032658548 0.0 0.38003114696398715 0.027367261693751765 0.0 0.0 0.0 1.0" />
				<scale value="1" />
			</transform>
		</animation>
	</shape>
	<shape type="ply" name="temp9">
		<string name="filename" value="meshes/temp_b.ply" />
		<ref id="mat-YELLOW" name="bsdf" />
		<animation name="to_world">
			<transform time="0">
				<matrix value="0.38268318459496053 0.0 0.923879218738137 -0.006780153523845648 0.0 1.0 0.0 0.0 -0.9238792187381372 0.0 0.3826831845949605 0.027300855968245594 0.0 0.0 0.0 1.0" />
				<scale value="1" />
			</transform>
			<transform time="0.0015">
				<matrix value="0.3800311469639872 0.0 0.9248576032658546 -0.006752573655047111 0.0 1.0 0.0 0.0 -0.9248576032658548 0.0 0.38003114696398715 0.027367208778639924 0.0 0.0 0.0 1.0" />
				<scale value="1" />
			</transform>
		</animation>
	</shape>
	<shape type="ply" name="temp10">
		<string name="filename" value="meshes/temp_d.ply" />
		<ref id="mat-YELLOW" name="bsdf" />
		<animation name="to_world">
			<transform time="0">
				<matrix value="0.38268318459496053 0.0 0.923879218738137 -0.0067801654834552805 0.0 1.0 0.0 1.1102230246251565e-16 -0.9238792187381372 0.0 0.3826831845949605 0.027301634637568604 0.0 0.0 0.0 1.0" />
				<scale value="1" />
			</transform>
			<transform time="0.0015">
				<matrix value="0.3800311469639872 0.0 0.9248576032658546 -0.006752586602168053 0.0 1.0 0.0 1.1102230246251565e-16 -0.9248576032658548 0.0 0.38003114696398715 0.027367980701478202 0.0 0.0 0.0 1.0" />
				<scale value="1" />
			</transform>
		</animation>
	</shape>
	<shape type="ply" name="temp11">
		<string name="filename" value="meshes/Line02.ply" />
		<ref id="mat-BLUE" name="bsdf" />
		<animation name="to_world">
			<transform time="0">
				<matrix value="0.38268318459494965 -6.627218895690934e-08 0.9238792187381359 -0.006717597482949176 1.2127053766506678e-07 0.9999999999999796 2.1500877519575594e-08 -2.428126366638139e-09 -0.9238792187381201 1.0381076641775664e-07 0.3826831845949624 0.027190415887543045 0.0 0.0 0.0 1.0" />
				<scale value="1" />
			</transform>
			<transform time="0.0015">
				<matrix value="0.3800311469639764 -6.597161288610932e-08 0.9248576032658534 -0.006690316933331946 1.2127053766506678e-07 0.9999999999999796 2.1500877519575594e-08 -2.428126366638139e-09 -0.9248576032658375 1.0398643829693479e-07 0.3800311469639891 0.027257778505236557 0.0 0.0 0.0 1.0" />
				<scale value="1" />
			</transform>
		</animation>
	</shape>
	<shape type="ply" name="temp12">
		<string name="filename" value="meshes/Line01.ply" />
		<ref id="mat-BLUE" name="bsdf" />
		<animation name="to_world">
			<transform time="0">
				<matrix value="0.3826831845949606 4.1927102470326654e-10 0.9238792187381373 -0.0067176053970220626 -1.35024150266447e-09 1.0 1.0626636470080038e-10 2.0343504658626443e-11 -0.9238792187381373 -1.2879513836813343e-09 0.38268318459496037 0.027190542353236306 0.0 0.0 0.0 1.0" />
				<scale value="1" />
			</transform>
			<transform time="0.0015">
				<matrix value="0.38003114696398727 4.1556004946815e-10 0.9248576032658549 -0.0066903248776285975 -1.3502389262260586e-09 1.0 1.0629910143816814e-10 2.0342829188130733e-11 -0.9248576032658549 -1.2889923131253525e-09 0.38003114696398704 0.027257904780969146 0.0 0.0 0.0 1.0" />
				<scale value="1" />
			</transform>
		</animation>
	</shape>
	<shape type="ply" name="temp17">
		<string name="filename" value="meshes/default-Material #1431663016.ply" />
		<ref id="mat-Material #1431663016" name="bsdf" />
		<animation name="to_world">
			<transform time="0">
				<matrix value="0.38268323786102 3.650982502804915e-14 0.9238796233222563 -7.35897138978235e-08 -4.338733283660976e-24 1.0 -2.0529216064881455e-25 0.0 -0.9238796233222564 2.6965813741423124e-15 0.38268323786101993 -1.1013476601662269e-07 0.0 0.0 0.0 1.0" />
				<scale value="1" />
			</transform>
			<transform time="0.0015">
				<matrix value="0.38003120296745346 3.753340496887867e-14 0.9248580102009697 -7.390586032545061e-08 -4.338733283660976e-24 1.0 -2.0529216064881455e-25 0.0 -0.9248580102009698 1.470034645178181e-15 0.3800312029674534 -1.102513985380473e-07 0.0 0.0 0.0 1.0" />
				<scale value="1" />
			</transform>
		</animation>
	</shape>
	<shape type="ply" name="temp18">
		<string name="filename" value="meshes/default-Material #1431663040.ply" />
		<ref id="mat-Material #1431663040" name="bsdf" />
		<animation name="to_world">
			<transform time="0">
				<matrix value="0.38268323786102 3.650982502804915e-14 0.9238796233222563 -7.35897138978235e-08 -4.338733283660976e-24 1.0 -2.0529216064881455e-25 0.0 -0.9238796233222564 2.6965813741423124e-15 0.38268323786101993 -1.1013476601662269e-07 0.0 0.0 0.0 1.0" />
				<scale value="1" />
			</transform>
			<transform time="0.0015">
				<matrix value="0.38003120296745346 3.753340496887867e-14 0.9248580102009697 -7.390586032545061e-08 -4.338733283660976e-24 1.0 -2.0529216064881455e-25 0.0 -0.9248580102009698 1.470034645178181e-15 0.3800312029674534 -1.102513985380473e-07 0.0 0.0 0.0 1.0" />
				<scale value="1" />
			</transform>
		</animation>
	</shape>
	<shape type="ply" name="temp19">
		<string name="filename" value="meshes/default-Material #1431663039.ply" />
		<ref id="mat-Material #1431663039" name="bsdf" />
		<animation name="to_world">
			<transform time="0">
				<matrix value="0.38268323786102 3.650982502804915e-14 0.9238796233222563 -7.35897138978235e-08 -4.338733283660976e-24 1.0 -2.0529216064881455e-25 0.0 -0.9238796233222564 2.6965813741423124e-15 0.38268323786101993 -1.1013476601662269e-07 0.0 0.0 0.0 1.0" />
				<scale value="1" />
			</transform>
			<transform time="0.0015">
				<matrix value="0.38003120296745346 3.753340496887867e-14 0.9248580102009697 -7.390586032545061e-08 -4.338733283660976e-24 1.0 -2.0529216064881455e-25 0.0 -0.9248580102009698 1.470034645178181e-15 0.3800312029674534 -1.102513985380473e-07 0.0 0.0 0.0 1.0" />
				<scale value="1" />
			</transform>
		</animation>
	</shape>
	<shape type="ply" name="temp21">
		<string name="filename" value="meshes/Teddy.ply" />
		<boolean name="face_normals" value="true" />
		<ref id="mat-Model001_Material001" name="bsdf" />
		<animation name="to_world">
			<transform time="0">
				<matrix value="0.3826833436256733 3.388554409917636e-08 0.9238791552097828 3.67949123765292e-08 -2.79545497385394e-09 0.9999999999999988 -3.5519637080688236e-08 1.666219755345728e-16 -0.9238791552097855 1.1010855913118496e-08 0.38268334362567863 5.506744749461718e-08 0.0 0.0 0.0 1.0" />
				<scale value="1" />
			</transform>
			<transform time="0.0015">
				<matrix value="0.38003130939738816 3.391288336549057e-08 0.9248575457514999 3.695298581589244e-08 -2.79545497385394e-09 0.9999999999999988 -3.5519637080688236e-08 1.666219755345728e-16 -0.9248575457515026 1.0913907182819266e-08 0.38003130939739355 5.5125764071500014e-08 0.0 0.0 0.0 1.0" />
				<scale value="1" />
			</transform>
		</animation>
	</shape>
	<shape type="ply" name="temp23">
		<string name="filename" value="meshes/Plane.ply" />
		<boolean name="face_normals" value="true" />
		<ref id="mat-Material.002" name="bsdf" />
		<transform name="to_world">
			<scale value="1" />
		</transform>
	</shape>
	<shape type="ply" name="temp25">
		<string name="filename" value="meshes/Plane_002.ply" />
		<boolean name="face_normals" value="true" />
		<ref id="mat-Material.004" name="bsdf" />
		<transform name="to_world">
			<scale value="1" />
		</transform>
	</shape>
	<shape type="ply" name="temp27">
		<string name="filename" value="meshes/Plane_003.ply" />
		<boolean name="face_normals" value="true" />
		<ref id="mat-Material.001" name="bsdf" />
		<transform name="to_world">
			<scale value="1" />
		</transform>
	</shape>
	<shape type="ply" name="temp29">
		<string name="filename" value="meshes/Plane_001.ply" />
		<boolean name="face_normals" value="true" />
		<ref id="mat-Material.005" name="bsdf" />
		<transform name="to_world">
			<scale value="1" />
		</transform>
	</shape>
	<shape type="ply" name="temp31">
		<string name="filename" value="meshes/Plane_004.ply" />
		<boolean name="face_normals" value="true" />
		<ref id="mat-Material.003" name="bsdf" />
		<transform name="to_world">
			<scale value="1" />
		</transform>
	</shape>
	<shape type="ply" name="temp33">
		<string name="filename" value="meshes/temp_a.ply" />
		<ref id="mat-BLUE.003" name="bsdf" />
		<animation name="to_world">
			<transform time="0">
				<matrix value="0.38268318459496053 0.0 0.923879218738137 -0.006810398320534646 0.0 1.0 0.0 0.0 -0.9238792187381372 0.0 0.3826831845949605 0.02733405582850691 0.0 0.0 0.0 1.0" />
				<scale value="1" />
			</transform>
			<transform time="0.0015">
				<matrix value="0.3800311469639872 0.0 0.9248576032658546 -0.00678263578696445 0.0 1.0 0.0 0.0 -0.9248576032658548 0.0 0.38003114696398715 0.027400083311429062 0.0 0.0 0.0 1.0" />
				<scale value="1" />
			</transform>
		</animation>
	</shape>
	<emitter type="point">
		<transform name="to_world">
			<rotate x="1" angle="-161.7970864180088" />
			<rotate y="1" angle="4.758288525198082e-06" />
			<rotate z="1" angle="-180.00000500895632" />
			<translate value="-0.000000 2.422186 4.773822" />
		</transform>
		<rgb name="intensity" value="100" />
	</emitter>
</scene>