<scene version="2.1.0">
	<default name="spp" value="1024" />
	<default name="resx" value="640" />
	<default name="resy" value="360" />
	<integrator type="path" name="temp0">
		<integer name="max_depth" value="12" />
	</integrator>
	<sensor type="perspective" name="temp13">
		<string name="fov_axis" value="x" />
		<float name="fov" value="39.597755" />
		<float name="principal_point_offset_x" value="0.000000" />
		<float name="principal_point_offset_y" value="-0.000000" />
		<float name="near_clip" value="0.100000" />
		<float name="far_clip" value="1000.000000" />
		<transform name="to_world">
			<rotate x="1" angle="-161.7970864180088" />
			<rotate y="1" angle="4.758288525198082e-06" />
			<rotate z="1" angle="-180.00000500895632" />
			<translate value="-0.000000 2.422186 4.773822" />
		</transform>
		<sampler type="correlated" name="sampler">
			<integer name="sample_count" value="1024" />
		</sampler>
		<film type="hdrfilm" name="film">
			<integer name="width" value="$resx" />
			<integer name="height" value="$resy" />
		</film>
		<float name="shutter_open" value="0.0" />
		<float name="shutter_close" value="0.0015" />
	</sensor>
	<bsdf type="twosided" id="mat-ORANGE" name="mat-ORANGE">
		<bsdf type="principled" name="bsdf">
			<rgb value="0.117647 0.137255 0.160784" name="base_color" />
			<float name="spec_tint" value="0.000000" />
			<float name="spec_trans" value="0.000000" />
			<float name="metallic" value="0.000000" />
			<float name="anisotropic" value="0.000000" />
			<float name="roughness" value="0.552786" />
			<float name="sheen" value="0.000000" />
			<float name="sheen_tint" value="0.500000" />
			<float name="clearcoat" value="0.000000" />
			<float name="clearcoat_gloss" value="0.173205" />
			<float name="specular" value="1.000000" />
		</bsdf>
	</bsdf>
	<bsdf type="twosided" id="mat-BLUE" name="mat-BLUE">
		<bsdf type="principled" name="bsdf">
			<rgb value="0.000000 0.043137 0.886275" name="base_color" />
			<float name="spec_tint" value="0.000000" />
			<float name="spec_trans" value="0.000000" />
			<float name="metallic" value="0.000000" />
			<float name="anisotropic" value="0.000000" />
			<float name="roughness" value="0.552786" />
			<float name="sheen" value="0.000000" />
			<float name="sheen_tint" value="0.500000" />
			<float name="clearcoat" value="0.000000" />
			<float name="clearcoat_gloss" value="0.173205" />
			<float name="specular" value="1.000000" />
		</bsdf>
	</bsdf>
	<bsdf type="twosided" id="mat-BLUE.001" name="mat-BLUE.001">
		<bsdf type="principled" name="bsdf">
			<rgb value="0.000000 0.043137 0.886275" name="base_color" />
			<float name="spec_tint" value="0.000000" />
			<float name="spec_trans" value="0.000000" />
			<float name="metallic" value="0.000000" />
			<float name="anisotropic" value="0.000000" />
			<float name="roughness" value="0.552786" />
			<float name="sheen" value="0.000000" />
			<float name="sheen_tint" value="0.500000" />
			<float name="clearcoat" value="0.000000" />
			<float name="clearcoat_gloss" value="0.173205" />
			<float name="specular" value="1.000000" />
		</bsdf>
	</bsdf>
	<bsdf type="twosided" id="mat-YELLOW" name="mat-YELLOW">
		<bsdf type="principled" name="bsdf">
			<rgb value="1.000000 0.564706 0.000000" name="base_color" />
			<float name="spec_tint" value="0.000000" />
			<float name="spec_trans" value="0.000000" />
			<float name="metallic" value="0.000000" />
			<float name="anisotropic" value="0.000000" />
			<float name="roughness" value="0.552786" />
			<float name="sheen" value="0.000000" />
			<float name="sheen_tint" value="0.500000" />
			<float name="clearcoat" value="0.000000" />
			<float name="clearcoat_gloss" value="0.173205" />
			<float name="specular" value="1.000000" />
		</bsdf>
	</bsdf>
	<bsdf type="twosided" id="mat-Material #1431663016" name="mat-Material #1431663016">
		<bsdf type="diffuse" name="bsdf">
			<texture type="bitmap" name="reflectance">
				<string name="filename" value="textures/fabric.jpg.001.jpg" />
			</texture>
		</bsdf>
	</bsdf>
	<bsdf type="twosided" id="mat-Material #1431663040" name="mat-Material #1431663040">
		<bsdf type="diffuse" name="bsdf">
			<rgb value="0.800000 0.800000 0.800000" name="reflectance" />
		</bsdf>
	</bsdf>
	<bsdf type="twosided" id="mat-Material #1431663039" name="mat-Material #1431663039">
		<bsdf type="diffuse" name="bsdf">
			<rgb value="0.081151 0.081151 0.081151" name="reflectance" />
		</bsdf>
	</bsdf>
	<bsdf type="twosided" id="mat-Model001_Material001" name="mat-Model001_Material001">
		<bsdf type="principled" name="bsdf">
			<texture type="bitmap" name="base_color">
				<string name="filename" value="textures/SH_initial_loader.exe_Tue_Dec_13_02-22-53_2005_1.001.png" />
			</texture>
			<float name="spec_tint" value="0.000000" />
			<float name="spec_trans" value="0.000000" />
			<float name="metallic" value="0.000000" />
			<float name="anisotropic" value="0.000000" />
			<float name="roughness" value="1.000000" />
			<float name="sheen" value="0.000000" />
			<float name="sheen_tint" value="0.500000" />
			<float name="clearcoat" value="0.000000" />
			<float name="clearcoat_gloss" value="0.173205" />
			<float name="specular" value="0.001000" />
		</bsdf>
	</bsdf>
	<bsdf type="twosided" id="mat-Material.002" name="mat-Material.002">
		<bsdf type="diffuse" name="bsdf">
			<texture type="bitmap" name="reflectance">
				<string name="filename" value="textures/seamless_tile.jpg" />
			</texture>
		</bsdf>
	</bsdf>
	<bsdf type="twosided" id="mat-Material.004" name="mat-Material.004">
		<bsdf type="diffuse" name="bsdf">
			<rgb value="0.800000 0.800000 0.800000" name="reflectance" />
		</bsdf>
	</bsdf>
	<bsdf type="twosided" id="mat-Material.001" name="mat-Material.001">
		<bsdf type="diffuse" name="bsdf">
			<rgb value="0.800000 0.800000 0.800000" name="reflectance" />
		</bsdf>
	</bsdf>
	<bsdf type="twosided" id="mat-Material.005" name="mat-Material.005">
		<bsdf type="diffuse" name="bsdf">
			<rgb value="0.800000 0.800000 0.800000" name="reflectance" />
		</bsdf>
	</bsdf>
	<bsdf type="twosided" id="mat-Material.003" name="mat-Material.003">
		<bsdf type="diffuse" name="bsdf">
			<rgb value="0.800000 0.800000 0.800000" name="reflectance" />
		</bsdf>
	</bsdf>
	<bsdf type="twosided" id="mat-BLUE.003" name="mat-BLUE.003">
		<bsdf type="principled" name="bsdf">
			<rgb value="0.000000 0.043137 0.886275" name="base_color" />
			<float name="spec_tint" value="0.000000" />
			<float name="spec_trans" value="0.000000" />
			<float name="metallic" value="0.000000" />
			<float name="anisotropic" value="0.000000" />
			<float name="roughness" value="0.552786" />
			<float name="sheen" value="0.000000" />
			<float name="sheen_tint" value="0.500000" />
			<float name="clearcoat" value="0.000000" />
			<float name="clearcoat_gloss" value="0.173205" />
			<float name="specular" value="1.000000" />
		</bsdf>
	</bsdf>
	<shape type="ply" name="temp2">
		<string name="filename" value="meshes/Cylinder01.ply" />
		<ref id="mat-ORANGE" name="bsdf" />
		<animation name="to_world">
			<transform time="0">
				<matrix value="0.1564347235597381 0.0 -0.9876886717422638 0.03268386713757361 0.0 1.0 0.0 0.0 0.9876886717422639 0.0 0.15643472355973803 -0.001028235103504145 0.0 0.0 0.0 1.0" />
				<scale value="1" />
			</transform>
			<transform time="0.0015">
				<matrix value="0.15920720766104776 0.0 -0.9871371946679475 0.03262347116891774 0.0 1.0 0.0 0.0 0.9871371946679476 0.0 0.1592072076610477 -0.0010691620766728374 0.0 0.0 0.0 1.0" />
				<scale value="1" />
			</transform>
		</animation>
	</shape>
	<shape type="ply" name="temp4">
		<string name="filename" value="meshes/Rectangle02.ply" />
		<ref id="mat-BLUE" name="bsdf" />
		<animation name="to_world">
			<transform time="0">
				<matrix value="0.15643501742238844 2.265300226005496e-09 -0.9876879912172739 0.032856105819477635 1.2127053766506678e-07 0.9999999999999796 2.1500877519575594e-08 -2.447157920748566e-09 0.9876879912172539 -1.2314044030878545e-07 0.1564350174223858 -0.0010837415462631693 0.0 0.0 0.0 1.0" />
				<scale value="1" />
			</transform>
			<transform time="0.0015">
				<matrix value="0.15920745717320586 1.9172297620653196e-09 -0.9871365225343346 0.03279820104356395 1.2127053766506678e-07 0.9999999999999796 2.1500877519575594e-08 -2.447157920748566e-09 0.9871365225343146 -1.2313317168526345e-07 0.15920745717320325 -0.0011256945166972874 0.0 0.0 0.0 1.0" />
				<scale value="1" />
			</transform>
		</animation>
	</shape>
	<shape type="ply" name="temp6">
		<string name="filename" value="meshes/Rectangle01.ply" />
		<ref id="mat-BLUE.001" name="bsdf" />
		<animation name="to_world">
			<transform time="0">
				<matrix value="0.1564350174223881 3.1617021076019383e-10 -0.9876879912172741 0.03285617177628229 -1.35024150266447e-09 1.0 1.0626636470080038e-10 2.0887735985297695e-11 0.9876879912172742 1.31704466036845e-09 0.15643501742238825 -0.0010839316940350688 0.0 0.0 0.0 1.0" />
				<scale value="1" />
			</transform>
			<transform time="0.0015">
				<matrix value="0.15920745717320556 3.198289025518375e-10 -0.9871365225343347 0.03279826722629609 -1.35024150266447e-09 1.0 1.0626636470080038e-10 2.0887735985297695e-11 0.9871365225343348 1.3160071391214934e-09 0.1592074571732057 -0.0011258861626145236 0.0 0.0 0.0 1.0" />
				<scale value="1" />
			</transform>
		</animation>
	</shape>
	<shape type="ply" name="temp8">
		<string name="filename" value="meshes/temp_c.ply" />
		<ref id="mat-YELLOW" name="bsdf" />
		<animation name="to_world">
			<transform time="0">
				<matrix value="0.15643501742238808 0.0 -0.987687991217274 0.03289334449859144 0.0 1.0 0.0 0.0 0.9876879912172741 0.0 0.15643501742238802 -0.0011480325133324254 0.0 0.0 0.0 1.0" />
				<scale value="1" />
			</transform>
			<transform time="0.0015">
				<matrix value="0.15920745717320553 0.0 -0.9871365225343346 0.03283591671731473 0.0 1.0 0.0 0.0 0.9871365225343347 0.0 0.15920745717320547 -0.001190981165666946 0.0 0.0 0.0 1.0" />
				<scale value="1" />
			</transform>
		</animation>
	</shape>
	<shape type="ply" name="temp9">
		<string name="filename" value="meshes/temp_b.ply" />
		<ref id="mat-YELLOW" name="bsdf" />
		<animation name="to_world">
			<transform time="0">
				<matrix value="0.15643501742238808 0.0 -0.987687991217274 0.03289333598275415 0.0 1.0 0.0 0.0 0.9876879912172741 0.0 0.15643501742238802 -0.0011477553199888482 0.0 0.0 0.0 1.0" />
				<scale value="1" />
			</transform>
			<transform time="0.0015">
				<matrix value="0.15920745717320553 0.0 -0.9871365225343346 0.03283590822217364 0.0 1.0 0.0 0.0 0.9871365225343347 0.0 0.15920745717320547 -0.0011907003512612636 0.0 0.0 0.0 1.0" />
				<scale value="1" />
			</transform>
		</animation>
	</shape>
	<shape type="ply" name="temp10">
		<string name="filename" value="meshes/temp_d.ply" />
		<ref id="mat-YELLOW" name="bsdf" />
		<animation name="to_world">
			<transform time="0">
				<matrix value="0.15643501742238808 0.0 -0.987687991217274 0.032892864080637185 0.0 1.0 0.0 1.1102230246251565e-16 0.9876879912172741 0.0 0.15643501742238802 -0.0011478290261150784 0.0 0.0 0.0 1.0" />
				<scale value="1" />
			</transform>
			<transform time="0.0015">
				<matrix value="0.15920745717320553 0.0 -0.9871365225343346 0.03283542923979439 0.0 1.0 0.0 1.1102230246251565e-16 0.9871365225343347 0.0 0.15920745717320547 -0.001190774583761901 0.0 0.0 0.0 1.0" />
				<scale value="1" />
			</transform>
		</animation>
	</shape>
	<shape type="ply" name="temp11">
		<string name="filename" value="meshes/Line02.ply" />
		<ref id="mat-BLUE" name="bsdf" />
		<animation name="to_world">
			<transform time="0">
				<matrix value="0.15643501742238844 2.265300226005496e-09 -0.9876879912172739 0.032954704025232755 1.2127053766506678e-07 0.9999999999999796 2.1500877519575594e-08 -2.428126366638139e-09 0.9876879912172539 -1.2314044030878545e-07 0.1564350174223858 -0.0010993253214163917 0.0 0.0 0.0 1.0" />
				<scale value="1" />
			</transform>
			<transform time="0.0015">
				<matrix value="0.15920745717320586 1.9172297620653196e-09 -0.9871365225343346 0.032898243232774765 1.2127053766506678e-07 0.9999999999999796 2.1500877519575594e-08 -2.428126366638139e-09 0.9871365225343146 -1.2313317168526345e-07 0.15920745717320325 -0.0011416245500229182 0.0 0.0 0.0 1.0" />
				<scale value="1" />
			</transform>
		</animation>
	</shape>
	<shape type="ply" name="temp12">
		<string name="filename" value="meshes/Line01.ply" />
		<ref id="mat-BLUE" name="bsdf" />
		<animation name="to_world">
			<transform time="0">
				<matrix value="0.1564350174223881 3.1617021076019383e-10 -0.9876879912172741 0.032954663924761415 -1.35024150266447e-09 1.0 1.0626636470080038e-10 2.0343504658626443e-11 0.9876879912172742 1.31704466036845e-09 0.15643501742238825 -0.0010993909296579778 0.0 0.0 0.0 1.0" />
				<scale value="1" />
			</transform>
			<transform time="0.0015">
				<matrix value="0.15920745717320556 3.198289025518375e-10 -0.9871365225343347 0.03289820265964498 -1.35024150266447e-09 1.0 1.0626636470080038e-10 2.0343504658626443e-11 0.9871365225343348 1.3160071391214934e-09 0.1592074571732057 -0.001141690101996479 0.0 0.0 0.0 1.0" />
				<scale value="1" />
			</transform>
		</animation>
	</shape>
	<shape type="ply" name="temp17">
		<string name="filename" value="meshes/default-Material #1431663016.ply" />
		<ref id="mat-Material #1431663016" name="bsdf" />
		<animation name="to_world">
			<transform time="0">
				<matrix value="0.15643537175112585 -8.4142957276692e-16 -0.9876882027251828 -1.0056049576892009e-07 -4.338733283660976e-24 1.0 -2.0529216064881455e-25 0.0 0.9876882027251829 7.152454264685827e-14 0.15643537175112582 1.1774132295867059e-07 0.0 0.0 0.0 1.0" />
				<scale value="1" />
			</transform>
			<transform time="0.0015">
				<matrix value="0.15920780615791577 -8.315789378741601e-16 -0.9871367284800084 -1.0022999663572107e-07 -4.338733283660976e-24 1.0 -2.0529216064881455e-25 0.0 0.9871367284800084 6.736677337611064e-14 0.15920780615791574 1.1767558226537735e-07 0.0 0.0 0.0 1.0" />
				<scale value="1" />
			</transform>
		</animation>
	</shape>
	<shape type="ply" name="temp18">
		<string name="filename" value="meshes/default-Material #1431663040.ply" />
		<ref id="mat-Material #1431663040" name="bsdf" />
		<animation name="to_world">
			<transform time="0">
				<matrix value="0.15643537175112585 -8.4142957276692e-16 -0.9876882027251828 -1.0056049576892009e-07 -4.338733283660976e-24 1.0 -2.0529216064881455e-25 0.0 0.9876882027251829 7.152454264685827e-14 0.15643537175112582 1.1774132295867059e-07 0.0 0.0 0.0 1.0" />
				<scale value="1" />
			</transform>
			<transform time="0.0015">
				<matrix value="0.15920780615791577 -8.315789378741601e-16 -0.9871367284800084 -1.0022999663572107e-07 -4.338733283660976e-24 1.0 -2.0529216064881455e-25 0.0 0.9871367284800084 6.736677337611064e-14 0.15920780615791574 1.1767558226537735e-07 0.0 0.0 0.0 1.0" />
				<scale value="1" />
			</transform>
		</animation>
	</shape>
	<shape type="ply" name="temp19">
		<string name="filename" value="meshes/default-Material #1431663039.ply" />
		<ref id="mat-Material #1431663039" name="bsdf" />
		<animation name="to_world">
			<transform time="0">
				<matrix value="0.15643537175112585 -8.4142957276692e-16 -0.9876882027251828 -1.0056049576892009e-07 -4.338733283660976e-24 1.0 -2.0529216064881455e-25 0.0 0.9876882027251829 7.152454264685827e-14 0.15643537175112582 1.1774132295867059e-07 0.0 0.0 0.0 1.0" />
				<scale value="1" />
			</transform>
			<transform time="0.0015">
				<matrix value="0.15920780615791577 -8.315789378741601e-16 -0.9871367284800084 -1.0022999663572107e-07 -4.338733283660976e-24 1.0 -2.0529216064881455e-25 0.0 0.9871367284800084 6.736677337611064e-14 0.15920780615791574 1.1767558226537735e-07 0.0 0.0 0.0 1.0" />
				<scale value="1" />
			</transform>
		</animation>
	</shape>
	<shape type="ply" name="temp21">
		<string name="filename" value="meshes/Teddy.ply" />
		<boolean name="face_normals" value="true" />
		<ref id="mat-Model001_Material001" name="bsdf" />
		<animation name="to_world">
			<transform time="0">
				<matrix value="0.15643506719494082 -3.4645146983710055e-08 -0.9876880857765775 5.0280350393872435e-08 -2.79545497385394e-09 0.9999999999999988 -3.5519637080688236e-08 1.666219755345728e-16 0.987688085776577 8.317229375547978e-09 0.15643506719493486 -5.887075327747855e-08 0.0 0.0 0.0 1.0" />
				<scale value="1" />
			</transform>
			<transform time="0.0015">
				<matrix value="0.15920750746413018 -3.4617808821157425e-08 -0.9871366104699475 5.0115100200603516e-08 -2.79545497385394e-09 0.9999999999999988 -3.5519637080688236e-08 1.666219755345728e-16 0.9871366104699468 8.414149669381077e-09 0.1592075074641242 -5.8837882812416996e-08 0.0 0.0 0.0 1.0" />
				<scale value="1" />
			</transform>
		</animation>
	</shape>
	<shape type="ply" name="temp23">
		<string name="filename" value="meshes/Plane.ply" />
		<boolean name="face_normals" value="true" />
		<ref id="mat-Material.002" name="bsdf" />
		<transform name="to_world">
			<scale value="1" />
		</transform>
	</shape>
	<shape type="ply" name="temp25">
		<string name="filename" value="meshes/Plane_002.ply" />
		<boolean name="face_normals" value="true" />
		<ref id="mat-Material.004" name="bsdf" />
		<transform name="to_world">
			<scale value="1" />
		</transform>
	</shape>
	<shape type="ply" name="temp27">
		<string name="filename" value="meshes/Plane_003.ply" />
		<boolean name="face_normals" value="true" />
		<ref id="mat-Material.001" name="bsdf" />
		<transform name="to_world">
			<scale value="1" />
		</transform>
	</shape>
	<shape type="ply" name="temp29">
		<string name="filename" value="meshes/Plane_001.ply" />
		<boolean name="face_normals" value="true" />
		<ref id="mat-Material.005" name="bsdf" />
		<transform name="to_world">
			<scale value="1" />
		</transform>
	</shape>
	<shape type="ply" name="temp31">
		<string name="filename" value="meshes/Plane_004.ply" />
		<boolean name="face_normals" value="true" />
		<ref id="mat-Material.003" name="bsdf" />
		<transform name="to_world">
			<scale value="1" />
		</transform>
	</shape>
	<shape type="ply" name="temp33">
		<string name="filename" value="meshes/temp_a.ply" />
		<ref id="mat-BLUE.003" name="bsdf" />
		<animation name="to_world">
			<transform time="0">
				<matrix value="0.15643501742238808 0.0 -0.987687991217274 0.03287594428755136 0.0 1.0 0.0 0.0 0.9876879912172741 0.0 0.15643501742238802 -0.0011692693077819463 0.0 0.0 0.0 1.0" />
				<scale value="1" />
			</transform>
			<transform time="0.0015">
				<matrix value="0.15920745717320553 0.0 -0.9871365225343346 0.03281823336941995 0.0 1.0 0.0 0.0 0.9871365225343347 0.0 0.15920745717320547 -0.0012125128981973377 0.0 0.0 0.0 1.0" />
				<scale value="1" />
			</transform>
		</animation>
	</shape>
	<emitter type="point">
		<transform name="to_world">
			<rotate x="1" angle="-161.7970864180088" />
			<rotate y="1" angle="4.758288525198082e-06" />
			<rotate z="1" angle="-180.00000500895632" />
			<translate value="-0.000000 2.422186 4.773822" />
		</transform>
		<rgb name="intensity" value="100" />
	</emitter>
</scene>