<scene version="2.1.0">
	<default name="spp" value="1024" />
	<default name="resx" value="640" />
	<default name="resy" value="360" />
	<integrator type="path" name="temp0">
		<integer name="max_depth" value="12" />
	</integrator>
	<sensor type="perspective" name="temp13">
		<string name="fov_axis" value="x" />
		<float name="fov" value="39.597755" />
		<float name="principal_point_offset_x" value="0.000000" />
		<float name="principal_point_offset_y" value="-0.000000" />
		<float name="near_clip" value="0.100000" />
		<float name="far_clip" value="1000.000000" />
		<transform name="to_world">
			<rotate x="1" angle="-161.7970864180088" />
			<rotate y="1" angle="4.758288525198082e-06" />
			<rotate z="1" angle="-180.00000500895632" />
			<translate value="-0.000000 2.422186 4.773822" />
		</transform>
		<sampler type="independent" name="sampler">
			<integer name="sample_count" value="1024" />
		</sampler>
		<film type="hdrfilm" name="film">
			<integer name="width" value="$resx" />
			<integer name="height" value="$resy" />
		</film>
		<float name="shutter_open" value="0.0" />
		<float name="shutter_close" value="0.0015" />
	</sensor>
	<bsdf type="twosided" id="mat-ORANGE" name="mat-ORANGE">
		<bsdf type="principled" name="bsdf">
			<rgb value="0.117647 0.137255 0.160784" name="base_color" />
			<float name="spec_tint" value="0.000000" />
			<float name="spec_trans" value="0.000000" />
			<float name="metallic" value="0.000000" />
			<float name="anisotropic" value="0.000000" />
			<float name="roughness" value="0.552786" />
			<float name="sheen" value="0.000000" />
			<float name="sheen_tint" value="0.500000" />
			<float name="clearcoat" value="0.000000" />
			<float name="clearcoat_gloss" value="0.173205" />
			<float name="specular" value="1.000000" />
		</bsdf>
	</bsdf>
	<bsdf type="twosided" id="mat-BLUE" name="mat-BLUE">
		<bsdf type="principled" name="bsdf">
			<rgb value="0.000000 0.043137 0.886275" name="base_color" />
			<float name="spec_tint" value="0.000000" />
			<float name="spec_trans" value="0.000000" />
			<float name="metallic" value="0.000000" />
			<float name="anisotropic" value="0.000000" />
			<float name="roughness" value="0.552786" />
			<float name="sheen" value="0.000000" />
			<float name="sheen_tint" value="0.500000" />
			<float name="clearcoat" value="0.000000" />
			<float name="clearcoat_gloss" value="0.173205" />
			<float name="specular" value="1.000000" />
		</bsdf>
	</bsdf>
	<bsdf type="twosided" id="mat-BLUE.001" name="mat-BLUE.001">
		<bsdf type="principled" name="bsdf">
			<rgb value="0.000000 0.043137 0.886275" name="base_color" />
			<float name="spec_tint" value="0.000000" />
			<float name="spec_trans" value="0.000000" />
			<float name="metallic" value="0.000000" />
			<float name="anisotropic" value="0.000000" />
			<float name="roughness" value="0.552786" />
			<float name="sheen" value="0.000000" />
			<float name="sheen_tint" value="0.500000" />
			<float name="clearcoat" value="0.000000" />
			<float name="clearcoat_gloss" value="0.173205" />
			<float name="specular" value="1.000000" />
		</bsdf>
	</bsdf>
	<bsdf type="twosided" id="mat-YELLOW" name="mat-YELLOW">
		<bsdf type="principled" name="bsdf">
			<rgb value="1.000000 0.564706 0.000000" name="base_color" />
			<float name="spec_tint" value="0.000000" />
			<float name="spec_trans" value="0.000000" />
			<float name="metallic" value="0.000000" />
			<float name="anisotropic" value="0.000000" />
			<float name="roughness" value="0.552786" />
			<float name="sheen" value="0.000000" />
			<float name="sheen_tint" value="0.500000" />
			<float name="clearcoat" value="0.000000" />
			<float name="clearcoat_gloss" value="0.173205" />
			<float name="specular" value="1.000000" />
		</bsdf>
	</bsdf>
	<bsdf type="twosided" id="mat-Material #1431663016" name="mat-Material #1431663016">
		<bsdf type="diffuse" name="bsdf">
			<texture type="bitmap" name="reflectance">
				<string name="filename" value="textures/fabric.jpg.001.jpg" />
			</texture>
		</bsdf>
	</bsdf>
	<bsdf type="twosided" id="mat-Material #1431663040" name="mat-Material #1431663040">
		<bsdf type="diffuse" name="bsdf">
			<rgb value="0.800000 0.800000 0.800000" name="reflectance" />
		</bsdf>
	</bsdf>
	<bsdf type="twosided" id="mat-Material #1431663039" name="mat-Material #1431663039">
		<bsdf type="diffuse" name="bsdf">
			<rgb value="0.081151 0.081151 0.081151" name="reflectance" />
		</bsdf>
	</bsdf>
	<bsdf type="twosided" id="mat-Model001_Material001" name="mat-Model001_Material001">
		<bsdf type="principled" name="bsdf">
			<texture type="bitmap" name="base_color">
				<string name="filename" value="textures/SH_initial_loader.exe_Tue_Dec_13_02-22-53_2005_1.001.png" />
			</texture>
			<float name="spec_tint" value="0.000000" />
			<float name="spec_trans" value="0.000000" />
			<float name="metallic" value="0.000000" />
			<float name="anisotropic" value="0.000000" />
			<float name="roughness" value="1.000000" />
			<float name="sheen" value="0.000000" />
			<float name="sheen_tint" value="0.500000" />
			<float name="clearcoat" value="0.000000" />
			<float name="clearcoat_gloss" value="0.173205" />
			<float name="specular" value="0.001000" />
		</bsdf>
	</bsdf>
	<bsdf type="twosided" id="mat-Material.002" name="mat-Material.002">
		<bsdf type="diffuse" name="bsdf">
			<texture type="bitmap" name="reflectance">
				<string name="filename" value="textures/seamless_tile.jpg" />
			</texture>
		</bsdf>
	</bsdf>
	<bsdf type="twosided" id="mat-Material.004" name="mat-Material.004">
		<bsdf type="diffuse" name="bsdf">
			<rgb value="0.800000 0.800000 0.800000" name="reflectance" />
		</bsdf>
	</bsdf>
	<bsdf type="twosided" id="mat-Material.001" name="mat-Material.001">
		<bsdf type="diffuse" name="bsdf">
			<rgb value="0.800000 0.800000 0.800000" name="reflectance" />
		</bsdf>
	</bsdf>
	<bsdf type="twosided" id="mat-Material.005" name="mat-Material.005">
		<bsdf type="diffuse" name="bsdf">
			<rgb value="0.800000 0.800000 0.800000" name="reflectance" />
		</bsdf>
	</bsdf>
	<bsdf type="twosided" id="mat-Material.003" name="mat-Material.003">
		<bsdf type="diffuse" name="bsdf">
			<rgb value="0.800000 0.800000 0.800000" name="reflectance" />
		</bsdf>
	</bsdf>
	<bsdf type="twosided" id="mat-BLUE.003" name="mat-BLUE.003">
		<bsdf type="principled" name="bsdf">
			<rgb value="0.000000 0.043137 0.886275" name="base_color" />
			<float name="spec_tint" value="0.000000" />
			<float name="spec_trans" value="0.000000" />
			<float name="metallic" value="0.000000" />
			<float name="anisotropic" value="0.000000" />
			<float name="roughness" value="0.552786" />
			<float name="sheen" value="0.000000" />
			<float name="sheen_tint" value="0.500000" />
			<float name="clearcoat" value="0.000000" />
			<float name="clearcoat_gloss" value="0.173205" />
			<float name="specular" value="1.000000" />
		</bsdf>
	</bsdf>
	<shape type="ply" name="temp2">
		<string name="filename" value="meshes/Cylinder01.ply" />
		<ref id="mat-ORANGE" name="bsdf" />
		<transform name="to_world">
			<matrix value="0.3090170917502951 0.0 0.9510574304338514 -0.005841390050459531 0.0 1.0 0.0 0.0 -0.9510574304338515 0.0 0.3090170917502952 0.02939446674729975 0.0 0.0 0.0 1.0" />
			<scale value="1" />
		</transform>
	</shape>
	<shape type="ply" name="temp4">
		<string name="filename" value="meshes/Rectangle02.ply" />
		<ref id="mat-BLUE" name="bsdf" />
		<transform name="to_world">
			<matrix value="0.30901665130686146 -5.792298724627354e-08 0.951056131892722 -0.005929676702007419 1.2127053766506678e-07 0.9999999999999796 2.1500877519575594e-08 -2.447157920748566e-09 -0.9510561318927052 1.0869046276298112e-07 0.30901665130687295 0.02918380073736804 0.0 0.0 0.0 1.0" />
			<scale value="1" />
		</transform>
	</shape>
	<shape type="ply" name="temp6">
		<string name="filename" value="meshes/Rectangle01.ply" />
		<ref id="mat-BLUE.001" name="bsdf" />
		<transform name="to_world">
			<matrix value="0.309016651306871 3.1619002860568983e-10 0.9510561318927232 -0.005929847904370209 -1.3501699360759015e-09 1.0 1.0717570396691033e-10 2.086986139460123e-11 -0.9510561318927232 -1.3168656278243123e-09 0.30901665130687084 0.029183835416848783 0.0 0.0 0.0 1.0" />
			<scale value="1" />
		</transform>
	</shape>
	<shape type="ply" name="temp8">
		<string name="filename" value="meshes/temp_c.ply" />
		<ref id="mat-YELLOW" name="bsdf" />
		<transform name="to_world">
			<matrix value="0.309016651306871 0.0 0.951056131892723 -0.006014390781198638 0.0 1.0 0.0 0.0 -0.9510561318927231 0.0 0.30901665130687095 0.02914396961798085 0.0 0.0 0.0 1.0" />
			<scale value="1" />
		</transform>
	</shape>
	<shape type="ply" name="temp9">
		<string name="filename" value="meshes/temp_b.ply" />
		<ref id="mat-YELLOW" name="bsdf" />
		<transform name="to_world">
			<matrix value="0.309016651306871 0.0 0.951056131892723 -0.006014058314939081 0.0 1.0 0.0 0.0 -0.9510561318927231 0.0 0.30901665130687095 0.029143960100172346 0.0 0.0 0.0 1.0" />
			<scale value="1" />
		</transform>
	</shape>
	<shape type="ply" name="temp10">
		<string name="filename" value="meshes/temp_d.ply" />
		<ref id="mat-YELLOW" name="bsdf" />
		<transform name="to_world">
			<matrix value="0.309016651306871 0.0 0.951056131892723 -0.0060140977049795395 0.0 1.0 0.0 1.1102230246251565e-16 -0.9510561318927231 0.0 0.30901665130687095 0.0291445513701402 0.0 0.0 0.0 1.0" />
			<scale value="1" />
		</transform>
	</shape>
	<shape type="ply" name="temp11">
		<string name="filename" value="meshes/Line02.ply" />
		<ref id="mat-BLUE" name="bsdf" />
		<transform name="to_world">
			<matrix value="0.30901665130686146 -5.792298724627354e-08 0.951056131892722 -0.005959816562714854 1.2127053766506678e-07 0.9999999999999796 2.1500877519575594e-08 -2.428126366638139e-09 -0.9510561318927052 1.0869046276298112e-07 0.30901665130687295 0.02906156977342155 0.0 0.0 0.0 1.0" />
			<scale value="1" />
		</transform>
	</shape>
	<shape type="ply" name="temp12">
		<string name="filename" value="meshes/Line01.ply" />
		<ref id="mat-BLUE" name="bsdf" />
		<transform name="to_world">
			<matrix value="0.309016651306871 3.1619002860568983e-10 0.9510561318927232 -0.005959825316323317 -1.3501699360759015e-09 1.0 1.0717570396691033e-10 2.0324741889510278e-11 -0.9510561318927232 -1.3168656278243123e-09 0.30901665130687084 0.029061690962514 0.0 0.0 0.0 1.0" />
			<scale value="1" />
		</transform>
	</shape>
	<shape type="ply" name="temp17">
		<string name="filename" value="meshes/default-Material #1431663016.ply" />
		<ref id="mat-Material #1431663016" name="bsdf" />
		<transform name="to_world">
			<matrix value="0.3090167806107912 6.494214623778448e-14 0.9510566017812382 -8.237141860016432e-08 -4.338733283660976e-24 1.0 -2.0529216064881455e-25 0.0 -0.9510566017812384 -3.1373615965204016e-14 0.30901678061079113 -1.1337450644174151e-07 0.0 0.0 0.0 1.0" />
			<scale value="1" />
		</transform>
	</shape>
	<shape type="ply" name="temp18">
		<string name="filename" value="meshes/default-Material #1431663040.ply" />
		<ref id="mat-Material #1431663040" name="bsdf" />
		<transform name="to_world">
			<matrix value="0.3090167806107912 6.494214623778448e-14 0.9510566017812382 -8.237141860016432e-08 -4.338733283660976e-24 1.0 -2.0529216064881455e-25 0.0 -0.9510566017812384 -3.1373615965204016e-14 0.30901678061079113 -1.1337450644174151e-07 0.0 0.0 0.0 1.0" />
			<scale value="1" />
		</transform>
	</shape>
	<shape type="ply" name="temp19">
		<string name="filename" value="meshes/default-Material #1431663039.ply" />
		<ref id="mat-Material #1431663039" name="bsdf" />
		<transform name="to_world">
			<matrix value="0.3090167806107912 6.494214623778448e-14 0.9510566017812382 -8.237141860016432e-08 -4.338733283660976e-24 1.0 -2.0529216064881455e-25 0.0 -0.9510566017812384 -3.1373615965204016e-14 0.30901678061079113 -1.1337450644174151e-07 0.0 0.0 0.0 1.0" />
			<scale value="1" />
		</transform>
	</shape>
	<shape type="ply" name="temp21">
		<string name="filename" value="meshes/Teddy.ply" />
		<boolean name="face_normals" value="true" />
		<ref id="mat-Model001_Material001" name="bsdf" />
		<transform name="to_world">
			<matrix value="0.3090169048551876 3.4644956012674924e-08 0.9510562354172404 4.1185770992868484e-08 -2.79545497385394e-09 0.9999999999999988 -3.5519637080688236e-08 1.666219755345728e-16 -0.9510562354172426 8.317878715353359e-09 0.3090169048551931 5.6687326489550575e-08 0.0 0.0 0.0 1.0" />
			<scale value="1" />
		</transform>
	</shape>
	<shape type="ply" name="temp23">
		<string name="filename" value="meshes/Plane.ply" />
		<boolean name="face_normals" value="true" />
		<ref id="mat-Material.002" name="bsdf" />
		<transform name="to_world">
			<scale value="1" />
		</transform>
	</shape>
	<shape type="ply" name="temp25">
		<string name="filename" value="meshes/Plane_002.ply" />
		<boolean name="face_normals" value="true" />
		<ref id="mat-Material.004" name="bsdf" />
		<transform name="to_world">
			<scale value="1" />
		</transform>
	</shape>
	<shape type="ply" name="temp27">
		<string name="filename" value="meshes/Plane_003.ply" />
		<boolean name="face_normals" value="true" />
		<ref id="mat-Material.001" name="bsdf" />
		<transform name="to_world">
			<scale value="1" />
		</transform>
	</shape>
	<shape type="ply" name="temp29">
		<string name="filename" value="meshes/Plane_001.ply" />
		<boolean name="face_normals" value="true" />
		<ref id="mat-Material.005" name="bsdf" />
		<transform name="to_world">
			<scale value="1" />
		</transform>
	</shape>
	<shape type="ply" name="temp31">
		<string name="filename" value="meshes/Plane_004.ply" />
		<boolean name="face_normals" value="true" />
		<ref id="mat-Material.003" name="bsdf" />
		<transform name="to_world">
			<scale value="1" />
		</transform>
	</shape>
	<shape type="ply" name="temp33">
		<string name="filename" value="meshes/temp_a.ply" />
		<ref id="mat-BLUE.003" name="bsdf" />
		<transform name="to_world">
			<matrix value="0.309016651306871 0.0 0.951056131892723 -0.006039229171377461 0.0 1.0 0.0 0.0 -0.9510561318927231 0.0 0.30901665130687095 0.029168123230796462 0.0 0.0 0.0 1.0" />
			<scale value="1" />
		</transform>
	</shape>
	<emitter type="point">
		<transform name="to_world">
			<rotate x="1" angle="-161.7970864180088" />
			<rotate y="1" angle="4.758288525198082e-06" />
			<rotate z="1" angle="-180.00000500895632" />
			<translate value="-0.000000 2.422186 4.773822" />
		</transform>
		<rgb name="intensity" value="100" />
	</emitter>
</scene>