
<scene version="2.1.0">
    <default name="spp" value="1024"/>
    <default name="resx" value="1280"/>
    <default name="resy" value="720"/>
    <integrator name="temp0" type="path">
        <integer name="max_depth" value="12"/>
    </integrator>
    <sensor name="temp44" type="perspective">
        <string name="fov_axis" value="x"/>
        <float name="fov" value="83.974423"/>
        <float name="principal_point_offset_x" value="0.000000"/>
        <float name="principal_point_offset_y" value="-0.000000"/>
        <float name="near_clip" value="0.100000"/>
        <float name="far_clip" value="1000.000000"/>
        <sampler name="sampler" type="correlated">
            <integer name="sample_count" value="1024"/>
        </sampler>
        <film name="film" type="hdrfilm">
            <integer name="width" value="$resx"/>
            <integer name="height" value="$resy"/>
        </film>
        <float name="shutter_open" value="0.0"/>
        <float name="shutter_close" value="0.0015"/>
        <animation name="to_world">
            <transform time="0">
                <rotate angle="-142.5518126578256" x="1"/>
                <rotate angle="3.976628485794621e-06" y="1"/>
                <rotate angle="-179.999991348578" z="1"/>
                <translate value="-0.000000 3.030926 4.073377"/>
            </transform>
            <transform time="0.0015">
                <rotate angle="-142.5518126578256" x="1"/>
                <rotate angle="3.976628485794621e-06" y="1"/>
                <rotate angle="-179.999991348578" z="1"/>
                <translate value="-0.000000 3.030926 4.073377"/>
                <translate x="0.15" y="0.0" z="0.0"/>
            </transform>
        </animation>
    </sensor>
    <bsdf id="mat-Material" name="mat-Material" type="twosided">
        <bsdf name="bsdf" type="diffuse">
            <texture name="reflectance" type="bitmap">
                <string name="filename" value="textures/siggraph_2023_logo.jpg"/>
            </texture>
        </bsdf>
    </bsdf>
    <bsdf id="mat-Material.001" name="mat-Material.001" type="twosided">
        <bsdf name="bsdf" type="principled">
            <rgb name="base_color" value="0.433648 0.266232 0.084399"/>
            <float name="spec_tint" value="0.000000"/>
            <float name="spec_trans" value="0.000000"/>
            <float name="metallic" value="0.000000"/>
            <float name="anisotropic" value="0.000000"/>
            <float name="roughness" value="0.500000"/>
            <float name="sheen" value="0.000000"/>
            <float name="sheen_tint" value="0.500000"/>
            <float name="clearcoat" value="0.000000"/>
            <float name="clearcoat_gloss" value="0.173205"/>
            <float name="specular" value="0.500000"/>
        </bsdf>
    </bsdf>
    <bsdf id="mat-Material.002" name="mat-Material.002" type="twosided">
        <bsdf name="bsdf" type="principled">
            <rgb name="base_color" value="0.433648 0.266232 0.084399"/>
            <float name="spec_tint" value="0.000000"/>
            <float name="spec_trans" value="0.000000"/>
            <float name="metallic" value="0.000000"/>
            <float name="anisotropic" value="0.000000"/>
            <float name="roughness" value="0.500000"/>
            <float name="sheen" value="0.000000"/>
            <float name="sheen_tint" value="0.500000"/>
            <float name="clearcoat" value="0.000000"/>
            <float name="clearcoat_gloss" value="0.173205"/>
            <float name="specular" value="0.500000"/>
        </bsdf>
    </bsdf>
    <bsdf id="mat-Material.003" name="mat-Material.003" type="twosided">
        <bsdf name="bsdf" type="principled">
            <rgb name="base_color" value="0.433648 0.266232 0.084399"/>
            <float name="spec_tint" value="0.000000"/>
            <float name="spec_trans" value="0.000000"/>
            <float name="metallic" value="0.000000"/>
            <float name="anisotropic" value="0.000000"/>
            <float name="roughness" value="0.500000"/>
            <float name="sheen" value="0.000000"/>
            <float name="sheen_tint" value="0.500000"/>
            <float name="clearcoat" value="0.000000"/>
            <float name="clearcoat_gloss" value="0.173205"/>
            <float name="specular" value="0.500000"/>
        </bsdf>
    </bsdf>
    <bsdf id="mat-Material.004" name="mat-Material.004" type="twosided">
        <bsdf name="bsdf" type="principled">
            <rgb name="base_color" value="0.433648 0.266232 0.084399"/>
            <float name="spec_tint" value="0.000000"/>
            <float name="spec_trans" value="0.000000"/>
            <float name="metallic" value="0.000000"/>
            <float name="anisotropic" value="0.000000"/>
            <float name="roughness" value="0.500000"/>
            <float name="sheen" value="0.000000"/>
            <float name="sheen_tint" value="0.500000"/>
            <float name="clearcoat" value="0.000000"/>
            <float name="clearcoat_gloss" value="0.173205"/>
            <float name="specular" value="0.500000"/>
        </bsdf>
    </bsdf>
    <bsdf id="mat-Material.005" name="mat-Material.005" type="twosided">
        <bsdf name="bsdf" type="principled">
            <rgb name="base_color" value="0.433648 0.266232 0.084399"/>
            <float name="spec_tint" value="0.000000"/>
            <float name="spec_trans" value="0.000000"/>
            <float name="metallic" value="0.000000"/>
            <float name="anisotropic" value="0.000000"/>
            <float name="roughness" value="0.500000"/>
            <float name="sheen" value="0.000000"/>
            <float name="sheen_tint" value="0.500000"/>
            <float name="clearcoat" value="0.000000"/>
            <float name="clearcoat_gloss" value="0.173205"/>
            <float name="specular" value="0.500000"/>
        </bsdf>
    </bsdf>
    <emitter name="temp45" type="point">
        <point name="position" x="-6.815235034541981e-16" y="3.0693089962005615" z="4.109199523925781"/>
        <rgb name="intensity" value="7.957747 7.957747 7.957747"/>
    </emitter>
    <shape name="temp2" type="ply">
        <string name="filename" value="meshes/Cube.ply"/>
        <boolean name="face_normals" value="true"/>
        <ref id="mat-Material" name="bsdf"/>
        <animation name="to_world">
            <transform time="0">
                <matrix value="0.9999986702764229 0.00024198985029921387 0.0016068996232331222 -0.002573560657007201 -0.00024012635919911634 0.9999989570796561 -0.001153444918233219 -0.015718178445686376 -0.001607172617622915 0.0011530569038198002 0.9999978724420253 0.003682963946526896 0.0 0.0 0.0 1.0"/>
            </transform>
            <transform time="0.0015">
                <matrix value="0.9999986702764229 0.00024153997732509453 0.001607778914461596 -0.002574434375931241 -0.000239581365930612 0.99999888198819 -0.0012120065480656426 -0.015641705647023805 -0.001608065408317206 0.0012116190863119113 0.9999978043590807 0.0036852427198050125 0.0 0.0 0.0 1.0"/>
            </transform>
        </animation>
    </shape>
    <shape name="temp4" type="ply">
        <string name="filename" value="meshes/Plane.ply"/>
        <boolean name="face_normals" value="true"/>
        <ref id="mat-Material.001" name="bsdf"/>
    </shape>
    <shape name="temp5" type="ply">
        <string name="filename" value="meshes/Cube_001.ply"/>
        <boolean name="face_normals" value="true"/>
        <ref id="mat-Material" name="bsdf"/>
        <animation name="to_world">
            <transform time="0">
                <matrix value="0.9999982270352306 -9.520319217058839e-05 -0.0019471812457182896 0.0025243527624936313 9.955802204504393e-05 0.999996454070831 0.002239935587000337 -0.020139983420091934 0.0019468837484730341 -0.0022401271945651337 0.9999946811050631 -0.00441464647317491 0.0 0.0 0.0 1.0"/>
            </transform>
            <transform time="0.0015">
                <matrix value="0.9999982270352306 -9.121747230831151e-05 -0.0019475071928151781 0.0025242301772519732 9.537569736359306e-05 0.9999966793452297 0.002138578465005311 -0.020033706069175757 0.0019472287374776914 -0.00213876205032194 0.9999949108850007 -0.004423282726688011 0.0 0.0 0.0 1.0"/>
            </transform>
        </animation>
    </shape>
    <shape name="temp6" type="ply">
        <string name="filename" value="meshes/Cube_002.ply"/>
        <boolean name="face_normals" value="true"/>
        <ref id="mat-Material" name="bsdf"/>
        <animation name="to_world">
            <transform time="0">
                <matrix value="1.0 -5.17611795846257e-06 0.00025286144727840415 -0.0008995133230897956 5.570677467568043e-06 0.9999967669469342 -0.0016020346073308085 -0.016684220200713 -0.00025277247365817595 0.0016020414122810127 0.9999969268607032 0.000984745603120063 0.0 0.0 0.0 1.0"/>
            </transform>
            <transform time="0.0015">
                <matrix value="1.0 -2.2320293698455567e-06 0.0002532434777008411 -0.0009000915238714697 2.591550608520945e-06 0.9999969997304794 -0.0014609944900855854 -0.016774867054705662 -0.0002531599719462933 0.0014610001900315706 0.9999971481302727 0.0009952257933786733 0.0 0.0 0.0 1.0"/>
            </transform>
        </animation>
    </shape>
    <shape name="temp7" type="ply">
        <string name="filename" value="meshes/Cube_003.ply"/>
        <boolean name="face_normals" value="true"/>
        <ref id="mat-Material" name="bsdf"/>
        <animation name="to_world">
            <transform time="0">
                <matrix value="0.9999988918970191 -0.0002881042419742065 0.0015850425109722893 -0.0011136698420883828 0.0002923731931272794 0.9999943682301433 -0.0026791592931023154 -0.017541162513560304 -0.0015838958064064309 0.0026796159132957743 0.9999933809307452 0.004685994489167233 0.0 0.0 0.0 1.0"/>
            </transform>
            <transform time="0.0015">
                <matrix value="0.9999988759400809 -0.0003018345964260446 0.0015859270786289636 -0.0011141500142797238 0.0003063260835330767 0.9999939927728122 -0.002818130454767261 -0.017525725321604766 -0.001584702908342396 0.002818608790529689 0.9999930064745504 0.004686494291897097 0.0 0.0 0.0 1.0"/>
            </transform>
        </animation>
    </shape>
    <shape name="temp8" type="ply">
        <string name="filename" value="meshes/Cube_004.ply"/>
        <boolean name="face_normals" value="true"/>
        <ref id="mat-Material" name="bsdf"/>
        <animation name="to_world">
            <transform time="0">
                <matrix value="0.9999991135176153 -0.0003239560888818434 0.0013051268000913432 -0.00042204997807093747 0.0003260300482069121 0.9999987484955875 -0.0015886818170858033 -0.018650892404066144 -0.0013046095311040075 0.0015891050283361459 0.9999978724420252 0.004049581633917082 0.0 0.0 0.0 1.0"/>
            </transform>
            <transform time="0.0015">
                <matrix value="0.9999991135176153 -0.0003218886706338959 0.0013054081528595714 -0.0004230591534178839 0.0003239643587245393 0.9999987484955875 -0.0015896983805511653 -0.01864580149618146 -0.0013048938837433687 0.0015901189884045038 0.9999978724420251 0.0040539075162621206 0.0 0.0 0.0 1.0"/>
            </transform>
        </animation>
    </shape>
    <shape name="temp9" type="ply">
        <string name="filename" value="meshes/Cube_005.ply"/>
        <boolean name="face_normals" value="true"/>
        <ref id="mat-Material" name="bsdf"/>
        <animation name="to_world">
            <transform time="0">
                <matrix value="0.9999995567588077 -0.000535210033728044 0.0008275077644046313 -0.0007403544432593723 0.0005384068493174971 0.9999913437611463 -0.0038694487875519895 -0.02035858651725833 -0.000825166614364206 0.003869892558346179 0.9999912533727704 0.001953648205848396 0.0 0.0 0.0 1.0"/>
            </transform>
            <transform time="0.0015">
                <matrix value="0.9999995567588076 -0.0005216351486478662 0.0008274617233133998 -0.0007416002010150649 0.0005247491143982468 0.9999917417459172 -0.0037691872903416494 -0.020292354808426706 -0.0008252270911601195 0.0037696190938388803 0.9999916448497013 0.001960750446019559 0.0 0.0 0.0 1.0"/>
            </transform>
        </animation>
    </shape>
    <shape name="temp10" type="ply">
        <string name="filename" value="meshes/Cube_006.ply"/>
        <boolean name="face_normals" value="true"/>
        <ref id="mat-Material" name="bsdf"/>
        <animation name="to_world">
            <transform time="0">
                <matrix value="0.9998368872412137 0.0041368384495529004 0.01610710315961271 0.02904571573085657 -0.002882404122497682 0.997483328918304 -0.06489184204442247 -0.05271942620914524 -0.016363864229903886 0.06482763655477522 0.997333460671618 0.07159167813944517 0.0 0.0 0.0 1.0"/>
            </transform>
            <transform time="0.0015">
                <matrix value="0.9998283981500722 0.004242602902436013 0.016606411560205946 0.02953966896787122 -0.0029220993998998832 0.9973503944956561 -0.06693336360220557 -0.053943615058405406 -0.01687508384078531 0.06686619565042536 0.9971925630179341 0.07300188673299628 0.0 0.0 0.0 1.0"/>
            </transform>
        </animation>
    </shape>
    <shape name="temp11" type="ply">
        <string name="filename" value="meshes/Cube_007.ply"/>
        <boolean name="face_normals" value="true"/>
        <ref id="mat-Material" name="bsdf"/>
        <animation name="to_world">
            <transform time="0">
                <matrix value="0.9987354328782132 0.04931081737839028 0.008388500123634757 0.1533981278642247 -0.04758391663874247 0.9879218352060706 -0.14472136318785722 -0.04055071268311519 -0.015563091394560899 0.14413991402164686 0.9890420126509325 0.17682131809985452 0.0 0.0 0.0 1.0"/>
            </transform>
            <transform time="0.0015">
                <matrix value="0.9987192206289657 0.04965775947610428 0.008278955516939137 0.15392266040484634 -0.0479118810264266 0.9876147186183806 -0.1467100353599568 -0.0417387836004921 -0.015600565785299446 0.14612618692936857 0.9887519537761738 0.17679878335367785 0.0 0.0 0.0 1.0"/>
            </transform>
        </animation>
    </shape>
    <shape name="temp12" type="ply">
        <string name="filename" value="meshes/Cube_008.ply"/>
        <boolean name="face_normals" value="true"/>
        <ref id="mat-Material" name="bsdf"/>
        <animation name="to_world">
            <transform time="0">
                <matrix value="0.7872816815507059 0.6086569688980294 -0.014738468753974398 0.6965976046066442 -0.6040710373794163 0.7781478986197993 -0.1407202658407329 1.3152247416600715 -0.07586620410015832 0.11922484945444836 0.9897767293382208 0.31150377409501884 0.0 0.0 0.0 1.0"/>
            </transform>
            <transform time="0.0015">
                <matrix value="0.7829924086821174 0.6141931398090676 -0.015229110195730259 0.7065648072219888 -0.6095125926718857 0.7737095424174462 -0.1419043363276074 1.3274258477238257 -0.0770495722354165 0.11993004167377433 0.9896010838517276 0.3142321309316328 0.0 0.0 0.0 1.0"/>
            </transform>
        </animation>
    </shape>
    <shape name="temp13" type="ply">
        <string name="filename" value="meshes/Cube_009.ply"/>
        <boolean name="face_normals" value="true"/>
        <ref id="mat-Material" name="bsdf"/>
        <animation name="to_world">
            <transform time="0">
                <matrix value="0.28381673217771486 0.9503358203507133 0.035708956688120325 1.6467970983249214 -0.9429814530155471 0.28618349557697487 -0.1187478517574338 1.8914675713427018 -0.1231574242013237 -0.001233927033121065 0.9922274397298285 0.26332708598560783 0.0 0.0 0.0 1.0"/>
            </transform>
            <transform time="0.0015">
                <matrix value="0.27535721243422623 0.9528560626674025 0.03587336508462046 1.6657719967397733 -0.9454311940873783 0.27780996357825705 -0.11947464570055119 1.8959171518595983 -0.1238954373818093 -0.002274711875773724 0.9921345490623992 0.26497064329519493 0.0 0.0 0.0 1.0"/>
            </transform>
        </animation>
    </shape>
    <shape name="temp14" type="ply">
        <string name="filename" value="meshes/Cube_010.ply"/>
        <boolean name="face_normals" value="true"/>
        <ref id="mat-Material" name="bsdf"/>
        <animation name="to_world">
            <transform time="0">
                <matrix value="0.29824862107665057 0.9524121704632444 0.006214301350148291 1.2306389098548447 -0.9510289401039311 0.29814787776139234 -0.05228698298568248 1.6451722461151546 -0.05162330438081865 0.00982958368705715 0.9986099954564817 0.03402324259290468 0.0 0.0 0.0 1.0"/>
            </transform>
            <transform time="0.0015">
                <matrix value="0.29394659861441175 0.9537594765684428 0.00619541429030168 1.2384088458819877 -0.9523847373180713 0.29385277354914563 -0.0521181543040094 1.648660078170633 -0.051500635418131206 0.009563827554052181 0.998618948363686 0.033607069152796126 0.0 0.0 0.0 1.0"/>
            </transform>
        </animation>
    </shape>
    <shape name="temp15" type="ply">
        <string name="filename" value="meshes/Cube_011.ply"/>
        <boolean name="face_normals" value="true"/>
        <ref id="mat-Material" name="bsdf"/>
        <animation name="to_world">
            <transform time="0">
                <matrix value="0.27710413242628457 0.9560905505159327 -0.08979892685975752 0.8514728829086958 -0.8570174832055912 0.2886012978100759 0.42571087621820425 1.9785921963416928 0.4330174353355425 -0.040531618216063894 0.9002311237146594 -0.8428763200775357 0.0 0.0 0.0 1.0"/>
            </transform>
            <transform time="0.0015">
                <matrix value="0.27487397637720956 0.9567244576554621 -0.08993157286056554 0.8542172079280062 -0.8571430643095066 0.28660943659543814 0.42680840732533637 1.981231514866447 0.43419604351612495 -0.039761391530589454 0.8996988767855075 -0.8458135727592384 0.0 0.0 0.0 1.0"/>
            </transform>
        </animation>
    </shape>
    <shape name="temp16" type="ply">
        <string name="filename" value="meshes/Cube_012.ply"/>
        <boolean name="face_normals" value="true"/>
        <ref id="mat-Material" name="bsdf"/>
        <animation name="to_world">
            <transform time="0">
                <matrix value="0.0956862659057102 0.9924281897197256 0.07683455778234703 1.051539988482813 -0.6425346215695348 0.002602490910949203 0.7662288940339019 1.896968234369624 0.7602388715433834 -0.12267480909343106 0.6379146905986995 -2.0345227317367125 0.0 0.0 0.0 1.0"/>
            </transform>
            <transform time="0.0015">
                <matrix value="0.09584029025203092 0.992387249852343 0.07717164495103285 1.0518317756331292 -0.6422447637864821 0.00239524266930627 0.7664726650167553 1.8971020318747347 0.7604644707361607 -0.1230104717020043 0.6375812884193859 -2.0353098598490447 0.0 0.0 0.0 1.0"/>
            </transform>
        </animation>
    </shape>
    <shape name="temp17" type="ply">
        <string name="filename" value="meshes/Cube_013.ply"/>
        <boolean name="face_normals" value="true"/>
        <ref id="mat-Material" name="bsdf"/>
        <animation name="to_world">
            <transform time="0">
                <matrix value="0.8075304905616221 0.48650680088356213 0.3328146031797063 0.5314899946106556 -0.3798930281706372 -0.0026092271334500023 0.9248572526796592 1.5822962809603038 0.4510774971765536 -0.8733219933127948 0.18260294662051602 -1.7209342152091471 0.0 0.0 0.0 1.0"/>
            </transform>
            <transform time="0.0015">
                <matrix value="0.8077906524826179 0.4853968964488158 0.33380578872749844 0.53310434083971 -0.3801158891528132 -0.0038613276971962915 0.9247621748476373 1.5832837711200054 0.45042404619455456 -0.8739365493814795 0.18127793763019098 -1.7219040041622458 0.0 0.0 0.0 1.0"/>
            </transform>
        </animation>
    </shape>
    <shape name="temp18" type="ply">
        <string name="filename" value="meshes/Cube_014.ply"/>
        <boolean name="face_normals" value="true"/>
        <ref id="mat-Material" name="bsdf"/>
        <animation name="to_world">
            <transform time="0">
                <matrix value="0.9555389192361359 0.2659962079416298 0.1268923209813621 0.05499429077414231 -0.19901844237953148 0.26509470759642323 0.9433829637449938 0.9890816825977119 0.21736989098039633 -0.926716594739927 0.3063137410459359 -0.7252810931238773 0.0 0.0 0.0 1.0"/>
            </transform>
            <transform time="0.0015">
                <matrix value="0.9557362108204829 0.26547561382462526 0.12649794797212052 0.05458081077567037 -0.19863939169451617 0.26586302846048504 0.9432470276358917 0.9886395063037186 0.21684966447572773 -0.9266462415452261 0.30689576511789984 -0.7243588610671492 0.0 0.0 0.0 1.0"/>
            </transform>
        </animation>
    </shape>
    <shape name="temp19" type="ply">
        <string name="filename" value="meshes/Cube_015.ply"/>
        <boolean name="face_normals" value="true"/>
        <ref id="mat-Material" name="bsdf"/>
        <animation name="to_world">
            <transform time="0">
                <matrix value="0.9855518884734242 0.11868508603049917 0.12072073626744065 0.04119714692559878 -0.14656135699177522 0.24177271428362845 0.959164952406528 0.6273292331104214 0.08464282294996515 -0.9630037565990786 0.25566734165413374 -0.3000160707732056 0.0 0.0 0.0 1.0"/>
            </transform>
            <transform time="0.0015">
                <matrix value="0.9855704144787159 0.11834896911855533 0.12089994930022663 0.04128827140182527 -0.1466978287060366 0.24232906695684664 0.9590038596494261 0.6273422712357994 0.08419081873902975 -0.9629054994155306 0.2561870783422302 -0.29939093206593703 0.0 0.0 0.0 1.0"/>
            </transform>
        </animation>
    </shape>
    <shape name="temp20" type="ply">
        <string name="filename" value="meshes/Cube_016.ply"/>
        <boolean name="face_normals" value="true"/>
        <ref id="mat-Material" name="bsdf"/>
        <animation name="to_world">
            <transform time="0">
                <matrix value="0.9811844113845614 0.08841737880744145 0.17100223582703616 0.08632379128610002 -0.18768693697287542 0.2435397342221796 0.9514832861409455 0.3360301347068102 0.04253285082097134 -0.9657281774132656 0.2556881444432204 -0.02631818843698977 0.0 0.0 0.0 1.0"/>
            </transform>
            <transform time="0.0015">
                <matrix value="0.9813461189966426 0.08745973508600377 0.17056950063166804 0.08647877821387961 -0.18704656270176062 0.24410842442329758 0.9514640441987505 0.33517426977558196 0.04162810853951106 -0.9656724445270377 0.256049162766905 -0.02534965226418555 0.0 0.0 0.0 1.0"/>
            </transform>
        </animation>
    </shape>
    <shape name="temp21" type="ply">
        <string name="filename" value="meshes/Cube_017.ply"/>
        <boolean name="face_normals" value="true"/>
        <ref id="mat-Material" name="bsdf"/>
        <animation name="to_world">
            <transform time="0">
                <matrix value="0.9456034462889189 0.09874552326442412 0.3097861520560956 0.18155462116206833 -0.32426209206296863 0.21744680584786297 0.9205929173122229 0.15703036177247276 0.023558530885932766 -0.9710077530698361 0.23771623671871933 0.15419230112478033 0.0 0.0 0.0 1.0"/>
            </transform>
            <transform time="0.0015">
                <matrix value="0.9457944029687863 0.09809296115194188 0.3094112873635694 0.18146100501038848 -0.3237508700585464 0.21782688881327816 0.9206832123173925 0.1564550990752596 0.0229304724988871 -0.9709890027307211 0.23785507996955227 0.15456021885715476 0.0 0.0 0.0 1.0"/>
            </transform>
        </animation>
    </shape>
    <shape name="temp22" type="ply">
        <string name="filename" value="meshes/Cube_018.ply"/>
        <boolean name="face_normals" value="true"/>
        <ref id="mat-Material" name="bsdf"/>
        <animation name="to_world">
            <transform time="0">
                <matrix value="0.2000360355089384 0.9773197155747639 0.0694978868621404 0.8680078972293319 -0.3199182618917179 -0.0018912307085809403 0.9474423443608603 -0.15466843598935226 0.926085763624791 -0.2117566324519266 0.3122837869208137 -0.18465009378143044 0.0 0.0 0.0 1.0"/>
            </transform>
            <transform time="0.0015">
                <matrix value="0.20011219797513774 0.977300664869784 0.06954656276332485 0.8679874589265828 -0.32001451573884987 -0.001891511475573134 0.94740984326522 -0.15462760166081627 0.9260360577621867 -0.21184454954057608 0.312371571367404 -0.18461255634977555 0.0 0.0 0.0 1.0"/>
            </transform>
        </animation>
    </shape>
    <shape name="temp23" type="ply">
        <string name="filename" value="meshes/Cube_019.ply"/>
        <boolean name="face_normals" value="true"/>
        <ref id="mat-Material" name="bsdf"/>
        <animation name="to_world">
            <transform time="0">
                <matrix value="-0.05221591785499631 0.987650154456503 -0.14771553462458767 0.4670173044717799 -0.959417722910428 -0.008575712888201026 0.2818051005602097 0.07133886405812048 0.2770581018284586 0.15644038771606703 0.9480169032117143 -0.0461529752917339 0.0 0.0 0.0 1.0"/>
            </transform>
            <transform time="0.0015">
                <matrix value="-0.05227647603129486 0.9876494636150137 -0.1476987615401684 0.46703006057499796 -0.9593063115676659 -0.008576713106531065 0.2821843991544978 0.07098971587709949 0.2774325122358349 0.15644470847903327 0.9479067620282173 -0.04618824302530646 0.0 0.0 0.0 1.0"/>
            </transform>
        </animation>
    </shape>
    <shape name="temp24" type="ply">
        <string name="filename" value="meshes/Cube_020.ply"/>
        <boolean name="face_normals" value="true"/>
        <ref id="mat-Material" name="bsdf"/>
        <animation name="to_world">
            <transform time="0">
                <matrix value="0.06555903914634169 0.9896358233215495 -0.12770177400889038 -0.043523231608124546 -0.9108518334789651 0.00712159181166451 -0.4126170577932795 0.27292969575438114 -0.4074344091791727 0.14337480308225992 0.9018771440708165 0.10640390554172735 0.0 0.0 0.0 1.0"/>
            </transform>
            <transform time="0.0015">
                <matrix value="0.06560525502951138 0.9895973945070582 -0.12797588785800487 -0.04325656865572365 -0.9110518273381969 0.007120330341965914 -0.4121755994708063 0.27249868510807806 -0.40697988122865314 0.14364014655103646 0.9020402963373548 0.10629504920475809 0.0 0.0 0.0 1.0"/>
            </transform>
        </animation>
    </shape>
    <shape name="temp25" type="ply">
        <string name="filename" value="meshes/Cube_021.ply"/>
        <boolean name="face_normals" value="true"/>
        <ref id="mat-Material" name="bsdf"/>
        <animation name="to_world">
            <transform time="0">
                <matrix value="0.27287937900135983 0.914144294287091 -0.29975436161204594 -0.10596548181954188 -0.7105708148723378 -0.018528143205478253 -0.7033339069860021 0.21980884963155595 -0.6485035290863735 0.4049601291552554 0.6445179213664028 0.21100378268458614 0.0 0.0 0.0 1.0"/>
            </transform>
            <transform time="0.0015">
                <matrix value="0.2725693309043574 0.9141813293982304 -0.2999236583639626 -0.10604638784716564 -0.7109777646681644 -0.018641381737268564 -0.7029197839655921 0.2193432842014314 -0.648188092331329 0.40487134100559785 0.6448911010060523 0.21098281124396104 0.0 0.0 0.0 1.0"/>
            </transform>
        </animation>
    </shape>
    <shape name="temp26" type="ply">
        <string name="filename" value="meshes/Cube_022.ply"/>
        <boolean name="face_normals" value="true"/>
        <ref id="mat-Material" name="bsdf"/>
        <animation name="to_world">
            <transform time="0">
                <matrix value="0.6915220813897207 0.3947216758478421 -0.604958699371803 -0.06245552325587583 -0.6524237758121508 -0.018152508327718947 -0.757624340397929 -0.11084264258874339 -0.31003469248812554 0.9186210298629811 0.24497104393596336 0.6606038391135679 0.0 0.0 0.0 1.0"/>
            </transform>
            <transform time="0.0015">
                <matrix value="0.6913431881551595 0.39467418049545844 -0.605194172745793 -0.062447623232346386 -0.6526645819670668 -0.018162297401438217 -0.757416738479352 -0.11117587781811977 -0.30992695921962676 0.9186412369765408 0.2450315866943776 0.6606635518055082 0.0 0.0 0.0 1.0"/>
            </transform>
        </animation>
    </shape>
    <shape name="temp27" type="ply">
        <string name="filename" value="meshes/Cube_023.ply"/>
        <boolean name="face_normals" value="true"/>
        <ref id="mat-Material" name="bsdf"/>
        <animation name="to_world">
            <transform time="0">
                <matrix value="0.8537968927019451 0.3120751403249323 -0.4166960584860959 -0.07804216834403149 -0.4757294420302574 0.14262427960277252 -0.8679483863891133 -0.28170133368761724 -0.21143533465596506 0.9392859750158002 0.27023874982802243 0.15275712842455225 0.0 0.0 0.0 1.0"/>
            </transform>
            <transform time="0.0015">
                <matrix value="0.8537284055230372 0.31221604195214603 -0.41673085738111365 -0.07809212831966 -0.4757688556676998 0.14245915797404443 -0.8679539181283555 -0.2817436338599113 -0.2116232004768962 0.939264228527183 0.27016733932958914 0.1525785735654978 0.0 0.0 0.0 1.0"/>
            </transform>
        </animation>
    </shape>
    <shape name="temp28" type="ply">
        <string name="filename" value="meshes/Cube_024.ply"/>
        <boolean name="face_normals" value="true"/>
        <ref id="mat-Material" name="bsdf"/>
        <animation name="to_world">
            <transform time="0">
                <matrix value="0.8623219721750909 0.4094778515006581 -0.29786828146740985 -0.1842847315133354 -0.39306338614995384 0.1704634842300015 -0.9035712715373876 -0.5239722394868334 -0.31921907107283876 0.8962517442842751 0.30794451423359925 -0.3027771529939526 0.0 0.0 0.0 1.0"/>
            </transform>
            <transform time="0.0015">
                <matrix value="0.862332870763906 0.40954181441158366 -0.29774879589977754 -0.18425926142081916 -0.39299246553796496 0.17055121283907074 -0.9035855689557368 -0.5239155911498048 -0.31927695965337044 0.8962058333618287 0.3080181204069933 -0.3028020149471089 0.0 0.0 0.0 1.0"/>
            </transform>
        </animation>
    </shape>
    <shape name="temp29" type="ply">
        <string name="filename" value="meshes/Cube_025.ply"/>
        <boolean name="face_normals" value="true"/>
        <ref id="mat-Material" name="bsdf"/>
        <animation name="to_world">
            <transform time="0">
                <matrix value="0.8924900758297032 0.3816162345152402 -0.2404794144582221 -0.2815514682928034 -0.32980887883026877 0.188390242020095 -0.9250592524895974 -0.7993444609385542 -0.3077137486326009 0.9049182037574335 0.2939967169416496 -0.7167545728480684 0.0 0.0 0.0 1.0"/>
            </transform>
            <transform time="0.0015">
                <matrix value="0.8925020116195036 0.38157430344050336 -0.24050166907071202 -0.2815253791106005 -0.3297986520285535 0.18833387010548958 -0.9250743754136489 -0.7993454353223779 -0.30769009566305405 0.9049476245938981 0.29393092328613923 -0.7167544042477373 0.0 0.0 0.0 1.0"/>
            </transform>
        </animation>
    </shape>
    <shape name="temp30" type="ply">
        <string name="filename" value="meshes/Cube_026.ply"/>
        <boolean name="face_normals" value="true"/>
        <ref id="mat-Material" name="bsdf"/>
        <animation name="to_world">
            <transform time="0">
                <matrix value="0.9223665267797463 0.24512758044566074 -0.29858444112125143 -0.3153566266593822 -0.35210366702303253 0.21543323954003044 -0.9108297901613209 -1.1455867069543189 -0.15894447428935138 0.9452513750904734 0.2850186586834388 -0.8360395860268477 0.0 0.0 0.0 1.0"/>
            </transform>
            <transform time="0.0015">
                <matrix value="0.9223702447463553 0.24510188414592055 -0.29859408336826904 -0.31536414114968064 -0.35209616087928647 0.2153774991446559 -0.9108458747569637 -1.1455832483499442 -0.15893957870070066 0.9452707411796113 0.28495715425343315 -0.8361117515125902 0.0 0.0 0.0 1.0"/>
            </transform>
        </animation>
    </shape>
    <shape name="temp31" type="ply">
        <string name="filename" value="meshes/Cube_027.ply"/>
        <boolean name="face_normals" value="true"/>
        <ref id="mat-Material" name="bsdf"/>
        <animation name="to_world">
            <transform time="0">
                <matrix value="0.871811987723992 0.1938535698120449 -0.4498496762093158 -0.5543818363032988 -0.4849575020344771 0.21222302642968738 -0.8483968377869426 -1.5851778000230912 -0.0689963423736807 0.9578003141276076 0.27902922839145744 -0.9677000219560494 0.0 0.0 0.0 1.0"/>
            </transform>
            <transform time="0.0015">
                <matrix value="0.8718141259537155 0.1938277939153505 -0.44985663769039297 -0.5544187910784419 -0.4849531777042152 0.21217029720210823 -0.8484124968641822 -1.5851726097117487 -0.0689997539670755 0.9578172097075068 0.27897037068592 -0.9678057100112991 0.0 0.0 0.0 1.0"/>
            </transform>
        </animation>
    </shape>
    <shape name="temp32" type="ply">
        <string name="filename" value="meshes/Cube_028.ply"/>
        <boolean name="face_normals" value="true"/>
        <ref id="mat-Material" name="bsdf"/>
        <animation name="to_world">
            <transform time="0">
                <matrix value="-0.1175288815960938 0.9804600530220704 0.15774386187704512 -1.4725800790283574 -0.8028263717871662 -0.0003216346524885122 -0.5961562828441762 -2.1193021334359745 -0.584456506514759 -0.19671766894788112 0.7871768298535152 -1.307031054924231 0.0 0.0 0.0 1.0"/>
            </transform>
            <transform time="0.0015">
                <matrix value="-0.11745048994562296 0.9804599629123109 0.15780282681322014 -1.4723830057881109 -0.8031787009834119 -0.0003401657170129442 -0.5956818042934493 -2.119129702560511 -0.5839882980330452 -0.19671808570551863 0.7875243592438168 -1.3058441534009577 0.0 0.0 0.0 1.0"/>
            </transform>
        </animation>
    </shape>
    <shape name="temp33" type="ply">
        <string name="filename" value="meshes/Cube_029.ply"/>
        <boolean name="face_normals" value="true"/>
        <ref id="mat-Material" name="bsdf"/>
        <animation name="to_world">
            <transform time="0">
                <matrix value="0.0014525346304343585 0.9808656447437858 0.1946788238481283 -1.6031303617636627 -0.9986066713118344 -0.008773003172563687 0.05163904702423194 -1.820903788881409 0.05235859719481514 -0.19448752980144884 0.979485495018914 -0.09815931811649559 0.0 0.0 0.0 1.0"/>
            </transform>
            <transform time="0.0015">
                <matrix value="0.0015101256140679711 0.9808604258868835 0.19470468770771457 -1.6029791838726877 -0.9985823688949014 -0.008807905610970914 0.052103033993208286 -1.8200533913557484 0.0528204596021926 -0.19451227469231205 0.9794558874484158 -0.0973059279950609 0.0 0.0 0.0 1.0"/>
            </transform>
        </animation>
    </shape>
    <shape name="temp34" type="ply">
        <string name="filename" value="meshes/Cube_030.ply"/>
        <boolean name="face_normals" value="true"/>
        <ref id="mat-Material" name="bsdf"/>
        <animation name="to_world">
            <transform time="0">
                <matrix value="-0.03568425239475552 0.9816853800268289 -0.18713648126534504 -3.195442727238071 -0.9786187528424062 0.0036293337416103753 0.2056486989589114 -1.9454274898142563 0.2025615205216082 0.19047378161777184 0.960566721533186 0.23369830554908588 0.0 0.0 0.0 1.0"/>
            </transform>
            <transform time="0.0015">
                <matrix value="-0.03568091933519622 0.9816802956770928 -0.1871637953682797 -3.1954606751041252 -0.9786274554866996 0.003630177566769899 0.2056072411627434 -1.9454964881153842 0.2025200322756849 0.19049997748277073 0.9605702737294735 0.23360057509589544 0.0 0.0 0.0 1.0"/>
            </transform>
        </animation>
    </shape>
    <shape name="temp35" type="ply">
        <string name="filename" value="meshes/Cube_031.ply"/>
        <boolean name="face_normals" value="true"/>
        <ref id="mat-Material" name="bsdf"/>
        <animation name="to_world">
            <transform time="0">
                <matrix value="0.13377440264384505 0.9813682280574775 0.13791127468617337 -1.9311242004216043 -0.7088217851273078 -0.0025048193349088387 0.7053832181063694 -0.8860898986238226 0.6925860818719671 -0.1921167007006339 0.6952801544701648 0.7102923303616202 0.0 0.0 0.0 1.0"/>
            </transform>
            <transform time="0.0015">
                <matrix value="0.133832361434905 0.981352368739812 0.13796792905741878 -1.9308788308634837 -0.7088186416104753 -0.0025045913572173967 0.7053863754529215 -0.8860766472445796 0.6925781034028493 -0.1921977311509164 0.6952657123755586 0.7102921727379864 0.0 0.0 0.0 1.0"/>
            </transform>
        </animation>
    </shape>
    <shape name="temp36" type="ply">
        <string name="filename" value="meshes/Cube_032.ply"/>
        <boolean name="face_normals" value="true"/>
        <ref id="mat-Material" name="bsdf"/>
        <animation name="to_world">
            <transform time="0">
                <matrix value="0.7794312151723234 0.5969676048082799 0.19003720153316556 -0.6163401473650827 -0.23088808248541293 -0.008268408065528771 0.9729446726184707 0.4431691544229726 0.5823876782494456 -0.8022206902881173 0.13138811101692072 -0.16848633728969653 0.0 0.0 0.0 1.0"/>
            </transform>
            <transform time="0.0015">
                <matrix value="0.7793640683762273 0.5970595768361053 0.19002371004667212 -0.6166050000818186 -0.23093367624503397 -0.008208305907247436 0.972934366562744 0.442965660485372 0.5824594685145683 -0.8021528751849747 0.13148396414347338 -0.16819948285325015 0.0 0.0 0.0 1.0"/>
            </transform>
        </animation>
    </shape>
    <shape name="temp37" type="ply">
        <string name="filename" value="meshes/Cube_033.ply"/>
        <boolean name="face_normals" value="true"/>
        <ref id="mat-Material" name="bsdf"/>
        <animation name="to_world">
            <transform time="0">
                <matrix value="0.9775159256560413 0.16471885996291374 0.1316454982528021 -0.13634863454528223 -0.14986297198538368 0.10350842575345781 0.9832737301906622 0.300821350817418 0.1483373136392407 -0.9808942207612067 0.12586637706662707 -0.3810461926591155 0.0 0.0 0.0 1.0"/>
            </transform>
            <transform time="0.0015">
                <matrix value="0.97751367572775 0.16473602587209146 0.13164073329772252 -0.13636451737416372 -0.14986321931792634 0.10352711601939976 0.983271730254167 0.30081937735317876 0.14835189508940053 -0.9808893623433423 0.12588702662369997 -0.38099528292450796 0.0 0.0 0.0 1.0"/>
            </transform>
        </animation>
    </shape>
    <shape name="temp38" type="ply">
        <string name="filename" value="meshes/Cube_034.ply"/>
        <boolean name="face_normals" value="true"/>
        <ref id="mat-Material" name="bsdf"/>
        <animation name="to_world">
            <transform time="0">
                <matrix value="0.999924870617896 0.001221440147844388 0.012213211094883885 -0.03656278826986914 -0.01223294274919463 0.18063235389207444 0.9834746662216131 0.3695433756593255 -0.0010048455127148169 -0.9835499131247354 0.18063370259859932 -0.3564244581436841 0.0 0.0 0.0 1.0"/>
            </transform>
            <transform time="0.0015">
