
<scene version="2.1.0">
    <default name="spp" value="1024"/>
    <default name="resx" value="640"/>
    <default name="resy" value="360"/>
    <integrator name="temp0" type="path">
        <integer name="max_depth" value="12"/>
    </integrator>
    <sensor name="temp44" type="perspective">
        <string name="fov_axis" value="x"/>
        <float name="fov" value="83.974423"/>
        <float name="principal_point_offset_x" value="0.000000"/>
        <float name="principal_point_offset_y" value="-0.000000"/>
        <float name="near_clip" value="0.100000"/>
        <float name="far_clip" value="1000.000000"/>
        <sampler name="sampler" type="correlated">
            <integer name="sample_count" value="1024"/>
        </sampler>
        <film name="film" type="hdrfilm">
            <integer name="width" value="$resx"/>
            <integer name="height" value="$resy"/>
        </film>
        <float name="shutter_open" value="0.0"/>
        <float name="shutter_close" value="0.0015"/>
        <animation name="to_world">
            <transform time="0">
                <rotate angle="-142.5518126578256" x="1"/>
                <rotate angle="3.976628485794621e-06" y="1"/>
                <rotate angle="-179.999991348578" z="1"/>
                <translate value="-0.000000 3.030926 4.073377"/>
            </transform>
            <transform time="0.0015">
                <rotate angle="-142.5518126578256" x="1"/>
                <rotate angle="3.976628485794621e-06" y="1"/>
                <rotate angle="-179.999991348578" z="1"/>
                <translate value="-0.000000 3.030926 4.073377"/>
                <translate x="0.15" y="0.0" z="0.0"/>
            </transform>
        </animation>
    </sensor>
    <bsdf id="mat-Material" name="mat-Material" type="twosided">
        <bsdf name="bsdf" type="diffuse">
            <texture name="reflectance" type="bitmap">
                <string name="filename" value="textures/siggraph_2023_logo.jpg"/>
            </texture>
        </bsdf>
    </bsdf>
    <bsdf id="mat-Material.001" name="mat-Material.001" type="twosided">
        <bsdf name="bsdf" type="principled">
            <rgb name="base_color" value="0.433648 0.266232 0.084399"/>
            <float name="spec_tint" value="0.000000"/>
            <float name="spec_trans" value="0.000000"/>
            <float name="metallic" value="0.000000"/>
            <float name="anisotropic" value="0.000000"/>
            <float name="roughness" value="0.500000"/>
            <float name="sheen" value="0.000000"/>
            <float name="sheen_tint" value="0.500000"/>
            <float name="clearcoat" value="0.000000"/>
            <float name="clearcoat_gloss" value="0.173205"/>
            <float name="specular" value="0.500000"/>
        </bsdf>
    </bsdf>
    <bsdf id="mat-Material.002" name="mat-Material.002" type="twosided">
        <bsdf name="bsdf" type="principled">
            <rgb name="base_color" value="0.433648 0.266232 0.084399"/>
            <float name="spec_tint" value="0.000000"/>
            <float name="spec_trans" value="0.000000"/>
            <float name="metallic" value="0.000000"/>
            <float name="anisotropic" value="0.000000"/>
            <float name="roughness" value="0.500000"/>
            <float name="sheen" value="0.000000"/>
            <float name="sheen_tint" value="0.500000"/>
            <float name="clearcoat" value="0.000000"/>
            <float name="clearcoat_gloss" value="0.173205"/>
            <float name="specular" value="0.500000"/>
        </bsdf>
    </bsdf>
    <bsdf id="mat-Material.003" name="mat-Material.003" type="twosided">
        <bsdf name="bsdf" type="principled">
            <rgb name="base_color" value="0.433648 0.266232 0.084399"/>
            <float name="spec_tint" value="0.000000"/>
            <float name="spec_trans" value="0.000000"/>
            <float name="metallic" value="0.000000"/>
            <float name="anisotropic" value="0.000000"/>
            <float name="roughness" value="0.500000"/>
            <float name="sheen" value="0.000000"/>
            <float name="sheen_tint" value="0.500000"/>
            <float name="clearcoat" value="0.000000"/>
            <float name="clearcoat_gloss" value="0.173205"/>
            <float name="specular" value="0.500000"/>
        </bsdf>
    </bsdf>
    <bsdf id="mat-Material.004" name="mat-Material.004" type="twosided">
        <bsdf name="bsdf" type="principled">
            <rgb name="base_color" value="0.433648 0.266232 0.084399"/>
            <float name="spec_tint" value="0.000000"/>
            <float name="spec_trans" value="0.000000"/>
            <float name="metallic" value="0.000000"/>
            <float name="anisotropic" value="0.000000"/>
            <float name="roughness" value="0.500000"/>
            <float name="sheen" value="0.000000"/>
            <float name="sheen_tint" value="0.500000"/>
            <float name="clearcoat" value="0.000000"/>
            <float name="clearcoat_gloss" value="0.173205"/>
            <float name="specular" value="0.500000"/>
        </bsdf>
    </bsdf>
    <bsdf id="mat-Material.005" name="mat-Material.005" type="twosided">
        <bsdf name="bsdf" type="principled">
            <rgb name="base_color" value="0.433648 0.266232 0.084399"/>
            <float name="spec_tint" value="0.000000"/>
            <float name="spec_trans" value="0.000000"/>
            <float name="metallic" value="0.000000"/>
            <float name="anisotropic" value="0.000000"/>
            <float name="roughness" value="0.500000"/>
            <float name="sheen" value="0.000000"/>
            <float name="sheen_tint" value="0.500000"/>
            <float name="clearcoat" value="0.000000"/>
            <float name="clearcoat_gloss" value="0.173205"/>
            <float name="specular" value="0.500000"/>
        </bsdf>
    </bsdf>
    <emitter name="temp45" type="point">
        <point name="position" x="-6.815235034541981e-16" y="3.0693089962005615" z="4.109199523925781"/>
        <rgb name="intensity" value="7.957747 7.957747 7.957747"/>
    </emitter>
    <shape name="temp2" type="ply">
        <string name="filename" value="meshes/Cube.ply"/>
        <boolean name="face_normals" value="true"/>
        <ref id="mat-Material" name="bsdf"/>
        <animation name="to_world">
            <transform time="0">
                <matrix value="1.0 0.00010950142150042864 0.0005383880013294874 -0.0013300838105196888 -0.00010879488038693183 0.9999991656637249 -0.0013128167401934945 -0.015820837377738428 -0.0005385336162985105 0.0013127572102297972 0.999999054418678 0.0012431275785569351 0.0 0.0 0.0 1.0"/>
                <scale value="1"/>
            </transform>
            <transform time="0.0015">
                <matrix value="1.0 0.00010999010174429007 0.0005393841399114934 -0.0013312494013563096 -0.00010932350183680627 0.9999991881911647 -0.0012399379479579931 -0.01591600308924355 -0.0005395213507753044 0.0012398780136968636 0.9999990714394141 0.0012470644120677965 0.0 0.0 0.0 1.0"/>
                <scale value="1"/>
            </transform>
        </animation>
    </shape>
    <shape name="temp4" type="ply">
        <string name="filename" value="meshes/Plane.ply"/>
        <boolean name="face_normals" value="true"/>
        <ref id="mat-Material.001" name="bsdf"/>
        <transform name="to_world">
            <scale value="1"/>
        </transform>
    </shape>
    <shape name="temp5" type="ply">
        <string name="filename" value="meshes/Cube_001.ply"/>
        <boolean name="face_normals" value="true"/>
        <ref id="mat-Material" name="bsdf"/>
        <animation name="to_world">
            <transform time="0">
                <matrix value="1.0 -0.00017998927877886544 -0.00014069777282503296 0.0006855689967935064 0.00018056405101174236 0.9999916566372494 0.004096447403693725 -0.022098841990335405 0.00013995916862136033 -0.004096461788441523 0.9999917261634315 -0.0002694010366190991 0.0 0.0 0.0 1.0"/>
                <scale value="1"/>
            </transform>
            <transform time="0.0015">
                <matrix value="1.0 -0.0001742305442711001 -0.00014103709822051988 0.0006844450598440124 0.0001747861840976282 0.9999919570031143 0.003959366394776011 -0.02195476867860917 0.0001403248697318476 -0.003959380364480219 0.9999920240263137 -0.00027969697948124916 0.0 0.0 0.0 1.0"/>
                <scale value="1"/>
            </transform>
        </animation>
    </shape>
    <shape name="temp6" type="ply">
        <string name="filename" value="meshes/Cube_002.ply"/>
        <boolean name="face_normals" value="true"/>
        <ref id="mat-Material" name="bsdf"/>
        <animation name="to_world">
            <transform time="0">
                <matrix value="1.0 2.1433681738256197e-06 -7.429054215377895e-05 -0.0006477063047323206 -2.3844824804486308e-06 0.9999947853982809 -0.003245566050982908 -0.015562176933180183 7.428323466784392e-05 0.003245576453361645 0.9999947993027284 -0.00023444576953812746 0.0 0.0 0.0 1.0"/>
                <scale value="1"/>
            </transform>
            <transform time="0.0015">
                <matrix value="1.0 6.696320687831937e-07 -7.411123720901787e-05 -0.000646991356591822 -9.089116900640233e-07 0.9999948379623073 -0.0032274338607836605 -0.015576940519687546 7.410801152907699e-05 0.0032274434411904947 0.9999948503649368 -0.00022751500424579124 0.0 0.0 0.0 1.0"/>
                <scale value="1"/>
            </transform>
        </animation>
    </shape>
    <shape name="temp7" type="ply">
        <string name="filename" value="meshes/Cube_003.ply"/>
        <boolean name="face_normals" value="true"/>
        <ref id="mat-Material" name="bsdf"/>
        <animation name="to_world">
            <transform time="0">
                <matrix value="1.0 0.0001568560540483039 0.0005359980445378259 -0.0008936883821588637 -0.00015749201722612568 0.9999991656637249 0.0011869622301724598 -0.017782461209662814 -0.0005358121153774554 -0.0011870477636659067 0.9999992908140084 0.001472193305742997 0.0 0.0 0.0 1.0"/>
                <scale value="1"/>
            </transform>
            <transform time="0.0015">
                <matrix value="1.0 0.00016792923689480194 0.0005361614436046736 -0.0008930565446515425 -0.00016861896578424548 0.9999989103527398 0.0012862919271833656 -0.01778020787359734 -0.0005359161546147526 -0.001286383786308925 0.9999990355029665 0.0014716571130206305 0.0 0.0 0.0 1.0"/>
                <scale value="1"/>
            </transform>
        </animation>
    </shape>
    <shape name="temp8" type="ply">
        <string name="filename" value="meshes/Cube_004.ply"/>
        <boolean name="face_normals" value="true"/>
        <ref id="mat-Material" name="bsdf"/>
        <animation name="to_world">
            <transform time="0">
                <matrix value="1.0 -1.3939130997052708e-05 0.00015753810338135153 -0.0006008146754079569 1.4041038815517696e-05 0.9999997914159312 -0.0006468887301362914 -0.017849913898277114 -0.00015752924948628347 0.0006468901158267334 0.9999997636046695 0.0007451428737558878 0.0 0.0 0.0 1.0"/>
                <scale value="1"/>
            </transform>
            <transform time="0.0015">
                <matrix value="1.0 -1.5250750591793748e-07 0.0001579137169862675 -0.0006008440988149468 2.4637581357235723e-07 0.9999997839067846 -0.0005977428864272814 -0.017814546695118075 -0.00015789563674511488 0.000597742000271593 0.9999997636046695 0.0007468383478317504 0.0 0.0 0.0 1.0"/>
                <scale value="1"/>
            </transform>
        </animation>
    </shape>
    <shape name="temp9" type="ply">
        <string name="filename" value="meshes/Cube_005.ply"/>
        <boolean name="face_normals" value="true"/>
        <ref id="mat-Material" name="bsdf"/>
        <animation name="to_world">
            <transform time="0">
                <matrix value="1.0 0.000283031894589955 0.0004849839322093839 -0.0003701253042072139 -0.00028454533204970683 0.9999949939823496 0.003121789455917235 -0.01582420845862398 -0.00048409916546548305 -0.0031219194740344123 0.9999950356980589 0.0012571650691747815 0.0 0.0 0.0 1.0"/>
                <scale value="1"/>
            </transform>
            <transform time="0.0015">
                <matrix value="1.0 0.0002818657241195706 0.0004851137153223748 -0.0003697587087868151 -0.00028336913017541033 0.9999950540555226 0.003100408858227585 -0.015835529010393454 -0.0004842379908281342 -0.0031005383804919495 0.9999950952706355 0.0012533664520988253 0.0 0.0 0.0 1.0"/>
                <scale value="1"/>
            </transform>
        </animation>
    </shape>
    <shape name="temp10" type="ply">
        <string name="filename" value="meshes/Cube_006.ply"/>
        <boolean name="face_normals" value="true"/>
        <ref id="mat-Material" name="bsdf"/>
        <animation name="to_world">
            <transform time="0">
                <matrix value="1.0 0.00020141044547299566 -0.00022284325902167322 -0.0005934229757444953 -0.00020130596584915262 0.9999997914159312 0.0004695425892191436 -0.016937747481977516 0.00022293790900081023 -0.00046949770870400464 1.0 -0.0004786976746885552 0.0 0.0 0.0 1.0"/>
                <scale value="1"/>
            </transform>
            <transform time="0.0015">
                <matrix value="1.0 0.000187375767836011 -0.00022298973947680766 -0.0005939773712558336 -0.0001872590571632701 0.9999997238336117 0.0005232074383706582 -0.016936431451230582 0.00022306767082254348 -0.0005231657297938122 0.9999999319170555 -0.0004800464714784519 0.0 0.0 0.0 1.0"/>
                <scale value="1"/>
            </transform>
        </animation>
    </shape>
    <shape name="temp11" type="ply">
        <string name="filename" value="meshes/Cube_007.ply"/>
        <boolean name="face_normals" value="true"/>
        <ref id="mat-Material" name="bsdf"/>
        <animation name="to_world">
            <transform time="0">
                <matrix value="1.0 -0.0005746783112199457 -1.883933675034904e-05 0.00041380117025724417 0.0005747065300065423 0.9999987484955875 0.0015016233267347516 -0.017569557514545364 1.7976355741835053e-05 -0.001501632170338094 0.999999054418678 -0.00013762317675802826 0.0 0.0 0.0 1.0"/>
                <scale value="1"/>
            </transform>
            <transform time="0.0015">
                <matrix value="1.0 -0.0005323075759484208 -1.8877537239482314e-05 0.0004130453435388424 0.0005323335187989968 0.999998718459001 0.0013773268480352936 -0.017592025433864268 1.8003321371759676e-05 -0.0013773349934091455 0.9999990203772058 -0.00014122908178099364 0.0 0.0 0.0 1.0"/>
                <scale value="1"/>
            </transform>
        </animation>
    </shape>
    <shape name="temp12" type="ply">
        <string name="filename" value="meshes/Cube_008.ply"/>
        <boolean name="face_normals" value="true"/>
        <ref id="mat-Material" name="bsdf"/>
        <animation name="to_world">
            <transform time="0">
                <matrix value="0.9999995567588077 0.001084472376168853 0.0001020967793027378 4.837942368940418e-05 -0.0010843142260920135 0.9999981227433812 -0.0015305226558920827 -0.017223390138320027 -0.00010375655775344089 0.0015304105143057385 0.9999988180233473 0.0002678653756338356 0.0 0.0 0.0 1.0"/>
                <scale value="1"/>
            </transform>
            <transform time="0.0015">
                <matrix value="0.9999995408018695 0.0010977929264529463 0.00010213139096965807 4.865429052747384e-05 -0.0010976330037292597 0.9999980776885015 -0.0015478525736938441 -0.017213625356840137 -0.00010383675732501384 0.0015477389965078163 0.9999987924922431 0.0002686186843565852 0.0 0.0 0.0 1.0"/>
                <scale value="1"/>
            </transform>
        </animation>
    </shape>
    <shape name="temp13" type="ply">
        <string name="filename" value="meshes/Cube_009.ply"/>
        <boolean name="face_normals" value="true"/>
        <ref id="mat-Material" name="bsdf"/>
        <animation name="to_world">
            <transform time="0">
                <matrix value="1.0 0.00048792611117948035 0.00032683545608460306 0.0007227142765429129 -0.00048791103971972973 0.9999997914159312 -4.024654141811668e-05 -0.016851210627041313 -0.0003268540335834987 4.008693783986167e-05 1.0 0.000568838235174951 0.0 0.0 0.0 1.0"/>
                <scale value="1"/>
            </transform>
            <transform time="0.0015">
                <matrix value="0.999999936172247 0.00040284500193472114 0.00032708855443085557 0.0007245156279219544 -0.00040284029361154085 0.9999997238336117 -9.200029377254976e-06 -0.016979748054334366 -0.00032716192270675775 9.06878574234334e-06 0.9999999829792638 0.0005690221683208136 0.0 0.0 0.0 1.0"/>
                <scale value="1"/>
            </transform>
        </animation>
    </shape>
    <shape name="temp14" type="ply">
        <string name="filename" value="meshes/Cube_010.ply"/>
        <boolean name="face_normals" value="true"/>
        <ref id="mat-Material" name="bsdf"/>
        <animation name="to_world">
            <transform time="0">
                <matrix value="0.9999986702764229 -4.376302346779358e-05 0.0016235725858954253 0.0030440134260854013 4.3375184166715424e-05 1.0 0.00023892239661368417 -0.017448420101749795 -0.0016235836227698319 -0.00023885170298462946 0.9999985816280168 0.002709671448445805 0.0 0.0 0.0 1.0"/>
                <scale value="1"/>
            </transform>
            <transform time="0.0015">
                <matrix value="0.999998670276423 -3.1475881941809154e-05 0.0016255190772792476 0.003046355940035645 3.108731888543518e-05 1.0 0.00023905873271008518 -0.017426689195030428 -0.0016255271778469482 -0.0002390085690575614 0.9999985816280168 0.002712973846556469 0.0 0.0 0.0 1.0"/>
                <scale value="1"/>
            </transform>
        </animation>
    </shape>
    <shape name="temp15" type="ply">
        <string name="filename" value="meshes/Cube_011.ply"/>
        <boolean name="face_normals" value="true"/>
        <ref id="mat-Material" name="bsdf"/>
        <animation name="to_world">
            <transform time="0">
                <matrix value="1.0 -0.0005363426452214433 -0.0003116352363315038 -0.0005943164731347927 0.0005363307075725098 0.9999997914159312 -3.575810327733758e-05 -0.018585390928575307 0.00031165529309767085 3.55911168216794e-05 1.0 -0.00045257858828184894 0.0 0.0 0.0 1.0"/>
                <scale value="1"/>
            </transform>
            <transform time="0.0015">
                <matrix value="0.9999999521291854 -0.0004573673732779012 -0.00031181276260933925 -0.0005965594275104803 0.00045736349033950117 0.9999997388519049 -1.0072757171586729e-05 -0.0184324348687084 0.0003118725468117508 9.930770875488756e-06 0.9999999914896319 -0.00045261100121488833 0.0 0.0 0.0 1.0"/>
                <scale value="1"/>
            </transform>
        </animation>
    </shape>
    <shape name="temp16" type="ply">
        <string name="filename" value="meshes/Cube_012.ply"/>
        <boolean name="face_normals" value="true"/>
        <ref id="mat-Material" name="bsdf"/>
        <animation name="to_world">
            <transform time="0">
                <matrix value="0.9999995567588077 0.0012139467651739696 -0.00013471035189336112 -0.0006195995549558297 -0.0012137982756144654 0.9999985399115188 0.0011106419977107477 -0.0147441250028843 0.00013605820288745043 -0.0011104786378625974 0.9999995272093389 -5.450187420708019e-05 0.0 0.0 0.0 1.0"/>
                <scale value="1"/>
            </transform>
            <transform time="0.0015">
                <matrix value="0.9999994929310547 0.0012514993316070045 -0.0001346473921904164 -0.0006202002786050811 -0.0012513462278382801 0.9999984272743194 0.001144293950424335 -0.014653899177693108 0.00013611290327172264 -0.0011441254718631722 0.9999994676367625 -5.4723842120976994e-05 0.0 0.0 0.0 1.0"/>
                <scale value="1"/>
            </transform>
        </animation>
    </shape>
    <shape name="temp17" type="ply">
        <string name="filename" value="meshes/Cube_013.ply"/>
        <boolean name="face_normals" value="true"/>
        <ref id="mat-Material" name="bsdf"/>
        <animation name="to_world">
            <transform time="0">
                <matrix value="0.9999986702764229 0.001636354534513363 6.698096213845106e-05 -0.0004592101174616392 -0.0016365794545296591 0.9999924909735245 0.0035211320877820964 -0.012088141735462465 -6.12187005232019e-05 -0.003521228643598659 0.9999938537214063 0.00023433284253515652 0.0 0.0 0.0 1.0"/>
                <scale value="1"/>
            </transform>
            <transform time="0.0015">
                <matrix value="0.9999986862333612 0.0016265025341454017 6.700908890490583e-05 -0.00045820731605742304 -0.0016267263643078387 0.9999925735741374 0.003499845104141161 -0.012121194799865398 -6.131053270274873e-05 -0.0034999417898463015 0.9999939218043508 0.00023239701487930744 0.0 0.0 0.0 1.0"/>
                <scale value="1"/>
            </transform>
        </animation>
    </shape>
    <shape name="temp18" type="ply">
        <string name="filename" value="meshes/Cube_014.ply"/>
        <boolean name="face_normals" value="true"/>
        <ref id="mat-Material" name="bsdf"/>
        <animation name="to_world">
            <transform time="0">
                <matrix value="1.0 0.00016016127720196987 -3.0533293681956555e-05 -0.00016218679330581853 -0.0001601368374209036 0.9999995828318625 0.0007960778232339732 -0.017019762241407332 3.066076623991405e-05 -0.000796073613489549 0.9999997636046695 8.376169191248728e-05 0.0 0.0 0.0 1.0"/>
                <scale value="1"/>
            </transform>
            <transform time="0.0015">
                <matrix value="1.0 0.00018341770502179144 -3.047583167678181e-05 -0.00016170042370008595 -0.00018339014949272564 0.999999335030024 0.0009014466476311503 -0.01690701917164228 3.0706757327297174e-05 -0.0009014412830651597 0.9999995253143636 8.381271532053748e-05 0.0 0.0 0.0 1.0"/>
                <scale value="1"/>
            </transform>
        </animation>
    </shape>
    <shape name="temp19" type="ply">
        <string name="filename" value="meshes/Cube_015.ply"/>
        <boolean name="face_normals" value="true"/>
        <ref id="mat-Material" name="bsdf"/>
        <animation name="to_world">
            <transform time="0">
                <matrix value="1.0 -0.00023361832869929063 -4.1968917796360554e-05 0.00047833591028711986 0.00023361824877177867 1.0 -2.520612490845591e-05 -0.01802145879913536 4.197480794359136e-05 2.5196329754725994e-05 1.0 -8.726675507453319e-05 0.0 0.0 0.0 1.0"/>
                <scale value="1"/>
            </transform>
            <transform time="0.0015">
                <matrix value="1.0 -0.0002335767280270052 -4.2031920051145606e-05 0.00047797169197723365 0.00023357661711992156 1.0 -2.503380612483938e-05 -0.018021323919865734 4.203777083048204e-05 2.5023997092496877e-05 1.0 -8.729358021448809e-05 0.0 0.0 0.0 1.0"/>
                <scale value="1"/>
            </transform>
        </animation>
    </shape>
    <shape name="temp20" type="ply">
        <string name="filename" value="meshes/Cube_016.ply"/>
        <boolean name="face_normals" value="true"/>
        <ref id="mat-Material" name="bsdf"/>
        <animation name="to_world">
            <transform time="0">
                <matrix value="1.0 -0.00046970837861345824 0.00033726521806760055 0.0005545180167164654 0.000470172527201712 0.9999989570796561 -0.0013824753522408623 -0.018379810289930354 -0.0003366142046391396 0.0013826328732664058 0.999999054418678 0.0003316749719420309 0.0 0.0 0.0 1.0"/>
                <scale value="1"/>
            </transform>
            <transform time="0.0015">
                <matrix value="0.9999999840430618 -0.0004919804324026121 0.0003374594246668434 0.0005563654844555296 0.0004924766567595178 0.9999986867503777 -0.0014758447278737784 -0.0184047364710861 -0.0003366759899039885 0.001476009712241733 0.9999987991076361 0.0003309702291179179 0.0 0.0 0.0 1.0"/>
                <scale value="1"/>
            </transform>
        </animation>
    </shape>
    <shape name="temp21" type="ply">
        <string name="filename" value="meshes/Cube_017.ply"/>
        <boolean name="face_normals" value="true"/>
        <ref id="mat-Material" name="bsdf"/>
        <animation name="to_world">
            <transform time="0">
                <matrix value="1.0 0.0006721267023067312 0.00013691119242059837 0.00039744135343788844 -0.0006723658619179579 0.99999833132745 0.0017444840695550708 -0.017619238947895244 -0.00013573862598776298 -0.0017445742069112245 0.9999985816280168 0.00013867867482122986 0.0 0.0 0.0 1.0"/>
                <scale value="1"/>
            </transform>
            <transform time="0.0015">
                <matrix value="0.9999999840430618 0.0006805994977146443 0.00013716487798224737 0.00039752950913839944 -0.0006808420279394141 0.9999982787634236 0.0017656368446916217 -0.01761711182278216 -0.000135958321113393 -0.0017657283740427727 0.9999985390761764 0.00013735458775976942 0.0 0.0 0.0 1.0"/>
                <scale value="1"/>
            </transform>
        </animation>
    </shape>
    <shape name="temp22" type="ply">
        <string name="filename" value="meshes/Cube_018.ply"/>
        <boolean name="face_normals" value="true"/>
        <ref id="mat-Material" name="bsdf"/>
        <animation name="to_world">
            <transform time="0">
                <matrix value="0.9999960108292688 0.0028925479169751972 -0.00023416210384279523 0.0004938244070661346 -0.0028915947286211473 0.9999879021240116 0.003978013343098037 -0.017876650482825274 0.00024566598762116 -0.003977322740043761 0.9999921989540925 -2.749570078608432e-05 0.0 0.0 0.0 1.0"/>
                <scale value="1"/>
            </transform>
            <transform time="0.0015">
                <matrix value="0.9999958353029482 0.0029428947926970614 -0.0002334339056889471 0.0004930076756365377 -0.002941930411577722 0.9999874440660677 0.004036322980932056 -0.017877050925936253 0.0002453881773264753 -0.004035622703135835 0.9999919181119463 -2.663969430714511e-05 0.0 0.0 0.0 1.0"/>
                <scale value="1"/>
            </transform>
        </animation>
    </shape>
    <shape name="temp23" type="ply">
        <string name="filename" value="meshes/Cube_019.ply"/>
        <boolean name="face_normals" value="true"/>
        <ref id="mat-Material" name="bsdf"/>
        <animation name="to_world">
            <transform time="0">
                <matrix value="0.9999016004552974 0.012699764091418228 -0.005957493282826683 0.0032209245254625762 -0.012649283633584918 0.9998844444259037 0.008435743730441241 -0.018357507220800318 0.006063942860891412 -0.008359553046057448 0.9999468110506307 -0.0009021046428796531 0.0 0.0 0.0 1.0"/>
                <scale value="1"/>
            </transform>
            <transform time="0.0015">
                <matrix value="0.9999007228236945 0.012765131663310853 -0.005956398849493527 0.0032195579294251758 -0.012714495012642404 0.9998833180539105 0.008462888400421302 -0.018361982356870376 0.006063787599882378 -0.008386314443154517 0.9999465727603248 -0.0009019336030810789 0.0 0.0 0.0 1.0"/>
                <scale value="1"/>
            </transform>
        </animation>
    </shape>
    <shape name="temp24" type="ply">
        <string name="filename" value="meshes/Cube_020.ply"/>
        <boolean name="face_normals" value="true"/>
        <ref id="mat-Material" name="bsdf"/>
        <animation name="to_world">
            <transform time="0">
                <matrix value="0.9999694980668453 0.004739086638471567 0.006180154851977494 -0.004777348896315037 -0.004789128564667594 0.9999556826465695 0.008109849114382292 -0.016251503702603087 -0.006141457809660018 -0.008139195323102555 0.9999482294177328 -0.0004949395606079765 0.0 0.0 0.0 1.0"/>
                <scale value="1"/>
            </transform>
            <transform time="0.0015">
                <matrix value="0.9999698279823447 0.004562302651148487 0.006191472790469062 -0.004781516221489584 -0.004612427659353624 0.9999561102906386 0.008108116403586925 -0.016228376709008573 -0.0061542108921970665 -0.008136372067559001 0.999948169845146 -0.0004961224721920072 0.0 0.0 0.0 1.0"/>
                <scale value="1"/>
            </transform>
        </animation>
    </shape>
    <shape name="temp25" type="ply">
        <string name="filename" value="meshes/Cube_021.ply"/>
        <boolean name="face_normals" value="true"/>
        <ref id="mat-Material" name="bsdf"/>
        <animation name="to_world">
            <transform time="0">
                <matrix value="0.9987509463199457 0.042633895328342615 0.026070929946134958 -0.016638637943067136 -0.042683484123986974 0.9990876532832176 0.0013481791176875241 -0.02285114448428177 -0.02598967336670053 -0.0024592916902192847 0.9996593543287059 -0.013070233959347255 0.0 0.0 0.0 1.0"/>
                <scale value="1"/>
            </transform>
            <transform time="0.0015">
                <matrix value="0.9987525579707075 0.042590997826435564 0.0260782956696952 -0.016641084721538538 -0.04264102111564778 0.9990894179326737 0.0013646143404946144 -0.02284121261122308 -0.025996455225020112 -0.0024749079368086317 0.9996591330591362 -0.013074992725080435 0.0 0.0 0.0 1.0"/>
                <scale value="1"/>
            </transform>
        </animation>
    </shape>
    <shape name="temp26" type="ply">
        <string name="filename" value="meshes/Cube_022.ply"/>
        <boolean name="face_normals" value="true"/>
        <ref id="mat-Material" name="bsdf"/>
        <animation name="to_world">
            <transform time="0">
                <matrix value="0.9992668790678461 0.03469268266228362 0.016194711269107244 -0.007764857110558188 -0.03475153671721389 0.9993903087669971 0.0033670259718093843 -0.021412946926782694 -0.016068033977096843 -0.003927352254689492 0.9998633634989534 -0.011691373800163274 0.0 0.0 0.0 1.0"/>
                <scale value="1"/>
            </transform>
            <transform time="0.0015">
                <matrix value="0.9992703417234432 0.03458895881999501 0.016194254262342153 -0.007760375426386282 -0.034649547308202466 0.9993931772610066 0.0034762063347518243 -0.021381370155205 -0.016064499515277622 -0.004034808518306524 0.9998628358561334 -0.011687637247707867 0.0 0.0 0.0 1.0"/>
                <scale value="1"/>
            </transform>
        </animation>
    </shape>
    <shape name="temp27" type="ply">
        <string name="filename" value="meshes/Cube_023.ply"/>
        <boolean name="face_normals" value="true"/>
        <ref id="mat-Material" name="bsdf"/>
        <animation name="to_world">
            <transform time="0">
                <matrix value="0.9994539268510196 0.03148090517142482 0.010060843430171893 -0.0027734825050957923 -0.03155053747426985 0.9994787484121539 0.006839295144770865 -0.020176323485737557 -0.009840291333570911 -0.007152988071077108 0.999926008261544 -0.008932477293464441 0.0 0.0 0.0 1.0"/>
                <scale value="1"/>
            </transform>
            <transform time="0.0015">
                <matrix value="0.9994531449610461 0.031505462333622496 0.010061318308709918 -0.002774164865107568 -0.03157473377756365 0.9994782077535971 0.006802299723755589 -0.02019408184352355 -0.009841782669018426 -0.007116266616992187 0.9999262380414817 -0.008932896775182499 0.0 0.0 0.0 1.0"/>
                <scale value="1"/>
            </transform>
        </animation>
    </shape>
    <shape name="temp28" type="ply">
        <string name="filename" value="meshes/Cube_024.ply"/>
        <boolean name="face_normals" value="true"/>
        <ref id="mat-Material" name="bsdf"/>
        <animation name="to_world">
            <transform time="0">
                <matrix value="0.9995465642602216 0.028979231284272974 0.00819166555166869 -0.0009997207541980746 -0.0290863380653763 0.9994887604474546 0.01327265222795507 -0.017021182667782186 -0.007802848977087977 -0.013504888167651533 0.9998784928001074 -0.007688183820761085 0.0 0.0 0.0 1.0"/>
                <scale value="1"/>
            </transform>
            <transform time="0.0015">
                <matrix value="0.9995454791884215 0.029016658372865958 0.008189400091689792 -0.001001706453177206 -0.029122942802981 0.9994888805938006 0.013170992477271654 -0.01708291355243114 -0.00780314019121078 -0.013403495089382905 0.9998797182931088 -0.007688661684826459 0.0 0.0 0.0 1.0"/>
                <scale value="1"/>
            </transform>
        </animation>
    </shape>
    <shape name="temp29" type="ply">
        <string name="filename" value="meshes/Cube_025.ply"/>
        <boolean name="face_normals" value="true"/>
        <ref id="mat-Material" name="bsdf"/>
        <animation name="to_world">
            <transform time="0">
                <matrix value="0.9995035698645632 0.03122086341289425 0.004312323619534008 0.001034363557349094 -0.03125111031918685 0.9994860488545606 0.007131597970971599 -0.021399392586225974 -0.004087463898004883 -0.007262824270007906 0.999965249886412 -0.004928462204382977 0.0 0.0 0.0 1.0"/>
                <scale value="1"/>
            </transform>
            <transform time="0.0015">
                <matrix value="0.9995034581659956 0.03122437093528135 0.004312847007170005 0.0010349973593663153 -0.031254575847032895 0.9994860188179742 0.007120434070143958 -0.021409622478200767 -0.004088311211425202 -0.007251696690903279 0.9999653349900927 -0.004928778176271381 0.0 0.0 0.0 1.0"/>
                <scale value="1"/>
            </transform>
        </animation>
    </shape>
    <shape name="temp30" type="ply">
        <string name="filename" value="meshes/Cube_026.ply"/>
        <boolean name="face_normals" value="true"/>
        <ref id="mat-Material" name="bsdf"/>
        <animation name="to_world">
            <transform time="0">
                <matrix value="0.9994778618754067 0.030102936237936022 0.011748966125021926 0.007821847945171045 -0.030227817108046246 0.9994868831908358 0.010599351993119949 -0.01869061162657437 -0.011423876871142694 -0.010948961564213648 0.9998749468701494 -0.015020942928435699 0.0 0.0 0.0 1.0"/>
                <scale value="1"/>
            </transform>
            <transform time="0.0015">
                <matrix value="0.9994762980954596 0.0301536109629994 0.011749678442828966 0.007821179157570137 -0.03027719521513929 0.999486380078012 0.010485668794434327 -0.018842242505497122 -0.011427627230336246 -0.01083592855776638 0.9998759596039491 -0.01502360543926105 0.0 0.0 0.0 1.0"/>
                <scale value="1"/>
            </transform>
        </animation>
    </shape>
    <shape name="temp31" type="ply">
        <string name="filename" value="meshes/Cube_027.ply"/>
        <boolean name="face_normals" value="true"/>
        <ref id="mat-Material" name="bsdf"/>
        <animation name="to_world">
            <transform time="0">
                <matrix value="0.9993652786125486 0.03129747634135201 0.01702174033296755 0.018032651338478978 -0.03148010644880476 0.9994485037221827 0.010568596960617956 -0.022030003099589912 -0.016681577300377465 -0.01109774040878306 0.9997993003643798 -0.024898429240902464 0.0 0.0 0.0 1.0"/>
                <scale value="1"/>
            </transform>
            <transform time="0.0015">
                <matrix value="0.9993676083255311 0.031218779733839606 0.017024428758239275 0.01803910040058546 -0.03140336474574749 0.9994494348563638 0.010684023933720092 -0.021794513236278703 -0.01668175170971238 -0.011211898360485759 0.9997978536018088 -0.024900472531158152 0.0 0.0 0.0 1.0"/>
                <scale value="1"/>
            </transform>
        </animation>
    </shape>
    <shape name="temp32" type="ply">
        <string name="filename" value="meshes/Cube_028.ply"/>
        <boolean name="face_normals" value="true"/>
        <ref id="mat-Material" name="bsdf"/>
        <animation name="to_world">
            <transform time="0">
                <matrix value="0.9994184675556312 -0.008107760787446577 0.03312789791125814 0.04422292079731949 0.006720768686605429 0.9991047571768564 0.04176675250969103 0.0806624551390776 -0.03343687890827921 -0.041519806100249676 0.9985780820868602 -0.05807566530934394 0.0 0.0 0.0 1.0"/>
                <scale value="1"/>
            </transform>
            <transform time="0.0015">
                <matrix value="0.999418451598693 -0.007936173633294083 0.03315769185881683 0.04426407327944018 0.006551528123121843 0.9991096831770404 0.04166310303495402 0.08022801982932175 -0.03345930032133305 -0.041421762927380555 0.9985812734748846 -0.05811045293654176 0.0 0.0 0.0 1.0"/>
                <scale value="1"/>
            </transform>
        </animation>
    </shape>
    <shape name="temp33" type="ply">
        <string name="filename" value="meshes/Cube_029.ply"/>
        <boolean name="face_normals" value="true"/>
        <ref id="mat-Material" name="bsdf"/>
        <animation name="to_world">
            <transform time="0">
                <matrix value="0.9595338521028249 -0.2788439436572714 0.03925427201821568 0.06656849206128124 0.27416621899306237 0.9569088258177018 0.09569819597267458 0.7202881625727118 -0.06424763353527402 -0.08106344501619656 0.9946361899502671 -0.17990850899554123 0.0 0.0 0.0 1.0"/>
                <scale value="1"/>
            </transform>
            <transform time="0.0015">
                <matrix value="0.9600984404914829 -0.2765895776950245 0.03952982156646042 0.06819750184101425 0.27190461660580617 0.9574917909065481 0.09555362609517072 0.7154838737092308 -0.06429165713217268 -0.08100702954854072 0.994637875003144 -0.18001547343027338 0.0 0.0 0.0 1.0"/>
                <scale value="1"/>
            </transform>
        </animation>
    </shape>
    <shape name="temp34" type="ply">
        <string name="filename" value="meshes/Cube_030.ply"/>
        <boolean name="face_normals" value="true"/>
        <ref id="mat-Material" name="bsdf"/>
        <animation name="to_world">
            <transform time="0">
                <matrix value="0.9992940436908821 0.030994004372974702 -0.02123414258196671 -0.011040450307062688 -0.03182865023757216 0.9986859148170197 -0.04016660695620815 -0.0996560412713518 0.01996131681689425 0.04081409864477376 0.9989675828468348 -0.02075334319582156 0.0 0.0 0.0 1.0"/>
                <scale value="1"/>
            </transform>
            <transform time="0.0015">
                <matrix value="0.9991520007446439 0.033194380441267775 -0.02148547620356675 -0.011616243014726114 -0.03402576211224534 0.9985651642357883 -0.03966739020644214 -0.1040062364650856 0.020166516498684364 0.04038149093573759 0.9989779637171913 -0.02031188191029706 0.0 0.0 0.0 1.0"/>
                <scale value="1"/>
            </transform>
        </animation>
    </shape>
    <shape name="temp35" type="ply">
        <string name="filename" value="meshes/Cube_031.ply"/>
        <boolean name="face_normals" value="true"/>
        <ref id="mat-Material" name="bsdf"/>
        <animation name="to_world">
            <transform time="0">
                <matrix value="0.9954031455940938 0.08825538199043434 -0.03719590695668907 -0.05717478782972396 -0.0836035331641925 0.9901754817770528 0.11208455293624275 -0.057957368089484484 0.04672254165137484 -0.10845960665216313 0.9930024618209722 -0.2694465069036167 0.0 0.0 0.0 1.0"/>
                <scale value="1"/>
            </transform>
            <transform time="0.0015">
                <matrix value="0.9952597086762925 0.0895268036635303 -0.03739239263249972 -0.057698823230113654 -0.08478893740476957 0.9899266887311753 0.1130909456607302 -0.0597270378550321 0.047173353879024035 -0.10937429580217943 0.9928665342222384 -0.2707475523092876 0.0 0.0 0.0 1.0"/>
                <scale value="1"/>
