
<scene version="2.1.0">
    <default name="spp" value="1024"/>
    <default name="resx" value="1280"/>
    <default name="resy" value="720"/>
    <integrator name="temp0" type="path">
        <integer name="max_depth" value="12"/>
    </integrator>
    <sensor name="temp44" type="perspective">
        <string name="fov_axis" value="x"/>
        <float name="fov" value="83.974423"/>
        <float name="principal_point_offset_x" value="0.000000"/>
        <float name="principal_point_offset_y" value="-0.000000"/>
        <float name="near_clip" value="0.100000"/>
        <float name="far_clip" value="1000.000000"/>
        <sampler name="sampler" type="correlated">
            <integer name="sample_count" value="1024"/>
        </sampler>
        <film name="film" type="hdrfilm">
            <integer name="width" value="$resx"/>
            <integer name="height" value="$resy"/>
        </film>
        <float name="shutter_open" value="0.0"/>
        <float name="shutter_close" value="0.0015"/>
        <animation name="to_world">
            <transform time="0">
                <rotate angle="-142.5518126578256" x="1"/>
                <rotate angle="3.976628485794621e-06" y="1"/>
                <rotate angle="-179.999991348578" z="1"/>
                <translate value="-0.000000 3.030926 4.073377"/>
            </transform>
            <transform time="0.0015">
                <rotate angle="-142.5518126578256" x="1"/>
                <rotate angle="3.976628485794621e-06" y="1"/>
                <rotate angle="-179.999991348578" z="1"/>
                <translate value="-0.000000 3.030926 4.073377"/>
                <translate x="0.15" y="0.0" z="0.0"/>
            </transform>
        </animation>
    </sensor>
    <bsdf id="mat-Material" name="mat-Material" type="twosided">
        <bsdf name="bsdf" type="diffuse">
            <texture name="reflectance" type="bitmap">
                <string name="filename" value="textures/siggraph_2023_logo.jpg"/>
            </texture>
        </bsdf>
    </bsdf>
    <bsdf id="mat-Material.001" name="mat-Material.001" type="twosided">
        <bsdf name="bsdf" type="principled">
            <rgb name="base_color" value="0.433648 0.266232 0.084399"/>
            <float name="spec_tint" value="0.000000"/>
            <float name="spec_trans" value="0.000000"/>
            <float name="metallic" value="0.000000"/>
            <float name="anisotropic" value="0.000000"/>
            <float name="roughness" value="0.500000"/>
            <float name="sheen" value="0.000000"/>
            <float name="sheen_tint" value="0.500000"/>
            <float name="clearcoat" value="0.000000"/>
            <float name="clearcoat_gloss" value="0.173205"/>
            <float name="specular" value="0.500000"/>
        </bsdf>
    </bsdf>
    <bsdf id="mat-Material.002" name="mat-Material.002" type="twosided">
        <bsdf name="bsdf" type="principled">
            <rgb name="base_color" value="0.433648 0.266232 0.084399"/>
            <float name="spec_tint" value="0.000000"/>
            <float name="spec_trans" value="0.000000"/>
            <float name="metallic" value="0.000000"/>
            <float name="anisotropic" value="0.000000"/>
            <float name="roughness" value="0.500000"/>
            <float name="sheen" value="0.000000"/>
            <float name="sheen_tint" value="0.500000"/>
            <float name="clearcoat" value="0.000000"/>
            <float name="clearcoat_gloss" value="0.173205"/>
            <float name="specular" value="0.500000"/>
        </bsdf>
    </bsdf>
    <bsdf id="mat-Material.003" name="mat-Material.003" type="twosided">
        <bsdf name="bsdf" type="principled">
            <rgb name="base_color" value="0.433648 0.266232 0.084399"/>
            <float name="spec_tint" value="0.000000"/>
            <float name="spec_trans" value="0.000000"/>
            <float name="metallic" value="0.000000"/>
            <float name="anisotropic" value="0.000000"/>
            <float name="roughness" value="0.500000"/>
            <float name="sheen" value="0.000000"/>
            <float name="sheen_tint" value="0.500000"/>
            <float name="clearcoat" value="0.000000"/>
            <float name="clearcoat_gloss" value="0.173205"/>
            <float name="specular" value="0.500000"/>
        </bsdf>
    </bsdf>
    <bsdf id="mat-Material.004" name="mat-Material.004" type="twosided">
        <bsdf name="bsdf" type="principled">
            <rgb name="base_color" value="0.433648 0.266232 0.084399"/>
            <float name="spec_tint" value="0.000000"/>
            <float name="spec_trans" value="0.000000"/>
            <float name="metallic" value="0.000000"/>
            <float name="anisotropic" value="0.000000"/>
            <float name="roughness" value="0.500000"/>
            <float name="sheen" value="0.000000"/>
            <float name="sheen_tint" value="0.500000"/>
            <float name="clearcoat" value="0.000000"/>
            <float name="clearcoat_gloss" value="0.173205"/>
            <float name="specular" value="0.500000"/>
        </bsdf>
    </bsdf>
    <bsdf id="mat-Material.005" name="mat-Material.005" type="twosided">
        <bsdf name="bsdf" type="principled">
            <rgb name="base_color" value="0.433648 0.266232 0.084399"/>
            <float name="spec_tint" value="0.000000"/>
            <float name="spec_trans" value="0.000000"/>
            <float name="metallic" value="0.000000"/>
            <float name="anisotropic" value="0.000000"/>
            <float name="roughness" value="0.500000"/>
            <float name="sheen" value="0.000000"/>
            <float name="sheen_tint" value="0.500000"/>
            <float name="clearcoat" value="0.000000"/>
            <float name="clearcoat_gloss" value="0.173205"/>
            <float name="specular" value="0.500000"/>
        </bsdf>
    </bsdf>
    <emitter name="temp45" type="point">
        <point name="position" x="-6.815235034541981e-16" y="3.0693089962005615" z="4.109199523925781"/>
        <rgb name="intensity" value="7.957747 7.957747 7.957747"/>
    </emitter>
    <shape name="temp2" type="ply">
        <string name="filename" value="meshes/Cube.ply"/>
        <boolean name="face_normals" value="true"/>
        <ref id="mat-Material" name="bsdf"/>
        <animation name="to_world">
            <transform time="0">
                <matrix value="0.9558143936371841 -0.2776384320318383 -0.09497591367977226 0.3862323779681949 -0.05554427137353354 0.14450378892960913 -0.98559513233647 1.5018318051188744 0.28639499970746085 0.9478772399321684 0.1229358905319415 1.6341752634041598 0.0 0.0 0.0 1.0"/>
            </transform>
            <transform time="0.0015">
                <matrix value="0.9557567412193383 -0.27822511414826245 -0.0938410526941599 0.3847913249518718 -0.05302752632020347 0.14868442821623923 -0.9851240238914969 1.4954917946212798 0.2870755008911571 0.9470680618013367 0.12758963297268766 1.6262164170085929 0.0 0.0 0.0 1.0"/>
            </transform>
        </animation>
    </shape>
    <shape name="temp4" type="ply">
        <string name="filename" value="meshes/Plane.ply"/>
        <boolean name="face_normals" value="true"/>
        <ref id="mat-Material.001" name="bsdf"/>
    </shape>
    <shape name="temp5" type="ply">
        <string name="filename" value="meshes/Cube_001.ply"/>
        <boolean name="face_normals" value="true"/>
        <ref id="mat-Material" name="bsdf"/>
        <animation name="to_world">
            <transform time="0">
                <matrix value="0.9981875867644634 -0.025602109202103363 -0.05445956245115481 0.042827914967878744 -0.054476447936003064 3.953460722576931e-05 -0.9985152009289391 1.1727493131663924 0.02556624948805642 0.9996720015518654 -0.001355248520047033 1.070610890493678 0.0 0.0 0.0 1.0"/>
            </transform>
            <transform time="0.0015">
                <matrix value="0.9981888633195223 -0.025552590885619765 -0.05445963308720975 0.04279256005826575 -0.05447643357475865 4.025024391713171e-05 -0.9985152009289391 1.1727486992164393 0.025516843296752082 0.9996732705976445 -0.001351836117764018 1.0707761863782157 0.0 0.0 0.0 1.0"/>
            </transform>
        </animation>
    </shape>
    <shape name="temp6" type="ply">
        <string name="filename" value="meshes/Cube_002.ply"/>
        <boolean name="face_normals" value="true"/>
        <ref id="mat-Material" name="bsdf"/>
        <animation name="to_world">
            <transform time="0">
                <matrix value="0.9997389309377034 -0.02192871430865853 0.0064641357552192545 -0.03940104127437749 0.011122233510097921 0.21949457994297314 -0.9755504583469063 0.6539158094923625 0.019973718013499356 0.9753672643990797 0.2196810223247022 0.5406079225290088 0.0 0.0 0.0 1.0"/>
            </transform>
            <transform time="0.0015">
                <matrix value="0.9997389947654564 -0.021927153907990497 0.0064606754395640335 -0.03942537770940564 0.011118351506163925 0.21948664277499377 -0.9755522880760403 0.6539279133691724 0.019973046066830247 0.9753690816125622 0.21967299704761695 0.5406792480937596 0.0 0.0 0.0 1.0"/>
            </transform>
        </animation>
    </shape>
    <shape name="temp7" type="ply">
        <string name="filename" value="meshes/Cube_003.ply"/>
        <boolean name="face_normals" value="true"/>
        <ref id="mat-Material" name="bsdf"/>
        <animation name="to_world">
            <transform time="0">
                <matrix value="0.995527031507357 -0.053572711363451486 0.07780201749230888 -0.0713409994059544 0.08778637813438009 0.22053259856118712 -0.9714209865155377 0.14040253174135373 0.03488347853914795 0.9739054029531333 0.2242501303720248 0.21030319542847536 0.0 0.0 0.0 1.0"/>
            </transform>
            <transform time="0.0015">
                <matrix value="0.9955351216750424 -0.053440720089619316 0.07778935831981221 -0.0714800829936936 0.08774352577674793 0.22050903485908752 -0.97143021175452 0.14048472559814995 0.03476037857955876 0.9739179957920182 0.22421457320321247 0.21053181931474607 0.0 0.0 0.0 1.0"/>
            </transform>
        </animation>
    </shape>
    <shape name="temp8" type="ply">
        <string name="filename" value="meshes/Cube_004.ply"/>
        <boolean name="face_normals" value="true"/>
        <ref id="mat-Material" name="bsdf"/>
        <animation name="to_world">
            <transform time="0">
                <matrix value="0.9787623198889415 -0.1613581430177526 0.12642931708698543 0.04525431076138786 0.16086073893625658 0.22229836699532562 -0.961616608379458 -0.37345636308965313 0.1270593872279164 0.9615316745337625 0.2435325783496864 -0.3275864451489757 0.0 0.0 0.0 1.0"/>
            </transform>
            <transform time="0.0015">
                <matrix value="0.9787497298646735 -0.16148731010154027 0.12636193794990455 0.04530893199629775 0.16081902430832065 0.222240403892551 -0.9616369907109736 -0.37334176784147455 0.12720919096407377 0.9615233994541851 0.24348709894274712 -0.3279989666657709 0.0 0.0 0.0 1.0"/>
            </transform>
        </animation>
    </shape>
    <shape name="temp9" type="ply">
        <string name="filename" value="meshes/Cube_005.ply"/>
        <boolean name="face_normals" value="true"/>
        <ref id="mat-Material" name="bsdf"/>
        <animation name="to_world">
            <transform time="0">
                <matrix value="0.9738906559437757 -0.21047415330511887 0.08506178901149401 0.12112446142945021 0.1320015930088453 0.22019344086537357 -0.9664835154444161 -0.6329675552831188 0.18468969570605662 0.9524775615688026 0.24222673054383692 -0.7809750813590814 0.0 0.0 0.0 1.0"/>
            </transform>
            <transform time="0.0015">
                <matrix value="0.973873215010284 -0.21057457312289385 0.08501305098462267 0.1211725065292642 0.13197292317791712 0.220164335413067 -0.9664940597904486 -0.6328896155679351 0.18480217616368053 0.952462100235908 0.24220176112393427 -0.7812734594544093 0.0 0.0 0.0 1.0"/>
            </transform>
        </animation>
    </shape>
    <shape name="temp10" type="ply">
        <string name="filename" value="meshes/Cube_006.ply"/>
        <boolean name="face_normals" value="true"/>
        <ref id="mat-Material" name="bsdf"/>
        <animation name="to_world">
            <transform time="0">
                <matrix value="0.9873594260558448 -0.14393163239978057 -0.06636647611627056 0.03365065717402804 -0.03332189327815867 0.22086153563763106 -0.9747348944565768 -0.5442146177708425 0.15495404032076476 0.9646258106098373 0.2132736923674094 -1.0391583199690337 0.0 0.0 0.0 1.0"/>
            </transform>
            <transform time="0.0015">
                <matrix value="0.9873632078502066 -0.14394225258584795 -0.06628722927092308 0.033703285688576536 -0.033251875828873956 0.2207959507510352 -0.9747521449726445 -0.5443885505899233 0.1549450198635801 0.9646392369639973 0.21321950174771884 -1.0392251279956044 0.0 0.0 0.0 1.0"/>
            </transform>
        </animation>
    </shape>
    <shape name="temp11" type="ply">
        <string name="filename" value="meshes/Cube_007.ply"/>
        <boolean name="face_normals" value="true"/>
        <ref id="mat-Material" name="bsdf"/>
        <animation name="to_world">
            <transform time="0">
                <matrix value="0.9128392789706876 -0.252601043337512 -0.3207759345771195 0.17854252785880864 -0.26862195870055866 0.22010520980428558 -0.9377494266231258 -0.24313855602955475 0.3074923718190796 0.9421995815803581 0.13306728614851016 -1.8254985235906398 0.0 0.0 0.0 1.0"/>
            </transform>
            <transform time="0.0015">
                <matrix value="0.9129272655281195 -0.2526704203431519 -0.32047090596493444 0.17865014825068498 -0.26835329651856454 0.2199374104138721 -0.9378657718649421 -0.24385771155004787 0.30746585138773175 0.9422201791695421 0.13298270840860676 -1.8256351715601609 0.0 0.0 0.0 1.0"/>
            </transform>
        </animation>
    </shape>
    <shape name="temp12" type="ply">
        <string name="filename" value="meshes/Cube_008.ply"/>
        <boolean name="face_normals" value="true"/>
        <ref id="mat-Material" name="bsdf"/>
        <animation name="to_world">
            <transform time="0">
                <matrix value="0.3129145634872089 0.8951931801352876 -0.31728933984712787 1.781163881818728 -0.5570495738679176 -0.09757172684664692 -0.824689104681053 0.35875800962238286 -0.7692404352983102 0.4348459502360129 0.4681326092701956 1.0104253156568093 0.0 0.0 0.0 1.0"/>
            </transform>
            <transform time="0.0015">
                <matrix value="0.31278472347647834 0.8950860696678724 -0.31771959001502104 1.7810534033938268 -0.5574712200038595 -0.09780254750099951 -0.8243769869322699 0.36025599060971203 -0.7689879167507292 0.4350146582331676 0.4683908393683913 1.010051546344968 0.0 0.0 0.0 1.0"/>
            </transform>
        </animation>
    </shape>
    <shape name="temp13" type="ply">
        <string name="filename" value="meshes/Cube_009.ply"/>
        <boolean name="face_normals" value="true"/>
        <ref id="mat-Material" name="bsdf"/>
        <animation name="to_world">
            <transform time="0">
                <matrix value="-0.06469526281543259 0.9908085344257578 0.11879820396283676 2.602577685473558 -0.878104018070057 3.2515002409146e-05 -0.4784691132952989 1.1425810486632386 -0.4740750442797951 -0.13527199362567088 0.8700307928557549 0.8478489902646231 0.0 0.0 0.0 1.0"/>
            </transform>
            <transform time="0.0015">
                <matrix value="-0.06471014744741892 0.990807137724486 0.11880176810498239 2.6026562487940605 -0.8780732371362001 2.9826839053868e-05 -0.4785256051185142 1.1424196754960816 -0.4741300159320173 -0.13528224285989515 0.8699992364109699 0.8478788628187506 0.0 0.0 0.0 1.0"/>
            </transform>
        </animation>
    </shape>
    <shape name="temp14" type="ply">
        <string name="filename" value="meshes/Cube_010.ply"/>
        <boolean name="face_normals" value="true"/>
        <ref id="mat-Material" name="bsdf"/>
        <animation name="to_world">
            <transform time="0">
                <matrix value="0.02668353864265363 0.9948494335899614 0.09774865361039498 1.9012754214255834 -0.9969347655342742 0.019347663754137788 0.07511787853156894 1.9674069732037527 0.0728437645715542 -0.09942892810732902 0.9923249528036723 -0.27444449720754305 0.0 0.0 0.0 1.0"/>
            </transform>
            <transform time="0.0015">
                <matrix value="0.026505693938503938 0.9948450031934544 0.09784236212419528 1.9017625202952257 -0.9968878042650463 0.01909351443397486 0.07580672644555819 1.9684663997210974 0.07355176115552453 -0.09952277967455378 0.9922635760291876 -0.27587404259593423 0.0 0.0 0.0 1.0"/>
            </transform>
        </animation>
    </shape>
    <shape name="temp15" type="ply">
        <string name="filename" value="meshes/Cube_011.ply"/>
        <boolean name="face_normals" value="true"/>
        <ref id="mat-Material" name="bsdf"/>
        <animation name="to_world">
            <transform time="0">
                <matrix value="0.07613549528657315 0.9861914217715879 0.14691992250015484 1.5563548262677447 -0.9126544473934759 0.009662383740454672 0.408440542555651 2.095369177497302 0.4014063599792208 -0.16523969438262248 0.9007911442526857 -0.9939702643953306 0.0 0.0 0.0 1.0"/>
            </transform>
            <transform time="0.0015">
                <matrix value="0.07595814349224557 0.9861392106751257 0.1473622888790621 1.5573753004326907 -0.9130003299866742 0.009456675624783894 0.40767254992073104 2.094547586939671 0.4006535914179486 -0.16556332959105136 0.9010672291030817 -0.9924187723011348 0.0 0.0 0.0 1.0"/>
            </transform>
        </animation>
    </shape>
    <shape name="temp16" type="ply">
        <string name="filename" value="meshes/Cube_012.ply"/>
        <boolean name="face_normals" value="true"/>
        <ref id="mat-Material" name="bsdf"/>
        <animation name="to_world">
            <transform time="0">
                <matrix value="0.09300266210660128 0.9904631192078812 0.10165228516274163 1.0965681850754398 -0.7384373886356503 0.00013143664363203267 0.6743224082443344 1.8462458904609944 0.667878266465967 -0.13777754717650176 0.7314069162654644 -1.831527662428369 0.0 0.0 0.0 1.0"/>
            </transform>
            <transform time="0.0015">
                <matrix value="0.09300178607069214 0.9904627737871365 0.10165645694516709 1.0965532382033407 -0.7384340855494356 0.00012726141543645836 0.6743260336611301 1.8462486171975567 0.6678820482603289 -0.13778003645860692 0.7314030014961546 -1.831629979426907 0.0 0.0 0.0 1.0"/>
            </transform>
        </animation>
    </shape>
    <shape name="temp17" type="ply">
        <string name="filename" value="meshes/Cube_013.ply"/>
        <boolean name="face_normals" value="true"/>
        <ref id="mat-Material" name="bsdf"/>
        <animation name="to_world">
            <transform time="0">
                <matrix value="0.9058766247005906 0.1711110856175027 0.38738681982562534 0.6742421527648915 -0.41050725408535405 0.1300513846853405 0.9025102110963024 1.4731866431648908 0.10404100778863423 -0.9766286765549421 0.1880438097282352 -1.395817482531646 0.0 0.0 0.0 1.0"/>
            </transform>
            <transform time="0.0015">
                <matrix value="0.9057081992175121 0.17105243768055617 0.3878065767096944 0.6748438381071264 -0.41092825236960356 0.1301832145125203 0.9022997241629511 1.4732629500870134 0.10384640175699231 -0.9766214001918654 0.1881892893640852 -1.3954538339520655 0.0 0.0 0.0 1.0"/>
            </transform>
        </animation>
    </shape>
    <shape name="temp18" type="ply">
        <string name="filename" value="meshes/Cube_014.ply"/>
        <boolean name="face_normals" value="true"/>
        <ref id="mat-Material" name="bsdf"/>
        <animation name="to_world">
            <transform time="0">
                <matrix value="0.9394058263168252 0.29783260294145253 0.1697430642791999 0.11214615729254468 -0.21621261038921896 0.13051232418970304 0.9675838175103695 1.0256677708812143 0.26602460963748187 -0.9456540466352261 0.18699926150098745 -0.8681927665499236 0.0 0.0 0.0 1.0"/>
            </transform>
            <transform time="0.0015">
                <matrix value="0.9394120176088607 0.2978205432519777 0.16972999490696253 0.1121292297637829 -0.21621163382459893 0.13056543037644258 0.9675768730500285 1.02565949868091 0.2660035672230304 -0.9456505173363138 0.18704705828115079 -0.8681257290475977 0.0 0.0 0.0 1.0"/>
            </transform>
        </animation>
    </shape>
    <shape name="temp19" type="ply">
        <string name="filename" value="meshes/Cube_015.ply"/>
        <boolean name="face_normals" value="true"/>
        <ref id="mat-Material" name="bsdf"/>
        <animation name="to_world">
            <transform time="0">
                <matrix value="0.982934327611976 0.13201649691399872 0.1281094732591966 0.02143052562383463 -0.14971694617456255 0.16945140304073858 0.9741002911917681 0.6397486448607259 0.10688898758392773 -0.9766563139440536 0.18632466014625304 -0.29764717925617823 0.0 0.0 0.0 1.0"/>
            </transform>
            <transform time="0.0015">
                <matrix value="0.9829361467029349 0.13199300605062136 0.12811979037840177 0.02137500936590469 -0.14972168219383092 0.16944183638794225 0.9741012273322551 0.6397559271546582 0.10686570641104173 -0.9766611498344782 0.18631267159075993 -0.29761796015627645 0.0 0.0 0.0 1.0"/>
            </transform>
        </animation>
    </shape>
    <shape name="temp20" type="ply">
        <string name="filename" value="meshes/Cube_016.ply"/>
        <boolean name="face_normals" value="true"/>
        <ref id="mat-Material" name="bsdf"/>
        <animation name="to_world">
            <transform time="0">
                <matrix value="0.9850570096821605 0.027555791023793186 0.17000917450277786 0.04160014892165198 -0.17221724314616144 0.16859140049601293 0.9705248118174972 0.3285727234308153 -0.0019184564746013931 -0.9853006635059227 0.17081759925412543 0.18482316371998772 0.0 0.0 0.0 1.0"/>
            </transform>
            <transform time="0.0015">
                <matrix value="0.9850519353758016 0.027531000327135572 0.17004261769616283 0.04153204035078334 -0.17224596882637347 0.16858646323210902 0.9705205736542007 0.3285709031380044 -0.0019474315617580428 -0.9853021953718337 0.1708084020993576 0.18496269032111684 0.0 0.0 0.0 1.0"/>
            </transform>
        </animation>
    </shape>
    <shape name="temp21" type="ply">
        <string name="filename" value="meshes/Cube_017.ply"/>
        <boolean name="face_normals" value="true"/>
        <ref id="mat-Material" name="bsdf"/>
        <animation name="to_world">
            <transform time="0">
                <matrix value="0.9439275513406273 -0.13008717771154077 0.3034308999901187 0.21623846563985255 -0.2862982623172295 0.1351728849053967 0.9485522204377002 0.15507895696485136 -0.16441067980788154 -0.9822360420755785 0.09034992891592411 0.4437050552215446 0.0 0.0 0.0 1.0"/>
            </transform>
            <transform time="0.0015">
                <matrix value="0.9438975044259295 -0.13028553557413214 0.303439325254503 0.21629594149681425 -0.2863271603323745 0.1349413058272353 0.9485765005177895 0.1552895586337255 -0.1645328636796466 -0.9822416363898118 0.09006672684471534 0.4438997198885416 0.0 0.0 0.0 1.0"/>
            </transform>
        </animation>
    </shape>
    <shape name="temp22" type="ply">
        <string name="filename" value="meshes/Cube_018.ply"/>
        <boolean name="face_normals" value="true"/>
        <ref id="mat-Material" name="bsdf"/>
        <animation name="to_world">
            <transform time="0">
                <matrix value="0.2051243557489269 0.9580834670009575 0.19993940005701855 0.8529669794718213 -0.5959763451040465 -0.039766281550947705 0.8019827421952899 0.011481751553211406 0.7763300781700166 -0.28369821639762793 0.5628467624004716 -0.15518539050394942 0.0 0.0 0.0 1.0"/>
            </transform>
            <transform time="0.0015">
                <matrix value="0.20490523826446105 0.9580721507169981 0.20021839119810875 0.8529856696510691 -0.5963571733919812 -0.03999364199053693 0.801688470688339 0.011903873333984717 0.7760956228765186 -0.283704531589937 0.5631669649989165 -0.15520301935779268 0.0 0.0 0.0 1.0"/>
            </transform>
        </animation>
    </shape>
    <shape name="temp23" type="ply">
        <string name="filename" value="meshes/Cube_019.ply"/>
        <boolean name="face_normals" value="true"/>
        <ref id="mat-Material" name="bsdf"/>
        <animation name="to_world">
            <transform time="0">
                <matrix value="-0.08086390367837001 0.9838177350690309 -0.15988605272277778 0.5070385545843653 -0.9133911142551687 -0.008933642107283129 0.4069852929009064 -0.046602143197123996 0.39897112638224763 0.17894888230226752 0.8993328214586442 -0.055757857922732246 0.0 0.0 0.0 1.0"/>
            </transform>
            <transform time="0.0015">
                <matrix value="-0.08086382070229119 0.983817096791568 -0.15989002876673775 0.5070408088885406 -0.9133951034897276 -0.008933709464328327 0.40697633999370203 -0.046596077092056265 0.3989620101834335 0.17895239357922793 0.8993361660332938 -0.05574175039205839 0.0 0.0 0.0 1.0"/>
            </transform>
        </animation>
    </shape>
    <shape name="temp24" type="ply">
        <string name="filename" value="meshes/Cube_020.ply"/>
        <boolean name="face_normals" value="true"/>
        <ref id="mat-Material" name="bsdf"/>
        <animation name="to_world">
            <transform time="0">
                <matrix value="0.09820936029512478 0.9420278948970315 -0.3208390520600489 0.1377311873720849 -0.9613777987777135 0.006513627482715705 -0.27515400051434674 0.14053809196236688 -0.2571130857176123 0.33547031428646185 0.9062847351280934 0.11778599505640758 0.0 0.0 0.0 1.0"/>
            </transform>
            <transform time="0.0015">
                <matrix value="0.09820475156436506 0.9420096011096307 -0.3208941822243774 0.1377849373265358 -0.9613759533901609 0.006490367384640084 -0.2751610130576306 0.1405481366968379 -0.2571217606355827 0.3355221361880548 0.9062630932620965 0.11779644020735006 0.0 0.0 0.0 1.0"/>
            </transform>
        </animation>
    </shape>
    <shape name="temp25" type="ply">
        <string name="filename" value="meshes/Cube_021.ply"/>
        <boolean name="face_normals" value="true"/>
        <ref id="mat-Material" name="bsdf"/>
        <animation name="to_world">
            <transform time="0">
                <matrix value="0.19001395323273532 0.9404627020397436 -0.2818215300356815 -0.17292345307604057 -0.7950093701188063 -0.02103933374076755 -0.606230860843052 0.09434876080221102 -0.5760666156052813 0.33924404961797827 0.7436796162452762 0.30954658086587 0.0 0.0 0.0 1.0"/>
            </transform>
            <transform time="0.0015">
                <matrix value="0.18993497277124358 0.9404793948726842 -0.2818190790496788 -0.17296668746532048 -0.7950605918905431 -0.02107331705962825 -0.606162505566754 0.09429593655493994 -0.5760219840490358 0.33919567569543985 0.7437362612551168 0.30957814388814353 0.0 0.0 0.0 1.0"/>
            </transform>
        </animation>
    </shape>
    <shape name="temp26" type="ply">
        <string name="filename" value="meshes/Cube_022.ply"/>
        <boolean name="face_normals" value="true"/>
        <ref id="mat-Material" name="bsdf"/>
        <animation name="to_world">
            <transform time="0">
                <matrix value="0.6376598549360226 0.4005744405253816 -0.6579742527661799 -0.08567677279064473 -0.7117214690076893 -0.020397772947897786 -0.7021657594601866 -0.19544780102155118 -0.2946908569979806 0.916037090419108 0.2720904344520664 0.6898256251065117 0.0 0.0 0.0 1.0"/>
            </transform>
            <transform time="0.0015">
                <matrix value="0.637654668931096 0.4005881972819929 -0.6579709167018984 -0.08568974451892655 -0.7117223147254157 -0.020397666393107222 -0.7021648914026439 -0.1954489014727307 -0.2947000322374661 0.9160310755926638 0.2721007405077931 0.6898409102350922 0.0 0.0 0.0 1.0"/>
            </transform>
        </animation>
    </shape>
    <shape name="temp27" type="ply">
        <string name="filename" value="meshes/Cube_023.ply"/>
        <boolean name="face_normals" value="true"/>
        <ref id="mat-Material" name="bsdf"/>
        <animation name="to_world">
            <transform time="0">
                <matrix value="0.8560718281217035 0.2855843378394445 -0.43079337582460603 -0.06651690334965754 -0.4803863556177275 0.13209620731587762 -0.8670524480864035 -0.2870962514953639 -0.19071039595622197 0.9492060247422422 0.250274573176411 0.20431901536993408 0.0 0.0 0.0 1.0"/>
            </transform>
            <transform time="0.0015">
                <matrix value="0.8560689399158827 0.2855822052418039 -0.4308005245337806 -0.06651321409840044 -0.48039281817771295 0.13209513200608136 -0.8670490269184413 -0.2871022782065581 -0.1907070880829257 0.9492068207117842 0.2502740965957993 0.20435910595646883 0.0 0.0 0.0 1.0"/>
            </transform>
        </animation>
    </shape>
    <shape name="temp28" type="ply">
        <string name="filename" value="meshes/Cube_024.ply"/>
        <boolean name="face_normals" value="true"/>
        <ref id="mat-Material" name="bsdf"/>
        <animation name="to_world">
            <transform time="0">
                <matrix value="0.8542893336666507 0.4463688642388872 -0.26635441995441356 -0.1941581449860777 -0.3759856576014978 0.17681448324339882 -0.9095995888612411 -0.5108318205107161 -0.3589217360161836 0.8772065587174583 0.31887898024727895 -0.3481479939958109 0.0 0.0 0.0 1.0"/>
            </transform>
            <transform time="0.0015">
                <matrix value="0.8542861422790036 0.44639379460567197 -0.26632289755110083 -0.19415499915713413 -0.37596288545494155 0.17681727664594218 -0.9096084566647649 -0.5108142186769333 -0.3589531999069969 0.8771933125828173 0.3188800100018148 -0.3481846388545077 0.0 0.0 0.0 1.0"/>
            </transform>
        </animation>
    </shape>
    <shape name="temp29" type="ply">
        <string name="filename" value="meshes/Cube_025.ply"/>
        <boolean name="face_normals" value="true"/>
        <ref id="mat-Material" name="bsdf"/>
        <animation name="to_world">
            <transform time="0">
                <matrix value="0.9018103300019326 0.358358380803591 -0.24149071368223077 -0.261645441576393 -0.3212964317311051 0.18233354469852303 -0.9292594065247948 -0.7933072519890154 -0.28897610398083784 0.9156056342728656 0.27956950991938445 -0.6964134154539185 0.0 0.0 0.0 1.0"/>
            </transform>
            <transform time="0.0015">
                <matrix value="0.9018091013176884 0.3583469744098723 -0.24151225342380322 -0.26165179889345785 -0.3213080467864469 0.1823114099870256 -0.9292597299187813 -0.7933195798672703 -0.28896704043991994 0.9156145100841726 0.2795498254380502 -0.696415795264036 0.0 0.0 0.0 1.0"/>
            </transform>
        </animation>
    </shape>
    <shape name="temp30" type="ply">
        <string name="filename" value="meshes/Cube_026.ply"/>
        <boolean name="face_normals" value="true"/>
        <ref id="mat-Material" name="bsdf"/>
        <animation name="to_world">
            <transform time="0">
                <matrix value="0.9232798252565924 0.23301531215648813 -0.30538246164131166 -0.3337122649697729 -0.3505638249587343 0.18612970174564009 -0.9178567595589997 -1.148438906854762 -0.15703388312970834 0.954494360929701 0.25353647414473346 -0.8896676804461274 0.0 0.0 0.0 1.0"/>
            </transform>
            <transform time="0.0015">
                <matrix value="0.923276346644057 0.2330047542963377 -0.30540103977479754 -0.33372786961096623 -0.350580469641008 0.18613556939281045 -0.9178492108625261 -1.1484583747053652 -0.15701717940676313 0.9544957951767058 0.25354141866857927 -0.8896436939596002 0.0 0.0 0.0 1.0"/>
            </transform>
        </animation>
    </shape>
    <shape name="temp31" type="ply">
        <string name="filename" value="meshes/Cube_027.ply"/>
        <boolean name="face_normals" value="true"/>
        <ref id="mat-Material" name="bsdf"/>
        <animation name="to_world">
            <transform time="0">
                <matrix value="0.8723655959732424 0.17289899525054075 -0.4572572420891485 -0.6011196808831192 -0.48456080116732003 0.18213842473139585 -0.8555853833930389 -1.5847009140557304 -0.06464573061218701 0.967952205046483 0.24267127196289917 -1.0296634556168178 0.0 0.0 0.0 1.0"/>
            </transform>
            <transform time="0.0015">
                <matrix value="0.8723541069777128 0.17289849288863177 -0.4572793435150132 -0.6011689779128924 -0.4845827738712707 0.1821446408029695 -0.8555716136175098 -1.5847248576542254 -0.06463605272914702 0.9679511312385161 0.24267815685066374 -1.029640613445519 0.0 0.0 0.0 1.0"/>
            </transform>
        </animation>
    </shape>
    <shape name="temp32" type="ply">
        <string name="filename" value="meshes/Cube_028.ply"/>
        <boolean name="face_normals" value="true"/>
        <ref id="mat-Material" name="bsdf"/>
        <animation name="to_world">
            <transform time="0">
                <matrix value="-0.10551201449575995 0.9846209923178488 0.13924370514694098 -1.4863458766990283 -0.7971400305304532 -3.374764039272209e-05 -0.6037946887642718 -2.1221250707921158 -0.5945043411042379 -0.17470429036571045 0.7848842679380322 -1.3601938906741535 0.0 0.0 0.0 1.0"/>
            </transform>
            <transform time="0.0015">
                <matrix value="-0.10551415591687119 0.9846210298635819 0.139241822653525 -1.4863504930425964 -0.7971403177553416 -3.671977639488664e-05 -0.6037943057977089 -2.122123609158318 -0.5945035751712027 -0.17470408236234902 0.784884897705269 -1.360195253625696 0.0 0.0 0.0 1.0"/>
            </transform>
        </animation>
    </shape>
    <shape name="temp33" type="ply">
        <string name="filename" value="meshes/Cube_029.ply"/>
        <boolean name="face_normals" value="true"/>
        <ref id="mat-Material" name="bsdf"/>
        <animation name="to_world">
            <transform time="0">
                <matrix value="0.0022899147558538865 0.9762764823548308 0.21651503876174233 -1.5688706327714885 -0.9985975848673911 -0.009220203244316607 0.052135749072975704 -1.819623676158952 0.05289522930639845 -0.21633067249589613 0.9748863056657815 -0.11917781052357401 0.0 0.0 0.0 1.0"/>
            </transform>
            <transform time="0.0015">
                <matrix value="0.0022971826625121303 0.9762765424280038 0.2165146923897621 -1.5688602201404813 -0.9985972019008735 -0.009214627778041296 0.05214421263401633 -1.8196139678282788 0.05290228386879249 -0.21633064245930964 0.9748859312095866 -0.11917818635355878 0.0 0.0 0.0 1.0"/>
            </transform>
        </animation>
    </shape>
    <shape name="temp34" type="ply">
        <string name="filename" value="meshes/Cube_030.ply"/>
        <boolean name="face_normals" value="true"/>
        <ref id="mat-Material" name="bsdf"/>
        <animation name="to_world">
            <transform time="0">
                <matrix value="-0.04250395894924612 0.9785490330553928 -0.2015811465619427 -3.227150374368893 -0.9748297202209281 0.0035785718489396634 0.22291746699088966 -1.9136152788999392 0.21885700598342614 0.20598252600672648 0.9537667484881703 0.2499236117258654 0.0 0.0 0.0 1.0"/>
            </transform>
            <transform time="0.0015">
                <matrix value="-0.0424840331431819 0.9785488323445342 -0.20158631911628824 -3.2271163191239856 -0.9748519242032059 0.0035786294990504254 0.2228203473938121 -1.913830524186067 0.21876195487450312 0.20598347496346142 0.9537883515604073 0.24971242750146594 0.0 0.0 0.0 1.0"/>
            </transform>
        </animation>
    </shape>
    <shape name="temp35" type="ply">
        <string name="filename" value="meshes/Cube_031.ply"/>
        <boolean name="face_normals" value="true"/>
        <ref id="mat-Material" name="bsdf"/>
        <animation name="to_world">
            <transform time="0">
                <matrix value="0.14577608873334078 0.9762269436384989 0.16040615790924406 -1.8687270179955704 -0.7362375825979962 -0.0012542097479678698 0.6767217026515518 -1.004079980440552 0.6608353855400539 -0.21674700629715304 0.7185520927842217 0.6585686843975371 0.0 0.0 0.0 1.0"/>
            </transform>
            <transform time="0.0015">
                <matrix value="0.14577538981944604 0.97622451818414 0.1604215540161104 -1.8687069863523669 -0.7362769483646239 -0.0012525011167455178 0.6766788869898169 -1.0042518815435295 0.6607916954431643 -0.21675793961463458 0.7185889682090472 0.6584995635598399 0.0 0.0 0.0 1.0"/>
            </transform>
        </animation>
    </shape>
    <shape name="temp36" type="ply">
        <string name="filename" value="meshes/Cube_032.ply"/>
        <boolean name="face_normals" value="true"/>
        <ref id="mat-Material" name="bsdf"/>
        <animation name="to_world">
            <transform time="0">
                <matrix value="0.6802677442746536 0.6131010610671578 0.40151900547538866 -0.688114190355076 -0.509657560719611 0.0021141903913662885 0.8602518272177073 -0.4959430725054371 0.5265678770697148 -0.7900014183716677 0.31390723185323066 -0.14363377018396495 0.0 0.0 0.0 1.0"/>
            </transform>
            <transform time="0.0015">
                <matrix value="0.6806781726830158 0.613100738173853 0.40082412541251494 -0.6877081342426019 -0.5087564245466226 0.0020808237236261775 0.8607857847308404 -0.4930753586224038 0.5269098342561072 -0.7900017562832656 0.3133327479673722 -0.14329143036033476 0.0 0.0 0.0 1.0"/>
            </transform>
        </animation>
    </shape>
    <shape name="temp37" type="ply">
        <string name="filename" value="meshes/Cube_033.ply"/>
        <boolean name="face_normals" value="true"/>
        <ref id="mat-Material" name="bsdf"/>
        <animation name="to_world">
            <transform time="0">
                <matrix value="0.9766075028323111 0.16980013474530842 0.1319308155969857 -0.14543507098045527 -0.15008605527749558 0.09889841538682959 0.9837141346914403 0.3004818332605579 0.15398706533552473 -0.9805033342163393 0.12206958438391358 -0.3886728294338297 0.0 0.0 0.0 1.0"/>
            </transform>
            <transform time="0.0015">
                <matrix value="0.9766073751768053 0.1697997307532202 0.13193231342176512 -0.14544123451192847 -0.15008665366267943 0.0988929434716862 0.9837145857409477 0.3004820624839358 0.15398732224223033 -0.9805039574755089 0.12206426880802021 -0.3886995781084588 0.0 0.0 0.0 1.0"/>
            </transform>
        </animation>
    </shape>
    <shape name="temp38" type="ply">
        <string name="filename" value="meshes/Cube_034.ply"/>
        <boolean name="face_normals" value="true"/>
        <ref id="mat-Material" name="bsdf"/>
        <animation name="to_world">
            <transform time="0">
                <matrix value="0.9999155625528566 -0.001650923088796324 0.012893816891013715 -0.03378705208166166 -0.012397301015731516 0.17719120692999712 0.9840983953012172 0.3693223921232417 -0.003909342992445397 -0.9841750395788271 0.17715578357723816 -0.3802711995699266 0.0 0.0 0.0 1.0"/>
            </transform>
            <transform time="0.0015">
                <matrix value="0.9999155465959183 -0.0016533281933678594 0.01289427730192603 -0.03378377301960864 -0.012397341546354634 0.17718788788719025 0.9840989910269817 0.3693233475768678 -0.003911749617870115 -0.9841756328014102 0.17715243134325737 -0.380296263095245 0.0 0.0 0.0 1.0"/>
