
<scene version="2.1.0">
    <default name="spp" value="1024"/>
    <default name="resx" value="640"/>
    <default name="resy" value="360"/>
    <integrator name="temp0" type="path">
        <integer name="max_depth" value="12"/>
    </integrator>
    <sensor name="temp44" type="perspective">
        <string name="fov_axis" value="x"/>
        <float name="fov" value="83.974423"/>
        <float name="principal_point_offset_x" value="0.000000"/>
        <float name="principal_point_offset_y" value="-0.000000"/>
        <float name="near_clip" value="0.100000"/>
        <float name="far_clip" value="1000.000000"/>
        <sampler name="sampler" type="correlated">
            <integer name="sample_count" value="1024"/>
        </sampler>
        <film name="film" type="hdrfilm">
            <integer name="width" value="$resx"/>
            <integer name="height" value="$resy"/>
        </film>
        <float name="shutter_open" value="0.0"/>
        <float name="shutter_close" value="0.0015"/>
        <animation name="to_world">
            <transform time="0">
                <rotate angle="-142.5518126578256" x="1"/>
                <rotate angle="3.976628485794621e-06" y="1"/>
                <rotate angle="-179.999991348578" z="1"/>
                <translate value="-0.000000 3.030926 4.073377"/>
            </transform>
            <transform time="0.0015">
                <rotate angle="-142.5518126578256" x="1"/>
                <rotate angle="3.976628485794621e-06" y="1"/>
                <rotate angle="-179.999991348578" z="1"/>
                <translate value="-0.000000 3.030926 4.073377"/>
                <translate x="0.15" y="0.0" z="0.0"/>
            </transform>
        </animation>
    </sensor>
    <bsdf id="mat-Material" name="mat-Material" type="twosided">
        <bsdf name="bsdf" type="diffuse">
            <texture name="reflectance" type="bitmap">
                <string name="filename" value="textures/siggraph_2023_logo.jpg"/>
            </texture>
        </bsdf>
    </bsdf>
    <bsdf id="mat-Material.001" name="mat-Material.001" type="twosided">
        <bsdf name="bsdf" type="principled">
            <rgb name="base_color" value="0.433648 0.266232 0.084399"/>
            <float name="spec_tint" value="0.000000"/>
            <float name="spec_trans" value="0.000000"/>
            <float name="metallic" value="0.000000"/>
            <float name="anisotropic" value="0.000000"/>
            <float name="roughness" value="0.500000"/>
            <float name="sheen" value="0.000000"/>
            <float name="sheen_tint" value="0.500000"/>
            <float name="clearcoat" value="0.000000"/>
            <float name="clearcoat_gloss" value="0.173205"/>
            <float name="specular" value="0.500000"/>
        </bsdf>
    </bsdf>
    <bsdf id="mat-Material.002" name="mat-Material.002" type="twosided">
        <bsdf name="bsdf" type="principled">
            <rgb name="base_color" value="0.433648 0.266232 0.084399"/>
            <float name="spec_tint" value="0.000000"/>
            <float name="spec_trans" value="0.000000"/>
            <float name="metallic" value="0.000000"/>
            <float name="anisotropic" value="0.000000"/>
            <float name="roughness" value="0.500000"/>
            <float name="sheen" value="0.000000"/>
            <float name="sheen_tint" value="0.500000"/>
            <float name="clearcoat" value="0.000000"/>
            <float name="clearcoat_gloss" value="0.173205"/>
            <float name="specular" value="0.500000"/>
        </bsdf>
    </bsdf>
    <bsdf id="mat-Material.003" name="mat-Material.003" type="twosided">
        <bsdf name="bsdf" type="principled">
            <rgb name="base_color" value="0.433648 0.266232 0.084399"/>
            <float name="spec_tint" value="0.000000"/>
            <float name="spec_trans" value="0.000000"/>
            <float name="metallic" value="0.000000"/>
            <float name="anisotropic" value="0.000000"/>
            <float name="roughness" value="0.500000"/>
            <float name="sheen" value="0.000000"/>
            <float name="sheen_tint" value="0.500000"/>
            <float name="clearcoat" value="0.000000"/>
            <float name="clearcoat_gloss" value="0.173205"/>
            <float name="specular" value="0.500000"/>
        </bsdf>
    </bsdf>
    <bsdf id="mat-Material.004" name="mat-Material.004" type="twosided">
        <bsdf name="bsdf" type="principled">
            <rgb name="base_color" value="0.433648 0.266232 0.084399"/>
            <float name="spec_tint" value="0.000000"/>
            <float name="spec_trans" value="0.000000"/>
            <float name="metallic" value="0.000000"/>
            <float name="anisotropic" value="0.000000"/>
            <float name="roughness" value="0.500000"/>
            <float name="sheen" value="0.000000"/>
            <float name="sheen_tint" value="0.500000"/>
            <float name="clearcoat" value="0.000000"/>
            <float name="clearcoat_gloss" value="0.173205"/>
            <float name="specular" value="0.500000"/>
        </bsdf>
    </bsdf>
    <bsdf id="mat-Material.005" name="mat-Material.005" type="twosided">
        <bsdf name="bsdf" type="principled">
            <rgb name="base_color" value="0.433648 0.266232 0.084399"/>
            <float name="spec_tint" value="0.000000"/>
            <float name="spec_trans" value="0.000000"/>
            <float name="metallic" value="0.000000"/>
            <float name="anisotropic" value="0.000000"/>
            <float name="roughness" value="0.500000"/>
            <float name="sheen" value="0.000000"/>
            <float name="sheen_tint" value="0.500000"/>
            <float name="clearcoat" value="0.000000"/>
            <float name="clearcoat_gloss" value="0.173205"/>
            <float name="specular" value="0.500000"/>
        </bsdf>
    </bsdf>
    <emitter name="temp45" type="point">
        <point name="position" x="-6.815235034541981e-16" y="3.0693089962005615" z="4.109199523925781"/>
        <rgb name="intensity" value="7.957747 7.957747 7.957747"/>
    </emitter>
    <shape name="temp2" type="ply">
        <string name="filename" value="meshes/Cube.ply"/>
        <boolean name="face_normals" value="true"/>
        <ref id="mat-Material" name="bsdf"/>
        <animation name="to_world">
            <transform time="0">
                <matrix value="0.9999995567588077 0.00023614636761273448 0.0012414064387468967 -0.0020889301092004153 -0.000233773826430295 0.9999981227433812 -0.001911811776364344 -0.01470984650253554 -0.0012418554430904903 0.0019115186380294646 0.9999973996513641 0.0028619995865666326 0.0 0.0 0.0 1.0"/>
                <scale value="1"/>
            </transform>
            <transform time="0.0015">
                <matrix value="0.9999995408018695 0.00023551559929649304 0.0012419251456804571 -0.002089629651919915 -0.0002332288012479142 0.9999981903257008 -0.0018427170869495372 -0.014802954686614836 -0.0012423579270755348 0.0018424246183345496 0.9999974677343086 0.0028662457248908356 0.0 0.0 0.0 1.0"/>
                <scale value="1"/>
            </transform>
        </animation>
    </shape>
    <shape name="temp4" type="ply">
        <string name="filename" value="meshes/Plane.ply"/>
        <boolean name="face_normals" value="true"/>
        <ref id="mat-Material.001" name="bsdf"/>
        <transform name="to_world">
            <scale value="1"/>
        </transform>
    </shape>
    <shape name="temp5" type="ply">
        <string name="filename" value="meshes/Cube_001.ply"/>
        <boolean name="face_normals" value="true"/>
        <ref id="mat-Material" name="bsdf"/>
        <animation name="to_world">
            <transform time="0">
                <matrix value="0.9999991135176153 0.00014230668949966938 -0.0014836052746417308 0.002076979734645157 -0.00014594868685364353 0.9999968712389685 -0.0024550364261564815 -0.014886633094305657 0.0014832534612704712 0.002455247245125912 0.999995981279381 -0.0031990779908769307 0.0 0.0 0.0 1.0"/>
                <scale value="1"/>
            </transform>
            <transform time="0.0015">
                <matrix value="0.9999991135176153 0.000131326424833471 -0.0014841894263057111 0.0020757850368218708 -0.00013469890178498484 0.9999968637298219 -0.0022743604611001416 -0.015091837713036009 0.0014838350916691649 0.002274554725054074 0.999995972769013 -0.0031955705307015808 0.0 0.0 0.0 1.0"/>
                <scale value="1"/>
            </transform>
        </animation>
    </shape>
    <shape name="temp6" type="ply">
        <string name="filename" value="meshes/Cube_002.ply"/>
        <boolean name="face_normals" value="true"/>
        <ref id="mat-Material" name="bsdf"/>
        <animation name="to_world">
            <transform time="0">
                <matrix value="1.0 7.04749250661733e-05 0.00032194207274262554 -0.0008741151129938451 -7.158655525356057e-05 0.9999939510620058 0.0034534284651182145 -0.01971382556373319 -0.0003216973655516491 -0.0034534575938158997 0.9999940901167368 0.0011064748019340431 0.0 0.0 0.0 1.0"/>
                <scale value="1"/>
            </transform>
            <transform time="0.0015">
                <matrix value="1.0 6.903875571985104e-05 0.0003220865787923689 -0.0008738999728093412 -7.012762196482747e-05 0.9999941312815248 0.0033820549867860468 -0.019673604123394913 -0.00032184900433570354 -0.003382083455540398 0.9999942688344662 0.0011006328593731708 0.0 0.0 0.0 1.0"/>
                <scale value="1"/>
            </transform>
        </animation>
    </shape>
    <shape name="temp7" type="ply">
        <string name="filename" value="meshes/Cube_003.ply"/>
        <boolean name="face_normals" value="true"/>
        <ref id="mat-Material" name="bsdf"/>
        <animation name="to_world">
            <transform time="0">
                <matrix value="0.9999995567588077 6.780838633106882e-05 0.0012046044136899373 -0.0012710382168363843 -6.838059170926215e-05 0.9999997914159312 0.0004750482364671947 -0.017737224865872425 -0.0012045699939896494 -0.00047512947856068655 0.9999992908140084 0.003399214996505917 0.0 0.0 0.0 1.0"/>
                <scale value="1"/>
            </transform>
            <transform time="0.0015">
                <matrix value="0.9999995408018695 4.9438918641940576e-05 0.0012051072913388972 -0.001270993125913501 -4.980585392816653e-05 0.9999994760317731 0.00030628721222023046 -0.017724151436569007 -0.00120500657581978 -0.00030634608957388535 0.99999897593039 0.0033994034690911193 0.0 0.0 0.0 1.0"/>
                <scale value="1"/>
            </transform>
        </animation>
    </shape>
    <shape name="temp8" type="ply">
        <string name="filename" value="meshes/Cube_004.ply"/>
        <boolean name="face_normals" value="true"/>
        <ref id="mat-Material" name="bsdf"/>
        <animation name="to_world">
            <transform time="0">
                <matrix value="0.9999995567588077 -0.0003665260114762955 0.0008557865558193202 -0.0005517782137585137 0.00036826650142635016 0.9999977055752436 -0.0020338295901708714 -0.018749795175526107 -0.0008550388545229218 0.002034143126216306 0.9999976360466947 0.002644730960695719 0.0 0.0 0.0 1.0"/>
                <scale value="1"/>
            </transform>
            <transform time="0.0015">
                <matrix value="0.9999995567588077 -0.0003432176203618502 0.000856460491866386 -0.0005525166179388076 0.00034489274638472455 0.9999977881758564 -0.001957529289558525 -0.018690146063706187 -0.0008557388854033249 0.0019578226905335046 0.9999977126400073 0.002649280127075154 0.0 0.0 0.0 1.0"/>
                <scale value="1"/>
            </transform>
        </animation>
    </shape>
    <shape name="temp9" type="ply">
        <string name="filename" value="meshes/Cube_005.ply"/>
        <boolean name="face_normals" value="true"/>
        <ref id="mat-Material" name="bsdf"/>
        <animation name="to_world">
            <transform time="0">
                <matrix value="0.9999995567588077 -0.000562482400719198 0.0007845724624970627 -0.0005516768452391574 0.0005656555448586681 0.9999916566372494 -0.004051319535095486 -0.020484519668500956 -0.0007822852452098924 0.004051760136664282 0.9999914897681008 0.001993589132432305 0.0 0.0 0.0 1.0"/>
                <scale value="1"/>
            </transform>
            <transform time="0.0015">
                <matrix value="0.9999995727157459 -0.0005369682503485895 0.0007845565481087811 -0.0005531628796353035 0.0005399959903286456 0.9999919344756745 -0.0038657062800062482 -0.020359418706376035 -0.0007823458815751883 0.0038661268984810843 0.9999917706102469 0.002002079625225453 0.0 0.0 0.0 1.0"/>
                <scale value="1"/>
            </transform>
        </animation>
    </shape>
    <shape name="temp10" type="ply">
        <string name="filename" value="meshes/Cube_006.ply"/>
        <boolean name="face_normals" value="true"/>
        <ref id="mat-Material" name="bsdf"/>
        <animation name="to_world">
            <transform time="0">
                <matrix value="0.9999995567588077 0.00021042795193388722 -0.001102197956504205 -0.0010714864637693111 -0.00021015660597808263 1.0 0.00024564547981396635 -0.017097209557232707 0.001102247764734667 -0.0002454137577880077 0.9999995272093389 -0.0024180680321177483 0.0 0.0 0.0 1.0"/>
                <scale value="1"/>
            </transform>
            <transform time="0.0015">
                <matrix value="0.9999995567588077 0.00019568821048398383 -0.0011033756212370368 -0.0010727697210380746 -0.00019534429083584517 0.9999999249085338 0.00030936660538946506 -0.01709063099927768 0.001103409110699466 -0.00030915131922341373 0.9999994506160264 -0.0024211271810300836 0.0 0.0 0.0 1.0"/>
                <scale value="1"/>
            </transform>
        </animation>
    </shape>
    <shape name="temp11" type="ply">
        <string name="filename" value="meshes/Cube_007.ply"/>
        <boolean name="face_normals" value="true"/>
        <ref id="mat-Material" name="bsdf"/>
        <animation name="to_world">
            <transform time="0">
                <matrix value="0.9999986702764229 -0.0017294184884746873 -6.383430389376204e-05 0.0005968491080694527 0.0017296866993955964 0.9999887364602866 0.004427708180365855 -0.01736168005419808 5.6175945477787415e-05 -0.0044278184400831835 0.9999903077914484 0.00016261024254382583 0.0 0.0 0.0 1.0"/>
                <scale value="1"/>
            </transform>
            <transform time="0.0015">
                <matrix value="0.9999986383625464 -0.001748714892731972 -6.405802444945425e-05 0.0005968856201956925 0.0017489867757611369 0.9999884436035684 0.004476840237278601 -0.01735880932390277 5.6202912703405856e-05 -0.004476951312070682 0.9999900524804065 0.00016188897121867545 0.0 0.0 0.0 1.0"/>
                <scale value="1"/>
            </transform>
        </animation>
    </shape>
    <shape name="temp12" type="ply">
        <string name="filename" value="meshes/Cube_008.ply"/>
        <boolean name="face_normals" value="true"/>
        <ref id="mat-Material" name="bsdf"/>
        <animation name="to_world">
            <transform time="0">
                <matrix value="0.9999977837940383 0.002234721738423063 0.00010809720197758877 0.00012771887900164813 -0.0022343788506578584 0.9999926995575932 -0.00307519593626971 -0.016534641568356434 -0.0001149687869552344 0.003074940084226247 0.9999955084887199 -2.268338528610414e-05 0.0 0.0 0.0 1.0"/>
                <scale value="1"/>
            </transform>
            <transform time="0.0015">
                <matrix value="0.9999977997509765 0.002222880640206421 0.00010812275010251984 0.00012798563359463837 -0.0022225396003338325 0.9999927746490594 -0.0030590100672469238 -0.016541327579806038 -0.00011492707551868612 0.003058755920877884 0.9999955510405603 -2.240980456130064e-05 0.0 0.0 0.0 1.0"/>
                <scale value="1"/>
            </transform>
        </animation>
    </shape>
    <shape name="temp13" type="ply">
        <string name="filename" value="meshes/Cube_009.ply"/>
        <boolean name="face_normals" value="true"/>
        <ref id="mat-Material" name="bsdf"/>
        <animation name="to_world">
            <transform time="0">
                <matrix value="0.9999986702764229 -0.0016187458674281378 0.0008177009041175811 0.0015097884986512433 0.0016180652699250213 0.99999833132745 0.0008299272706126091 -0.019874233708756517 -0.0008190432372918318 -0.000828602299013606 0.9999995272093389 0.0014128970325568702 0.0 0.0 0.0 1.0"/>
                <scale value="1"/>
            </transform>
            <transform time="0.0015">
                <matrix value="0.9999987021902994 -0.0015723702789887434 0.0008181824207426977 0.0015079665530851796 0.0015717060719337376 0.9999983838914763 0.0008097992288947628 -0.019809096257352415 -0.00081947965955258 -0.0008085121028669177 0.999999535719707 0.0014127730223535255 0.0 0.0 0.0 1.0"/>
                <scale value="1"/>
            </transform>
        </animation>
    </shape>
    <shape name="temp14" type="ply">
        <string name="filename" value="meshes/Cube_010.ply"/>
        <boolean name="face_normals" value="true"/>
        <ref id="mat-Material" name="bsdf"/>
        <animation name="to_world">
            <transform time="0">
                <matrix value="0.9999867027642294 -0.0005012421181295015 0.005154883856610157 0.01065420536814754 0.0005001666586883253 0.9999997914159312 0.00021027742883200377 -0.01833437823992673 -0.005154988147730516 -0.00020769633496932775 0.9999867618614903 0.008536282177595389 0.0 0.0 0.0 1.0"/>
                <scale value="1"/>
            </transform>
            <transform time="0.0015">
                <matrix value="0.9999866868072912 -0.0005017007768051685 0.005157345055054549 0.01066012370212842 0.0005006233462606329 0.9999997914159312 0.00021054718196855947 -0.018334756317486493 -0.005157449345884001 -0.00020796242908902217 0.9999867533511222 0.008540459077924329 0.0 0.0 0.0 1.0"/>
                <scale value="1"/>
            </transform>
        </animation>
    </shape>
    <shape name="temp15" type="ply">
        <string name="filename" value="meshes/Cube_011.ply"/>
        <boolean name="face_normals" value="true"/>
        <ref id="mat-Material" name="bsdf"/>
        <animation name="to_world">
            <transform time="0">
                <matrix value="0.999997340552846 -0.002263610631947153 -0.0008449218264281468 -0.0017284899494278694 0.002262985637212403 0.9999970798230373 -0.0007427824959659137 -0.022129120282301296 0.0008465995422204965 0.0007408676680092528 0.9999995272093389 -0.0013303542055009832 0.0 0.0 0.0 1.0"/>
                <scale value="1"/>
            </transform>
            <transform time="0.0015">
                <matrix value="0.9999973724667224 -0.002244225995217061 -0.0008455168713632504 -0.0017317484740855097 0.002243608329265801 0.999997124877917 -0.0007336560623567095 -0.022087820036474547 0.000847164577403425 0.0007317565951384764 0.9999995272093389 -0.001330348653339523 0.0 0.0 0.0 1.0"/>
                <scale value="1"/>
            </transform>
        </animation>
    </shape>
    <shape name="temp16" type="ply">
        <string name="filename" value="meshes/Cube_012.ply"/>
        <boolean name="face_normals" value="true"/>
        <ref id="mat-Material" name="bsdf"/>
        <animation name="to_world">
            <transform time="0">
                <matrix value="0.9999982270352306 -0.0018551321067199532 -0.00019474696480215365 -0.00031060712967456716 0.0018547073101110407 0.9999958283186247 -0.0021685891122929825 -0.02286798926115674 0.00019876929650530914 0.0021682230514597756 0.9999976360466947 -0.00044023068010501376 0.0 0.0 0.0 1.0"/>
                <scale value="1"/>
            </transform>
            <transform time="0.0015">
                <matrix value="0.9999981632074777 -0.00188837472335787 -0.0001945683406868378 -0.00030975999597739534 0.00188794289977664 0.9999956556082523 -0.002205349902460707 -0.022957023025443814 0.0001987648604764796 0.002204977245423968 0.9999975424326459 -0.00044094729328628764 0.0 0.0 0.0 1.0"/>
                <scale value="1"/>
            </transform>
        </animation>
    </shape>
    <shape name="temp17" type="ply">
        <string name="filename" value="meshes/Cube_013.ply"/>
        <boolean name="face_normals" value="true"/>
        <ref id="mat-Material" name="bsdf"/>
        <animation name="to_world">
            <transform time="0">
                <matrix value="0.9999977837940383 -0.0021248313076343856 0.00030052938370318956 -9.224376796745926e-05 0.002126454052731518 0.9999824789382238 -0.0055119117243100915 -0.02590081285894108 -0.0002888124150085014 0.005512547374656619 0.999984870698846 -0.00021034395563890307 0.0 0.0 0.0 1.0"/>
                <scale value="1"/>
            </transform>
            <transform time="0.0015">
                <matrix value="0.9999977837940383 -0.0021278844515593928 0.0003006059770157744 -9.256468177709754e-05 0.0021295099659730497 0.9999824263741974 -0.00551985870600917 -0.02591122390007688 -0.0002888545732393203 0.005520495130532727 0.9999848281470056 -0.0002091437156021267 0.0 0.0 0.0 1.0"/>
                <scale value="1"/>
            </transform>
        </animation>
    </shape>
    <shape name="temp18" type="ply">
        <string name="filename" value="meshes/Cube_014.ply"/>
        <boolean name="face_normals" value="true"/>
        <ref id="mat-Material" name="bsdf"/>
        <animation name="to_world">
            <transform time="0">
                <matrix value="1.0 -0.0005033237871357862 -6.44047258263317e-05 -0.00040988548291620575 0.0005031585367367166 0.999996454070831 -0.002546899651600562 -0.02018601518571117 6.568657174213291e-05 0.0025468782265348137 0.9999969268607032 0.0003069434764081391 0.0 0.0 0.0 1.0"/>
                <scale value="1"/>
            </transform>
            <transform time="0.0015">
                <matrix value="1.0 -0.0004632561071332048 -6.438188399844529e-05 -0.00041277887919922773 0.000463103270807916 0.9999964390525379 -0.00235555338706435 -0.01999489213489237 6.567832200506502e-05 0.002355534432528577 0.9999969013295991 0.0003132072129564592 0.0 0.0 0.0 1.0"/>
                <scale value="1"/>
            </transform>
        </animation>
    </shape>
    <shape name="temp19" type="ply">
        <string name="filename" value="meshes/Cube_015.ply"/>
        <boolean name="face_normals" value="true"/>
        <ref id="mat-Material" name="bsdf"/>
        <animation name="to_world">
            <transform time="0">
                <matrix value="0.999669785311696 0.017463225585756213 -0.01886510384137684 -0.006269177845461438 -0.015451618450889762 0.9946679654501348 0.10196612360355367 0.04832002612971026 0.020545164504536133 -0.10164091001057522 0.9946090044872562 -0.03314601917835347 0.0 0.0 0.0 1.0"/>
                <scale value="1"/>
            </transform>
            <transform time="0.0015">
                <matrix value="0.9996601632779399 0.017800419910057368 -0.018970804314817513 -0.006328694104386962 -0.01573053679536553 0.9944293698253699 0.1037832063305799 0.049505932503710486 0.02072823398897236 -0.10344821141953936 0.9943736842998915 -0.03336485891488877 0.0 0.0 0.0 1.0"/>
                <scale value="1"/>
            </transform>
        </animation>
    </shape>
    <shape name="temp20" type="ply">
        <string name="filename" value="meshes/Cube_016.ply"/>
        <boolean name="face_normals" value="true"/>
        <ref id="mat-Material" name="bsdf"/>
        <animation name="to_world">
            <transform time="0">
                <matrix value="0.9979234150138202 0.05757589852802223 -0.028884767204970352 0.06334251822312398 -0.0486336203763295 0.9674744432369745 0.24824937437975778 0.06703365689614849 0.04223846553445136 -0.24632902468175288 0.9682655816436189 -0.13908260828307115 0.0 0.0 0.0 1.0"/>
                <scale value="1"/>
            </transform>
            <transform time="0.0015">
                <matrix value="0.9979011072141666 0.05797694402714718 -0.02877218780102276 0.06337258969687419 -0.04897249308656097 0.9669683492820969 0.2499691325375929 0.06763155933639373 0.04233424482224019 -0.24803535059609205 0.967782056571639 -0.13919482247996354 0.0 0.0 0.0 1.0"/>
                <scale value="1"/>
            </transform>
        </animation>
    </shape>
    <shape name="temp21" type="ply">
        <string name="filename" value="meshes/Cube_017.ply"/>
        <boolean name="face_normals" value="true"/>
        <ref id="mat-Material" name="bsdf"/>
        <animation name="to_world">
            <transform time="0">
                <matrix value="0.9956646578975828 0.08526086566560219 0.037191368166342886 0.21438363986626396 -0.09282556508819614 0.9365168129188629 0.3381117497462296 0.006797496730709673 -0.0060026514688126635 -0.3400979927955063 0.9403709326410417 -0.19028821903437756 0.0 0.0 0.0 1.0"/>
                <scale value="1"/>
            </transform>
            <transform time="0.0015">
                <matrix value="0.9955671610049623 0.0861080415801701 0.037541689808406546 0.2143467721160681 -0.09374856545795517 0.9358597325528583 0.3395416362574034 0.0071590194007079755 -0.005857899061023211 -0.3415606769385506 0.939806235678458 -0.1902546228036802 0.0 0.0 0.0 1.0"/>
                <scale value="1"/>
            </transform>
        </animation>
    </shape>
    <shape name="temp22" type="ply">
        <string name="filename" value="meshes/Cube_018.ply"/>
        <boolean name="face_normals" value="true"/>
        <ref id="mat-Material" name="bsdf"/>
        <animation name="to_world">
            <transform time="0">
                <matrix value="-0.2321250578429756 0.96964893215386 0.07680380274984504 1.110349236048521 -0.9307249475645669 -0.24435957390446433 0.2721021360209276 0.696180705538067 0.2826114264033459 -0.008321478110144904 0.9591984023457981 -0.3782117289445672 0.0 0.0 0.0 1.0"/>
                <scale value="1"/>
            </transform>
            <transform time="0.0015">
                <matrix value="-0.23121431878455695 0.9698327335357249 0.07706719353523535 1.1097807000141486 -0.9304424938008556 -0.24358768619575713 0.2736108200300151 0.6944027092081049 0.2841314635956652 -0.008478639442722024 0.9587119497072039 -0.3789034443178475 0.0 0.0 0.0 1.0"/>
                <scale value="1"/>
            </transform>
        </animation>
    </shape>
    <shape name="temp23" type="ply">
        <string name="filename" value="meshes/Cube_019.ply"/>
        <boolean name="face_normals" value="true"/>
        <ref id="mat-Material" name="bsdf"/>
        <animation name="to_world">
            <transform time="0">
                <matrix value="-0.030869094032732476 0.9949606088986136 -0.09539672100764927 0.4081058156212854 -0.9736639380738866 -0.008363547430974316 0.2278351010188166 0.12049218702720031 0.2258890975077434 0.0999173798503618 0.9690154276320612 -0.031213408538151466 0.0 0.0 0.0 1.0"/>
                <scale value="1"/>
            </transform>
            <transform time="0.0015">
                <matrix value="-0.031083269174718597 0.9949358662604944 -0.09557413239551589 0.408378000563171 -0.973284545910393 -0.00836955024278388 0.22931413065038164 0.11914862821870353 0.22735193705495663 0.10015530791199206 0.9686161211624523 -0.03141793769494504 0.0 0.0 0.0 1.0"/>
                <scale value="1"/>
            </transform>
        </animation>
    </shape>
    <shape name="temp24" type="ply">
        <string name="filename" value="meshes/Cube_020.ply"/>
        <boolean name="face_normals" value="true"/>
        <ref id="mat-Material" name="bsdf"/>
        <animation name="to_world">
            <transform time="0">
                <matrix value="0.12779249866389056 0.9915425330004687 0.022634214724621127 -0.19742013243514167 -0.9751616069614164 0.12977858966014835 -0.17949199667907922 0.048505964853255576 -0.18091135809563394 0.0008657061087919 0.983499132992248 0.09923770319648817 0.0 0.0 0.0 1.0"/>
                <scale value="1"/>
            </transform>
            <transform time="0.0015">
                <matrix value="0.12744021707927847 0.9915848934700476 0.022688447895867186 -0.19741303817711367 -0.9750122337774602 0.12944266220406744 -0.18046293691215778 0.04941745097130019 -0.1818817608958635 0.0008677720128584563 0.983306807183564 0.09923297571595442 0.0 0.0 0.0 1.0"/>
                <scale value="1"/>
            </transform>
        </animation>
    </shape>
    <shape name="temp25" type="ply">
        <string name="filename" value="meshes/Cube_021.ply"/>
        <boolean name="face_normals" value="true"/>
        <ref id="mat-Material" name="bsdf"/>
        <animation name="to_world">
            <transform time="0">
                <matrix value="0.284370827992277 0.9583682885468574 -0.025756240482133007 -0.32208753063448686 -0.778335966186016 0.2150983578176266 -0.58985268315792 0.08614453154418505 -0.5597560045884329 0.18778387770298882 0.8070999919152797 0.07864368113208797 0.0 0.0 0.0 1.0"/>
                <scale value="1"/>
            </transform>
            <transform time="0.0015">
                <matrix value="0.2841757687835892 0.9584105274966057 -0.026207186163086576 -0.3219099770740767 -0.7780414489769985 0.21454496750275076 -0.5904261117581384 0.08678049025619601 -0.5602553290997064 0.18816849093656104 0.8066539465042579 0.07888142531386073 0.0 0.0 0.0 1.0"/>
                <scale value="1"/>
            </transform>
        </animation>
    </shape>
    <shape name="temp26" type="ply">
        <string name="filename" value="meshes/Cube_022.ply"/>
        <boolean name="face_normals" value="true"/>
        <ref id="mat-Material" name="bsdf"/>
        <animation name="to_world">
            <transform time="0">
                <matrix value="0.5509266400367359 0.8139586544658892 -0.18425876589344906 -0.24291389988340165 -0.44533860967648714 0.10000832250434377 -0.8897596379558234 0.1481998315459581 -0.7057999882984325 0.5722495583232344 0.41758431394056356 0.15191383393901192 0.0 0.0 0.0 1.0"/>
                <scale value="1"/>
            </transform>
            <transform time="0.0015">
                <matrix value="0.5513691418909519 0.8133912858745767 -0.18531837224737321 -0.24239420124479558 -0.4453849007543091 0.09916156785290134 -0.889820350921599 0.14819650848068758 -0.7054186174745977 0.5731592613998937 0.416935943039165 0.15298641680747976 0.0 0.0 0.0 1.0"/>
                <scale value="1"/>
            </transform>
        </animation>
    </shape>
    <shape name="temp27" type="ply">
        <string name="filename" value="meshes/Cube_023.ply"/>
        <boolean name="face_normals" value="true"/>
        <ref id="mat-Material" name="bsdf"/>
        <animation name="to_world">
            <transform time="0">
                <matrix value="0.8529946261437839 0.4875754813598847 -0.18620020982449537 -0.12781955752837326 -0.3770226425330703 0.32893603352363154 -0.8658262655069426 -0.17207277885336514 -0.36090776682676534 0.8087465557555645 0.4644076098493642 -0.05896870857158254 0.0 0.0 0.0 1.0"/>
                <scale value="1"/>
            </transform>
            <transform time="0.0015">
                <matrix value="0.8532258740926967 0.486940507921535 -0.18674721968912963 -0.12760860911037145 -0.37706544063711245 0.3285888406204204 -0.865937368362031 -0.17209415150273305 -0.3603001952335818 0.8092571101435356 0.4639659983401043 -0.05826669857077911 0.0 0.0 0.0 1.0"/>
                <scale value="1"/>
            </transform>
        </animation>
    </shape>
    <shape name="temp28" type="ply">
        <string name="filename" value="meshes/Cube_024.ply"/>
        <boolean name="face_normals" value="true"/>
        <ref id="mat-Material" name="bsdf"/>
        <animation name="to_world">
            <transform time="0">
                <matrix value="0.8834612527414468 0.42814779432776484 -0.19022543131510034 -0.12939185450717583 -0.34644365429314555 0.32368242658362245 -0.8804581908854471 -0.4804472502653767 -0.3153936779622252 0.8437530114324928 0.4342898991584799 -0.28629639855912065 0.0 0.0 0.0 1.0"/>
                <scale value="1"/>
            </transform>
            <transform time="0.0015">
                <matrix value="0.8836029822668569 0.427679043359038 -0.19059479065052534 -0.12932298154016217 -0.3464652743487612 0.32338027354184956 -0.88055915789217 -0.4804825191162046 -0.31496389538347697 0.8440996862045871 0.43391422598098744 -0.2859898794919397 0.0 0.0 0.0 1.0"/>
                <scale value="1"/>
            </transform>
        </animation>
    </shape>
    <shape name="temp29" type="ply">
        <string name="filename" value="meshes/Cube_025.ply"/>
        <boolean name="face_normals" value="true"/>
        <ref id="mat-Material" name="bsdf"/>
        <animation name="to_world">
            <transform time="0">
                <matrix value="0.8793688068124398 0.4350097930220286 -0.19359139350792232 -0.2766530377025066 -0.31832354656780615 0.23474948010420862 -0.9184568491055509 -0.7848679994039941 -0.35409217998429154 0.8692866216264135 0.3449052787550098 -0.7649832737733291 0.0 0.0 0.0 1.0"/>
                <scale value="1"/>
            </transform>
            <transform time="0.0015">
                <matrix value="0.8793739449465516 0.43496260554465643 -0.19367337388349226 -0.27671073117355777 -0.31836395751388824 0.23468619301647906 -0.9184589341457269 -0.7849122532386957 -0.35404290176763187 0.8693271935456117 0.3448533314683412 -0.764841194064533 0.0 0.0 0.0 1.0"/>
                <scale value="1"/>
            </transform>
        </animation>
    </shape>
    <shape name="temp30" type="ply">
        <string name="filename" value="meshes/Cube_026.ply"/>
        <boolean name="face_normals" value="true"/>
        <ref id="mat-Material" name="bsdf"/>
        <animation name="to_world">
            <transform time="0">
                <matrix value="0.9049947963484019 0.34435227346205755 -0.24981265670055472 -0.2864824782512364 -0.3442684924657862 0.2478193578530859 -0.9055744855683016 -1.1259752985747964 -0.24992815060271936 0.9055424958752502 0.3428247634510125 -0.861850612196447 0.0 0.0 0.0 1.0"/>
                <scale value="1"/>
            </transform>
            <transform time="0.0015">
                <matrix value="0.9048886986660722 0.34436584249000335 -0.25017053469842326 -0.28703719987779425 -0.3445528658491673 0.24753168995514668 -0.9055425716880579 -1.126287793658622 -0.2499154760066787 0.9056147038291665 0.34264168841319864 -0.8620260735386783 0.0 0.0 0.0 1.0"/>
                <scale value="1"/>
            </transform>
        </animation>
    </shape>
    <shape name="temp31" type="ply">
        <string name="filename" value="meshes/Cube_027.ply"/>
        <boolean name="face_normals" value="true"/>
        <ref id="mat-Material" name="bsdf"/>
        <animation name="to_world">
            <transform time="0">
                <matrix value="0.8503050385885782 0.33026075094436436 -0.4097679023365787 -0.5464679514704486 -0.4973862066886869 0.24980403526739436 -0.8307858584530952 -1.583703078401673 -0.1720142386800632 0.9102339687499349 0.37667681117828417 -0.9517422055047118 0.0 0.0 0.0 1.0"/>
                <scale value="1"/>
            </transform>
            <transform time="0.0015">
                <matrix value="0.8500705354242654 0.33028398424401256 -0.4102267558515383 -0.5474978405338542 -0.49776906150777755 0.24940427833782974 -0.830671504637406 -1.5839731281805602 -0.1720499822217113 0.9103326539548402 0.3764191597851169 -0.9522014931113727 0.0 0.0 0.0 1.0"/>
                <scale value="1"/>
            </transform>
        </animation>
    </shape>
    <shape name="temp32" type="ply">
        <string name="filename" value="meshes/Cube_028.ply"/>
        <boolean name="face_normals" value="true"/>
        <ref id="mat-Material" name="bsdf"/>
        <animation name="to_world">
            <transform time="0">
                <matrix value="-0.11235180230733635 0.9797800689578932 0.16555422176056842 -1.4539866585293202 -0.8328896488997867 -0.0019933253097994884 -0.5534357460943945 -2.1011853064230652 -0.5419151033549813 -0.2000678523975696 0.816272603530517 -1.1744374100459827 0.0 0.0 0.0 1.0"/>
                <scale value="1"/>
            </transform>
            <transform time="0.0015">
                <matrix value="-0.11242951578793219 0.979786369131909 0.16546296253069723 -1.4542636662161605 -0.8325044803246517 -0.0019714210540118762 -0.5540036514657387 -2.1014482988142262 -0.5424788779397891 -0.20003709418209156 0.8158980537216092 -1.1759571781145024 0.0 0.0 0.0 1.0"/>
                <scale value="1"/>
            </transform>
        </animation>
    </shape>
    <shape name="temp33" type="ply">
        <string name="filename" value="meshes/Cube_029.ply"/>
        <boolean name="face_normals" value="true"/>
        <ref id="mat-Material" name="bsdf"/>
        <animation name="to_world">
            <transform time="0">
                <matrix value="0.01154279405063942 0.9892862878919034 0.1455311353925888 -1.6525618335691583 -0.9865219218228914 -0.012490527154516992 0.16315357989996696 -1.6088470729406734 0.16322339178798176 -0.14545282558408754 0.9758082474548497 0.14851648871383505 0.0 0.0 0.0 1.0"/>
                <scale value="1"/>
            </transform>
            <transform time="0.0015">
                <matrix value="0.011474321871253457 0.9892852666479628 0.14554303714232766 -1.65267292768093 -0.9866146316340413 -0.012472947491360412 0.16256397479213064 -1.6100219581062183 0.1626375375877371 -0.14546123507738945 0.9758999892225902 0.14754613116070647 0.0 0.0 0.0 1.0"/>
                <scale value="1"/>
            </transform>
        </animation>
    </shape>
    <shape name="temp34" type="ply">
        <string name="filename" value="meshes/Cube_030.ply"/>
        <boolean name="face_normals" value="true"/>
        <ref id="mat-Material" name="bsdf"/>
        <animation name="to_world">
            <transform time="0">
                <matrix value="-0.04080710897466136 0.9824472075913352 -0.18202199512185926 -3.199978518997494 -0.9714500522615754 0.0035995137014002317 0.23721544914472248 -1.8817052719318617 0.23370683738102335 0.18650538839308878 0.9542520581957519 0.30231961217726355 0.0 0.0 0.0 1.0"/>
                <scale value="1"/>
            </transform>
            <transform time="0.0015">
                <matrix value="-0.04060404609403797 0.9824477598004248 -0.18206129903943463 -3.199549252573271 -0.9716402220758091 0.003649913775843471 0.23639419074067006 -1.8835291262567957 0.23290948189081023 0.18650134006937047 0.9544383684620885 0.3007090122369026 0.0 0.0 0.0 1.0"/>
                <scale value="1"/>
            </transform>
        </animation>
    </shape>
    <shape name="temp35" type="ply">
        <string name="filename" value="meshes/Cube_031.ply"/>
        <boolean name="face_normals" value="true"/>
        <ref id="mat-Material" name="bsdf"/>
        <animation name="to_world">
            <transform time="0">
                <matrix value="0.10587019770330144 0.9891062798405584 0.10227599060281282 -2.047576421800741 -0.6752362918796441 -0.003993921860236159 0.7375907817168069 -0.7458485167161134 0.7299641683820101 -0.14714932324898888 0.6674577242410645 0.772404030083079 0.0 0.0 0.0 1.0"/>
                <scale value="1"/>
            </transform>
            <transform time="0.0015">
                <matrix value="0.10587131309328413 0.9891057241637085 0.1022801666404223 -2.047567572905374 -0.6752511318322033 -0.003993281930761039 0.7375771991693753 -0.7459095159710788 0.7299502698888067 -0.14715304553296937 0.6674720897423582 0.772389006596337 0.0 0.0 0.0 1.0"/>
                <scale value="1"/>
            </transform>
