
<scene version="2.1.0">
    <default name="spp" value="1024"/>
    <default name="resx" value="1280"/>
    <default name="resy" value="720"/>
    <integrator name="temp0" type="path">
        <integer name="max_depth" value="12"/>
    </integrator>
    <sensor name="temp44" type="perspective">
        <string name="fov_axis" value="x"/>
        <float name="fov" value="83.974423"/>
        <float name="principal_point_offset_x" value="0.000000"/>
        <float name="principal_point_offset_y" value="-0.000000"/>
        <float name="near_clip" value="0.100000"/>
        <float name="far_clip" value="1000.000000"/>
        <sampler name="sampler" type="correlated">
            <integer name="sample_count" value="1024"/>
        </sampler>
        <film name="film" type="hdrfilm">
            <integer name="width" value="$resx"/>
            <integer name="height" value="$resy"/>
        </film>
        <float name="shutter_open" value="0.0"/>
        <float name="shutter_close" value="0.0015"/>
        <animation name="to_world">
            <transform time="0">
                <rotate angle="-142.5518126578256" x="1"/>
                <rotate angle="3.976628485794621e-06" y="1"/>
                <rotate angle="-179.999991348578" z="1"/>
                <translate value="-0.000000 3.030926 4.073377"/>
            </transform>
            <transform time="0.0015">
                <rotate angle="-142.5518126578256" x="1"/>
                <rotate angle="3.976628485794621e-06" y="1"/>
                <rotate angle="-179.999991348578" z="1"/>
                <translate value="-0.000000 3.030926 4.073377"/>
                <translate x="0.15" y="0.0" z="0.0"/>
            </transform>
        </animation>
    </sensor>
    <bsdf id="mat-Material" name="mat-Material" type="twosided">
        <bsdf name="bsdf" type="diffuse">
            <texture name="reflectance" type="bitmap">
                <string name="filename" value="textures/siggraph_2023_logo.jpg"/>
            </texture>
        </bsdf>
    </bsdf>
    <bsdf id="mat-Material.001" name="mat-Material.001" type="twosided">
        <bsdf name="bsdf" type="principled">
            <rgb name="base_color" value="0.433648 0.266232 0.084399"/>
            <float name="spec_tint" value="0.000000"/>
            <float name="spec_trans" value="0.000000"/>
            <float name="metallic" value="0.000000"/>
            <float name="anisotropic" value="0.000000"/>
            <float name="roughness" value="0.500000"/>
            <float name="sheen" value="0.000000"/>
            <float name="sheen_tint" value="0.500000"/>
            <float name="clearcoat" value="0.000000"/>
            <float name="clearcoat_gloss" value="0.173205"/>
            <float name="specular" value="0.500000"/>
        </bsdf>
    </bsdf>
    <bsdf id="mat-Material.002" name="mat-Material.002" type="twosided">
        <bsdf name="bsdf" type="principled">
            <rgb name="base_color" value="0.433648 0.266232 0.084399"/>
            <float name="spec_tint" value="0.000000"/>
            <float name="spec_trans" value="0.000000"/>
            <float name="metallic" value="0.000000"/>
            <float name="anisotropic" value="0.000000"/>
            <float name="roughness" value="0.500000"/>
            <float name="sheen" value="0.000000"/>
            <float name="sheen_tint" value="0.500000"/>
            <float name="clearcoat" value="0.000000"/>
            <float name="clearcoat_gloss" value="0.173205"/>
            <float name="specular" value="0.500000"/>
        </bsdf>
    </bsdf>
    <bsdf id="mat-Material.003" name="mat-Material.003" type="twosided">
        <bsdf name="bsdf" type="principled">
            <rgb name="base_color" value="0.433648 0.266232 0.084399"/>
            <float name="spec_tint" value="0.000000"/>
            <float name="spec_trans" value="0.000000"/>
            <float name="metallic" value="0.000000"/>
            <float name="anisotropic" value="0.000000"/>
            <float name="roughness" value="0.500000"/>
            <float name="sheen" value="0.000000"/>
            <float name="sheen_tint" value="0.500000"/>
            <float name="clearcoat" value="0.000000"/>
            <float name="clearcoat_gloss" value="0.173205"/>
            <float name="specular" value="0.500000"/>
        </bsdf>
    </bsdf>
    <bsdf id="mat-Material.004" name="mat-Material.004" type="twosided">
        <bsdf name="bsdf" type="principled">
            <rgb name="base_color" value="0.433648 0.266232 0.084399"/>
            <float name="spec_tint" value="0.000000"/>
            <float name="spec_trans" value="0.000000"/>
            <float name="metallic" value="0.000000"/>
            <float name="anisotropic" value="0.000000"/>
            <float name="roughness" value="0.500000"/>
            <float name="sheen" value="0.000000"/>
            <float name="sheen_tint" value="0.500000"/>
            <float name="clearcoat" value="0.000000"/>
            <float name="clearcoat_gloss" value="0.173205"/>
            <float name="specular" value="0.500000"/>
        </bsdf>
    </bsdf>
    <bsdf id="mat-Material.005" name="mat-Material.005" type="twosided">
        <bsdf name="bsdf" type="principled">
            <rgb name="base_color" value="0.433648 0.266232 0.084399"/>
            <float name="spec_tint" value="0.000000"/>
            <float name="spec_trans" value="0.000000"/>
            <float name="metallic" value="0.000000"/>
            <float name="anisotropic" value="0.000000"/>
            <float name="roughness" value="0.500000"/>
            <float name="sheen" value="0.000000"/>
            <float name="sheen_tint" value="0.500000"/>
            <float name="clearcoat" value="0.000000"/>
            <float name="clearcoat_gloss" value="0.173205"/>
            <float name="specular" value="0.500000"/>
        </bsdf>
    </bsdf>
    <emitter name="temp45" type="point">
        <point name="position" x="-6.815235034541981e-16" y="3.0693089962005615" z="4.109199523925781"/>
        <rgb name="intensity" value="7.957747 7.957747 7.957747"/>
    </emitter>
    <shape name="temp2" type="ply">
        <string name="filename" value="meshes/Cube.ply"/>
        <boolean name="face_normals" value="true"/>
        <ref id="mat-Material" name="bsdf"/>
        <animation name="to_world">
            <transform time="0">
                <matrix value="0.9976689945694089 -0.06789615850720554 0.006879695106758495 -0.04521989108173896 -0.03833102847913309 -0.6409193968583068 -0.766650623303568 1.7741878362790522 0.05646196901921362 0.7645993204331041 -0.6420277329545965 3.4548462127492607 0.0 0.0 0.0 1.0"/>
            </transform>
            <transform time="0.0015">
                <matrix value="0.9974027849688217 -0.07030722534115869 0.005402033091341499 -0.0402592712373007 -0.040572889899820296 -0.6367286322383716 -0.7694870438759454 1.7792379747038087 0.05788907938602312 0.7673373129835358 -0.638101891655853 3.4435707022336035 0.0 0.0 0.0 1.0"/>
            </transform>
        </animation>
    </shape>
    <shape name="temp4" type="ply">
        <string name="filename" value="meshes/Plane.ply"/>
        <boolean name="face_normals" value="true"/>
        <ref id="mat-Material.001" name="bsdf"/>
    </shape>
    <shape name="temp5" type="ply">
        <string name="filename" value="meshes/Cube_001.ply"/>
        <boolean name="face_normals" value="true"/>
        <ref id="mat-Material" name="bsdf"/>
        <animation name="to_world">
            <transform time="0">
                <matrix value="0.9980435333769483 -0.030668929108532552 -0.05448787079198582 0.04728013991428792 -0.05451423424765126 -2.2897733316924722e-05 -0.9985130733709643 1.1728976230230197 0.03062208458105729 0.9995296429249327 -0.0016947464920114925 1.0518329605121015 0.0 0.0 0.0 1.0"/>
            </transform>
            <transform time="0.0015">
                <matrix value="0.9980448418458836 -0.03063902468302541 -0.05448044464481232 0.047230614000788804 -0.05450676161347545 -2.3159149238273686e-05 -0.9985134818686314 1.1728798847660866 0.030592222288134734 0.9995305440225274 -0.0016931542021465346 1.0519636335796148 0.0 0.0 0.0 1.0"/>
            </transform>
        </animation>
    </shape>
    <shape name="temp6" type="ply">
        <string name="filename" value="meshes/Cube_002.ply"/>
        <boolean name="face_normals" value="true"/>
        <ref id="mat-Material" name="bsdf"/>
        <animation name="to_world">
            <transform time="0">
                <matrix value="0.9997508984498968 -0.021375653650325496 0.006434680897035177 -0.03581175663474623 0.010973987060903113 0.2195970990127716 -0.9755290645694934 0.6541000566337215 0.019439534809503802 0.975356418027504 0.21977695154983143 0.533022245148532 0.0 0.0 0.0 1.0"/>
            </transform>
            <transform time="0.0015">
                <matrix value="0.9997504516556263 -0.021389553831637338 0.0064572214578920845 -0.03587814110066569 0.01099916503503718 0.21960341420508064 -0.9755273539855124 0.6540369367577037 0.01944806315471329 0.9753546909237809 0.21978386452181062 0.5330677895061465 0.0 0.0 0.0 1.0"/>
            </transform>
        </animation>
    </shape>
    <shape name="temp7" type="ply">
        <string name="filename" value="meshes/Cube_003.ply"/>
        <boolean name="face_normals" value="true"/>
        <ref id="mat-Material" name="bsdf"/>
        <animation name="to_world">
            <transform time="0">
                <matrix value="0.9951332117079502 -0.061622241736420655 0.0768966824752104 -0.05976777656942778 0.08875186826162577 0.22139050483602166 -0.9711382577002232 0.14163959740771595 0.04281951041350857 0.9732363695525663 0.22578219668942523 0.20075318676958875 0.0 0.0 0.0 1.0"/>
            </transform>
            <transform time="0.0015">
                <matrix value="0.9951313128323002 -0.06160802091454806 0.07693233496014504 -0.05985711459820605 0.08878229016437227 0.22136402007588615 -0.971141491640088 0.1415302655448256 0.0428000686395315 0.9732432779674585 0.22575601624414693 0.2007224655381241 0.0 0.0 0.0 1.0"/>
            </transform>
        </animation>
    </shape>
    <shape name="temp8" type="ply">
        <string name="filename" value="meshes/Cube_004.ply"/>
        <boolean name="face_normals" value="true"/>
        <ref id="mat-Material" name="bsdf"/>
        <animation name="to_world">
            <transform time="0">
                <matrix value="0.9818514893790545 -0.14534446616036362 0.1218331181347841 0.034500990465535786 0.1525434509340865 0.22352160826660383 -0.9626883066104173 -0.35101927985164216 0.11268910885471795 0.9638012777860053 0.2416362150081722 -0.28475652625880343 0.0 0.0 0.0 1.0"/>
            </transform>
            <transform time="0.0015">
                <matrix value="0.9818176606699947 -0.1455024713708381 0.12191345175413348 0.03461078675973873 0.15265740102572192 0.22349041527153635 -0.9626772856837732 -0.3513239392327182 0.11282548163596227 0.9637843071146398 0.2416392276784672 -0.2851570484095186 0.0 0.0 0.0 1.0"/>
            </transform>
        </animation>
    </shape>
    <shape name="temp9" type="ply">
        <string name="filename" value="meshes/Cube_005.ply"/>
        <boolean name="face_normals" value="true"/>
        <ref id="mat-Material" name="bsdf"/>
        <animation name="to_world">
            <transform time="0">
                <matrix value="0.9789877080352536 -0.18677159835886056 0.08185481449822019 0.09910115100927097 0.12281437768050112 0.21958333246423306 -0.9678325053980874 -0.6080420705618388 0.16278972460538238 0.9575487617406758 0.23790755145971754 -0.725702595767681 0.0 0.0 0.0 1.0"/>
            </transform>
            <transform time="0.0015">
                <matrix value="0.9789376989908226 -0.18697944778278205 0.08196861939516913 0.09933718021548268 0.1229793165725751 0.21958987293094076 -0.9678096976116732 -0.6084894003055489 0.16296094893542742 0.9575060647329835 0.23796024765877588 -0.7261336438907505 0.0 0.0 0.0 1.0"/>
            </transform>
        </animation>
    </shape>
    <shape name="temp10" type="ply">
        <string name="filename" value="meshes/Cube_006.ply"/>
        <boolean name="face_normals" value="true"/>
        <ref id="mat-Material" name="bsdf"/>
        <animation name="to_world">
            <transform time="0">
                <matrix value="0.9861611234923151 -0.15417754258765223 -0.06095775095373696 0.03924525536207568 -0.025833670196639524 0.22028709511224953 -0.9750929151846649 -0.5619340121520915 0.16376569738682722 0.9631732311549509 0.21325556084555772 -1.0519753721881808 0.0 0.0 0.0 1.0"/>
            </transform>
            <transform time="0.0015">
                <matrix value="0.986159224616665 -0.15411096949736092 -0.06114759769142013 0.0391288833559466 -0.026015253451848474 0.22040907368997603 -0.9750598524047325 -0.5614909435871306 0.16374564430254634 0.9631557123158819 0.21334949062892772 -1.051935293317795 0.0 0.0 0.0 1.0"/>
            </transform>
        </animation>
    </shape>
    <shape name="temp11" type="ply">
        <string name="filename" value="meshes/Cube_007.ply"/>
        <boolean name="face_normals" value="true"/>
        <ref id="mat-Material" name="bsdf"/>
        <animation name="to_world">
            <transform time="0">
                <matrix value="0.9191195634251552 -0.2548649105278637 -0.3004381351056049 0.18040862947897285 -0.24852950302024548 0.2166324936434005 -0.944088722004292 -0.29496596585381785 0.3056999044371989 0.9423980493217889 0.13576973392759967 -1.7938898425443988 0.0 0.0 0.0 1.0"/>
            </transform>
            <transform time="0.0015">
                <matrix value="0.9189591802389475 -0.2547911707080364 -0.30097653503086785 0.18027645702707862 -0.2490262855912581 0.21683853711755943 -0.9439059192982562 -0.29366408834174335 0.30576568691507583 0.9423699125493966 0.13581617926131428 -1.7941518635231468 0.0 0.0 0.0 1.0"/>
            </transform>
        </animation>
    </shape>
    <shape name="temp12" type="ply">
        <string name="filename" value="meshes/Cube_008.ply"/>
        <boolean name="face_normals" value="true"/>
        <ref id="mat-Material" name="bsdf"/>
        <animation name="to_world">
            <transform time="0">
                <matrix value="0.3900785334744613 0.8800424677164008 -0.2708579873963466 1.6611310201053218 -0.5069890271210421 -0.04027789655481694 -0.8610108926240401 0.1533093810190133 -0.7686360759325351 0.47318380636723734 0.4304602948038888 0.9453812540892641 0.0 0.0 0.0 1.0"/>
            </transform>
            <transform time="0.0015">
                <matrix value="0.3897882352799133 0.8801198194357532 -0.2710187737801983 1.6615189717750032 -0.5073738446435359 -0.04035853352581645 -0.8607771553651353 0.15449758309927536 -0.7685251432979201 0.4730320314957151 0.4308198918961065 0.9456922681176365 0.0 0.0 0.0 1.0"/>
            </transform>
        </animation>
    </shape>
    <shape name="temp13" type="ply">
        <string name="filename" value="meshes/Cube_009.ply"/>
        <boolean name="face_normals" value="true"/>
        <ref id="mat-Material" name="bsdf"/>
        <animation name="to_world">
            <transform time="0">
                <matrix value="-0.07503661172248846 0.9904952411544712 0.1152774501075835 2.6205902212192314 -0.8380538520319063 9.406828625243261e-06 -0.5455881303067797 0.9491965388096621 -0.5404036508890532 -0.13754773967873882 0.830087310251378 0.9269280096050876 0.0 0.0 0.0 1.0"/>
            </transform>
            <transform time="0.0015">
                <matrix value="-0.0749876941326329 0.9904899922609826 0.11535334131480296 2.6205777895398006 -0.8386086907313021 -5.296368140392196e-05 -0.5447082093110691 0.9515283859929607 -0.5395220300515271 -0.13758495200573842 0.8306370034350632 0.9259973239283451 0.0 0.0 0.0 1.0"/>
            </transform>
        </animation>
    </shape>
    <shape name="temp14" type="ply">
        <string name="filename" value="meshes/Cube_010.ply"/>
        <boolean name="face_normals" value="true"/>
        <ref id="mat-Material" name="bsdf"/>
        <animation name="to_world">
            <transform time="0">
                <matrix value="0.035630718919484355 0.995277656683138 0.09029405687955327 1.8788223083611126 -0.9986702764229373 0.032091806192026666 0.04034679667779458 1.9247281768465525 0.03725856209011271 -0.09161154137369296 0.9950976336354623 -0.18868716307180544 0.0 0.0 0.0 1.0"/>
            </transform>
            <transform time="0.0015">
                <matrix value="0.0352270237007802 0.9952847002626694 0.0903501538216904 1.879527289590152 -0.9986837759926847 0.031691356919143494 0.04027405515779597 1.9244047241410263 0.037221415933593675 -0.09165074062088872 0.9950953783879252 -0.18877948068857248 0.0 0.0 0.0 1.0"/>
            </transform>
        </animation>
    </shape>
    <shape name="temp15" type="ply">
        <string name="filename" value="meshes/Cube_011.ply"/>
        <boolean name="face_normals" value="true"/>
        <ref id="mat-Material" name="bsdf"/>
        <animation name="to_world">
            <transform time="0">
                <matrix value="0.0794645912341076 0.9927162443186914 0.09055316980134755 1.4543283685601123 -0.8706865983366044 0.02488954430638497 0.4912084576575776 2.1869897306935457 0.4853770298230404 -0.11787705220650659 0.8663224593057259 -1.1747838787980216 0.0 0.0 0.0 1.0"/>
            </transform>
            <transform time="0.0015">
                <matrix value="0.07916263011340309 0.9926956842752406 0.09099900841042531 1.455506845335981 -0.8710142900202141 0.024487728669182477 0.49063092705995187 2.186420925510305 0.48482418574092406 -0.11810959621000892 0.8665936081426443 -1.1735551562232076 0.0 0.0 0.0 1.0"/>
            </transform>
        </animation>
    </shape>
    <shape name="temp16" type="ply">
        <string name="filename" value="meshes/Cube_012.ply"/>
        <boolean name="face_normals" value="true"/>
        <ref id="mat-Material" name="bsdf"/>
        <animation name="to_world">
            <transform time="0">
                <matrix value="0.09509283243532668 0.9900138291237592 0.10406713438270797 1.1001104943687847 -0.739199985107096 0.00020686721329598288 0.6734862779602487 1.8461326553632627 0.6667393582222128 -0.14097010364542376 0.7318376285576906 -1.824658615216299 0.0 0.0 0.0 1.0"/>
            </transform>
            <transform time="0.0015">
                <matrix value="0.09506623062359383 0.9900192657459135 0.10403955993914062 1.100094641075097 -0.7391654223788773 0.00019851851404514373 0.673524157608506 1.8461448395435356 0.6667813887975258 -0.14093180849948128 0.731806633797198 -1.8247706629839164 0.0 0.0 0.0 1.0"/>
            </transform>
        </animation>
    </shape>
    <shape name="temp17" type="ply">
        <string name="filename" value="meshes/Cube_013.ply"/>
        <boolean name="face_normals" value="true"/>
        <ref id="mat-Material" name="bsdf"/>
        <animation name="to_world">
            <transform time="0">
                <matrix value="0.9199213867421241 0.17531551469161888 0.35072698655997986 0.6201156954767294 -0.374417669721485 0.1271525354436479 0.9185008186370296 1.4637615616647444 0.11643166018648045 -0.9762666789035988 0.18261156323031383 -1.413586252029631 0.0 0.0 0.0 1.0"/>
            </transform>
            <transform time="0.0015">
                <matrix value="0.919946359350463 0.1753449227625343 0.3506464699677171 0.6199842906732363 -0.3743402083605133 0.1271313513901128 0.9185352090343802 1.4637462635299254 0.11648234899648018 -0.9762641408120406 0.18259260383233866 -1.4136591756103127 0.0 0.0 0.0 1.0"/>
            </transform>
        </animation>
    </shape>
    <shape name="temp18" type="ply">
        <string name="filename" value="meshes/Cube_014.ply"/>
        <boolean name="face_normals" value="true"/>
        <ref id="mat-Material" name="bsdf"/>
        <animation name="to_world">
            <transform time="0">
                <matrix value="0.9393610589563975 0.29743337303383444 0.17068735724676978 0.11266688940896363 -0.2162652231187514 0.12752717328955848 0.967970087480456 1.026144839791767 0.26613947559248047 -0.9461871875149921 0.18411860710197764 -0.8709508272538975 0.0 0.0 0.0 1.0"/>
            </transform>
            <transform time="0.0015">
                <matrix value="0.939356958023271 0.29744740762887084 0.17068548496579547 0.11266010821561526 -0.21626487206611023 0.12752278419335797 0.967970751289165 1.0261476769561917 0.26615424214312383 -0.9461833653593615 0.18411689056073893 -0.8709787453785823 0.0 0.0 0.0 1.0"/>
            </transform>
        </animation>
    </shape>
    <shape name="temp19" type="ply">
        <string name="filename" value="meshes/Cube_015.ply"/>
        <boolean name="face_normals" value="true"/>
        <ref id="mat-Material" name="bsdf"/>
        <animation name="to_world">
            <transform time="0">
                <matrix value="0.9836625728910141 0.12636563118582128 0.12821879427980035 0.02596461199514033 -0.14881574818226787 0.16998913277001731 0.9741447335139078 0.6391717512317376 0.10130259721609072 -0.977310224999635 0.18601712164099965 -0.2952894484957124 0.0 0.0 0.0 1.0"/>
            </transform>
            <transform time="0.0015">
                <matrix value="0.9836438713594018 0.12650995247840666 0.1282177023995776 0.025927897830859498 -0.14884233403706248 0.16999291963265875 0.9741399932388957 0.6391854356897958 0.10144226989216219 -0.9772906035995119 0.18604261019335427 -0.29538937634259277 0.0 0.0 0.0 1.0"/>
            </transform>
        </animation>
    </shape>
    <shape name="temp20" type="ply">
        <string name="filename" value="meshes/Cube_016.ply"/>
        <boolean name="face_normals" value="true"/>
        <ref id="mat-Material" name="bsdf"/>
        <animation name="to_world">
            <transform time="0">
                <matrix value="0.9852019495520605 0.020991483512472285 0.1701090869892265 0.05531924829148549 -0.17119694624548115 0.16873831668484823 0.9706796507589945 0.3299091942035083 -0.00832791249355084 -0.9854372860709645 0.16983496296394357 0.17713556218979587 0.0 0.0 0.0 1.0"/>
            </transform>
            <transform time="0.0015">
                <matrix value="0.9851979124466869 0.021131160397871992 0.17011362301540514 0.055152741456961106 -0.171225103858692 0.16875449439033052 0.9706718552618471 0.32989829922089886 -0.008196044196401093 -0.9854312637353737 0.1698748314852176 0.17711681104018082 0.0 0.0 0.0 1.0"/>
            </transform>
        </animation>
    </shape>
    <shape name="temp21" type="ply">
        <string name="filename" value="meshes/Cube_017.ply"/>
        <boolean name="face_normals" value="true"/>
        <ref id="mat-Material" name="bsdf"/>
        <animation name="to_world">
            <transform time="0">
                <matrix value="0.9456923161479859 -0.10704313309958012 0.30693286041659473 0.20935548853654973 -0.28837839323294806 0.15947864412011942 0.9441423837443225 0.1348853787113069 -0.15001316426341293 -0.9813807431016034 0.11994883459466002 0.42713691673831844 0.0 0.0 0.0 1.0"/>
            </transform>
            <transform time="0.0015">
                <matrix value="0.9456730880374118 -0.10722296364471122 0.30692794993422123 0.20941299036895755 -0.2883764656348092 0.15932071024653782 0.9441692679970397 0.13502254994235005 -0.15013672841033543 -0.9813859844859456 0.1197448487314737 0.4272330217553638 0.0 0.0 0.0 1.0"/>
            </transform>
        </animation>
    </shape>
    <shape name="temp22" type="ply">
        <string name="filename" value="meshes/Cube_018.ply"/>
        <boolean name="face_normals" value="true"/>
        <ref id="mat-Material" name="bsdf"/>
        <animation name="to_world">
            <transform time="0">
                <matrix value="0.24101873669168322 0.9573823116538005 0.15915083960529544 0.851065368295099 -0.52220283780741 -0.010295423874115344 0.852759277216549 -0.054736460254460176 0.8180552526740742 -0.2886398858627976 0.4974665512427066 -0.1451121468765328 0.0 0.0 0.0 1.0"/>
            </transform>
            <transform time="0.0015">
                <matrix value="0.24073461702362015 0.9573971347092322 0.15947568971574064 0.8510780622139004 -0.5228788375388299 -0.010499790105284783 0.8523317418560686 -0.0542030186353363 0.8176961098652018 -0.28858125444597366 0.498077042495848 -0.14523191216395584 0.0 0.0 0.0 1.0"/>
            </transform>
        </animation>
    </shape>
    <shape name="temp23" type="ply">
        <string name="filename" value="meshes/Cube_019.ply"/>
        <boolean name="face_normals" value="true"/>
        <ref id="mat-Material" name="bsdf"/>
        <animation name="to_world">
            <transform time="0">
                <matrix value="-0.08053014306052723 0.9839363151121244 -0.15932366823144614 0.505812886540329 -0.9136114051277686 -0.008953579615496128 0.4064900446834454 -0.046250305470147295 0.39853389110804976 0.17829459579536233 0.8996565648638055 -0.058004438096084576 0.0 0.0 0.0 1.0"/>
            </transform>
            <transform time="0.0015">
                <matrix value="-0.08053246639073436 0.9839358044901542 -0.1593256383816532 0.5058194592368584 -0.9136074956779009 -0.00895318628639607 0.40649882738328846 -0.04625811652642799 0.39854236902933443 0.17829742524180947 0.8996522501071965 -0.05797844827055824 0.0 0.0 0.0 1.0"/>
            </transform>
        </animation>
    </shape>
    <shape name="temp24" type="ply">
        <string name="filename" value="meshes/Cube_020.ply"/>
        <boolean name="face_normals" value="true"/>
        <ref id="mat-Material" name="bsdf"/>
        <animation name="to_world">
            <transform time="0">
                <matrix value="0.09621708998105725 0.945151330345495 -0.3121397038981716 0.12873901538256746 -0.9607375567160337 0.0061951960996653324 -0.2773886455733299 0.14272385878997323 -0.26024049192828924 0.32657374552620166 0.9086388780247392 0.1152154917348448 0.0 0.0 0.0 1.0"/>
            </transform>
            <transform time="0.0015">
                <matrix value="0.09624043480470042 0.9451214181037045 -0.3122227140282583 0.12884392899726416 -0.9607377373337097 0.006194982385226661 -0.27738803282682933 0.14272171496918262 -0.26023116449199324 0.3266599797803039 0.9086104278643047 0.11523662463502463 0.0 0.0 0.0 1.0"/>
            </transform>
        </animation>
    </shape>
    <shape name="temp25" type="ply">
        <string name="filename" value="meshes/Cube_021.ply"/>
        <boolean name="face_normals" value="true"/>
        <ref id="mat-Material" name="bsdf"/>
        <animation name="to_world">
            <transform time="0">
                <matrix value="0.19024217812267852 0.938476877413057 -0.2882172057031792 -0.16747699957881632 -0.7968089293597647 -0.023897393324892633 -0.603759111267027 0.09396965897845289 -0.5735018004457234 0.34451434328348873 0.7432401573258204 0.30693128011995363 0.0 0.0 0.0 1.0"/>
            </transform>
            <transform time="0.0015">
                <matrix value="0.19030592130384894 0.9384902887489237 -0.28813090206063224 -0.1675068032968152 -0.79674891531506 -0.023824600408454386 -0.6038408278211869 0.09400322121941214 -0.5735637452799547 0.34448259461157127 0.743206958379999 0.3069706912396756 0.0 0.0 0.0 1.0"/>
            </transform>
        </animation>
    </shape>
    <shape name="temp26" type="ply">
        <string name="filename" value="meshes/Cube_022.ply"/>
        <boolean name="face_normals" value="true"/>
        <ref id="mat-Material" name="bsdf"/>
        <animation name="to_world">
            <transform time="0">
                <matrix value="0.6379060754183754 0.40009490575128853 -0.6580274417155493 -0.08441127578185781 -0.7116193019128517 -0.020410954418123455 -0.7022690642196282 -0.19531522414477298 -0.29440532102186595 0.9162464045321147 0.2716950632617544 0.6865977057610892 0.0 0.0 0.0 1.0"/>
            </transform>
            <transform time="0.0015">
                <matrix value="0.6379054052269695 0.4000963550165866 -0.6580272119356115 -0.08442327752179547 -0.7116195412669252 -0.020410865960376248 -0.7022688259293224 -0.19531558091621457 -0.2944061747180616 0.9162457737637985 0.2716962547132835 0.6866372279814158 0.0 0.0 0.0 1.0"/>
            </transform>
        </animation>
    </shape>
    <shape name="temp27" type="ply">
        <string name="filename" value="meshes/Cube_023.ply"/>
        <boolean name="face_normals" value="true"/>
        <ref id="mat-Material" name="bsdf"/>
        <animation name="to_world">
            <transform time="0">
                <matrix value="0.8565117450051151 0.2835304105143057 -0.43127514950822676 -0.06572721006569582 -0.4803901231678625 0.1324133176756226 -0.86700185948567 -0.2870906734065012 -0.18871481329794496 0.9497775450906611 0.24961881252951987 0.2044957693210674 0.0 0.0 0.0 1.0"/>
            </transform>
            <transform time="0.0015">
                <matrix value="0.8565078036413708 0.2835614533264408 -0.43126254565312255 -0.06574258898118181 -0.48038535204333 0.13241199231124381 -0.8670047019486038 -0.28708854791160093 -0.1887447788322579 0.9497684440049554 0.2496307100240747 0.20447382991686422 0.0 0.0 0.0 1.0"/>
            </transform>
        </animation>
    </shape>
    <shape name="temp28" type="ply">
        <string name="filename" value="meshes/Cube_024.ply"/>
        <boolean name="face_normals" value="true"/>
        <ref id="mat-Material" name="bsdf"/>
        <animation name="to_world">
            <transform time="0">
                <matrix value="0.854147053243905 0.44593584371212897 -0.26753355986309874 -0.1938536973597167 -0.37722121458724495 0.17717725265579667 -0.9090173471621449 -0.5117859502956554 -0.35796260640004823 0.8773536104859383 0.3195518795556335 -0.3458314141670134 0.0 0.0 0.0 1.0"/>
            </transform>
            <transform time="0.0015">
                <matrix value="0.8541621644644143 0.4459281092911084 -0.2674981397112123 -0.1938356818431856 -0.3771857199738333 0.17718999793035806 -0.9090295680506862 -0.5117570678594148 -0.35796389731635153 0.8773549696414769 0.31954670525185 -0.34584593957238824 0.0 0.0 0.0 1.0"/>
            </transform>
        </animation>
    </shape>
    <shape name="temp29" type="ply">
        <string name="filename" value="meshes/Cube_025.ply"/>
        <boolean name="face_normals" value="true"/>
        <ref id="mat-Material" name="bsdf"/>
        <animation name="to_world">
            <transform time="0">
                <matrix value="0.9009245124790125 0.3614200820569727 -0.24023155395416104 -0.2631902562126637 -0.32115293239508036 0.18292591302461503 -0.9291927430415852 -0.7930606799733853 -0.29188429809211264 0.9142832112768892 0.2808735847602549 -0.6990132926816486 0.0 0.0 0.0 1.0"/>
            </transform>
            <transform time="0.0015">
                <matrix value="0.9009337675031892 0.3613932744035324 -0.24023706867266714 -0.2631707456051462 -0.32114806393322465 0.18291940484723782 -0.9291957046496718 -0.7930575996961353 -0.29186101851492047 0.9142950907468451 0.2808590490515999 -0.6989815856970901 0.0 0.0 0.0 1.0"/>
            </transform>
        </animation>
    </shape>
    <shape name="temp30" type="ply">
        <string name="filename" value="meshes/Cube_026.ply"/>
        <boolean name="face_normals" value="true"/>
        <ref id="mat-Material" name="bsdf"/>
        <animation name="to_world">
            <transform time="0">
                <matrix value="0.9232647550560523 0.23418129710089003 -0.3045346297883647 -0.3330371580158088 -0.35012455077505156 0.18670612381967489 -0.9179072299620681 -1.1478183199443122 -0.15809819388078938 0.954096278234461 0.2543717770451624 -0.8890921089409272 0.0 0.0 0.0 1.0"/>
            </transform>
            <transform time="0.0015">
                <matrix value="0.923268249625526 0.23416383833499407 -0.3045374722512984 -0.333044622046097 -0.3501202663371352 0.1866910747389299 -0.9179119191748719 -1.1478153095727366 -0.15808732082307553 0.9541035020335114 0.254351420244751 -0.8891077948070776 0.0 0.0 0.0 1.0"/>
            </transform>
        </animation>
    </shape>
    <shape name="temp31" type="ply">
        <string name="filename" value="meshes/Cube_027.ply"/>
        <boolean name="face_normals" value="true"/>
        <ref id="mat-Material" name="bsdf"/>
        <animation name="to_world">
            <transform time="0">
                <matrix value="0.8726209029000386 0.1731023125715704 -0.45669284823750733 -0.5982757444797286 -0.484091630365213 0.18265195870869774 -0.8557416407065194 -1.58414033709651 -0.06471498704849236 0.9678190241185759 0.2431834224464931 -1.027968529294513 0.0 0.0 0.0 1.0"/>
            </transform>
            <transform time="0.0015">
                <matrix value="0.8726242857709445 0.1731035658481416 -0.4566859293082705 -0.5982918273585051 -0.4840842742166863 0.18263868929570215 -0.8557486277187007 -1.5841295999622327 -0.06472459152961647 0.967821306899149 0.24317178877334827 -1.0279926532257206 0.0 0.0 0.0 1.0"/>
            </transform>
        </animation>
    </shape>
    <shape name="temp32" type="ply">
        <string name="filename" value="meshes/Cube_028.ply"/>
        <boolean name="face_normals" value="true"/>
        <ref id="mat-Material" name="bsdf"/>
        <animation name="to_world">
            <transform time="0">
                <matrix value="-0.10572880376294043 0.9845599814777348 0.13951040635884526 -1.486175396428766 -0.7970349823678654 -1.4785252272001969e-05 -0.6039333346256278 -2.1221313044308583 -0.5946067298196718 -0.17504777618095088 0.7847301381825265 -1.359051262471758 0.0 0.0 0.0 1.0"/>
            </transform>
            <transform time="0.0015">
                <matrix value="-0.10572669266001183 0.9845599964960281 0.1395118795035573 -1.486165542063787 -0.7970431682771804 -1.4582925074506245e-05 -0.6039225264581853 -2.1221291465928203 -0.5945961184557449 -0.17504767555838616 0.784738197501084 -1.3590232524064016 0.0 0.0 0.0 1.0"/>
            </transform>
        </animation>
    </shape>
    <shape name="temp33" type="ply">
        <string name="filename" value="meshes/Cube_029.ply"/>
        <boolean name="face_normals" value="true"/>
        <ref id="mat-Material" name="bsdf"/>
        <animation name="to_world">
            <transform time="0">
                <matrix value="0.00016273112811975314 0.9771331371252526 0.2126283567545947 -1.5800904663634523 -0.9987638003145239 -0.010411156744670155 0.048608837119362154 -1.824719465220707 0.04971100674258502 -0.21237341554326764 0.9759233719808179 -0.12502259406617178 0.0 0.0 0.0 1.0"/>
            </transform>
            <transform time="0.0015">
                <matrix value="0.00023304443499629735 0.9771228796309671 0.2126749680404866 -1.5798630556348812 -0.9987590291899914 -0.010364509925854777 0.04871297168507886 -1.8245804215368742 0.049802739989114796 -0.21242258543534798 0.9759078405590993 -0.12483212870963013 0.0 0.0 0.0 1.0"/>
            </transform>
        </animation>
    </shape>
    <shape name="temp34" type="ply">
        <string name="filename" value="meshes/Cube_030.ply"/>
        <boolean name="face_normals" value="true"/>
        <ref id="mat-Material" name="bsdf"/>
        <animation name="to_world">
            <transform time="0">
                <matrix value="-0.04160070674280515 0.9785599033834278 -0.2017170673251472 -3.2255791929674857 -0.976211143344497 0.003189067066796571 0.21679766836502673 -1.9267768864550268 0.2127927627828116 0.20593739564812175 0.9551488743249762 0.23964716775796724 0.0 0.0 0.0 1.0"/>
            </transform>
            <transform time="0.0015">
                <matrix value="-0.04158097452513966 0.9785597170917737 -0.20172199937563937 -3.225530051666746 -0.9762195181800847 0.0032016577570478672 0.21675967897582785 -1.9268290948149427 0.21275810566482556 0.20593806347454138 0.955156430347979 0.2395798188816987 0.0 0.0 0.0 1.0"/>
            </transform>
        </animation>
    </shape>
    <shape name="temp35" type="ply">
        <string name="filename" value="meshes/Cube_031.ply"/>
        <boolean name="face_normals" value="true"/>
        <ref id="mat-Material" name="bsdf"/>
        <animation name="to_world">
            <transform time="0">
                <matrix value="0.1389710953553642 0.9767839673941384 0.16303353835112366 -1.8839735590946052 -0.7609400791096881 -3.1894798539077185e-05 0.6488224439400293 -1.1137097966082063 0.6337648729582095 -0.214226267826116 0.7432694703468061 0.6206671128076362 0.0 0.0 0.0 1.0"/>
            </transform>
            <transform time="0.0015">
                <matrix value="0.1390715139633757 0.976776548357276 0.16299139245535546 -1.8837515392012492 -0.7605521499842384 -5.6120649678642235e-05 0.6492698765410456 -1.1119702096602277 0.6342009282093782 -0.21425999140359506 0.7428815507496682 0.6212957377725673 0.0 0.0 0.0 1.0"/>
            </transform>
        </animation>
    </shape>
    <shape name="temp36" type="ply">
        <string name="filename" value="meshes/Cube_032.ply"/>
        <boolean name="face_normals" value="true"/>
        <ref id="mat-Material" name="bsdf"/>
        <animation name="to_world">
            <transform time="0">
                <matrix value="0.6657970274472677 0.6129993763336343 0.4253775588021565 -0.7020493778827066 -0.5405339637996054 0.003277243686681699 0.8413160884515681 -0.5948189427477617 0.5143322039547752 -0.790076404344389 0.33352898986856894 -0.1561169611399844 0.0 0.0 0.0 1.0"/>
            </transform>
            <transform time="0.0015">
                <matrix value="0.6656584733525666 0.6130021547178844 0.425588352108758 -0.7022368764190414 -0.54080851887889 0.003287583331031288 0.8411378728339194 -0.5957075465647516 0.5142201383775454 -0.7900742116735754 0.3337052055497224 -0.15626115988337863 0.0 0.0 0.0 1.0"/>
            </transform>
        </animation>
    </shape>
    <shape name="temp37" type="ply">
        <string name="filename" value="meshes/Cube_033.ply"/>
        <boolean name="face_normals" value="true"/>
        <ref id="mat-Material" name="bsdf"/>
        <animation name="to_world">
            <transform time="0">
                <matrix value="0.9766088325558883 0.16982007538228247 0.1318978384483767 -0.14455181791459681 -0.15001125832628578 0.09861773423469462 0.9837537309093042 0.3007313179332171 0.15405366232467596 -0.9805282600125568 0.1217858627082111 -0.3857715460568759 0.0 0.0 0.0 1.0"/>
            </transform>
            <transform time="0.0015">
                <matrix value="0.9766095187042324 0.16982055822041026 0.1318921033113377 -0.14455821035336247 -0.15001185671146963 0.09865794496394036 0.9837495863600565 0.30072699968064076 0.15404870131257847 -0.9805241074544748 0.1218253754961 -0.38576932406449255 0.0 0.0 0.0 1.0"/>
            </transform>
        </animation>
    </shape>
    <shape name="temp38" type="ply">
        <string name="filename" value="meshes/Cube_034.ply"/>
        <boolean name="face_normals" value="true"/>
        <ref id="mat-Material" name="bsdf"/>
        <animation name="to_world">
            <transform time="0">
                <matrix value="0.9999166706558373 -0.0013349401259430606 0.012833949773556912 -0.03396342109855377 -0.012392234768902907 0.17777447056148749 0.9839931993791313 0.3692596318598138 -0.0035951204463616103 -0.9840704346683409 0.17774316687477337 -0.37734528628855324 0.0 0.0 0.0 1.0"/>
            </transform>
            <transform time="0.0015">
