
<scene version="2.1.0">
    <default name="spp" value="1024"/>
    <default name="resx" value="640"/>
    <default name="resy" value="360"/>
    <integrator name="temp0" type="path">
        <integer name="max_depth" value="12"/>
    </integrator>
    <sensor name="temp44" type="perspective">
        <string name="fov_axis" value="x"/>
        <float name="fov" value="83.974423"/>
        <float name="principal_point_offset_x" value="0.000000"/>
        <float name="principal_point_offset_y" value="-0.000000"/>
        <float name="near_clip" value="0.100000"/>
        <float name="far_clip" value="1000.000000"/>
        <sampler name="sampler" type="correlated">
            <integer name="sample_count" value="1024"/>
        </sampler>
        <film name="film" type="hdrfilm">
            <integer name="width" value="$resx"/>
            <integer name="height" value="$resy"/>
        </film>
        <float name="shutter_open" value="0.0"/>
        <float name="shutter_close" value="0.0015"/>
        <animation name="to_world">
            <transform time="0">
                <rotate angle="-142.5518126578256" x="1"/>
                <rotate angle="3.976628485794621e-06" y="1"/>
                <rotate angle="-179.999991348578" z="1"/>
                <translate value="-0.000000 3.030926 4.073377"/>
                <translate x="3.4499999999999997" y="0.0" z="0.0"/>
            </transform>
            <transform time="0.0015">
                <rotate angle="-142.5518126578256" x="1"/>
                <rotate angle="3.976628485794621e-06" y="1"/>
                <rotate angle="-179.999991348578" z="1"/>
                <translate value="-0.000000 3.030926 4.073377"/>
                <translate x="3.5999999999999996" y="0.0" z="0.0"/>
            </transform>
        </animation>
    </sensor>
    <bsdf id="mat-Material" name="mat-Material" type="twosided">
        <bsdf name="bsdf" type="diffuse">
            <texture name="reflectance" type="bitmap">
                <string name="filename" value="textures/siggraph_2023_logo.jpg"/>
            </texture>
        </bsdf>
    </bsdf>
    <bsdf id="mat-Material.001" name="mat-Material.001" type="twosided">
        <bsdf name="bsdf" type="principled">
            <rgb name="base_color" value="0.433648 0.266232 0.084399"/>
            <float name="spec_tint" value="0.000000"/>
            <float name="spec_trans" value="0.000000"/>
            <float name="metallic" value="0.000000"/>
            <float name="anisotropic" value="0.000000"/>
            <float name="roughness" value="0.500000"/>
            <float name="sheen" value="0.000000"/>
            <float name="sheen_tint" value="0.500000"/>
            <float name="clearcoat" value="0.000000"/>
            <float name="clearcoat_gloss" value="0.173205"/>
            <float name="specular" value="0.500000"/>
        </bsdf>
    </bsdf>
    <bsdf id="mat-Material.002" name="mat-Material.002" type="twosided">
        <bsdf name="bsdf" type="principled">
            <rgb name="base_color" value="0.433648 0.266232 0.084399"/>
            <float name="spec_tint" value="0.000000"/>
            <float name="spec_trans" value="0.000000"/>
            <float name="metallic" value="0.000000"/>
            <float name="anisotropic" value="0.000000"/>
            <float name="roughness" value="0.500000"/>
            <float name="sheen" value="0.000000"/>
            <float name="sheen_tint" value="0.500000"/>
            <float name="clearcoat" value="0.000000"/>
            <float name="clearcoat_gloss" value="0.173205"/>
            <float name="specular" value="0.500000"/>
        </bsdf>
    </bsdf>
    <bsdf id="mat-Material.003" name="mat-Material.003" type="twosided">
        <bsdf name="bsdf" type="principled">
            <rgb name="base_color" value="0.433648 0.266232 0.084399"/>
            <float name="spec_tint" value="0.000000"/>
            <float name="spec_trans" value="0.000000"/>
            <float name="metallic" value="0.000000"/>
            <float name="anisotropic" value="0.000000"/>
            <float name="roughness" value="0.500000"/>
            <float name="sheen" value="0.000000"/>
            <float name="sheen_tint" value="0.500000"/>
            <float name="clearcoat" value="0.000000"/>
            <float name="clearcoat_gloss" value="0.173205"/>
            <float name="specular" value="0.500000"/>
        </bsdf>
    </bsdf>
    <bsdf id="mat-Material.004" name="mat-Material.004" type="twosided">
        <bsdf name="bsdf" type="principled">
            <rgb name="base_color" value="0.433648 0.266232 0.084399"/>
            <float name="spec_tint" value="0.000000"/>
            <float name="spec_trans" value="0.000000"/>
            <float name="metallic" value="0.000000"/>
            <float name="anisotropic" value="0.000000"/>
            <float name="roughness" value="0.500000"/>
            <float name="sheen" value="0.000000"/>
            <float name="sheen_tint" value="0.500000"/>
            <float name="clearcoat" value="0.000000"/>
            <float name="clearcoat_gloss" value="0.173205"/>
            <float name="specular" value="0.500000"/>
        </bsdf>
    </bsdf>
    <bsdf id="mat-Material.005" name="mat-Material.005" type="twosided">
        <bsdf name="bsdf" type="principled">
            <rgb name="base_color" value="0.433648 0.266232 0.084399"/>
            <float name="spec_tint" value="0.000000"/>
            <float name="spec_trans" value="0.000000"/>
            <float name="metallic" value="0.000000"/>
            <float name="anisotropic" value="0.000000"/>
            <float name="roughness" value="0.500000"/>
            <float name="sheen" value="0.000000"/>
            <float name="sheen_tint" value="0.500000"/>
            <float name="clearcoat" value="0.000000"/>
            <float name="clearcoat_gloss" value="0.173205"/>
            <float name="specular" value="0.500000"/>
        </bsdf>
    </bsdf>
    <emitter name="temp45" type="point">
        <point name="position" x="-6.815235034541981e-16" y="3.0693089962005615" z="4.109199523925781"/>
        <rgb name="intensity" value="7.957747 7.957747 7.957747"/>
    </emitter>
    <shape name="temp2" type="ply">
        <string name="filename" value="meshes/Cube.ply"/>
        <boolean name="face_normals" value="true"/>
        <ref id="mat-Material" name="bsdf"/>
        <animation name="to_world">
            <transform time="0">
                <matrix value="1.0 0.000123445683665573 0.0005109164999685594 -0.0013114823745836723 -0.00012270955113850932 0.9999989570796561 -0.0014408768186483767 -0.015623765651804511 -0.0005110925540798579 0.0014408132275673048 0.9999988180233473 0.0010815846462033374 0.0 0.0 0.0 1.0"/>
                <scale value="1"/>
            </transform>
            <transform time="0.0015">
                <matrix value="1.0 0.00012294368219560427 0.0005119054898413909 -0.0013121520369919675 -0.00012220861497647394 0.9999989645888028 -0.0014362665820602154 -0.015630860347453264 -0.0005120804481260342 0.0014362031371817083 0.9999988265337154 0.0010874002848182847 0.0 0.0 0.0 1.0"/>
                <scale value="1"/>
            </transform>
        </animation>
    </shape>
    <shape name="temp4" type="ply">
        <string name="filename" value="meshes/Plane.ply"/>
        <boolean name="face_normals" value="true"/>
        <ref id="mat-Material.001" name="bsdf"/>
        <transform name="to_world">
            <scale value="1"/>
        </transform>
    </shape>
    <shape name="temp5" type="ply">
        <string name="filename" value="meshes/Cube_001.ply"/>
        <boolean name="face_normals" value="true"/>
        <ref id="mat-Material" name="bsdf"/>
        <animation name="to_world">
            <transform time="0">
                <matrix value="1.0 -0.0002160326058616295 -0.000130295905491038 0.0006539765110136209 0.00021633095578757757 0.9999972884071061 0.0022882311530276803 -0.02042271682315533 0.0001298014102161776 -0.002288259011353231 0.9999973996513641 -0.00016345055493804939 0.0 0.0 0.0 1.0"/>
                <scale value="1"/>
            </transform>
            <transform time="0.0015">
                <matrix value="1.0 -0.0002147350253253614 -0.00013067037870663327 0.0006551138586992597 0.0002150433266135807 0.9999970856601473 0.0023533279796008827 -0.020483058294637358 0.00013016709536972664 -0.0023533553528698736 0.9999971954025306 -0.00016726483330702107 0.0 0.0 0.0 1.0"/>
                <scale value="1"/>
            </transform>
        </animation>
    </shape>
    <shape name="temp6" type="ply">
        <string name="filename" value="meshes/Cube_002.ply"/>
        <boolean name="face_normals" value="true"/>
        <ref id="mat-Material" name="bsdf"/>
        <animation name="to_world">
            <transform time="0">
                <matrix value="1.0 4.352002302768119e-05 -7.906880096978821e-05 -0.0005689134885669134 -4.3371904181892006e-05 0.99999833132745 0.0018733526200403667 -0.018813455597470885 7.915002295989376e-05 -0.001873349839285975 0.9999983452326863 -0.00016538199632132322 0.0 0.0 0.0 1.0"/>
                <scale value="1"/>
            </transform>
            <transform time="0.0015">
                <matrix value="1.0 4.2030439619607864e-05 -7.889678090009076e-05 -0.0005717500753342563 -4.18963333915074e-05 0.9999982036719575 0.0016890685993391978 -0.018696407692789945 7.897481577806506e-05 -0.0016890655442019394 0.9999982175771653 -0.00016786833193849804 0.0 0.0 0.0 1.0"/>
                <scale value="1"/>
            </transform>
        </animation>
    </shape>
    <shape name="temp7" type="ply">
        <string name="filename" value="meshes/Cube_003.ply"/>
        <boolean name="face_normals" value="true"/>
        <ref id="mat-Material" name="bsdf"/>
        <animation name="to_world">
            <transform time="0">
                <matrix value="1.0 -0.00031459692171631313 0.0005338539388899159 -0.0008585251603916433 0.00031617236408895314 0.999995619734556 -0.002952861352720272 -0.01749829425175431 -0.0005329221828033055 0.0029530289535545855 0.9999955084887199 0.0012755959151011798 0.0 0.0 0.0 1.0"/>
                <scale value="1"/>
            </transform>
            <transform time="0.0015">
                <matrix value="1.0 -0.0002976243430275279 0.0005339311279282653 -0.0008597910566296031 0.00029912017352656133 0.9999957473900486 -0.002803825319159597 -0.017508524425921802 -0.0005330262220406027 0.002803983807012303 0.9999956446546089 0.0012826735344061942 0.0 0.0 0.0 1.0"/>
                <scale value="1"/>
            </transform>
        </animation>
    </shape>
    <shape name="temp8" type="ply">
        <string name="filename" value="meshes/Cube_004.ply"/>
        <boolean name="face_normals" value="true"/>
        <ref id="mat-Material" name="bsdf"/>
        <animation name="to_world">
            <transform time="0">
                <matrix value="1.0 -0.0003994384916868819 0.00014823121921837303 -0.0005757244607682566 0.00039976322055504436 0.9999974969911749 -0.0022007837923579063 -0.018841315366788902 -0.0001473515452274448 0.0022008414281334022 0.9999976360466947 0.000618972147636735 0.0 0.0 0.0 1.0"/>
                <scale value="1"/>
            </transform>
            <transform time="0.0015">
                <matrix value="1.0 -0.0003855602926508635 0.0001485662724090913 -0.0005766277229474807 0.0003858769998328899 0.9999975795917877 -0.0021448426750600514 -0.018805624342866097 -0.00014771794844321446 0.0021448982858000847 0.9999977126400073 0.0006235143664525256 0.0 0.0 0.0 1.0"/>
                <scale value="1"/>
            </transform>
        </animation>
    </shape>
    <shape name="temp9" type="ply">
        <string name="filename" value="meshes/Cube_005.ply"/>
        <boolean name="face_normals" value="true"/>
        <ref id="mat-Material" name="bsdf"/>
        <animation name="to_world">
            <transform time="0">
                <matrix value="1.0 -7.310892468655029e-05 0.0004802702093186094 -0.0003709235452227233 7.328682846743151e-05 1.0 -0.00037100355964088714 -0.018073977365366867 -0.0004802429670920009 0.0003710397707243916 1.0 0.0012204943585364392 0.0 0.0 0.0 1.0"/>
                <scale value="1"/>
            </transform>
            <transform time="0.0015">
                <matrix value="1.0 -6.028765005220195e-05 0.0004804399060578251 -0.0003708948080863708 6.040466457419224e-05 0.9999998197804811 -0.00024526099919982766 -0.017992984388836498 -0.0004803817924546521 0.0002452912259363581 0.9999998212822706 0.001221814525242087 0.0 0.0 0.0 1.0"/>
                <scale value="1"/>
            </transform>
        </animation>
    </shape>
    <shape name="temp10" type="ply">
        <string name="filename" value="meshes/Cube_006.ply"/>
        <boolean name="face_normals" value="true"/>
        <ref id="mat-Material" name="bsdf"/>
        <animation name="to_world">
            <transform time="0">
                <matrix value="1.0 0.00023243982871076275 -0.00021946540614372552 -0.000593316688414891 -0.00023256466445755258 0.9999997914159312 -0.0005677010223152464 -0.017579341337530474 0.00021933347162458536 0.0005677533201369146 1.0 -0.0005978641717024891 0.0 0.0 0.0 1.0"/>
                <scale value="1"/>
            </transform>
            <transform time="0.0015">
                <matrix value="1.0 0.00023132275304099242 -0.00021958701079300604 -0.0005933205148199793 -0.0002314393333023517 0.9999997914159312 -0.0005303596548381288 -0.017556243589166593 0.0002194632334463186 0.0005304116856324894 1.0 -0.0005935741091689869 0.0 0.0 0.0 1.0"/>
                <scale value="1"/>
            </transform>
        </animation>
    </shape>
    <shape name="temp11" type="ply">
        <string name="filename" value="meshes/Cube_007.ply"/>
        <boolean name="face_normals" value="true"/>
        <ref id="mat-Material" name="bsdf"/>
        <animation name="to_world">
            <transform time="0">
                <matrix value="0.9999991135176153 -0.0013467897868896569 -2.189068039776824e-05 0.0004580027176723789 0.0013468592815592162 0.9999931167257308 0.003462435127211419 -0.017463627899331147 1.7227366774994815e-05 -0.0034624684255865905 0.9999940901167368 -3.0046186704435485e-05 0.0 0.0 0.0 1.0"/>
                <scale value="1"/>
            </transform>
            <transform time="0.0015">
                <matrix value="0.9999991454314917 -0.0013189933290222214 -2.1780830268859088e-05 0.0004564114365049354 0.0013190613377362188 0.9999933194726895 0.003391844772948591 -0.017467441426495294 1.7254330809225612e-05 -0.0033918771909378902 0.9999942688344662 -3.391902031170254e-05 0.0 0.0 0.0 1.0"/>
                <scale value="1"/>
            </transform>
        </animation>
    </shape>
    <shape name="temp12" type="ply">
        <string name="filename" value="meshes/Cube_008.ply"/>
        <boolean name="face_normals" value="true"/>
        <ref id="mat-Material" name="bsdf"/>
        <animation name="to_world">
            <transform time="0">
                <matrix value="1.0 -2.9713217763853636e-05 0.00010152706655615973 4.967040864256589e-05 2.970793064871008e-05 1.0 5.2254005837073505e-05 -0.01777142431165718 -0.00010152838427947599 -5.225093497808825e-05 1.0 0.0002913390384782222 0.0 0.0 0.0 1.0"/>
                <scale value="1"/>
            </transform>
            <transform time="0.0015">
                <matrix value="0.9999999840430618 1.0398105398894407e-05 0.00010154757654319633 4.962393244063283e-05 -1.0397508680985242e-05 0.9999999324176804 -4.726865679120376e-06 -0.017751694765744307 -0.0001016085998079872 4.725788823710344e-06 0.9999999574481597 0.00029049397309477816 0.0 0.0 0.0 1.0"/>
                <scale value="1"/>
            </transform>
        </animation>
    </shape>
    <shape name="temp13" type="ply">
        <string name="filename" value="meshes/Cube_009.ply"/>
        <boolean name="face_normals" value="true"/>
        <ref id="mat-Material" name="bsdf"/>
        <animation name="to_world">
            <transform time="0">
                <matrix value="0.9999991135176153 0.001455927229190089 0.0003173701870501692 0.0006385586665058618 -0.0014557237508133476 0.9999987484955875 -0.0006392295214271091 -0.01577104637381005 -0.0003183008082946384 0.0006387678521889855 0.9999997636046695 0.0005017255421000399 0.0 0.0 0.0 1.0"/>
                <scale value="1"/>
            </transform>
            <transform time="0.0015">
                <matrix value="0.9999991454314917 0.0014210786313641418 0.000317710942187491 0.0006415883169416026 -0.0014208819357449363 0.9999987860413205 -0.0006176657891270686 -0.015809932909110938 -0.00031860872933177397 0.0006172149944266929 0.9999997721150375 0.0005041416377082665 0.0 0.0 0.0 1.0"/>
                <scale value="1"/>
            </transform>
        </animation>
    </shape>
    <shape name="temp14" type="ply">
        <string name="filename" value="meshes/Cube_010.ply"/>
        <boolean name="face_normals" value="true"/>
        <ref id="mat-Material" name="bsdf"/>
        <animation name="to_world">
            <transform time="0">
                <matrix value="0.9999991135176153 -0.0002320727207497346 0.0015660245066311256 0.0029522747562711338 0.00023170477654438528 1.0 0.00023513463423259693 -0.017783880374357464 -0.0015660819428857128 -0.00023477179859956657 0.9999988180233473 0.0026113092466997223 0.0 0.0 0.0 1.0"/>
                <scale value="1"/>
            </transform>
            <transform time="0.0015">
                <matrix value="0.9999990975606771 -0.00022529346317946361 0.0015680962706328644 0.0029555774012267667 0.0002249248027392083 1.0 0.00023527099586010213 -0.01777180361131538 -0.0015681520364830386 -0.00023491867750749136 0.9999988095129793 0.002614850342620116 0.0 0.0 0.0 1.0"/>
                <scale value="1"/>
            </transform>
        </animation>
    </shape>
    <shape name="temp15" type="ply">
        <string name="filename" value="meshes/Cube_011.ply"/>
        <boolean name="face_normals" value="true"/>
        <ref id="mat-Material" name="bsdf"/>
        <animation name="to_world">
            <transform time="0">
                <matrix value="0.9999991135176153 -0.0014948365013776979 -0.0003050468984696239 -0.0005337171577874944 0.0014947201109166762 0.9999987484955875 -0.00038399111910022266 -0.020498962381494124 0.00030562056426376754 0.0003835360422841624 1.0 -0.0004799236048986799 0.0 0.0 0.0 1.0"/>
                <scale value="1"/>
            </transform>
            <transform time="0.0015">
                <matrix value="0.9999991454314917 -0.001460330170454778 -0.00030528408242759493 -0.0005358987680457613 0.001460217540355157 0.9999987860413205 -0.00037145452994517234 -0.020430072706954253 0.00030583781797784745 0.00037100982454802925 1.0 -0.00047893916854949245 0.0 0.0 0.0 1.0"/>
                <scale value="1"/>
            </transform>
        </animation>
    </shape>
    <shape name="temp16" type="ply">
        <string name="filename" value="meshes/Cube_012.ply"/>
        <boolean name="face_normals" value="true"/>
        <ref id="mat-Material" name="bsdf"/>
        <animation name="to_world">
            <transform time="0">
                <matrix value="1.0 -0.0005912899464564696 -0.0001341300013569092 -0.0005708530677384083 0.0005911995347740444 0.9999995828318625 -0.0006917069208515337 -0.019350612058781635 0.00013453921532125234 0.0006916272268956643 0.9999997636046695 -0.00010133221253227909 0.0 0.0 0.0 1.0"/>
                <scale value="1"/>
            </transform>
            <transform time="0.0015">
                <matrix value="0.9999999840430618 -0.0005263003850047906 -0.00013415089431050874 -0.0005726079693566613 0.0005262185739046843 0.9999995452861294 -0.0006268213216137037 -0.019184775871390333 0.0001345938997485863 0.0006267503777347802 0.9999997550943014 -9.964629337786546e-05 0.0 0.0 0.0 1.0"/>
                <scale value="1"/>
            </transform>
        </animation>
    </shape>
    <shape name="temp17" type="ply">
        <string name="filename" value="meshes/Cube_013.ply"/>
        <boolean name="face_normals" value="true"/>
        <ref id="mat-Material" name="bsdf"/>
        <animation name="to_world">
            <transform time="0">
                <matrix value="0.9999995567588077 0.0010537124835479318 6.112757735918994e-05 -0.000479875176697786 -0.0010538502589415046 0.9999966626548998 0.002334056387850982 -0.014018478602302098 -5.86678474612031e-05 -0.0023341203905528104 0.9999973996513641 0.0002461203764374531 0.0 0.0 0.0 1.0"/>
                <scale value="1"/>
            </transform>
            <transform time="0.0015">
                <matrix value="0.9999995248449313 0.0010746879329898782 6.133830258284692e-05 -0.00047913122266202016 -0.0010748288456400652 0.9999965124719674 0.0023767917968150454 -0.013948985363204047 -5.8759679640749926e-05 -0.0023768569714477552 0.9999972719958432 0.00024569601842724226 0.0 0.0 0.0 1.0"/>
                <scale value="1"/>
            </transform>
        </animation>
    </shape>
    <shape name="temp18" type="ply">
        <string name="filename" value="meshes/Cube_014.ply"/>
        <boolean name="face_normals" value="true"/>
        <ref id="mat-Material" name="bsdf"/>
        <animation name="to_world">
            <transform time="0">
                <matrix value="1.0 -0.0005367994443320408 -2.7922070860918697e-05 -0.00010972387633589875 0.0005367207598217815 0.9999960369026935 -0.0027219976729243663 -0.020351227442559572 2.9383212151191342e-05 0.002721974123060429 0.999996454070042 -7.219721666062995e-05 0.0 0.0 0.0 1.0"/>
                <scale value="1"/>
            </transform>
            <transform time="0.0015">
                <matrix value="1.0 -0.0005117084569010175 -2.801607638656447e-05 -0.00011161257156593954 0.0005116334849246465 0.999996164558186 -0.0025953449286187573 -0.02023129277636343 2.9429204834268286e-05 0.0025953223781167104 0.9999965732151949 -6.658260611822905e-05 0.0 0.0 0.0 1.0"/>
                <scale value="1"/>
            </transform>
        </animation>
    </shape>
    <shape name="temp19" type="ply">
        <string name="filename" value="meshes/Cube_015.ply"/>
        <boolean name="face_normals" value="true"/>
        <ref id="mat-Material" name="bsdf"/>
        <animation name="to_world">
            <transform time="0">
                <matrix value="1.0 -0.00023477597028094188 -4.0218883164444625e-05 0.0004884539478751115 0.00023477466504263092 1.0 -2.999289395636426e-05 -0.01802510548885705 4.022586684679989e-05 2.9983334132905596e-05 1.0 -8.652165494593689e-05 0.0 0.0 0.0 1.0"/>
                <scale value="1"/>
            </transform>
            <transform time="0.0015">
                <matrix value="1.0 -0.0002347342945171902 -4.028188541922967e-05 0.0004880896926938609 0.0002347330333907738 1.0 -2.9820567513416475e-05 -0.018024974205926542 4.028882973369057e-05 2.981099921793249e-05 1.0 -8.65484789797509e-05 0.0 0.0 0.0 1.0"/>
                <scale value="1"/>
            </transform>
        </animation>
    </shape>
    <shape name="temp20" type="ply">
        <string name="filename" value="meshes/Cube_016.ply"/>
        <boolean name="face_normals" value="true"/>
        <ref id="mat-Material" name="bsdf"/>
        <animation name="to_world">
            <transform time="0">
                <matrix value="1.0 0.0003035899404075316 0.00033567900539974215 0.0005354742334190421 -0.00030445085075714464 0.9999966626548998 0.0025676315220880706 -0.0171020681599805 -0.00033489841798353627 -0.002567726204207975 0.9999966904653725 0.0004736412819983382 0.0 0.0 0.0 1.0"/>
                <scale value="1"/>
            </transform>
            <transform time="0.0015">
                <matrix value="1.0 0.00027575075549581734 0.0003357361099694582 0.000536159820587144 -0.00027656396296042105 0.9999967452555127 0.0024254253993142645 -0.017148067612649937 -0.0003349601872914469 -0.0024255110019756614 0.9999967755690533 0.00046853041306240816 0.0 0.0 0.0 1.0"/>
                <scale value="1"/>
            </transform>
        </animation>
    </shape>
    <shape name="temp21" type="ply">
        <string name="filename" value="meshes/Cube_017.ply"/>
        <boolean name="face_normals" value="true"/>
        <ref id="mat-Material" name="bsdf"/>
        <animation name="to_world">
            <transform time="0">
                <matrix value="1.0 -0.00031404208809339564 0.0001296860055382698 0.0004294839280449825 0.00031406253601334687 1.0 -0.00015936402091436768 -0.01793826566974066 -0.00012963608125142944 0.0001594047427845556 1.0 4.947120929391091e-05 0.0 0.0 0.0 1.0"/>
                <scale value="1"/>
            </transform>
            <transform time="0.0015">
                <matrix value="1.0 -0.00027853944359667915 0.00012994611642780786 0.00042833037690230883 0.0002785505454959716 0.999999939926827 -9.082439302342165e-05 -0.017926780523991895 -0.00012985577637705947 9.086040388608513e-05 0.9999999489377916 5.2682729437216685e-05 0.0 0.0 0.0 1.0"/>
                <scale value="1"/>
            </transform>
        </animation>
    </shape>
    <shape name="temp22" type="ply">
        <string name="filename" value="meshes/Cube_018.ply"/>
        <boolean name="face_normals" value="true"/>
        <ref id="mat-Material" name="bsdf"/>
        <animation name="to_world">
            <transform time="0">
                <matrix value="1.0 0.0006876787304739238 -0.0002523685630142485 0.0005482060849689163 -0.0006873075225122202 0.9999987484955875 0.001476258107768849 -0.017788094104463414 0.0002533823735388554 -0.0014760847935956346 0.999999054418678 -0.00011435465529757716 0.0 0.0 0.0 1.0"/>
                <scale value="1"/>
            </transform>
            <transform time="0.0015">
                <matrix value="0.9999998563875558 0.0007670552912129415 -0.0002517131199969879 0.0005462483132400685 -0.0007666631316218873 0.9999983580199631 0.0015663227372747718 -0.01779128218509373 0.00025310457920110893 -0.0015661308004038762 0.9999988076180042 -0.00011122768290360511 0.0 0.0 0.0 1.0"/>
                <scale value="1"/>
            </transform>
        </animation>
    </shape>
    <shape name="temp23" type="ply">
        <string name="filename" value="meshes/Cube_019.ply"/>
        <boolean name="face_normals" value="true"/>
        <ref id="mat-Material" name="bsdf"/>
        <animation name="to_world">
            <transform time="0">
                <matrix value="0.9999432651273786 0.008812872974387964 -0.006009547534609458 0.003247133491876275 -0.00877248340948217 0.9999388848678515 0.006714903921845813 -0.018119052853983686 0.006068361975579184 -0.006661803876743502 0.9999595763984793 -0.0009289731348880448 0.0 0.0 0.0 1.0"/>
                <scale value="1"/>
            </transform>
            <transform time="0.0015">
                <matrix value="0.9999417651751845 0.00895280329348616 -0.006007673551561549 0.0032461899539887756 -0.008912050450622528 0.9999369249805833 0.006776855146174837 -0.018127637348541 0.006068202884904973 -0.0067229238247579716 0.9999591168386038 -0.0009280058536992437 0.0 0.0 0.0 1.0"/>
                <scale value="1"/>
            </transform>
        </animation>
    </shape>
    <shape name="temp24" type="ply">
        <string name="filename" value="meshes/Cube_020.ply"/>
        <boolean name="face_normals" value="true"/>
        <ref id="mat-Material" name="bsdf"/>
        <animation name="to_world">
            <transform time="0">
                <matrix value="0.9999818462608788 0.0014667025873996392 0.005830313402366816 -0.004458227737586862 -0.0015143777892576407 0.999965419132972 0.00818093319291668 -0.015888062564384353 -0.005818108848109876 -0.008189602590516485 0.9999496477899775 -0.0004602836236551333 0.0 0.0 0.0 1.0"/>
                <scale value="1"/>
            </transform>
            <transform time="0.0015">
                <matrix value="0.9999814017187809 0.0015845102981616008 0.0058429078960646995 -0.004469716283117805 -0.0016322707034590264 0.9999650686138533 0.008178374125144359 -0.015901146654705673 -0.005829749596977664 -0.008187787899854533 0.9999495967277597 -0.0004615312573475747 0.0 0.0 0.0 1.0"/>
                <scale value="1"/>
            </transform>
        </animation>
    </shape>
    <shape name="temp25" type="ply">
        <string name="filename" value="meshes/Cube_021.ply"/>
        <boolean name="face_normals" value="true"/>
        <ref id="mat-Material" name="bsdf"/>
        <animation name="to_world">
            <transform time="0">
                <matrix value="0.9988010325746817 0.0416000066746902 0.025813448152121343 -0.016468662915336052 -0.04165853319078697 0.9991304130173145 0.0017329999843979083 -0.02260086438625264 -0.025718919484350927 -0.0028062712886115187 0.999665264211969 -0.012877568959439034 0.0 0.0 0.0 1.0"/>
                <scale value="1"/>
            </transform>
            <transform time="0.0015">
                <matrix value="0.998799229440661 0.041637227261751085 0.02582271764501772 -0.016474782114241554 -0.041695432014763355 0.9991288736422571 0.0017191462115359688 -0.02260987461394533 -0.025728666780072247 -0.002793779823205952 0.9996650514527674 -0.012884505010412545 0.0 0.0 0.0 1.0"/>
                <scale value="1"/>
            </transform>
        </animation>
    </shape>
    <shape name="temp26" type="ply">
        <string name="filename" value="meshes/Cube_022.ply"/>
        <boolean name="face_normals" value="true"/>
        <ref id="mat-Material" name="bsdf"/>
        <animation name="to_world">
            <transform time="0">
                <matrix value="0.9991808902765292 0.037080782523992384 0.016208611314542425 -0.007873417793142101 -0.03710260767658286 0.9993108382367971 0.001047013830545208 -0.02210112007113174 -0.016158623611990205 -0.001647536726439908 0.999868091405564 -0.011788944078950203 0.0 0.0 0.0 1.0"/>
                <scale value="1"/>
            </transform>
            <transform time="0.0015">
                <matrix value="0.999183985922547 0.03699480955340334 0.016208110904900205 -0.007869509546037127 -0.03701796776780704 0.9993136992216601 0.0011305356039790933 -0.022076345441541103 -0.01615536233295358 -0.0017296113986516484 0.9998679211982027 -0.011785431492712493 0.0 0.0 0.0 1.0"/>
                <scale value="1"/>
            </transform>
        </animation>
    </shape>
    <shape name="temp27" type="ply">
        <string name="filename" value="meshes/Cube_023.ply"/>
        <boolean name="face_normals" value="true"/>
        <ref id="mat-Material" name="bsdf"/>
        <animation name="to_world">
            <transform time="0">
                <matrix value="0.9994747591870602 0.030807449788600047 0.010077414742842067 -0.0027586834423478646 -0.03089718665950389 0.9994831286775979 0.008873358766318961 -0.0198346920767683 -0.00979885271449771 -0.009180053939840184 0.999909933379068 -0.008895918175434364 0.0 0.0 0.0 1.0"/>
                <scale value="1"/>
            </transform>
            <transform time="0.0015">
                <matrix value="0.9994740092109631 0.030831694570298246 0.010076818166040712 -0.0027592162171311864 -0.030920707665171555 0.9994829709855189 0.008800131304303837 -0.019846991004274034 -0.00980034452865337 -0.00910707840095609 0.9999105120840964 -0.008897234324741836 0.0 0.0 0.0 1.0"/>
                <scale value="1"/>
            </transform>
        </animation>
    </shape>
    <shape name="temp28" type="ply">
        <string name="filename" value="meshes/Cube_024.ply"/>
        <boolean name="face_normals" value="true"/>
        <ref id="mat-Material" name="bsdf"/>
        <animation name="to_world">
            <transform time="0">
                <matrix value="0.999557202048838 0.028613249677216155 0.008207031248153161 -0.0009637126682127128 -0.028728349883959458 0.9994854231023543 0.014266481837037569 -0.016453255765121966 -0.007794604690910188 -0.014495935739420094 0.9998645454756061 -0.007657099405291218 0.0 0.0 0.0 1.0"/>
                <scale value="1"/>
            </transform>
            <transform time="0.0015">
                <matrix value="0.9995568190823204 0.02862642522587898 0.008206478074228939 -0.0009650089800491753 -0.028741237664694958 0.9994855432487003 0.014230703398655585 -0.016473701460748863 -0.007794901489961373 -0.01446025745598389 0.9998650475873219 -0.007658218462153043 0.0 0.0 0.0 1.0"/>
                <scale value="1"/>
            </transform>
        </animation>
    </shape>
    <shape name="temp29" type="ply">
        <string name="filename" value="meshes/Cube_025.ply"/>
        <boolean name="face_normals" value="true"/>
        <ref id="mat-Material" name="bsdf"/>
        <animation name="to_world">
            <transform time="0">
                <matrix value="0.9995235157182192 0.030567452959077892 0.004355040255760836 0.0010705275605042974 -0.03060751967547653 0.999486674606767 0.009448437686900058 -0.019579864075094044 -0.004063994276869725 -0.009577220951018203 0.9999458654693085 -0.004931234856733968 0.0 0.0 0.0 1.0"/>
                <scale value="1"/>
            </transform>
            <transform time="0.0015">
                <matrix value="0.9995227976559986 0.030590976111785725 0.004353502432251494 0.0010692256355599112 -0.030630689309364245 0.9994866520793271 0.009365030122605604 -0.019645368149559986 -0.0040648391967493085 -0.009493901337388014 0.9999465633194898 -0.0049311350396522595 0.0 0.0 0.0 1.0"/>
                <scale value="1"/>
            </transform>
        </animation>
    </shape>
    <shape name="temp30" type="ply">
        <string name="filename" value="meshes/Cube_026.ply"/>
        <boolean name="face_normals" value="true"/>
        <ref id="mat-Material" name="bsdf"/>
        <animation name="to_world">
            <transform time="0">
                <matrix value="0.9995328237832586 0.028233960406572067 0.01172615397562575 0.007874393117923706 -0.028409171901345148 0.9994831286775979 0.015053370973773829 -0.012651377638320194 -0.011295079845468391 -0.015379456137899102 0.9998179755954917 -0.014895247336325745 0.0 0.0 0.0 1.0"/>
                <scale value="1"/>
            </transform>
            <transform time="0.0015">
                <matrix value="0.9995308451229173 0.028301244613048473 0.01172697522614402 0.007872501461438105 -0.028474644176342788 0.9994832638422372 0.014893023724914307 -0.012868793540551779 -0.01129971661258094 -0.01521995578124072 0.9998200265941953 -0.014899772450043522 0.0 0.0 0.0 1.0"/>
                <scale value="1"/>
            </transform>
        </animation>
    </shape>
    <shape name="temp31" type="ply">
        <string name="filename" value="meshes/Cube_027.ply"/>
        <boolean name="face_normals" value="true"/>
        <ref id="mat-Material" name="bsdf"/>
        <animation name="to_world">
            <transform time="0">
                <matrix value="0.9993174085637745 0.03282773250344686 0.01696006479123219 0.017889900604324716 -0.03297244192210657 0.999421596377312 0.008323550506571553 -0.02660996273880073 -0.01667701634850814 -0.00887707932243551 0.9998217579207802 -0.024857146887969472 0.0 0.0 0.0 1.0"/>
                <scale value="1"/>
            </transform>
            <transform time="0.0015">
                <matrix value="0.999319131913104 0.03277264240016979 0.016962285146260345 0.017895039712980006 -0.03291871698546872 0.9994225650572263 0.008404373472084671 -0.02644508155369018 -0.016677180545402584 -0.008957024400665273 0.999820949435814 -0.024858633076454074 0.0 0.0 0.0 1.0"/>
                <scale value="1"/>
            </transform>
        </animation>
    </shape>
    <shape name="temp32" type="ply">
        <string name="filename" value="meshes/Cube_028.ply"/>
        <boolean name="face_normals" value="true"/>
        <ref id="mat-Material" name="bsdf"/>
        <animation name="to_world">
            <transform time="0">
                <matrix value="0.9994091594905917 -0.01194352377754092 0.03223645111982832 0.04298678455834559 0.01051614993608462 0.9989720977091212 0.044090376771605704 0.09040409446028391 -0.03272992250370993 -0.04372531146816069 0.9985073998830316 -0.056957907162983545 0.0 0.0 0.0 1.0"/>
                <scale value="1"/>
            </transform>
            <transform time="0.0015">
                <matrix value="0.9994094945862947 -0.011805434100462692 0.032268543717801364 0.043031286174974516 0.010379514024928791 0.9989768735263728 0.044006724959747785 0.09005338983344646 -0.03275537334148783 -0.04364591200452447 0.9985099444830831 -0.05699814710009151 0.0 0.0 0.0 1.0"/>
                <scale value="1"/>
            </transform>
        </animation>
    </shape>
    <shape name="temp33" type="ply">
        <string name="filename" value="meshes/Cube_029.ply"/>
        <boolean name="face_normals" value="true"/>
        <ref id="mat-Material" name="bsdf"/>
        <animation name="to_world">
            <transform time="0">
                <matrix value="0.9444024842782349 -0.32719665097419187 0.03234911713435907 0.019070559647210494 0.32280458205015006 0.9413966372076433 0.09782346091274129 0.8219520877017624 -0.062460883964774734 -0.08194225141472145 0.994678031923771 -0.17404710716492477 0.0 0.0 0.0 1.0"/>
                <scale value="1"/>
            </transform>
            <transform time="0.0015">
                <matrix value="0.9449472222357275 -0.3254559256591777 0.03259770668761076 0.020780512573363857 0.32105357296394954 0.941955084932769 0.0977469501507267 0.8182921278377588 -0.06252520797849692 -0.08191061387817397 0.9946765255886235 -0.17425812100704843 0.0 0.0 0.0 1.0"/>
                <scale value="1"/>
            </transform>
        </animation>
    </shape>
    <shape name="temp34" type="ply">
        <string name="filename" value="meshes/Cube_030.ply"/>
        <boolean name="face_normals" value="true"/>
        <ref id="mat-Material" name="bsdf"/>
        <animation name="to_world">
            <transform time="0">
                <matrix value="0.9995760412759219 -0.024440518375520696 -0.015808841439533386 -0.0050797127921660135 0.023633861241782312 0.99850205124781 -0.04934327028577439 0.015594156650092617 0.01699112635129846 0.04894872895414954 0.9986567813496533 -0.02653396707950373 0.0 0.0 0.0 1.0"/>
                <scale value="1"/>
            </transform>
            <transform time="0.0015">
                <matrix value="0.9995658892004272 -0.022444843625778865 -0.016004155405684443 -0.005294302776142037 0.02163717888160779 0.9985086704422087 -0.04901290512006736 0.011445083139744452 0.017098054918916993 0.04865587757738998 0.9986679703825764 -0.026325861289998538 0.0 0.0 0.0 1.0"/>
                <scale value="1"/>
            </transform>
        </animation>
    </shape>
    <shape name="temp35" type="ply">
        <string name="filename" value="meshes/Cube_031.ply"/>
        <boolean name="face_normals" value="true"/>
        <ref id="mat-Material" name="bsdf"/>
        <animation name="to_world">
            <transform time="0">
                <matrix value="0.9978174803688475 0.05754990895305399 -0.03237684630663028 -0.043164601572188044 -0.05445953828451475 0.994509232973804 0.08936185553314002 -0.012338139992555508 0.03734185154256799 -0.08740358722881465 0.9954730294203444 -0.2197262759364098 0.0 0.0 0.0 1.0"/>
                <scale value="1"/>
            </transform>
            <transform time="0.0015">
                <matrix value="0.9977305629262774 0.058655323669035135 -0.03255033526585574 -0.04366897634745574 -0.05550873888739279 0.9943532154344403 0.09017988572813485 -0.013980458481140767 0.037679561789849 -0.08816161605651644 0.9953840875636973 -0.22151623289054054 0.0 0.0 0.0 1.0"/>
                <scale value="1"/>
