
<scene version="2.1.0">
    <default name="spp" value="1024"/>
    <default name="resx" value="1280"/>
    <default name="resy" value="720"/>
    <integrator name="temp0" type="path">
        <integer name="max_depth" value="12"/>
    </integrator>
    <sensor name="temp44" type="perspective">
        <string name="fov_axis" value="x"/>
        <float name="fov" value="83.974423"/>
        <float name="principal_point_offset_x" value="0.000000"/>
        <float name="principal_point_offset_y" value="-0.000000"/>
        <float name="near_clip" value="0.100000"/>
        <float name="far_clip" value="1000.000000"/>
        <sampler name="sampler" type="correlated">
            <integer name="sample_count" value="1024"/>
        </sampler>
        <film name="film" type="hdrfilm">
            <integer name="width" value="$resx"/>
            <integer name="height" value="$resy"/>
        </film>
        <float name="shutter_open" value="0.0"/>
        <float name="shutter_close" value="0.0015"/>
        <animation name="to_world">
            <transform time="0">
                <rotate angle="-142.5518126578256" x="1"/>
                <rotate angle="3.976628485794621e-06" y="1"/>
                <rotate angle="-179.999991348578" z="1"/>
                <translate value="-0.000000 3.030926 4.073377"/>
            </transform>
            <transform time="0.0015">
                <rotate angle="-142.5518126578256" x="1"/>
                <rotate angle="3.976628485794621e-06" y="1"/>
                <rotate angle="-179.999991348578" z="1"/>
                <translate value="-0.000000 3.030926 4.073377"/>
                <translate x="0.15" y="0.0" z="0.0"/>
            </transform>
        </animation>
    </sensor>
    <bsdf id="mat-Material" name="mat-Material" type="twosided">
        <bsdf name="bsdf" type="diffuse">
            <texture name="reflectance" type="bitmap">
                <string name="filename" value="textures/siggraph_2023_logo.jpg"/>
            </texture>
        </bsdf>
    </bsdf>
    <bsdf id="mat-Material.001" name="mat-Material.001" type="twosided">
        <bsdf name="bsdf" type="principled">
            <rgb name="base_color" value="0.433648 0.266232 0.084399"/>
            <float name="spec_tint" value="0.000000"/>
            <float name="spec_trans" value="0.000000"/>
            <float name="metallic" value="0.000000"/>
            <float name="anisotropic" value="0.000000"/>
            <float name="roughness" value="0.500000"/>
            <float name="sheen" value="0.000000"/>
            <float name="sheen_tint" value="0.500000"/>
            <float name="clearcoat" value="0.000000"/>
            <float name="clearcoat_gloss" value="0.173205"/>
            <float name="specular" value="0.500000"/>
        </bsdf>
    </bsdf>
    <bsdf id="mat-Material.002" name="mat-Material.002" type="twosided">
        <bsdf name="bsdf" type="principled">
            <rgb name="base_color" value="0.433648 0.266232 0.084399"/>
            <float name="spec_tint" value="0.000000"/>
            <float name="spec_trans" value="0.000000"/>
            <float name="metallic" value="0.000000"/>
            <float name="anisotropic" value="0.000000"/>
            <float name="roughness" value="0.500000"/>
            <float name="sheen" value="0.000000"/>
            <float name="sheen_tint" value="0.500000"/>
            <float name="clearcoat" value="0.000000"/>
            <float name="clearcoat_gloss" value="0.173205"/>
            <float name="specular" value="0.500000"/>
        </bsdf>
    </bsdf>
    <bsdf id="mat-Material.003" name="mat-Material.003" type="twosided">
        <bsdf name="bsdf" type="principled">
            <rgb name="base_color" value="0.433648 0.266232 0.084399"/>
            <float name="spec_tint" value="0.000000"/>
            <float name="spec_trans" value="0.000000"/>
            <float name="metallic" value="0.000000"/>
            <float name="anisotropic" value="0.000000"/>
            <float name="roughness" value="0.500000"/>
            <float name="sheen" value="0.000000"/>
            <float name="sheen_tint" value="0.500000"/>
            <float name="clearcoat" value="0.000000"/>
            <float name="clearcoat_gloss" value="0.173205"/>
            <float name="specular" value="0.500000"/>
        </bsdf>
    </bsdf>
    <bsdf id="mat-Material.004" name="mat-Material.004" type="twosided">
        <bsdf name="bsdf" type="principled">
            <rgb name="base_color" value="0.433648 0.266232 0.084399"/>
            <float name="spec_tint" value="0.000000"/>
            <float name="spec_trans" value="0.000000"/>
            <float name="metallic" value="0.000000"/>
            <float name="anisotropic" value="0.000000"/>
            <float name="roughness" value="0.500000"/>
            <float name="sheen" value="0.000000"/>
            <float name="sheen_tint" value="0.500000"/>
            <float name="clearcoat" value="0.000000"/>
            <float name="clearcoat_gloss" value="0.173205"/>
            <float name="specular" value="0.500000"/>
        </bsdf>
    </bsdf>
    <bsdf id="mat-Material.005" name="mat-Material.005" type="twosided">
        <bsdf name="bsdf" type="principled">
            <rgb name="base_color" value="0.433648 0.266232 0.084399"/>
            <float name="spec_tint" value="0.000000"/>
            <float name="spec_trans" value="0.000000"/>
            <float name="metallic" value="0.000000"/>
            <float name="anisotropic" value="0.000000"/>
            <float name="roughness" value="0.500000"/>
            <float name="sheen" value="0.000000"/>
            <float name="sheen_tint" value="0.500000"/>
            <float name="clearcoat" value="0.000000"/>
            <float name="clearcoat_gloss" value="0.173205"/>
            <float name="specular" value="0.500000"/>
        </bsdf>
    </bsdf>
    <emitter name="temp45" type="point">
        <point name="position" x="-6.815235034541981e-16" y="3.0693089962005615" z="4.109199523925781"/>
        <rgb name="intensity" value="7.957747 7.957747 7.957747"/>
    </emitter>
    <shape name="temp2" type="ply">
        <string name="filename" value="meshes/Cube.ply"/>
        <boolean name="face_normals" value="true"/>
        <ref id="mat-Material" name="bsdf"/>
        <animation name="to_world">
            <transform time="0">
                <matrix value="0.9454019931669938 -0.32470574002498837 -0.027954433381668302 0.31714657156995774 -0.01233159494137692 0.050072774981592454 -0.9986695670797753 1.4274853655016517 0.32567354931590153 0.9444886874430305 0.0433347627370986 1.6562341648401449 0.0 0.0 0.0 1.0"/>
            </transform>
            <transform time="0.0015">
                <matrix value="0.9452939646951377 -0.32481496807175086 -0.02935407659784959 0.3194062789652706 -0.01529583381748067 0.04576038095924878 -0.9984677947633227 1.4361396614608082 0.32549837723933694 0.9444060192478698 0.038292501569302737 1.6637727613893551 0.0 0.0 0.0 1.0"/>
            </transform>
        </animation>
    </shape>
    <shape name="temp4" type="ply">
        <string name="filename" value="meshes/Plane.ply"/>
        <boolean name="face_normals" value="true"/>
        <ref id="mat-Material.001" name="bsdf"/>
    </shape>
    <shape name="temp5" type="ply">
        <string name="filename" value="meshes/Cube_001.ply"/>
        <boolean name="face_normals" value="true"/>
        <ref id="mat-Material" name="bsdf"/>
        <animation name="to_world">
            <transform time="0">
                <matrix value="0.9983551319351732 -0.017916097058338878 -0.0544670443633661 0.038266302646606576 -0.054474253892100914 8.565963668826903e-05 -0.9985152009289391 1.1726854724203686 0.017894165527536803 0.9998393902670503 -0.0008904468391816749 1.0938144387135578 0.0 0.0 0.0 1.0"/>
            </transform>
            <transform time="0.0015">
                <matrix value="0.9983558499973938 -0.017873939357557017 -0.05446706904343349 0.03824889715367031 -0.054474239530856505 8.580533666017417e-05 -0.9985152009289392 1.1726851286001887 0.01785207830509306 0.9998401261634192 -0.0008880046188580675 1.093929372158021 0.0 0.0 0.0 1.0"/>
            </transform>
        </animation>
    </shape>
    <shape name="temp6" type="ply">
        <string name="filename" value="meshes/Cube_002.ply"/>
        <boolean name="face_normals" value="true"/>
        <ref id="mat-Material" name="bsdf"/>
        <animation name="to_world">
            <transform time="0">
                <matrix value="0.9997180986016627 -0.02323267761454916 0.004919457746935017 -0.04390286985342007 0.00985790573855507 0.2175258592099253 -0.9760049283698509 0.6576291107982801 0.021605091600224814 0.9757779664304801 0.2176935758623347 0.544267943872889 0.0 0.0 0.0 1.0"/>
            </transform>
            <transform time="0.0015">
                <matrix value="0.9997185932667481 -0.023214075205622672 0.004906390927808046 -0.04394728042660871 0.00984051698425141 0.21749912664795126 -0.9760110473244896 0.6576800630664823 0.021590038622540105 0.9757843567142553 0.21766637502392544 0.5443275424939187 0.0 0.0 0.0 1.0"/>
            </transform>
        </animation>
    </shape>
    <shape name="temp7" type="ply">
        <string name="filename" value="meshes/Cube_003.ply"/>
        <boolean name="face_normals" value="true"/>
        <ref id="mat-Material" name="bsdf"/>
        <animation name="to_world">
            <transform time="0">
                <matrix value="0.995370788987052 -0.05420582658737691 0.07936843205123538 -0.07902793392109642 0.08937289349623333 0.2182256587606352 -0.9717975642770723 0.13493985044597345 0.03535686678120019 0.9743917167094612 0.2220598685358288 0.20021749780641607 0.0 0.0 0.0 1.0"/>
            </transform>
            <transform time="0.0015">
                <matrix value="0.995367868867355 -0.054275982291521536 0.07935610818724048 -0.07901101111173528 0.0893754641589831 0.21819923407367264 -0.9718032492029398 0.1349361813044281 0.03543014056287068 0.9743936465601432 0.22203935344257134 0.19998853830363833 0.0 0.0 0.0 1.0"/>
            </transform>
        </animation>
    </shape>
    <shape name="temp8" type="ply">
        <string name="filename" value="meshes/Cube_004.ply"/>
        <boolean name="face_normals" value="true"/>
        <ref id="mat-Material" name="bsdf"/>
        <animation name="to_world">
            <transform time="0">
                <matrix value="0.9753619950817958 -0.18281567634427218 0.12348119546064232 0.0573070208509181 0.16292154453598853 0.21950803361540855 -0.9619110387636336 -0.37890227817107996 0.14874731174216838 0.9583290747419294 0.24388433460151546 -0.38554978666821466 0.0 0.0 0.0 1.0"/>
            </transform>
            <transform time="0.0015">
                <matrix value="0.9753491816603925 -0.1828953296170642 0.12346371941982087 0.05735366762645726 0.16292339234943626 0.2195021614627502 -0.9619120685181695 -0.37890689647318676 0.1488286793616202 0.9583151302566525 0.243889117428368 -0.38576303727803546 0.0 0.0 0.0 1.0"/>
            </transform>
        </animation>
    </shape>
    <shape name="temp9" type="ply">
        <string name="filename" value="meshes/Cube_005.ply"/>
        <boolean name="face_normals" value="true"/>
        <ref id="mat-Material" name="bsdf"/>
        <animation name="to_world">
            <transform time="0">
                <matrix value="0.9708586645674764 -0.22508306860538607 0.08228874176694162 0.13246222971651367 0.13259684376811748 0.21848305150149244 -0.9667902383857792 -0.6346113908754996 0.19962936171495338 0.9495276613762794 0.2419614949829819 -0.8213191583989903 0.0 0.0 0.0 1.0"/>
            </transform>
            <transform time="0.0015">
                <matrix value="0.9708519626534174 -0.22511584603039075 0.08227785870826013 0.1324779611866585 0.13259365238047033 0.21847986011417814 -0.9667913957958361 -0.6346037094920608 0.19966395316566085 0.9495206102876014 0.24196055884249473 -0.82141513467345 0.0 0.0 0.0 1.0"/>
            </transform>
        </animation>
    </shape>
    <shape name="temp10" type="ply">
        <string name="filename" value="meshes/Cube_006.ply"/>
        <boolean name="face_normals" value="true"/>
        <ref id="mat-Material" name="bsdf"/>
        <animation name="to_world">
            <transform time="0">
                <matrix value="0.9876393328688166 -0.1419678863967728 -0.06643630729690922 0.03393816872888111 -0.03411279956455985 0.21901160353174545 -0.9751257741356086 -0.5425653642134435 0.15298691374703693 0.9653387509568794 0.21146155668216315 -1.040489832453121 0.0 0.0 0.0 1.0"/>
            </transform>
            <transform time="0.0015">
                <matrix value="0.9876385669357812 -0.14197306695702727 -0.06643668600828811 0.033944718165005466 -0.03411303508896821 0.21900541599492898 -0.9751271613256033 -0.5425641635507872 0.152991833271095 0.9653393967434889 0.21145506327132957 -1.0405189003171218 0.0 0.0 0.0 1.0"/>
            </transform>
        </animation>
    </shape>
    <shape name="temp11" type="ply">
        <string name="filename" value="meshes/Cube_007.ply"/>
        <boolean name="face_normals" value="true"/>
        <ref id="mat-Material" name="bsdf"/>
        <animation name="to_world">
            <transform time="0">
                <matrix value="0.9242700260803117 -0.24774802210156793 -0.2904234833230186 0.1787288787579282 -0.24289089883994916 0.2052529394709891 -0.9480904221595091 -0.31123648793263914 0.29449773681047187 0.9468327552078227 0.12953345963147858 -1.8058588617833609 0.0 0.0 0.0 1.0"/>
            </transform>
            <transform time="0.0015">
                <matrix value="0.9242894137602682 -0.2477384929945047 -0.29036976587979246 0.17873277379983665 -0.24284511200137546 0.20522725969137146 -0.9481076641652088 -0.3113568200112574 0.2944745274438079 0.9468407975038549 0.12952733386854542 -1.8058211231175387 0.0 0.0 0.0 1.0"/>
            </transform>
        </animation>
    </shape>
    <shape name="temp12" type="ply">
        <string name="filename" value="meshes/Cube_008.ply"/>
        <boolean name="face_normals" value="true"/>
        <ref id="mat-Material" name="bsdf"/>
        <animation name="to_world">
            <transform time="0">
                <matrix value="0.3086976332693293 0.8887256139150604 -0.33892825921788133 1.7747082735149204 -0.6026045738945122 -0.09295838956412188 -0.7926077761771188 0.4988282683613836 -0.7359173408365203 0.44891567571852004 0.5068540462133959 0.9749312911727339 0.0 0.0 0.0 1.0"/>
            </transform>
            <transform time="0.0015">
                <matrix value="0.3086633210650409 0.8887915892772806 -0.33878545524175097 1.7749986568146137 -0.6024364037224454 -0.09295374290419223 -0.7927353891462531 0.4982185825222562 -0.7360684530416131 0.44878536949718983 0.5067486538152792 0.9752617323881806 0.0 0.0 0.0 1.0"/>
            </transform>
        </animation>
    </shape>
    <shape name="temp13" type="ply">
        <string name="filename" value="meshes/Cube_009.ply"/>
        <boolean name="face_normals" value="true"/>
        <ref id="mat-Material" name="bsdf"/>
        <animation name="to_world">
            <transform time="0">
                <matrix value="-0.07507065264606128 0.9907874674348123 0.11271397914331278 2.6177096292550694 -0.8315204768566044 0.00019102066442369263 -0.5554947494233136 0.922913313225457 -0.5503987397766419 -0.13542525077019668 0.8238455279440556 0.9352362379985353 0.0 0.0 0.0 1.0"/>
            </transform>
            <transform time="0.0015">
                <matrix value="-0.07507981990707772 0.990786363590259 0.11271759775181402 2.617757850745503 -0.8315092591290246 0.00018811555581519003 -0.5555115063380336 0.9228721942038253 -0.5504144094899894 -0.13543335163757242 0.8238337240635496 0.9352807157473401 0.0 0.0 0.0 1.0"/>
            </transform>
        </animation>
    </shape>
    <shape name="temp14" type="ply">
        <string name="filename" value="meshes/Cube_010.ply"/>
        <boolean name="face_normals" value="true"/>
        <ref id="mat-Material" name="bsdf"/>
        <animation name="to_world">
            <transform time="0">
                <matrix value="0.022133036184437977 0.993271077941609 0.11367724283615771 1.9415041921706035 -0.9920859285105146 0.007763853632387266 0.12532195862041576 2.0502873210649977 0.12359612217145632 -0.11555131898135886 0.9855820123956255 -0.37766031469548866 0.0 0.0 0.0 1.0"/>
            </transform>
            <transform time="0.0015">
                <matrix value="0.022181960954915748 0.9932547981117327 0.11380758933551456 1.9416652468181776 -0.9921012950420357 0.007811752301035985 0.12519523158059695 2.0500777227638016 0.12346163390461765 -0.1156855907830201 0.9855826251421261 -0.3774568721681018 0.0 0.0 0.0 1.0"/>
            </transform>
        </animation>
    </shape>
    <shape name="temp15" type="ply">
        <string name="filename" value="meshes/Cube_011.ply"/>
        <boolean name="face_normals" value="true"/>
        <ref id="mat-Material" name="bsdf"/>
        <animation name="to_world">
            <transform time="0">
                <matrix value="0.06201143739572751 0.9769944287195234 0.20405011391890976 1.671712025549148 -0.9401628822733663 -0.01144852875227096 0.3405338563028432 2.0553713241355536 0.33503586707728533 -0.21295724235174365 0.9178237824103909 -0.8675202519331544 0.0 0.0 0.0 1.0"/>
            </transform>
            <transform time="0.0015">
                <matrix value="0.0621840787018879 0.9769268689273659 0.2043140595802979 1.6719354490342382 -0.9401660896179517 -0.011373399515044234 0.34052728629869705 2.0552720564846783 0.3349935875737359 -0.21326442652175323 0.9177664395503691 -0.8675020817559084 0.0 0.0 0.0 1.0"/>
            </transform>
        </animation>
    </shape>
    <shape name="temp16" type="ply">
        <string name="filename" value="meshes/Cube_012.ply"/>
        <boolean name="face_normals" value="true"/>
        <ref id="mat-Material" name="bsdf"/>
        <animation name="to_world">
            <transform time="0">
                <matrix value="0.09156463254418672 0.9907346956654145 0.10030383891833061 1.0952431098853936 -0.738361816012354 -3.797606706394979e-05 0.67440514661002 1.8464501327783038 0.6681603894849005 -0.13581213250094384 0.7315170764894915 -1.8364474150793413 0.0 0.0 0.0 1.0"/>
            </transform>
            <transform time="0.0015">
                <matrix value="0.09156107255126632 0.9907361899855922 0.10029222822317956 1.0952474529106588 -0.7383586884524598 -3.3359233464686857e-05 0.6744085677779822 1.8464478497383667 0.6681643308486447 -0.13580116013589988 0.7315155105817676 -1.8364704079787924 0.0 0.0 0.0 1.0"/>
            </transform>
        </animation>
    </shape>
    <shape name="temp17" type="ply">
        <string name="filename" value="meshes/Cube_013.ply"/>
        <boolean name="face_normals" value="true"/>
        <ref id="mat-Material" name="bsdf"/>
        <animation name="to_world">
            <transform time="0">
                <matrix value="0.904737273215644 0.16482834574060903 0.3927883349305778 0.6815917947604715 -0.41535799704624066 0.13681571388940456 0.8993104820999092 1.4705764672609127 0.09449224061968664 -0.9767870961551699 0.19224502754241996 -1.379648087889878 0.0 0.0 0.0 1.0"/>
            </transform>
            <transform time="0.0015">
                <matrix value="0.9048089677391373 0.16488411767439937 0.3925982047976381 0.6812581302729562 -0.4151523280693199 0.13654247932218735 0.8994449544257039 1.470638381298844 0.0946966633597312 -0.9768148349427913 0.191996034597722 -1.380083585287905 0.0 0.0 0.0 1.0"/>
            </transform>
        </animation>
    </shape>
    <shape name="temp18" type="ply">
        <string name="filename" value="meshes/Cube_014.ply"/>
        <boolean name="face_normals" value="true"/>
        <ref id="mat-Material" name="bsdf"/>
        <animation name="to_world">
            <transform time="0">
                <matrix value="0.9393951885282088 0.29775042081835873 0.16994635244368944 0.11265853650253765 -0.2162378308130639 0.12991652465567985 0.967658518434817 1.0257628051749248 0.2660418738819241 -0.9457623017669157 0.18642785852779606 -0.867967454768031 0.0 0.0 0.0 1.0"/>
            </transform>
            <transform time="0.0015">
                <matrix value="0.9394185175719095 0.2976656200255574 0.16996531354373823 0.11266008593666378 -0.2162400232963775 0.12991600352090427 0.9676581014267819 1.0257642276899699 0.26595731966190655 -0.9457889517282769 0.18641270922160358 -0.8679068504667726 0.0 0.0 0.0 1.0"/>
            </transform>
        </animation>
    </shape>
    <shape name="temp19" type="ply">
        <string name="filename" value="meshes/Cube_015.ply"/>
        <boolean name="face_normals" value="true"/>
        <ref id="mat-Material" name="bsdf"/>
        <animation name="to_world">
            <transform time="0">
                <matrix value="0.9830664134872976 0.13039589256251788 0.128754442459249 0.013576944476863972 -0.1499549666948568 0.16857119912895294 0.9742163612990586 0.6400357267346004 0.1053295320968677 -0.9770263420820445 0.18527018331512302 -0.29502576219795795 0.0 0.0 0.0 1.0"/>
            </transform>
            <transform time="0.0015">
                <matrix value="0.983074966406192 0.1303170149845719 0.12876835691103525 0.013594058771532969 -0.14995279814695056 0.16856030035354588 0.9742185825051236 0.6400357100803213 0.10525203403493806 -0.9770386570825045 0.18524880186639656 -0.2949520934232342 0.0 0.0 0.0 1.0"/>
            </transform>
        </animation>
    </shape>
    <shape name="temp20" type="ply">
        <string name="filename" value="meshes/Cube_016.ply"/>
        <boolean name="face_normals" value="true"/>
        <ref id="mat-Material" name="bsdf"/>
        <animation name="to_world">
            <transform time="0">
                <matrix value="0.9850308584518117 0.024929780173249927 0.1705676702909223 0.030651688660986665 -0.17232353238408799 0.1677103518187488 0.9706586115745772 0.3262543140689752 -0.004407670200185452 -0.9855211368666085 0.1694958065832317 0.20489763151221357 0.0 0.0 0.0 1.0"/>
            </transform>
            <transform time="0.0015">
                <matrix value="0.9850307786671205 0.024866339148014623 0.17057707850281814 0.03064770575530305 -0.17232213615199235 0.16769827861281006 0.970660934905059 0.326255079887404 -0.004468710595157491 -0.9855247337478404 0.1694729366711307 0.20498260027827875 0.0 0.0 0.0 1.0"/>
            </transform>
        </animation>
    </shape>
    <shape name="temp21" type="ply">
        <string name="filename" value="meshes/Cube_017.ply"/>
        <boolean name="face_normals" value="true"/>
        <ref id="mat-Material" name="bsdf"/>
        <animation name="to_world">
            <transform time="0">
                <matrix value="0.9405179184684421 -0.15838412007767672 0.300567916142066 0.22128013340372754 -0.2822705739264255 0.1280682403639375 0.9507482148606615 0.15613729894875156 -0.18907663108326372 -0.9790366753368112 0.07574328601801995 0.47232213602629686 0.0 0.0 0.0 1.0"/>
            </transform>
            <transform time="0.0015">
                <matrix value="0.9404828291612617 -0.1584903827624382 0.3006209953076873 0.2212843590899389 -0.28228863079773314 0.12820726320266643 0.9507238241457873 0.15600279988960775 -0.18922251419969657 -0.9790008491982779 0.0758365026325461 0.47241681340551667 0.0 0.0 0.0 1.0"/>
            </transform>
        </animation>
    </shape>
    <shape name="temp22" type="ply">
        <string name="filename" value="meshes/Cube_018.ply"/>
        <boolean name="face_normals" value="true"/>
        <ref id="mat-Material" name="bsdf"/>
        <animation name="to_world">
            <transform time="0">
                <matrix value="0.20461671161132358 0.9559322352077393 0.210536967265393 0.8537427082755902 -0.6056177275201364 -0.04534248461171033 0.7944630067311207 0.02202748694076702 0.7689990904690733 -0.2900651408046756 0.569651520187452 -0.15196473591391196 0.0 0.0 0.0 1.0"/>
            </transform>
            <transform time="0.0015">
                <matrix value="0.20484356980652763 0.9559253267928471 0.21034193601148465 0.8537367574347252 -0.6053079714351037 -0.04515753132675374 0.7947063777266749 0.021682225407768776 0.7691794198280757 -0.2901150541022715 0.569380013915075 -0.1519060271688379 0.0 0.0 0.0 1.0"/>
            </transform>
        </animation>
    </shape>
    <shape name="temp23" type="ply">
        <string name="filename" value="meshes/Cube_019.ply"/>
        <boolean name="face_normals" value="true"/>
        <ref id="mat-Material" name="bsdf"/>
        <animation name="to_world">
            <transform time="0">
                <matrix value="-0.08198494930207242 0.9833508196310983 -0.16217185373180762 0.5095663468521299 -0.9132599148622318 -0.00897368711972517 0.4072793686920861 -0.04680017689960781 0.3990432195621841 0.18149571464030723 0.898790175977412 -0.054508209956460996 0.0 0.0 0.0 1.0"/>
            </transform>
            <transform time="0.0015">
                <matrix value="-0.08199120282616701 0.9833463141431251 -0.1621959584983149 0.5095995006306735 -0.9132679412021645 -0.00897320488232911 0.40726136926362866 -0.04678733354771512 0.399023547848727 0.18152010509944988 0.8987939716015689 -0.0545152586799332 0.0 0.0 0.0 1.0"/>
            </transform>
        </animation>
    </shape>
    <shape name="temp24" type="ply">
        <string name="filename" value="meshes/Cube_020.ply"/>
        <boolean name="face_normals" value="true"/>
        <ref id="mat-Material" name="bsdf"/>
        <animation name="to_world">
            <transform time="0">
                <matrix value="0.09914262232799113 0.9402184376385042 -0.32582202923152664 0.14268127497441907 -0.9615417497015086 0.006235746600856189 -0.2745880700931869 0.14002021866831657 -0.2561410096107289 0.3405146695466054 0.9046776014742198 0.11910228448847082 0.0 0.0 0.0 1.0"/>
            </transform>
            <transform time="0.0015">
                <matrix value="0.09914039533879213 0.9402088833123456 -0.3258502411016638 0.1427109291238664 -0.9615474067593076 0.0062327554038918735 -0.2745683005081765 0.14000274471801358 -0.2561206006052874 0.3405410857374021 0.9046734228835162 0.1191016069953692 0.0 0.0 0.0 1.0"/>
            </transform>
        </animation>
    </shape>
    <shape name="temp25" type="ply">
        <string name="filename" value="meshes/Cube_021.ply"/>
        <boolean name="face_normals" value="true"/>
        <ref id="mat-Material" name="bsdf"/>
        <animation name="to_world">
            <transform time="0">
                <matrix value="0.18833154263891622 0.9413146636686184 -0.28010317237805665 -0.17478762674668832 -0.7964521201999195 -0.020486849817384647 -0.6043543547093023 0.09150761899050358 -0.5746263033507262 0.3369076994637304 0.745853980495494 0.31427926966731845 0.0 0.0 0.0 1.0"/>
            </transform>
            <transform time="0.0015">
                <matrix value="0.18833583665099546 0.9413143557936069 -0.28010132562818657 -0.17478449029041387 -0.7964500777118253 -0.020483286426946683 -0.6043571801514999 0.09150709293413921 -0.5746277394751674 0.33690878078084396 0.7458523805462978 0.31428894293740534 0.0 0.0 0.0 1.0"/>
            </transform>
        </animation>
    </shape>
    <shape name="temp26" type="ply">
        <string name="filename" value="meshes/Cube_022.ply"/>
        <boolean name="face_normals" value="true"/>
        <ref id="mat-Material" name="bsdf"/>
        <animation name="to_world">
            <transform time="0">
                <matrix value="0.637282435060733 0.4020124190954543 -0.657462929666243 -0.08712532717207655 -0.7116325991486223 -0.020388035200647445 -0.7022560624764491 -0.19534986756715406 -0.29572001872250797 0.9154070622394004 0.27309215966518857 0.692321675096667 0.0 0.0 0.0 1.0"/>
            </transform>
            <transform time="0.0015">
                <matrix value="0.6372817967832036 0.4020148820955463 -0.6574620360775961 -0.08712764590074684 -0.7116324555361783 -0.020387960935187355 -0.7022562071527062 -0.1953497590172259 -0.29572174207183743 0.9154059809222869 0.273093921311378 0.6923439687944871 0.0 0.0 0.0 1.0"/>
            </transform>
        </animation>
    </shape>
    <shape name="temp27" type="ply">
        <string name="filename" value="meshes/Cube_023.ply"/>
        <boolean name="face_normals" value="true"/>
        <ref id="mat-Material" name="bsdf"/>
        <animation name="to_world">
            <transform time="0">
                <matrix value="0.8561004171786103 0.2858200378371501 -0.43058014723646765 -0.06586545016578771 -0.4802779831461969 0.13231786960575526 -0.8670786879680923 -0.28706899745918923 -0.19085504771934678 0.9491042357166845 0.25055044652713987 0.2094967964784945 0.0 0.0 0.0 1.0"/>
            </transform>
            <transform time="0.0015">
                <matrix value="0.8560908908864835 0.28584665776192486 -0.4305813897502051 -0.06588479805316802 -0.4802847967588236 0.13231016897589448 -0.8670760837954644 -0.2870721886388507 -0.1908805325454031 0.9490972822469126 0.25055733141490444 0.20948950770621264 0.0 0.0 0.0 1.0"/>
            </transform>
        </animation>
    </shape>
    <shape name="temp28" type="ply">
        <string name="filename" value="meshes/Cube_024.ply"/>
        <boolean name="face_normals" value="true"/>
        <ref id="mat-Material" name="bsdf"/>
        <animation name="to_world">
            <transform time="0">
                <matrix value="0.8511919642144791 0.45372687584867644 -0.2638261718943918 -0.19728731832853796 -0.37533198765307335 0.17484438585549714 -0.9102501488108605 -0.5104093775430674 -0.36687645272300795 0.8738199877769737 0.3191242404027042 -0.35739584882959136 0.0 0.0 0.0 1.0"/>
            </transform>
            <transform time="0.0015">
                <matrix value="0.8512122933537913 0.4537149212872543 -0.2637809988607029 -0.1972687354029898 -0.37528939060645294 0.17486910896983515 -0.9102629313836941 -0.5103753237956578 -0.36687277305305077 0.873821234295313 0.3191250573980385 -0.3574153975672665 0.0 0.0 0.0 1.0"/>
            </transform>
        </animation>
    </shape>
    <shape name="temp29" type="ply">
        <string name="filename" value="meshes/Cube_025.ply"/>
        <boolean name="face_normals" value="true"/>
        <ref id="mat-Material" name="bsdf"/>
        <animation name="to_world">
            <transform time="0">
                <matrix value="0.9026451747877319 0.3553252555676303 -0.24285010503044538 -0.260115356702302 -0.3213734448882766 0.18114475108620154 -0.9294653068576867 -0.7934550839824429 -0.2862715791974498 0.917022545851993 0.27770139581986863 -0.6940951908690355 0.0 0.0 0.0 1.0"/>
            </transform>
            <transform time="0.0015">
                <matrix value="0.9026661741184501 0.3552631849616535 -0.24286262378186896 -0.2600925634867843 -0.32136447868468193 0.18113660816760474 -0.9294699960704904 -0.7934495761186332 -0.2862152543968652 0.9170481370236805 0.27767473283672106 -0.6940355601337453 0.0 0.0 0.0 1.0"/>
            </transform>
        </animation>
    </shape>
    <shape name="temp30" type="ply">
        <string name="filename" value="meshes/Cube_026.ply"/>
        <boolean name="face_normals" value="true"/>
        <ref id="mat-Material" name="bsdf"/>
        <animation name="to_world">
            <transform time="0">
                <matrix value="0.9231628095818109 0.23181032199122698 -0.3066510771826026 -0.3345895772872578 -0.3514013956778665 0.18548296598202424 -0.9176672887015798 -1.1495528103569963 -0.1558462626789143 0.9549135106158861 0.25268935147777816 -0.890626989619985 0.0 0.0 0.0 1.0"/>
            </transform>
            <transform time="0.0015">
                <matrix value="0.9231741070940818 0.23177051600498416 -0.3066470517785079 -0.33457561718531104 -0.351384387177401 0.18546726736009644 -0.9176769649900697 -1.1495343264355982 -0.15581752263745785 0.9549262010736772 0.25265904605709877 -0.8906228116954035 0.0 0.0 0.0 1.0"/>
            </transform>
        </animation>
    </shape>
    <shape name="temp31" type="ply">
        <string name="filename" value="meshes/Cube_027.ply"/>
        <boolean name="face_normals" value="true"/>
        <ref id="mat-Material" name="bsdf"/>
        <animation name="to_world">
            <transform time="0">
                <matrix value="0.8718004634529907 0.17290732818408797 -0.4583308314827519 -0.6047974346767004 -0.4855844667010622 0.18166790078907355 -0.8551050280814012 -1.585617508761226 -0.06458994870812923 0.9680390803111241 0.24233925472116935 -1.0304619522662728 0.0 0.0 0.0 1.0"/>
            </transform>
            <transform time="0.0015">
                <matrix value="0.8718024421133319 0.17290565364439128 -0.4583277166880401 -0.6048105388880844 -0.48558001471529444 0.18165322341108633 -0.8551106704554283 -1.5856109877941273 -0.0645967830647756 0.9680421365337992 0.24232523814496632 -1.030492067945729 0.0 0.0 0.0 1.0"/>
            </transform>
        </animation>
    </shape>
    <shape name="temp32" type="ply">
        <string name="filename" value="meshes/Cube_028.ply"/>
        <boolean name="face_normals" value="true"/>
        <ref id="mat-Material" name="bsdf"/>
        <animation name="to_world">
            <transform time="0">
                <matrix value="-0.10545496935430396 0.9846488382910291 0.13908959903096826 -1.4867556302519205 -0.7970190256849407 -4.6536357246106256e-05 -0.603954373810045 -2.1221200724563407 -0.5946767619280637 -0.17454700754865746 0.7847887642244981 -1.3613474631290818 0.0 0.0 0.0 1.0"/>
            </transform>
            <transform time="0.0015">
                <matrix value="-0.10545318696430302 0.9846493489129995 0.13908732335854768 -1.4867558153115283 -0.7970200947998024 -4.680579293604743e-05 -0.6039529525785782 -2.122119770801624 -0.594675628985449 -0.1745441172781227 0.7847902620492776 -1.3613497704480655 0.0 0.0 0.0 1.0"/>
            </transform>
        </animation>
    </shape>
    <shape name="temp33" type="ply">
        <string name="filename" value="meshes/Cube_029.ply"/>
        <boolean name="face_normals" value="true"/>
        <ref id="mat-Material" name="bsdf"/>
        <animation name="to_world">
            <transform time="0">
                <matrix value="0.0018215750309825594 0.9761632212054908 0.2170301087276683 -1.5696216145046897 -0.9986857898646696 -0.009341654447116638 0.050399271713265706 -1.8225894035191434 0.05122534027626337 -0.2168366974467224 0.9748631389233895 -0.12463467959163643 0.0 0.0 0.0 1.0"/>
            </transform>
            <transform time="0.0015">
                <matrix value="0.001834542436839854 0.9761589034461832 0.21704937790304105 -1.5695736625931782 -0.9986851037163255 -0.00933280717056669 0.05041444910367279 -1.8225711700095837 0.051238191994318456 -0.21685647653892456 0.9748580582336547 -0.12462096880252688 0.0 0.0 0.0 1.0"/>
            </transform>
        </animation>
    </shape>
    <shape name="temp34" type="ply">
        <string name="filename" value="meshes/Cube_030.ply"/>
        <boolean name="face_normals" value="true"/>
        <ref id="mat-Material" name="bsdf"/>
        <animation name="to_world">
            <transform time="0">
                <matrix value="-0.042449860200764536 0.978448865523999 -0.20207830322328874 -3.228773847289496 -0.9750059737095541 0.003579858096130852 0.22214949083711757 -1.9153196322630819 0.21808527925037327 0.2064577535319636 0.9538417870377731 0.24719732123214788 0.0 0.0 0.0 1.0"/>
            </transform>
            <transform time="0.0015">
                <matrix value="-0.04242556259124126 0.9784487297328919 -0.20208402944076062 -3.2287248301523737 -0.9750347472918718 0.0035778175976981744 0.22202213023173856 -1.915592249325516 0.21796024150641943 0.20645843933497016 0.9538699878260898 0.246950032396664 0.0 0.0 0.0 1.0"/>
            </transform>
        </animation>
    </shape>
    <shape name="temp35" type="ply">
        <string name="filename" value="meshes/Cube_031.ply"/>
        <boolean name="face_normals" value="true"/>
        <ref id="mat-Material" name="bsdf"/>
        <animation name="to_world">
            <transform time="0">
                <matrix value="0.1381382008308113 0.9760599720914517 0.16800188265241234 -1.878634417272194 -0.7742399743274702 0.0006404386105798011 0.6328917626155914 -1.1649081501238319 0.6176326665212836 -0.21750020336946704 0.7557932221676411 0.5946262486990426 0.0 0.0 0.0 1.0"/>
            </transform>
            <transform time="0.0015">
                <matrix value="0.1381019785810161 0.9760596041432673 0.16803360419833774 -1.878688845593707 -0.7743998788055307 0.0006476951495093615 0.632694730574151 -1.1655278333299581 0.6174388854633485 -0.21750182534513737 0.755949983147398 0.5943108439150824 0.0 0.0 0.0 1.0"/>
            </transform>
        </animation>
    </shape>
    <shape name="temp36" type="ply">
        <string name="filename" value="meshes/Cube_032.ply"/>
        <boolean name="face_normals" value="true"/>
        <ref id="mat-Material" name="bsdf"/>
        <animation name="to_world">
            <transform time="0">
                <matrix value="0.7341408301375644 0.6120471900597176 0.29399896269728965 -0.6501691204525688 -0.36970051965597395 -0.002868919513665385 0.9291466459521318 -0.024978611040692475 0.5695250404679209 -0.7908160434522332 0.22416794753536592 -0.11965859338735507 0.0 0.0 0.0 1.0"/>
            </transform>
            <transform time="0.0015">
                <matrix value="0.7340929274089807 0.6119805914383278 0.29425384822083583 -0.6499807751338607 -0.37000623065716387 -0.0028584161699194382 0.929023415822551 -0.026038850665864102 0.5693855289569256 -0.7908674961248867 0.22433770469819492 -0.1199170529254122 0.0 0.0 0.0 1.0"/>
            </transform>
        </animation>
    </shape>
    <shape name="temp37" type="ply">
        <string name="filename" value="meshes/Cube_033.ply"/>
        <boolean name="face_normals" value="true"/>
        <ref id="mat-Material" name="bsdf"/>
        <animation name="to_world">
            <transform time="0">
                <matrix value="0.9768339990816043 0.16984652384220197 0.13018264848818095 -0.14700434566939036 -0.14969518303201798 0.1076035567755406 0.982859447373908 0.30100427208518293 0.15292720915842684 -0.9795783681633965 0.1305360358677907 -0.38892021314069103 0.0 0.0 0.0 1.0"/>
            </transform>
            <transform time="0.0015">
                <matrix value="0.9768177868323568 0.16991297828797666 0.13021701846064818 -0.1470335311529949 -0.14968944012994692 0.10729274718954196 0.9828929782240841 0.30104613166411365 0.1530353397546877 -0.9795995439568703 0.13023978229611746 -0.3888135107816653 0.0 0.0 0.0 1.0"/>
            </transform>
        </animation>
    </shape>
    <shape name="temp38" type="ply">
        <string name="filename" value="meshes/Cube_034.ply"/>
        <boolean name="face_normals" value="true"/>
        <ref id="mat-Material" name="bsdf"/>
        <animation name="to_world">
            <transform time="0">
                <matrix value="0.9999153409322604 -0.0017536601289466713 0.012918224708890971 -0.033283095998211554 -0.01240349752760063 0.17709805328488623 0.9841151793696851 0.36930885924651574 -0.004013593320887121 -0.9841916220122939 0.1770612609043256 -0.38380356517939274 0.0 0.0 0.0 1.0"/>
            </transform>
            <transform time="0.0015">
