
<scene version="2.1.0">
    <default name="spp" value="1024"/>
    <default name="resx" value="640"/>
    <default name="resy" value="360"/>
    <integrator name="temp0" type="path">
        <integer name="max_depth" value="12"/>
    </integrator>
    <sensor name="temp44" type="perspective">
        <string name="fov_axis" value="x"/>
        <float name="fov" value="83.974423"/>
        <float name="principal_point_offset_x" value="0.000000"/>
        <float name="principal_point_offset_y" value="-0.000000"/>
        <float name="near_clip" value="0.100000"/>
        <float name="far_clip" value="1000.000000"/>
        <sampler name="sampler" type="correlated">
            <integer name="sample_count" value="1024"/>
        </sampler>
        <film name="film" type="hdrfilm">
            <integer name="width" value="$resx"/>
            <integer name="height" value="$resy"/>
        </film>
        <float name="shutter_open" value="0.0"/>
        <float name="shutter_close" value="0.0015"/>
        <animation name="to_world">
            <transform time="0">
                <rotate angle="-142.5518126578256" x="1"/>
                <rotate angle="3.976628485794621e-06" y="1"/>
                <rotate angle="-179.999991348578" z="1"/>
                <translate value="-0.000000 3.030926 4.073377"/>
                <translate x="1.7999999999999998" y="0.0" z="0.0"/>
            </transform>
            <transform time="0.0015">
                <rotate angle="-142.5518126578256" x="1"/>
                <rotate angle="3.976628485794621e-06" y="1"/>
                <rotate angle="-179.999991348578" z="1"/>
                <translate value="-0.000000 3.030926 4.073377"/>
                <translate x="1.95" y="0.0" z="0.0"/>
            </transform>
        </animation>
    </sensor>
    <bsdf id="mat-Material" name="mat-Material" type="twosided">
        <bsdf name="bsdf" type="diffuse">
            <texture name="reflectance" type="bitmap">
                <string name="filename" value="textures/siggraph_2023_logo.jpg"/>
            </texture>
        </bsdf>
    </bsdf>
    <bsdf id="mat-Material.001" name="mat-Material.001" type="twosided">
        <bsdf name="bsdf" type="principled">
            <rgb name="base_color" value="0.433648 0.266232 0.084399"/>
            <float name="spec_tint" value="0.000000"/>
            <float name="spec_trans" value="0.000000"/>
            <float name="metallic" value="0.000000"/>
            <float name="anisotropic" value="0.000000"/>
            <float name="roughness" value="0.500000"/>
            <float name="sheen" value="0.000000"/>
            <float name="sheen_tint" value="0.500000"/>
            <float name="clearcoat" value="0.000000"/>
            <float name="clearcoat_gloss" value="0.173205"/>
            <float name="specular" value="0.500000"/>
        </bsdf>
    </bsdf>
    <bsdf id="mat-Material.002" name="mat-Material.002" type="twosided">
        <bsdf name="bsdf" type="principled">
            <rgb name="base_color" value="0.433648 0.266232 0.084399"/>
            <float name="spec_tint" value="0.000000"/>
            <float name="spec_trans" value="0.000000"/>
            <float name="metallic" value="0.000000"/>
            <float name="anisotropic" value="0.000000"/>
            <float name="roughness" value="0.500000"/>
            <float name="sheen" value="0.000000"/>
            <float name="sheen_tint" value="0.500000"/>
            <float name="clearcoat" value="0.000000"/>
            <float name="clearcoat_gloss" value="0.173205"/>
            <float name="specular" value="0.500000"/>
        </bsdf>
    </bsdf>
    <bsdf id="mat-Material.003" name="mat-Material.003" type="twosided">
        <bsdf name="bsdf" type="principled">
            <rgb name="base_color" value="0.433648 0.266232 0.084399"/>
            <float name="spec_tint" value="0.000000"/>
            <float name="spec_trans" value="0.000000"/>
            <float name="metallic" value="0.000000"/>
            <float name="anisotropic" value="0.000000"/>
            <float name="roughness" value="0.500000"/>
            <float name="sheen" value="0.000000"/>
            <float name="sheen_tint" value="0.500000"/>
            <float name="clearcoat" value="0.000000"/>
            <float name="clearcoat_gloss" value="0.173205"/>
            <float name="specular" value="0.500000"/>
        </bsdf>
    </bsdf>
    <bsdf id="mat-Material.004" name="mat-Material.004" type="twosided">
        <bsdf name="bsdf" type="principled">
            <rgb name="base_color" value="0.433648 0.266232 0.084399"/>
            <float name="spec_tint" value="0.000000"/>
            <float name="spec_trans" value="0.000000"/>
            <float name="metallic" value="0.000000"/>
            <float name="anisotropic" value="0.000000"/>
            <float name="roughness" value="0.500000"/>
            <float name="sheen" value="0.000000"/>
            <float name="sheen_tint" value="0.500000"/>
            <float name="clearcoat" value="0.000000"/>
            <float name="clearcoat_gloss" value="0.173205"/>
            <float name="specular" value="0.500000"/>
        </bsdf>
    </bsdf>
    <bsdf id="mat-Material.005" name="mat-Material.005" type="twosided">
        <bsdf name="bsdf" type="principled">
            <rgb name="base_color" value="0.433648 0.266232 0.084399"/>
            <float name="spec_tint" value="0.000000"/>
            <float name="spec_trans" value="0.000000"/>
            <float name="metallic" value="0.000000"/>
            <float name="anisotropic" value="0.000000"/>
            <float name="roughness" value="0.500000"/>
            <float name="sheen" value="0.000000"/>
            <float name="sheen_tint" value="0.500000"/>
            <float name="clearcoat" value="0.000000"/>
            <float name="clearcoat_gloss" value="0.173205"/>
            <float name="specular" value="0.500000"/>
        </bsdf>
    </bsdf>
    <emitter name="temp45" type="point">
        <point name="position" x="-6.815235034541981e-16" y="3.0693089962005615" z="4.109199523925781"/>
        <rgb name="intensity" value="7.957747 7.957747 7.957747"/>
    </emitter>
    <shape name="temp2" type="ply">
        <string name="filename" value="meshes/Cube.ply"/>
        <boolean name="face_normals" value="true"/>
        <ref id="mat-Material" name="bsdf"/>
        <animation name="to_world">
            <transform time="0">
                <matrix value="1.0 0.00015799742607259146 0.000389234367531385 -0.0011090038623278176 -0.000158225581399472 0.9999997914159312 0.0005865440941118178 -0.018194806413503295 -0.00038914271834504375 -0.0005866051482719853 0.9999997636046695 0.0010571741949796376 0.0 0.0 0.0 1.0"/>
                <scale value="1"/>
            </transform>
            <transform time="0.0015">
                <matrix value="1.0 0.00016114716765974304 0.0003895324006210206 -0.0011106938629543712 -0.0001613580879445351 0.9999997914159312 0.0005426574025559237 -0.018128850235081755 -0.00038944961813813225 -0.0005427198181268188 0.9999997636046695 0.0010534030139646487 0.0 0.0 0.0 1.0"/>
                <scale value="1"/>
            </transform>
        </animation>
    </shape>
    <shape name="temp4" type="ply">
        <string name="filename" value="meshes/Plane.ply"/>
        <boolean name="face_normals" value="true"/>
        <ref id="mat-Material.001" name="bsdf"/>
        <transform name="to_world">
            <scale value="1"/>
        </transform>
    </shape>
    <shape name="temp5" type="ply">
        <string name="filename" value="meshes/Cube_001.ply"/>
        <boolean name="face_normals" value="true"/>
        <ref id="mat-Material" name="bsdf"/>
        <animation name="to_world">
            <transform time="0">
                <matrix value="1.0 5.52476622940493e-05 1.515100224528285e-05 0.000520883608643441 -5.523272822045753e-05 0.9999993742477937 -0.000984052298211764 -0.01662822233603084 -1.520538910371312e-05 0.000984051662102152 0.9999995272093389 -5.150758453276172e-05 0.0 0.0 0.0 1.0"/>
                <scale value="1"/>
            </transform>
            <transform time="0.0015">
                <matrix value="1.0 5.9676587008245264e-05 1.478740953525866e-05 0.0005221646690085428 -5.966160834167068e-05 0.9999992240648613 -0.001058938941584836 -0.016540346572654928 -1.4859503319127022e-05 0.0010589379784356591 0.9999993825330818 -5.043160080752863e-05 0.0 0.0 0.0 1.0"/>
                <scale value="1"/>
            </transform>
        </animation>
    </shape>
    <shape name="temp6" type="ply">
        <string name="filename" value="meshes/Cube_002.ply"/>
        <boolean name="face_normals" value="true"/>
        <ref id="mat-Material" name="bsdf"/>
        <animation name="to_world">
            <transform time="0">
                <matrix value="1.0 -4.19539738393861e-05 -8.279037265832695e-05 -0.00047052221552768003 4.171169997180986e-05 0.999995619734556 -0.0029253449362465433 -0.01585187004689914 8.291269744178913e-05 0.002925341504266587 0.9999957448840504 -0.0003465011358178005 0.0 0.0 0.0 1.0"/>
                <scale value="1"/>
            </transform>
            <transform time="0.0015">
                <matrix value="1.0 -3.944690256587169e-05 -8.351526878936585e-05 -0.0004709574893452775 3.92142987168561e-05 0.999995777426635 -0.002810802871215804 -0.015925305144077185 8.363344042802218e-05 0.0028107996849885755 0.9999958980706756 -0.0003411882665583378 0.0 0.0 0.0 1.0"/>
                <scale value="1"/>
            </transform>
        </animation>
    </shape>
    <shape name="temp7" type="ply">
        <string name="filename" value="meshes/Cube_003.ply"/>
        <boolean name="face_normals" value="true"/>
        <ref id="mat-Material" name="bsdf"/>
        <animation name="to_world">
            <transform time="0">
                <matrix value="1.0 -9.563183243190252e-05 0.0004738969912075121 -0.0006922857227316115 9.598210723954705e-05 0.9999995828318625 -0.0007397377241086832 -0.01774304468238458 -0.00047382483462671114 0.0007397830308516697 0.9999997636046695 0.0008257954148660485 0.0 0.0 0.0 1.0"/>
                <scale value="1"/>
            </transform>
            <transform time="0.0015">
                <matrix value="1.0 -0.00010212986495203594 0.0004743523810026692 -0.0006936655876431871 0.00010251318631781641 0.9999994701946633 -0.000807029715020567 -0.017735240443214357 -0.0004742567889447533 0.0008070778252248125 0.9999996444595166 0.0008294799300997782 0.0 0.0 0.0 1.0"/>
                <scale value="1"/>
            </transform>
        </animation>
    </shape>
    <shape name="temp8" type="ply">
        <string name="filename" value="meshes/Cube_004.ply"/>
        <boolean name="face_normals" value="true"/>
        <ref id="mat-Material" name="bsdf"/>
        <animation name="to_world">
            <transform time="0">
                <matrix value="1.0 -0.00032017654555580353 6.487207939479012e-05 -0.0005804114129310811 0.0003202891882835396 0.99999833132745 -0.0017564716767662632 -0.018644877582296715 -6.43094213574882e-05 0.0017564906147598258 0.9999985816280168 0.00027412400397193795 0.0 0.0 0.0 1.0"/>
                <scale value="1"/>
            </transform>
            <transform time="0.0015">
                <matrix value="1.0 -0.0002940600339706244 6.505522251554851e-05 -0.0005800550267824532 0.00029416683467386524 0.9999983763823297 -0.0016674284616354992 -0.018578054422643115 -6.450235669769684e-05 0.001667445652287753 0.9999986241798571 0.00027682035019248324 0.0 0.0 0.0 1.0"/>
                <scale value="1"/>
            </transform>
        </animation>
    </shape>
    <shape name="temp9" type="ply">
        <string name="filename" value="meshes/Cube_005.ply"/>
        <boolean name="face_normals" value="true"/>
        <ref id="mat-Material" name="bsdf"/>
        <animation name="to_world">
            <transform time="0">
                <matrix value="1.0 -6.353762752308505e-05 0.0004240412159986686 -0.00038954737336593936 6.371946733046468e-05 0.9999997914159312 -0.00042856818657832413 -0.01807091019423407 -0.00042401338942993865 0.0004285943728189928 1.0 0.000940651953677929 0.0 0.0 0.0 1.0"/>
                <scale value="1"/>
            </transform>
            <transform time="0.0015">
                <matrix value="1.0 -7.237713961542625e-05 0.00042436886516917035 -0.0003895909753822232 7.258616345830302e-05 0.999999716324465 -0.0004910319903759027 -0.01811305385206743 -0.0004243179595100447 0.0004910620624691657 0.9999999148963193 0.0009406301871237405 0.0 0.0 0.0 1.0"/>
                <scale value="1"/>
            </transform>
        </animation>
    </shape>
    <shape name="temp10" type="ply">
        <string name="filename" value="meshes/Cube_006.ply"/>
        <boolean name="face_normals" value="true"/>
        <ref id="mat-Material" name="bsdf"/>
        <animation name="to_world">
            <transform time="0">
                <matrix value="1.0 -0.0001953308456206732 -0.00018000558838561373 -0.0006429103856113727 0.00019562671645151738 0.9999985399115188 0.0016447819749506052 -0.01717052890813714 0.00017968421724491913 -0.0016448167901831996 0.9999985816280168 -0.0005038517665475473 0.0 0.0 0.0 1.0"/>
                <scale value="1"/>
            </transform>
            <transform time="0.0015">
                <matrix value="1.0 -0.00018633910059886576 -0.00018012247829098625 -0.0006434824974393884 0.0001866286947219987 0.9999985849663985 0.0016094270124835347 -0.01717190162056118 0.00017981397906665237 -0.0016094602736797458 0.9999986241798571 -0.0005071443358236456 0.0 0.0 0.0 1.0"/>
                <scale value="1"/>
            </transform>
        </animation>
    </shape>
    <shape name="temp11" type="ply">
        <string name="filename" value="meshes/Cube_007.ply"/>
        <boolean name="face_normals" value="true"/>
        <ref id="mat-Material" name="bsdf"/>
        <animation name="to_world">
            <transform time="0">
                <matrix value="1.0 0.0007067704302880755 -1.0587674063791753e-05 0.0003660720480729296 -0.0007067924053281137 0.9999970798230373 -0.0022630668700927285 -0.01828236081114548 8.988177870917527e-06 0.002263072485049737 0.9999976360466947 -0.00012513479117459703 0.0 0.0 0.0 1.0"/>
                <scale value="1"/>
            </transform>
            <transform time="0.0015">
                <matrix value="1.0 0.0007039663647565174 -1.0602484657335238e-05 0.0003670376592449522 -0.0007039882925719427 0.9999971023504772 -0.0022538305676318053 -0.018278678892457257 9.015143500842147e-06 0.002253836159613307 0.9999976530674308 -0.00012280957792806376 0.0 0.0 0.0 1.0"/>
                <scale value="1"/>
            </transform>
        </animation>
    </shape>
    <shape name="temp12" type="ply">
        <string name="filename" value="meshes/Cube_008.ply"/>
        <boolean name="face_normals" value="true"/>
        <ref id="mat-Material" name="bsdf"/>
        <animation name="to_world">
            <transform time="0">
                <matrix value="0.9999995567588077 0.0008928211621052808 5.435650590681012e-05 -6.403403994692525e-05 -0.0008927498151684228 0.9999987484955875 -0.0012473706929361766 -0.017306028303752996 -5.547030549955942e-05 0.0012473223020172167 0.9999992908140084 0.0001464557599772931 0.0 0.0 0.0 1.0"/>
                <scale value="1"/>
            </transform>
            <transform time="0.0015">
                <matrix value="0.9999995727157459 0.0008673435887878678 5.456094196846708e-05 -6.277359950497503e-05 -0.0008672741324376909 0.9999987935504672 -0.0012136532954921694 -0.017320941198051665 -5.563672040842022e-05 0.0012136062336847878 0.9999993163451126 0.00014842231419564676 0.0 0.0 0.0 1.0"/>
                <scale value="1"/>
            </transform>
        </animation>
    </shape>
    <shape name="temp13" type="ply">
        <string name="filename" value="meshes/Cube_009.ply"/>
        <boolean name="face_normals" value="true"/>
        <ref id="mat-Material" name="bsdf"/>
        <animation name="to_world">
            <transform time="0">
                <matrix value="0.9999986702764229 0.0017725265579665557 0.0002306568338816917 0.00038443228104378946 -0.0017723353669239239 0.9999981227433812 -0.0008396951256701217 -0.015373862450613729 -0.00023214491504839306 0.0008392859750158002 0.9999997636046695 0.0003381512595268532 0.0 0.0 0.0 1.0"/>
                <scale value="1"/>
            </transform>
            <transform time="0.0015">
                <matrix value="0.9999987181472376 0.001734265653732675 0.00023095669670046128 0.0003874927698560874 -0.0017340797244893528 0.9999981828165542 -0.0008159105106991078 -0.015417130196511124 -0.00023239575811745929 0.0008155099818320613 0.9999997721150375 0.00033992026766503934 0.0 0.0 0.0 1.0"/>
                <scale value="1"/>
            </transform>
        </animation>
    </shape>
    <shape name="temp14" type="ply">
        <string name="filename" value="meshes/Cube_010.ply"/>
        <boolean name="face_normals" value="true"/>
        <ref id="mat-Material" name="bsdf"/>
        <animation name="to_world">
            <transform time="0">
                <matrix value="0.9999995567588077 0.0006086003383233596 0.0009291329350229611 0.0017606228465645302 -0.0006086986970481909 0.9999997914159312 0.00010674454789629431 -0.01651597050816178 -0.0009290689984699313 -0.0001073100372739731 0.9999995272093389 0.0015827644292656373 0.0 0.0 0.0 1.0"/>
                <scale value="1"/>
            </transform>
            <transform time="0.0015">
                <matrix value="0.9999994929310547 0.0005193211655681487 0.0009300931598517329 0.0017632520379609678 -0.0005194229785761132 0.9999997313427582 0.00011026167025834907 -0.01666655752612009 -0.0009300452439511954 -0.00011074239310338733 0.9999995272093389 0.0015823442383136512 0.0 0.0 0.0 1.0"/>
                <scale value="1"/>
            </transform>
        </animation>
    </shape>
    <shape name="temp15" type="ply">
        <string name="filename" value="meshes/Cube_011.ply"/>
        <boolean name="face_normals" value="true"/>
        <ref id="mat-Material" name="bsdf"/>
        <animation name="to_world">
            <transform time="0">
                <matrix value="1.0 -0.00027210417522730446 -0.00023678774677899543 -0.0003083720909340393 0.0002721279300459021 1.0 9.685022133694797e-05 -0.018037647564415338 0.00023676127206676275 -9.69146244548134e-05 1.0 -0.00034599479439689773 0.0 0.0 0.0 1.0"/>
                <scale value="1"/>
            </transform>
            <transform time="0.0015">
                <matrix value="0.9999999521291854 -0.00020531684898287116 -0.00023705412129942932 -0.0003090230539294144 0.00020534574998848864 0.9999999474359736 0.0001180959637342405 -0.01790909556649049 0.0002370677091086424 -0.00011814410081783299 0.9999999914896319 -0.0003463484704916048 0.0 0.0 0.0 1.0"/>
                <scale value="1"/>
            </transform>
        </animation>
    </shape>
    <shape name="temp16" type="ply">
        <string name="filename" value="meshes/Cube_012.ply"/>
        <boolean name="face_normals" value="true"/>
        <ref id="mat-Material" name="bsdf"/>
        <animation name="to_world">
            <transform time="0">
                <matrix value="1.0 0.0006146284179106968 -0.00011749202520352456 -0.0005560185318993494 -0.0006145672104349614 0.9999995828318625 0.0005427116719248868 -0.016244455925121193 0.00011782547643995765 -0.0005426397982574888 1.0 -0.00010525999975197209 0.0 0.0 0.0 1.0"/>
                <scale value="1"/>
            </transform>
            <transform time="0.0015">
                <matrix value="1.0 0.0005685046862490017 -0.00011753663655292118 -0.0005552514923874017 -0.0005684495845316289 0.999999575322716 0.000490016749421738 -0.01637226688835525 0.00011788017682422986 -0.000489950294063984 0.9999999829792638 -0.00010680883239272225 0.0 0.0 0.0 1.0"/>
                <scale value="1"/>
            </transform>
        </animation>
    </shape>
    <shape name="temp17" type="ply">
        <string name="filename" value="meshes/Cube_013.ply"/>
        <boolean name="face_normals" value="true"/>
        <ref id="mat-Material" name="bsdf"/>
        <animation name="to_world">
            <transform time="0">
                <matrix value="1.0 -0.00040467603765359614 3.094887667302886e-05 -0.0003595528012072524 0.0004047009274378709 0.9999995828318625 -0.000838754272254611 -0.01904672721789541 -3.060935026160095e-05 0.000838766600684573 0.9999997636046695 6.578098741716332e-06 0.0 0.0 0.0 1.0"/>
                <scale value="1"/>
            </transform>
            <transform time="0.0015">
                <matrix value="0.9999999840430618 -0.0004224394496280157 3.110298241794952e-05 -0.00035931841647939466 0.0004224662814408338 0.9999994852129565 -0.000891510894926231 -0.019123723684296427 -3.070117924976013e-05 0.0008915239124720739 0.9999996785009888 6.4380163549069815e-06 0.0 0.0 0.0 1.0"/>
                <scale value="1"/>
            </transform>
        </animation>
    </shape>
    <shape name="temp18" type="ply">
        <string name="filename" value="meshes/Cube_014.ply"/>
        <boolean name="face_normals" value="true"/>
        <ref id="mat-Material" name="bsdf"/>
        <animation name="to_world">
            <transform time="0">
                <matrix value="1.0 -0.000301685567859698 -1.48796440453671e-05 -5.697142543481526e-05 0.000301663750139621 0.9999989570796561 -0.0014940917715040559 -0.019194217809439917 1.5330383119957024e-05 0.001494087684570828 0.999999054418678 3.0582741406992575e-05 0.0 0.0 0.0 1.0"/>
                <scale value="1"/>
            </transform>
            <transform time="0.0015">
                <matrix value="1.0 -0.00028477045667001035 -1.4935869494062005e-05 -5.791426943851318e-05 0.0002847500179303009 0.9999989720979494 -0.0014046644834625195 -0.019108677040287816 1.537637420734015e-05 0.0014046605816271653 0.9999990714394141 3.507264895741569e-05 0.0 0.0 0.0 1.0"/>
                <scale value="1"/>
            </transform>
        </animation>
    </shape>
    <shape name="temp19" type="ply">
        <string name="filename" value="meshes/Cube_015.ply"/>
        <boolean name="face_normals" value="true"/>
        <ref id="mat-Material" name="bsdf"/>
        <animation name="to_world">
            <transform time="0">
                <matrix value="1.0 -0.00024749751263498 -2.0971906306129116e-05 0.0005786445635831416 0.000247495244022006 1.0 -6.263341561466804e-05 -0.018055802637188978 2.0987381809736057e-05 6.26282009832653e-05 1.0 -6.819907816313364e-05 0.0 0.0 0.0 1.0"/>
                <scale value="1"/>
            </transform>
            <transform time="0.0015">
                <matrix value="1.0 -0.0002474558368712283 -2.103482515930713e-05 0.0005783883506200294 0.0002474536123701489 1.0 -6.282131603117474e-05 -0.018055846238491016 2.1050346292320564e-05 6.281608734089242e-05 1.0 -6.840637916101436e-05 0.0 0.0 0.0 1.0"/>
                <scale value="1"/>
            </transform>
        </animation>
    </shape>
    <shape name="temp20" type="ply">
        <string name="filename" value="meshes/Cube_016.ply"/>
        <boolean name="face_normals" value="true"/>
        <ref id="mat-Material" name="bsdf"/>
        <animation name="to_world">
            <transform time="0">
                <matrix value="1.0 -0.00036192256107862994 0.0003161905743508229 0.0005757136273106811 0.0003620691030748528 0.9999997914159312 -0.0004650912651452578 -0.018195171138855826 -0.00031602254856593747 0.00046520504856880046 1.0 0.0003027309300056569 0.0 0.0 0.0 1.0"/>
                <scale value="1"/>
            </transform>
            <transform time="0.0015">
                <matrix value="1.0 -0.0003775150787646519 0.0003163243573368044 0.0005748471026999876 0.0003776876425214523 0.9999996487421454 -0.0005465275728848197 -0.018213922997849224 -0.0003160843178738481 0.0005466465495373805 0.999999863834111 0.0003016225323068271 0.0 0.0 0.0 1.0"/>
                <scale value="1"/>
            </transform>
        </animation>
    </shape>
    <shape name="temp21" type="ply">
        <string name="filename" value="meshes/Cube_017.ply"/>
        <boolean name="face_normals" value="true"/>
        <ref id="mat-Material" name="bsdf"/>
        <animation name="to_world">
            <transform time="0">
                <matrix value="1.0 -0.00042311904101388544 6.582711653013261e-05 0.00043116354803052204 0.00042314507993411666 0.9999997914159312 -0.0003910995266892692 -0.017979813371355513 -6.566175023536108e-05 0.00039112850238724473 1.0 5.818019475370417e-05 0.0 0.0 0.0 1.0"/>
                <scale value="1"/>
            </transform>
            <transform time="0.0015">
                <matrix value="1.0 -0.0003843062895947596 6.605581565114284e-05 0.0004313274239187211 0.00038432725860856144 0.9999997463610515 -0.0003195155869548545 -0.017966388567218387 -6.58587386378816e-05 0.00031954185526234256 0.9999999574481597 6.0525921192772664e-05 0.0 0.0 0.0 1.0"/>
                <scale value="1"/>
            </transform>
        </animation>
    </shape>
    <shape name="temp22" type="ply">
        <string name="filename" value="meshes/Cube_018.ply"/>
        <boolean name="face_normals" value="true"/>
        <ref id="mat-Material" name="bsdf"/>
        <animation name="to_world">
            <transform time="0">
                <matrix value="1.0 0.0001768893023488652 -0.0003659683391005914 0.00047289681571183184 -0.000176519918372702 0.9999993742477937 0.0010086657800265804 -0.017769752240800907 0.00036614736528570445 -0.0010086020069959099 0.9999995272093389 -0.00020929480989273497 0.0 0.0 0.0 1.0"/>
                <scale value="1"/>
            </transform>
            <transform time="0.0015">
                <matrix value="0.9999998883014324 0.0002630021082663035 -0.00036631266859250047 0.0004723331221850548 -0.0002625977387668265 0.9999990513544891 0.0010992572864194062 -0.01777198706857767 0.0003668111260454976 -0.001099160362878165 0.9999993229605054 -0.00020636659927586036 0.0 0.0 0.0 1.0"/>
                <scale value="1"/>
            </transform>
        </animation>
    </shape>
    <shape name="temp23" type="ply">
        <string name="filename" value="meshes/Cube_019.ply"/>
        <boolean name="face_normals" value="true"/>
        <ref id="mat-Material" name="bsdf"/>
        <animation name="to_world">
            <transform time="0">
                <matrix value="0.9999840433170752 0.0016866191234045926 -0.005422081498708572 0.003331387541416597 -0.0016619062562607818 0.9999881107080804 0.004559191263206816 -0.017829788920535328 0.00542969574151592 -0.004550100850397249 0.9999749420949637 -0.0008621890612148242 0.0 0.0 0.0 1.0"/>
                <scale value="1"/>
            </transform>
            <transform time="0.0015">
                <matrix value="0.9999834529103606 0.0018349659193110364 -0.00542960806822524 0.003333101246127613 -0.0018099585588773896 0.999987322247685 0.004605316607082204 -0.017837465957940998 0.00543816201423567 -0.004595376273765066 0.9999746612528176 -0.0008611531751649513 0.0 0.0 0.0 1.0"/>
                <scale value="1"/>
            </transform>
        </animation>
    </shape>
    <shape name="temp24" type="ply">
        <string name="filename" value="meshes/Cube_020.ply"/>
        <boolean name="face_normals" value="true"/>
        <ref id="mat-Material" name="bsdf"/>
        <animation name="to_world">
            <transform time="0">
                <matrix value="0.9997237871646917 0.023394589883477496 0.002096817932938929 -0.002058085137611604 -0.02340800657372307 0.9997039697136563 0.006640817596837381 -0.01729579173388185 -0.001940838844497788 -0.006688057709715543 0.9999758876747825 -4.597845070075657e-05 0.0 0.0 0.0 1.0"/>
                <scale value="1"/>
            </transform>
            <transform time="0.0015">
                <matrix value="0.9997293530591995 0.02310756762494672 0.002105622164020421 -0.0020515227889206095 -0.023121210239242386 0.999708987925176 0.006712790630831237 -0.017315596209862994 -0.0019504483556710462 -0.00675959370501027 0.9999753174801151 -4.2706171021490054e-05 0.0 0.0 0.0 1.0"/>
                <scale value="1"/>
            </transform>
        </animation>
    </shape>
    <shape name="temp25" type="ply">
        <string name="filename" value="meshes/Cube_021.ply"/>
        <boolean name="face_normals" value="true"/>
        <ref id="mat-Material" name="bsdf"/>
        <animation name="to_world">
            <transform time="0">
                <matrix value="0.9990687502548637 0.04116742417447641 0.012928720661566515 -0.009165124192559604 -0.04121202087843312 0.999145222486197 0.0032011000893101558 -0.02305239638935752 -0.012785899433892349 -0.0037309307229732407 0.9999113517510511 -0.005798038211400791 0.0 0.0 0.0 1.0"/>
                <scale value="1"/>
            </transform>
            <transform time="0.0015">
                <matrix value="0.9990820104705377 0.04076830477145998 0.012998572060570262 -0.00918874847930556 -0.040814319883577234 0.9991590768617145 0.0032823332545640067 -0.02292872782500917 -0.012854730803957999 -0.003809125719491299 0.999910032644001 -0.005827828846967468 0.0 0.0 0.0 1.0"/>
                <scale value="1"/>
            </transform>
        </animation>
    </shape>
    <shape name="temp26" type="ply">
        <string name="filename" value="meshes/Cube_022.ply"/>
        <boolean name="face_normals" value="true"/>
        <ref id="mat-Material" name="bsdf"/>
        <animation name="to_world">
            <transform time="0">
                <matrix value="0.9994641213984437 0.030042071406670104 0.01299628244703208 -0.006413868760288488 -0.030154478420359312 0.9995087845180561 0.008541152408324709 -0.019994100209206278 -0.012733304434007593 -0.00892845983609464 0.999879201986099 -0.009101498039630784 0.0 0.0 0.0 1.0"/>
                <scale value="1"/>
            </transform>
            <transform time="0.0015">
                <matrix value="0.9994652702979967 0.029989588479100167 0.013025624494046519 -0.00642560656642795 -0.03010306213354541 0.9995097381796771 0.008600765834546284 -0.019977068874523534 -0.012761389762288217 -0.008988228438083029 0.9998782488248757 -0.009122613237559024 0.0 0.0 0.0 1.0"/>
                <scale value="1"/>
            </transform>
        </animation>
    </shape>
    <shape name="temp27" type="ply">
        <string name="filename" value="meshes/Cube_023.ply"/>
        <boolean name="face_normals" value="true"/>
        <ref id="mat-Material" name="bsdf"/>
        <animation name="to_world">
            <transform time="0">
                <matrix value="0.9994534836098272 0.03188518281350707 0.008762182042370554 -0.0025486923232936887 -0.03194117923432743 0.9994697792971969 0.006324851626470792 -0.02050799067389908 -0.008555867006366716 -0.006601274865828298 0.9999416103533589 -0.007755918075719764 0.0 0.0 0.0 1.0"/>
                <scale value="1"/>
            </transform>
            <transform time="0.0015">
                <matrix value="0.9994538665763448 0.03186858084124067 0.008778275148381432 -0.00255120822460206 -0.03192494863460092 0.9994700946813551 0.0063543774974354345 -0.02049654642659383 -0.008571131892191197 -0.0066311514324014715 0.9999412699386363 -0.007769828398988002 0.0 0.0 0.0 1.0"/>
                <scale value="1"/>
            </transform>
        </animation>
    </shape>
    <shape name="temp28" type="ply">
        <string name="filename" value="meshes/Cube_024.ply"/>
        <boolean name="face_normals" value="true"/>
        <ref id="mat-Material" name="bsdf"/>
        <animation name="to_world">
            <transform time="0">
                <matrix value="0.9995111049648332 0.03014335983046287 0.008318846239494 -0.0007587332661491697 -0.030227759486691243 0.9994908462881423 0.010212940185835098 -0.018941730546350233 -0.008006748790394785 -0.01045941058313848 0.9999132429136953 -0.008163437300460652 0.0 0.0 0.0 1.0"/>
                <scale value="1"/>
            </transform>
            <transform time="0.0015">
                <matrix value="0.9995123974768303 0.0300994696193724 0.008318954321168425 -0.0007670244842755544 -0.03018474101733206 0.9994908387789957 0.01032195459660027 -0.01887326816987899 -0.008004152596543825 -0.010568034068506425 0.9999119663584857 -0.008150858304206974 0.0 0.0 0.0 1.0"/>
                <scale value="1"/>
            </transform>
        </animation>
    </shape>
    <shape name="temp29" type="ply">
        <string name="filename" value="meshes/Cube_025.ply"/>
        <boolean name="face_normals" value="true"/>
        <ref id="mat-Material" name="bsdf"/>
        <animation name="to_world">
            <transform time="0">
                <matrix value="0.999533267024451 0.030245211431241304 0.004370760545241102 0.0010244899797475782 -0.030289387742076176 0.9994868831908358 0.010418556844330365 -0.018713163199247096 -0.0040534052447843815 -0.010546073092029378 0.9999361732607568 -0.004755150104971961 0.0 0.0 0.0 1.0"/>
                <scale value="1"/>
            </transform>
            <transform time="0.0015">
                <matrix value="0.9995340967852393 0.030217279658551744 0.004371816681917966 0.0010263861387980694 -0.030261818780316863 0.9994867029713168 0.010505103883403989 -0.018633295570497994 -0.004052200336378199 -0.010632501041812247 0.9999351605269571 -0.004755905593358379 0.0 0.0 0.0 1.0"/>
                <scale value="1"/>
            </transform>
        </animation>
    </shape>
    <shape name="temp30" type="ply">
        <string name="filename" value="meshes/Cube_026.ply"/>
        <boolean name="face_normals" value="true"/>
        <ref id="mat-Material" name="bsdf"/>
        <animation name="to_world">
            <transform time="0">
                <matrix value="0.9994517106450578 0.03154016390536124 0.010069330022537931 0.006453073825159583 -0.03161462571827235 0.9994733252263659 0.007323385502630844 -0.023020801102373478 -0.009833053204899765 -0.007637697815916216 0.9999226987269166 -0.01273096349631997 0.0 0.0 0.0 1.0"/>
                <scale value="1"/>
            </transform>
            <transform time="0.0015">
                <matrix value="0.9994504340899989 0.031574691712443495 0.010086035875049488 0.006465355286063734 -0.03164846384192573 0.9994727320037827 0.007244136955209747 -0.023125939045298395 -0.009852066375515826 -0.00755937110896641 0.999923013610535 -0.012755395464334374 0.0 0.0 0.0 1.0"/>
                <scale value="1"/>
            </transform>
        </animation>
    </shape>
    <shape name="temp31" type="ply">
        <string name="filename" value="meshes/Cube_027.ply"/>
        <boolean name="face_normals" value="true"/>
        <ref id="mat-Material" name="bsdf"/>
        <animation name="to_world">
            <transform time="0">
                <matrix value="0.9997907901572088 0.01637822549189338 0.0122700523521099 0.013110696891014628 -0.016748626395544895 0.9993878057581718 0.030718367586228743 0.02211734213700467 -0.011759423750990643 -0.030917436168060357 0.9994527448098224 -0.017841458967663648 0.0 0.0 0.0 1.0"/>
                <scale value="1"/>
            </transform>
            <transform time="0.0015">
                <matrix value="0.9997897369992853 0.016417243693564083 0.012300664146039635 0.01314370545457869 -0.016787938387290674 0.9993886467825934 0.0306677428107574 0.022001195239165265 -0.01178971368985792 -0.03086781948175601 0.9994538766887751 -0.017885293592272245 0.0 0.0 0.0 1.0"/>
                <scale value="1"/>
            </transform>
        </animation>
    </shape>
    <shape name="temp32" type="ply">
        <string name="filename" value="meshes/Cube_028.ply"/>
        <boolean name="face_normals" value="true"/>
        <ref id="mat-Material" name="bsdf"/>
        <animation name="to_world">
            <transform time="0">
                <matrix value="0.9998953950786044 0.0012681953097786298 0.014404702186798644 0.01974152550985253 -0.00183174741634709 0.9992305333703223 0.039177301698595006 0.06283407649916128 -0.014343945413960679 -0.03919957949451737 0.9991284104163347 -0.025250468792810787 0.0 0.0 0.0 1.0"/>
                <scale value="1"/>
            </transform>
            <transform time="0.0015">
                <matrix value="0.9998930972794985 0.0009539955693545899 0.014490257767992698 0.019850970779660956 -0.0015226696607588148 0.999226050409789 0.03926924601309544 0.06347583187884949 -0.014442354883878909 -0.03928638748221077 0.9991233552577041 -0.025426811487041356 0.0 0.0 0.0 1.0"/>
                <scale value="1"/>
            </transform>
        </animation>
    </shape>
    <shape name="temp33" type="ply">
        <string name="filename" value="meshes/Cube_029.ply"/>
        <boolean name="face_normals" value="true"/>
        <ref id="mat-Material" name="bsdf"/>
        <animation name="to_world">
            <transform time="0">
                <matrix value="0.9882682921207673 -0.15264964342553447 0.004916715561100865 -0.015192721366382056 0.15235099560836626 0.987575272775816 0.038524354156137225 0.38297843127730125 -0.01073635216044622 -0.03732332407915348 0.9992456625002778 -0.022770790870951574 0.0 0.0 0.0 1.0"/>
                <scale value="1"/>
            </transform>
            <transform time="0.0015">
                <matrix value="0.9879941519218768 -0.15419854158277438 0.004939647598888761 -0.01573682119002132 0.15389696122962487 0.9872990262898887 0.038601001935077664 0.3862745093634605 -0.01083213352263702 -0.037375848307029835 0.9992425051537257 -0.022970256626449848 0.0 0.0 0.0 1.0"/>
                <scale value="1"/>
            </transform>
        </animation>
    </shape>
    <shape name="temp34" type="ply">
        <string name="filename" value="meshes/Cube_030.ply"/>
        <boolean name="face_normals" value="true"/>
        <ref id="mat-Material" name="bsdf"/>
        <animation name="to_world">
            <transform time="0">
                <matrix value="0.9999905785472246 -0.004319024349619245 5.424708358288851e-06 0.0007311401979022136 0.00431902230368819 0.9999906960017683 -0.0002934070942782195 0.031678297034833436 -4.1574693633842425e-06 0.0002934434488813519 1.0000000030674319 -6.410530059897113e-05 0.0 0.0 0.0 1.0"/>
                <scale value="1"/>
            </transform>
            <transform time="0.0015">
                <matrix value="0.9999901117262275 -0.004403291081607685 5.3791107579165505e-06 0.0007289593762378845 0.004403288969122429 0.9999902068639533 -0.00032038228015109793 0.03183615010552932 -3.907492785245299e-06 0.00032041742306499464 0.9999999899069177 -6.311958827806347e-05 0.0 0.0 0.0 1.0"/>
                <scale value="1"/>
            </transform>
        </animation>
    </shape>
    <shape name="temp35" type="ply">
        <string name="filename" value="meshes/Cube_031.ply"/>
        <boolean name="face_normals" value="true"/>
        <ref id="mat-Material" name="bsdf"/>
        <animation name="to_world">
            <transform time="0">
                <matrix value="0.9998887464607191 -0.0023630656017754677 -0.014736837626193738 -0.019260835341506688 0.0029458563153891572 0.9992092577953082 0.03965103794097776 0.07187360669030896 0.01463149813750051 -0.03969002321540686 0.9991050072786123 0.03765381997999806 0.0 0.0 0.0 1.0"/>
                <scale value="1"/>
            </transform>
            <transform time="0.0015">
                <matrix value="0.999888060312375 -0.0022746556577966245 -0.01478785387859607 -0.019335766634487984 0.0028607196671260548 0.9992064118287386 0.03972466539029194 0.07174919536945701 0.01468593970023453 -0.03976238886140232 0.9991012201648234 0.03778390335862774 0.0 0.0 0.0 1.0"/>
