
<scene version="2.1.0">
    <default name="spp" value="1024"/>
    <default name="resx" value="640"/>
    <default name="resy" value="360"/>
    <integrator name="temp0" type="path">
        <integer name="max_depth" value="12"/>
    </integrator>
    <sensor name="temp44" type="perspective">
        <string name="fov_axis" value="x"/>
        <float name="fov" value="83.974423"/>
        <float name="principal_point_offset_x" value="0.000000"/>
        <float name="principal_point_offset_y" value="-0.000000"/>
        <float name="near_clip" value="0.100000"/>
        <float name="far_clip" value="1000.000000"/>
        <sampler name="sampler" type="correlated">
            <integer name="sample_count" value="1024"/>
        </sampler>
        <film name="film" type="hdrfilm">
            <integer name="width" value="$resx"/>
            <integer name="height" value="$resy"/>
        </film>
        <float name="shutter_open" value="0.0"/>
        <float name="shutter_close" value="0.0015"/>
        <animation name="to_world">
            <transform time="0">
                <rotate angle="-142.5518126578256" x="1"/>
                <rotate angle="3.976628485794621e-06" y="1"/>
                <rotate angle="-179.999991348578" z="1"/>
                <translate value="-0.000000 3.030926 4.073377"/>
                <translate x="4.05" y="0.0" z="0.0"/>
            </transform>
            <transform time="0.0015">
                <rotate angle="-142.5518126578256" x="1"/>
                <rotate angle="3.976628485794621e-06" y="1"/>
                <rotate angle="-179.999991348578" z="1"/>
                <translate value="-0.000000 3.030926 4.073377"/>
                <translate x="4.2" y="0.0" z="0.0"/>
            </transform>
        </animation>
    </sensor>
    <bsdf id="mat-Material" name="mat-Material" type="twosided">
        <bsdf name="bsdf" type="diffuse">
            <texture name="reflectance" type="bitmap">
                <string name="filename" value="textures/siggraph_2023_logo.jpg"/>
            </texture>
        </bsdf>
    </bsdf>
    <bsdf id="mat-Material.001" name="mat-Material.001" type="twosided">
        <bsdf name="bsdf" type="principled">
            <rgb name="base_color" value="0.433648 0.266232 0.084399"/>
            <float name="spec_tint" value="0.000000"/>
            <float name="spec_trans" value="0.000000"/>
            <float name="metallic" value="0.000000"/>
            <float name="anisotropic" value="0.000000"/>
            <float name="roughness" value="0.500000"/>
            <float name="sheen" value="0.000000"/>
            <float name="sheen_tint" value="0.500000"/>
            <float name="clearcoat" value="0.000000"/>
            <float name="clearcoat_gloss" value="0.173205"/>
            <float name="specular" value="0.500000"/>
        </bsdf>
    </bsdf>
    <bsdf id="mat-Material.002" name="mat-Material.002" type="twosided">
        <bsdf name="bsdf" type="principled">
            <rgb name="base_color" value="0.433648 0.266232 0.084399"/>
            <float name="spec_tint" value="0.000000"/>
            <float name="spec_trans" value="0.000000"/>
            <float name="metallic" value="0.000000"/>
            <float name="anisotropic" value="0.000000"/>
            <float name="roughness" value="0.500000"/>
            <float name="sheen" value="0.000000"/>
            <float name="sheen_tint" value="0.500000"/>
            <float name="clearcoat" value="0.000000"/>
            <float name="clearcoat_gloss" value="0.173205"/>
            <float name="specular" value="0.500000"/>
        </bsdf>
    </bsdf>
    <bsdf id="mat-Material.003" name="mat-Material.003" type="twosided">
        <bsdf name="bsdf" type="principled">
            <rgb name="base_color" value="0.433648 0.266232 0.084399"/>
            <float name="spec_tint" value="0.000000"/>
            <float name="spec_trans" value="0.000000"/>
            <float name="metallic" value="0.000000"/>
            <float name="anisotropic" value="0.000000"/>
            <float name="roughness" value="0.500000"/>
            <float name="sheen" value="0.000000"/>
            <float name="sheen_tint" value="0.500000"/>
            <float name="clearcoat" value="0.000000"/>
            <float name="clearcoat_gloss" value="0.173205"/>
            <float name="specular" value="0.500000"/>
        </bsdf>
    </bsdf>
    <bsdf id="mat-Material.004" name="mat-Material.004" type="twosided">
        <bsdf name="bsdf" type="principled">
            <rgb name="base_color" value="0.433648 0.266232 0.084399"/>
            <float name="spec_tint" value="0.000000"/>
            <float name="spec_trans" value="0.000000"/>
            <float name="metallic" value="0.000000"/>
            <float name="anisotropic" value="0.000000"/>
            <float name="roughness" value="0.500000"/>
            <float name="sheen" value="0.000000"/>
            <float name="sheen_tint" value="0.500000"/>
            <float name="clearcoat" value="0.000000"/>
            <float name="clearcoat_gloss" value="0.173205"/>
            <float name="specular" value="0.500000"/>
        </bsdf>
    </bsdf>
    <bsdf id="mat-Material.005" name="mat-Material.005" type="twosided">
        <bsdf name="bsdf" type="principled">
            <rgb name="base_color" value="0.433648 0.266232 0.084399"/>
            <float name="spec_tint" value="0.000000"/>
            <float name="spec_trans" value="0.000000"/>
            <float name="metallic" value="0.000000"/>
            <float name="anisotropic" value="0.000000"/>
            <float name="roughness" value="0.500000"/>
            <float name="sheen" value="0.000000"/>
            <float name="sheen_tint" value="0.500000"/>
            <float name="clearcoat" value="0.000000"/>
            <float name="clearcoat_gloss" value="0.173205"/>
            <float name="specular" value="0.500000"/>
        </bsdf>
    </bsdf>
    <emitter name="temp45" type="point">
        <point name="position" x="-6.815235034541981e-16" y="3.0693089962005615" z="4.109199523925781"/>
        <rgb name="intensity" value="7.957747 7.957747 7.957747"/>
    </emitter>
    <shape name="temp2" type="ply">
        <string name="filename" value="meshes/Cube.ply"/>
        <boolean name="face_normals" value="true"/>
        <ref id="mat-Material" name="bsdf"/>
        <animation name="to_world">
            <transform time="0">
                <matrix value="1.0 0.000153942968943918 0.0006117414723930441 -0.001416228575042311 -0.0001528459630478683 0.99999833132745 -0.001793042034399303 -0.01505505903781279 -0.0006120185735789245 0.0017929469382987468 0.9999983452326863 0.0014456494613952486 0.0 0.0 0.0 1.0"/>
                <scale value="1"/>
            </transform>
            <transform time="0.0015">
                <matrix value="1.0 0.00015442220268132906 0.0006124239188081749 -0.0014169373298443069 -0.00015337458449774273 0.9999983838914763 -0.0017127948803894609 -0.01516001561184156 -0.0006126884458460619 0.0017126993916430524 0.9999983962948946 0.0014490712346407716 0.0 0.0 0.0 1.0"/>
                <scale value="1"/>
            </transform>
        </animation>
    </shape>
    <shape name="temp4" type="ply">
        <string name="filename" value="meshes/Plane.ply"/>
        <boolean name="face_normals" value="true"/>
        <ref id="mat-Material.001" name="bsdf"/>
        <transform name="to_world">
            <scale value="1"/>
        </transform>
    </shape>
    <shape name="temp5" type="ply">
        <string name="filename" value="meshes/Cube_001.ply"/>
        <boolean name="face_normals" value="true"/>
        <ref id="mat-Material" name="bsdf"/>
        <animation name="to_world">
            <transform time="0">
                <matrix value="1.0 0.00015628223927512865 -0.0001708575618847516 0.0007242899449799722 -0.00015674426933462405 0.9999962454867622 -0.0027071520461670624 -0.014563844903061174 0.0001704337735604856 0.002707177169222169 0.999996454070042 -0.0004277765442473047 0.0 0.0 0.0 1.0"/>
                <scale value="1"/>
            </transform>
            <transform time="0.0015">
                <matrix value="1.0 0.00014693549934676988 -0.00017121784831678253 0.0007263197554962201 -0.00014736372788171762 0.9999962529959089 -0.002514724113849791 -0.014777015760041185 0.00017079947467097287 0.0025147478529802675 0.999996454070042 -0.00042334643941599926 0.0 0.0 0.0 1.0"/>
                <scale value="1"/>
            </transform>
        </animation>
    </shape>
    <shape name="temp6" type="ply">
        <string name="filename" value="meshes/Cube_002.ply"/>
        <boolean name="face_normals" value="true"/>
        <ref id="mat-Material" name="bsdf"/>
        <animation name="to_world">
            <transform time="0">
                <matrix value="1.0 9.92221900075716e-05 -5.9319625871294094e-05 -0.0006951165180342223 -9.900456893021078e-05 0.9999933253097996 0.003657177600502293 -0.019769684028607737 5.968198330930966e-05 -0.003657173310416897 0.9999933809307451 7.072348783443427e-05 0.0 0.0 0.0 1.0"/>
                <scale value="1"/>
            </transform>
            <transform time="0.0015">
                <matrix value="1.0 9.49509911635958e-05 -5.91565842399052e-05 -0.0006930173780051562 -9.474368824182524e-05 0.999993535565905 0.003480187731165938 -0.019668230939176506 5.9506776127480964e-05 -0.0034801836256357953 0.9999935936899467 6.304007771514559e-05 0.0 0.0 0.0 1.0"/>
                <scale value="1"/>
            </transform>
        </animation>
    </shape>
    <shape name="temp7" type="ply">
        <string name="filename" value="meshes/Cube_003.ply"/>
        <boolean name="face_normals" value="true"/>
        <ref id="mat-Material" name="bsdf"/>
        <animation name="to_world">
            <transform time="0">
                <matrix value="1.0 -0.00025408042584523484 0.0005450945368566324 -0.0008127561723463295 0.0002554017804112214 0.9999970798230373 -0.0024236194867290023 -0.01753908465146209 -0.0005444774806879813 0.002423759394104997 0.9999969268607032 0.0011959149931307644 0.0 0.0 0.0 1.0"/>
                <scale value="1"/>
            </transform>
            <transform time="0.0015">
                <matrix value="1.0 -0.0002604837004441462 0.0005452403194615854 -0.0008131497000121987 0.0002618386497261468 0.9999968770760785 -0.0024843605367191866 -0.017533211266938454 -0.0005445813603558961 0.0024845038096969053 0.9999967311222377 0.001198575701715064 0.0 0.0 0.0 1.0"/>
                <scale value="1"/>
            </transform>
        </animation>
    </shape>
    <shape name="temp8" type="ply">
        <string name="filename" value="meshes/Cube_004.ply"/>
        <boolean name="face_normals" value="true"/>
        <ref id="mat-Material" name="bsdf"/>
        <animation name="to_world">
            <transform time="0">
                <matrix value="1.0 -0.00038319187857069857 0.0002117875222034314 -0.00058735400787846 0.00038363899245958083 0.9999977055752436 -0.002119137573099346 -0.01879591112442125 -0.00021097527246036096 0.0021192183103438925 0.9999978724420252 0.0007542861542090863 0.0 0.0 0.0 1.0"/>
                <scale value="1"/>
            </transform>
            <transform time="0.0015">
                <matrix value="1.0 -0.00036200346973055427 0.00021294881298810638 -0.0005880491407524252 0.0003624354129318958 0.9999977881758564 -0.002046621152336051 -0.018741682013664416 -0.00021216655364129027 0.0020466971799584788 0.9999979490353378 0.0007593352010403537 0.0 0.0 0.0 1.0"/>
                <scale value="1"/>
            </transform>
        </animation>
    </shape>
    <shape name="temp9" type="ply">
        <string name="filename" value="meshes/Cube_005.ply"/>
        <boolean name="face_normals" value="true"/>
        <ref id="mat-Material" name="bsdf"/>
        <animation name="to_world">
            <transform time="0">
                <matrix value="1.0 -0.0005024748499759086 0.0004974916091477429 -0.0003689943721054689 0.0005042755045414493 0.9999933253097996 -0.0036262098122028215 -0.020195708949983404 -0.0004956677605859294 0.0036264655638131673 0.9999933809307451 0.0010549494852141739 0.0 0.0 0.0 1.0"/>
                <scale value="1"/>
            </transform>
            <transform time="0.0015">
                <matrix value="1.0 -0.0004910168383833303 0.0004975729682664441 -0.0003700555756348465 0.0004927749721453538 0.999993535565905 -0.003540288540493015 -0.02013941941982069 -0.0004958065859485806 0.0035405383990185163 0.9999935936899467 0.001061915302372994 0.0 0.0 0.0 1.0"/>
                <scale value="1"/>
            </transform>
        </animation>
    </shape>
    <shape name="temp10" type="ply">
        <string name="filename" value="meshes/Cube_006.ply"/>
        <boolean name="face_normals" value="true"/>
        <ref id="mat-Material" name="bsdf"/>
        <animation name="to_world">
            <transform time="0">
                <matrix value="1.0 0.00021936577928051011 -0.00025390749661600087 -0.0006027803164703194 -0.000219375579537859 1.0 -3.8420151094439465e-05 -0.017236047373197727 0.0002539000792515252 3.847583449271312e-05 1.0 -0.0005374257281145489 0.0 0.0 0.0 1.0"/>
                <scale value="1"/>
            </transform>
            <transform time="0.0015">
                <matrix value="1.0 0.0002019260866169616 -0.00025478100079419044 -0.0006021669255235384 -0.00020191604025618454 0.9999999324176804 3.3159235593060474e-05 -0.01723106421418141 0.0002547552275285181 -3.3108199449164665e-05 0.9999999319170555 -0.0005394374126267349 0.0 0.0 0.0 1.0"/>
                <scale value="1"/>
            </transform>
        </animation>
    </shape>
    <shape name="temp11" type="ply">
        <string name="filename" value="meshes/Cube_007.ply"/>
        <boolean name="face_normals" value="true"/>
        <ref id="mat-Material" name="bsdf"/>
        <animation name="to_world">
            <transform time="0">
                <matrix value="0.9999995567588077 0.0010353049394793326 -2.3687284909798633e-05 0.0004133907704426676 -0.0010353759660441787 0.999993742477937 -0.0033455849153302846 -0.018485342320892773 2.0223411290594243e-05 0.003345600857697691 0.9999945629073977 -0.00017095151955137666 0.0 0.0 0.0 1.0"/>
                <scale value="1"/>
            </transform>
            <transform time="0.0015">
                <matrix value="0.9999995727157459 0.0010083022735013004 -2.3598508154291984e-05 0.0004149288002332355 -0.0010083713852333254 0.9999939527340425 -0.0032565516573301568 -0.018464985525423562 2.0250376920518862e-05 0.003256567234037017 0.9999947501354952 -0.0001660978003266559 0.0 0.0 0.0 1.0"/>
                <scale value="1"/>
            </transform>
        </animation>
    </shape>
    <shape name="temp12" type="ply">
        <string name="filename" value="meshes/Cube_008.ply"/>
        <boolean name="face_normals" value="true"/>
        <ref id="mat-Material" name="bsdf"/>
        <animation name="to_world">
            <transform time="0">
                <matrix value="1.0 -0.00027132615665080735 0.00011034673994291525 0.00014804150319047693 0.00027128843122758306 0.9999997914159312 0.00034341149666138873 -0.01793279160176353 -0.00011043974845175851 -0.0003433815232060206 1.0 0.00041515170739114815 0.0 0.0 0.0 1.0"/>
                <scale value="1"/>
            </transform>
            <transform time="0.0015">
                <matrix value="0.9999999680861236 -0.0003143431290806148 0.00011034183797090983 0.00014881953018070802 0.00031430010293107685 0.9999997088153184 0.000391383249992154 -0.017968343120778534 -0.00011051994802333147 -0.00039134844999753264 0.9999999489377916 0.00041517182910946076 0.0 0.0 0.0 1.0"/>
                <scale value="1"/>
            </transform>
        </animation>
    </shape>
    <shape name="temp13" type="ply">
        <string name="filename" value="meshes/Cube_009.ply"/>
        <boolean name="face_normals" value="true"/>
        <ref id="mat-Material" name="bsdf"/>
        <animation name="to_world">
            <transform time="0">
                <matrix value="1.0 0.000344489104611168 0.00035255999595291195 0.0007160727652437693 -0.00034453714095247214 1.0 0.00013523136720184993 -0.01686871713286836 -0.00035251282296769483 -0.00013535270523107987 1.0 0.0005693264756827521 0.0 0.0 0.0 1.0"/>
                <scale value="1"/>
            </transform>
            <transform time="0.0015">
                <matrix value="0.9999999680861236 0.0003818616017082093 0.0003528360722929399 0.0007177653225320806 -0.0003819001043913197 0.9999999624542669 0.00010853344048299157 -0.016832360191372644 -0.00035282072804789216 -0.00010866841205152397 0.9999999914896319 0.0005691270897760807 0.0 0.0 0.0 1.0"/>
                <scale value="1"/>
            </transform>
        </animation>
    </shape>
    <shape name="temp14" type="ply">
        <string name="filename" value="meshes/Cube_010.ply"/>
        <boolean name="face_normals" value="true"/>
        <ref id="mat-Material" name="bsdf"/>
        <animation name="to_world">
            <transform time="0">
                <matrix value="0.9999986702764229 0.00039913187310579594 0.0017976257398582857 0.00322615698718276 -0.0003995832646309485 0.9999997914159312 0.0002502835561989711 -0.016655554368431025 -0.0017975247638854167 -0.0002510017249902487 0.9999983452326863 0.0030070142392268906 0.0 0.0 0.0 1.0"/>
                <scale value="1"/>
            </transform>
            <transform time="0.0015">
                <matrix value="0.9999986543194846 0.0003901745049572237 0.001799938432379944 0.003229918003711215 -0.0003906266830700281 0.9999997989250778 0.00025041989229537213 -0.016671053951507125 -0.0017998397964846616 -0.0002511223218849968 0.9999983452326863 0.0030109497083501175 0.0 0.0 0.0 1.0"/>
                <scale value="1"/>
            </transform>
        </animation>
    </shape>
    <shape name="temp15" type="ply">
        <string name="filename" value="meshes/Cube_011.ply"/>
        <boolean name="face_normals" value="true"/>
        <ref id="mat-Material" name="bsdf"/>
        <animation name="to_world">
            <transform time="0">
                <matrix value="0.9999991135176153 -0.001451186113307038 -0.0003526734657115665 -0.0006425837915315924 0.0014510608534697806 0.9999989570796561 -0.00035160732277087474 -0.02039470059129861 0.00035318300365053443 0.0003510949620689871 1.0 -0.0005700068987946061 0.0 0.0 0.0 1.0"/>
                <scale value="1"/>
            </transform>
            <transform time="0.0015">
                <matrix value="0.9999991454314917 -0.0014242073264152636 -0.0003533279130157635 -0.0006466797195028951 0.0014240851706740722 0.9999989871162426 -0.000342926781386067 -0.02034268148013623 0.0003538219035005562 0.0003424234971688979 1.0 -0.000569169254729462 0.0 0.0 0.0 1.0"/>
                <scale value="1"/>
            </transform>
        </animation>
    </shape>
    <shape name="temp16" type="ply">
        <string name="filename" value="meshes/Cube_012.ply"/>
        <boolean name="face_normals" value="true"/>
        <ref id="mat-Material" name="bsdf"/>
        <animation name="to_world">
            <transform time="0">
                <matrix value="1.0 0.0008062900611777074 -0.00014003941182950602 -0.0005386031664129654 -0.0008061892427135581 0.9999993742477937 0.0007159350782775858 -0.015791262098954373 0.0001406164953096217 -0.0007158208930318321 0.9999997636046695 -0.00014404127232037212 0.0 0.0 0.0 1.0"/>
                <scale value="1"/>
            </transform>
            <transform time="0.0015">
                <matrix value="0.9999999840430618 0.0007445340133528941 -0.00014007659362758192 -0.0005365759234207123 -0.0007444427532245875 0.9999993592295006 0.0006480319578349557 -0.015958350302305243 0.0001406711956938939 -0.0006479264933009289 0.9999997465839333 -0.0001457118846185856 0.0 0.0 0.0 1.0"/>
                <scale value="1"/>
            </transform>
        </animation>
    </shape>
    <shape name="temp17" type="ply">
        <string name="filename" value="meshes/Cube_013.ply"/>
        <boolean name="face_normals" value="true"/>
        <ref id="mat-Material" name="bsdf"/>
        <animation name="to_world">
            <transform time="0">
                <matrix value="0.9999995567588077 -0.000951381139411334 7.118667146391591e-05 -0.00034998307247957605 0.0009515501917461398 0.999996454070831 -0.0024337372068757002 -0.021357701324614953 -6.887081646800597e-05 0.002433800631175392 0.9999971632560337 -3.272576859569831e-05 0.0 0.0 0.0 1.0"/>
                <scale value="1"/>
            </transform>
            <transform time="0.0015">
                <matrix value="0.9999995408018695 -0.0009686698982277819 7.308800683478544e-05 -0.0003473595236688027 0.0009688491084875331 0.9999962963787521 -0.002479173210937824 -0.021425503128572335 -7.066501460323543e-05 0.0024792402795798304 0.9999970185797766 -3.2533041544017116e-05 0.0 0.0 0.0 1.0"/>
                <scale value="1"/>
            </transform>
        </animation>
    </shape>
    <shape name="temp18" type="ply">
        <string name="filename" value="meshes/Cube_014.ply"/>
        <boolean name="face_normals" value="true"/>
        <ref id="mat-Material" name="bsdf"/>
        <animation name="to_world">
            <transform time="0">
                <matrix value="1.0 4.694997945446923e-05 -3.447991372516017e-05 -0.00010623503544993085 -4.6940128752701556e-05 1.0 0.00028607617319456613 -0.017486396330283982 3.449333985784368e-05 -0.0002860730503125632 1.0 -0.0001439184372494795 0.0 0.0 0.0 1.0"/>
                <scale value="1"/>
            </transform>
            <transform time="0.0015">
                <matrix value="1.0 2.201654142872049e-05 -3.4449965739939504e-05 -0.00010623307046405191 -2.201121051061827e-05 0.9999997972530412 0.00015739804639317234 -0.01760874978407583 3.453933254092063e-05 -0.00015739616361637882 0.9999998042615346 -0.0001458190764548975 0.0 0.0 0.0 1.0"/>
                <scale value="1"/>
            </transform>
        </animation>
    </shape>
    <shape name="temp19" type="ply">
        <string name="filename" value="meshes/Cube_015.ply"/>
        <boolean name="face_normals" value="true"/>
        <ref id="mat-Material" name="bsdf"/>
        <animation name="to_world">
            <transform time="0">
                <matrix value="1.0 -0.00023014748979502443 -4.722965948198218e-05 0.00044807765723864357 0.00023014899995922182 1.0 3.52217222723643e-05 -0.01798805369478995 4.722158690984651e-05 -3.523256080747064e-05 1.0 -6.69817985570198e-05 0.0 0.0 0.0 1.0"/>
                <scale value="1"/>
            </transform>
            <transform time="0.0015">
                <matrix value="1.0 -0.0002301059642142052 -4.729215962505139e-05 0.0004477137195671237 0.0002301073683073647 1.0 3.318359550040231e-05 -0.017988991950586248 4.728455298812484e-05 -3.31944507587885e-05 1.0 -6.809399649727059e-05 0.0 0.0 0.0 1.0"/>
                <scale value="1"/>
            </transform>
        </animation>
    </shape>
    <shape name="temp20" type="ply">
        <string name="filename" value="meshes/Cube_016.ply"/>
        <boolean name="face_normals" value="true"/>
        <ref id="mat-Material" name="bsdf"/>
        <animation name="to_world">
            <transform time="0">
                <matrix value="1.0 -0.000206017650383899 0.0003417590933009818 0.0005567187296823262 0.00020601407379433964 1.0 1.0682492230867462e-05 -0.017971576700225145 -0.0003417624510883344 -1.0612089949793815e-05 1.0 0.0005809685722376057 0.0 0.0 0.0 1.0"/>
                <scale value="1"/>
            </transform>
            <transform time="0.0015">
                <matrix value="1.0 -0.0001796052333669364 0.0003418916848354342 0.000557399542250446 0.0001795557149362347 0.9999997446890149 0.00014408345544925338 -0.017926324119080742 -0.00034182422039624505 -0.00014402224106544338 0.9999997531993261 0.0005831089770359187 0.0 0.0 0.0 1.0"/>
                <scale value="1"/>
            </transform>
        </animation>
    </shape>
    <shape name="temp21" type="ply">
        <string name="filename" value="meshes/Cube_017.ply"/>
        <boolean name="face_normals" value="true"/>
        <ref id="mat-Material" name="bsdf"/>
        <animation name="to_world">
            <transform time="0">
                <matrix value="1.0 -0.000547937833604145 0.0001543670964176179 0.0004465937860539393 0.0005480278426387389 0.9999995828318625 -0.0005852770151401753 -0.018012978145828695 -0.00015404626019676363 0.0005853599013814524 1.0 2.0778210958749543e-06 0.0 0.0 0.0 1.0"/>
                <scale value="1"/>
            </transform>
            <transform time="0.0015">
                <matrix value="1.0 -0.0005470247213749192 0.00015458650221670116 0.00044615686149799487 0.0005471149462022709 0.9999995828318625 -0.000585754616995982 -0.018012517773980302 -0.00015426595532239365 0.0005858375581980728 1.0 2.6065850406008882e-06 0.0 0.0 0.0 1.0"/>
                <scale value="1"/>
            </transform>
        </animation>
    </shape>
    <shape name="temp22" type="ply">
        <string name="filename" value="meshes/Cube_018.ply"/>
        <boolean name="face_normals" value="true"/>
        <ref id="mat-Material" name="bsdf"/>
        <animation name="to_world">
            <transform time="0">
                <matrix value="0.9999902486937682 0.004491432409375436 -0.00019633932374860588 0.0005248507226255361 -0.004490215007437587 0.9999728840710604 0.005829839804340312 -0.017935484879238905 0.00022251815959165074 -0.005828896402550566 0.9999829795362019 -4.13371615193836e-05 0.0 0.0 0.0 1.0"/>
                <scale value="1"/>
            </transform>
            <transform time="0.0015">
                <matrix value="0.9999904082631506 0.004449317435637854 -0.0001964684600736239 0.0005271991159623007 -0.004448110551500549 0.9999733045832713 0.00578094518669658 -0.017933399556519413 0.00022223945570842485 -0.005780011107127193 0.9999832348472438 -4.364049217210233e-05 0.0 0.0 0.0 1.0"/>
                <scale value="1"/>
            </transform>
        </animation>
    </shape>
    <shape name="temp23" type="ply">
        <string name="filename" value="meshes/Cube_019.ply"/>
        <boolean name="face_normals" value="true"/>
        <ref id="mat-Material" name="bsdf"/>
        <animation name="to_world">
            <transform time="0">
                <matrix value="0.9999140112086833 0.011704613671017036 -0.0059590062129420765 0.003363962351008748 -0.011657052765204503 0.9999002968151299 0.007954773790944262 -0.018273972380664916 0.006051518810269722 -0.00788461337899934 0.9999505933759192 -0.0009821031669949853 0.0 0.0 0.0 1.0"/>
                <scale value="1"/>
            </transform>
            <transform time="0.0015">
                <matrix value="0.9999155271178157 0.011542937914582283 -0.00596063594842652 0.003371084834047553 -0.011495782692369682 0.9999023017572779 0.00788599044313267 -0.018263501453198123 0.0060513779105051 -0.007816794521283452 0.9999510699565309 -0.0009844913443904696 0.0 0.0 0.0 1.0"/>
                <scale value="1"/>
            </transform>
        </animation>
    </shape>
    <shape name="temp24" type="ply">
        <string name="filename" value="meshes/Cube_020.ply"/>
        <boolean name="face_normals" value="true"/>
        <ref id="mat-Material" name="bsdf"/>
        <animation name="to_world">
            <transform time="0">
                <matrix value="0.9999568117927766 -0.005889204761652234 0.007139092510364694 -0.005572715534709033 0.005827978859978026 0.999946363800651 0.008567534122394315 -0.014961263447850648 -0.007189172596744959 -0.008525547612923179 0.9999378280223472 -0.0006459506433639239 0.0 0.0 0.0 1.0"/>
                <scale value="1"/>
            </transform>
            <transform time="0.0015">
                <matrix value="0.9999573400917163 -0.005675371343413101 0.007152116777649729 -0.005587205614246843 0.005614146005471434 0.9999470977066386 0.008552960967947188 -0.014986026903078679 -0.007200370208344548 -0.008512508070267748 0.9999378535534423 -0.0006477404504341197 0.0 0.0 0.0 1.0"/>
                <scale value="1"/>
            </transform>
        </animation>
    </shape>
    <shape name="temp25" type="ply">
        <string name="filename" value="meshes/Cube_021.ply"/>
        <boolean name="face_normals" value="true"/>
        <ref id="mat-Material" name="bsdf"/>
        <animation name="to_world">
            <transform time="0">
                <matrix value="0.9991130743740991 0.03267942923055423 0.026567454698380833 -0.016589105537111015 -0.03283331294423848 0.9994464178814951 0.005376693595246752 -0.020943389840845594 -0.026377035141934693 -0.006244229000277417 0.9996326416563559 -0.013313398430436219 0.0 0.0 0.0 1.0"/>
                <scale value="1"/>
            </transform>
            <transform time="0.0015">
                <matrix value="0.9991189943981845 0.03247841538280268 0.02657082565517137 -0.016585519740336393 -0.03263486543928568 0.9994517193390102 0.005475372163997007 -0.02090653051230584 -0.026378952687202483 -0.006337687538767991 0.9996318842335982 -0.013312723917503802 0.0 0.0 0.0 1.0"/>
                <scale value="1"/>
            </transform>
        </animation>
    </shape>
    <shape name="temp26" type="ply">
        <string name="filename" value="meshes/Cube_022.ply"/>
        <boolean name="face_normals" value="true"/>
        <ref id="mat-Material" name="bsdf"/>
        <animation name="to_world">
            <transform time="0">
                <matrix value="0.9994517106450578 0.028878526895872746 0.016197737129338034 -0.007596867970393384 -0.029039983901479893 0.9995300600930702 0.009821824111472692 -0.019662810572649847 -0.015906476994895634 -0.010286813523756683 0.9998208123394581 -0.011557351409932803 0.0 0.0 0.0 1.0"/>
                <scale value="1"/>
            </transform>
            <transform time="0.0015">
                <matrix value="0.9994519340421931 0.02887126930566266 0.016196741416274432 -0.007596980783506977 -0.02903284875654777 0.9995301802394162 0.00983022809993686 -0.019660504769319805 -0.015905314372375776 -0.01029507073156508 0.9998207357461455 -0.011557206670599555 0.0 0.0 0.0 1.0"/>
                <scale value="1"/>
            </transform>
        </animation>
    </shape>
    <shape name="temp27" type="ply">
        <string name="filename" value="meshes/Cube_023.ply"/>
        <boolean name="face_normals" value="true"/>
        <ref id="mat-Material" name="bsdf"/>
        <animation name="to_world">
            <transform time="0">
                <matrix value="0.9994654511220208 0.03111058501573767 0.010060276081378619 -0.0027305382965046032 -0.03119228334813759 0.9994808342528415 0.008068030793801336 -0.019994981935796685 -0.009804065230919796 -0.0083775121343782 0.9999170252389838 -0.008798612432465935 0.0 0.0 0.0 1.0"/>
                <scale value="1"/>
            </transform>
            <transform time="0.0015">
                <matrix value="0.9994662649258708 0.031084009394928027 0.01006122583845467 -0.0027299965715954326 -0.031166291889292264 0.9994811120912666 0.008126798289437251 -0.019978184440053358 -0.009803446420855013 -0.008436023555039147 0.9999164890857958 -0.008798695114209497 0.0 0.0 0.0 1.0"/>
                <scale value="1"/>
            </transform>
        </animation>
    </shape>
    <shape name="temp28" type="ply">
        <string name="filename" value="meshes/Cube_024.ply"/>
        <boolean name="face_normals" value="true"/>
        <ref id="mat-Material" name="bsdf"/>
        <animation name="to_world">
            <transform time="0">
                <matrix value="0.999457029539366 0.03193211422897942 0.008150745519953893 -0.00114776476151901 -0.03197787960505437 0.9994731166422971 0.0055460944891047755 -0.021504716454994577 -0.007969352530995856 -0.005803714047928447 0.9999515389572413 -0.007783119084165568 0.0 0.0 0.0 1.0"/>
                <scale value="1"/>
            </transform>
            <transform time="0.0015">
                <matrix value="0.9994571571948719 0.031927610242835594 0.008152399084468919 -0.0011472393513391511 -0.03197347836235018 0.9994731917337634 0.005557753693353799 -0.02149693385612208 -0.007970660042514895 -0.005815384913791171 0.9999514538535607 -0.007783338742816841 0.0 0.0 0.0 1.0"/>
                <scale value="1"/>
            </transform>
        </animation>
    </shape>
    <shape name="temp29" type="ply">
        <string name="filename" value="meshes/Cube_025.ply"/>
        <boolean name="face_normals" value="true"/>
        <ref id="mat-Material" name="bsdf"/>
        <animation name="to_world">
            <transform time="0">
                <matrix value="0.9995421318482981 0.029958533487129322 0.004288045819088544 0.0010921565024644142 -0.03000582862167946 0.9994843801820105 0.011425908266319198 -0.01782918912333853 -0.003943534618023605 -0.011549333261024189 0.9999257718662135 -0.004758195063980397 0.0 0.0 0.0 1.0"/>
                <scale value="1"/>
            </transform>
            <transform time="0.0015">
                <matrix value="0.9995426265133834 0.029941580837715673 0.004290305321809797 0.0010933295825583493 -0.029989097293231112 0.999484290072251 0.011474520339743173 -0.017785633419455646 -0.003944553149391194 -0.011597924873723178 0.9999251676300809 -0.0047617039556850154 0.0 0.0 0.0 1.0"/>
                <scale value="1"/>
            </transform>
        </animation>
    </shape>
    <shape name="temp30" type="ply">
        <string name="filename" value="meshes/Cube_026.ply"/>
        <boolean name="face_normals" value="true"/>
        <ref id="mat-Material" name="bsdf"/>
        <animation name="to_world">
            <transform time="0">
                <matrix value="0.9994127054201306 0.03217505209387118 0.011788065912691641 0.007822745043911672 -0.032246111445019474 0.9994624788547901 0.005887449346390551 -0.024945874008626023 -0.01159230409182539 -0.006264111233712192 0.9999132429136953 -0.01509457905277889 0.0 0.0 0.0 1.0"/>
                <scale value="1"/>
            </transform>
            <transform time="0.0015">
                <matrix value="0.9994134553962277 0.032151726431719506 0.011788175696439678 0.007824363227678769 -0.03222342594463783 0.9994628392938281 0.005942794823027538 -0.024873476776574838 -0.011590810043698377 -0.006319165743634271 0.9999128684575005 -0.01509163432197934 0.0 0.0 0.0 1.0"/>
                <scale value="1"/>
            </transform>
        </animation>
    </shape>
    <shape name="temp31" type="ply">
        <string name="filename" value="meshes/Cube_027.ply"/>
        <boolean name="face_normals" value="true"/>
        <ref id="mat-Material" name="bsdf"/>
        <animation name="to_world">
            <transform time="0">
                <matrix value="0.99958955865588 0.022901383538128126 0.017216317329527053 0.018575930786324024 -0.023283012160765355 0.9994799999165663 0.02230252834261815 0.0028099830952844074 -0.016696603176798275 -0.022694217841029738 0.9996030922400396 -0.025147292536234822 0.0 0.0 0.0 1.0"/>
                <scale value="1"/>
            </transform>
            <transform time="0.0015">
                <matrix value="0.9995915213592829 0.022810350153630567 0.017216807526727596 0.018579412954809756 -0.023193921702346194 0.9994792189653177 0.022417340867145995 0.003073298843449489 -0.016696771522496663 -0.022807509837944 0.9996003433911546 -0.025150850459684945 0.0 0.0 0.0 1.0"/>
                <scale value="1"/>
            </transform>
        </animation>
    </shape>
    <shape name="temp32" type="ply">
        <string name="filename" value="meshes/Cube_028.ply"/>
        <boolean name="face_normals" value="true"/>
        <ref id="mat-Material" name="bsdf"/>
        <animation name="to_world">
            <transform time="0">
                <matrix value="0.9993284895935833 0.009394371984656556 0.0354182613501672 0.047298121910517965 -0.010501797786276188 0.9994576814212085 0.031211724641045508 0.03644243842101669 -0.03510583269949843 -0.03156273270160172 0.998885159621219 -0.0606774849826639 0.0 0.0 0.0 1.0"/>
                <scale value="1"/>
            </transform>
            <transform time="0.0015">
                <matrix value="0.9993238620814949 0.009688519750490213 0.03543700798894074 0.04731841948120801 -0.010790247848237707 0.9994586275736829 0.03103310222780325 0.035698987713586185 -0.03511855963429651 -0.031394671992885814 0.9988896275644532 -0.06069706659530792 0.0 0.0 0.0 1.0"/>
                <scale value="1"/>
            </transform>
        </animation>
    </shape>
    <shape name="temp33" type="ply">
        <string name="filename" value="meshes/Cube_029.ply"/>
        <boolean name="face_normals" value="true"/>
        <ref id="mat-Material" name="bsdf"/>
        <animation name="to_world">
            <transform time="0">
                <matrix value="0.9928119575835909 -0.10178990161089477 0.06295964117079987 0.1750464346661238 0.09684053245677955 0.9922999105174346 0.07722000036877671 0.3314831110736065 -0.07033506374694828 -0.07056784926880855 0.9950243510829978 -0.19270947239388203 0.0 0.0 0.0 1.0"/>
                <scale value="1"/>
            </transform>
            <transform time="0.0015">
                <matrix value="0.9929308208165091 -0.09999878391473019 0.06325145403241679 0.17577996508521038 0.09505751215678424 0.9924567315354867 0.076838369082602 0.32724111792748606 -0.07047760548051454 -0.07029533182509373 0.9950322827460344 -0.192991838231579 0.0 0.0 0.0 1.0"/>
                <scale value="1"/>
            </transform>
        </animation>
    </shape>
    <shape name="temp34" type="ply">
        <string name="filename" value="meshes/Cube_030.ply"/>
        <boolean name="face_normals" value="true"/>
        <ref id="mat-Material" name="bsdf"/>
        <animation name="to_world">
            <transform time="0">
                <matrix value="0.977374332087071 0.206959572433383 -0.04367107650905885 -0.08565715410844588 -0.20662413894212703 0.9783454451442001 0.012109637824738385 -0.4303004303468692 0.045231575580292956 -0.0028121390098216283 0.9989728059734047 0.03522016560879626 0.0 0.0 0.0 1.0"/>
                <scale value="1"/>
            </transform>
            <transform time="0.0015">
                <matrix value="0.976950364710332 0.2086882195562885 -0.04393726905152298 -0.08693507887843104 -0.20830763282334586 0.9779265337200995 0.012955670157132277 -0.4330616853737145 0.045707265689157305 -0.0034829621570173653 0.998939958409706 0.03625138404049496 0.0 0.0 0.0 1.0"/>
                <scale value="1"/>
            </transform>
        </animation>
    </shape>
    <shape name="temp35" type="ply">
        <string name="filename" value="meshes/Cube_031.ply"/>
        <boolean name="face_normals" value="true"/>
        <ref id="mat-Material" name="bsdf"/>
        <animation name="to_world">
            <transform time="0">
                <matrix value="0.9728567958626094 0.22519612117065724 -0.053262373758983614 -0.1018490032705266 -0.20898529680316721 0.9538376339891913 0.21568284445990993 -0.24756521383364233 0.09937458667758813 -0.19869741334896324 0.9750099404236487 -0.3242463572186711 0.0 0.0 0.0 1.0"/>
                <scale value="1"/>
            </transform>
            <transform time="0.0015">
                <matrix value="0.9721959871363899 0.22761683725801957 -0.0534465781226397 -0.10290457101650025 -0.2110908451215591 0.9528397510037507 0.2174947188416804 -0.2506692985778118 0.10054400047035914 -0.2001229114470211 0.9745487891093116 -0.32340461300225837 0.0 0.0 0.0 1.0"/>
                <scale value="1"/>
            </transform>
        </animation>
    </shape>
    <shape name="temp36" type="ply">
