
<scene version="2.1.0">
    <default name="spp" value="1024"/>
    <default name="resx" value="1280"/>
    <default name="resy" value="720"/>
    <integrator name="temp0" type="path">
        <integer name="max_depth" value="12"/>
    </integrator>
    <sensor name="temp44" type="perspective">
        <string name="fov_axis" value="x"/>
        <float name="fov" value="83.974423"/>
        <float name="principal_point_offset_x" value="0.000000"/>
        <float name="principal_point_offset_y" value="-0.000000"/>
        <float name="near_clip" value="0.100000"/>
        <float name="far_clip" value="1000.000000"/>
        <sampler name="sampler" type="correlated">
            <integer name="sample_count" value="1024"/>
        </sampler>
        <film name="film" type="hdrfilm">
            <integer name="width" value="$resx"/>
            <integer name="height" value="$resy"/>
        </film>
        <float name="shutter_open" value="0.0"/>
        <float name="shutter_close" value="0.0015"/>
        <animation name="to_world">
            <transform time="0">
                <rotate angle="-142.5518126578256" x="1"/>
                <rotate angle="3.976628485794621e-06" y="1"/>
                <rotate angle="-179.999991348578" z="1"/>
                <translate value="-0.000000 3.030926 4.073377"/>
            </transform>
            <transform time="0.0015">
                <rotate angle="-142.5518126578256" x="1"/>
                <rotate angle="3.976628485794621e-06" y="1"/>
                <rotate angle="-179.999991348578" z="1"/>
                <translate value="-0.000000 3.030926 4.073377"/>
                <translate x="0.15" y="0.0" z="0.0"/>
            </transform>
        </animation>
    </sensor>
    <bsdf id="mat-Material" name="mat-Material" type="twosided">
        <bsdf name="bsdf" type="diffuse">
            <texture name="reflectance" type="bitmap">
                <string name="filename" value="textures/siggraph_2023_logo.jpg"/>
            </texture>
        </bsdf>
    </bsdf>
    <bsdf id="mat-Material.001" name="mat-Material.001" type="twosided">
        <bsdf name="bsdf" type="principled">
            <rgb name="base_color" value="0.433648 0.266232 0.084399"/>
            <float name="spec_tint" value="0.000000"/>
            <float name="spec_trans" value="0.000000"/>
            <float name="metallic" value="0.000000"/>
            <float name="anisotropic" value="0.000000"/>
            <float name="roughness" value="0.500000"/>
            <float name="sheen" value="0.000000"/>
            <float name="sheen_tint" value="0.500000"/>
            <float name="clearcoat" value="0.000000"/>
            <float name="clearcoat_gloss" value="0.173205"/>
            <float name="specular" value="0.500000"/>
        </bsdf>
    </bsdf>
    <bsdf id="mat-Material.002" name="mat-Material.002" type="twosided">
        <bsdf name="bsdf" type="principled">
            <rgb name="base_color" value="0.433648 0.266232 0.084399"/>
            <float name="spec_tint" value="0.000000"/>
            <float name="spec_trans" value="0.000000"/>
            <float name="metallic" value="0.000000"/>
            <float name="anisotropic" value="0.000000"/>
            <float name="roughness" value="0.500000"/>
            <float name="sheen" value="0.000000"/>
            <float name="sheen_tint" value="0.500000"/>
            <float name="clearcoat" value="0.000000"/>
            <float name="clearcoat_gloss" value="0.173205"/>
            <float name="specular" value="0.500000"/>
        </bsdf>
    </bsdf>
    <bsdf id="mat-Material.003" name="mat-Material.003" type="twosided">
        <bsdf name="bsdf" type="principled">
            <rgb name="base_color" value="0.433648 0.266232 0.084399"/>
            <float name="spec_tint" value="0.000000"/>
            <float name="spec_trans" value="0.000000"/>
            <float name="metallic" value="0.000000"/>
            <float name="anisotropic" value="0.000000"/>
            <float name="roughness" value="0.500000"/>
            <float name="sheen" value="0.000000"/>
            <float name="sheen_tint" value="0.500000"/>
            <float name="clearcoat" value="0.000000"/>
            <float name="clearcoat_gloss" value="0.173205"/>
            <float name="specular" value="0.500000"/>
        </bsdf>
    </bsdf>
    <bsdf id="mat-Material.004" name="mat-Material.004" type="twosided">
        <bsdf name="bsdf" type="principled">
            <rgb name="base_color" value="0.433648 0.266232 0.084399"/>
            <float name="spec_tint" value="0.000000"/>
            <float name="spec_trans" value="0.000000"/>
            <float name="metallic" value="0.000000"/>
            <float name="anisotropic" value="0.000000"/>
            <float name="roughness" value="0.500000"/>
            <float name="sheen" value="0.000000"/>
            <float name="sheen_tint" value="0.500000"/>
            <float name="clearcoat" value="0.000000"/>
            <float name="clearcoat_gloss" value="0.173205"/>
            <float name="specular" value="0.500000"/>
        </bsdf>
    </bsdf>
    <bsdf id="mat-Material.005" name="mat-Material.005" type="twosided">
        <bsdf name="bsdf" type="principled">
            <rgb name="base_color" value="0.433648 0.266232 0.084399"/>
            <float name="spec_tint" value="0.000000"/>
            <float name="spec_trans" value="0.000000"/>
            <float name="metallic" value="0.000000"/>
            <float name="anisotropic" value="0.000000"/>
            <float name="roughness" value="0.500000"/>
            <float name="sheen" value="0.000000"/>
            <float name="sheen_tint" value="0.500000"/>
            <float name="clearcoat" value="0.000000"/>
            <float name="clearcoat_gloss" value="0.173205"/>
            <float name="specular" value="0.500000"/>
        </bsdf>
    </bsdf>
    <emitter name="temp45" type="point">
        <point name="position" x="-6.815235034541981e-16" y="3.0693089962005615" z="4.109199523925781"/>
        <rgb name="intensity" value="7.957747 7.957747 7.957747"/>
    </emitter>
    <shape name="temp2" type="ply">
        <string name="filename" value="meshes/Cube.ply"/>
        <boolean name="face_normals" value="true"/>
        <ref id="mat-Material" name="bsdf"/>
        <animation name="to_world">
            <transform time="0">
                <matrix value="0.9999991135176153 0.00020542527162860358 0.001448209801801427 -0.0023701438817864684 -0.00020262372191402186 0.9999981227433812 -0.0019343213397374406 -0.014744813216303665 -0.001448605297264138 0.0019340248590493157 0.9999971632560337 0.0031999008007372876 0.0 0.0 0.0 1.0"/>
            </transform>
            <transform time="0.0015">
                <matrix value="0.9999991135176153 0.00020479961704121167 0.001448651830318722 -0.0023703151413773387 -0.00020207711699475573 0.9999981828165542 -0.001879619246926166 -0.014818433511814869 -0.0014490359750271213 0.001879323579384332 0.9999972313389783 0.003205328696304818 0.0 0.0 0.0 1.0"/>
            </transform>
        </animation>
    </shape>
    <shape name="temp4" type="ply">
        <string name="filename" value="meshes/Plane.ply"/>
        <boolean name="face_normals" value="true"/>
        <ref id="mat-Material.001" name="bsdf"/>
    </shape>
    <shape name="temp5" type="ply">
        <string name="filename" value="meshes/Cube_001.ply"/>
        <boolean name="face_normals" value="true"/>
        <ref id="mat-Material" name="bsdf"/>
        <animation name="to_world">
            <transform time="0">
                <matrix value="0.9999986702764229 -0.00013644339132665726 -0.0017647620610079615 0.0023770669716869364 0.0001422329959381377 0.9999945768142122 0.0032810017110294024 -0.021231114824114383 0.0017643038365184646 -0.003281258930005444 0.9999931445354147 -0.00395302576997647 0.0 0.0 0.0 1.0"/>
            </transform>
            <transform time="0.0015">
                <matrix value="0.999998670276423 -0.00012450263171604885 -0.0017657926665806307 0.002376579464921089 0.00012996799854504313 0.9999947119788514 0.003098308107912217 -0.02102366408757422 0.001765338165254907 -0.0030985433707421944 0.9999932807013038 -0.003961640965598872 0.0 0.0 0.0 1.0"/>
            </transform>
        </animation>
    </shape>
    <shape name="temp6" type="ply">
        <string name="filename" value="meshes/Cube_002.ply"/>
        <boolean name="face_normals" value="true"/>
        <ref id="mat-Material" name="bsdf"/>
        <animation name="to_world">
            <transform time="0">
                <matrix value="1.0 -4.940459677570747e-05 0.00039740182620120736 -0.0009203589733131068 5.0804305467646054e-05 0.999993742477937 -0.0035224795411661195 -0.01546044728807866 -0.00039722566472881617 0.003522501006418132 0.9999938537214063 0.0007531862622770502 0.0 0.0 0.0 1.0"/>
            </transform>
            <transform time="0.0015">
                <matrix value="1.0 -4.6033951113232184e-05 0.00039769560410681047 -0.0009220612052242068 4.736387788544739e-05 0.9999939377157493 -0.0033478261933820048 -0.015571605309745499 -0.0003975236765073073 0.0033478462907791167 0.9999940409495037 0.0007629677053510893 0.0 0.0 0.0 1.0"/>
            </transform>
        </animation>
    </shape>
    <shape name="temp7" type="ply">
        <string name="filename" value="meshes/Cube_003.ply"/>
        <boolean name="face_normals" value="true"/>
        <ref id="mat-Material" name="bsdf"/>
        <animation name="to_world">
            <transform time="0">
                <matrix value="0.9999991135176153 0.00036065228409984504 0.001387120520485783 -0.001133847126119747 -0.00036427378476562296 0.999996454070831 0.0026112228210378604 -0.017610749611700338 -0.0013861747753210396 -0.002611716584310724 0.9999957448840504 0.004235658039149659 0.0 0.0 0.0 1.0"/>
            </transform>
            <transform time="0.0015">
                <matrix value="0.9999991135176153 0.00037149046069366343 0.0013877130974141478 -0.0011343141672035327 -0.00037524208944380276 0.9999960936317933 0.0027030301186124492 -0.0176086982903025 -0.001386677738014231 -0.0027035394804841104 0.9999953874485917 0.004236664217238799 0.0 0.0 0.0 1.0"/>
            </transform>
        </animation>
    </shape>
    <shape name="temp8" type="ply">
        <string name="filename" value="meshes/Cube_004.ply"/>
        <boolean name="face_normals" value="true"/>
        <ref id="mat-Material" name="bsdf"/>
        <animation name="to_world">
            <transform time="0">
                <matrix value="0.9999995567588077 0.00034936371429822934 0.001137063903804121 -0.00047932870640954306 -0.0003496720901658963 0.9999997914159312 0.0002705071767258396 -0.016926985516143633 -0.0011369712797437 -0.0002709027309912124 0.9999995272093389 0.003579347971324559 0.0 0.0 0.0 1.0"/>
            </transform>
            <transform time="0.0015">
                <matrix value="0.9999995567588077 0.00034500495505006864 0.0011376642251674247 -0.0004780397546135286 -0.0003453023305008467 0.9999997989250778 0.0002608772263390339 -0.01693807563304582 -0.001137574930717159 -0.00026126802279904953 0.9999995272093389 0.0035792171089432893 0.0 0.0 0.0 1.0"/>
            </transform>
        </animation>
    </shape>
    <shape name="temp9" type="ply">
        <string name="filename" value="meshes/Cube_005.ply"/>
        <boolean name="face_normals" value="true"/>
        <ref id="mat-Material" name="bsdf"/>
        <animation name="to_world">
            <transform time="0">
                <matrix value="0.9999995567588077 0.0004107792075056892 0.0008108478034855074 -0.0007172566955215842 -0.0004140302680545435 0.9999918652213181 0.004012219747425773 -0.015135439709109688 -0.00080919441799772 -0.004012552589258337 0.9999917261634315 0.0020624271194500388 0.0 0.0 0.0 1.0"/>
            </transform>
            <transform time="0.0015">
                <matrix value="0.9999995727157459 0.00039002735041355693 0.0008108558883351691 -0.000714449018365518 -0.00039312634386998787 0.9999921280414499 0.0038245929392523607 -0.015259292132413877 -0.0008092548947936336 -0.0038249089272500525 0.9999919899848415 0.0020545020825994908 0.0 0.0 0.0 1.0"/>
            </transform>
        </animation>
    </shape>
    <shape name="temp10" type="ply">
        <string name="filename" value="meshes/Cube_006.ply"/>
        <boolean name="face_normals" value="true"/>
        <ref id="mat-Material" name="bsdf"/>
        <animation name="to_world">
            <transform time="0">
                <matrix value="0.9999991135176153 0.00021782225717164176 -0.0014907585973435783 -0.001224420771779755 -0.00021781980295269553 1.0 1.1698282966156226e-06 -0.017226784255988448 0.0014907575346570288 -8.451096422157468e-07 0.999999054418678 -0.0035869271883270937 0.0 0.0 0.0 1.0"/>
            </transform>
            <transform time="0.0015">
                <matrix value="0.9999991135176153 0.00020253758446053208 -0.0014913583229811175 -0.0012261157133275147 -0.00020242177243557608 0.9999999173993872 7.639366428183403e-05 -0.017213860951302954 0.001491341558596458 -7.609192771494938e-05 0.9999989693149974 -0.0035876736922797648 0.0 0.0 0.0 1.0"/>
            </transform>
        </animation>
    </shape>
    <shape name="temp11" type="ply">
        <string name="filename" value="meshes/Cube_007.ply"/>
        <boolean name="face_normals" value="true"/>
        <ref id="mat-Material" name="bsdf"/>
        <animation name="to_world">
            <transform time="0">
                <matrix value="0.9999986702764229 0.0018071556850630863 -0.00016612421818154311 0.00039811254806432217 -0.0018080960663230663 0.9999812274338111 -0.005856221523227496 -0.019029260856654018 0.00015553776680903573 0.005856521276617934 0.9999829795362019 -0.0005963663552859266 0.0 0.0 0.0 1.0"/>
            </transform>
            <transform time="0.0015">
                <matrix value="0.9999987021902994 0.001785849157346579 -0.00016633733481862637 0.00039844725515986303 -0.0017867796712420544 0.9999815953819956 -0.005786696071320639 -0.019013981268997268 0.0001559602267488276 0.005786992811490635 0.9999833199509245 -0.0005950820050761005 0.0 0.0 0.0 1.0"/>
            </transform>
        </animation>
    </shape>
    <shape name="temp12" type="ply">
        <string name="filename" value="meshes/Cube_008.ply"/>
        <boolean name="face_normals" value="true"/>
        <ref id="mat-Material" name="bsdf"/>
        <animation name="to_world">
            <transform time="0">
                <matrix value="1.0 -0.000620037002813799 9.598690558985128e-05 0.00014015965712710354 0.0006199703205697599 0.9999993742477937 0.0007189774861815109 -0.018232981386006764 -9.643244029097898e-05 -0.0007189183664530071 0.9999997636046695 -5.355875685575384e-05 0.0 0.0 0.0 1.0"/>
            </transform>
            <transform time="0.0015">
                <matrix value="0.9999999840430618 -0.0005554391935413857 9.589328303076843e-05 0.00013863016263374265 0.000555380304687176 0.9999993216837675 0.0006352141033982609 -0.0181914150794945 -9.639074481136893e-05 -0.0006351611197576928 0.9999997295631973 -5.547945484347225e-05 0.0 0.0 0.0 1.0"/>
            </transform>
        </animation>
    </shape>
    <shape name="temp13" type="ply">
        <string name="filename" value="meshes/Cube_009.ply"/>
        <boolean name="face_normals" value="true"/>
        <ref id="mat-Material" name="bsdf"/>
        <animation name="to_world">
            <transform time="0">
                <matrix value="0.9999991135176153 0.0009645469658318437 0.0009407541294718314 0.0016414168328582335 -0.000964235754671319 0.9999993742477937 -0.0003292325047361804 -0.016293785678947348 -0.0009410719699588849 0.000328325925122491 0.9999995272093389 0.0015585178680093126 0.0 0.0 0.0 1.0"/>
            </transform>
            <transform time="0.0015">
                <matrix value="0.9999985071539623 0.0011419164632490827 0.000945799501179155 0.0017392435712206972 -0.001141600154980116 0.9999987660069174 -0.00033255163338520344 -0.015906361675148698 -0.0009461946258407127 0.0003314481531964199 0.9999995272093389 0.0016142554186447519 0.0 0.0 0.0 1.0"/>
            </transform>
        </animation>
    </shape>
    <shape name="temp14" type="ply">
        <string name="filename" value="meshes/Cube_010.ply"/>
        <boolean name="face_normals" value="true"/>
        <ref id="mat-Material" name="bsdf"/>
        <animation name="to_world">
            <transform time="0">
                <matrix value="0.990717642949717 0.1356348777593065 0.009058456310124198 0.03387127400671819 -0.13559630124089805 0.9907528424793972 -0.004749820457746462 0.220341651516625 -0.009618932249697267 0.0034774385042019265 0.9999477566319528 0.015305577411301119 0.0 0.0 0.0 1.0"/>
            </transform>
            <transform time="0.0015">
                <matrix value="0.9900334253951056 0.1392449315362112 0.009128888967266782 0.03511532922996442 -0.13920337510756192 0.9900683086733428 -0.004984869164369962 0.22648938710150324 -0.009753771728746512 0.0036533066228435786 0.9999451694800611 0.015481142613018925 0.0 0.0 0.0 1.0"/>
            </transform>
        </animation>
    </shape>
    <shape name="temp15" type="ply">
        <string name="filename" value="meshes/Cube_011.ply"/>
        <boolean name="face_normals" value="true"/>
        <ref id="mat-Material" name="bsdf"/>
        <animation name="to_world">
            <transform time="0">
                <matrix value="0.9539906777512424 0.29973113513536065 -0.007944065082471238 0.09839672778009279 -0.2984944426419303 0.9518915446276045 0.06930914883024498 0.5307296325701502 0.028335988348075537 -0.0637490066183725 0.9975637097235546 -0.1077106817352238 0.0 0.0 0.0 1.0"/>
            </transform>
            <transform time="0.0015">
                <matrix value="0.9527907159959128 0.30298623004961783 -0.008128946871425293 0.09990748703287818 -0.301680551733915 0.9506205840161112 0.07043215827729005 0.5371432669770383 0.029159100678019405 -0.06460288744995914 0.9974660447396408 -0.10922112944291373 0.0 0.0 0.0 1.0"/>
            </transform>
        </animation>
    </shape>
    <shape name="temp16" type="ply">
        <string name="filename" value="meshes/Cube_012.ply"/>
        <boolean name="face_normals" value="true"/>
        <ref id="mat-Material" name="bsdf"/>
        <animation name="to_world">
            <transform time="0">
                <matrix value="0.9702487646867969 0.24203761605096127 0.005935863110083159 0.14334655873471736 -0.23756123377072375 0.9470014997194545 0.21622426068542355 0.5727668981292874 0.04671314493809693 -0.21120138166087152 0.9763257168333805 -0.49817465374197667 0.0 0.0 0.0 1.0"/>
            </transform>
            <transform time="0.0015">
                <matrix value="0.9694258175111639 0.24484624714366543 0.00588039933933007 0.14416308312118123 -0.2401094770222843 0.9456288051895273 0.21855078000207714 0.5791346042345225 0.04812360743124505 -0.21322557726086325 0.975728697492886 -0.5015271564309473 0.0 0.0 0.0 1.0"/>
            </transform>
        </animation>
    </shape>
    <shape name="temp17" type="ply">
        <string name="filename" value="meshes/Cube_013.ply"/>
        <boolean name="face_normals" value="true"/>
        <ref id="mat-Material" name="bsdf"/>
        <animation name="to_world">
            <transform time="0">
                <matrix value="0.9678973701613576 0.22819868884054376 0.10535820748039929 0.19213392862273593 -0.24880843470259403 0.8104667485706778 0.5303188831171656 0.8530486232432773 0.03562881741476916 -0.5395081170490361 0.8412262582259664 -0.574424486868057 0.0 0.0 0.0 1.0"/>
            </transform>
            <transform time="0.0015">
                <matrix value="0.9674744634272952 0.22955414987897363 0.10598917808325223 0.193164976015705 -0.25008797370890534 0.8080071275946674 0.5330769742618728 0.8576104752280653 0.036871748651657515 -0.5422352138277194 0.839209164828677 -0.5780881179615027 0.0 0.0 0.0 1.0"/>
            </transform>
        </animation>
    </shape>
    <shape name="temp18" type="ply">
        <string name="filename" value="meshes/Cube_014.ply"/>
        <boolean name="face_normals" value="true"/>
        <ref id="mat-Material" name="bsdf"/>
        <animation name="to_world">
            <transform time="0">
                <matrix value="0.9554600223038968 0.2816191546922029 0.0882450294335826 0.08245897888424192 -0.20013146533765228 0.39852906514706227 0.895054184173711 0.9412919948081071 0.21689630992842543 -0.8728488203527991 0.4371394084726923 -0.674698594417278 0.0 0.0 0.0 1.0"/>
            </transform>
            <transform time="0.0015">
                <matrix value="0.9553011231129451 0.2818884251809184 0.08900085734839049 0.08283758526850876 -0.20033660773561127 0.3960204920442235 0.8960127154392378 0.942367189070618 0.2173872426858808 -0.8737918865678997 0.43480350817732066 -0.67638567072034 0.0 0.0 0.0 1.0"/>
            </transform>
        </animation>
    </shape>
    <shape name="temp19" type="ply">
        <string name="filename" value="meshes/Cube_015.ply"/>
        <boolean name="face_normals" value="true"/>
        <ref id="mat-Material" name="bsdf"/>
        <animation name="to_world">
            <transform time="0">
                <matrix value="0.9706725032666876 0.22819013689372433 0.07565936567568168 0.03275362098798529 -0.14462171137197333 0.30285822749430047 0.9419987508870735 0.6146223620697508 0.19204085088125214 -0.92531397116951 0.3269775296782518 -0.3992506548398181 0.0 0.0 0.0 1.0"/>
            </transform>
            <transform time="0.0015">
                <matrix value="0.9706816944631115 0.22801104374679151 0.07604795588982315 0.0328535251143981 -0.14469239741697013 0.30163603879011647 0.9423568501545118 0.6149049023222161 0.19194005249811064 -0.9257326361302686 0.3257835335491031 -0.39955203524451793 0.0 0.0 0.0 1.0"/>
            </transform>
        </animation>
    </shape>
    <shape name="temp20" type="ply">
        <string name="filename" value="meshes/Cube_016.ply"/>
        <boolean name="face_normals" value="true"/>
        <ref id="mat-Material" name="bsdf"/>
        <animation name="to_world">
            <transform time="0">
                <matrix value="0.9628807663462919 0.24136409809291587 0.12084730232740658 0.06692965774575921 -0.1930219652605283 0.3027251508584277 0.9333275337678909 0.3339810270791306 0.18868826315052295 -0.9220091651839816 0.33807699963264165 -0.23210057527221478 0.0 0.0 0.0 1.0"/>
            </transform>
            <transform time="0.0015">
                <matrix value="0.962976332449386 0.24088849878246985 0.12100591516325446 0.06678232752957143 -0.19277307691639597 0.3015032324835221 0.9337495458994971 0.3340745536129921 0.1884456889668505 -0.9225052569555588 0.3367775260016956 -0.23148442238434588 0.0 0.0 0.0 1.0"/>
            </transform>
        </animation>
    </shape>
    <shape name="temp21" type="ply">
        <string name="filename" value="meshes/Cube_017.ply"/>
        <boolean name="face_normals" value="true"/>
        <ref id="mat-Material" name="bsdf"/>
        <animation name="to_world">
            <transform time="0">
                <matrix value="0.9366790065014619 0.22530312479793418 0.2680876705178618 0.1805445564207382 -0.32879777918432984 0.3023599201540185 0.8946903717600246 0.12398067391047131 0.12051754614584054 -0.9261841839044017 0.3572933396561204 -0.02853403914370667 0.0 0.0 0.0 1.0"/>
            </transform>
            <transform time="0.0015">
                <matrix value="0.9368118320553364 0.2248092857703435 0.2680248810222784 0.18037956431138 -0.3284053135013397 0.3011244853151934 0.8952216485072172 0.12413997580604627 0.12053615831859874 -0.9266774372185559 0.3559263192338426 -0.027692809354211735 0.0 0.0 0.0 1.0"/>
            </transform>
        </animation>
    </shape>
    <shape name="temp22" type="ply">
        <string name="filename" value="meshes/Cube_018.ply"/>
        <boolean name="face_normals" value="true"/>
        <ref id="mat-Material" name="bsdf"/>
        <animation name="to_world">
            <transform time="0">
                <matrix value="0.16594311974426756 0.9818398366369574 0.09194336346113022 0.8656721048956721 -0.4774997473525203 -0.0015750287324554724 0.8786306185851173 -0.08476699991193416 0.8628190671723163 -0.1897055835869368 0.4685669856900451 -0.2454556614446033 0.0 0.0 0.0 1.0"/>
            </transform>
            <transform time="0.0015">
                <matrix value="0.166003425800942 0.9818310208988232 0.09192802011854587 0.8657137766680685 -0.4765421395751156 -0.0017422273911391832 0.8791318367123043 -0.08505953038331482 0.863318599123787 -0.18974761903881165 0.467594659117885 -0.24489051868491535 0.0 0.0 0.0 1.0"/>
            </transform>
        </animation>
    </shape>
    <shape name="temp23" type="ply">
        <string name="filename" value="meshes/Cube_019.ply"/>
        <boolean name="face_normals" value="true"/>
        <ref id="mat-Material" name="bsdf"/>
        <animation name="to_world">
            <transform time="0">
                <matrix value="-0.06367226214347894 0.98819831338922 -0.13932036815263196 0.4615903324866311 -0.932053784659245 -0.008989055593911848 0.36220847136850676 -0.003808344726686362 0.3566814177335482 0.15291669360877555 0.9216262013019708 -0.04894116485861011 0.0 0.0 0.0 1.0"/>
            </transform>
            <transform time="0.0015">
                <matrix value="-0.0634971874042376 0.9881974948922383 -0.1394024268235881 0.4616118364514787 -0.932471505388381 -0.008980686049269986 0.361078115771748 -0.002740958588897307 0.3555645772651826 0.15292243585319734 0.922036154242029 -0.04891968204225719 0.0 0.0 0.0 1.0"/>
            </transform>
        </animation>
    </shape>
    <shape name="temp24" type="ply">
        <string name="filename" value="meshes/Cube_020.ply"/>
        <boolean name="face_normals" value="true"/>
        <ref id="mat-Material" name="bsdf"/>
        <animation name="to_world">
            <transform time="0">
                <matrix value="0.03432143458496186 0.9984697493757566 -0.043358307693817495 -0.12830062616846843 -0.8890393735581549 0.010684103720596439 -0.4577060393420671 0.31694136618436547 -0.456542351890338 0.054256367024721606 0.8880457714403523 0.15406005252934996 0.0 0.0 0.0 1.0"/>
            </transform>
            <transform time="0.0015">
                <matrix value="0.03446585237007398 0.9984375587998708 -0.043888360649965374 -0.12780795089009578 -0.888960103402739 0.010557855611390487 -0.45786154929765327 0.31709720841571 -0.45668441888463335 0.05479506293700409 0.887934779219929 0.15408263617778223 0.0 0.0 0.0 1.0"/>
            </transform>
        </animation>
    </shape>
    <shape name="temp25" type="ply">
        <string name="filename" value="meshes/Cube_021.ply"/>
        <boolean name="face_normals" value="true"/>
        <ref id="mat-Material" name="bsdf"/>
        <animation name="to_world">
            <transform time="0">
                <matrix value="0.25045011143083573 0.9339435112624968 -0.25499869746172876 -0.17028952975404707 -0.6841312561278095 -0.015635011253110512 -0.7291916556230648 0.2533421531674157 -0.6850106466534404 0.3570786132496772 0.6350240484969748 0.23362005760165905 0.0 0.0 0.0 1.0"/>
            </transform>
            <transform time="0.0015">
                <matrix value="0.25090257041451086 0.9337375879346838 -0.2552904073478921 -0.16967167070836045 -0.6839089919351236 -0.015655619580374112 -0.7293979724760641 0.25364894515781783 -0.685061996080683 0.3576038930741739 0.6346643748114446 0.23357999817897504 0.0 0.0 0.0 1.0"/>
            </transform>
        </animation>
    </shape>
    <shape name="temp26" type="ply">
        <string name="filename" value="meshes/Cube_022.ply"/>
        <boolean name="face_normals" value="true"/>
        <ref id="mat-Material" name="bsdf"/>
        <animation name="to_world">
            <transform time="0">
                <matrix value="0.5923909670990929 0.3923831355608721 -0.7036394479507125 -0.09358694327637695 -0.75865295455714 -0.022250851544460735 -0.6511147694601818 -0.23632175781457748 -0.27114313676472934 0.9195326465355229 0.2845015438979037 0.6679237491127077 0.0 0.0 0.0 1.0"/>
            </transform>
            <transform time="0.0015">
                <matrix value="0.5923708134861011 0.39236570683156263 -0.703666102423492 -0.09356892807782809 -0.7586761240314583 -0.022251564913389817 -0.6510877320208394 -0.23634191557688833 -0.2711222874292305 0.9195400580632388 0.28449742487976026 0.6679725579661544 0.0 0.0 0.0 1.0"/>
            </transform>
        </animation>
    </shape>
    <shape name="temp27" type="ply">
        <string name="filename" value="meshes/Cube_023.ply"/>
        <boolean name="face_normals" value="true"/>
        <ref id="mat-Material" name="bsdf"/>
        <animation name="to_world">
            <transform time="0">
                <matrix value="0.860181338836616 0.27053040842846504 -0.43232167163648455 -0.07218104209759468 -0.48521834947617754 0.1731484096507677 -0.8570782199053378 -0.2916398046235723 -0.15701003675355968 0.9470125546750991 0.28020529516084575 0.20446360256124163 0.0 0.0 0.0 1.0"/>
            </transform>
            <transform time="0.0015">
                <matrix value="0.8602730433606569 0.2706229811880201 -0.43207881126301423 -0.07211179267663953 -0.48502943528440434 0.17330112091287375 -0.8571532728413028 -0.29149820404604626 -0.1570869300475302 0.9469576778315862 0.28034624387673795 0.20438400867934442 0.0 0.0 0.0 1.0"/>
            </transform>
        </animation>
    </shape>
    <shape name="temp28" type="ply">
        <string name="filename" value="meshes/Cube_024.ply"/>
        <boolean name="face_normals" value="true"/>
        <ref id="mat-Material" name="bsdf"/>
        <animation name="to_world">
            <transform time="0">
                <matrix value="0.88612779175465 0.32120590793516374 -0.3340729355241192 -0.1316744307488117 -0.4014283004182424 0.17176280654036205 -0.8996404899813294 -0.5302499046657565 -0.23158860302786924 0.9313024197837818 0.2811449665997038 -0.21074847869236507 0.0 0.0 0.0 1.0"/>
            </transform>
            <transform time="0.0015">
                <matrix value="0.8863992192740403 0.3212417115462571 -0.33328994762066877 -0.13125168867745846 -0.4007618269789492 0.17222781645224186 -0.8998382964662638 -0.529729059814486 -0.23167380190819145 0.9312009111397467 0.2814067880732229 -0.21076927237160148 0.0 0.0 0.0 1.0"/>
            </transform>
        </animation>
    </shape>
    <shape name="temp29" type="ply">
        <string name="filename" value="meshes/Cube_025.ply"/>
        <boolean name="face_normals" value="true"/>
        <ref id="mat-Material" name="bsdf"/>
        <animation name="to_world">
            <transform time="0">
                <matrix value="0.8850276671152268 0.40090588061065074 -0.2366442548133635 -0.2946289179965219 -0.33485648736673956 0.1950716381984177 -0.9218559775632464 -0.8023981317066602 -0.3234150138202604 0.8951097465077813 0.30688983646643825 -0.7323706178928551 0.0 0.0 0.0 1.0"/>
            </transform>
            <transform time="0.0015">
                <matrix value="0.8851207598928943 0.400704004712867 -0.23663520403692642 -0.2944934535885257 -0.33463433487262123 0.19467618175712345 -0.9220168660715149 -0.8022669608463213 -0.32338775777405987 0.8952828248282699 0.3064015626090781 -0.7325587468052642 0.0 0.0 0.0 1.0"/>
            </transform>
        </animation>
    </shape>
    <shape name="temp30" type="ply">
        <string name="filename" value="meshes/Cube_026.ply"/>
        <boolean name="face_normals" value="true"/>
        <ref id="mat-Material" name="bsdf"/>
        <animation name="to_world">
            <transform time="0">
                <matrix value="0.9242824368336977 0.23457885833595804 -0.30112320877348175 -0.3093940321214521 -0.35123216619062564 0.21377259747654995 -0.9115576513840238 -1.1400062747790343 -0.14946026520007022 0.9483005612997292 0.279977646457545 -0.8196444872670271 0.0 0.0 0.0 1.0"/>
            </transform>
            <transform time="0.0015">
                <matrix value="0.9244187888709223 0.23434122388196071 -0.3008836674435567 -0.30896793757251023 -0.35095510746773184 0.21395501717543627 -0.9116198877056829 -1.1398123100006756 -0.149255323859533 0.9483169012027785 0.28002947459906075 -0.8193923983242735 0.0 0.0 0.0 1.0"/>
            </transform>
        </animation>
    </shape>
    <shape name="temp31" type="ply">
        <string name="filename" value="meshes/Cube_027.ply"/>
        <boolean name="face_normals" value="true"/>
        <ref id="mat-Material" name="bsdf"/>
        <animation name="to_world">
            <transform time="0">
                <matrix value="0.8734471044825868 0.16840992192698306 -0.4568680171774303 -0.538840468161345 -0.4846097793190752 0.20938628309446983 -0.8493003407402294 -1.5782078823124708 -0.047368742985708125 0.9632214140748359 0.2645008441677253 -0.9451863474897467 0.0 0.0 0.0 1.0"/>
            </transform>
            <transform time="0.0015">
                <matrix value="0.8735372930974954 0.1683907510756573 -0.4567015543780793 -0.53856302110596 -0.4844516939319734 0.20956867275676969 -0.8493445861437993 -1.5781746807624648 -0.04731225861574116 0.9631846117472418 0.2646436736749599 -0.9449415420038225 0.0 0.0 0.0 1.0"/>
            </transform>
        </animation>
    </shape>
    <shape name="temp32" type="ply">
        <string name="filename" value="meshes/Cube_028.ply"/>
        <boolean name="face_normals" value="true"/>
        <ref id="mat-Material" name="bsdf"/>
        <animation name="to_world">
            <transform time="0">
                <matrix value="-0.10836458183739431 0.9806321348788023 0.16314875743522414 -1.4507545830338964 -0.839549791056102 -0.0023885921201110506 -0.5432778387415069 -2.0961129272937638 -0.5323659151069009 -0.1958434826864794 0.823548379013579 -1.1648211787349898 0.0 0.0 0.0 1.0"/>
            </transform>
            <transform time="0.0015">
                <matrix value="-0.1084054619174605 0.9806323976989341 0.1631198485659442 -1.4508532839958024 -0.8393831846639823 -0.0023787659512074684 -0.5435329625553589 -2.0962414308024475 -0.53261790707552 -0.19584231125960636 0.8233842395447097 -1.1654877855002195 0.0 0.0 0.0 1.0"/>
            </transform>
        </animation>
    </shape>
    <shape name="temp33" type="ply">
        <string name="filename" value="meshes/Cube_029.ply"/>
        <boolean name="face_normals" value="true"/>
        <ref id="mat-Material" name="bsdf"/>
        <animation name="to_world">
            <transform time="0">
                <matrix value="-0.01169600923360052 0.9841334270571083 0.1770432948592053 -1.6551310414812657 -0.9994171378320541 -0.005825565314972373 -0.033641797720297996 -1.9390431000589894 -0.03207664703994667 -0.17733352384011616 0.9836279685934619 -0.25636324504240315 0.0 0.0 0.0 1.0"/>
            </transform>
            <transform time="0.0015">
                <matrix value="-0.011703376551983972 0.9841175677394428 0.17713035252036283 -1.6550056263319561 -0.9994195952005424 -0.005844662726844177 -0.03356250491896296 -1.9389433866553671 -0.031994179189603504 -0.1774202770110392 0.9836148115644334 -0.25623872631566474 0.0 0.0 0.0 1.0"/>
            </transform>
        </animation>
    </shape>
    <shape name="temp34" type="ply">
        <string name="filename" value="meshes/Cube_030.ply"/>
        <boolean name="face_normals" value="true"/>
        <ref id="mat-Material" name="bsdf"/>
        <animation name="to_world">
            <transform time="0">
                <matrix value="-0.03469452358857677 0.9819218308060143 -0.1860799463450809 -3.1897886072750334 -0.9793981368029135 0.003656578626400678 0.20190384792197485 -1.9518194443673507 0.19893414529058642 0.18925134802984483 0.9615662182299123 0.22928740167809258 0.0 0.0 0.0 1.0"/>
            </transform>
            <transform time="0.0015">
                <matrix value="-0.03476792777969391 0.9819212732477554 -0.18606879465028242 -3.189943409117112 -0.9793174748492145 0.0036561534934055145 0.20228475252842265 -1.9511634973233052 0.19930792575359432 0.18925425204124766 0.9614862025416864 0.23003255594903743 0.0 0.0 0.0 1.0"/>
            </transform>
        </animation>
    </shape>
    <shape name="temp35" type="ply">
        <string name="filename" value="meshes/Cube_031.ply"/>
        <boolean name="face_normals" value="true"/>
        <ref id="mat-Material" name="bsdf"/>
        <animation name="to_world">
            <transform time="0">
                <matrix value="0.10647601976501125 0.9843280359932669 0.14057432718343002 -1.9992677124557139 -0.8045044829414195 0.0022018301166193527 0.5939427951667556 -1.2843802197577714 0.5843248638806299 -0.17633330065516256 0.7921307304001085 0.5564142130435972 0.0 0.0 0.0 1.0"/>
            </transform>
            <transform time="0.0015">
                <matrix value="0.10656242818125175 0.9843177784989814 0.1405799295587272 -1.9990529872515308 -0.8042338692258791 0.002187429450685162 0.5943046134650383 -1.2832958801073029 0.5846768420242344 -0.1763904392536381 0.7918548072467056 0.5569788179380015 0.0 0.0 0.0 1.0"/>
            </transform>
        </animation>
    </shape>
    <shape name="temp36" type="ply">
        <string name="filename" value="meshes/Cube_032.ply"/>
        <boolean name="face_normals" value="true"/>
        <ref id="mat-Material" name="bsdf"/>
        <animation name="to_world">
            <transform time="0">
                <matrix value="0.771455976398293 0.5853663674875841 0.2494029835927457 -0.5628839989773424 -0.28110396310814906 -0.03809314530174815 0.958921110623086 0.3053857188778857 0.5708206344731723 -0.8098735354791072 0.1351615833002774 -0.1874826410212016 0.0 0.0 0.0 1.0"/>
            </transform>
            <transform time="0.0015">
                <matrix value="0.7715128788400418 0.5853716163810728 0.24921244496213887 -0.5629499440650761 -0.28103028673292685 -0.037863158913585236 0.9589509905253623 0.305425635062448 0.5707797687543505 -0.8098796479244574 0.13529554245087783 -0.18748687956206123 0.0 0.0 0.0 1.0"/>
            </transform>
        </animation>
    </shape>
    <shape name="temp37" type="ply">
        <string name="filename" value="meshes/Cube_033.ply"/>
        <boolean name="face_normals" value="true"/>
        <ref id="mat-Material" name="bsdf"/>
        <animation name="to_world">
            <transform time="0">
                <matrix value="0.9781956360245166 0.1603873823325122 0.13194436104942506 -0.13210739083185574 -0.1498434915349797 0.10512735100318508 0.9831050621223288 0.3007153621754286 0.1438066794674723 -0.9814397723930642 0.12686812591928234 -0.3902992955097776 0.0 0.0 0.0 1.0"/>
            </transform>
            <transform time="0.0015">
                <matrix value="0.9781914393497606 0.16038749872428484 0.13197523921787524 -0.13210806860393007 -0.14985119075767847 0.10496821416431466 0.983120542481839 0.30070463715492185 0.14382716498477938 -0.9814564351894183 0.12671328913374488 -0.3903747982201723 0.0 0.0 0.0 1.0"/>
            </transform>
        </animation>
    </shape>
    <shape name="temp38" type="ply">
        <string name="filename" value="meshes/Cube_034.ply"/>
        <boolean name="face_normals" value="true"/>
        <ref id="mat-Material" name="bsdf"/>
        <animation name="to_world">
            <transform time="0">
                <matrix value="0.9999242057561075 0.0032807791866472824 0.011897942462322132 -0.03606243301625911 -0.01229524916360387 0.1809767574772174 0.9834107212847046 0.3692702069717291 0.0010731002239254505 -0.9834818104262832 0.18100334215718303 -0.3473651855254434 0.0 0.0 0.0 1.0"/>
