
<scene version="2.1.0">
    <default name="spp" value="1024"/>
    <default name="resx" value="1280"/>
    <default name="resy" value="720"/>
    <integrator name="temp0" type="path">
        <integer name="max_depth" value="12"/>
    </integrator>
    <sensor name="temp44" type="perspective">
        <string name="fov_axis" value="x"/>
        <float name="fov" value="83.974423"/>
        <float name="principal_point_offset_x" value="0.000000"/>
        <float name="principal_point_offset_y" value="-0.000000"/>
        <float name="near_clip" value="0.100000"/>
        <float name="far_clip" value="1000.000000"/>
        <sampler name="sampler" type="correlated">
            <integer name="sample_count" value="1024"/>
        </sampler>
        <film name="film" type="hdrfilm">
            <integer name="width" value="$resx"/>
            <integer name="height" value="$resy"/>
        </film>
        <float name="shutter_open" value="0.0"/>
        <float name="shutter_close" value="0.0015"/>
        <animation name="to_world">
            <transform time="0">
                <rotate angle="-142.5518126578256" x="1"/>
                <rotate angle="3.976628485794621e-06" y="1"/>
                <rotate angle="-179.999991348578" z="1"/>
                <translate value="-0.000000 3.030926 4.073377"/>
                <translate x="36.75" y="0.0" z="0.0"/>
            </transform>
            <transform time="0.0015">
                <rotate angle="-142.5518126578256" x="1"/>
                <rotate angle="3.976628485794621e-06" y="1"/>
                <rotate angle="-179.999991348578" z="1"/>
                <translate value="-0.000000 3.030926 4.073377"/>
                <translate x="36.9" y="0.0" z="0.0"/>
            </transform>
        </animation>
    </sensor>
    <bsdf id="mat-Material" name="mat-Material" type="twosided">
        <bsdf name="bsdf" type="diffuse">
            <texture name="reflectance" type="bitmap">
                <string name="filename" value="textures/siggraph_2023_logo.jpg"/>
            </texture>
        </bsdf>
    </bsdf>
    <bsdf id="mat-Material.001" name="mat-Material.001" type="twosided">
        <bsdf name="bsdf" type="principled">
            <rgb name="base_color" value="0.433648 0.266232 0.084399"/>
            <float name="spec_tint" value="0.000000"/>
            <float name="spec_trans" value="0.000000"/>
            <float name="metallic" value="0.000000"/>
            <float name="anisotropic" value="0.000000"/>
            <float name="roughness" value="0.500000"/>
            <float name="sheen" value="0.000000"/>
            <float name="sheen_tint" value="0.500000"/>
            <float name="clearcoat" value="0.000000"/>
            <float name="clearcoat_gloss" value="0.173205"/>
            <float name="specular" value="0.500000"/>
        </bsdf>
    </bsdf>
    <bsdf id="mat-Material.002" name="mat-Material.002" type="twosided">
        <bsdf name="bsdf" type="principled">
            <rgb name="base_color" value="0.433648 0.266232 0.084399"/>
            <float name="spec_tint" value="0.000000"/>
            <float name="spec_trans" value="0.000000"/>
            <float name="metallic" value="0.000000"/>
            <float name="anisotropic" value="0.000000"/>
            <float name="roughness" value="0.500000"/>
            <float name="sheen" value="0.000000"/>
            <float name="sheen_tint" value="0.500000"/>
            <float name="clearcoat" value="0.000000"/>
            <float name="clearcoat_gloss" value="0.173205"/>
            <float name="specular" value="0.500000"/>
        </bsdf>
    </bsdf>
    <bsdf id="mat-Material.003" name="mat-Material.003" type="twosided">
        <bsdf name="bsdf" type="principled">
            <rgb name="base_color" value="0.433648 0.266232 0.084399"/>
            <float name="spec_tint" value="0.000000"/>
            <float name="spec_trans" value="0.000000"/>
            <float name="metallic" value="0.000000"/>
            <float name="anisotropic" value="0.000000"/>
            <float name="roughness" value="0.500000"/>
            <float name="sheen" value="0.000000"/>
            <float name="sheen_tint" value="0.500000"/>
            <float name="clearcoat" value="0.000000"/>
            <float name="clearcoat_gloss" value="0.173205"/>
            <float name="specular" value="0.500000"/>
        </bsdf>
    </bsdf>
    <bsdf id="mat-Material.004" name="mat-Material.004" type="twosided">
        <bsdf name="bsdf" type="principled">
            <rgb name="base_color" value="0.433648 0.266232 0.084399"/>
            <float name="spec_tint" value="0.000000"/>
            <float name="spec_trans" value="0.000000"/>
            <float name="metallic" value="0.000000"/>
            <float name="anisotropic" value="0.000000"/>
            <float name="roughness" value="0.500000"/>
            <float name="sheen" value="0.000000"/>
            <float name="sheen_tint" value="0.500000"/>
            <float name="clearcoat" value="0.000000"/>
            <float name="clearcoat_gloss" value="0.173205"/>
            <float name="specular" value="0.500000"/>
        </bsdf>
    </bsdf>
    <bsdf id="mat-Material.005" name="mat-Material.005" type="twosided">
        <bsdf name="bsdf" type="principled">
            <rgb name="base_color" value="0.433648 0.266232 0.084399"/>
            <float name="spec_tint" value="0.000000"/>
            <float name="spec_trans" value="0.000000"/>
            <float name="metallic" value="0.000000"/>
            <float name="anisotropic" value="0.000000"/>
            <float name="roughness" value="0.500000"/>
            <float name="sheen" value="0.000000"/>
            <float name="sheen_tint" value="0.500000"/>
            <float name="clearcoat" value="0.000000"/>
            <float name="clearcoat_gloss" value="0.173205"/>
            <float name="specular" value="0.500000"/>
        </bsdf>
    </bsdf>
    <emitter name="temp45" type="point">
        <point name="position" x="-6.815235034541981e-16" y="3.0693089962005615" z="4.109199523925781"/>
        <rgb name="intensity" value="7.957747 7.957747 7.957747"/>
    </emitter>
    <shape name="temp2" type="ply">
        <string name="filename" value="meshes/Cube.ply"/>
        <boolean name="face_normals" value="true"/>
        <ref id="mat-Material" name="bsdf"/>
        <animation name="to_world">
            <transform time="0">
                <matrix value="0.990025965069048 -0.05805101131985742 -0.12766923423515 0.19817553739246407 -0.09581185829756377 0.36262267350544297 -0.9082123028640239 1.4783908463463793 0.1014934790355781 0.9114063155084342 0.3531875073578047 1.3197102551153113 0.0 0.0 0.0 1.0"/>
            </transform>
            <transform time="0.0015">
                <matrix value="0.9901218183970303 -0.05839127027707791 -0.126771212537602 0.19653514517874182 -0.09621689645218985 0.3501979118493186 -0.9131304190376719 1.486524534471031 0.10017610453301595 0.9163281030611599 0.3408653199054154 1.3466342977589358 0.0 0.0 0.0 1.0"/>
            </transform>
        </animation>
    </shape>
    <shape name="temp4" type="ply">
        <string name="filename" value="meshes/Plane.ply"/>
        <boolean name="face_normals" value="true"/>
        <ref id="mat-Material.001" name="bsdf"/>
    </shape>
    <shape name="temp5" type="ply">
        <string name="filename" value="meshes/Cube_001.ply"/>
        <boolean name="face_normals" value="true"/>
        <ref id="mat-Material" name="bsdf"/>
        <animation name="to_world">
            <transform time="0">
                <matrix value="0.9976973620057196 -0.026378417389236648 -0.06229001593777318 0.0603533162505161 -0.05950763438629711 0.09770395871704111 -0.9916230950673277 1.1757829840466991 0.03200913254152727 0.9930688556869405 0.09591368213621951 0.930187373456866 0.0 0.0 0.0 1.0"/>
            </transform>
            <transform time="0.0015">
                <matrix value="0.9976735861677484 -0.026565829168797246 -0.06259124296854358 0.0607667253454498 -0.05992797684038511 0.09342481669776864 -0.9920194909910585 1.1774475309206278 0.031968314055242655 0.9934848849372349 0.09161983124642609 0.9347425092407582 0.0 0.0 0.0 1.0"/>
            </transform>
        </animation>
    </shape>
    <shape name="temp6" type="ply">
        <string name="filename" value="meshes/Cube_002.ply"/>
        <boolean name="face_normals" value="true"/>
        <ref id="mat-Material" name="bsdf"/>
        <animation name="to_world">
            <transform time="0">
                <matrix value="0.9991361229161015 -0.038378968051178186 -0.010824720663457679 -0.004482375113570525 -0.002963317802161953 0.19960342953925866 -0.9797938727275908 0.6964046906998674 0.03982670820723122 0.9790956003362375 0.19937572721113556 0.4749016851718749 0.0 0.0 0.0 1.0"/>
            </transform>
            <transform time="0.0015">
                <matrix value="0.9991423780358899 -0.03800303313835694 -0.011580132336163496 -0.004101652616982979 -0.00376337171807761 0.19999221936018197 -0.9797122412771115 0.69829821642797 0.03961022792594756 0.9790310742393153 0.19973583832958436 0.47542832394746837 0.0 0.0 0.0 1.0"/>
            </transform>
        </animation>
    </shape>
    <shape name="temp7" type="ply">
        <string name="filename" value="meshes/Cube_003.ply"/>
        <boolean name="face_normals" value="true"/>
        <ref id="mat-Material" name="bsdf"/>
        <animation name="to_world">
            <transform time="0">
                <matrix value="0.9962060770140437 -0.06771189534085766 0.05045224790683755 -0.027904615859702497 0.06302096131922763 0.19898934761160814 -0.9777308506780527 0.23414528916181104 0.05631782698346001 0.9776014083596324 0.2026620123578023 0.21538265161304349 0.0 0.0 0.0 1.0"/>
            </transform>
            <transform time="0.0015">
                <matrix value="0.9963136427346909 -0.06718571892425432 0.04903452100955498 -0.027830697562942118 0.06155433981808317 0.1995431186402177 -0.9777126725318659 0.23770766686256506 0.0560563119141017 0.9775251304482468 0.20310261879259373 0.21587898009369944 0.0 0.0 0.0 1.0"/>
            </transform>
        </animation>
    </shape>
    <shape name="temp8" type="ply">
        <string name="filename" value="meshes/Cube_004.ply"/>
        <boolean name="face_normals" value="true"/>
        <ref id="mat-Material" name="bsdf"/>
        <animation name="to_world">
            <transform time="0">
                <matrix value="0.9891088990420671 -0.11237637743704412 0.09248957851185358 0.015119158074295092 0.11648837289704217 0.23018732935215874 -0.9658956002573871 -0.23444956762804942 0.08718596361521701 0.9665956785552633 0.24094951021251465 -0.1712332011004125 0.0 0.0 0.0 1.0"/>
            </transform>
            <transform time="0.0015">
                <matrix value="0.9893130361529172 -0.11176716938258355 0.09104672730596958 0.014449322470933123 0.11491765327749842 0.2300381376270744 -0.9661205888579211 -0.23049034070393032 0.08696874021931972 0.9667020381080162 0.2406014548814667 -0.17093126297352026 0.0 0.0 0.0 1.0"/>
            </transform>
        </animation>
    </shape>
    <shape name="temp9" type="ply">
        <string name="filename" value="meshes/Cube_005.ply"/>
        <boolean name="face_normals" value="true"/>
        <ref id="mat-Material" name="bsdf"/>
        <animation name="to_world">
            <transform time="0">
                <matrix value="0.9900146624186431 -0.12702323417941985 0.05830355146160869 0.04745757719367072 0.0893559616826854 0.2546172169462041 -0.9626906705637224 -0.5144741721093662 0.10763199279467119 0.958586050314649 0.26353706040515323 -0.5462020293374306 0.0 0.0 0.0 1.0"/>
            </transform>
            <transform time="0.0015">
                <matrix value="0.9901388712258703 -0.12663205720078544 0.057046617756472254 0.04657807098068063 0.08811531930901759 0.2553857555755179 -0.9626025542127776 -0.5111464774880781 0.10751944531790669 0.9584337498028633 0.2641370073122621 -0.5460702481854565 0.0 0.0 0.0 1.0"/>
            </transform>
        </animation>
    </shape>
    <shape name="temp10" type="ply">
        <string name="filename" value="meshes/Cube_006.ply"/>
        <boolean name="face_normals" value="true"/>
        <ref id="mat-Material" name="bsdf"/>
        <animation name="to_world">
            <transform time="0">
                <matrix value="0.9901777751774294 -0.12134549239398193 -0.06897973193715098 0.008689584751503832 -0.036161580030743205 0.2541546817737155 -0.9663978221370988 -0.5311532010116886 0.13489024018353732 0.9594532385805437 0.24726927933937906 -0.9099795830120734 0.0 0.0 0.0 1.0"/>
            </transform>
            <transform time="0.0015">
                <matrix value="0.9901432443630873 -0.12129839352453992 -0.06955812889024571 0.00829489374637683 -0.03662630862336658 0.2549491494863148 -0.9661714974087787 -0.529812865305553 0.13501906533299612 0.959248741990589 0.24799247339680497 -0.9101800321721798 0.0 0.0 0.0 1.0"/>
            </transform>
        </animation>
    </shape>
    <shape name="temp11" type="ply">
        <string name="filename" value="meshes/Cube_007.ply"/>
        <boolean name="face_normals" value="true"/>
        <ref id="mat-Material" name="bsdf"/>
        <animation name="to_world">
            <transform time="0">
                <matrix value="0.9204865192623757 -0.1640261001245247 -0.3541782401880572 0.07716597842938677 -0.3075724876645976 0.2527991982028397 -0.9171668397868471 -0.1210225014224056 0.23992011907231392 0.9532238753668473 0.1824325765058028 -1.5232688768894476 0.0 0.0 0.0 1.0"/>
            </transform>
            <transform time="0.0015">
                <matrix value="0.9203730654315194 -0.165346244895477 -0.35386174811008864 0.0787688203138405 -0.30676792128611824 0.25374339078993347 -0.917176405440552 -0.12352827920257221 0.24138688402633313 0.9527463011508397 0.1829989355432696 -1.527111847089325 0.0 0.0 0.0 1.0"/>
            </transform>
        </animation>
    </shape>
    <shape name="temp12" type="ply">
        <string name="filename" value="meshes/Cube_008.ply"/>
        <boolean name="face_normals" value="true"/>
        <ref id="mat-Material" name="bsdf"/>
        <animation name="to_world">
            <transform time="0">
                <matrix value="0.13833271722807597 0.9558143852088865 -0.2588147090848144 2.185234535167904 -0.5854956854902337 -0.13194912425978728 -0.7998366271870705 0.48362788588569583 -0.7986204561129167 0.2622050881997735 0.5414137433626102 1.2872575926707157 0.0 0.0 0.0 1.0"/>
            </transform>
            <transform time="0.0015">
                <matrix value="0.1394377080741077 0.9555222643870005 -0.259302906348862 2.182751624190092 -0.5851184475134019 -0.13185470049558992 -0.8001283540939699 0.4822530346278251 -0.7987056342492191 0.26331745563461184 0.5407493985003535 1.2855304894231234 0.0 0.0 0.0 1.0"/>
            </transform>
        </animation>
    </shape>
    <shape name="temp13" type="ply">
        <string name="filename" value="meshes/Cube_009.ply"/>
        <boolean name="face_normals" value="true"/>
        <ref id="mat-Material" name="bsdf"/>
        <animation name="to_world">
            <transform time="0">
                <matrix value="-0.06393827334507036 0.9918151611416224 0.11049010189111536 2.5826142870137923 -0.8672641114698411 -0.0004761865826211926 -0.49756430071188085 1.0858130887621327 -0.49343914387077215 -0.12767997154913302 0.8601973380940201 0.8672622319952272 0.0 0.0 0.0 1.0"/>
            </transform>
            <transform time="0.0015">
                <matrix value="-0.06377362167788461 0.9918169933733982 0.1105689359836117 2.582386242158 -0.8678663103619206 -0.00044841066977891473 -0.49651469148732263 1.088950356147007 -0.4924020705409533 -0.1276658430897639 0.8607943319034104 0.8659729790036079 0.0 0.0 0.0 1.0"/>
            </transform>
        </animation>
    </shape>
    <shape name="temp14" type="ply">
        <string name="filename" value="meshes/Cube_010.ply"/>
        <boolean name="face_normals" value="true"/>
        <ref id="mat-Material" name="bsdf"/>
        <animation name="to_world">
            <transform time="0">
                <matrix value="0.02169365783907508 0.9975591492273004 0.06636483316872338 1.8637354582647707 -0.9505254181094167 1.495174407569099e-05 0.31056838420482047 2.318431923580352 0.3098096589347673 -0.06982224465659763 0.9482055466854775 -0.7375563476392241 0.0 0.0 0.0 1.0"/>
            </transform>
            <transform time="0.0015">
                <matrix value="0.021677179906805916 0.9975552895259368 0.06642823115562346 1.8639114557406768 -0.9506818918457567 1.4776813999645348e-05 0.3100894717523318 2.317829210531099 0.3093307257948652 -0.0698773843202424 0.9483579673775213 -0.736372068223721 0.0 0.0 0.0 1.0"/>
            </transform>
        </animation>
    </shape>
    <shape name="temp15" type="ply">
        <string name="filename" value="meshes/Cube_011.ply"/>
        <boolean name="face_normals" value="true"/>
        <ref id="mat-Material" name="bsdf"/>
        <animation name="to_world">
            <transform time="0">
                <matrix value="-0.00840823444622332 0.9992304290782879 -0.03787926675841957 1.3472356922182573 -0.8312314835991894 0.014070059217017124 0.5557214525452921 2.2559413771360637 0.5558517145455804 0.03616529661697499 0.830491546266585 -1.363805036384935 0.0 0.0 0.0 1.0"/>
            </transform>
            <transform time="0.0015">
                <matrix value="-0.008653957412517841 0.999240934374412 -0.037547584524491834 1.3481793673443003 -0.831188750918594 0.013684189402849212 0.5557951353119988 2.256112966083551 0.5559118881596674 0.036025146655338104 0.830457368628436 -1.3638951807963036 0.0 0.0 0.0 1.0"/>
            </transform>
        </animation>
    </shape>
    <shape name="temp16" type="ply">
        <string name="filename" value="meshes/Cube_012.ply"/>
        <boolean name="face_normals" value="true"/>
        <ref id="mat-Material" name="bsdf"/>
        <animation name="to_world">
            <transform time="0">
                <matrix value="0.09567270272522414 0.9896958427109255 0.10651051651906929 1.103540157067151 -0.744822721252706 0.00021526804095756775 0.667064717004058 1.8465910631985212 0.6601683075455608 -0.14318516216368427 0.7371678704704882 -1.8054106225875566 0.0 0.0 0.0 1.0"/>
            </transform>
            <transform time="0.0015">
                <matrix value="0.09557047779180436 0.9896937927138976 0.10662136576518927 1.1038403247158244 -0.7456030634032497 0.00023282751201888252 0.6661933999904611 1.8463695502470518 0.6593027074740234 -0.14319928837030943 0.737940305517538 -1.8032907360250112 0.0 0.0 0.0 1.0"/>
            </transform>
        </animation>
    </shape>
    <shape name="temp17" type="ply">
        <string name="filename" value="meshes/Cube_013.ply"/>
        <boolean name="face_normals" value="true"/>
        <ref id="mat-Material" name="bsdf"/>
        <animation name="to_world">
            <transform time="0">
                <matrix value="0.931276782849048 0.19432204963049332 0.30813303950969717 0.5382631682782275 -0.33623239667604565 0.13318393151767854 0.9322769929190143 1.4516586500158217 0.14010510578394297 -0.9718274884600864 0.1893549882487881 -1.4339308272612976 0.0 0.0 0.0 1.0"/>
            </transform>
            <transform time="0.0015">
                <matrix value="0.9312270929433819 0.19416618527772075 0.30838150821572236 0.538603641857187 -0.33652227041603655 0.13368011490084458 0.9321015601917229 1.451646602912115 0.13973972540791424 -0.9717906560959059 0.18981437706589893 -1.4330845296548407 0.0 0.0 0.0 1.0"/>
            </transform>
        </animation>
    </shape>
    <shape name="temp18" type="ply">
        <string name="filename" value="meshes/Cube_014.ply"/>
        <boolean name="face_normals" value="true"/>
        <ref id="mat-Material" name="bsdf"/>
        <animation name="to_world">
            <transform time="0">
                <matrix value="0.9417831504520173 0.28927137413098664 0.17136708838017664 0.11188445554086035 -0.21620208341090053 0.1306980265861254 0.9675606507679775 1.025594797529302 0.2574907318266678 -0.9482819973176089 0.18563030796165292 -0.8605942605822643 0.0 0.0 0.0 1.0"/>
            </transform>
            <transform time="0.0015">
                <matrix value="0.9417799750213085 0.28926447322524107 0.17139624830531447 0.1119028623045433 -0.2162086656479228 0.13061704644712527 0.9675701142972657 1.0256073061185709 0.25749685929095034 -0.9482952584705433 0.18555403804305454 -0.8606786232516186 0.0 0.0 0.0 1.0"/>
            </transform>
        </animation>
    </shape>
    <shape name="temp19" type="ply">
        <string name="filename" value="meshes/Cube_015.ply"/>
        <boolean name="face_normals" value="true"/>
        <ref id="mat-Material" name="bsdf"/>
        <animation name="to_world">
            <transform time="0">
                <matrix value="0.9837498914059079 0.1249716012790375 0.12891158625521904 0.03411016883024698 -0.1496230455279623 0.17375744384395408 0.9733557640982629 0.6391552091800818 0.09924245647814732 -0.976826622836201 0.18963254000636376 -0.29891638838088663 0.0 0.0 0.0 1.0"/>
            </transform>
            <transform time="0.0015">
                <matrix value="0.9837529551380491 0.12494978420444218 0.12890937270848532 0.03410917548231569 -0.14961479738658823 0.17373906971308492 0.9733603171451777 0.6391460788291705 0.09922454321928385 -0.9768326827175249 0.18961070155087223 -0.29886148356009246 0.0 0.0 0.0 1.0"/>
            </transform>
        </animation>
    </shape>
    <shape name="temp20" type="ply">
        <string name="filename" value="meshes/Cube_016.ply"/>
        <boolean name="face_normals" value="true"/>
        <ref id="mat-Material" name="bsdf"/>
        <animation name="to_world">
            <transform time="0">
                <matrix value="0.9846492277851947 0.03605942977287281 0.17077294417618827 0.06595438365984502 -0.17445589927432553 0.1731801874336442 0.9693162406901608 0.3353345142799251 0.00537843489762015 -0.9842284371004312 0.17681282123170478 0.12998806320321343 0.0 0.0 0.0 1.0"/>
            </transform>
            <transform time="0.0015">
                <matrix value="0.9846524191728419 0.03594263851363273 0.17077912866066108 0.06597930056734429 -0.17444131941985952 0.1731774878954336 0.9693193469745045 0.3352981757031368 0.005264728947139733 -0.9842331903902428 0.17678981855786194 0.1302162587863733 0.0 0.0 0.0 1.0"/>
            </transform>
        </animation>
    </shape>
    <shape name="temp21" type="ply">
        <string name="filename" value="meshes/Cube_017.ply"/>
        <boolean name="face_normals" value="true"/>
        <ref id="mat-Material" name="bsdf"/>
        <animation name="to_world">
            <transform time="0">
                <matrix value="0.9474703781911149 -0.05998033052231537 0.31414469096274833 0.20628905717156687 -0.3014954957830033 0.160086207795621 0.9399093707581814 0.1510411041969596 -0.10665016922948724 -0.9852630140815105 0.13360607838585487 0.36871010593420067 0.0 0.0 0.0 1.0"/>
            </transform>
            <transform time="0.0015">
                <matrix value="0.9475400621403904 -0.060120039697045546 0.3139078218883957 0.2063026009204766 -0.30120145089935757 0.16045827399610263 0.9399403229668337 0.15041964007219483 -0.10686230395778115 -0.9851940575880813 0.13394527272167356 0.36879765496137373 0.0 0.0 0.0 1.0"/>
            </transform>
        </animation>
    </shape>
    <shape name="temp22" type="ply">
        <string name="filename" value="meshes/Cube_018.ply"/>
        <boolean name="face_normals" value="true"/>
        <ref id="mat-Material" name="bsdf"/>
        <animation name="to_world">
            <transform time="0">
                <matrix value="0.22943283300267542 0.95629131268212 0.18099648669259766 0.845185654048095 -0.5593726009570463 -0.022624603950999432 0.8284484996224767 -0.024136801651894087 0.7963732232676805 -0.2914712060122272 0.5297820293215312 -0.15164100751434503 0.0 0.0 0.0 1.0"/>
            </transform>
            <transform time="0.0015">
                <matrix value="0.2299675292589362 0.956261719135283 0.18047508027028691 0.8452307786453382 -0.5584777358607846 -0.022192125990121245 0.8290645226148603 -0.025013589716175327 0.7968477187830592 -0.29160188018174193 0.5289968627638562 -0.1514855534042613 0.0 0.0 0.0 1.0"/>
            </transform>
        </animation>
    </shape>
    <shape name="temp23" type="ply">
        <string name="filename" value="meshes/Cube_019.ply"/>
        <boolean name="face_normals" value="true"/>
        <ref id="mat-Material" name="bsdf"/>
        <animation name="to_world">
            <transform time="0">
                <matrix value="-0.07931743515824596 0.9843698570990544 -0.15723703028838812 0.5008967940417476 -0.9142317211764686 -0.008960327310120707 0.40506375345669077 -0.04414674973574852 0.3973231556290745 0.17588365597812372 0.900653089379656 -0.05144164020061509 0.0 0.0 0.0 1.0"/>
            </transform>
            <transform time="0.0015">
                <matrix value="-0.0793909998349005 0.9843608536322548 -0.15725632329279143 0.5009577124286755 -0.9140901352635026 -0.008958334983338982 0.40538334330863496 -0.044410400312184885 0.39763424411844983 0.17593418052025467 0.9005059876676529 -0.05141246278374806 0.0 0.0 0.0 1.0"/>
            </transform>
        </animation>
    </shape>
    <shape name="temp24" type="ply">
        <string name="filename" value="meshes/Cube_020.ply"/>
        <boolean name="face_normals" value="true"/>
        <ref id="mat-Material" name="bsdf"/>
        <animation name="to_world">
            <transform time="0">
                <matrix value="0.09577915049820686 0.9532733562704652 -0.2865204781500449 0.11117052262625633 -0.9543030975588538 0.006088095260036538 -0.29876173838970577 0.16403262217862796 -0.28305833067119046 0.3020461774133801 0.9102951818899105 0.10569208026104382 0.0 0.0 0.0 1.0"/>
            </transform>
            <transform time="0.0015">
                <matrix value="0.09571590150414938 0.9532541251196243 -0.28660559034111366 0.11122730962090588 -0.9543694337797508 0.006068445641883359 -0.2985502812744486 0.16389592618120408 -0.28285612095204904 0.3021072573153466 0.9103377933029746 0.10567745848601823 0.0 0.0 0.0 1.0"/>
            </transform>
        </animation>
    </shape>
    <shape name="temp25" type="ply">
        <string name="filename" value="meshes/Cube_021.ply"/>
        <boolean name="face_normals" value="true"/>
        <ref id="mat-Material" name="bsdf"/>
        <animation name="to_world">
            <transform time="0">
                <matrix value="0.20927109872399724 0.933380960029035 -0.2915569989329115 -0.15368770873531953 -0.7811235100447318 -0.019802379109888347 -0.6240623970202841 0.11577591172798835 -0.5882615105305242 0.35834023398960835 0.7249417403707907 0.29395673428344776 0.0 0.0 0.0 1.0"/>
            </transform>
            <transform time="0.0015">
                <matrix value="0.2092812728678164 0.9333826420778782 -0.2915443184844947 -0.15369244137073712 -0.7810972449243958 -0.019801519763148936 -0.6240952981032233 0.115817103538569 -0.588292770172528 0.35833590121200753 0.7249185070659734 0.29396172783926483 0.0 0.0 0.0 1.0"/>
            </transform>
        </animation>
    </shape>
    <shape name="temp26" type="ply">
        <string name="filename" value="meshes/Cube_022.ply"/>
        <boolean name="face_normals" value="true"/>
        <ref id="mat-Material" name="bsdf"/>
        <animation name="to_world">
            <transform time="0">
                <matrix value="0.643889831515158 0.3991819332822998 -0.6527279311957206 -0.07936110745569486 -0.7055737136697358 -0.02015389019717452 -0.7083451334002491 -0.18645991531713924 -0.29591369296150716 0.9166501189972113 0.26867534930956016 0.6773907355484277 0.0 0.0 0.0 1.0"/>
            </transform>
            <transform time="0.0015">
                <matrix value="0.6437640270141073 0.3991819933554728 -0.6528519953413718 -0.07940799498441453 -0.7057085338408897 -0.02015910417313145 -0.7082107036262946 -0.18665691858329087 -0.2958659769291007 0.9166499763234255 0.26872838592334114 0.6774315422359181 0.0 0.0 0.0 1.0"/>
            </transform>
        </animation>
    </shape>
    <shape name="temp27" type="ply">
        <string name="filename" value="meshes/Cube_023.ply"/>
        <boolean name="face_normals" value="true"/>
        <ref id="mat-Material" name="bsdf"/>
        <animation name="to_world">
            <transform time="0">
                <matrix value="0.8581464185225176 0.27643844788422756 -0.432627685391856 -0.06379399636315591 -0.4803178748535088 0.1346656918837853 -0.8666949001489763 -0.2871680819141168 -0.1813276669379303 0.951549675338897 0.2483410957680035 0.2061240361739719 0.0 0.0 0.0 1.0"/>
            </transform>
            <transform time="0.0015">
                <matrix value="0.8581443760344234 0.2764525125158504 -0.4326227578887464 -0.06378024994228611 -0.48031324734142045 0.13464801535263732 -0.866700219129017 -0.28716070046336334 -0.1813496364504933 0.9515480984181064 0.24833112161663135 0.2061412469913924 0.0 0.0 0.0 1.0"/>
            </transform>
        </animation>
    </shape>
    <shape name="temp28" type="ply">
        <string name="filename" value="meshes/Cube_024.ply"/>
        <boolean name="face_normals" value="true"/>
        <ref id="mat-Material" name="bsdf"/>
        <animation name="to_world">
            <transform time="0">
                <matrix value="0.8570152669996295 0.4379132832592512 -0.2715818298984304 -0.1898583475502641 -0.3789058635490854 0.17836708918846197 -0.9080834674088849 -0.5129420682571646 -0.34922053820118537 0.8811450431038979 0.3187912775796522 -0.33593672425962007 0.0 0.0 0.0 1.0"/>
            </transform>
            <transform time="0.0015">
                <matrix value="0.8569953846545877 0.4379547637851907 -0.2715777108802869 -0.189878907252996 -0.3789059449294704 0.17833819324134614 -0.908089109782912 -0.5129432791553782 -0.34926925952070065 0.8811302801216392 0.3187787247867564 -0.33599365034175055 0.0 0.0 0.0 1.0"/>
            </transform>
        </animation>
    </shape>
    <shape name="temp29" type="ply">
        <string name="filename" value="meshes/Cube_025.ply"/>
        <boolean name="face_normals" value="true"/>
        <ref id="mat-Material" name="bsdf"/>
        <animation name="to_world">
            <transform time="0">
                <matrix value="0.8995730700835244 0.36583862267767714 -0.2386017263478198 -0.26646710816432767 -0.321114924462836 0.18366269453071715 -0.9290604798541535 -0.7930104403748196 -0.2960639960498345 0.9123760228441273 0.2826941833983342 -0.7070486739568881 0.0 0.0 0.0 1.0"/>
            </transform>
            <transform time="0.0015">
                <matrix value="0.8995719850117243 0.36583386938786544 -0.23861308768918654 -0.26646245368470556 -0.32112120032664415 0.1836505717644107 -0.9290607096340913 -0.7930137404151676 -0.29606046797079055 0.9123803706400214 0.2826838433011352 -0.707054481837857 0.0 0.0 0.0 1.0"/>
            </transform>
        </animation>
    </shape>
    <shape name="temp30" type="ply">
        <string name="filename" value="meshes/Cube_026.ply"/>
        <boolean name="face_normals" value="true"/>
        <ref id="mat-Material" name="bsdf"/>
        <animation name="to_world">
            <transform time="0">
                <matrix value="0.9234238786441074 0.2370645546834424 -0.30180946441801126 -0.3261381320406503 -0.34917851893615026 0.19263962096103027 -0.9170410774710049 -1.1457460621073006 -0.15925755770557085 0.9522027520582033 0.26066580272053197 -0.8785104457333526 0.0 0.0 0.0 1.0"/>
            </transform>
            <transform time="0.0015">
                <matrix value="0.9234188043377485 0.23706940559216017 -0.3018211576637325 -0.326153993662267 -0.34918980208717676 0.1926297907371875 -0.9170388477545719 -1.145760164827721 -0.15926219000474068 0.952203533009452 0.2606601177946646 -0.8785545316826059 0.0 0.0 0.0 1.0"/>
            </transform>
        </animation>
    </shape>
    <shape name="temp31" type="ply">
        <string name="filename" value="meshes/Cube_027.ply"/>
        <boolean name="face_normals" value="true"/>
        <ref id="mat-Material" name="bsdf"/>
        <animation name="to_world">
            <transform time="0">
                <matrix value="0.8735468337508665 0.1752181685067258 -0.45410857448414993 -0.5811355599527959 -0.4824733567719276 0.18844373340453005 -0.8553995766632421 -1.5827535650578481 -0.06430762623065917 0.966326813690624 0.2491525227400488 -1.0167560014109753 0.0 0.0 0.0 1.0"/>
            </transform>
            <transform time="0.0015">
                <matrix value="0.8735467380092371 0.1752190786152964 -0.4541084042767886 -0.5811726131282375 -0.48247294189153345 0.18843644202316018 -0.8554014149027441 -1.5827565726899469 -0.06431207023795783 0.9663280752272565 0.24914650590982687 -1.016797323893216 0.0 0.0 0.0 1.0"/>
            </transform>
        </animation>
    </shape>
    <shape name="temp32" type="ply">
        <string name="filename" value="meshes/Cube_028.ply"/>
        <boolean name="face_normals" value="true"/>
        <ref id="mat-Material" name="bsdf"/>
        <animation name="to_world">
            <transform time="0">
                <matrix value="-0.10672208511294672 0.9842041370564198 0.14125235627045707 -1.484146579878225 -0.7980039076143518 -3.979585877189872e-05 -0.6026416705396103 -2.1212459941685946 -0.5931165529309768 -0.1770368651483137 0.7854031556885464 -1.3501330967818432 0.0 0.0 0.0 1.0"/>
            </transform>
            <transform time="0.0015">
                <matrix value="-0.10668209543003407 0.9842074110443471 0.14125973816371662 -1.4840746294680414 -0.7981600622119269 -4.946249585549798e-05 -0.6024348856163673 -2.1212045289060466 -0.5929136445043708 -0.17701864570586495 0.7855604953733317 -1.349625294129501 0.0 0.0 0.0 1.0"/>
            </transform>
        </animation>
    </shape>
    <shape name="temp33" type="ply">
        <string name="filename" value="meshes/Cube_029.ply"/>
        <boolean name="face_normals" value="true"/>
        <ref id="mat-Material" name="bsdf"/>
        <animation name="to_world">
            <transform time="0">
                <matrix value="0.004058498086084532 0.9775378945106931 0.21072059915814895 -1.5736308786407935 -0.9980371063796591 -0.009205133045348262 0.06192298854759182 -1.8023148858735496 0.06247176553604704 -0.21055842126890034 0.9755815443328711 -0.09210545090774902 0.0 0.0 0.0 1.0"/>
            </transform>
            <transform time="0.0015">
                <matrix value="0.00407003495242899 0.9775342826111679 0.21073713310122558 -1.573581945156808 -0.9980288247287148 -0.009222692809266296 0.0620539146030139 -1.8020650698158467 0.06260337995830946 -0.21057442326035164 0.9755696638590525 -0.09186378350287136 0.0 0.0 0.0 1.0"/>
            </transform>
        </animation>
    </shape>
    <shape name="temp34" type="ply">
        <string name="filename" value="meshes/Cube_030.ply"/>
        <boolean name="face_normals" value="true"/>
        <ref id="mat-Material" name="bsdf"/>
        <animation name="to_world">
            <transform time="0">
                <matrix value="-0.04110988382195939 0.9789032450488887 -0.20014421714925884 -3.2230836079843486 -0.9759300587828945 0.0035929435168752357 0.21802390613804204 -1.9233643724358083 0.21414309489910638 0.20429240368216084 0.9551937429079348 0.24733229775028398 0.0 0.0 0.0 1.0"/>
            </transform>
            <transform time="0.0015">
                <matrix value="-0.04116847602046555 0.978897963834263 -0.20015801926654309 -3.2232405972267473 -0.9758736425812513 0.0035916354181781303 0.21827649261516074 -1.9228836445441808 0.21438898893750202 0.204317739668757 0.9551331983382518 0.24779852508558375 0.0 0.0 0.0 1.0"/>
            </transform>
        </animation>
    </shape>
    <shape name="temp35" type="ply">
        <string name="filename" value="meshes/Cube_031.ply"/>
        <boolean name="face_normals" value="true"/>
        <ref id="mat-Material" name="bsdf"/>
        <animation name="to_world">
            <transform time="0">
                <matrix value="0.14363758295258916 0.9776187208373399 0.15371966870612797 -1.8842628162628223 -0.7249923319273723 -0.001777824593313212 0.6887510336385828 -0.9552739960659103 0.6736093750831078 -0.2103770574211083 0.7085106101316202 0.6813880381840889 0.0 0.0 0.0 1.0"/>
            </transform>
            <transform time="0.0015">
                <matrix value="0.14362488761252878 0.977615957471383 0.15374913074933214 -1.8842518538218105 -0.7251057857582286 -0.0017725534727504877 0.688631616153895 -0.9557634885709061 0.6734899693142895 -0.21038995813500475 0.7086203087759777 0.6812288253953818 0.0 0.0 0.0 1.0"/>
            </transform>
        </animation>
    </shape>
    <shape name="temp36" type="ply">
        <string name="filename" value="meshes/Cube_032.ply"/>
        <boolean name="face_normals" value="true"/>
        <ref id="mat-Material" name="bsdf"/>
        <animation name="to_world">
            <transform time="0">
                <matrix value="0.7383500701207566 0.6139283054838838 0.27898525885997877 -0.6538733779538499 -0.3508812078145195 -0.003498147773469358 0.936324435570689 0.03980768782974949 0.5758084276107349 -0.7893538691301836 0.21283113666912362 -0.11139311777816263 0.0 0.0 0.0 1.0"/>
            </transform>
            <transform time="0.0015">
                <matrix value="0.7386008972328846 0.6139310763589871 0.27831532268590353 -0.653894469864521 -0.3500108812978767 -0.00352790779808696 0.9366504762816266 0.04279800920521198 0.5760171443628588 -0.7893515863496106 0.21227494156423682 -0.1114091870250839 0.0 0.0 0.0 1.0"/>
            </transform>
        </animation>
    </shape>
    <shape name="temp37" type="ply">
        <string name="filename" value="meshes/Cube_033.ply"/>
        <boolean name="face_normals" value="true"/>
        <ref id="mat-Material" name="bsdf"/>
        <animation name="to_world">
            <transform time="0">
                <matrix value="0.976759756181885 0.1688470307014891 0.13202816319409805 -0.14162760813515085 -0.15010252168779153 0.09914128024729726 0.9836867128330987 0.3004410106736183 0.15300331367115405 -0.9806429812503781 0.12218158849151886 -0.37921766117171085 0.0 0.0 0.0 1.0"/>
            </transform>
            <transform time="0.0015">
                <matrix value="0.976757729650729 0.16884867971008727 0.1320410461892748 -0.14162241806176612 -0.15010576094625339 0.09907755612723432 0.9836926445596401 0.3004360778732392 0.15301307293457905 -0.980649138750608 0.12211993938525614 -0.3792625977744598 0.0 0.0 0.0 1.0"/>
            </transform>
        </animation>
    </shape>
    <shape name="temp38" type="ply">
        <string name="filename" value="meshes/Cube_034.ply"/>
        <boolean name="face_normals" value="true"/>
        <ref id="mat-Material" name="bsdf"/>
        <animation name="to_world">
            <transform time="0">
                <matrix value="0.9999242057561075 0.002220790408470182 0.012122068875197923 -0.03356602120394192 -0.012323820490863027 0.1803157128464842 0.9835316374962708 0.3692988988556146 -1.5794899889544261e-06 -0.9836062308233022 0.1803294145291407 -0.36300993848067353 0.0 0.0 0.0 1.0"/>
            </transform>
            <transform time="0.0015">
