
<scene version="2.1.0">
    <default name="spp" value="1024"/>
    <default name="resx" value="1280"/>
    <default name="resy" value="720"/>
    <integrator name="temp0" type="path">
        <integer name="max_depth" value="12"/>
    </integrator>
    <sensor name="temp44" type="perspective">
        <string name="fov_axis" value="x"/>
        <float name="fov" value="83.974423"/>
        <float name="principal_point_offset_x" value="0.000000"/>
        <float name="principal_point_offset_y" value="-0.000000"/>
        <float name="near_clip" value="0.100000"/>
        <float name="far_clip" value="1000.000000"/>
        <sampler name="sampler" type="correlated">
            <integer name="sample_count" value="1024"/>
        </sampler>
        <film name="film" type="hdrfilm">
            <integer name="width" value="$resx"/>
            <integer name="height" value="$resy"/>
        </film>
        <float name="shutter_open" value="0.0"/>
        <float name="shutter_close" value="0.0015"/>
        <animation name="to_world">
            <transform time="0">
                <rotate angle="-142.5518126578256" x="1"/>
                <rotate angle="3.976628485794621e-06" y="1"/>
                <rotate angle="-179.999991348578" z="1"/>
                <translate value="-0.000000 3.030926 4.073377"/>
                <translate x="39.75" y="0.0" z="0.0"/>
            </transform>
            <transform time="0.0015">
                <rotate angle="-142.5518126578256" x="1"/>
                <rotate angle="3.976628485794621e-06" y="1"/>
                <rotate angle="-179.999991348578" z="1"/>
                <translate value="-0.000000 3.030926 4.073377"/>
                <translate x="39.9" y="0.0" z="0.0"/>
            </transform>
        </animation>
    </sensor>
    <bsdf id="mat-Material" name="mat-Material" type="twosided">
        <bsdf name="bsdf" type="diffuse">
            <texture name="reflectance" type="bitmap">
                <string name="filename" value="textures/siggraph_2023_logo.jpg"/>
            </texture>
        </bsdf>
    </bsdf>
    <bsdf id="mat-Material.001" name="mat-Material.001" type="twosided">
        <bsdf name="bsdf" type="principled">
            <rgb name="base_color" value="0.433648 0.266232 0.084399"/>
            <float name="spec_tint" value="0.000000"/>
            <float name="spec_trans" value="0.000000"/>
            <float name="metallic" value="0.000000"/>
            <float name="anisotropic" value="0.000000"/>
            <float name="roughness" value="0.500000"/>
            <float name="sheen" value="0.000000"/>
            <float name="sheen_tint" value="0.500000"/>
            <float name="clearcoat" value="0.000000"/>
            <float name="clearcoat_gloss" value="0.173205"/>
            <float name="specular" value="0.500000"/>
        </bsdf>
    </bsdf>
    <bsdf id="mat-Material.002" name="mat-Material.002" type="twosided">
        <bsdf name="bsdf" type="principled">
            <rgb name="base_color" value="0.433648 0.266232 0.084399"/>
            <float name="spec_tint" value="0.000000"/>
            <float name="spec_trans" value="0.000000"/>
            <float name="metallic" value="0.000000"/>
            <float name="anisotropic" value="0.000000"/>
            <float name="roughness" value="0.500000"/>
            <float name="sheen" value="0.000000"/>
            <float name="sheen_tint" value="0.500000"/>
            <float name="clearcoat" value="0.000000"/>
            <float name="clearcoat_gloss" value="0.173205"/>
            <float name="specular" value="0.500000"/>
        </bsdf>
    </bsdf>
    <bsdf id="mat-Material.003" name="mat-Material.003" type="twosided">
        <bsdf name="bsdf" type="principled">
            <rgb name="base_color" value="0.433648 0.266232 0.084399"/>
            <float name="spec_tint" value="0.000000"/>
            <float name="spec_trans" value="0.000000"/>
            <float name="metallic" value="0.000000"/>
            <float name="anisotropic" value="0.000000"/>
            <float name="roughness" value="0.500000"/>
            <float name="sheen" value="0.000000"/>
            <float name="sheen_tint" value="0.500000"/>
            <float name="clearcoat" value="0.000000"/>
            <float name="clearcoat_gloss" value="0.173205"/>
            <float name="specular" value="0.500000"/>
        </bsdf>
    </bsdf>
    <bsdf id="mat-Material.004" name="mat-Material.004" type="twosided">
        <bsdf name="bsdf" type="principled">
            <rgb name="base_color" value="0.433648 0.266232 0.084399"/>
            <float name="spec_tint" value="0.000000"/>
            <float name="spec_trans" value="0.000000"/>
            <float name="metallic" value="0.000000"/>
            <float name="anisotropic" value="0.000000"/>
            <float name="roughness" value="0.500000"/>
            <float name="sheen" value="0.000000"/>
            <float name="sheen_tint" value="0.500000"/>
            <float name="clearcoat" value="0.000000"/>
            <float name="clearcoat_gloss" value="0.173205"/>
            <float name="specular" value="0.500000"/>
        </bsdf>
    </bsdf>
    <bsdf id="mat-Material.005" name="mat-Material.005" type="twosided">
        <bsdf name="bsdf" type="principled">
            <rgb name="base_color" value="0.433648 0.266232 0.084399"/>
            <float name="spec_tint" value="0.000000"/>
            <float name="spec_trans" value="0.000000"/>
            <float name="metallic" value="0.000000"/>
            <float name="anisotropic" value="0.000000"/>
            <float name="roughness" value="0.500000"/>
            <float name="sheen" value="0.000000"/>
            <float name="sheen_tint" value="0.500000"/>
            <float name="clearcoat" value="0.000000"/>
            <float name="clearcoat_gloss" value="0.173205"/>
            <float name="specular" value="0.500000"/>
        </bsdf>
    </bsdf>
    <emitter name="temp45" type="point">
        <point name="position" x="-6.815235034541981e-16" y="3.0693089962005615" z="4.109199523925781"/>
        <rgb name="intensity" value="7.957747 7.957747 7.957747"/>
    </emitter>
    <shape name="temp2" type="ply">
        <string name="filename" value="meshes/Cube.ply"/>
        <boolean name="face_normals" value="true"/>
        <ref id="mat-Material" name="bsdf"/>
        <animation name="to_world">
            <transform time="0">
                <matrix value="0.9998492979945997 0.0069166956946162365 0.013411818159038268 -0.12853727893694722 0.013941797112549576 -0.7793842806874096 -0.6259671523960322 1.5936018834101766 0.006005840589191652 0.6261037747458924 -0.7793636095864926 3.889167844525364 0.0 0.0 0.0 1.0"/>
            </transform>
            <transform time="0.0015">
                <matrix value="0.9998410961283464 0.006901248929466146 0.014031344018917419 -0.12939647976707672 0.01432754300970985 -0.7783697273964684 -0.6272217763872758 1.5935205440399054 0.0064760735276594514 0.6273668807900192 -0.7783452674542051 3.8855207574350494 0.0 0.0 0.0 1.0"/>
            </transform>
        </animation>
    </shape>
    <shape name="temp4" type="ply">
        <string name="filename" value="meshes/Plane.ply"/>
        <boolean name="face_normals" value="true"/>
        <ref id="mat-Material.001" name="bsdf"/>
    </shape>
    <shape name="temp5" type="ply">
        <string name="filename" value="meshes/Cube_001.ply"/>
        <boolean name="face_normals" value="true"/>
        <ref id="mat-Material" name="bsdf"/>
        <animation name="to_world">
            <transform time="0">
                <matrix value="0.9979719499243831 -0.03292007267068956 -0.05448302468770995 0.050161537179971294 -0.054512749389656875 -4.9239596348110126e-06 -0.9985131915686296 1.1729011693309306 0.03287086212184878 0.9994578900052773 -0.0017994767152963382 1.0421031816577129 0.0 0.0 0.0 1.0"/>
            </transform>
            <transform time="0.0015">
                <matrix value="0.997973019039245 -0.03288775630728746 -0.054483096174801696 0.05011536614638868 -0.054512770133676586 -5.181072890237081e-06 -0.9985131830582614 1.1729011090015717 0.03283858011881215 0.9994589563040975 -0.0017979724226371723 1.0422434830553997 0.0 0.0 0.0 1.0"/>
            </transform>
        </animation>
    </shape>
    <shape name="temp6" type="ply">
        <string name="filename" value="meshes/Cube_002.ply"/>
        <boolean name="face_normals" value="true"/>
        <ref id="mat-Material" name="bsdf"/>
        <animation name="to_world">
            <transform time="0">
                <matrix value="0.9997876874688623 -0.01931695392169337 0.00715028502185002 -0.03306090799289363 0.01121930997984139 0.21958041228727032 -0.9755298919531502 0.6534700997139927 0.01727420407179089 0.9754028279828044 0.21975034525538023 0.5327598405401505 0.0 0.0 0.0 1.0"/>
            </transform>
            <transform time="0.0015">
                <matrix value="0.9997870172774563 -0.01936268807882832 0.007121151478853173 -0.03309009556866062 0.011200916576706407 0.2195792708969838 -0.9755303600233938 0.6535139495031963 0.017325233402852573 0.9754021746870483 0.21974921933368524 0.5327181780266085 0.0 0.0 0.0 1.0"/>
            </transform>
        </animation>
    </shape>
    <shape name="temp7" type="ply">
        <string name="filename" value="meshes/Cube_003.ply"/>
        <boolean name="face_normals" value="true"/>
        <ref id="mat-Material" name="bsdf"/>
        <animation name="to_world">
            <transform time="0">
                <matrix value="0.9950600769112117 -0.061424869061350834 0.07798661860592 -0.054580911256439046 0.08992049582732742 0.2248528960855028 -0.9702335727702838 0.13952049647887282 0.04205998781973204 0.9724540750026595 0.22926524548945892 0.20676966326436902 0.0 0.0 0.0 1.0"/>
            </transform>
            <transform time="0.0015">
                <matrix value="0.9950645129400413 -0.06144283920013176 0.07791579787599365 -0.054642723241708255 0.08985222725847335 0.22477552934785713 -0.970257827319269 0.1396840697056113 0.04210087029333898 0.972470827908773 0.22918668117563024 0.206611367402794 0.0 0.0 0.0 1.0"/>
            </transform>
        </animation>
    </shape>
    <shape name="temp8" type="ply">
        <string name="filename" value="meshes/Cube_004.ply"/>
        <boolean name="face_normals" value="true"/>
        <ref id="mat-Material" name="bsdf"/>
        <animation name="to_world">
            <transform time="0">
                <matrix value="0.9830641972813359 -0.13542064106227697 0.12345586570097597 0.029890550320309517 0.1520329035666732 0.2266342040327644 -0.9620403470094336 -0.3497815177818199 0.10230044395037825 0.9645170340179758 0.24338317650079122 -0.2543204299900739 0.0 0.0 0.0 1.0"/>
            </transform>
            <transform time="0.0015">
                <matrix value="0.9830536976159767 -0.1355661007414902 0.12337993194191618 0.029942394646202557 0.15198705449604039 0.2265638808746501 -0.9620641590192793 -0.34965544577177615 0.10246949973251707 0.964513136770879 0.24332756975585462 -0.2548217683512441 0.0 0.0 0.0 1.0"/>
            </transform>
        </animation>
    </shape>
    <shape name="temp9" type="ply">
        <string name="filename" value="meshes/Cube_005.ply"/>
        <boolean name="face_normals" value="true"/>
        <ref id="mat-Material" name="bsdf"/>
        <animation name="to_world">
            <transform time="0">
                <matrix value="0.9806075329727124 -0.17711481301481158 0.08386859540040878 0.09206585147934687 0.12269060257753618 0.2211601237320696 -0.9674887865874964 -0.6076539837638102 0.152808065925922 0.9590172978768228 0.2386003079758366 -0.6970435835720385 0.0 0.0 0.0 1.0"/>
            </transform>
            <transform time="0.0015">
                <matrix value="0.9805890069674206 -0.1772577683936264 0.08378326193982122 0.09214509849948668 0.12263618782245839 0.2211267605936284 -0.9675033222961513 -0.6075076296924475 0.1529706160643421 0.9589985925925877 0.23857139825551987 -0.6975076352954515 0.0 0.0 0.0 1.0"/>
            </transform>
        </animation>
    </shape>
    <shape name="temp10" type="ply">
        <string name="filename" value="meshes/Cube_006.ply"/>
        <boolean name="face_normals" value="true"/>
        <ref id="mat-Material" name="bsdf"/>
        <animation name="to_world">
            <transform time="0">
                <matrix value="0.9862768094435196 -0.15421831034389255 -0.05888140802732352 0.039256895488677834 -0.02369995142076532 0.22070780917895055 -0.9750482364671946 -0.5668829364749601 0.16336786625462968 0.963070086332946 0.21402311284425657 -1.0464881329307696 0.0 0.0 0.0 1.0"/>
            </transform>
            <transform time="0.0015">
                <matrix value="0.9862611078162957 -0.1542411899627349 -0.059084345413164235 0.039225814765874154 -0.023886757381858834 0.22075965232722827 -0.9750319646434544 -0.5664348345822836 0.1634355093115049 0.963054534890292 0.21404143056047964 -1.0467237516865666 0.0 0.0 0.0 1.0"/>
            </transform>
        </animation>
    </shape>
    <shape name="temp11" type="ply">
        <string name="filename" value="meshes/Cube_007.ply"/>
        <boolean name="face_normals" value="true"/>
        <ref id="mat-Material" name="bsdf"/>
        <animation name="to_world">
            <transform time="0">
                <matrix value="0.9306385155320579 -0.25681590161506646 -0.2605718355766462 0.19130808397718768 -0.21247138878103353 0.20040490339428857 -0.956365086111727 -0.3884762914287371 0.2978506348100357 0.9454501557080074 0.13193879393939106 -1.7768758652585783 0.0 0.0 0.0 1.0"/>
            </transform>
            <transform time="0.0015">
                <matrix value="0.9305024347627833 -0.2567622037075731 -0.2611107716550972 0.19111330221064765 -0.21297420467039307 0.2005912834171033 -0.9562143249414559 -0.38718975336940814 0.2979171305630518 0.9454252328503692 0.1319672551633108 -1.7770526844579502 0.0 0.0 0.0 1.0"/>
            </transform>
        </animation>
    </shape>
    <shape name="temp12" type="ply">
        <string name="filename" value="meshes/Cube_008.ply"/>
        <boolean name="face_normals" value="true"/>
        <ref id="mat-Material" name="bsdf"/>
        <animation name="to_world">
            <transform time="0">
                <matrix value="0.40497531589799785 0.8739248012715286 -0.26876187000053425 1.6352801908394983 -0.49439477188148795 -0.03796366674106165 -0.8684077025163337 0.11568476427898844 -0.7691251925882981 0.4845586256812877 0.416692985346799 0.9207882900485395 0.0 0.0 0.0 1.0"/>
            </transform>
            <transform time="0.0015">
                <matrix value="0.4047185958885794 0.8740648994200537 -0.2686931402680415 1.6358806175908158 -0.4944220582458711 -0.0380163877085795 -0.8683898647848696 0.11577614017185549 -0.7692428430939104 0.4843018203759646 0.41677448914175735 0.9213134080358083 0.0 0.0 0.0 1.0"/>
            </transform>
        </animation>
    </shape>
    <shape name="temp13" type="ply">
        <string name="filename" value="meshes/Cube_009.ply"/>
        <boolean name="face_normals" value="true"/>
        <ref id="mat-Material" name="bsdf"/>
        <animation name="to_world">
            <transform time="0">
                <matrix value="-0.07573988036033735 0.990503375933153 0.1147414118758395 2.624156297517218 -0.8361288555335117 -0.0004005237545966714 -0.54846340671202 0.9414042609309863 -0.5432089243954633 -0.13748676012623506 0.8282187233612012 0.9270348497057833 0.0 0.0 0.0 1.0"/>
            </transform>
            <transform time="0.0015">
                <matrix value="-0.07579298664647982 0.9905032107319274 0.1147078308144919 2.6242066705913536 -0.8357840899259897 -0.00037669607595673373 -0.5489890240644493 0.9400288744278644 -0.543732216227967 -0.13748805995951532 0.8278753044786751 0.9276274444883605 0.0 0.0 0.0 1.0"/>
            </transform>
        </animation>
    </shape>
    <shape name="temp14" type="ply">
        <string name="filename" value="meshes/Cube_010.ply"/>
        <boolean name="face_normals" value="true"/>
        <ref id="mat-Material" name="bsdf"/>
        <animation name="to_world">
            <transform time="0">
                <matrix value="0.024481950775406144 0.9960506692419846 0.0851126494668576 1.8942961561962313 -0.997586551707631 0.018893709730238226 0.0660016353828966 1.9724147612992255 0.06412662868976131 -0.08647492923785467 0.9941508703366885 -0.2311683150844729 0.0 0.0 0.0 1.0"/>
            </transform>
            <transform time="0.0015">
                <matrix value="0.0249254995643398 0.9960322417961744 0.08520072326596209 1.8936419044958042 -0.9976148912299376 0.01938170078462269 0.06543348916813617 1.9715921720217187 0.06351631090750741 -0.0865805694143612 0.9941810481018469 -0.23011336006234817 0.0 0.0 0.0 1.0"/>
            </transform>
        </animation>
    </shape>
    <shape name="temp15" type="ply">
        <string name="filename" value="meshes/Cube_011.ply"/>
        <boolean name="face_normals" value="true"/>
        <ref id="mat-Material" name="bsdf"/>
        <animation name="to_world">
            <transform time="0">
                <matrix value="0.05870348405306838 0.9962211867182009 0.06293262118452027 1.435309208829905 -0.8511166132117789 0.017085014694747644 0.5246122998381637 2.2217034300810425 0.5215251220243002 -0.08431706447124981 0.8489705692541396 -1.2576908560303774 0.0 0.0 0.0 1.0"/>
            </transform>
            <transform time="0.0015">
                <matrix value="0.05945495691095587 0.9961532514687124 0.06330709440011553 1.4349671813867984 -0.851363243649151 0.017571808791160576 0.5241963300678836 2.221222235078364 0.5210380524415917 -0.08502111905486257 0.8491998555905463 -1.2565449973653147 0.0 0.0 0.0 1.0"/>
            </transform>
        </animation>
    </shape>
    <shape name="temp16" type="ply">
        <string name="filename" value="meshes/Cube_012.ply"/>
        <boolean name="face_normals" value="true"/>
        <ref id="mat-Material" name="bsdf"/>
        <animation name="to_world">
            <transform time="0">
                <matrix value="0.09453492474651036 0.9900500184596901 0.10422925430038565 1.101690861861723 -0.7414636178764492 0.00015969644760472487 0.6709824968169369 1.8458941522371008 0.6642897857726668 -0.1407159126700221 0.7341012320451836 -1.817793993967861 0.0 0.0 0.0 1.0"/>
            </transform>
            <transform time="0.0015">
                <matrix value="0.09457104806328848 0.9900497406212652 0.10419913100158285 1.1016088885937618 -0.7412813896417968 0.00016856442687190976 0.6711838776564585 1.845907537452419 0.6644880507302462 -0.14071785828991185 0.7339214505198111 -1.8182756172840366 0.0 0.0 0.0 1.0"/>
            </transform>
        </animation>
    </shape>
    <shape name="temp17" type="ply">
        <string name="filename" value="meshes/Cube_013.ply"/>
        <boolean name="face_normals" value="true"/>
        <ref id="mat-Material" name="bsdf"/>
        <animation name="to_world">
            <transform time="0">
                <matrix value="0.9099879083802727 0.16540253596510807 0.379986109410378 0.6687699092661059 -0.402578843743296 0.1366310231257157 0.9050311309010775 1.4689828337533566 0.09774862284961536 -0.9765798678828509 0.19085043692948944 -1.389523242828854 0.0 0.0 0.0 1.0"/>
            </transform>
            <transform time="0.0015">
                <matrix value="0.9100343749844151 0.1662278662703235 0.3795155711600653 0.6679854661065555 -0.4021878365244606 0.1357969709466989 0.905330976699111 1.4691629305228768 0.09892638690816513 -0.9765567772569885 0.1903653953099203 -1.391077816648338 0.0 0.0 0.0 1.0"/>
            </transform>
        </animation>
    </shape>
    <shape name="temp18" type="ply">
        <string name="filename" value="meshes/Cube_014.ply"/>
        <boolean name="face_normals" value="true"/>
        <ref id="mat-Material" name="bsdf"/>
        <animation name="to_world">
            <transform time="0">
                <matrix value="0.9374176679485202 0.30412568858815703 0.16957440803063306 0.11417499467900583 -0.2172063571424772 0.13008834578232584 0.9674181043836678 1.026591746835785 0.2721574720713725 -0.943707331521433 0.18800499361496215 -0.8727526720302785 0.0 0.0 0.0 1.0"/>
            </transform>
            <transform time="0.0015">
                <matrix value="0.9374233007477175 0.3040893668459468 0.16960834908054984 0.11418732019093383 -0.21721655043462224 0.130028124679162 0.9674239084546881 1.0266081560274802 0.2721299000777949 -0.9437273358880338 0.18794448660009372 -0.872786674480581 0.0 0.0 0.0 1.0"/>
            </transform>
        </animation>
    </shape>
    <shape name="temp19" type="ply">
        <string name="filename" value="meshes/Cube_015.ply"/>
        <boolean name="face_normals" value="true"/>
        <ref id="mat-Material" name="bsdf"/>
        <animation name="to_world">
            <transform time="0">
                <matrix value="0.9836260054926449 0.12596961347286217 0.12888565368745986 0.029209943568868635 -0.14953413134477606 0.17127595046545535 0.97380917034222 0.6393607405256899 0.10059536156957026 -0.9771365787623874 0.1873082538375236 -0.29387008194144376 0.0 0.0 0.0 1.0"/>
            </transform>
            <transform time="0.0015">
                <matrix value="0.9836308085310539 0.12592841529083565 0.12888930038017568 0.02915010792998108 -0.14952982775853388 0.17127502684042084 0.9738099958479224 0.6393581822569425 0.10055484052061436 -0.9771420529302747 0.18730146511691814 -0.293837588214761 0.0 0.0 0.0 1.0"/>
            </transform>
        </animation>
    </shape>
    <shape name="temp20" type="ply">
        <string name="filename" value="meshes/Cube_016.ply"/>
        <boolean name="face_normals" value="true"/>
        <ref id="mat-Material" name="bsdf"/>
        <animation name="to_world">
            <transform time="0">
                <matrix value="0.9850293071076386 0.022331208556952836 0.1709320973324678 0.059899924958586814 -0.17221429559223228 0.171484930843952 0.9700178620311748 0.3300481631526959 -0.007650442709302924 -0.984932825500654 0.17276397202781332 0.17131925370644432 0.0 0.0 0.0 1.0"/>
            </transform>
            <transform time="0.0015">
                <matrix value="0.985034684595824 0.02225054455302549 0.1709116486200813 0.0598553982329917 -0.172179919560191 0.1715241436076117 0.9700170365254726 0.32998130880854876 -0.007731903038565888 -0.9849278319181503 0.17278885974818253 0.1714981196881184 0.0 0.0 0.0 1.0"/>
            </transform>
        </animation>
    </shape>
    <shape name="temp21" type="ply">
        <string name="filename" value="meshes/Cube_017.ply"/>
        <boolean name="face_normals" value="true"/>
        <ref id="mat-Material" name="bsdf"/>
        <animation name="to_world">
            <transform time="0">
                <matrix value="0.9462623243213535 -0.09508673968499634 0.3090964686792735 0.2063003500287779 -0.2912670625696997 0.16471490729481064 0.9423544076618563 0.1330433226399138 -0.1405184281958133 -0.9817440965493938 0.1281697422487153 0.4182745237624985 0.0 0.0 0.0 1.0"/>
            </transform>
            <transform time="0.0015">
                <matrix value="0.9462555585795416 -0.09525804134139426 0.3090644611849811 0.20632966874487657 -0.2912084990106806 0.1647457451072429 0.9423671136413774 0.13295469889150213 -0.140685323408515 -0.9817223350424834 0.128153484041564 0.41851669331144153 0.0 0.0 0.0 1.0"/>
            </transform>
        </animation>
    </shape>
    <shape name="temp22" type="ply">
        <string name="filename" value="meshes/Cube_018.ply"/>
        <boolean name="face_normals" value="true"/>
        <ref id="mat-Material" name="bsdf"/>
        <animation name="to_world">
            <transform time="0">
                <matrix value="0.25749496478005485 0.9559260819777107 0.14104812252464538 0.8503787346827362 -0.4749322727458083 -0.0019100637641498218 0.879972280283542 -0.08564630196456878 0.841457944389187 -0.29360147510653434 0.4535081303446029 -0.1370749053085242 0.0 0.0 0.0 1.0"/>
            </transform>
            <transform time="0.0015">
                <matrix value="0.25740237464594184 0.9559258642124586 0.14121862179156963 0.8503600760117577 -0.4755152275703755 -0.001909562078064011 0.8796576434658117 -0.08536948604805483 0.8411572518450723 -0.2936021809663168 0.45406561051506755 -0.1371126986696934 0.0 0.0 0.0 1.0"/>
            </transform>
        </animation>
    </shape>
    <shape name="temp23" type="ply">
        <string name="filename" value="meshes/Cube_019.ply"/>
        <boolean name="face_normals" value="true"/>
        <ref id="mat-Material" name="bsdf"/>
        <animation name="to_world">
            <transform time="0">
                <matrix value="-0.08004862799121319 0.9840493676773956 -0.15886756708072097 0.504135955874841 -0.9140185221629461 -0.008874711893255019 0.4055754311496236 -0.04537635479598737 0.39769638687509645 0.17767369316866316 0.900149803720957 -0.057773096852512806 0.0 0.0 0.0 1.0"/>
            </transform>
            <transform time="0.0015">
                <matrix value="-0.0800380501368567 0.9840494878237416 -0.15887217459399133 0.5041376597689451 -0.9140304739096847 -0.00886828331283199 0.40554864051095507 -0.04535586042656689 0.3976710536399533 0.1776733695244438 0.900161062937907 -0.05777530630221381 0.0 0.0 0.0 1.0"/>
            </transform>
        </animation>
    </shape>
    <shape name="temp24" type="ply">
        <string name="filename" value="meshes/Cube_020.ply"/>
        <boolean name="face_normals" value="true"/>
        <ref id="mat-Material" name="bsdf"/>
        <animation name="to_world">
            <transform time="0">
                <matrix value="0.09562821365606053 0.9468293543770936 -0.30719490457229515 0.12269270144208233 -0.960053909364161 0.006203719734117886 -0.27974207928587247 0.14501005833001349 -0.2629625351529665 0.32167562747972944 0.9096006524248508 0.1141261752938037 0.0 0.0 0.0 1.0"/>
            </transform>
            <transform time="0.0015">
                <matrix value="0.09561014470679198 0.9468136315526252 -0.3072489709406264 0.12275920851802671 -0.9600822360195974 0.006203922475967646 -0.2796448823722252 0.14491983295270566 -0.2628657186657641 0.32172188071958924 0.9096122860980733 0.11411113320897052 0.0 0.0 0.0 1.0"/>
            </transform>
        </animation>
    </shape>
    <shape name="temp25" type="ply">
        <string name="filename" value="meshes/Cube_021.ply"/>
        <boolean name="face_normals" value="true"/>
        <ref id="mat-Material" name="bsdf"/>
        <animation name="to_world">
            <transform time="0">
                <matrix value="0.18630601903809568 0.9381638970178736 -0.2917841748455511 -0.16706933833543738 -0.7998444666656028 -0.027638369456617642 -0.5995701860100298 0.09238082731737181 -0.5705600086520681 0.3450860722159763 0.7452362794968184 0.30426534542862954 0.0 0.0 0.0 1.0"/>
            </transform>
            <transform time="0.0015">
                <matrix value="0.18634687518275456 0.9381653763197582 -0.2917533332716836 -0.16706357067251487 -0.7998127283154519 -0.02760375078886126 -0.5996141165299812 0.09239605028245597 -0.5705911565955043 0.3450848256976371 0.7452130121505287 0.30429983423568513 0.0 0.0 0.0 1.0"/>
            </transform>
        </animation>
    </shape>
    <shape name="temp26" type="ply">
        <string name="filename" value="meshes/Cube_022.ply"/>
        <boolean name="face_normals" value="true"/>
        <ref id="mat-Material" name="bsdf"/>
        <animation name="to_world">
            <transform time="0">
                <matrix value="0.6378220812124242 0.39999249097352446 -0.6581710518788464 -0.08377363061636761 -0.7117431878261147 -0.020412871305715414 -0.7021433019037862 -0.19546135383818708 -0.2942872858923421 0.9162910415228306 0.27167213291469294 0.6847204766898987 0.0 0.0 0.0 1.0"/>
            </transform>
            <transform time="0.0015">
                <matrix value="0.6378206291310449 0.3999958400529179 -0.6581704306219778 -0.08378078705622477 -0.7117436186634472 -0.020412776990833843 -0.7021428593646468 -0.19546194790723276 -0.29428938582541386 0.9162895847483858 0.2716747881495292 0.6847366601336948 0.0 0.0 0.0 1.0"/>
            </transform>
        </animation>
    </shape>
    <shape name="temp27" type="ply">
        <string name="filename" value="meshes/Cube_023.ply"/>
        <boolean name="face_normals" value="true"/>
        <ref id="mat-Material" name="bsdf"/>
        <animation name="to_world">
            <transform time="0">
                <matrix value="0.8568047274332612 0.28248530003775374 -0.4313790452559949 -0.06538250584344973 -0.48033095046868324 0.13298659013021902 -0.8669468975713216 -0.28711499866710355 -0.18753217931056493 0.9500085519468195 0.2496299231100548 0.2046990561325509 0.0 0.0 0.0 1.0"/>
            </transform>
            <transform time="0.0015">
                <matrix value="0.85680166370112 0.28251457820043263 -0.431365964820279 -0.06539158871130481 -0.48032672188005077 0.13299280019447535 -0.8669482847613161 -0.28711459680787615 -0.18755701628492888 0.9499989777848765 0.2496477097793106 0.20468561039113778 0.0 0.0 0.0 1.0"/>
            </transform>
        </animation>
    </shape>
    <shape name="temp28" type="ply">
        <string name="filename" value="meshes/Cube_024.ply"/>
        <boolean name="face_normals" value="true"/>
        <ref id="mat-Material" name="bsdf"/>
        <animation name="to_world">
            <transform time="0">
                <matrix value="0.8550774165066566 0.4438085990868189 -0.268097126331083 -0.1924150541393297 -0.37716210837424446 0.17758250021379868 -0.9089626216431272 -0.5116967823399496 -0.35579617642417827 0.8783493908302272 0.3192348734173923 -0.3435045110071272 0.0 0.0 0.0 1.0"/>
            </transform>
            <transform time="0.0015">
                <matrix value="0.8550490131565969 0.443856304695308 -0.2681087004316514 -0.1924659543811984 -0.37717825839143293 0.17754650511946646 -0.9089629535474817 -0.511711761917861 -0.3558472737317968 0.8783325703417941 0.319224218436575 -0.3435715649757569 0.0 0.0 0.0 1.0"/>
            </transform>
        </animation>
    </shape>
    <shape name="temp29" type="ply">
        <string name="filename" value="meshes/Cube_025.ply"/>
        <boolean name="face_normals" value="true"/>
        <ref id="mat-Material" name="bsdf"/>
        <animation name="to_world">
            <transform time="0">
                <matrix value="0.9006193409180766 0.3624123164720925 -0.23987897031867506 -0.2638732619870829 -0.3211478572834279 0.183062827607353 -0.9291675669388838 -0.7930898873470434 -0.2928288893971388 0.9138627057942569 0.28125784537003196 -0.7006630669144005 0.0 0.0 0.0 1.0"/>
            </transform>
            <transform time="0.0015">
                <matrix value="0.900624303525868 0.36239112566032544 -0.2398923571276413 -0.2638538121670431 -0.3211547203625631 0.18306213826769313 -0.9291653287120827 -0.7930969251902793 -0.2928061028893381 0.9138712512031126 0.28125381996593724 -0.7006241008826251 0.0 0.0 0.0 1.0"/>
            </transform>
        </animation>
    </shape>
    <shape name="temp30" type="ply">
        <string name="filename" value="meshes/Cube_026.ply"/>
        <boolean name="face_normals" value="true"/>
        <ref id="mat-Material" name="bsdf"/>
        <animation name="to_world">
            <transform time="0">
                <matrix value="0.9232308471048372 0.23489840912930754 -0.3040848876720308 -0.3322827419404911 -0.3499322062596294 0.18709479937341345 -0.9179014382764701 -1.1475253609708056 -0.15872094775604714 0.9538438915112541 0.2549302610135402 -0.8892155930706154 0.0 0.0 0.0 1.0"/>
            </transform>
            <transform time="0.0015">
                <matrix value="0.9232186719609634 0.2349045215746578 -0.30411709941515674 -0.33232865859293104 -0.3499638217413559 0.18708255345710242 -0.9178918811331331 -1.1475656390897604 -0.1587220136795213 0.9538447926088488 0.25492625263018165 -0.8892308307779069 0.0 0.0 0.0 1.0"/>
            </transform>
        </animation>
    </shape>
    <shape name="temp31" type="ply">
        <string name="filename" value="meshes/Cube_027.ply"/>
        <boolean name="face_normals" value="true"/>
        <ref id="mat-Material" name="bsdf"/>
        <animation name="to_world">
            <transform time="0">
                <matrix value="0.8728999232306255 0.17268631250482352 -0.45631709785962943 -0.5959976014624235 -0.483639967590204 0.18294022189173237 -0.8559352484822238 -1.5836646119234792 -0.0643295666696807 0.9678389438971431 0.24320658918888508 -1.027389705703045 0.0 0.0 0.0 1.0"/>
            </transform>
            <transform time="0.0015">
                <matrix value="0.8728834716273044 0.17269931083762607 -0.45634365871836025 -0.596069853535646 -0.48366849859576955 0.18292933062547195 -0.8559214616859585 -1.5836925621636837 -0.06433842117470774 0.9678386810770112 0.2432052785922031 -1.027413100218749 0.0 0.0 0.0 1.0"/>
            </transform>
        </animation>
    </shape>
    <shape name="temp32" type="ply">
        <string name="filename" value="meshes/Cube_028.ply"/>
        <boolean name="face_normals" value="true"/>
        <ref id="mat-Material" name="bsdf"/>
        <animation name="to_world">
            <transform time="0">
                <matrix value="-0.10556464938735202 0.9845785454598549 0.1395030190047662 -1.486253923473997 -0.7975252071266092 -3.077541127563759e-05 -0.6032856114199747 -2.121926374137926 -0.593977770567721 -0.17494278538993752 0.7852295233182718 -1.3571568910160812 0.0 0.0 0.0 1.0"/>
            </transform>
            <transform time="0.0015">
                <matrix value="-0.10556698707880358 0.98457880077084 0.13949946592609908 -1.48625414363909 -0.7975147712890029 -3.1772905287283146e-05 -0.60329939821624 -2.121928546845233 -0.5939913658790978 -0.17494136240665265 0.7852195576772677 -1.3572049092725904 0.0 0.0 0.0 1.0"/>
            </transform>
        </animation>
    </shape>
    <shape name="temp33" type="ply">
        <string name="filename" value="meshes/Cube_029.ply"/>
        <boolean name="face_normals" value="true"/>
        <ref id="mat-Material" name="bsdf"/>
        <animation name="to_world">
            <transform time="0">
                <matrix value="-0.003977557811948719 0.9774553995114962 0.21110411512263483 -1.5905932136015166 -0.9989246968673486 -0.01363542529248701 0.044313084812498314 -1.8291744306400441 0.046192491671498 -0.21070098847990187 0.9764585710091386 -0.12987926540662742 0.0 0.0 0.0 1.0"/>
            </transform>
            <transform time="0.0015">
                <matrix value="-0.003947022934079523 0.977452065450396 0.2111201035511185 -1.5905083017539705 -0.9989239309343132 -0.013610382814143165 0.044338064444842645 -1.8291546615052168 0.046211692655277095 -0.21071804926102689 0.9764539754103835 -0.1298796495940604 0.0 0.0 0.0 1.0"/>
            </transform>
        </animation>
    </shape>
    <shape name="temp34" type="ply">
        <string name="filename" value="meshes/Cube_030.ply"/>
        <boolean name="face_normals" value="true"/>
        <ref id="mat-Material" name="bsdf"/>
        <animation name="to_world">
            <transform time="0">
                <matrix value="-0.04313299282579694 0.9786061522585372 -0.20117043453788358 -3.2286333942994805 -0.9740672850597387 0.0035727031165370027 0.22622975127137024 -1.9062622614563087 0.22210847800856323 0.20571148902030095 0.9530743334958793 0.259366471000141 0.0 0.0 0.0 1.0"/>
            </transform>
            <transform time="0.0015">
                <matrix value="-0.04312980622520238 0.9786060327273814 -0.2011717104334674 -3.2286259776688553 -0.9740707656387666 0.0035729350931017288 0.22621475909618863 -1.9062955961778063 0.222093830972615 0.20571206540769155 0.9530776271464816 0.25932048461662016 0.0 0.0 0.0 1.0"/>
            </transform>
        </animation>
    </shape>
    <shape name="temp35" type="ply">
        <string name="filename" value="meshes/Cube_031.ply"/>
        <boolean name="face_normals" value="true"/>
        <ref id="mat-Material" name="bsdf"/>
        <animation name="to_world">
            <transform time="0">
                <matrix value="0.13330682751003053 0.9770327038961418 0.1662401228121021 -1.895321174083963 -0.7832238084347025 0.0010781209912749284 0.6217244472013393 -1.199882553799978 0.6072659198939059 -0.21308666876641297 0.7653788164253148 0.5808728228670126 0.0 0.0 0.0 1.0"/>
            </transform>
            <transform time="0.0015">
                <matrix value="0.13335201755911424 0.9770321557284384 0.16620710088193635 -1.8952509190160978 -0.7830319581662939 0.0010680570827892963 0.621966158675121 -1.1991308588602565 0.6075034389195453 -0.21308922938541103 0.7651896479639665 0.5812190672559177 0.0 0.0 0.0 1.0"/>
            </transform>
        </animation>
    </shape>
    <shape name="temp36" type="ply">
        <string name="filename" value="meshes/Cube_032.ply"/>
        <boolean name="face_normals" value="true"/>
        <ref id="mat-Material" name="bsdf"/>
        <animation name="to_world">
            <transform time="0">
                <matrix value="0.6921681054275771 0.613497579381882 0.379862592850176 -0.6753727314509443 -0.48136902134117693 0.0005293644652008769 0.8762897138245407 -0.4071253645113336 0.5373898324016404 -0.7896955298348224 0.29567098687013055 -0.1303636161846533 0.0 0.0 0.0 1.0"/>
            </transform>
            <transform time="0.0015">
                <matrix value="0.6916629406769093 0.6134704638534303 0.38082686010377853 -0.6757549955744554 -0.48262941202160536 0.0006064522380495327 0.8755973017684059 -0.41105356635294005 0.5369114912641468 -0.7897165404270705 0.29648427168389235 -0.13082067343437753 0.0 0.0 0.0 1.0"/>
            </transform>
        </animation>
    </shape>
    <shape name="temp37" type="ply">
        <string name="filename" value="meshes/Cube_033.ply"/>
        <boolean name="face_normals" value="true"/>
        <ref id="mat-Material" name="bsdf"/>
        <animation name="to_world">
            <transform time="0">
                <matrix value="0.9766152595531774 0.1697457151617674 0.13194366368319999 -0.14370754018325682 -0.15010569086231687 0.09898455017802651 0.9837025513202442 0.3004188377365502 0.15391891700220023 -0.98050406426058 0.12214961602306462 -0.3842240392630108 0.0 0.0 0.0 1.0"/>
            </transform>
            <transform time="0.0015">
                <matrix value="0.9766152116823628 0.16974616420873537 0.1319434517750352 -0.143718797564809 -0.1501055775680554 0.09898482200913422 0.9837025428098762 0.3004206779610282 0.1539193414567573 -0.9805039591325273 0.12214992494942538 -0.3842519785228958 0.0 0.0 0.0 1.0"/>
            </transform>
        </animation>
    </shape>
    <shape name="temp38" type="ply">
        <string name="filename" value="meshes/Cube_034.ply"/>
        <boolean name="face_normals" value="true"/>
        <ref id="mat-Material" name="bsdf"/>
        <animation name="to_world">
            <transform time="0">
                <matrix value="0.9999180003794144 -0.001189432922492246 0.01275871695961564 -0.03382007547441157 -0.012342587322947306 0.17820054523875575 0.9839169618850352 0.3694010231371042 -0.003443913146001876 -0.9839934671469662 0.17817124335906417 -0.3767540833069251 0.0 0.0 0.0 1.0"/>
            </transform>
            <transform time="0.0015">
