
<scene version="2.1.0">
    <default name="spp" value="1024"/>
    <default name="resx" value="1280"/>
    <default name="resy" value="720"/>
    <integrator name="temp0" type="path">
        <integer name="max_depth" value="12"/>
    </integrator>
    <sensor name="temp44" type="perspective">
        <string name="fov_axis" value="x"/>
        <float name="fov" value="83.974423"/>
        <float name="principal_point_offset_x" value="0.000000"/>
        <float name="principal_point_offset_y" value="-0.000000"/>
        <float name="near_clip" value="0.100000"/>
        <float name="far_clip" value="1000.000000"/>
        <sampler name="sampler" type="correlated">
            <integer name="sample_count" value="1024"/>
        </sampler>
        <film name="film" type="hdrfilm">
            <integer name="width" value="$resx"/>
            <integer name="height" value="$resy"/>
        </film>
        <float name="shutter_open" value="0.0"/>
        <float name="shutter_close" value="0.0015"/>
        <animation name="to_world">
            <transform time="0">
                <rotate angle="-142.5518126578256" x="1"/>
                <rotate angle="3.976628485794621e-06" y="1"/>
                <rotate angle="-179.999991348578" z="1"/>
                <translate value="-0.000000 3.030926 4.073377"/>
                <translate x="25.349999999999998" y="0.0" z="0.0"/>
            </transform>
            <transform time="0.0015">
                <rotate angle="-142.5518126578256" x="1"/>
                <rotate angle="3.976628485794621e-06" y="1"/>
                <rotate angle="-179.999991348578" z="1"/>
                <translate value="-0.000000 3.030926 4.073377"/>
                <translate x="25.5" y="0.0" z="0.0"/>
            </transform>
        </animation>
    </sensor>
    <bsdf id="mat-Material" name="mat-Material" type="twosided">
        <bsdf name="bsdf" type="diffuse">
            <texture name="reflectance" type="bitmap">
                <string name="filename" value="textures/siggraph_2023_logo.jpg"/>
            </texture>
        </bsdf>
    </bsdf>
    <bsdf id="mat-Material.001" name="mat-Material.001" type="twosided">
        <bsdf name="bsdf" type="principled">
            <rgb name="base_color" value="0.433648 0.266232 0.084399"/>
            <float name="spec_tint" value="0.000000"/>
            <float name="spec_trans" value="0.000000"/>
            <float name="metallic" value="0.000000"/>
            <float name="anisotropic" value="0.000000"/>
            <float name="roughness" value="0.500000"/>
            <float name="sheen" value="0.000000"/>
            <float name="sheen_tint" value="0.500000"/>
            <float name="clearcoat" value="0.000000"/>
            <float name="clearcoat_gloss" value="0.173205"/>
            <float name="specular" value="0.500000"/>
        </bsdf>
    </bsdf>
    <bsdf id="mat-Material.002" name="mat-Material.002" type="twosided">
        <bsdf name="bsdf" type="principled">
            <rgb name="base_color" value="0.433648 0.266232 0.084399"/>
            <float name="spec_tint" value="0.000000"/>
            <float name="spec_trans" value="0.000000"/>
            <float name="metallic" value="0.000000"/>
            <float name="anisotropic" value="0.000000"/>
            <float name="roughness" value="0.500000"/>
            <float name="sheen" value="0.000000"/>
            <float name="sheen_tint" value="0.500000"/>
            <float name="clearcoat" value="0.000000"/>
            <float name="clearcoat_gloss" value="0.173205"/>
            <float name="specular" value="0.500000"/>
        </bsdf>
    </bsdf>
    <bsdf id="mat-Material.003" name="mat-Material.003" type="twosided">
        <bsdf name="bsdf" type="principled">
            <rgb name="base_color" value="0.433648 0.266232 0.084399"/>
            <float name="spec_tint" value="0.000000"/>
            <float name="spec_trans" value="0.000000"/>
            <float name="metallic" value="0.000000"/>
            <float name="anisotropic" value="0.000000"/>
            <float name="roughness" value="0.500000"/>
            <float name="sheen" value="0.000000"/>
            <float name="sheen_tint" value="0.500000"/>
            <float name="clearcoat" value="0.000000"/>
            <float name="clearcoat_gloss" value="0.173205"/>
            <float name="specular" value="0.500000"/>
        </bsdf>
    </bsdf>
    <bsdf id="mat-Material.004" name="mat-Material.004" type="twosided">
        <bsdf name="bsdf" type="principled">
            <rgb name="base_color" value="0.433648 0.266232 0.084399"/>
            <float name="spec_tint" value="0.000000"/>
            <float name="spec_trans" value="0.000000"/>
            <float name="metallic" value="0.000000"/>
            <float name="anisotropic" value="0.000000"/>
            <float name="roughness" value="0.500000"/>
            <float name="sheen" value="0.000000"/>
            <float name="sheen_tint" value="0.500000"/>
            <float name="clearcoat" value="0.000000"/>
            <float name="clearcoat_gloss" value="0.173205"/>
            <float name="specular" value="0.500000"/>
        </bsdf>
    </bsdf>
    <bsdf id="mat-Material.005" name="mat-Material.005" type="twosided">
        <bsdf name="bsdf" type="principled">
            <rgb name="base_color" value="0.433648 0.266232 0.084399"/>
            <float name="spec_tint" value="0.000000"/>
            <float name="spec_trans" value="0.000000"/>
            <float name="metallic" value="0.000000"/>
            <float name="anisotropic" value="0.000000"/>
            <float name="roughness" value="0.500000"/>
            <float name="sheen" value="0.000000"/>
            <float name="sheen_tint" value="0.500000"/>
            <float name="clearcoat" value="0.000000"/>
            <float name="clearcoat_gloss" value="0.173205"/>
            <float name="specular" value="0.500000"/>
        </bsdf>
    </bsdf>
    <emitter name="temp45" type="point">
        <point name="position" x="-6.815235034541981e-16" y="3.0693089962005615" z="4.109199523925781"/>
        <rgb name="intensity" value="7.957747 7.957747 7.957747"/>
    </emitter>
    <shape name="temp2" type="ply">
        <string name="filename" value="meshes/Cube.ply"/>
        <boolean name="face_normals" value="true"/>
        <ref id="mat-Material" name="bsdf"/>
        <animation name="to_world">
            <transform time="0">
                <matrix value="0.9999991135176153 0.00013529607465640988 0.001369700548579004 -0.00224804545620394 -0.0001333972043891516 0.9999989570796561 -0.0013854007444561748 -0.015672932981540155 -0.0013698900939139438 0.0013852161869580726 0.999998227035021 0.0030678356003817076 0.0 0.0 0.0 1.0"/>
            </transform>
            <transform time="0.0015">
                <matrix value="0.9999991135176153 0.0001357835909825449 0.0013701347475576792 -0.0022487529160971007 -0.00013386297145931533 0.999998942061363 -0.0014008406797180657 -0.015651379128829062 -0.0013703269948828391 0.0014006555180530072 0.9999982015039168 0.0030700670009629373 0.0 0.0 0.0 1.0"/>
            </transform>
        </animation>
    </shape>
    <shape name="temp4" type="ply">
        <string name="filename" value="meshes/Plane.ply"/>
        <boolean name="face_normals" value="true"/>
        <ref id="mat-Material.001" name="bsdf"/>
    </shape>
    <shape name="temp5" type="ply">
        <string name="filename" value="meshes/Cube_001.ply"/>
        <boolean name="face_normals" value="true"/>
        <ref id="mat-Material" name="bsdf"/>
        <animation name="to_world">
            <transform time="0">
                <matrix value="0.9999986702764229 -1.921121848555452e-05 -0.0016514707808279604 0.0022009258723052483 1.763811838794952e-05 0.9999966626548997 -0.0009630095678646078 -0.016781603147692753 0.0016509936581050198 0.0009629773707143795 0.99999550848872 -0.0035664816345297723 0.0 0.0 0.0 1.0"/>
            </transform>
            <transform time="0.0015">
                <matrix value="0.9999986702764229 -3.4165939294096925e-05 -0.0016519920408719405 0.0022041405314750934 3.287314878099063e-05 0.9999968278561255 -0.0007929405000460561 -0.016987267180786116 0.0016515263007033298 0.0007928832601847219 0.9999956786960812 -0.003560161792441256 0.0 0.0 0.0 1.0"/>
            </transform>
        </animation>
    </shape>
    <shape name="temp6" type="ply">
        <string name="filename" value="meshes/Cube_002.ply"/>
        <boolean name="face_normals" value="true"/>
        <ref id="mat-Material" name="bsdf"/>
        <animation name="to_world">
            <transform time="0">
                <matrix value="1.0 4.637703030517935e-05 0.00036191061325203857 -0.0008712929486531795 -4.711924251853191e-05 0.9999958283186248 0.0020624864959167435 -0.018922235039459195 -0.0003617145101209694 -0.0020624986702765615 0.9999958630817157 0.0007288529784828524 0.0 0.0 0.0 1.0"/>
            </transform>
            <transform time="0.0015">
                <matrix value="1.0 4.280446594278458e-05 0.000362048055696288 -0.0008700602010697318 -4.3494882500677225e-05 0.9999961286844896 0.001918506974135189 -0.018843018333625478 -0.0003618661648619621 -0.0019185181878197803 0.999996160944598 0.0007192437332248445 0.0 0.0 0.0 1.0"/>
            </transform>
        </animation>
    </shape>
    <shape name="temp7" type="ply">
        <string name="filename" value="meshes/Cube_003.ply"/>
        <boolean name="face_normals" value="true"/>
        <ref id="mat-Material" name="bsdf"/>
        <animation name="to_world">
            <transform time="0">
                <matrix value="0.9999991135176153 0.00013136833234951182 0.001317360258446287 -0.0012514421196194725 -0.00013238772257356473 0.9999959326106591 0.0007622059182989368 -0.01758306033786064 -0.0013163288282298543 -0.0007623852005431528 0.9999952720933893 0.004026311847252745 0.0 0.0 0.0 1.0"/>
            </transform>
            <transform time="0.0015">
                <matrix value="0.9999991135176153 0.00015593795973057508 0.0013177917341071813 -0.0012496730300719035 -0.00015721509086071564 0.9999957749185799 0.0009577063487987081 -0.017581863809714937 -0.001316715624412689 -0.0009579184225412258 0.9999951189067642 0.004030400041622414 0.0 0.0 0.0 1.0"/>
            </transform>
        </animation>
    </shape>
    <shape name="temp8" type="ply">
        <string name="filename" value="meshes/Cube_004.ply"/>
        <boolean name="face_normals" value="true"/>
        <ref id="mat-Material" name="bsdf"/>
        <animation name="to_world">
            <transform time="0">
                <matrix value="0.9999995567588077 0.0001301341404146234 0.001041388803655239 -0.0005202117783651428 -0.00013000064713214086 0.9999995828318625 -0.00012156157081860393 -0.01747736940581221 -0.0010412156687534461 0.00012142721563212442 0.9999991726163432 0.0032392928235586097 0.0 0.0 0.0 1.0"/>
            </transform>
            <transform time="0.0015">
                <matrix value="0.9999995567588076 0.00011270230231844145 0.0010420208686914253 -0.0005191631272186011 -0.00011251045457211548 0.9999995828318625 -0.00017751741105321125 -0.017522047815491278 -0.0010418528292972002 0.00017740114546659167 0.9999991641059751 0.0032380944835221216 0.0 0.0 0.0 1.0"/>
            </transform>
        </animation>
    </shape>
    <shape name="temp9" type="ply">
        <string name="filename" value="meshes/Cube_005.ply"/>
        <boolean name="face_normals" value="true"/>
        <ref id="mat-Material" name="bsdf"/>
        <animation name="to_world">
            <transform time="0">
                <matrix value="0.9999997783794039 0.0003911670904399664 0.0007999653444445442 -0.0006790471800557363 -0.0003942353380245981 0.999991552345215 0.0038390010689796847 -0.01525436970236968 -0.0007982618739883021 -0.0038393203913871464 0.9999914897681009 0.002100844569501825 0.0 0.0 0.0 1.0"/>
            </transform>
            <transform time="0.0015">
                <matrix value="0.9999997943363421 0.0003809084697824279 0.0007999475577752884 -0.0006785210057210856 -0.00038389771537324866 0.9999919353116928 0.003740205057150134 -0.015319683043049925 -0.0007983223507842155 -0.00374051601632496 0.9999918642242958 0.0020940458588263105 0.0 0.0 0.0 1.0"/>
            </transform>
        </animation>
    </shape>
    <shape name="temp10" type="ply">
        <string name="filename" value="meshes/Cube_006.ply"/>
        <boolean name="face_normals" value="true"/>
        <ref id="mat-Material" name="bsdf"/>
        <animation name="to_world">
            <transform time="0">
                <matrix value="0.9999991135176153 0.00010003577216779337 -0.001347966361890047 -0.0011880686835650245 -9.97720410547722e-05 0.9999993742477937 0.00018751468605990925 -0.01743794612276467 0.0013478321959764336 -0.00018738254109627612 0.9999985816280168 -0.0032297258288911945 0.0 0.0 0.0 1.0"/>
            </transform>
            <transform time="0.0015">
                <matrix value="0.9999991135176153 8.971376680361927e-05 -0.0013487559538391156 -0.00118696796355714 -8.934812328144377e-05 0.9999993592295005 0.00026298267267550035 -0.017412126858993016 0.001348627330208722 -0.00026286440784836784 0.9999985646072806 -0.003228547069527716 0.0 0.0 0.0 1.0"/>
            </transform>
        </animation>
    </shape>
    <shape name="temp11" type="ply">
        <string name="filename" value="meshes/Cube_007.ply"/>
        <boolean name="face_normals" value="true"/>
        <ref id="mat-Material" name="bsdf"/>
        <animation name="to_world">
            <transform time="0">
                <matrix value="0.999998670276423 -0.0016894506521380913 -7.134706569568073e-05 0.0006484969149798125 0.001689750667964477 0.999988006416046 0.004398974327939895 -0.017299895804909232 6.32917395798428e-05 -0.004399089113371699 0.9999895986054568 0.00011346867946548933 0.0 0.0 0.0 1.0"/>
            </transform>
            <transform time="0.0015">
                <matrix value="0.9999986064486701 -0.0017258387001129983 -7.16839656362691e-05 0.0006489690771608438 0.0017261455718313753 0.9999875633763953 0.004487661724581862 -0.017295550349476968 6.331870680546125e-05 -0.004487779719214683 0.9999892071285257 0.00011453469429055107 0.0 0.0 0.0 1.0"/>
            </transform>
        </animation>
    </shape>
    <shape name="temp12" type="ply">
        <string name="filename" value="meshes/Cube_008.ply"/>
        <boolean name="face_normals" value="true"/>
        <ref id="mat-Material" name="bsdf"/>
        <animation name="to_world">
            <transform time="0">
                <matrix value="0.999997562173442 0.002214718526228404 9.720611450706136e-05 0.00011606919462692211 -0.0022144130511482607 0.9999929081416621 -0.003048223229056201 -0.01657074799192243 -0.00010396266490788562 0.0030480087521875254 0.9999955084887199 -7.02254414872705e-05 0.0 0.0 0.0 1.0"/>
            </transform>
            <transform time="0.0015">
                <matrix value="0.9999975781303804 0.002209808895984059 9.719432764729137e-05 0.00011695085597078397 -0.002209504218238792 0.9999929381782485 -0.0030414711030334455 -0.016573965735648233 -0.00010392095347133733 0.003041257353551222 0.999995525509456 -6.907341043629027e-05 0.0 0.0 0.0 1.0"/>
            </transform>
        </animation>
    </shape>
    <shape name="temp13" type="ply">
        <string name="filename" value="meshes/Cube_009.ply"/>
        <boolean name="face_normals" value="true"/>
        <ref id="mat-Material" name="bsdf"/>
        <animation name="to_world">
            <transform time="0">
                <matrix value="0.9999988918970191 -0.0013377445387476195 0.0009038398166328701 0.001664050617231183 0.0013371279211810783 0.9999987484955875 0.0006856150131837675 -0.01950751980096177 -0.0009047793811289176 -0.0006844060464349854 0.9999994090116737 0.0015456538296637623 0.0 0.0 0.0 1.0"/>
            </transform>
            <transform time="0.0015">
                <matrix value="0.9999989078539573 -0.001319705991640973 0.0009040623627577693 0.0016627777099338956 0.0013190954639889867 0.999998778532174 0.000678725870235166 -0.019480713238379514 -0.0009049804385506883 -0.0006775329245319404 0.9999994175220417 0.0015450502351487235 0.0 0.0 0.0 1.0"/>
            </transform>
        </animation>
    </shape>
    <shape name="temp14" type="ply">
        <string name="filename" value="meshes/Cube_010.ply"/>
        <boolean name="face_normals" value="true"/>
        <ref id="mat-Material" name="bsdf"/>
        <animation name="to_world">
            <transform time="0">
                <matrix value="0.9999831568346906 -0.0003394721362971739 0.005822807043257036 0.012101031011332974 0.0003383563641456881 0.9999998957079657 0.00019267590531137757 -0.018087202188969226 -0.005822868408781849 -0.00019069746340913976 0.9999832159315324 0.009565273954030618 0.0 0.0 0.0 1.0"/>
            </transform>
            <transform time="0.0015">
                <matrix value="0.9999831249208142 -0.0003490358229805866 0.005825503978896828 0.012110074918768126 0.0003479184476849029 0.999999888198819 0.00019289860462290198 -0.018103612114004825 -0.005825567684453811 -0.00019086355822327004 0.9999831989107963 0.009569768785027341 0.0 0.0 0.0 1.0"/>
            </transform>
        </animation>
    </shape>
    <shape name="temp15" type="ply">
        <string name="filename" value="meshes/Cube_011.ply"/>
        <boolean name="face_normals" value="true"/>
        <ref id="mat-Material" name="bsdf"/>
        <animation name="to_world">
            <transform time="0">
                <matrix value="0.9999982270352306 -0.0009437125461231524 -0.001051984042369608 -0.002238985261002413 0.0009435191045818728 0.9999984356194842 -0.00017724567290167235 -0.019415415004400333 0.0010527798314619692 0.00017623267970038982 0.9999994090116737 -0.0015867949075609733 0.0 0.0 0.0 1.0"/>
            </transform>
            <transform time="0.0015">
                <matrix value="0.9999981312936013 -0.0010395042515606236 -0.0010530154138754027 -0.002239176401859 0.001039274744188236 0.9999983380005781 -0.00021139616297650627 -0.019604504552155032 0.0010538602757499127 0.0002102814032281698 0.9999994005013056 -0.0015887053307122852 0.0 0.0 0.0 1.0"/>
            </transform>
        </animation>
    </shape>
    <shape name="temp16" type="ply">
        <string name="filename" value="meshes/Cube_012.ply"/>
        <boolean name="face_normals" value="true"/>
        <ref id="mat-Material" name="bsdf"/>
        <animation name="to_world">
            <transform time="0">
                <matrix value="0.9999716325636894 0.006661184382059268 0.0010043844241953458 0.02366005723922182 -0.006670529513658033 0.9999457681421209 0.005711522759433238 -0.0016032564799349502 -0.0009513890735727191 -0.005720834211124623 0.9999729327346543 -0.040038471881997495 0.0 0.0 0.0 1.0"/>
            </transform>
            <transform time="0.0015">
                <matrix value="0.9999699730421128 0.006900446819044237 0.001066512000371413 0.024981953899384342 -0.006910452132903854 0.9999423289529681 0.006033384964754477 -0.0008679212987642883 -0.0010099993385500178 -0.006043333210578143 0.9999710349225758 -0.042160974372760646 0.0 0.0 0.0 1.0"/>
            </transform>
        </animation>
    </shape>
    <shape name="temp17" type="ply">
        <string name="filename" value="meshes/Cube_013.ply"/>
        <boolean name="face_normals" value="true"/>
        <ref id="mat-Material" name="bsdf"/>
        <animation name="to_world">
            <transform time="0">
                <matrix value="0.998801254195278 0.04107694040544572 0.02454277597145479 0.06916232973146619 -0.04325768314282827 0.9945446922654941 0.09197630515043961 0.13240989914754722 -0.02043017000959174 -0.0929687979091533 0.9952170132773802 -0.15560868515158643 0.0 0.0 0.0 1.0"/>
            </transform>
            <transform time="0.0015">
                <matrix value="0.9987656223521975 0.041715922226262206 0.02492316899907606 0.06987567987630622 -0.04396093716518554 0.9943730331737171 0.09350172309625324 0.1348931855179456 -0.020682843977751143 -0.09452282481353597 0.995066652094408 -0.1570171049363696 0.0 0.0 0.0 1.0"/>
            </transform>
        </animation>
    </shape>
    <shape name="temp18" type="ply">
        <string name="filename" value="meshes/Cube_014.ply"/>
        <boolean name="face_normals" value="true"/>
        <ref id="mat-Material" name="bsdf"/>
        <animation name="to_world">
            <transform time="0">
                <matrix value="0.9914137532423093 0.1269507094987099 -0.027585845782305433 -0.011226301209570744 -0.1006216900963961 0.8857645544748585 0.4502974089653402 0.4589180949019076 0.08227033014376972 -0.44358697851375506 0.8911192656993685 -0.2284272427173315 0.0 0.0 0.0 1.0"/>
            </transform>
            <transform time="0.0015">
                <matrix value="0.9912805606788554 0.12801073968342283 -0.027494694634108655 -0.011107621873046801 -0.10132229542657561 0.884091877046532 0.4534311307356995 0.4622626981426111 0.08301860682692858 -0.446623662389367 0.889538558445347 -0.23027392894060117 0.0 0.0 0.0 1.0"/>
            </transform>
        </animation>
    </shape>
    <shape name="temp19" type="ply">
        <string name="filename" value="meshes/Cube_015.ply"/>
        <boolean name="face_normals" value="true"/>
        <ref id="mat-Material" name="bsdf"/>
        <animation name="to_world">
            <transform time="0">
                <matrix value="0.9887764681478015 0.14893115265642243 0.003471811747996904 0.003266525888798999 -0.10787488896808131 0.701716334009841 0.7028079273755721 0.44719360785686874 0.10264211642350454 -0.6952515836745421 0.7100123114688139 -0.20891854569297968 0.0 0.0 0.0 1.0"/>
            </transform>
            <transform time="0.0015">
                <matrix value="0.9886561368765656 0.14972670468979393 0.00361504864655074 0.003247392673200109 -0.10821553130276314 0.6994140521829997 0.7050543496611086 0.44871881723085927 0.1034432791870582 -0.6974048615049646 0.7077879820987742 -0.21023799311267177 0.0 0.0 0.0 1.0"/>
            </transform>
        </animation>
    </shape>
    <shape name="temp20" type="ply">
        <string name="filename" value="meshes/Cube_016.ply"/>
        <boolean name="face_normals" value="true"/>
        <ref id="mat-Material" name="bsdf"/>
        <animation name="to_world">
            <transform time="0">
                <matrix value="0.9860735833568252 0.15356742375730828 0.06323331604495483 0.08264154820981662 -0.14744449290548148 0.6367778558809236 0.7560383641254012 0.24847168630453614 0.07604786650284473 -0.7548058812364029 0.6506221215913566 -0.1865228918844775 0.0 0.0 0.0 1.0"/>
            </transform>
            <transform time="0.0015">
                <matrix value="0.9859724323253487 0.15419000034549984 0.06329876077537452 0.08256328550088879 -0.14771453536263296 0.6348715013188697 0.7575913360898987 0.249037706317146 0.07683591585455624 -0.7562874809197878 0.6488111663293371 -0.18719355536399407 0.0 0.0 0.0 1.0"/>
            </transform>
        </animation>
    </shape>
    <shape name="temp21" type="ply">
        <string name="filename" value="meshes/Cube_017.ply"/>
        <boolean name="face_normals" value="true"/>
        <ref id="mat-Material" name="bsdf"/>
        <animation name="to_world">
            <transform time="0">
                <matrix value="0.9541786120168005 0.23350392033757245 0.1867630080076554 0.20674046204189828 -0.29363667430814483 0.6118541455040747 0.7338591632267206 0.09002875939456047 0.057318532623438244 -0.7551087453042512 0.6524119888364669 -0.18051051623862738 0.0 0.0 0.0 1.0"/>
            </transform>
            <transform time="0.0015">
                <matrix value="0.9540531904822676 0.23335563721922936 0.18758915794482103 0.20667615582316082 -0.2940471713313414 0.6101827821764072 0.7350884093003944 0.09017134105042683 0.05730341821154132 -0.7565088857650815 0.6507927806773195 -0.1801173096103128 0.0 0.0 0.0 1.0"/>
            </transform>
        </animation>
    </shape>
    <shape name="temp22" type="ply">
        <string name="filename" value="meshes/Cube_018.ply"/>
        <boolean name="face_normals" value="true"/>
        <ref id="mat-Material" name="bsdf"/>
        <animation name="to_world">
            <transform time="0">
                <matrix value="0.03859106922186349 0.9926055904702111 0.11494925065044176 0.8948685510128257 -0.7103381132463518 -0.053744459485673406 0.7013802177768342 0.1255230730276729 0.7023741771227264 -0.10870952165415511 0.7030112273598282 -0.3769921970643482 0.0 0.0 0.0 1.0"/>
            </transform>
            <transform time="0.0015">
                <matrix value="0.038852446423275455 0.9925601826605883 0.11525361800702813 0.8947799163074749 -0.7091031260115946 -0.053965832131746314 0.7026140168974229 0.12422187179001347 0.703608797347904 -0.10901470313476062 0.7017305276008335 -0.37641894301000517 0.0 0.0 0.0 1.0"/>
            </transform>
        </animation>
    </shape>
    <shape name="temp23" type="ply">
        <string name="filename" value="meshes/Cube_019.ply"/>
        <boolean name="face_normals" value="true"/>
        <ref id="mat-Material" name="bsdf"/>
        <animation name="to_world">
            <transform time="0">
                <matrix value="-0.080662450556445 0.9899459350093759 -0.11617524411363807 0.44704913071419417 -0.8562575461812998 -0.009161218798430616 0.516466944131746 -0.10016818518851064 0.5102105041070728 0.14113557338717583 0.848387618369052 -0.030495963647392488 0.0 0.0 0.0 1.0"/>
            </transform>
            <transform time="0.0015">
                <matrix value="-0.08072225077817735 0.9899265839385312 -0.11629863168502819 0.44716350007563027 -0.8562962098426451 -0.009159417354156017 0.5164028865913208 -0.10013691460005329 0.5101361766887706 0.14127143337334763 0.8484097112845486 -0.030538458357238042 0.0 0.0 0.0 1.0"/>
            </transform>
        </animation>
    </shape>
    <shape name="temp24" type="ply">
        <string name="filename" value="meshes/Cube_020.ply"/>
        <boolean name="face_normals" value="true"/>
        <ref id="mat-Material" name="bsdf"/>
        <animation name="to_world">
            <transform time="0">
                <matrix value="0.11912002257734565 0.9926651841854843 0.019906508097451654 -0.17099516707322843 -0.9075007649043427 0.11698667658753478 -0.4033273122901052 0.26248018074627966 -0.40271577914885137 0.029940455869662264 0.9148061956907358 0.12472359338301003 0.0 0.0 0.0 1.0"/>
            </transform>
            <transform time="0.0015">
                <matrix value="0.1187686461539777 0.992710865798216 0.01973126855523109 -0.1708770820717505 -0.9073359446643332 0.11657889195896856 -0.4038164371841349 0.26296355976956665 -0.40319112692498155 0.030019311971234686 0.9145943556084778 0.12487894992013457 0.0 0.0 0.0 1.0"/>
            </transform>
        </animation>
    </shape>
    <shape name="temp25" type="ply">
        <string name="filename" value="meshes/Cube_021.ply"/>
        <boolean name="face_normals" value="true"/>
        <ref id="mat-Material" name="bsdf"/>
        <animation name="to_world">
            <transform time="0">
                <matrix value="0.28908870940575543 0.9415961478694181 -0.17235253777479187 -0.21379860516941784 -0.739649431676143 0.10544109273021945 -0.664537769118354 0.16981089880073869 -0.6076581883491393 0.31954224140268617 0.7270292293370388 0.15458985070594855 0.0 0.0 0.0 1.0"/>
            </transform>
            <transform time="0.0015">
                <matrix value="0.2885428496755049 0.9416610644419646 -0.17291347740987487 -0.2139418308010265 -0.7395033937774094 0.1045074392304095 -0.6648484656356703 0.17016971085296834 -0.6080956478108728 0.3196590386692435 0.7266122638536952 0.1551170859177971 0.0 0.0 0.0 1.0"/>
            </transform>
        </animation>
    </shape>
    <shape name="temp26" type="ply">
        <string name="filename" value="meshes/Cube_022.ply"/>
        <boolean name="face_normals" value="true"/>
        <ref id="mat-Material" name="bsdf"/>
        <animation name="to_world">
            <transform time="0">
                <matrix value="0.7000651121311567 0.5155639174591123 -0.4936026695651886 -0.12040151291082601 -0.5840708866774109 0.01618249228760406 -0.8114133793138012 -0.01931507844526867 -0.4105831369774851 0.8565066757331209 0.3123459588927432 0.5330905489742536 0.0 0.0 0.0 1.0"/>
            </transform>
            <transform time="0.0015">
                <matrix value="0.6999349513859676 0.5145964540266372 -0.49479778055255386 -0.12020533487639173 -0.5847395462172424 0.015541009770779535 -0.8109448580207198 -0.02017725272596545 -0.40985386660345885 0.857101144834592 0.3116744483005759 0.5342716197005919 0.0 0.0 0.0 1.0"/>
            </transform>
        </animation>
    </shape>
    <shape name="temp27" type="ply">
        <string name="filename" value="meshes/Cube_023.ply"/>
        <boolean name="face_normals" value="true"/>
        <ref id="mat-Material" name="bsdf"/>
        <animation name="to_world">
            <transform time="0">
                <matrix value="0.8724713089976189 0.32789071446301077 -0.3619833048161766 -0.0987463268002427 -0.4376386901690877 0.1956240939629513 -0.8775590385518233 -0.23672198861407395 -0.217017669366892 0.9241646729506094 0.3141033217799055 0.1367752300796784 0.0 0.0 0.0 1.0"/>
            </transform>
            <transform time="0.0015">
                <matrix value="0.8723681793058011 0.3271857632872913 -0.36287041707290213 -0.09865818751983271 -0.4382096246320819 0.19528215746237548 -0.8773505345342312 -0.23741373087215173 -0.2162809088060579 0.9244871607614344 0.3136635144686754 0.13770963528656022 0.0 0.0 0.0 1.0"/>
            </transform>
        </animation>
    </shape>
    <shape name="temp28" type="ply">
        <string name="filename" value="meshes/Cube_024.ply"/>
        <boolean name="face_normals" value="true"/>
        <ref id="mat-Material" name="bsdf"/>
        <animation name="to_world">
            <transform time="0">
                <matrix value="0.9024182352972465 0.3286111638365285 -0.27837370413989687 -0.11688197288262481 -0.35479072810344187 0.20080372656297257 -0.913066208185803 -0.48642198706387796 -0.2442119127275822 0.9228443357953207 0.2977629673476586 -0.22307470758106296 0.0 0.0 0.0 1.0"/>
            </transform>
            <transform time="0.0015">
                <matrix value="0.9022799524704953 0.3282725689061994 -0.2792216942346276 -0.11703513915434618 -0.3554497528439666 0.20046957329287035 -0.9128836182389688 -0.48717009955064405 -0.2437654934450293 0.9230376062110757 0.2975300811255604 -0.2226051184876123 0.0 0.0 0.0 1.0"/>
            </transform>
        </animation>
    </shape>
    <shape name="temp29" type="ply">
        <string name="filename" value="meshes/Cube_025.ply"/>
        <boolean name="face_normals" value="true"/>
        <ref id="mat-Material" name="bsdf"/>
        <animation name="to_world">
            <transform time="0">
                <matrix value="0.8884953645836103 0.39993888486785156 -0.22499804973852314 -0.28642886476936014 -0.32036666684396314 0.18957204806611283 -0.9281300278331863 -0.7916729161126279 -0.3285431814434415 0.896721162731033 0.29656184267323404 -0.7461371063419335 0.0 0.0 0.0 1.0"/>
            </transform>
            <transform time="0.0015">
                <matrix value="0.8884650942717771 0.3999759500155774 -0.22505165995111165 -0.28654751485466695 -0.3203967488639252 0.18946635832923858 -0.9281412359879277 -0.7917123757082768 -0.3285956765788496 0.8967269823196649 0.2964861089078238 -0.7462417403499848 0.0 0.0 0.0 1.0"/>
            </transform>
        </animation>
    </shape>
    <shape name="temp30" type="ply">
        <string name="filename" value="meshes/Cube_026.ply"/>
        <boolean name="face_normals" value="true"/>
        <ref id="mat-Material" name="bsdf"/>
        <animation name="to_world">
            <transform time="0">
                <matrix value="0.9211726566281402 0.26252860209042955 -0.28724786665033963 -0.30308640723070784 -0.34414267845333646 0.20500257601324928 -0.9162640460195518 -1.1313790369409997 -0.18165927783599012 0.9428915592284892 0.279189504425557 -0.8532534469018471 0.0 0.0 0.0 1.0"/>
            </transform>
            <transform time="0.0015">
                <matrix value="0.9212053683515234 0.2623338673910833 -0.28732097922238586 -0.3031790624018572 -0.3441535243842553 0.2049791129337144 -0.9162652204503448 -1.1314134596320757 -0.1814729151586408 0.9429508814868025 0.2791104260854972 -0.8531870660902412 0.0 0.0 0.0 1.0"/>
            </transform>
        </animation>
    </shape>
    <shape name="temp31" type="ply">
        <string name="filename" value="meshes/Cube_027.ply"/>
        <boolean name="face_normals" value="true"/>
        <ref id="mat-Material" name="bsdf"/>
        <animation name="to_world">
            <transform time="0">
                <matrix value="0.8800287929478553 0.21352451801436312 -0.4241097706445224 -0.50518411749054 -0.464541147852851 0.20201863490070354 -0.8622001975319382 -1.5549103184399413 -0.0984271586289309 0.9557793430853339 0.2769664427372499 -0.9999520567589528 0.0 0.0 0.0 1.0"/>
            </transform>
            <transform time="0.0015">
                <matrix value="0.880065461991921 0.21289488583200558 -0.424350699164442 -0.5052606885507183 -0.46459256110784664 0.20196164498333113 -0.8621858490513806 -1.5550002195733552 -0.0978567268094911 0.9559320490910372 0.276642180693238 -0.9996289499271869 0.0 0.0 0.0 1.0"/>
            </transform>
        </animation>
    </shape>
    <shape name="temp32" type="ply">
        <string name="filename" value="meshes/Cube_028.ply"/>
        <boolean name="face_normals" value="true"/>
        <ref id="mat-Material" name="bsdf"/>
        <animation name="to_world">
            <transform time="0">
                <matrix value="-0.1128151666498235 0.9807313166035005 0.1594879984454643 -1.4656822729479169 -0.820081973026114 -0.0012890850042655442 -0.5721701942365873 -2.1097668260722475 -0.560939680192615 -0.19535698120448958 0.8044250605526639 -1.2326581950191318 0.0 0.0 0.0 1.0"/>
            </transform>
            <transform time="0.0015">
                <matrix value="-0.11272748327421797 0.9807301226491876 0.1595573962418502 -1.4654315041239352 -0.8204619875101988 -0.0013075723730657835 -0.5716254881285883 -2.1095283717312974 -0.560401755847749 -0.19536288039007577 0.8047987423040291 -1.231268740523727 0.0 0.0 0.0 1.0"/>
            </transform>
        </animation>
    </shape>
    <shape name="temp33" type="ply">
        <string name="filename" value="meshes/Cube_029.ply"/>
        <boolean name="face_normals" value="true"/>
        <ref id="mat-Material" name="bsdf"/>
        <animation name="to_world">
            <transform time="0">
                <matrix value="-0.002511787999510662 0.9872979602563916 0.1588495655763011 -1.6648314755795024 -0.9999760649756129 -0.001907045552674778 -0.00391333439868829 -1.899339546923809 -0.0035590827212172464 -0.15886181931196458 0.9872794490664984 -0.18469556361393313 0.0 0.0 0.0 1.0"/>
            </transform>
            <transform time="0.0015">
                <matrix value="-0.0025958304805189384 0.9872820483746997 0.15894712077646678 -1.6648522114308648 -0.9999745011956658 -0.0019292654929863756 -0.004302050651380789 -1.8998595021117899 -0.003939083641904499 -0.15896042942540367 0.9872622155711669 -0.18552050836598116 0.0 0.0 0.0 1.0"/>
            </transform>
        </animation>
    </shape>
    <shape name="temp34" type="ply">
        <string name="filename" value="meshes/Cube_030.ply"/>
        <boolean name="face_normals" value="true"/>
        <ref id="mat-Material" name="bsdf"/>
        <animation name="to_world">
            <transform time="0">
                <matrix value="-0.04548977507664728 0.9821500994986825 -0.18251503375377898 -3.2104340966550065 -0.9655874976337909 0.0036034148565926814 0.260052497593071 -1.8296070021688426 0.2560681499075825 0.18806398641901734 0.9481883728045936 0.3442122647259628 0.0 0.0 0.0 1.0"/>
            </transform>
            <transform time="0.0015">
                <matrix value="-0.045489815287926366 0.9821503165145079 -0.1825138613063375 -3.2104433589886883 -0.9655858564467185 0.003604265585047179 0.26005855882294754 -1.829594007098767 0.2560743082656699 0.18806284180458196 0.9481869359213576 0.34422176734512716 0.0 0.0 0.0 1.0"/>
            </transform>
        </animation>
    </shape>
    <shape name="temp35" type="ply">
        <string name="filename" value="meshes/Cube_031.ply"/>
        <boolean name="face_normals" value="true"/>
        <ref id="mat-Material" name="bsdf"/>
        <animation name="to_world">
            <transform time="0">
                <matrix value="0.09958559164720837 0.9874938206969628 0.1222043888211485 -2.03704118150427 -0.7792548051777664 0.0010591158538493146 0.6265993917075354 -1.1846390580247088 0.6186350564777927 -0.15764714041670924 0.769613129585774 0.6162175330269866 0.0 0.0 0.0 1.0"/>
            </transform>
            <transform time="0.0015">
                <matrix value="0.09955983874458968 0.9874776234676994 0.12235622655297984 -2.0369324524944394 -0.7797775544743699 0.0010756351504114141 0.6259492676703154 -1.1866681618734984 0.6179807422254351 -0.1577484620829935 0.7701183390755835 0.615170085296871 0.0 0.0 0.0 1.0"/>
            </transform>
        </animation>
    </shape>
    <shape name="temp36" type="ply">
        <string name="filename" value="meshes/Cube_032.ply"/>
        <boolean name="face_normals" value="true"/>
        <ref id="mat-Material" name="bsdf"/>
        <animation name="to_world">
            <transform time="0">
                <matrix value="0.7754932387988519 0.5786505862255253 0.252530139222666 -0.5420640562400483 -0.2865106634966057 -0.03388077960381542 0.9574770897465417 0.28368141441795447 0.5626009481815587 -0.8148708968906373 0.13951649353860643 -0.20159556577279547 0.0 0.0 0.0 1.0"/>
            </transform>
            <transform time="0.0015">
                <matrix value="0.7754277674812706 0.578706499331272 0.25260309860808705 -0.5422051036637927 -0.2865919928194057 -0.03391057364486722 0.9574517033186037 0.28343845524164046 0.5626497923694984 -0.814829949514108 0.1395586887945094 -0.20144899052644488 0.0 0.0 0.0 1.0"/>
            </transform>
        </animation>
    </shape>
    <shape name="temp37" type="ply">
        <string name="filename" value="meshes/Cube_033.ply"/>
        <boolean name="face_normals" value="true"/>
        <ref id="mat-Material" name="bsdf"/>
        <animation name="to_world">
            <transform time="0">
                <matrix value="0.978983054002734 0.15650468375526416 0.13076146245498443 -0.12924717472636438 -0.14940124763530827 0.1139155192804684 0.9821928125418125 0.30135409800746793 0.13882201118031584 -0.9810858052283683 0.13490336868073913 -0.3974308513742481 0.0 0.0 0.0 1.0"/>
            </transform>
            <transform time="0.0015">
                <matrix value="0.9789828465625368 0.1565118962905945 0.1307543579997238 -0.12926035831185695 -0.1493960728002384 0.1139222820179161 0.9821928125418125 0.3013682610982889 0.13882902106328282 -0.9810838678685398 0.13491023314362033 -0.3974184568059813 0.0 0.0 0.0 1.0"/>
            </transform>
        </animation>
    </shape>
    <shape name="temp38" type="ply">
        <string name="filename" value="meshes/Cube_034.ply"/>
        <boolean name="face_normals" value="true"/>
        <ref id="mat-Material" name="bsdf"/>
        <animation name="to_world">
            <transform time="0">
