
<scene version="2.1.0">
    <default name="spp" value="1024"/>
    <default name="resx" value="640"/>
    <default name="resy" value="360"/>
    <integrator name="temp0" type="path">
        <integer name="max_depth" value="12"/>
    </integrator>
    <sensor name="temp44" type="perspective">
        <string name="fov_axis" value="x"/>
        <float name="fov" value="83.974423"/>
        <float name="principal_point_offset_x" value="0.000000"/>
        <float name="principal_point_offset_y" value="-0.000000"/>
        <float name="near_clip" value="0.100000"/>
        <float name="far_clip" value="1000.000000"/>
        <sampler name="sampler" type="correlated">
            <integer name="sample_count" value="1024"/>
        </sampler>
        <film name="film" type="hdrfilm">
            <integer name="width" value="$resx"/>
            <integer name="height" value="$resy"/>
        </film>
        <float name="shutter_open" value="0.0"/>
        <float name="shutter_close" value="0.0015"/>
        <animation name="to_world">
            <transform time="0">
                <rotate angle="-142.5518126578256" x="1"/>
                <rotate angle="3.976628485794621e-06" y="1"/>
                <rotate angle="-179.999991348578" z="1"/>
                <translate value="-0.000000 3.030926 4.073377"/>
                <translate x="5.3999999999999995" y="0.0" z="0.0"/>
            </transform>
            <transform time="0.0015">
                <rotate angle="-142.5518126578256" x="1"/>
                <rotate angle="3.976628485794621e-06" y="1"/>
                <rotate angle="-179.999991348578" z="1"/>
                <translate value="-0.000000 3.030926 4.073377"/>
                <translate x="5.55" y="0.0" z="0.0"/>
            </transform>
        </animation>
    </sensor>
    <bsdf id="mat-Material" name="mat-Material" type="twosided">
        <bsdf name="bsdf" type="diffuse">
            <texture name="reflectance" type="bitmap">
                <string name="filename" value="textures/siggraph_2023_logo.jpg"/>
            </texture>
        </bsdf>
    </bsdf>
    <bsdf id="mat-Material.001" name="mat-Material.001" type="twosided">
        <bsdf name="bsdf" type="principled">
            <rgb name="base_color" value="0.433648 0.266232 0.084399"/>
            <float name="spec_tint" value="0.000000"/>
            <float name="spec_trans" value="0.000000"/>
            <float name="metallic" value="0.000000"/>
            <float name="anisotropic" value="0.000000"/>
            <float name="roughness" value="0.500000"/>
            <float name="sheen" value="0.000000"/>
            <float name="sheen_tint" value="0.500000"/>
            <float name="clearcoat" value="0.000000"/>
            <float name="clearcoat_gloss" value="0.173205"/>
            <float name="specular" value="0.500000"/>
        </bsdf>
    </bsdf>
    <bsdf id="mat-Material.002" name="mat-Material.002" type="twosided">
        <bsdf name="bsdf" type="principled">
            <rgb name="base_color" value="0.433648 0.266232 0.084399"/>
            <float name="spec_tint" value="0.000000"/>
            <float name="spec_trans" value="0.000000"/>
            <float name="metallic" value="0.000000"/>
            <float name="anisotropic" value="0.000000"/>
            <float name="roughness" value="0.500000"/>
            <float name="sheen" value="0.000000"/>
            <float name="sheen_tint" value="0.500000"/>
            <float name="clearcoat" value="0.000000"/>
            <float name="clearcoat_gloss" value="0.173205"/>
            <float name="specular" value="0.500000"/>
        </bsdf>
    </bsdf>
    <bsdf id="mat-Material.003" name="mat-Material.003" type="twosided">
        <bsdf name="bsdf" type="principled">
            <rgb name="base_color" value="0.433648 0.266232 0.084399"/>
            <float name="spec_tint" value="0.000000"/>
            <float name="spec_trans" value="0.000000"/>
            <float name="metallic" value="0.000000"/>
            <float name="anisotropic" value="0.000000"/>
            <float name="roughness" value="0.500000"/>
            <float name="sheen" value="0.000000"/>
            <float name="sheen_tint" value="0.500000"/>
            <float name="clearcoat" value="0.000000"/>
            <float name="clearcoat_gloss" value="0.173205"/>
            <float name="specular" value="0.500000"/>
        </bsdf>
    </bsdf>
    <bsdf id="mat-Material.004" name="mat-Material.004" type="twosided">
        <bsdf name="bsdf" type="principled">
            <rgb name="base_color" value="0.433648 0.266232 0.084399"/>
            <float name="spec_tint" value="0.000000"/>
            <float name="spec_trans" value="0.000000"/>
            <float name="metallic" value="0.000000"/>
            <float name="anisotropic" value="0.000000"/>
            <float name="roughness" value="0.500000"/>
            <float name="sheen" value="0.000000"/>
            <float name="sheen_tint" value="0.500000"/>
            <float name="clearcoat" value="0.000000"/>
            <float name="clearcoat_gloss" value="0.173205"/>
            <float name="specular" value="0.500000"/>
        </bsdf>
    </bsdf>
    <bsdf id="mat-Material.005" name="mat-Material.005" type="twosided">
        <bsdf name="bsdf" type="principled">
            <rgb name="base_color" value="0.433648 0.266232 0.084399"/>
            <float name="spec_tint" value="0.000000"/>
            <float name="spec_trans" value="0.000000"/>
            <float name="metallic" value="0.000000"/>
            <float name="anisotropic" value="0.000000"/>
            <float name="roughness" value="0.500000"/>
            <float name="sheen" value="0.000000"/>
            <float name="sheen_tint" value="0.500000"/>
            <float name="clearcoat" value="0.000000"/>
            <float name="clearcoat_gloss" value="0.173205"/>
            <float name="specular" value="0.500000"/>
        </bsdf>
    </bsdf>
    <emitter name="temp45" type="point">
        <point name="position" x="-6.815235034541981e-16" y="3.0693089962005615" z="4.109199523925781"/>
        <rgb name="intensity" value="7.957747 7.957747 7.957747"/>
    </emitter>
    <shape name="temp2" type="ply">
        <string name="filename" value="meshes/Cube.ply"/>
        <boolean name="face_normals" value="true"/>
        <ref id="mat-Material" name="bsdf"/>
        <animation name="to_world">
            <transform time="0">
                <matrix value="1.0 8.680017437628149e-05 0.0007657435744203232 -0.0014615853886721375 -8.552959344144873e-05 0.9999985399115188 -0.0016590058819886142 -0.01540510340780682 -0.0007658853210927846 0.001658940017479345 0.9999983452326863 0.0016860100055171579 0.0 0.0 0.0 1.0"/>
                <scale value="1"/>
            </transform>
            <transform time="0.0015">
                <matrix value="1.0 8.733359411571633e-05 0.0007663167477094996 -0.0014622837713734926 -8.607828871962375e-05 0.9999985699481053 -0.0016382458603382624 -0.015431495447514555 -0.0007664573773285368 0.0016381794798137179 0.9999983792741585 0.0016893468161982724 0.0 0.0 0.0 1.0"/>
                <scale value="1"/>
            </transform>
        </animation>
    </shape>
    <shape name="temp4" type="ply">
        <string name="filename" value="meshes/Plane.ply"/>
        <boolean name="face_normals" value="true"/>
        <ref id="mat-Material.001" name="bsdf"/>
        <transform name="to_world">
            <scale value="1"/>
        </transform>
    </shape>
    <shape name="temp5" type="ply">
        <string name="filename" value="meshes/Cube_001.ply"/>
        <boolean name="face_normals" value="true"/>
        <ref id="mat-Material" name="bsdf"/>
        <animation name="to_world">
            <transform time="0">
                <matrix value="1.0 0.0002640006841557456 -0.000555337546528511 0.0011697600060016633 -0.00026654220453985357 0.999989362212493 -0.004580183168557908 -0.012415791142500077 0.0005541224090336101 0.004580322596120754 0.999989362210126 -0.0012691182019611835 0.0 0.0 0.0 1.0"/>
                <scale value="1"/>
            </transform>
            <transform time="0.0015">
                <matrix value="1.0 0.00025820310483250507 -0.0005558101272671594 0.001170590208618903 -0.00026068813048011306 0.9999896926149444 -0.004476868321493214 -0.012536241823331294 0.0005546323927796252 0.004477004848481461 0.9999896941144806 -0.001262035160158653 0.0 0.0 0.0 1.0"/>
                <scale value="1"/>
            </transform>
        </animation>
    </shape>
    <shape name="temp6" type="ply">
        <string name="filename" value="meshes/Cube_002.ply"/>
        <boolean name="face_normals" value="true"/>
        <ref id="mat-Material" name="bsdf"/>
        <animation name="to_world">
            <transform time="0">
                <matrix value="1.0 0.00010095364636239814 0.0001255802914376193 -0.0007882942006083304 -0.00010143397390550453 0.9999926995575932 0.0038303371801157488 -0.019869513490055835 -0.00012519258829807794 -0.0038303544051912406 0.9999926717447536 0.0002442368726566224 0.0 0.0 0.0 1.0"/>
                <scale value="1"/>
            </transform>
            <transform time="0.0015">
                <matrix value="1.0 9.557606862801493e-05 0.0001260765565305925 -0.0007891807123491448 -9.60348959826186e-05 0.9999929473594317 0.003662268218999829 -0.01977716533013175 -0.00012570135931678708 -0.0036622846104079204 0.9999929270557956 0.00023762643529104865 0.0 0.0 0.0 1.0"/>
                <scale value="1"/>
            </transform>
        </animation>
    </shape>
    <shape name="temp7" type="ply">
        <string name="filename" value="meshes/Cube_003.ply"/>
        <boolean name="face_normals" value="true"/>
        <ref id="mat-Material" name="bsdf"/>
        <animation name="to_world">
            <transform time="0">
                <matrix value="1.0 0.0004921144792803015 0.0005725944056572239 -0.0008197546850334803 -0.000494577387252738 0.9999906137169057 0.004308659491910788 -0.017754109741545343 -0.0005704691442076354 -0.00430894846513413 0.9999907805821093 0.0015870909996721916 0.0 0.0 0.0 1.0"/>
                <scale value="1"/>
            </transform>
            <transform time="0.0015">
                <matrix value="1.0 0.0004933431258505803 0.0005727027426426912 -0.0008195278499847599 -0.0004958054332193625 0.9999906137169058 0.0043068791229115945 -0.01775034166338729 -0.0005705731834449326 -0.004307168872476201 0.9999907805821093 0.0015836295716687137 0.0 0.0 0.0 1.0"/>
                <scale value="1"/>
            </transform>
        </animation>
    </shape>
    <shape name="temp8" type="ply">
        <string name="filename" value="meshes/Cube_004.ply"/>
        <boolean name="face_normals" value="true"/>
        <ref id="mat-Material" name="bsdf"/>
        <animation name="to_world">
            <transform time="0">
                <matrix value="1.0 0.00035804289739958247 0.0003547939318264234 -0.0005332817476277896 -0.0003582665368856455 0.9999997914159312 0.000627828174635632 -0.016886447088231837 -0.0003545685756178339 -0.0006279548540641563 0.9999997636046695 0.001223387969202419 0.0 0.0 0.0 1.0"/>
                <scale value="1"/>
            </transform>
            <transform time="0.0015">
                <matrix value="1.0 0.00034287178551283616 0.0003551856640684545 -0.0005319082302036867 -0.0003430773188622793 0.9999997839067846 0.000577725340037715 -0.016925221239520068 -0.0003549666852698781 -0.000577846619021937 0.9999997636046695 0.0012219939613760454 0.0 0.0 0.0 1.0"/>
                <scale value="1"/>
            </transform>
        </animation>
    </shape>
    <shape name="temp9" type="ply">
        <string name="filename" value="meshes/Cube_005.ply"/>
        <boolean name="face_normals" value="true"/>
        <ref id="mat-Material" name="bsdf"/>
        <animation name="to_world">
            <transform time="0">
                <matrix value="1.0 0.00010973107256014001 0.0005305042170563013 -0.0004319016345686322 -0.00011037104606694361 0.9999991656637249 0.0012068856286295549 -0.01701499659162009 -0.0005303691135353449 -0.001206944597985495 0.9999992908140084 0.0012284041633070508 0.0 0.0 0.0 1.0"/>
                <scale value="1"/>
            </transform>
            <transform time="0.0015">
                <matrix value="1.0 8.939242878831887e-05 0.0005306586802366807 -0.0004321564003197123 -8.994665979024923e-05 0.9999990004624992 0.0010459429093165268 -0.017122159249927865 -0.0005304747484664657 -0.0010459911463643042 0.9999991206066472 0.0012258668084699008 0.0 0.0 0.0 1.0"/>
                <scale value="1"/>
            </transform>
        </animation>
    </shape>
    <shape name="temp10" type="ply">
        <string name="filename" value="meshes/Cube_006.ply"/>
        <boolean name="face_normals" value="true"/>
        <ref id="mat-Material" name="bsdf"/>
        <animation name="to_world">
            <transform time="0">
                <matrix value="1.0 0.00024599987902124013 -0.0005006309391371854 -0.0007879440269955573 -0.00024640487068881454 0.9999995828318625 -0.0008079141374336261 -0.017743016738801298 0.0005004326034037378 0.0008080379956739665 0.9999995272093389 -0.001282262440913895 0.0 0.0 0.0 1.0"/>
                <scale value="1"/>
            </transform>
            <transform time="0.0015">
                <matrix value="1.0 0.0002360508604789235 -0.0005009801195388915 -0.0007866130536225378 -0.00023642029529593144 0.999999575322716 -0.0007377297277274974 -0.017719788657732084 0.0005007876452794835 0.0007378485003695391 0.9999995186989709 -0.0012785661441883905 0.0 0.0 0.0 1.0"/>
                <scale value="1"/>
            </transform>
        </animation>
    </shape>
    <shape name="temp11" type="ply">
        <string name="filename" value="meshes/Cube_007.ply"/>
        <boolean name="face_normals" value="true"/>
        <ref id="mat-Material" name="bsdf"/>
        <animation name="to_world">
            <transform time="0">
                <matrix value="1.0 0.000548042125638528 -2.7921361674927108e-05 0.0004581822804676783 -0.0005480898964056685 0.99999833132745 -0.001745935536884527 -0.018125295871076808 2.696457793687182e-05 0.00174595086176508 0.9999985816280168 -6.62268114104414e-05 0.0 0.0 0.0 1.0"/>
                <scale value="1"/>
            </transform>
            <transform time="0.0015">
                <matrix value="1.0 0.0005028479512371606 -2.7969453764862313e-05 0.0004591196972851553 -0.0005028918688528631 0.9999982937817169 -0.00160451900605979 -0.018092629335293358 2.6991541971102616e-05 0.0016045330558125484 0.9999985475865445 -6.118742361880621e-05 0.0 0.0 0.0 1.0"/>
                <scale value="1"/>
            </transform>
        </animation>
    </shape>
    <shape name="temp12" type="ply">
        <string name="filename" value="meshes/Cube_008.ply"/>
        <boolean name="face_normals" value="true"/>
        <ref id="mat-Material" name="bsdf"/>
        <animation name="to_world">
            <transform time="0">
                <matrix value="0.9999986702764229 -0.0017777912198622093 0.0001268911035454099 0.0002758699645091234 0.0017775301536983158 0.999996454070831 0.0020246834548326535 -0.019171623226459877 -0.00013049020702909613 -0.0020244543962221256 0.9999978724420252 0.0004226993262175238 0.0 0.0 0.0 1.0"/>
                <scale value="1"/>
            </transform>
            <transform time="0.0015">
                <matrix value="0.999998670276423 -0.0017739403792915553 0.00012698636860552929 0.00027529389559057633 0.0017736797445020256 0.9999964615799777 0.0020203320185373484 -0.01916751324474532 -0.0001305704066006691 -0.0020201032963035196 0.9999978894627614 0.0004218532664103569 0.0 0.0 0.0 1.0"/>
                <scale value="1"/>
            </transform>
        </animation>
    </shape>
    <shape name="temp13" type="ply">
        <string name="filename" value="meshes/Cube_009.ply"/>
        <boolean name="face_normals" value="true"/>
        <ref id="mat-Material" name="bsdf"/>
        <animation name="to_world">
            <transform time="0">
                <matrix value="0.9999986702764229 -0.0017543338554887856 0.00040604916739200636 0.0009384224424815457 0.0017539452898531454 0.9999979141593124 0.0009548314714049117 -0.019964150990571083 -0.0004077247188521117 -0.0009541177623935439 0.9999995272093389 0.0006944062067815171 0.0 0.0 0.0 1.0"/>
                <scale value="1"/>
            </transform>
            <transform time="0.0015">
                <matrix value="0.9999986862333612 -0.0017402992604524136 0.0004062857556242128 0.0009376973248448318 0.0017399145136318191 0.9999979441958989 0.0009451407152893185 -0.019950491138613486 -0.00040793469620235617 -0.000944432389989123 0.999999535719707 0.0006928722945044362 0.0 0.0 0.0 1.0"/>
                <scale value="1"/>
            </transform>
        </animation>
    </shape>
    <shape name="temp14" type="ply">
        <string name="filename" value="meshes/Cube_010.ply"/>
        <boolean name="face_normals" value="true"/>
        <ref id="mat-Material" name="bsdf"/>
        <animation name="to_world">
            <transform time="0">
                <matrix value="0.999997340552846 0.000270089253123025 0.002416456708213934 0.004511989837309605 -0.0002707782606151833 1.0 0.00028436939890813724 -0.016831620057687957 -0.0024163736842385207 -0.00028502178660598266 0.9999971632560337 0.0040600675148496634 0.0 0.0 0.0 1.0"/>
                <scale value="1"/>
            </transform>
            <transform time="0.0015">
                <matrix value="0.9999973245959077 0.0002752029068810875 0.0024191298148231446 0.004519231501535257 -0.0002758930018556461 0.9999999924908534 0.0002845057350045382 -0.01682245376704255 -0.0024190451948379525 -0.00028517159408109 0.9999971547456658 0.004064555812608566 0.0 0.0 0.0 1.0"/>
                <scale value="1"/>
            </transform>
        </animation>
    </shape>
    <shape name="temp15" type="ply">
        <string name="filename" value="meshes/Cube_011.ply"/>
        <boolean name="face_normals" value="true"/>
        <ref id="mat-Material" name="bsdf"/>
        <animation name="to_world">
            <transform time="0">
                <matrix value="0.9999991135176153 -0.0012132688669504801 -0.00045984328880748485 -0.0008686473081216395 0.0012131334138259337 0.9999991656637249 -0.00029847038037427055 -0.019995085751762176 0.0004602040327856645 0.0002979122820557212 1.0 -0.0007106790801638674 0.0 0.0 0.0 1.0"/>
                <scale value="1"/>
            </transform>
            <transform time="0.0015">
                <matrix value="0.9999991294745535 -0.0011357081680475757 -0.0004601591085663763 -0.0008730304937638795 0.0011355874810815847 0.9999991731728716 -0.00026656390415081063 -0.019834043489693233 0.00046052668207679164 0.00026604181178002824 0.9999999914896319 -0.0007100067349234482 0.0 0.0 0.0 1.0"/>
                <scale value="1"/>
            </transform>
        </animation>
    </shape>
    <shape name="temp16" type="ply">
        <string name="filename" value="meshes/Cube_012.ply"/>
        <boolean name="face_normals" value="true"/>
        <ref id="mat-Material" name="bsdf"/>
        <animation name="to_world">
            <transform time="0">
                <matrix value="1.0 -0.00017251404292242968 -0.00015426071851887925 -0.0004864744510690855 0.00017248686676347056 1.0 -0.00017701896977969373 -0.018229368670254376 0.00015429137257613553 0.0001769923428788356 1.0 -0.00019537524977608633 0.0 0.0 0.0 1.0"/>
                <scale value="1"/>
            </transform>
            <transform time="0.0015">
                <matrix value="0.9999999521291854 -0.00022489377979948707 -0.00015420470327627556 -0.0004857132013667287 0.00022485707530204367 0.9999998873628007 -0.00023935430106096327 -0.018374182667803437 0.0001543460570034695 0.00023931959646888523 0.9999999404274236 -0.00019703759820435178 0.0 0.0 0.0 1.0"/>
                <scale value="1"/>
            </transform>
        </animation>
    </shape>
    <shape name="temp17" type="ply">
        <string name="filename" value="meshes/Cube_013.ply"/>
        <boolean name="face_normals" value="true"/>
        <ref id="mat-Material" name="bsdf"/>
        <animation name="to_world">
            <transform time="0">
                <matrix value="0.9999991135176153 -0.0014431618841816102 0.00020000912485975845 -0.0002000465918051697 0.0014438980758013358 0.9999920738053869 -0.0037322331179456677 -0.023257156311643823 -0.00019462100218606558 0.0037325159618958625 0.9999931445354147 -0.00011612851902675914 0.0 0.0 0.0 1.0"/>
                <scale value="1"/>
            </transform>
            <transform time="0.0015">
                <matrix value="0.9999990975606771 -0.0014487823302451863 0.00020018763834028948 -0.00020011971643372402 0.0014495220986825313 0.9999920062230674 -0.0037468820144959183 -0.023279907606408995 -0.00019475510429499895 0.0037471664571381643 0.9999930849628382 -0.00011512874344427203 0.0 0.0 0.0 1.0"/>
                <scale value="1"/>
            </transform>
        </animation>
    </shape>
    <shape name="temp18" type="ply">
        <string name="filename" value="meshes/Cube_014.ply"/>
        <boolean name="face_normals" value="true"/>
        <ref id="mat-Material" name="bsdf"/>
        <animation name="to_world">
            <transform time="0">
                <matrix value="1.0 -0.0007074212125826254 -4.343125931102108e-05 -0.00020826651929184425 0.0007072578085800857 0.9999931167257308 -0.0036188579174233283 -0.021195622017816884 4.599114935987107e-05 0.0036188376444183947 0.9999936173260756 -0.00010490182428957162 0.0 0.0 0.0 1.0"/>
                <scale value="1"/>
            </transform>
            <transform time="0.0015">
                <matrix value="1.0 -0.0006822200269230961 -4.35694081158199e-05 -0.00020980632488261055 0.0006820624860627687 0.9999933645275693 -0.0034889847247395202 -0.02107302028021467 4.603713725586655e-05 0.0034889651694190197 0.9999938471060134 -9.773382456640431e-05 0.0 0.0 0.0 1.0"/>
                <scale value="1"/>
            </transform>
        </animation>
    </shape>
    <shape name="temp19" type="ply">
        <string name="filename" value="meshes/Cube_015.ply"/>
        <boolean name="face_normals" value="true"/>
        <ref id="mat-Material" name="bsdf"/>
        <animation name="to_world">
            <transform time="0">
                <matrix value="1.0 -0.00021975165980772722 -6.292276349923715e-05 0.00035455435840237026 0.00021974125352155127 1.0 -0.00017941625482660166 -0.018080051785941187 6.296241137392358e-05 0.0001794023232093579 1.0 -0.00020043248279816295 0.0 0.0 0.0 1.0"/>
                <scale value="1"/>
            </transform>
            <transform time="0.0015">
                <matrix value="1.0 -0.00021971013422690799 -6.298563809850122e-05 0.0003541758387081101 0.00021969962186969415 1.0 -0.00017984010519770996 -0.018080209937076604 6.302536149526368e-05 0.00017982616197213905 1.0 -0.00020075202948692728 0.0 0.0 0.0 1.0"/>
                <scale value="1"/>
            </transform>
        </animation>
    </shape>
    <shape name="temp20" type="ply">
        <string name="filename" value="meshes/Cube_016.ply"/>
        <boolean name="face_normals" value="true"/>
        <ref id="mat-Material" name="bsdf"/>
        <animation name="to_world">
            <transform time="0">
                <matrix value="1.0 0.0007210125505034177 0.00036060689300416386 0.0005795724220041265 -0.0007227047641336319 0.999988527876218 0.004710531553812324 -0.01637986042777817 -0.00035720630395353416 -0.004710789845293196 0.9999888894194651 0.000574092068627019 0.0 0.0 0.0 1.0"/>
                <scale value="1"/>
            </transform>
            <transform time="0.0015">
                <matrix value="1.0 0.0007045901970242072 0.00036056893676259406 0.0005806066774437701 -0.0007062522991378932 0.9999888357512294 0.004626598048771454 -0.016406550082252707 -0.00035726808921838306 -0.0046268502765179015 0.9999891872823473 0.000568956917714695 0.0 0.0 0.0 1.0"/>
                <scale value="1"/>
            </transform>
        </animation>
    </shape>
    <shape name="temp21" type="ply">
        <string name="filename" value="meshes/Cube_017.ply"/>
        <boolean name="face_normals" value="true"/>
        <ref id="mat-Material" name="bsdf"/>
        <animation name="to_world">
            <transform time="0">
                <matrix value="1.0 0.000698241427716234 0.00022640857339673143 0.0003967700820631803 -0.0006986456322126423 0.9999981227433812 0.0017838746234813373 -0.01765526618612573 -0.0002251625365452363 -0.001784032055199688 0.9999985816280168 8.203636905856904e-05 0.0 0.0 0.0 1.0"/>
                <scale value="1"/>
            </transform>
            <transform time="0.0015">
                <matrix value="1.0 0.0006646465570102829 0.00022672872493296792 0.0003983023088526543 -0.0006650366182784497 0.9999981903257008 0.0017214696007959837 -0.017666264816167482 -0.00022552798234471178 -0.0017216193700485209 0.9999986326902252 7.997037040574357e-05 0.0 0.0 0.0 1.0"/>
                <scale value="1"/>
            </transform>
        </animation>
    </shape>
    <shape name="temp22" type="ply">
        <string name="filename" value="meshes/Cube_018.ply"/>
        <boolean name="face_normals" value="true"/>
        <ref id="mat-Material" name="bsdf"/>
        <animation name="to_world">
            <transform time="0">
                <matrix value="0.9999898054525758 0.00452261781349664 -0.00012628947742921023 0.0004548890210189227 -0.004521800374804753 0.999972466902923 0.005869365103604982 -0.017915012804200603 0.00015283089284732826 -0.005868729702162808 0.9999827431408712 3.427095317987128e-05 0.0 0.0 0.0 1.0"/>
                <scale value="1"/>
            </transform>
            <transform time="0.0015">
                <matrix value="0.999989757581761 0.0045324726673403185 -0.00012589804305006145 0.0004554150438460328 -0.004531655698997926 0.9999723542657236 0.005880797932063477 -0.017914250635647447 0.0001525521410932877 -0.005880162753352015 0.9999826835682948 3.368538758874159e-05 0.0 0.0 0.0 1.0"/>
                <scale value="1"/>
            </transform>
        </animation>
    </shape>
    <shape name="temp23" type="ply">
        <string name="filename" value="meshes/Cube_019.ply"/>
        <boolean name="face_normals" value="true"/>
        <ref id="mat-Material" name="bsdf"/>
        <animation name="to_world">
            <transform time="0">
                <matrix value="0.9999476975393021 0.008334748228599797 -0.005960779177921055 0.003394536614751087 -0.00829626950482867 0.999944725221777 0.0064518431980316775 -0.018052835171305903 0.006014224496345034 -0.006402062479271958 0.9999614675611236 -0.0009527405777139952 0.0 0.0 0.0 1.0"/>
                <scale value="1"/>
            </transform>
            <transform time="0.0015">
                <matrix value="0.9999486070847816 0.00819151816520153 -0.005961738296401978 0.003397065128075098 -0.00815329166814042 0.9999458816303568 0.006408939879505692 -0.018046293182537178 0.0060140799264846185 -0.006360013661116115 0.9999617143617975 -0.0009529117210683436 0.0 0.0 0.0 1.0"/>
                <scale value="1"/>
            </transform>
        </animation>
    </shape>
    <shape name="temp24" type="ply">
        <string name="filename" value="meshes/Cube_020.ply"/>
        <boolean name="face_normals" value="true"/>
        <ref id="mat-Material" name="bsdf"/>
        <animation name="to_world">
            <transform time="0">
                <matrix value="0.9999620270941572 -0.000594672976799718 0.008662424020255834 -0.006722375151000909 0.0005238083159046237 0.999966359320532 0.008180720438764813 -0.015641305075002443 -0.008666986327330754 -0.008175867053232175 0.999929081393921 -0.0008085144870730865 0.0 0.0 0.0 1.0"/>
                <scale value="1"/>
            </transform>
            <transform time="0.0015">
                <matrix value="0.9999618029355561 -0.0007029389340298648 0.008662637630495114 -0.006720999946050336 0.0006318889560909547 0.9999659648980994 0.0082018874263033 -0.015638852700172966 -0.008668158712140767 -0.008196094642355604 0.999928902676191 -0.0008073892688834264 0.0 0.0 0.0 1.0"/>
                <scale value="1"/>
            </transform>
        </animation>
    </shape>
    <shape name="temp25" type="ply">
        <string name="filename" value="meshes/Cube_021.ply"/>
        <boolean name="face_normals" value="true"/>
        <ref id="mat-Material" name="bsdf"/>
        <animation name="to_world">
            <transform time="0">
                <matrix value="0.9988653025475731 0.039260277458528274 0.026959941865660315 -0.017024915665163787 -0.039346631455586346 0.9992219814235028 0.0026794465134289095 -0.02216271326035707 -0.026833768596184224 -0.0037371799016734705 0.9996328780516864 -0.013596881255283688 0.0 0.0 0.0 1.0"/>
                <scale value="1"/>
            </transform>
            <transform time="0.0015">
                <matrix value="0.9988627973082701 0.03932212429193575 0.026960637162731223 -0.01702536994277059 -0.03940786030199895 0.9992195709874373 0.002655553144464393 -0.022176326292275207 -0.026835212060817033 -0.0037149881206617053 0.9996329206035268 -0.013597282526524907 0.0 0.0 0.0 1.0"/>
                <scale value="1"/>
            </transform>
        </animation>
    </shape>
    <shape name="temp26" type="ply">
        <string name="filename" value="meshes/Cube_022.ply"/>
        <boolean name="face_normals" value="true"/>
        <ref id="mat-Material" name="bsdf"/>
        <animation name="to_world">
            <transform time="0">
                <matrix value="0.9992061550244936 0.03640077760140836 0.016191141699616236 -0.0077512907290436805 -0.036433140612062896 0.9993346168206365 0.001707771874723713 -0.021905294888485083 -0.016118200015247497 -0.0022963103564075985 0.999867618614903 -0.011736921279479118 0.0 0.0 0.0 1.0"/>
                <scale value="1"/>
            </transform>
            <transform time="0.0015">
                <matrix value="0.9992092027996967 0.03631453204879695 0.016190580866360754 -0.0077471481462202335 -0.03634822927576768 0.9993373726774468 0.001791552022932051 -0.021880435086737864 -0.0161149827773604 -0.0023786422168911394 0.9998673888349653 -0.011732854922640087 0.0 0.0 0.0 1.0"/>
                <scale value="1"/>
            </transform>
        </animation>
    </shape>
    <shape name="temp27" type="ply">
        <string name="filename" value="meshes/Cube_023.ply"/>
        <boolean name="face_normals" value="true"/>
        <ref id="mat-Material" name="bsdf"/>
        <animation name="to_world">
            <transform time="0">
                <matrix value="0.9994898293876002 0.030327038961418206 0.010036211036730634 -0.002732003449331777 -0.03042581738108282 0.9994885518633858 0.009840570261183745 -0.019515328614579663 -0.009732632480359982 -0.01014089853845143 0.9999011867518384 -0.008798497030062413 0.0 0.0 0.0 1.0"/>
                <scale value="1"/>
            </transform>
            <transform time="0.0015">
                <matrix value="0.9994890634545649 0.030352621122129768 0.010034288544584755 -0.0027330405700441364 -0.030450877593012706 0.999488251497521 0.009788759991440951 -0.01953214838241234 -0.009732064572928172 -0.010089299887987692 0.9999016803531862 -0.008798517176515959 0.0 0.0 0.0 1.0"/>
                <scale value="1"/>
            </transform>
        </animation>
    </shape>
    <shape name="temp28" type="ply">
        <string name="filename" value="meshes/Cube_024.ply"/>
        <boolean name="face_normals" value="true"/>
        <ref id="mat-Material" name="bsdf"/>
        <animation name="to_world">
            <transform time="0">
                <matrix value="0.9994539268510196 0.03201425463525947 0.008179609389811646 -0.0013109503630861497 -0.03205846971864822 0.9994718651378846 0.0053336460055571815 -0.021617768339787347 -0.008004545881668785 -0.005592954447325223 0.9999524845385633 -0.007874779371426832 0.0 0.0 0.0 1.0"/>
                <scale value="1"/>
            </transform>
            <transform time="0.0015">
                <matrix value="0.9994541821620314 0.03200594651543698 0.008181229763891218 -0.0013103739957478792 -0.03205034396699043 0.9994720003025237 0.005355123621442773 -0.021604734019945896 -0.008005527712078433 -0.005614407253217925 0.9999523483726742 -0.007874766095192045 0.0 0.0 0.0 1.0"/>
                <scale value="1"/>
            </transform>
        </animation>
    </shape>
    <shape name="temp29" type="ply">
        <string name="filename" value="meshes/Cube_025.ply"/>
        <boolean name="face_normals" value="true"/>
        <ref id="mat-Material" name="bsdf"/>
        <animation name="to_world">
            <transform time="0">
                <matrix value="0.999547007501414 0.029779213763211198 0.004356600464942336 0.0011066442815956812 -0.029829369870591302 0.9994835458457354 0.011941037331077807 -0.01739293159749511 -0.00399876690300287 -0.012065580917060718 0.9999193891922892 -0.004962718800789578 0.0 0.0 0.0 1.0"/>
                <scale value="1"/>
            </transform>
            <transform time="0.0015">
                <matrix value="0.999546193697564 0.029806779840460273 0.0043551213629726415 0.001105481841685052 -0.029856540068464107 0.9994837335744009 0.011846596074587108 -0.01747283496731913 -0.00399984431547255 -0.011971248013537487 0.9999203934157208 -0.004964692114478216 0.0 0.0 0.0 1.0"/>
                <scale value="1"/>
            </transform>
        </animation>
    </shape>
    <shape name="temp30" type="ply">
        <string name="filename" value="meshes/Cube_026.ply"/>
        <boolean name="face_normals" value="true"/>
        <ref id="mat-Material" name="bsdf"/>
        <animation name="to_world">
            <transform time="0">
                <matrix value="0.9994689970515596 0.03036137189913709 0.011856195046950476 0.008082640344609038 -0.03047957810530347 0.9994860488545606 0.009919124429518969 -0.01959524031142834 -0.01154893737356545 -0.010275232936258795 0.9998806203580822 -0.014963741081197135 0.0 0.0 0.0 1.0"/>
                <scale value="1"/>
            </transform>
            <transform time="0.0015">
                <matrix value="0.9994675449701802 0.03040777241794327 0.011857121826032753 0.0080819916211675 -0.0305247994299861 0.9994855157051504 0.009816693639488864 -0.01973105968668667 -0.011552639223666766 -0.010173411686449786 0.9998814799052569 -0.01496639425808432 0.0 0.0 0.0 1.0"/>
                <scale value="1"/>
            </transform>
        </animation>
    </shape>
    <shape name="temp31" type="ply">
        <string name="filename" value="meshes/Cube_027.ply"/>
        <boolean name="face_normals" value="true"/>
        <ref id="mat-Material" name="bsdf"/>
        <animation name="to_world">
            <transform time="0">
                <matrix value="0.9986698331817448 0.047963239143720686 0.018927417650504635 0.04155526629740969 -0.0481501772078287 0.9987943840825326 0.009546754504867616 -0.0442274824871533 -0.018446709997925633 -0.010445414592124282 0.9997754244359962 -0.008579775441999615 0.0 0.0 0.0 1.0"/>
                <scale value="1"/>
            </transform>
            <transform time="0.0015">
                <matrix value="0.9986051756680135 0.048964176099092385 0.019052937920131834 0.04269835477378358 -0.04913838241430053 0.9987335449766018 0.008908019893228997 -0.046238989393558805 -0.018609554541856175 -0.0098362534698301 0.9997732628025078 -0.00799401012301256 0.0 0.0 0.0 1.0"/>
                <scale value="1"/>
            </transform>
        </animation>
    </shape>
    <shape name="temp32" type="ply">
        <string name="filename" value="meshes/Cube_028.ply"/>
        <boolean name="face_normals" value="true"/>
        <ref id="mat-Material" name="bsdf"/>
        <animation name="to_world">
            <transform time="0">
                <matrix value="0.9454737982401552 0.3220777893426056 0.048427852854308145 0.005010673576149038 -0.3199559152310084 0.9462772958326989 -0.046769799645501556 -0.5572174580940548 -0.060889682586117336 0.02872484215400596 0.9977313140129006 -0.09537753582551178 0.0 0.0 0.0 1.0"/>
                <scale value="1"/>
            </transform>
            <transform time="0.0015">
                <matrix value="0.944329494285392 0.32500070213774884 0.048501804548645604 0.00335686469613036 -0.32282855186704534 0.9451205793779115 -0.047510584633717774 -0.5627407470018924 -0.061336708232323185 0.029179491696291502 0.9976852473905649 -0.09615393885651156 0.0 0.0 0.0 1.0"/>
                <scale value="1"/>
            </transform>
        </animation>
    </shape>
    <shape name="temp33" type="ply">
        <string name="filename" value="meshes/Cube_029.ply"/>
        <boolean name="face_normals" value="true"/>
        <ref id="mat-Material" name="bsdf"/>
        <animation name="to_world">
            <transform time="0">
                <matrix value="0.880339948264888 0.454519703894056 0.13569853165404394 0.0718744630420971 -0.44789345190921714 0.8907040338073059 -0.07770439804056638 -0.9872722975834849 -0.15618538651518457 0.007627802587693957 0.9876984597898635 -0.3823536495908584 0.0 0.0 0.0 1.0"/>
                <scale value="1"/>
            </transform>
            <transform time="0.0015">
                <matrix value="0.8788844361437127 0.4570269103322096 0.135879670583123 0.06934982300238875 -0.4503339060429951 0.8892960162516692 -0.07829570437097887 -0.9929541993648847 -0.15665333968588663 0.007586770057441925 0.9876215856351326 -0.38341261621317685 0.0 0.0 0.0 1.0"/>
                <scale value="1"/>
            </transform>
        </animation>
    </shape>
    <shape name="temp34" type="ply">
        <string name="filename" value="meshes/Cube_030.ply"/>
        <boolean name="face_normals" value="true"/>
        <ref id="mat-Material" name="bsdf"/>
        <animation name="to_world">
            <transform time="0">
                <matrix value="0.5820610367650428 0.802878480452018 -0.1288054420323828 -1.2487274926923475 -0.7715770529412905 0.5953312397985416 0.2241632025764294 -1.4265396878490384 0.25665768855703186 -0.03109335643495509 0.9660021149821149 0.46671835436052755 0.0 0.0 0.0 1.0"/>
                <scale value="1"/>
            </transform>
            <transform time="0.0015">
                <matrix value="0.5784410407211882 0.8051258730135032 -0.1291824098815294 -1.2599492970761235 -0.7737225835836496 0.591944101755888 0.22475592845052442 -1.4306393765915433 0.2574270322505195 -0.029977606833480067 0.9658066619115016 0.4678672586666635 0.0 0.0 0.0 1.0"/>
                <scale value="1"/>
            </transform>
        </animation>
    </shape>
    <shape name="temp35" type="ply">
        <string name="filename" value="meshes/Cube_031.ply"/>
        <boolean name="face_normals" value="true"/>
        <ref id="mat-Material" name="bsdf"/>
        <animation name="to_world">
            <transform time="0">
                <matrix value="0.012051745749760208 0.9999265784077943 0.001255585430672105 -2.4653463841944405 -0.6537559372157716 0.006929340060864831 0.7566737947738666 -0.6619130686218144 0.7566096126603868 -0.009940084226246967 0.6537914737877766 0.8177906943438908 0.0 0.0 0.0 1.0"/>
                <scale value="1"/>
            </transform>
            <transform time="0.0015">
                <matrix value="0.01204653916038326 0.999924798740045 0.0015775745255811927 -2.4648990251730973 -0.6524577764625392 0.006655895913365407 0.7577445437526983 -0.6566406402190041 0.7576794296274655 -0.010146155559339847 0.6524890215280078 0.8187369177801123 0.0 0.0 0.0 1.0"/>
                <scale value="1"/>
