
<scene version="2.1.0">
    <default name="spp" value="1024"/>
    <default name="resx" value="1280"/>
    <default name="resy" value="720"/>
    <integrator name="temp0" type="path">
        <integer name="max_depth" value="12"/>
    </integrator>
    <sensor name="temp44" type="perspective">
        <string name="fov_axis" value="x"/>
        <float name="fov" value="83.974423"/>
        <float name="principal_point_offset_x" value="0.000000"/>
        <float name="principal_point_offset_y" value="-0.000000"/>
        <float name="near_clip" value="0.100000"/>
        <float name="far_clip" value="1000.000000"/>
        <sampler name="sampler" type="correlated">
            <integer name="sample_count" value="1024"/>
        </sampler>
        <film name="film" type="hdrfilm">
            <integer name="width" value="$resx"/>
            <integer name="height" value="$resy"/>
        </film>
        <float name="shutter_open" value="0.0"/>
        <float name="shutter_close" value="0.0015"/>
        <animation name="to_world">
            <transform time="0">
                <rotate angle="-142.5518126578256" x="1"/>
                <rotate angle="3.976628485794621e-06" y="1"/>
                <rotate angle="-179.999991348578" z="1"/>
                <translate value="-0.000000 3.030926 4.073377"/>
            </transform>
            <transform time="0.0015">
                <rotate angle="-142.5518126578256" x="1"/>
                <rotate angle="3.976628485794621e-06" y="1"/>
                <rotate angle="-179.999991348578" z="1"/>
                <translate value="-0.000000 3.030926 4.073377"/>
                <translate x="0.15" y="0.0" z="0.0"/>
            </transform>
        </animation>
    </sensor>
    <bsdf id="mat-Material" name="mat-Material" type="twosided">
        <bsdf name="bsdf" type="diffuse">
            <texture name="reflectance" type="bitmap">
                <string name="filename" value="textures/siggraph_2023_logo.jpg"/>
            </texture>
        </bsdf>
    </bsdf>
    <bsdf id="mat-Material.001" name="mat-Material.001" type="twosided">
        <bsdf name="bsdf" type="principled">
            <rgb name="base_color" value="0.433648 0.266232 0.084399"/>
            <float name="spec_tint" value="0.000000"/>
            <float name="spec_trans" value="0.000000"/>
            <float name="metallic" value="0.000000"/>
            <float name="anisotropic" value="0.000000"/>
            <float name="roughness" value="0.500000"/>
            <float name="sheen" value="0.000000"/>
            <float name="sheen_tint" value="0.500000"/>
            <float name="clearcoat" value="0.000000"/>
            <float name="clearcoat_gloss" value="0.173205"/>
            <float name="specular" value="0.500000"/>
        </bsdf>
    </bsdf>
    <bsdf id="mat-Material.002" name="mat-Material.002" type="twosided">
        <bsdf name="bsdf" type="principled">
            <rgb name="base_color" value="0.433648 0.266232 0.084399"/>
            <float name="spec_tint" value="0.000000"/>
            <float name="spec_trans" value="0.000000"/>
            <float name="metallic" value="0.000000"/>
            <float name="anisotropic" value="0.000000"/>
            <float name="roughness" value="0.500000"/>
            <float name="sheen" value="0.000000"/>
            <float name="sheen_tint" value="0.500000"/>
            <float name="clearcoat" value="0.000000"/>
            <float name="clearcoat_gloss" value="0.173205"/>
            <float name="specular" value="0.500000"/>
        </bsdf>
    </bsdf>
    <bsdf id="mat-Material.003" name="mat-Material.003" type="twosided">
        <bsdf name="bsdf" type="principled">
            <rgb name="base_color" value="0.433648 0.266232 0.084399"/>
            <float name="spec_tint" value="0.000000"/>
            <float name="spec_trans" value="0.000000"/>
            <float name="metallic" value="0.000000"/>
            <float name="anisotropic" value="0.000000"/>
            <float name="roughness" value="0.500000"/>
            <float name="sheen" value="0.000000"/>
            <float name="sheen_tint" value="0.500000"/>
            <float name="clearcoat" value="0.000000"/>
            <float name="clearcoat_gloss" value="0.173205"/>
            <float name="specular" value="0.500000"/>
        </bsdf>
    </bsdf>
    <bsdf id="mat-Material.004" name="mat-Material.004" type="twosided">
        <bsdf name="bsdf" type="principled">
            <rgb name="base_color" value="0.433648 0.266232 0.084399"/>
            <float name="spec_tint" value="0.000000"/>
            <float name="spec_trans" value="0.000000"/>
            <float name="metallic" value="0.000000"/>
            <float name="anisotropic" value="0.000000"/>
            <float name="roughness" value="0.500000"/>
            <float name="sheen" value="0.000000"/>
            <float name="sheen_tint" value="0.500000"/>
            <float name="clearcoat" value="0.000000"/>
            <float name="clearcoat_gloss" value="0.173205"/>
            <float name="specular" value="0.500000"/>
        </bsdf>
    </bsdf>
    <bsdf id="mat-Material.005" name="mat-Material.005" type="twosided">
        <bsdf name="bsdf" type="principled">
            <rgb name="base_color" value="0.433648 0.266232 0.084399"/>
            <float name="spec_tint" value="0.000000"/>
            <float name="spec_trans" value="0.000000"/>
            <float name="metallic" value="0.000000"/>
            <float name="anisotropic" value="0.000000"/>
            <float name="roughness" value="0.500000"/>
            <float name="sheen" value="0.000000"/>
            <float name="sheen_tint" value="0.500000"/>
            <float name="clearcoat" value="0.000000"/>
            <float name="clearcoat_gloss" value="0.173205"/>
            <float name="specular" value="0.500000"/>
        </bsdf>
    </bsdf>
    <emitter name="temp45" type="point">
        <point name="position" x="-6.815235034541981e-16" y="3.0693089962005615" z="4.109199523925781"/>
        <rgb name="intensity" value="7.957747 7.957747 7.957747"/>
    </emitter>
    <shape name="temp2" type="ply">
        <string name="filename" value="meshes/Cube.ply"/>
        <boolean name="face_normals" value="true"/>
        <ref id="mat-Material" name="bsdf"/>
        <animation name="to_world">
            <transform time="0">
                <matrix value="0.9999991135176153 0.00021599401780890778 0.0015324717353923053 -0.002470629460449514 -0.00021387096717001135 0.9999989570796562 -0.0013824091615483138 -0.015456030392753783 -0.001532770151074328 0.001382080125484176 0.9999978724420252 0.003523406342250346 0.0 0.0 0.0 1.0"/>
            </transform>
            <transform time="0.0015">
                <matrix value="0.9999991135176153 0.00021651988334684096 0.0015333586008483568 -0.002471956334391503 -0.0002143580367527199 0.9999989270430698 -0.001406929063809774 -0.015422632955706412 -0.0015336629417686191 0.0014065991412170074 0.999997838400553 0.0035279195678862554 0.0 0.0 0.0 1.0"/>
            </transform>
        </animation>
    </shape>
    <shape name="temp4" type="ply">
        <string name="filename" value="meshes/Plane.ply"/>
        <boolean name="face_normals" value="true"/>
        <ref id="mat-Material.001" name="bsdf"/>
    </shape>
    <shape name="temp5" type="ply">
        <string name="filename" value="meshes/Cube_001.ply"/>
        <boolean name="face_normals" value="true"/>
        <ref id="mat-Material" name="bsdf"/>
        <animation name="to_world">
            <transform time="0">
                <matrix value="0.9999982270352306 0.00017305719583749635 -0.001904446879841672 0.002546855087925959 -0.00017852846583585539 0.9999957240265904 -0.0028705815939758907 -0.014387812349812956 0.001903929244521982 0.002870912534442444 0.9999939719190715 -0.0044933514142603825 0.0 0.0 0.0 1.0"/>
            </transform>
            <transform time="0.0015">
                <matrix value="0.9999982270352306 0.00017458243868104784 -0.0019050088194450024 0.002547562099433459 -0.0001801401644684824 0.9999955963710978 -0.0029151497107027476 -0.014337953075261558 0.001904478801474822 0.002915483599857125 0.9999938442635505 -0.004490606858158992 0.0 0.0 0.0 1.0"/>
            </transform>
        </animation>
    </shape>
    <shape name="temp6" type="ply">
        <string name="filename" value="meshes/Cube_002.ply"/>
        <boolean name="face_normals" value="true"/>
        <ref id="mat-Material" name="bsdf"/>
        <animation name="to_world">
            <transform time="0">
                <matrix value="1.0 9.276265427399187e-05 0.00023570576535115816 -0.000854938730190824 -9.355447522902273e-05 0.9999941596460746 0.0033785857034723163 -0.019643069141101394 -0.0002353858946468875 -0.003378600943217159 0.9999943265120672 0.000933208841495059 0.0 0.0 0.0 1.0"/>
            </transform>
            <transform time="0.0015">
                <matrix value="1.0 9.36247118153351e-05 0.00023502583800497464 -0.0008547755377782974 -9.44212561139895e-05 0.9999940545180219 0.0034084451808651063 -0.019661114225671315 -0.0002347002888386496 -0.0034084604640275016 0.9999942243876505 0.0009313815815648527 0.0 0.0 0.0 1.0"/>
            </transform>
        </animation>
    </shape>
    <shape name="temp7" type="ply">
        <string name="filename" value="meshes/Cube_003.ply"/>
        <boolean name="face_normals" value="true"/>
        <ref id="mat-Material" name="bsdf"/>
        <animation name="to_world">
            <transform time="0">
                <matrix value="0.9999988918970191 0.0005207103121877758 0.0014920895030544642 -0.0011347361637015219 -0.000525796194153826 0.999992595265559 0.003387268503962695 -0.017418039782855416 -0.0014900793756327268 -0.0033880498015322587 0.9999918443610967 0.004611977375659354 0.0 0.0 0.0 1.0"/>
            </transform>
            <transform time="0.0015">
                <matrix value="0.9999988759400809 0.0005306310212473277 0.0014936322625772836 -0.0011329951331748112 -0.0005359054570620833 0.9999921672442015 0.0035103789777686176 -0.0174270826224528 -0.0014915237976818284 -0.003511175927045518 0.9999914273530616 0.004618380777300256 0.0 0.0 0.0 1.0"/>
            </transform>
        </animation>
    </shape>
    <shape name="temp8" type="ply">
        <string name="filename" value="meshes/Cube_004.ply"/>
        <boolean name="face_normals" value="true"/>
        <ref id="mat-Material" name="bsdf"/>
        <animation name="to_world">
            <transform time="0">
                <matrix value="0.9999993351382115 -0.0001269831651798099 0.0012527203192660777 -0.0004604296767838356 0.00012846969205374922 0.9999988527876218 -0.0011936841313960893 -0.01814975010784403 -0.0012523513945254393 0.0011938413467856152 0.9999982270350211 0.0039253537856386925 0.0 0.0 0.0 1.0"/>
            </transform>
            <transform time="0.0015">
                <matrix value="0.9999993510951497 -0.00010943333586275768 0.0012533868512929268 -0.0004613683807748357 0.00011084134432247862 0.9999989353882346 -0.001130352440263244 -0.018104655665123315 -0.0012530471170325186 0.0011304877280169882 0.9999983036283336 0.003931014487742213 0.0 0.0 0.0 1.0"/>
            </transform>
        </animation>
    </shape>
    <shape name="temp9" type="ply">
        <string name="filename" value="meshes/Cube_005.ply"/>
        <boolean name="face_normals" value="true"/>
        <ref id="mat-Material" name="bsdf"/>
        <animation name="to_world">
            <transform time="0">
                <matrix value="0.9999997783794039 0.00032600365439288477 0.0008215198706822984 -0.0007459130617186727 -0.00032865137661849524 0.9999931167257308 0.0032277099296913006 -0.015662294075471178 -0.0008201225295952144 -0.0032279771725595144 0.9999929081400841 0.002010931414872824 0.0 0.0 0.0 1.0"/>
            </transform>
            <transform time="0.0015">
                <matrix value="0.9999997943363421 0.0003123857644300032 0.0008214939140597003 -0.0007453603421763669 -0.00031492754806107233 0.9999935372379416 0.0030984793948988093 -0.015748231389298706 -0.000820183006391128 -0.0030987355229458954 0.9999933166377513 0.0020032901026312104 0.0 0.0 0.0 1.0"/>
            </transform>
        </animation>
    </shape>
    <shape name="temp10" type="ply">
        <string name="filename" value="meshes/Cube_006.ply"/>
        <boolean name="face_normals" value="true"/>
        <ref id="mat-Material" name="bsdf"/>
        <animation name="to_world">
            <transform time="0">
                <matrix value="0.9999991135176153 5.967089605630102e-05 -0.001587407646254245 -0.0013052849312555903 -5.91039967944797e-05 0.9999992699557594 0.00035379397957828007 -0.01741578583706882 0.001587228980172935 -0.0003537012200082183 0.999998227035021 -0.003760895327638958 0.0 0.0 0.0 1.0"/>
            </transform>
            <transform time="0.0015">
                <matrix value="0.9999991135176153 4.64993422594799e-05 -0.0015877762302951395 -0.001303645106458751 -4.580730355975172e-05 0.9999992474283195 0.0004325172670824068 -0.01739549767149268 0.0015875975854461812 -0.00043244551060167015 0.9999982015039168 -0.0037574695193695277 0.0 0.0 0.0 1.0"/>
            </transform>
        </animation>
    </shape>
    <shape name="temp11" type="ply">
        <string name="filename" value="meshes/Cube_007.ply"/>
        <boolean name="face_normals" value="true"/>
        <ref id="mat-Material" name="bsdf"/>
        <animation name="to_world">
            <transform time="0">
                <matrix value="0.9998956166992006 0.012247103288745013 0.0032867449355846365 0.033836188051013405 -0.012162717830883983 0.9997118411089998 -0.014740598675902475 -0.0003059384857520553 -0.0035504483827901857 0.01468189886592842 0.9997980001900619 0.05043278448177951 0.0 0.0 0.0 1.0"/>
            </transform>
            <transform time="0.0015">
                <matrix value="0.9998892817947211 0.012715770004846761 0.003466308680638564 0.03538638153916501 -0.012625406967231441 0.9996923849101025 -0.01567857042405054 -3.727796562901669e-05 -0.0037482922367695288 0.015615973628863867 0.9997835751161918 0.05266993997502269 0.0 0.0 0.0 1.0"/>
            </transform>
        </animation>
    </shape>
    <shape name="temp12" type="ply">
        <string name="filename" value="meshes/Cube_008.ply"/>
        <boolean name="face_normals" value="true"/>
        <ref id="mat-Material" name="bsdf"/>
        <animation name="to_world">
            <transform time="0">
                <matrix value="0.9772504241818211 0.2061128794404941 0.008094873483583053 0.20912908731243984 -0.2053765378253169 0.9759527598801059 -0.05262100958772181 0.42706181770812623 -0.01933713944545208 0.049655106242295424 0.9985075180806968 0.1498148253396473 0.0 0.0 0.0 1.0"/>
            </transform>
            <transform time="0.0015">
                <matrix value="0.9765175379655906 0.20958876504196094 0.00806858240351991 0.21227327693823486 -0.20883263990794454 0.9751782514792277 -0.053496695824283264 0.43457311512712665 -0.019668606381078958 0.050449728643315164 0.9984615876242502 0.15125510629355599 0.0 0.0 0.0 1.0"/>
            </transform>
        </animation>
    </shape>
    <shape name="temp13" type="ply">
        <string name="filename" value="meshes/Cube_009.ply"/>
        <boolean name="face_normals" value="true"/>
        <ref id="mat-Material" name="bsdf"/>
        <animation name="to_world">
            <transform time="0">
                <matrix value="0.750422852097506 0.6552557970727312 0.022074891459083985 0.6113331116176977 -0.6527165366197007 0.749884027257766 -0.06804467020723833 1.320362700729119 -0.06157420212152964 0.03606610446307332 0.9973996513641665 0.14355452573656613 0.0 0.0 0.0 1.0"/>
            </transform>
            <transform time="0.0015">
                <matrix value="0.7464542977305182 0.6597961725410897 0.02221047268583761 0.6201698165055554 -0.6572107444460511 0.7459164570028745 -0.06865859964907794 1.3293977529692513 -0.06229951677056725 0.036069066070501005 0.9973547676829917 0.14499149738958433 0.0 0.0 0.0 1.0"/>
            </transform>
        </animation>
    </shape>
    <shape name="temp14" type="ply">
        <string name="filename" value="meshes/Cube_010.ply"/>
        <boolean name="face_normals" value="true"/>
        <ref id="mat-Material" name="bsdf"/>
        <animation name="to_world">
            <transform time="0">
                <matrix value="0.5946497242153301 0.8015461294097279 0.010221828650263037 0.7112181764709498 -0.8002429404975293 0.5943346481082468 -0.05067867917418601 1.3566901925869357 -0.04682952012935551 0.021858901220842556 0.9986592838828974 0.03923697243864066 0.0 0.0 0.0 1.0"/>
            </transform>
            <transform time="0.0015">
                <matrix value="0.5910805081846306 0.804194778133652 0.010164724080547019 0.7172412898939711 -0.8028828404023162 0.5907645144566135 -0.05086210058398011 1.3612630964727521 -0.04704033825067559 0.02180580254324962 0.9986505607556307 0.03930270569694548 0.0 0.0 0.0 1.0"/>
            </transform>
        </animation>
    </shape>
    <shape name="temp15" type="ply">
        <string name="filename" value="meshes/Cube_011.ply"/>
        <boolean name="face_normals" value="true"/>
        <ref id="mat-Material" name="bsdf"/>
        <animation name="to_world">
            <transform time="0">
                <matrix value="0.49312089669466186 0.8657952371913739 -0.06966798512222347 0.6165923966642156 -0.8109321450923449 0.4879931709575886 0.31935567143129334 1.7084338258734313 0.3107461167639138 -0.1000576734950138 0.9448201291569528 -0.6165279550238353 0.0 0.0 0.0 1.0"/>
            </transform>
            <transform time="0.0015">
                <matrix value="0.4900762490515248 0.867497928678748 -0.07005828506930918 0.6199068598272723 -0.8121053151483766 0.4851088551760821 0.32078403458658356 1.7127643063700488 0.31251607311857543 -0.09939146651220487 0.9443085539118307 -0.619966047440337 0.0 0.0 0.0 1.0"/>
            </transform>
        </animation>
    </shape>
    <shape name="temp16" type="ply">
        <string name="filename" value="meshes/Cube_012.ply"/>
        <boolean name="face_normals" value="true"/>
        <ref id="mat-Material" name="bsdf"/>
        <animation name="to_world">
            <transform time="0">
                <matrix value="0.3238406804993378 0.9344524563902858 0.02618152750152357 0.7209814666753428 -0.6861245117698266 0.22328018263621063 0.6813680528731252 1.7978779983013582 0.6336531761777362 -0.23433901794448744 0.7300885395070968 -1.7235507962449317 0.0 0.0 0.0 1.0"/>
            </transform>
            <transform time="0.0015">
                <matrix value="0.3139466623266365 0.9378592961394788 0.02696654512775752 0.7325851575755951 -0.6866359316402828 0.21474230620544008 0.6836508825132436 1.802332647989855 0.6381559369229808 -0.22888883652416087 0.7279299016681506 -1.7344904464964108 0.0 0.0 0.0 1.0"/>
            </transform>
        </animation>
    </shape>
    <shape name="temp17" type="ply">
        <string name="filename" value="meshes/Cube_013.ply"/>
        <boolean name="face_normals" value="true"/>
        <ref id="mat-Material" name="bsdf"/>
        <animation name="to_world">
            <transform time="0">
                <matrix value="0.8359333861676834 0.48878735479941515 0.24721704779109838 0.4504882424336056 -0.3989306806234454 0.23768228683229636 0.8833268482214325 1.437191108450512 0.37447575647974307 -0.8367881807923274 0.39489473552326815 -1.404506109645669 0.0 0.0 0.0 1.0"/>
            </transform>
            <transform time="0.0015">
                <matrix value="0.8345950777578499 0.4904147520736113 0.24852478413839874 0.4526240399461229 -0.39913073914088243 0.23321523893161555 0.8844384724980803 1.4390834240480448 0.3772501302901241 -0.8371064034078712 0.3915894872845591 -1.4109439008368954 0.0 0.0 0.0 1.0"/>
            </transform>
        </animation>
    </shape>
    <shape name="temp18" type="ply">
        <string name="filename" value="meshes/Cube_014.ply"/>
        <boolean name="face_normals" value="true"/>
        <ref id="mat-Material" name="bsdf"/>
        <animation name="to_world">
            <transform time="0">
                <matrix value="0.9306892666485824 0.32896252370036483 0.15994452510778445 0.10672359582618873 -0.21735615050343335 0.14571687215673843 0.9651093493880434 1.0246995932063956 0.2942152813606441 -0.9329862146788953 0.20713256719182677 -0.873200995385084 0.0 0.0 0.0 1.0"/>
            </transform>
            <transform time="0.0015">
                <matrix value="0.930601934325618 0.32907419972892604 0.16022303285996858 0.10698776687464118 -0.21746289763314913 0.1450579325260302 0.9651847938009395 1.0249240651343774 0.29441269262202785 -0.9330497495684633 0.2065659622047229 -0.8739316144767171 0.0 0.0 0.0 1.0"/>
            </transform>
        </animation>
    </shape>
    <shape name="temp19" type="ply">
        <string name="filename" value="meshes/Cube_015.ply"/>
        <boolean name="face_normals" value="true"/>
        <ref id="mat-Material" name="bsdf"/>
        <animation name="to_world">
            <transform time="0">
                <matrix value="0.9798932497912334 0.1630739034214045 0.11484313278656669 0.04339970137808019 -0.1468428594730394 0.2001367790030933 0.9687010218424558 0.6341181724731509 0.13498480569192609 -0.9660868377195087 0.22006119329526108 -0.3685571880682078 0.0 0.0 0.0 1.0"/>
            </transform>
            <transform time="0.0015">
                <matrix value="0.979949130988935 0.16270190480324248 0.11489456179182017 0.043391294085238154 -0.14680230491451318 0.20008218525440796 0.9687184510762528 0.6341141490150441 0.13462326934231833 -0.9661609454875204 0.21995764254079364 -0.36825167906580736 0.0 0.0 0.0 1.0"/>
            </transform>
        </animation>
    </shape>
    <shape name="temp20" type="ply">
        <string name="filename" value="meshes/Cube_016.ply"/>
        <boolean name="face_normals" value="true"/>
        <ref id="mat-Material" name="bsdf"/>
        <animation name="to_world">
            <transform time="0">
                <matrix value="0.9762892556562008 0.1498017095550276 0.15610596137016625 0.07027597200365937 -0.18454741528331092 0.1999101106955653 0.9622761513516376 0.352553849108798 0.1129404044487232 -0.968268627078801 0.22282502112192276 -0.10663209096719578 0.0 0.0 0.0 1.0"/>
            </transform>
            <transform time="0.0015">
                <matrix value="0.9763639979548973 0.1492986094969081 0.15612129450030893 0.07030109043555582 -0.18444108782107071 0.19984724637279055 0.962309605608501 0.35248765064636517 0.11246804237598661 -0.9683594351888999 0.2226698149864113 -0.10609994181322452 0.0 0.0 0.0 1.0"/>
            </transform>
        </animation>
    </shape>
    <shape name="temp21" type="ply">
        <string name="filename" value="meshes/Cube_017.ply"/>
        <boolean name="face_normals" value="true"/>
        <ref id="mat-Material" name="bsdf"/>
        <animation name="to_world">
            <transform time="0">
                <matrix value="0.9369234540190452 0.13757737947491047 0.32127602889885637 0.18276923846461585 -0.3439362167059379 0.19957121372983777 0.9175382168511103 0.17458465355492758 0.0621189012228138 -0.9701656991842278 0.234293740582601 0.11832420889383927 0.0 0.0 0.0 1.0"/>
            </transform>
            <transform time="0.0015">
                <matrix value="0.9369041301668416 0.13724542713568316 0.32147449919249976 0.18275856118606082 -0.3440489859841438 0.19952304555791678 0.9175064221160194 0.17471017820101464 0.06178581449838662 -0.9702226860979415 0.2341461018663729 0.11866760135320328 0.0 0.0 0.0 1.0"/>
            </transform>
        </animation>
    </shape>
    <shape name="temp22" type="ply">
        <string name="filename" value="meshes/Cube_018.ply"/>
        <boolean name="face_normals" value="true"/>
        <ref id="mat-Material" name="bsdf"/>
        <animation name="to_world">
            <transform time="0">
                <matrix value="0.1951385084401988 0.9781648982214037 0.0714998243582694 0.8675213729714327 -0.33584097037907756 -0.0018515319456930519 0.9418907182210212 -0.14798521423740296 0.9214567742324392 -0.2078218608619111 0.32814685918071995 -0.1923349948369113 0.0 0.0 0.0 1.0"/>
            </transform>
            <transform time="0.0015">
                <matrix value="0.19518867864970588 0.9781616918157962 0.07140681284361362 0.867545907741518 -0.3353645568397229 -0.0018522094209012818 0.942060585167598 -0.14818549938245373 0.9216197903134558 -0.20783696175576777 0.3276795463599038 -0.19221276272366383 0.0 0.0 0.0 1.0"/>
            </transform>
        </animation>
    </shape>
    <shape name="temp23" type="ply">
        <string name="filename" value="meshes/Cube_019.ply"/>
        <boolean name="face_normals" value="true"/>
        <ref id="mat-Material" name="bsdf"/>
        <animation name="to_world">
            <transform time="0">
                <matrix value="-0.049219075505250634 0.9877252447212588 -0.14824364179299238 0.46643220212010544 -0.9645996556902419 -0.008506912476038905 0.26358032075064025 0.08804802513473477 0.2590838736443468 0.15596902943746965 0.953178240660848 -0.044600566309699274 0.0 0.0 0.0 1.0"/>
            </transform>
            <transform time="0.0015">
                <matrix value="-0.04923000441224831 0.9877237128553479 -0.14825022286061704 0.4664407897434568 -0.9645844965989179 -0.008506756210697703 0.26363582537116004 0.08799720909769737 0.2591382612726296 0.15597874176771043 0.9531618752230591 -0.04460892304594525 0.0 0.0 0.0 1.0"/>
            </transform>
        </animation>
    </shape>
    <shape name="temp24" type="ply">
        <string name="filename" value="meshes/Cube_020.ply"/>
        <boolean name="face_normals" value="true"/>
        <ref id="mat-Material" name="bsdf"/>
        <animation name="to_world">
            <transform time="0">
                <matrix value="0.061923781546894055 0.9921816959880844 -0.10832262852423469 -0.061389196370191024 -0.8955599267650072 0.007339657975123039 -0.4448503884824003 0.3044190781569548 -0.44057880471774635 0.12455956558491696 0.8890123919591102 0.11453581140084423 0.0 0.0 0.0 1.0"/>
            </transform>
            <transform time="0.0015">
                <matrix value="0.061964436070116605 0.9921587814057123 -0.10850924217305694 -0.0612145260174151 -0.8957237359937436 0.007339081260810537 -0.44452061172001456 0.3040960399431097 -0.4402401039128059 0.12474209800697736 0.8891546682926923 0.11440848488714675 0.0 0.0 0.0 1.0"/>
            </transform>
        </animation>
    </shape>
    <shape name="temp25" type="ply">
        <string name="filename" value="meshes/Cube_021.ply"/>
        <boolean name="face_normals" value="true"/>
        <ref id="mat-Material" name="bsdf"/>
        <animation name="to_world">
            <transform time="0">
                <matrix value="0.2859209754142975 0.914079216057636 -0.28758425720568426 -0.10848351569194141 -0.6829136725724123 -0.016152006683033564 -0.7303068505948416 0.2554299346875297 -0.6722040788827486 0.4052136630908405 0.6196186375969752 0.21765493432136657 0.0 0.0 0.0 1.0"/>
            </transform>
            <transform time="0.0015">
                <matrix value="0.28584083647908987 0.9140683428133274 -0.2876984918762205 -0.10842688625367672 -0.683148845928131 -0.016160528137711586 -0.7300867639663131 0.25512387140356535 -0.6719992556235543 0.40523785005210966 0.6198250310432871 0.2175832108207763 0.0 0.0 0.0 1.0"/>
            </transform>
        </animation>
    </shape>
    <shape name="temp26" type="ply">
        <string name="filename" value="meshes/Cube_022.ply"/>
        <boolean name="face_normals" value="true"/>
        <ref id="mat-Material" name="bsdf"/>
        <animation name="to_world">
            <transform time="0">
                <matrix value="0.6781339811746601 0.3961157474714396 -0.6189687868333476 -0.0667822269902354 -0.6680353954686566 -0.018631741697832604 -0.7438147161766743 -0.13275547567428558 -0.3061731087341564 0.9180113386299782 0.25198442060213677 0.6599186473653544 0.0 0.0 0.0 1.0"/>
            </transform>
            <transform time="0.0015">
                <matrix value="0.6786247048962246 0.39613325880136196 -0.6184199531968368 -0.06667584459036949 -0.6674455312898333 -0.018611192242278522 -0.7443450057211713 -0.13192506203534038 -0.30637324065350935 0.9180041974315407 0.2517672530298546 0.6598671835797821 0.0 0.0 0.0 1.0"/>
            </transform>
        </animation>
    </shape>
    <shape name="temp27" type="ply">
        <string name="filename" value="meshes/Cube_023.ply"/>
        <boolean name="face_normals" value="true"/>
        <ref id="mat-Material" name="bsdf"/>
        <animation name="to_world">
            <transform time="0">
                <matrix value="0.8517759344854059 0.3101688905204798 -0.4222222721279031 -0.08006501266251953 -0.47977091522214366 0.1380481745765222 -0.8664645328993745 -0.2864910389403145 -0.21046315158671486 0.9406039134542983 0.2663953163465953 0.15289846881506836 0.0 0.0 0.0 1.0"/>
            </transform>
            <transform time="0.0015">
                <matrix value="0.8517752802509382 0.3100921170054173 -0.4222799979544879 -0.08003585963048342 -0.47982417948197464 0.13812261424881464 -0.8664231895313148 -0.28655486395504376 -0.21034440643513957 0.9406183084883726 0.26643831072605956 0.15302487398761672 0.0 0.0 0.0 1.0"/>
            </transform>
        </animation>
    </shape>
    <shape name="temp28" type="ply">
        <string name="filename" value="meshes/Cube_024.ply"/>
        <boolean name="face_normals" value="true"/>
        <ref id="mat-Material" name="bsdf"/>
        <animation name="to_world">
            <transform time="0">
                <matrix value="0.8656234541963417 0.4020659209090929 -0.2983752312537321 -0.18103667138980672 -0.3916149182574593 0.17239211510503252 -0.9038313064009709 -0.5228254526437186 -0.31196454247757643 0.8992286561137033 0.30668972781914433 -0.2964038686267261 0.0 0.0 0.0 1.0"/>
            </transform>
            <transform time="0.0015">
                <matrix value="0.8655001070637793 0.4022507435348982 -0.2984840192887067 -0.18118968575993424 -0.3917412381676151 0.1722391094843789 -0.9038057582760398 -0.5229233941491713 -0.3121482132194454 0.899175356190981 0.30665918410815907 -0.29661473046584186 0.0 0.0 0.0 1.0"/>
            </transform>
        </animation>
    </shape>
    <shape name="temp29" type="ply">
        <string name="filename" value="meshes/Cube_025.ply"/>
        <boolean name="face_normals" value="true"/>
        <ref id="mat-Material" name="bsdf"/>
        <animation name="to_world">
            <transform time="0">
                <matrix value="0.8919666079815328 0.38436756267429806 -0.2380266947063048 -0.2827615914308901 -0.3284165695968455 0.1890418377925131 -0.925421055542974 -0.7981118228972093 -0.3107043856056536 0.9036174735046087 0.29485175885217774 -0.7208165728026542 0.0 0.0 0.0 1.0"/>
            </transform>
            <transform time="0.0015">
                <matrix value="0.8919430874545733 0.3843845408548102 -0.23808744171355262 -0.282802497716428 -0.3284967484243988 0.18907501695686205 -0.9253858226191851 -0.7981701398776682 -0.3106871728563787 0.9036033112540798 0.2949132973236556 -0.7207368732940693 0.0 0.0 0.0 1.0"/>
            </transform>
        </animation>
    </shape>
    <shape name="temp30" type="ply">
        <string name="filename" value="meshes/Cube_026.ply"/>
        <boolean name="face_normals" value="true"/>
        <ref id="mat-Material" name="bsdf"/>
        <animation name="to_world">
            <transform time="0">
                <matrix value="0.9230535506278954 0.2444922333721995 -0.29697683467598 -0.31197335492330175 -0.3502366243105383 0.21490176733281469 -0.9116737214913141 -1.1432993839347558 -0.15907556287199018 0.945536405220442 0.28399542149523826 -0.8363640376459345 0.0 0.0 0.0 1.0"/>
            </transform>
            <transform time="0.0015">
                <matrix value="0.9230400670150862 0.2444701414628378 -0.2970369178745188 -0.3120591371311733 -0.35030376951094055 0.21498707874758632 -0.9116278165659716 -1.1433704686420314 -0.15900595072893664 0.945522723555297 0.28407994647085966 -0.83620634450209 0.0 0.0 0.0 1.0"/>
            </transform>
        </animation>
    </shape>
    <shape name="temp31" type="ply">
        <string name="filename" value="meshes/Cube_027.ply"/>
        <boolean name="face_normals" value="true"/>
        <ref id="mat-Material" name="bsdf"/>
        <animation name="to_world">
            <transform time="0">
                <matrix value="0.8726701026723899 0.1920184576042451 -0.44897241313771774 -0.5491911786932377 -0.48352627622436517 0.2114147631632191 -0.8494141650918798 -1.5830539786705184 -0.06818368180955876 0.9583480558921871 0.27734124753380573 -0.9674049903932848 0.0 0.0 0.0 1.0"/>
            </transform>
            <transform time="0.0015">
                <matrix value="0.8726674857345191 0.19200017208130604 -0.44898531485570425 -0.5492231758439201 -0.4835401747175685 0.21150592420320927 -0.8493835703186863 -1.5831006388781153 -0.06811862058529009 0.9583316108610851 0.27741407075333774 -0.9672235107061372 0.0 0.0 0.0 1.0"/>
            </transform>
        </animation>
    </shape>
    <shape name="temp32" type="ply">
        <string name="filename" value="meshes/Cube_028.ply"/>
        <boolean name="face_normals" value="true"/>
        <ref id="mat-Material" name="bsdf"/>
        <animation name="to_world">
            <transform time="0">
                <matrix value="-0.12078843300054784 0.9806234786399485 0.15423198466645327 -1.4822214023179514 -0.7857864073882987 0.0004869906116310649 -0.6184935140213162 -2.118650630032754 -0.6065844365606612 -0.19590097888503472 0.7705017396332373 -1.3650368661058314 0.0 0.0 0.0 1.0"/>
            </transform>
            <transform time="0.0015">
                <matrix value="-0.12080636381204336 0.9806236964052004 0.1542165340932313 -1.4822656527089721 -0.7856816660457191 0.0004967093246464871 -0.6186265906467483 -2.118615178104106 -0.6067165600092532 -0.19589984575480948 0.7703980152672614 -1.365418034389231 0.0 0.0 0.0 1.0"/>
            </transform>
        </animation>
    </shape>
    <shape name="temp33" type="ply">
        <string name="filename" value="meshes/Cube_029.ply"/>
        <boolean name="face_normals" value="true"/>
        <ref id="mat-Material" name="bsdf"/>
        <animation name="to_world">
            <transform time="0">
                <matrix value="-0.007565043428772027 0.981627602346988 0.19065258585760209 -1.6263415936257348 -0.9998758924661408 -0.009798907228063735 0.010749344830341435 -1.872987055665182 0.012419283562666326 -0.19055303979992616 0.9815796030544168 -0.17347249364846073 0.0 0.0 0.0 1.0"/>
            </transform>
            <transform time="0.0015">
                <matrix value="-0.007499158666920993 0.9816159406422842 0.1907152315279652 -1.6261198296374362 -0.9998710096430407 -0.009817451140738037 0.011186416909275472 -1.8723160980468032 0.012852349919734146 -0.1906121487984753 0.9815626504012314 -0.1726436344085263 0.0 0.0 0.0 1.0"/>
            </transform>
        </animation>
    </shape>
    <shape name="temp34" type="ply">
        <string name="filename" value="meshes/Cube_030.ply"/>
        <boolean name="face_normals" value="true"/>
        <ref id="mat-Material" name="bsdf"/>
        <animation name="to_world">
            <transform time="0">
                <matrix value="-0.04097895444939758 0.9819452112168485 -0.18466998966668113 -3.204557593293841 -0.9719751226000156 0.0036279507869399217 0.23497757493740223 -1.8867396242465562 0.2314051193492613 0.18913049311812688 0.9542780656808603 0.29246677871069016 0.0 0.0 0.0 1.0"/>
            </transform>
            <transform time="0.0015">
                <matrix value="-0.04090190945135343 0.98194420906716 -0.18469243450765033 -3.2044351159053046 -0.9720768914229085 0.003626175825433754 0.23455663100396779 -1.8876826653333063 0.2309912927549334 0.189135749343979 0.954377373294995 0.2916381206493141 0.0 0.0 0.0 1.0"/>
            </transform>
        </animation>
    </shape>
    <shape name="temp35" type="ply">
        <string name="filename" value="meshes/Cube_031.ply"/>
        <boolean name="face_normals" value="true"/>
        <ref id="mat-Material" name="bsdf"/>
        <animation name="to_world">
            <transform time="0">
                <matrix value="0.1259461426491994 0.9828808797241685 0.13446630917388813 -1.957756702645984 -0.7229973033205858 -0.001869215703043033 0.6908142920834512 -0.9467230082355977 0.6792387598466032 -0.18423139899420765 0.7103849887073951 0.6958445315845718 0.0 0.0 0.0 1.0"/>
            </transform>
            <transform time="0.0015">
                <matrix value="0.1260348727999532 0.9828718687482221 0.13444904078604747 -1.9575375423188643 -0.722655058909305 -0.0018846755341082456 0.6911724253923618 -0.9452494366723361 0.6795865891862664 -0.18427929683685024 0.7100399954067769 0.6962809290451144 0.0 0.0 0.0 1.0"/>
            </transform>
        </animation>
    </shape>
    <shape name="temp36" type="ply">
        <string name="filename" value="meshes/Cube_032.ply"/>
        <boolean name="face_normals" value="true"/>
        <ref id="mat-Material" name="bsdf"/>
        <animation name="to_world">
            <transform time="0">
                <matrix value="0.7801873846464797 0.5925135006038509 0.20051113398367265 -0.5994800057827114 -0.24223988833867882 -0.009340197487396309 0.970155207718213 0.40719807480470693 0.5767164071932727 -0.8055026563181158 0.13624521949542834 -0.1782112653383474 0.0 0.0 0.0 1.0"/>
            </transform>
            <transform time="0.0015">
                <matrix value="0.7802755626871706 0.5925288793361325 0.2001226118524757 -0.5996950371170209 -0.24188536187203807 -0.009165103336496979 0.9702454091093337 0.40819384608865417 0.5767460392275765 -0.805493375012891 0.1361746651400224 -0.1782129595199949 0.0 0.0 0.0 1.0"/>
            </transform>
        </animation>
    </shape>
    <shape name="temp37" type="ply">
        <string name="filename" value="meshes/Cube_033.ply"/>
        <boolean name="face_normals" value="true"/>
        <ref id="mat-Material" name="bsdf"/>
        <animation name="to_world">
            <transform time="0">
                <matrix value="0.977536979612678 0.16373566766717493 0.13271142843769634 -0.13493108321815672 -0.15010850544388832 0.09885773106421678 0.9837147256797666 0.30043528479613973 0.14794967705446727 -0.9815382240735218 0.12121522801984397 -0.38473799065654424 0.0 0.0 0.0 1.0"/>
            </transform>
            <transform time="0.0015">
                <matrix value="0.9775321287034544 0.16376272387336838 0.13271378495861355 -0.13496049801230273 -0.15011053835781957 0.09883318066025107 0.9837168873132551 0.3004317222853568 0.14797967131126902 -0.9815361815856405 0.12119514355121061 -0.3846781139836171 0.0 0.0 0.0 1.0"/>
            </transform>
        </animation>
    </shape>
    <shape name="temp38" type="ply">
        <string name="filename" value="meshes/Cube_034.ply"/>
        <boolean name="face_normals" value="true"/>
        <ref id="mat-Material" name="bsdf"/>
        <animation name="to_world">
            <transform time="0">
                <matrix value="0.9999250922384922 0.0009470154748520618 0.012220645728029063 -0.03683298834698445 -0.012190786079389816 0.18055635628661953 0.9834890863367753 0.36963521649134584 -0.0012751362080184105 -0.9835642011334459 0.18055435650590682 -0.35603421391380136 0.0 0.0 0.0 1.0"/>
            </transform>
            <transform time="0.0015">
