
<scene version="2.1.0">
    <default name="spp" value="1024"/>
    <default name="resx" value="1280"/>
    <default name="resy" value="720"/>
    <integrator name="temp0" type="path">
        <integer name="max_depth" value="12"/>
    </integrator>
    <sensor name="temp44" type="perspective">
        <string name="fov_axis" value="x"/>
        <float name="fov" value="83.974423"/>
        <float name="principal_point_offset_x" value="0.000000"/>
        <float name="principal_point_offset_y" value="-0.000000"/>
        <float name="near_clip" value="0.100000"/>
        <float name="far_clip" value="1000.000000"/>
        <sampler name="sampler" type="correlated">
            <integer name="sample_count" value="1024"/>
        </sampler>
        <film name="film" type="hdrfilm">
            <integer name="width" value="$resx"/>
            <integer name="height" value="$resy"/>
        </film>
        <float name="shutter_open" value="0.0"/>
        <float name="shutter_close" value="0.0015"/>
        <animation name="to_world">
            <transform time="0">
                <rotate angle="-142.5518126578256" x="1"/>
                <rotate angle="3.976628485794621e-06" y="1"/>
                <rotate angle="-179.999991348578" z="1"/>
                <translate value="-0.000000 3.030926 4.073377"/>
                <translate x="35.55" y="0.0" z="0.0"/>
            </transform>
            <transform time="0.0015">
                <rotate angle="-142.5518126578256" x="1"/>
                <rotate angle="3.976628485794621e-06" y="1"/>
                <rotate angle="-179.999991348578" z="1"/>
                <translate value="-0.000000 3.030926 4.073377"/>
                <translate x="35.699999999999996" y="0.0" z="0.0"/>
            </transform>
        </animation>
    </sensor>
    <bsdf id="mat-Material" name="mat-Material" type="twosided">
        <bsdf name="bsdf" type="diffuse">
            <texture name="reflectance" type="bitmap">
                <string name="filename" value="textures/siggraph_2023_logo.jpg"/>
            </texture>
        </bsdf>
    </bsdf>
    <bsdf id="mat-Material.001" name="mat-Material.001" type="twosided">
        <bsdf name="bsdf" type="principled">
            <rgb name="base_color" value="0.433648 0.266232 0.084399"/>
            <float name="spec_tint" value="0.000000"/>
            <float name="spec_trans" value="0.000000"/>
            <float name="metallic" value="0.000000"/>
            <float name="anisotropic" value="0.000000"/>
            <float name="roughness" value="0.500000"/>
            <float name="sheen" value="0.000000"/>
            <float name="sheen_tint" value="0.500000"/>
            <float name="clearcoat" value="0.000000"/>
            <float name="clearcoat_gloss" value="0.173205"/>
            <float name="specular" value="0.500000"/>
        </bsdf>
    </bsdf>
    <bsdf id="mat-Material.002" name="mat-Material.002" type="twosided">
        <bsdf name="bsdf" type="principled">
            <rgb name="base_color" value="0.433648 0.266232 0.084399"/>
            <float name="spec_tint" value="0.000000"/>
            <float name="spec_trans" value="0.000000"/>
            <float name="metallic" value="0.000000"/>
            <float name="anisotropic" value="0.000000"/>
            <float name="roughness" value="0.500000"/>
            <float name="sheen" value="0.000000"/>
            <float name="sheen_tint" value="0.500000"/>
            <float name="clearcoat" value="0.000000"/>
            <float name="clearcoat_gloss" value="0.173205"/>
            <float name="specular" value="0.500000"/>
        </bsdf>
    </bsdf>
    <bsdf id="mat-Material.003" name="mat-Material.003" type="twosided">
        <bsdf name="bsdf" type="principled">
            <rgb name="base_color" value="0.433648 0.266232 0.084399"/>
            <float name="spec_tint" value="0.000000"/>
            <float name="spec_trans" value="0.000000"/>
            <float name="metallic" value="0.000000"/>
            <float name="anisotropic" value="0.000000"/>
            <float name="roughness" value="0.500000"/>
            <float name="sheen" value="0.000000"/>
            <float name="sheen_tint" value="0.500000"/>
            <float name="clearcoat" value="0.000000"/>
            <float name="clearcoat_gloss" value="0.173205"/>
            <float name="specular" value="0.500000"/>
        </bsdf>
    </bsdf>
    <bsdf id="mat-Material.004" name="mat-Material.004" type="twosided">
        <bsdf name="bsdf" type="principled">
            <rgb name="base_color" value="0.433648 0.266232 0.084399"/>
            <float name="spec_tint" value="0.000000"/>
            <float name="spec_trans" value="0.000000"/>
            <float name="metallic" value="0.000000"/>
            <float name="anisotropic" value="0.000000"/>
            <float name="roughness" value="0.500000"/>
            <float name="sheen" value="0.000000"/>
            <float name="sheen_tint" value="0.500000"/>
            <float name="clearcoat" value="0.000000"/>
            <float name="clearcoat_gloss" value="0.173205"/>
            <float name="specular" value="0.500000"/>
        </bsdf>
    </bsdf>
    <bsdf id="mat-Material.005" name="mat-Material.005" type="twosided">
        <bsdf name="bsdf" type="principled">
            <rgb name="base_color" value="0.433648 0.266232 0.084399"/>
            <float name="spec_tint" value="0.000000"/>
            <float name="spec_trans" value="0.000000"/>
            <float name="metallic" value="0.000000"/>
            <float name="anisotropic" value="0.000000"/>
            <float name="roughness" value="0.500000"/>
            <float name="sheen" value="0.000000"/>
            <float name="sheen_tint" value="0.500000"/>
            <float name="clearcoat" value="0.000000"/>
            <float name="clearcoat_gloss" value="0.173205"/>
            <float name="specular" value="0.500000"/>
        </bsdf>
    </bsdf>
    <emitter name="temp45" type="point">
        <point name="position" x="-6.815235034541981e-16" y="3.0693089962005615" z="4.109199523925781"/>
        <rgb name="intensity" value="7.957747 7.957747 7.957747"/>
    </emitter>
    <shape name="temp2" type="ply">
        <string name="filename" value="meshes/Cube.ply"/>
        <boolean name="face_normals" value="true"/>
        <ref id="mat-Material" name="bsdf"/>
        <animation name="to_world">
            <transform time="0">
                <matrix value="0.9979681823742481 0.008389187627627376 -0.060183319850919646 0.07555140589955212 -0.020870004893382765 0.9795693990484395 -0.18893890882752173 0.29202591719478854 0.057154868029367395 0.1898714704968264 0.9777656007916407 0.06127530053826391 0.0 0.0 0.0 1.0"/>
            </transform>
            <transform time="0.0015">
                <matrix value="0.9978853339509279 0.008360579355918645 -0.061560884619229955 0.07763498181399923 -0.021375082678737237 0.9786688871672454 -0.19355190703011999 0.29959725049102903 0.05841679839476616 0.19451858848441556 0.976789410512379 0.06242719379250841 0.0 0.0 0.0 1.0"/>
            </transform>
        </animation>
    </shape>
    <shape name="temp4" type="ply">
        <string name="filename" value="meshes/Plane.ply"/>
        <boolean name="face_normals" value="true"/>
        <ref id="mat-Material.001" name="bsdf"/>
    </shape>
    <shape name="temp5" type="ply">
        <string name="filename" value="meshes/Cube_001.ply"/>
        <boolean name="face_normals" value="true"/>
        <ref id="mat-Material" name="bsdf"/>
        <animation name="to_world">
            <transform time="0">
                <matrix value="0.9969518303201796 -0.01284440567098366 -0.0768636462277688 0.07543395870308878 -0.026530686917470264 0.8668563043491864 -0.4855224407723319 0.5505251380773291 0.07318000734007414 0.48607565761342286 0.8638595745545957 0.068474652025728 0.0 0.0 0.0 1.0"/>
            </transform>
            <transform time="0.0015">
                <matrix value="0.9969445539563442 -0.013108447015266048 -0.0769139399499224 0.07548908947165553 -0.026908063879234025 0.8629777325000578 -0.4924266470724086 0.5586673079967284 0.07314236173138833 0.4929856268989416 0.8599746681262448 0.07241613253888099 0.0 0.0 0.0 1.0"/>
            </transform>
        </animation>
    </shape>
    <shape name="temp6" type="ply">
        <string name="filename" value="meshes/Cube_002.ply"/>
        <boolean name="face_normals" value="true"/>
        <ref id="mat-Material" name="bsdf"/>
        <animation name="to_world">
            <transform time="0">
                <matrix value="0.9990771718375184 -0.03596181242869033 -0.022346686990361218 0.006866882891212844 0.008124493596937735 0.6877361953848691 -0.7206562476212719 0.4705820130776133 0.04165846005599023 0.7197919165329991 0.6874159910094129 0.1415746066801457 0.0 0.0 0.0 1.0"/>
            </transform>
            <transform time="0.0015">
                <matrix value="0.9990570022675884 -0.0364800832157301 -0.022414793763911645 0.006985366640970732 0.008171788525744104 0.683192868821888 -0.7249915057068855 0.47360527043318124 0.04213316987304945 0.7241070176026999 0.6828688928419258 0.14331468862856628 0.0 0.0 0.0 1.0"/>
            </transform>
        </animation>
    </shape>
    <shape name="temp7" type="ply">
        <string name="filename" value="meshes/Cube_003.ply"/>
        <boolean name="face_normals" value="true"/>
        <ref id="mat-Material" name="bsdf"/>
        <animation name="to_world">
            <transform time="0">
                <matrix value="0.996246633583144 -0.0710687430515432 0.04903454965034766 -0.02696541831079524 0.0818842005790503 0.600149763361374 -0.7927524501194032 0.07576788500112508 0.027326083237149995 0.7937947282462461 0.603755565337069 0.15459556560114884 0.0 0.0 0.0 1.0"/>
            </transform>
            <transform time="0.0015">
                <matrix value="0.9962121346826782 -0.07128833152437875 0.04941706090858031 -0.02701437612201937 0.08218837492708811 0.5962238613610874 -0.7956931227005766 0.07618860682964815 0.02767209268800742 0.79674324723137 0.5998632974403418 0.15502542987345258 0.0 0.0 0.0 1.0"/>
            </transform>
        </animation>
    </shape>
    <shape name="temp8" type="ply">
        <string name="filename" value="meshes/Cube_004.ply"/>
        <boolean name="face_normals" value="true"/>
        <ref id="mat-Material" name="bsdf"/>
        <animation name="to_world">
            <transform time="0">
                <matrix value="0.987024335714425 -0.11831351437039941 0.10836690541019081 0.023897595886458678 0.15186165733200715 0.4719892454054145 -0.8671717095306559 -0.3621700392322738 0.05173976600410973 0.8723808619945226 0.483873583341883 -0.07625961042285737 0.0 0.0 0.0 1.0"/>
            </transform>
            <transform time="0.0015">
                <matrix value="0.9869618323873556 -0.1184238147232995 0.1088157337115698 0.024041126497251215 0.15213509223422758 0.46902808852652583 -0.8687355322144364 -0.3627280784342289 0.05212948549802948 0.8739679877153854 0.4809704585046124 -0.07726198470882165 0.0 0.0 0.0 1.0"/>
            </transform>
        </animation>
    </shape>
    <shape name="temp9" type="ply">
        <string name="filename" value="meshes/Cube_005.ply"/>
        <boolean name="face_normals" value="true"/>
        <ref id="mat-Material" name="bsdf"/>
        <animation name="to_world">
            <transform time="0">
                <matrix value="0.9875336198444401 -0.13371470496826393 0.08295101510518882 0.06510646319805868 0.12658500834179923 0.3619900380248757 -0.9231211653722446 -0.6100023470304241 0.09351988025395948 0.9221147087227772 0.37441498065577006 -0.46713019880401874 0.0 0.0 0.0 1.0"/>
            </transform>
            <transform time="0.0015">
                <matrix value="0.9875041154656422 -0.1337486545710563 0.08324759887914297 0.06525324098274035 0.12668442166270188 0.36010735229297414 -0.9238458061922415 -0.61042485633208 0.09369692407937913 0.9228488629697092 0.372562682025691 -0.4682238435094036 0.0 0.0 0.0 1.0"/>
            </transform>
        </animation>
    </shape>
    <shape name="temp10" type="ply">
        <string name="filename" value="meshes/Cube_006.ply"/>
        <boolean name="face_normals" value="true"/>
        <ref id="mat-Material" name="bsdf"/>
        <animation name="to_world">
            <transform time="0">
                <matrix value="0.9897812959308687 -0.12102130060510238 -0.07537261813974841 0.010928151747573445 -0.033606928391725924 0.31572254564340885 -0.9481047240770063 -0.5292583107378201 0.1385771425835997 0.9409491200881059 0.30842924285885165 -0.8711995551423879 0.0 0.0 0.0 1.0"/>
            </transform>
            <transform time="0.0015">
                <matrix value="0.9897800672466246 -0.12112066238411831 -0.07522925247932574 0.011007216418508315 -0.033608924285560456 0.3145643573958835 -0.9484903373643987 -0.5294685582934543 0.13858545614842055 0.9413249603856797 0.3072789134282444 -0.8719689978448346 0.0 0.0 0.0 1.0"/>
            </transform>
        </animation>
    </shape>
    <shape name="temp11" type="ply">
        <string name="filename" value="meshes/Cube_007.ply"/>
        <boolean name="face_normals" value="true"/>
        <ref id="mat-Material" name="bsdf"/>
        <animation name="to_world">
            <transform time="0">
                <matrix value="0.9341372398839063 -0.0213541861779681 -0.355886314648804 -0.027482517881911583 -0.33218132731234495 0.3122500380665926 -0.8898768900397664 -0.030414613832167203 0.13011892604432057 0.9494882389872827 0.2845870008098904 -1.036512030540031 0.0 0.0 0.0 1.0"/>
            </transform>
            <transform time="0.0015">
                <matrix value="0.9339707930611689 -0.022482217993025678 -0.35625551143619894 -0.027036238651535392 -0.3323661485494607 0.3111175611371007 -0.8902052711019217 -0.030149929819143 0.13084199714784223 0.9498352967258548 0.2830984778627489 -1.04078001061908 0.0 0.0 0.0 1.0"/>
            </transform>
        </animation>
    </shape>
    <shape name="temp12" type="ply">
        <string name="filename" value="meshes/Cube_008.ply"/>
        <boolean name="face_normals" value="true"/>
        <ref id="mat-Material" name="bsdf"/>
        <animation name="to_world">
            <transform time="0">
                <matrix value="0.08567597384522371 0.9774190015914965 -0.19293693303534915 2.3265328717161626 -0.6451444257101167 -0.09323465916320244 -0.75824440534991 0.655314143968275 -0.7591374171803833 0.18939918401912298 0.6225812620768465 1.401196498257022 0.0 0.0 0.0 1.0"/>
            </transform>
            <transform time="0.0015">
                <matrix value="0.08602303884754543 0.9772786481319862 -0.19349384811737422 2.3255248623781144 -0.6444866328452238 -0.09361002638453907 -0.7587579209589509 0.6532808418671998 -0.7596572623142279 0.18993871845665206 0.6217832533737613 1.4003471132094572 0.0 0.0 0.0 1.0"/>
            </transform>
        </animation>
    </shape>
    <shape name="temp13" type="ply">
        <string name="filename" value="meshes/Cube_009.ply"/>
        <boolean name="face_normals" value="true"/>
        <ref id="mat-Material" name="bsdf"/>
        <animation name="to_world">
            <transform time="0">
                <matrix value="-0.07748833389181725 0.9917980572479836 0.10163381086766068 2.597364705911179 -0.7951208452786835 1.1165181895737168e-05 -0.6063127718250807 0.7833035975165177 -0.601340671634514 -0.12781487329560742 0.7885983931736593 0.987007356761489 0.0 0.0 0.0 1.0"/>
            </transform>
            <transform time="0.0015">
                <matrix value="-0.07738711743689396 0.9917993187846161 0.10169867263786794 2.5972636227830854 -0.7956869495764738 1.1658764861428048e-05 -0.6055703868876683 0.7854138816914649 -0.6006052003942892 -0.1278050858739004 0.7891608178679697 0.9863085068370063 0.0 0.0 0.0 1.0"/>
            </transform>
        </animation>
    </shape>
    <shape name="temp14" type="ply">
        <string name="filename" value="meshes/Cube_010.ply"/>
        <boolean name="face_normals" value="true"/>
        <ref id="mat-Material" name="bsdf"/>
        <animation name="to_world">
            <transform time="0">
                <matrix value="0.01820018146294415 0.998798034303736 0.045272459802156016 1.8292569895911368 -0.9456402353078841 0.0024788162019761255 0.3251764336549413 2.3365769546428354 0.3246852322672496 -0.04872096249032692 0.9445522932474619 -0.7876393394802558 0.0 0.0 0.0 1.0"/>
            </transform>
            <transform time="0.0015">
                <matrix value="0.018112379208148767 0.9987849909160538 0.0455955567767798 1.8300164256481168 -0.9455619984397143 0.0022787235012406877 0.3254054476595699 2.3368659478105585 0.32491798495543794 -0.04899857113545139 0.9444579643278297 -0.7880597704195618 0.0 0.0 0.0 1.0"/>
            </transform>
        </animation>
    </shape>
    <shape name="temp15" type="ply">
        <string name="filename" value="meshes/Cube_011.ply"/>
        <boolean name="face_normals" value="true"/>
        <ref id="mat-Material" name="bsdf"/>
        <animation name="to_world">
            <transform time="0">
                <matrix value="-0.002235068090711969 0.9978163333840888 -0.06543616593250157 1.2896516632919075 -0.8348886666773044 0.03415189717639746 0.5492968184498045 2.2593408380520046 0.5503506481072715 0.0558626307039921 0.8330582085678178 -1.3308481479908063 0.0 0.0 0.0 1.0"/>
            </transform>
            <transform time="0.0015">
                <matrix value="-0.0028395831323764394 0.9978255245795541 -0.06527533018851511 1.2909185185309848 -0.834894794141587 0.033559029775900855 0.549324383531967 2.2596615358180676 0.5503389197576682 0.0560608706729815 0.8330526683182075 -1.3317030909110263 0.0 0.0 0.0 1.0"/>
            </transform>
        </animation>
    </shape>
    <shape name="temp16" type="ply">
        <string name="filename" value="meshes/Cube_012.ply"/>
        <boolean name="face_normals" value="true"/>
        <ref id="mat-Material" name="bsdf"/>
        <animation name="to_world">
            <transform time="0">
                <matrix value="0.1023283903075562 0.9896689353660546 0.10041055959029854 1.0871357820363206 -0.6997043138005805 -0.00013179945476124425 0.7143710867707973 1.8715521391789975 0.7070044962386552 -0.1433717719008058 0.6924619675372476 -1.9187070466367337 0.0 0.0 0.0 1.0"/>
            </transform>
            <transform time="0.0015">
                <matrix value="0.10239972420424537 0.9896693633874121 0.10033365564927935 1.0869644013875366 -0.6992215047203809 -0.0001237538081479433 0.7148439738826959 1.8718333420562838 0.7074719866581485 -0.1433688320699033 0.6919852677804558 -1.920022913857807 0.0 0.0 0.0 1.0"/>
            </transform>
        </animation>
    </shape>
    <shape name="temp17" type="ply">
        <string name="filename" value="meshes/Cube_013.ply"/>
        <boolean name="face_normals" value="true"/>
        <ref id="mat-Material" name="bsdf"/>
        <animation name="to_world">
            <transform time="0">
                <matrix value="0.8900323034180988 0.2693531599443498 0.3676710946664013 0.6089608117357841 -0.40693781060126555 0.10609054008672927 0.9071948573614216 1.5096218356615996 0.20527658693644096 -0.9571246060368401 0.20406984110924253 -1.4818409430209414 0.0 0.0 0.0 1.0"/>
            </transform>
            <transform time="0.0015">
                <matrix value="0.8903653566329557 0.26881696182066483 0.3672576780065407 0.6083445746738828 -0.4062989123469376 0.10561982998164876 0.9075364890666541 1.5098911722850992 0.20509909312536306 -0.9573276758889369 0.20329593802370144 -1.482559148617359 0.0 0.0 0.0 1.0"/>
            </transform>
        </animation>
    </shape>
    <shape name="temp18" type="ply">
        <string name="filename" value="meshes/Cube_014.ply"/>
        <boolean name="face_normals" value="true"/>
        <ref id="mat-Material" name="bsdf"/>
        <animation name="to_world">
            <transform time="0">
                <matrix value="0.9451460213784092 0.28405458227911473 0.16127215674334228 0.0980700458487731 -0.2150581000554938 0.16952140385421643 0.9617580909847804 1.0184437273707667 0.24586314130351916 -0.9436849087340408 0.2213120673669957 -0.8218248819122371 0.0 0.0 0.0 1.0"/>
            </transform>
            <transform time="0.0015">
                <matrix value="0.9451636857090362 0.28407107236509643 0.16113955159230098 0.09797216831470765 -0.21503484760509667 0.16993499263185863 0.9616903824964554 1.0183545550010744 0.24581554813953718 -0.9436056496914463 0.2217029051693431 -0.8214590354653888 0.0 0.0 0.0 1.0"/>
            </transform>
        </animation>
    </shape>
    <shape name="temp19" type="ply">
        <string name="filename" value="meshes/Cube_015.ply"/>
        <boolean name="face_normals" value="true"/>
        <ref id="mat-Material" name="bsdf"/>
        <animation name="to_world">
            <transform time="0">
                <matrix value="0.9834706494547247 0.1276720975005371 0.12839183566174855 0.034830520642260165 -0.14996006396856887 0.17694166737932893 0.9727299074606839 0.6390837329754329 0.10147244724100088 -0.9759048898363242 0.19316316336666664 -0.3094311454202259 0.0 0.0 0.0 1.0"/>
            </transform>
            <transform time="0.0015">
                <matrix value="0.983483255435931 0.12759787108800874 0.12836900915252467 0.03479903614213531 -0.14992181199623011 0.17693066572861316 0.9727378050822482 0.639047954796518 0.10140670465546953 -0.9759165965959078 0.1931385615946644 -0.3092721693550669 0.0 0.0 0.0 1.0"/>
            </transform>
        </animation>
    </shape>
    <shape name="temp20" type="ply">
        <string name="filename" value="meshes/Cube_016.ply"/>
        <boolean name="face_normals" value="true"/>
        <ref id="mat-Material" name="bsdf"/>
        <animation name="to_world">
            <transform time="0">
                <matrix value="0.9845122662567571 0.04408929066815735 0.16967707452268238 0.06799491046187633 -0.17484663854744542 0.1764583155167775 0.9686535063810192 0.3373933502325519 0.012765654392431568 -0.9833195320207834 0.1814352246062954 0.09723190843015836 0.0 0.0 0.0 1.0"/>
            </transform>
            <transform time="0.0015">
                <matrix value="0.9845269785538106 0.044017527255720966 0.16961031579143343 0.06791637743200249 -0.1747675304304478 0.17642774653179427 0.9686733525593467 0.3373293129968909 0.01271398247546713 -0.9833282426308647 0.18139169152053258 0.09753553460354511 0.0 0.0 0.0 1.0"/>
            </transform>
        </animation>
    </shape>
    <shape name="temp21" type="ply">
        <string name="filename" value="meshes/Cube_017.ply"/>
        <boolean name="face_normals" value="true"/>
        <ref id="mat-Material" name="bsdf"/>
        <animation name="to_world">
            <transform time="0">
                <matrix value="0.9553066608513423 -0.04174123894765166 0.29259371065495215 0.20361722630530843 -0.28534533807778706 0.1276533353635516 0.9498747341143519 0.1773823080665216 -0.07700227560028156 -0.9909318076103983 0.11002034891005205 0.32945085301834737 0.0 0.0 0.0 1.0"/>
            </transform>
            <transform time="0.0015">
                <matrix value="0.9551957282167272 -0.04200338175439362 0.29291845778994374 0.2037061417301557 -0.28562947689417606 0.12777960091308455 0.9497724054487386 0.1773368293231255 -0.07732540519524962 -0.9909045043532809 0.11004015083446564 0.3299140052101575 0.0 0.0 0.0 1.0"/>
            </transform>
        </animation>
    </shape>
    <shape name="temp22" type="ply">
        <string name="filename" value="meshes/Cube_018.ply"/>
        <boolean name="face_normals" value="true"/>
        <ref id="mat-Material" name="bsdf"/>
        <animation name="to_world">
            <transform time="0">
                <matrix value="0.1516760500827088 0.9652579246302326 0.21261456308705826 0.8589672756002578 -0.6370224741014172 -0.06904267212878815 0.76770352810575 0.06345801689192454 0.7557056222485803 -0.2519231451140225 0.604453167957464 -0.18583742108472381 0.0 0.0 0.0 1.0"/>
            </transform>
            <transform time="0.0015">
                <matrix value="0.15225697678042624 0.9651690538799622 0.21260361449854265 0.8588293948413808 -0.6366204071286906 -0.06879844539497143 0.7680591253249771 0.06291083305380889 0.7559279502690193 -0.25233059891887455 0.604005386431357 -0.18553961742830305 0.0 0.0 0.0 1.0"/>
            </transform>
        </animation>
    </shape>
    <shape name="temp23" type="ply">
        <string name="filename" value="meshes/Cube_019.ply"/>
        <boolean name="face_normals" value="true"/>
        <ref id="mat-Material" name="bsdf"/>
        <animation name="to_world">
            <transform time="0">
                <matrix value="-0.07777154285167201 0.9860114137202429 -0.14741209757831897 0.4880233887531594 -0.9080385336162986 -0.009015784599403866 0.418782720068687 -0.052265876566404884 0.4115962755329089 0.1664262978622219 0.8960372341557211 -0.04872123627380959 0.0 0.0 0.0 1.0"/>
            </transform>
            <transform time="0.0015">
                <matrix value="-0.0777888561296578 0.9859931289482184 -0.1475252761121783 0.4881743451175743 -0.9081129248623536 -0.009013800157226092 0.41862147412495987 -0.05218723024818511 0.41142889842067243 0.1665347427049917 0.8960939727796103 -0.04877252615706114 0.0 0.0 0.0 1.0"/>
            </transform>
        </animation>
    </shape>
    <shape name="temp24" type="ply">
        <string name="filename" value="meshes/Cube_020.ply"/>
        <boolean name="face_normals" value="true"/>
        <ref id="mat-Material" name="bsdf"/>
        <animation name="to_world">
            <transform time="0">
                <matrix value="0.10376325557135259 0.9565579249154087 -0.2724255247584251 0.09827947045529986 -0.9524004516563245 0.01662746939860006 -0.3043690356284491 0.16829168129299932 -0.28662415756893433 0.29103941890294116 0.912765040300517 0.10658608550050036 0.0 0.0 0.0 1.0"/>
            </transform>
            <transform time="0.0015">
                <matrix value="0.10352431906811474 0.9565455656652779 -0.27255993751183616 0.09837762949544217 -0.9523978502983406 0.016339952017555746 -0.3043928561486581 0.16832057106377502 -0.28671926580506446 0.29109647997319854 0.9127169822519766 0.10668580320953723 0.0 0.0 0.0 1.0"/>
            </transform>
        </animation>
    </shape>
    <shape name="temp25" type="ply">
        <string name="filename" value="meshes/Cube_021.ply"/>
        <boolean name="face_normals" value="true"/>
        <ref id="mat-Material" name="bsdf"/>
        <animation name="to_world">
            <transform time="0">
                <matrix value="0.1962086256508997 0.9340690788718939 -0.29835525584830225 -0.15683925684877317 -0.7962748237229778 -0.025781595793276504 -0.6043710205801047 0.09834070342707783 -0.5722159577467036 0.3561606347630381 0.7387167326761228 0.2900345116365544 0.0 0.0 0.0 1.0"/>
            </transform>
            <transform time="0.0015">
                <matrix value="0.1962837046409928 0.9340680876645399 -0.2983089764667649 -0.15678049515987552 -0.7960917338136606 -0.02580289473675492 -0.6046113278431555 0.09853225088254475 -0.5724449717242633 0.3561616860435652 0.7385388149213563 0.29018535099328346 0.0 0.0 0.0 1.0"/>
            </transform>
        </animation>
    </shape>
    <shape name="temp26" type="ply">
        <string name="filename" value="meshes/Cube_022.ply"/>
        <boolean name="face_normals" value="true"/>
        <ref id="mat-Material" name="bsdf"/>
        <animation name="to_world">
            <transform time="0">
                <matrix value="0.6329732441886646 0.39889074992230245 -0.6634975114663555 -0.0827087453405781 -0.7171662438145692 -0.020660067414371028 -0.6965940397172523 -0.20009703942306 -0.2915730541268414 0.9167656745713078 0.2729937010100227 0.6752962457079261 0.0 0.0 0.0 1.0"/>
            </transform>
            <transform time="0.0015">
                <matrix value="0.6330476673485963 0.3988992352579852 -0.6634214202654865 -0.08268562068068538 -0.7170869857023521 -0.0206547187243237 -0.6966757988232526 -0.20002904675564193 -0.29160645518995654 0.9167621077266623 0.27297001665569787 0.6753290369982798 0.0 0.0 0.0 1.0"/>
            </transform>
        </animation>
    </shape>
    <shape name="temp27" type="ply">
        <string name="filename" value="meshes/Cube_023.ply"/>
        <boolean name="face_normals" value="true"/>
        <ref id="mat-Material" name="bsdf"/>
        <animation name="to_world">
            <transform time="0">
                <matrix value="0.859775994766208 0.2701015595830822 -0.4333868689958541 -0.06172916823940405 -0.4802183672058252 0.13898908688152217 -0.8660665613604267 -0.28725226899939815 -0.17368977903540078 0.9527432976724104 0.2492079574450582 0.20940268220678687 0.0 0.0 0.0 1.0"/>
            </transform>
            <transform time="0.0015">
                <matrix value="0.8597347460808686 0.27027739376038107 -0.4333591081752261 -0.06180692591331269 -0.48022179794754594 0.1389071568354744 -0.8660778035566405 -0.2872519482506371 -0.17388446644742772 0.9527053990094096 0.24921714864256836 0.20923609911831006 0.0 0.0 0.0 1.0"/>
            </transform>
        </animation>
    </shape>
    <shape name="temp28" type="ply">
        <string name="filename" value="meshes/Cube_024.ply"/>
        <boolean name="face_normals" value="true"/>
        <ref id="mat-Material" name="bsdf"/>
        <animation name="to_world">
            <transform time="0">
                <matrix value="0.8579336627501875 0.4348452201917722 -0.2736049011371088 -0.18916910783119256 -0.3802799555695029 0.17940122814299692 -0.9073050175854486 -0.5139446106513145 -0.3454522788802664 0.8824539081354045 0.31927718818155726 -0.3310798208882405 0.0 0.0 0.0 1.0"/>
            </transform>
            <transform time="0.0015">
                <matrix value="0.857935258444011 0.4348563487470659 -0.2735822124958476 -0.1891696141399412 -0.3802601003512561 0.1794009105060948 -0.9073134002979926 -0.513929141540373 -0.3454701841606608 0.8824484865315434 0.3192727968316358 -0.3311086982667989 0.0 0.0 0.0 1.0"/>
            </transform>
        </animation>
    </shape>
    <shape name="temp29" type="ply">
        <string name="filename" value="meshes/Cube_025.ply"/>
        <boolean name="face_normals" value="true"/>
        <ref id="mat-Material" name="bsdf"/>
        <animation name="to_world">
            <transform time="0">
                <matrix value="0.8992317743654117 0.3670254660289557 -0.23806428156385911 -0.2675801822464247 -0.3212620140525188 0.1846510701405648 -0.9288135649314146 -0.7930811797301096 -0.29693946389091297 0.9116995847091192 0.28395547068437865 -0.7076347053215679 0.0 0.0 0.0 1.0"/>
            </transform>
            <transform time="0.0015">
                <matrix value="0.8992431357054356 0.3669985457383161 -0.2380628518220242 -0.2675617165319313 -0.3212501835785108 0.1846458783165904 -0.9288186881729896 -0.7930704133428864 -0.29691783585682824 0.9117114716882218 0.28393991373155586 -0.7076164197687576 0.0 0.0 0.0 1.0"/>
            </transform>
        </animation>
    </shape>
    <shape name="temp30" type="ply">
        <string name="filename" value="meshes/Cube_026.ply"/>
        <boolean name="face_normals" value="true"/>
        <ref id="mat-Material" name="bsdf"/>
        <animation name="to_world">
            <transform time="0">
                <matrix value="0.9233616032565817 0.23805282600125569 -0.3012211946379866 -0.32621575054932644 -0.3490280163892864 0.19361955934529634 -0.9168920302151056 -1.1454237860054197 -0.1599465096529067 0.9517574250713879 0.26186799117394394 -0.8769377075465496 0.0 0.0 0.0 1.0"/>
            </transform>
            <transform time="0.0015">
                <matrix value="0.9233615553857669 0.2380420428667066 -0.3012298496823086 -0.32623406265198923 -0.3490314694707206 0.19360649793566215 -0.9168934684673085 -1.1454289429609108 -0.1599392269062959 0.9517627866020759 0.26185298739504537 -0.8769420130139661 0.0 0.0 0.0 1.0"/>
            </transform>
        </animation>
    </shape>
    <shape name="temp31" type="ply">
        <string name="filename" value="meshes/Cube_027.ply"/>
        <boolean name="face_normals" value="true"/>
        <ref id="mat-Material" name="bsdf"/>
        <animation name="to_world">
            <transform time="0">
                <matrix value="0.8737624705909468 0.1751729683390242 -0.45371131213119376 -0.578587457981822 -0.4821329475361995 0.18934874839129537 -0.8553917756173346 -1.5821911104958342 -0.06393186850984084 0.9661580691789924 0.24990248692615624 -1.0140102213707796 0.0 0.0 0.0 1.0"/>
            </transform>
            <transform time="0.0015">
                <matrix value="0.8737719330553206 0.17517953734048908 -0.45369055534348324 -0.5785859791142633 -0.482113894951946 0.18934289350967426 -0.8554038092777785 -1.5821791527892168 -0.06394618188343833 0.9661580241241126 0.2498989976752496 -1.0140429725178173 0.0 0.0 0.0 1.0"/>
            </transform>
        </animation>
    </shape>
    <shape name="temp32" type="ply">
        <string name="filename" value="meshes/Cube_028.ply"/>
        <boolean name="face_normals" value="true"/>
        <ref id="mat-Material" name="bsdf"/>
        <animation name="to_world">
            <transform time="0">
                <matrix value="-0.10552302903938995 0.9841718065257612 0.14237420577078824 -1.4809542778537175 -0.8047932545782382 -0.0004259265825794758 -0.5935408049071889 -2.1183931024719476 -0.5840852920161623 -0.17721645603152125 0.7920996444141437 -1.324704303217902 0.0 0.0 0.0 1.0"/>
            </transform>
            <transform time="0.0015">
                <matrix value="-0.10555905501884484 0.9841713559769638 0.14235060396703364 -1.4810407191110917 -0.8046163719178948 -0.00041595338458503655 -0.5937806696311003 -2.1184827554667303 -0.5843225238169134 -0.17721897084472493 0.7919241521142758 -1.325337847220439 0.0 0.0 0.0 1.0"/>
            </transform>
        </animation>
    </shape>
    <shape name="temp33" type="ply">
        <string name="filename" value="meshes/Cube_029.ply"/>
        <boolean name="face_normals" value="true"/>
        <ref id="mat-Material" name="bsdf"/>
        <animation name="to_world">
            <transform time="0">
                <matrix value="-0.0058413382692672515 0.9784887249881629 0.20621021171093012 -1.6002898302559854 -0.9989266914527142 -0.01517649132394566 0.04371121048120161 -1.828745559729498 0.045899354108934504 -0.20573614532469242 0.9775290872634451 -0.1228272270414581 0.0 0.0 0.0 1.0"/>
            </transform>
            <transform time="0.0015">
                <matrix value="-0.005733587767275186 0.9784777916706814 0.20626515039197357 -1.5999877444560453 -0.9989223671224523 -0.015095816657030112 0.043838039645437206 -1.8286013154910115 0.04600717514059357 -0.20579410242014973 0.9775118197266413 -0.1226178107204541 0.0 0.0 0.0 1.0"/>
            </transform>
        </animation>
    </shape>
    <shape name="temp34" type="ply">
        <string name="filename" value="meshes/Cube_030.ply"/>
        <boolean name="face_normals" value="true"/>
        <ref id="mat-Material" name="bsdf"/>
        <animation name="to_world">
            <transform time="0">
                <matrix value="-0.04205844569258582 0.9799058266020845 -0.1949740083636239 -3.2172791313573477 -0.9736531527001197 0.0035709412368681885 0.22798706688323533 -1.9023331820226794 0.22410242772834138 0.19942750695951547 0.953938339189307 0.2708593191563331 0.0 0.0 0.0 1.0"/>
            </transform>
            <transform time="0.0015">
                <matrix value="-0.04202920144036969 0.9798955635844222 -0.19503190257586517 -3.217302940997525 -0.9737007526034243 0.003571004529652655 0.2277837322697412 -1.9027863818917652 0.22390105742344596 0.19947793988843715 0.9539751070146616 0.2704231601238171 0.0 0.0 0.0 1.0"/>
            </transform>
        </animation>
    </shape>
    <shape name="temp35" type="ply">
        <string name="filename" value="meshes/Cube_031.ply"/>
        <boolean name="face_normals" value="true"/>
        <ref id="mat-Material" name="bsdf"/>
        <animation name="to_world">
            <transform time="0">
                <matrix value="0.1398692793075509 0.9780934581778513 0.15416976541545768 -1.8939935753995238 -0.73662519702071 -0.001256956800153518 0.6762665234426157 -1.0058295093003355 0.6616456304396776 -0.2081623222081544 0.7203124106130157 0.6665992484606003 0.0 0.0 0.0 1.0"/>
            </transform>
            <transform time="0.0015">
                <matrix value="0.13993889623768585 0.9780917911473013 0.15411720453125158 -1.893881191743675 -0.7362975372509768 -0.001271294914896348 0.6766233972170526 -1.0043974488439835 0.6619956937506938 -0.2081700844130175 0.7199886081288793 0.6670698675555808 0.0 0.0 0.0 1.0"/>
            </transform>
        </animation>
    </shape>
    <shape name="temp36" type="ply">
        <string name="filename" value="meshes/Cube_032.ply"/>
        <boolean name="face_normals" value="true"/>
        <ref id="mat-Material" name="bsdf"/>
        <animation name="to_world">
            <transform time="0">
                <matrix value="0.6858426103714894 0.6133652327902499 0.39133521283380795 -0.6812154808169604 -0.49658194554516 0.0016324300252595308 0.8677359851846318 -0.4545839524806723 0.5315906862614733 -0.7897974231524145 0.305700886151536 -0.13657934466244814 0.0 0.0 0.0 1.0"/>
            </transform>
            <transform time="0.0015">
                <matrix value="0.6864191026360711 0.6133630551377296 0.39032830012583175 -0.6806746205149843 -0.4952745457246891 0.0015843604484336972 0.8684842592967452 -0.4504486363885468 0.5320682135951168 -0.7897992178384572 0.3048658573473682 -0.1361319234918203 0.0 0.0 0.0 1.0"/>
            </transform>
        </animation>
    </shape>
    <shape name="temp37" type="ply">
        <string name="filename" value="meshes/Cube_033.ply"/>
        <boolean name="face_normals" value="true"/>
        <ref id="mat-Material" name="bsdf"/>
        <animation name="to_world">
            <transform time="0">
                <matrix value="0.9767792587943485 0.16866779441119845 0.1321124381294321 -0.14100330954737883 -0.15007778882925815 0.09858196206690126 0.9837471118400493 0.3005527653127374 0.1529025649481319 -0.9807306908512943 0.12160610769887584 -0.3771322543887443 0.0 0.0 0.0 1.0"/>
            </transform>
            <transform time="0.0015">
                <matrix value="0.9767800406843221 0.16866172551889863 0.13211440572652872 -0.14100936719181031 -0.15007689524071696 0.09856838552980882 0.9837486096648287 0.30055656112382834 0.15289844805806707 -0.9807331012873599 0.12159186134273506 -0.3771729407262414 0.0 0.0 0.0 1.0"/>
            </transform>
        </animation>
    </shape>
    <shape name="temp38" type="ply">
        <string name="filename" value="meshes/Cube_034.ply"/>
        <boolean name="face_normals" value="true"/>
        <ref id="mat-Material" name="bsdf"/>
        <animation name="to_world">
            <transform time="0">
                <matrix value="0.9999246489972998 0.0023053159735765705 0.012063076420464083 -0.03421483369345113 -0.012281087607508151 0.18083535833700093 0.9834367247710629 0.36940253545847046 8.57004629211013e-05 -0.9835105950277729 0.18085005160510065 -0.36069054565319414 0.0 0.0 0.0 1.0"/>
            </transform>
            <transform time="0.0015">
