
<scene version="2.1.0">
    <default name="spp" value="1024"/>
    <default name="resx" value="640"/>
    <default name="resy" value="360"/>
    <integrator name="temp0" type="path">
        <integer name="max_depth" value="12"/>
    </integrator>
    <sensor name="temp44" type="perspective">
        <string name="fov_axis" value="x"/>
        <float name="fov" value="83.974423"/>
        <float name="principal_point_offset_x" value="0.000000"/>
        <float name="principal_point_offset_y" value="-0.000000"/>
        <float name="near_clip" value="0.100000"/>
        <float name="far_clip" value="1000.000000"/>
        <sampler name="sampler" type="correlated">
            <integer name="sample_count" value="1024"/>
        </sampler>
        <film name="film" type="hdrfilm">
            <integer name="width" value="$resx"/>
            <integer name="height" value="$resy"/>
        </film>
        <float name="shutter_open" value="0.0"/>
        <float name="shutter_close" value="0.0015"/>
        <animation name="to_world">
            <transform time="0">
                <rotate angle="-142.5518126578256" x="1"/>
                <rotate angle="3.976628485794621e-06" y="1"/>
                <rotate angle="-179.999991348578" z="1"/>
                <translate value="-0.000000 3.030926 4.073377"/>
            </transform>
            <transform time="0.0015">
                <rotate angle="-142.5518126578256" x="1"/>
                <rotate angle="3.976628485794621e-06" y="1"/>
                <rotate angle="-179.999991348578" z="1"/>
                <translate value="-0.000000 3.030926 4.073377"/>
                <translate x="0.15" y="0.0" z="0.0"/>
            </transform>
        </animation>
    </sensor>
    <bsdf id="mat-Material" name="mat-Material" type="twosided">
        <bsdf name="bsdf" type="diffuse">
            <texture name="reflectance" type="bitmap">
                <string name="filename" value="textures/siggraph_2023_logo.jpg"/>
            </texture>
        </bsdf>
    </bsdf>
    <bsdf id="mat-Material.001" name="mat-Material.001" type="twosided">
        <bsdf name="bsdf" type="principled">
            <rgb name="base_color" value="0.433648 0.266232 0.084399"/>
            <float name="spec_tint" value="0.000000"/>
            <float name="spec_trans" value="0.000000"/>
            <float name="metallic" value="0.000000"/>
            <float name="anisotropic" value="0.000000"/>
            <float name="roughness" value="0.500000"/>
            <float name="sheen" value="0.000000"/>
            <float name="sheen_tint" value="0.500000"/>
            <float name="clearcoat" value="0.000000"/>
            <float name="clearcoat_gloss" value="0.173205"/>
            <float name="specular" value="0.500000"/>
        </bsdf>
    </bsdf>
    <bsdf id="mat-Material.002" name="mat-Material.002" type="twosided">
        <bsdf name="bsdf" type="principled">
            <rgb name="base_color" value="0.433648 0.266232 0.084399"/>
            <float name="spec_tint" value="0.000000"/>
            <float name="spec_trans" value="0.000000"/>
            <float name="metallic" value="0.000000"/>
            <float name="anisotropic" value="0.000000"/>
            <float name="roughness" value="0.500000"/>
            <float name="sheen" value="0.000000"/>
            <float name="sheen_tint" value="0.500000"/>
            <float name="clearcoat" value="0.000000"/>
            <float name="clearcoat_gloss" value="0.173205"/>
            <float name="specular" value="0.500000"/>
        </bsdf>
    </bsdf>
    <bsdf id="mat-Material.003" name="mat-Material.003" type="twosided">
        <bsdf name="bsdf" type="principled">
            <rgb name="base_color" value="0.433648 0.266232 0.084399"/>
            <float name="spec_tint" value="0.000000"/>
            <float name="spec_trans" value="0.000000"/>
            <float name="metallic" value="0.000000"/>
            <float name="anisotropic" value="0.000000"/>
            <float name="roughness" value="0.500000"/>
            <float name="sheen" value="0.000000"/>
            <float name="sheen_tint" value="0.500000"/>
            <float name="clearcoat" value="0.000000"/>
            <float name="clearcoat_gloss" value="0.173205"/>
            <float name="specular" value="0.500000"/>
        </bsdf>
    </bsdf>
    <bsdf id="mat-Material.004" name="mat-Material.004" type="twosided">
        <bsdf name="bsdf" type="principled">
            <rgb name="base_color" value="0.433648 0.266232 0.084399"/>
            <float name="spec_tint" value="0.000000"/>
            <float name="spec_trans" value="0.000000"/>
            <float name="metallic" value="0.000000"/>
            <float name="anisotropic" value="0.000000"/>
            <float name="roughness" value="0.500000"/>
            <float name="sheen" value="0.000000"/>
            <float name="sheen_tint" value="0.500000"/>
            <float name="clearcoat" value="0.000000"/>
            <float name="clearcoat_gloss" value="0.173205"/>
            <float name="specular" value="0.500000"/>
        </bsdf>
    </bsdf>
    <bsdf id="mat-Material.005" name="mat-Material.005" type="twosided">
        <bsdf name="bsdf" type="principled">
            <rgb name="base_color" value="0.433648 0.266232 0.084399"/>
            <float name="spec_tint" value="0.000000"/>
            <float name="spec_trans" value="0.000000"/>
            <float name="metallic" value="0.000000"/>
            <float name="anisotropic" value="0.000000"/>
            <float name="roughness" value="0.500000"/>
            <float name="sheen" value="0.000000"/>
            <float name="sheen_tint" value="0.500000"/>
            <float name="clearcoat" value="0.000000"/>
            <float name="clearcoat_gloss" value="0.173205"/>
            <float name="specular" value="0.500000"/>
        </bsdf>
    </bsdf>
    <emitter name="temp45" type="point">
        <point name="position" x="-6.815235034541981e-16" y="3.0693089962005615" z="4.109199523925781"/>
        <rgb name="intensity" value="7.957747 7.957747 7.957747"/>
    </emitter>
    <shape name="temp2" type="ply">
        <string name="filename" value="meshes/Cube.ply"/>
        <boolean name="face_normals" value="true"/>
        <ref id="mat-Material" name="bsdf"/>
        <animation name="to_world">
            <transform time="0">
                <matrix value="0.9999991135176153 0.00010246629802908914 0.001339437218364513 -0.0021982729571830006 -0.00010105278648007985 0.9999993742477937 -0.0010553916810592022 -0.016184880419227 -0.0013395458018853708 0.0010552560056568 0.9999985816280168 0.003108317057805454 0.0 0.0 0.0 1.0"/>
                <scale value="1"/>
            </transform>
            <transform time="0.0015">
                <matrix value="0.9999991135176153 0.00010284662128719623 0.001339880948955421 -0.0021989404294692778 -0.0001015185535502436 0.999999389266087 -0.0009918389756677097 -0.01626814270184602 -0.001339982702854266 0.0009917027186794958 0.9999985901383849 0.0031093655465541 0.0 0.0 0.0 1.0"/>
                <scale value="1"/>
            </transform>
        </animation>
    </shape>
    <shape name="temp4" type="ply">
        <string name="filename" value="meshes/Plane.ply"/>
        <boolean name="face_normals" value="true"/>
        <ref id="mat-Material.001" name="bsdf"/>
        <transform name="to_world">
            <scale value="1"/>
        </transform>
    </shape>
    <shape name="temp5" type="ply">
        <string name="filename" value="meshes/Cube_001.ply"/>
        <boolean name="face_normals" value="true"/>
        <ref id="mat-Material" name="bsdf"/>
        <animation name="to_world">
            <transform time="0">
                <matrix value="0.9999986702764229 -9.816529453113431e-05 -0.0016142302424328673 0.0021583521850203624 0.00010188209075097469 0.9999972884071061 0.0023026749077230827 -0.020177871835824868 0.0016140007481911327 -0.0023028348660785987 0.9999962176747115 -0.0035520878929731214 0.0 0.0 0.0 1.0"/>
                <scale value="1"/>
            </transform>
            <transform time="0.0015">
                <matrix value="0.999998670276423 -8.858048461827414e-05 -0.0016147715869454806 0.0021574934576389787 9.200182586333878e-05 0.999997250861373 0.0021205514992662508 -0.019974372225402246 0.0016145333907894427 -0.002120696009275912 0.9999961751228711 -0.003558992203263862 0.0 0.0 0.0 1.0"/>
                <scale value="1"/>
            </transform>
        </animation>
    </shape>
    <shape name="temp6" type="ply">
        <string name="filename" value="meshes/Cube_002.ply"/>
        <boolean name="face_normals" value="true"/>
        <ref id="mat-Material" name="bsdf"/>
        <animation name="to_world">
            <transform time="0">
                <matrix value="1.0 -2.3787135786142927e-05 0.0003512621855883005 -0.0009219113010145996 2.4904703143643832e-05 0.9999947853982809 -0.0031819520675372007 -0.015633793131223706 -0.0003511835426318244 0.003181954140706641 0.9999950356980589 0.0008112530969545118 0.0 0.0 0.0 1.0"/>
                <scale value="1"/>
            </transform>
            <transform time="0.0015">
                <matrix value="1.0 -2.3540714128768617e-05 0.00035140992557790854 -0.0009203644154806319 2.4594192295432604e-05 0.9999949130537734 -0.003000272134360235 -0.01575591214246173 -0.00035133519737281713 0.003000274393128419 0.9999951548432119 0.0008167164950156852 0.0 0.0 0.0 1.0"/>
                <scale value="1"/>
            </transform>
        </animation>
    </shape>
    <shape name="temp7" type="ply">
        <string name="filename" value="meshes/Cube_003.ply"/>
        <boolean name="face_normals" value="true"/>
        <ref id="mat-Material" name="bsdf"/>
        <animation name="to_world">
            <transform time="0">
                <matrix value="0.9999991135176153 -0.00039657880410410017 0.0012909312604929978 -0.0012349424596029834 0.0004013260889992855 0.9999931167257308 -0.0036789732499771877 -0.017450962449625462 -0.0012894639795612622 0.0036794980632969218 0.999992435349423 0.0036619629897684525 0.0 0.0 0.0 1.0"/>
                <scale value="1"/>
            </transform>
            <transform time="0.0015">
                <matrix value="0.9999991135176153 -0.0004007755159681598 0.0012913572895183307 -0.0012355351023104165 0.00040558363947466126 0.9999929214879186 -0.0037246296725721947 -0.017445112993032575 -0.0012898507757440972 0.0037251598322584362 0.9999922396109575 0.0036653117822903233 0.0 0.0 0.0 1.0"/>
                <scale value="1"/>
            </transform>
        </animation>
    </shape>
    <shape name="temp8" type="ply">
        <string name="filename" value="meshes/Cube_004.ply"/>
        <boolean name="face_normals" value="true"/>
        <ref id="mat-Material" name="bsdf"/>
        <animation name="to_world">
            <transform time="0">
                <matrix value="0.9999995567588077 -0.0003646904716711547 0.0009977135843631108 -0.0005026696227461436 0.0003667306706948426 0.9999977055752436 -0.002046070140385731 -0.018750337608209156 -0.000996964684314758 0.002046434985388686 0.9999976360466947 0.0030226680211288444 0.0 0.0 0.0 1.0"/>
                <scale value="1"/>
            </transform>
            <transform time="0.0015">
                <matrix value="0.9999995567588077 -0.0003558628015030363 0.0009983277776263605 -0.0005037871016996089 0.00035786261822725424 0.9999977731575631 -0.0020049904235287094 -0.01872748054011814 -0.0009976018448585122 0.002005346511994321 0.9999976871089031 0.003028527198392 0.0 0.0 0.0 1.0"/>
                <scale value="1"/>
            </transform>
        </animation>
    </shape>
    <shape name="temp9" type="ply">
        <string name="filename" value="meshes/Cube_005.ply"/>
        <boolean name="face_normals" value="true"/>
        <ref id="mat-Material" name="bsdf"/>
        <animation name="to_world">
            <transform time="0">
                <matrix value="1.0 -0.00022370224207015517 0.000794406508247124 -0.0006546685150832232 0.00022493382408998153 0.9999987484955875 -0.0015508077392048889 -0.018832264901696982 -0.0007940577312788218 0.0015509873326895037 0.9999985816280168 0.0021887070146893173 0.0 0.0 0.0 1.0"/>
                <scale value="1"/>
            </transform>
            <transform time="0.0015">
                <matrix value="1.0 -0.00020291737476947296 0.0007945030158209809 -0.0006559479473850031 0.00020399572014372493 0.9999985307303354 -0.00135828849063828 -0.018707823602417278 -0.0007941182080747354 0.0013584516869314354 0.9999983688688152 0.0021916308736982565 0.0 0.0 0.0 1.0"/>
                <scale value="1"/>
            </transform>
        </animation>
    </shape>
    <shape name="temp10" type="ply">
        <string name="filename" value="meshes/Cube_006.ply"/>
        <boolean name="face_normals" value="true"/>
        <ref id="mat-Material" name="bsdf"/>
        <animation name="to_world">
            <transform time="0">
                <matrix value="0.9999991135176153 -0.00017013660170663486 -0.0012948814264661594 -0.0011630980836678795 0.00017228075960902582 0.9999985399115188 0.0016557270787541589 -0.01710976791288249 0.0012945967125687246 -0.001655946836092553 0.9999978724420252 -0.00298780055433967 0.0 0.0 0.0 1.0"/>
                <scale value="1"/>
            </transform>
            <transform time="0.0015">
                <matrix value="0.9999991135176153 -0.00016612323316649605 -0.0012956329770699778 -0.001164329853530279 0.00016824140430708596 0.9999985699481053 0.001635039735647082 -0.017114348498501065 0.001295356262828747 -0.0016352544063867867 0.9999978979731294 -0.002993022207030442 0.0 0.0 0.0 1.0"/>
                <scale value="1"/>
            </transform>
        </animation>
    </shape>
    <shape name="temp11" type="ply">
        <string name="filename" value="meshes/Cube_007.ply"/>
        <boolean name="face_normals" value="true"/>
        <ref id="mat-Material" name="bsdf"/>
        <animation name="to_world">
            <transform time="0">
                <matrix value="0.9999991135176153 0.0013912870262795067 -6.768683859541459e-05 0.0005134502461712209 -0.001391577885455838 0.9999889450443554 -0.004504300267457677 -0.01873747122635072 6.141904554214603e-05 0.004504387565886493 0.9999900713961177 -0.00014363975880993252 0.0 0.0 0.0 1.0"/>
                <scale value="1"/>
            </transform>
            <transform time="0.0015">
                <matrix value="0.9999991454314917 0.0013548910186091804 -6.750452949072657e-05 0.0005151567918374373 -0.001355174093574342 0.9999893129925399 -0.004385156731517884 -0.01871094368199674 6.144601276776447e-05 0.0043852417386316496 0.9999904033004722 -0.00013817978778080158 0.0 0.0 0.0 1.0"/>
                <scale value="1"/>
            </transform>
        </animation>
    </shape>
    <shape name="temp12" type="ply">
        <string name="filename" value="meshes/Cube_008.ply"/>
        <boolean name="face_normals" value="true"/>
        <ref id="mat-Material" name="bsdf"/>
        <animation name="to_world">
            <transform time="0">
                <matrix value="1.0 0.00015936636331590268 0.00010683177777326 0.00011388654501942597 -0.00015934786809851303 1.0 -0.0001722376378243876 -0.01763981927459507 -0.00010685924609992076 0.0001722207737217447 1.0 -3.240109939439684e-05 0.0 0.0 0.0 1.0"/>
                <scale value="1"/>
            </transform>
            <transform time="0.0015">
                <matrix value="0.9999999680861236 0.0002111036401354283 0.00010666339163072631 0.00011400163027245435 -0.0002110774534377349 0.9999998648353609 -0.00024601444409810575 -0.017612850629690632 -0.00010681753466337247 0.0002459921620014153 0.9999999148963193 -3.384259293262918e-05 0.0 0.0 0.0 1.0"/>
                <scale value="1"/>
            </transform>
        </animation>
    </shape>
    <shape name="temp13" type="ply">
        <string name="filename" value="meshes/Cube_009.ply"/>
        <boolean name="face_normals" value="true"/>
        <ref id="mat-Material" name="bsdf"/>
        <animation name="to_world">
            <transform time="0">
                <matrix value="0.9999991135176153 0.001046747861491835 0.0008904066519754849 0.0015999081300677176 -0.0010463949420861057 0.9999993742477937 -0.0003958841681792028 -0.016232931612983947 -0.0008908217159816818 0.0003949518483677254 0.9999995272093389 0.001492334188465616 0.0 0.0 0.0 1.0"/>
                <scale value="1"/>
            </transform>
            <transform time="0.0015">
                <matrix value="0.9999991294745535 0.0010164758257118173 0.0008906235812574612 0.0016022236063983981 -0.001016139869128874 0.9999993967752336 -0.0003768876990407485 -0.01626633180794461 -0.0008910227734034525 0.0003759822947354529 0.9999995272093389 0.001494146470346949 0.0 0.0 0.0 1.0"/>
                <scale value="1"/>
            </transform>
        </animation>
    </shape>
    <shape name="temp14" type="ply">
        <string name="filename" value="meshes/Cube_010.ply"/>
        <boolean name="face_normals" value="true"/>
        <ref id="mat-Material" name="bsdf"/>
        <animation name="to_world">
            <transform time="0">
                <matrix value="0.9999840433170752 0.00033942468342152966 0.005644576783803704 0.011583086272396681 -0.00034091408744616836 0.9999997914159312 0.00026272740639808693 -0.01677891657035585 -0.005644485990918874 -0.00026464729476892017 0.9999841615128545 0.00931060209836887 0.0 0.0 0.0 1.0"/>
                <scale value="1"/>
            </transform>
            <transform time="0.0015">
                <matrix value="0.9999840433170752 0.0003325436318596519 0.005647049045726581 0.011586784426667416 -0.00033402601974568845 0.9999997989250778 0.0002614108013962261 -0.01679320108699916 -0.0056469604333310944 -0.0002632921941695282 0.9999841444921185 0.00931395605400832 0.0 0.0 0.0 1.0"/>
                <scale value="1"/>
            </transform>
        </animation>
    </shape>
    <shape name="temp15" type="ply">
        <string name="filename" value="meshes/Cube_011.ply"/>
        <boolean name="face_normals" value="true"/>
        <ref id="mat-Material" name="bsdf"/>
        <animation name="to_world">
            <transform time="0">
                <matrix value="0.9999991135176153 0.000837312769725274 -0.0009826599297149403 -0.002188541197133409 -0.0008367241284548435 0.9999993742477937 0.0005994654628786049 -0.015642162635445322 0.0009831621535848461 -0.0005986425348804709 0.9999995272093389 -0.001423037361156343 0.0 0.0 0.0 1.0"/>
                <scale value="1"/>
            </transform>
            <transform time="0.0015">
                <matrix value="0.9999990018190476 0.0009013717977275644 -0.000983471478413617 -0.0021918530050932987 -0.0009007690553272938 0.9999992541014479 0.0006130526059090687 -0.015527326132800057 0.0009840474445181665 -0.0006121644804769642 0.9999995101886029 -0.0014251249404328777 0.0 0.0 0.0 1.0"/>
                <scale value="1"/>
            </transform>
        </animation>
    </shape>
    <shape name="temp16" type="ply">
        <string name="filename" value="meshes/Cube_012.ply"/>
        <boolean name="face_normals" value="true"/>
        <ref id="mat-Material" name="bsdf"/>
        <animation name="to_world">
            <transform time="0">
                <matrix value="0.9999942378644994 0.0034283816170688516 -0.0001872317208492644 -0.00041063097253424274 -0.0034277835990121045 0.9999891536284242 0.0031153122238607046 -0.00928436646766273 0.0001979102950745266 -0.003114658662600668 0.9999952720933893 -0.00034067840667351135 0.0 0.0 0.0 1.0"/>
                <scale value="1"/>
            </transform>
            <transform time="0.0015">
                <matrix value="0.999994349563067 0.0033899056508757187 -0.00018743015710143555 -0.000408709461728432 -0.0033893141336051743 0.9999893563753831 0.0030801365748487635 -0.00937994203370061 0.00019790589095957354 -0.0030794899498542286 0.9999953657074381 -0.000342686925900942 0.0 0.0 0.0 1.0"/>
                <scale value="1"/>
            </transform>
        </animation>
    </shape>
    <shape name="temp17" type="ply">
        <string name="filename" value="meshes/Cube_013.ply"/>
        <boolean name="face_normals" value="true"/>
        <ref id="mat-Material" name="bsdf"/>
        <animation name="to_world">
            <transform time="0">
                <matrix value="0.9999729622872664 0.006493326352719832 0.0034780135794933668 0.010701151792187669 -0.006543871126736841 0.9998702607092276 0.014723575848150986 0.0058537137316233 -0.003381943594898826 -0.014745930003358205 0.9998855846600232 -0.03608686053739696 0.0 0.0 0.0 1.0"/>
                <scale value="1"/>
            </transform>
            <transform time="0.0015">
                <matrix value="0.9999667390813545 0.006876682029507258 0.0037231155839120276 0.011542767200097772 -0.006938818113622623 0.9998443616625285 0.0155359738815604 0.00718695642142214 -0.0036071772142210953 -0.015563740799329371 0.999862759852873 -0.03794566678482695 0.0 0.0 0.0 1.0"/>
                <scale value="1"/>
            </transform>
        </animation>
    </shape>
    <shape name="temp18" type="ply">
        <string name="filename" value="meshes/Cube_014.ply"/>
        <boolean name="face_normals" value="true"/>
        <ref id="mat-Material" name="bsdf"/>
        <animation name="to_world">
            <transform time="0">
                <matrix value="0.9983888182657923 0.054851915740379585 -0.014536279827771819 -0.0027382976741864296 -0.050193696401058814 0.9731414638012779 0.2246690819965571 0.2191336394237809 0.026469388876773633 -0.22357750879703311 0.9743267579184162 -0.11175483013462528 0.0 0.0 0.0 1.0"/>
                <scale value="1"/>
            </transform>
            <transform time="0.0015">
                <matrix value="0.9983125919718401 0.05583385605662715 -0.014964348788329914 -0.0030583789341747697 -0.05090001112373908 0.9722146548886138 0.22782577665447104 0.22248025185507467 0.02734133183125968 -0.22666515725076802 0.9734365138462427 -0.11330399995995247 0.0 0.0 0.0 1.0"/>
                <scale value="1"/>
            </transform>
        </animation>
    </shape>
    <shape name="temp19" type="ply">
        <string name="filename" value="meshes/Cube_015.ply"/>
        <boolean name="face_normals" value="true"/>
        <ref id="mat-Material" name="bsdf"/>
        <animation name="to_world">
            <transform time="0">
                <matrix value="0.9943539936917914 0.10538526520421423 -0.012411085806304284 -0.0036690135997716755 -0.08229118464186999 0.8396724812952236 0.5368223550553851 0.33521722074086313 0.06699444352841265 -0.5327700172916193 0.843604158855771 -0.12637412632701472 0.0 0.0 0.0 1.0"/>
                <scale value="1"/>
            </transform>
            <transform time="0.0015">
                <matrix value="0.9942970593361662 0.10590813384173062 -0.012144861068348342 -0.003517572543358894 -0.08266142390559152 0.8379463537612425 0.539234380593098 0.3368347312059731 0.06733215297784674 -0.5351540887434667 0.841930109884813 -0.12738331894270763 0.0 0.0 0.0 1.0"/>
                <scale value="1"/>
            </transform>
        </animation>
    </shape>
    <shape name="temp20" type="ply">
        <string name="filename" value="meshes/Cube_016.ply"/>
        <boolean name="face_normals" value="true"/>
        <ref id="mat-Material" name="bsdf"/>
        <animation name="to_world">
            <transform time="0">
                <matrix value="0.9909131123155452 0.12855424124416226 0.03956588834292074 0.07816364768960482 -0.12440924813883024 0.7641706801717899 0.6329026368007958 0.20352410971376625 0.051127206676276134 -0.6320735550860096 0.773219813143675 -0.15708355185483924 0.0 0.0 0.0 1.0"/>
                <scale value="1"/>
            </transform>
            <transform time="0.0015">
                <matrix value="0.9908601352806025 0.12877021331198468 0.0400805222143254 0.07830322452326952 -0.1247779938331329 0.7624345429453617 0.6347799133611457 0.20421255930510154 0.051216733078247895 -0.6339813739316548 0.7715380112274098 -0.1572892599392584 0.0 0.0 0.0 1.0"/>
                <scale value="1"/>
            </transform>
        </animation>
    </shape>
    <shape name="temp21" type="ply">
        <string name="filename" value="meshes/Cube_017.ply"/>
        <boolean name="face_normals" value="true"/>
        <ref id="mat-Material" name="bsdf"/>
        <animation name="to_world">
            <transform time="0">
                <matrix value="0.9685843940095067 0.21492398153613826 0.12510932102060374 0.20923559283625726 -0.24416455240617915 0.7263746211591852 0.6424667190833913 0.06472996167347012 0.047205275633967876 -0.6528303815211202 0.7560319814514768 -0.18786955940920308 0.0 0.0 0.0 1.0"/>
                <scale value="1"/>
            </transform>
            <transform time="0.0015">
                <matrix value="0.9683067592411426 0.21553483559553835 0.12605922787913348 0.20921480854691513 -0.24515723991660143 0.7248185682870439 0.6437400403532737 0.06531435409518324 0.047438744788683006 -0.6542578252390678 0.7547144913713372 -0.18798309546159117 0.0 0.0 0.0 1.0"/>
                <scale value="1"/>
            </transform>
        </animation>
    </shape>
    <shape name="temp22" type="ply">
        <string name="filename" value="meshes/Cube_018.ply"/>
        <boolean name="face_normals" value="true"/>
        <ref id="mat-Material" name="bsdf"/>
        <animation name="to_world">
            <transform time="0">
                <matrix value="0.04592497344985257 0.9941602718267585 0.09765292532129671 0.8860724207542262 -0.7968022807418793 -0.022503154834040084 0.6038208104482954 0.20774042341365118 0.6024924338728465 -0.10554053518500364 0.7911158852461418 -0.3829344435920621 0.0 0.0 0.0 1.0"/>
                <scale value="1"/>
            </transform>
            <transform time="0.0015">
                <matrix value="0.04584594990462759 0.9941429482255016 0.09785946089075531 0.8861739102647961 -0.7955547194397925 -0.02290727382687739 0.6053581233355534 0.2064418378597624 0.6040559904228162 -0.1055956275410247 0.7898465127870417 -0.3830082486780323 0.0 0.0 0.0 1.0"/>
                <scale value="1"/>
            </transform>
        </animation>
    </shape>
    <shape name="temp23" type="ply">
        <string name="filename" value="meshes/Cube_019.ply"/>
        <boolean name="face_normals" value="true"/>
        <ref id="mat-Material" name="bsdf"/>
        <animation name="to_world">
            <transform time="0">
                <matrix value="-0.07272346891194925 0.9914420042426001 -0.1084166429877344 0.4389334905556674 -0.8672005063587382 -0.009166324936434007 0.497875042373863 -0.09090932262917016 0.49262047738849385 0.13022612598894923 0.8604454349934116 -0.035168500232313216 0.0 0.0 0.0 1.0"/>
                <scale value="1"/>
            </transform>
            <transform time="0.0015">
                <matrix value="-0.07286006828171653 0.9914224354065033 -0.1085005798969225 0.439047703061372 -0.8669120687431886 -0.00916647068896994 0.4983683458587496 -0.09115453640690586 0.4930987706551727 0.13037272780936365 0.8601439126528694 -0.03504795048227167 0.0 0.0 0.0 1.0"/>
                <scale value="1"/>
            </transform>
        </animation>
    </shape>
    <shape name="temp24" type="ply">
        <string name="filename" value="meshes/Cube_020.ply"/>
        <boolean name="face_normals" value="true"/>
        <ref id="mat-Material" name="bsdf"/>
        <animation name="to_world">
            <transform time="0">
                <matrix value="0.1270293320204129 0.9915461435023977 0.026449919033160837 -0.17926307049723256 -0.9261563495547972 0.1281142322778847 -0.35471190339572267 0.21523698864698393 -0.3551018319684204 0.020562065064716716 0.9346014679172159 0.11240088328956443 0.0 0.0 0.0 1.0"/>
                <scale value="1"/>
            </transform>
            <transform time="0.0015">
                <matrix value="0.12705519777551427 0.9915437905966835 0.026412944037049822 -0.17916957136906111 -0.9258189000653834 0.1281038358133527 -0.3555638848528034 0.21605073119169468 -0.3559407130170743 0.020722901340832826 0.9342666870575969 0.11260715401291534 0.0 0.0 0.0 1.0"/>
                <scale value="1"/>
            </transform>
        </animation>
    </shape>
    <shape name="temp25" type="ply">
        <string name="filename" value="meshes/Cube_021.ply"/>
        <boolean name="face_normals" value="true"/>
        <ref id="mat-Material" name="bsdf"/>
        <animation name="to_world">
            <transform time="0">
                <matrix value="0.2767195542057384 0.9521854395804957 -0.12949592005299038 -0.24363030523059226 -0.743380192792189 0.12671953577529657 -0.6567561076279572 0.16096250457757083 -0.6089438094275628 0.278001889771663 0.7429014028171704 0.12584995308163915 0.0 0.0 0.0 1.0"/>
                <scale value="1"/>
            </transform>
            <transform time="0.0015">
                <matrix value="0.2769384674413949 0.9520212896353405 -0.13017730267211303 -0.243032756425874 -0.7434495576026998 0.12646657064755593 -0.656724917128999 0.1609041562464641 -0.6087576557861043 0.27865366117100593 0.7428013123783582 0.12610385832562518 0.0 0.0 0.0 1.0"/>
                <scale value="1"/>
            </transform>
        </animation>
    </shape>
    <shape name="temp26" type="ply">
        <string name="filename" value="meshes/Cube_022.ply"/>
        <boolean name="face_normals" value="true"/>
        <ref id="mat-Material" name="bsdf"/>
        <animation name="to_world">
            <transform time="0">
                <matrix value="0.6849197822090077 0.5975134693162406 -0.41696874049986266 -0.12228547231254255 -0.543229756731504 0.037380914140539775 -0.8387516719059752 0.03258477674593144 -0.4855787045655616 0.8009870198134007 0.3501901327643455 0.43188655581961455 0.0 0.0 0.0 1.0"/>
                <scale value="1"/>
            </transform>
            <transform time="0.0015">
                <matrix value="0.6852135813558046 0.5963244184760992 -0.41809760678221003 -0.12223019270227356 -0.5438358172026366 0.03711941036217534 -0.8383610545221606 0.03182987135544518 -0.48443593247686906 0.8018476806534723 0.3497160542009177 0.43336599034526435 0.0 0.0 0.0 1.0"/>
                <scale value="1"/>
            </transform>
        </animation>
    </shape>
    <shape name="temp27" type="ply">
        <string name="filename" value="meshes/Cube_023.ply"/>
        <boolean name="face_normals" value="true"/>
        <ref id="mat-Material" name="bsdf"/>
        <animation name="to_world">
            <transform time="0">
                <matrix value="0.8707730303691136 0.38376110449436096 -0.3073798839866276 -0.10742398962908861 -0.40897443739395456 0.21828301937954583 -0.8860546139404217 -0.20251945135393984 -0.2729374657596179 0.8972625426815152 0.34702338091656143 0.06539827399656639 0.0 0.0 0.0 1.0"/>
                <scale value="1"/>
            </transform>
            <transform time="0.0015">
                <matrix value="0.8708167204660031 0.3829902079930078 -0.3081638335616694 -0.10729444736910151 -0.40937393051254367 0.2179348502872738 -0.8859514257276339 -0.20299195792314492 -0.2721604953101235 0.8976633959464866 0.34655879992389416 0.06639447386092347 0.0 0.0 0.0 1.0"/>
                <scale value="1"/>
            </transform>
        </animation>
    </shape>
    <shape name="temp28" type="ply">
        <string name="filename" value="meshes/Cube_024.ply"/>
        <boolean name="face_normals" value="true"/>
        <ref id="mat-Material" name="bsdf"/>
        <animation name="to_world">
            <transform time="0">
                <matrix value="0.9055045237196091 0.35691445758755835 -0.22950821261017795 -0.10917843580789555 -0.32184789026057264 0.22519132373707562 -0.9196210961084127 -0.4497779621378448 -0.27654283394234674 0.9065875020597677 0.3187838311267405 -0.25358428595813176 0.0 0.0 0.0 1.0"/>
                <scale value="1"/>
            </transform>
            <transform time="0.0015">
                <matrix value="0.9055203849162154 0.3564899655290211 -0.23007540225956788 -0.10921326464006832 -0.32214240268250866 0.2247432079032658 -0.9196234109285264 -0.45006824998353356 -0.27613544533071854 0.9068589652192968 0.31834645778077697 -0.2532537608182504 0.0 0.0 0.0 1.0"/>
                <scale value="1"/>
            </transform>
        </animation>
    </shape>
    <shape name="temp29" type="ply">
        <string name="filename" value="meshes/Cube_025.ply"/>
        <boolean name="face_normals" value="true"/>
        <ref id="mat-Material" name="bsdf"/>
        <animation name="to_world">
            <transform time="0">
                <matrix value="0.887530206887259 0.4044165590720512 -0.2207669042754932 -0.2816602070413764 -0.32056076216209506 0.19782015047254722 -0.9263413425647287 -0.7910676457222278 -0.3309556546051874 0.8929246198033887 0.305211429619673 -0.7442943900176339 0.0 0.0 0.0 1.0"/>
                <scale value="1"/>
            </transform>
            <transform time="0.0015">
                <matrix value="0.8875230103081148 0.4043774814730307 -0.2208666338746995 -0.2817837565883973 -0.3205836236675054 0.19763795980263285 -0.9263718181927694 -0.7911048380751173 -0.33095274725104085 0.8929820873024862 0.3050450349032665 -0.7443634743229651 0.0 0.0 0.0 1.0"/>
                <scale value="1"/>
            </transform>
        </animation>
    </shape>
    <shape name="temp30" type="ply">
        <string name="filename" value="meshes/Cube_026.ply"/>
        <boolean name="face_normals" value="true"/>
        <ref id="mat-Material" name="bsdf"/>
        <animation name="to_world">
            <transform time="0">
                <matrix value="0.9184795231433956 0.2804863346147348 -0.2787885779449776 -0.2971022979370255 -0.342001668359848 0.20938795176701994 -0.9160739841738054 -1.127202862765858 -0.1985711676923268 0.9367412493768551 0.2882453367475123 -0.8593204845719506 0.0 0.0 0.0 1.0"/>
                <scale value="1"/>
            </transform>
            <transform time="0.0015">
                <matrix value="0.9184784699854721 0.280202751692558 -0.27906943711185805 -0.2973563217070639 -0.34218202963272687 0.20932448220702748 -0.9160205645934615 -1.127442198558868 -0.19825620964542928 0.936838950883553 0.2881390082089084 -0.859149172293959 0.0 0.0 0.0 1.0"/>
                <scale value="1"/>
            </transform>
        </animation>
    </shape>
    <shape name="temp31" type="ply">
        <string name="filename" value="meshes/Cube_027.ply"/>
        <boolean name="face_normals" value="true"/>
        <ref id="mat-Material" name="bsdf"/>
        <animation name="to_world">
            <transform time="0">
                <matrix value="0.8703829781198418 0.25526080309038157 -0.42104135925423897 -0.5271166639812978 -0.4747073278406885 0.20801941083343936 -0.8552080964455125 -1.5650802261183325 -0.1307163930095545 0.9442296260296232 0.30223072089701625 -1.0084265802339951 0.0 0.0 0.0 1.0"/>
                <scale value="1"/>
            </transform>
            <transform time="0.0015">
                <matrix value="0.8705923171925568 0.2546560389488918 -0.4209615405121575 -0.5265870467575583 -0.4744321983116274 0.20794007519754942 -0.8553783123171803 -1.5647982610511904 -0.13028961033519454 0.9444046792556735 0.30185206058033304 -1.0084513467132605 0.0 0.0 0.0 1.0"/>
                <scale value="1"/>
            </transform>
        </animation>
    </shape>
    <shape name="temp32" type="ply">
        <string name="filename" value="meshes/Cube_028.ply"/>
        <boolean name="face_normals" value="true"/>
        <ref id="mat-Material" name="bsdf"/>
        <animation name="to_world">
            <transform time="0">
                <matrix value="-0.11995228065323114 0.9808025480629841 0.15374514030299263 -1.485768479506453 -0.7867415921578222 0.0005431091124122122 -0.6172821061500137 -2.1189933953391606 -0.605515782045895 -0.19500207541148423 0.7715733196665313 -1.350612738754435 0.0 0.0 0.0 1.0"/>
                <scale value="1"/>
            </transform>
            <transform time="0.0015">
                <matrix value="-0.11988269882836027 0.9807980500841575 0.15382711216819453 -1.4855285398080667 -0.787266782865976 0.00047815266629713587 -0.6165959066625663 -2.1190535991712434 -0.6048299528405218 -0.19502457056201952 0.7720925202014397 -1.348775318458443 0.0 0.0 0.0 1.0"/>
                <scale value="1"/>
            </transform>
        </animation>
    </shape>
    <shape name="temp33" type="ply">
        <string name="filename" value="meshes/Cube_029.ply"/>
        <boolean name="face_normals" value="true"/>
        <ref id="mat-Material" name="bsdf"/>
        <animation name="to_world">
            <transform time="0">
                <matrix value="0.004417297398883387 0.9882967650696776 0.15248016524979185 -1.6601702877613462 -0.9995731587317629 -3.971065217980781e-05 0.02921468052825846 -1.846424656397026 0.028878834701175655 -0.15254409988673884 0.9878748107064391 -0.11513078024164902 0.0 0.0 0.0 1.0"/>
                <scale value="1"/>
            </transform>
            <transform time="0.0015">
                <matrix value="0.004267095249892151 0.988283886883221 0.15256522297445413 -1.6603433525146511 -0.9995847753827986 -0.00011000916527489232 0.028677555456131678 -1.84744022486161 0.02835869994890191 -0.15262640088462978 0.9878734064957084 -0.11624465840885612 0.0 0.0 0.0 1.0"/>
                <scale value="1"/>
            </transform>
        </animation>
    </shape>
    <shape name="temp34" type="ply">
        <string name="filename" value="meshes/Cube_030.ply"/>
        <boolean name="face_normals" value="true"/>
        <ref id="mat-Material" name="bsdf"/>
        <animation name="to_world">
            <transform time="0">
                <matrix value="-0.04146584964902563 0.9821425419927253 -0.1835115949811008 -3.201895834690558 -0.9714641154800993 0.0032986247698748084 0.2371638833992819 -1.8818778958579594 0.2335340141090381 0.18810909175603685 0.9539795759407822 0.3007211244142869 0.0 0.0 0.0 1.0"/>
                <scale value="1"/>
            </transform>
            <transform time="0.0015">
                <matrix value="-0.041560502276348193 0.982142704976809 -0.18348862785879028 -3.2020868353328917 -0.9713240203901421 0.003308990711681302 0.23771837936392443 -1.8806176485441084 0.2340804694173872 0.18810806166258803 0.9538413808803539 0.30178127044232905 0.0 0.0 0.0 1.0"/>
                <scale value="1"/>
            </transform>
        </animation>
    </shape>
    <shape name="temp35" type="ply">
        <string name="filename" value="meshes/Cube_031.ply"/>
        <boolean name="face_normals" value="true"/>
        <ref id="mat-Material" name="bsdf"/>
        <animation name="to_world">
            <transform time="0">
                <matrix value="0.10146761591200422 0.9885018032092745 0.11210998907380783 -2.04557766473343 -0.7357812657904674 -0.0012796945494896992 0.6772182510433308 -1.0020830146119086 0.6695747721297031 -0.15120411411217236 0.7271910419407868 0.693782176701192 0.0 0.0 0.0 1.0"/>
                <scale value="1"/>
            </transform>
            <transform time="0.0015">
                <matrix value="0.10143822163608011 0.9884883618368212 0.11225246369869409 -2.0454539755820034 -0.7364274898751394 -0.0012486950651306832 0.6764969462876153 -1.0049324790338166 0.6688495133299494 -0.15129144323464133 0.727822868686667 0.6926998043196065 0.0 0.0 0.0 1.0"/>
                <scale value="1"/>
            </transform>
        </animation>
    </shape>
    <shape name="temp36" type="ply">
