
<scene version="2.1.0">
    <default name="spp" value="1024"/>
    <default name="resx" value="640"/>
    <default name="resy" value="360"/>
    <integrator name="temp0" type="path">
        <integer name="max_depth" value="12"/>
    </integrator>
    <sensor name="temp44" type="perspective">
        <string name="fov_axis" value="x"/>
        <float name="fov" value="83.974423"/>
        <float name="principal_point_offset_x" value="0.000000"/>
        <float name="principal_point_offset_y" value="-0.000000"/>
        <float name="near_clip" value="0.100000"/>
        <float name="far_clip" value="1000.000000"/>
        <sampler name="sampler" type="correlated">
            <integer name="sample_count" value="1024"/>
        </sampler>
        <film name="film" type="hdrfilm">
            <integer name="width" value="$resx"/>
            <integer name="height" value="$resy"/>
        </film>
        <float name="shutter_open" value="0.0"/>
        <float name="shutter_close" value="0.0015"/>
        <animation name="to_world">
            <transform time="0">
                <rotate angle="-142.5518126578256" x="1"/>
                <rotate angle="3.976628485794621e-06" y="1"/>
                <rotate angle="-179.999991348578" z="1"/>
                <translate value="-0.000000 3.030926 4.073377"/>
                <translate x="7.8" y="0.0" z="0.0"/>
            </transform>
            <transform time="0.0015">
                <rotate angle="-142.5518126578256" x="1"/>
                <rotate angle="3.976628485794621e-06" y="1"/>
                <rotate angle="-179.999991348578" z="1"/>
                <translate value="-0.000000 3.030926 4.073377"/>
                <translate x="7.949999999999999" y="0.0" z="0.0"/>
            </transform>
        </animation>
    </sensor>
    <bsdf id="mat-Material" name="mat-Material" type="twosided">
        <bsdf name="bsdf" type="diffuse">
            <texture name="reflectance" type="bitmap">
                <string name="filename" value="textures/siggraph_2023_logo.jpg"/>
            </texture>
        </bsdf>
    </bsdf>
    <bsdf id="mat-Material.001" name="mat-Material.001" type="twosided">
        <bsdf name="bsdf" type="principled">
            <rgb name="base_color" value="0.433648 0.266232 0.084399"/>
            <float name="spec_tint" value="0.000000"/>
            <float name="spec_trans" value="0.000000"/>
            <float name="metallic" value="0.000000"/>
            <float name="anisotropic" value="0.000000"/>
            <float name="roughness" value="0.500000"/>
            <float name="sheen" value="0.000000"/>
            <float name="sheen_tint" value="0.500000"/>
            <float name="clearcoat" value="0.000000"/>
            <float name="clearcoat_gloss" value="0.173205"/>
            <float name="specular" value="0.500000"/>
        </bsdf>
    </bsdf>
    <bsdf id="mat-Material.002" name="mat-Material.002" type="twosided">
        <bsdf name="bsdf" type="principled">
            <rgb name="base_color" value="0.433648 0.266232 0.084399"/>
            <float name="spec_tint" value="0.000000"/>
            <float name="spec_trans" value="0.000000"/>
            <float name="metallic" value="0.000000"/>
            <float name="anisotropic" value="0.000000"/>
            <float name="roughness" value="0.500000"/>
            <float name="sheen" value="0.000000"/>
            <float name="sheen_tint" value="0.500000"/>
            <float name="clearcoat" value="0.000000"/>
            <float name="clearcoat_gloss" value="0.173205"/>
            <float name="specular" value="0.500000"/>
        </bsdf>
    </bsdf>
    <bsdf id="mat-Material.003" name="mat-Material.003" type="twosided">
        <bsdf name="bsdf" type="principled">
            <rgb name="base_color" value="0.433648 0.266232 0.084399"/>
            <float name="spec_tint" value="0.000000"/>
            <float name="spec_trans" value="0.000000"/>
            <float name="metallic" value="0.000000"/>
            <float name="anisotropic" value="0.000000"/>
            <float name="roughness" value="0.500000"/>
            <float name="sheen" value="0.000000"/>
            <float name="sheen_tint" value="0.500000"/>
            <float name="clearcoat" value="0.000000"/>
            <float name="clearcoat_gloss" value="0.173205"/>
            <float name="specular" value="0.500000"/>
        </bsdf>
    </bsdf>
    <bsdf id="mat-Material.004" name="mat-Material.004" type="twosided">
        <bsdf name="bsdf" type="principled">
            <rgb name="base_color" value="0.433648 0.266232 0.084399"/>
            <float name="spec_tint" value="0.000000"/>
            <float name="spec_trans" value="0.000000"/>
            <float name="metallic" value="0.000000"/>
            <float name="anisotropic" value="0.000000"/>
            <float name="roughness" value="0.500000"/>
            <float name="sheen" value="0.000000"/>
            <float name="sheen_tint" value="0.500000"/>
            <float name="clearcoat" value="0.000000"/>
            <float name="clearcoat_gloss" value="0.173205"/>
            <float name="specular" value="0.500000"/>
        </bsdf>
    </bsdf>
    <bsdf id="mat-Material.005" name="mat-Material.005" type="twosided">
        <bsdf name="bsdf" type="principled">
            <rgb name="base_color" value="0.433648 0.266232 0.084399"/>
            <float name="spec_tint" value="0.000000"/>
            <float name="spec_trans" value="0.000000"/>
            <float name="metallic" value="0.000000"/>
            <float name="anisotropic" value="0.000000"/>
            <float name="roughness" value="0.500000"/>
            <float name="sheen" value="0.000000"/>
            <float name="sheen_tint" value="0.500000"/>
            <float name="clearcoat" value="0.000000"/>
            <float name="clearcoat_gloss" value="0.173205"/>
            <float name="specular" value="0.500000"/>
        </bsdf>
    </bsdf>
    <emitter name="temp45" type="point">
        <point name="position" x="-6.815235034541981e-16" y="3.0693089962005615" z="4.109199523925781"/>
        <rgb name="intensity" value="7.957747 7.957747 7.957747"/>
    </emitter>
    <shape name="temp2" type="ply">
        <string name="filename" value="meshes/Cube.ply"/>
        <boolean name="face_normals" value="true"/>
        <ref id="mat-Material" name="bsdf"/>
        <animation name="to_world">
            <transform time="0">
                <matrix value="0.9999995567588077 0.00011877798937472754 0.0009676937413390661 -0.0017501464601856753 -0.00011740085137768227 0.9999989570796561 -0.0014232677304771735 -0.015662686408732418 -0.0009678614676247768 0.0014231524144648882 0.9999985816280168 0.0021294594157728053 0.0 0.0 0.0 1.0"/>
                <scale value="1"/>
            </transform>
            <transform time="0.0015">
                <matrix value="0.9999995567588077 0.00011846760630825702 0.0009682085335033169 -0.0017503530612415596 -0.00011709248354627611 0.9999989645888028 -0.001420464159925527 -0.01566699325310273 -0.0009683754406053509 0.0014203490998479925 0.9999985816280168 0.0021339264404383225 0.0 0.0 0.0 1.0"/>
                <scale value="1"/>
            </transform>
        </animation>
    </shape>
    <shape name="temp4" type="ply">
        <string name="filename" value="meshes/Plane.ply"/>
        <boolean name="face_normals" value="true"/>
        <ref id="mat-Material.001" name="bsdf"/>
        <transform name="to_world">
            <scale value="1"/>
        </transform>
    </shape>
    <shape name="temp5" type="ply">
        <string name="filename" value="meshes/Cube_001.ply"/>
        <boolean name="face_normals" value="true"/>
        <ref id="mat-Material" name="bsdf"/>
        <animation name="to_world">
            <transform time="0">
                <matrix value="1.0 -1.1135510811955205e-05 -0.00081016698493358 0.0014559571991155096 1.1206245445696749e-05 1.0 8.731379730802453e-05 -0.017894535807366607 0.0008101651162089759 -8.732267746854031e-05 0.9999997636046695 -0.0014371132458117497 0.0 0.0 0.0 1.0"/>
                <scale value="1"/>
            </transform>
            <transform time="0.0015">
                <matrix value="1.0 -1.6981199735773076e-05 -0.0008112903535181574 0.0014562308222782778 1.717725992729809e-05 0.9999996771066952 0.00023621243097629073 -0.01804986264210159 0.00081126183657392 -0.00023622608886833394 0.999999440210683 -0.001436837599971967 0.0 0.0 0.0 1.0"/>
                <scale value="1"/>
            </transform>
        </animation>
    </shape>
    <shape name="temp6" type="ply">
        <string name="filename" value="meshes/Cube_002.ply"/>
        <boolean name="face_normals" value="true"/>
        <ref id="mat-Material" name="bsdf"/>
        <animation name="to_world">
            <transform time="0">
                <matrix value="1.0 -3.250219534732377e-05 0.000271306192943032 -0.0008625989972794734 3.294199568460375e-05 0.9999987484955875 -0.0016213481058351352 -0.01673129036948262 -0.0002712538584145795 0.001621357339969088 0.9999985816280168 0.0006180412723510997 0.0 0.0 0.0 1.0"/>
                <scale value="1"/>
            </transform>
            <transform time="0.0015">
                <matrix value="1.0 -3.085258526650532e-05 0.0002715141012348595 -0.0008637602918096836 3.124436255680185e-05 0.9999986058218017 -0.001446795946327313 -0.01684028633489086 -0.00027146203263080326 0.0014468051241814616 0.9999984454621278 0.0006211531880089474 0.0 0.0 0.0 1.0"/>
                <scale value="1"/>
            </transform>
        </animation>
    </shape>
    <shape name="temp7" type="ply">
        <string name="filename" value="meshes/Cube_003.ply"/>
        <boolean name="face_normals" value="true"/>
        <ref id="mat-Material" name="bsdf"/>
        <animation name="to_world">
            <transform time="0">
                <matrix value="1.0 -0.0004754360971417725 0.0006660863949286582 -0.0009319145151462926 0.00047843897543911905 0.9999895707965618 -0.004517609324566533 -0.017339678626225097 -0.0006639309820274561 0.004517916328586656 0.9999895986054567 0.0016041268021368404 0.0 0.0 0.0 1.0"/>
                <scale value="1"/>
            </transform>
            <transform time="0.0015">
                <matrix value="1.0 -0.00045896759920565565 0.00066667990799751 -0.0009332024144100317 0.0004618649409137372 0.9999899462538929 -0.004358737228865923 -0.017355576174038 -0.00066460197128027 0.004359033621765366 0.9999899645512834 0.001614143901414052 0.0 0.0 0.0 1.0"/>
                <scale value="1"/>
            </transform>
        </animation>
    </shape>
    <shape name="temp8" type="ply">
        <string name="filename" value="meshes/Cube_004.ply"/>
        <boolean name="face_normals" value="true"/>
        <ref id="mat-Material" name="bsdf"/>
        <animation name="to_world">
            <transform time="0">
                <matrix value="1.0 -0.0002817741326552961 0.0005159375367890233 -0.0005097018951136789 0.00028248115781691303 0.9999989570796561 -0.0013689559032878335 -0.018561798593528134 -0.0005155515604749418 0.0013691020247255557 0.999999054418678 0.0016403169299151893 0.0 0.0 0.0 1.0"/>
                <scale value="1"/>
            </transform>
            <transform time="0.0015">
                <matrix value="1.0 -0.0002835575549780025 0.000516349779018091 -0.0005112654971726092 0.000284273696430566 0.9999989345522162 -0.0013851984513619325 -0.018566374765115034 -0.000515955909289836 0.001385345585423698 0.9999990288875739 0.0016429957716464652 0.0 0.0 0.0 1.0"/>
                <scale value="1"/>
            </transform>
        </animation>
    </shape>
    <shape name="temp9" type="ply">
        <string name="filename" value="meshes/Cube_005.ply"/>
        <boolean name="face_normals" value="true"/>
        <ref id="mat-Material" name="bsdf"/>
        <animation name="to_world">
            <transform time="0">
                <matrix value="1.0 0.00047927404400706684 0.0005796082551140584 -0.0005489548801658195 -0.0004820336615091122 0.999988527876218 0.004770646886366183 -0.014664997925552647 -0.0005773127882175852 -0.004770916288955682 0.9999886530241345 0.0014964501904980998 0.0 0.0 0.0 1.0"/>
                <scale value="1"/>
            </transform>
            <transform time="0.0015">
                <matrix value="1.0 0.0004737117187383445 0.0005796687638310004 -0.0005485062673602333 -0.0004764387440832587 0.9999887531506166 0.004713875072041505 -0.014701207043688864 -0.000577418423148706 -0.004714141808999852 0.9999888742937042 0.0014912729741059323 0.0 0.0 0.0 1.0"/>
                <scale value="1"/>
            </transform>
        </animation>
    </shape>
    <shape name="temp10" type="ply">
        <string name="filename" value="meshes/Cube_006.ply"/>
        <boolean name="face_normals" value="true"/>
        <ref id="mat-Material" name="bsdf"/>
        <animation name="to_world">
            <transform time="0">
                <matrix value="1.0 0.00024425820204704404 -0.0006673298343672477 -0.0008596831284686246 -0.0002448180672201863 0.9999995828318625 -0.0008388393745736019 -0.017759930677316405 0.0006671223186124069 0.0008390023006822785 0.9999995272093389 -0.0016601466177728064 0.0 0.0 0.0 1.0"/>
                <scale value="1"/>
            </transform>
            <transform time="0.0015">
                <matrix value="1.0 0.00023437470831815028 -0.0006678358608523914 -0.000859357104907559 -0.00023488697948426948 0.999999575322716 -0.000768366293182709 -0.017736653256271183 0.0006676346958991574 0.0007685225768609139 0.9999995186989709 -0.0016569849084030084 0.0 0.0 0.0 1.0"/>
                <scale value="1"/>
            </transform>
        </animation>
    </shape>
    <shape name="temp11" type="ply">
        <string name="filename" value="meshes/Cube_007.ply"/>
        <boolean name="face_normals" value="true"/>
        <ref id="mat-Material" name="bsdf"/>
        <animation name="to_world">
            <transform time="0">
                <matrix value="0.9999986702764229 0.0017007506940634888 -4.833362567555876e-05 0.00041351228072139534 -0.0017009912646025812 0.9999833132744987 -0.005517632491308926 -0.019003833996650565 3.894875599926954e-05 0.005517703572836515 0.999984870698846 -0.00022532060926150344 0.0 0.0 0.0 1.0"/>
                <scale value="1"/>
            </transform>
            <transform time="0.0015">
                <matrix value="0.9999986862333612 0.001692033400841566 -4.827102340807277e-05 0.00041450504967349884 -0.0016922727126893237 0.9999834709665779 -0.005489208713008698 -0.01899614668474795 3.8975721629194163e-05 0.00548927987595175 0.9999850153751031 -0.00022237086601022555 0.0 0.0 0.0 1.0"/>
                <scale value="1"/>
            </transform>
        </animation>
    </shape>
    <shape name="temp12" type="ply">
        <string name="filename" value="meshes/Cube_008.ply"/>
        <boolean name="face_normals" value="true"/>
        <ref id="mat-Material" name="bsdf"/>
        <animation name="to_world">
            <transform time="0">
                <matrix value="0.9999986702764229 -0.001650204516679425 0.0001630338220255203 0.00038930992019059474 0.0016498944199479812 0.9999968712389685 0.0018797211102448536 -0.0190423974897303 -0.00016613522047703388 -0.0018794509232973803 0.9999983452326863 0.00045557555266073635 0.0 0.0 0.0 1.0"/>
                <scale value="1"/>
            </transform>
            <transform time="0.0015">
                <matrix value="0.9999986383625464 -0.0016687473780732003 0.00016303385606699256 0.0003900654454345077 0.0016684338290678228 0.9999967886383557 0.0019006523605006728 -0.019058888995322227 -0.00016621542004860684 -0.0019003786896582778 0.9999982941704779 0.00045610714536335257 0.0 0.0 0.0 1.0"/>
                <scale value="1"/>
            </transform>
        </animation>
    </shape>
    <shape name="temp13" type="ply">
        <string name="filename" value="meshes/Cube_009.ply"/>
        <boolean name="face_normals" value="true"/>
        <ref id="mat-Material" name="bsdf"/>
        <animation name="to_world">
            <transform time="0">
                <matrix value="0.9999991135176153 -0.0011880072503822302 0.0006079946064041386 0.00122387191764739 0.0011876115859701753 0.9999991656637249 0.0006516142727935924 -0.01927310777720692 -0.0006087696156389676 -0.0006508907582656652 0.9999995272093389 0.0010604834411385156 0.0 0.0 0.0 1.0"/>
                <scale value="1"/>
            </transform>
            <transform time="0.0015">
                <matrix value="0.9999991454314917 -0.0011298066332999645 0.0006083280426249246 0.001222745921727836 0.001129428552057201 0.9999991881911647 0.0006227739119765836 -0.01919689687125655 -0.0006090774249775356 -0.0006220859646806914 0.9999995442300751 0.0010590302736672426 0.0 0.0 0.0 1.0"/>
                <scale value="1"/>
            </transform>
        </animation>
    </shape>
    <shape name="temp14" type="ply">
        <string name="filename" value="meshes/Cube_010.ply"/>
        <boolean name="face_normals" value="true"/>
        <ref id="mat-Material" name="bsdf"/>
        <animation name="to_world">
            <transform time="0">
                <matrix value="0.9999933513821148 -0.0005025687128068533 0.0036396370669769433 0.007448637351229914 0.0005020415689319837 0.9999997914159312 0.0001458417352173726 -0.018427310093077465 -0.0036397105103124494 -0.00014401353293438154 0.9999933809307451 0.005993012844965451 0.0 0.0 0.0 1.0"/>
                <scale value="1"/>
            </transform>
            <transform time="0.0015">
                <matrix value="0.9999933354251765 -0.0005038632896844726 0.0036433024825025303 0.007455450936202694 0.000503336474469816 0.9999997914159312 0.00014563420989210807 -0.01842994826351407 -0.0036433759785945872 -0.000143799319508698 0.999993372420377 0.00599913595357834 0.0 0.0 0.0 1.0"/>
                <scale value="1"/>
            </transform>
        </animation>
    </shape>
    <shape name="temp15" type="ply">
        <string name="filename" value="meshes/Cube_011.ply"/>
        <boolean name="face_normals" value="true"/>
        <ref id="mat-Material" name="bsdf"/>
        <animation name="to_world">
            <transform time="0">
                <matrix value="0.9999986702764229 -0.0015278908187550452 -0.0005506309154976524 -0.0010601441527564592 0.0015276839583920627 0.9999987484955875 -0.00038044991704887856 -0.020570548916674203 0.0005512103143998425 0.00037960840426929873 0.9999997636046695 -0.0008663998881983659 0.0 0.0 0.0 1.0"/>
                <scale value="1"/>
            </transform>
            <transform time="0.0015">
                <matrix value="0.9999987021902994 -0.001504604053982871 -0.0005507973782970033 -0.0010637938746239038 0.001504401030242875 0.9999987785321739 -0.0003731832201314421 -0.020525793753735463 0.0005513615861743175 0.00037235438841300335 0.9999997721150375 -0.0008657733682155579 0.0 0.0 0.0 1.0"/>
                <scale value="1"/>
            </transform>
        </animation>
    </shape>
    <shape name="temp16" type="ply">
        <string name="filename" value="meshes/Cube_012.ply"/>
        <boolean name="face_normals" value="true"/>
        <ref id="mat-Material" name="bsdf"/>
        <animation name="to_world">
            <transform time="0">
                <matrix value="0.9999951243468841 0.0031521891940937334 -0.00016957298965864987 -0.0005365721585908201 -0.003151693092706555 0.9999908223009742 0.002864425859568881 -0.010016855206182784 0.00017860049252961294 -0.0028638655216791853 0.999995981279381 -0.00017521652676943944 0.0 0.0 0.0 1.0"/>
                <scale value="1"/>
            </transform>
            <transform time="0.0015">
                <matrix value="0.9999951881746371 0.003133546310866954 -0.00016972600607645822 -0.0005353420026027373 -0.003133052835737063 0.9999909199198804 0.00284737108196666 -0.010062973081291624 0.0001786552088708234 -0.002846814427353321 0.9999960238312213 -0.00017671270813661834 0.0 0.0 0.0 1.0"/>
                <scale value="1"/>
            </transform>
        </animation>
    </shape>
    <shape name="temp17" type="ply">
        <string name="filename" value="meshes/Cube_013.ply"/>
        <boolean name="face_normals" value="true"/>
        <ref id="mat-Material" name="bsdf"/>
        <animation name="to_world">
            <transform time="0">
                <matrix value="0.9999991135176153 0.0015533109592155573 0.0002594013240975254 -0.00022306320287912573 -0.0015541676196352302 0.9999931167257308 0.0033339542650681927 -0.012345486300059383 -0.000254220099392405 -0.0033343540047098283 0.9999945629073977 0.00015535173479519493 0.0 0.0 0.0 1.0"/>
                <scale value="1"/>
            </transform>
            <transform time="0.0015">
                <matrix value="0.9999991454314917 0.001497053246715613 0.00025934890023024507 -0.00022142132442876266 -0.0014978788083291226 0.9999933645275693 0.003212928856969295 -0.012542414887546958 -0.00025435421745827663 -0.0032133141153659504 0.9999947586458633 0.00015027022710922602 0.0 0.0 0.0 1.0"/>
                <scale value="1"/>
            </transform>
        </animation>
    </shape>
    <shape name="temp18" type="ply">
        <string name="filename" value="meshes/Cube_014.ply"/>
        <boolean name="face_normals" value="true"/>
        <ref id="mat-Material" name="bsdf"/>
        <animation name="to_world">
            <transform time="0">
                <matrix value="1.0 1.5642261635340817e-05 -6.643039741364596e-05 -0.00029706930739170634 -1.563657413563535e-05 1.0 8.525621235108867e-05 -0.017695993834190404 6.643166018648044e-05 -8.525519217893177e-05 1.0 0.00013185962324746558 0.0 0.0 0.0 1.0"/>
                <scale value="1"/>
            </transform>
            <transform time="0.0015">
                <matrix value="0.9999999840430618 5.018484221266342e-05 -6.632139661946969e-05 -0.0002979647679266377 -5.0169019276919315e-05 0.9999996320518155 0.0002412031668922439 -0.017532093430787342 6.64776480824759e-05 -0.00024119956992706362 0.9999996510749094 0.0001355432996569033 0.0 0.0 0.0 1.0"/>
                <scale value="1"/>
            </transform>
        </animation>
    </shape>
    <shape name="temp19" type="ply">
        <string name="filename" value="meshes/Cube_015.ply"/>
        <boolean name="face_normals" value="true"/>
        <ref id="mat-Material" name="bsdf"/>
        <animation name="to_world">
            <transform time="0">
                <matrix value="1.0 -0.00020125484175769623 -9.090937028539063e-05 0.0001883850232871076 0.00020123859318791476 1.0 -0.00017914700054512763 -0.018058356397772257 9.09455575708255e-05 0.0001791288694952057 1.0 -0.00017352807679754667 0.0 0.0 0.0 1.0"/>
                <scale value="1"/>
            </transform>
            <transform time="0.0015">
                <matrix value="1.0 -0.00020121333119517025 -9.097210871876568e-05 0.00018804257764943596 0.00020119696153605765 1.0 -0.0001803194484223358 -0.018058874380662285 9.10085076921656e-05 0.00018030131010301947 1.0 -0.0001737543941421796 0.0 0.0 0.0 1.0"/>
                <scale value="1"/>
            </transform>
        </animation>
    </shape>
    <shape name="temp20" type="ply">
        <string name="filename" value="meshes/Cube_016.ply"/>
        <boolean name="face_normals" value="true"/>
        <ref id="mat-Material" name="bsdf"/>
        <animation name="to_world">
            <transform time="0">
                <matrix value="1.0 0.00029528203694858195 0.00038541185503670984 0.0007145566060970943 -0.00029625798055766834 0.9999966626548998 0.002536569175656387 -0.017114366387766256 -0.0003846624363727268 -0.002536682637253532 0.9999969268607032 0.0006042583531800094 0.0 0.0 0.0 1.0"/>
                <scale value="1"/>
            </transform>
            <transform time="0.0015">
                <matrix value="1.0 0.0002608432883452593 0.0003855052988780633 0.0007149709331791978 -0.00026174982506776685 0.9999966626548998 0.002356604677370279 -0.017167469232198737 -0.0003847242056806375 -0.0023567045373913036 0.9999969268607033 0.0005972893967491935 0.0 0.0 0.0 1.0"/>
                <scale value="1"/>
            </transform>
        </animation>
    </shape>
    <shape name="temp21" type="ply">
        <string name="filename" value="meshes/Cube_017.ply"/>
        <boolean name="face_normals" value="true"/>
        <ref id="mat-Material" name="bsdf"/>
        <animation name="to_world">
            <transform time="0">
                <matrix value="1.0 -0.00029123133433314627 0.0005089804222115162 0.00033652900381031525 0.0002912458091545263 1.0 -2.7768886686735055e-05 -0.017965791855550084 -0.0005089738611804045 2.791730893177841e-05 1.0 0.00020336399734005584 0.0 0.0 0.0 1.0"/>
                <scale value="1"/>
            </transform>
            <transform time="0.0015">
                <matrix value="1.0 -0.00029963436976894166 0.0005093162413353603 0.0003356286771848537 0.0002996593920642218 0.9999999849817067 -4.810042832575127e-05 -0.01796766250977144 -0.0005092987444428847 4.825326442910891e-05 0.9999999914896319 0.00020458511933483758 0.0 0.0 0.0 1.0"/>
                <scale value="1"/>
            </transform>
        </animation>
    </shape>
    <shape name="temp22" type="ply">
        <string name="filename" value="meshes/Cube_018.ply"/>
        <boolean name="face_normals" value="true"/>
        <ref id="mat-Material" name="bsdf"/>
        <animation name="to_world">
            <transform time="0">
                <matrix value="0.9999986702764229 -0.0016376227256514602 -3.6811008079519603e-06 0.0005727488228104982 0.0016376210713316916 0.99999833132745 -0.0006628028637875922 -0.017805331269150515 4.766527134339313e-06 0.0006627946510701406 0.9999997636046695 -1.9582834699882756e-05 0.0 0.0 0.0 1.0"/>
                <scale value="1"/>
            </transform>
            <transform time="0.0015">
                <matrix value="0.999998670276423 -0.0016364659416143533 -3.330766400336204e-06 0.0005712412445099474 0.0016364645124483633 0.9999983388365966 -0.0006617188982071556 -0.01780438627770503 4.413685720376246e-06 0.000661711306486996 0.9999997721150375 -1.82667568250407e-05 0.0 0.0 0.0 1.0"/>
                <scale value="1"/>
            </transform>
        </animation>
    </shape>
    <shape name="temp23" type="ply">
        <string name="filename" value="meshes/Cube_019.ply"/>
        <boolean name="face_normals" value="true"/>
        <ref id="mat-Material" name="bsdf"/>
        <animation name="to_world">
            <transform time="0">
                <matrix value="0.9999729622872664 0.004463336135312658 -0.00588924595090258 0.0033381407835465227 -0.0044315387383937295 0.9999755956639544 0.005401704221216859 -0.01795431565358374 0.00591321426101942 -0.005375461752982231 0.9999680866303784 -0.0008984192219936293 0.0 0.0 0.0 1.0"/>
                <scale value="1"/>
            </transform>
            <transform time="0.0015">
                <matrix value="0.9999726750623781 0.004518410769747684 -0.005888350660182145 0.003333169162104602 -0.004486523954013442 0.9999752202066233 0.005417689245553312 -0.01795518600966962 0.005912709862201787 -0.005391126133201425 0.9999680015266977 -0.0008970686168583185 0.0 0.0 0.0 1.0"/>
                <scale value="1"/>
            </transform>
        </animation>
    </shape>
    <shape name="temp24" type="ply">
        <string name="filename" value="meshes/Cube_020.ply"/>
        <boolean name="face_normals" value="true"/>
        <ref id="mat-Material" name="bsdf"/>
        <animation name="to_world">
            <transform time="0">
                <matrix value="0.9999421968379333 -0.004685917068467496 0.00964563947902047 -0.007391989729534698 0.004602633197226829 0.9999521163817007 0.008639090987956448 -0.015334621968900841 -0.009685648183792004 -0.008594194902109865 0.9999163160452539 -0.000911641641931138 0.0 0.0 0.0 1.0"/>
                <scale value="1"/>
            </transform>
            <transform time="0.0015">
                <matrix value="0.9999425339226622 -0.00455933552203961 0.009649786581377601 -0.0073983996876389475 0.004476235572238639 0.9999526650750312 0.008616432983918185 -0.015339201526978152 -0.009688680328797546 -0.008572755768670092 0.9999164607215083 -0.0009129474220119301 0.0 0.0 0.0 1.0"/>
                <scale value="1"/>
            </transform>
        </animation>
    </shape>
    <shape name="temp25" type="ply">
        <string name="filename" value="meshes/Cube_021.ply"/>
        <boolean name="face_normals" value="true"/>
        <ref id="mat-Material" name="bsdf"/>
        <animation name="to_world">
            <transform time="0">
                <matrix value="0.9990643178429401 0.033874636802990264 0.026895240463694167 -0.016537943778139996 -0.03401818529963991 0.999409081333186 0.004897212946332113 -0.021170113490195153 -0.026713468504167354 -0.005807551994793742 0.9996262589824315 -0.01342919098294204 0.0 0.0 0.0 1.0"/>
                <scale value="1"/>
            </transform>
            <transform time="0.0015">
                <matrix value="0.9990701102115198 0.03369129498089875 0.02689382518948496 -0.016531468938307942 -0.03383713883583321 0.9994142476260619 0.004985956511403309 -0.02113864711989088 -0.026710536257197152 -0.005891344684661112 0.9996257568707156 -0.013426453132410525 0.0 0.0 0.0 1.0"/>
                <scale value="1"/>
            </transform>
        </animation>
    </shape>
    <shape name="temp26" type="ply">
        <string name="filename" value="meshes/Cube_022.ply"/>
        <boolean name="face_normals" value="true"/>
        <ref id="mat-Material" name="bsdf"/>
        <animation name="to_world">
            <transform time="0">
                <matrix value="0.9994308783090171 0.029602876791476423 0.016191898164673934 -0.007448584836179828 -0.02975099596295922 0.999516919296738 0.008984275455403784 -0.01989225225892216 -0.015918116508606858 -0.009460879014982593 0.9998286133853655 -0.011518768320946782 0.0 0.0 0.0 1.0"/>
                <scale value="1"/>
            </transform>
            <transform time="0.0015">
                <matrix value="0.9994305591702525 0.029613526263215634 0.01619156370720898 -0.007449421165056394 -0.02976144775750365 0.9995167165497792 0.00897197031421863 -0.01989561891602968 -0.015918051085160093 -0.009448737400718141 0.9998287240201504 -0.011519628942578866 0.0 0.0 0.0 1.0"/>
                <scale value="1"/>
            </transform>
        </animation>
    </shape>
    <shape name="temp27" type="ply">
        <string name="filename" value="meshes/Cube_023.ply"/>
        <boolean name="face_normals" value="true"/>
        <ref id="mat-Material" name="bsdf"/>
        <animation name="to_world">
            <transform time="0">
                <matrix value="0.9993998514255523 0.033522317452437625 0.008756366717239507 0.005800644856333137 -0.03355019795151651 0.9994324427488878 0.0030560479144967545 -0.021463174900570148 -0.008648960953996884 -0.0033479954028071248 0.9999569760498436 0.006759918850206159 0.0 0.0 0.0 1.0"/>
                <scale value="1"/>
            </transform>
            <transform time="0.0015">
                <matrix value="0.999389064535305 0.03383278987775294 0.008612421500751623 0.00655716768709064 -0.033857195720205756 0.9994176046751628 0.002452616011665288 -0.021653322042025375 -0.008529510505751592 -0.0027417044265347734 0.9999547378230424 0.008267117760559935 0.0 0.0 0.0 1.0"/>
                <scale value="1"/>
            </transform>
        </animation>
    </shape>
    <shape name="temp28" type="ply">
        <string name="filename" value="meshes/Cube_024.ply"/>
        <boolean name="face_normals" value="true"/>
        <ref id="mat-Material" name="bsdf"/>
        <animation name="to_world">
            <transform time="0">
                <matrix value="0.9942613562825893 0.08893766047936791 0.05945269280284961 0.05457418349709697 -0.0809965214431224 0.988876628780847 -0.12474988192053241 -0.09206092629081303 -0.06988632636380883 0.11921849806955445 0.9904054227197661 0.05438654075140142 0.0 0.0 0.0 1.0"/>
                <scale value="1"/>
            </transform>
            <transform time="0.0015">
                <matrix value="0.9940861012299459 0.09004156060047541 0.06028038226559818 0.054640212801083714 -0.0817852744958101 0.988472531564535 -0.12685852049605997 -0.09319683190125172 -0.07106140167826588 0.12115083953532285 0.9900160563600571 0.05342449473942406 0.0 0.0 0.0 1.0"/>
                <scale value="1"/>
            </transform>
        </animation>
    </shape>
    <shape name="temp29" type="ply">
        <string name="filename" value="meshes/Cube_025.ply"/>
        <boolean name="face_normals" value="true"/>
        <ref id="mat-Material" name="bsdf"/>
        <animation name="to_world">
            <transform time="0">
                <matrix value="0.9740189742689623 0.2230683550851753 0.039093192239992317 0.01678479378461417 -0.18206216191778052 0.8739422180412706 -0.45064183696192284 -0.4095847802732914 -0.13468920814074503 0.4318161623451524 0.8918484270963893 -0.1500233685009747 0.0 0.0 0.0 1.0"/>
                <scale value="1"/>
            </transform>
            <transform time="0.0015">
                <matrix value="0.9737872476119026 0.22406605785109696 0.03876205637169435 0.016253990569915052 -0.18274325829527296 0.8725854654296218 -0.45278524975240075 -0.4113721888294757 -0.13534638666351592 0.4338255874537388 0.8906855959350946 -0.15153799130898019 0.0 0.0 0.0 1.0"/>
                <scale value="1"/>
            </transform>
        </animation>
    </shape>
    <shape name="temp30" type="ply">
        <string name="filename" value="meshes/Cube_026.ply"/>
        <boolean name="face_normals" value="true"/>
        <ref id="mat-Material" name="bsdf"/>
        <animation name="to_world">
            <transform time="0">
                <matrix value="0.9586885911490053 0.2811744534575938 -0.043093119430230524 0.016902100091301664 -0.2564678198029527 0.7888503471881825 -0.5585154089568299 -0.7538419332999489 -0.12304628147234085 0.5464944318482844 0.8283739168956943 -0.17851952585543795 0.0 0.0 0.0 1.0"/>
                <scale value="1"/>
            </transform>
            <transform time="0.0015">
                <matrix value="0.958456290042169 0.28181413513087544 -0.04378433322654184 0.015989884443225136 -0.2571060526529562 0.7873536315926476 -0.5601999001494038 -0.7559768778696095 -0.12345509184716587 0.5481857469785263 0.8271202886175143 -0.18035033839361045 0.0 0.0 0.0 1.0"/>
                <scale value="1"/>
            </transform>
        </animation>
    </shape>
    <shape name="temp31" type="ply">
        <string name="filename" value="meshes/Cube_027.ply"/>
        <boolean name="face_normals" value="true"/>
        <ref id="mat-Material" name="bsdf"/>
        <animation name="to_world">
            <transform time="0">
                <matrix value="0.8743287112141794 0.4636617350440008 -0.14341239496364475 -0.20046210901168482 -0.44956225499843094 0.6623787344370212 -0.5992898211480208 -1.2794354958148533 -0.18287440140276973 0.5884490314398767 0.7875817750547137 -0.384814303274017 0.0 0.0 0.0 1.0"/>
                <scale value="1"/>
            </transform>
            <transform time="0.0015">
                <matrix value="0.8738360886169649 0.46419550020418027 -0.1445201427676389 -0.20248548994635807 -0.4503662134175635 0.6608868772593508 -0.6002478162603595 -1.2815868567113957 -0.18317877999961693 0.5896163282822544 0.7865961382669 -0.38659942515868484 0.0 0.0 0.0 1.0"/>
                <scale value="1"/>
            </transform>
        </animation>
    </shape>
    <shape name="temp32" type="ply">
        <string name="filename" value="meshes/Cube_028.ply"/>
        <boolean name="face_normals" value="true"/>
        <ref id="mat-Material" name="bsdf"/>
        <animation name="to_world">
            <transform time="0">
                <matrix value="-0.09622890393544989 0.984591894840256 0.14601014325084238 -1.4533471093329795 -0.8436688314566502 -0.0028425982900278043 -0.5368566323783119 -2.092798959326923 -0.5281697507388831 -0.1748453036253997 0.8309428249525672 -1.1043604635864983 0.0 0.0 0.0 1.0"/>
                <scale value="1"/>
            </transform>
            <transform time="0.0015">
                <matrix value="-0.0967520681124477 0.9844821862081097 0.1463659064222468 -1.453551255538402 -0.8427694505468678 -0.0027827677375797844 -0.5382024619841079 -2.0934432892400867 -0.5294401623765235 -0.1754351703709062 0.8299623454478008 -1.107686409327199 0.0 0.0 0.0 1.0"/>
                <scale value="1"/>
            </transform>
        </animation>
    </shape>
    <shape name="temp33" type="ply">
        <string name="filename" value="meshes/Cube_029.ply"/>
        <boolean name="face_normals" value="true"/>
        <ref id="mat-Material" name="bsdf"/>
        <animation name="to_world">
            <transform time="0">
                <matrix value="0.07184540810989545 0.9886486463936858 0.13195509339743114 -1.5749995632195544 -0.9950006825914363 0.08024275013922987 -0.05945734979086105 -1.9988288487079438 -0.06937088118122005 -0.1270236304891505 0.9894709519781797 -0.2978602480659951 0.0 0.0 0.0 1.0"/>
                <scale value="1"/>
            </transform>
            <transform time="0.0015">
                <matrix value="0.07142539756012276 0.9886810708887992 0.13192204168097718 -1.5758476882012682 -0.9950781056557562 0.07971478128932788 -0.058658844933317716 -1.9977423993121781 -0.06851081338016907 -0.12707391398767487 0.989514354855311 -0.29600441362717955 0.0 0.0 0.0 1.0"/>
                <scale value="1"/>
            </transform>
        </animation>
    </shape>
    <shape name="temp34" type="ply">
        <string name="filename" value="meshes/Cube_030.ply"/>
        <boolean name="face_normals" value="true"/>
        <ref id="mat-Material" name="bsdf"/>
        <animation name="to_world">
            <transform time="0">
                <matrix value="0.08014837228962318 0.9759898874824667 -0.20253355808830986 -2.9299332257938997 -0.9745705515194023 0.11938327977140767 0.18963094469218247 -1.9550371056908549 0.20925699016475663 0.18218459795678774 0.9607396292651008 0.25964691775229465 0.0 0.0 0.0 1.0"/>
                <scale value="1"/>
            </transform>
            <transform time="0.0015">
                <matrix value="0.08032693886830679 0.9759743112207973 -0.20253575686061903 -2.9295540592372182 -0.9744105116856981 0.11967541624365922 0.1902346821195904 -1.9539222875551043 0.20990246318434858 0.18206907344674036 0.9606145028671087 0.26096040515253655 0.0 0.0 0.0 1.0"/>
                <scale value="1"/>
            </transform>
        </animation>
    </shape>
    <shape name="temp35" type="ply">
        <string name="filename" value="meshes/Cube_031.ply"/>
        <boolean name="face_normals" value="true"/>
        <ref id="mat-Material" name="bsdf"/>
        <animation name="to_world">
            <transform time="0">
                <matrix value="0.1157793864478119 0.989374936121129 0.08793350766700975 -2.046088233084475 -0.5564662684587796 -0.008722687480575609 0.8308246272873021 -0.28067252819340255 0.8227642471016459 -0.14512434739259486 0.549543969767874 0.8734455046333958 0.0 0.0 0.0 1.0"/>
                <scale value="1"/>
            </transform>
            <transform time="0.0015">
                <matrix value="0.11581888146563923 0.9893557953063897 0.08809260133865329 -2.0457467279183312 -0.5572355843650023 -0.00869391468346439 0.8302950696344586 -0.2835752296772521 0.822223418594021 -0.1452548458480786 0.5502970522379441 0.8730781710987366 0.0 0.0 0.0 1.0"/>
                <scale value="1"/>
            </transform>
