
<scene version="2.1.0">
    <default name="spp" value="1024"/>
    <default name="resx" value="640"/>
    <default name="resy" value="360"/>
    <integrator name="temp0" type="path">
        <integer name="max_depth" value="12"/>
    </integrator>
    <sensor name="temp44" type="perspective">
        <string name="fov_axis" value="x"/>
        <float name="fov" value="83.974423"/>
        <float name="principal_point_offset_x" value="0.000000"/>
        <float name="principal_point_offset_y" value="-0.000000"/>
        <float name="near_clip" value="0.100000"/>
        <float name="far_clip" value="1000.000000"/>
        <sampler name="sampler" type="correlated">
            <integer name="sample_count" value="1024"/>
        </sampler>
        <film name="film" type="hdrfilm">
            <integer name="width" value="$resx"/>
            <integer name="height" value="$resy"/>
        </film>
        <float name="shutter_open" value="0.0"/>
        <float name="shutter_close" value="0.0015"/>
        <animation name="to_world">
            <transform time="0">
                <rotate angle="-142.5518126578256" x="1"/>
                <rotate angle="3.976628485794621e-06" y="1"/>
                <rotate angle="-179.999991348578" z="1"/>
                <translate value="-0.000000 3.030926 4.073377"/>
            </transform>
            <transform time="0.0015">
                <rotate angle="-142.5518126578256" x="1"/>
                <rotate angle="3.976628485794621e-06" y="1"/>
                <rotate angle="-179.999991348578" z="1"/>
                <translate value="-0.000000 3.030926 4.073377"/>
                <translate x="0.15" y="0.0" z="0.0"/>
            </transform>
        </animation>
    </sensor>
    <bsdf id="mat-Material" name="mat-Material" type="twosided">
        <bsdf name="bsdf" type="diffuse">
            <texture name="reflectance" type="bitmap">
                <string name="filename" value="textures/siggraph_2023_logo.jpg"/>
            </texture>
        </bsdf>
    </bsdf>
    <bsdf id="mat-Material.001" name="mat-Material.001" type="twosided">
        <bsdf name="bsdf" type="principled">
            <rgb name="base_color" value="0.433648 0.266232 0.084399"/>
            <float name="spec_tint" value="0.000000"/>
            <float name="spec_trans" value="0.000000"/>
            <float name="metallic" value="0.000000"/>
            <float name="anisotropic" value="0.000000"/>
            <float name="roughness" value="0.500000"/>
            <float name="sheen" value="0.000000"/>
            <float name="sheen_tint" value="0.500000"/>
            <float name="clearcoat" value="0.000000"/>
            <float name="clearcoat_gloss" value="0.173205"/>
            <float name="specular" value="0.500000"/>
        </bsdf>
    </bsdf>
    <bsdf id="mat-Material.002" name="mat-Material.002" type="twosided">
        <bsdf name="bsdf" type="principled">
            <rgb name="base_color" value="0.433648 0.266232 0.084399"/>
            <float name="spec_tint" value="0.000000"/>
            <float name="spec_trans" value="0.000000"/>
            <float name="metallic" value="0.000000"/>
            <float name="anisotropic" value="0.000000"/>
            <float name="roughness" value="0.500000"/>
            <float name="sheen" value="0.000000"/>
            <float name="sheen_tint" value="0.500000"/>
            <float name="clearcoat" value="0.000000"/>
            <float name="clearcoat_gloss" value="0.173205"/>
            <float name="specular" value="0.500000"/>
        </bsdf>
    </bsdf>
    <bsdf id="mat-Material.003" name="mat-Material.003" type="twosided">
        <bsdf name="bsdf" type="principled">
            <rgb name="base_color" value="0.433648 0.266232 0.084399"/>
            <float name="spec_tint" value="0.000000"/>
            <float name="spec_trans" value="0.000000"/>
            <float name="metallic" value="0.000000"/>
            <float name="anisotropic" value="0.000000"/>
            <float name="roughness" value="0.500000"/>
            <float name="sheen" value="0.000000"/>
            <float name="sheen_tint" value="0.500000"/>
            <float name="clearcoat" value="0.000000"/>
            <float name="clearcoat_gloss" value="0.173205"/>
            <float name="specular" value="0.500000"/>
        </bsdf>
    </bsdf>
    <bsdf id="mat-Material.004" name="mat-Material.004" type="twosided">
        <bsdf name="bsdf" type="principled">
            <rgb name="base_color" value="0.433648 0.266232 0.084399"/>
            <float name="spec_tint" value="0.000000"/>
            <float name="spec_trans" value="0.000000"/>
            <float name="metallic" value="0.000000"/>
            <float name="anisotropic" value="0.000000"/>
            <float name="roughness" value="0.500000"/>
            <float name="sheen" value="0.000000"/>
            <float name="sheen_tint" value="0.500000"/>
            <float name="clearcoat" value="0.000000"/>
            <float name="clearcoat_gloss" value="0.173205"/>
            <float name="specular" value="0.500000"/>
        </bsdf>
    </bsdf>
    <bsdf id="mat-Material.005" name="mat-Material.005" type="twosided">
        <bsdf name="bsdf" type="principled">
            <rgb name="base_color" value="0.433648 0.266232 0.084399"/>
            <float name="spec_tint" value="0.000000"/>
            <float name="spec_trans" value="0.000000"/>
            <float name="metallic" value="0.000000"/>
            <float name="anisotropic" value="0.000000"/>
            <float name="roughness" value="0.500000"/>
            <float name="sheen" value="0.000000"/>
            <float name="sheen_tint" value="0.500000"/>
            <float name="clearcoat" value="0.000000"/>
            <float name="clearcoat_gloss" value="0.173205"/>
            <float name="specular" value="0.500000"/>
        </bsdf>
    </bsdf>
    <emitter name="temp45" type="point">
        <point name="position" x="-6.815235034541981e-16" y="3.0693089962005615" z="4.109199523925781"/>
        <rgb name="intensity" value="7.957747 7.957747 7.957747"/>
    </emitter>
    <shape name="temp2" type="ply">
        <string name="filename" value="meshes/Cube.ply"/>
        <boolean name="face_normals" value="true"/>
        <ref id="mat-Material" name="bsdf"/>
        <animation name="to_world">
            <transform time="0">
                <matrix value="0.9999995567588077 0.00015217626188147003 0.000996529243757154 -0.001786803703941242 -0.00015289073040829606 0.9999995828318625 0.0007168310165802956 -0.01840648603954903 -0.0009964194976481624 -0.0007169827062948587 0.9999992908140084 0.0022960708498387383 0.0 0.0 0.0 1.0"/>
                <scale value="1"/>
            </transform>
            <transform time="0.0015">
                <matrix value="0.9999995567588077 0.00015381879008610934 0.0009970333128576426 -0.001787954994898561 -0.00015447673837036348 0.9999995828318625 0.0006605455697905316 -0.01832776789569403 -0.0009969334706287365 -0.0006606989490707709 0.9999992908140084 0.002291757311475754 0.0 0.0 0.0 1.0"/>
                <scale value="1"/>
            </transform>
        </animation>
    </shape>
    <shape name="temp4" type="ply">
        <string name="filename" value="meshes/Plane.ply"/>
        <boolean name="face_normals" value="true"/>
        <ref id="mat-Material.001" name="bsdf"/>
        <transform name="to_world">
            <scale value="1"/>
        </transform>
    </shape>
    <shape name="temp5" type="ply">
        <string name="filename" value="meshes/Cube_001.ply"/>
        <boolean name="face_normals" value="true"/>
        <ref id="mat-Material" name="bsdf"/>
        <animation name="to_world">
            <transform time="0">
                <matrix value="1.0 -0.0001107272700725664 -0.0008610132565773454 0.0014751603424310034 0.00011303625535656981 0.999996454070831 0.00268202322253169 -0.02056257881422968 0.0008607123417850564 -0.0026821283084040607 0.9999962176747115 -0.0016824507140822398 0.0 0.0 0.0 1.0"/>
                <scale value="1"/>
            </transform>
            <transform time="0.0015">
                <matrix value="0.9999999840430618 -0.00010099483784626587 -0.0008617416589800271 0.0014767207479280046 0.00010313229441565379 0.9999964390525379 0.002485123091796271 -0.020344951008483804 0.000861435350656519 -0.0024852188851045877 0.9999962006539753 -0.0016911668552270951 0.0 0.0 0.0 1.0"/>
                <scale value="1"/>
            </transform>
        </animation>
    </shape>
    <shape name="temp6" type="ply">
        <string name="filename" value="meshes/Cube_002.ply"/>
        <boolean name="face_normals" value="true"/>
        <ref id="mat-Material" name="bsdf"/>
        <animation name="to_world">
            <transform time="0">
                <matrix value="1.0 6.0686700471191414e-05 0.0002829652106447872 -0.0009289438942814421 -6.136940252860236e-05 0.9999970798230373 0.0024133599293839868 -0.019104620443863074 -0.00028281890760548697 -0.0024133677357990753 0.9999971632560337 0.0005288432456480585 0.0 0.0 0.0 1.0"/>
                <scale value="1"/>
            </transform>
            <transform time="0.0015">
                <matrix value="1.0 5.729954970444115e-05 0.00028317141686300167 -0.0009276309343658341 -5.7929450463163116e-05 0.9999970497864509 0.002228711324514914 -0.018992286654576397 -0.000283027097778649 -0.002228718646372147 0.9999971292145615 0.0005239714619991073 0.0 0.0 0.0 1.0"/>
                <scale value="1"/>
            </transform>
        </animation>
    </shape>
    <shape name="temp7" type="ply">
        <string name="filename" value="meshes/Cube_003.ply"/>
        <boolean name="face_normals" value="true"/>
        <ref id="mat-Material" name="bsdf"/>
        <animation name="to_world">
            <transform time="0">
                <matrix value="0.9999995567588077 0.0006201183506006179 0.0007041176757043754 -0.0010356725592015614 -0.0006234054398105056 0.9999889450443554 0.004678854579521261 -0.017536321000193644 -0.00070120756630445 -0.004679285307546781 0.9999888894194651 0.0020584401460430612 0.0 0.0 0.0 1.0"/>
                <scale value="1"/>
            </transform>
            <transform time="0.0015">
                <matrix value="0.9999995567588077 0.0006217483610578385 0.0007047045506861365 -0.0010352884880846299 -0.0006250509192813776 0.9999888549345959 0.004696583378274229 -0.017537010227219957 -0.0007017749950281138 -0.004697016204916327 0.9999888043157844 0.0020563045261872558 0.0 0.0 0.0 1.0"/>
                <scale value="1"/>
            </transform>
        </animation>
    </shape>
    <shape name="temp8" type="ply">
        <string name="filename" value="meshes/Cube_004.ply"/>
        <boolean name="face_normals" value="true"/>
        <ref id="mat-Material" name="bsdf"/>
        <animation name="to_world">
            <transform time="0">
                <matrix value="1.0 0.0003328980879098416 0.0005380948711196298 -0.0005720478618753688 -0.00033302217801630063 1.0 0.00023050530447482176 -0.01698671797133794 -0.0005380194565153796 -0.00023068355085175305 1.0 0.0018159141478351695 0.0 0.0 0.0 1.0"/>
                <scale value="1"/>
            </transform>
            <transform time="0.0015">
                <matrix value="1.0 0.00032903575834485613 0.0005386414069567629 -0.0005713278124102531 -0.00032915528530281287 1.0 0.00022197373367884428 -0.016996297277769978 -0.000538568853898837 -0.00022215005750986572 1.0 0.0018156095518881183 0.0 0.0 0.0 1.0"/>
                <scale value="1"/>
            </transform>
        </animation>
    </shape>
    <shape name="temp9" type="ply">
        <string name="filename" value="meshes/Cube_005.ply"/>
        <boolean name="face_normals" value="true"/>
        <ref id="mat-Material" name="bsdf"/>
        <animation name="to_world">
            <transform time="0">
                <matrix value="1.0 -0.00031927754821942214 0.000583839731530551 -0.0005073512583688711 0.0003204749063431361 0.9999977055752436 -0.002053804995600683 -0.01922766854522323 -0.0005831813016043557 0.002053991986200078 0.9999978724420252 0.0011566987846816645 0.0 0.0 0.0 1.0"/>
                <scale value="1"/>
            </transform>
            <transform time="0.0015">
                <matrix value="0.9999999840430618 -0.0003319240775027317 0.0005840387039359103 -0.0005074385347591651 0.0003331806822411172 0.9999973601544989 -0.0021539727936586276 -0.01929165601440233 -0.0005832869365354766 0.002154166855612231 0.9999975235169346 0.0011564443200826999 0.0 0.0 0.0 1.0"/>
                <scale value="1"/>
            </transform>
        </animation>
    </shape>
    <shape name="temp10" type="ply">
        <string name="filename" value="meshes/Cube_006.ply"/>
        <boolean name="face_normals" value="true"/>
        <ref id="mat-Material" name="bsdf"/>
        <animation name="to_world">
            <transform time="0">
                <matrix value="1.0 -0.0001927696418402955 -0.000695895846108531 -0.0008799026442689595 0.00019390295145445166 0.9999985399115188 0.001628645629688606 -0.01718039772131108 0.0006955828355734743 -0.0016287808469764697 0.9999985816280168 -0.001664661142619761 0.0 0.0 0.0 1.0"/>
                <scale value="1"/>
            </transform>
            <transform time="0.0015">
                <matrix value="1.0 -0.00017712807440853915 -0.0006964034044599264 -0.0008807347960446614 0.00017820113274719972 0.9999985774572518 0.001542594149347405 -0.01719994166092383 0.0006960950532908423 -0.0015427182922682255 0.999998615669489 -0.00166839286253424 0.0 0.0 0.0 1.0"/>
                <scale value="1"/>
            </transform>
        </animation>
    </shape>
    <shape name="temp11" type="ply">
        <string name="filename" value="meshes/Cube_007.ply"/>
        <boolean name="face_normals" value="true"/>
        <ref id="mat-Material" name="bsdf"/>
        <animation name="to_world">
            <transform time="0">
                <matrix value="1.0 0.0005851242013837467 -4.1542933410744926e-05 0.0004879638722967705 -0.0005852024814414912 0.9999981227433812 -0.001873026394484235 -0.01815814713670255 4.0446822581188486e-05 0.001873049478226952 0.9999983452326863 6.386240270384036e-06 0.0 0.0 0.0 1.0"/>
                <scale value="1"/>
            </transform>
            <transform time="0.0015">
                <matrix value="1.0 0.0005340853578006727 -4.160507611835541e-05 0.0004900286563265832 -0.0005341570338721895 0.9999980626702083 -0.001715961764794738 -0.01812385886814047 4.04737882111131e-05 0.0017159826107143355 0.9999982941704779 1.1747994370013668e-05 0.0 0.0 0.0 1.0"/>
                <scale value="1"/>
            </transform>
        </animation>
    </shape>
    <shape name="temp12" type="ply">
        <string name="filename" value="meshes/Cube_008.ply"/>
        <boolean name="face_normals" value="true"/>
        <ref id="mat-Material" name="bsdf"/>
        <animation name="to_world">
            <transform time="0">
                <matrix value="0.9999986702764229 -0.001666551250148616 0.0001674265200574346 0.0003861809182281739 0.0016662322902981596 0.9999966626548998 0.001898992057589685 -0.01910930302617253 -0.000170590680942579 -0.001898709490366545 0.9999983452326863 0.00043646232759386727 0.0 0.0 0.0 1.0"/>
                <scale value="1"/>
            </transform>
            <transform time="0.0015">
                <matrix value="0.9999987181472376 -0.001612276512539197 0.00016761950967404416 0.00038408406778072686 0.0016119678017077423 0.9999967828012458 0.0018377668102084433 -0.01906476498169207 -0.0001706708964710902 -0.001837493425275314 0.9999984048052627 0.0004339235432632694 0.0 0.0 0.0 1.0"/>
                <scale value="1"/>
            </transform>
        </animation>
    </shape>
    <shape name="temp13" type="ply">
        <string name="filename" value="meshes/Cube_009.ply"/>
        <boolean name="face_normals" value="true"/>
        <ref id="mat-Material" name="bsdf"/>
        <animation name="to_world">
            <transform time="0">
                <matrix value="0.9999995567588077 0.0010609670374596128 0.0006254618573770237 0.0011987725455360199 -0.0010607249298349192 0.9999993742477937 -0.00038862683153192214 -0.016212175488098224 -0.0006258742932519187 0.0003879642820640645 0.9999997636046695 0.0010643128039227179 0.0 0.0 0.0 1.0"/>
                <scale value="1"/>
            </transform>
            <transform time="0.0015">
                <matrix value="0.9999995727157459 0.0010222807152894162 0.000625784485430367 0.0012010635885255439 -0.0010220540782932908 0.9999993967752336 -0.00036398752880651027 -0.016254313400104997 -0.000626182262159869 0.00036334914925447245 0.9999997636046695 0.0010663113950604057 0.0 0.0 0.0 1.0"/>
                <scale value="1"/>
            </transform>
        </animation>
    </shape>
    <shape name="temp14" type="ply">
        <string name="filename" value="meshes/Cube_010.ply"/>
        <boolean name="face_normals" value="true"/>
        <ref id="mat-Material" name="bsdf"/>
        <animation name="to_world">
            <transform time="0">
                <matrix value="0.9999929081409223 -0.0005746011351145023 0.0038206213320309524 0.007788889948186828 0.0005739751820391577 0.9999997914159312 0.0001642581134423368 -0.018524309819038243 -0.0038207169160341613 -0.00016206377249318454 0.9999926717447536 0.0063078480979339435 0.0 0.0 0.0 1.0"/>
                <scale value="1"/>
            </transform>
            <transform time="0.0015">
                <matrix value="0.9999928921839841 -0.0005687599201402417 0.0038230791263281186 0.00779390531239492 0.0005681302513050263 0.9999997914159312 0.00016512863048133558 -0.01851265040980488 -0.0038231744440918513 -0.00016295561131003032 0.9999926632343856 0.006312397821686347 0.0 0.0 0.0 1.0"/>
                <scale value="1"/>
            </transform>
        </animation>
    </shape>
    <shape name="temp15" type="ply">
        <string name="filename" value="meshes/Cube_011.ply"/>
        <boolean name="face_normals" value="true"/>
        <ref id="mat-Material" name="bsdf"/>
        <animation name="to_world">
            <transform time="0">
                <matrix value="0.9999986702764229 0.0015007039712320851 -0.0005586187137162717 -0.0012672286677235522 -0.0015003359768238046 0.9999985399115188 0.0006612852057655876 -0.014602056291982635 0.0005596097349949558 -0.0006604459944558355 0.9999997636046695 -0.0008395476718456862 0.0 0.0 0.0 1.0"/>
                <scale value="1"/>
            </transform>
            <transform time="0.0015">
                <matrix value="0.9999986862333612 0.0014876940743437407 -0.0005587834744420097 -0.0012618149299950937 -0.0014873283594821556 0.9999985624389587 0.0006569224506807561 -0.014627336232222534 0.0005597608472000485 -0.0006560903139577897 0.9999997636046695 -0.0008400632719285872 0.0 0.0 0.0 1.0"/>
                <scale value="1"/>
            </transform>
        </animation>
    </shape>
    <shape name="temp16" type="ply">
        <string name="filename" value="meshes/Cube_012.ply"/>
        <boolean name="face_normals" value="true"/>
        <ref id="mat-Material" name="bsdf"/>
        <animation name="to_world">
            <transform time="0">
                <matrix value="0.9999995567588077 0.0009753995949297386 -0.00018079042088297437 -0.0004448375520114123 -0.0009752414334774753 0.9999991656637249 0.0008713626441479626 -0.015361628492335133 0.0001816402406267785 -0.000871184736652184 0.9999995272093389 -0.00028595190126079473 0.0 0.0 0.0 1.0"/>
                <scale value="1"/>
            </transform>
            <transform time="0.0015">
                <matrix value="0.9999995567588077 0.000902169646158095 -0.00018082435172044945 -0.0004426256436581552 -0.0009020260542009307 0.999999143136285 0.0007914717341453206 -0.015559198715372783 0.0001816949410110507 -0.0007913072407420179 0.9999995101886029 -0.000288286361535454 0.0 0.0 0.0 1.0"/>
                <scale value="1"/>
            </transform>
        </animation>
    </shape>
    <shape name="temp17" type="ply">
        <string name="filename" value="meshes/Cube_013.ply"/>
        <boolean name="face_normals" value="true"/>
        <ref id="mat-Material" name="bsdf"/>
        <animation name="to_world">
            <transform time="0">
                <matrix value="0.9999991135176153 -0.0013171771066469485 0.0002661551386907765 -0.00012784169647472865 0.0013180751985277302 0.9999933253097996 -0.003404045480570431 -0.022776086407399643 -0.00026167009735349547 0.003404400706682825 0.9999943265120672 -8.179305113853452e-05 0.0 0.0 0.0 1.0"/>
                <scale value="1"/>
            </transform>
            <transform time="0.0015">
                <matrix value="0.9999990816037387 -0.0013387346651350265 0.0002664702776202227 -0.0001275064426172449 0.0013396486598837203 0.9999930549805212 -0.003460205399431237 -0.022859703183941475 -0.00026180419946242886 0.0034605663450305497 0.9999940882217614 -8.183494891736157e-05 0.0 0.0 0.0 1.0"/>
                <scale value="1"/>
            </transform>
        </animation>
    </shape>
    <shape name="temp18" type="ply">
        <string name="filename" value="meshes/Cube_014.ply"/>
        <boolean name="face_normals" value="true"/>
        <ref id="mat-Material" name="bsdf"/>
        <animation name="to_world">
            <transform time="0">
                <matrix value="0.9999995567588077 0.0012535735665581333 -6.189822613671876e-05 -0.00032852356871870825 -0.0012532024176147597 0.9999833132744987 0.005655498248074205 -0.011840155271046038 6.898650241921042e-05 -0.005655406603354449 0.9999841615128545 0.00026455047145934607 0.0 0.0 0.0 1.0"/>
                <scale value="1"/>
            </transform>
            <transform time="0.0015">
                <matrix value="0.9999995727157459 0.001239198957362721 -6.20803565236774e-05 -0.0003283064043877337 -0.0012388315990396294 0.999983628658657 0.005591273904435025 -0.011907656561893264 6.903250627214413e-05 -0.0055911835755899355 0.999984467886105 0.00026290324662285055 0.0 0.0 0.0 1.0"/>
                <scale value="1"/>
            </transform>
        </animation>
    </shape>
    <shape name="temp19" type="ply">
        <string name="filename" value="meshes/Cube_015.ply"/>
        <boolean name="face_normals" value="true"/>
        <ref id="mat-Material" name="bsdf"/>
        <animation name="to_world">
            <transform time="0">
                <matrix value="1.0 -0.00019894894487748816 -9.439478303872959e-05 0.0001693606724536556 0.00019892576064621019 1.0 -0.00024428147875680644 -0.018087232535034692 9.444317381969302e-05 0.0002442623737284194 1.0 -0.00018620090304100056 0.0 0.0 0.0 1.0"/>
                <scale value="1"/>
            </transform>
            <transform time="0.0015">
                <matrix value="1.0 -0.0001989074117875223 -9.445757253431303e-05 0.0001690181909647039 0.00019888412899435307 1.0 -0.00024521447040777025 -0.018087637865911558 9.450613989797135e-05 0.00024519538519619317 1.0 -0.0001863096687661966 0.0 0.0 0.0 1.0"/>
                <scale value="1"/>
            </transform>
        </animation>
    </shape>
    <shape name="temp20" type="ply">
        <string name="filename" value="meshes/Cube_016.ply"/>
        <boolean name="face_normals" value="true"/>
        <ref id="mat-Material" name="bsdf"/>
        <animation name="to_world">
            <transform time="0">
                <matrix value="0.9999991135176153 -0.0013794790821466637 0.0003952742682264346 0.0007452460394191673 0.0013815163103893964 0.9999853991151865 -0.0052015482948568415 -0.01942269457148066 -0.0003880940096839336 0.00520208250334256 0.9999865254661597 0.0004027652972646012 0.0 0.0 0.0 1.0"/>
                <scale value="1"/>
            </transform>
            <transform time="0.0015">
                <matrix value="0.9999991135176153 -0.0013774676821325157 0.00039531264998640767 0.0007451030069415431 0.0013795014277983664 0.9999854516792128 -0.005191786051649502 -0.019420068468858773 -0.0003881557949487825 0.0051923198618194 0.9999865765283682 0.00040535550347628154 0.0 0.0 0.0 1.0"/>
                <scale value="1"/>
            </transform>
        </animation>
    </shape>
    <shape name="temp21" type="ply">
        <string name="filename" value="meshes/Cube_017.ply"/>
        <boolean name="face_normals" value="true"/>
        <ref id="mat-Material" name="bsdf"/>
        <animation name="to_world">
            <transform time="0">
                <matrix value="1.0 0.0001584427530594068 0.0005271237638297178 0.0002675564185982138 -0.0001587752004779913 0.9999997914159312 0.0006308753104461678 -0.017784505088233205 -0.0005270226425330702 -0.0006309584646543867 0.9999997636046695 0.00032156025373800134 0.0 0.0 0.0 1.0"/>
                <scale value="1"/>
            </transform>
            <transform time="0.0015">
                <matrix value="0.9999999840430618 0.00018174144986556317 0.000527666384897541 0.00026687448460667473 -0.00018210226551833904 0.9999997088153184 0.0006825720518789751 -0.01777827081336524 -0.0005275090100104963 -0.0006826679501222646 0.999999695521725 0.0003227545170439233 0.0 0.0 0.0 1.0"/>
                <scale value="1"/>
            </transform>
        </animation>
    </shape>
    <shape name="temp22" type="ply">
        <string name="filename" value="meshes/Cube_018.ply"/>
        <boolean name="face_normals" value="true"/>
        <ref id="mat-Material" name="bsdf"/>
        <animation name="to_world">
            <transform time="0">
                <matrix value="1.0 -0.0004655054096278235 1.463251636683071e-05 0.00045942724735476004 0.00046549633262237444 0.9999997914159312 0.0004359649964706177 -0.0177938220094776 -1.483546000457425e-05 -0.0004359573904464325 1.0 8.364741174793355e-05 0.0 0.0 0.0 1.0"/>
                <scale value="1"/>
            </transform>
            <transform time="0.0015">
                <matrix value="0.9999999521291854 -0.00038911148192703315 1.514484477952656e-05 0.00045666818613845293 0.0003891002568472947 0.9999996337238521 0.0005121385777024763 -0.01779631614103203 -1.5188299822843494e-05 -0.0005121326517975925 0.9999998893652152 8.71650392191657e-05 0.0 0.0 0.0 1.0"/>
                <scale value="1"/>
            </transform>
        </animation>
    </shape>
    <shape name="temp23" type="ply">
        <string name="filename" value="meshes/Cube_019.ply"/>
        <boolean name="face_normals" value="true"/>
        <ref id="mat-Material" name="bsdf"/>
        <animation name="to_world">
            <transform time="0">
                <matrix value="0.9999312976151851 0.01021916136689312 -0.005812181073149698 0.0030538751292935595 -0.010177385125180178 0.9999224067264191 0.007172778037549979 -0.018071438441106313 0.005885037418421459 -0.007113127655535925 0.9999574488405045 -0.0008075304373466041 0.0 0.0 0.0 1.0"/>
                <scale value="1"/>
            </transform>
            <transform time="0.0015">
                <matrix value="0.9999305955099027 0.010282350234984862 -0.005809570092227361 0.003052691632845951 -0.010240403861354686 0.9999214680830913 0.007205043395994739 -0.0180813324887779 0.005883260932487672 -0.007145049938923309 0.9999572190605668 -0.0008071704937098508 0.0 0.0 0.0 1.0"/>
                <scale value="1"/>
            </transform>
        </animation>
    </shape>
    <shape name="temp24" type="ply">
        <string name="filename" value="meshes/Cube_020.ply"/>
        <boolean name="face_normals" value="true"/>
        <ref id="mat-Material" name="bsdf"/>
        <animation name="to_world">
            <transform time="0">
                <matrix value="0.9999465887726995 -0.003034100854181042 0.009866030845661698 -0.007503452552461404 0.0029518867635658997 0.9999608124012846 0.00833674135887529 -0.01539848896537227 -0.009890932810783182 -0.008307177373185436 0.9999165524404161 -0.0009037187046588846 0.0 0.0 0.0 1.0"/>
                <scale value="1"/>
            </transform>
            <transform time="0.0015">
                <matrix value="0.9999463068222427 -0.003100168672443843 0.009868331198150063 -0.0075041825437065805 0.0030177091780662657 0.9999603634825532 0.008359526167348811 -0.015400284388845529 -0.009893890604407034 -0.008329297805510432 0.9999163311708442 -0.0009051409923403684 0.0 0.0 0.0 1.0"/>
                <scale value="1"/>
            </transform>
        </animation>
    </shape>
    <shape name="temp25" type="ply">
        <string name="filename" value="meshes/Cube_021.ply"/>
        <boolean name="face_normals" value="true"/>
        <ref id="mat-Material" name="bsdf"/>
        <animation name="to_world">
            <transform time="0">
                <matrix value="0.9993218409756981 0.025193326144135764 0.026864272675394697 -0.016323851156961333 -0.025447403227150472 0.9996341435433845 0.009158262418674097 -0.019558437866435574 -0.02662371659512754 -0.009835669127263398 0.9995971823567763 -0.01333312404203868 0.0 0.0 0.0 1.0"/>
                <scale value="1"/>
            </transform>
            <transform time="0.0015">
                <matrix value="0.999323388798707 0.02512949989967875 0.026864076936929205 -0.01632349936676037 -0.025384433159637582 0.9996353750434306 0.009191223925226573 -0.01954713424508587 -0.026623366340333264 -0.0098669282779126 0.999596875983526 -0.013332933040984239 0.0 0.0 0.0 1.0"/>
                <scale value="1"/>
            </transform>
        </animation>
    </shape>
    <shape name="temp26" type="ply">
        <string name="filename" value="meshes/Cube_022.ply"/>
        <boolean name="face_normals" value="true"/>
        <ref id="mat-Material" name="bsdf"/>
        <animation name="to_world">
            <transform time="0">
                <matrix value="0.9993878839133588 0.031036621104953244 0.01614977251677343 -0.007509009984671855 -0.03115814047909054 0.9994877175271107 0.007327309665117647 -0.020299415930761233 -0.01591407858134451 -0.007826017942401595 0.9998427971051973 -0.011574824430256148 0.0 0.0 0.0 1.0"/>
                <scale value="1"/>
            </transform>
            <transform time="0.0015">
                <matrix value="0.9993794905638468 0.03128959073818187 0.016128083843759827 -0.007278148068173056 -0.03140857744407867 0.9994798404323043 0.007171791199098196 -0.020405809675049676 -0.015896344359328043 -0.007673787716228158 0.9998439460048861 -0.010934529630486273 0.0 0.0 0.0 1.0"/>
                <scale value="1"/>
            </transform>
        </animation>
    </shape>
    <shape name="temp27" type="ply">
        <string name="filename" value="meshes/Cube_023.ply"/>
        <boolean name="face_normals" value="true"/>
        <ref id="mat-Material" name="bsdf"/>
        <animation name="to_world">
            <transform time="0">
                <matrix value="0.9983427211817874 0.05753806137794808 0.0012656558717526964 0.04943492326262011 -0.0574384736900893 0.997513052148103 -0.040846252732139036 -0.036252677569736325 -0.003612721554109998 0.04070584848870413 0.9991648152972364 0.09413887833584866 0.0 0.0 0.0 1.0"/>
                <scale value="1"/>
            </transform>
            <transform time="0.0015">
                <matrix value="0.9982923291708388 0.05827748554397939 0.0013270523902912455 0.05006893044935448 -0.05816497713102546 0.9973870862135203 -0.04214363876979875 -0.03670788101320446 -0.003805090742150032 0.04199152552574715 0.9990881624120752 0.09530645919687462 0.0 0.0 0.0 1.0"/>
                <scale value="1"/>
            </transform>
        </animation>
    </shape>
    <shape name="temp28" type="ply">
        <string name="filename" value="meshes/Cube_024.ply"/>
        <boolean name="face_normals" value="true"/>
        <ref id="mat-Material" name="bsdf"/>
        <animation name="to_world">
            <transform time="0">
                <matrix value="0.9827783067122673 0.15703287076339684 0.09740655410781801 0.05384777950626596 -0.1283055155161012 0.9592195201314915 -0.2518638589835663 -0.16031218127891028 -0.13298516737673907 0.23502835700414876 0.9628483462491861 -0.0011895443057391708 0.0 0.0 0.0 1.0"/>
                <scale value="1"/>
            </transform>
            <transform time="0.0015">
                <matrix value="0.98251426725528 0.1584678071078438 0.09745328538989963 0.05358646593961773 -0.1292789637460926 0.9582660387300264 -0.2545106260036155 -0.1617213917065913 -0.1338184147560034 0.23744154892659589 0.9620407804027641 -0.0021277923208599028 0.0 0.0 0.0 1.0"/>
                <scale value="1"/>
            </transform>
        </animation>
    </shape>
    <shape name="temp29" type="ply">
        <string name="filename" value="meshes/Cube_025.ply"/>
        <boolean name="face_normals" value="true"/>
        <ref id="mat-Material" name="bsdf"/>
        <animation name="to_world">
            <transform time="0">
                <matrix value="0.9597519267694632 0.27993525550505505 0.022645868920680382 -0.011709180547963882 -0.21847907990220328 0.7948473477492737 -0.5661138640660658 -0.5055482084956991 -0.1764752396605127 0.5383811373254934 0.8240162053726985 -0.23764746922741087 0.0 0.0 0.0 1.0"/>
                <scale value="1"/>
            </transform>
            <transform time="0.0015">
                <matrix value="0.9594053899417971 0.28107281612681 0.022349506416295926 -0.012350093470824332 -0.2190944400769397 0.7931323037157065 -0.5681055880561534 -0.5071876713718484 -0.17747943212340295 0.5401332239793466 0.8225514944354028 -0.23960643986674576 0.0 0.0 0.0 1.0"/>
                <scale value="1"/>
            </transform>
        </animation>
    </shape>
    <shape name="temp30" type="ply">
        <string name="filename" value="meshes/Cube_026.ply"/>
        <boolean name="face_normals" value="true"/>
        <ref id="mat-Material" name="bsdf"/>
        <animation name="to_world">
            <transform time="0">
                <matrix value="0.944998200440759 0.3175335768204696 -0.07842852421704684 -0.033537739902793184 -0.290315312919417 0.7038715289003656 -0.6482917364229888 -0.8674008411650347 -0.15065081104273378 0.6354033911597899 0.7573420843732758 -0.2858933397983223 0.0 0.0 0.0 1.0"/>
                <scale value="1"/>
            </transform>
            <transform time="0.0015">
                <matrix value="0.9446967100497324 0.3182878555803484 -0.0788578450527473 -0.03438099546392852 -0.2908238828807043 0.7022479012177737 -0.6497210272083981 -0.8691655111263791 -0.1514681126536191 0.6367172365076411 0.7560002801715745 -0.2881834574165015 0.0 0.0 0.0 1.0"/>
                <scale value="1"/>
            </transform>
        </animation>
    </shape>
    <shape name="temp31" type="ply">
        <string name="filename" value="meshes/Cube_027.ply"/>
        <boolean name="face_normals" value="true"/>
        <ref id="mat-Material" name="bsdf"/>
        <animation name="to_world">
            <transform time="0">
                <matrix value="0.8502682495696128 0.48494481908460796 -0.2046279823043911 -0.3074566998277728 -0.4879269964026545 0.580385379925452 -0.651981867532567 -1.3904326985061286 -0.1974120919743204 0.6542026561095318 0.7301008320642844 -0.4835200038146227 0.0 0.0 0.0 1.0"/>
                <scale value="1"/>
            </transform>
            <transform time="0.0015">
                <matrix value="0.8499423929339002 0.4850257676851923 -0.2057039081401167 -0.3091856730361607 -0.4883946942623448 0.5788927943605593 -0.6528908088833792 -1.3921032545585041 -0.1976332822650631 0.6553894842422731 0.7289234822150709 -0.48542633348504316 0.0 0.0 0.0 1.0"/>
                <scale value="1"/>
            </transform>
        </animation>
    </shape>
    <shape name="temp32" type="ply">
        <string name="filename" value="meshes/Cube_028.ply"/>
        <boolean name="face_normals" value="true"/>
        <ref id="mat-Material" name="bsdf"/>
        <animation name="to_world">
            <transform time="0">
                <matrix value="-0.1274398654674333 0.9783842243697111 0.16285978778318388 -1.4736179782138175 -0.7909475078320719 -0.00117235510186203 -0.6118833095913623 -2.1206759259665975 -0.5984660308815004 -0.2067917684383102 0.7739996813390945 -1.292295256210254 0.0 0.0 0.0 1.0"/>
                <scale value="1"/>
            </transform>
            <transform time="0.0015">
                <matrix value="-0.1278148136236282 0.9783025398727578 0.1630417173254562 -1.4739875242130607 -0.7901782078827874 -0.0010884333297642294 -0.6128433727231408 -2.120385327519885 -0.5993670713128594 -0.20716826728804277 0.7731730352474707 -1.2947512243968744 0.0 0.0 0.0 1.0"/>
                <scale value="1"/>
            </transform>
        </animation>
    </shape>
    <shape name="temp33" type="ply">
        <string name="filename" value="meshes/Cube_029.ply"/>
        <boolean name="face_normals" value="true"/>
        <ref id="mat-Material" name="bsdf"/>
        <animation name="to_world">
            <transform time="0">
                <matrix value="0.043921585314178224 0.9905797177023214 0.12970132395568817 -1.6305978169777064 -0.9988240811166842 0.04621029862981125 -0.01468821110670365 -1.931077858855668 -0.020543382674942868 -0.12890359870093843 0.9914443801974469 -0.19307548993682988 0.0 0.0 0.0 1.0"/>
                <scale value="1"/>
            </transform>
            <transform time="0.0015">
                <matrix value="0.044818345456424824 0.9905342122737927 0.12965871679797084 -1.6288309364117348 -0.9987809973834476 0.04699709875279493 -0.013786986106616004 -1.9295674547174648 -0.01975026747404965 -0.12890436688663784 0.9914519033628163 -0.19138869190657565 0.0 0.0 0.0 1.0"/>
                <scale value="1"/>
            </transform>
        </animation>
    </shape>
    <shape name="temp34" type="ply">
        <string name="filename" value="meshes/Cube_030.ply"/>
        <boolean name="face_normals" value="true"/>
        <ref id="mat-Material" name="bsdf"/>
        <animation name="to_world">
            <transform time="0">
                <matrix value="0.09165091591021894 0.9748339309370608 -0.20322097463567093 -2.9061166473283504 -0.9645116815847912 0.13765205596951494 0.22531883594382837 -1.8841363423562385 0.24762218599835134 0.17535832733281123 0.9528551264725685 0.33664525967070125 0.0 0.0 0.0 1.0"/>
                <scale value="1"/>
            </transform>
            <transform time="0.0015">
                <matrix value="0.09159403341040703 0.9748312996161591 -0.2032589374701199 -2.9063279387395866 -0.9643828512970843 0.13769902884494206 0.22582471258720965 -1.882980301448638 0.24812952493706814 0.17533587688023616 0.9527234018374475 0.3376394737670887 0.0 0.0 0.0 1.0"/>
                <scale value="1"/>
            </transform>
        </animation>
    </shape>
    <shape name="temp35" type="ply">
        <string name="filename" value="meshes/Cube_031.ply"/>
        <boolean name="face_normals" value="true"/>
        <ref id="mat-Material" name="bsdf"/>
        <animation name="to_world">
            <transform time="0">
                <matrix value="0.11866417742413041 0.9880998617087625 0.09786459370025356 -2.023625943208499 -0.6006361397592668 -0.007051874857902103 0.7994916082021615 -0.4487042921824604 0.7906678226396963 -0.15365197330958255 0.5926513674760685 0.8472070247502499 0.0 0.0 0.0 1.0"/>
                <scale value="1"/>
            </transform>
            <transform time="0.0015">
                <matrix value="0.11875073743128414 0.9880649591952638 0.09810270784145407 -2.0230602567563047 -0.6014901550936449 -0.007017539960796562 0.7988300121887899 -0.4520361524847174 0.7899849295109584 -0.15387332568095957 0.5934769923235245 0.846465360270104 0.0 0.0 0.0 1.0"/>
                <scale value="1"/>
            </transform>
        </animation>
