
<scene version="2.1.0">
    <default name="spp" value="1024"/>
    <default name="resx" value="640"/>
    <default name="resy" value="360"/>
    <integrator name="temp0" type="path">
        <integer name="max_depth" value="12"/>
    </integrator>
    <sensor name="temp44" type="perspective">
        <string name="fov_axis" value="x"/>
        <float name="fov" value="83.974423"/>
        <float name="principal_point_offset_x" value="0.000000"/>
        <float name="principal_point_offset_y" value="-0.000000"/>
        <float name="near_clip" value="0.100000"/>
        <float name="far_clip" value="1000.000000"/>
        <sampler name="sampler" type="correlated">
            <integer name="sample_count" value="1024"/>
        </sampler>
        <film name="film" type="hdrfilm">
            <integer name="width" value="$resx"/>
            <integer name="height" value="$resy"/>
        </film>
        <float name="shutter_open" value="0.0"/>
        <float name="shutter_close" value="0.0015"/>
        <animation name="to_world">
            <transform time="0">
                <rotate angle="-142.5518126578256" x="1"/>
                <rotate angle="3.976628485794621e-06" y="1"/>
                <rotate angle="-179.999991348578" z="1"/>
                <translate value="-0.000000 3.030926 4.073377"/>
                <translate x="2.85" y="0.0" z="0.0"/>
            </transform>
            <transform time="0.0015">
                <rotate angle="-142.5518126578256" x="1"/>
                <rotate angle="3.976628485794621e-06" y="1"/>
                <rotate angle="-179.999991348578" z="1"/>
                <translate value="-0.000000 3.030926 4.073377"/>
                <translate x="3.0" y="0.0" z="0.0"/>
            </transform>
        </animation>
    </sensor>
    <bsdf id="mat-Material" name="mat-Material" type="twosided">
        <bsdf name="bsdf" type="diffuse">
            <texture name="reflectance" type="bitmap">
                <string name="filename" value="textures/siggraph_2023_logo.jpg"/>
            </texture>
        </bsdf>
    </bsdf>
    <bsdf id="mat-Material.001" name="mat-Material.001" type="twosided">
        <bsdf name="bsdf" type="principled">
            <rgb name="base_color" value="0.433648 0.266232 0.084399"/>
            <float name="spec_tint" value="0.000000"/>
            <float name="spec_trans" value="0.000000"/>
            <float name="metallic" value="0.000000"/>
            <float name="anisotropic" value="0.000000"/>
            <float name="roughness" value="0.500000"/>
            <float name="sheen" value="0.000000"/>
            <float name="sheen_tint" value="0.500000"/>
            <float name="clearcoat" value="0.000000"/>
            <float name="clearcoat_gloss" value="0.173205"/>
            <float name="specular" value="0.500000"/>
        </bsdf>
    </bsdf>
    <bsdf id="mat-Material.002" name="mat-Material.002" type="twosided">
        <bsdf name="bsdf" type="principled">
            <rgb name="base_color" value="0.433648 0.266232 0.084399"/>
            <float name="spec_tint" value="0.000000"/>
            <float name="spec_trans" value="0.000000"/>
            <float name="metallic" value="0.000000"/>
            <float name="anisotropic" value="0.000000"/>
            <float name="roughness" value="0.500000"/>
            <float name="sheen" value="0.000000"/>
            <float name="sheen_tint" value="0.500000"/>
            <float name="clearcoat" value="0.000000"/>
            <float name="clearcoat_gloss" value="0.173205"/>
            <float name="specular" value="0.500000"/>
        </bsdf>
    </bsdf>
    <bsdf id="mat-Material.003" name="mat-Material.003" type="twosided">
        <bsdf name="bsdf" type="principled">
            <rgb name="base_color" value="0.433648 0.266232 0.084399"/>
            <float name="spec_tint" value="0.000000"/>
            <float name="spec_trans" value="0.000000"/>
            <float name="metallic" value="0.000000"/>
            <float name="anisotropic" value="0.000000"/>
            <float name="roughness" value="0.500000"/>
            <float name="sheen" value="0.000000"/>
            <float name="sheen_tint" value="0.500000"/>
            <float name="clearcoat" value="0.000000"/>
            <float name="clearcoat_gloss" value="0.173205"/>
            <float name="specular" value="0.500000"/>
        </bsdf>
    </bsdf>
    <bsdf id="mat-Material.004" name="mat-Material.004" type="twosided">
        <bsdf name="bsdf" type="principled">
            <rgb name="base_color" value="0.433648 0.266232 0.084399"/>
            <float name="spec_tint" value="0.000000"/>
            <float name="spec_trans" value="0.000000"/>
            <float name="metallic" value="0.000000"/>
            <float name="anisotropic" value="0.000000"/>
            <float name="roughness" value="0.500000"/>
            <float name="sheen" value="0.000000"/>
            <float name="sheen_tint" value="0.500000"/>
            <float name="clearcoat" value="0.000000"/>
            <float name="clearcoat_gloss" value="0.173205"/>
            <float name="specular" value="0.500000"/>
        </bsdf>
    </bsdf>
    <bsdf id="mat-Material.005" name="mat-Material.005" type="twosided">
        <bsdf name="bsdf" type="principled">
            <rgb name="base_color" value="0.433648 0.266232 0.084399"/>
            <float name="spec_tint" value="0.000000"/>
            <float name="spec_trans" value="0.000000"/>
            <float name="metallic" value="0.000000"/>
            <float name="anisotropic" value="0.000000"/>
            <float name="roughness" value="0.500000"/>
            <float name="sheen" value="0.000000"/>
            <float name="sheen_tint" value="0.500000"/>
            <float name="clearcoat" value="0.000000"/>
            <float name="clearcoat_gloss" value="0.173205"/>
            <float name="specular" value="0.500000"/>
        </bsdf>
    </bsdf>
    <emitter name="temp45" type="point">
        <point name="position" x="-6.815235034541981e-16" y="3.0693089962005615" z="4.109199523925781"/>
        <rgb name="intensity" value="7.957747 7.957747 7.957747"/>
    </emitter>
    <shape name="temp2" type="ply">
        <string name="filename" value="meshes/Cube.ply"/>
        <boolean name="face_normals" value="true"/>
        <ref id="mat-Material" name="bsdf"/>
        <animation name="to_world">
            <transform time="0">
                <matrix value="1.0 0.00017819128410610254 0.00044888636523740473 -0.0012570638556881342 -0.0001783682341448193 0.9999997914159312 0.0003937235148581557 -0.017873713517141565 -0.0004488171665540834 -0.0003938046359895124 1.0 0.00109884620733669 0.0 0.0 0.0 1.0"/>
                <scale value="1"/>
            </transform>
            <transform time="0.0015">
                <matrix value="1.0 0.00017772675327777722 0.0004494336670076636 -0.0012579219109149669 -0.0001778672979827839 0.9999997388519049 0.0003148376793239878 -0.017770164318244953 -0.0004493775742249235 -0.00031491864779930484 0.9999999404274236 0.0010973071361190933 0.0 0.0 0.0 1.0"/>
                <scale value="1"/>
            </transform>
        </animation>
    </shape>
    <shape name="temp4" type="ply">
        <string name="filename" value="meshes/Plane.ply"/>
        <boolean name="face_normals" value="true"/>
        <ref id="mat-Material.001" name="bsdf"/>
        <transform name="to_world">
            <scale value="1"/>
        </transform>
    </shape>
    <shape name="temp5" type="ply">
        <string name="filename" value="meshes/Cube_001.ply"/>
        <boolean name="face_normals" value="true"/>
        <ref id="mat-Material" name="bsdf"/>
        <animation name="to_world">
            <transform time="0">
                <matrix value="1.0 -0.00015551152114103828 -6.565951224078661e-05 0.0005903154045898695 0.0001557230416274398 0.9999947853982809 0.0032355192494353696 -0.0212238933264291 6.515601203488486e-05 -0.0032355164437250614 0.9999947993027284 -5.7371614334167376e-05 0.0 0.0 0.0 1.0"/>
                <scale value="1"/>
            </transform>
            <transform time="0.0015">
                <matrix value="1.0 -0.00015260708835573164 -6.62276388817005e-05 0.000590423329139069 0.00015281581513638923 0.99999492056292 0.003178299534439432 -0.021162461054256003 6.573783391683734e-05 -0.003178297046831882 0.9999949354686175 -6.55650018856777e-05 0.0 0.0 0.0 1.0"/>
                <scale value="1"/>
            </transform>
        </animation>
    </shape>
    <shape name="temp6" type="ply">
        <string name="filename" value="meshes/Cube_002.ply"/>
        <boolean name="face_normals" value="true"/>
        <ref id="mat-Material" name="bsdf"/>
        <animation name="to_world">
            <transform time="0">
                <matrix value="1.0 -4.487707097907276e-07 -9.86182220139842e-05 -0.0005726017659615223 4.461887462834226e-07 1.0 -2.6199694482674823e-05 -0.01775862451437632 9.861806261047787e-05 2.6199619125490433e-05 1.0 -0.00029465742458434363 0.0 0.0 0.0 1.0"/>
                <scale value="1"/>
            </transform>
            <transform time="0.0015">
                <matrix value="1.0 -1.234756766189127e-06 -9.844027872811353e-05 -0.0005727636388805018 1.2207169863808557e-06 0.9999997897438946 -0.00014852066144320893 -0.017675876683949248 9.844285542864917e-05 0.00014852048628245522 0.9999997957511665 -0.00029430991874841966 0.0 0.0 0.0 1.0"/>
                <scale value="1"/>
            </transform>
        </animation>
    </shape>
    <shape name="temp7" type="ply">
        <string name="filename" value="meshes/Cube_003.ply"/>
        <boolean name="face_normals" value="true"/>
        <ref id="mat-Material" name="bsdf"/>
        <animation name="to_world">
            <transform time="0">
                <matrix value="1.0 0.00011774445531399204 0.0005215211944961493 -0.0007789552347650108 -0.00011840346295478762 0.9999991656637249 0.0012638710870071926 -0.017871110931947765 -0.0005213713173305534 -0.0012639318514130527 0.999999054418678 0.0013854254041494873 0.0 0.0 0.0 1.0"/>
                <scale value="1"/>
            </transform>
            <transform time="0.0015">
                <matrix value="1.0 0.00012784077327644428 0.0005216672324121444 -0.0007813303627645979 -0.00012853849631829577 0.9999989929533526 0.0013373365840170938 -0.017865104346686162 -0.0005214753565678506 -0.0013374026936083276 0.9999988927216849 0.0013847886266742646 0.0 0.0 0.0 1.0"/>
                <scale value="1"/>
            </transform>
        </animation>
    </shape>
    <shape name="temp8" type="ply">
        <string name="filename" value="meshes/Cube_004.ply"/>
        <boolean name="face_normals" value="true"/>
        <ref id="mat-Material" name="bsdf"/>
        <animation name="to_world">
            <transform time="0">
                <matrix value="1.0 -0.00037511341758739153 0.00010743482226144283 -0.0005835337169499688 0.00037534063085632426 0.9999977055752436 -0.002113430989820344 -0.01878256534748418 -0.00010664205791566715 0.0021134697334087016 0.9999978724420252 0.00038939894009434525 0.0 0.0 0.0 1.0"/>
                <scale value="1"/>
            </transform>
            <transform time="0.0015">
                <matrix value="1.0 -0.0003693867170991153 0.00010778173890524369 -0.0005841782451476742 0.00036961063794830506 0.9999977581392699 -0.002079319477231248 -0.018767594016797458 -0.00010700844517449856 0.002079357782866365 0.9999979235042336 0.00039486434977190396 0.0 0.0 0.0 1.0"/>
                <scale value="1"/>
            </transform>
        </animation>
    </shape>
    <shape name="temp9" type="ply">
        <string name="filename" value="meshes/Cube_005.ply"/>
        <boolean name="face_normals" value="true"/>
        <ref id="mat-Material" name="bsdf"/>
        <animation name="to_world">
            <transform time="0">
                <matrix value="1.0 0.00016965018365827257 0.0004652307383902707 -0.00038845202676807133 -0.00017078038817290662 0.9999970798230373 0.002430025800186374 -0.016409540632338016 -0.0004648181735980724 -0.0024301066073175465 0.9999969268607032 0.0011850449420535147 0.0 0.0 0.0 1.0"/>
                <scale value="1"/>
            </transform>
            <transform time="0.0015">
                <matrix value="1.0 0.00017138703425362983 0.00046537226581119134 -0.0003874906769940481 -0.00017251439673711077 0.9999970948413306 0.0024231907831786656 -0.016406848861582835 -0.0004649569989607236 -0.002423272382794003 0.9999969438814393 0.0011820919401217568 0.0 0.0 0.0 1.0"/>
                <scale value="1"/>
            </transform>
        </animation>
    </shape>
    <shape name="temp10" type="ply">
        <string name="filename" value="meshes/Cube_006.ply"/>
        <boolean name="face_normals" value="true"/>
        <ref id="mat-Material" name="bsdf"/>
        <animation name="to_world">
            <transform time="0">
                <matrix value="1.0 -0.0001523345771896634 -0.00020513441202098622 -0.0006064475018319193 0.00015262921810480702 0.9999989570796561 0.0014366547980451051 -0.017187087525354916 0.0002049152788784934 -0.0014366874346871134 0.999999054418678 -0.0005215251417147737 0.0 0.0 0.0 1.0"/>
                <scale value="1"/>
            </transform>
            <transform time="0.0015">
                <matrix value="1.0 -0.00013822273556199184 -0.00020526203350048865 -0.0006063370697481311 0.00013850177475164863 0.9999989871162426 0.0013609689460070506 -0.017203261445649952 0.00020504504070022664 -0.0013609986158541216 0.9999990799497822 -0.0005231123041945626 0.0 0.0 0.0 1.0"/>
                <scale value="1"/>
            </transform>
        </animation>
    </shape>
    <shape name="temp11" type="ply">
        <string name="filename" value="meshes/Cube_007.ply"/>
        <boolean name="face_normals" value="true"/>
        <ref id="mat-Material" name="bsdf"/>
        <animation name="to_world">
            <transform time="0">
                <matrix value="0.9999995567588077 0.0009776877621641014 -1.7318250996051724e-05 0.0004152327596576022 -0.00097773688139043 0.9999945768142122 -0.0031573196740959414 -0.018443840138650858 1.4231277935276148e-05 0.0031573224480260648 0.9999950356980589 -0.00016402306526397403 0.0 0.0 0.0 1.0"/>
                <scale value="1"/>
            </transform>
            <transform time="0.0015">
                <matrix value="0.9999995727157459 0.0009651115935846393 -1.7279649668582587e-05 0.0004163315974110262 -0.0009651601013811467 0.9999946894514116 -0.0031161681297324512 -0.018434684708037864 1.4258243565200768e-05 0.00311617119816594 0.9999951463328438 -0.00016061895062803746 0.0 0.0 0.0 1.0"/>
                <scale value="1"/>
            </transform>
        </animation>
    </shape>
    <shape name="temp12" type="ply">
        <string name="filename" value="meshes/Cube_008.ply"/>
        <boolean name="face_normals" value="true"/>
        <ref id="mat-Material" name="bsdf"/>
        <animation name="to_world">
            <transform time="0">
                <matrix value="1.0 0.0007532867634635803 8.703059570204922e-05 3.091491095030818e-05 -0.000753195325755682 0.9999991656637249 -0.0010584435447763489 -0.017403471407262505 -8.78277990238056e-05 0.0010583764233255393 0.9999995272093389 0.0002602967999572048 0.0 0.0 0.0 1.0"/>
                <scale value="1"/>
            </transform>
            <transform time="0.0015">
                <matrix value="1.0 0.0007065049301919399 8.721446220409312e-05 3.379000088929366e-05 -0.0007064186783032123 0.9999991806820181 -0.0009997436214628692 -0.017434997158015855 -8.79942139326664e-05 0.0009996807282064903 0.9999995442300751 0.00026353733440068514 0.0 0.0 0.0 1.0"/>
                <scale value="1"/>
            </transform>
        </animation>
    </shape>
    <shape name="temp13" type="ply">
        <string name="filename" value="meshes/Cube_009.ply"/>
        <boolean name="face_normals" value="true"/>
        <ref id="mat-Material" name="bsdf"/>
        <animation name="to_world">
            <transform time="0">
                <matrix value="1.0 -0.00020180633803551352 0.00028399825823920464 0.0006608966951953121 0.0002016791749331149 0.9999997914159312 0.0004470850328187637 -0.01754224384150871 -0.0002840892368627743 -0.0004470269469758439 1.0 0.00046411351917874377 0.0 0.0 0.0 1.0"/>
                <scale value="1"/>
            </transform>
            <transform time="0.0015">
                <matrix value="0.999999936172247 -0.00026208686858570566 0.00028424037821065334 0.0006620236305795519 0.0002619534773004538 0.999999716324465 0.0004678008856588583 -0.017635264630665476 -0.00028439712598603344 -0.0004677251587245091 0.9999999829792638 0.0004648102527518978 0.0 0.0 0.0 1.0"/>
                <scale value="1"/>
            </transform>
        </animation>
    </shape>
    <shape name="temp14" type="ply">
        <string name="filename" value="meshes/Cube_010.ply"/>
        <boolean name="face_normals" value="true"/>
        <ref id="mat-Material" name="bsdf"/>
        <animation name="to_world">
            <transform time="0">
                <matrix value="0.9999991135176153 -0.0003080056651433077 0.0013451508935034308 0.0024373084467681494 0.0003077100032445255 1.0 0.0002199854758708922 -0.017939172233459477 -0.0013452192891475053 -0.00021957227750858845 0.999999054418678 0.0022342561274237838 0.0 0.0 0.0 1.0"/>
                <scale value="1"/>
            </transform>
            <transform time="0.0015">
                <matrix value="0.9999991135176153 -0.00031624560191447496 0.0013472934637674704 0.0024431431802243828 0.0003159492566039953 0.9999999924908534 0.00022012182047766128 -0.017953407570150185 -0.00134736374207701 -0.0002196963286107826 0.9999990544186781 0.002237930414084507 0.0 0.0 0.0 1.0"/>
                <scale value="1"/>
            </transform>
        </animation>
    </shape>
    <shape name="temp15" type="ply">
        <string name="filename" value="meshes/Cube_011.ply"/>
        <boolean name="face_normals" value="true"/>
        <ref id="mat-Material" name="bsdf"/>
        <animation name="to_world">
            <transform time="0">
                <matrix value="0.9999991135176153 -0.0014262728321336273 -0.00028092039103569996 -0.00042115723649072123 0.0014261639956952416 0.9999989570796561 -0.0003933500102359178 -0.02041598966864061 0.00028148164892815414 0.0003929494413075718 1.0 -0.0004445355517175287 0.0 0.0 0.0 1.0"/>
                <scale value="1"/>
            </transform>
            <transform time="0.0015">
                <matrix value="0.9999991454314917 -0.0013853995708814461 -0.0002811588515488807 -0.00042481117949808353 0.0013852956918494522 0.9999989946253892 -0.0003757137447149212 -0.020331528215538366 0.00028169891859917235 0.00037532458810661995 1.0 -0.0004433516478279507 0.0 0.0 0.0 1.0"/>
                <scale value="1"/>
            </transform>
        </animation>
    </shape>
    <shape name="temp16" type="ply">
        <string name="filename" value="meshes/Cube_012.ply"/>
        <boolean name="face_normals" value="true"/>
        <ref id="mat-Material" name="bsdf"/>
        <animation name="to_world">
            <transform time="0">
                <matrix value="0.9999995567588077 0.0008812760338990828 -0.00012777025777965212 -0.0005282559669825826 -0.0008811767876360528 0.9999991656637249 0.000784246236940931 -0.015597149010817324 0.00012846149209169065 -0.0007841342613933833 0.9999997636046695 -0.00012191109370474074 0.0 0.0 0.0 1.0"/>
                <scale value="1"/>
            </transform>
            <transform time="0.0015">
                <matrix value="0.9999995727157459 0.0008253698365671453 -0.00012782718363163877 -0.0005274011963622523 -0.0008252785160104902 0.9999991731728716 0.0007222808854009184 -0.015749997700375103 0.00012851619247596286 -0.0007221761424329741 0.9999997550943014 -0.00012393067248261318 0.0 0.0 0.0 1.0"/>
                <scale value="1"/>
            </transform>
        </animation>
    </shape>
    <shape name="temp17" type="ply">
        <string name="filename" value="meshes/Cube_013.ply"/>
        <boolean name="face_normals" value="true"/>
        <ref id="mat-Material" name="bsdf"/>
        <animation name="to_world">
            <transform time="0">
                <matrix value="1.0 -0.0005703189041827363 4.927802502102737e-05 -0.00039676871810989667 0.0005703893607930117 0.9999987484955875 -0.001425752245401047 -0.019884713555179734 -4.846487845440023e-05 0.0014257805737313398 0.999999054418678 -4.729721393204045e-06 0.0 0.0 0.0 1.0"/>
                <scale value="1"/>
            </transform>
            <transform time="0.0015">
                <matrix value="0.9999999840430618 -0.0005905158803943883 4.945927884007532e-05 -0.0003961506414566135 0.0005905894084750494 0.9999986133309483 -0.0014793410118620607 -0.01996554571358884 -4.855671063394706e-05 0.0014793708000621442 0.9999989352735251 -4.597861550610148e-06 0.0 0.0 0.0 1.0"/>
                <scale value="1"/>
            </transform>
        </animation>
    </shape>
    <shape name="temp18" type="ply">
        <string name="filename" value="meshes/Cube_014.ply"/>
        <boolean name="face_normals" value="true"/>
        <ref id="mat-Material" name="bsdf"/>
        <animation name="to_world">
            <transform time="0">
                <matrix value="1.0 0.0007079072134628502 -2.191774766311396e-05 -0.00011447377683515558 -0.0007078295897182227 0.9999941596460746 0.0033273824748794503 -0.014314723862749124 2.4273084444539004e-05 -0.0033273580950434166 0.9999945629073977 8.372848787385756e-05 0.0 0.0 0.0 1.0"/>
                <scale value="1"/>
            </transform>
            <transform time="0.0015">
                <matrix value="1.0 0.0007055030099889096 -2.198116267075016e-05 -0.00011409049401507468 -0.0007054255174036222 0.9999942047009543 0.003312676558863164 -0.01433063147131434 2.431907712761595e-05 -0.003312652107207579 0.9999946054592381 8.069388606697834e-05 0.0 0.0 0.0 1.0"/>
                <scale value="1"/>
            </transform>
        </animation>
    </shape>
    <shape name="temp19" type="ply">
        <string name="filename" value="meshes/Cube_015.ply"/>
        <boolean name="face_normals" value="true"/>
        <ref id="mat-Material" name="bsdf"/>
        <animation name="to_world">
            <transform time="0">
                <matrix value="1.0 -0.0002394023649261717 -3.3218271846119874e-05 0.0005287242793829972 0.00023940033012604008 1.0 -4.9139260962006065e-05 -0.018039791903445623 3.323005813551479e-05 4.913135164562401e-05 1.0 -8.344121906189716e-05 0.0 0.0 0.0 1.0"/>
                <scale value="1"/>
            </transform>
            <transform time="0.0015">
                <matrix value="1.0 -0.00023936068916242004 -3.328128261127299e-05 0.0005283600200701014 0.00023935869847418296 1.0 -4.896694302942634e-05 -0.01803966062464676 3.329302102240548e-05 4.8959016730650905e-05 1.0 -8.346804309571117e-05 0.0 0.0 0.0 1.0"/>
                <scale value="1"/>
            </transform>
        </animation>
    </shape>
    <shape name="temp20" type="ply">
        <string name="filename" value="meshes/Cube_016.ply"/>
        <boolean name="face_normals" value="true"/>
        <ref id="mat-Material" name="bsdf"/>
        <animation name="to_world">
            <transform time="0">
                <matrix value="0.9999995567588077 -0.001005177056586772 0.00033164137315428436 0.0005415257366445658 0.0010063613975926685 0.9999931167257308 -0.0035873464198636377 -0.018965785854140493 -0.00032803438487873804 0.003587666841182004 0.9999936173260756 0.0003391396179163453 0.0 0.0 0.0 1.0"/>
                <scale value="1"/>
            </transform>
            <transform time="0.0015">
                <matrix value="0.9999995727157459 -0.0009933561579745427 0.0003316246077291963 0.0005407398932643252 0.0009945229451155542 0.9999932744178098 -0.0035339846249189174 -0.018950223195063315 -0.0003280961541866487 0.0035343015137925264 0.9999937705127008 0.0003438226747332755 0.0 0.0 0.0 1.0"/>
                <scale value="1"/>
            </transform>
        </animation>
    </shape>
    <shape name="temp21" type="ply">
        <string name="filename" value="meshes/Cube_017.ply"/>
        <boolean name="face_normals" value="true"/>
        <ref id="mat-Material" name="bsdf"/>
        <animation name="to_world">
            <transform time="0">
                <matrix value="1.0 0.0008581211164253698 0.0001071163977512185 0.00040146389869566423 -0.0008583542986417317 0.9999970798230373 0.0022031051945037143 -0.01761737883282305 -0.00010522545906490292 -0.0022031942564290827 0.9999976360466947 0.00014577842492036197 0.0 0.0 0.0 1.0"/>
                <scale value="1"/>
            </transform>
            <transform time="0.0015">
                <matrix value="1.0 0.0008566371588699456 0.00010732967608529498 0.00040219819573195044 -0.0008568704629551878 0.9999970948413306 0.002199249572251875 -0.017617392850656312 -0.00010544517014747118 -0.0021993387601875235 0.9999976445570627 0.000143951833055878 0.0 0.0 0.0 1.0"/>
                <scale value="1"/>
            </transform>
        </animation>
    </shape>
    <shape name="temp22" type="ply">
        <string name="filename" value="meshes/Cube_018.ply"/>
        <boolean name="face_normals" value="true"/>
        <ref id="mat-Material" name="bsdf"/>
        <animation name="to_world">
            <transform time="0">
                <matrix value="1.0 -0.0003747296229008621 -0.0002844024942544115 0.000692997086831515 0.00037484996285638806 0.9999997914159312 0.00042143613945622453 -0.0177516930966522 0.00028424437128009826 -0.0004215442312947022 1.0 -0.0002531660675056946 0.0 0.0 0.0 1.0"/>
                <scale value="1"/>
            </transform>
            <transform time="0.0015">
                <matrix value="0.9999999521291854 -0.0004266697142614992 -0.00028406182422077036 0.0006937511304027456 0.00042677699934933925 0.9999997238336117 0.00037479047167734443 -0.01775289572473792 0.00028396659289929 -0.00037491265604696646 0.9999999829792638 -0.00025371513510209076 0.0 0.0 0.0 1.0"/>
                <scale value="1"/>
            </transform>
        </animation>
    </shape>
    <shape name="temp23" type="ply">
        <string name="filename" value="meshes/Cube_019.ply"/>
        <boolean name="face_normals" value="true"/>
        <ref id="mat-Material" name="bsdf"/>
        <animation name="to_world">
            <transform time="0">
                <matrix value="0.9999574488455341 0.00701894151928464 -0.006043493904073612 0.003638231796909114 -0.006982888230527971 0.9999578660181093 0.00596612171239104 -0.017970705596324132 0.006085112060238251 -0.00592365405915027 0.9999640679097593 -0.0010386692620137916 0.0 0.0 0.0 1.0"/>
                <scale value="1"/>
            </transform>
            <transform time="0.0015">
                <matrix value="0.9999582147785694 0.006855380741773386 -0.006044428342487146 0.0036401411122843792 -0.0068195914669678245 0.9999588722437567 0.005921795460324589 -0.017965406171358177 0.006084966852100306 -0.005880318248354896 0.9999642976896972 -0.001039814011190373 0.0 0.0 0.0 1.0"/>
                <scale value="1"/>
            </transform>
        </animation>
    </shape>
    <shape name="temp24" type="ply">
        <string name="filename" value="meshes/Cube_020.ply"/>
        <boolean name="face_normals" value="true"/>
        <ref id="mat-Material" name="bsdf"/>
        <animation name="to_world">
            <transform time="0">
                <matrix value="0.9999895042342198 0.0005322850614333574 0.0045580810125338475 -0.003130660870068691 -0.0005616654345245671 0.9999790351077649 0.006446524293117896 -0.014176122012159675 -0.004554546669576788 -0.006449008457152894 0.999968795812754 -0.00029817832881495754 0.0 0.0 0.0 1.0"/>
                <scale value="1"/>
            </transform>
            <transform time="0.0015">
                <matrix value="0.9999892745846327 0.00039672730568402235 0.004567753896877609 -0.003137960988110189 -0.00042646490703741636 0.9999784139134598 0.006507027903948233 -0.014209482302288575 -0.004565285955479464 -0.006508862910140814 0.9999683107217662 -0.0002960329434812051 0.0 0.0 0.0 1.0"/>
                <scale value="1"/>
            </transform>
        </animation>
    </shape>
    <shape name="temp25" type="ply">
        <string name="filename" value="meshes/Cube_021.ply"/>
        <boolean name="face_normals" value="true"/>
        <ref id="mat-Material" name="bsdf"/>
        <animation name="to_world">
            <transform time="0">
                <matrix value="0.9994463917507495 0.023130596571295077 0.023929235530596414 -0.014998963455607583 -0.02338117235522413 0.9996741916845876 0.01024532634611775 -0.01915540141489208 -0.023684460141092538 -0.010799154400185224 0.9996612454913502 -0.011360959174639973 0.0 0.0 0.0 1.0"/>
                <scale value="1"/>
            </transform>
            <transform time="0.0015">
                <matrix value="0.9994421152913022 0.023276470004487192 0.02395406027424196 -0.01501403297708973 -0.023525492968264925 0.999671225571672 0.010169095575212495 -0.019183242591971947 -0.023709781568101346 -0.010727064039504923 0.9996613391053989 -0.011380380608716 0.0 0.0 0.0 1.0"/>
                <scale value="1"/>
            </transform>
        </animation>
    </shape>
    <shape name="temp26" type="ply">
        <string name="filename" value="meshes/Cube_022.ply"/>
        <boolean name="face_normals" value="true"/>
        <ref id="mat-Material" name="bsdf"/>
        <animation name="to_world">
            <transform time="0">
                <matrix value="0.9992003928889929 0.03658585424562443 0.016138496459507136 -0.007856078426355384 -0.03661552106548091 0.9993281507145048 0.0015461129279405572 -0.021968874375706382 -0.01607109677373601 -0.002135794486288726 0.9998688005915557 -0.011733575461872148 0.0 0.0 0.0 1.0"/>
                <scale value="1"/>
            </transform>
            <transform time="0.0015">
                <matrix value="0.9991981748745781 0.03664472370239631 0.016139776418864108 -0.007858428901742417 -0.03667346980366977 0.9993260256260107 0.0014884337466831595 -0.02198553947392649 -0.01607445459224896 -0.002079145709447347 0.9998688176122918 -0.01173645998606591 0.0 0.0 0.0 1.0"/>
                <scale value="1"/>
            </transform>
        </animation>
    </shape>
    <shape name="temp27" type="ply">
        <string name="filename" value="meshes/Cube_023.ply"/>
        <boolean name="face_normals" value="true"/>
        <ref id="mat-Material" name="bsdf"/>
        <animation name="to_world">
            <transform time="0">
                <matrix value="0.9994366404445177 0.03200075924601031 0.01011244853082666 -0.002777034749426921 -0.03206348277653375 0.9994672762883717 0.006102309062309554 -0.020574756089978052 -0.009911795002721501 -0.00642311486933251 0.9999302633774936 -0.008941081310004428 0.0 0.0 0.0 1.0"/>
                <scale value="1"/>
            </transform>
            <transform time="0.0015">
                <matrix value="0.9994375180761207 0.031973555860543075 0.010112336193968204 -0.002775650074410636 -0.032036815700923524 0.9994677418554623 0.006156671591435035 -0.020556790990971067 -0.009910154469901483 -0.006477180049187152 0.9999298974316667 -0.008938239854724384 0.0 0.0 0.0 1.0"/>
                <scale value="1"/>
            </transform>
        </animation>
    </shape>
    <shape name="temp28" type="ply">
        <string name="filename" value="meshes/Cube_024.ply"/>
        <boolean name="face_normals" value="true"/>
        <ref id="mat-Material" name="bsdf"/>
        <animation name="to_world">
            <transform time="0">
                <matrix value="0.999455699815789 0.031948404644750045 0.00823603695520923 -0.0010707663482560914 -0.03199467401383267 0.9994724908900908 0.0055486948377406085 -0.021482122697557282 -0.008054428245456335 -0.005809174778848742 0.9999508297712497 -0.007910778466305779 0.0 0.0 0.0 1.0"/>
                <scale value="1"/>
            </transform>
            <transform time="0.0015">
                <matrix value="0.9994564657488243 0.03192462918471572 0.008235452292923166 -0.0010692258410419308 -0.031971386936879544 0.9994728438199821 0.00561007331429886 -0.021448661426661363 -0.008052058161420177 -0.005870315452107889 0.9999504382943187 -0.007907033250355591 0.0 0.0 0.0 1.0"/>
                <scale value="1"/>
            </transform>
        </animation>
    </shape>
    <shape name="temp29" type="ply">
        <string name="filename" value="meshes/Cube_025.ply"/>
        <boolean name="face_normals" value="true"/>
        <ref id="mat-Material" name="bsdf"/>
        <animation name="to_world">
            <transform time="0">
                <matrix value="0.9995217427534497 0.03063040363103147 0.004326034548704767 0.0010590036075739384 -0.03066766307286708 0.9994906377040735 0.008826316095543428 -0.019930168789474845 -0.004053471730963234 -0.008954760201325344 0.9999517753525718 -0.0047622487967659 0.0 0.0 0.0 1.0"/>
                <scale value="1"/>
            </transform>
            <transform time="0.0015">
                <matrix value="0.9995226203850527 0.030601374772020445 0.00432566690080436 0.001060216018835718 -0.03063906329289774 0.999490389902235 0.00893397225156543 -0.01984088351559338 -0.0040501493368531654 -0.00906224079457743 0.9999506604943553 -0.0047598430181559435 0.0 0.0 0.0 1.0"/>
                <scale value="1"/>
            </transform>
        </animation>
    </shape>
    <shape name="temp30" type="ply">
        <string name="filename" value="meshes/Cube_026.ply"/>
        <boolean name="face_normals" value="true"/>
        <ref id="mat-Material" name="bsdf"/>
        <animation name="to_world">
            <transform time="0">
                <matrix value="0.9995833532791869 0.026409475557075904 0.01166353285256827 0.007956247189138121 -0.026627927386454902 0.9994649818636152 0.01898791121558734 -0.006956647227326862 -0.011155840057302222 -0.01929057846619791 0.9997517849029431 -0.014624016345936242 0.0 0.0 0.0 1.0"/>
                <scale value="1"/>
            </transform>
            <transform time="0.0015">
                <matrix value="0.9995839117720252 0.02638760216388091 0.011664845151323891 0.007957458246373936 -0.026606608438263773 0.9994646214245774 0.01903502206008465 -0.0068895290730775225 -0.011156346849660591 -0.019337465878071055 0.9997508402520879 -0.014626712668349804 0.0 0.0 0.0 1.0"/>
                <scale value="1"/>
            </transform>
        </animation>
    </shape>
    <shape name="temp31" type="ply">
        <string name="filename" value="meshes/Cube_027.ply"/>
        <boolean name="face_normals" value="true"/>
        <ref id="mat-Material" name="bsdf"/>
        <animation name="to_world">
            <transform time="0">
                <matrix value="0.9993346949702763 0.03258677618720838 0.016382905591742426 0.017191332130240378 -0.032732120980024 0.9994263938108936 0.008683036885709003 -0.02587432413786156 -0.016090559494492285 -0.009213500395266812 0.9998281405947045 -0.02390958864761572 0.0 0.0 0.0 1.0"/>
                <scale value="1"/>
            </transform>
            <transform time="0.0015">
                <matrix value="0.9993333386305263 0.032623531958093366 0.01639162871900903 0.01720031692089402 -0.03276807658938127 0.9994256278779382 0.008628969666355376 -0.025985943040703015 -0.016100762679939 -0.009160343071238761 0.9998284299472188 -0.0239252354949818 0.0 0.0 0.0 1.0"/>
                <scale value="1"/>
            </transform>
        </animation>
    </shape>
    <shape name="temp32" type="ply">
        <string name="filename" value="meshes/Cube_028.ply"/>
        <boolean name="face_normals" value="true"/>
        <ref id="mat-Material" name="bsdf"/>
        <animation name="to_world">
            <transform time="0">
                <matrix value="0.9994277756206706 -0.01925085571614211 0.02781150876482967 0.03705256517790523 0.017883620819570695 0.9986581786856283 0.048600090492132535 0.1091932381906876 -0.028709778077999813 -0.048074915054138 0.9984310441912703 -0.05031185901829249 0.0 0.0 0.0 1.0"/>
                <scale value="1"/>
            </transform>
            <transform time="0.0015">
                <matrix value="0.9994269618168207 -0.019225530593519415 0.02785697795932725 0.037112100688266515 0.017856622797061458 0.9986594552405541 0.04858355484698228 0.10912411759496879 -0.02875368598709626 -0.04805832059101822 0.9984305505899225 -0.05038577947396555 0.0 0.0 0.0 1.0"/>
                <scale value="1"/>
            </transform>
        </animation>
    </shape>
    <shape name="temp33" type="ply">
        <string name="filename" value="meshes/Cube_029.ply"/>
        <boolean name="face_normals" value="true"/>
        <ref id="mat-Material" name="bsdf"/>
        <animation name="to_world">
            <transform time="0">
                <matrix value="0.9364325643985129 -0.3505743362333472 0.013853097322539209 -0.10166532732111033 0.34801800268426863 0.9331596523320742 0.08998085670613366 0.8593940766923128 -0.044472161793673 -0.07943984748332893 0.995847243228574 -0.09703379002824808 0.0 0.0 0.0 1.0"/>
                <scale value="1"/>
            </transform>
            <transform time="0.0015">
                <matrix value="0.9360581507997489 -0.35152764492444005 0.013972106309559893 -0.10178846380790979 0.3489519191954748 0.9327829710100788 0.09011587880170542 0.8615074633146774 -0.044713441869654535 -0.07947374902758292 0.9958329287894887 -0.09782910125645748 0.0 0.0 0.0 1.0"/>
                <scale value="1"/>
            </transform>
        </animation>
    </shape>
    <shape name="temp34" type="ply">
        <string name="filename" value="meshes/Cube_030.ply"/>
        <boolean name="face_normals" value="true"/>
        <ref id="mat-Material" name="bsdf"/>
        <animation name="to_world">
            <transform time="0">
                <matrix value="0.9934645470303964 -0.11401132276247489 -0.005407266487369071 -0.02918576462969913 0.1137627461417067 0.9929197908230583 -0.03417857169798494 0.24380279806379568 0.00926571628257151 0.033340053592131956 0.9994012849133087 0.02225918827046125 0.0 0.0 0.0 1.0"/>
                <scale value="1"/>
            </transform>
            <transform time="0.0015">
                <matrix value="0.9933932070450447 -0.11458845458662546 -0.005467302268565213 -0.02935749512993192 0.11433289190668493 0.9928344810384184 -0.03456382116068411 0.24456347917430163 0.009394547989554242 0.03370872004677125 0.999385668073696 0.021794589070488098 0.0 0.0 0.0 1.0"/>
                <scale value="1"/>
            </transform>
        </animation>
    </shape>
    <shape name="temp35" type="ply">
        <string name="filename" value="meshes/Cube_031.ply"/>
        <boolean name="face_normals" value="true"/>
        <ref id="mat-Material" name="bsdf"/>
        <animation name="to_world">
            <transform time="0">
                <matrix value="0.9997606497561287 -0.000690254743723184 -0.021871745131792762 -0.029401064875663074 0.0015825439207697504 0.9991658723090048 0.04080547453762255 0.0698558657493345 0.021825342581117572 -0.0408303106025368 0.9989277107807145 0.05581991914400697 0.0 0.0 0.0 1.0"/>
                <scale value="1"/>
            </transform>
            <transform time="0.0015">
                <matrix value="0.9997596604259581 -0.0005158747126675983 -0.02190256542974009 -0.028817372889812023 0.0014142922087486344 0.9991566435678064 0.041013601545909294 0.06968030821038936 0.021863906990307005 -0.04103456614888503 0.9989179238574398 0.05363826896204207 0.0 0.0 0.0 1.0"/>
                <scale value="1"/>
