
<scene version="2.1.0">
    <default name="spp" value="1024"/>
    <default name="resx" value="640"/>
    <default name="resy" value="360"/>
    <integrator name="temp0" type="path">
        <integer name="max_depth" value="12"/>
    </integrator>
    <sensor name="temp44" type="perspective">
        <string name="fov_axis" value="x"/>
        <float name="fov" value="83.974423"/>
        <float name="principal_point_offset_x" value="0.000000"/>
        <float name="principal_point_offset_y" value="-0.000000"/>
        <float name="near_clip" value="0.100000"/>
        <float name="far_clip" value="1000.000000"/>
        <sampler name="sampler" type="correlated">
            <integer name="sample_count" value="1024"/>
        </sampler>
        <film name="film" type="hdrfilm">
            <integer name="width" value="$resx"/>
            <integer name="height" value="$resy"/>
        </film>
        <float name="shutter_open" value="0.0"/>
        <float name="shutter_close" value="0.0015"/>
        <animation name="to_world">
            <transform time="0">
                <rotate angle="-142.5518126578256" x="1"/>
                <rotate angle="3.976628485794621e-06" y="1"/>
                <rotate angle="-179.999991348578" z="1"/>
                <translate value="-0.000000 3.030926 4.073377"/>
            </transform>
            <transform time="0.0015">
                <rotate angle="-142.5518126578256" x="1"/>
                <rotate angle="3.976628485794621e-06" y="1"/>
                <rotate angle="-179.999991348578" z="1"/>
                <translate value="-0.000000 3.030926 4.073377"/>
                <translate x="0.15" y="0.0" z="0.0"/>
            </transform>
        </animation>
    </sensor>
    <bsdf id="mat-Material" name="mat-Material" type="twosided">
        <bsdf name="bsdf" type="diffuse">
            <texture name="reflectance" type="bitmap">
                <string name="filename" value="textures/siggraph_2023_logo.jpg"/>
            </texture>
        </bsdf>
    </bsdf>
    <bsdf id="mat-Material.001" name="mat-Material.001" type="twosided">
        <bsdf name="bsdf" type="principled">
            <rgb name="base_color" value="0.433648 0.266232 0.084399"/>
            <float name="spec_tint" value="0.000000"/>
            <float name="spec_trans" value="0.000000"/>
            <float name="metallic" value="0.000000"/>
            <float name="anisotropic" value="0.000000"/>
            <float name="roughness" value="0.500000"/>
            <float name="sheen" value="0.000000"/>
            <float name="sheen_tint" value="0.500000"/>
            <float name="clearcoat" value="0.000000"/>
            <float name="clearcoat_gloss" value="0.173205"/>
            <float name="specular" value="0.500000"/>
        </bsdf>
    </bsdf>
    <bsdf id="mat-Material.002" name="mat-Material.002" type="twosided">
        <bsdf name="bsdf" type="principled">
            <rgb name="base_color" value="0.433648 0.266232 0.084399"/>
            <float name="spec_tint" value="0.000000"/>
            <float name="spec_trans" value="0.000000"/>
            <float name="metallic" value="0.000000"/>
            <float name="anisotropic" value="0.000000"/>
            <float name="roughness" value="0.500000"/>
            <float name="sheen" value="0.000000"/>
            <float name="sheen_tint" value="0.500000"/>
            <float name="clearcoat" value="0.000000"/>
            <float name="clearcoat_gloss" value="0.173205"/>
            <float name="specular" value="0.500000"/>
        </bsdf>
    </bsdf>
    <bsdf id="mat-Material.003" name="mat-Material.003" type="twosided">
        <bsdf name="bsdf" type="principled">
            <rgb name="base_color" value="0.433648 0.266232 0.084399"/>
            <float name="spec_tint" value="0.000000"/>
            <float name="spec_trans" value="0.000000"/>
            <float name="metallic" value="0.000000"/>
            <float name="anisotropic" value="0.000000"/>
            <float name="roughness" value="0.500000"/>
            <float name="sheen" value="0.000000"/>
            <float name="sheen_tint" value="0.500000"/>
            <float name="clearcoat" value="0.000000"/>
            <float name="clearcoat_gloss" value="0.173205"/>
            <float name="specular" value="0.500000"/>
        </bsdf>
    </bsdf>
    <bsdf id="mat-Material.004" name="mat-Material.004" type="twosided">
        <bsdf name="bsdf" type="principled">
            <rgb name="base_color" value="0.433648 0.266232 0.084399"/>
            <float name="spec_tint" value="0.000000"/>
            <float name="spec_trans" value="0.000000"/>
            <float name="metallic" value="0.000000"/>
            <float name="anisotropic" value="0.000000"/>
            <float name="roughness" value="0.500000"/>
            <float name="sheen" value="0.000000"/>
            <float name="sheen_tint" value="0.500000"/>
            <float name="clearcoat" value="0.000000"/>
            <float name="clearcoat_gloss" value="0.173205"/>
            <float name="specular" value="0.500000"/>
        </bsdf>
    </bsdf>
    <bsdf id="mat-Material.005" name="mat-Material.005" type="twosided">
        <bsdf name="bsdf" type="principled">
            <rgb name="base_color" value="0.433648 0.266232 0.084399"/>
            <float name="spec_tint" value="0.000000"/>
            <float name="spec_trans" value="0.000000"/>
            <float name="metallic" value="0.000000"/>
            <float name="anisotropic" value="0.000000"/>
            <float name="roughness" value="0.500000"/>
            <float name="sheen" value="0.000000"/>
            <float name="sheen_tint" value="0.500000"/>
            <float name="clearcoat" value="0.000000"/>
            <float name="clearcoat_gloss" value="0.173205"/>
            <float name="specular" value="0.500000"/>
        </bsdf>
    </bsdf>
    <emitter name="temp45" type="point">
        <point name="position" x="-6.815235034541981e-16" y="3.0693089962005615" z="4.109199523925781"/>
        <rgb name="intensity" value="7.957747 7.957747 7.957747"/>
    </emitter>
    <shape name="temp2" type="ply">
        <string name="filename" value="meshes/Cube.ply"/>
        <boolean name="face_normals" value="true"/>
        <ref id="mat-Material" name="bsdf"/>
        <animation name="to_world">
            <transform time="0">
                <matrix value="1.0 0.00022281367393721204 0.0004147887027617121 -0.0011897345842997176 -0.0002229481035482344 1.0 0.0003249915725064666 -0.017683013222404453 -0.00041471684866150026 -0.0003250845286938674 1.0 0.001107870679611045 0.0 0.0 0.0 1.0"/>
                <scale value="1"/>
            </transform>
            <transform time="0.0015">
                <matrix value="1.0 0.00022241794191023675 0.0004150926931089932 -0.0011903396035816117 -0.00022254688229323433 1.0 0.0003117701965850676 -0.01766636801702974 -0.0004150237484545887 -0.0003118630315628639 1.0 0.0011042517908837904 0.0 0.0 0.0 1.0"/>
                <scale value="1"/>
            </transform>
        </animation>
    </shape>
    <shape name="temp4" type="ply">
        <string name="filename" value="meshes/Plane.ply"/>
        <boolean name="face_normals" value="true"/>
        <ref id="mat-Material.001" name="bsdf"/>
        <transform name="to_world">
            <scale value="1"/>
        </transform>
    </shape>
    <shape name="temp5" type="ply">
        <string name="filename" value="meshes/Cube_001.ply"/>
        <boolean name="face_normals" value="true"/>
        <ref id="mat-Material" name="bsdf"/>
        <animation name="to_world">
            <transform time="0">
                <matrix value="1.0 -0.00010562426083020631 -1.3968505522904108e-05 0.0006626824422699684 0.00010567002998083424 0.9999945768142122 0.0033183521732531923 -0.02118208482921463 1.3617920773296314e-05 -0.0033183430915913505 0.9999945629073977 0.00016236921610679467 0.0 0.0 0.0 1.0"/>
                <scale value="1"/>
            </transform>
            <transform time="0.0015">
                <matrix value="1.0 -0.0001014410001004905 -1.4301562181274342e-05 0.0006620738877261338 0.00010148557823951655 0.9999947645428777 0.0032185632567815 -0.021076982510026588 1.3963806557882413e-05 -0.003218554492681429 0.9999947586458633 0.0001530841651161279 0.0 0.0 0.0 1.0"/>
                <scale value="1"/>
            </transform>
        </animation>
    </shape>
    <shape name="temp6" type="ply">
        <string name="filename" value="meshes/Cube_002.ply"/>
        <boolean name="face_normals" value="true"/>
        <ref id="mat-Material" name="bsdf"/>
        <animation name="to_world">
            <transform time="0">
                <matrix value="1.0 -1.8860380081890104e-05 -0.00011808041318121451 -0.0004778958808078215 1.882338966042406e-05 1.0 -0.00031317180597995086 -0.01761112752704136 0.00011808610226106197 0.0003131681208452661 1.0 -0.00039954760571980774 0.0 0.0 0.0 1.0"/>
                <scale value="1"/>
            </transform>
            <transform time="0.0015">
                <matrix value="1.0 -1.9708260354411158e-05 -0.00011790074229062665 -0.00047892850114739923 1.966009331251024e-05 0.9999998272896277 -0.00041241478234027443 -0.017544235961415265 0.00011791089507923328 0.00041241065461284146 0.9999998383030068 -0.00039773124164725474 0.0 0.0 0.0 1.0"/>
                <scale value="1"/>
            </transform>
        </animation>
    </shape>
    <shape name="temp7" type="ply">
        <string name="filename" value="meshes/Cube_003.ply"/>
        <boolean name="face_normals" value="true"/>
        <ref id="mat-Material" name="bsdf"/>
        <animation name="to_world">
            <transform time="0">
                <matrix value="1.0 0.00032480711188240865 0.0005107462953305776 -0.0007372564292054129 -0.0003262627498328981 0.9999958283186247 0.0028522751395796226 -0.017761820318523136 -0.0005098204518578011 -0.0028524476297549345 0.999995981279381 0.0012246082102133071 0.0 0.0 0.0 1.0"/>
                <scale value="1"/>
            </transform>
            <transform time="0.0015">
                <matrix value="1.0 0.00031971268153969826 0.0005108272289308755 -0.0007373363238468524 -0.0003211448969894793 0.9999959334466774 0.0028060873296026387 -0.01776075723473921 -0.000509924331525716 -0.002806256991596838 0.9999960748934298 0.0012233012137907288 0.0 0.0 0.0 1.0"/>
                <scale value="1"/>
            </transform>
        </animation>
    </shape>
    <shape name="temp8" type="ply">
        <string name="filename" value="meshes/Cube_004.ply"/>
        <boolean name="face_normals" value="true"/>
        <ref id="mat-Material" name="bsdf"/>
        <animation name="to_world">
            <transform time="0">
                <matrix value="1.0 -0.000367418751290614 8.11656275515921e-05 -0.0005718690421678829 0.0003675905586080099 0.9999977055752436 -0.0021184094754813127 -0.018767108889959028 -8.038710912775452e-05 0.002118438205926708 0.9999978724420252 0.0002849552487209049 0.0 0.0 0.0 1.0"/>
                <scale value="1"/>
            </transform>
            <transform time="0.0015">
                <matrix value="1.0 -0.0003658899641298569 8.135122165835319e-05 -0.0005722557643232458 0.00036606103820729707 0.9999977281026834 -0.002105815747715074 -0.018763015401425647 -8.058004446796316e-05 0.0021058444659441504 0.9999978979731294 0.0002888135550947282 0.0 0.0 0.0 1.0"/>
                <scale value="1"/>
            </transform>
        </animation>
    </shape>
    <shape name="temp9" type="ply">
        <string name="filename" value="meshes/Cube_005.ply"/>
        <boolean name="face_normals" value="true"/>
        <ref id="mat-Material" name="bsdf"/>
        <animation name="to_world">
            <transform time="0">
                <matrix value="1.0 0.00022180829872575994 0.00044991704887851694 -0.000399488908408685 -0.00022286521744526415 0.9999970798230373 0.002350821544692192 -0.016279977933134182 -0.00044939338010414393 -0.0023509218372919113 0.9999971632560337 0.0010373700393305207 0.0 0.0 0.0 1.0"/>
                <scale value="1"/>
            </transform>
            <transform time="0.0015">
                <matrix value="1.0 0.0002140273660510043 0.00045003704506823314 -0.00039890185335636046 -0.0002150485229586033 0.99999718495109 0.0022712381823706824 -0.01633126539822848 -0.0004495322054667951 -0.0022713349528651603 0.9999972653804505 0.0010335115894277746 0.0 0.0 0.0 1.0"/>
                <scale value="1"/>
            </transform>
        </animation>
    </shape>
    <shape name="temp10" type="ply">
        <string name="filename" value="meshes/Cube_006.ply"/>
        <boolean name="face_normals" value="true"/>
        <ref id="mat-Material" name="bsdf"/>
        <animation name="to_world">
            <transform time="0">
                <matrix value="1.0 -0.0001203663570583806 -0.00019066843616451413 -0.0006191133454764852 0.00012063651208186842 0.9999989570796561 0.0014176769809101314 -0.01712830121894693 0.00019049752937359382 -0.0014177000269073449 0.999999054418678 -0.0004942736300260764 0.0 0.0 0.0 1.0"/>
                <scale value="1"/>
            </transform>
            <transform time="0.0015">
                <matrix value="1.0 -0.00011816886537264817 -0.00019079436408077165 -0.0006199916738869682 0.00011843688005994464 0.9999989720979494 0.0014056769364201058 -0.017130898789517377 0.00019062729119532706 -0.0014056995095079194 0.9999990714394141 -0.0004980066496397475 0.0 0.0 0.0 1.0"/>
                <scale value="1"/>
            </transform>
        </animation>
    </shape>
    <shape name="temp11" type="ply">
        <string name="filename" value="meshes/Cube_007.ply"/>
        <boolean name="face_normals" value="true"/>
        <ref id="mat-Material" name="bsdf"/>
        <animation name="to_world">
            <transform time="0">
                <matrix value="0.9999995567588077 -0.0009892996372723045 -1.3814375767398343e-05 0.00046466581887782965 0.0009893320709824175 0.9999960369026935 0.002606991344621368 -0.017462401942999473 1.1235233419676718e-05 -0.0026070046701972996 0.9999966904653725 7.957279855519417e-05 0.0 0.0 0.0 1.0"/>
                <scale value="1"/>
            </transform>
            <transform time="0.0015">
                <matrix value="0.9999995567588077 -0.000992190883996143 -1.3854810228148677e-05 0.00046399185594403133 0.000992223468190738 0.9999960218844002 0.0026125367004525093 -0.017465157135946492 1.1262197453907515e-05 -0.002612550174977589 0.9999966734446365 7.756669798469574e-05 0.0 0.0 0.0 1.0"/>
                <scale value="1"/>
            </transform>
        </animation>
    </shape>
    <shape name="temp12" type="ply">
        <string name="filename" value="meshes/Cube_008.ply"/>
        <boolean name="face_normals" value="true"/>
        <ref id="mat-Material" name="bsdf"/>
        <animation name="to_world">
            <transform time="0">
                <matrix value="0.9999995567588077 -0.00106705769226758 6.803008461534461e-05 8.496849274397533e-06 0.0010669746306471144 0.9999987484955875 0.0012255750434612815 -0.018613010198306856 -6.933799268474737e-05 -0.0012255023225836057 0.9999992908140084 0.00021512529752110154 0.0 0.0 0.0 1.0"/>
                <scale value="1"/>
            </transform>
            <transform time="0.0015">
                <matrix value="0.9999995727157459 -0.001036795455923904 6.824132046108548e-05 7.77742051884873e-06 0.0010367146429529062 0.9999987935504672 0.0011914090645165694 -0.018587761298396607 -6.950440759360816e-05 -0.0011913384087466454 0.9999993163451126 0.0002141099559864008 0.0 0.0 0.0 1.0"/>
                <scale value="1"/>
            </transform>
        </animation>
    </shape>
    <shape name="temp13" type="ply">
        <string name="filename" value="meshes/Cube_009.ply"/>
        <boolean name="face_normals" value="true"/>
        <ref id="mat-Material" name="bsdf"/>
        <animation name="to_world">
            <transform time="0">
                <matrix value="0.9999977837940383 -0.002073811644414223 0.00025079653406622187 0.0005581608583717923 0.0020735399191882655 0.9999972884071061 0.0010852176799122121 -0.020433095257508804 -0.00025304728319743556 -0.0010846955611224325 0.9999995272093389 0.0004329517365837532 0.0 0.0 0.0 1.0"/>
                <scale value="1"/>
            </transform>
            <transform time="0.0015">
                <matrix value="0.9999978635787294 -0.002013595797653032 0.0002511239279256817 0.0005551804330075816 0.0020133309764399404 0.9999973785168655 0.0010572657164175066 -0.020351974810611188 -0.00025329814222344006 -0.0010567586822131671 0.9999995442300751 0.00043184233412520005 0.0 0.0 0.0 1.0"/>
                <scale value="1"/>
            </transform>
        </animation>
    </shape>
    <shape name="temp14" type="ply">
        <string name="filename" value="meshes/Cube_010.ply"/>
        <boolean name="face_normals" value="true"/>
        <ref id="mat-Material" name="bsdf"/>
        <animation name="to_world">
            <transform time="0">
                <matrix value="0.9999995567588077 5.9503611633150685e-05 0.0010686865544482272 0.0020196466871480467 -5.9831798832325406e-05 1.0 0.00030695933669361416 -0.017148068915226855 -0.0010686678120019077 -0.00030702323417941985 0.9999995272093389 0.0018114238693263118 0.0 0.0 0.0 1.0"/>
                <scale value="1"/>
            </transform>
            <transform time="0.0015">
                <matrix value="0.9999995567588077 6.940882181407503e-05 0.0010714169358345149 0.002018878526447708 -6.973590338568555e-05 0.9999999924908534 0.0003052574332879794 -0.017133559153161473 -0.0010713958101626943 -0.000305332850183359 0.9999995186989709 0.0018151795725279468 0.0 0.0 0.0 1.0"/>
                <scale value="1"/>
            </transform>
        </animation>
    </shape>
    <shape name="temp15" type="ply">
        <string name="filename" value="meshes/Cube_011.ply"/>
        <boolean name="face_normals" value="true"/>
        <ref id="mat-Material" name="bsdf"/>
        <animation name="to_world">
            <transform time="0">
                <matrix value="0.9999991135176153 -0.0013415647559670688 -0.00025690026150051467 -0.0002926974798176385 0.0013414783334840352 0.9999989570796561 -0.00033007170815956303 -0.02024699213146408 0.00025734317683373314 0.0003297276100645985 1.0 -0.0004024828449049611 0.0 0.0 0.0 1.0"/>
                <scale value="1"/>
            </transform>
            <transform time="0.0015">
                <matrix value="0.9999991454314917 -0.0013000672293196208 -0.00025713446682966293 -0.0002962550243850815 0.0012999853633771303 0.9999989946253892 -0.0003127383862105755 -0.02016047627587945 0.0002575604305478131 0.00031240488737797965 1.0 -0.0004013392686280703 0.0 0.0 0.0 1.0"/>
                <scale value="1"/>
            </transform>
        </animation>
    </shape>
    <shape name="temp16" type="ply">
        <string name="filename" value="meshes/Cube_012.ply"/>
        <boolean name="face_normals" value="true"/>
        <ref id="mat-Material" name="bsdf"/>
        <animation name="to_world">
            <transform time="0">
                <matrix value="0.9999995567588077 -0.0009470154748520618 -0.00012134314153319392 -0.0005532725553483164 0.0009468828619906495 0.9999989570796561 -0.001098933336989581 -0.020384720966893533 0.00012238376886212894 0.0010988187884185781 0.9999995272093389 -0.00010302411717910687 0.0 0.0 0.0 1.0"/>
                <scale value="1"/>
            </transform>
            <transform time="0.0015">
                <matrix value="0.9999995727157459 -0.0009017881851140917 -0.00012143151319518067 -0.0005553568220141253 0.0009016618404898463 0.9999989871162426 -0.001047109195346841 -0.020259911899367204 0.00012243846924640114 0.0010470001199588176 0.9999995442300751 -0.00010069314976090206 0.0 0.0 0.0 1.0"/>
                <scale value="1"/>
            </transform>
        </animation>
    </shape>
    <shape name="temp17" type="ply">
        <string name="filename" value="meshes/Cube_013.ply"/>
        <boolean name="face_normals" value="true"/>
        <ref id="mat-Material" name="bsdf"/>
        <animation name="to_world">
            <transform time="0">
                <matrix value="1.0 0.0001045435867699297 3.828256901207082e-05 -0.00044066703443534916 -0.00010455128921133208 1.0 0.00020054290551609592 -0.01746155490106932 -3.826168782700119e-05 -0.00020054690742830444 1.0 0.0001703476242844726 0.0 0.0 0.0 1.0"/>
                <scale value="1"/>
            </transform>
            <transform time="0.0015">
                <matrix value="0.9999999840430618 0.00013951513936266417 3.846523555221757e-05 -0.0004417845421025057 -0.00013952620110156794 0.9999998723445075 0.00027844139367846893 -0.01733522884193856 -3.835351681516037e-05 -0.0002784467344109482 0.9999998978755832 0.00017087415562877382 0.0 0.0 0.0 1.0"/>
                <scale value="1"/>
            </transform>
        </animation>
    </shape>
    <shape name="temp18" type="ply">
        <string name="filename" value="meshes/Cube_014.ply"/>
        <boolean name="face_normals" value="true"/>
        <ref id="mat-Material" name="bsdf"/>
        <animation name="to_world">
            <transform time="0">
                <matrix value="1.0 0.0001591319148226097 -1.9037956107060607e-05 -8.145245770641019e-05 -0.00015911693943729645 0.9999995828318625 0.0007855771426518167 -0.016961841207583095 1.9162956737886662e-05 -0.0007855734914678687 0.9999997636046695 8.567888004296087e-06 0.0 0.0 0.0 1.0"/>
                <scale value="1"/>
            </transform>
            <transform time="0.0015">
                <matrix value="1.0 0.00013738118353768278 -1.905238032989394e-05 -8.115962831570848e-05 -0.00013736835068416884 0.9999995002312497 0.0006762469972314332 -0.01706883359209078 1.920894942096361e-05 -0.0006762437708601333 0.9999996870113569 6.299846613501847e-06 0.0 0.0 0.0 1.0"/>
                <scale value="1"/>
            </transform>
        </animation>
    </shape>
    <shape name="temp19" type="ply">
        <string name="filename" value="meshes/Cube_015.ply"/>
        <boolean name="face_normals" value="true"/>
        <ref id="mat-Material" name="bsdf"/>
        <animation name="to_world">
            <transform time="0">
                <matrix value="1.0 -0.00024402875957140147 -2.621766052779513e-05 0.0005572946108909349 0.0002440259952094492 1.0 -6.828562796764788e-05 -0.018054478318034195 2.6234249424229693e-05 6.827936915834242e-05 1.0 -8.036078317791295e-05 0.0 0.0 0.0 1.0"/>
                <scale value="1"/>
            </transform>
            <transform time="0.0015">
                <matrix value="1.0 -0.00024398708380764982 -2.628066278258018e-05 0.0005570383574377111 0.00024398436355759209 1.0 -6.811331003506816e-05 -0.018054347039235332 2.6297212311120378e-05 6.81070342433693e-05 1.0 -8.038760721172696e-05 0.0 0.0 0.0 1.0"/>
                <scale value="1"/>
            </transform>
        </animation>
    </shape>
    <shape name="temp20" type="ply">
        <string name="filename" value="meshes/Cube_016.ply"/>
        <boolean name="face_normals" value="true"/>
        <ref id="mat-Material" name="bsdf"/>
        <animation name="to_world">
            <transform time="0">
                <matrix value="1.0 0.0001279694549489699 0.00032136763208943686 0.0005022481891526764 -0.000128461935332883 0.9999987484955875 0.0015324374580693784 -0.017425957957729388 -0.0003211703517739399 -0.0015324775824272095 0.9999988180233473 0.0004802938429593062 0.0 0.0 0.0 1.0"/>
                <scale value="1"/>
            </transform>
            <transform time="0.0015">
                <matrix value="1.0 0.0001386635685648467 0.00032147120326878764 0.0005019916770055959 -0.0001391754396213141 0.9999986058218017 0.0015920966700711425 -0.017406752909871467 -0.00032123213703878875 -0.0015921403805396958 0.9999986818574582 0.0004815957354419805 0.0 0.0 0.0 1.0"/>
                <scale value="1"/>
            </transform>
        </animation>
    </shape>
    <shape name="temp21" type="ply">
        <string name="filename" value="meshes/Cube_017.ply"/>
        <boolean name="face_normals" value="true"/>
        <ref id="mat-Material" name="bsdf"/>
        <animation name="to_world">
            <transform time="0">
                <matrix value="1.0 0.0006219830921753858 8.306151810244522e-05 0.00046700340986649547 -0.000622111175528831 0.9999985399115188 0.0015828984053243792 -0.017624709703005004 -8.207674455300899e-05 -0.0015829507553872051 0.9999988180233473 3.204281273225251e-05 0.0 0.0 0.0 1.0"/>
                <scale value="1"/>
            </transform>
            <transform time="0.0015">
                <matrix value="1.0 0.0005825467812207755 8.322905320817242e-05 0.00046786766175650074 -0.000582669134736431 0.9999985849663985 0.001513252701916764 -0.01763884045381342 -8.227373295552951e-05 -0.0015133016933651575 0.9999988605751876 3.025205132675726e-05 0.0 0.0 0.0 1.0"/>
                <scale value="1"/>
            </transform>
        </animation>
    </shape>
    <shape name="temp22" type="ply">
        <string name="filename" value="meshes/Cube_018.ply"/>
        <boolean name="face_normals" value="true"/>
        <ref id="mat-Material" name="bsdf"/>
        <animation name="to_world">
            <transform time="0">
                <matrix value="0.9999884757289988 0.004825223237099597 -0.00030313209629232834 0.00041967193993841523 -0.00482324870972489 0.9999689209737539 0.006216275251158219 -0.017938333527686368 0.00033311880459623385 -0.006214737298794593 0.9999806155828964 -5.739883081834485e-05 0.0 0.0 0.0 1.0"/>
                <scale value="1"/>
            </transform>
            <transform time="0.0015">
                <matrix value="0.9999884916859372 0.004820380663534586 -0.0003022621664687261 0.0004206213598134327 -0.004818413278731306 0.9999689810469269 0.006210670322750623 -0.017938291119975556 0.000332192456460833 -0.006209138479073288 0.9999806581347367 -5.7844121698309095e-05 0.0 0.0 0.0 1.0"/>
                <scale value="1"/>
            </transform>
        </animation>
    </shape>
    <shape name="temp23" type="ply">
        <string name="filename" value="meshes/Cube_019.ply"/>
        <boolean name="face_normals" value="true"/>
        <ref id="mat-Material" name="bsdf"/>
        <animation name="to_world">
            <transform time="0">
                <matrix value="0.9998732330189868 0.014800773012558848 -0.00586109126703642 0.0032892059061494505 -0.014745752419653669 0.9998477336298008 0.009322320778062136 -0.018471490450887695 0.005998170300357962 -0.009234709223378938 0.9999394827953841 -0.000824199678610249 0.0 0.0 0.0 1.0"/>
                <scale value="1"/>
            </transform>
            <transform time="0.0015">
                <matrix value="0.9998726266553338 0.014839902875239817 -0.005864004366025063 0.003288884360442792 -0.014784745272634733 0.9998469676968453 0.009340240209059757 -0.01847557581626419 0.0060017280593070085 -0.00925234565568398 0.9999392955672868 -0.0008257729240600189 0.0 0.0 0.0 1.0"/>
                <scale value="1"/>
            </transform>
        </animation>
    </shape>
    <shape name="temp24" type="ply">
        <string name="filename" value="meshes/Cube_020.ply"/>
        <boolean name="face_normals" value="true"/>
        <ref id="mat-Material" name="bsdf"/>
        <animation name="to_world">
            <transform time="0">
                <matrix value="0.9999161173184539 -0.012612256535632676 0.0029260549296845893 -0.0017876372157660247 0.012588113665722699 0.999887842168458 0.008127129627074988 -0.013071820197233186 -0.003028215755971643 -0.008089619739446153 0.9999626495354084 -2.9485844652565874e-05 0.0 0.0 0.0 1.0"/>
                <scale value="1"/>
            </transform>
            <transform time="0.0015">
                <matrix value="0.9999161588145529 -0.012604409549357029 0.0029416731571574 -0.0018096410543835277 0.012579874074246083 0.9998872328781276 0.008203882934572786 -0.013132306929796517 -0.0030447180900031933 -0.008166198161214049 0.999961900623006 -2.693398906988795e-05 0.0 0.0 0.0 1.0"/>
                <scale value="1"/>
            </transform>
        </animation>
    </shape>
    <shape name="temp25" type="ply">
        <string name="filename" value="meshes/Cube_021.ply"/>
        <boolean name="face_normals" value="true"/>
        <ref id="mat-Material" name="bsdf"/>
        <animation name="to_world">
            <transform time="0">
                <matrix value="0.9995691695610317 0.02264928883261754 0.018674498286370248 -0.0120696182095828 -0.022848777629439723 0.9996833693836132 0.010539496695429675 -0.019060783010953763 -0.018429875697440017 -0.010961647647275996 0.9997702237387245 -0.008352852330856808 0.0 0.0 0.0 1.0"/>
                <scale value="1"/>
            </transform>
            <transform time="0.0015">
                <matrix value="0.9995697599677464 0.02256828188596397 0.018733416415520916 -0.012103538850802602 -0.022769232292334435 0.9996846384293923 0.010580618793919661 -0.019045829739100677 -0.018488816159340227 -0.011002488994655035 0.9997686152791602 -0.00838054644427722 0.0 0.0 0.0 1.0"/>
                <scale value="1"/>
            </transform>
        </animation>
    </shape>
    <shape name="temp26" type="ply">
        <string name="filename" value="meshes/Cube_022.ply"/>
        <boolean name="face_normals" value="true"/>
        <ref id="mat-Material" name="bsdf"/>
        <animation name="to_world">
            <transform time="0">
                <matrix value="0.9994902726287926 0.028204237176772916 0.014974391293843651 -0.007214028821067475 -0.02836483005246203 0.9995411150487148 0.01062258965411108 -0.019446315867333253 -0.014667923698688183 -0.011041908711096464 0.999831450129332 -0.010539812414759542 0.0 0.0 0.0 1.0"/>
                <scale value="1"/>
            </transform>
            <transform time="0.0015">
                <matrix value="0.9994889482029191 0.028241477287615016 0.014991041828962784 -0.007222018419526327 -0.028401600742224378 0.9995404917895452 0.010579273582733943 -0.019456597212864964 -0.014685427821655288 -0.010999642277871518 0.9998316373574293 -0.010553169799547735 0.0 0.0 0.0 1.0"/>
                <scale value="1"/>
            </transform>
        </animation>
    </shape>
    <shape name="temp27" type="ply">
        <string name="filename" value="meshes/Cube_023.ply"/>
        <boolean name="face_normals" value="true"/>
        <ref id="mat-Material" name="bsdf"/>
        <animation name="to_world">
            <transform time="0">
                <matrix value="0.9994902726287926 0.030389801907709894 0.009814826809688993 -0.002694080321017256 -0.030485065431264818 0.9994881346952482 0.009706746864570534 -0.019578016138725785 -0.009514823758437095 -0.01000100746105214 0.9999047326817962 -0.008625155281757751 0.0 0.0 0.0 1.0"/>
                <scale value="1"/>
            </transform>
            <transform time="0.0015">
                <matrix value="0.9994899534900279 0.03039811678576435 0.00982113639657237 -0.00269654971489304 -0.03049328325445624 0.9994880370763422 0.0096901618592855 -0.01958346941840674 -0.00952155646938691 -0.00998470247553463 0.999904826295845 -0.008630894663490402 0.0 0.0 0.0 1.0"/>
                <scale value="1"/>
            </transform>
        </animation>
    </shape>
    <shape name="temp28" type="ply">
        <string name="filename" value="meshes/Cube_024.ply"/>
        <boolean name="face_normals" value="true"/>
        <ref id="mat-Material" name="bsdf"/>
        <animation name="to_world">
            <transform time="0">
                <matrix value="0.9995514399133375 0.02878921119762715 0.008271779929185414 -0.0010137571079091856 -0.028901457731633415 0.9994870917749045 0.01378574829287112 -0.01671023534449001 -0.007870669311930102 -0.01401863072902218 0.9998709281495304 -0.007770325480716489 0.0 0.0 0.0 1.0"/>
                <scale value="1"/>
            </transform>
            <transform time="0.0015">
                <matrix value="0.9995504824970434 0.028821994629949138 0.008271608870787308 -0.0010151116995519636 -0.028933533890166806 0.9994872719944234 0.01369675792712604 -0.016764293209776307 -0.007872690258157662 -0.01392992931000806 0.9998720430077469 -0.007773164860939937 0.0 0.0 0.0 1.0"/>
                <scale value="1"/>
            </transform>
        </animation>
    </shape>
    <shape name="temp29" type="ply">
        <string name="filename" value="meshes/Cube_025.ply"/>
        <boolean name="face_normals" value="true"/>
        <ref id="mat-Material" name="bsdf"/>
        <animation name="to_world">
            <transform time="0">
                <matrix value="0.9995434615718751 0.029899128744344763 0.004392721671447368 0.0010250669317291017 -0.029948322509383417 0.9994841715979417 0.011591550474421789 -0.017661580091551277 -0.004043879991560688 -0.01171780244168511 0.9999234079129082 -0.004893150285923187 0.0 0.0 0.0 1.0"/>
                <scale value="1"/>
            </transform>
            <transform time="0.0015">
                <matrix value="0.9995424881986428 0.029931001317181512 0.004392503806024904 0.0010244430562772664 -0.029979727040386463 0.9994843593266073 0.011477945571122366 -0.01775638024070047 -0.004046791015803039 -0.011604373102479136 0.9999245397918609 -0.004895955413698078 0.0 0.0 0.0 1.0"/>
                <scale value="1"/>
            </transform>
        </animation>
    </shape>
    <shape name="temp30" type="ply">
        <string name="filename" value="meshes/Cube_026.ply"/>
        <boolean name="face_normals" value="true"/>
        <ref id="mat-Material" name="bsdf"/>
        <animation name="to_world">
            <transform time="0">
                <matrix value="0.9994122621789382 0.03241579982604089 0.011154077275742387 0.007309974485916859 -0.03247669437810601 0.9994583071734148 0.005321778959964559 -0.025742813796884978 -0.010975538405076353 -0.005680891404876279 0.9999236443082388 -0.014217868732356753 0.0 0.0 0.0 1.0"/>
                <scale value="1"/>
            </transform>
            <transform time="0.0015">
                <matrix value="0.9994133312938001 0.032379823504575266 0.011161497465658244 0.007317270970897161 -0.032441709588871014 0.9994588703594114 0.00540711412262573 -0.025629069188868515 -0.010980471173393175 -0.005766028156897507 0.9999230060306339 -0.014224769120388602 0.0 0.0 0.0 1.0"/>
                <scale value="1"/>
            </transform>
        </animation>
    </shape>
    <shape name="temp31" type="ply">
        <string name="filename" value="meshes/Cube_027.ply"/>
        <boolean name="face_normals" value="true"/>
        <ref id="mat-Material" name="bsdf"/>
        <animation name="to_world">
            <transform time="0">
                <matrix value="0.9996547151111561 0.02189035569841247 0.014537958234618582 0.015479910671014396 -0.022230420706810135 0.9994729080582284 0.023656033447102525 0.005918116465940371 -0.014012463055846617 -0.023971044359573906 0.999614439215905 -0.021017183285446217 0.0 0.0 0.0 1.0"/>
                <scale value="1"/>
            </transform>
            <transform time="0.0015">
                <matrix value="0.9996515077665707 0.02201297856091913 0.014559304790835972 0.015499669566020589 -0.02235126212136144 0.9994733661161723 0.023500263925225157 0.005560919828864295 -0.014034845214832396 -0.023817569342164953 0.9996174774173042 -0.02104721926581124 0.0 0.0 0.0 1.0"/>
                <scale value="1"/>
            </transform>
        </animation>
    </shape>
    <shape name="temp32" type="ply">
        <string name="filename" value="meshes/Cube_028.ply"/>
        <boolean name="face_normals" value="true"/>
        <ref id="mat-Material" name="bsdf"/>
        <animation name="to_world">
            <transform time="0">
                <matrix value="0.999667125864542 -0.014657496615723485 0.021247614180126623 0.0286921309494641 0.013667080653940327 0.9988463215156553 0.046031726144519815 0.09851078177588019 -0.02189780808365557 -0.045726008138950364 0.9987140094019151 -0.03856249034383774 0.0 0.0 0.0 1.0"/>
                <scale value="1"/>
            </transform>
            <transform time="0.0015">
                <matrix value="0.999664285529536 -0.014740818782463526 0.021316268170343627 0.028779020449340283 0.013746047392465188 0.998842912363089 0.046079777384688304 0.0987110788835525 -0.0219709548480977 -0.045771141113806764 0.9987102393088624 -0.038689884646238674 0.0 0.0 0.0 1.0"/>
                <scale value="1"/>
            </transform>
        </animation>
    </shape>
    <shape name="temp33" type="ply">
        <string name="filename" value="meshes/Cube_029.ply"/>
        <boolean name="face_normals" value="true"/>
        <ref id="mat-Material" name="bsdf"/>
        <animation name="to_world">
            <transform time="0">
                <matrix value="0.9693139690121219 -0.24572016778502492 0.007254689019578734 -0.05040589930371464 0.24497767837355303 0.9679942347363394 0.05452541037047404 0.5948625871899856 -0.02042050291918649 -0.051074979715199316 0.9984861243032839 -0.04400204492579296 0.0 0.0 0.0 1.0"/>
                <scale value="1"/>
            </transform>
            <transform time="0.0015">
                <matrix value="0.9691873985780358 -0.24620414730310103 0.0072907236200394744 -0.050593577935061716 0.24544936227641462 0.9678454935600523 0.054940642291842916 0.5963879998504736 -0.020588158160856355 -0.05145638804499328 0.9984607634064502 -0.04438213108600781 0.0 0.0 0.0 1.0"/>
                <scale value="1"/>
            </transform>
        </animation>
    </shape>
    <shape name="temp34" type="ply">
        <string name="filename" value="meshes/Cube_030.ply"/>
        <boolean name="face_normals" value="true"/>
        <ref id="mat-Material" name="bsdf"/>
        <animation name="to_world">
            <transform time="0">
                <matrix value="0.9995166778677889 -0.031085251878124772 -0.00047958847948357993 -0.003404876350276087 0.031082120247073675 0.9995013881767484 -0.005532990743784085 0.08850179958904753 0.0006513427949651363 0.0055154184366136 0.9999846986836454 0.002000784151640511 0.0 0.0 0.0 1.0"/>
                <scale value="1"/>
            </transform>
            <transform time="0.0015">
                <matrix value="0.9995069315856616 -0.03136262265394376 -0.0005191892707615592 -0.0035276887510450722 0.03135887016175808 0.9994899530349777 -0.005742420188842882 0.0888343079179215 0.0007005640568400195 0.005722967821977436 0.9999828868386055 0.002120378153104112 0.0 0.0 0.0 1.0"/>
                <scale value="1"/>
            </transform>
        </animation>
    </shape>
    <shape name="temp35" type="ply">
        <string name="filename" value="meshes/Cube_031.ply"/>
        <boolean name="face_normals" value="true"/>
        <ref id="mat-Material" name="bsdf"/>
        <animation name="to_world">
            <transform time="0">
                <matrix value="0.9998258062114048 0.002767412076600414 -0.018470158162659844 -0.02464895575242876 -0.0019557928964393546 0.9990375931067137 0.043816536420719386 0.06458653033487188 0.0185736365457682 -0.043772764343804955 0.9988688483434125 0.047309884035731775 0.0 0.0 0.0 1.0"/>
                <scale value="1"/>
            </transform>
            <transform time="0.0015">
                <matrix value="0.9998251200630607 0.0027751383877426413 -0.018505425127921124 -0.02469870723319578 -0.0019618685006726226 0.9990373603231685 0.043821668172662566 0.06457831270001999 0.018609218922340135 -0.04377767757843968 0.9988679547547656 0.04740042643740353 0.0 0.0 0.0 1.0"/>
                <scale value="1"/>
            </transform>
        </animation>
