
<scene version="2.1.0">
    <default name="spp" value="1024"/>
    <default name="resx" value="640"/>
    <default name="resy" value="360"/>
    <integrator name="temp0" type="path">
        <integer name="max_depth" value="12"/>
    </integrator>
    <sensor name="temp44" type="perspective">
        <string name="fov_axis" value="x"/>
        <float name="fov" value="83.974423"/>
        <float name="principal_point_offset_x" value="0.000000"/>
        <float name="principal_point_offset_y" value="-0.000000"/>
        <float name="near_clip" value="0.100000"/>
        <float name="far_clip" value="1000.000000"/>
        <sampler name="sampler" type="correlated">
            <integer name="sample_count" value="1024"/>
        </sampler>
        <film name="film" type="hdrfilm">
            <integer name="width" value="$resx"/>
            <integer name="height" value="$resy"/>
        </film>
        <float name="shutter_open" value="0.0"/>
        <float name="shutter_close" value="0.0015"/>
        <animation name="to_world">
            <transform time="0">
                <rotate angle="-142.5518126578256" x="1"/>
                <rotate angle="3.976628485794621e-06" y="1"/>
                <rotate angle="-179.999991348578" z="1"/>
                <translate value="-0.000000 3.030926 4.073377"/>
            </transform>
            <transform time="0.0015">
                <rotate angle="-142.5518126578256" x="1"/>
                <rotate angle="3.976628485794621e-06" y="1"/>
                <rotate angle="-179.999991348578" z="1"/>
                <translate value="-0.000000 3.030926 4.073377"/>
                <translate x="0.15" y="0.0" z="0.0"/>
            </transform>
        </animation>
    </sensor>
    <bsdf id="mat-Material" name="mat-Material" type="twosided">
        <bsdf name="bsdf" type="diffuse">
            <texture name="reflectance" type="bitmap">
                <string name="filename" value="textures/siggraph_2023_logo.jpg"/>
            </texture>
        </bsdf>
    </bsdf>
    <bsdf id="mat-Material.001" name="mat-Material.001" type="twosided">
        <bsdf name="bsdf" type="principled">
            <rgb name="base_color" value="0.433648 0.266232 0.084399"/>
            <float name="spec_tint" value="0.000000"/>
            <float name="spec_trans" value="0.000000"/>
            <float name="metallic" value="0.000000"/>
            <float name="anisotropic" value="0.000000"/>
            <float name="roughness" value="0.500000"/>
            <float name="sheen" value="0.000000"/>
            <float name="sheen_tint" value="0.500000"/>
            <float name="clearcoat" value="0.000000"/>
            <float name="clearcoat_gloss" value="0.173205"/>
            <float name="specular" value="0.500000"/>
        </bsdf>
    </bsdf>
    <bsdf id="mat-Material.002" name="mat-Material.002" type="twosided">
        <bsdf name="bsdf" type="principled">
            <rgb name="base_color" value="0.433648 0.266232 0.084399"/>
            <float name="spec_tint" value="0.000000"/>
            <float name="spec_trans" value="0.000000"/>
            <float name="metallic" value="0.000000"/>
            <float name="anisotropic" value="0.000000"/>
            <float name="roughness" value="0.500000"/>
            <float name="sheen" value="0.000000"/>
            <float name="sheen_tint" value="0.500000"/>
            <float name="clearcoat" value="0.000000"/>
            <float name="clearcoat_gloss" value="0.173205"/>
            <float name="specular" value="0.500000"/>
        </bsdf>
    </bsdf>
    <bsdf id="mat-Material.003" name="mat-Material.003" type="twosided">
        <bsdf name="bsdf" type="principled">
            <rgb name="base_color" value="0.433648 0.266232 0.084399"/>
            <float name="spec_tint" value="0.000000"/>
            <float name="spec_trans" value="0.000000"/>
            <float name="metallic" value="0.000000"/>
            <float name="anisotropic" value="0.000000"/>
            <float name="roughness" value="0.500000"/>
            <float name="sheen" value="0.000000"/>
            <float name="sheen_tint" value="0.500000"/>
            <float name="clearcoat" value="0.000000"/>
            <float name="clearcoat_gloss" value="0.173205"/>
            <float name="specular" value="0.500000"/>
        </bsdf>
    </bsdf>
    <bsdf id="mat-Material.004" name="mat-Material.004" type="twosided">
        <bsdf name="bsdf" type="principled">
            <rgb name="base_color" value="0.433648 0.266232 0.084399"/>
            <float name="spec_tint" value="0.000000"/>
            <float name="spec_trans" value="0.000000"/>
            <float name="metallic" value="0.000000"/>
            <float name="anisotropic" value="0.000000"/>
            <float name="roughness" value="0.500000"/>
            <float name="sheen" value="0.000000"/>
            <float name="sheen_tint" value="0.500000"/>
            <float name="clearcoat" value="0.000000"/>
            <float name="clearcoat_gloss" value="0.173205"/>
            <float name="specular" value="0.500000"/>
        </bsdf>
    </bsdf>
    <bsdf id="mat-Material.005" name="mat-Material.005" type="twosided">
        <bsdf name="bsdf" type="principled">
            <rgb name="base_color" value="0.433648 0.266232 0.084399"/>
            <float name="spec_tint" value="0.000000"/>
            <float name="spec_trans" value="0.000000"/>
            <float name="metallic" value="0.000000"/>
            <float name="anisotropic" value="0.000000"/>
            <float name="roughness" value="0.500000"/>
            <float name="sheen" value="0.000000"/>
            <float name="sheen_tint" value="0.500000"/>
            <float name="clearcoat" value="0.000000"/>
            <float name="clearcoat_gloss" value="0.173205"/>
            <float name="specular" value="0.500000"/>
        </bsdf>
    </bsdf>
    <emitter name="temp45" type="point">
        <point name="position" x="-6.815235034541981e-16" y="3.0693089962005615" z="4.109199523925781"/>
        <rgb name="intensity" value="7.957747 7.957747 7.957747"/>
    </emitter>
    <shape name="temp2" type="ply">
        <string name="filename" value="meshes/Cube.ply"/>
        <boolean name="face_normals" value="true"/>
        <ref id="mat-Material" name="bsdf"/>
        <animation name="to_world">
            <transform time="0">
                <matrix value="0.9879212342671538 -0.08284798601652403 -0.1309523753239207 0.2074505606113357 -0.14158085517182686 -0.13909105320353843 -0.9801063873545519 1.8340502072931033 0.06298554856416448 0.9868078919868258 -0.1491406556944562 2.376217379248282 0.0 0.0 0.0 1.0"/>
                <scale value="1"/>
            </transform>
            <transform time="0.0015">
                <matrix value="0.9876356050727336 -0.08414228505571834 -0.13198819860325048 0.21015928112770033 -0.14339503298942133 -0.1467496806526895 -0.9778045710832806 1.8432250710458011 0.0626132955348376 0.9847086124297616 -0.15700506044116355 2.393096883854524 0.0 0.0 0.0 1.0"/>
                <scale value="1"/>
            </transform>
        </animation>
    </shape>
    <shape name="temp4" type="ply">
        <string name="filename" value="meshes/Plane.ply"/>
        <boolean name="face_normals" value="true"/>
        <ref id="mat-Material.001" name="bsdf"/>
        <transform name="to_world">
            <scale value="1"/>
        </transform>
    </shape>
    <shape name="temp5" type="ply">
        <string name="filename" value="meshes/Cube_001.ply"/>
        <boolean name="face_normals" value="true"/>
        <ref id="mat-Material" name="bsdf"/>
        <animation name="to_world">
            <transform time="0">
                <matrix value="0.9987252383307892 -0.0347435980334694 -0.03661510726910913 0.03519658882007626 -0.03674211518242921 -0.0030235282829568044 -0.9993203634247254 1.1347416889143942 0.03460927845652779 0.9993915602714096 -0.004296225097524893 1.0283033925287715 0.0 0.0 0.0 1.0"/>
                <scale value="1"/>
            </transform>
            <transform time="0.0015">
                <matrix value="0.9987111164404505 -0.03481721770695072 -0.036898022540914115 0.035535919316021576 -0.037021764035537405 -0.0029207091126166214 -0.9993091552699839 1.1353418288393071 0.03468615340001932 0.999389089762171 -0.004206527520193613 1.0280787128212152 0.0 0.0 0.0 1.0"/>
                <scale value="1"/>
            </transform>
        </animation>
    </shape>
    <shape name="temp6" type="ply">
        <string name="filename" value="meshes/Cube_002.ply"/>
        <boolean name="face_normals" value="true"/>
        <ref id="mat-Material" name="bsdf"/>
        <animation name="to_world">
            <transform time="0">
                <matrix value="0.999547007501414 -0.02941727868708844 -0.006364235088537142 -0.008551988166330737 0.0003152801195687441 0.22167397058547464 -0.9751208098336676 0.6819006862496988 0.030096192203564725 0.9746770597155331 0.2215827282006864 0.49022621786817744 0.0 0.0 0.0 1.0"/>
                <scale value="1"/>
            </transform>
            <transform time="0.0015">
                <matrix value="0.9995499276211112 -0.02933927217015059 -0.0060889211072804395 -0.008770117383151508 0.0005603873714445005 0.22144570754646148 -0.9751709869637787 0.6812926599386627 0.029960756573302993 0.9747304572571617 0.22136185691622234 0.4907162973175201 0.0 0.0 0.0 1.0"/>
                <scale value="1"/>
            </transform>
        </animation>
    </shape>
    <shape name="temp7" type="ply">
        <string name="filename" value="meshes/Cube_003.ply"/>
        <boolean name="face_normals" value="true"/>
        <ref id="mat-Material" name="bsdf"/>
        <animation name="to_world">
            <transform time="0">
                <matrix value="0.9985302122061533 -0.05118625931588597 0.01782593360789863 -0.02542998837603161 0.0293628895425219 0.23440552497481348 -0.9716954414942832 0.30602206936005505 0.04555894487320643 0.9707905127622163 0.23556390451330692 0.22515761148548696 0.0 0.0 0.0 1.0"/>
                <scale value="1"/>
            </transform>
            <transform time="0.0015">
                <matrix value="0.9985005642149113 -0.051289149642899545 0.0186514359060545 -0.025597617187731077 0.030191454358260927 0.23442723391769746 -0.9716553236192249 0.3037529979842638 0.04546236821721396 0.9707796770636409 0.235626414017781 0.22519313239230898 0.0 0.0 0.0 1.0"/>
                <scale value="1"/>
            </transform>
        </animation>
    </shape>
    <shape name="temp8" type="ply">
        <string name="filename" value="meshes/Cube_004.ply"/>
        <boolean name="face_normals" value="true"/>
        <ref id="mat-Material" name="bsdf"/>
        <animation name="to_world">
            <transform time="0">
                <matrix value="0.994318534396403 -0.09190389280447538 0.053713486968234615 -0.001608590587647285 0.07419268049224594 0.2364811450431039 -0.9687993622999563 -0.1387370764664186 0.07633424463722481 0.9672798343008158 0.2419560578903797 -0.15902536543966883 0.0 0.0 0.0 1.0"/>
                <scale value="1"/>
            </transform>
            <transform time="0.0015">
                <matrix value="0.9942154047045854 -0.0920970400702258 0.05490955537200712 -0.001334129291735776 0.07540882258294655 0.23652894076135245 -0.9686730939689763 -0.1420698874818253 0.07622208012697797 0.9672492195100382 0.242111686991184 -0.15878066838319238 0.0 0.0 0.0 1.0"/>
                <scale value="1"/>
            </transform>
        </animation>
    </shape>
    <shape name="temp9" type="ply">
        <string name="filename" value="meshes/Cube_005.ply"/>
        <boolean name="face_normals" value="true"/>
        <ref id="mat-Material" name="bsdf"/>
        <animation name="to_world">
            <transform time="0">
                <matrix value="0.9903683688901418 -0.1305408793487171 0.046151767693363106 0.04130328373102721 0.0776127738565707 0.24736631325572617 -0.9658087249734174 -0.48402139525695037 0.11466113324362132 0.960088064193833 0.25511547675501073 -0.5733661710689808 0.0 0.0 0.0 1.0"/>
                <scale value="1"/>
            </transform>
            <transform time="0.0015">
                <matrix value="0.9903135408503637 -0.13089140631302842 0.04629284917099712 0.04158702581954437 0.0777443659391196 0.24661212460560683 -0.9659824471167279 -0.48440978654268385 0.11502690935171829 0.9602244453147804 0.2544018023953023 -0.5746497210876215 0.0 0.0 0.0 1.0"/>
                <scale value="1"/>
            </transform>
        </animation>
    </shape>
    <shape name="temp10" type="ply">
        <string name="filename" value="meshes/Cube_006.ply"/>
        <boolean name="face_normals" value="true"/>
        <ref id="mat-Material" name="bsdf"/>
        <animation name="to_world">
            <transform time="0">
                <matrix value="0.9881295576275605 -0.12687559837554727 -0.08661763669914581 0.0025279978432344308 -0.053047150225077874 0.24735066945056872 -0.9674729481003508 -0.48589424296020245 0.1441736388506224 0.9605832427730835 0.2376841578723664 -0.9480597310903731 0.0 0.0 0.0 1.0"/>
                <scale value="1"/>
            </transform>
            <transform time="0.0015">
                <matrix value="0.9880721605207264 -0.12723864008361865 -0.08671752288912449 0.002864363697348085 -0.053160018436300915 0.24670871250586063 -0.9676244581830116 -0.4855472338482394 0.14451294399388007 0.9606925609296054 0.23700193017369492 -0.9496535379291384 0.0 0.0 0.0 1.0"/>
                <scale value="1"/>
            </transform>
        </animation>
    </shape>
    <shape name="temp11" type="ply">
        <string name="filename" value="meshes/Cube_007.ply"/>
        <boolean name="face_normals" value="true"/>
        <ref id="mat-Material" name="bsdf"/>
        <animation name="to_world">
            <transform time="0">
                <matrix value="0.9213628070996602 -0.2048822230055713 -0.3303246511632305 0.11434740871634697 -0.2724172778962709 0.26583559820868 -0.9247272352478676 -0.2241782956012993 0.2772721873243657 0.9419950649009331 0.18911751731950388 -1.6243165569520839 0.0 0.0 0.0 1.0"/>
                <scale value="1"/>
            </transform>
            <transform time="0.0015">
                <matrix value="0.9215463118893715 -0.20496760800997985 -0.32974392066721236 0.11444930972575888 -0.2721168055579038 0.2647948755417614 -0.9250952746252057 -0.22512859127289872 0.2769460562293155 0.9422531317428887 0.18824112642446666 -1.6244104973563926 0.0 0.0 0.0 1.0"/>
                <scale value="1"/>
            </transform>
        </animation>
    </shape>
    <shape name="temp12" type="ply">
        <string name="filename" value="meshes/Cube_008.ply"/>
        <boolean name="face_normals" value="true"/>
        <ref id="mat-Material" name="bsdf"/>
        <animation name="to_world">
            <transform time="0">
                <matrix value="0.20273896462403396 0.9401501388126978 -0.2738876299524231 2.0412290104023514 -0.572541740023084 -0.11309951754504895 -0.8120373447887358 0.431660386502248 -0.7944136539562823 0.32144369377355697 0.5153453664860449 1.197571779571591 0.0 0.0 0.0 1.0"/>
                <scale value="1"/>
            </transform>
            <transform time="0.0015">
                <matrix value="0.2035441134307589 0.9398638601068837 -0.27423131265635925 2.0389406233225635 -0.5720271766357953 -0.11316872484397522 -0.8123838444245015 0.4301479817870612 -0.7945626758024661 0.3222264246899862 0.5145951520100127 1.1965962637015597 0.0 0.0 0.0 1.0"/>
                <scale value="1"/>
            </transform>
        </animation>
    </shape>
    <shape name="temp13" type="ply">
        <string name="filename" value="meshes/Cube_009.ply"/>
        <boolean name="face_normals" value="true"/>
        <ref id="mat-Material" name="bsdf"/>
        <animation name="to_world">
            <transform time="0">
                <matrix value="-0.05894363213108593 0.9917578005227117 0.11376329073647075 2.578152170120513 -0.8879441941609179 -1.3069773456842913e-05 -0.4599520306595288 1.1960089517856223 -0.45615945690543186 -0.1281266230447851 0.8806260315701236 0.8190527255449256 0.0 0.0 0.0 1.0"/>
                <scale value="1"/>
            </transform>
            <transform time="0.0015">
                <matrix value="-0.058895469304408914 0.9917543838609987 0.11381736561515562 2.5781657668005504 -0.8881819046698161 -1.2979768074517896e-05 -0.4594848199631294 1.197333555970558 -0.4556945834238093 -0.12815297264028142 0.8808587305641243 0.8184261484577573 0.0 0.0 0.0 1.0"/>
                <scale value="1"/>
            </transform>
        </animation>
    </shape>
    <shape name="temp14" type="ply">
        <string name="filename" value="meshes/Cube_010.ply"/>
        <boolean name="face_normals" value="true"/>
        <ref id="mat-Material" name="bsdf"/>
        <animation name="to_world">
            <transform time="0">
                <matrix value="0.020402573812955765 0.9974513112637483 0.06837191226329145 1.8707176886782682 -0.9582772633225005 7.858801100489547e-06 0.28584072344535794 2.2866866496708633 0.2851117499694164 -0.07135112416383863 0.9558349695830127 -0.6776514453088647 0.0 0.0 0.0 1.0"/>
                <scale value="1"/>
            </transform>
            <transform time="0.0015">
                <matrix value="0.02034963762777491 0.9974496442331983 0.06841107016883204 1.8709011024485416 -0.9585127079461693 7.707483535996539e-06 0.2850156177303539 2.285584812206822 0.28428831451147324 -0.07137425008269016 0.9560682132405697 -0.6757088530834185 0.0 0.0 0.0 1.0"/>
                <scale value="1"/>
            </transform>
        </animation>
    </shape>
    <shape name="temp15" type="ply">
        <string name="filename" value="meshes/Cube_011.ply"/>
        <boolean name="face_normals" value="true"/>
        <ref id="mat-Material" name="bsdf"/>
        <animation name="to_world">
            <transform time="0">
                <matrix value="-0.021244732078428866 0.9995016926597181 -0.02334202952955911 1.3916266221097877 -0.8291517959246631 -0.00456906739977014 0.5590049836863583 2.2638320595068055 0.5586199774124289 0.031229999395106203 0.8288358333715505 -1.3684134538447192 0.0 0.0 0.0 1.0"/>
                <scale value="1"/>
            </transform>
            <transform time="0.0015">
                <matrix value="-0.021567300787017952 0.999500145775514 -0.022970845571220956 1.392749717631729 -0.8290836597983964 -0.00504103386017196 0.5590963339771678 2.263939483972331 0.5587059533956431 0.031104419430659832 0.8287821840112689 -1.3686064847791592 0.0 0.0 0.0 1.0"/>
                <scale value="1"/>
            </transform>
        </animation>
    </shape>
    <shape name="temp16" type="ply">
        <string name="filename" value="meshes/Cube_012.ply"/>
        <boolean name="face_normals" value="true"/>
        <ref id="mat-Material" name="bsdf"/>
        <animation name="to_world">
            <transform time="0">
                <matrix value="0.09171466968779864 0.9897480930201513 0.1094857645095908 1.1127255926309798 -0.7668289815913067 5.6439720247046974e-05 0.6418516184333515 1.8415948393340438 0.6352652443943286 -0.1428240405654297 0.7589727393632739 -1.7450984042569182 0.0 0.0 0.0 1.0"/>
                <scale value="1"/>
            </transform>
            <transform time="0.0015">
                <matrix value="0.09169452086188833 0.9897493095019041 0.1094915932606785 1.1127589011096874 -0.766914622478818 5.6312770614256765e-05 0.6417489153115433 1.8415748086540285 0.6351643805877404 -0.14281560629194393 0.7590584217489522 -1.744860270280414 0.0 0.0 0.0 1.0"/>
                <scale value="1"/>
            </transform>
        </animation>
    </shape>
    <shape name="temp17" type="ply">
        <string name="filename" value="meshes/Cube_013.ply"/>
        <boolean name="face_normals" value="true"/>
        <ref id="mat-Material" name="bsdf"/>
        <animation name="to_world">
            <transform time="0">
                <matrix value="0.9242868692456212 0.19116686099749072 0.33037736732193873 0.5717705180926071 -0.3603445402436408 0.15156723811748707 0.9204234218602327 1.4546244411466118 0.12588009971153863 -0.9697847203826266 0.20897753818848366 -1.398368949828006 0.0 0.0 0.0 1.0"/>
                <scale value="1"/>
            </transform>
            <transform time="0.0015">
                <matrix value="0.9239084025845453 0.19125761278898995 0.3313384857393573 0.5732426181765335 -0.3613394314072334 0.15171453303213472 0.9199915972742475 1.4548367613089666 0.12568171986400395 -0.9697433600030332 0.209280168578948 -1.397855514119412 0.0 0.0 0.0 1.0"/>
                <scale value="1"/>
            </transform>
        </animation>
    </shape>
    <shape name="temp18" type="ply">
        <string name="filename" value="meshes/Cube_014.ply"/>
        <boolean name="face_normals" value="true"/>
        <ref id="mat-Material" name="bsdf"/>
        <animation name="to_world">
            <transform time="0">
                <matrix value="0.941765199183727 0.2893551206345962 0.17132496273227615 0.11192047251525694 -0.21624793671224957 0.13096449273397398 0.9675150264691852 1.0255757155241112 0.25751807980823616 -0.9482202564332542 0.18591024731206687 -0.8606041791760854 0.0 0.0 0.0 1.0"/>
                <scale value="1"/>
            </transform>
            <transform time="0.0015">
                <matrix value="0.9417595982984064 0.2893835352454135 0.17130766200503686 0.11191728133199959 -0.2162432820733662 0.1309916450572442 0.9675123797447169 1.0255689829579342 0.2575424253089025 -0.9482078137773017 0.1859398736053747 -0.8606009700940305 0.0 0.0 0.0 1.0"/>
                <scale value="1"/>
            </transform>
        </animation>
    </shape>
    <shape name="temp19" type="ply">
        <string name="filename" value="meshes/Cube_015.ply"/>
        <boolean name="face_normals" value="true"/>
        <ref id="mat-Material" name="bsdf"/>
        <animation name="to_world">
            <transform time="0">
                <matrix value="0.9837379238937143 0.1251838564274138 0.12879926301391753 0.03418106612462013 -0.14946168357188575 0.1728648813260941 0.9735395614677502 0.6390794424130921 0.09960657911766635 -0.9769579265074892 0.18876391718409663 -0.2971455288111208 0.0 0.0 0.0 1.0"/>
                <scale value="1"/>
            </transform>
            <transform time="0.0015">
                <matrix value="0.9837329612859229 0.12523032452853958 0.12879167942493483 0.03417285594609122 -0.14945976873929748 0.17283296745295093 0.9735455017046596 0.6390831052282275 0.09965798439419288 -0.9769575735775979 0.1887383733143496 -0.2971200337221912 0.0 0.0 0.0 1.0"/>
                <scale value="1"/>
            </transform>
        </animation>
    </shape>
    <shape name="temp20" type="ply">
        <string name="filename" value="meshes/Cube_016.ply"/>
        <boolean name="face_normals" value="true"/>
        <ref id="mat-Material" name="bsdf"/>
        <animation name="to_world">
            <transform time="0">
                <matrix value="0.98485356197487 0.03317464952661846 0.17018546632052087 0.06617470075601306 -0.17337716102243333 0.1770928178247602 0.9688026718345838 0.3317688580777119 0.0020010611194144962 -0.9836349111327575 0.18016222393162312 0.14007839466815775 0.0 0.0 0.0 1.0"/>
                <scale value="1"/>
            </transform>
            <transform time="0.0015">
                <matrix value="0.9848623063770231 0.03320875381783124 0.17012788857434044 0.0661103552027777 -0.17332733069571069 0.1773427672792175 0.9687649453729518 0.33159239033860505 0.0020008729871126966 -0.983587828783438 0.18041420827069596 0.1403182491123658 0.0 0.0 0.0 1.0"/>
                <scale value="1"/>
            </transform>
        </animation>
    </shape>
    <shape name="temp21" type="ply">
        <string name="filename" value="meshes/Cube_017.ply"/>
        <boolean name="face_normals" value="true"/>
        <ref id="mat-Material" name="bsdf"/>
        <animation name="to_world">
            <transform time="0">
                <matrix value="0.950122955106759 -0.06313739641193686 0.3054187483245481 0.20501978094586393 -0.29108845853124055 0.1720217845201419 0.9411037581656857 0.13283647372175095 -0.11195753926673722 -0.9830677710497828 0.14506326175440323 0.3763476500207762 0.0 0.0 0.0 1.0"/>
                <scale value="1"/>
            </transform>
            <transform time="0.0015">
                <matrix value="0.9501065673311909 -0.06322677102594564 0.3054508068810488 0.2049867892884084 -0.29108167044971506 0.17223915629289466 0.9410654019368169 0.13267388410769865 -0.11211123170874265 -0.9830231817371419 0.14524130461158027 0.3765566445878751 0.0 0.0 0.0 1.0"/>
                <scale value="1"/>
            </transform>
        </animation>
    </shape>
    <shape name="temp22" type="ply">
        <string name="filename" value="meshes/Cube_018.ply"/>
        <boolean name="face_normals" value="true"/>
        <ref id="mat-Material" name="bsdf"/>
        <animation name="to_world">
            <transform time="0">
                <matrix value="0.24616232910835828 0.9559612283932978 0.1598192001233038 0.8470137349941516 -0.521803920734291 -0.008244594022397756 0.8530259311493872 -0.05688779027453905 0.8167773883165167 -0.2933770386485421 0.49679447931800896 -0.14704322443827478 0.0 0.0 0.0 1.0"/>
                <scale value="1"/>
            </transform>
            <transform time="0.0015">
                <matrix value="0.24647133521729386 0.9559534038625177 0.1593637524576439 0.8470536278260657 -0.5209325123372359 -0.007981441010160744 0.8535436593906203 -0.057555384685517824 0.8172230496445034 -0.2934066171770858 0.49602205278132716 -0.14690811428041045 0.0 0.0 0.0 1.0"/>
                <scale value="1"/>
            </transform>
        </animation>
    </shape>
    <shape name="temp23" type="ply">
        <string name="filename" value="meshes/Cube_019.ply"/>
        <boolean name="face_normals" value="true"/>
        <ref id="mat-Material" name="bsdf"/>
        <animation name="to_world">
            <transform time="0">
                <matrix value="-0.08105556116994399 0.984165757587767 -0.15763178685084067 0.5019004618070592 -0.9110211035996504 -0.009000225270794268 0.4122618730736735 -0.04911808189541153 0.4043153962487611 0.1770219409581935 0.8973252341141156 -0.051005041527230954 0.0 0.0 0.0 1.0"/>
                <scale value="1"/>
            </transform>
            <transform time="0.0015">
                <matrix value="-0.08101120247734239 0.9841653445847028 -0.15765695456231923 0.5019073642541578 -0.9111272491527947 -0.008995319995854963 0.41202514016520997 -0.048990527414820656 0.4040827903644046 0.17702449256621564 0.8974285329616883 -0.05100745371292997 0.0 0.0 0.0 1.0"/>
                <scale value="1"/>
            </transform>
        </animation>
    </shape>
    <shape name="temp24" type="ply">
        <string name="filename" value="meshes/Cube_020.ply"/>
        <boolean name="face_normals" value="true"/>
        <ref id="mat-Material" name="bsdf"/>
        <animation name="to_world">
            <transform time="0">
                <matrix value="0.09508844166212839 0.9523247879463862 -0.28988899341298524 0.112220948849822 -0.9565926842917157 0.006828086091723965 -0.29134755344247387 0.15887991830165366 -0.27547804323529235 0.3050093676700587 0.9116366071990968 0.10854536094997591 0.0 0.0 0.0 1.0"/>
                <scale value="1"/>
            </transform>
            <transform time="0.0015">
                <matrix value="0.09506137505117457 0.9523045904088083 -0.28996391018308293 0.11220988016165404 -0.9566212575350582 0.006809720189825117 -0.29125368408274005 0.15868616680217992 -0.2753876693478385 0.3050726431596199 0.9116425559464466 0.10872821233936916 0.0 0.0 0.0 1.0"/>
                <scale value="1"/>
            </transform>
        </animation>
    </shape>
    <shape name="temp25" type="ply">
        <string name="filename" value="meshes/Cube_021.ply"/>
        <boolean name="face_normals" value="true"/>
        <ref id="mat-Material" name="bsdf"/>
        <animation name="to_world">
            <transform time="0">
                <matrix value="0.2087704134731139 0.9334744056918421 -0.29161704334686617 -0.15403536277031613 -0.7818211716814976 -0.019830341890147114 -0.623187734297322 0.11468665221485125 -0.5875126545360417 0.3580954605849115 0.7256698379888242 0.29408312240103374 0.0 0.0 0.0 1.0"/>
                <scale value="1"/>
            </transform>
            <transform time="0.0015">
                <matrix value="0.20871701357930791 0.9334754870089558 -0.29165162097231423 -0.1540342474639788 -0.7819234716125271 -0.019834937788245594 -0.6230586235034082 0.11452721764280392 -0.5873948444610472 0.3580923818347965 0.7257662945004727 0.29406915145219864 0.0 0.0 0.0 1.0"/>
                <scale value="1"/>
            </transform>
        </animation>
    </shape>
    <shape name="temp26" type="ply">
        <string name="filename" value="meshes/Cube_022.ply"/>
        <boolean name="face_normals" value="true"/>
        <ref id="mat-Material" name="bsdf"/>
        <animation name="to_world">
            <transform time="0">
                <matrix value="0.6363254773264401 0.39942868823565 -0.659959737147304 -0.08240344218056217 -0.7134786987147778 -0.0205665727343077 -0.70037530122675 -0.19693154629569992 -0.29332314765073303 0.9165334162107367 0.27189670847869674 0.678786574741204 0.0 0.0 0.0 1.0"/>
                <scale value="1"/>
            </transform>
            <transform time="0.0015">
                <matrix value="0.6363388971114963 0.39943877301956326 -0.6599406824332066 -0.08240502750372596 -0.7134622151975802 -0.02056285135142481 -0.700392194307359 -0.19691755892757484 -0.29333411804577014 0.9165291059605757 0.2718994147757414 0.6787857146295573 0.0 0.0 0.0 1.0"/>
                <scale value="1"/>
            </transform>
        </animation>
    </shape>
    <shape name="temp27" type="ply">
        <string name="filename" value="meshes/Cube_023.ply"/>
        <boolean name="face_normals" value="true"/>
        <ref id="mat-Material" name="bsdf"/>
        <animation name="to_world">
            <transform time="0">
                <matrix value="0.8582350667609884 0.27641727660124776 -0.43246539999744693 -0.06310621947849049 -0.4803285126421253 0.13561353960907174 -0.8665411249864663 -0.28720202821523255 -0.1808787522583139 0.9514211875525372 0.24915949640229945 0.20755460141374726 0.0 0.0 0.0 1.0"/>
                <scale value="1"/>
            </transform>
            <transform time="0.0015">
                <matrix value="0.8582209129567733 0.276474233478375 -0.4324569832434306 -0.06313311101506165 -0.480330251948393 0.1355882150120893 -0.8665441121256571 -0.2871998227780712 -0.18094102740116663 0.9514081967288813 0.2491636920137555 0.207503475059155 0.0 0.0 0.0 1.0"/>
                <scale value="1"/>
            </transform>
        </animation>
    </shape>
    <shape name="temp28" type="ply">
        <string name="filename" value="meshes/Cube_024.ply"/>
        <boolean name="face_normals" value="true"/>
        <ref id="mat-Material" name="bsdf"/>
        <animation name="to_world">
            <transform time="0">
                <matrix value="0.8566083715850482 0.4392390436003279 -0.27072395124393583 -0.19035766310663127 -0.37833787212314307 0.17794642726777815 -0.9084027193027662 -0.5125142347296179 -0.35083165344921435 0.8805703939944475 0.3186110261401228 -0.3378477309411487 0.0 0.0 0.0 1.0"/>
                <scale value="1"/>
            </transform>
            <transform time="0.0015">
                <matrix value="0.856603488761948 0.4392449532987193 -0.2707298233979007 -0.1903652082876279 -0.37834419904915356 0.17794098689105056 -0.9084011533950422 -0.5125201956029412 -0.35083675966944977 0.8805685392352319 0.31861051551803893 -0.33785664711329605 0.0 0.0 0.0 1.0"/>
                <scale value="1"/>
            </transform>
        </animation>
    </shape>
    <shape name="temp29" type="ply">
        <string name="filename" value="meshes/Cube_025.ply"/>
        <boolean name="face_normals" value="true"/>
        <ref id="mat-Material" name="bsdf"/>
        <animation name="to_world">
            <transform time="0">
                <matrix value="0.8996271455089916 0.3655444148486827 -0.23884745929390605 -0.2662894200014774 -0.32110670233871785 0.18314427968620614 -0.9291657939739049 -0.7929957939542664 -0.2959078200157085 0.9125982691693973 0.2821404273365669 -0.7072559061600254 0.0 0.0 0.0 1.0"/>
                <scale value="1"/>
            </transform>
            <transform time="0.0015">
                <matrix value="0.8996276242171387 0.3655418016656583 -0.23884970603107522 -0.2662858791983746 -0.32110747305883464 0.18314207950624592 -0.9291659556708981 -0.7929962837277224 -0.29590556530033574 0.9125997559804285 0.2821379763505642 -0.7072676524152653 0.0 0.0 0.0 1.0"/>
                <scale value="1"/>
            </transform>
        </animation>
    </shape>
    <shape name="temp30" type="ply">
        <string name="filename" value="meshes/Cube_026.ply"/>
        <boolean name="face_normals" value="true"/>
        <ref id="mat-Material" name="bsdf"/>
        <animation name="to_world">
            <transform time="0">
                <matrix value="0.9236228939394745 0.23677232840310125 -0.30142910433118797 -0.325668990690539 -0.34858477519693204 0.19182221128314664 -0.9174384580216263 -1.145179615177137 -0.1594032732475573 0.9524405378965967 0.2597067468645705 -0.8809662712034583 0.0 0.0 0.0 1.0"/>
                <scale value="1"/>
            </transform>
            <transform time="0.0015">
                <matrix value="0.9236127134128801 0.23678451574806864 -0.3014507291764411 -0.325716629242171 -0.3486066617334162 0.19180497553890535 -0.917433726256982 -1.1452087275512475 -0.15941439044642614 0.9524409734271007 0.2596983130898181 -0.8810398900763275 0.0 0.0 0.0 1.0"/>
                <scale value="1"/>
            </transform>
        </animation>
    </shape>
    <shape name="temp31" type="ply">
        <string name="filename" value="meshes/Cube_027.ply"/>
        <boolean name="face_normals" value="true"/>
        <ref id="mat-Material" name="bsdf"/>
        <animation name="to_world">
            <transform time="0">
                <matrix value="0.8738712863036698 0.1746309417779289 -0.4537100119568758 -0.5820934618723922 -0.4818789703329805 0.18759959367823406 -0.8559201191810698 -1.5821855455794898 -0.06435432169027369 0.9665973472278135 0.24808886195032764 -1.0193157464852827 0.0 0.0 0.0 1.0"/>
                <scale value="1"/>
            </transform>
            <transform time="0.0015">
                <matrix value="0.8738649354422521 0.17459157207310483 -0.4537373557694686 -0.5821772293888575 -0.48189468791714274 0.18758161753213584 -0.8559152086986963 -1.5822041078657558 -0.06432281312003335 0.9666079201062572 0.2480557225770826 -1.0193459570756622 0.0 0.0 0.0 1.0"/>
                <scale value="1"/>
            </transform>
        </animation>
    </shape>
    <shape name="temp32" type="ply">
        <string name="filename" value="meshes/Cube_028.ply"/>
        <boolean name="face_normals" value="true"/>
        <ref id="mat-Material" name="bsdf"/>
        <animation name="to_world">
            <transform time="0">
                <matrix value="-0.10542123869956581 0.984358280683238 0.14115567058027015 -1.4826713148437842 -0.8021654991693661 -0.0002853868087263231 -0.5971019823639627 -2.119707885448032 -0.587721864378833 -0.17617738406376 0.7896483430342096 -1.3372269197758924 0.0 0.0 0.0 1.0"/>
                <scale value="1"/>
            </transform>
            <transform time="0.0015">
                <matrix value="-0.10541046936195049 0.9843618550370301 0.14113875792581462 -1.4826887906848407 -0.802158797255307 -0.0002848655988592955 -0.5971109863333754 -2.1197112680174404 -0.5877329544509069 -0.17615738945904982 0.7896445474100526 -1.3372944325588545 0.0 0.0 0.0 1.0"/>
                <scale value="1"/>
            </transform>
        </animation>
    </shape>
    <shape name="temp33" type="ply">
        <string name="filename" value="meshes/Cube_029.ply"/>
        <boolean name="face_normals" value="true"/>
        <ref id="mat-Material" name="bsdf"/>
        <animation name="to_world">
            <transform time="0">
                <matrix value="0.004387617968643345 0.9774203573879435 0.21125809122117573 -1.5721355606857714 -0.9978547126290053 -0.009521163982537342 0.06477567737899988 -1.796929893502251 0.06532448801209871 -0.21108895484780663 0.9752817950537586 -0.08684459812322332 0.0 0.0 0.0 1.0"/>
                <scale value="1"/>
            </transform>
            <transform time="0.0015">
                <matrix value="0.004377931628426088 0.9774186678299536 0.2112661156472242 -1.5721427693597017 -0.9978582710262318 -0.009519627010406767 0.06472040509152825 -1.7970300174780445 0.06527010836228504 -0.2110968619791995 0.975283675845101 -0.08694216501047554 0.0 0.0 0.0 1.0"/>
                <scale value="1"/>
            </transform>
        </animation>
    </shape>
    <shape name="temp34" type="ply">
        <string name="filename" value="meshes/Cube_030.ply"/>
        <boolean name="face_normals" value="true"/>
        <ref id="mat-Material" name="bsdf"/>
        <animation name="to_world">
            <transform time="0">
                <matrix value="-0.043135931552987464 0.9787325947362404 -0.20055319714945616 -3.2282759546464552 -0.9738988290092874 0.003582510016611113 0.22695410875965005 -1.9046526976261458 0.22284584248867834 0.2051083556738066 0.9530321676085776 0.26384833071292757 0.0 0.0 0.0 1.0"/>
                <scale value="1"/>
            </transform>
            <transform time="0.0015">
                <matrix value="-0.04315311852497837 0.9787320429783023 -0.2005521806765935 -3.228313729578107 -0.9738802479997297 0.0035822566655288927 0.22703344406597717 -1.9044757402712726 0.2229233082693621 0.2051110014586263 0.9530133971343929 0.2639970751910907 0.0 0.0 0.0 1.0"/>
                <scale value="1"/>
            </transform>
        </animation>
    </shape>
    <shape name="temp35" type="ply">
        <string name="filename" value="meshes/Cube_031.ply"/>
        <boolean name="face_normals" value="true"/>
        <ref id="mat-Material" name="bsdf"/>
        <animation name="to_world">
            <transform time="0">
                <matrix value="0.14241694103296473 0.9775525996875412 0.15526832997573164 -1.8852337557415502 -0.7324392272001163 -0.0014319630055295636 0.6808313172751561 -0.9875254900652924 0.6657708762169188 -0.21068638759508826 0.7157937138699287 0.6708148787026431 0.0 0.0 0.0 1.0"/>
                <scale value="1"/>
            </transform>
            <transform time="0.0015">
                <matrix value="0.14235879075864596 0.9775519989558115 0.15532486094664008 -1.8853090051184034 -0.7327447387395782 -0.001417503392794391 0.680498502311239 -0.9888603972134402 0.6654429451792355 -0.21068926359824444 0.7160940447589419 0.670361870801334 0.0 0.0 0.0 1.0"/>
                <scale value="1"/>
            </transform>
        </animation>
    </shape>
    <shape name="temp36" type="ply">
        <string name="filename" value="meshes/Cube_032.ply"/>
        <boolean name="face_normals" value="true"/>
        <ref id="mat-Material" name="bsdf"/>
        <animation name="to_world">
            <transform time="0">
