
<scene version="2.1.0">
    <default name="spp" value="1024"/>
    <default name="resx" value="1280"/>
    <default name="resy" value="720"/>
    <integrator name="temp0" type="path">
        <integer name="max_depth" value="12"/>
    </integrator>
    <sensor name="temp44" type="perspective">
        <string name="fov_axis" value="x"/>
        <float name="fov" value="83.974423"/>
        <float name="principal_point_offset_x" value="0.000000"/>
        <float name="principal_point_offset_y" value="-0.000000"/>
        <float name="near_clip" value="0.100000"/>
        <float name="far_clip" value="1000.000000"/>
        <sampler name="sampler" type="correlated">
            <integer name="sample_count" value="1024"/>
        </sampler>
        <film name="film" type="hdrfilm">
            <integer name="width" value="$resx"/>
            <integer name="height" value="$resy"/>
        </film>
        <float name="shutter_open" value="0.0"/>
        <float name="shutter_close" value="0.0015"/>
        <animation name="to_world">
            <transform time="0">
                <rotate angle="-142.5518126578256" x="1"/>
                <rotate angle="3.976628485794621e-06" y="1"/>
                <rotate angle="-179.999991348578" z="1"/>
                <translate value="-0.000000 3.030926 4.073377"/>
            </transform>
            <transform time="0.0015">
                <rotate angle="-142.5518126578256" x="1"/>
                <rotate angle="3.976628485794621e-06" y="1"/>
                <rotate angle="-179.999991348578" z="1"/>
                <translate value="-0.000000 3.030926 4.073377"/>
                <translate x="0.15" y="0.0" z="0.0"/>
            </transform>
        </animation>
    </sensor>
    <bsdf id="mat-Material" name="mat-Material" type="twosided">
        <bsdf name="bsdf" type="diffuse">
            <texture name="reflectance" type="bitmap">
                <string name="filename" value="textures/siggraph_2023_logo.jpg"/>
            </texture>
        </bsdf>
    </bsdf>
    <bsdf id="mat-Material.001" name="mat-Material.001" type="twosided">
        <bsdf name="bsdf" type="principled">
            <rgb name="base_color" value="0.433648 0.266232 0.084399"/>
            <float name="spec_tint" value="0.000000"/>
            <float name="spec_trans" value="0.000000"/>
            <float name="metallic" value="0.000000"/>
            <float name="anisotropic" value="0.000000"/>
            <float name="roughness" value="0.500000"/>
            <float name="sheen" value="0.000000"/>
            <float name="sheen_tint" value="0.500000"/>
            <float name="clearcoat" value="0.000000"/>
            <float name="clearcoat_gloss" value="0.173205"/>
            <float name="specular" value="0.500000"/>
        </bsdf>
    </bsdf>
    <bsdf id="mat-Material.002" name="mat-Material.002" type="twosided">
        <bsdf name="bsdf" type="principled">
            <rgb name="base_color" value="0.433648 0.266232 0.084399"/>
            <float name="spec_tint" value="0.000000"/>
            <float name="spec_trans" value="0.000000"/>
            <float name="metallic" value="0.000000"/>
            <float name="anisotropic" value="0.000000"/>
            <float name="roughness" value="0.500000"/>
            <float name="sheen" value="0.000000"/>
            <float name="sheen_tint" value="0.500000"/>
            <float name="clearcoat" value="0.000000"/>
            <float name="clearcoat_gloss" value="0.173205"/>
            <float name="specular" value="0.500000"/>
        </bsdf>
    </bsdf>
    <bsdf id="mat-Material.003" name="mat-Material.003" type="twosided">
        <bsdf name="bsdf" type="principled">
            <rgb name="base_color" value="0.433648 0.266232 0.084399"/>
            <float name="spec_tint" value="0.000000"/>
            <float name="spec_trans" value="0.000000"/>
            <float name="metallic" value="0.000000"/>
            <float name="anisotropic" value="0.000000"/>
            <float name="roughness" value="0.500000"/>
            <float name="sheen" value="0.000000"/>
            <float name="sheen_tint" value="0.500000"/>
            <float name="clearcoat" value="0.000000"/>
            <float name="clearcoat_gloss" value="0.173205"/>
            <float name="specular" value="0.500000"/>
        </bsdf>
    </bsdf>
    <bsdf id="mat-Material.004" name="mat-Material.004" type="twosided">
        <bsdf name="bsdf" type="principled">
            <rgb name="base_color" value="0.433648 0.266232 0.084399"/>
            <float name="spec_tint" value="0.000000"/>
            <float name="spec_trans" value="0.000000"/>
            <float name="metallic" value="0.000000"/>
            <float name="anisotropic" value="0.000000"/>
            <float name="roughness" value="0.500000"/>
            <float name="sheen" value="0.000000"/>
            <float name="sheen_tint" value="0.500000"/>
            <float name="clearcoat" value="0.000000"/>
            <float name="clearcoat_gloss" value="0.173205"/>
            <float name="specular" value="0.500000"/>
        </bsdf>
    </bsdf>
    <bsdf id="mat-Material.005" name="mat-Material.005" type="twosided">
        <bsdf name="bsdf" type="principled">
            <rgb name="base_color" value="0.433648 0.266232 0.084399"/>
            <float name="spec_tint" value="0.000000"/>
            <float name="spec_trans" value="0.000000"/>
            <float name="metallic" value="0.000000"/>
            <float name="anisotropic" value="0.000000"/>
            <float name="roughness" value="0.500000"/>
            <float name="sheen" value="0.000000"/>
            <float name="sheen_tint" value="0.500000"/>
            <float name="clearcoat" value="0.000000"/>
            <float name="clearcoat_gloss" value="0.173205"/>
            <float name="specular" value="0.500000"/>
        </bsdf>
    </bsdf>
    <emitter name="temp45" type="point">
        <point name="position" x="-6.815235034541981e-16" y="3.0693089962005615" z="4.109199523925781"/>
        <rgb name="intensity" value="7.957747 7.957747 7.957747"/>
    </emitter>
    <shape name="temp2" type="ply">
        <string name="filename" value="meshes/Cube.ply"/>
        <boolean name="face_normals" value="true"/>
        <ref id="mat-Material" name="bsdf"/>
        <animation name="to_world">
            <transform time="0">
                <matrix value="0.9154663695177714 -0.34816331298248104 -0.20175192579456017 0.6523191945972722 -0.2497741686124955 -0.09856671457147446 -0.9632743306348018 2.0653654066277647 0.31549088075570847 0.9322375021640598 -0.17719673906825253 1.9982861226807453 0.0 0.0 0.0 1.0"/>
            </transform>
            <transform time="0.0015">
                <matrix value="0.9147482913402237 -0.3486265297101475 -0.2038558726041735 0.6574997222749375 -0.2512796754168573 -0.09625487059732475 -0.9630097688227658 2.066822416136203 0.3162357187186775 0.9322261182977809 -0.17571488995174758 1.9943332409547534 0.0 0.0 0.0 1.0"/>
            </transform>
        </animation>
    </shape>
    <shape name="temp4" type="ply">
        <string name="filename" value="meshes/Plane.ply"/>
        <boolean name="face_normals" value="true"/>
        <ref id="mat-Material.001" name="bsdf"/>
    </shape>
    <shape name="temp5" type="ply">
        <string name="filename" value="meshes/Cube_001.ply"/>
        <boolean name="face_normals" value="true"/>
        <ref id="mat-Material" name="bsdf"/>
        <animation name="to_world">
            <transform time="0">
                <matrix value="0.998412310048987 -0.014474981383871863 -0.05443721127265317 0.03707807969893828 -0.05444149836798593 9.791999966626549e-05 -0.9985170920915833 1.172582445825458 0.014458846828254676 0.9998950822134107 -0.0006902743651485201 1.1048685589781098 0.0 0.0 0.0 1.0"/>
            </transform>
            <transform time="0.0015">
                <matrix value="0.9984122143073576 -0.014467139657146055 -0.05444121965601178 0.037098514197416256 -0.05444554026044105 9.527171889052585e-05 -0.9985168708220136 1.1725957034138357 0.014450869635691851 0.9998952023597567 -0.0006925491865322894 1.1049804446270874 0.0 0.0 0.0 1.0"/>
            </transform>
        </animation>
    </shape>
    <shape name="temp6" type="ply">
        <string name="filename" value="meshes/Cube_002.ply"/>
        <boolean name="face_normals" value="true"/>
        <ref id="mat-Material" name="bsdf"/>
        <animation name="to_world">
            <transform time="0">
                <matrix value="0.9997766064390534 -0.02041240407740138 0.005539144466387184 -0.04700585183811823 0.009813337836663848 0.21568468763492785 -0.9764138922916683 0.6580885322590259 0.018736244009595285 0.97624957500996 0.21583678509915127 0.5521865051274487 0.0 0.0 0.0 1.0"/>
            </transform>
            <transform time="0.0015">
                <matrix value="0.9997758724198945 -0.02043599361096535 0.0055779798289781095 -0.04699286177946612 0.009856067485440963 0.21566978948802995 -0.976416726244234 0.6579783484030167 0.018751059228900285 0.9762523684125034 0.21582286213699697 0.5521285275486084 0.0 0.0 0.0 1.0"/>
            </transform>
        </animation>
    </shape>
    <shape name="temp7" type="ply">
        <string name="filename" value="meshes/Cube_003.ply"/>
        <boolean name="face_normals" value="true"/>
        <ref id="mat-Material" name="bsdf"/>
        <animation name="to_world">
            <transform time="0">
                <matrix value="0.9950888875887147 -0.05926148724612712 0.07928732481333044 -0.07762707034273264 0.09034434521751619 0.2163995052385889 -0.9721159887872967 0.13252795433877446 0.0404512860199955 0.9745045606906636 0.22069069042093026 0.18463314707102363 0.0 0.0 0.0 1.0"/>
            </transform>
            <transform time="0.0015">
                <matrix value="0.9950844196460087 -0.05932562887474225 0.07929477393849772 -0.07761246437436403 0.09036525359368652 0.21638643181432013 -0.9721169419485199 0.1324689605109378 0.04051312521929562 0.9745035094101365 0.22068378510828235 0.18446358758958528 0.0 0.0 0.0 1.0"/>
            </transform>
        </animation>
    </shape>
    <shape name="temp8" type="ply">
        <string name="filename" value="meshes/Cube_004.ply"/>
        <boolean name="face_normals" value="true"/>
        <ref id="mat-Material" name="bsdf"/>
        <animation name="to_world">
            <transform time="0">
                <matrix value="0.9743239242093021 -0.18860765962417322 0.12296488441923104 0.06124306871531493 0.16377509410010513 0.2189200351255572 -0.9619001645784292 -0.3811696419520677 0.1545022667354577 0.9573405948400474 0.24418833899657744 -0.40092394786780583 0.0 0.0 0.0 1.0"/>
            </transform>
            <transform time="0.0015">
                <matrix value="0.9743146691851253 -0.18865305617007605 0.12296836090458557 0.06128310737861639 0.1637871320143102 0.21890262141454095 -0.9619020709008758 -0.38120104831735685 0.15454767858598284 0.9573356012575438 0.2441790626953866 -0.4010610845304979 0.0 0.0 0.0 1.0"/>
            </transform>
        </animation>
    </shape>
    <shape name="temp9" type="ply">
        <string name="filename" value="meshes/Cube_005.ply"/>
        <boolean name="face_normals" value="true"/>
        <ref id="mat-Material" name="bsdf"/>
        <animation name="to_world">
            <transform time="0">
                <matrix value="0.9702824510174158 -0.22776233096868528 0.08171167712558408 0.1342815824353205 0.13262042419955072 0.2180973795583441 -0.9668741587281175 -0.634670199561067 0.2023964278305826 0.948977208018806 0.24182178534263848 -0.8290060571285608 0.0 0.0 0.0 1.0"/>
            </transform>
            <transform time="0.0015">
                <matrix value="0.9702787649646833 -0.2277779575028055 0.08171179371762657 0.13429702675012928 0.13262172469001693 0.21808434367980845 -0.9668769160873706 -0.6346737249693027 0.20241320974252516 0.9489764495949972 0.24181070484341788 -0.829066482287769 0.0 0.0 0.0 1.0"/>
            </transform>
        </animation>
    </shape>
    <shape name="temp10" type="ply">
        <string name="filename" value="meshes/Cube_006.ply"/>
        <boolean name="face_normals" value="true"/>
        <ref id="mat-Material" name="bsdf"/>
        <animation name="to_world">
            <transform time="0">
                <matrix value="0.9875564467658464 -0.1425113521879426 -0.06650483830322997 0.03415206286077899 -0.03413243958179307 0.21857441132361194 -0.9752231690117871 -0.5425604638048841 0.15351663129601953 0.9653577321071373 0.21099037350935013 -1.043404460337893 0.0 0.0 0.0 1.0"/>
            </transform>
            <transform time="0.0015">
                <matrix value="0.9875587605218906 -0.14249748880144922 -0.06650019249330329 0.03415546774296337 -0.03413267510620143 0.21856286976525405 -0.9752257476533108 -0.5425611720644996 0.15350169719752468 0.9653623877780428 0.2109799159690719 -1.043402951503792 0.0 0.0 0.0 1.0"/>
            </transform>
        </animation>
    </shape>
    <shape name="temp11" type="ply">
        <string name="filename" value="meshes/Cube_007.ply"/>
        <boolean name="face_normals" value="true"/>
        <ref id="mat-Material" name="bsdf"/>
        <animation name="to_world">
            <transform time="0">
                <matrix value="0.9242234857551146 -0.24670468458960043 -0.2914581856847498 0.17746579817762953 -0.2440153574208327 0.20552084484891212 -0.9477436302096212 -0.30835017080740856 0.2937134658447202 0.9470469710464454 0.12974751560327377 -1.8049173402806402 0.0 0.0 0.0 1.0"/>
            </transform>
            <transform time="0.0015">
                <matrix value="0.9241976514721109 -0.24666590735644484 -0.29157222461682053 0.177411675778882 -0.24412356461039708 0.20556657104635165 -0.9477056229058429 -0.30806845445324094 0.2937042937966223 0.9470470987019379 0.12976731582561377 -1.8049017532749163 0.0 0.0 0.0 1.0"/>
            </transform>
        </animation>
    </shape>
    <shape name="temp12" type="ply">
        <string name="filename" value="meshes/Cube_008.ply"/>
        <boolean name="face_normals" value="true"/>
        <ref id="mat-Material" name="bsdf"/>
        <animation name="to_world">
            <transform time="0">
                <matrix value="0.32570874266657446 0.8887737968349454 -0.3224824724682178 1.7588567295058977 -0.5805617461575421 -0.08119894122726695 -0.8101575291203588 0.4111505012389581 -0.7462320066237964 0.45109621357339974 0.4895409249960167 0.975139815378189 0.0 0.0 0.0 1.0"/>
            </transform>
            <transform time="0.0015">
                <matrix value="0.3257600889024295 0.8888539719934276 -0.32220596209941854 1.7590766081419187 -0.5801275738250852 -0.08117520481479507 -0.8104661576182353 0.40982621454087165 -0.7465420339767791 0.45094156269872127 0.4892042207938938 0.9754793393923614 0.0 0.0 0.0 1.0"/>
            </transform>
        </animation>
    </shape>
    <shape name="temp13" type="ply">
        <string name="filename" value="meshes/Cube_009.ply"/>
        <boolean name="face_normals" value="true"/>
        <ref id="mat-Material" name="bsdf"/>
        <animation name="to_world">
            <transform time="0">
                <matrix value="-0.07194389630283657 0.9906183057550431 0.11618615375814205 2.6174105510155132 -0.8502230389679927 -5.294385125452888e-06 -0.5264230880700259 0.9988734811199962 -0.5214839005934113 -0.13665702312988737 0.8422467768678659 0.903715174879727 0.0 0.0 0.0 1.0"/>
            </transform>
            <transform time="0.0015">
                <matrix value="-0.07186679078158752 0.9906166011787598 0.11624731607135146 2.6173334199217604 -0.8505748894560913 -4.792912825046607e-07 -0.5258426639472581 1.0006398276371338 -0.5209086050991973 -0.13666939745260565 0.8425935233043054 0.903024148810058 0.0 0.0 0.0 1.0"/>
            </transform>
        </animation>
    </shape>
    <shape name="temp14" type="ply">
        <string name="filename" value="meshes/Cube_010.ply"/>
        <boolean name="face_normals" value="true"/>
        <ref id="mat-Material" name="bsdf"/>
        <animation name="to_world">
            <transform time="0">
                <matrix value="0.013837555648931701 0.9919864086620792 0.12558478294889935 1.9783698041385844 -0.993971919783982 -1.4433496098434995e-05 0.10963478812595712 2.0247954873052176 0.1087580470438472 -0.12634481449575843 0.986006578409258 -0.35194213175888933 0.0 0.0 0.0 1.0"/>
            </transform>
            <transform time="0.0015">
                <matrix value="0.013791631421119787 0.9919709323108914 0.12571010237384023 1.9787082252606532 -0.9940256308380836 -5.731089759690157e-06 0.10911302852337165 2.0239251683952206 0.1082378747927686 -0.12646472054901728 0.9860445516715639 -0.3508725144513625 0.0 0.0 0.0 1.0"/>
            </transform>
        </animation>
    </shape>
    <shape name="temp15" type="ply">
        <string name="filename" value="meshes/Cube_011.ply"/>
        <boolean name="face_normals" value="true"/>
        <ref id="mat-Material" name="bsdf"/>
        <animation name="to_world">
            <transform time="0">
                <matrix value="0.0646404782040576 0.9723920212422017 0.22422106556613608 1.702407603248725 -0.936225127520491 -0.01867794828366599 0.3509049922438692 2.060750628001361 0.3454052731518172 -0.23260398437288157 0.9091702949409981 -0.897014406187272 0.0 0.0 0.0 1.0"/>
            </transform>
            <transform time="0.0015">
                <matrix value="0.06486123925316177 0.972330844224673 0.2244171257235435 1.702431723320826 -0.9360797757701015 -0.01863833843633295 0.351288180076363 2.06090464904342 0.34575032598422734 -0.2328587396811769 0.9089706076647214 -0.8976926468326611 0.0 0.0 0.0 1.0"/>
            </transform>
        </animation>
    </shape>
    <shape name="temp16" type="ply">
        <string name="filename" value="meshes/Cube_012.ply"/>
        <boolean name="face_normals" value="true"/>
        <ref id="mat-Material" name="bsdf"/>
        <animation name="to_world">
            <transform time="0">
                <matrix value="0.0910879266418097 0.9908527542483361 0.09956777477765838 1.0957438525540877 -0.7378361319582218 1.6602374103870697e-06 0.6749802964492003 1.8467748652084135 0.6688057486609683 -0.1349471969429919 0.7310868369879263 -1.8399021799623345 0.0 0.0 0.0 1.0"/>
            </transform>
            <transform time="0.0015">
                <matrix value="0.09108719421834467 0.9908529945410279 0.09956605398123565 1.095745710866671 -0.7378592535617254 6.955698421337459e-06 0.6749549866145751 1.8467559308952342 0.6687803133014205 -0.13494543004079176 0.7311104192178344 -1.839850982229556 0.0 0.0 0.0 1.0"/>
            </transform>
        </animation>
    </shape>
    <shape name="temp17" type="ply">
        <string name="filename" value="meshes/Cube_013.ply"/>
        <boolean name="face_normals" value="true"/>
        <ref id="mat-Material" name="bsdf"/>
        <animation name="to_world">
            <transform time="0">
                <matrix value="0.914132213528785 0.16210536415649646 0.3715971483158487 0.6478117074488818 -0.39247265645084367 0.12408457666820324 0.9113552969810897 1.4686621217567541 0.1016261189623901 -0.97894051808111 0.17705161597483998 -1.4015596186878032 0.0 0.0 0.0 1.0"/>
            </transform>
            <transform time="0.0015">
                <matrix value="0.9141378622849204 0.16211126709665596 0.3715806467121707 0.6477846331794456 -0.3924573665126262 0.12408548752768848 0.911361756350451 1.4686586950070082 0.10163425540519652 -0.9789394292548499 0.17705298614409845 -1.4015652366814515 0.0 0.0 0.0 1.0"/>
            </transform>
        </animation>
    </shape>
    <shape name="temp18" type="ply">
        <string name="filename" value="meshes/Cube_014.ply"/>
        <boolean name="face_normals" value="true"/>
        <ref id="mat-Material" name="bsdf"/>
        <animation name="to_world">
            <transform time="0">
                <matrix value="0.940591496506373 0.2931402957304927 0.17133874458004605 0.11333198921379017 -0.21630910399679448 0.1283625524849663 0.9678499986525466 1.0260382073681917 0.26172235549007405 -0.9474132446711986 0.18414560344872422 -0.8661744093733776 0.0 0.0 0.0 1.0"/>
            </transform>
            <transform time="0.0015">
                <matrix value="0.9405946878940201 0.29313231350763364 0.1713348595970244 0.11332537918210382 -0.2163049360445273 0.12836772027967153 0.9678502454532205 1.026035631263017 0.26171431319320326 -0.9474150168298013 0.18414792763024276 -0.8661666767282087 0.0 0.0 0.0 1.0"/>
            </transform>
        </animation>
    </shape>
    <shape name="temp19" type="ply">
        <string name="filename" value="meshes/Cube_015.ply"/>
        <boolean name="face_normals" value="true"/>
        <ref id="mat-Material" name="bsdf"/>
        <animation name="to_world">
            <transform time="0">
                <matrix value="0.9835863354059292 0.12545468198229956 0.12968924415429808 0.01496182067045404 -0.14985789687373124 0.167628169695655 0.9743938941922867 0.6401078024501959 0.1005027241603682 -0.977835231100719 0.1836771388222123 -0.28951590449618814 0.0 0.0 0.0 1.0"/>
            </transform>
            <transform time="0.0015">
                <matrix value="0.9835899416739705 0.12541796000257438 0.12969727879278825 0.014971766700850701 -0.1498588957780648 0.167626884880668 0.9743939622752313 0.6401088314667059 0.10046577108280183 -0.9778401420826097 0.18367110071607018 -0.28948240078718906 0.0 0.0 0.0 1.0"/>
            </transform>
        </animation>
    </shape>
    <shape name="temp20" type="ply">
        <string name="filename" value="meshes/Cube_016.ply"/>
        <boolean name="face_normals" value="true"/>
        <ref id="mat-Material" name="bsdf"/>
        <animation name="to_world">
            <transform time="0">
                <matrix value="0.9850042639802704 0.02056068023436506 0.1713001648621035 0.029366250242700564 -0.17231391405021393 0.1668779136587106 0.9708037583075229 0.3263849798007963 -0.008625828196167914 -0.985763094386377 0.167918364182136 0.2116307372255114 0.0 0.0 0.0 1.0"/>
            </transform>
            <transform time="0.0015">
                <matrix value="0.985003019339088 0.02052737296397473 0.1713112691903547 0.029365206625350887 -0.1723193122824191 0.1668734704966544 0.9708035625690574 0.3263861801987541 -0.008659257343494313 -0.9857645286333818 0.16790814578320037 0.2116768922467766 0.0 0.0 0.0 1.0"/>
            </transform>
        </animation>
    </shape>
    <shape name="temp21" type="ply">
        <string name="filename" value="meshes/Cube_017.ply"/>
        <boolean name="face_normals" value="true"/>
        <ref id="mat-Material" name="bsdf"/>
        <animation name="to_world">
            <transform time="0">
                <matrix value="0.9380694541218771 -0.16638306881397014 0.3038795783274652 0.22049868574295783 -0.28166617023653123 0.14443522734620576 0.9485792877030459 0.13945894172689735 -0.20171849042687673 -0.9754254593542655 0.08862579139246778 0.4799858791175537 0.0 0.0 0.0 1.0"/>
            </transform>
            <transform time="0.0015">
                <matrix value="0.9380521408438913 -0.16645848842989674 0.3038914247598117 0.22049571781605282 -0.2816403024439572 0.144582812113913 0.9485641647789945 0.13930459580918528 -0.20183409046592574 -0.9753903390755149 0.08874478080564191 0.47999961720240186 0.0 0.0 0.0 1.0"/>
            </transform>
        </animation>
    </shape>
    <shape name="temp22" type="ply">
        <string name="filename" value="meshes/Cube_018.ply"/>
        <boolean name="face_normals" value="true"/>
        <ref id="mat-Material" name="bsdf"/>
        <animation name="to_world">
            <transform time="0">
                <matrix value="0.22808628842236275 0.9551567196400674 0.18881842994731693 0.8532008512605862 -0.5717425761532693 -0.025577996883754013 0.820034362425246 -0.014915442800122802 0.7880908183473486 -0.2949939823496161 0.5402697081605087 -0.1461541672986183 0.0 0.0 0.0 1.0"/>
            </transform>
            <transform time="0.0015">
                <matrix value="0.22829805135399575 0.9551653251220962 0.1885087351003219 0.853222316274924 -0.5711861258031117 -0.02539418408798637 0.8204197289119645 -0.015380366052411982 0.7884250045048203 -0.29498045837655007 0.5397805917767101 -0.14612065626152423 0.0 0.0 0.0 1.0"/>
            </transform>
        </animation>
    </shape>
    <shape name="temp23" type="ply">
        <string name="filename" value="meshes/Cube_019.ply"/>
        <boolean name="face_normals" value="true"/>
        <ref id="mat-Material" name="bsdf"/>
        <animation name="to_world">
            <transform time="0">
                <matrix value="-0.08258594003478557 0.9830585933507572 -0.1636311930257704 0.5114613097680216 -0.9134531680220982 -0.009018739192737936 0.40684440128391036 -0.04655448963890757 0.3984761811048053 0.1830690016957885 0.8987228033082109 -0.05487801004016857 0.0 0.0 0.0 1.0"/>
            </transform>
            <transform time="0.0015">
                <matrix value="-0.08259002979805541 0.983057324304978 -0.1636367707210002 0.5114702525275907 -0.9134493064430451 -0.009018470215105939 0.4068530818593366 -0.046558143512504827 0.3984841930834935 0.18307584478110506 0.8987178587843652 -0.05487592662287894 0.0 0.0 0.0 1.0"/>
            </transform>
        </animation>
    </shape>
    <shape name="temp24" type="ply">
        <string name="filename" value="meshes/Cube_020.ply"/>
        <boolean name="face_normals" value="true"/>
        <ref id="mat-Material" name="bsdf"/>
        <animation name="to_world">
            <transform time="0">
                <matrix value="0.09908650655981843 0.9397549070305415 -0.32717397412687044 0.14402758928453335 -0.9618319061083159 0.006171064020770919 -0.2735710973814791 0.1390746604481558 -0.255070660253139 0.34179342807859986 0.9044977046285382 0.11978507455967813 0.0 0.0 0.0 1.0"/>
            </transform>
            <transform time="0.0015">
                <matrix value="0.09908487237312927 0.9397514002852541 -0.32718451847290425 0.14403146598087868 -0.9618350780449979 0.00617057304071056 -0.2735599232682123 0.13906416254850185 -0.2550592949717675 0.3418030672375188 0.904497270599776 0.11979194423987961 0.0 0.0 0.0 1.0"/>
            </transform>
        </animation>
    </shape>
    <shape name="temp25" type="ply">
        <string name="filename" value="meshes/Cube_021.ply"/>
        <boolean name="face_normals" value="true"/>
        <ref id="mat-Material" name="bsdf"/>
        <animation name="to_world">
            <transform time="0">
                <matrix value="0.18883338031689972 0.9408881092479919 -0.28119650078175934 -0.17405335438886804 -0.7970637930453683 -0.02041061859777274 -0.6035506105854992 0.0904009637492772 -0.5736130539850043 0.3381018432574157 0.7460934489653213 0.31618867558914754 0.0 0.0 0.0 1.0"/>
            </transform>
            <transform time="0.0015">
                <matrix value="0.18883255693888676 0.9408870654766115 -0.2812005517169583 -0.1740475410857578 -0.7970681173756302 -0.02041134435679375 -0.6035448575766873 0.09039436654266415 -0.5736072935303012 0.3381047042422787 0.7460965722704012 0.31621036240536593 0.0 0.0 0.0 1.0"/>
            </transform>
        </animation>
    </shape>
    <shape name="temp26" type="ply">
        <string name="filename" value="meshes/Cube_022.ply"/>
        <boolean name="face_normals" value="true"/>
        <ref id="mat-Material" name="bsdf"/>
        <animation name="to_world">
            <transform time="0">
                <matrix value="0.6371902408927232 0.40213798670485146 -0.6574752222234305 -0.08756764692845942 -0.7116902205036284 -0.020379641777720302 -0.702197672829808 -0.19542551775527472 -0.2957794573664027 0.9153522046293148 0.27321201209776746 0.6940805792454102 0.0 0.0 0.0 1.0"/>
            </transform>
            <transform time="0.0015">
                <matrix value="0.637189411131935 0.4021434007995659 -0.6574727286855875 -0.08757367049503953 -0.7116892790442725 -0.020379588462779288 -0.7021986430117675 -0.1954244328644742 -0.29578356787369225 0.9153498242298357 0.27321553539014637 0.6940823815215493 0.0 0.0 0.0 1.0"/>
            </transform>
        </animation>
    </shape>
    <shape name="temp27" type="ply">
        <string name="filename" value="meshes/Cube_023.ply"/>
        <boolean name="face_normals" value="true"/>
        <ref id="mat-Material" name="bsdf"/>
        <animation name="to_world">
            <transform time="0">
                <matrix value="0.8557356296773027 0.2874184175561039 -0.43024115633248716 -0.06658202485154541 -0.48031743161231644 0.13209485151943065 -0.8670907441299494 -0.28707376873175344 -0.19238516063947292 0.9486526512078061 0.2510903734620711 0.20877184209477628 0.0 0.0 0.0 1.0"/>
            </transform>
            <transform time="0.0015">
                <matrix value="0.8557293107297613 0.28742728585826444 -0.4302477859092098 -0.06659439806349549 -0.48032458032064607 0.13208522479346135 -0.8670882505921064 -0.2870780793054036 -0.19239540339812644 0.9486512995614141 0.25108761610281805 0.20877031182268774 0.0 0.0 0.0 1.0"/>
            </transform>
        </animation>
    </shape>
    <shape name="temp28" type="ply">
        <string name="filename" value="meshes/Cube_024.ply"/>
        <boolean name="face_normals" value="true"/>
        <ref id="mat-Material" name="bsdf"/>
        <animation name="to_world">
            <transform time="0">
                <matrix value="0.851669778219837 0.4535600085936637 -0.2625678395499789 -0.19690229389855685 -0.37404237740391866 0.17513302448985554 -0.910725539820557 -0.5093944856091672 -0.3670845101386991 0.8738487723784634 0.3188062886831409 -0.3588223696785006 0.0 0.0 0.0 1.0"/>
            </transform>
            <transform time="0.0015">
                <matrix value="0.851670177143293 0.45357088183797223 -0.26254772955024136 -0.19690896764031693 -0.3740304224657924 0.17514565262172963 -0.910728016337664 -0.5093855118204275 -0.3670957438232171 0.8738405949177921 0.31881575221242914 -0.3588373376676406 0.0 0.0 0.0 1.0"/>
            </transform>
        </animation>
    </shape>
    <shape name="temp29" type="ply">
        <string name="filename" value="meshes/Cube_025.ply"/>
        <boolean name="face_normals" value="true"/>
        <ref id="mat-Material" name="bsdf"/>
        <animation name="to_world">
            <transform time="0">
                <matrix value="0.9036251810640271 0.3523961094899494 -0.24347253393573168 -0.25874178829535766 -0.3209821958877855 0.18075378110770657 -0.9296766442831808 -0.7930931123544 -0.283605882342512 0.9182292046898043 0.2764466094054137 -0.6914587559483558 0.0 0.0 0.0 1.0"/>
            </transform>
            <transform time="0.0015">
                <matrix value="0.9036218620208741 0.35238995198971945 -0.24349374177294963 -0.25875732250209454 -0.32099826133320125 0.1807412994041916 -0.929673520978101 -0.7931117828931408 -0.2835982692872797 0.9182340255619356 0.27643841392096713 -0.6914549273140596 0.0 0.0 0.0 1.0"/>
            </transform>
        </animation>
    </shape>
    <shape name="temp30" type="ply">
        <string name="filename" value="meshes/Cube_026.ply"/>
        <boolean name="face_normals" value="true"/>
        <ref id="mat-Material" name="bsdf"/>
        <animation name="to_world">
            <transform time="0">
                <matrix value="0.9233950679666045 0.2300502896189795 -0.3072758700411943 -0.33469700956095505 -0.3514682807737927 0.18491503327958816 -0.9177564097411897 -1.1497184751652596 -0.15431012167857214 0.9554491545044772 0.2516050060966356 -0.8910042253939779 0.0 0.0 0.0 1.0"/>
            </transform>
            <transform time="0.0015">
                <matrix value="0.9233982753111899 0.23003530136232214 -0.30727745296965436 -0.3346927558094685 -0.35146412399138227 0.18490380410172977 -0.917760256427555 -1.1497149720778523 -0.15430041028596184 0.9554549365473761 0.2515890066046734 -0.8910135396117919 0.0 0.0 0.0 1.0"/>
            </transform>
        </animation>
    </shape>
    <shape name="temp31" type="ply">
        <string name="filename" value="meshes/Cube_027.ply"/>
        <boolean name="face_normals" value="true"/>
        <ref id="mat-Material" name="bsdf"/>
        <animation name="to_world">
            <transform time="0">
                <matrix value="0.8717246692090982 0.1729522989093139 -0.45845848496123826 -0.6067109559866689 -0.4856961634815355 0.1813013977218448 -0.8551194481965637 -1.5856823555469166 -0.06477571109184489 0.968099778275135 0.24204707009263385 -1.0313957443482766 0.0 0.0 0.0 1.0"/>
            </transform>
            <transform time="0.0015">
                <matrix value="0.8717206799745393 0.17293707035996467 -0.45847177815615575 -0.6067357465061487 -0.48570444513247985 0.18128612411761583 -0.8551179759028884 -1.585688059418829 -0.06476703370883229 0.9681053575710751 0.24202707072768115 -1.0314113398244171 0.0 0.0 0.0 1.0"/>
            </transform>
        </animation>
    </shape>
    <shape name="temp32" type="ply">
        <string name="filename" value="meshes/Cube_028.ply"/>
        <boolean name="face_normals" value="true"/>
        <ref id="mat-Material" name="bsdf"/>
        <animation name="to_world">
            <transform time="0">
                <matrix value="-0.10541729385295386 0.9846603104148112 0.13903719018618968 -1.4871109700909078 -0.7970895010345249 -6.891680207249131e-05 -0.6038612340498161 -2.1220976588454032 -0.5945885569307853 -0.17448245077937438 0.78486984782287 -1.3616056045852383 0.0 0.0 0.0 1.0"/>
            </transform>
            <transform time="0.0015">
                <matrix value="-0.10541894699175508 0.9846598598660139 0.13903912374181404 -1.487112172773251 -0.7970898999579809 -6.918626028987236e-05 -0.6038607064069961 -2.122097430992582 -0.594587727169997 -0.17448499112367657 0.7848699073954464 -1.3616099704894575 0.0 0.0 0.0 1.0"/>
            </transform>
        </animation>
    </shape>
    <shape name="temp33" type="ply">
        <string name="filename" value="meshes/Cube_029.ply"/>
        <boolean name="face_normals" value="true"/>
        <ref id="mat-Material" name="bsdf"/>
        <animation name="to_world">
            <transform time="0">
                <matrix value="0.002050659808838939 0.9760449540385004 0.21755951607039095 -1.5689713154043996 -0.9987008600652098 -0.009077908235524788 0.050140040593806154 -1.8232894590419697 0.050913919014515266 -0.21737964177772032 0.9747584157919645 -0.12639858092300993 0.0 0.0 0.0 1.0"/>
            </transform>
            <transform time="0.0015">
                <matrix value="0.00204916480329563 0.976045359532418 0.21755768038399934 -1.5689835322526215 -0.9987012430317275 -0.009077688968443428 0.05013263657358963 -1.8233027482118265 0.05090664903345505 -0.21737780203679796 0.9747592072561947 -0.12643120364431193 0.0 0.0 0.0 1.0"/>
            </transform>
        </animation>
    </shape>
    <shape name="temp34" type="ply">
        <string name="filename" value="meshes/Cube_030.ply"/>
        <boolean name="face_normals" value="true"/>
        <ref id="mat-Material" name="bsdf"/>
        <animation name="to_world">
            <transform time="0">
                <matrix value="-0.04222131430039895 0.9784250972218711 -0.2022415238197349 -3.2283564125926696 -0.9752822139869393 0.003581253867744597 0.22093244311340499 -1.918013353684318 0.21689006757156615 0.2065706523667503 0.9540898551867476 0.24432173565349302 0.0 0.0 0.0 1.0"/>
            </transform>
            <transform time="0.0015">
                <matrix value="-0.04222418337006954 0.9784216894869233 -0.2022573756751047 -3.228383744605199 -0.9752830279306339 0.0035812113808937653 0.22092887256434385 -1.9180212141682733 0.21688587080350794 0.20658676022658418 0.9540873224508427 0.24429910108337677 0.0 0.0 0.0 1.0"/>
            </transform>
        </animation>
    </shape>
    <shape name="temp35" type="ply">
        <string name="filename" value="meshes/Cube_031.ply"/>
        <boolean name="face_normals" value="true"/>
        <ref id="mat-Material" name="bsdf"/>
        <animation name="to_world">
            <transform time="0">
                <matrix value="0.13736953195503052 0.9760188810299048 0.1688694062363925 -1.8797485098463553 -0.778027027074945 0.0008076708877129383 0.6282302830928641 -1.1795712222530192 0.6130282770151074 -0.2176845916862562 0.759480043742592 0.5862327585929354 0.0 0.0 0.0 1.0"/>
            </transform>
            <transform time="0.0015">
                <matrix value="0.1374123731428059 0.9760185130817203 0.16883644898502406 -1.8796843760779003 -0.7778456126441425 0.0007989289644900957 0.6284531526117497 -1.178867227890255 0.613247062595258 -0.21768627373509952 0.7593015047309568 0.5865572863341896 0.0 0.0 0.0 1.0"/>
            </transform>
        </animation>
    </shape>
    <shape name="temp36" type="ply">
        <string name="filename" value="meshes/Cube_032.ply"/>
        <boolean name="face_normals" value="true"/>
        <ref id="mat-Material" name="bsdf"/>
        <animation name="to_world">
            <transform time="0">
                <matrix value="0.7194123685568244 0.6100387340615699 0.3321125090480313 -0.6492648044250564 -0.41831193364856645 -0.0011802708672716995 0.9083027240779518 -0.19501212911312157 0.5544920721880335 -0.7923706205167462 0.25433749972223546 -0.13092470462969752 0.0 0.0 0.0 1.0"/>
            </transform>
            <transform time="0.0015">
                <matrix value="0.7190035517992241 0.6100364437718503 0.3329649160237878 -0.6495064384207556 -0.4194140171404517 -0.001141263884266051 0.90777232389867 -0.19893371752363598 0.5541535776572383 -0.7923724227119355 0.25503688176981554 -0.13113215805601453 0.0 0.0 0.0 1.0"/>
            </transform>
        </animation>
    </shape>
    <shape name="temp37" type="ply">
        <string name="filename" value="meshes/Cube_033.ply"/>
        <boolean name="face_normals" value="true"/>
        <ref id="mat-Material" name="bsdf"/>
        <animation name="to_world">
            <transform time="0">
                <matrix value="0.9761881966643441 0.17245578539202333 0.13159104458841445 -0.1482250502205762 -0.15008869256259008 0.09896907324012406 0.9837066882385286 0.30049006812375467 0.1566224666549651 -0.9800326642651688 0.12249608883925638 -0.3840963562222267 0.0 0.0 0.0 1.0"/>
            </transform>
            <transform time="0.0015">
                <matrix value="0.9761884838892324 0.17245406429561758 0.13159115011697844 -0.1482277778102007 -0.15008877394297507 0.09897027995998621 0.9837065520726396 0.3004898012278147 0.15662058054486563 -0.9800328444846877 0.12249705136188452 -0.3841199181931403 0.0 0.0 0.0 1.0"/>
            </transform>
        </animation>
    </shape>
    <shape name="temp38" type="ply">
        <string name="filename" value="meshes/Cube_034.ply"/>
        <boolean name="face_normals" value="true"/>
        <ref id="mat-Material" name="bsdf"/>
        <animation name="to_world">
            <transform time="0">
                <matrix value="0.9999153409322604 -0.001550109193759999 0.012936805381870654 -0.033316256381752396 -0.012457196198054347 0.17725912190278734 0.9840853935580381 0.36911831169286513 -0.0038186026555466317 -0.984163045994873 0.17722479919398648 -0.38402019386980923 0.0 0.0 0.0 1.0"/>
            </transform>
            <transform time="0.0015">
                <matrix value="0.9999153249753222 -0.0015524261409501931 0.012937321110175391 -0.0333161301741666 -0.012457289705712409 0.17726000873300338 0.9840852318610449 0.36911778445417726 -0.0038209855051333785 -0.9841628807936473 0.17722565448597702 -0.3840484718041594 0.0 0.0 0.0 1.0"/>
