
<scene version="2.1.0">
    <default name="spp" value="1024"/>
    <default name="resx" value="640"/>
    <default name="resy" value="360"/>
    <integrator name="temp0" type="path">
        <integer name="max_depth" value="12"/>
    </integrator>
    <sensor name="temp44" type="perspective">
        <string name="fov_axis" value="x"/>
        <float name="fov" value="83.974423"/>
        <float name="principal_point_offset_x" value="0.000000"/>
        <float name="principal_point_offset_y" value="-0.000000"/>
        <float name="near_clip" value="0.100000"/>
        <float name="far_clip" value="1000.000000"/>
        <sampler name="sampler" type="correlated">
            <integer name="sample_count" value="1024"/>
        </sampler>
        <film name="film" type="hdrfilm">
            <integer name="width" value="$resx"/>
            <integer name="height" value="$resy"/>
        </film>
        <float name="shutter_open" value="0.0"/>
        <float name="shutter_close" value="0.0015"/>
        <animation name="to_world">
            <transform time="0">
                <rotate angle="-142.5518126578256" x="1"/>
                <rotate angle="3.976628485794621e-06" y="1"/>
                <rotate angle="-179.999991348578" z="1"/>
                <translate value="-0.000000 3.030926 4.073377"/>
            </transform>
            <transform time="0.0015">
                <rotate angle="-142.5518126578256" x="1"/>
                <rotate angle="3.976628485794621e-06" y="1"/>
                <rotate angle="-179.999991348578" z="1"/>
                <translate value="-0.000000 3.030926 4.073377"/>
                <translate x="0.15" y="0.0" z="0.0"/>
            </transform>
        </animation>
    </sensor>
    <bsdf id="mat-Material" name="mat-Material" type="twosided">
        <bsdf name="bsdf" type="diffuse">
            <texture name="reflectance" type="bitmap">
                <string name="filename" value="textures/siggraph_2023_logo.jpg"/>
            </texture>
        </bsdf>
    </bsdf>
    <bsdf id="mat-Material.001" name="mat-Material.001" type="twosided">
        <bsdf name="bsdf" type="principled">
            <rgb name="base_color" value="0.433648 0.266232 0.084399"/>
            <float name="spec_tint" value="0.000000"/>
            <float name="spec_trans" value="0.000000"/>
            <float name="metallic" value="0.000000"/>
            <float name="anisotropic" value="0.000000"/>
            <float name="roughness" value="0.500000"/>
            <float name="sheen" value="0.000000"/>
            <float name="sheen_tint" value="0.500000"/>
            <float name="clearcoat" value="0.000000"/>
            <float name="clearcoat_gloss" value="0.173205"/>
            <float name="specular" value="0.500000"/>
        </bsdf>
    </bsdf>
    <bsdf id="mat-Material.002" name="mat-Material.002" type="twosided">
        <bsdf name="bsdf" type="principled">
            <rgb name="base_color" value="0.433648 0.266232 0.084399"/>
            <float name="spec_tint" value="0.000000"/>
            <float name="spec_trans" value="0.000000"/>
            <float name="metallic" value="0.000000"/>
            <float name="anisotropic" value="0.000000"/>
            <float name="roughness" value="0.500000"/>
            <float name="sheen" value="0.000000"/>
            <float name="sheen_tint" value="0.500000"/>
            <float name="clearcoat" value="0.000000"/>
            <float name="clearcoat_gloss" value="0.173205"/>
            <float name="specular" value="0.500000"/>
        </bsdf>
    </bsdf>
    <bsdf id="mat-Material.003" name="mat-Material.003" type="twosided">
        <bsdf name="bsdf" type="principled">
            <rgb name="base_color" value="0.433648 0.266232 0.084399"/>
            <float name="spec_tint" value="0.000000"/>
            <float name="spec_trans" value="0.000000"/>
            <float name="metallic" value="0.000000"/>
            <float name="anisotropic" value="0.000000"/>
            <float name="roughness" value="0.500000"/>
            <float name="sheen" value="0.000000"/>
            <float name="sheen_tint" value="0.500000"/>
            <float name="clearcoat" value="0.000000"/>
            <float name="clearcoat_gloss" value="0.173205"/>
            <float name="specular" value="0.500000"/>
        </bsdf>
    </bsdf>
    <bsdf id="mat-Material.004" name="mat-Material.004" type="twosided">
        <bsdf name="bsdf" type="principled">
            <rgb name="base_color" value="0.433648 0.266232 0.084399"/>
            <float name="spec_tint" value="0.000000"/>
            <float name="spec_trans" value="0.000000"/>
            <float name="metallic" value="0.000000"/>
            <float name="anisotropic" value="0.000000"/>
            <float name="roughness" value="0.500000"/>
            <float name="sheen" value="0.000000"/>
            <float name="sheen_tint" value="0.500000"/>
            <float name="clearcoat" value="0.000000"/>
            <float name="clearcoat_gloss" value="0.173205"/>
            <float name="specular" value="0.500000"/>
        </bsdf>
    </bsdf>
    <bsdf id="mat-Material.005" name="mat-Material.005" type="twosided">
        <bsdf name="bsdf" type="principled">
            <rgb name="base_color" value="0.433648 0.266232 0.084399"/>
            <float name="spec_tint" value="0.000000"/>
            <float name="spec_trans" value="0.000000"/>
            <float name="metallic" value="0.000000"/>
            <float name="anisotropic" value="0.000000"/>
            <float name="roughness" value="0.500000"/>
            <float name="sheen" value="0.000000"/>
            <float name="sheen_tint" value="0.500000"/>
            <float name="clearcoat" value="0.000000"/>
            <float name="clearcoat_gloss" value="0.173205"/>
            <float name="specular" value="0.500000"/>
        </bsdf>
    </bsdf>
    <emitter name="temp45" type="point">
        <point name="position" x="-6.815235034541981e-16" y="3.0693089962005615" z="4.109199523925781"/>
        <rgb name="intensity" value="7.957747 7.957747 7.957747"/>
    </emitter>
    <shape name="temp2" type="ply">
        <string name="filename" value="meshes/Cube.ply"/>
        <boolean name="face_normals" value="true"/>
        <ref id="mat-Material" name="bsdf"/>
        <animation name="to_world">
            <transform time="0">
                <matrix value="0.9999991135176153 0.00015191532321144377 0.0013881913913330853 -0.002277238903284129 -0.00015280385513459464 0.9999997914159312 0.0006400639969438811 -0.018316348403100535 -0.0013880940096839336 -0.0006402759150061637 0.9999988180233473 0.003173039433981728 0.0 0.0 0.0 1.0"/>
                <scale value="1"/>
            </transform>
            <transform time="0.0015">
                <matrix value="0.9999991135176153 0.00015595211277989637 0.0013886202287798797 -0.0022796820109710204 -0.0001567838027554828 0.9999997914159312 0.0005992503992962514 -0.018252555864303032 -0.0013885310702222114 -0.0005994679833295932 0.9999988265337154 0.003169537697199533 0.0 0.0 0.0 1.0"/>
                <scale value="1"/>
            </transform>
        </animation>
    </shape>
    <shape name="temp4" type="ply">
        <string name="filename" value="meshes/Plane.ply"/>
        <boolean name="face_normals" value="true"/>
        <ref id="mat-Material.001" name="bsdf"/>
        <transform name="to_world">
            <scale value="1"/>
        </transform>
    </shape>
    <shape name="temp5" type="ply">
        <string name="filename" value="meshes/Cube_001.ply"/>
        <boolean name="face_normals" value="true"/>
        <ref id="mat-Material" name="bsdf"/>
        <animation name="to_world">
            <transform time="0">
                <matrix value="0.9999986702764229 -0.00015580061866034796 -0.001673782954100064 0.002262567096012802 0.00016204499075398872 0.999992908141662 0.003731098420359122 -0.021705806873177247 0.0016731911770181216 -0.0037313541486328357 0.9999917261634315 -0.0036195278210484627 0.0 0.0 0.0 1.0"/>
                <scale value="1"/>
            </transform>
            <transform time="0.0015">
                <matrix value="0.999998670276423 -0.00015114934060553027 -0.0016744180828687537 0.002262207575486043 0.00015719509160450637 0.9999931559435005 0.0036122563216561907 -0.021581315053462342 0.001673847166748994 -0.0036125044821207607 0.9999919729641054 -0.003629830931688748 0.0 0.0 0.0 1.0"/>
                <scale value="1"/>
            </transform>
        </animation>
    </shape>
    <shape name="temp6" type="ply">
        <string name="filename" value="meshes/Cube_002.ply"/>
        <boolean name="face_normals" value="true"/>
        <ref id="mat-Material" name="bsdf"/>
        <animation name="to_world">
            <transform time="0">
                <matrix value="1.0 -1.4536119460267866e-05 0.000368093533122059 -0.0008624070814411411 1.6007079448324284e-05 0.9999920738053869 -0.003996428539346348 -0.015049896681281594 -0.0003680329133179795 0.003996429040742726 0.999991962558762 0.0005956069177353029 0.0 0.0 0.0 1.0"/>
                <scale value="1"/>
            </transform>
            <transform time="0.0015">
                <matrix value="1.0 -1.5025516827631686e-05 0.00036824484746625434 -0.0008626612552115894 1.6467481795853176e-05 0.9999922990797856 -0.00391692195756552 -0.01510595986782016 -0.00036818456805897217 0.003916922797041548 0.9999921923386997 0.0006044700137883837 0.0 0.0 0.0 1.0"/>
                <scale value="1"/>
            </transform>
        </animation>
    </shape>
    <shape name="temp7" type="ply">
        <string name="filename" value="meshes/Cube_003.ply"/>
        <boolean name="face_normals" value="true"/>
        <ref id="mat-Material" name="bsdf"/>
        <animation name="to_world">
            <transform time="0">
                <matrix value="0.9999991135176153 0.0006595866280925196 0.001335858193060284 -0.0012155939566054208 -0.000666453024411952 0.9999864420355303 0.005145924473583059 -0.017555186711968318 -0.0013324450779838553 -0.005146799381756821 0.9999860526754988 0.004053892848728591 0.0 0.0 0.0 1.0"/>
                <scale value="1"/>
            </transform>
            <transform time="0.0015">
                <matrix value="0.9999991135176153 0.0006478294821351104 0.0013361531624174162 -0.0012145213160385153 -0.000654573179637054 0.9999868099837148 0.005053288266158941 -0.0175588340044648 -0.0013328320337360725 -0.005054147475796374 0.9999864016005895 0.004048071210267843 0.0 0.0 0.0 1.0"/>
                <scale value="1"/>
            </transform>
        </animation>
    </shape>
    <shape name="temp8" type="ply">
        <string name="filename" value="meshes/Cube_004.ply"/>
        <boolean name="face_normals" value="true"/>
        <ref id="mat-Material" name="bsdf"/>
        <animation name="to_world">
            <transform time="0">
                <matrix value="0.9999995567588077 -0.000374043381314622 0.0010653344686613073 -0.0004916431142416577 0.0003762701076366911 0.9999977055752436 -0.002091200372937273 -0.01877740402064293 -0.0010645501013249366 0.002091599693798587 0.9999973996513641 0.0032720531318742793 0.0 0.0 0.0 1.0"/>
                <scale value="1"/>
            </transform>
            <transform time="0.0015">
                <matrix value="0.9999995567588077 -0.00035489900723984457 0.0010658264530391437 -0.0004928608051142393 0.00035705398072320894 0.9999977881758564 -0.002023723136843719 -0.018728275394512415 -0.0010650715740664813 0.002024101927192254 0.9999974762446767 0.003276331881852599 0.0 0.0 0.0 1.0"/>
                <scale value="1"/>
            </transform>
        </animation>
    </shape>
    <shape name="temp9" type="ply">
        <string name="filename" value="meshes/Cube_005.ply"/>
        <boolean name="face_normals" value="true"/>
        <ref id="mat-Material" name="bsdf"/>
        <animation name="to_world">
            <transform time="0">
                <matrix value="0.9999995567588077 -0.0004338798931215232 0.0008021484553219917 -0.000634595295261331 0.0004363922294500086 0.9999949939823496 -0.0031344366061006068 -0.019868817026185315 -0.0008007861325787595 0.003134795368599337 0.9999947993027284 0.001846219555404649 0.0 0.0 0.0 1.0"/>
                <scale value="1"/>
            </transform>
            <transform time="0.0015">
                <matrix value="0.9999995567588077 -0.00044460888672345886 0.0008023001951845903 -0.0006348534742331243 0.00044718457697026263 0.9999946560707517 -0.0032126945466789403 -0.01992081315180252 -0.0008008466093746731 0.0032130617020103037 0.9999944673983739 0.0018475163005108593 0.0 0.0 0.0 1.0"/>
                <scale value="1"/>
            </transform>
        </animation>
    </shape>
    <shape name="temp10" type="ply">
        <string name="filename" value="meshes/Cube_006.ply"/>
        <boolean name="face_normals" value="true"/>
        <ref id="mat-Material" name="bsdf"/>
        <animation name="to_world">
            <transform time="0">
                <matrix value="0.9999991135176153 -0.00017937937896179366 -0.0013812508244287153 -0.0011924509810312678 0.00018157198148315595 0.9999987484955875 0.0015875459375226054 -0.0171795768764052 0.0013809622588989534 -0.0015877961633046394 0.9999978724420252 -0.003308750532239557 0.0 0.0 0.0 1.0"/>
                <scale value="1"/>
            </transform>
            <transform time="0.0015">
                <matrix value="0.9999991135176153 -0.00016420950608423996 -0.001382042629073481 -0.0011931046248107166 0.00016628239431828675 0.9999987785321739 0.0015013497809243002 -0.01719994342519487 0.0013817573931312415 -0.001501578769993051 0.9999979064834975 -0.0033123046119720636 0.0 0.0 0.0 1.0"/>
                <scale value="1"/>
            </transform>
        </animation>
    </shape>
    <shape name="temp11" type="ply">
        <string name="filename" value="meshes/Cube_007.ply"/>
        <boolean name="face_normals" value="true"/>
        <ref id="mat-Material" name="bsdf"/>
        <animation name="to_world">
            <transform time="0">
                <matrix value="0.999997340552846 -0.0023567872213056114 -7.86281600736797e-05 0.0006390105544000768 0.0023572187147069203 0.9999789330090546 0.0060299011725681185 -0.01725638048222089 6.441535600246087e-05 -0.006030079908556744 0.9999820339548797 8.62248224360318e-05 0.0 0.0 0.0 1.0"/>
                <scale value="1"/>
            </transform>
            <transform time="0.0015">
                <matrix value="0.9999973884236607 -0.002333783250995219 -7.84156646934652e-05 0.000637750091624674 0.0023342100863260056 0.9999792934480926 0.005971268991784437 -0.01726013958482257 6.444232322807932e-05 -0.005971445262799732 0.9999823318177621 8.298135934922381e-05 0.0 0.0 0.0 1.0"/>
                <scale value="1"/>
            </transform>
        </animation>
    </shape>
    <shape name="temp12" type="ply">
        <string name="filename" value="meshes/Cube_008.ply"/>
        <boolean name="face_normals" value="true"/>
        <ref id="mat-Material" name="bsdf"/>
        <animation name="to_world">
            <transform time="0">
                <matrix value="0.9999995567588077 0.0012060768882594284 0.00010021081735576695 0.0001751600096606687 -0.0012059085823905593 0.9999977055752436 -0.0016703079427412685 -0.017129809862603873 -0.00010222515943385688 0.0016701847846265197 0.9999985816280168 1.2333912902784405e-05 0.0 0.0 0.0 1.0"/>
                <scale value="1"/>
            </transform>
            <transform time="0.0015">
                <matrix value="0.9999995727157459 0.0011411216436078115 0.00010022817850661951 0.0001781675693233356 -0.0011409616097996411 0.9999977731575631 -0.0015876815451315 -0.017172648325104713 -0.00010218344799730858 0.001587565023461494 0.9999986326902252 1.435148309780977e-05 0.0 0.0 0.0 1.0"/>
                <scale value="1"/>
            </transform>
        </animation>
    </shape>
    <shape name="temp13" type="ply">
        <string name="filename" value="meshes/Cube_009.ply"/>
        <boolean name="face_normals" value="true"/>
        <ref id="mat-Material" name="bsdf"/>
        <animation name="to_world">
            <transform time="0">
                <matrix value="0.9999995567588077 0.000575510561654322 0.000913036776967152 0.001612498394338413 -0.0005753226352639147 0.9999997914159312 -0.00020593839254011984 -0.016914761464659367 -0.0009131566396644133 0.00020541296516854635 0.9999995272093389 0.0015268351895614263 0.0 0.0 0.0 1.0"/>
                <scale value="1"/>
            </transform>
            <transform time="0.0015">
                <matrix value="0.9999995408018695 0.0005901821575986315 0.0009132298772185464 0.0016134033767482288 -0.0005899897741820831 0.999999776397638 -0.00021086435527312372 -0.01689188205876058 -0.0009133575375168015 0.00021032532123311504 0.9999995272093389 0.001528404847254966 0.0 0.0 0.0 1.0"/>
                <scale value="1"/>
            </transform>
        </animation>
    </shape>
    <shape name="temp14" type="ply">
        <string name="filename" value="meshes/Cube_010.ply"/>
        <boolean name="face_normals" value="true"/>
        <ref id="mat-Material" name="bsdf"/>
        <animation name="to_world">
            <transform time="0">
                <matrix value="0.9999822703523058 -0.000518396071944817 0.005966074433324934 0.012521504214404455 0.0005172004177104996 0.9999997914159312 0.00020195465843002297 -0.018386324487690675 -0.005966181583505754 -0.00019886551124998175 0.9999822703502103 0.009806821127931187 0.0 0.0 0.0 1.0"/>
                <scale value="1"/>
            </transform>
            <transform time="0.0015">
                <matrix value="0.9999822543953676 -0.0005200555182567955 0.005969598576740643 0.012535030809355276 0.0005188578648850486 0.9999997914159312 0.0002021773577415474 -0.01838888448605463 -0.005969705832884506 -0.00019907632303224558 0.9999822533294741 0.009812783383607448 0.0 0.0 0.0 1.0"/>
                <scale value="1"/>
            </transform>
        </animation>
    </shape>
    <shape name="temp15" type="ply">
        <string name="filename" value="meshes/Cube_011.ply"/>
        <boolean name="face_normals" value="true"/>
        <ref id="mat-Material" name="bsdf"/>
        <animation name="to_world">
            <transform time="0">
                <matrix value="0.999997340552846 -0.0020340346625005476 -0.0010964984650851189 -0.0023662409840234933 0.00203333351062981 0.9999977055752436 -0.0006433049769254517 -0.021654127033831183 0.0010978020555753537 0.0006410747919895375 0.9999992908140084 -0.001640666865271978 0.0 0.0 0.0 1.0"/>
                <scale value="1"/>
            </transform>
            <transform time="0.0015">
                <matrix value="0.9999832346194455 -0.0009497271814845605 -0.0010857394875700094 -0.0020157082176956 0.0009491224278462018 0.9999834832515416 -0.0005342428229954345 -0.0198703650756046 0.0010893973766371939 0.0005329332436517888 0.9999992057103279 -0.0020238911811330884 0.0 0.0 0.0 1.0"/>
                <scale value="1"/>
            </transform>
        </animation>
    </shape>
    <shape name="temp16" type="ply">
        <string name="filename" value="meshes/Cube_012.ply"/>
        <boolean name="face_normals" value="true"/>
        <ref id="mat-Material" name="bsdf"/>
        <animation name="to_world">
            <transform time="0">
                <matrix value="0.9995935478266111 0.028220110424406007 0.004076141044801171 0.07616659601912357 -0.028314087800761313 0.9992812192990325 0.025207330524641615 0.051662027771932295 -0.003361869201297101 -0.025312490222621775 0.9996740108391987 -0.13021166756212987 0.0 0.0 0.0 1.0"/>
                <scale value="1"/>
            </transform>
            <transform time="0.0015">
                <matrix value="0.9995608361032279 0.029037113086017724 0.004146602637195176 0.07701017721835686 -0.029135840759136875 0.999221048507151 0.02597262196873775 0.05371720212801555 -0.0033723576967994696 -0.0260829038858471 0.9996462074667305 -0.13263583309575092 0.0 0.0 0.0 1.0"/>
                <scale value="1"/>
            </transform>
        </animation>
    </shape>
    <shape name="temp17" type="ply">
        <string name="filename" value="meshes/Cube_013.ply"/>
        <boolean name="face_normals" value="true"/>
        <ref id="mat-Material" name="bsdf"/>
        <animation name="to_world">
            <transform time="0">
                <matrix value="0.9964815514150918 0.07187127025612038 0.04311810641666757 0.10401330553577648 -0.07810087105759123 0.9829353201661164 0.1665484059626467 0.2542146177212139 -0.030412271930244476 -0.169329965395903 0.985090073712792 -0.21664273651335053 0.0 0.0 0.0 1.0"/>
                <scale value="1"/>
            </transform>
            <transform time="0.0015">
                <matrix value="0.9963757569145887 0.07276282672905318 0.0437061439147063 0.10489806651418274 -0.07917001783326397 0.9823778035751719 0.1687951788753474 0.2579118539968073 -0.03059152164280583 -0.17165410034124345 0.9846051188989772 -0.21825753151011174 0.0 0.0 0.0 1.0"/>
                <scale value="1"/>
            </transform>
        </animation>
    </shape>
    <shape name="temp18" type="ply">
        <string name="filename" value="meshes/Cube_014.ply"/>
        <boolean name="face_normals" value="true"/>
        <ref id="mat-Material" name="bsdf"/>
        <animation name="to_world">
            <transform time="0">
                <matrix value="0.985206381963984 0.17063286492304292 -0.015914535523362715 0.0015214894970454473 -0.12980384804273554 0.8036352031504538 0.580793777696668 0.5985895647095415 0.11189198389438804 -0.5701359759544286 0.8138951756913736 -0.3154338972961982 0.0 0.0 0.0 1.0"/>
                <scale value="1"/>
            </transform>
            <transform time="0.0015">
                <matrix value="0.9850089627241312 0.1717024655151255 -0.015431664898686987 0.0020320388623841323 -0.1304672928551516 0.8010986359490085 0.5837779723001255 0.6017995279513705 0.11271666718490121 -0.5730060093390601 0.8115231488835661 -0.31802613204373686 0.0 0.0 0.0 1.0"/>
                <scale value="1"/>
            </transform>
        </animation>
    </shape>
    <shape name="temp19" type="ply">
        <string name="filename" value="meshes/Cube_015.ply"/>
        <boolean name="face_normals" value="true"/>
        <ref id="mat-Material" name="bsdf"/>
        <animation name="to_world">
            <transform time="0">
                <matrix value="0.9819472294766032 0.18897487187723577 0.008258447232543506 0.003034681073421086 -0.12162888478743039 0.5973634973707979 0.7926935876821012 0.5086749407366036 0.14486593726896055 -0.7793879309086131 0.6095642713988599 -0.27472321761308327 0.0 0.0 0.0 1.0"/>
                <scale value="1"/>
            </transform>
            <transform time="0.0015">
                <matrix value="0.9816968491587458 0.19015751741530873 0.008449367978676469 0.002948810258900959 -0.12194783685596834 0.5946505403152036 0.7945011217761585 0.509965635402317 0.1461271098393625 -0.7809793143156105 0.6069841831125998 -0.2764940283411615 0.0 0.0 0.0 1.0"/>
                <scale value="1"/>
            </transform>
        </animation>
    </shape>
    <shape name="temp20" type="ply">
        <string name="filename" value="meshes/Cube_016.ply"/>
        <boolean name="face_normals" value="true"/>
        <ref id="mat-Material" name="bsdf"/>
        <animation name="to_world">
            <transform time="0">
                <matrix value="0.9806928569022405 0.18368716144198338 0.06708738731625583 0.08147829352158165 -0.1597298533580839 0.554502808584486 0.8167087529153454 0.2717402102448099 0.11281875690348157 -0.8116560949307814 0.5731374057314521 -0.2194158589484132 0.0 0.0 0.0 1.0"/>
                <scale value="1"/>
            </transform>
            <transform time="0.0015">
                <matrix value="0.9805351066108418 0.18441079462358348 0.06729015789888247 0.08146978601752695 -0.16000411323401112 0.5524735368013778 0.8179359650110517 0.27223569555486643 0.1136949763174148 -0.8127777211434046 0.5712401978890941 -0.2201009364208001 0.0 0.0 0.0 1.0"/>
                <scale value="1"/>
            </transform>
        </animation>
    </shape>
    <shape name="temp21" type="ply">
        <string name="filename" value="meshes/Cube_017.ply"/>
        <boolean name="face_normals" value="true"/>
        <ref id="mat-Material" name="bsdf"/>
        <animation name="to_world">
            <transform time="0">
                <matrix value="0.9500750850579848 0.2230844160584703 0.2181534593383484 0.20554350483164163 -0.3067349169454654 0.5396007283755682 0.7840566478858456 0.09280485155068066 0.05719508995136758 -0.8118277596193759 0.5810887990691698 -0.15713219942534912 0.0 0.0 0.0 1.0"/>
                <scale value="1"/>
            </transform>
            <transform time="0.0015">
                <matrix value="0.950026033429848 0.22276252147022838 0.218672381584221 0.20559281942350144 -0.3068635553987468 0.5378190707023178 0.7851546130217492 0.09277757827221941 0.05731217398567251 -0.8130200318834182 0.5793008643527662 -0.15624316926530915 0.0 0.0 0.0 1.0"/>
                <scale value="1"/>
            </transform>
        </animation>
    </shape>
    <shape name="temp22" type="ply">
        <string name="filename" value="meshes/Cube_018.ply"/>
        <boolean name="face_normals" value="true"/>
        <ref id="mat-Material" name="bsdf"/>
        <animation name="to_world">
            <transform time="0">
                <matrix value="0.05492170587578254 0.9906900586746985 0.12456721924863164 0.8838342369988693 -0.655594501681657 -0.058317957211064135 0.7528579013484462 0.064697724389171 0.7531133261350963 -0.12301381035119299 0.6462880496014138 -0.3607559089732171 0.0 0.0 0.0 1.0"/>
                <scale value="1"/>
            </transform>
            <transform time="0.0015">
                <matrix value="0.0562064867363043 0.9906051377355513 0.12449059019250094 0.8834885904228462 -0.6542186306392164 -0.05768458171911557 0.754037114968266 0.06321575664709063 0.7541328308759175 -0.12386921779228786 0.6448550227644241 -0.35990669088824423 0.0 0.0 0.0 1.0"/>
                <scale value="1"/>
            </transform>
        </animation>
    </shape>
    <shape name="temp23" type="ply">
        <string name="filename" value="meshes/Cube_019.ply"/>
        <boolean name="face_normals" value="true"/>
        <ref id="mat-Material" name="bsdf"/>
        <animation name="to_world">
            <transform time="0">
                <matrix value="-0.08176310708529912 0.9892347676269183 -0.12136536269426376 0.4519883926635003 -0.8622876209826835 -0.009150140898538451 0.506336104044204 -0.09511669913470458 0.49977483347428403 0.14605144100303907 0.8537530831860984 -0.033264962985528834 0.0 0.0 0.0 1.0"/>
                <scale value="1"/>
            </transform>
            <transform time="0.0015">
                <matrix value="-0.0817260167780639 0.9892196817513549 -0.12151066446342121 0.45209870158820453 -0.8626317961834907 -0.009147617299633223 0.5057369486013252 -0.0948194849815527 0.49917373561094275 0.14615274014188345 0.8540798472783214 -0.0333876655609949 0.0 0.0 0.0 1.0"/>
                <scale value="1"/>
            </transform>
        </animation>
    </shape>
    <shape name="temp24" type="ply">
        <string name="filename" value="meshes/Cube_020.ply"/>
        <boolean name="face_normals" value="true"/>
        <ref id="mat-Material" name="bsdf"/>
        <animation name="to_world">
            <transform time="0">
                <matrix value="0.10046498651681134 0.994878179235221 0.011138333418369116 -0.16467391240405194 -0.9022907318784448 0.09582137472180562 -0.4203439937585912 0.2792600361630891 -0.41925835902972924 0.032179847734442484 0.9072963888170711 0.1312005230494968 0.0 0.0 0.0 1.0"/>
                <scale value="1"/>
            </transform>
            <transform time="0.0015">
                <matrix value="0.09974894900955394 0.9949453242115203 0.010853217364803765 -0.1645056747537697 -0.9022173374159966 0.09504156900964758 -0.4206558476858977 0.27957267398283986 -0.41956758898800145 0.03216148633815281 0.907152367858058 0.13136786049056087 0.0 0.0 0.0 1.0"/>
                <scale value="1"/>
            </transform>
        </animation>
    </shape>
    <shape name="temp25" type="ply">
        <string name="filename" value="meshes/Cube_021.ply"/>
        <boolean name="face_normals" value="true"/>
        <ref id="mat-Material" name="bsdf"/>
        <animation name="to_world">
            <transform time="0">
                <matrix value="0.22757017837798546 0.9536653435483905 -0.19681038872375362 -0.23146837759289862 -0.7322446443166728 0.03436380816106028 -0.680174611046943 0.19425413965262742 -0.6418956893907561 0.29890076195760323 0.7061362554317737 0.17922057075922426 0.0 0.0 0.0 1.0"/>
                <scale value="1"/>
            </transform>
            <transform time="0.0015">
                <matrix value="0.2245144997034461 0.9541181075439593 -0.19744767742385802 -0.23256981994203618 -0.731794435261289 0.03141746682845669 -0.6806226308633558 0.1956403157269959 -0.6432466835664873 0.2972563714846017 0.7055073647628759 0.18008665081856925 0.0 0.0 0.0 1.0"/>
                <scale value="1"/>
            </transform>
        </animation>
    </shape>
    <shape name="temp26" type="ply">
        <string name="filename" value="meshes/Cube_022.ply"/>
        <boolean name="face_normals" value="true"/>
        <ref id="mat-Material" name="bsdf"/>
        <animation name="to_world">
            <transform time="0">
                <matrix value="0.680139425949467 0.48193515955638344 -0.5524031712906381 -0.1096434807336294 -0.6216847775017862 -0.020136267972124828 -0.7830089437809352 -0.06663515293890061 -0.38848290950610526 0.8759754955436014 0.2859163699511276 0.570543891860956 0.0 0.0 0.0 1.0"/>
                <scale value="1"/>
            </transform>
            <transform time="0.0015">
                <matrix value="0.679766639958403 0.48063222499857394 -0.5538966217408892 -0.10893646037099158 -0.622937141842282 -0.02007137430247551 -0.7819692065833324 -0.06842889991507715 -0.386990774615985 0.8766594211087795 0.2857155507958983 0.5718897085461739 0.0 0.0 0.0 1.0"/>
                <scale value="1"/>
            </transform>
        </animation>
    </shape>
    <shape name="temp27" type="ply">
        <string name="filename" value="meshes/Cube_023.ply"/>
        <boolean name="face_normals" value="true"/>
        <ref id="mat-Material" name="bsdf"/>
        <animation name="to_world">
            <transform time="0">
                <matrix value="0.8629857258606415 0.30947075964232007 -0.3993542152360573 -0.0983866977947443 -0.46534607385816634 0.17906833839844982 -0.866826217755086 -0.2703435291070282 -0.19674567884161576 0.9338963712629558 0.2985443721127265 0.1639746078599551 0.0 0.0 0.0 1.0"/>
                <scale value="1"/>
            </transform>
            <transform time="0.0015">
                <matrix value="0.8624168290986599 0.3098321823783798 -0.40025922479682347 -0.09881264196669196 -0.4661244852191835 0.17793011321721885 -0.8666122756123005 -0.2711512914999272 -0.19731171931165306 0.933973550271936 0.29789510762268107 0.16360456701227244 0.0 0.0 0.0 1.0"/>
                <scale value="1"/>
            </transform>
        </animation>
    </shape>
    <shape name="temp28" type="ply">
        <string name="filename" value="meshes/Cube_024.ply"/>
        <boolean name="face_normals" value="true"/>
        <ref id="mat-Material" name="bsdf"/>
        <animation name="to_world">
            <transform time="0">
                <matrix value="0.8941735058782647 0.3194039501650943 -0.3137443554704953 -0.12760646322170965 -0.3828412912857009 0.18213160403234724 -0.9056825182343538 -0.5158128850676761 -0.2321357842798306 0.9299512121863157 0.2851381565230218 -0.2110737054261847 0.0 0.0 0.0 1.0"/>
                <scale value="1"/>
            </transform>
            <transform time="0.0015">
                <matrix value="0.8940269573575075 0.3193091096432594 -0.314246058688662 -0.1278085745283625 -0.38321674368114406 0.18171154537397557 -0.9056033207491411 -0.5160630219123779 -0.23207106932112162 0.9300630984709825 0.28482019215137805 -0.21100239528029463 0.0 0.0 0.0 1.0"/>
                <scale value="1"/>
            </transform>
        </animation>
    </shape>
    <shape name="temp29" type="ply">
        <string name="filename" value="meshes/Cube_025.ply"/>
        <boolean name="face_normals" value="true"/>
        <ref id="mat-Material" name="bsdf"/>
        <animation name="to_world">
            <transform time="0">
                <matrix value="0.8880448099115822 0.4010627358303628 -0.22477900582525373 -0.28750327243142815 -0.32084071329918606 0.19042524034099323 -0.9277928098941847 -0.7920619119072869 -0.32929961686231335 0.8960394057022714 0.29778341554374943 -0.7468027838678133 0.0 0.0 0.0 1.0"/>
                <scale value="1"/>
            </transform>
            <transform time="0.0015">
                <matrix value="0.8880485757490059 0.40108748597762867 -0.22471969281502485 -0.28744352932828204 -0.3209285977322134 0.19080990914225043 -0.9276809496163386 -0.7920894698831815 -0.32920310291708815 0.8959441371590791 0.2981690203207737 -0.746449531242704 0.0 0.0 0.0 1.0"/>
                <scale value="1"/>
            </transform>
        </animation>
    </shape>
    <shape name="temp30" type="ply">
        <string name="filename" value="meshes/Cube_026.ply"/>
        <boolean name="face_normals" value="true"/>
        <ref id="mat-Material" name="bsdf"/>
        <animation name="to_world">
            <transform time="0">
                <matrix value="0.9237602987091044 0.2541703255788729 -0.28646929862923803 -0.30169931320737275 -0.3410841590916747 0.20587255930566536 -0.917212227690309 -1.1292407878975106 -0.17415203527490705 0.9449940866416505 0.2768704662330546 -0.8499854740955279 0.0 0.0 0.0 1.0"/>
                <scale value="1"/>
            </transform>
            <transform time="0.0015">
                <matrix value="0.9237204382773915 0.25410617493928184 -0.28665284173729544 -0.30195512169314676 -0.341239381804057 0.20582676177133294 -0.9171643568699435 -1.129403354779578 -0.17405667980339776 0.9450212171883955 0.2768372928183373 -0.8498866628844596 0.0 0.0 0.0 1.0"/>
                <scale value="1"/>
            </transform>
        </animation>
    </shape>
    <shape name="temp31" type="ply">
        <string name="filename" value="meshes/Cube_027.ply"/>
        <boolean name="face_normals" value="true"/>
        <ref id="mat-Material" name="bsdf"/>
        <animation name="to_world">
            <transform time="0">
                <matrix value="0.8788302687637294 0.18727253385840897 -0.43884689194511284 -0.5164087562108564 -0.47156120185735795 0.20073436193090444 -0.858682635013647 -1.564797053208762 -0.07271602245991769 0.9615792317014411 0.26472187380177115 -0.9801225609453218 0.0 0.0 0.0 1.0"/>
                <scale value="1"/>
            </transform>
            <transform time="0.0015">
                <matrix value="0.8786852361521045 0.18692115460595607 -0.4392768697812279 -0.5170356716741622 -0.47188461708152046 0.20069139309210446 -0.858512887212223 -1.5650404625256757 -0.07231722506383562 0.9616547436798711 0.264546883613619 -0.9797209461883347 0.0 0.0 0.0 1.0"/>
                <scale value="1"/>
            </transform>
        </animation>
    </shape>
    <shape name="temp32" type="ply">
        <string name="filename" value="meshes/Cube_028.ply"/>
        <boolean name="face_normals" value="true"/>
        <ref id="mat-Material" name="bsdf"/>
        <animation name="to_world">
            <transform time="0">
                <matrix value="-0.10999934400303531 0.9805975099233871 0.16226066745748785 -1.4564052077057845 -0.8333080685853692 -0.0020036418778406543 -0.5528052797478702 -2.1008922541244606 -0.541754650043349 -0.1960213006051024 0.8173604948416175 -1.183663467942237 0.0 0.0 0.0 1.0"/>
                <scale value="1"/>
            </transform>
            <transform time="0.0015">
                <matrix value="-0.10995176520029773 0.9805973447221615 0.16229365704825496 -1.4562675185010792 -0.833502711317969 -0.002015542373407076 -0.5525086678897014 -2.1007442882053295 -0.5414616806573403 -0.19602201622677545 0.8175524121518509 -1.182954793850559 0.0 0.0 0.0 1.0"/>
                <scale value="1"/>
            </transform>
        </animation>
    </shape>
    <shape name="temp33" type="ply">
        <string name="filename" value="meshes/Cube_029.ply"/>
        <boolean name="face_normals" value="true"/>
        <ref id="mat-Material" name="bsdf"/>
        <animation name="to_world">
            <transform time="0">
                <matrix value="-0.0056594054894535195 0.9866232950859679 0.16291862658095288 -1.6645897727300116 -0.9998320115880978 -0.0027389883255496713 -0.018144641792519598 -1.9184213196325726 -0.017455702475236114 -0.16299386971421898 0.9864727500010638 -0.21553803693935536 0.0 0.0 0.0 1.0"/>
                <scale value="1"/>
            </transform>
            <transform time="0.0015">
                <matrix value="-0.0057263335159264085 0.9866051830243159 0.1630245925778772 -1.6645757028195702 -0.9998266021860358 -0.0027633938029855793 -0.0183914518278089 -1.9187480685129026 -0.017694419707367605 -0.16310199166368403 0.9864496869036077 -0.2161137383912338 0.0 0.0 0.0 1.0"/>
                <scale value="1"/>
            </transform>
        </animation>
    </shape>
    <shape name="temp34" type="ply">
        <string name="filename" value="meshes/Cube_030.ply"/>
        <boolean name="face_normals" value="true"/>
        <ref id="mat-Material" name="bsdf"/>
        <animation name="to_world">
            <transform time="0">
                <matrix value="-0.04415822321574853 0.9821536601012656 -0.18282315389313075 -3.208336136815381 -0.9674260107142838 0.0036224605530446774 0.2531278407820294 -1.8455729717076395 0.2492726982828359 0.18804551495480376 0.9500010386442715 0.3309253104158376 0.0 0.0 0.0 1.0"/>
                <scale value="1"/>
            </transform>
            <transform time="0.0015">
                <matrix value="-0.04406468103182229 0.9821530667817306 -0.18284822083981642 -3.2081459317000243 -0.9675542129838183 0.0036213035034841257 0.25262298520932475 -1.846719879374213 0.248776590559869 0.188048634498701 0.950126772228531 0.3299457591393159 0.0 0.0 0.0 1.0"/>
                <scale value="1"/>
            </transform>
        </animation>
    </shape>
    <shape name="temp35" type="ply">
        <string name="filename" value="meshes/Cube_031.ply"/>
        <boolean name="face_normals" value="true"/>
        <ref id="mat-Material" name="bsdf"/>
        <animation name="to_world">
            <transform time="0">
                <matrix value="0.09923252787543858 0.9867782730490611 0.12814657550632333 -2.0310866809206285 -0.7974042022810965 0.0018233418087993277 0.6034432871054385 -1.2559229094890778 0.5952308134185066 -0.16206573318343093 0.7870418481197824 0.5780687812741241 0.0 0.0 0.0 1.0"/>
                <scale value="1"/>
            </transform>
            <transform time="0.0015">
                <matrix value="0.09925295116068654 0.9867594551276265 0.1282738446565879 -2.0308957690090326 -0.7976748319535751 0.0018377885808937768 0.6030809071228636 -1.257007858882429 0.5948599263030927 -0.16217901466753992 0.7872952358185492 0.5774225648352352 0.0 0.0 0.0 1.0"/>
                <scale value="1"/>
            </transform>
        </animation>
    </shape>
    <shape name="temp36" type="ply">
