
<scene version="2.1.0">
    <default name="spp" value="1024"/>
    <default name="resx" value="640"/>
    <default name="resy" value="360"/>
    <integrator name="temp0" type="path">
        <integer name="max_depth" value="12"/>
    </integrator>
    <sensor name="temp44" type="perspective">
        <string name="fov_axis" value="x"/>
        <float name="fov" value="83.974423"/>
        <float name="principal_point_offset_x" value="0.000000"/>
        <float name="principal_point_offset_y" value="-0.000000"/>
        <float name="near_clip" value="0.100000"/>
        <float name="far_clip" value="1000.000000"/>
        <sampler name="sampler" type="correlated">
            <integer name="sample_count" value="1024"/>
        </sampler>
        <film name="film" type="hdrfilm">
            <integer name="width" value="$resx"/>
            <integer name="height" value="$resy"/>
        </film>
        <float name="shutter_open" value="0.0"/>
        <float name="shutter_close" value="0.0015"/>
        <animation name="to_world">
            <transform time="0">
                <rotate angle="-142.5518126578256" x="1"/>
                <rotate angle="3.976628485794621e-06" y="1"/>
                <rotate angle="-179.999991348578" z="1"/>
                <translate value="-0.000000 3.030926 4.073377"/>
            </transform>
            <transform time="0.0015">
                <rotate angle="-142.5518126578256" x="1"/>
                <rotate angle="3.976628485794621e-06" y="1"/>
                <rotate angle="-179.999991348578" z="1"/>
                <translate value="-0.000000 3.030926 4.073377"/>
                <translate x="0.15" y="0.0" z="0.0"/>
            </transform>
        </animation>
    </sensor>
    <bsdf id="mat-Material" name="mat-Material" type="twosided">
        <bsdf name="bsdf" type="diffuse">
            <texture name="reflectance" type="bitmap">
                <string name="filename" value="textures/siggraph_2023_logo.jpg"/>
            </texture>
        </bsdf>
    </bsdf>
    <bsdf id="mat-Material.001" name="mat-Material.001" type="twosided">
        <bsdf name="bsdf" type="principled">
            <rgb name="base_color" value="0.433648 0.266232 0.084399"/>
            <float name="spec_tint" value="0.000000"/>
            <float name="spec_trans" value="0.000000"/>
            <float name="metallic" value="0.000000"/>
            <float name="anisotropic" value="0.000000"/>
            <float name="roughness" value="0.500000"/>
            <float name="sheen" value="0.000000"/>
            <float name="sheen_tint" value="0.500000"/>
            <float name="clearcoat" value="0.000000"/>
            <float name="clearcoat_gloss" value="0.173205"/>
            <float name="specular" value="0.500000"/>
        </bsdf>
    </bsdf>
    <bsdf id="mat-Material.002" name="mat-Material.002" type="twosided">
        <bsdf name="bsdf" type="principled">
            <rgb name="base_color" value="0.433648 0.266232 0.084399"/>
            <float name="spec_tint" value="0.000000"/>
            <float name="spec_trans" value="0.000000"/>
            <float name="metallic" value="0.000000"/>
            <float name="anisotropic" value="0.000000"/>
            <float name="roughness" value="0.500000"/>
            <float name="sheen" value="0.000000"/>
            <float name="sheen_tint" value="0.500000"/>
            <float name="clearcoat" value="0.000000"/>
            <float name="clearcoat_gloss" value="0.173205"/>
            <float name="specular" value="0.500000"/>
        </bsdf>
    </bsdf>
    <bsdf id="mat-Material.003" name="mat-Material.003" type="twosided">
        <bsdf name="bsdf" type="principled">
            <rgb name="base_color" value="0.433648 0.266232 0.084399"/>
            <float name="spec_tint" value="0.000000"/>
            <float name="spec_trans" value="0.000000"/>
            <float name="metallic" value="0.000000"/>
            <float name="anisotropic" value="0.000000"/>
            <float name="roughness" value="0.500000"/>
            <float name="sheen" value="0.000000"/>
            <float name="sheen_tint" value="0.500000"/>
            <float name="clearcoat" value="0.000000"/>
            <float name="clearcoat_gloss" value="0.173205"/>
            <float name="specular" value="0.500000"/>
        </bsdf>
    </bsdf>
    <bsdf id="mat-Material.004" name="mat-Material.004" type="twosided">
        <bsdf name="bsdf" type="principled">
            <rgb name="base_color" value="0.433648 0.266232 0.084399"/>
            <float name="spec_tint" value="0.000000"/>
            <float name="spec_trans" value="0.000000"/>
            <float name="metallic" value="0.000000"/>
            <float name="anisotropic" value="0.000000"/>
            <float name="roughness" value="0.500000"/>
            <float name="sheen" value="0.000000"/>
            <float name="sheen_tint" value="0.500000"/>
            <float name="clearcoat" value="0.000000"/>
            <float name="clearcoat_gloss" value="0.173205"/>
            <float name="specular" value="0.500000"/>
        </bsdf>
    </bsdf>
    <bsdf id="mat-Material.005" name="mat-Material.005" type="twosided">
        <bsdf name="bsdf" type="principled">
            <rgb name="base_color" value="0.433648 0.266232 0.084399"/>
            <float name="spec_tint" value="0.000000"/>
            <float name="spec_trans" value="0.000000"/>
            <float name="metallic" value="0.000000"/>
            <float name="anisotropic" value="0.000000"/>
            <float name="roughness" value="0.500000"/>
            <float name="sheen" value="0.000000"/>
            <float name="sheen_tint" value="0.500000"/>
            <float name="clearcoat" value="0.000000"/>
            <float name="clearcoat_gloss" value="0.173205"/>
            <float name="specular" value="0.500000"/>
        </bsdf>
    </bsdf>
    <emitter name="temp45" type="point">
        <point name="position" x="-6.815235034541981e-16" y="3.0693089962005615" z="4.109199523925781"/>
        <rgb name="intensity" value="7.957747 7.957747 7.957747"/>
    </emitter>
    <shape name="temp2" type="ply">
        <string name="filename" value="meshes/Cube.ply"/>
        <boolean name="face_normals" value="true"/>
        <ref id="mat-Material" name="bsdf"/>
        <animation name="to_world">
            <transform time="0">
                <matrix value="0.9997353850081645 0.006702160722368347 0.022016206318279836 -0.1404704328663393 0.01929929329624291 -0.7652934882139572 -0.6433922068024175 1.5924721880096075 0.012536749127258093 0.6436466335574221 -0.7652201951585291 3.838514667623681 0.0 0.0 0.0 1.0"/>
                <scale value="1"/>
            </transform>
            <transform time="0.0015">
                <matrix value="0.9997280767304526 0.005775018628868656 0.022084774353779382 -0.13969483777693362 0.018712990865603213 -0.7635570581308107 -0.6453222901966106 1.5948128488771958 0.01318097396713856 0.6455584172324837 -0.763472267682399 3.8328413887139914 0.0 0.0 0.0 1.0"/>
                <scale value="1"/>
            </transform>
        </animation>
    </shape>
    <shape name="temp4" type="ply">
        <string name="filename" value="meshes/Plane.ply"/>
        <boolean name="face_normals" value="true"/>
        <ref id="mat-Material.001" name="bsdf"/>
        <transform name="to_world">
            <scale value="1"/>
        </transform>
    </shape>
    <shape name="temp5" type="ply">
        <string name="filename" value="meshes/Cube_001.ply"/>
        <boolean name="face_normals" value="true"/>
        <ref id="mat-Material" name="bsdf"/>
        <animation name="to_world">
            <transform time="0">
                <matrix value="0.997986798504327 -0.03247124147151889 -0.054484017548098174 0.049520283084886874 -0.05451303749643191 -8.494919935005204e-06 -0.9985130733709643 1.1729003314365776 0.032422508142340704 0.9994726994741596 -0.001778584095984069 1.0440517810030505 0.0 0.0 0.0 1.0"/>
                <scale value="1"/>
            </transform>
            <transform time="0.0015">
                <matrix value="0.9979878835761271 -0.03243731514708105 -0.05448408988622673 0.04947562388108118 -0.05451305824045162 -8.756318585316938e-06 -0.9985130733709644 1.1729002819906513 0.03238861783949929 0.9994737807912732 -0.0017769962315105049 1.0441903674629218 0.0 0.0 0.0 1.0"/>
                <scale value="1"/>
            </transform>
        </animation>
    </shape>
    <shape name="temp6" type="ply">
        <string name="filename" value="meshes/Cube_002.ply"/>
        <boolean name="face_normals" value="true"/>
        <ref id="mat-Material" name="bsdf"/>
        <animation name="to_world">
            <transform time="0">
                <matrix value="0.9997783794038229 -0.019952140385421643 0.006745658954347806 -0.0334662845035294 0.01096385013483397 0.21956455989804413 -0.9755363928247397 0.6540791148196445 0.017982933441129594 0.975393754575813 0.21973470770426567 0.5321812037770706 0.0 0.0 0.0 1.0"/>
                <scale value="1"/>
            </transform>
            <transform time="0.0015">
                <matrix value="0.9997776134707876 -0.019987579427446472 0.006752140450666095 -0.03352174582075922 0.01097794138785121 0.219563350925438 -0.9755365034595245 0.6540470337831078 0.018016092916199808 0.9753932890087225 0.21973400815201075 0.5321742858375691 0.0 0.0 0.0 1.0"/>
                <scale value="1"/>
            </transform>
        </animation>
    </shape>
    <shape name="temp7" type="ply">
        <string name="filename" value="meshes/Cube_003.ply"/>
        <boolean name="face_normals" value="true"/>
        <ref id="mat-Material" name="bsdf"/>
        <animation name="to_world">
            <transform time="0">
                <matrix value="0.995121687436949 -0.06167445032883279 0.07700301309488294 -0.055439397315848016 0.08897233643070279 0.22377837525525476 -0.9705704361162895 0.14179231050063493 0.04262779086816766 0.9726867505313679 0.22817409192279708 0.2045711448082409 0.0 0.0 0.0 1.0"/>
                <scale value="1"/>
            </transform>
            <transform time="0.0015">
                <matrix value="0.9951190385852019 -0.06169067083645081 0.07702418093337096 -0.055528998812540975 0.08899544526865584 0.2237501258456631 -0.9705748189558429 0.1417167114481377 0.042641261715426294 0.9726922021718154 0.22814826295571985 0.20447368946546113 0.0 0.0 0.0 1.0"/>
                <scale value="1"/>
            </transform>
        </animation>
    </shape>
    <shape name="temp8" type="ply">
        <string name="filename" value="meshes/Cube_004.ply"/>
        <boolean name="face_normals" value="true"/>
        <ref id="mat-Material" name="bsdf"/>
        <animation name="to_world">
            <transform time="0">
                <matrix value="0.9829183709290513 -0.13744088206031002 0.12240124703264761 0.030610598881195994 0.15139612110767747 0.22565750913076763 -0.9623710640768456 -0.34803054565832603 0.1046484033565769 0.9644629064521311 0.2426108729559487 -0.2612833513755796 0.0 0.0 0.0 1.0"/>
                <scale value="1"/>
            </transform>
            <transform time="0.0015">
                <matrix value="0.9828914515742476 -0.1375929790742224 0.12244370355685019 0.030690662212262847 0.15147328088251652 0.22564011043804463 -0.9623629111442393 -0.34823653501365287 0.10478619151824273 0.9644449595917046 0.2426216641026551 -0.26168588661308867 0.0 0.0 0.0 1.0"/>
                <scale value="1"/>
            </transform>
        </animation>
    </shape>
    <shape name="temp9" type="ply">
        <string name="filename" value="meshes/Cube_005.ply"/>
        <boolean name="face_normals" value="true"/>
        <ref id="mat-Material" name="bsdf"/>
        <animation name="to_world">
            <transform time="0">
                <matrix value="0.9803502314605507 -0.1791002726193779 0.08268342741079504 0.09316648692639529 0.12193485418251254 0.22069675422330595 -0.9676906681997692 -0.6056213208513461 0.15506567061505921 0.9587575064191748 0.23819879050693088 -0.7034886432746109 0.0 0.0 0.0 1.0"/>
                <scale value="1"/>
            </transform>
            <transform time="0.0015">
                <matrix value="0.980320136675038 -0.17923968217915787 0.08273443345075569 0.09330880163686053 0.1220190940508468 0.22069444891529302 -0.9676804727788274 -0.605849871848347 0.15518764864232104 0.9587317049913819 0.23822229614352636 -0.7038325548290553 0.0 0.0 0.0 1.0"/>
                <scale value="1"/>
            </transform>
        </animation>
    </shape>
    <shape name="temp10" type="ply">
        <string name="filename" value="meshes/Cube_006.ply"/>
        <boolean name="face_normals" value="true"/>
        <ref id="mat-Material" name="bsdf"/>
        <animation name="to_world">
            <transform time="0">
                <matrix value="0.9860587347768813 -0.15453607774345413 -0.06169993773346994 0.038825225689898435 -0.02629443714573948 0.22142784138433078 -0.9748222425312077 -0.5606593986548739 0.16430733812388415 0.9628540975297388 0.2142775214989733 -1.0497605632904468 0.0 0.0 0.0 1.0"/>
                <scale value="1"/>
            </transform>
            <transform time="0.0015">
                <matrix value="0.986058240111796 -0.15453396391868005 -0.061713093060424794 0.038815578009990956 -0.026307243226951212 0.22143173863142754 -0.9748210085278384 -0.5606299910907624 0.16430824128658827 0.9628535418528889 0.2142793291011503 -1.0498099719559313 0.0 0.0 0.0 1.0"/>
                <scale value="1"/>
            </transform>
        </animation>
    </shape>
    <shape name="temp11" type="ply">
        <string name="filename" value="meshes/Cube_007.ply"/>
        <boolean name="face_normals" value="true"/>
        <ref id="mat-Material" name="bsdf"/>
        <animation name="to_world">
            <transform time="0">
                <matrix value="0.9287485350878593 -0.25607010927719365 -0.26805693912489287 0.18860282494896863 -0.21945483106305194 0.2029934734044883 -0.9542712144715547 -0.37060799316873727 0.29877417215842506 0.9451040104458902 0.13233408239133734 -1.7793316481789228 0.0 0.0 0.0 1.0"/>
                <scale value="1"/>
            </transform>
            <transform time="0.0015">
                <matrix value="0.928582024437369 -0.2560622922555602 -0.268623261567777 0.18845867427226862 -0.21996172554582455 0.20323261419329802 -0.954098768883454 -0.3692941991179062 0.29890541797541426 0.9450538868921889 0.13239330348959114 -1.7796179871784308 0.0 0.0 0.0 1.0"/>
                <scale value="1"/>
            </transform>
        </animation>
    </shape>
    <shape name="temp12" type="ply">
        <string name="filename" value="meshes/Cube_008.ply"/>
        <boolean name="face_normals" value="true"/>
        <ref id="mat-Material" name="bsdf"/>
        <animation name="to_world">
            <transform time="0">
                <matrix value="0.4014098172605213 0.8758705777570122 -0.26780730565585287 1.6436193178462977 -0.49477374310095085 -0.03869589068526125 -0.868159960209938 0.11695385359638794 -0.7707592012439122 0.48099194239742354 0.4178249643870435 0.9280814787343876 0.0 0.0 0.0 1.0"/>
                <scale value="1"/>
            </transform>
            <transform time="0.0015">
                <matrix value="0.4012216785759463 0.8759480646410037 -0.26783371332795847 1.6439353840456705 -0.49494690779468536 -0.03871582146222515 -0.8680597421156048 0.11746584694028658 -0.7707448399995 0.48084846513291846 0.4180147200637883 0.9284080009140523 0.0 0.0 0.0 1.0"/>
                <scale value="1"/>
            </transform>
        </animation>
    </shape>
    <shape name="temp13" type="ply">
        <string name="filename" value="meshes/Cube_009.ply"/>
        <boolean name="face_normals" value="true"/>
        <ref id="mat-Material" name="bsdf"/>
        <animation name="to_world">
            <transform time="0">
                <matrix value="-0.07647745586647449 0.9905010815083966 0.11427501570846971 2.624855912352863 -0.8313405209325085 -6.958906852612411e-05 -0.5557635309141266 0.9223019762512941 -0.5504767502264962 -0.13750481307738677 0.8234490929747563 0.9352652011094051 0.0 0.0 0.0 1.0"/>
                <scale value="1"/>
            </transform>
            <transform time="0.0015">
                <matrix value="-0.07648371577334438 0.9905009388346108 0.11427204303690461 2.624816897833459 -0.8313009477256839 -6.663497324871873e-05 -0.5558226183996017 0.9221450939364296 -0.5505355196300186 -0.1375058290649247 0.8234095367839903 0.935375876083931 0.0 0.0 0.0 1.0"/>
                <scale value="1"/>
            </transform>
        </animation>
    </shape>
    <shape name="temp14" type="ply">
        <string name="filename" value="meshes/Cube_010.ply"/>
        <boolean name="face_normals" value="true"/>
        <ref id="mat-Material" name="bsdf"/>
        <animation name="to_world">
            <transform time="0">
                <matrix value="0.030642252055309408 0.9957947365896088 0.08633587710468672 1.8852094724129014 -0.9979801498864416 0.02567125482089929 0.058110841988160376 1.9609900930203568 0.05565012845129755 -0.08794213043596157 0.9945699992577187 -0.21651639643385678 0.0 0.0 0.0 1.0"/>
                <scale value="1"/>
            </transform>
            <transform time="0.0015">
                <matrix value="0.03081998777357095 0.9957821362415772 0.08641206702582527 1.8849556622413457 -0.9979953887624567 0.02588179852662872 0.05770644461637502 1.9602914808815122 0.055226262226538946 -0.08801545424906598 0.9945846456011586 -0.21581322804700082 0.0 0.0 0.0 1.0"/>
                <scale value="1"/>
            </transform>
        </animation>
    </shape>
    <shape name="temp15" type="ply">
        <string name="filename" value="meshes/Cube_011.ply"/>
        <boolean name="face_normals" value="true"/>
        <ref id="mat-Material" name="bsdf"/>
        <animation name="to_world">
            <transform time="0">
                <matrix value="0.06914044008531506 0.995277656683138 0.06813355485151773 1.4305589036817394 -0.8545419811462927 0.02384593563512806 0.5188350343553333 2.21502027308717 0.5147603749465894 -0.09409544389818596 0.8521550507517135 -1.2417764069842094 0.0 0.0 0.0 1.0"/>
                <scale value="1"/>
            </transform>
            <transform time="0.0015">
                <matrix value="0.06944076881123804 0.9952260237909656 0.06853173199528438 1.430833075268604 -0.8548203180199391 0.023956841976160534 0.5183631429564982 2.214599115276824 0.5142463221813243 -0.09457700321830582 0.852403306698537 -1.2405830610453936 0.0 0.0 0.0 1.0"/>
                <scale value="1"/>
            </transform>
        </animation>
    </shape>
    <shape name="temp16" type="ply">
        <string name="filename" value="meshes/Cube_012.ply"/>
        <boolean name="face_normals" value="true"/>
        <ref id="mat-Material" name="bsdf"/>
        <animation name="to_world">
            <transform time="0">
                <matrix value="0.09503662945213615 0.9900461596544179 0.1038108818444131 1.1005523624674316 -0.7389327106681063 0.00028286085565356695 0.6737794081701063 1.8460800550309149 0.6670434216801677 -0.14074293473613075 0.7316043063664572 -1.8244830996651218 0.0 0.0 0.0 1.0"/>
                <scale value="1"/>
            </transform>
            <transform time="0.0015">
                <matrix value="0.09506745825680765 0.990043831818965 0.10380468884957222 1.1004974527107838 -0.7387648277209278 0.00027468395816829076 0.6739622534279824 1.846195576746829 0.6672237191252937 -0.14075926562820412 0.7314356138506732 -1.8249294158431733 0.0 0.0 0.0 1.0"/>
                <scale value="1"/>
            </transform>
        </animation>
    </shape>
    <shape name="temp17" type="ply">
        <string name="filename" value="meshes/Cube_013.ply"/>
        <boolean name="face_normals" value="true"/>
        <ref id="mat-Material" name="bsdf"/>
        <animation name="to_world">
            <transform time="0">
                <matrix value="0.9106332675563404 0.17686527346414335 0.37345096049786747 0.6578750397041643 -0.3971482748166311 0.12504715042874456 0.9091955892413648 1.4714841377529666 0.11410619527079377 -0.9762591698771231 0.18411385555583398 -1.4111142004163924 0.0 0.0 0.0 1.0"/>
                <scale value="1"/>
            </transform>
            <transform time="0.0015">
                <matrix value="0.9108196924657489 0.1768393436299432 0.3729997748245345 0.6571048057906664 -0.3966912808711094 0.12503367676696084 0.9093932765811462 1.4713924728131593 0.11417872274646297 -0.9762655751791915 0.1840340317075317 -1.4112297646687568 0.0 0.0 0.0 1.0"/>
                <scale value="1"/>
            </transform>
        </animation>
    </shape>
    <shape name="temp18" type="ply">
        <string name="filename" value="meshes/Cube_014.ply"/>
        <boolean name="face_normals" value="true"/>
        <ref id="mat-Material" name="bsdf"/>
        <animation name="to_world">
            <transform time="0">
                <matrix value="0.9374959000189708 0.30362122801784647 0.17004580395924357 0.11434617960567006 -0.2173479283793152 0.1292519549541845 0.9674987151913786 1.02681964862951 0.271774533843238 -0.9439851655010294 0.18716463185445992 -0.8732249207283798 0.0 0.0 0.0 1.0"/>
                <scale value="1"/>
            </transform>
            <transform time="0.0015">
                <matrix value="0.9375548289918755 0.3034390786482385 0.17004322276460948 0.11427430438152014 -0.21731702617272783 0.129283312399563 0.9675014470195276 1.0267847987141439 0.271594119912463 -0.9440389159725491 0.187152879887199 -0.8730552432082539 0.0 0.0 0.0 1.0"/>
                <scale value="1"/>
            </transform>
        </animation>
    </shape>
    <shape name="temp19" type="ply">
        <string name="filename" value="meshes/Cube_015.ply"/>
        <boolean name="face_normals" value="true"/>
        <ref id="mat-Material" name="bsdf"/>
        <animation name="to_world">
            <transform time="0">
                <matrix value="0.9836927132920942 0.12539742565542328 0.12893630138702597 0.028378906325572384 -0.1494743602699871 0.17126312254522624 0.9738206355157508 0.6393252095838141 0.10003257822763804 -0.9772126076554525 0.18721396755994157 -0.2934187874027893 0.0 0.0 0.0 1.0"/>
                <scale value="1"/>
            </transform>
            <transform time="0.0015">
                <matrix value="0.9836945004691766 0.12538663426081292 0.12893307000027168 0.02831364071976705 -0.149468599815284 0.17125808165509895 0.9738224056723084 0.6393190837610973 0.10002349394270042 -0.9772148754177323 0.18720698310087064 -0.29341046043734986 0.0 0.0 0.0 1.0"/>
                <scale value="1"/>
            </transform>
        </animation>
    </shape>
    <shape name="temp20" type="ply">
        <string name="filename" value="meshes/Cube_016.ply"/>
        <boolean name="face_normals" value="true"/>
        <ref id="mat-Material" name="bsdf"/>
        <animation name="to_world">
            <transform time="0">
                <matrix value="0.9851039932485502 0.021210893094407234 0.1706480919823687 0.059281508109038095 -0.1717368583418879 0.17202954384750002 0.9700063968576441 0.3291196454516176 -0.008781818068993152 -0.9848634712977892 0.17310962928011475 0.17380346370392158 0.0 0.0 0.0 1.0"/>
                <scale value="1"/>
            </transform>
            <transform time="0.0015">
                <matrix value="0.9851054134160533 0.021167179423353846 0.17064514313983417 0.05921562825639544 -0.17172635548514112 0.17203337651593584 0.9700075797988051 0.32908879443788513 -0.008824343149822085 -0.984863711590481 0.17310593407830094 0.173954583415525 0.0 0.0 0.0 1.0"/>
                <scale value="1"/>
            </transform>
        </animation>
    </shape>
    <shape name="temp21" type="ply">
        <string name="filename" value="meshes/Cube_017.ply"/>
        <boolean name="face_normals" value="true"/>
        <ref id="mat-Material" name="bsdf"/>
        <animation name="to_world">
            <transform time="0">
                <matrix value="0.9461683571885744 -0.09746589129015505 0.30865192726021123 0.206707547903767 -0.29045369281967 0.16514320339241131 0.9425308767760971 0.1318124569394737 -0.14283638017328956 -0.9814418582337519 0.12794393742899277 0.4216379359045853 0.0 0.0 0.0 1.0"/>
                <scale value="1"/>
            </transform>
            <transform time="0.0015">
                <matrix value="0.9461456345085266 -0.09763899063625427 0.30866556086985136 0.2067507238560064 -0.2904501727190952 0.1651082122709825 0.9425380765474801 0.1318369415701479 -0.14299170660577032 -0.9814301139284353 0.12785718188590156 0.42178229883809903 0.0 0.0 0.0 1.0"/>
                <scale value="1"/>
            </transform>
        </animation>
    </shape>
    <shape name="temp22" type="ply">
        <string name="filename" value="meshes/Cube_018.ply"/>
        <boolean name="face_normals" value="true"/>
        <ref id="mat-Material" name="bsdf"/>
        <animation name="to_world">
            <transform time="0">
                <matrix value="0.25620901127073703 0.9559230575087136 0.14341613000986714 0.8501195906210726 -0.4830287379859475 -0.0019030960133326936 0.8756023944010239 -0.0818016979720788 0.8372817258748252 -0.2936112785577663 0.4612507866054623 -0.13759980470401578 0.0 0.0 0.0 1.0"/>
                <scale value="1"/>
            </transform>
            <transform time="0.0015">
                <matrix value="0.25597793246536965 0.9559467188297194 0.14366021417426522 0.8501287942878212 -0.4837467044649275 -0.0019917411137471493 0.8751952158409549 -0.08137076251661483 0.8369267159129559 -0.29353297317679294 0.4619272927836838 -0.13771913665440352 0.0 0.0 0.0 1.0"/>
                <scale value="1"/>
            </transform>
        </animation>
    </shape>
    <shape name="temp23" type="ply">
        <string name="filename" value="meshes/Cube_019.ply"/>
        <boolean name="face_normals" value="true"/>
        <ref id="mat-Material" name="bsdf"/>
        <animation name="to_world">
            <transform time="0">
                <matrix value="-0.07990171569800737 0.9840510363499457 -0.15893155929669553 0.5041596206920896 -0.9141845159894828 -0.008785427482619734 0.4052033448993689 -0.04509171533056292 0.3973445420166056 0.17766919818198126 0.9003061792321028 -0.05780378316292678 0.0 0.0 0.0 1.0"/>
                <scale value="1"/>
            </transform>
            <transform time="0.0015">
                <matrix value="-0.07993237535913358 0.9840473193223679 -0.15893908927035943 0.5042073059604004 -0.9141444800314493 -0.008793027790281646 0.40529318885503085 -0.04515873105343528 0.3974301605644034 0.1776893865226743 0.9002642656693828 -0.0578167175310258 0.0 0.0 0.0 1.0"/>
                <scale value="1"/>
            </transform>
        </animation>
    </shape>
    <shape name="temp24" type="ply">
        <string name="filename" value="meshes/Cube_020.ply"/>
        <boolean name="face_normals" value="true"/>
        <ref id="mat-Material" name="bsdf"/>
        <animation name="to_world">
            <transform time="0">
                <matrix value="0.09537726004265286 0.9466109853089939 -0.30794581433992524 0.12361639605084862 -0.9604473288392987 0.006206535548088583 -0.2783921437511968 0.14375694813971074 -0.26161788323437396 0.32231802331039594 0.9097622286343477 0.11391726079158404 0.0 0.0 0.0 1.0"/>
                <scale value="1"/>
            </transform>
            <transform time="0.0015">
                <matrix value="0.0954229030246684 0.9465841898950919 -0.3080137185666786 0.12369806263145287 -0.9604642832893145 0.0062544183189709775 -0.2783322733118738 0.14369631386256795 -0.2615385313266241 0.32239540958235163 0.9097574372971905 0.11394623193171319 0.0 0.0 0.0 1.0"/>
                <scale value="1"/>
            </transform>
        </animation>
    </shape>
    <shape name="temp25" type="ply">
        <string name="filename" value="meshes/Cube_021.ply"/>
        <boolean name="face_normals" value="true"/>
        <ref id="mat-Material" name="bsdf"/>
        <animation name="to_world">
            <transform time="0">
                <matrix value="0.18687345641254763 0.9381844425486471 -0.29135582650663017 -0.1669892331876612 -0.7994036632998065 -0.027157562319705147 -0.6001803223581285 0.09259225400510403 -0.5709926120558059 0.3450687597382687 0.7449131270799834 0.30474434897355573 0.0 0.0 0.0 1.0"/>
                <scale value="1"/>
            </transform>
            <transform time="0.0015">
                <matrix value="0.18692310961725586 0.9381897590244553 -0.29130662806884655 -0.16699893098119145 -0.7993641539207348 -0.027108462262688385 -0.600235009983314 0.09261664177626884 -0.571031531028163 0.34505805920433247 0.744888191701553 0.3047721306107326 0.0 0.0 0.0 1.0"/>
                <scale value="1"/>
            </transform>
        </animation>
    </shape>
    <shape name="temp26" type="ply">
        <string name="filename" value="meshes/Cube_022.ply"/>
        <boolean name="face_normals" value="true"/>
        <ref id="mat-Material" name="bsdf"/>
        <animation name="to_world">
            <transform time="0">
                <matrix value="0.6378019137381721 0.4000390052208593 -0.6581624234492821 -0.08387302402406371 -0.7117491715822115 -0.020411561397763563 -0.7021371556251924 -0.1954696046651397 -0.294316451162799 0.9162708088681603 0.2717090105862557 0.6849452431463022 0.0 0.0 0.0 1.0"/>
                <scale value="1"/>
            </transform>
            <transform time="0.0015">
                <matrix value="0.6378034296473045 0.40004000393736 -0.6581603554298423 -0.08388014870278908 -0.7117472248357467 -0.02041154044724449 -0.7021391300305835 -0.1954673023399276 -0.2943178840958526 0.9162703733376563 0.27170891697220695 0.6849691446785235 0.0 0.0 0.0 1.0"/>
                <scale value="1"/>
            </transform>
        </animation>
    </shape>
    <shape name="temp27" type="ply">
        <string name="filename" value="meshes/Cube_023.ply"/>
        <boolean name="face_normals" value="true"/>
        <ref id="mat-Material" name="bsdf"/>
        <animation name="to_world">
            <transform time="0">
                <matrix value="0.8567621762787951 0.28289193467981305 -0.43119737544448233 -0.06550865476746615 -0.4802722210106963 0.13307283964265376 -0.8669661637907599 -0.28710941737824724 -0.18787713176851462 0.9498755796029812 0.24987695623045897 0.20451231271197767 0.0 0.0 0.0 1.0"/>
                <scale value="1"/>
            </transform>
            <transform time="0.0015">
                <matrix value="0.8567558573312538 0.2829031082899865 -0.43120259230010616 -0.06552090828527511 -0.4802783325180406 0.13306209330292312 -0.8669644276756746 -0.2871115253482698 -0.18789026752007032 0.949873754880352 0.2498740031327404 0.20451543980445677 0.0 0.0 0.0 1.0"/>
                <scale value="1"/>
            </transform>
        </animation>
    </shape>
    <shape name="temp28" type="ply">
        <string name="filename" value="meshes/Cube_024.ply"/>
        <boolean name="face_normals" value="true"/>
        <ref id="mat-Material" name="bsdf"/>
        <animation name="to_world">
            <transform time="0">
                <matrix value="0.8546829318454613 0.4444711663812541 -0.2682578751558436 -0.19312199063189694 -0.37738641057963535 0.17708257634698377 -0.9089672313520726 -0.51190482870437 -0.35650584989725664 0.8781157766732093 0.31908688994048034 -0.34443580122610257 0.0 0.0 0.0 1.0"/>
                <scale value="1"/>
            </transform>
            <transform time="0.0015">
                <matrix value="0.8546924102667733 0.4444748909179786 -0.26822145078052545 -0.19310900108865273 -0.37735786202143773 0.17710410206669017 -0.908974873662595 -0.511881941614428 -0.35651333370128924 0.8781095365723666 0.3190956811506915 -0.34443864762068427 0.0 0.0 0.0 1.0"/>
                <scale value="1"/>
            </transform>
        </animation>
    </shape>
    <shape name="temp29" type="ply">
        <string name="filename" value="meshes/Cube_025.ply"/>
        <boolean name="face_normals" value="true"/>
        <ref id="mat-Material" name="bsdf"/>
        <animation name="to_world">
            <transform time="0">
                <matrix value="0.9006882649234877 0.36211800435106367 -0.24006489524613717 -0.26360312991982426 -0.3212431763018437 0.18305325359859664 -0.9291364809529191 -0.7931876336057974 -0.29251241518579785 0.9139813901293847 0.28120193787436154 -0.7001218806877495 0.0 0.0 0.0 1.0"/>
                <scale value="1"/>
            </transform>
            <transform time="0.0015">
                <matrix value="0.9006961316940381 0.3620969562130824 -0.2400671249625702 -0.26359195240894895 -0.32123534942363907 0.1830424404274611 -0.92914131484198 -0.793180274184939 -0.292496793343265 0.9139918804072156 0.2811840405703209 -0.7001110647596934 0.0 0.0 0.0 1.0"/>
                <scale value="1"/>
            </transform>
        </animation>
    </shape>
    <shape name="temp30" type="ply">
        <string name="filename" value="meshes/Cube_026.ply"/>
        <boolean name="face_normals" value="true"/>
        <ref id="mat-Material" name="bsdf"/>
        <animation name="to_world">
            <transform time="0">
                <matrix value="0.9230617505899541 0.2349833028452953 -0.30453226583505943 -0.33292046302067857 -0.3503713031468351 0.18692471992374166 -0.9177687022983773 -1.1480847703389276 -0.15873575201187176 0.9538564065553802 0.25487458991320033 -0.8894272245079513 0.0 0.0 0.0 1.0"/>
                <scale value="1"/>
            </transform>
            <transform time="0.0015">
                <matrix value="0.9230682769776926 0.2349721292351219 -0.30452110874252625 -0.3329026437417229 -0.35035764719909296 0.18692715664182047 -0.9177734170422853 -1.1480678318719308 -0.15872794906907448 0.95385867431766 0.25487093896530044 -0.8894231069325719 0.0 0.0 0.0 1.0"/>
                <scale value="1"/>
            </transform>
        </animation>
    </shape>
    <shape name="temp31" type="ply">
        <string name="filename" value="meshes/Cube_027.ply"/>
        <boolean name="face_normals" value="true"/>
        <ref id="mat-Material" name="bsdf"/>
        <animation name="to_world">
            <transform time="0">
                <matrix value="0.8726714323959669 0.1728668420163405 -0.456685992772922 -0.5970010864233863 -0.48403622521616874 0.18278895672506326 -0.8557437682644942 -1.5840528034929369 -0.0644525439384994 0.9678352936759397 0.24318838674843424 -1.0277146243334876 0.0 0.0 0.0 1.0"/>
                <scale value="1"/>
            </transform>
            <transform time="0.0015">
                <matrix value="0.8726753258888964 0.17288543316154706 -0.4566714825953712 -0.5969957423433351 -0.48402692232117733 0.18279421087495462 -0.8557479043033738 -1.5840440771099336 -0.06446942637915284 0.9678309759166321 0.2432010757072191 -1.0277229035188293 0.0 0.0 0.0 1.0"/>
                <scale value="1"/>
            </transform>
        </animation>
    </shape>
    <shape name="temp32" type="ply">
        <string name="filename" value="meshes/Cube_028.ply"/>
        <boolean name="face_normals" value="true"/>
        <ref id="mat-Material" name="bsdf"/>
        <animation name="to_world">
            <transform time="0">
                <matrix value="-0.10559711680469198 0.9845820913890239 0.139453671479518 -1.4862569812735837 -0.7973802672567093 -4.462927310537876e-05 -0.6034770916377044 -2.121956550145478 -0.594166591315664 -0.17492302204942192 0.7850911138522463 -1.3578238005746546 0.0 0.0 0.0 1.0"/>
                <scale value="1"/>
            </transform>
            <transform time="0.0015">
                <matrix value="-0.10560076296507886 0.9845817760048657 0.13945314553877158 -1.486258514871791 -0.7973735174718356 -4.591763240959513e-05 -0.6034860105034364 -2.121963023189806 -0.5941750006221141 -0.17492480472082997 0.7850843566200026 -1.3578473029970992 0.0 0.0 0.0 1.0"/>
                <scale value="1"/>
            </transform>
        </animation>
    </shape>
    <shape name="temp33" type="ply">
        <string name="filename" value="meshes/Cube_029.ply"/>
        <boolean name="face_normals" value="true"/>
        <ref id="mat-Material" name="bsdf"/>
        <animation name="to_world">
            <transform time="0">
                <matrix value="-0.00355346907151608 0.9774090938482302 0.21132617307636847 -1.5894139012548991 -0.9989140590787321 -0.01328761865826212 0.04466001859958461 -1.8288998637161384 0.04645916773487794 -0.21093793998202007 0.9763947442698955 -0.12988460125782142 0.0 0.0 0.0 1.0"/>
                <scale value="1"/>
            </transform>
            <transform time="0.0015">
                <matrix value="-0.0034927696763141403 0.9774047310340428 0.21134710177351387 -1.589263745205479 -0.9989120485045144 -0.013239054604131233 0.044717512944158 -1.828845461794457 0.0465051476524043 -0.21096102309873588 0.9763875359881444 -0.12981708158822491 0.0 0.0 0.0 1.0"/>
                <scale value="1"/>
            </transform>
        </animation>
    </shape>
    <shape name="temp34" type="ply">
        <string name="filename" value="meshes/Cube_030.ply"/>
        <boolean name="face_normals" value="true"/>
        <ref id="mat-Material" name="bsdf"/>
        <animation name="to_world">
            <transform time="0">
                <matrix value="-0.04308873519233924 0.9786044921301603 -0.2011881550263489 -3.22853038718894 -0.9741156256616641 0.0035759249617189643 0.22602152994766428 -1.9067252362916134 0.22190505020862367 0.2057194942726401 0.9531200779112109 0.25872778144821496 0.0 0.0 0.0 1.0"/>
                <scale value="1"/>
            </transform>
            <transform time="0.0015">
                <matrix value="-0.04306290739111035 0.9786042141246015 -0.20119498447814618 -3.228477973287215 -0.974144661542014 0.0035759907715296464 0.22589535223637613 -1.9070053536482925 0.221781548605557 0.20572081054702474 0.9531483100183016 0.2584632346130885 0.0 0.0 0.0 1.0"/>
                <scale value="1"/>
            </transform>
        </animation>
    </shape>
    <shape name="temp35" type="ply">
        <string name="filename" value="meshes/Cube_031.ply"/>
        <boolean name="face_normals" value="true"/>
        <ref id="mat-Material" name="bsdf"/>
        <animation name="to_world">
            <transform time="0">
                <matrix value="0.1339344570384042 0.9770250905776319 0.16578149223134026 -1.894345424864738 -0.7805592640068649 0.0009383467209541469 0.6250814972902003 -1.1894425133471664 0.6105647424680025 -0.21312223235013755 0.7627515187218009 0.5856816957697188 0.0 0.0 0.0 1.0"/>
                <scale value="1"/>
            </transform>
            <transform time="0.0015">
                <matrix value="0.1340124066816859 0.9770213510226142 0.16573989440327544 -1.8941793542511611 -0.7802606299077826 0.0009236417843988361 0.6254494345431217 -1.1882822756517033 0.6109243161142073 -0.21313939825931527 0.7624549323947364 0.5862288041840927 0.0 0.0 0.0 1.0"/>
                <scale value="1"/>
            </transform>
        </animation>
    </shape>
    <shape name="temp36" type="ply">
        <string name="filename" value="meshes/Cube_032.ply"/>
        <boolean name="face_normals" value="true"/>
        <ref id="mat-Material" name="bsdf"/>
        <animation name="to_world">
            <transform time="0">
