
<scene version="2.1.0">
    <default name="spp" value="1024"/>
    <default name="resx" value="640"/>
    <default name="resy" value="360"/>
    <integrator name="temp0" type="path">
        <integer name="max_depth" value="12"/>
    </integrator>
    <sensor name="temp44" type="perspective">
        <string name="fov_axis" value="x"/>
        <float name="fov" value="83.974423"/>
        <float name="principal_point_offset_x" value="0.000000"/>
        <float name="principal_point_offset_y" value="-0.000000"/>
        <float name="near_clip" value="0.100000"/>
        <float name="far_clip" value="1000.000000"/>
        <sampler name="sampler" type="correlated">
            <integer name="sample_count" value="1024"/>
        </sampler>
        <film name="film" type="hdrfilm">
            <integer name="width" value="$resx"/>
            <integer name="height" value="$resy"/>
        </film>
        <float name="shutter_open" value="0.0"/>
        <float name="shutter_close" value="0.0015"/>
        <animation name="to_world">
            <transform time="0">
                <rotate angle="-142.5518126578256" x="1"/>
                <rotate angle="3.976628485794621e-06" y="1"/>
                <rotate angle="-179.999991348578" z="1"/>
                <translate value="-0.000000 3.030926 4.073377"/>
            </transform>
            <transform time="0.0015">
                <rotate angle="-142.5518126578256" x="1"/>
                <rotate angle="3.976628485794621e-06" y="1"/>
                <rotate angle="-179.999991348578" z="1"/>
                <translate value="-0.000000 3.030926 4.073377"/>
                <translate x="0.15" y="0.0" z="0.0"/>
            </transform>
        </animation>
    </sensor>
    <bsdf id="mat-Material" name="mat-Material" type="twosided">
        <bsdf name="bsdf" type="diffuse">
            <texture name="reflectance" type="bitmap">
                <string name="filename" value="textures/siggraph_2023_logo.jpg"/>
            </texture>
        </bsdf>
    </bsdf>
    <bsdf id="mat-Material.001" name="mat-Material.001" type="twosided">
        <bsdf name="bsdf" type="principled">
            <rgb name="base_color" value="0.433648 0.266232 0.084399"/>
            <float name="spec_tint" value="0.000000"/>
            <float name="spec_trans" value="0.000000"/>
            <float name="metallic" value="0.000000"/>
            <float name="anisotropic" value="0.000000"/>
            <float name="roughness" value="0.500000"/>
            <float name="sheen" value="0.000000"/>
            <float name="sheen_tint" value="0.500000"/>
            <float name="clearcoat" value="0.000000"/>
            <float name="clearcoat_gloss" value="0.173205"/>
            <float name="specular" value="0.500000"/>
        </bsdf>
    </bsdf>
    <bsdf id="mat-Material.002" name="mat-Material.002" type="twosided">
        <bsdf name="bsdf" type="principled">
            <rgb name="base_color" value="0.433648 0.266232 0.084399"/>
            <float name="spec_tint" value="0.000000"/>
            <float name="spec_trans" value="0.000000"/>
            <float name="metallic" value="0.000000"/>
            <float name="anisotropic" value="0.000000"/>
            <float name="roughness" value="0.500000"/>
            <float name="sheen" value="0.000000"/>
            <float name="sheen_tint" value="0.500000"/>
            <float name="clearcoat" value="0.000000"/>
            <float name="clearcoat_gloss" value="0.173205"/>
            <float name="specular" value="0.500000"/>
        </bsdf>
    </bsdf>
    <bsdf id="mat-Material.003" name="mat-Material.003" type="twosided">
        <bsdf name="bsdf" type="principled">
            <rgb name="base_color" value="0.433648 0.266232 0.084399"/>
            <float name="spec_tint" value="0.000000"/>
            <float name="spec_trans" value="0.000000"/>
            <float name="metallic" value="0.000000"/>
            <float name="anisotropic" value="0.000000"/>
            <float name="roughness" value="0.500000"/>
            <float name="sheen" value="0.000000"/>
            <float name="sheen_tint" value="0.500000"/>
            <float name="clearcoat" value="0.000000"/>
            <float name="clearcoat_gloss" value="0.173205"/>
            <float name="specular" value="0.500000"/>
        </bsdf>
    </bsdf>
    <bsdf id="mat-Material.004" name="mat-Material.004" type="twosided">
        <bsdf name="bsdf" type="principled">
            <rgb name="base_color" value="0.433648 0.266232 0.084399"/>
            <float name="spec_tint" value="0.000000"/>
            <float name="spec_trans" value="0.000000"/>
            <float name="metallic" value="0.000000"/>
            <float name="anisotropic" value="0.000000"/>
            <float name="roughness" value="0.500000"/>
            <float name="sheen" value="0.000000"/>
            <float name="sheen_tint" value="0.500000"/>
            <float name="clearcoat" value="0.000000"/>
            <float name="clearcoat_gloss" value="0.173205"/>
            <float name="specular" value="0.500000"/>
        </bsdf>
    </bsdf>
    <bsdf id="mat-Material.005" name="mat-Material.005" type="twosided">
        <bsdf name="bsdf" type="principled">
            <rgb name="base_color" value="0.433648 0.266232 0.084399"/>
            <float name="spec_tint" value="0.000000"/>
            <float name="spec_trans" value="0.000000"/>
            <float name="metallic" value="0.000000"/>
            <float name="anisotropic" value="0.000000"/>
            <float name="roughness" value="0.500000"/>
            <float name="sheen" value="0.000000"/>
            <float name="sheen_tint" value="0.500000"/>
            <float name="clearcoat" value="0.000000"/>
            <float name="clearcoat_gloss" value="0.173205"/>
            <float name="specular" value="0.500000"/>
        </bsdf>
    </bsdf>
    <emitter name="temp45" type="point">
        <point name="position" x="-6.815235034541981e-16" y="3.0693089962005615" z="4.109199523925781"/>
        <rgb name="intensity" value="7.957747 7.957747 7.957747"/>
    </emitter>
    <shape name="temp2" type="ply">
        <string name="filename" value="meshes/Cube.ply"/>
        <boolean name="face_normals" value="true"/>
        <ref id="mat-Material" name="bsdf"/>
        <animation name="to_world">
            <transform time="0">
                <matrix value="0.9999995567588077 0.00018395508767831334 0.0010246508322770403 -0.0018217185694395788 -0.00018212913566194528 0.99999833132745 -0.0017820260119965903 -0.015009699889309669 -0.0010249775276715476 0.0017818377507962699 0.9999978724420252 0.002242688805199622 0.0 0.0 0.0 1.0"/>
                <scale value="1"/>
            </transform>
            <transform time="0.0015">
                <matrix value="0.9999995567588077 0.0001833401411340043 0.0010251791559265143 -0.0018217935771353564 -0.00018159571117366187 0.9999983838914763 -0.001702681212312678 -0.015116134308697236 -0.0010254915006521217 0.0017024934793877264 0.9999979320146016 0.0022470392682588944 0.0 0.0 0.0 1.0"/>
                <scale value="1"/>
            </transform>
        </animation>
    </shape>
    <shape name="temp4" type="ply">
        <string name="filename" value="meshes/Plane.ply"/>
        <boolean name="face_normals" value="true"/>
        <ref id="mat-Material.001" name="bsdf"/>
        <transform name="to_world">
            <scale value="1"/>
        </transform>
    </shape>
    <shape name="temp5" type="ply">
        <string name="filename" value="meshes/Cube_001.ply"/>
        <boolean name="face_normals" value="true"/>
        <ref id="mat-Material" name="bsdf"/>
        <animation name="to_world">
            <transform time="0">
                <matrix value="0.9999995567588077 0.000209864774948219 -0.000901675617381865 0.0015490404905107447 -0.0002132513159831001 0.999992908141662 -0.0037567709532547143 -0.01339069464534498 0.0009008832910481235 0.0037569620147552374 0.9999926717447536 -0.001877152179878272 0.0 0.0 0.0 1.0"/>
                <scale value="1"/>
            </transform>
            <transform time="0.0015">
                <matrix value="0.9999995567588077 0.00019923333267004873 -0.0009023725314227063 0.0015500901056288408 -0.00020247189358281708 0.9999931484343538 -0.0035932264442168605 -0.01358297377635086 0.0009016062999195861 0.003593407770201544 0.9999929100350594 -0.0018698976519568276 0.0 0.0 0.0 1.0"/>
                <scale value="1"/>
            </transform>
        </animation>
    </shape>
    <shape name="temp6" type="ply">
        <string name="filename" value="meshes/Cube_002.ply"/>
        <boolean name="face_normals" value="true"/>
        <ref id="mat-Material" name="bsdf"/>
        <animation name="to_world">
            <transform time="0">
                <matrix value="1.0 -4.4898555138155655e-05 0.00033561045075388834 -0.000924359491532023 4.586438237885775e-05 0.9999958283186247 -0.0028774985213472076 -0.015894710052119843 -0.0003354795071867127 0.002877511091457857 0.999995981279381 0.0005054065534886298 0.0 0.0 0.0 1.0"/>
                <scale value="1"/>
            </transform>
            <transform time="0.0015">
                <matrix value="1.0 -4.5384629708139275e-05 0.00033728869533630247 -0.0009254289758981443 4.628489557218487e-05 0.9999958883917976 -0.002693366325612318 -0.016017938163743167 -0.00033716712893146547 0.0026933792320502463 0.9999960408519575 0.0005148900687052657 0.0 0.0 0.0 1.0"/>
                <scale value="1"/>
            </transform>
        </animation>
    </shape>
    <shape name="temp7" type="ply">
        <string name="filename" value="meshes/Cube_003.ply"/>
        <boolean name="face_normals" value="true"/>
        <ref id="mat-Material" name="bsdf"/>
        <animation name="to_world">
            <transform time="0">
                <matrix value="1.0 0.00019125719875767329 0.0007330051850951797 -0.0009962070923372757 -0.00019231171557389983 0.9999989570796561 0.001438460858370357 -0.01769801434298962 -0.0007327308799046855 -0.0014386001505976977 0.9999988180233473 0.0018102019903733502 0.0 0.0 0.0 1.0"/>
                <scale value="1"/>
            </transform>
            <transform time="0.0015">
                <matrix value="1.0 0.00016795600891483843 0.0007336298461111493 -0.000995797336062972 -0.0001688624203866661 0.9999986867503777 0.0012397201052298445 -0.017689126454445297 -0.000733298149058967 -0.0012398419003084415 0.9999985542019373 0.0018080556385978918 0.0 0.0 0.0 1.0"/>
                <scale value="1"/>
            </transform>
        </animation>
    </shape>
    <shape name="temp8" type="ply">
        <string name="filename" value="meshes/Cube_004.ply"/>
        <boolean name="face_normals" value="true"/>
        <ref id="mat-Material" name="bsdf"/>
        <animation name="to_world">
            <transform time="0">
                <matrix value="1.0 -0.00034083679756707544 0.0005692068605707245 -0.000562571298902359 0.00034194949887150793 0.9999979141593124 -0.0019572729623786285 -0.01869776573735943 -0.000568536612608971 0.001957467622537926 0.9999978724420252 0.001794282159901718 0.0 0.0 0.0 1.0"/>
                <scale value="1"/>
            </transform>
            <transform time="0.0015">
                <matrix value="1.0 -0.00033526092579784717 0.0005697393543005504 -0.0005628138265468006 0.000336356177139478 0.9999979667233388 -0.001925524098171732 -0.018683004191650535 -0.0005690860099924283 0.0019257156465959267 0.9999979235042336 0.0018000797268632994 0.0 0.0 0.0 1.0"/>
                <scale value="1"/>
            </transform>
        </animation>
    </shape>
    <shape name="temp9" type="ply">
        <string name="filename" value="meshes/Cube_005.ply"/>
        <boolean name="face_normals" value="true"/>
        <ref id="mat-Material" name="bsdf"/>
        <animation name="to_world">
            <transform time="0">
                <matrix value="1.0 -0.000478383390033436 0.0005906904682093196 -0.0005347997347411315 0.00048040253392124847 0.9999939510620058 -0.003423288060475599 -0.020070423372550328 -0.0005890498149911263 0.0034235674967617326 0.9999940901167368 0.0013158140269264873 0.0 0.0 0.0 1.0"/>
                <scale value="1"/>
            </transform>
            <transform time="0.0015">
                <matrix value="1.0 -0.0004563811999555808 0.0005907453600833387 -0.0005349996150221807 0.0004582908290816278 0.9999941162632315 -0.00323784765096176 -0.019953188911161997 -0.0005891554499222471 0.003238114177731596 0.999994243303362 0.0013231191074632065 0.0 0.0 0.0 1.0"/>
                <scale value="1"/>
            </transform>
        </animation>
    </shape>
    <shape name="temp10" type="ply">
        <string name="filename" value="meshes/Cube_006.ply"/>
        <boolean name="face_normals" value="true"/>
        <ref id="mat-Material" name="bsdf"/>
        <animation name="to_world">
            <transform time="0">
                <matrix value="1.0 0.00015013297234383834 -0.0007239441520759528 -0.0008777239960529037 -0.0001496679236986882 0.9999997914159312 0.0006425437839611441 -0.016990510071089482 0.0007240389201226183 -0.0006424368459585794 0.9999995272093389 -0.0016674956575452038 0.0 0.0 0.0 1.0"/>
                <scale value="1"/>
            </transform>
            <transform time="0.0015">
                <matrix value="1.0 0.00013754292686141885 -0.0007244740075916785 -0.0008782815625568229 -0.00013704257076941535 0.9999997313427582 0.0006898841530851685 -0.016990157309230175 0.0007245512974093688 -0.000689786370714837 0.9999994676367625 -0.0016677057998353072 0.0 0.0 0.0 1.0"/>
                <scale value="1"/>
            </transform>
        </animation>
    </shape>
    <shape name="temp11" type="ply">
        <string name="filename" value="meshes/Cube_007.ply"/>
        <boolean name="face_normals" value="true"/>
        <ref id="mat-Material" name="bsdf"/>
        <animation name="to_world">
            <transform time="0">
                <matrix value="0.9999982270352306 -0.0020317777828764995 -5.256297453407663e-05 0.0005750155747552554 0.0020320259491123653 0.9999841476107738 0.00522570789763704 -0.0172656764989898 4.194480051486897e-05 -0.005225794340279879 0.9999865254661597 0.0001971515218786024 0.0 0.0 0.0 1.0"/>
                <scale value="1"/>
            </transform>
            <transform time="0.0015">
                <matrix value="0.9999981951213541 -0.0020415145178438146 -5.2696068180244855e-05 0.0005748073863077344 0.0020417643089482703 0.9999839974278414 0.00524969862521222 -0.01726575222633795 4.1971764549099765e-05 -0.005249786138828385 0.9999863893002707 0.00019612423792083556 0.0 0.0 0.0 1.0"/>
                <scale value="1"/>
            </transform>
        </animation>
    </shape>
    <shape name="temp12" type="ply">
        <string name="filename" value="meshes/Cube_008.ply"/>
        <boolean name="face_normals" value="true"/>
        <ref id="mat-Material" name="bsdf"/>
        <animation name="to_world">
            <transform time="0">
                <matrix value="0.9999991135176153 0.001302434384666568 0.00017268418860375936 0.0002943092913709755 -0.0013021185156029764 0.9999974969911749 -0.001814189960668545 -0.01705430881422343 -0.00017504658464931644 0.0018139638690676085 0.9999983452326863 0.00032889953797665683 0.0 0.0 0.0 1.0"/>
                <scale value="1"/>
            </transform>
            <transform time="0.0015">
                <matrix value="0.9999990816037387 0.0013267143091709576 0.0001726557469536862 0.0002940884370778824 -0.0013263926887553698 0.9999973843539756 -0.0018468732632889763 -0.017041289283342847 -0.0001751267842208894 0.0018466425487942187 0.9999982771497418 0.0003290070998703437 0.0 0.0 0.0 1.0"/>
                <scale value="1"/>
            </transform>
        </animation>
    </shape>
    <shape name="temp13" type="ply">
        <string name="filename" value="meshes/Cube_009.ply"/>
        <boolean name="face_normals" value="true"/>
        <ref id="mat-Material" name="bsdf"/>
        <animation name="to_world">
            <transform time="0">
                <matrix value="0.9999986702764229 -0.0014679228989848215 0.0006417613154170888 0.0012806481243203827 0.0014673898589961118 0.9999985399115188 0.0008325181634352213 -0.019570764128269358 -0.0006429834032767935 -0.0008315767078342091 0.9999995272093389 0.0011463333549150967 0.0 0.0 0.0 1.0"/>
                <scale value="1"/>
            </transform>
            <transform time="0.0015">
                <matrix value="0.9999987021902994 -0.001445256990455348 0.0006421003684807977 0.0012795907924976373 0.0014447332406726779 0.9999985774572518 0.0008178444166102208 -0.019546430551224604 -0.0006432913721847438 -0.0008169172016159609 0.999999535719707 0.0011446848035132657 0.0 0.0 0.0 1.0"/>
                <scale value="1"/>
            </transform>
        </animation>
    </shape>
    <shape name="temp14" type="ply">
        <string name="filename" value="meshes/Cube_010.ply"/>
        <boolean name="face_normals" value="true"/>
        <ref id="mat-Material" name="bsdf"/>
        <animation name="to_world">
            <transform time="0">
                <matrix value="0.99999246489973 -0.000251128961272196 0.003945698101414543 0.008045236753583929 0.00025029120946337674 1.0 0.00021261963376689814 -0.017878580563411517 -0.003945759688809224 -0.00021162939616997933 0.9999921989540925 0.006541493996845338 0.0 0.0 0.0 1.0"/>
                <scale value="1"/>
            </transform>
            <transform time="0.0015">
                <matrix value="0.9999924489427918 -0.000242430776575682 0.003947491235965834 0.008047747156759854 0.0002415920835267275 1.0 0.00021274961261835457 -0.01786314816480268 -0.003947550535987424 -0.000211793696298067 0.9999921904437244 0.006544518368084472 0.0 0.0 0.0 1.0"/>
                <scale value="1"/>
            </transform>
        </animation>
    </shape>
    <shape name="temp15" type="ply">
        <string name="filename" value="meshes/Cube_011.ply"/>
        <boolean name="face_normals" value="true"/>
        <ref id="mat-Material" name="bsdf"/>
        <animation name="to_world">
            <transform time="0">
                <matrix value="0.9999991135176153 -0.0012300181676723895 -0.0005676088281363396 -0.0010736332542862215 0.0012298347419538427 0.9999991656637249 -0.0003240838144372302 -0.020042660370228338 0.0005680091555900693 0.0003233866543741122 0.9999997636046695 -0.0008934624496965693 0.0 0.0 0.0 1.0"/>
                <scale value="1"/>
            </transform>
            <transform time="0.0015">
                <matrix value="0.9999991135176153 -0.0012338454295226506 -0.0005677575893701154 -0.0010780439556262009 0.0012336613753121616 0.9999991581545783 -0.0003249712756190464 -0.020049343441269615 0.000568160267795162 0.00032427168239497185 0.9999997636046695 -0.0008932819095990332 0.0 0.0 0.0 1.0"/>
                <scale value="1"/>
            </transform>
        </animation>
    </shape>
    <shape name="temp16" type="ply">
        <string name="filename" value="meshes/Cube_012.ply"/>
        <boolean name="face_normals" value="true"/>
        <ref id="mat-Material" name="bsdf"/>
        <animation name="to_world">
            <transform time="0">
                <matrix value="0.999997340552846 -0.00233995031527482 -0.00017836405921041123 -0.00035996476444921655 0.0023394624725412085 0.9999935338938684 -0.0026990909653959788 -0.02417581071771996 0.00018467865900036702 0.002698658595853766 0.999996454070042 -0.00037463650472724375 0.0 0.0 0.0 1.0"/>
                <scale value="1"/>
            </transform>
            <transform time="0.0015">
                <matrix value="0.9999973086389695 -0.0023509186253795962 -0.00017835714879154248 -0.00036032957845767206 0.0023504283996355914 0.9999934738206955 -0.002711194410857994 -0.024203689654860736 0.000184733343427701 0.0027107599610923243 0.9999964200285697 -0.00037428056297509954 0.0 0.0 0.0 1.0"/>
                <scale value="1"/>
            </transform>
        </animation>
    </shape>
    <shape name="temp17" type="ply">
        <string name="filename" value="meshes/Cube_013.ply"/>
        <boolean name="face_normals" value="true"/>
        <ref id="mat-Material" name="bsdf"/>
        <animation name="to_world">
            <transform time="0">
                <matrix value="0.9999982270352306 -0.0018397219157195214 0.00027533436937526856 -0.0001404889678429111 0.001841011157267294 0.9999868592036677 -0.00476485520076819 -0.024771862165856084 -0.00026656569632304834 0.004765355437682381 0.9999886530241345 -2.5973597724826547e-05 0.0 0.0 0.0 1.0"/>
                <scale value="1"/>
            </transform>
            <transform time="0.0015">
                <matrix value="0.9999982749060453 -0.0018129436981340185 0.00027517233196731135 -0.00014216478023850539 0.0018142138730410616 0.9999871670786792 -0.004694984227917895 -0.024669426496432483 -0.00026660787051080545 0.0046954768210481015 0.9999889168455446 -2.1847805519931864e-05 0.0 0.0 0.0 1.0"/>
                <scale value="1"/>
            </transform>
        </animation>
    </shape>
    <shape name="temp18" type="ply">
        <string name="filename" value="meshes/Cube_014.ply"/>
        <boolean name="face_normals" value="true"/>
        <ref id="mat-Material" name="bsdf"/>
        <animation name="to_world">
            <transform time="0">
                <matrix value="1.0 -0.0001720899915106284 -6.988295121604122e-05 -0.000296721078320461 0.00017202811212938386 0.9999995828318625 -0.0008854754453806224 -0.01861175132340609 7.003521108032062e-05 0.000885464401999904 0.9999995272093389 8.737035022354789e-05 0.0 0.0 0.0 1.0"/>
                <scale value="1"/>
            </transform>
            <transform time="0.0015">
                <matrix value="0.9999999840430618 -0.00019917113558000623 -6.972294778605151e-05 -0.00029607353275572305 0.00019909995143490102 0.999999177337945 -0.001023749863212088 -0.01874245023479236 7.002697730019097e-05 0.0010237366264325126 0.999999144242776 8.462874799649038e-05 0.0 0.0 0.0 1.0"/>
                <scale value="1"/>
            </transform>
        </animation>
    </shape>
    <shape name="temp19" type="ply">
        <string name="filename" value="meshes/Cube_015.ply"/>
        <boolean name="face_normals" value="true"/>
        <ref id="mat-Material" name="bsdf"/>
        <animation name="to_world">
            <transform time="0">
                <matrix value="1.0 -0.00019664200507693623 -9.788303253603491e-05 0.0001503344323332545 0.00019661292810450564 1.0 -0.0002961135189288833 -0.018109650556788925 9.794123330975291e-05 0.00029609551481676936 1.0 -0.0001920433466489624 0.0 0.0 0.0 1.0"/>
                <scale value="1"/>
            </transform>
            <transform time="0.0015">
                <matrix value="1.0 -0.000196600479496117 -9.794582203161834e-05 0.0001499883544738414 0.00019657129645264855 1.0 -0.0002970465105798471 -0.01811005588766579 9.800419938803124e-05 0.00029702845119307695 1.0 -0.000192144875387588 0.0 0.0 0.0 1.0"/>
                <scale value="1"/>
            </transform>
        </animation>
    </shape>
    <shape name="temp20" type="ply">
        <string name="filename" value="meshes/Cube_016.ply"/>
        <boolean name="face_normals" value="true"/>
        <ref id="mat-Material" name="bsdf"/>
        <animation name="to_world">
            <transform time="0">
                <matrix value="1.0 -0.0005790815209115958 0.00039248953123278746 0.0007122538613107965 0.0005797328851278396 0.99999833132745 -0.0016618875410677788 -0.0184329900304257 -0.000391526469477525 0.0016621146670059634 0.9999985816280168 0.0006458376991908543 0.0 0.0 0.0 1.0"/>
                <scale value="1"/>
            </transform>
            <transform time="0.0015">
                <matrix value="1.0 -0.0005422016238329527 0.00039256961379627894 0.0007125498924503692 0.0005427826798103366 0.9999981886536642 -0.0014833406998939357 -0.018376218384887823 -0.00039158823878543566 0.0014835530174710282 0.9999984369517597 0.000650550659016035 0.0 0.0 0.0 1.0"/>
                <scale value="1"/>
            </transform>
        </animation>
    </shape>
    <shape name="temp21" type="ply">
        <string name="filename" value="meshes/Cube_017.ply"/>
        <boolean name="face_normals" value="true"/>
        <ref id="mat-Material" name="bsdf"/>
        <animation name="to_world">
            <transform time="0">
                <matrix value="0.9999995567588077 0.000687451373838969 0.0005552477163029094 0.0002568419961328505 -0.0006884244903169528 0.9999981227433812 0.0017563392953811663 -0.017632998114764042 -0.0005540381932070628 -0.0017567200572354683 0.9999983452326863 0.00034636363565937467 0.0 0.0 0.0 1.0"/>
                <scale value="1"/>
            </transform>
            <transform time="0.0015">
                <matrix value="0.9999995727157459 0.000653285883081218 0.000555690340545969 0.0002586403336463224 -0.000654224399476631 0.9999981903257008 0.0016938541833240268 -0.01764436681522914 -0.000554524560684489 -0.0016942158934074088 0.9999984048052627 0.0003443701463231602 0.0 0.0 0.0 1.0"/>
                <scale value="1"/>
            </transform>
        </animation>
    </shape>
    <shape name="temp22" type="ply">
        <string name="filename" value="meshes/Cube_018.ply"/>
        <boolean name="face_normals" value="true"/>
        <ref id="mat-Material" name="bsdf"/>
        <animation name="to_world">
            <transform time="0">
                <matrix value="0.9999942378644994 0.0033804072812526724 4.9753416030723824e-05 0.00035237080503780494 -0.003380600574085993 0.999983939026705 0.004530611067745701 -0.017876301304119435 -3.443722552289163e-05 -0.004530754678019203 0.9999898350007872 0.00021814303559147818 0.0 0.0 0.0 1.0"/>
                <scale value="1"/>
            </transform>
            <transform time="0.0015">
                <matrix value="0.99999414212287 0.0034094222483424474 5.038072377116159e-05 0.00035250588731123916 -0.0034096197023921735 0.99998366118828 0.0045647674299744995 -0.017878457376907197 -3.479006055407941e-05 -0.004564914461825521 0.9999896647934259 0.00021839826753417463 0.0 0.0 0.0 1.0"/>
                <scale value="1"/>
            </transform>
        </animation>
    </shape>
    <shape name="temp23" type="ply">
        <string name="filename" value="meshes/Cube_019.ply"/>
        <boolean name="face_normals" value="true"/>
        <ref id="mat-Material" name="bsdf"/>
        <animation name="to_world">
            <transform time="0">
                <matrix value="0.9999135679674909 0.011863690311061421 -0.005692541396368306 0.0029978019859036587 -0.011818166506213354 0.999898419558511 0.007965600697082551 -0.018318335502283678 0.005786465009653793 -0.007897629024890336 0.9999522481432328 -0.0007953621262961619 0.0 0.0 0.0 1.0"/>
                <scale value="1"/>
            </transform>
            <transform time="0.0015">
                <matrix value="0.9999144934699086 0.011777361482013964 -0.005691271649453011 0.0029990613179481608 -0.011732062388785016 0.9998996135128239 0.007928356773319777 -0.018310945645296565 0.005784161785188842 -0.007860896757634279 0.9999525289853789 -0.0007961603925037296 0.0 0.0 0.0 1.0"/>
                <scale value="1"/>
            </transform>
        </animation>
    </shape>
    <shape name="temp24" type="ply">
        <string name="filename" value="meshes/Cube_020.ply"/>
        <boolean name="face_normals" value="true"/>
        <ref id="mat-Material" name="bsdf"/>
        <animation name="to_world">
            <transform time="0">
                <matrix value="0.999949421731692 -0.0008282633757175874 0.00999205319634869 -0.007845742005528539 0.0007448176475389662 0.9999649001949843 0.008352012495445534 -0.015746413118287006 -0.009998620458358367 -0.008344147057405011 0.9999153704636767 -0.0009582859173848934 0.0 0.0 0.0 1.0"/>
                <scale value="1"/>
            </transform>
            <transform time="0.0015">
                <matrix value="0.999949397747182 -0.0007724558238770694 0.00999537309093029 -0.007843245130087759 0.000689050021192111 0.9999649466252121 0.00834517101051307 -0.015747349012953663 -0.010001479682101485 -0.008337865247911885 0.9999153874844104 -0.000957881723414851 0.0 0.0 0.0 1.0"/>
                <scale value="1"/>
            </transform>
        </animation>
    </shape>
    <shape name="temp25" type="ply">
        <string name="filename" value="meshes/Cube_021.ply"/>
        <boolean name="face_normals" value="true"/>
        <ref id="mat-Material" name="bsdf"/>
        <animation name="to_world">
            <transform time="0">
                <matrix value="0.9993679380597028 0.023310854923522653 0.026848197792918638 -0.016344180181468382 -0.023590098523652236 0.9996704371713497 0.010131501994467404 -0.01919425197384228 -0.026603181230685766 -0.010758436704121414 0.9995881993342162 -0.0133393943079122 0.0 0.0 0.0 1.0"/>
                <scale value="1"/>
            </transform>
            <transform time="0.0015">
                <matrix value="0.9993666455477057 0.023365360064277873 0.026847645470031222 -0.016346627324485975 -0.02364385792727668 0.9996694009091159 0.010103056940247013 -0.019204600820277563 -0.026602754861296107 -0.010731427580277288 0.9995884971970985 -0.01334035845292092 0.0 0.0 0.0 1.0"/>
                <scale value="1"/>
            </transform>
        </animation>
    </shape>
    <shape name="temp26" type="ply">
        <string name="filename" value="meshes/Cube_022.ply"/>
        <boolean name="face_normals" value="true"/>
        <ref id="mat-Material" name="bsdf"/>
        <animation name="to_world">
            <transform time="0">
                <matrix value="0.998728784260328 0.04851648752771561 0.01369341227676598 0.0246437750052676 -0.04837450157527919 0.9987739428437935 -0.010516471790236022 -0.025255175366225735 -0.014186843005742633 0.00984069600332066 0.999851070941766 0.053005768790552354 0.0 0.0 0.0 1.0"/>
                <scale value="1"/>
            </transform>
            <transform time="0.0015">
                <matrix value="0.9986828761490236 0.049306728341681455 0.013596026432924796 0.025512835206515504 -0.049156972381383474 0.9987131262653026 -0.011222035769178513 -0.02550422842173009 -0.014146937894602632 0.010540092963649685 0.9998379309334736 0.054591126445317835 0.0 0.0 0.0 1.0"/>
                <scale value="1"/>
            </transform>
        </animation>
    </shape>
    <shape name="temp27" type="ply">
        <string name="filename" value="meshes/Cube_023.ply"/>
        <boolean name="face_normals" value="true"/>
        <ref id="mat-Material" name="bsdf"/>
        <animation name="to_world">
            <transform time="0">
                <matrix value="0.9944807606728047 0.10398120240372281 0.014005454113065996 0.07260335712471688 -0.10154385339708916 0.9874555455203443 -0.12091408400828141 -0.06364142700600706 -0.026402556969790453 0.11882454533887611 0.9925641848781689 0.13511603914727635 0.0 0.0 0.0 1.0"/>
                <scale value="1"/>
            </transform>
            <transform time="0.0015">
                <matrix value="0.9943189413621557 0.10520357658382837 0.014582720038244875 0.0726541614813409 -0.10259170244729864 0.9870373235992365 -0.12286580246016923 -0.06428215453389163 -0.027377030911771644 0.1206470557734083 0.9922590201000948 0.13509831537908445 0.0 0.0 0.0 1.0"/>
                <scale value="1"/>
            </transform>
        </animation>
    </shape>
    <shape name="temp28" type="ply">
        <string name="filename" value="meshes/Cube_024.ply"/>
        <boolean name="face_normals" value="true"/>
        <ref id="mat-Material" name="bsdf"/>
        <animation name="to_world">
            <transform time="0">
                <matrix value="0.9694460548874434 0.23081996483272602 0.08304818540580332 0.03808981676304268 -0.18065331978788252 0.9008101405230872 -0.39484875663148 -0.23618134161074011 -0.16594967971391442 0.367781478986198 0.9149849108860522 -0.0412865797984083 0.0 0.0 0.0 1.0"/>
                <scale value="1"/>
            </transform>
            <transform time="0.0015">
                <matrix value="0.9692043870578627 0.23200200963906922 0.08222802676775545 0.037745025773122456 -0.18157889241608513 0.8993464201178091 -0.3974255684260351 -0.2375286607198327 -0.16626877379920266 0.3702592270421538 0.9138156203553961 -0.04181123356804396 0.0 0.0 0.0 1.0"/>
                <scale value="1"/>
            </transform>
        </animation>
    </shape>
    <shape name="temp29" type="ply">
        <string name="filename" value="meshes/Cube_025.ply"/>
        <boolean name="face_normals" value="true"/>
        <ref id="mat-Material" name="bsdf"/>
        <animation name="to_world">
            <transform time="0">
                <matrix value="0.9384417767234547 0.3453918564607873 0.005670367514364562 -0.05140422667417821 -0.2516295762436905 0.694748061732541 -0.6738009201451846 -0.5940760354374566 -0.23666482278330647 0.6308956808496882 0.7388911924300542 -0.35631094209170916 0.0 0.0 0.0 1.0"/>
                <scale value="1"/>
            </transform>
            <transform time="0.0015">
                <matrix value="0.9380242953483925 0.34646920874492765 0.005116610629928386 -0.05230230752895767 -0.25215319200204034 0.6927278910351387 -0.6755364905668845 -0.5954892448918305 -0.23767703360766018 0.6323674285327051 0.7371963951817537 -0.3585783464843841 0.0 0.0 0.0 1.0"/>
                <scale value="1"/>
            </transform>
        </animation>
    </shape>
    <shape name="temp30" type="ply">
        <string name="filename" value="meshes/Cube_026.ply"/>
        <boolean name="face_normals" value="true"/>
        <ref id="mat-Material" name="bsdf"/>
        <animation name="to_world">
            <transform time="0">
                <matrix value="0.926101941928312 0.3641531591100135 -0.09863136559436168 -0.08227440281998344 -0.3179340705320845 0.6125515463379939 -0.7236701698878683 -0.9616744336874701 -0.20311009047439219 0.7015504053831377 0.6830617072187096 -0.4228034725928914 0.0 0.0 0.0 1.0"/>
                <scale value="1"/>
            </transform>
            <transform time="0.0015">
                <matrix value="0.9257136457932829 0.36503900562785496 -0.09886711895946097 -0.08313191890836104 -0.3182844912785172 0.6109121344292027 -0.7248243970670493 -0.9630110686695748 -0.20422788835905198 0.7024377011662772 0.6817411448956986 -0.42538022037530776 0.0 0.0 0.0 1.0"/>
                <scale value="1"/>
            </transform>
        </animation>
    </shape>
    <shape name="temp31" type="ply">
        <string name="filename" value="meshes/Cube_027.ply"/>
        <boolean name="face_normals" value="true"/>
        <ref id="mat-Material" name="bsdf"/>
        <animation name="to_world">
            <transform time="0">
                <matrix value="0.8331210208021956 0.48618547712562815 -0.26369142655598954 -0.40216105409575853 -0.5117286051908863 0.496671624014701 -0.7010357897802516 -1.4787481028479819 -0.20986548516294434 0.7189859476912873 0.6625825433395379 -0.5957441329820152 0.0 0.0 0.0 1.0"/>
                <scale value="1"/>
            </transform>
            <transform time="0.0015">
                <matrix value="0.8330127210623894 0.48581203975497333 -0.26466430630207394 -0.4033770981939111 -0.5119106419422799 0.4953774301035594 -0.7017751535370009 -1.4798486077897701 -0.20984852772468118 0.720074556186214 0.6613499441808465 -0.597456232708119 0.0 0.0 0.0 1.0"/>
                <scale value="1"/>
            </transform>
        </animation>
    </shape>
    <shape name="temp32" type="ply">
        <string name="filename" value="meshes/Cube_028.ply"/>
        <boolean name="face_normals" value="true"/>
        <ref id="mat-Material" name="bsdf"/>
        <animation name="to_world">
            <transform time="0">
                <matrix value="-0.14580551994851312 0.9743969313111804 0.17114745347858093 -1.493175111978287 -0.7550759981348412 0.0021714331602780846 -0.6556339389939299 -2.106158851290535 -0.6392193990713211 -0.22482442436011624 0.7354270552564629 -1.4058613743779897 0.0 0.0 0.0 1.0"/>
                <scale value="1"/>
            </transform>
            <transform time="0.0015">
                <matrix value="-0.1459798367331883 0.9743549026175375 0.17123498601827647 -1.493344835712439 -0.7548320803769692 0.002182585519566564 -0.6559119131460363 -2.1060395854675917 -0.6394644976426225 -0.22500434351317747 0.7351558723780723 -1.4066177158698676 0.0 0.0 0.0 1.0"/>
                <scale value="1"/>
            </transform>
        </animation>
    </shape>
    <shape name="temp33" type="ply">
        <string name="filename" value="meshes/Cube_029.ply"/>
        <boolean name="face_normals" value="true"/>
        <ref id="mat-Material" name="bsdf"/>
        <animation name="to_world">
            <transform time="0">
                <matrix value="0.07056811996588816 0.9893415626701264 0.12737117518265087 -1.5794741982068026 -0.9971628131277404 0.06661078004184197 0.03507106752821733 -1.846423607035927 0.02621297384699669 -0.129484630482893 0.991234933934597 -0.09782313359724437 0.0 0.0 0.0 1.0"/>
                <scale value="1"/>
            </transform>
            <transform time="0.0015">
                <matrix value="0.07018466197453213 0.9893711787444033 0.1273373073218995 -1.5802657489770418 -0.9971499518355224 0.0661081898547781 0.03597055130699888 -1.8448745226784735 0.02717044758612026 -0.12948968038399622 0.9911960926147485 -0.09600254350262433 0.0 0.0 0.0 1.0"/>
                <scale value="1"/>
            </transform>
        </animation>
    </shape>
    <shape name="temp34" type="ply">
        <string name="filename" value="meshes/Cube_030.ply"/>
        <boolean name="face_normals" value="true"/>
        <ref id="mat-Material" name="bsdf"/>
        <animation name="to_world">
            <transform time="0">
                <matrix value="0.09373658906401011 0.9741795062311077 -0.20539603611783422 -2.9055745125300687 -0.9583726450480258 0.14417595100243308 0.24644431641482786 -1.8340641720392497 0.2696942634660123 0.17374508654093962 0.9471419218237925 0.3794991112998971 0.0 0.0 0.0 1.0"/>
                <scale value="1"/>
            </transform>
            <transform time="0.0015">
                <matrix value="0.09391264671857849 0.9741558360477314 -0.20542578154517185 -2.905228920791933 -0.9583388151517117 0.14436133776988394 0.24646537249067316 -1.8339475190603232 0.2697514387788897 0.17372115428866539 0.9471299716841659 0.3796131052578023 0.0 0.0 0.0 1.0"/>
                <scale value="1"/>
            </transform>
        </animation>
    </shape>
    <shape name="temp35" type="ply">
        <string name="filename" value="meshes/Cube_031.ply"/>
        <boolean name="face_normals" value="true"/>
        <ref id="mat-Material" name="bsdf"/>
        <animation name="to_world">
            <transform time="0">
                <matrix value="0.12060987328620794 0.9866351843778876 0.10956346765473611 -2.0009501545047645 -0.6492437418776051 -0.005092830339804307 0.7605634435424123 -0.6402219550994932 0.7509569577342928 -0.16286483960928033 0.6399524183478709 0.8032009135126637 0.0 0.0 0.0 1.0"/>
                <scale value="1"/>
            </transform>
            <transform time="0.0015">
                <matrix value="0.12046429973437688 0.9866424757592575 0.10965433540767633 -2.001208772711958 -0.6501837970229506 -0.0050531748368598025 0.7597324741838115 -0.6440421887034946 0.7501384785013657 -0.16282162071589787 0.6408902013360552 0.8022420216814531 0.0 0.0 0.0 1.0"/>
                <scale value="1"/>
            </transform>
        </animation>
