
<scene version="2.1.0">
    <default name="spp" value="1024"/>
    <default name="resx" value="1280"/>
    <default name="resy" value="720"/>
    <integrator name="temp0" type="path">
        <integer name="max_depth" value="12"/>
    </integrator>
    <sensor name="temp44" type="perspective">
        <string name="fov_axis" value="x"/>
        <float name="fov" value="83.974423"/>
        <float name="principal_point_offset_x" value="0.000000"/>
        <float name="principal_point_offset_y" value="-0.000000"/>
        <float name="near_clip" value="0.100000"/>
        <float name="far_clip" value="1000.000000"/>
        <sampler name="sampler" type="correlated">
            <integer name="sample_count" value="1024"/>
        </sampler>
        <film name="film" type="hdrfilm">
            <integer name="width" value="$resx"/>
            <integer name="height" value="$resy"/>
        </film>
        <float name="shutter_open" value="0.0"/>
        <float name="shutter_close" value="0.0015"/>
        <animation name="to_world">
            <transform time="0">
                <rotate angle="-142.5518126578256" x="1"/>
                <rotate angle="3.976628485794621e-06" y="1"/>
                <rotate angle="-179.999991348578" z="1"/>
                <translate value="-0.000000 3.030926 4.073377"/>
                <translate x="30.299999999999997" y="0.0" z="0.0"/>
            </transform>
            <transform time="0.0015">
                <rotate angle="-142.5518126578256" x="1"/>
                <rotate angle="3.976628485794621e-06" y="1"/>
                <rotate angle="-179.999991348578" z="1"/>
                <translate value="-0.000000 3.030926 4.073377"/>
                <translate x="30.45" y="0.0" z="0.0"/>
            </transform>
        </animation>
    </sensor>
    <bsdf id="mat-Material" name="mat-Material" type="twosided">
        <bsdf name="bsdf" type="diffuse">
            <texture name="reflectance" type="bitmap">
                <string name="filename" value="textures/siggraph_2023_logo.jpg"/>
            </texture>
        </bsdf>
    </bsdf>
    <bsdf id="mat-Material.001" name="mat-Material.001" type="twosided">
        <bsdf name="bsdf" type="principled">
            <rgb name="base_color" value="0.433648 0.266232 0.084399"/>
            <float name="spec_tint" value="0.000000"/>
            <float name="spec_trans" value="0.000000"/>
            <float name="metallic" value="0.000000"/>
            <float name="anisotropic" value="0.000000"/>
            <float name="roughness" value="0.500000"/>
            <float name="sheen" value="0.000000"/>
            <float name="sheen_tint" value="0.500000"/>
            <float name="clearcoat" value="0.000000"/>
            <float name="clearcoat_gloss" value="0.173205"/>
            <float name="specular" value="0.500000"/>
        </bsdf>
    </bsdf>
    <bsdf id="mat-Material.002" name="mat-Material.002" type="twosided">
        <bsdf name="bsdf" type="principled">
            <rgb name="base_color" value="0.433648 0.266232 0.084399"/>
            <float name="spec_tint" value="0.000000"/>
            <float name="spec_trans" value="0.000000"/>
            <float name="metallic" value="0.000000"/>
            <float name="anisotropic" value="0.000000"/>
            <float name="roughness" value="0.500000"/>
            <float name="sheen" value="0.000000"/>
            <float name="sheen_tint" value="0.500000"/>
            <float name="clearcoat" value="0.000000"/>
            <float name="clearcoat_gloss" value="0.173205"/>
            <float name="specular" value="0.500000"/>
        </bsdf>
    </bsdf>
    <bsdf id="mat-Material.003" name="mat-Material.003" type="twosided">
        <bsdf name="bsdf" type="principled">
            <rgb name="base_color" value="0.433648 0.266232 0.084399"/>
            <float name="spec_tint" value="0.000000"/>
            <float name="spec_trans" value="0.000000"/>
            <float name="metallic" value="0.000000"/>
            <float name="anisotropic" value="0.000000"/>
            <float name="roughness" value="0.500000"/>
            <float name="sheen" value="0.000000"/>
            <float name="sheen_tint" value="0.500000"/>
            <float name="clearcoat" value="0.000000"/>
            <float name="clearcoat_gloss" value="0.173205"/>
            <float name="specular" value="0.500000"/>
        </bsdf>
    </bsdf>
    <bsdf id="mat-Material.004" name="mat-Material.004" type="twosided">
        <bsdf name="bsdf" type="principled">
            <rgb name="base_color" value="0.433648 0.266232 0.084399"/>
            <float name="spec_tint" value="0.000000"/>
            <float name="spec_trans" value="0.000000"/>
            <float name="metallic" value="0.000000"/>
            <float name="anisotropic" value="0.000000"/>
            <float name="roughness" value="0.500000"/>
            <float name="sheen" value="0.000000"/>
            <float name="sheen_tint" value="0.500000"/>
            <float name="clearcoat" value="0.000000"/>
            <float name="clearcoat_gloss" value="0.173205"/>
            <float name="specular" value="0.500000"/>
        </bsdf>
    </bsdf>
    <bsdf id="mat-Material.005" name="mat-Material.005" type="twosided">
        <bsdf name="bsdf" type="principled">
            <rgb name="base_color" value="0.433648 0.266232 0.084399"/>
            <float name="spec_tint" value="0.000000"/>
            <float name="spec_trans" value="0.000000"/>
            <float name="metallic" value="0.000000"/>
            <float name="anisotropic" value="0.000000"/>
            <float name="roughness" value="0.500000"/>
            <float name="sheen" value="0.000000"/>
            <float name="sheen_tint" value="0.500000"/>
            <float name="clearcoat" value="0.000000"/>
            <float name="clearcoat_gloss" value="0.173205"/>
            <float name="specular" value="0.500000"/>
        </bsdf>
    </bsdf>
    <emitter name="temp45" type="point">
        <point name="position" x="-6.815235034541981e-16" y="3.0693089962005615" z="4.109199523925781"/>
        <rgb name="intensity" value="7.957747 7.957747 7.957747"/>
    </emitter>
    <shape name="temp2" type="ply">
        <string name="filename" value="meshes/Cube.ply"/>
        <boolean name="face_normals" value="true"/>
        <ref id="mat-Material" name="bsdf"/>
        <animation name="to_world">
            <transform time="0">
                <matrix value="0.9999986702764229 0.00023574171451932845 0.0016191118060083184 -0.0025856954479035466 -0.00023255712935728252 0.9999979141593124 -0.0019667878744324737 -0.014656073235994826 -0.0016195722899790257 0.0019664075357252366 0.9999969268607032 0.0037146130689955648 0.0 0.0 0.0 1.0"/>
            </transform>
            <transform time="0.0015">
                <matrix value="0.999998670276423 0.00023507978324460604 0.0016201419009589035 -0.0025866291232580366 -0.00023201212013183997 0.9999979892507787 -0.0018946014517012668 -0.014753146681935355 -0.0016205855555569968 0.0018942219140108902 0.9999969864332797 0.0037201952359175346 0.0 0.0 0.0 1.0"/>
            </transform>
        </animation>
    </shape>
    <shape name="temp4" type="ply">
        <string name="filename" value="meshes/Plane.ply"/>
        <boolean name="face_normals" value="true"/>
        <ref id="mat-Material.001" name="bsdf"/>
    </shape>
    <shape name="temp5" type="ply">
        <string name="filename" value="meshes/Cube_001.ply"/>
        <boolean name="face_normals" value="true"/>
        <ref id="mat-Material" name="bsdf"/>
        <animation name="to_world">
            <transform time="0">
                <matrix value="0.9999982270352306 -3.9846857576712006e-05 -0.001951708216297945 0.002522650216933986 4.147110865259996e-05 0.9999995828318625 0.0008322203053187531 -0.018663932719000798 0.0019516751857623837 -0.0008323004945528271 0.9999978724420252 -0.0045345925194671954 0.0 0.0 0.0 1.0"/>
            </transform>
            <transform time="0.0015">
                <matrix value="0.9999982270352306 -3.0855818414687056e-05 -0.0019520789279308555 0.0025238222677144524 3.2172533204329176e-05 0.9999993725757571 0.0006752937137992699 -0.018482377649680262 0.0019520200151976587 -0.000675355725764283 0.9999976596828236 -0.004537162330148373 0.0 0.0 0.0 1.0"/>
            </transform>
        </animation>
    </shape>
    <shape name="temp6" type="ply">
        <string name="filename" value="meshes/Cube_002.ply"/>
        <boolean name="face_normals" value="true"/>
        <ref id="mat-Material" name="bsdf"/>
        <animation name="to_world">
            <transform time="0">
                <matrix value="1.0 3.571334708597627e-05 0.0002581673404721571 -0.0009075437610128745 -3.580542243545079e-05 1.0 0.0003568245677156788 -0.017943184140199075 -0.00025815430821574147 -0.00035683310980073966 1.0 0.001130301472225148 0.0 0.0 0.0 1.0"/>
            </transform>
            <transform time="0.0015">
                <matrix value="1.0 3.9240258089653744e-05 0.0002585724339920502 -0.0009050390934989541 -3.936524142522328e-05 0.9999997446890149 0.0004785156823357237 -0.01800759134039757 -0.0002585418065038588 -0.00047852483812628 0.9999997531993261 0.001131041685364627 0.0 0.0 0.0 1.0"/>
            </transform>
        </animation>
    </shape>
    <shape name="temp7" type="ply">
        <string name="filename" value="meshes/Cube_003.ply"/>
        <boolean name="face_normals" value="true"/>
        <ref id="mat-Material" name="bsdf"/>
        <animation name="to_world">
            <transform time="0">
                <matrix value="0.9999986702764229 -0.00047880055817096803 0.00159732797629995 -0.0011203387935965203 0.00048616023700993037 0.9999891536284242 -0.0046092834337461905 -0.017326760500220473 -0.0015951053761610703 0.004610041654238533 0.9999881802334736 0.004692936082681398 0.0 0.0 0.0 1.0"/>
            </transform>
            <transform time="0.0015">
                <matrix value="0.999998670276423 -0.00047705002591046564 0.0015981198660483965 -0.0011211220497171174 0.0004843865914111486 0.9999892287198905 -0.004592746937559127 -0.01732828283136307 -0.0015959124780970354 0.004593502908986682 0.9999882568267863 0.004698962286859341 0.0 0.0 0.0 1.0"/>
            </transform>
        </animation>
    </shape>
    <shape name="temp8" type="ply">
        <string name="filename" value="meshes/Cube_004.ply"/>
        <boolean name="face_normals" value="true"/>
        <ref id="mat-Material" name="bsdf"/>
        <animation name="to_world">
            <transform time="0">
                <matrix value="0.9999991135176153 -0.0002952424059755164 0.0013090344149050092 -0.0004360660780728942 0.00029734037554939746 0.9999987484955875 -0.0016028005282017266 -0.018580186481425065 -0.0013085588101278839 0.001603187581738882 0.9999978724420252 0.004109662371846536 0.0 0.0 0.0 1.0"/>
            </transform>
            <transform time="0.0015">
                <matrix value="0.9999991135176153 -0.00027157703003066497 0.0013093063211646854 -0.0004365562876770152 0.000273582265736487 0.9999987860413205 -0.0015320521364039317 -0.01851967771155737 -0.001308843003197863 0.00153240809278437 0.9999979149938656 0.0041124960139926085 0.0 0.0 0.0 1.0"/>
            </transform>
        </animation>
    </shape>
    <shape name="temp9" type="ply">
        <string name="filename" value="meshes/Cube_005.ply"/>
        <boolean name="face_normals" value="true"/>
        <ref id="mat-Material" name="bsdf"/>
        <animation name="to_world">
            <transform time="0">
                <matrix value="0.9999995567588077 -0.000346672979811148 0.0008268683150355468 -0.0007576563574756001 0.00034871912160233464 0.9999968712389685 -0.0024769502732966417 -0.019438716390532185 -0.0008260065564237172 0.0024772278342924726 0.9999966904653725 0.0020522888521722904 0.0 0.0 0.0 1.0"/>
            </transform>
            <transform time="0.0015">
                <matrix value="0.9999995727157459 -0.0003258035595195029 0.0008269239728426918 -0.0007610844468942952 0.0003276839037299752 0.9999968111657955 -0.0022765242970719016 -0.019313665206186582 -0.0008260671927890132 0.0022767851322329866 0.9999966308927961 0.002057504688458605 0.0 0.0 0.0 1.0"/>
            </transform>
        </animation>
    </shape>
    <shape name="temp10" type="ply">
        <string name="filename" value="meshes/Cube_006.ply"/>
        <boolean name="face_normals" value="true"/>
        <ref id="mat-Material" name="bsdf"/>
        <animation name="to_world">
            <transform time="0">
                <matrix value="0.9997189850840474 0.00560576568082883 0.023041831099318663 0.035906067588673984 -0.0034337185985777274 0.9956370470336218 -0.09324585445328616 -0.06972177707356991 -0.02346402299889899 0.09314050431456146 0.9953765801254881 0.09117759522574531 0.0 0.0 0.0 1.0"/>
            </transform>
            <transform time="0.0015">
                <matrix value="0.9997107832177943 0.005773499216026421 0.023299698655834793 0.03609119972207404 -0.0035091076319807477 0.9953701118895057 -0.09539433091276273 -0.07092179149368451 -0.023750397541904184 0.09528395943028789 0.995102963281831 0.09168074095290212 0.0 0.0 0.0 1.0"/>
            </transform>
        </animation>
    </shape>
    <shape name="temp11" type="ply">
        <string name="filename" value="meshes/Cube_007.ply"/>
        <boolean name="face_normals" value="true"/>
        <ref id="mat-Material" name="bsdf"/>
        <animation name="to_world">
            <transform time="0">
                <matrix value="0.9985102663524973 0.05412938052617418 0.006867071596108176 0.16068318547673854 -0.05213890469782475 0.9836563952918405 -0.17234136809542427 -0.05705143363092402 -0.01608356071606501 0.1717265963460243 0.9850134816257001 0.17650834052178888 0.0 0.0 0.0 1.0"/>
            </transform>
            <transform time="0.0015">
                <matrix value="0.9984670230498783 0.054816327771952854 0.006760954114632322 0.16065720890527505 -0.052794953469368536 0.9831929532897753 -0.17439589434664748 -0.05741742990057201 -0.01624616478893634 0.17377109818031103 0.9845925758419424 0.176436211813347 0.0 0.0 0.0 1.0"/>
            </transform>
        </animation>
    </shape>
    <shape name="temp12" type="ply">
        <string name="filename" value="meshes/Cube_008.ply"/>
        <boolean name="face_normals" value="true"/>
        <ref id="mat-Material" name="bsdf"/>
        <animation name="to_world">
            <transform time="0">
                <matrix value="0.7277094004365039 0.6855470012911354 -0.021552824191374314 0.8350287593302936 -0.6796469849847613 0.7165050487773845 -0.1571654261427705 1.4846818367441994 -0.09230160967471415 0.1290190291245935 0.9873372477248132 0.3493970127464716 0.0 0.0 0.0 1.0"/>
            </transform>
            <transform time="0.0015">
                <matrix value="0.7214780564860552 0.6907937396547783 -0.022103959882446476 0.8498106089057907 -0.684705813113646 0.7101021646540975 -0.15844914538035465 1.4958356583715209 -0.09403448529630357 0.12931270809440357 0.9870925746429451 0.3537180726132676 0.0 0.0 0.0 1.0"/>
            </transform>
        </animation>
    </shape>
    <shape name="temp13" type="ply">
        <string name="filename" value="meshes/Cube_009.ply"/>
        <boolean name="face_normals" value="true"/>
        <ref id="mat-Material" name="bsdf"/>
        <animation name="to_world">
            <transform time="0">
                <matrix value="0.1663252823003154 0.9853386258064382 0.0379923701043118 1.9103331374426595 -0.977005090181853 0.16988630082411568 -0.1288420505687435 1.9532663119483702 -0.13340744326069495 -0.015689040784442967 0.9909373122134594 0.2861539056060265 0.0 0.0 0.0 1.0"/>
            </transform>
            <transform time="0.0015">
                <matrix value="0.15978420795550455 0.9858282146570408 0.038188178354824485 1.9257530910224345 -0.9773649031821313 0.16347488007767444 -0.1299822722352 1.9524507346767634 -0.13436434255004204 -0.016756261953235433 0.9907623560667795 0.28813225717333213 0.0 0.0 0.0 1.0"/>
            </transform>
        </animation>
    </shape>
    <shape name="temp14" type="ply">
        <string name="filename" value="meshes/Cube_010.ply"/>
        <boolean name="face_normals" value="true"/>
        <ref id="mat-Material" name="bsdf"/>
        <animation name="to_world">
            <transform time="0">
                <matrix value="0.2384992651061031 0.9711244558563106 0.005951985271625327 1.3385529613571576 -0.9698591556787175 0.23849460705890208 -0.04994217770215229 1.6936135829230112 -0.04991959604770694 0.0061385853411288155 0.9987343394003406 0.028243148407717023 0.0 0.0 0.0 1.0"/>
            </transform>
            <transform time="0.0015">
                <matrix value="0.23742128456942302 0.9713717620911569 0.005942265580258313 1.3411324119968855 -0.9701289236765314 0.23741928224434963 -0.04942103169710431 1.6946974154687549 -0.04941384104989374 0.005983954365688884 0.9987566791165112 0.026281263185528543 0.0 0.0 0.0 1.0"/>
            </transform>
        </animation>
    </shape>
    <shape name="temp15" type="ply">
        <string name="filename" value="meshes/Cube_011.ply"/>
        <boolean name="face_normals" value="true"/>
        <ref id="mat-Material" name="bsdf"/>
        <animation name="to_world">
            <transform time="0">
                <matrix value="0.24613023844603182 0.9648946754744767 -0.09164120294964638 0.8895878983268903 -0.8587616372975052 0.2609370013537106 0.44095411992146 2.0152488115591636 0.4493867314862587 -0.02983419652373791 0.8928389235313112 -0.8836708434894773 0.0 0.0 0.0 1.0"/>
            </transform>
            <transform time="0.0015">
                <matrix value="0.24502716083689455 0.965150467045006 -0.09171545250686611 0.8909206967166726 -0.8585242459273718 0.2599687269334003 0.44192824218128185 2.01665079282732 0.4503750244558908 -0.029516184915214187 0.8923313481591797 -0.8861016640635389 0.0 0.0 0.0 1.0"/>
            </transform>
        </animation>
    </shape>
    <shape name="temp16" type="ply">
        <string name="filename" value="meshes/Cube_012.ply"/>
        <boolean name="face_normals" value="true"/>
        <ref id="mat-Material" name="bsdf"/>
        <animation name="to_world">
            <transform time="0">
                <matrix value="0.09782545871030997 0.9918595895482696 0.08151624910583466 1.055592522951172 -0.6385088834399771 -0.0002759108344822839 0.7696145479577572 1.898826503318936 0.7633721435321358 -0.12733671517636827 0.6332841788642717 -2.0454548917128537 0.0 0.0 0.0 1.0"/>
            </transform>
            <transform time="0.0015">
                <matrix value="0.0981561183844315 0.9918055912749113 0.08174810897754421 1.0555861786382998 -0.6383788184364174 -0.0002665129257270141 0.7697219402923692 1.8988690799408103 0.7634361787252759 -0.1277392925414041 0.63312180955196 -2.045853255357334 0.0 0.0 0.0 1.0"/>
            </transform>
        </animation>
    </shape>
    <shape name="temp17" type="ply">
        <string name="filename" value="meshes/Cube_013.ply"/>
        <boolean name="face_normals" value="true"/>
        <ref id="mat-Material" name="bsdf"/>
        <animation name="to_world">
            <transform time="0">
                <matrix value="0.811143792761694 0.4710917081575144 0.34658084885780865 0.5539111112705825 -0.3829882700650855 -0.019999234496467632 0.9235367483633169 1.5960112026250133 0.4420019343045634 -0.8818573576987337 0.1642003384235552 -1.7344032907157496 0.0 0.0 0.0 1.0"/>
            </transform>
            <transform time="0.0015">
                <matrix value="0.8115950230611251 0.4694518156633394 0.347596552775996 0.5559699725007471 -0.3837272661929665 -0.02016219777118218 0.9232166053374485 1.5963008089023087 0.44043259336448326 -0.8826763653024935 0.16374349846167982 -1.7334163313262276 0.0 0.0 0.0 1.0"/>
            </transform>
        </animation>
    </shape>
    <shape name="temp18" type="ply">
        <string name="filename" value="meshes/Cube_014.ply"/>
        <boolean name="face_normals" value="true"/>
        <ref id="mat-Material" name="bsdf"/>
        <animation name="to_world">
            <transform time="0">
                <matrix value="0.95827903628727 0.25876584978192535 0.12141500571367514 0.04925160490203173 -0.19375393376558214 0.2757656599704228 0.9414949924377133 0.9829404434425363 0.21014463846588904 -0.9257394826697927 0.31439727937342 -0.7124725194986661 0.0 0.0 0.0 1.0"/>
            </transform>
            <transform time="0.0015">
                <matrix value="0.9581760023370817 0.25896366323138664 0.1217852092776122 0.04964691357529721 -0.1941311541897818 0.27553501653193047 0.9414820311471503 0.9831821025234361 0.21025574503113084 -0.9257515048135343 0.31428651693305426 -0.7126238639183579 0.0 0.0 0.0 1.0"/>
            </transform>
        </animation>
    </shape>
    <shape name="temp19" type="ply">
        <string name="filename" value="meshes/Cube_015.ply"/>
        <boolean name="face_normals" value="true"/>
        <ref id="mat-Material" name="bsdf"/>
        <animation name="to_world">
            <transform time="0">
                <matrix value="0.9858091899855859 0.11401687027948179 0.1232097663421274 0.04246274440108311 -0.14845676714058015 0.24949971111106475 0.9569275888007238 0.6275103152877547 0.07836508713235359 -0.961639095329177 0.2628857912695422 -0.2913337276475223 0.0 0.0 0.0 1.0"/>
            </transform>
            <transform time="0.0015">
                <matrix value="0.9858182216126273 0.11398488807310436 0.12316675494192698 0.042391841002051706 -0.14838210622226883 0.24919999103279736 0.9570158242968215 0.6275028427570235 0.07839176553738997 -0.9617192479602193 0.2625793073844181 -0.29147298490072376 0.0 0.0 0.0 1.0"/>
            </transform>
        </animation>
    </shape>
    <shape name="temp20" type="ply">
        <string name="filename" value="meshes/Cube_016.ply"/>
        <boolean name="face_normals" value="true"/>
        <ref id="mat-Material" name="bsdf"/>
        <animation name="to_world">
            <transform time="0">
                <matrix value="0.9834303145062204 0.07511698437496742 0.1649921209436334 0.08847635306372148 -0.1787929921794524 0.25143808286210717 0.951216041219781 0.32414331196529206 0.029967186854530013 -0.964954121934075 0.2607022076014337 -0.012866512378302886 0.0 0.0 0.0 1.0"/>
            </transform>
            <transform time="0.0015">
                <matrix value="0.9835271092935586 0.07452785803131785 0.16464309883477327 0.08839532241388541 -0.17829467135959387 0.2510164818250194 0.9514143583267992 0.32400667230523583 0.029571682810930422 -0.9651019695219141 0.26017619026170535 -0.012534355006182206 0.0 0.0 0.0 1.0"/>
            </transform>
        </animation>
    </shape>
    <shape name="temp21" type="ply">
        <string name="filename" value="meshes/Cube_017.ply"/>
        <boolean name="face_normals" value="true"/>
        <ref id="mat-Material" name="bsdf"/>
        <animation name="to_world">
            <transform time="0">
                <matrix value="0.9482555799633706 0.08968230560486251 0.304579781296496 0.18025441763677053 -0.31716190005088407 0.22272565146019277 0.9218469945406863 0.14904072992511147 0.014835637301051191 -0.9707473358599817 0.23964458434845426 0.1593021878704845 0.0 0.0 0.0 1.0"/>
            </transform>
            <transform time="0.0015">
                <matrix value="0.9484465047293615 0.08904834364856277 0.30414333558065154 0.18019947548949686 -0.31658748537966064 0.2229527355631863 0.9219837221140184 0.14837605703456616 0.01429187177533166 -0.9707473133325418 0.23966117956618097 0.15956864532781936 0.0 0.0 0.0 1.0"/>
            </transform>
        </animation>
    </shape>
    <shape name="temp22" type="ply">
        <string name="filename" value="meshes/Cube_018.ply"/>
        <boolean name="face_normals" value="true"/>
        <ref id="mat-Material" name="bsdf"/>
        <animation name="to_world">
            <transform time="0">
                <matrix value="0.20109383061449188 0.9770551266835342 0.07017393022839098 0.8677240364552176 -0.321255099489918 -0.0018951301877465204 0.9469909474772127 -0.15410130161175872 0.9253954154676992 -0.21297768359048275 0.3135029958380238 -0.1841287489056529 0.0 0.0 0.0 1.0"/>
            </transform>
            <transform time="0.0015">
                <matrix value="0.20115548024536575 0.9770359107773288 0.07026248996951198 0.867699293972372 -0.32153584745693187 -0.0018952814970509522 0.9468944058618836 -0.1539831574479441 0.9252831264933341 -0.2130653303498538 0.31377082563139685 -0.18412748374958843 0.0 0.0 0.0 1.0"/>
            </transform>
        </animation>
    </shape>
    <shape name="temp23" type="ply">
        <string name="filename" value="meshes/Cube_019.ply"/>
        <boolean name="face_normals" value="true"/>
        <ref id="mat-Material" name="bsdf"/>
        <animation name="to_world">
            <transform time="0">
                <matrix value="-0.053056990179548146 0.9876405595893397 -0.14748257884611657 0.46719446973734124 -0.9578703679079192 -0.008589604587180841 0.28707305230341246 0.06648966135464685 0.28225816317303964 0.156500397352651 0.9464871890278527 -0.046642797087412036 0.0 0.0 0.0 1.0"/>
            </transform>
            <transform time="0.0015">
                <matrix value="-0.05313484408120044 0.9876395458545458 -0.1474607369864778 0.46721124639809686 -0.9577218407268208 -0.00859130751145176 0.2875562454710378 0.06604308207515516 0.28273501871958345 0.15650669001752018 0.946340291564683 -0.04668852769565477 0.0 0.0 0.0 1.0"/>
            </transform>
        </animation>
    </shape>
    <shape name="temp24" type="ply">
        <string name="filename" value="meshes/Cube_020.ply"/>
        <boolean name="face_normals" value="true"/>
        <ref id="mat-Material" name="bsdf"/>
        <animation name="to_world">
            <transform time="0">
                <matrix value="0.06620091614239113 0.9891020983266837 -0.1315088498879586 -0.03981963874987926 -0.9136294815252161 0.007104071679510602 -0.40648579030522247 0.26694353255809267 -0.40112162198372414 0.14706007007227467 0.9041431115166767 0.10489203616300691 0.0 0.0 0.0 1.0"/>
            </transform>
            <transform time="0.0015">
                <matrix value="0.06624515349270811 0.9890581578802863 -0.13180724722131126 -0.039536113641027125 -0.9138347677543247 0.007103098677260721 -0.4060153797105964 0.26648610825444596 -0.4006370693857726 0.1473476571995387 0.9043060254929332 0.10478816414369647 0.0 0.0 0.0 1.0"/>
            </transform>
        </animation>
    </shape>
    <shape name="temp25" type="ply">
        <string name="filename" value="meshes/Cube_021.ply"/>
        <boolean name="face_normals" value="true"/>
        <ref id="mat-Material" name="bsdf"/>
        <animation name="to_world">
            <transform time="0">
                <matrix value="0.2685732243314593 0.914658662600668 -0.30210566776716574 -0.10708915866853227 -0.7162228049366431 -0.02010087542733661 -0.6975822903965343 0.2133427665610326 -0.644122533141144 0.40372698014071084 0.64970088898828 0.21071251733622431 0.0 0.0 0.0 1.0"/>
            </transform>
            <transform time="0.0015">
                <matrix value="0.2681861856031632 0.9147256892434152 -0.3022389145999591 -0.10726847154459329 -0.7166316057373052 -0.020244371314525292 -0.6971510019637372 0.21289023089537962 -0.6438205480850322 0.4035662318389754 0.6500943488350284 0.21073784250986397 0.0 0.0 0.0 1.0"/>
            </transform>
        </animation>
    </shape>
    <shape name="temp26" type="ply">
        <string name="filename" value="meshes/Cube_022.ply"/>
        <boolean name="face_normals" value="true"/>
        <ref id="mat-Material" name="bsdf"/>
        <animation name="to_world">
            <transform time="0">
                <matrix value="0.6890374928859788 0.3940620287303696 -0.6082291105720247 -0.0623458024624165 -0.65576825222906 -0.018288465509581308 -0.7547410265514508 -0.11547083561114205 -0.30853842103303564 0.9189016797275058 0.24581190212665968 0.6614331687876962 0.0 0.0 0.0 1.0"/>
            </transform>
            <transform time="0.0015">
                <matrix value="0.6886904454362891 0.39405072746470365 -0.6086232938000584 -0.06241203142796209 -0.6561920046808489 -0.018302598474438426 -0.754366604398064 -0.11606295183181206 -0.308398424431118 0.918906245288652 0.2459680844013882 0.6614874371591889 0.0 0.0 0.0 1.0"/>
            </transform>
        </animation>
    </shape>
    <shape name="temp27" type="ply">
        <string name="filename" value="meshes/Cube_023.ply"/>
        <boolean name="face_normals" value="true"/>
        <ref id="mat-Material" name="bsdf"/>
        <animation name="to_world">
            <transform time="0">
                <matrix value="0.8528456971031529 0.31403207605809486 -0.4171793687393652 -0.07873604579221072 -0.4762768449028149 0.14033096034191103 -0.8680252148715356 -0.2822888266805525 -0.21404454042093732 0.938983945284227 0.26924695321878245 0.1502772395054316 0.0 0.0 0.0 1.0"/>
            </transform>
            <transform time="0.0015">
                <matrix value="0.8527164459034433 0.3141598066421338 -0.417345414530681 -0.0788236253667884 -0.47646122732412916 0.14023467806392476 -0.8679388005942038 -0.28249341817537676 -0.214145282954795 0.9389552303075449 0.2692664334512832 0.15020889982571706 0.0 0.0 0.0 1.0"/>
            </transform>
        </animation>
    </shape>
    <shape name="temp28" type="ply">
        <string name="filename" value="meshes/Cube_024.ply"/>
        <boolean name="face_normals" value="true"/>
        <ref id="mat-Material" name="bsdf"/>
        <animation name="to_world">
            <transform time="0">
                <matrix value="0.8624733390422799 0.41036621104953247 -0.296208786247087 -0.18393098588840828 -0.39207839341024453 0.1716819176384946 -0.9037698436150331 -0.5231854696166224 -0.3200230662716501 0.8956141027860575 0.3089668058404776 -0.3031224523740227 0.0 0.0 0.0 1.0"/>
            </transform>
            <transform time="0.0015">
                <matrix value="0.8625303850964727 0.41039065332178687 -0.2960067415988563 -0.18383208209156857 -0.39194632581093625 0.17187936689434474 -0.9037887621632416 -0.5230806717755819 -0.32003023731969327 0.8955644072537136 0.30910250365927366 -0.30307967109811346 0.0 0.0 0.0 1.0"/>
            </transform>
        </animation>
    </shape>
    <shape name="temp29" type="ply">
        <string name="filename" value="meshes/Cube_025.ply"/>
        <boolean name="face_normals" value="true"/>
        <ref id="mat-Material" name="bsdf"/>
        <animation name="to_world">
            <transform time="0">
                <matrix value="0.8926558480356438 0.3810338677952455 -0.24078850135289048 -0.2811891243375807 -0.32966684219017883 0.1876073112887784 -0.9252692897407735 -0.7993579938306876 -0.30738524042288756 0.905326819948146 0.2930829307914846 -0.7167522312142693 0.0 0.0 0.0 1.0"/>
            </transform>
            <transform time="0.0015">
                <matrix value="0.8926841237301976 0.3809958790224852 -0.24074355809913933 -0.2811023977279228 -0.3295897574129495 0.18755487191425885 -0.9253072374719753 -0.799304809848213 -0.30738550371236845 0.9053535975649998 0.29299957173628816 -0.7167906422230222 0.0 0.0 0.0 1.0"/>
            </transform>
        </animation>
    </shape>
    <shape name="temp30" type="ply">
        <string name="filename" value="meshes/Cube_026.ply"/>
        <boolean name="face_normals" value="true"/>
        <ref id="mat-Material" name="bsdf"/>
        <animation name="to_world">
            <transform time="0">
                <matrix value="0.9224181643786556 0.24477069310400212 -0.29871835907599686 -0.3154609929103074 -0.35199941669459084 0.21465907976880544 -0.9110531837486721 -1.145538671551027 -0.15887648109044425 0.9455203442471471 0.2841644441565675 -0.8370418684031647 0.0 0.0 0.0 1.0"/>
            </transform>
            <transform time="0.0015">
                <matrix value="0.9224264141157236 0.244768590542948 -0.2986945555765191 -0.31543559138012833 -0.35195871852362054 0.21456086013099068 -0.9110918548611594 -1.1455070355462338 -0.1589184191155155 0.9455430368882387 0.28406489838131144 -0.8372176178959947 0.0 0.0 0.0 1.0"/>
            </transform>
        </animation>
    </shape>
    <shape name="temp31" type="ply">
        <string name="filename" value="meshes/Cube_027.ply"/>
        <boolean name="face_normals" value="true"/>
        <ref id="mat-Material" name="bsdf"/>
        <animation name="to_world">
            <transform time="0">
                <matrix value="0.8718416848838797 0.19349557697482184 -0.4499463618995027 -0.5548950888570032 -0.4848974428529131 0.21149068776424995 -0.8486143214910306 -1.5851057135189595 -0.06904372485714337 0.9580349712049693 0.2782117733384836 -0.9691678881260614 0.0 0.0 0.0 1.0"/>
            </transform>
            <transform time="0.0015">
                <matrix value="0.871837919046456 0.1935158343996638 -0.4499449321576678 -0.5549594283959077 -0.48489429933608064 0.2113888412086168 -0.8486413163785327 -1.5850893472686116 -0.06911227745949805 0.9580532034129673 0.278131409932846 -0.9694004340233252 0.0 0.0 0.0 1.0"/>
            </transform>
        </animation>
    </shape>
    <shape name="temp32" type="ply">
        <string name="filename" value="meshes/Cube_028.ply"/>
        <boolean name="face_normals" value="true"/>
        <ref id="mat-Material" name="bsdf"/>
        <animation name="to_world">
            <transform time="0">
                <matrix value="-0.1164401260932544 0.9804588015176577 0.1585628062206013 -1.4698429944856515 -0.8077197545507574 -0.0005790064306468401 -0.5895664084126478 -2.1169072984836284 -0.5779537149817295 -0.19672345715578937 0.7920035497122833 -1.2905465753013297 0.0 0.0 0.0 1.0"/>
            </transform>
            <transform time="0.0015">
                <matrix value="-0.11635782180152814 0.9804671066338215 0.15857128595134123 -1.4697159523448933 -0.8079751134333444 -0.0005932154631592392 -0.5892120622175262 -2.1167659998846653 -0.5776088536325782 -0.1966818827655171 0.7922622478807226 -1.2897002631752625 0.0 0.0 0.0 1.0"/>
            </transform>
        </animation>
    </shape>
    <shape name="temp33" type="ply">
        <string name="filename" value="meshes/Cube_029.ply"/>
        <boolean name="face_normals" value="true"/>
        <ref id="mat-Material" name="bsdf"/>
        <animation name="to_world">
            <transform time="0">
                <matrix value="0.0022523966051270594 0.9807931617798896 0.1950380383726356 -1.6010307024285382 -0.9982691431438566 -0.009257751505455518 0.05808320737402138 -1.8090929011133516 0.05877325021674494 -0.19483120334235113 0.9790742853414565 -0.08630686718326297 0.0 0.0 0.0 1.0"/>
            </transform>
            <transform time="0.0015">
                <matrix value="0.002311526795022894 0.9807898727736692 0.1950536080910105 -1.600887945087422 -0.9982460534542295 -0.009270947779363018 0.05844615074296221 -1.8084331046382636 0.059131721238517586 -0.19484708218379784 0.979047775544934 -0.08565359673677068 0.0 0.0 0.0 1.0"/>
            </transform>
        </animation>
    </shape>
    <shape name="temp34" type="ply">
        <string name="filename" value="meshes/Cube_030.ply"/>
        <boolean name="face_normals" value="true"/>
        <ref id="mat-Material" name="bsdf"/>
        <animation name="to_world">
            <transform time="0">
                <matrix value="-0.03563796064155624 0.9816147651881281 -0.1875158377363035 -3.1956919991670736 -0.9787396209681164 0.0036410533479759454 0.20507290544719933 -1.9463857842191914 0.20198530410339469 0.1908376072547863 0.960616056803358 0.23234095986154135 0.0 0.0 0.0 1.0"/>
            </transform>
            <transform time="0.0015">
                <matrix value="-0.035677052841030905 0.9816108722768326 -0.1875286688534915 -3.1957796457815117 -0.9787020729053055 0.0036400573330967775 0.20524993523305188 -1.9460799068141417 0.20215812161062727 0.19085762832358455 0.9605752777594592 0.23267986979823663 0.0 0.0 0.0 1.0"/>
            </transform>
        </animation>
    </shape>
    <shape name="temp35" type="ply">
        <string name="filename" value="meshes/Cube_031.ply"/>
        <boolean name="face_normals" value="true"/>
        <ref id="mat-Material" name="bsdf"/>
        <animation name="to_world">
            <transform time="0">
                <matrix value="0.13457937297327965 0.9811479632808605 0.13869812836361006 -1.9277163444187206 -0.7087781258698608 -0.0025016530287449708 0.7054270694401827 -0.8859058546346433 0.6924752715738786 -0.1932421056144574 0.6950795730322098 0.7102901411795113 0.0 0.0 0.0 1.0"/>
            </transform>
            <transform time="0.0015">
                <matrix value="0.13459935265564466 0.9811377733688946 0.13875049606246112 -1.9275872409823238 -0.7088757504179872 -0.0024973864818173272 0.705328621502407 -0.8863206093824199 0.6923710568102608 -0.19329369495357931 0.6951686340340097 0.7101615837767289 0.0 0.0 0.0 1.0"/>
            </transform>
        </animation>
    </shape>
    <shape name="temp36" type="ply">
        <string name="filename" value="meshes/Cube_032.ply"/>
        <boolean name="face_normals" value="true"/>
        <ref id="mat-Material" name="bsdf"/>
        <animation name="to_world">
            <transform time="0">
                <matrix value="0.77849863570361 0.598244973645403 0.1898498227744207 -0.6200185984635902 -0.23152131901486986 -0.00743366922321207 0.9728015352458347 0.4403428949549505 0.5833847493116465 -0.8012788289256043 0.1327193831405687 -0.16450231164003837 0.0 0.0 0.0 1.0"/>
            </transform>
            <transform time="0.0015">
                <matrix value="0.7784228881178048 0.5982691230609392 0.19007997887044364 -0.6199964576439019 -0.23182111158766813 -0.00742405631407255 0.9727288992544001 0.43935883128893805 0.5833645637847783 -0.8012608670468847 0.13291254892179719 -0.1643530851340912 0.0 0.0 0.0 1.0"/>
            </transform>
        </animation>
    </shape>
    <shape name="temp37" type="ply">
        <string name="filename" value="meshes/Cube_033.ply"/>
        <boolean name="face_normals" value="true"/>
        <ref id="mat-Material" name="bsdf"/>
        <animation name="to_world">
            <transform time="0">
                <matrix value="0.9774846771519804 0.1649572715535133 0.13157931938002015 -0.1365692258613409 -0.14986640710462443 0.10376800862703708 0.9832459537393249 0.30079394203042104 0.14853983054002734 -0.9808267438149609 0.12615317188162647 -0.380339124325063 0.0 0.0 0.0 1.0"/>
            </transform>
            <transform time="0.0015">
                <matrix value="0.9774812623671979 0.16496630355507014 0.1315933657425114 -0.13657235221549502 -0.14987045697554868 0.10369389785536669 0.9832530769173954 0.3007876307113886 0.1485582113371811 -0.9808329914249504 0.12608240561805573 -0.38034235236246594 0.0 0.0 0.0 1.0"/>
            </transform>
        </animation>
    </shape>
    <shape name="temp38" type="ply">
        <string name="filename" value="meshes/Cube_034.ply"/>
        <boolean name="face_normals" value="true"/>
        <ref id="mat-Material" name="bsdf"/>
        <animation name="to_world">
            <transform time="0">
                <matrix value="0.9999250922384922 0.001351207597466121 0.012196580683381078 -0.03638841532196713 -0.012239968122093445 0.18069166477202803 0.9834636738387434 0.3695181426919383 -0.0008749581137073225 -0.9835389624611252 0.18069460985551045 -0.3562635195577245 0.0 0.0 0.0 1.0"/>
            </transform>
            <transform time="0.0015">
