
<scene version="2.1.0">
    <default name="spp" value="1024"/>
    <default name="resx" value="640"/>
    <default name="resy" value="360"/>
    <integrator name="temp0" type="path">
        <integer name="max_depth" value="12"/>
    </integrator>
    <sensor name="temp44" type="perspective">
        <string name="fov_axis" value="x"/>
        <float name="fov" value="83.974423"/>
        <float name="principal_point_offset_x" value="0.000000"/>
        <float name="principal_point_offset_y" value="-0.000000"/>
        <float name="near_clip" value="0.100000"/>
        <float name="far_clip" value="1000.000000"/>
        <sampler name="sampler" type="correlated">
            <integer name="sample_count" value="1024"/>
        </sampler>
        <film name="film" type="hdrfilm">
            <integer name="width" value="$resx"/>
            <integer name="height" value="$resy"/>
        </film>
        <float name="shutter_open" value="0.0"/>
        <float name="shutter_close" value="0.0015"/>
        <animation name="to_world">
            <transform time="0">
                <rotate angle="-142.5518126578256" x="1"/>
                <rotate angle="3.976628485794621e-06" y="1"/>
                <rotate angle="-179.999991348578" z="1"/>
                <translate value="-0.000000 3.030926 4.073377"/>
                <translate x="2.6999999999999997" y="0.0" z="0.0"/>
            </transform>
            <transform time="0.0015">
                <rotate angle="-142.5518126578256" x="1"/>
                <rotate angle="3.976628485794621e-06" y="1"/>
                <rotate angle="-179.999991348578" z="1"/>
                <translate value="-0.000000 3.030926 4.073377"/>
                <translate x="2.85" y="0.0" z="0.0"/>
            </transform>
        </animation>
    </sensor>
    <bsdf id="mat-Material" name="mat-Material" type="twosided">
        <bsdf name="bsdf" type="diffuse">
            <texture name="reflectance" type="bitmap">
                <string name="filename" value="textures/siggraph_2023_logo.jpg"/>
            </texture>
        </bsdf>
    </bsdf>
    <bsdf id="mat-Material.001" name="mat-Material.001" type="twosided">
        <bsdf name="bsdf" type="principled">
            <rgb name="base_color" value="0.433648 0.266232 0.084399"/>
            <float name="spec_tint" value="0.000000"/>
            <float name="spec_trans" value="0.000000"/>
            <float name="metallic" value="0.000000"/>
            <float name="anisotropic" value="0.000000"/>
            <float name="roughness" value="0.500000"/>
            <float name="sheen" value="0.000000"/>
            <float name="sheen_tint" value="0.500000"/>
            <float name="clearcoat" value="0.000000"/>
            <float name="clearcoat_gloss" value="0.173205"/>
            <float name="specular" value="0.500000"/>
        </bsdf>
    </bsdf>
    <bsdf id="mat-Material.002" name="mat-Material.002" type="twosided">
        <bsdf name="bsdf" type="principled">
            <rgb name="base_color" value="0.433648 0.266232 0.084399"/>
            <float name="spec_tint" value="0.000000"/>
            <float name="spec_trans" value="0.000000"/>
            <float name="metallic" value="0.000000"/>
            <float name="anisotropic" value="0.000000"/>
            <float name="roughness" value="0.500000"/>
            <float name="sheen" value="0.000000"/>
            <float name="sheen_tint" value="0.500000"/>
            <float name="clearcoat" value="0.000000"/>
            <float name="clearcoat_gloss" value="0.173205"/>
            <float name="specular" value="0.500000"/>
        </bsdf>
    </bsdf>
    <bsdf id="mat-Material.003" name="mat-Material.003" type="twosided">
        <bsdf name="bsdf" type="principled">
            <rgb name="base_color" value="0.433648 0.266232 0.084399"/>
            <float name="spec_tint" value="0.000000"/>
            <float name="spec_trans" value="0.000000"/>
            <float name="metallic" value="0.000000"/>
            <float name="anisotropic" value="0.000000"/>
            <float name="roughness" value="0.500000"/>
            <float name="sheen" value="0.000000"/>
            <float name="sheen_tint" value="0.500000"/>
            <float name="clearcoat" value="0.000000"/>
            <float name="clearcoat_gloss" value="0.173205"/>
            <float name="specular" value="0.500000"/>
        </bsdf>
    </bsdf>
    <bsdf id="mat-Material.004" name="mat-Material.004" type="twosided">
        <bsdf name="bsdf" type="principled">
            <rgb name="base_color" value="0.433648 0.266232 0.084399"/>
            <float name="spec_tint" value="0.000000"/>
            <float name="spec_trans" value="0.000000"/>
            <float name="metallic" value="0.000000"/>
            <float name="anisotropic" value="0.000000"/>
            <float name="roughness" value="0.500000"/>
            <float name="sheen" value="0.000000"/>
            <float name="sheen_tint" value="0.500000"/>
            <float name="clearcoat" value="0.000000"/>
            <float name="clearcoat_gloss" value="0.173205"/>
            <float name="specular" value="0.500000"/>
        </bsdf>
    </bsdf>
    <bsdf id="mat-Material.005" name="mat-Material.005" type="twosided">
        <bsdf name="bsdf" type="principled">
            <rgb name="base_color" value="0.433648 0.266232 0.084399"/>
            <float name="spec_tint" value="0.000000"/>
            <float name="spec_trans" value="0.000000"/>
            <float name="metallic" value="0.000000"/>
            <float name="anisotropic" value="0.000000"/>
            <float name="roughness" value="0.500000"/>
            <float name="sheen" value="0.000000"/>
            <float name="sheen_tint" value="0.500000"/>
            <float name="clearcoat" value="0.000000"/>
            <float name="clearcoat_gloss" value="0.173205"/>
            <float name="specular" value="0.500000"/>
        </bsdf>
    </bsdf>
    <emitter name="temp45" type="point">
        <point name="position" x="-6.815235034541981e-16" y="3.0693089962005615" z="4.109199523925781"/>
        <rgb name="intensity" value="7.957747 7.957747 7.957747"/>
    </emitter>
    <shape name="temp2" type="ply">
        <string name="filename" value="meshes/Cube.ply"/>
        <boolean name="face_normals" value="true"/>
        <ref id="mat-Material" name="bsdf"/>
        <animation name="to_world">
            <transform time="0">
                <matrix value="1.0 0.00018961605930462242 0.00044024611590652167 -0.001240210024702204 -0.000189513090685375 1.0 -0.00023361035714133745 -0.01701658624659852 -0.0004402909789779567 0.0002335265517090336 1.0 0.0011500036858371754 0.0 0.0 0.0 1.0"/>
                <scale value="1"/>
            </transform>
            <transform time="0.0015">
                <matrix value="1.0 0.0001892047608166999 0.0004405571698592967 -0.0012408167723256596 -0.00018911186943037492 0.9999999924908534 -0.00021102597639926382 -0.017047443322051277 -0.00044059792664185996 0.00021094226760334024 1.0 0.001148161987143979 0.0 0.0 0.0 1.0"/>
                <scale value="1"/>
            </transform>
        </animation>
    </shape>
    <shape name="temp4" type="ply">
        <string name="filename" value="meshes/Plane.ply"/>
        <boolean name="face_normals" value="true"/>
        <ref id="mat-Material.001" name="bsdf"/>
        <transform name="to_world">
            <scale value="1"/>
        </transform>
    </shape>
    <shape name="temp5" type="ply">
        <string name="filename" value="meshes/Cube_001.ply"/>
        <boolean name="face_normals" value="true"/>
        <ref id="mat-Material" name="bsdf"/>
        <animation name="to_world">
            <transform time="0">
                <matrix value="1.0 6.586918024375134e-05 -4.903973852785281e-05 0.0006321714449217808 -6.59028734440018e-05 0.9999997914159312 -0.000683910602850644 -0.016906891301769367 4.8994551679263584e-05 0.0006839137880326977 0.9999997636046695 -8.897717527323046e-05 0.0 0.0 0.0 1.0"/>
                <scale value="1"/>
            </transform>
            <transform time="0.0015">
                <matrix value="1.0 5.7899347476574636e-05 -4.963805995466125e-05 0.0006306646033603671 -5.792421284286029e-05 0.9999996111964123 -0.0005428088705406306 -0.01706230586129007 4.9576373561216067e-05 0.0005428120420614828 0.9999995848869401 -8.783935687432981e-05 0.0 0.0 0.0 1.0"/>
                <scale value="1"/>
            </transform>
        </animation>
    </shape>
    <shape name="temp6" type="ply">
        <string name="filename" value="meshes/Cube_002.ply"/>
        <boolean name="face_normals" value="true"/>
        <ref id="mat-Material" name="bsdf"/>
        <animation name="to_world">
            <transform time="0">
                <matrix value="1.0 7.427949848046507e-05 -0.00010324187828382663 -0.0005942858469754064 -7.394016598496171e-05 0.9999945768142122 0.0032835311410660765 -0.019604100582126915 0.00010348529414372007 -0.003283524152992243 0.9999945629073977 -0.00014210218339938407 0.0 0.0 0.0 1.0"/>
                <scale value="1"/>
            </transform>
            <transform time="0.0015">
                <matrix value="1.0 7.158923774544411e-05 -0.00010307542399484368 -0.0005935052075686761 -7.1262214367411e-05 0.9999947720520244 0.003164378924550857 -0.01953766238067667 0.00010331007100495314 -0.003164372190764609 0.9999947586458633 -0.00014759425995526751 0.0 0.0 0.0 1.0"/>
                <scale value="1"/>
            </transform>
        </animation>
    </shape>
    <shape name="temp7" type="ply">
        <string name="filename" value="meshes/Cube_003.ply"/>
        <boolean name="face_normals" value="true"/>
        <ref id="mat-Material" name="bsdf"/>
        <animation name="to_world">
            <transform time="0">
                <matrix value="1.0 -0.0002752683955504847 0.0005191903365371204 -0.0007402492090138324 0.00027659934719437187 0.9999966626548998 -0.002566425905902366 -0.017606721046130536 -0.0005184813847564035 0.002566570648467011 0.9999966904653725 0.001204491238844807 0.0 0.0 0.0 1.0"/>
                <scale value="1"/>
            </transform>
            <transform time="0.0015">
                <matrix value="1.0 -0.00026111970654033934 0.0005192742487662411 -0.0007416426482359024 0.00026237901850374306 0.9999967527646594 -0.002428533007871253 -0.017616239234310965 -0.0005185854239937006 0.0024286703520665863 0.9999967755690533 0.0012110049730155224 0.0 0.0 0.0 1.0"/>
                <scale value="1"/>
            </transform>
        </animation>
    </shape>
    <shape name="temp8" type="ply">
        <string name="filename" value="meshes/Cube_004.ply"/>
        <boolean name="face_normals" value="true"/>
        <ref id="mat-Material" name="bsdf"/>
        <animation name="to_world">
            <transform time="0">
                <matrix value="1.0 0.00020821404062800492 9.645378636764863e-05 -0.0006021915759553131 -0.00020820900417887797 1.0 -5.1209138476129506e-05 -0.01729050313575836 -9.646435365682848e-05 5.1189033484000566e-05 1.0 0.00039349780277294494 0.0 0.0 0.0 1.0"/>
                <scale value="1"/>
            </transform>
            <transform time="0.0015">
                <matrix value="1.0 0.00018721391613025866 9.68491099850031e-05 -0.000601519882284022 -0.00018720088118764284 0.9999999173993872 -0.00012545031298331335 -0.017344218234822077 -9.683075687259812e-05 0.00012543232657397926 0.9999999234066874 0.00039335024135553267 0.0 0.0 0.0 1.0"/>
                <scale value="1"/>
            </transform>
        </animation>
    </shape>
    <shape name="temp9" type="ply">
        <string name="filename" value="meshes/Cube_005.ply"/>
        <boolean name="face_normals" value="true"/>
        <ref id="mat-Material" name="bsdf"/>
        <animation name="to_world">
            <transform time="0">
                <matrix value="1.0 -0.0001731400037127964 0.0004611552828919281 -0.0004175795225589418 0.00017365790999367053 0.9999993742477937 -0.0011228754560656915 -0.018566270910557126 -0.00046096197522459034 0.0011229561368561794 0.9999992908140084 0.001104940847749647 0.0 0.0 0.0 1.0"/>
                <scale value="1"/>
            </transform>
            <transform time="0.0015">
                <matrix value="1.0 -0.00016079935951713082 0.0004613020016373684 -0.00041653091593276445 0.0001612579328600396 0.9999992916471809 -0.0009949689643367495 -0.01848862737824472 -0.0004611008005872415 0.0009950438314690392 0.9999992057103279 0.0011078246412852828 0.0 0.0 0.0 1.0"/>
                <scale value="1"/>
            </transform>
        </animation>
    </shape>
    <shape name="temp10" type="ply">
        <string name="filename" value="meshes/Cube_006.ply"/>
        <boolean name="face_normals" value="true"/>
        <ref id="mat-Material" name="bsdf"/>
        <animation name="to_world">
            <transform time="0">
                <matrix value="1.0 -4.610187663086669e-05 -0.00020136390649902773 -0.00058899520942024 4.633244507798386e-05 0.9999993742477937 0.0011450067869099396 -0.01711942950093981 0.0002013108415022685 -0.001145015987968871 0.9999995272093389 -0.00048236990074657093 0.0 0.0 0.0 1.0"/>
                <scale value="1"/>
            </transform>
            <transform time="0.0015">
                <matrix value="1.0 -4.992631504199795e-05 -0.00020149964686966417 -0.0005896235019997417 5.0159190134870405e-05 0.9999993592295006 0.001155506283302748 -0.0171218652287904 0.00020144060332400176 -0.0011555163280561691 0.9999995101886029 -0.0004837795119752059 0.0 0.0 0.0 1.0"/>
                <scale value="1"/>
            </transform>
        </animation>
    </shape>
    <shape name="temp11" type="ply">
        <string name="filename" value="meshes/Cube_007.ply"/>
        <boolean name="face_normals" value="true"/>
        <ref id="mat-Material" name="bsdf"/>
        <animation name="to_world">
            <transform time="0">
                <matrix value="1.0 0.0006796023553313045 -1.4954912318607953e-05 0.0004059202059507605 -0.0006796350174725678 0.9999974969911749 -0.002166837422893753 -0.018219043920585376 1.348228896843591e-05 0.00216684639660592 0.9999978724420252 -0.00016688813835230576 0.0 0.0 0.0 1.0"/>
                <scale value="1"/>
            </transform>
            <transform time="0.0015">
                <matrix value="0.9999999840430618 0.0006903336016772267 -1.5039993872300788e-05 0.0004062554632483236 -0.0006903668562830319 0.9999973918631222 -0.002202495354463937 -0.018227136713920428 1.3509253002666706e-05 0.0022025041049803795 0.9999977703176084 -0.00016678499407081731 0.0 0.0 0.0 1.0"/>
                <scale value="1"/>
            </transform>
        </animation>
    </shape>
    <shape name="temp12" type="ply">
        <string name="filename" value="meshes/Cube_008.ply"/>
        <boolean name="face_normals" value="true"/>
        <ref id="mat-Material" name="bsdf"/>
        <animation name="to_world">
            <transform time="0">
                <matrix value="0.9999995567588077 0.0012261948216919089 8.11181120901555e-05 -1.1120918266271929e-05 -0.0012260538945830608 0.9999977055752436 -0.0017022780472421882 -0.017149184592153532 -8.320523662874295e-05 0.0017021774090938482 0.9999985816280168 0.00019709836458847718 0.0 0.0 0.0 1.0"/>
                <scale value="1"/>
            </transform>
            <transform time="0.0015">
                <matrix value="0.9999995727157459 0.0012091698591962892 8.133096490582872e-05 -9.607604201450007e-06 -0.0012090307137343815 0.9999977581392699 -0.0016790996342988108 -0.017158339063969002 -8.337165153760375e-05 0.001679000202770888 0.999998615669489 0.0001993735446646326 0.0 0.0 0.0 1.0"/>
                <scale value="1"/>
            </transform>
        </animation>
    </shape>
    <shape name="temp13" type="ply">
        <string name="filename" value="meshes/Cube_009.ply"/>
        <boolean name="face_normals" value="true"/>
        <ref id="mat-Material" name="bsdf"/>
        <animation name="to_world">
            <transform time="0">
                <matrix value="0.9999991135176153 0.0012531459692171631 0.0002748923101071769 0.0005791964192010113 -0.0012530073914901237 0.9999991656637249 -0.0005138643497402725 -0.016012008983537995 -0.000275536011573914 0.0005135193764170681 1.0 0.0004046848818051174 0.0 0.0 0.0 1.0"/>
                <scale value="1"/>
            </transform>
            <transform time="0.0015">
                <matrix value="0.9999991454314917 0.0012007668480901288 0.00027522012948504 0.000582137676196918 -0.0012006378371860183 0.9999991881911647 -0.0004792696184524466 -0.016067098319854322 -0.0002758439326110496 0.00047893915549138854 1.0 0.0004068243469820108 0.0 0.0 0.0 1.0"/>
                <scale value="1"/>
            </transform>
        </animation>
    </shape>
    <shape name="temp14" type="ply">
        <string name="filename" value="meshes/Cube_010.ply"/>
        <boolean name="face_normals" value="true"/>
        <ref id="mat-Material" name="bsdf"/>
        <animation name="to_world">
            <transform time="0">
                <matrix value="0.9999991135176153 -0.00015652398821082845 0.0012857140155481937 0.002313370249119373 0.00015624606623441785 1.0 0.00021619818628046606 -0.017679366567095067 -0.0012857451859574099 -0.0002159971465699393 0.9999992908140084 0.0021336858214058285 0.0 0.0 0.0 1.0"/>
                <scale value="1"/>
            </transform>
            <transform time="0.0015">
                <matrix value="0.9999991135176153 -0.0001619774158352397 0.0012878537773907718 0.002317832095624273 0.00016169885521140535 1.0 0.0002163345308872351 -0.017688719720734644 -0.0012878862879298848 -0.00021612585334303903 0.9999992823036404 0.002137306410351898 0.0 0.0 0.0 1.0"/>
                <scale value="1"/>
            </transform>
        </animation>
    </shape>
    <shape name="temp15" type="ply">
        <string name="filename" value="meshes/Cube_011.ply"/>
        <boolean name="face_normals" value="true"/>
        <ref id="mat-Material" name="bsdf"/>
        <animation name="to_world">
            <transform time="0">
                <matrix value="1.0 -0.00022316409517273892 -0.000275485662386808 -0.0003643194514015846 0.00022321316178126223 1.0 0.00017456329508614484 -0.017860180247458002 0.0002754473633354432 -0.00017462491369834156 1.0 -0.00043834383125651577 0.0 0.0 0.0 1.0"/>
                <scale value="1"/>
            </transform>
            <transform time="0.0015">
                <matrix value="0.9999999680861236 -0.0002664767027050514 -0.0002756813157486219 -0.00036636564440388155 0.0002665200847129324 0.9999999624542669 0.00015411808897125275 -0.017952190858790358 0.0002756646010925849 -0.00015419190999006933 1.0 -0.0004385667367596003 0.0 0.0 0.0 1.0"/>
                <scale value="1"/>
            </transform>
        </animation>
    </shape>
    <shape name="temp16" type="ply">
        <string name="filename" value="meshes/Cube_012.ply"/>
        <boolean name="face_normals" value="true"/>
        <ref id="mat-Material" name="bsdf"/>
        <animation name="to_world">
            <transform time="0">
                <matrix value="0.9999982270352306 0.0018868681727826993 -0.00012372316972097312 -0.000588705702389003 -0.0018866561352559365 0.9999966626548998 0.0017060367329976207 -0.013113526493291838 0.00012694161804310787 -0.0017058005143683137 0.9999985816280168 -6.535864792422963e-05 0.0 0.0 0.0 1.0"/>
                <scale value="1"/>
            </transform>
            <transform time="0.0015">
                <matrix value="0.9999982749060453 0.0018506662765525495 -0.00012386886722224558 -0.0005865294770947671 -0.0018504582995762498 0.9999967527646594 0.0016728517441797588 -0.013202938334512216 0.00012699633438431832 -0.0016726199983729602 0.9999986241798571 -6.7394568547058e-05 0.0 0.0 0.0 1.0"/>
                <scale value="1"/>
            </transform>
        </animation>
    </shape>
    <shape name="temp17" type="ply">
        <string name="filename" value="meshes/Cube_013.ply"/>
        <boolean name="face_normals" value="true"/>
        <ref id="mat-Material" name="bsdf"/>
        <animation name="to_world">
            <transform time="0">
                <matrix value="1.0 0.0006222751098716583 4.675923277422685e-05 -0.0004275481206623688 -0.0006223372285369318 0.9999989570796561 0.001358329933180496 -0.015557583699460975 -4.5914025392401426e-05 -0.001358357859343419 0.9999992908140084 8.721572224579255e-05 0.0 0.0 0.0 1.0"/>
                <scale value="1"/>
            </transform>
            <transform time="0.0015">
                <matrix value="1.0 0.0005793410384205569 4.684991074595922e-05 -0.0004264400444412603 -0.0005793983842995461 0.9999989495705095 0.001258101371094567 -0.015713362866733527 -4.600585757194825e-05 -0.0012581272720633312 0.9999992823036404 8.390563331336574e-05 0.0 0.0 0.0 1.0"/>
                <scale value="1"/>
            </transform>
        </animation>
    </shape>
    <shape name="temp18" type="ply">
        <string name="filename" value="meshes/Cube_014.ply"/>
        <boolean name="face_normals" value="true"/>
        <ref id="mat-Material" name="bsdf"/>
        <animation name="to_world">
            <transform time="0">
                <matrix value="1.0 0.0001622314740844724 -2.2892287413225185e-05 -0.00011573586519231238 -0.00016221696833662217 0.9999997914159312 0.0006366717239507712 -0.017150349320407376 2.2995574679935535e-05 -0.000636667410616512 1.0 8.219204504589239e-05 0.0 0.0 0.0 1.0"/>
                <scale value="1"/>
            </transform>
            <transform time="0.0015">
                <matrix value="1.0 0.0001818761150163489 -2.2857203420877305e-05 -0.00011569042928448021 -0.00018185933698425813 0.9999995886689724 0.0007335388608583941 -0.017048265170585282 2.304156576731866e-05 -0.0007335338251185125 0.9999998042615346 8.224735787270436e-05 0.0 0.0 0.0 1.0"/>
                <scale value="1"/>
            </transform>
        </animation>
    </shape>
    <shape name="temp19" type="ply">
        <string name="filename" value="meshes/Cube_015.ply"/>
        <boolean name="face_normals" value="true"/>
        <ref id="mat-Material" name="bsdf"/>
        <animation name="to_world">
            <transform time="0">
                <matrix value="1.0 -0.00024055792066713532 -3.146823721420396e-05 0.0005358412927828349 0.00024055674639689235 1.0 -5.392579361458389e-05 -0.018043438478401286 3.148111703872332e-05 5.391835602380362e-05 1.0 -8.269611893330087e-05 0.0 0.0 0.0 1.0"/>
                <scale value="1"/>
            </transform>
            <transform time="0.0015">
                <matrix value="1.0 -0.00024051631999484987 -3.1531239468989004e-05 0.0005355850762009754 0.00024051511474503523 1.0 -5.375347568200417e-05 -0.01804330719960242 3.154407992561401e-05 5.3746021108830514e-05 1.0 -8.272294296711487e-05 0.0 0.0 0.0 1.0"/>
                <scale value="1"/>
            </transform>
        </animation>
    </shape>
    <shape name="temp20" type="ply">
        <string name="filename" value="meshes/Cube_016.ply"/>
        <boolean name="face_normals" value="true"/>
        <ref id="mat-Material" name="bsdf"/>
        <animation name="to_world">
            <transform time="0">
                <matrix value="1.0 -0.0005085863631907522 0.0003273437060452432 0.0005231110355988777 0.0005092442383077406 0.9999977055752436 -0.0020126627522751867 -0.01843221791463273 -0.00032631815498194235 0.0020128279202291086 0.9999978724420252 0.00030207771250326254 0.0 0.0 0.0 1.0"/>
                <scale value="1"/>
            </transform>
            <transform time="0.0015">
                <matrix value="0.9999999840430618 -0.000526463914193825 0.00032749842453666457 0.0005237739754435601 0.0005271407423860633 0.9999975403740179 -0.002069352271340676 -0.018451426667795062 -0.00032637994024679125 0.0020695230285051455 0.9999977192554 0.0003034119624461326 0.0 0.0 0.0 1.0"/>
                <scale value="1"/>
            </transform>
        </animation>
    </shape>
    <shape name="temp21" type="ply">
        <string name="filename" value="meshes/Cube_017.ply"/>
        <boolean name="face_normals" value="true"/>
        <ref id="mat-Material" name="bsdf"/>
        <animation name="to_world">
            <transform time="0">
                <matrix value="1.0 0.00011561710639664765 9.918817115589279e-05 0.00040825335184802025 -0.00011567309720988535 0.9999997914159312 0.0005633017052140772 -0.017823624191152854 -9.912291432856938e-05 -0.0005633125653128865 1.0 0.00010671668922027089 0.0 0.0 0.0 1.0"/>
                <scale value="1"/>
            </transform>
            <transform time="0.0015">
                <matrix value="1.0 0.00014234767844683446 9.94735918800561e-05 0.00040800892762374785 -0.0001424100482526485 0.9999996937970251 0.0006223355753704267 -0.017816199239453753 -9.934260945419939e-05 -0.000622349250780037 0.9999999148963193 0.00010812293420539394 0.0 0.0 0.0 1.0"/>
                <scale value="1"/>
            </transform>
        </animation>
    </shape>
    <shape name="temp22" type="ply">
        <string name="filename" value="meshes/Cube_018.ply"/>
        <boolean name="face_normals" value="true"/>
        <ref id="mat-Material" name="bsdf"/>
        <animation name="to_world">
            <transform time="0">
                <matrix value="0.9999982270352306 0.0018812718622177077 -0.00028668843710063965 0.0005940511338081156 -0.0018804640557987472 0.9999941596460746 0.0028031758294284766 -0.017864764997037597 0.00029195942747421667 -0.00280264192581499 0.9999962176747115 -0.00020188368941054247 0.0 0.0 0.0 1.0"/>
                <scale value="1"/>
            </transform>
            <transform time="0.0015">
                <matrix value="0.9999982908629835 0.001800054509275792 -0.00028660614184145125 0.0005976132451107388 -0.0017992714520455024 0.9999943623930334 0.0027174318286854638 -0.017860694343493265 0.000291681681007285 -0.0027169210372780432 0.9999963538406005 -0.00020372988456109035 0.0 0.0 0.0 1.0"/>
                <scale value="1"/>
            </transform>
        </animation>
    </shape>
    <shape name="temp23" type="ply">
        <string name="filename" value="meshes/Cube_019.ply"/>
        <boolean name="face_normals" value="true"/>
        <ref id="mat-Material" name="bsdf"/>
        <animation name="to_world">
            <transform time="0">
                <matrix value="0.9999100220379521 0.012016841077712167 -0.005992361594079905 0.003417749247595414 -0.011968177055353734 0.9998954993815483 0.008092308594246799 -0.0182937972284542 0.006088990420671351 -0.008019853031665148 0.9999494113992664 -0.000960061997571926 0.0 0.0 0.0 1.0"/>
                <scale value="1"/>
            </transform>
            <transform time="0.0015">
                <matrix value="0.9999117294303433 0.01183691381477257 -0.00599420238669236 0.0034256867463706877 -0.011788703786087698 0.9998977446163883 0.008015764641796753 -0.018282165743593762 0.006088850797461788 -0.007944388661224686 0.9999499390420864 -0.000962891904370342 0.0 0.0 0.0 1.0"/>
                <scale value="1"/>
            </transform>
        </animation>
    </shape>
    <shape name="temp24" type="ply">
        <string name="filename" value="meshes/Cube_020.ply"/>
        <boolean name="face_normals" value="true"/>
        <ref id="mat-Material" name="bsdf"/>
        <animation name="to_world">
            <transform time="0">
                <matrix value="0.9999894464216842 -0.0018190059872557512 0.004218948271377403 -0.0030806696898298125 0.0017862363923413988 0.9999682861122753 0.007759298484047679 -0.015117098695156372 -0.004232937083488953 -0.007751688525401458 0.9999609947671186 -0.00030278498656055586 0.0 0.0 0.0 1.0"/>
                <scale value="1"/>
            </transform>
            <transform time="0.0015">
                <matrix value="0.9999894485029688 -0.0017343581551376294 0.00423115724540262 -0.003082469401113793 0.001701710574161133 0.9999686730823045 0.007712037857004174 -0.01508322299255725 -0.0042445152138382005 -0.007704791292588785 0.9999612756092551 -0.000302619144228237 0.0 0.0 0.0 1.0"/>
                <scale value="1"/>
            </transform>
        </animation>
    </shape>
    <shape name="temp25" type="ply">
        <string name="filename" value="meshes/Cube_021.ply"/>
        <boolean name="face_normals" value="true"/>
        <ref id="mat-Material" name="bsdf"/>
        <animation name="to_world">
            <transform time="0">
                <matrix value="0.9995221859946422 0.02068109581726367 0.022988523952284075 -0.014500778738964382 -0.020950291386759853 0.9997140312417219 0.011531246025603506 -0.018687019218089462 -0.022743467954548274 -0.012007348416742628 0.999669282932588 -0.010674030839586957 0.0 0.0 0.0 1.0"/>
                <scale value="1"/>
            </transform>
            <transform time="0.0015">
                <matrix value="0.9995194573582039 0.02076927925534381 0.023022390110961858 -0.014518713675722526 -0.02103780450183441 0.9997125969947172 0.011484952176440431 -0.018703881246966817 -0.02277734421528404 -0.011963852736215674 0.9996689935800739 -0.010698760655325918 0.0 0.0 0.0 1.0"/>
                <scale value="1"/>
            </transform>
        </animation>
    </shape>
    <shape name="temp26" type="ply">
        <string name="filename" value="meshes/Cube_022.ply"/>
        <boolean name="face_normals" value="true"/>
        <ref id="mat-Material" name="bsdf"/>
        <animation name="to_world">
            <transform time="0">
                <matrix value="0.9992948032629644 0.033938630395287675 0.016062731756072167 -0.0077464641333514495 -0.0340100872830556 0.999412627262355 0.004196064395979199 -0.021269621071139777 -0.01591090054199533 -0.004739407579527891 0.9998621815223008 -0.011598275358828292 0.0 0.0 0.0 1.0"/>
                <scale value="1"/>
            </transform>
            <transform time="0.0015">
                <matrix value="0.9992914044351202 0.03403393197872513 0.016065459329036993 -0.007750410311038435 -0.03410388439997678 0.9994095860579731 0.004100664616733341 -0.02129479459288052 -0.0159166676986125 -0.004645676008466144 0.9998624198126066 -0.011603146240471977 0.0 0.0 0.0 1.0"/>
                <scale value="1"/>
            </transform>
        </animation>
    </shape>
    <shape name="temp27" type="ply">
        <string name="filename" value="meshes/Cube_023.ply"/>
        <boolean name="face_normals" value="true"/>
        <ref id="mat-Material" name="bsdf"/>
        <animation name="to_world">
            <transform time="0">
                <matrix value="0.9994361972033254 0.03203085792713324 0.010067935290087803 -0.0027998304665453055 -0.03209280318140798 0.9994666505361655 0.006050845798853104 -0.020598093199937606 -0.009868742985708131 -0.0063705370831186655 0.9999312089588157 -0.008935914504851566 0.0 0.0 0.0 1.0"/>
                <scale value="1"/>
            </transform>
            <transform time="0.0015">
                <matrix value="0.9994362131602637 0.0320297743572757 0.010069537792394438 -0.0027990098075985005 -0.032091747629943684 0.9994666730636054 0.006052698505980851 -0.02059725305053667 -0.009870292883118971 -0.006372429913707653 0.9999311749173435 -0.008936100512813197 0.0 0.0 0.0 1.0"/>
                <scale value="1"/>
            </transform>
        </animation>
    </shape>
    <shape name="temp28" type="ply">
        <string name="filename" value="meshes/Cube_024.ply"/>
        <boolean name="face_normals" value="true"/>
        <ref id="mat-Material" name="bsdf"/>
        <animation name="to_world">
            <transform time="0">
                <matrix value="0.9994574727805584 0.03189715553905424 0.008218945572811888 -0.001096205535923822 -0.031944454786738935 0.9994735338104347 0.005687624373493275 -0.021449769855964862 -0.008033201424754489 -0.005947090565116817 0.9999501205852581 -0.007924842541420313 0.0 0.0 0.0 1.0"/>
                <scale value="1"/>
            </transform>
            <transform time="0.0015">
                <matrix value="0.9994574089528055 0.03189900053637925 0.008219560872422987 -0.0010952897105145772 -0.031946262707841046 0.9994734962647016 0.005682622830181486 -0.021450934576897722 -0.008033965602526599 -0.005942125517370402 0.9999501461163622 -0.007924336226615153 0.0 0.0 0.0 1.0"/>
                <scale value="1"/>
            </transform>
        </animation>
    </shape>
    <shape name="temp29" type="ply">
        <string name="filename" value="meshes/Cube_025.ply"/>
        <boolean name="face_normals" value="true"/>
        <ref id="mat-Material" name="bsdf"/>
        <animation name="to_world">
            <transform time="0">
                <matrix value="0.999499580693832 0.03135279283638874 0.004290078818931105 0.0009887567713118273 -0.03138121047396667 0.9994847973501481 0.006720908363241282 -0.0217395476471251 -0.004077145243046876 -0.006852159783740037 0.9999683230257089 -0.004828106815854938 0.0 0.0 0.0 1.0"/>
                <scale value="1"/>
            </transform>
            <transform time="0.0015">
                <matrix value="0.9995003785407438 0.03132678640889304 0.004291373245913789 0.0009912856978800883 -0.03135552235651721 0.9994850076062535 0.006796704254338417 -0.021674408966030796 -0.004076292982975704 -0.006927854609890326 0.9999677272999444 -0.004825735889232907 0.0 0.0 0.0 1.0"/>
                <scale value="1"/>
            </transform>
        </animation>
    </shape>
    <shape name="temp30" type="ply">
        <string name="filename" value="meshes/Cube_026.ply"/>
        <boolean name="face_normals" value="true"/>
        <ref id="mat-Material" name="bsdf"/>
        <animation name="to_world">
            <transform time="0">
                <matrix value="0.9995478939837987 0.0277525900926739 0.01159422174165678 0.007849208366652816 -0.02793739927343904 0.9994799999165663 0.016094030497834384 -0.011144526530824095 -0.011141541096436872 -0.01641065405706443 0.9998033190849986 -0.014552227385330463 0.0 0.0 0.0 1.0"/>
                <scale value="1"/>
            </transform>
            <transform time="0.0015">
                <matrix value="0.9995491705388576 0.02770423719574602 0.011596716981573432 0.007853061825917636 -0.027890257531239734 0.9994794592580096 0.016198211870575453 -0.010993760463641119 -0.011142055867264357 -0.016514332994656235 0.9998014638247605 -0.014554811829263374 0.0 0.0 0.0 1.0"/>
                <scale value="1"/>
            </transform>
        </animation>
    </shape>
    <shape name="temp31" type="ply">
        <string name="filename" value="meshes/Cube_027.ply"/>
        <boolean name="face_normals" value="true"/>
        <ref id="mat-Material" name="bsdf"/>
        <animation name="to_world">
            <transform time="0">
                <matrix value="0.9993936460488594 0.03089307354882849 0.016057105547205547 0.016877004645202698 -0.03107450086609329 0.999454552660177 0.011174549111366313 -0.02078975602285188 -0.015703126800667343 -0.011666749405013945 0.999808756177601 -0.02333683709311951 0.0 0.0 0.0 1.0"/>
                <scale value="1"/>
            </transform>
            <transform time="0.0015">
                <matrix value="0.999391523776074 0.030954047819398495 0.016068834536472704 0.01688832061571958 -0.03113417614499926 0.999453538925383 0.011084853236108645 -0.020972803403750323 -0.015717074600809844 -0.01157843102756901 0.9998094540277823 -0.02335745647899155 0.0 0.0 0.0 1.0"/>
                <scale value="1"/>
            </transform>
        </animation>
    </shape>
    <shape name="temp32" type="ply">
        <string name="filename" value="meshes/Cube_028.ply"/>
        <boolean name="face_normals" value="true"/>
        <ref id="mat-Material" name="bsdf"/>
        <animation name="to_world">
            <transform time="0">
                <matrix value="0.9994663376044055 -0.019231930883582972 0.026416398082171964 0.035253451791369406 0.017931043194740676 0.9986558842608719 0.04862963990844882 0.10932397476448313 -0.02731614355341145 -0.04812998124829222 0.9984676854675025 -0.04793955821486717 0.0 0.0 0.0 1.0"/>
                <scale value="1"/>
            </transform>
            <transform time="0.0015">
                <matrix value="0.999464949350779 -0.01923261218845598 0.026466622870344254 0.03531822090959059 0.01792933596191883 0.9986559668614848 0.048628576112440695 0.10931926817252102 -0.02736631519904296 -0.04812799883358403 0.9984663663604525 -0.04802496241025761 0.0 0.0 0.0 1.0"/>
                <scale value="1"/>
            </transform>
        </animation>
    </shape>
    <shape name="temp33" type="ply">
        <string name="filename" value="meshes/Cube_029.ply"/>
        <boolean name="face_normals" value="true"/>
        <ref id="mat-Material" name="bsdf"/>
        <animation name="to_world">
            <transform time="0">
                <matrix value="0.9500236690796716 -0.31196855386579286 0.011444394381166668 -0.07975536778328784 0.30995825554450407 0.9469973280380791 0.08439244745286395 0.7731227617812506 -0.037165609979664095 -0.07662748762575013 0.9963668401650795 -0.08138430405825359 0.0 0.0 0.0 1.0"/>
                <scale value="1"/>
            </transform>
            <transform time="0.0015">
                <matrix value="0.9495343814825483 -0.3133583842683113 0.011531109074491173 -0.08054413894698807 0.31132842836430075 0.9464991637420342 0.0845936334049569 0.7762285788111213 -0.037428650053609604 -0.07672873420056817 0.9963481343760726 -0.08194769456742154 0.0 0.0 0.0 1.0"/>
                <scale value="1"/>
            </transform>
        </animation>
    </shape>
    <shape name="temp34" type="ply">
        <string name="filename" value="meshes/Cube_030.ply"/>
        <boolean name="face_normals" value="true"/>
        <ref id="mat-Material" name="bsdf"/>
        <animation name="to_world">
            <transform time="0">
                <matrix value="0.9967378957860545 -0.08060502195147272 -0.003993761496241596 -0.01778523424469869 0.080482338196982 0.9964483397072185 -0.024764468640131616 0.177806124952041 0.005975715459311283 0.024362262596649874 0.9996854290053532 0.014516077060070964 0.0 0.0 0.0 1.0"/>
                <scale value="1"/>
            </transform>
            <transform time="0.0015">
                <matrix value="0.9966200533453718 -0.08180766802300593 -0.004044648490114087 -0.018195659905369276 0.0816804520528138 0.996321309914912 -0.025103381772824458 0.18018204319875614 0.006094157384019447 0.024685468243777584 0.9996751996543699 0.014794833523748434 0.0 0.0 0.0 1.0"/>
                <scale value="1"/>
            </transform>
        </animation>
    </shape>
    <shape name="temp35" type="ply">
        <string name="filename" value="meshes/Cube_031.ply"/>
        <boolean name="face_normals" value="true"/>
        <ref id="mat-Material" name="bsdf"/>
        <animation name="to_world">
            <transform time="0">
                <matrix value="0.9997757199566687 0.0012611159664847119 -0.021138825049016572 -0.028382220783809586 -0.0003625061388905141 0.9990980824866559 0.04245993453740507 0.0669710797010778 0.021173321489928676 -0.04244274888772545 0.9988745218313452 0.05404960643091128 0.0 0.0 0.0 1.0"/>
                <scale value="1"/>
            </transform>
            <transform time="0.0015">
                <matrix value="0.9997751774207687 0.0011908654969097145 -0.021165210594165235 -0.0284188997579799 -0.00029248321637598436 0.999100522959308 0.04240037302442869 0.0670749336604784 0.021196794624781634 -0.042384700180679344 0.9988764366641598 0.05411333870829916 0.0 0.0 0.0 1.0"/>
                <scale value="1"/>
            </transform>
        </animation>
    </shape>
