
<scene version="2.1.0">
    <default name="spp" value="1024"/>
    <default name="resx" value="640"/>
    <default name="resy" value="360"/>
    <integrator name="temp0" type="path">
        <integer name="max_depth" value="12"/>
    </integrator>
    <sensor name="temp44" type="perspective">
        <string name="fov_axis" value="x"/>
        <float name="fov" value="83.974423"/>
        <float name="principal_point_offset_x" value="0.000000"/>
        <float name="principal_point_offset_y" value="-0.000000"/>
        <float name="near_clip" value="0.100000"/>
        <float name="far_clip" value="1000.000000"/>
        <sampler name="sampler" type="correlated">
            <integer name="sample_count" value="1024"/>
        </sampler>
        <film name="film" type="hdrfilm">
            <integer name="width" value="$resx"/>
            <integer name="height" value="$resy"/>
        </film>
        <float name="shutter_open" value="0.0"/>
        <float name="shutter_close" value="0.0015"/>
        <animation name="to_world">
            <transform time="0">
                <rotate angle="-142.5518126578256" x="1"/>
                <rotate angle="3.976628485794621e-06" y="1"/>
                <rotate angle="-179.999991348578" z="1"/>
                <translate value="-0.000000 3.030926 4.073377"/>
            </transform>
            <transform time="0.0015">
                <rotate angle="-142.5518126578256" x="1"/>
                <rotate angle="3.976628485794621e-06" y="1"/>
                <rotate angle="-179.999991348578" z="1"/>
                <translate value="-0.000000 3.030926 4.073377"/>
                <translate x="0.15" y="0.0" z="0.0"/>
            </transform>
        </animation>
    </sensor>
    <bsdf id="mat-Material" name="mat-Material" type="twosided">
        <bsdf name="bsdf" type="diffuse">
            <texture name="reflectance" type="bitmap">
                <string name="filename" value="textures/siggraph_2023_logo.jpg"/>
            </texture>
        </bsdf>
    </bsdf>
    <bsdf id="mat-Material.001" name="mat-Material.001" type="twosided">
        <bsdf name="bsdf" type="principled">
            <rgb name="base_color" value="0.433648 0.266232 0.084399"/>
            <float name="spec_tint" value="0.000000"/>
            <float name="spec_trans" value="0.000000"/>
            <float name="metallic" value="0.000000"/>
            <float name="anisotropic" value="0.000000"/>
            <float name="roughness" value="0.500000"/>
            <float name="sheen" value="0.000000"/>
            <float name="sheen_tint" value="0.500000"/>
            <float name="clearcoat" value="0.000000"/>
            <float name="clearcoat_gloss" value="0.173205"/>
            <float name="specular" value="0.500000"/>
        </bsdf>
    </bsdf>
    <bsdf id="mat-Material.002" name="mat-Material.002" type="twosided">
        <bsdf name="bsdf" type="principled">
            <rgb name="base_color" value="0.433648 0.266232 0.084399"/>
            <float name="spec_tint" value="0.000000"/>
            <float name="spec_trans" value="0.000000"/>
            <float name="metallic" value="0.000000"/>
            <float name="anisotropic" value="0.000000"/>
            <float name="roughness" value="0.500000"/>
            <float name="sheen" value="0.000000"/>
            <float name="sheen_tint" value="0.500000"/>
            <float name="clearcoat" value="0.000000"/>
            <float name="clearcoat_gloss" value="0.173205"/>
            <float name="specular" value="0.500000"/>
        </bsdf>
    </bsdf>
    <bsdf id="mat-Material.003" name="mat-Material.003" type="twosided">
        <bsdf name="bsdf" type="principled">
            <rgb name="base_color" value="0.433648 0.266232 0.084399"/>
            <float name="spec_tint" value="0.000000"/>
            <float name="spec_trans" value="0.000000"/>
            <float name="metallic" value="0.000000"/>
            <float name="anisotropic" value="0.000000"/>
            <float name="roughness" value="0.500000"/>
            <float name="sheen" value="0.000000"/>
            <float name="sheen_tint" value="0.500000"/>
            <float name="clearcoat" value="0.000000"/>
            <float name="clearcoat_gloss" value="0.173205"/>
            <float name="specular" value="0.500000"/>
        </bsdf>
    </bsdf>
    <bsdf id="mat-Material.004" name="mat-Material.004" type="twosided">
        <bsdf name="bsdf" type="principled">
            <rgb name="base_color" value="0.433648 0.266232 0.084399"/>
            <float name="spec_tint" value="0.000000"/>
            <float name="spec_trans" value="0.000000"/>
            <float name="metallic" value="0.000000"/>
            <float name="anisotropic" value="0.000000"/>
            <float name="roughness" value="0.500000"/>
            <float name="sheen" value="0.000000"/>
            <float name="sheen_tint" value="0.500000"/>
            <float name="clearcoat" value="0.000000"/>
            <float name="clearcoat_gloss" value="0.173205"/>
            <float name="specular" value="0.500000"/>
        </bsdf>
    </bsdf>
    <bsdf id="mat-Material.005" name="mat-Material.005" type="twosided">
        <bsdf name="bsdf" type="principled">
            <rgb name="base_color" value="0.433648 0.266232 0.084399"/>
            <float name="spec_tint" value="0.000000"/>
            <float name="spec_trans" value="0.000000"/>
            <float name="metallic" value="0.000000"/>
            <float name="anisotropic" value="0.000000"/>
            <float name="roughness" value="0.500000"/>
            <float name="sheen" value="0.000000"/>
            <float name="sheen_tint" value="0.500000"/>
            <float name="clearcoat" value="0.000000"/>
            <float name="clearcoat_gloss" value="0.173205"/>
            <float name="specular" value="0.500000"/>
        </bsdf>
    </bsdf>
    <emitter name="temp45" type="point">
        <point name="position" x="-6.815235034541981e-16" y="3.0693089962005615" z="4.109199523925781"/>
        <rgb name="intensity" value="7.957747 7.957747 7.957747"/>
    </emitter>
    <shape name="temp2" type="ply">
        <string name="filename" value="meshes/Cube.ply"/>
        <boolean name="face_normals" value="true"/>
        <ref id="mat-Material" name="bsdf"/>
        <animation name="to_world">
            <transform time="0">
                <matrix value="0.9885794474377999 -0.03254380786904258 -0.147144438965326 0.22928079348960928 -0.06874498029349659 0.7715099192153901 -0.6324924909023256 1.0217708629018136 0.13410709948282618 0.6353844100095323 0.7604617935502844 0.4241160336993568 0.0 0.0 0.0 1.0"/>
                <scale value="1"/>
            </transform>
            <transform time="0.0015">
                <matrix value="0.9885835962417412 -0.03329195240704593 -0.14689233122591627 0.228981182460059 -0.06951688441510115 0.7630021236750724 -0.6399595048632755 1.0341426012608108 0.13359167761226037 0.6428604638222912 0.7519607783798075 0.4428959202190443 0.0 0.0 0.0 1.0"/>
                <scale value="1"/>
            </transform>
        </animation>
    </shape>
    <shape name="temp4" type="ply">
        <string name="filename" value="meshes/Plane.ply"/>
        <boolean name="face_normals" value="true"/>
        <ref id="mat-Material.001" name="bsdf"/>
        <transform name="to_world">
            <scale value="1"/>
        </transform>
    </shape>
    <shape name="temp5" type="ply">
        <string name="filename" value="meshes/Cube_001.ply"/>
        <boolean name="face_normals" value="true"/>
        <ref id="mat-Material" name="bsdf"/>
        <animation name="to_world">
            <transform time="0">
                <matrix value="0.9979052421249338 -0.01790125838768687 -0.062168095046052176 0.056914830991432463 -0.05012379726502454 0.39360564678790966 -0.9179119578686786 1.0673457228337595 0.04090149053148165 0.9191050491945526 0.3918838863959688 0.6164125183999766 0.0 0.0 0.0 1.0"/>
                <scale value="1"/>
            </transform>
            <transform time="0.0015">
                <matrix value="0.9979096462398869 -0.01811273510488407 -0.06202187075299649 0.056831913893891826 -0.05025144957952302 0.3850925865848952 -0.920367403304259 1.070417253261323 0.04060176976490545 0.9215597742069657 0.38337571400594916 0.6254310260272868 0.0 0.0 0.0 1.0"/>
                <scale value="1"/>
            </transform>
        </animation>
    </shape>
    <shape name="temp6" type="ply">
        <string name="filename" value="meshes/Cube_002.ply"/>
        <boolean name="face_normals" value="true"/>
        <ref id="mat-Material" name="bsdf"/>
        <animation name="to_world">
            <transform time="0">
                <matrix value="0.999082933973019 -0.04272608948673719 -0.0029005234265408603 -0.007110602257901277 0.010687901465709975 0.3143603873823325 -0.949243558581836 0.6339122620008222 0.04146928693129939 0.9483416523612761 0.31452871517719483 0.385482069180607 0.0 0.0 0.0 1.0"/>
                <scale value="1"/>
            </transform>
            <transform time="0.0015">
                <matrix value="0.999081721245713 -0.04275755806748567 -0.0028080932551275955 -0.007206345815116085 0.010596476666796304 0.3100346758884549 -0.9503842032135853 0.6352152625661515 0.04151839329173429 0.9494810752513934 0.31020308572201 0.38843790747501883 0.0 0.0 0.0 1.0"/>
                <scale value="1"/>
            </transform>
        </animation>
    </shape>
    <shape name="temp7" type="ply">
        <string name="filename" value="meshes/Cube_003.ply"/>
        <boolean name="face_normals" value="true"/>
        <ref id="mat-Material" name="bsdf"/>
        <animation name="to_world">
            <transform time="0">
                <matrix value="0.9939843305373679 -0.07827943173356305 0.07660322131189007 -0.03137701253532743 0.09754856593744626 0.3147206120690914 -0.9441584586267984 0.09997292193788054 0.04979961065693664 0.9459508617650801 0.3204631835548279 0.19491877632839494 0.0 0.0 0.0 1.0"/>
                <scale value="1"/>
            </transform>
            <transform time="0.0015">
                <matrix value="0.994010531829951 -0.07816208254472896 0.07637063465474776 -0.031288963403252636 0.09703886303354416 0.31027733437204236 -0.9453761731517442 0.1030220155920851 0.05016502773392331 0.9471284386291833 0.316001970319779 0.19540732338569508 0.0 0.0 0.0 1.0"/>
                <scale value="1"/>
            </transform>
        </animation>
    </shape>
    <shape name="temp8" type="ply">
        <string name="filename" value="meshes/Cube_004.ply"/>
        <boolean name="face_normals" value="true"/>
        <ref id="mat-Material" name="bsdf"/>
        <animation name="to_world">
            <transform time="0">
                <matrix value="0.9832055912216969 -0.12737440631759428 0.1307019381107569 0.03424994291146577 0.16195612089492167 0.2788270483477013 -0.9465864750666753 -0.3789780972063076 0.08412766587415142 0.9518567110881206 0.2947733938001069 -0.1578466844196703 0.0 0.0 0.0 1.0"/>
                <scale value="1"/>
            </transform>
            <transform time="0.0015">
                <matrix value="0.983316045148165 -0.1271390726661219 0.13004769675746708 0.03389614143950023 0.16110461558692799 0.27715058630947753 -0.947169120395508 -0.37575460035378483 0.08434637805238611 0.9523341426303424 0.29300973065342456 -0.15847957579438013 0.0 0.0 0.0 1.0"/>
                <scale value="1"/>
            </transform>
        </animation>
    </shape>
    <shape name="temp9" type="ply">
        <string name="filename" value="meshes/Cube_005.ply"/>
        <boolean name="face_normals" value="true"/>
        <ref id="mat-Material" name="bsdf"/>
        <animation name="to_world">
            <transform time="0">
                <matrix value="0.9859855999801428 -0.13709542512561976 0.09506709135875781 0.07259051272813766 0.12677141342524384 0.24524751628520117 -0.9611361348701551 -0.6177947181546802 0.10845243224171892 0.9597178274717734 0.2591902230673618 -0.5443856408697331 0.0 0.0 0.0 1.0"/>
                <scale value="1"/>
            </transform>
            <transform time="0.0015">
                <matrix value="0.9860685441450924 -0.13692840893919894 0.09437204959889085 0.07212546567858939 0.1260447567977006 0.2452005615913743 -0.961236157226023 -0.6157389662941063 0.10847916968742678 0.9597532330980957 0.2590467382617862 -0.5445169224768137 0.0 0.0 0.0 1.0"/>
                <scale value="1"/>
            </transform>
        </animation>
    </shape>
    <shape name="temp10" type="ply">
        <string name="filename" value="meshes/Cube_006.ply"/>
        <boolean name="face_normals" value="true"/>
        <ref id="mat-Material" name="bsdf"/>
        <animation name="to_world">
            <transform time="0">
                <matrix value="0.9900417001313767 -0.12424172390561154 -0.06619289102506216 0.014618141856211686 -0.03410865082699942 0.24448639301827405 -0.9690527780942848 -0.5394233065435996 0.13658007506732833 0.9616601623201224 0.23781393890882752 -0.9122889332251675 0.0 0.0 0.0 1.0"/>
                <scale value="1"/>
            </transform>
            <transform time="0.0015">
                <matrix value="0.9900638643185862 -0.12416100733765785 -0.06600402042659606 0.014602055888102174 -0.03395019316452865 0.2444372231261937 -0.9690703605147071 -0.5397957458338616 0.136454827463422 0.9616829600892666 0.23779273958197766 -0.9121055707072359 0.0 0.0 0.0 1.0"/>
                <scale value="1"/>
            </transform>
        </animation>
    </shape>
    <shape name="temp11" type="ply">
        <string name="filename" value="meshes/Cube_007.ply"/>
        <boolean name="face_normals" value="true"/>
        <ref id="mat-Material" name="bsdf"/>
        <animation name="to_world">
            <transform time="0">
                <matrix value="0.9253174050178449 -0.10584189744755676 -0.3641223279644802 0.01919689911616551 -0.3308312368024935 0.2439244675370185 -0.9116205325419449 -0.050437229315286075 0.185305978259906 0.9640011013238831 0.19069181566270357 -1.3440237441054377 0.0 0.0 0.0 1.0"/>
                <scale value="1"/>
            </transform>
            <transform time="0.0015">
                <matrix value="0.9252002172634415 -0.10727648987308844 -0.36392258111562703 0.020482398419938548 -0.3303961916255151 0.24377186665936781 -0.911815419970633 -0.05172545087882633 0.18653873631039153 0.9638519020896521 0.19011129877692387 -1.3485551870325718 0.0 0.0 0.0 1.0"/>
                <scale value="1"/>
            </transform>
        </animation>
    </shape>
    <shape name="temp12" type="ply">
        <string name="filename" value="meshes/Cube_008.ply"/>
        <boolean name="face_normals" value="true"/>
        <ref id="mat-Material" name="bsdf"/>
        <animation name="to_world">
            <transform time="0">
                <matrix value="0.111289885058694 0.9656900065286814 -0.23464302650322608 2.251396640451155 -0.6043185875853462 -0.12167734964738863 -0.787396913906239 0.5378844152930173 -0.7889320901304371 0.2294282919259193 0.5700429908548102 1.3385371012934442 0.0 0.0 0.0 1.0"/>
                <scale value="1"/>
            </transform>
            <transform time="0.0015">
                <matrix value="0.11171094717069643 0.9654805388836629 -0.2352691223672514 2.2502562220398814 -0.6038295712561729 -0.1220943513321705 -0.7876988872962887 0.5366185746110281 -0.7892382878182431 0.23005209175409558 0.5693444938855089 1.3375545610693527 0.0 0.0 0.0 1.0"/>
                <scale value="1"/>
            </transform>
        </animation>
    </shape>
    <shape name="temp13" type="ply">
        <string name="filename" value="meshes/Cube_009.ply"/>
        <boolean name="face_normals" value="true"/>
        <ref id="mat-Material" name="bsdf"/>
        <animation name="to_world">
            <transform time="0">
                <matrix value="-0.06932868461970793 0.9918235045043731 0.10714410328395667 2.5886792576164788 -0.839482418394864 2.0704826426767176e-05 -0.5433872897795424 0.9550087156772842 -0.5389462738485923 -0.12761788650106481 0.8326167402880524 0.9218194462770135 0.0 0.0 0.0 1.0"/>
                <scale value="1"/>
            </transform>
            <transform time="0.0015">
                <matrix value="-0.06921695254248728 0.9918222880226203 0.10722514411489226 2.588574937609199 -0.8401814759020346 -1.1071506934129365e-05 -0.5422624403909218 0.9581491147604261 -0.537826527621774 -0.1276271858282414 0.8333111607910507 0.9204999816332206 0.0 0.0 0.0 1.0"/>
                <scale value="1"/>
            </transform>
        </animation>
    </shape>
    <shape name="temp14" type="ply">
        <string name="filename" value="meshes/Cube_010.ply"/>
        <boolean name="face_normals" value="true"/>
        <ref id="mat-Material" name="bsdf"/>
        <animation name="to_world">
            <transform time="0">
                <matrix value="0.021578155832965445 0.9978378175431717 0.06208157435507808 1.8552345366707774 -0.9454201660558803 0.0001712913231113234 0.3258537062769106 2.337349900468842 0.3251384242243722 -0.06572448547524838 0.9433797724080315 -0.7771965993514593 0.0 0.0 0.0 1.0"/>
                <scale value="1"/>
            </transform>
            <transform time="0.0015">
                <matrix value="0.021590552937850196 0.9978297151739667 0.062204075146115825 1.8554525760068175 -0.9455257212023099 0.00016575047325102508 0.32554288210407334 2.3369701989285536 0.3248260464143874 -0.06584443733430162 0.9434772927156881 -0.77636166716442 0.0 0.0 0.0 1.0"/>
                <scale value="1"/>
            </transform>
        </animation>
    </shape>
    <shape name="temp15" type="ply">
        <string name="filename" value="meshes/Cube_011.ply"/>
        <boolean name="face_normals" value="true"/>
        <ref id="mat-Material" name="bsdf"/>
        <animation name="to_world">
            <transform time="0">
                <matrix value="-0.009533559563637911 0.9986838345260866 -0.05039657680649765 1.328831374251212 -0.8331409666558517 0.019937698024500284 0.5527015021977674 2.260040972133135 0.5529788467573361 0.047256639752369 0.8318541289517617 -1.3576755572686037 0.0 0.0 0.0 1.0"/>
                <scale value="1"/>
            </transform>
            <transform time="0.0015">
                <matrix value="-0.009370185728066086 0.9986982595967473 -0.050111787551644756 1.3290221027360607 -0.8330935905062297 0.019919394554700817 0.5527733807664442 2.259807589878092 0.5530521848454677 0.04692741999159739 0.8318221640093096 -1.3578511498417438 0.0 0.0 0.0 1.0"/>
                <scale value="1"/>
            </transform>
        </animation>
    </shape>
    <shape name="temp16" type="ply">
        <string name="filename" value="meshes/Cube_012.ply"/>
        <boolean name="face_normals" value="true"/>
        <ref id="mat-Material" name="bsdf"/>
        <animation name="to_world">
            <transform time="0">
                <matrix value="0.10057594760534513 0.9896755057642207 0.10211091574350349 1.0929249836419432 -0.7123143041024632 -2.6218808859816906e-05 0.7018605730884719 1.8643058075252972 0.6946170130153344 -0.14332533065789502 0.7049575883137496 -1.8908035050827172 0.0 0.0 0.0 1.0"/>
                <scale value="1"/>
            </transform>
            <transform time="0.0015">
                <matrix value="0.10045054043205644 0.9896772629045303 0.10221387928257447 1.093157052175352 -0.713094454769748 -2.6304878698397374e-05 0.7010435607334977 1.8637788230014118 0.6938096398114194 -0.14331322140805253 0.7057309595012866 -1.8887892554070769 0.0 0.0 0.0 1.0"/>
                <scale value="1"/>
            </transform>
        </animation>
    </shape>
    <shape name="temp17" type="ply">
        <string name="filename" value="meshes/Cube_013.ply"/>
        <boolean name="face_normals" value="true"/>
        <ref id="mat-Material" name="bsdf"/>
        <animation name="to_world">
            <transform time="0">
                <matrix value="0.9180181090621548 0.22964876528660494 0.323271560081528 0.5481222101395501 -0.3514240453027958 0.09351174224015119 0.931534711581149 1.489175944506173 0.1836960376010368 -0.9687707932243551 0.16654954066023325 -1.5023983690370804 0.0 0.0 0.0 1.0"/>
                <scale value="1"/>
            </transform>
            <transform time="0.0015">
                <matrix value="0.9185202739084343 0.22845491535085743 0.32260233026800217 0.5475970421641637 -0.35073220033170777 0.0946918722141058 0.9316491505005188 1.4878313238460663 0.18230942913485734 -0.9688992521956163 0.1671408555010138 -1.5003566468984457 0.0 0.0 0.0 1.0"/>
                <scale value="1"/>
            </transform>
        </animation>
    </shape>
    <shape name="temp18" type="ply">
        <string name="filename" value="meshes/Cube_014.ply"/>
        <boolean name="face_normals" value="true"/>
        <ref id="mat-Material" name="bsdf"/>
        <animation name="to_world">
            <transform time="0">
                <matrix value="0.9444219868906986 0.28488120094363434 0.1640417880753685 0.10321013901779474 -0.21528397576711752 0.15886490635618233 0.9635428757302843 1.0205354430887323 0.24843487102567788 -0.9453065455766619 0.2113659111314306 -0.8312242999638957 0.0 0.0 0.0 1.0"/>
                <scale value="1"/>
            </transform>
            <transform time="0.0015">
                <matrix value="0.9443285749742664 0.285042700160032 0.16429092314321314 0.10351321602726989 -0.21531373705262105 0.15789137252957802 0.9636827861812727 1.0207113284681935 0.24875782349863154 -0.9454070329767565 0.2104775495526732 -0.8322394541288478 0.0 0.0 0.0 1.0"/>
                <scale value="1"/>
            </transform>
        </animation>
    </shape>
    <shape name="temp19" type="ply">
        <string name="filename" value="meshes/Cube_015.ply"/>
        <boolean name="face_normals" value="true"/>
        <ref id="mat-Material" name="bsdf"/>
        <animation name="to_world">
            <transform time="0">
                <matrix value="0.9835433410102709 0.1259024702611264 0.12958078597665076 0.03418520174629658 -0.1504903134069823 0.17401384581048468 0.9731762218447252 0.6399687045401125 0.09997641956856676 -0.9766615285457727 0.19009725776688677 -0.30196257459301257 0.0 0.0 0.0 1.0"/>
                <scale value="1"/>
            </transform>
            <transform time="0.0015">
                <matrix value="0.9835492450774181 0.12587986697887976 0.12955780117458085 0.03418299719206479 -0.1504632153344703 0.1740138022574343 0.9731804089458131 0.6399439834140261 0.0999589531039739 -0.9766644420946621 0.190091446887572 -0.3018803625451418 0.0 0.0 0.0 1.0"/>
                <scale value="1"/>
            </transform>
        </animation>
    </shape>
    <shape name="temp20" type="ply">
        <string name="filename" value="meshes/Cube_016.ply"/>
        <boolean name="face_normals" value="true"/>
        <ref id="mat-Material" name="bsdf"/>
        <animation name="to_world">
            <transform time="0">
                <matrix value="0.9842729160128859 0.04140606520755158 0.17173309927043673 0.06493506929856485 -0.1763509991542958 0.17337157374594042 0.9689390719402998 0.3378284490599053 0.010346317640822158 -0.9839855409523531 0.1779469869287566 0.11852951957770419 0.0 0.0 0.0 1.0"/>
                <scale value="1"/>
            </transform>
            <transform time="0.0015">
                <matrix value="0.9842848677596245 0.041271978881811895 0.17169544089174918 0.06495930674895577 -0.17629006439425488 0.17336603349756277 0.9689510970903756 0.3377568352596907 0.010224323975760851 -0.9839919087086886 0.17791765764729425 0.11882793595686933 0.0 0.0 0.0 1.0"/>
                <scale value="1"/>
            </transform>
        </animation>
    </shape>
    <shape name="temp21" type="ply">
        <string name="filename" value="meshes/Cube_017.ply"/>
        <boolean name="face_normals" value="true"/>
        <ref id="mat-Material" name="bsdf"/>
        <animation name="to_world">
            <transform time="0">
                <matrix value="0.9470082992480856 -0.05247900079887699 0.31689337766848963 0.2044153986898396 -0.30681155334762344 0.14427417958671154 0.9407718591216211 0.1712743530876687 -0.09509030596053027 -0.9881451244516847 0.12052767220099654 0.3585968189749257 0.0 0.0 0.0 1.0"/>
                <scale value="1"/>
            </transform>
            <transform time="0.0015">
                <matrix value="0.9469900923815586 -0.052679198402390735 0.3169128579009904 0.2044760795999715 -0.30676719465502184 0.14465738860986543 0.9407253329394099 0.1708566765354477 -0.09540040033265354 -0.9880758450649508 0.12082890518902459 0.3589171286172195 0.0 0.0 0.0 1.0"/>
                <scale value="1"/>
            </transform>
        </animation>
    </shape>
    <shape name="temp22" type="ply">
        <string name="filename" value="meshes/Cube_018.ply"/>
        <boolean name="face_normals" value="true"/>
        <ref id="mat-Material" name="bsdf"/>
        <animation name="to_world">
            <transform time="0">
                <matrix value="0.20298939589771411 0.9584905188111543 0.20022753050563544 0.8457887466485962 -0.5956895680525933 -0.0414121141455458 0.8021465641593474 0.012866089867920621 0.7771418744138135 -0.28210056672291484 0.5625568235275762 -0.16192529762151187 0.0 0.0 0.0 1.0"/>
                <scale value="1"/>
            </transform>
            <transform time="0.0015">
                <matrix value="0.2036740267370258 0.9584261428971645 0.199795905062263 0.8457444726689696 -0.5948295688663767 -0.0409519919372022 0.8027854374899855 0.011972358491341373 0.7775969662922976 -0.2823725780501473 0.5617694953364125 -0.16163278430884984 0.0 0.0 0.0 1.0"/>
                <scale value="1"/>
            </transform>
        </animation>
    </shape>
    <shape name="temp23" type="ply">
        <string name="filename" value="meshes/Cube_019.ply"/>
        <boolean name="face_normals" value="true"/>
        <ref id="mat-Material" name="bsdf"/>
        <animation name="to_world">
            <transform time="0">
                <matrix value="-0.07699919507399469 0.9849231263414564 -0.15491153850336226 0.49663638225428014 -0.9169990975609325 -0.008966309501212917 0.3987892303960898 -0.03872131972029985 0.3913876906601989 0.17276008868994602 0.9038639289565842 -0.05225865625750559 0.0 0.0 0.0 1.0"/>
                <scale value="1"/>
            </transform>
            <transform time="0.0015">
                <matrix value="-0.07704587071402813 0.9849077100634416 -0.15498561104492622 0.49675930033920146 -0.9169702633735405 -0.008967090302278664 0.3988553219144825 -0.038784813037735504 0.39144582657327326 0.1728472766404585 0.9038218877383432 -0.05224383191728227 0.0 0.0 0.0 1.0"/>
                <scale value="1"/>
            </transform>
        </animation>
    </shape>
    <shape name="temp24" type="ply">
        <string name="filename" value="meshes/Cube_020.ply"/>
        <boolean name="face_normals" value="true"/>
        <ref id="mat-Material" name="bsdf"/>
        <animation name="to_world">
            <transform time="0">
                <matrix value="0.09696579904095598 0.9543681650552596 -0.2824522327083358 0.10729762631522652 -0.9522275480492516 0.006386162624740987 -0.3053218270079143 0.16939107180599577 -0.28958549159735364 0.29856449152174186 0.9093951066636794 0.10708747761267456 0.0 0.0 0.0 1.0"/>
                <scale value="1"/>
            </transform>
            <transform time="0.0015">
                <matrix value="0.09695470350692525 0.9543383668838074 -0.28255613579204986 0.10740865931592279 -0.9522691009166844 0.006385256836998668 -0.30519138859661593 0.16926651253160613 -0.2894516149038776 0.29865929426834076 0.9094062041837434 0.10704455339176693 0.0 0.0 0.0 1.0"/>
                <scale value="1"/>
            </transform>
        </animation>
    </shape>
    <shape name="temp25" type="ply">
        <string name="filename" value="meshes/Cube_021.ply"/>
        <boolean name="face_normals" value="true"/>
        <ref id="mat-Material" name="bsdf"/>
        <animation name="to_world">
            <transform time="0">
                <matrix value="0.20801956289326576 0.9332303623313859 -0.29293163777994524 -0.15327696278833425 -0.7841761121364758 -0.019885779363943742 -0.6202197909225139 0.11095067083252198 -0.5846333597505085 0.3587276788973412 0.7276803802749845 0.29340572073857174 0.0 0.0 0.0 1.0"/>
                <scale value="1"/>
            </transform>
            <transform time="0.0015">
                <matrix value="0.2080595318321587 0.9332349429108253 -0.2928884902138558 -0.15328938356131036 -0.7840793492630141 -0.01988320658012814 -0.6203416764139404 0.11110378637885168 -0.5847483454474354 0.35871589704629137 0.7275934043133604 0.29342306076566765 0.0 0.0 0.0 1.0"/>
                <scale value="1"/>
            </transform>
        </animation>
    </shape>
    <shape name="temp26" type="ply">
        <string name="filename" value="meshes/Cube_022.ply"/>
        <boolean name="face_normals" value="true"/>
        <ref id="mat-Material" name="bsdf"/>
        <animation name="to_world">
            <transform time="0">
                <matrix value="0.6453866570217383 0.3991625349639045 -0.651264644099738 -0.07863255855603402 -0.7039764940330872 -0.02009509139110973 -0.7099389107186843 -0.18413692939643717 -0.2964682541793212 0.916659818156409 0.2680318812198566 0.6761037639730128 0.0 0.0 0.0 1.0"/>
                <scale value="1"/>
            </transform>
            <transform time="0.0015">
                <matrix value="0.6453956726918415 0.3991632032779539 -0.6512552912052346 -0.07863534297171285 -0.7039665847744427 -0.020094601194018253 -0.7099487487041675 -0.18412205659456793 -0.2964721476722507 0.9166595403179839 0.268028528134839 0.6761296923472899 0.0 0.0 0.0 1.0"/>
                <scale value="1"/>
            </transform>
        </animation>
    </shape>
    <shape name="temp27" type="ply">
        <string name="filename" value="meshes/Cube_023.ply"/>
        <boolean name="face_normals" value="true"/>
        <ref id="mat-Material" name="bsdf"/>
        <animation name="to_world">
            <transform time="0">
                <matrix value="0.858263434197299 0.27580341368686945 -0.43280108136679996 -0.06433191415162176 -0.4803635286963213 0.13486595344820754 -0.8666385198626448 -0.28728054975215583 -0.18065172411959002 0.9517056962223339 0.2482363726365786 0.20517819100439005 0.0 0.0 0.0 1.0"/>
                <scale value="1"/>
            </transform>
            <transform time="0.0015">
                <matrix value="0.8582602428096519 0.27581924296794846 -0.43279730276337913 -0.06431942201182629 -0.48036419888772725 0.1348675821821098 -0.866637890095408 -0.2872801915705806 -0.18066507369411808 0.9517008678410561 0.2482451298053175 0.2052036365666003 0.0 0.0 0.0 1.0"/>
                <scale value="1"/>
            </transform>
        </animation>
    </shape>
    <shape name="temp28" type="ply">
        <string name="filename" value="meshes/Cube_024.ply"/>
        <boolean name="face_normals" value="true"/>
        <ref id="mat-Material" name="bsdf"/>
        <animation name="to_world">
            <transform time="0">
                <matrix value="0.8575316429887222 0.4363084374341657 -0.2725340302898065 -0.18958641026486933 -0.37943170273763493 0.17870052125158783 -0.9077982564426 -0.513341141493296 -0.34737822834722454 0.8818734186720287 0.31879068659132587 -0.33383876699998016 0.0 0.0 0.0 1.0"/>
                <scale value="1"/>
            </transform>
            <transform time="0.0015">
                <matrix value="0.8575229943281983 0.43634547254530504 -0.2725018100363125 -0.189585920312416 -0.3794127315337664 0.17870296547881329 -0.9078057030146569 -0.5133261691778186 -0.34742019190339696 0.8818545782231544 0.31879698426369396 -0.3338858316287047 0.0 0.0 0.0 1.0"/>
                <scale value="1"/>
            </transform>
        </animation>
    </shape>
    <shape name="temp29" type="ply">
        <string name="filename" value="meshes/Cube_025.ply"/>
        <boolean name="face_normals" value="true"/>
        <ref id="mat-Material" name="bsdf"/>
        <animation name="to_world">
            <transform time="0">
                <matrix value="0.8993204226038825 0.3662227302403097 -0.23896376579652698 -0.2675197634734662 -0.321631632882823 0.18372376794605183 -0.9288698270200808 -0.7935070701250029 -0.29626999239398116 0.9122096770492863 0.2830153264548596 -0.7073536522384308 0.0 0.0 0.0 1.0"/>
                <scale value="1"/>
            </transform>
            <transform time="0.0015">
                <matrix value="0.8993300605945769 0.36621127879171134 -0.2389450514971521 -0.26748419451580907 -0.3216098931501706 0.18372763065107414 -0.9288765757419564 -0.793487541147759 -0.29626434044645805 0.9122134916957703 0.28300893516844283 -0.7073397689041405 0.0 0.0 0.0 1.0"/>
                <scale value="1"/>
            </transform>
        </animation>
    </shape>
    <shape name="temp30" type="ply">
        <string name="filename" value="meshes/Cube_026.ply"/>
        <boolean name="face_normals" value="true"/>
        <ref id="mat-Material" name="bsdf"/>
        <animation name="to_world">
            <transform time="0">
                <matrix value="0.9235506456251208 0.2370172060998325 -0.30145936293349584 -0.3260776870390292 -0.34895638861260186 0.1934672303998765 -0.916951483640734 -1.1453610217972612 -0.15901082749584683 0.9520467311747663 0.2613853901066663 -0.8768677204099182 0.0 0.0 0.0 1.0"/>
                <scale value="1"/>
            </transform>
            <transform time="0.0015">
                <matrix value="0.9235486190939649 0.2370164852217568 -0.3014661201657394 -0.3260719322830961 -0.34895874385668546 0.19344235109528876 -0.9169558239284471 -1.1453678321099994 -0.15901739377593083 0.9520519575408153 0.2613623270092102 -0.8769048164931602 0.0 0.0 0.0 1.0"/>
                <scale value="1"/>
            </transform>
        </animation>
    </shape>
    <shape name="temp31" type="ply">
        <string name="filename" value="meshes/Cube_027.ply"/>
        <boolean name="face_normals" value="true"/>
        <ref id="mat-Material" name="bsdf"/>
        <animation name="to_world">
            <transform time="0">
                <matrix value="0.8736678385963793 0.1750003024468997 -0.4539596454259158 -0.5800543512840726 -0.4823230980077195 0.1892086737599156 -0.8553154199255734 -1.5825104187750871 -0.06378737188113336 0.9662168898863843 0.24971218868507933 -1.0146693326100578 0.0 0.0 0.0 1.0"/>
                <scale value="1"/>
            </transform>
            <transform time="0.0015">
                <matrix value="0.8736635302230557 0.17500769069626101 -0.4539650920614774 -0.5800747488312119 -0.4823287148499785 0.18918478115719395 -0.8553175304968534 -1.5825176683652717 -0.06380387933373825 0.9662202164383379 0.24969504880379645 -1.014723792647711 0.0 0.0 0.0 1.0"/>
                <scale value="1"/>
            </transform>
        </animation>
    </shape>
    <shape name="temp32" type="ply">
        <string name="filename" value="meshes/Cube_028.ply"/>
        <boolean name="face_normals" value="true"/>
        <ref id="mat-Material" name="bsdf"/>
        <animation name="to_world">
            <transform time="0">
                <matrix value="-0.10754609265159291 0.9841832786495434 0.1407727810634102 -1.4859656373419812 -0.792975779528285 0.0004926129952046523 -0.609253175143882 -2.1211657848055245 -0.5996862738840516 -0.17715213913391722 0.7803804641007687 -1.3671165394798594 0.0 0.0 0.0 1.0"/>
                <scale value="1"/>
            </transform>
            <transform time="0.0015">
                <matrix value="-0.10753642274702205 0.984182392570242 0.14078635510047385 -1.4859361254305838 -0.7930787177368439 0.00047827928833088946 -0.6091185496314622 -2.1211894050200706 -0.5995512143588241 -0.17715709892526102 0.7804826140486526 -1.3667590270862826 0.0 0.0 0.0 1.0"/>
                <scale value="1"/>
            </transform>
        </animation>
    </shape>
    <shape name="temp33" type="ply">
        <string name="filename" value="meshes/Cube_029.ply"/>
        <boolean name="face_normals" value="true"/>
        <ref id="mat-Material" name="bsdf"/>
        <animation name="to_world">
            <transform time="0">
                <matrix value="-0.001364083634294103 0.9777499202165938 0.20976884791790087 -1.5858032336340637 -0.9984194019080647 -0.013118310969644761 0.05465304020942735 -1.8115051958620743 0.056188799472365686 -0.20936271309469925 0.9762224120739388 -0.10365884706194528 0.0 0.0 0.0 1.0"/>
                <scale value="1"/>
            </transform>
            <transform time="0.0015">
                <matrix value="-0.0011746360020756551 0.9777440931188152 0.20979484453922898 -1.58538948858491 -0.9984097798743085 -0.012968654428384522 0.05484929950944748 -1.8112992474376357 0.05634918265857336 -0.20939775828198376 0.9762052807030239 -0.10336375184797039 0.0 0.0 0.0 1.0"/>
                <scale value="1"/>
            </transform>
        </animation>
    </shape>
    <shape name="temp34" type="ply">
        <string name="filename" value="meshes/Cube_030.ply"/>
        <boolean name="face_normals" value="true"/>
        <ref id="mat-Material" name="bsdf"/>
        <animation name="to_world">
            <transform time="0">
                <matrix value="-0.039714533277454236 0.9791763876906786 -0.1990891077850136 -3.2181597509918083 -0.9771060467980209 0.003620573826898575 0.21272137571563296 -1.9331662127038325 0.20901250869307658 0.20297929018168748 0.9566156197624769 0.2382229675500589 0.0 0.0 0.0 1.0"/>
                <scale value="1"/>
            </transform>
            <transform time="0.0015">
                <matrix value="-0.03973547060153811 0.9791691950055543 -0.199120191271237 -3.2182585180585273 -0.9770919186529181 0.003620233169170974 0.21278597662658674 -1.933053704754047 0.20907426573256077 0.2030138950307719 0.9565947036615406 0.23831779501667524 0.0 0.0 0.0 1.0"/>
                <scale value="1"/>
            </transform>
        </animation>
    </shape>
    <shape name="temp35" type="ply">
        <string name="filename" value="meshes/Cube_031.ply"/>
        <boolean name="face_normals" value="true"/>
        <ref id="mat-Material" name="bsdf"/>
        <animation name="to_world">
            <transform time="0">
                <matrix value="0.1431974887727006 0.9778640157022088 0.1525666623012329 -1.8871839890145172 -0.7231537674614867 -0.001862970696024179 0.6906849838376512 -0.9473419149972054 0.6756799763131908 -0.20923339097206436 0.7068790095602999 0.6845684506150937 0.0 0.0 0.0 1.0"/>
                <scale value="1"/>
            </transform>
            <transform time="0.0015">
                <matrix value="0.1432196800867051 0.9778565666287599 0.15259344017434937 -1.8870843063333396 -0.7231632299258606 -0.0018625409475630066 0.6906750692588555 -0.9473827282321328 0.6756651363606315 -0.20926811326604414 0.7068828987985056 0.6845335603299842 0.0 0.0 0.0 1.0"/>
                <scale value="1"/>
            </transform>
        </animation>
    </shape>
    <shape name="temp36" type="ply">
        <string name="filename" value="meshes/Cube_032.ply"/>
        <boolean name="face_normals" value="true"/>
        <ref id="mat-Material" name="bsdf"/>
        <animation name="to_world">
            <transform time="0">
