
<scene version="2.1.0">
    <default name="spp" value="1024"/>
    <default name="resx" value="1280"/>
    <default name="resy" value="720"/>
    <integrator name="temp0" type="path">
        <integer name="max_depth" value="12"/>
    </integrator>
    <sensor name="temp44" type="perspective">
        <string name="fov_axis" value="x"/>
        <float name="fov" value="83.974423"/>
        <float name="principal_point_offset_x" value="0.000000"/>
        <float name="principal_point_offset_y" value="-0.000000"/>
        <float name="near_clip" value="0.100000"/>
        <float name="far_clip" value="1000.000000"/>
        <sampler name="sampler" type="correlated">
            <integer name="sample_count" value="1024"/>
        </sampler>
        <film name="film" type="hdrfilm">
            <integer name="width" value="$resx"/>
            <integer name="height" value="$resy"/>
        </film>
        <float name="shutter_open" value="0.0"/>
        <float name="shutter_close" value="0.0015"/>
        <animation name="to_world">
            <transform time="0">
                <rotate angle="-142.5518126578256" x="1"/>
                <rotate angle="3.976628485794621e-06" y="1"/>
                <rotate angle="-179.999991348578" z="1"/>
                <translate value="-0.000000 3.030926 4.073377"/>
                <translate x="27.15" y="0.0" z="0.0"/>
            </transform>
            <transform time="0.0015">
                <rotate angle="-142.5518126578256" x="1"/>
                <rotate angle="3.976628485794621e-06" y="1"/>
                <rotate angle="-179.999991348578" z="1"/>
                <translate value="-0.000000 3.030926 4.073377"/>
                <translate x="27.3" y="0.0" z="0.0"/>
            </transform>
        </animation>
    </sensor>
    <bsdf id="mat-Material" name="mat-Material" type="twosided">
        <bsdf name="bsdf" type="diffuse">
            <texture name="reflectance" type="bitmap">
                <string name="filename" value="textures/siggraph_2023_logo.jpg"/>
            </texture>
        </bsdf>
    </bsdf>
    <bsdf id="mat-Material.001" name="mat-Material.001" type="twosided">
        <bsdf name="bsdf" type="principled">
            <rgb name="base_color" value="0.433648 0.266232 0.084399"/>
            <float name="spec_tint" value="0.000000"/>
            <float name="spec_trans" value="0.000000"/>
            <float name="metallic" value="0.000000"/>
            <float name="anisotropic" value="0.000000"/>
            <float name="roughness" value="0.500000"/>
            <float name="sheen" value="0.000000"/>
            <float name="sheen_tint" value="0.500000"/>
            <float name="clearcoat" value="0.000000"/>
            <float name="clearcoat_gloss" value="0.173205"/>
            <float name="specular" value="0.500000"/>
        </bsdf>
    </bsdf>
    <bsdf id="mat-Material.002" name="mat-Material.002" type="twosided">
        <bsdf name="bsdf" type="principled">
            <rgb name="base_color" value="0.433648 0.266232 0.084399"/>
            <float name="spec_tint" value="0.000000"/>
            <float name="spec_trans" value="0.000000"/>
            <float name="metallic" value="0.000000"/>
            <float name="anisotropic" value="0.000000"/>
            <float name="roughness" value="0.500000"/>
            <float name="sheen" value="0.000000"/>
            <float name="sheen_tint" value="0.500000"/>
            <float name="clearcoat" value="0.000000"/>
            <float name="clearcoat_gloss" value="0.173205"/>
            <float name="specular" value="0.500000"/>
        </bsdf>
    </bsdf>
    <bsdf id="mat-Material.003" name="mat-Material.003" type="twosided">
        <bsdf name="bsdf" type="principled">
            <rgb name="base_color" value="0.433648 0.266232 0.084399"/>
            <float name="spec_tint" value="0.000000"/>
            <float name="spec_trans" value="0.000000"/>
            <float name="metallic" value="0.000000"/>
            <float name="anisotropic" value="0.000000"/>
            <float name="roughness" value="0.500000"/>
            <float name="sheen" value="0.000000"/>
            <float name="sheen_tint" value="0.500000"/>
            <float name="clearcoat" value="0.000000"/>
            <float name="clearcoat_gloss" value="0.173205"/>
            <float name="specular" value="0.500000"/>
        </bsdf>
    </bsdf>
    <bsdf id="mat-Material.004" name="mat-Material.004" type="twosided">
        <bsdf name="bsdf" type="principled">
            <rgb name="base_color" value="0.433648 0.266232 0.084399"/>
            <float name="spec_tint" value="0.000000"/>
            <float name="spec_trans" value="0.000000"/>
            <float name="metallic" value="0.000000"/>
            <float name="anisotropic" value="0.000000"/>
            <float name="roughness" value="0.500000"/>
            <float name="sheen" value="0.000000"/>
            <float name="sheen_tint" value="0.500000"/>
            <float name="clearcoat" value="0.000000"/>
            <float name="clearcoat_gloss" value="0.173205"/>
            <float name="specular" value="0.500000"/>
        </bsdf>
    </bsdf>
    <bsdf id="mat-Material.005" name="mat-Material.005" type="twosided">
        <bsdf name="bsdf" type="principled">
            <rgb name="base_color" value="0.433648 0.266232 0.084399"/>
            <float name="spec_tint" value="0.000000"/>
            <float name="spec_trans" value="0.000000"/>
            <float name="metallic" value="0.000000"/>
            <float name="anisotropic" value="0.000000"/>
            <float name="roughness" value="0.500000"/>
            <float name="sheen" value="0.000000"/>
            <float name="sheen_tint" value="0.500000"/>
            <float name="clearcoat" value="0.000000"/>
            <float name="clearcoat_gloss" value="0.173205"/>
            <float name="specular" value="0.500000"/>
        </bsdf>
    </bsdf>
    <emitter name="temp45" type="point">
        <point name="position" x="-6.815235034541981e-16" y="3.0693089962005615" z="4.109199523925781"/>
        <rgb name="intensity" value="7.957747 7.957747 7.957747"/>
    </emitter>
    <shape name="temp2" type="ply">
        <string name="filename" value="meshes/Cube.ply"/>
        <boolean name="face_normals" value="true"/>
        <ref id="mat-Material" name="bsdf"/>
        <animation name="to_world">
            <transform time="0">
                <matrix value="0.9999991135176153 0.00021152468696745882 0.0014424405737598345 -0.0023669843789071443 -0.00021021533543606955 0.9999990613716906 -0.0009036941971092634 -0.01609854850488085 -0.001442625973579279 0.0009033895954094819 0.9999981088373558 0.003196113500497866 0.0 0.0 0.0 1.0"/>
            </transform>
            <transform time="0.0015">
                <matrix value="0.9999991135176153 0.00021108552203642235 0.0014428559648250864 -0.0023672118667542614 -0.0002096687305168034 0.999998993789371 -0.0009779005386799573 -0.016001078004575287 -0.00144305649177288 0.0009775965217023706 0.9999980407544113 0.0031963861904781435 0.0 0.0 0.0 1.0"/>
            </transform>
        </animation>
    </shape>
    <shape name="temp4" type="ply">
        <string name="filename" value="meshes/Plane.ply"/>
        <boolean name="face_normals" value="true"/>
        <ref id="mat-Material.001" name="bsdf"/>
    </shape>
    <shape name="temp5" type="ply">
        <string name="filename" value="meshes/Cube_001.ply"/>
        <boolean name="face_normals" value="true"/>
        <ref id="mat-Material" name="bsdf"/>
        <animation name="to_world">
            <transform time="0">
                <matrix value="0.9999986702764229 -0.00015020670681214712 -0.0017556903901988605 0.0023923505192651184 0.00015590698672226686 0.9999946811062466 0.0032469489636665107 -0.021245093540892157 0.0017551930138096227 -0.0032472253104252405 0.9999932627330799 -0.003886106002942147 0.0 0.0 0.0 1.0"/>
            </transform>
            <transform time="0.0015">
                <matrix value="0.9999986702764229 -0.0001492157322415987 -0.0017563435609478477 0.002391250086232561 0.0001549224436331201 0.9999946735970999 0.0032494008007060314 -0.02124408705718042 0.001755849003540495 -0.003249675770242372 0.9999932542227118 -0.0038909243032614234 0.0 0.0 0.0 1.0"/>
            </transform>
        </animation>
    </shape>
    <shape name="temp6" type="ply">
        <string name="filename" value="meshes/Cube_002.ply"/>
        <boolean name="face_normals" value="true"/>
        <ref id="mat-Material" name="bsdf"/>
        <animation name="to_world">
            <transform time="0">
                <matrix value="1.0 -3.4744328077710084e-05 0.000393199899201031 -0.0009193229559512073 3.591915812540889e-05 0.9999954111504872 -0.0029823398504374024 -0.015785527339385486 -0.0003930869000952082 0.002982357959463772 0.9999953902910548 0.0007029899578861465 0.0 0.0 0.0 1.0"/>
            </transform>
            <transform time="0.0015">
                <matrix value="1.0 -3.579988431286565e-05 0.00039350244278574107 -0.0009193975503947751 3.699090588201407e-05 0.9999952910041412 -0.0030212305304207496 -0.015762121201193184 -0.0003933848959167611 0.0030212488810992325 0.9999952796562699 0.0007066041496293595 0.0 0.0 0.0 1.0"/>
            </transform>
        </animation>
    </shape>
    <shape name="temp7" type="ply">
        <string name="filename" value="meshes/Cube_003.ply"/>
        <boolean name="face_normals" value="true"/>
        <ref id="mat-Material" name="bsdf"/>
        <animation name="to_world">
            <transform time="0">
                <matrix value="0.9999991135176153 2.538050948744635e-05 0.0013817318889263446 -0.0011660365611754209 -2.517233217558734e-05 0.9999960369026935 -0.0001617062258492622 -0.017555046922721168 -0.0013808004758637442 0.00016167038293949157 0.9999952720933893 0.004141809011760644 0.0 0.0 0.0 1.0"/>
            </transform>
            <transform time="0.0015">
                <matrix value="0.9999991135176153 4.952046349880322e-05 0.001382119876606427 -0.0011637188847685898 -4.958802741319369e-05 0.99999606693928 3.7947859991984073e-05 -0.017559057580498194 -0.0013811874316159616 -3.8016673695430046e-05 0.9999953061348617 0.0041485662498484625 0.0 0.0 0.0 1.0"/>
            </transform>
        </animation>
    </shape>
    <shape name="temp8" type="ply">
        <string name="filename" value="meshes/Cube_004.ply"/>
        <boolean name="face_normals" value="true"/>
        <ref id="mat-Material" name="bsdf"/>
        <animation name="to_world">
            <transform time="0">
                <matrix value="0.9999995567588077 6.764381350081238e-06 0.0011300866956235186 -0.0004702538231438069 -5.880259278367891e-06 0.9999989570796561 -0.000789273183644658 -0.017803211385949258 -0.0011297287186606314 0.0007892643865646831 0.999998699825682 0.0035294973463385754 0.0 0.0 0.0 1.0"/>
            </transform>
            <transform time="0.0015">
                <matrix value="0.9999995567588076 3.143192800309435e-05 0.0011305890626503944 -0.00047090722519337275 -3.0633667156796e-05 0.9999990171528292 -0.0007129677768114729 -0.0177401221138949 -0.0011302501914021762 0.0007129311327685979 0.9999987593982584 0.0035330866487664047 0.0 0.0 0.0 1.0"/>
            </transform>
        </animation>
    </shape>
    <shape name="temp9" type="ply">
        <string name="filename" value="meshes/Cube_005.ply"/>
        <boolean name="face_normals" value="true"/>
        <ref id="mat-Material" name="bsdf"/>
        <animation name="to_world">
            <transform time="0">
                <matrix value="0.9999995567588077 0.00046692065253440076 0.000810540489555818 -0.000723432121932488 -0.00047064169800381896 0.9999891536284242 0.004597924638114209 -0.014761015736045296 -0.0008083522597322468 -0.0045982983711670075 0.9999890076171304 0.0021346818590909644 0.0 0.0 0.0 1.0"/>
            </transform>
            <transform time="0.0015">
                <matrix value="0.9999995567588076 0.00046287840381635406 0.0008105626165127869 -0.0007229874841166978 -0.0004665656098300603 0.9999893488662364 0.004555753211241811 -0.014787974693449252 -0.0008084128960975428 -0.004556124000079645 0.9999892033555959 0.002129479434598026 0.0 0.0 0.0 1.0"/>
            </transform>
        </animation>
    </shape>
    <shape name="temp10" type="ply">
        <string name="filename" value="meshes/Cube_006.ply"/>
        <boolean name="face_normals" value="true"/>
        <ref id="mat-Material" name="bsdf"/>
        <animation name="to_world">
            <transform time="0">
                <matrix value="0.9999991135176153 0.00022277195712345883 -0.0014827057904090632 -0.0012192670978878883 -0.0002231431296728703 0.9999998957079657 -0.000251626445971138 -0.017391328187035926 0.0014826484370429075 0.00025195686794334026 0.9999989362210127 -0.00358854378345963 0.0 0.0 0.0 1.0"/>
            </transform>
            <transform time="0.0015">
                <matrix value="0.9999991135176153 0.00022241557302478241 -0.0014832856017853303 -0.00121963816834523 -0.0002227598440164472 0.9999999032171123 -0.0002334248229978922 -0.017379480834442865 0.0014832323014129542 0.00023375483432464233 0.9999989447313807 -0.00358842738674774 0.0 0.0 0.0 1.0"/>
            </transform>
        </animation>
    </shape>
    <shape name="temp11" type="ply">
        <string name="filename" value="meshes/Cube_007.ply"/>
        <boolean name="face_normals" value="true"/>
        <ref id="mat-Material" name="bsdf"/>
        <animation name="to_world">
            <transform time="0">
                <matrix value="0.9999986702764229 0.0017895689193050813 -0.00014369987532510266 0.00042131241629239646 -0.0017903730672467807 0.9999815403099143 -0.005798671080009891 -0.019037118643122602 0.00013331897231870106 0.0057989249577095805 0.9999833341291976 -0.0005391238132183007 0.0 0.0 0.0 1.0"/>
            </transform>
            <transform time="0.0015">
                <matrix value="0.9999986702764229 0.001790835186699936 -0.0001453144538440227 0.0004196419990532993 -0.001791649143597495 0.9999815177824745 -0.005802814778220729 -0.01903655287344455 0.00013491875111846594 0.005803071959023003 0.9999833085980934 -0.0005432453421916334 0.0 0.0 0.0 1.0"/>
            </transform>
        </animation>
    </shape>
    <shape name="temp12" type="ply">
        <string name="filename" value="meshes/Cube_008.ply"/>
        <boolean name="face_normals" value="true"/>
        <ref id="mat-Material" name="bsdf"/>
        <animation name="to_world">
            <transform time="0">
                <matrix value="0.9999988918970191 -0.001364142938490644 9.426121967697997e-05 0.00017332814893178394 0.001363997202261594 0.9999970798230373 0.0015585331386066196 -0.018843387862060468 -9.701175652938601e-05 -0.0015584056250951665 0.9999984634303516 -1.572797126503378e-05 0.0 0.0 0.0 1.0"/>
            </transform>
            <transform time="0.0015">
                <matrix value="0.9999989716817104 -0.0013105664538981575 9.43854710507287e-05 0.00017093997931113303 0.0013104264096471 0.9999972450242629 0.0014980841644484254 -0.01879943789258509 -9.697004509283772e-05 -0.0014979615753681354 0.9999985570444003 -1.8451831409327933e-05 0.0 0.0 0.0 1.0"/>
            </transform>
        </animation>
    </shape>
    <shape name="temp13" type="ply">
        <string name="filename" value="meshes/Cube_009.ply"/>
        <boolean name="face_normals" value="true"/>
        <ref id="mat-Material" name="bsdf"/>
        <animation name="to_world">
            <transform time="0">
                <matrix value="0.9999993351382115 0.00017592814695999149 0.0009380154895676377 0.0016489323097483854 -0.00017593351027521734 0.9999995828318624 8.724169673221294e-06 -0.017408592458087735 -0.000938279550447053 -8.89089593115059e-06 0.9999995272093389 0.001560292428562593 0.0 0.0 0.0 1.0"/>
            </transform>
            <transform time="0.0015">
                <matrix value="0.9999993191812733 0.0002327096104221802 0.0009382126747957033 0.0016483911867543265 -0.0002326921800104524 0.9999995678135691 -1.5609100216573842e-05 -0.017328325085711672 -0.0009384806078688236 1.5389103664705114e-05 0.9999995272093389 0.0015601646581584303 0.0 0.0 0.0 1.0"/>
            </transform>
        </animation>
    </shape>
    <shape name="temp14" type="ply">
        <string name="filename" value="meshes/Cube_010.ply"/>
        <boolean name="face_normals" value="true"/>
        <ref id="mat-Material" name="bsdf"/>
        <animation name="to_world">
            <transform time="0">
                <matrix value="0.994607527653818 0.0949733951020289 0.008191582813303006 0.026140793321089983 -0.09495141633290605 0.9946383465123702 -0.0028415475194801575 0.14980352922478746 -0.008491754384098634 0.0020057652636606923 0.9999602855844709 0.013462501760627354 0.0 0.0 0.0 1.0"/>
            </transform>
            <transform time="0.0015">
                <matrix value="0.9943274514739038 0.09790106869613038 0.00825399870372838 0.026697396836111456 -0.09787789486993807 0.9943585857458238 -0.00297894536940093 0.15488235529101682 -0.008572912488951413 0.0021117274323743606 0.999959383485456 0.013595205330732987 0.0 0.0 0.0 1.0"/>
            </transform>
        </animation>
    </shape>
    <shape name="temp15" type="ply">
        <string name="filename" value="meshes/Cube_011.ply"/>
        <boolean name="face_normals" value="true"/>
        <ref id="mat-Material" name="bsdf"/>
        <animation name="to_world">
            <transform time="0">
                <matrix value="0.9640702040859745 0.26280038713203163 -0.0059194099950782494 0.08433028651367824 -0.2619885883122617 0.9625672944351857 0.05676577619697594 0.45780139547139115 0.021057518079808237 -0.05297502414360596 0.9982889705976216 -0.08950384328058114 0.0 0.0 0.0 1.0"/>
            </transform>
            <transform time="0.0015">
                <matrix value="0.9633444665780737 0.26545944353317374 -0.006065187493810523 0.08534308648965971 -0.26461705187941487 0.9617986281503792 0.05766891347676778 0.46305231255717516 0.021581576324055392 -0.053750763293615555 0.9982367509791747 -0.0908147566239289 0.0 0.0 0.0 1.0"/>
            </transform>
        </animation>
    </shape>
    <shape name="temp16" type="ply">
        <string name="filename" value="meshes/Cube_012.ply"/>
        <boolean name="face_normals" value="true"/>
        <ref id="mat-Material" name="bsdf"/>
        <animation name="to_world">
            <transform time="0">
                <matrix value="0.9770394413742605 0.2104913197739783 0.00675663951745094 0.13874037267340467 -0.20770665677352323 0.9590379476996307 0.18777268792364998 0.49674335969625644 0.033932311751033194 -0.1846469506052067 0.9817617456565904 -0.45770130734300685 0.0 0.0 0.0 1.0"/>
            </transform>
            <transform time="0.0015">
                <matrix value="0.9765505048297785 0.21276268944783586 0.0066975426705709095 0.13907202337623042 -0.20985622071034468 0.958171309578848 0.18982123393923395 0.5022171420439522 0.03485254646425719 -0.18655890023240856 0.981370345318914 -0.46061543490977375 0.0 0.0 0.0 1.0"/>
            </transform>
        </animation>
    </shape>
    <shape name="temp17" type="ply">
        <string name="filename" value="meshes/Cube_013.ply"/>
        <boolean name="face_normals" value="true"/>
        <ref id="mat-Material" name="bsdf"/>
        <animation name="to_world">
            <transform time="0">
                <matrix value="0.9724924516024942 0.20985503407220765 0.09911094080140855 0.18322782389569853 -0.23077516679166069 0.8380471942313991 0.49178124354345254 0.7893998768712152 0.02102237348566647 -0.5010612757418814 0.8638813229250044 -0.5280508524477762 0.0 0.0 0.0 1.0"/>
            </transform>
            <transform time="0.0015">
                <matrix value="0.9721616004451139 0.21117579834775627 0.09956075119926225 0.18386907369604202 -0.2320735828559049 0.8360613703706454 0.494555997988831 0.7939826599345325 0.0220740542754545 -0.5038294926074665 0.8622501321676217 -0.531389807549318 0.0 0.0 0.0 1.0"/>
            </transform>
        </animation>
    </shape>
    <shape name="temp18" type="ply">
        <string name="filename" value="meshes/Cube_014.ply"/>
        <boolean name="face_normals" value="true"/>
        <ref id="mat-Material" name="bsdf"/>
        <animation name="to_world">
            <transform time="0">
                <matrix value="0.9584233112953813 0.2745206216639585 0.07660895389865544 0.07654799339107066 -0.19575940070244863 0.43928378488307823 0.8755849011465646 0.9195765189743517 0.20732555799633706 -0.8541708470390448 0.4749114817684829 -0.6442409608588179 0.0 0.0 0.0 1.0"/>
            </transform>
            <transform time="0.0015">
                <matrix value="0.9582099510742308 0.27503172421963307 0.07744676474214368 0.07697359115614323 -0.19607419439288237 0.43634939811189677 0.8769867119534922 0.9211400582510105 0.20801466316113007 -0.8555156826350047 0.47219184897706135 -0.6464339455627823 0.0 0.0 0.0 1.0"/>
            </transform>
        </animation>
    </shape>
    <shape name="temp19" type="ply">
        <string name="filename" value="meshes/Cube_015.ply"/>
        <boolean name="face_normals" value="true"/>
        <ref id="mat-Material" name="bsdf"/>
        <animation name="to_world">
            <transform time="0">
                <matrix value="0.9707163841447306 0.22983638665645995 0.06961356691713541 0.03020967840546529 -0.14356925732278775 0.32276288371646755 0.9352912697786063 0.6096455850927396 0.19260465367792676 -0.917902666330151 0.3463078122510462 -0.3922850149413775 0.0 0.0 0.0 1.0"/>
            </transform>
            <transform time="0.0015">
                <matrix value="0.97071322467096 0.22971785477703294 0.07004887139262234 0.030392845202075476 -0.14364503522677557 0.32132972553794065 0.9357742161455578 0.6100039187684232 0.19256405922705497 -0.9184362888165447 0.3449160096369631 -0.39278654903861077 0.0 0.0 0.0 1.0"/>
            </transform>
        </animation>
    </shape>
    <shape name="temp20" type="ply">
        <string name="filename" value="meshes/Cube_016.ply"/>
        <boolean name="face_normals" value="true"/>
        <ref id="mat-Material" name="bsdf"/>
        <animation name="to_world">
            <transform time="0">
                <matrix value="0.9630217170454606 0.24404596775707466 0.11391006859719702 0.06883675967633929 -0.1914882842488037 0.32267444407131074 0.9266980631184988 0.32918348105118844 0.18952168956450666 -0.9142524451267462 0.357473236502654 -0.24207402257401633 0.0 0.0 0.0 1.0"/>
            </transform>
            <transform time="0.0015">
                <matrix value="0.9630115684327427 0.24385287005169193 0.11440955741759323 0.06869944614032095 -0.19159871104847664 0.32123807197802967 0.9271753926425275 0.32952890989206174 0.18946168190257726 -0.9148109379067515 0.35607668510319074 -0.2413559228786915 0.0 0.0 0.0 1.0"/>
            </transform>
        </animation>
    </shape>
    <shape name="temp21" type="ply">
        <string name="filename" value="meshes/Cube_017.ply"/>
        <boolean name="face_normals" value="true"/>
        <ref id="mat-Material" name="bsdf"/>
        <animation name="to_world">
            <transform time="0">
                <matrix value="0.9363897916234507 0.22814132822163308 0.266675563010939 0.18408433246354516 -0.33112517219920323 0.32258537867394765 0.886460859315938 0.12043520514098613 0.11621792928352721 -0.9183746920777685 0.37760962715255675 -0.04211517193392603 0.0 0.0 0.0 1.0"/>
            </transform>
            <transform time="0.0015">
                <matrix value="0.9364106154278484 0.2279369743054641 0.26677723637821127 0.1838294645105758 -0.3309575972209327 0.3211291223604118 0.8870533936924623 0.12069048297683443 0.11652750665085165 -0.9189369844859645 0.37614683104807567 -0.041137314727314925 0.0 0.0 0.0 1.0"/>
            </transform>
        </animation>
    </shape>
    <shape name="temp22" type="ply">
        <string name="filename" value="meshes/Cube_018.ply"/>
        <boolean name="face_normals" value="true"/>
        <ref id="mat-Material" name="bsdf"/>
        <animation name="to_world">
            <transform time="0">
                <matrix value="0.16118485905816565 0.9824078110562071 0.09416231187068608 0.8663389880870483 -0.4924041756866249 -0.0026698552217978696 0.8701934328431598 -0.07704571551799368 0.8551337081380856 -0.18670109694361764 0.4833251461750527 -0.2576616113215086 0.0 0.0 0.0 1.0"/>
            </transform>
            <transform time="0.0015">
                <matrix value="0.161527459309169 0.9823669162437042 0.09400254502892859 0.8662909717290075 -0.49133103967639324 -0.002591026453304921 0.8708009199363742 -0.07760165688941933 0.8556870628422255 -0.1869174234431606 0.4822625416184593 -0.2567827688688922 0.0 0.0 0.0 1.0"/>
            </transform>
        </animation>
    </shape>
    <shape name="temp23" type="ply">
        <string name="filename" value="meshes/Cube_019.ply"/>
        <boolean name="face_normals" value="true"/>
        <ref id="mat-Material" name="bsdf"/>
        <animation name="to_world">
            <transform time="0">
                <matrix value="-0.06716582273543642 0.9881671300709396 -0.13784150260436734 0.46121816609956734 -0.9246565324000446 -0.009817876906197658 0.38017841701176447 -0.021115383443497376 0.37432720419412546 0.15306473615158223 0.9143777294795852 -0.04806892097433668 0.0 0.0 0.0 1.0"/>
            </transform>
            <transform time="0.0015">
                <matrix value="-0.06691428234816929 0.9881693753057794 -0.13794798262752278 0.4612449625081785 -0.9251891430844781 -0.00975820081689565 0.3788845602237413 -0.01986925671785937 0.37305668724069263 0.1530540769179524 0.9148996278011701 -0.0481317235388454 0.0 0.0 0.0 1.0"/>
            </transform>
        </animation>
    </shape>
    <shape name="temp24" type="ply">
        <string name="filename" value="meshes/Cube_020.ply"/>
        <boolean name="face_normals" value="true"/>
        <ref id="mat-Material" name="bsdf"/>
        <animation name="to_world">
            <transform time="0">
                <matrix value="0.03361900433548114 0.9987462912037053 -0.03642586096962093 -0.1346106959492859 -0.8904317816907303 0.013360841173911973 -0.45490179973480094 0.3141327402225492 -0.4538623599047239 0.04772040752763468 0.8897633017165464 0.15265769850151956 0.0 0.0 0.0 1.0"/>
            </transform>
            <transform time="0.0015">
                <matrix value="0.03366958012265634 0.9987263798735116 -0.036925005120069486 -0.13415636365575034 -0.8903315267011052 0.01316811299362237 -0.4551037082170598 0.3143349645273889 -0.4540553224150883 0.04819100414097075 0.8896396375580339 0.15275866960706103 0.0 0.0 0.0 1.0"/>
            </transform>
        </animation>
    </shape>
    <shape name="temp25" type="ply">
        <string name="filename" value="meshes/Cube_021.ply"/>
        <boolean name="face_normals" value="true"/>
        <ref id="mat-Material" name="bsdf"/>
        <animation name="to_world">
            <transform time="0">
                <matrix value="0.23760314222546083 0.9383043783881875 -0.25085539650352395 -0.17939123695862302 -0.6880023030812354 -0.019767891819958576 -0.7254074391719355 0.2518903348569886 -0.68557821700025 0.34498073726124945 0.6409286128652958 0.2279770715210097 0.0 0.0 0.0 1.0"/>
            </transform>
            <transform time="0.0015">
                <matrix value="0.23852813880819315 0.9379903909313385 -0.25115371894567373 -0.1787359035545591 -0.6877235832410714 -0.019470319657990925 -0.7256799071159039 0.2519948674478608 -0.6855373512814282 0.3458517982693924 0.6405034774286097 0.22838337301964046 0.0 0.0 0.0 1.0"/>
            </transform>
        </animation>
    </shape>
    <shape name="temp26" type="ply">
        <string name="filename" value="meshes/Cube_022.ply"/>
        <boolean name="face_normals" value="true"/>
        <ref id="mat-Material" name="bsdf"/>
        <animation name="to_world">
            <transform time="0">
                <matrix value="0.5971540369521318 0.39350719510745213 -0.6989371902334688 -0.09242671126298069 -0.7539107170401417 -0.02209422576722435 -0.6565653365962192 -0.2321765520699225 -0.27381257900774253 0.9190550933100832 0.28347109665212206 0.6664729972784738 0.0 0.0 0.0 1.0"/>
            </transform>
            <transform time="0.0015">
                <matrix value="0.5968110904355688 0.393426261525161 -0.6992757582061979 -0.09251024930455388 -0.7542521636045105 -0.02210550300362115 -0.6561728894832708 -0.2324750116588911 -0.2736203760909989 0.919089477692465 0.28354529004091256 0.6665774530818315 0.0 0.0 0.0 1.0"/>
            </transform>
        </animation>
    </shape>
    <shape name="temp27" type="ply">
        <string name="filename" value="meshes/Cube_023.ply"/>
        <boolean name="face_normals" value="true"/>
        <ref id="mat-Material" name="bsdf"/>
        <animation name="to_world">
            <transform time="0">
                <matrix value="0.8598364971889643 0.2694569305185609 -0.43367196176447365 -0.07243410975210196 -0.48547897529728185 0.16849980080221433 -0.8578437861832602 -0.2917334147437926 -0.15808387719027636 0.9481438103720515 0.2756992455679421 0.20409568417232965 0.0 0.0 0.0 1.0"/>
            </transform>
            <transform time="0.0015">
                <matrix value="0.8598613261848592 0.2695342221647403 -0.43357473931969936 -0.07241588858943884 -0.48546020993791655 0.16883450599459326 -0.8577886645293034 -0.2917266747072962 -0.1580065594417488 0.9480623586586435 0.2760236863296834 0.20412217472018007 0.0 0.0 0.0 1.0"/>
            </transform>
        </animation>
    </shape>
    <shape name="temp28" type="ply">
        <string name="filename" value="meshes/Cube_024.ply"/>
        <boolean name="face_normals" value="true"/>
        <ref id="mat-Material" name="bsdf"/>
        <animation name="to_world">
            <transform time="0">
                <matrix value="0.8836895219555092 0.32069185249768994 -0.3408773387181038 -0.13541763099387882 -0.4067918956007425 0.16613185016154836 -0.8982529675887818 -0.5344701849085929 -0.23147087816717996 0.9324824841528254 0.2772748204459267 -0.21158240991507468 0.0 0.0 0.0 1.0"/>
            </transform>
            <transform time="0.0015">
                <matrix value="0.883865080189979 0.32072886508138937 -0.340387413849339 -0.1351481162639983 -0.406405710568642 0.16653728550778846 -0.8983528707994966 -0.5341663198692681 -0.2314793544927708 0.9323975181587985 0.2775534754274784 -0.21152236590633544 0.0 0.0 0.0 1.0"/>
            </transform>
        </animation>
    </shape>
    <shape name="temp29" type="ply">
        <string name="filename" value="meshes/Cube_025.ply"/>
        <boolean name="face_normals" value="true"/>
        <ref id="mat-Material" name="bsdf"/>
        <animation name="to_world">
            <transform time="0">
                <matrix value="0.88453123697979 0.4018062337434792 -0.23697095316015643 -0.2953318638181565 -0.33667441895512096 0.19826237998594143 -0.920503796272613 -0.8034526135506306 -0.3228795341357772 0.8939974719610866 0.31064722204755235 -0.7299186682621368 0.0 0.0 0.0 1.0"/>
            </transform>
            <transform time="0.0015">
                <matrix value="0.8845669805214381 0.40174140728069213 -0.23694743050282482 -0.29528125090919227 -0.3365435257864668 0.1980326429014464 -0.9206011548832764 -0.8033766896430822 -0.3229180892899425 0.8940775570098094 0.31037668595713463 -0.7300952114602397 0.0 0.0 0.0 1.0"/>
            </transform>
        </animation>
    </shape>
    <shape name="temp30" type="ply">
        <string name="filename" value="meshes/Cube_026.ply"/>
        <boolean name="face_normals" value="true"/>
        <ref id="mat-Material" name="bsdf"/>
        <animation name="to_world">
            <transform time="0">
                <matrix value="0.9230282858799314 0.23653673269743006 -0.30341175196834574 -0.31322513687058284 -0.3537145384884057 0.21160916351530906 -0.9110964440941591 -1.1417207798574522 -0.1513070739521335 0.9482949295298725 0.27899518746386104 -0.8225400840400499 0.0 0.0 0.0 1.0"/>
            </transform>
            <transform time="0.0015">
                <matrix value="0.9231185861934075 0.23639576348789673 -0.3032469742218716 -0.3129492929151422 -0.3535358048232269 0.2117649332528342 -0.9111296515503486 -1.1415973335166647 -0.15117410159442723 0.94829533502379 0.27906592564321714 -0.8223315977366115 0.0 0.0 0.0 1.0"/>
            </transform>
        </animation>
    </shape>
    <shape name="temp31" type="ply">
        <string name="filename" value="meshes/Cube_027.ply"/>
        <boolean name="face_normals" value="true"/>
        <ref id="mat-Material" name="bsdf"/>
        <animation name="to_world">
            <transform time="0">
                <matrix value="0.8733894831275808 0.16877366125530063 -0.45684378665605097 -0.5389133193647484 -0.48457010923235944 0.20716151498780827 -0.8498653255801969 -1.577135690375723 -0.04879460557739257 0.9636359749115082 0.2627153502362298 -0.9490857227058092 0.0 0.0 0.0 1.0"/>
            </transform>
            <transform time="0.0015">
                <matrix value="0.8733936319315221 0.16874747160462739 -0.4568455312815043 -0.5389080739941775 -0.4845729655243036 0.20732170085446178 -0.8498246460208463 -1.5772128894303536 -0.0486919418281713 0.9636061260536861 0.2628439078562194 -0.9488049631981006 0.0 0.0 0.0 1.0"/>
            </transform>
        </animation>
    </shape>
    <shape name="temp32" type="ply">
        <string name="filename" value="meshes/Cube_028.ply"/>
        <boolean name="face_normals" value="true"/>
        <ref id="mat-Material" name="bsdf"/>
        <animation name="to_world">
            <transform time="0">
                <matrix value="-0.10802466016697783 0.9806281717814957 0.16339759897990686 -1.4500119771625415 -0.840918519858092 -0.0024650861556496043 -0.5411503989643993 -2.0950203125589253 -0.5302645086139492 -0.19586265156239896 0.8248947686186143 -1.1590403501081754 0.0 0.0 0.0 1.0"/>
            </transform>
            <transform time="0.0015">
                <matrix value="-0.10804913491884384 0.9806284571290673 0.16337968210201964 -1.4500654456407744 -0.8408199698075478 -0.0024595784969682895 -0.541303577079201 -2.095098982078546 -0.5304158123023008 -0.19586127138124987 0.8247978270159861 -1.1594565764289273 0.0 0.0 0.0 1.0"/>
            </transform>
        </animation>
    </shape>
    <shape name="temp33" type="ply">
        <string name="filename" value="meshes/Cube_029.ply"/>
        <boolean name="face_normals" value="true"/>
        <ref id="mat-Material" name="bsdf"/>
        <animation name="to_world">
            <transform time="0">
                <matrix value="-0.011446737035638366 0.9843639124530947 0.1757689821904486 -1.6566899959572718 -0.9994098243523803 -0.005568924519683036 -0.0338997168456731 -1.939322757907226 -0.032390552668577925 -0.1760531826800133 0.9838467524718677 -0.25606388460452734 0.0 0.0 0.0 1.0"/>
            </transform>
            <transform time="0.0015">
                <matrix value="-0.011464684921057807 0.9843473172390602 0.17586073417063075 -1.656577749439055 -0.9994103509313421 -0.005587402952598795 -0.0338811463715185 -1.9393026222199818 -0.032367951101691404 -0.1761453687185173 0.9838309997805794 -0.25608543890092317 0.0 0.0 0.0 1.0"/>
            </transform>
        </animation>
    </shape>
    <shape name="temp34" type="ply">
        <string name="filename" value="meshes/Cube_030.ply"/>
        <boolean name="face_normals" value="true"/>
        <ref id="mat-Material" name="bsdf"/>
        <animation name="to_world">
            <transform time="0">
                <matrix value="-0.034428917960279914 0.9819518350232412 -0.1859703952263934 -3.1890283949479903 -0.9796371804323587 0.0036698108073213147 0.2007376577973573 -1.9538193828292618 0.19779710675008952 0.18909498789115753 0.9618306719845864 0.2271310803122938 0.0 0.0 0.0 1.0"/>
            </transform>
            <transform time="0.0015">
                <matrix value="-0.03444804187149987 0.9819496746850355 -0.1859782830331438 -3.1890831311113166 -0.9796199690156561 0.003668858075051313 0.20082162482980226 -1.9536753849560382 0.19787897483489464 0.1891062460012728 0.9618116310095943 0.22728633793475328 0.0 0.0 0.0 1.0"/>
            </transform>
        </animation>
    </shape>
    <shape name="temp35" type="ply">
        <string name="filename" value="meshes/Cube_031.ply"/>
        <boolean name="face_normals" value="true"/>
        <ref id="mat-Material" name="bsdf"/>
        <animation name="to_world">
            <transform time="0">
                <matrix value="0.10534048015431885 0.9845376629823768 0.13995434496981468 -2.0027787947421354 -0.8067681157107727 0.0023245495105574825 0.5908513352317455 -1.2935253041483228 0.5813894990842637 -0.17515334057815332 0.7945387714345555 0.5518371054900919 0.0 0.0 0.0 1.0"/>
            </transform>
            <transform time="0.0015">
                <matrix value="0.10542224031445127 0.9845225695976667 0.13999898440342592 -2.0025259927726813 -0.8066051315436327 0.0023157135728189334 0.591073923908485 -1.2928668475368974 0.5816008487311964 -0.17523829906303373 0.7943653897059677 0.5521666625068566 0.0 0.0 0.0 1.0"/>
            </transform>
        </animation>
    </shape>
    <shape name="temp36" type="ply">
        <string name="filename" value="meshes/Cube_032.ply"/>
        <boolean name="face_normals" value="true"/>
        <ref id="mat-Material" name="bsdf"/>
        <animation name="to_world">
            <transform time="0">
                <matrix value="0.7708305630758812 0.5854687822653482 0.2510846999741384 -0.5627502459712814 -0.28237132264944764 -0.039291439918401914 0.9584985539697632 0.3022436448977034 0.5710384875192145 -0.8097412931795096 0.13503339793229732 -0.18679245868070837 0.0 0.0 0.0 1.0"/>
            </transform>
            <transform time="0.0015">
                <matrix value="0.7708755935555824 0.5854614082833655 0.25096361445730986 -0.5627598763418038 -0.2822800713024526 -0.03920516132554536 0.9585289785355955 0.3024698778440037 0.5710228018489287 -0.8097508147774262 0.13504262742646378 -0.18684215260432668 0.0 0.0 0.0 1.0"/>
            </transform>
        </animation>
    </shape>
    <shape name="temp37" type="ply">
        <string name="filename" value="meshes/Cube_033.ply"/>
        <boolean name="face_normals" value="true"/>
        <ref id="mat-Material" name="bsdf"/>
        <animation name="to_world">
            <transform time="0">
                <matrix value="0.9782191278077115 0.16031590057214612 0.13185810039331455 -0.1320711964821537 -0.1498180716525982 0.10560940964451018 0.9830570738702312 0.30075409835554145 0.14367428332331608 -0.9813996199598267 0.12732735930813704 -0.3902273658984086 0.0 0.0 0.0 1.0"/>
            </transform>
            <transform time="0.0015">
                <matrix value="0.9782174363722584 0.16032104734124075 0.13186431125992837 -0.1320738025170288 -0.14981990191341382 0.10557470086699433 0.9830605290796657 0.3007513093059485 0.1436838159982181 -0.9814025109812762 0.1272942939750942 -0.3902325449132914 0.0 0.0 0.0 1.0"/>
            </transform>
        </animation>
    </shape>
    <shape name="temp38" type="ply">
        <string name="filename" value="meshes/Cube_034.ply"/>
        <boolean name="face_normals" value="true"/>
        <ref id="mat-Material" name="bsdf"/>
        <animation name="to_world">
            <transform time="0">
