
<scene version="2.1.0">
    <default name="spp" value="1024"/>
    <default name="resx" value="640"/>
    <default name="resy" value="360"/>
    <integrator name="temp0" type="path">
        <integer name="max_depth" value="12"/>
    </integrator>
    <sensor name="temp44" type="perspective">
        <string name="fov_axis" value="x"/>
        <float name="fov" value="83.974423"/>
        <float name="principal_point_offset_x" value="0.000000"/>
        <float name="principal_point_offset_y" value="-0.000000"/>
        <float name="near_clip" value="0.100000"/>
        <float name="far_clip" value="1000.000000"/>
        <sampler name="sampler" type="correlated">
            <integer name="sample_count" value="1024"/>
        </sampler>
        <film name="film" type="hdrfilm">
            <integer name="width" value="$resx"/>
            <integer name="height" value="$resy"/>
        </film>
        <float name="shutter_open" value="0.0"/>
        <float name="shutter_close" value="0.0015"/>
        <animation name="to_world">
            <transform time="0">
                <rotate angle="-142.5518126578256" x="1"/>
                <rotate angle="3.976628485794621e-06" y="1"/>
                <rotate angle="-179.999991348578" z="1"/>
                <translate value="-0.000000 3.030926 4.073377"/>
                <translate x="14.549999999999999" y="0.0" z="0.0"/>
            </transform>
            <transform time="0.0015">
                <rotate angle="-142.5518126578256" x="1"/>
                <rotate angle="3.976628485794621e-06" y="1"/>
                <rotate angle="-179.999991348578" z="1"/>
                <translate value="-0.000000 3.030926 4.073377"/>
                <translate x="14.7" y="0.0" z="0.0"/>
            </transform>
        </animation>
    </sensor>
    <bsdf id="mat-Material" name="mat-Material" type="twosided">
        <bsdf name="bsdf" type="diffuse">
            <texture name="reflectance" type="bitmap">
                <string name="filename" value="textures/siggraph_2023_logo.jpg"/>
            </texture>
        </bsdf>
    </bsdf>
    <bsdf id="mat-Material.001" name="mat-Material.001" type="twosided">
        <bsdf name="bsdf" type="principled">
            <rgb name="base_color" value="0.433648 0.266232 0.084399"/>
            <float name="spec_tint" value="0.000000"/>
            <float name="spec_trans" value="0.000000"/>
            <float name="metallic" value="0.000000"/>
            <float name="anisotropic" value="0.000000"/>
            <float name="roughness" value="0.500000"/>
            <float name="sheen" value="0.000000"/>
            <float name="sheen_tint" value="0.500000"/>
            <float name="clearcoat" value="0.000000"/>
            <float name="clearcoat_gloss" value="0.173205"/>
            <float name="specular" value="0.500000"/>
        </bsdf>
    </bsdf>
    <bsdf id="mat-Material.002" name="mat-Material.002" type="twosided">
        <bsdf name="bsdf" type="principled">
            <rgb name="base_color" value="0.433648 0.266232 0.084399"/>
            <float name="spec_tint" value="0.000000"/>
            <float name="spec_trans" value="0.000000"/>
            <float name="metallic" value="0.000000"/>
            <float name="anisotropic" value="0.000000"/>
            <float name="roughness" value="0.500000"/>
            <float name="sheen" value="0.000000"/>
            <float name="sheen_tint" value="0.500000"/>
            <float name="clearcoat" value="0.000000"/>
            <float name="clearcoat_gloss" value="0.173205"/>
            <float name="specular" value="0.500000"/>
        </bsdf>
    </bsdf>
    <bsdf id="mat-Material.003" name="mat-Material.003" type="twosided">
        <bsdf name="bsdf" type="principled">
            <rgb name="base_color" value="0.433648 0.266232 0.084399"/>
            <float name="spec_tint" value="0.000000"/>
            <float name="spec_trans" value="0.000000"/>
            <float name="metallic" value="0.000000"/>
            <float name="anisotropic" value="0.000000"/>
            <float name="roughness" value="0.500000"/>
            <float name="sheen" value="0.000000"/>
            <float name="sheen_tint" value="0.500000"/>
            <float name="clearcoat" value="0.000000"/>
            <float name="clearcoat_gloss" value="0.173205"/>
            <float name="specular" value="0.500000"/>
        </bsdf>
    </bsdf>
    <bsdf id="mat-Material.004" name="mat-Material.004" type="twosided">
        <bsdf name="bsdf" type="principled">
            <rgb name="base_color" value="0.433648 0.266232 0.084399"/>
            <float name="spec_tint" value="0.000000"/>
            <float name="spec_trans" value="0.000000"/>
            <float name="metallic" value="0.000000"/>
            <float name="anisotropic" value="0.000000"/>
            <float name="roughness" value="0.500000"/>
            <float name="sheen" value="0.000000"/>
            <float name="sheen_tint" value="0.500000"/>
            <float name="clearcoat" value="0.000000"/>
            <float name="clearcoat_gloss" value="0.173205"/>
            <float name="specular" value="0.500000"/>
        </bsdf>
    </bsdf>
    <bsdf id="mat-Material.005" name="mat-Material.005" type="twosided">
        <bsdf name="bsdf" type="principled">
            <rgb name="base_color" value="0.433648 0.266232 0.084399"/>
            <float name="spec_tint" value="0.000000"/>
            <float name="spec_trans" value="0.000000"/>
            <float name="metallic" value="0.000000"/>
            <float name="anisotropic" value="0.000000"/>
            <float name="roughness" value="0.500000"/>
            <float name="sheen" value="0.000000"/>
            <float name="sheen_tint" value="0.500000"/>
            <float name="clearcoat" value="0.000000"/>
            <float name="clearcoat_gloss" value="0.173205"/>
            <float name="specular" value="0.500000"/>
        </bsdf>
    </bsdf>
    <emitter name="temp45" type="point">
        <point name="position" x="-6.815235034541981e-16" y="3.0693089962005615" z="4.109199523925781"/>
        <rgb name="intensity" value="7.957747 7.957747 7.957747"/>
    </emitter>
    <shape name="temp2" type="ply">
        <string name="filename" value="meshes/Cube.ply"/>
        <boolean name="face_normals" value="true"/>
        <ref id="mat-Material" name="bsdf"/>
        <animation name="to_world">
            <transform time="0">
                <matrix value="0.9999991135176153 0.00020869044664106645 0.001520154356695023 -0.0024522009505605347 -0.00020710622009230054 0.9999993742477937 -0.0010418604123396472 -0.015919876263425725 -0.0015203704787182175 0.0010415436889761236 0.9999983452326863 0.003460723655801745 0.0 0.0 0.0 1.0"/>
                <scale value="1"/>
            </transform>
            <transform time="0.0015">
                <matrix value="0.9999991135176153 0.00020921631217899966 0.0015210412221510745 -0.002453527824502524 -0.00020759328967500905 0.9999993442112073 -0.0010663803146011073 -0.015886478826378354 -0.0015212632694125085 0.001066062704708955 0.999998311191214 0.0034652368814376546 0.0 0.0 0.0 1.0"/>
                <scale value="1"/>
            </transform>
        </animation>
    </shape>
    <shape name="temp4" type="ply">
        <string name="filename" value="meshes/Plane.ply"/>
        <boolean name="face_normals" value="true"/>
        <ref id="mat-Material.001" name="bsdf"/>
        <transform name="to_world">
            <scale value="1"/>
        </transform>
    </shape>
    <shape name="temp5" type="ply">
        <string name="filename" value="meshes/Cube_001.ply"/>
        <boolean name="face_normals" value="true"/>
        <ref id="mat-Material" name="bsdf"/>
        <animation name="to_world">
            <transform time="0">
                <matrix value="0.9999982270352306 0.00015187360639769057 -0.0018966422880042134 0.002537035640768792 -0.0001561441207601764 0.9999974969911749 -0.0022515898767954817 -0.015080291194299156 0.0018962966311896416 0.0022518798639197535 0.9999957448840504 -0.0045314696391005604 0.0 0.0 0.0 1.0"/>
                <scale value="1"/>
            </transform>
            <transform time="0.0015">
                <matrix value="0.9999982270352306 0.0001533988492412421 -0.0018972042276075441 0.0025377426522762924 -0.0001577558193928034 0.9999973693356823 -0.0022961579935223387 -0.015030431919747757 0.0018968461881424814 0.002296450929334434 0.9999956172285295 -0.00452872508299917 0.0 0.0 0.0 1.0"/>
                <scale value="1"/>
            </transform>
        </animation>
    </shape>
    <shape name="temp6" type="ply">
        <string name="filename" value="meshes/Cube_002.ply"/>
        <boolean name="face_normals" value="true"/>
        <ref id="mat-Material" name="bsdf"/>
        <animation name="to_world">
            <transform time="0">
                <matrix value="1.0 8.078982443478933e-05 0.00024514904961985267 -0.0008572052552109355 -8.151604444468084e-05 0.999995619734556 0.0029638773751229845 -0.01939244697653797 -0.0002449080451822342 -0.0029638920118559187 0.9999957448840504 0.0009585870455790513 0.0 0.0 0.0 1.0"/>
                <scale value="1"/>
            </transform>
            <transform time="0.0015">
                <matrix value="1.0 8.165188197613258e-05 0.00024446912227366914 -0.0008570420627984089 -8.238282532964763e-05 0.9999955146065033 0.002993736852515775 -0.01941049206110789 -0.0002442224393739963 -0.0029937515326662607 0.9999956427596336 0.000956759785648845 0.0 0.0 0.0 1.0"/>
                <scale value="1"/>
            </transform>
        </animation>
    </shape>
    <shape name="temp7" type="ply">
        <string name="filename" value="meshes/Cube_003.ply"/>
        <boolean name="face_normals" value="true"/>
        <ref id="mat-Material" name="bsdf"/>
        <animation name="to_world">
            <transform time="0">
                <matrix value="0.9999991135176153 0.0003829248909626781 0.0014706626302951964 -0.0011589167563434977 -0.00038539201137534194 0.9999985399115188 0.0016774281700968417 -0.01729244679796721 -0.0014700182792667727 -0.0016779920863204312 0.9999976360466947 0.004523042664736077 0.0 0.0 0.0 1.0"/>
                <scale value="1"/>
            </transform>
            <transform time="0.0015">
                <matrix value="0.9999990975606771 0.00039284560002223005 0.001472205389818016 -0.0011571757258167872 -0.00039550127428359934 0.9999981118901613 0.001800538643902764 -0.017301489637564595 -0.0014714627013158743 -0.001801118211833691 0.9999972190386595 0.004529446066376979 0.0 0.0 0.0 1.0"/>
                <scale value="1"/>
            </transform>
        </animation>
    </shape>
    <shape name="temp8" type="ply">
        <string name="filename" value="meshes/Cube_004.ply"/>
        <boolean name="face_normals" value="true"/>
        <ref id="mat-Material" name="bsdf"/>
        <animation name="to_world">
            <transform time="0">
                <matrix value="0.9999991135176153 -0.00037072689462124263 0.0012434630781225104 -0.000447392329954166 0.00037330393757745644 0.9999977055752436 -0.0020732768789764647 -0.018776051791311144 -0.0012426887365321164 0.002073738639990155 0.9999971632560337 0.003846734181023593 0.0 0.0 0.0 1.0"/>
                <scale value="1"/>
            </transform>
            <transform time="0.0015">
                <matrix value="0.9999991294745535 -0.0003531770653041904 0.0012441296101493597 -0.00044833103394516607 0.0003556755898461858 0.9999977881758564 -0.0020099451878436195 -0.018730957348590427 -0.0012433844590391957 0.0020103850212215275 0.9999972398493463 0.003852394883127114 0.0 0.0 0.0 1.0"/>
                <scale value="1"/>
            </transform>
        </animation>
    </shape>
    <shape name="temp9" type="ply">
        <string name="filename" value="meshes/Cube_005.ply"/>
        <boolean name="face_normals" value="true"/>
        <ref id="mat-Material" name="bsdf"/>
        <animation name="to_world">
            <transform time="0">
                <matrix value="0.9999995567588077 0.0005151379887906922 0.0008218803735613572 -0.0007535895992019093 -0.0005192570568430235 0.9999872763718053 0.0050225497505792865 -0.01446873936949189 -0.0008192825875357031 -0.005022971363493199 0.9999872346521514 0.0021170590534925204 0.0 0.0 0.0 1.0"/>
                <scale value="1"/>
            </transform>
            <transform time="0.0015">
                <matrix value="0.9999995727157459 0.0005015200988278106 0.000821854416938759 -0.0007530368796596035 -0.0005055332282856006 0.9999876968840161 0.004893319215786795 -0.01455467668331942 -0.0008193430643316167 -0.004893729713879581 0.9999876431498186 0.0021094177412509067 0.0 0.0 0.0 1.0"/>
                <scale value="1"/>
            </transform>
        </animation>
    </shape>
    <shape name="temp10" type="ply">
        <string name="filename" value="meshes/Cube_006.ply"/>
        <boolean name="face_normals" value="true"/>
        <ref id="mat-Material" name="bsdf"/>
        <animation name="to_world">
            <transform time="0">
                <matrix value="0.9999991135176153 0.00024260621622241739 -0.0015822885053716111 -0.001328059911250623 -0.00024377733690053845 0.9999995828318625 -0.0007395675194707015 -0.017697561406033957 0.0015821095444012432 0.0007399519839473701 0.9999985816280168 -0.0038084752367569807 0.0 0.0 0.0 1.0"/>
                <scale value="1"/>
            </transform>
            <transform time="0.0015">
                <matrix value="0.9999991135176153 0.00022943466242559627 -0.0015826570894125053 -0.001326420086453784 -0.00023048064366581046 0.9999995603044227 -0.0006608442319665748 -0.017677273240457817 0.0015824781496744896 0.0006612076933539181 0.9999985560969126 -0.0038050494284875506 0.0 0.0 0.0 1.0"/>
                <scale value="1"/>
            </transform>
        </animation>
    </shape>
    <shape name="temp11" type="ply">
        <string name="filename" value="meshes/Cube_007.ply"/>
        <boolean name="face_normals" value="true"/>
        <ref id="mat-Material" name="bsdf"/>
        <animation name="to_world">
            <transform time="0">
                <matrix value="0.9999836000758829 0.005737947491046529 0.0007928439351123185 0.012306067425238432 -0.005736582645866244 0.9999820617700862 -0.0017134217231233875 -0.004037274896234233 -0.0008026610428224181 0.0017088458417722973 0.9999983452326863 0.019361677554622814 0.0 0.0 0.0 1.0"/>
                <scale value="1"/>
            </transform>
            <transform time="0.0015">
                <matrix value="0.9999772651714034 0.006206614207148278 0.0009724076801662464 0.01385626091339004 -0.006199271782213703 0.9999626055711889 -0.002651393471271452 -0.0037686143761111947 -0.001000504896801761 0.002642920604707745 0.9999839201588161 0.02159883304786599 0.0 0.0 0.0 1.0"/>
                <scale value="1"/>
            </transform>
        </animation>
    </shape>
    <shape name="temp12" type="ply">
        <string name="filename" value="meshes/Cube_008.ply"/>
        <boolean name="face_normals" value="true"/>
        <ref id="mat-Material" name="bsdf"/>
        <animation name="to_world">
            <transform time="0">
                <matrix value="0.9874292365436406 0.15783746295025478 0.008460021530886704 0.16546048566298133 -0.1573758880337289 0.9867096488904371 -0.04045889534353206 0.32273991162143606 -0.014733505665508921 0.03861886058866596 0.9991454308801329 0.12981124326446092 0.0 0.0 0.0 1.0"/>
                <scale value="1"/>
            </transform>
            <transform time="0.0015">
                <matrix value="0.9866963503274102 0.16131334855172164 0.00843373045082356 0.16860467528877635 -0.16083199011635657 0.9859351404895589 -0.04133458158009351 0.3302512090404365 -0.015064972601135799 0.0394134829896857 0.9990995004236861 0.13125152421836958 0.0 0.0 0.0 1.0"/>
                <scale value="1"/>
            </transform>
        </animation>
    </shape>
    <shape name="temp13" type="ply">
        <string name="filename" value="meshes/Cube_009.ply"/>
        <boolean name="face_normals" value="true"/>
        <ref id="mat-Material" name="bsdf"/>
        <animation name="to_world">
            <transform time="0">
                <matrix value="0.8055407808491438 0.5921960356511891 0.020191848994445184 0.4886030629985374 -0.5902979821887959 0.8049882880045388 -0.05951800883267513 1.194877871850001 -0.05150054873259614 0.036024971684712664 0.998023025850775 0.12359690543834723 0.0 0.0 0.0 1.0"/>
                <scale value="1"/>
            </transform>
            <transform time="0.0015">
                <matrix value="0.801572226482156 0.5967364111195476 0.020327430221198806 0.49743976788639516 -0.5947921900151463 0.8010207177496471 -0.06013193827451475 1.2039129240901334 -0.052225863381633736 0.03602793329214035 0.9979781421696003 0.12503387709136543 0.0 0.0 0.0 1.0"/>
                <scale value="1"/>
            </transform>
        </animation>
    </shape>
    <shape name="temp14" type="ply">
        <string name="filename" value="meshes/Cube_010.ply"/>
        <boolean name="face_normals" value="true"/>
        <ref id="mat-Material" name="bsdf"/>
        <animation name="to_world">
            <transform time="0">
                <matrix value="0.644221375927039 0.7647599301660538 0.011014934984192244 0.6275651618430798 -0.7635782506865806 0.6439190443512305 -0.04813120035402565 1.2931786548181268 -0.04390153751504804 0.02259637105437161 0.9987804364897941 0.03832402512513111 0.0 0.0 0.0 1.0"/>
                <scale value="1"/>
            </transform>
            <transform time="0.0015">
                <matrix value="0.6406521598963394 0.7674085788899779 0.010957830414476226 0.6335882752661012 -0.7662181505913673 0.6403489106995972 -0.04831462176381975 1.2977515587039432 -0.044112355636368124 0.022543272376778677 0.9987717133625275 0.03838975838343593 0.0 0.0 0.0 1.0"/>
                <scale value="1"/>
            </transform>
        </animation>
    </shape>
    <shape name="temp15" type="ply">
        <string name="filename" value="meshes/Cube_011.ply"/>
        <boolean name="face_normals" value="true"/>
        <ref id="mat-Material" name="bsdf"/>
        <animation name="to_world">
            <transform time="0">
                <matrix value="0.5354069929276436 0.8421471226870635 -0.0642472392571324 0.5705589226135739 -0.7946383772408059 0.5280524714083388 0.2995176116885198 1.6482892257494113 0.2861637829394692 -0.10931040021025275 0.951925227211372 -0.5687774354818487 0.0 0.0 0.0 1.0"/>
                <scale value="1"/>
            </transform>
            <transform time="0.0015">
                <matrix value="0.5323623452845067 0.8438498141744376 -0.06463753920421811 0.5738733857766307 -0.7958115472968377 0.5251681556268322 0.30094597484381 1.6526197062460286 0.28793373929413085 -0.10864419322744381 0.9514136519662499 -0.5722155278983504 0.0 0.0 0.0 1.0"/>
                <scale value="1"/>
            </transform>
        </animation>
    </shape>
    <shape name="temp16" type="ply">
        <string name="filename" value="meshes/Cube_012.ply"/>
        <boolean name="face_normals" value="true"/>
        <ref id="mat-Material" name="bsdf"/>
        <animation name="to_world">
            <transform time="0">
                <matrix value="0.4612554008939288 0.8871359947269948 0.015278679363302274 0.559821671658706 -0.6790215716623494 0.34185990242437264 0.649662592944734 1.7360088536610583 0.5711158331072803 -0.3100347709642633 0.7600691409062735 -1.5716136404522207 0.0 0.0 0.0 1.0"/>
                <scale value="1"/>
            </transform>
            <transform time="0.0015">
                <matrix value="0.4513613827212275 0.8905428344761878 0.016063696989536226 0.5714253625589583 -0.6795329915328058 0.3333220259936021 0.6519454225848524 1.740463503349555 0.575618593852525 -0.30458458954393675 0.7579105030673273 -1.5825532907037 0.0 0.0 0.0 1.0"/>
                <scale value="1"/>
            </transform>
        </animation>
    </shape>
    <shape name="temp17" type="ply">
        <string name="filename" value="meshes/Cube_013.ply"/>
        <boolean name="face_normals" value="true"/>
        <ref id="mat-Material" name="bsdf"/>
        <animation name="to_world">
            <transform time="0">
                <matrix value="0.8545207055690596 0.4661849765238631 0.22905433357555974 0.42082486271475783 -0.3961521345609342 0.2997236261088851 0.8678878691844976 1.4109093678882467 0.3359434034186307 -0.8323684929592448 0.44080022656128476 -1.3150937737211263 0.0 0.0 0.0 1.0"/>
                <scale value="1"/>
            </transform>
            <transform time="0.0015">
                <matrix value="0.853182397159226 0.46781237379805923 0.2303620699228601 0.4229606602272751 -0.3963521930783713 0.2952565782082043 0.8689994934611454 1.4128016834857795 0.3387177772290118 -0.8326867155747886 0.4374949783225758 -1.3215315649123525 0.0 0.0 0.0 1.0"/>
                <scale value="1"/>
            </transform>
        </animation>
    </shape>
    <shape name="temp18" type="ply">
        <string name="filename" value="meshes/Cube_014.ply"/>
        <boolean name="face_normals" value="true"/>
        <ref id="mat-Material" name="bsdf"/>
        <animation name="to_world">
            <transform time="0">
                <matrix value="0.9319021961714599 0.3274114925650209 0.1560764237736165 0.103054612191249 -0.2158735752011872 0.1548686650411015 0.9640615270854678 1.0215819774226311 0.2914735021550387 -0.9321037997759808 0.2150019549893835 -0.8630536703610892 0.0 0.0 0.0 1.0"/>
                <scale value="1"/>
            </transform>
            <transform time="0.0015">
                <matrix value="0.9318148638484955 0.3275231685935821 0.15635493152580063 0.10331878323970144 -0.21598032233090297 0.15420972541039327 0.9641369714983637 1.021806449350613 0.2916709134164225 -0.9321673346655489 0.21443535000227962 -0.8637842894527222 0.0 0.0 0.0 1.0"/>
                <scale value="1"/>
            </transform>
        </animation>
    </shape>
    <shape name="temp19" type="ply">
        <string name="filename" value="meshes/Cube_015.ply"/>
        <boolean name="face_normals" value="true"/>
        <ref id="mat-Material" name="bsdf"/>
        <animation name="to_world">
            <transform time="0">
                <matrix value="0.9791171344634211 0.16824046822951758 0.11412885247560282 0.043516467465932296 -0.14740610821822359 0.200895013380668 0.9684589530239928 0.6341740529416424 0.1400060635395114 -0.9650575796321829 0.2214993752071414 -0.37280030076621296 0.0 0.0 0.0 1.0"/>
                <scale value="1"/>
            </transform>
            <transform time="0.0015">
                <matrix value="0.9791730156611227 0.16786846961135554 0.11418028148085632 0.043508060173090266 -0.1473655536596974 0.20084041963198265 0.9684763822577899 0.6341700294835357 0.13964452718990367 -0.9651316874001947 0.22139582445267394 -0.37249479176381256 0.0 0.0 0.0 1.0"/>
                <scale value="1"/>
            </transform>
        </animation>
    </shape>
    <shape name="temp20" type="ply">
        <string name="filename" value="meshes/Cube_016.ply"/>
        <boolean name="face_normals" value="true"/>
        <ref id="mat-Material" name="bsdf"/>
        <animation name="to_world">
            <transform time="0">
                <matrix value="0.9752511847837072 0.15678909856223 0.155893004636658 0.0699271104758602 -0.18602416196387764 0.20078321231980947 0.9618115163294803 0.3534732574873735 0.11950088382293755 -0.9670074235070074 0.22498062740266303 -0.11402293318365148 0.0 0.0 0.0 1.0"/>
                <scale value="1"/>
            </transform>
            <transform time="0.0015">
                <matrix value="0.9753259270824035 0.1562859985041105 0.1559083377668007 0.06995222890775665 -0.18591783450163743 0.20072034799703475 0.9618449705863437 0.3534070590249407 0.11902852175020097 -0.9670982316171063 0.22482542126715155 -0.1134907840296802 0.0 0.0 0.0 1.0"/>
                <scale value="1"/>
            </transform>
        </animation>
    </shape>
    <shape name="temp21" type="ply">
        <string name="filename" value="meshes/Cube_017.ply"/>
        <boolean name="face_normals" value="true"/>
        <ref id="mat-Material" name="bsdf"/>
        <animation name="to_world">
            <transform time="0">
                <matrix value="0.9371918365610157 0.14218775486365903 0.3185195411472076 0.18291753162737412 -0.34237000179069443 0.20024020541359094 0.9179798033285409 0.1728412835869734 0.0667450317094749 -0.9693742269352952 0.23634424549938748 0.1135549454898856 0.0 0.0 0.0 1.0"/>
                <scale value="1"/>
            </transform>
            <transform time="0.0015">
                <matrix value="0.9371725127088122 0.14185580252443172 0.31871801144085105 0.18290685434881906 -0.34248277106890046 0.20019203724166998 0.9179480085934502 0.17296680823306043 0.06641194498504771 -0.969431213849009 0.2361966067831594 0.11389833794924961 0.0 0.0 0.0 1.0"/>
                <scale value="1"/>
            </transform>
        </animation>
    </shape>
    <shape name="temp22" type="ply">
        <string name="filename" value="meshes/Cube_018.ply"/>
        <boolean name="face_normals" value="true"/>
        <ref id="mat-Material" name="bsdf"/>
        <animation name="to_world">
            <transform time="0">
                <matrix value="0.19444171112375827 0.9782094309200853 0.07279163028148537 0.8671806177279755 -0.3424577192226613 -0.0018421227183510178 0.9395314928223286 -0.14520352061950745 0.9191926982218936 -0.20761212958076689 0.33463721117809503 -0.19403263591376796 0.0 0.0 0.0 1.0"/>
                <scale value="1"/>
            </transform>
            <transform time="0.0015">
                <matrix value="0.19449188133326534 0.9782062245144777 0.07269861876682959 0.8672051524980607 -0.3419813056833067 -0.0018428001935592475 0.9397013597689057 -0.14540380576455825 0.9193557143029103 -0.2076272304746236 0.3341698983572789 -0.19391040380052046 0.0 0.0 0.0 1.0"/>
                <scale value="1"/>
            </transform>
        </animation>
    </shape>
    <shape name="temp23" type="ply">
        <string name="filename" value="meshes/Cube_019.ply"/>
        <boolean name="face_normals" value="true"/>
        <ref id="mat-Material" name="bsdf"/>
        <animation name="to_world">
            <transform time="0">
                <matrix value="-0.04906728755892891 0.9877465202962729 -0.14815223953844284 0.46631293148191955 -0.96481019525661 -0.008509082793274416 0.2628094355777809 0.0887537921344681 0.25832850200433666 0.15583413812019867 0.9534055347711529 -0.04448450238555768 0.0 0.0 0.0 1.0"/>
                <scale value="1"/>
            </transform>
            <transform time="0.0015">
                <matrix value="-0.04907821646592658 0.9877449884303621 -0.1481588206060675 0.4663215191052709 -0.9647950361652861 -0.008508926527933214 0.2628649401983007 0.08870297609743072 0.25838288963261946 0.15584385045043947 0.9533891693333639 -0.04449285912180365 0.0 0.0 0.0 1.0"/>
                <scale value="1"/>
            </transform>
        </animation>
    </shape>
    <shape name="temp24" type="ply">
        <string name="filename" value="meshes/Cube_020.ply"/>
        <boolean name="face_normals" value="true"/>
        <ref id="mat-Material" name="bsdf"/>
        <animation name="to_world">
            <transform time="0">
                <matrix value="0.061359144425363825 0.9924999489844545 -0.1057308137602923 -0.06381513467644478 -0.8932848349901633 0.007347667767971275 -0.44943054800958837 0.3089056482296447 -0.44528290729729597 0.12202443361906072 0.8870363633874333 0.11630420690741727 0.0 0.0 0.0 1.0"/>
                <scale value="1"/>
            </transform>
            <transform time="0.0015">
                <matrix value="0.061399798948586375 0.9924770344020826 -0.10591742740911453 -0.06364046432366888 -0.8934486442188997 0.007347091053658773 -0.44910077124720266 0.3085826100157996 -0.44494420649235555 0.12220696604112113 0.8871786397210153 0.1161768803937198 0.0 0.0 0.0 1.0"/>
                <scale value="1"/>
            </transform>
        </animation>
    </shape>
    <shape name="temp25" type="ply">
        <string name="filename" value="meshes/Cube_021.ply"/>
        <boolean name="face_normals" value="true"/>
        <ref id="mat-Material" name="bsdf"/>
        <animation name="to_world">
            <transform time="0">
                <matrix value="0.28703399837241833 0.9142302309234226 -0.28599768994483005 -0.10927002308352034 -0.6796474282259537 -0.016033655039495394 -0.7333635604162638 0.2596807456174168 -0.6750488008552782 0.4048777384480928 0.6167521078189646 0.21865107811323103 0.0 0.0 0.0 1.0"/>
                <scale value="1"/>
            </transform>
            <transform time="0.0015">
                <matrix value="0.28695385943721063 0.914219357679114 -0.2861119246153663 -0.10921339364525565 -0.6798826015816725 -0.01604217649417342 -0.7331434737877354 0.25937468233345234 -0.6748439775960838 0.40490192540936204 0.6169585012652765 0.21857935461264077 0.0 0.0 0.0 1.0"/>
                <scale value="1"/>
            </transform>
        </animation>
    </shape>
    <shape name="temp26" type="ply">
        <string name="filename" value="meshes/Cube_022.ply"/>
        <boolean name="face_normals" value="true"/>
        <ref id="mat-Material" name="bsdf"/>
        <animation name="to_world">
            <transform time="0">
                <matrix value="0.6713184829804247 0.3958725384472585 -0.6265913542662975 -0.06825973668117302 -0.6762278224269406 -0.01891714623620477 -0.736449701456337 -0.14428881390104925 -0.30339354321690276 0.9181105203546763 0.255000588624373 0.6606334107285736 0.0 0.0 0.0 1.0"/>
                <scale value="1"/>
            </transform>
            <transform time="0.0015">
                <matrix value="0.6718092067019892 0.39589004977718084 -0.6260425206297869 -0.06815335428130712 -0.6756379582481173 -0.018896596780650685 -0.736979991000834 -0.14345840026210405 -0.30359367513625574 0.918103379156239 0.25478342105209084 0.6605819469430013 0.0 0.0 0.0 1.0"/>
                <scale value="1"/>
            </transform>
        </animation>
    </shape>
    <shape name="temp27" type="ply">
        <string name="filename" value="meshes/Cube_023.ply"/>
        <boolean name="face_normals" value="true"/>
        <ref id="mat-Material" name="bsdf"/>
        <animation name="to_world">
            <transform time="0">
                <matrix value="0.8517850209298491 0.3112351722800116 -0.42142053736440954 -0.08046990940679177 -0.47903114567210436 0.13701430678127666 -0.8670387371572327 -0.28560459458574516 -0.2121123634152266 0.9404039856243861 0.2657981817416757 0.15114286950860156 0.0 0.0 0.0 1.0"/>
                <scale value="1"/>
            </transform>
            <transform time="0.0015">
                <matrix value="0.8517843666953815 0.31115839876494905 -0.42147826319099435 -0.08044075637475566 -0.47908440993193535 0.1370887464535691 -0.866997393789173 -0.2856684196004744 -0.21199361826365135 0.9404183806584603 0.26584117612113994 0.15126927468114992 0.0 0.0 0.0 1.0"/>
                <scale value="1"/>
            </transform>
        </animation>
    </shape>
    <shape name="temp28" type="ply">
        <string name="filename" value="meshes/Cube_024.ply"/>
        <boolean name="face_normals" value="true"/>
        <ref id="mat-Material" name="bsdf"/>
        <animation name="to_world">
            <transform time="0">
                <matrix value="0.867336581404791 0.39949898106682413 -0.2968643104986476 -0.17891150580789572 -0.3898605031319423 0.17451715916841704 -0.904186135792097 -0.5214651757216534 -0.30941360076733915 0.8999689209737539 0.307113939239781 -0.29347527883052704 0.0 0.0 0.0 1.0"/>
                <scale value="1"/>
            </transform>
            <transform time="0.0015">
                <matrix value="0.8672132342722285 0.39968380369262946 -0.29697309853362225 -0.1790645201780232 -0.3899868230420981 0.17436415354776344 -0.9041605876671659 -0.5215631172271061 -0.3095972715092081 0.8999156210510315 0.30708339552879577 -0.2936861406696428 0.0 0.0 0.0 1.0"/>
                <scale value="1"/>
            </transform>
        </animation>
    </shape>
    <shape name="temp29" type="ply">
        <string name="filename" value="meshes/Cube_025.ply"/>
        <boolean name="face_normals" value="true"/>
        <ref id="mat-Material" name="bsdf"/>
        <animation name="to_world">
            <transform time="0">
                <matrix value="0.8922932767402979 0.38413175838455815 -0.23718299977164212 -0.2821934576664822 -0.3273029925872343 0.18858102343859182 -0.9259103938771719 -0.7973018777946096 -0.3109434477427499 0.9038141682814551 0.2939970715346454 -0.7219234927108871 0.0 0.0 0.0 1.0"/>
                <scale value="1"/>
            </transform>
            <transform time="0.0015">
                <matrix value="0.8922697562133384 0.3841487365650703 -0.23724374677888996 -0.2822343639520201 -0.3273831714147875 0.1886142026029408 -0.9258751609533828 -0.7973601947750685 -0.310926234993475 0.9038000060309261 0.29405861000612327 -0.7218437932023022 0.0 0.0 0.0 1.0"/>
                <scale value="1"/>
            </transform>
        </animation>
    </shape>
    <shape name="temp30" type="ply">
        <string name="filename" value="meshes/Cube_026.ply"/>
        <boolean name="face_normals" value="true"/>
        <ref id="mat-Material" name="bsdf"/>
        <animation name="to_world">
            <transform time="0">
                <matrix value="0.9232408200316652 0.24479906053735428 -0.296142359159208 -0.3107819544322439 -0.34930406700388456 0.21371690553018943 -0.9123112796977544 -1.1423121121303055 -0.16004238272281293 0.945726425307088 0.28282148228382475 -0.8385541851564098 0.0 0.0 0.0 1.0"/>
                <scale value="1"/>
            </transform>
            <transform time="0.0015">
                <matrix value="0.923227336418856 0.24477696862799259 -0.2962024423577468 -0.31086773664011536 -0.34937121220428685 0.21380221694496107 -0.9122653747724119 -1.1423831968375813 -0.1599727705797594 0.9457127436419428 0.28290600725944615 -0.8383964920125653 0.0 0.0 0.0 1.0"/>
                <scale value="1"/>
            </transform>
        </animation>
    </shape>
    <shape name="temp31" type="ply">
        <string name="filename" value="meshes/Cube_027.ply"/>
        <boolean name="face_normals" value="true"/>
        <ref id="mat-Material" name="bsdf"/>
        <animation name="to_world">
            <transform time="0">
                <matrix value="0.8727064484501629 0.19227241913717114 -0.44879322547717576 -0.5487467809331267 -0.48333324468509486 0.21014865786580952 -0.8498390856985081 -1.5824059306006062 -0.06908729546635178 0.9585764554474859 0.27632983011213175 -0.9699255012748481 0.0 0.0 0.0 1.0"/>
                <scale value="1"/>
            </transform>
            <transform time="0.0015">
                <matrix value="0.8727038315122922 0.1922541336142321 -0.4488061271951623 -0.5487787780838091 -0.48334714317829824 0.21023981890579965 -0.8498084909253145 -1.582452590808203 -0.06902223424208309 0.9585600104163838 0.2764026533316638 -0.9697440215877006 0.0 0.0 0.0 1.0"/>
                <scale value="1"/>
            </transform>
        </animation>
    </shape>
    <shape name="temp32" type="ply">
        <string name="filename" value="meshes/Cube_028.ply"/>
        <boolean name="face_normals" value="true"/>
        <ref id="mat-Material" name="bsdf"/>
        <animation name="to_world">
            <transform time="0">
                <matrix value="-0.12053939793662359 0.9806204541709513 0.15444657252774216 -1.4816068233871984 -0.7872411249816055 0.0003520106461308699 -0.616645257129565 -2.1191430100524387 -0.6047494180243145 -0.19591671655302312 0.771942332777489 -1.359742946873787 0.0 0.0 0.0 1.0"/>
                <scale value="1"/>
            </transform>
            <transform time="0.0015">
                <matrix value="-0.12055732874811913 0.9806206719362034 0.1544311219545202 -1.4816510737782187 -0.7871363836390259 0.00036172935914629217 -0.616778333754997 -2.1191075581237904 -0.6048815414729066 -0.19591558342279788 0.7718386084115131 -1.3601241151571866 0.0 0.0 0.0 1.0"/>
                <scale value="1"/>
            </transform>
        </animation>
    </shape>
    <shape name="temp33" type="ply">
        <string name="filename" value="meshes/Cube_029.ply"/>
        <boolean name="face_normals" value="true"/>
        <ref id="mat-Material" name="bsdf"/>
        <animation name="to_world">
            <transform time="0">
                <matrix value="-0.008480094924533754 0.9817895678763848 0.18978252102381873 -1.6294215997378845 -0.999943708368571 -0.009541357006234577 0.00467899641671958 -1.882305762374305 0.006404569284803742 -0.18973209462207696 0.981815052803625 -0.18498424334549712 0.0 0.0 0.0 1.0"/>
                <scale value="1"/>
            </transform>
            <transform time="0.0015">
                <matrix value="-0.00841421016268272 0.9817779061716809 0.18984516669418186 -1.6291998357495858 -0.9999388255454709 -0.00955990091890888 0.005116068495653617 -1.8816348047559261 0.006837635641871561 -0.1897912036206261 0.9817981001504397 -0.18415538410556268 0.0 0.0 0.0 1.0"/>
                <scale value="1"/>
            </transform>
        </animation>
    </shape>
    <shape name="temp34" type="ply">
        <string name="filename" value="meshes/Cube_030.ply"/>
        <boolean name="face_normals" value="true"/>
        <ref id="mat-Material" name="bsdf"/>
        <animation name="to_world">
            <transform time="0">
                <matrix value="-0.04204900674556685 0.9819591297398236 -0.18435826075207362 -3.2062586409174267 -0.9705616893417951 0.0036526026356452487 0.24082392491422935 -1.8736420409397114 0.23715261897568352 0.18905749114934217 0.9528988153306798 0.3039757343057887 0.0 0.0 0.0 1.0"/>
                <scale value="1"/>
            </transform>
            <transform time="0.0015">
                <matrix value="-0.04197196174752269 0.981958127590135 -0.18438070559304282 -3.2061361635288907 -0.9706634581646881 0.003650827674139081 0.24040298098079485 -1.8745850820264618 0.2367387923813556 0.18906274737519427 0.9529981229448146 0.3031470762444126 0.0 0.0 0.0 1.0"/>
                <scale value="1"/>
            </transform>
        </animation>
    </shape>
    <shape name="temp35" type="ply">
        <string name="filename" value="meshes/Cube_031.ply"/>
        <boolean name="face_normals" value="true"/>
        <ref id="mat-Material" name="bsdf"/>
        <animation name="to_world">
            <transform time="0">
                <matrix value="0.12471379916209685 0.9830060301654281 0.13470614405647768 -1.9608005473759038 -0.7277506218673929 -0.0016544992626553168 0.6858402979337629 -0.9671889524872169 0.674407874091134 -0.18356616182369223 0.715176485661914 0.6897835527209164 0.0 0.0 0.0 1.0"/>
                <scale value="1"/>
            </transform>
            <transform time="0.0015">
                <matrix value="0.12480252931285066 0.9829970191894818 0.13468887566863705 -1.9605813870487843 -0.7274083774561123 -0.0016699590937205293 0.6861984312426734 -0.9657153809239554 0.6747557034307973 -0.18361405966633482 0.714831492361296 0.690219950181459 0.0 0.0 0.0 1.0"/>
                <scale value="1"/>
            </transform>
        </animation>
    </shape>
    <shape name="temp36" type="ply">
        <string name="filename" value="meshes/Cube_032.ply"/>
        <boolean name="face_normals" value="true"/>
        <ref id="mat-Material" name="bsdf"/>
