
<scene version="2.1.0">
    <default name="spp" value="1024"/>
    <default name="resx" value="1280"/>
    <default name="resy" value="720"/>
    <integrator name="temp0" type="path">
        <integer name="max_depth" value="12"/>
    </integrator>
    <sensor name="temp44" type="perspective">
        <string name="fov_axis" value="x"/>
        <float name="fov" value="83.974423"/>
        <float name="principal_point_offset_x" value="0.000000"/>
        <float name="principal_point_offset_y" value="-0.000000"/>
        <float name="near_clip" value="0.100000"/>
        <float name="far_clip" value="1000.000000"/>
        <sampler name="sampler" type="correlated">
            <integer name="sample_count" value="1024"/>
        </sampler>
        <film name="film" type="hdrfilm">
            <integer name="width" value="$resx"/>
            <integer name="height" value="$resy"/>
        </film>
        <float name="shutter_open" value="0.0"/>
        <float name="shutter_close" value="0.0015"/>
        <animation name="to_world">
            <transform time="0">
                <rotate angle="-142.5518126578256" x="1"/>
                <rotate angle="3.976628485794621e-06" y="1"/>
                <rotate angle="-179.999991348578" z="1"/>
                <translate value="-0.000000 3.030926 4.073377"/>
            </transform>
            <transform time="0.0015">
                <rotate angle="-142.5518126578256" x="1"/>
                <rotate angle="3.976628485794621e-06" y="1"/>
                <rotate angle="-179.999991348578" z="1"/>
                <translate value="-0.000000 3.030926 4.073377"/>
                <translate x="0.15" y="0.0" z="0.0"/>
            </transform>
        </animation>
    </sensor>
    <bsdf id="mat-Material" name="mat-Material" type="twosided">
        <bsdf name="bsdf" type="diffuse">
            <texture name="reflectance" type="bitmap">
                <string name="filename" value="textures/siggraph_2023_logo.jpg"/>
            </texture>
        </bsdf>
    </bsdf>
    <bsdf id="mat-Material.001" name="mat-Material.001" type="twosided">
        <bsdf name="bsdf" type="principled">
            <rgb name="base_color" value="0.433648 0.266232 0.084399"/>
            <float name="spec_tint" value="0.000000"/>
            <float name="spec_trans" value="0.000000"/>
            <float name="metallic" value="0.000000"/>
            <float name="anisotropic" value="0.000000"/>
            <float name="roughness" value="0.500000"/>
            <float name="sheen" value="0.000000"/>
            <float name="sheen_tint" value="0.500000"/>
            <float name="clearcoat" value="0.000000"/>
            <float name="clearcoat_gloss" value="0.173205"/>
            <float name="specular" value="0.500000"/>
        </bsdf>
    </bsdf>
    <bsdf id="mat-Material.002" name="mat-Material.002" type="twosided">
        <bsdf name="bsdf" type="principled">
            <rgb name="base_color" value="0.433648 0.266232 0.084399"/>
            <float name="spec_tint" value="0.000000"/>
            <float name="spec_trans" value="0.000000"/>
            <float name="metallic" value="0.000000"/>
            <float name="anisotropic" value="0.000000"/>
            <float name="roughness" value="0.500000"/>
            <float name="sheen" value="0.000000"/>
            <float name="sheen_tint" value="0.500000"/>
            <float name="clearcoat" value="0.000000"/>
            <float name="clearcoat_gloss" value="0.173205"/>
            <float name="specular" value="0.500000"/>
        </bsdf>
    </bsdf>
    <bsdf id="mat-Material.003" name="mat-Material.003" type="twosided">
        <bsdf name="bsdf" type="principled">
            <rgb name="base_color" value="0.433648 0.266232 0.084399"/>
            <float name="spec_tint" value="0.000000"/>
            <float name="spec_trans" value="0.000000"/>
            <float name="metallic" value="0.000000"/>
            <float name="anisotropic" value="0.000000"/>
            <float name="roughness" value="0.500000"/>
            <float name="sheen" value="0.000000"/>
            <float name="sheen_tint" value="0.500000"/>
            <float name="clearcoat" value="0.000000"/>
            <float name="clearcoat_gloss" value="0.173205"/>
            <float name="specular" value="0.500000"/>
        </bsdf>
    </bsdf>
    <bsdf id="mat-Material.004" name="mat-Material.004" type="twosided">
        <bsdf name="bsdf" type="principled">
            <rgb name="base_color" value="0.433648 0.266232 0.084399"/>
            <float name="spec_tint" value="0.000000"/>
            <float name="spec_trans" value="0.000000"/>
            <float name="metallic" value="0.000000"/>
            <float name="anisotropic" value="0.000000"/>
            <float name="roughness" value="0.500000"/>
            <float name="sheen" value="0.000000"/>
            <float name="sheen_tint" value="0.500000"/>
            <float name="clearcoat" value="0.000000"/>
            <float name="clearcoat_gloss" value="0.173205"/>
            <float name="specular" value="0.500000"/>
        </bsdf>
    </bsdf>
    <bsdf id="mat-Material.005" name="mat-Material.005" type="twosided">
        <bsdf name="bsdf" type="principled">
            <rgb name="base_color" value="0.433648 0.266232 0.084399"/>
            <float name="spec_tint" value="0.000000"/>
            <float name="spec_trans" value="0.000000"/>
            <float name="metallic" value="0.000000"/>
            <float name="anisotropic" value="0.000000"/>
            <float name="roughness" value="0.500000"/>
            <float name="sheen" value="0.000000"/>
            <float name="sheen_tint" value="0.500000"/>
            <float name="clearcoat" value="0.000000"/>
            <float name="clearcoat_gloss" value="0.173205"/>
            <float name="specular" value="0.500000"/>
        </bsdf>
    </bsdf>
    <emitter name="temp45" type="point">
        <point name="position" x="-6.815235034541981e-16" y="3.0693089962005615" z="4.109199523925781"/>
        <rgb name="intensity" value="7.957747 7.957747 7.957747"/>
    </emitter>
    <shape name="temp2" type="ply">
        <string name="filename" value="meshes/Cube.ply"/>
        <boolean name="face_normals" value="true"/>
        <ref id="mat-Material" name="bsdf"/>
        <animation name="to_world">
            <transform time="0">
                <matrix value="0.9999982270352306 0.00023772847777432454 0.001981540125034218 -0.0030619477745756907 -0.00023543199173089232 0.9999989570796561 -0.001151173159106823 -0.01570775063719143 -0.001981804505812665 0.0011507040755241197 0.9999971632560336 0.004617968037818998 0.0 0.0 0.0 1.0"/>
            </transform>
            <transform time="0.0015">
                <matrix value="0.9999982270352306 0.00023702840003476277 0.0019828928480381466 -0.00306357877679131 -0.00023460800735427387 0.99999888198819 -0.0012129180070102718 -0.01562773540971152 -0.0019831708984337938 0.0012124501361839258 0.9999970951730892 0.004622395482317231 0.0 0.0 0.0 1.0"/>
            </transform>
        </animation>
    </shape>
    <shape name="temp4" type="ply">
        <string name="filename" value="meshes/Plane.ply"/>
        <boolean name="face_normals" value="true"/>
        <ref id="mat-Material.001" name="bsdf"/>
    </shape>
    <shape name="temp5" type="ply">
        <string name="filename" value="meshes/Cube_001.ply"/>
        <boolean name="face_normals" value="true"/>
        <ref id="mat-Material" name="bsdf"/>
        <animation name="to_world">
            <transform time="0">
                <matrix value="0.9999982270352306 -0.00016307874257179988 -0.002072190642432678 0.002541351413806847 0.00016909629326255658 0.9999953068584528 0.0029020883636289713 -0.02094137919427791 0.0020717137654757663 -0.0029024379305957375 0.9999933809307451 -0.004412851950908514 0.0 0.0 0.0 1.0"/>
            </transform>
            <transform time="0.0015">
                <matrix value="0.9999982270352306 -0.00016258979199866005 -0.00207254714175092 0.0025418240163241367 0.00016873146978367226 0.9999951341480804 0.0029614954985286504 -0.020996534727182714 0.002072061626729306 -0.002961844666808416 0.9999932107233839 -0.004416973737143741 0.0 0.0 0.0 1.0"/>
            </transform>
        </animation>
    </shape>
    <shape name="temp6" type="ply">
        <string name="filename" value="meshes/Cube_002.ply"/>
        <boolean name="face_normals" value="true"/>
        <ref id="mat-Material" name="bsdf"/>
        <animation name="to_world">
            <transform time="0">
                <matrix value="0.9997132229485468 -0.0020987812432862003 -0.018806489619171852 0.009576379229192966 0.0004914454449875626 0.9977347770132013 -0.05424712578737375 0.01860787115746873 0.018921139856779907 0.054206341790026764 0.9974508309532263 -0.018153794004917734 0.0 0.0 0.0 1.0"/>
            </transform>
            <transform time="0.0015">
                <matrix value="0.9996932129479992 -0.0022344757278664356 -0.019855279295285418 0.01022211958417357 0.0005158469864209539 0.9975792776049546 -0.05710689370350053 0.020529999478669972 0.019977991971111383 0.057063228611301524 0.9972755258814557 -0.01942439847710962 0.0 0.0 0.0 1.0"/>
            </transform>
        </animation>
    </shape>
    <shape name="temp7" type="ply">
        <string name="filename" value="meshes/Cube_003.ply"/>
        <boolean name="face_normals" value="true"/>
        <ref id="mat-Material" name="bsdf"/>
        <animation name="to_world">
            <transform time="0">
                <matrix value="0.9994333161355751 -0.018332748950300674 0.023918124950061487 -0.02210761925018523 0.024148617885314 0.9711767061655365 -0.2299437828264466 0.005796845959882807 -0.018762913832139242 0.23045088575224804 0.9710788042745949 0.1582895897686712 0.0 0.0 0.0 1.0"/>
            </transform>
            <transform time="0.0015">
                <matrix value="0.9994063329530183 -0.018395987754217455 0.02499655368503496 -0.022683402043289187 0.024537810161994432 0.9702103615959081 -0.23398432431285948 0.006304911761954245 -0.01969853039554499 0.23451828185141688 0.9700954737965268 0.16123231359575196 0.0 0.0 0.0 1.0"/>
            </transform>
        </animation>
    </shape>
    <shape name="temp8" type="ply">
        <string name="filename" value="meshes/Cube_004.ply"/>
        <boolean name="face_normals" value="true"/>
        <ref id="mat-Material" name="bsdf"/>
        <animation name="to_world">
            <transform time="0">
                <matrix value="0.9954000429057475 -0.056679362483652226 0.07583173333093786 0.0002960726786587209 0.08592370134763053 0.8640460511907022 -0.4922924484457244 -0.21757430340752248 -0.03720214635114986 0.49646523007865706 0.8650627085893299 0.1642691581664788 0.0 0.0 0.0 1.0"/>
            </transform>
            <transform time="0.0015">
                <matrix value="0.9953905325705589 -0.05758351630095797 0.07528085465298126 0.00042059865732420613 0.08659607406698949 0.8618564215814829 -0.49601821099126026 -0.21911037986385257 -0.035903837517530575 0.5001728186592046 0.8629907233180214 0.1608163169022177 0.0 0.0 0.0 1.0"/>
            </transform>
        </animation>
    </shape>
    <shape name="temp9" type="ply">
        <string name="filename" value="meshes/Cube_005.ply"/>
        <boolean name="face_normals" value="true"/>
        <ref id="mat-Material" name="bsdf"/>
        <animation name="to_world">
            <transform time="0">
                <matrix value="0.9946711327649209 -0.08808690863809204 0.05323226881364058 0.03364948337204554 0.09889167539851815 0.6804763225794341 -0.724510318892573 -0.4868815965522966 0.027843086412529895 0.7259007181549488 0.6856049663822201 -0.17823675125934818 0.0 0.0 0.0 1.0"/>
            </transform>
            <transform time="0.0015">
                <matrix value="0.9946274905388461 -0.08850448777624914 0.05335684273033896 0.033846171371096766 0.0991744706407077 0.6779721873822488 -0.7268236582022043 -0.488244298994884 0.028397933090394813 0.728197480759023 0.6831506868670645 -0.18062132704787032 0.0 0.0 0.0 1.0"/>
            </transform>
        </animation>
    </shape>
    <shape name="temp10" type="ply">
        <string name="filename" value="meshes/Cube_006.ply"/>
        <boolean name="face_normals" value="true"/>
        <ref id="mat-Material" name="bsdf"/>
        <animation name="to_world">
            <transform time="0">
                <matrix value="0.9922813978763428 -0.09495810588978836 -0.07911749840787743 0.0076072275965712866 -0.016570955379795648 0.5304638075353081 -0.8467328510553396 -0.5103974188417661 0.12269680795422916 0.8415660074714814 0.5247748216279033 -0.6739800251728345 0.0 0.0 0.0 1.0"/>
            </transform>
            <transform time="0.0015">
                <matrix value="0.9923351727581974 -0.09499770312175507 -0.07839538346512218 0.007861266855676285 -0.016260339375361445 0.5282175589605596 -0.8481461678798909 -0.5119654910816973 0.12230376782146254 0.8429774116522445 0.5226032905813387 -0.6746818451253933 0.0 0.0 0.0 1.0"/>
            </transform>
        </animation>
    </shape>
    <shape name="temp11" type="ply">
        <string name="filename" value="meshes/Cube_007.ply"/>
        <boolean name="face_normals" value="true"/>
        <ref id="mat-Material" name="bsdf"/>
        <animation name="to_world">
            <transform time="0">
                <matrix value="0.9663961122428536 0.10449192049609636 -0.23390646593235973 -0.013655935323309665 -0.25356835754316726 0.5319697845117985 -0.8071798935369989 -0.16436231206689236 0.039799889898887816 0.8394719277131051 0.5405590560450777 -0.44978641756871907 0.0 0.0 0.0 1.0"/>
            </transform>
            <transform time="0.0015">
                <matrix value="0.9661972887924359 0.1035997933280203 -0.23512641698203296 -0.014361041611645267 -0.25420652337403027 0.5298945041873379 -0.8083471245585833 -0.1637953912618189 0.04056158636710296 0.8408980723486872 0.5382882175135628 -0.45427070712230544 0.0 0.0 0.0 1.0"/>
            </transform>
        </animation>
    </shape>
    <shape name="temp12" type="ply">
        <string name="filename" value="meshes/Cube_008.ply"/>
        <boolean name="face_normals" value="true"/>
        <ref id="mat-Material" name="bsdf"/>
        <animation name="to_world">
            <transform time="0">
                <matrix value="0.07437126236864547 0.9875679723334092 -0.13843062340758197 2.383723948789907 -0.7564899375384512 -0.03456967020772887 -0.6527812383427553 1.0303605735397317 -0.6494691300239173 0.15320317339802222 0.7445286300748759 1.3865228454442473 0.0 0.0 0.0 1.0"/>
            </transform>
            <transform time="0.0015">
                <matrix value="0.07426722313134829 0.9875392423384337 -0.13869150874061395 2.383693336495664 -0.7555817643557008 -0.0350352755949358 -0.6538090269835948 1.0270517427743249 -0.6505388672063047 0.15328333729278454 0.7435789836336089 1.387778944246497 0.0 0.0 0.0 1.0"/>
            </transform>
        </animation>
    </shape>
    <shape name="temp13" type="ply">
        <string name="filename" value="meshes/Cube_009.ply"/>
        <boolean name="face_normals" value="true"/>
        <ref id="mat-Material" name="bsdf"/>
        <animation name="to_world">
            <transform time="0">
                <matrix value="-0.0789229948211699 0.9921844592353726 0.09663330498165335 2.59191060054929 -0.7746362319534348 -1.8274363140692038e-05 -0.6323547906222917 0.7079954662439383 -0.627409680742234 -0.1247708286836468 0.7685841007119755 1.0086109727457357 0.0 0.0 0.0 1.0"/>
            </transform>
            <transform time="0.0015">
                <matrix value="-0.07904342821681054 0.9921712206098782 0.09667086974629216 2.592204796658392 -0.7742648820868121 -1.4515682326528946e-05 -0.6328096953264691 0.7066532261702859 -0.6278530283141766 -0.12487610166288352 0.7682050999805696 1.0090206618221007 0.0 0.0 0.0 1.0"/>
            </transform>
        </animation>
    </shape>
    <shape name="temp14" type="ply">
        <string name="filename" value="meshes/Cube_010.ply"/>
        <boolean name="face_normals" value="true"/>
        <ref id="mat-Material" name="bsdf"/>
        <animation name="to_world">
            <transform time="0">
                <matrix value="0.0696916326700672 0.9974163734322301 0.016878614780097972 1.6843828368833043 -0.9701044896786857 0.06382583856010246 0.2337085675814063 2.2095492924773015 0.23203669771127977 -0.032603483771116534 0.9720650455935674 -0.5667748903323543 0.0 0.0 0.0 1.0"/>
            </transform>
            <transform time="0.0015">
                <matrix value="0.06939307356859456 0.9974357845762478 0.01696419929654345 1.685091690796091 -0.9698984058213708 0.06348370306714116 0.2346574489405842 2.210945244812797 0.23298797856267403 -0.032679384723341594 0.9718354273528061 -0.5689864631716615 0.0 0.0 0.0 1.0"/>
            </transform>
        </animation>
    </shape>
    <shape name="temp15" type="ply">
        <string name="filename" value="meshes/Cube_011.ply"/>
        <boolean name="face_normals" value="true"/>
        <ref id="mat-Material" name="bsdf"/>
        <animation name="to_world">
            <transform time="0">
                <matrix value="0.0497974387750941 0.9956999351303546 -0.07805818729223805 1.1744443679804277 -0.8182225762241878 0.0854857088625285 0.5684907009168829 2.250782286720519 0.5727216959471798 0.035549222711467744 0.8189698742518678 -1.2588752377363919 0.0 0.0 0.0 1.0"/>
            </transform>
            <transform time="0.0015">
                <matrix value="0.04959910679837413 0.9957158920669262 -0.07798112080318881 1.1749283177174181 -0.8183884166832721 0.08526948674012358 0.5682845032090365 2.2506774559806226 0.5725020008215498 0.03562212826510532 0.8191203545799928 -1.2586621982033632 0.0 0.0 0.0 1.0"/>
            </transform>
        </animation>
    </shape>
    <shape name="temp16" type="ply">
        <string name="filename" value="meshes/Cube_012.ply"/>
        <boolean name="face_normals" value="true"/>
        <ref id="mat-Material" name="bsdf"/>
        <animation name="to_world">
            <transform time="0">
                <matrix value="0.0822112460928289 0.98942802076663 0.11945895255120205 1.1370441983728667 -0.8238393286137011 3.6991967427511824e-05 0.5667085165200149 1.8192623964563852 0.560713405563918 -0.14502369515021182 0.8151321142583734 -1.5647129497480603 0.0 0.0 0.0 1.0"/>
            </transform>
            <transform time="0.0015">
                <matrix value="0.08228770057099791 0.9894336901723295 0.11935936422410565 1.1368291478283865 -0.8233726998688726 3.7016792666243894e-05 0.5673868694481063 1.8195267919038431 0.5613878096015144 -0.14498500277041304 0.8146750989829159 -1.566208630210622 0.0 0.0 0.0 1.0"/>
            </transform>
        </animation>
    </shape>
    <shape name="temp17" type="ply">
        <string name="filename" value="meshes/Cube_013.ply"/>
        <boolean name="face_normals" value="true"/>
        <ref id="mat-Material" name="bsdf"/>
        <animation name="to_world">
            <transform time="0">
                <matrix value="0.8915366640249491 0.2968599754287967 0.34190743137088964 0.5714199446678008 -0.4110019555801407 0.21367265442000072 0.8861538999792445 1.4492453617123175 0.19008970315250867 -0.9306748946128993 0.3125446491680539 -1.3382399647395444 0.0 0.0 0.0 1.0"/>
            </transform>
            <transform time="0.0015">
                <matrix value="0.8912264930595224 0.29689393178982104 0.3426867513057041 0.5725882117790939 -0.41167461712008174 0.2131178313599494 0.8859756928719639 1.4496320649146237 0.19009006697070044 -0.9307914440776182 0.3121973750887943 -1.3386887568858532 0.0 0.0 0.0 1.0"/>
            </transform>
        </animation>
    </shape>
    <shape name="temp18" type="ply">
        <string name="filename" value="meshes/Cube_014.ply"/>
        <boolean name="face_normals" value="true"/>
        <ref id="mat-Material" name="bsdf"/>
        <animation name="to_world">
            <transform time="0">
                <matrix value="0.9436514120777906 0.2841071454644437 0.1697220605540823 0.10680602292503444 -0.21590635288736176 0.13984036018296997 0.966348415513018 1.0240626328574243 0.25081254975382383 -0.9485398072266036 0.1933010645827315 -0.8425728732048755 0.0 0.0 0.0 1.0"/>
            </transform>
            <transform time="0.0015">
                <matrix value="0.9436493855466346 0.2841137685317643 0.16972227501535753 0.10679566001761345 -0.21590638320554442 0.13983441218793075 0.9663492665498246 1.0240635519862669 0.2508201707875252 -0.9485386958729036 0.19329660600090226 -0.8426244431160719 0.0 0.0 0.0 1.0"/>
            </transform>
        </animation>
    </shape>
    <shape name="temp19" type="ply">
        <string name="filename" value="meshes/Cube_015.ply"/>
        <boolean name="face_normals" value="true"/>
        <ref id="mat-Material" name="bsdf"/>
        <animation name="to_world">
            <transform time="0">
                <matrix value="0.9833485365062311 0.1309745777736988 0.12598232897625222 0.04387165592125242 -0.14913399535837824 0.18543444932762926 0.9712739486199476 0.6373108856271439 0.1038507908309354 -0.9738888205196663 0.2018794256160817 -0.31983538210640927 0.0 0.0 0.0 1.0"/>
            </transform>
            <transform time="0.0015">
                <matrix value="0.9833490630851929 0.13095912770452423 0.12599421625836538 0.0437971476892263 -0.14913893243506837 0.18540031725257397 0.9712797016287595 0.6373181379359898 0.1038386348353874 -0.9738973959651087 0.2018443024760407 -0.3197894289326747 0.0 0.0 0.0 1.0"/>
            </transform>
        </animation>
    </shape>
    <shape name="temp20" type="ply">
        <string name="filename" value="meshes/Cube_016.ply"/>
        <boolean name="face_normals" value="true"/>
        <ref id="mat-Material" name="bsdf"/>
        <animation name="to_world">
            <transform time="0">
                <matrix value="0.9846642979857347 0.04779838472497148 0.16778506085524994 0.08455431444229589 -0.1737923672093712 0.18464825425563647 0.9673164543915397 0.33755576900436113 0.015255018820021027 -0.9816414731875609 0.19012354492764172 0.059306189185804076 0.0 0.0 0.0 1.0"/>
            </transform>
            <transform time="0.0015">
                <matrix value="0.9846622554976405 0.04780844773235952 0.16779419077811006 0.08442042591649943 -0.17380274081491826 0.18461536419343244 0.9673208627621974 0.33754947364778487 0.015268796678771318 -0.9816471651207004 0.1900930267477607 0.059480732039149095 0.0 0.0 0.0 1.0"/>
            </transform>
        </animation>
    </shape>
    <shape name="temp21" type="ply">
        <string name="filename" value="meshes/Cube_017.ply"/>
        <boolean name="face_normals" value="true"/>
        <ref id="mat-Material" name="bsdf"/>
        <animation name="to_world">
            <transform time="0">
                <matrix value="0.9594006581245225 0.006146876557862263 0.2818985949134344 0.18977242119005072 -0.2802214255700525 0.13273581993354513 0.9506813149821214 0.17859713079079353 -0.031609433147703925 -0.9910954418123452 0.12908540774175797 0.26721176068979724 0.0 0.0 0.0 1.0"/>
            </transform>
            <transform time="0.0015">
                <matrix value="0.9594801396338748 0.005742331195679767 0.28163693513690846 0.1899159523373743 -0.279924610561929 0.13227524267091623 0.9508331059069284 0.17885189284322467 -0.03182852621805431 -0.9911596375068161 0.12853889318054507 0.26756919668999063 0.0 0.0 0.0 1.0"/>
            </transform>
        </animation>
    </shape>
    <shape name="temp22" type="ply">
        <string name="filename" value="meshes/Cube_018.ply"/>
        <boolean name="face_normals" value="true"/>
        <ref id="mat-Material" name="bsdf"/>
        <animation name="to_world">
            <transform time="0">
                <matrix value="0.11694841293058666 0.976331027088813 0.1815482806731215 0.8718041202425793 -0.6305349743895239 -0.06823513890656059 0.773056227574948 0.06524490062626578 0.7672219149083288 -0.20496140151807488 0.6077272432853089 -0.21499588625248972 0.0 0.0 0.0 1.0"/>
            </transform>
            <transform time="0.0015">
                <matrix value="0.1162676692014292 0.9763164067803403 0.182065404678222 0.8719744635879756 -0.6308862504278461 -0.06897771466142913 0.7727041706688359 0.0659961903479279 0.7670369899511146 -0.2047838132041251 0.6080205956725087 -0.21505175964465212 0.0 0.0 0.0 1.0"/>
            </transform>
        </animation>
    </shape>
    <shape name="temp23" type="ply">
        <string name="filename" value="meshes/Cube_019.ply"/>
        <boolean name="face_normals" value="true"/>
        <ref id="mat-Material" name="bsdf"/>
        <animation name="to_world">
            <transform time="0">
                <matrix value="-0.06930501554003621 0.9873356096808038 -0.1427048991986671 0.4754132334115976 -0.9225688663840561 -0.009009989091053203 0.38571396826912757 -0.02619053822117128 0.37954344384222743 0.15838891751125833 0.9115093085389303 -0.050450576528896396 0.0 0.0 0.0 1.0"/>
            </transform>
            <transform time="0.0015">
                <matrix value="-0.06926944752470868 0.9873341529063591 -0.14273227960584256 0.47543173376327796 -0.9226610017454295 -0.009004372399562938 0.3854937199436059 -0.025978173664791663 0.37932597949656277 0.15839834299209818 0.9115982163541051 -0.050459156094935495 0.0 0.0 0.0 1.0"/>
            </transform>
        </animation>
    </shape>
    <shape name="temp24" type="ply">
        <string name="filename" value="meshes/Cube_020.ply"/>
        <boolean name="face_normals" value="true"/>
        <ref id="mat-Material" name="bsdf"/>
        <animation name="to_world">
            <transform time="0">
                <matrix value="0.09381790964334931 0.9628267227979057 -0.2532870770044456 0.07350171559505528 -0.9455020759494727 0.006492790607018379 -0.3255482842733201 0.18877895824259971 -0.3118029443045315 0.2700262175067083 0.9109638260594122 0.10642691231152773 0.0 0.0 0.0 1.0"/>
            </transform>
            <transform time="0.0015">
                <matrix value="0.09386095054633281 0.9627703494399394 -0.25348541113216466 0.07374958553072242 -0.9455318150652976 0.006494013201489648 -0.3254618529752762 0.18869593118775815 -0.3116997752142009 0.27022718002344515 0.9109395715105083 0.1063755813014356 0.0 0.0 0.0 1.0"/>
            </transform>
        </animation>
    </shape>
    <shape name="temp25" type="ply">
        <string name="filename" value="meshes/Cube_021.ply"/>
        <boolean name="face_normals" value="true"/>
        <ref id="mat-Material" name="bsdf"/>
        <animation name="to_world">
            <transform time="0">
                <matrix value="0.17286162719160608 0.9362582729656275 -0.3058403593965489 -0.1692546489393319 -0.8098987282523709 -0.04159603314818021 -0.5850928631776922 0.0899982282173409 -0.5605203740246476 0.3488399597015579 0.751084108985812 0.2766094424804241 0.0 0.0 0.0 1.0"/>
            </transform>
            <transform time="0.0015">
                <matrix value="0.17289666862797182 0.9362701148898502 -0.3057843016021049 -0.16921069541577505 -0.8098860265295351 -0.04153956211283937 -0.5851144624918412 0.08993994547569306 -0.5605279216564332 0.34881490918842717 0.7510901087952979 0.27679195165863046 0.0 0.0 0.0 1.0"/>
            </transform>
        </animation>
    </shape>
    <shape name="temp26" type="ply">
        <string name="filename" value="meshes/Cube_022.ply"/>
        <boolean name="face_normals" value="true"/>
        <ref id="mat-Material" name="bsdf"/>
        <animation name="to_world">
            <transform time="0">
                <matrix value="0.6587678869983175 0.3993109425288316 -0.6376330255623727 -0.07534211513993283 -0.6892132380187475 -0.019541315289420824 -0.7242950809441251 -0.16271351308566454 -0.30167919709517454 0.9166071506790455 0.26233723590504665 0.6686087033974794 0.0 0.0 0.0 1.0"/>
            </transform>
            <transform time="0.0015">
                <matrix value="0.6587664030030616 0.39930160865958053 -0.6376404040514849 -0.0753423112395547 -0.6892183921097976 -0.01954138512448441 -0.7242901704617517 -0.16272139118536583 -0.3016706713030751 0.916611213127368 0.26233285306549314 0.6686482034035194 0.0 0.0 0.0 1.0"/>
            </transform>
        </animation>
    </shape>
    <shape name="temp27" type="ply">
        <string name="filename" value="meshes/Cube_023.ply"/>
        <boolean name="face_normals" value="true"/>
        <ref id="mat-Material" name="bsdf"/>
        <animation name="to_world">
            <transform time="0">
                <matrix value="0.8602717600398563 0.26680885147354216 -0.4344491114135921 -0.06136952425543485 -0.4800687733034057 0.13700435732119653 -0.8664664240620188 -0.2870300688844947 -0.1716595349158817 0.9539616372180726 0.24594759304638408 0.21033564303720143 0.0 0.0 0.0 1.0"/>
            </transform>
            <transform time="0.0015">
                <matrix value="0.8602656325755738 0.2668077251015489 -0.43446193653826604 -0.06138419771399338 -0.4800803261266884 0.13699836201853358 -0.8664609774264572 -0.28704163252778425 -0.1716579567746902 0.9539628161540922 0.24594413783694968 0.2103678247433771 0.0 0.0 0.0 1.0"/>
            </transform>
        </animation>
    </shape>
    <shape name="temp28" type="ply">
        <string name="filename" value="meshes/Cube_024.ply"/>
        <boolean name="face_normals" value="true"/>
        <ref id="mat-Material" name="bsdf"/>
        <animation name="to_world">
            <transform time="0">
                <matrix value="0.8590548413462475 0.430661753816567 -0.2766859596775757 -0.1877744967868914 -0.3817988988115817 0.17903672748282834 -0.9067387325711632 -0.5151377547957573 -0.3409609823643195 0.8845767724952703 0.31822853849532484 -0.32541833547988447 0.0 0.0 0.0 1.0"/>
            </transform>
            <transform time="0.0015">
                <matrix value="0.8590656441934332 0.43066769355154494 -0.27664316103657693 -0.18776837067228125 -0.38176538126281745 0.1790611314584349 -0.9067480258930902 -0.5151115272883583 -0.3409712809722568 0.8845689404553436 0.3182392785798228 -0.32543684162500225 0.0 0.0 0.0 1.0"/>
            </transform>
        </animation>
    </shape>
    <shape name="temp29" type="ply">
        <string name="filename" value="meshes/Cube_025.ply"/>
        <boolean name="face_normals" value="true"/>
        <ref id="mat-Material" name="bsdf"/>
        <animation name="to_world">
            <transform time="0">
                <matrix value="0.8983663459373399 0.3695681058272131 -0.2373970557434373 -0.2686836596745456 -0.3213975128850215 0.18466651579085697 -0.9287636855166728 -0.7932153747383135 -0.2994021119556334 0.9106687622412776 0.2846765946401614 -0.7131872116575342 0.0 0.0 0.0 1.0"/>
            </transform>
            <transform time="0.0015">
                <matrix value="0.898380499741555 0.3695505419332645 -0.2373708352994291 -0.2686699288882037 -0.32136677663059177 0.18467275063529714 -0.9287730809630166 -0.7931879354386864 -0.2993926399170966 0.9106746268847893 0.28466780342995024 -0.7131515401816082 0.0 0.0 0.0 1.0"/>
            </transform>
        </animation>
    </shape>
    <shape name="temp30" type="ply">
        <string name="filename" value="meshes/Cube_026.ply"/>
        <boolean name="face_normals" value="true"/>
        <ref id="mat-Material" name="bsdf"/>
        <animation name="to_world">
            <transform time="0">
                <matrix value="0.9233875328663343 0.24058441084386858 -0.2991223586958731 -0.32155235347868943 -0.3482712707015799 0.1973413561718983 -0.916385435021779 -1.1438876600149892 -0.16143819356165573 0.9503546972089367 0.266011410329814 -0.8718839977677761 0.0 0.0 0.0 1.0"/>
            </transform>
            <transform time="0.0015">
                <matrix value="0.9234084045415467 0.24053172667116918 -0.29910028280111256 -0.3215553766288583 -0.3482235913701314 0.19727576302524116 -0.9164176808063773 -1.1438403804042814 -0.1614216494080929 0.9503816550453094 0.2659251492391074 -0.8719723035594296 0.0 0.0 0.0 1.0"/>
            </transform>
        </animation>
    </shape>
    <shape name="temp31" type="ply">
        <string name="filename" value="meshes/Cube_027.ply"/>
        <boolean name="face_normals" value="true"/>
        <ref id="mat-Material" name="bsdf"/>
        <animation name="to_world">
            <transform time="0">
                <matrix value="0.8750458754634087 0.17342145662598585 -0.4519054882012727 -0.5678595711175911 -0.48013769730881684 0.19268344447387797 -0.8557677623905431 -1.5807851207237666 -0.061332480537279244 0.9658139054655284 0.25187331479678743 -1.006658532544019 0.0 0.0 0.0 1.0"/>
            </transform>
            <transform time="0.0015">
                <matrix value="0.8750862146032687 0.17336538207358665 -0.45184888574327253 -0.5678081886098404 -0.4800638326417235 0.19261712594365715 -0.8558241435789735 -1.5806935338377044 -0.061335148537352266 0.9658371988383496 0.2517833261648683 -1.0067441962463797 0.0 0.0 0.0 1.0"/>
            </transform>
        </animation>
    </shape>
    <shape name="temp32" type="ply">
        <string name="filename" value="meshes/Cube_028.ply"/>
        <boolean name="face_normals" value="true"/>
        <ref id="mat-Material" name="bsdf"/>
        <animation name="to_world">
            <transform time="0">
                <matrix value="-0.10619225675366604 0.984152408207366 0.14200853765375743 -1.4829331094631928 -0.801752619998688 -0.0002755711553262985 -0.5976294985440411 -2.119863008867976 -0.5881192301077786 -0.17732396026056324 0.7890757935436654 -1.3332445037928338 0.0 0.0 0.0 1.0"/>
            </transform>
            <transform time="0.0015">
                <matrix value="-0.10614318597720342 0.9841528887927498 0.14204191191316107 -1.4828059845064554 -0.8019953729000686 -0.0002885108942577543 -0.5973038493100347 -2.119745561876984 -0.587797171223366 -0.17732128024613386 0.7893164327110708 -1.3323920833214236 0.0 0.0 0.0 1.0"/>
            </transform>
        </animation>
    </shape>
    <shape name="temp33" type="ply">
        <string name="filename" value="meshes/Cube_029.ply"/>
        <boolean name="face_normals" value="true"/>
        <ref id="mat-Material" name="bsdf"/>
        <animation name="to_world">
            <transform time="0">
                <matrix value="-0.010177733069516175 0.9801129691316437 0.19817589089126242 -1.6204783268503868 -0.9991259283686773 -0.017998172803557613 0.037706662707832864 -1.8351946850911065 0.0405240817372218 -0.19761947173998745 0.9794397525224563 -0.12717164367223077 0.0 0.0 0.0 1.0"/>
            </transform>
            <transform time="0.0015">
                <matrix value="-0.01020943870794373 0.98009846146037 0.19824601036686018 -1.6204394942885207 -0.9991289921008186 -0.01801539743426191 0.03761718640007127 -1.835318872668482 0.04044051285814036 -0.1976898534694454 0.9794290124379583 -0.127385495800057 0.0 0.0 0.0 1.0"/>
            </transform>
        </animation>
    </shape>
    <shape name="temp34" type="ply">
        <string name="filename" value="meshes/Cube_030.ply"/>
        <boolean name="face_normals" value="true"/>
        <ref id="mat-Material" name="bsdf"/>
        <animation name="to_world">
            <transform time="0">
                <matrix value="-0.03892038605701234 0.9808876526430128 -0.1906393290450099 -3.2035052710779075 -0.9759945642880915 0.0035899010843842795 0.21771863929276045 -1.9237573019434646 0.2142415760287009 0.19454066321564006 0.9572017573658952 0.25526387430536734 0.0 0.0 0.0 1.0"/>
            </transform>
            <transform time="0.0015">
                <matrix value="-0.03898924785560837 0.9808825986646712 -0.19065125601547905 -3.203681581695652 -0.9759242748610266 0.0035880881899006357 0.2180337883349365 -1.923157713376006 0.21454929874293438 0.19456616105697938 0.9571276967992633 0.2558533377792857 0.0 0.0 0.0 1.0"/>
            </transform>
        </animation>
    </shape>
    <shape name="temp35" type="ply">
        <string name="filename" value="meshes/Cube_031.ply"/>
        <boolean name="face_normals" value="true"/>
        <ref id="mat-Material" name="bsdf"/>
        <animation name="to_world">
            <transform time="0">
                <matrix value="0.12334943628585157 0.9798137552849988 0.15731838574139012 -1.932259365304772 -0.7915024458048995 0.0015153559591425526 0.6111458743577729 -1.2324930618946044 0.5985704141822998 -0.19990611631064845 0.7757121291134561 0.575245915428837 0.0 0.0 0.0 1.0"/>
            </transform>
            <transform time="0.0015">
                <matrix value="0.1234145613378732 0.979807079653652 0.15730885498019415 -1.9321061671602395 -0.7912947183829463 0.0015045697458433579 0.6114149296441473 -1.2316708057791874 0.5988316771320339 -0.19993888322284786 0.7755020932296124 0.5756434869352033 0.0 0.0 0.0 1.0"/>
            </transform>
        </animation>
    </shape>
    <shape name="temp36" type="ply">
        <string name="filename" value="meshes/Cube_032.ply"/>
        <boolean name="face_normals" value="true"/>
        <ref id="mat-Material" name="bsdf"/>
        <animation name="to_world">
            <transform time="0">
                <matrix value="0.6474796419320352 0.6136340976548893 0.45190678837559056 -0.7230996950197914 -0.5752426302286948 0.004584886415545353 0.8179661396784361 -0.7079318442852092 0.4998597141626199 -0.7895771583757976 0.3559569968526326 -0.17091586580631657 0.0 0.0 0.0 1.0"/>
            </transform>
            <transform time="0.0015">
                <matrix value="0.6474003359490035 0.6136337522341448 0.4520208783698697 -0.723211863188958 -0.5753901521226845 0.00459053584691489 0.8178623642502518 -0.7084169077595015 0.4997926790650915 -0.7895773911593429 0.3560506109013474 -0.17101731549745408 0.0 0.0 0.0 1.0"/>
            </transform>
        </animation>
    </shape>
    <shape name="temp37" type="ply">
        <string name="filename" value="meshes/Cube_033.ply"/>
        <boolean name="face_normals" value="true"/>
        <ref id="mat-Material" name="bsdf"/>
        <animation name="to_world">
            <transform time="0">
                <matrix value="0.9767546589081728 0.16890878201504728 0.1319876686739782 -0.14030450996888288 -0.15009401145689832 0.09929846920151933 0.9836719381249407 0.3004547784464666 0.15304495618117575 -0.9806162824895761 0.12234245551394472 -0.3731878927217031 0.0 0.0 0.0 1.0"/>
            </transform>
            <transform time="0.0015">
                <matrix value="0.9767520738841786 0.1689105173788316 0.13200460771057476 -0.14030151025645754 -0.15009876343310496 0.0992182219552295 0.983679308103685 0.30044670597846723 0.15305682016475403 -0.9806241070203561 0.12226487840281158 -0.3732385341713588 0.0 0.0 0.0 1.0"/>
            </transform>
        </animation>
    </shape>
    <shape name="temp38" type="ply">
        <string name="filename" value="meshes/Cube_034.ply"/>
        <boolean name="face_normals" value="true"/>
        <ref id="mat-Material" name="bsdf"/>
        <animation name="to_world">
            <transform time="0">
                <matrix value="0.999924870617896 0.0023201661163523655 0.01205195402016263 -0.034543018552527505 -0.012272883213037674 0.18160935124097094 0.9832942965844185 0.3693546270590433 9.266044666301437e-05 -0.983367923524737 0.18162417539398829 -0.3593659473510767 0.0 0.0 0.0 1.0"/>
            </transform>
            <transform time="0.0015">
