
<scene version="2.1.0">
    <default name="spp" value="1024"/>
    <default name="resx" value="640"/>
    <default name="resy" value="360"/>
    <integrator name="temp0" type="path">
        <integer name="max_depth" value="12"/>
    </integrator>
    <sensor name="temp44" type="perspective">
        <string name="fov_axis" value="x"/>
        <float name="fov" value="83.974423"/>
        <float name="principal_point_offset_x" value="0.000000"/>
        <float name="principal_point_offset_y" value="-0.000000"/>
        <float name="near_clip" value="0.100000"/>
        <float name="far_clip" value="1000.000000"/>
        <sampler name="sampler" type="correlated">
            <integer name="sample_count" value="1024"/>
        </sampler>
        <film name="film" type="hdrfilm">
            <integer name="width" value="$resx"/>
            <integer name="height" value="$resy"/>
        </film>
        <float name="shutter_open" value="0.0"/>
        <float name="shutter_close" value="0.0015"/>
        <animation name="to_world">
            <transform time="0">
                <rotate angle="-142.5518126578256" x="1"/>
                <rotate angle="3.976628485794621e-06" y="1"/>
                <rotate angle="-179.999991348578" z="1"/>
                <translate value="-0.000000 3.030926 4.073377"/>
                <translate x="2.1" y="0.0" z="0.0"/>
            </transform>
            <transform time="0.0015">
                <rotate angle="-142.5518126578256" x="1"/>
                <rotate angle="3.976628485794621e-06" y="1"/>
                <rotate angle="-179.999991348578" z="1"/>
                <translate value="-0.000000 3.030926 4.073377"/>
                <translate x="2.25" y="0.0" z="0.0"/>
            </transform>
        </animation>
    </sensor>
    <bsdf id="mat-Material" name="mat-Material" type="twosided">
        <bsdf name="bsdf" type="diffuse">
            <texture name="reflectance" type="bitmap">
                <string name="filename" value="textures/siggraph_2023_logo.jpg"/>
            </texture>
        </bsdf>
    </bsdf>
    <bsdf id="mat-Material.001" name="mat-Material.001" type="twosided">
        <bsdf name="bsdf" type="principled">
            <rgb name="base_color" value="0.433648 0.266232 0.084399"/>
            <float name="spec_tint" value="0.000000"/>
            <float name="spec_trans" value="0.000000"/>
            <float name="metallic" value="0.000000"/>
            <float name="anisotropic" value="0.000000"/>
            <float name="roughness" value="0.500000"/>
            <float name="sheen" value="0.000000"/>
            <float name="sheen_tint" value="0.500000"/>
            <float name="clearcoat" value="0.000000"/>
            <float name="clearcoat_gloss" value="0.173205"/>
            <float name="specular" value="0.500000"/>
        </bsdf>
    </bsdf>
    <bsdf id="mat-Material.002" name="mat-Material.002" type="twosided">
        <bsdf name="bsdf" type="principled">
            <rgb name="base_color" value="0.433648 0.266232 0.084399"/>
            <float name="spec_tint" value="0.000000"/>
            <float name="spec_trans" value="0.000000"/>
            <float name="metallic" value="0.000000"/>
            <float name="anisotropic" value="0.000000"/>
            <float name="roughness" value="0.500000"/>
            <float name="sheen" value="0.000000"/>
            <float name="sheen_tint" value="0.500000"/>
            <float name="clearcoat" value="0.000000"/>
            <float name="clearcoat_gloss" value="0.173205"/>
            <float name="specular" value="0.500000"/>
        </bsdf>
    </bsdf>
    <bsdf id="mat-Material.003" name="mat-Material.003" type="twosided">
        <bsdf name="bsdf" type="principled">
            <rgb name="base_color" value="0.433648 0.266232 0.084399"/>
            <float name="spec_tint" value="0.000000"/>
            <float name="spec_trans" value="0.000000"/>
            <float name="metallic" value="0.000000"/>
            <float name="anisotropic" value="0.000000"/>
            <float name="roughness" value="0.500000"/>
            <float name="sheen" value="0.000000"/>
            <float name="sheen_tint" value="0.500000"/>
            <float name="clearcoat" value="0.000000"/>
            <float name="clearcoat_gloss" value="0.173205"/>
            <float name="specular" value="0.500000"/>
        </bsdf>
    </bsdf>
    <bsdf id="mat-Material.004" name="mat-Material.004" type="twosided">
        <bsdf name="bsdf" type="principled">
            <rgb name="base_color" value="0.433648 0.266232 0.084399"/>
            <float name="spec_tint" value="0.000000"/>
            <float name="spec_trans" value="0.000000"/>
            <float name="metallic" value="0.000000"/>
            <float name="anisotropic" value="0.000000"/>
            <float name="roughness" value="0.500000"/>
            <float name="sheen" value="0.000000"/>
            <float name="sheen_tint" value="0.500000"/>
            <float name="clearcoat" value="0.000000"/>
            <float name="clearcoat_gloss" value="0.173205"/>
            <float name="specular" value="0.500000"/>
        </bsdf>
    </bsdf>
    <bsdf id="mat-Material.005" name="mat-Material.005" type="twosided">
        <bsdf name="bsdf" type="principled">
            <rgb name="base_color" value="0.433648 0.266232 0.084399"/>
            <float name="spec_tint" value="0.000000"/>
            <float name="spec_trans" value="0.000000"/>
            <float name="metallic" value="0.000000"/>
            <float name="anisotropic" value="0.000000"/>
            <float name="roughness" value="0.500000"/>
            <float name="sheen" value="0.000000"/>
            <float name="sheen_tint" value="0.500000"/>
            <float name="clearcoat" value="0.000000"/>
            <float name="clearcoat_gloss" value="0.173205"/>
            <float name="specular" value="0.500000"/>
        </bsdf>
    </bsdf>
    <emitter name="temp45" type="point">
        <point name="position" x="-6.815235034541981e-16" y="3.0693089962005615" z="4.109199523925781"/>
        <rgb name="intensity" value="7.957747 7.957747 7.957747"/>
    </emitter>
    <shape name="temp2" type="ply">
        <string name="filename" value="meshes/Cube.ply"/>
        <boolean name="face_normals" value="true"/>
        <ref id="mat-Material" name="bsdf"/>
        <animation name="to_world">
            <transform time="0">
                <matrix value="1.0 0.000234842717182947 0.0004057584011354541 -0.0011726599512331681 -0.00023409340332998242 0.99999833132745 -0.0018461978884223497 -0.014776623365079455 -0.00040619199080895065 0.001846102502383073 0.9999983452326863 0.0009871640365664014 0.0 0.0 0.0 1.0"/>
                <scale value="1"/>
            </transform>
            <transform time="0.0015">
                <matrix value="1.0 0.00023440966469726079 0.0004060834971955363 -0.00117327464785871 -0.0002336921661180441 0.999998391400623 -0.001768033817203773 -0.0148812550740505 -0.00040649889060203915 0.0017679385186405632 0.9999984048052627 0.0009915095452441474 0.0 0.0 0.0 1.0"/>
                <scale value="1"/>
            </transform>
        </animation>
    </shape>
    <shape name="temp4" type="ply">
        <string name="filename" value="meshes/Plane.ply"/>
        <boolean name="face_normals" value="true"/>
        <ref id="mat-Material.001" name="bsdf"/>
        <transform name="to_world">
            <scale value="1"/>
        </transform>
    </shape>
    <shape name="temp5" type="ply">
        <string name="filename" value="meshes/Cube_001.ply"/>
        <boolean name="face_normals" value="true"/>
        <ref id="mat-Material" name="bsdf"/>
        <animation name="to_world">
            <transform time="0">
                <matrix value="1.0 -7.281586406993408e-05 -4.0442749542456836e-06 0.0006057549521387706 7.281787928592072e-05 0.9999997914159312 0.00046846226255862014 -0.01844445926006011 4.010171498882146e-06 -0.0004684631317229253 1.0 0.00019344197617443548 0.0 0.0 0.0 1.0"/>
                <scale value="1"/>
            </transform>
            <transform time="0.0015">
                <matrix value="1.0 -7.399698525124279e-05 -4.401552971165658e-06 0.0006078043745742527 7.400057563407918e-05 0.9999996036872657 0.0005710599409064783 -0.01854301535744723 4.356056006913184e-06 -0.0005710604518353105 0.9999998042615346 0.00019232333891380424 0.0 0.0 0.0 1.0"/>
                <scale value="1"/>
            </transform>
        </animation>
    </shape>
    <shape name="temp6" type="ply">
        <string name="filename" value="meshes/Cube_002.ply"/>
        <boolean name="face_normals" value="true"/>
        <ref id="mat-Material" name="bsdf"/>
        <animation name="to_world">
            <transform time="0">
                <matrix value="1.0 4.79726671436289e-06 -0.00012293904640960408 -0.00044935038437277086 -4.418015449615001e-06 0.9999952025664184 0.0030846281099578695 -0.01964989138269846 0.00012295333379430418 -0.0030846350717424905 0.9999952720933893 -0.0001945051868280645 0.0 0.0 0.0 1.0"/>
                <scale value="1"/>
            </transform>
            <transform time="0.0015">
                <matrix value="1.0 3.945577802675195e-06 -0.00012276413281476454 -0.0004503780386869017 -3.5813114783900555e-06 0.9999953752767907 0.0029623053558200415 -0.01957649470954803 0.00012277811065553723 -0.0029623121996433777 0.9999954423007507 -0.00020188683201449023 0.0 0.0 0.0 1.0"/>
                <scale value="1"/>
            </transform>
        </animation>
    </shape>
    <shape name="temp7" type="ply">
        <string name="filename" value="meshes/Cube_003.ply"/>
        <boolean name="face_normals" value="true"/>
        <ref id="mat-Material" name="bsdf"/>
        <animation name="to_world">
            <transform time="0">
                <matrix value="1.0 -1.7431391485181146e-05 0.0004978225626104852 -0.0007761679620119644 1.7478285613986564e-05 1.0 -9.418580956654079e-05 -0.01778341212031287 -0.0004978219127807711 9.419447961403604e-05 1.0 0.0011563345964755167 0.0 0.0 0.0 1.0"/>
                <scale value="1"/>
            </transform>
            <transform time="0.0015">
                <matrix value="1.0 -5.110608231415854e-06 0.0004982878244325977 -0.000774767124417527 5.10341033989433e-06 0.9999998498170676 1.188848179138281e-05 -0.017782634803011364 -0.0004982538670988133 -1.1886333616258589e-05 0.9999998553237429 0.0011587924858963078 0.0 0.0 0.0 1.0"/>
                <scale value="1"/>
            </transform>
        </animation>
    </shape>
    <shape name="temp8" type="ply">
        <string name="filename" value="meshes/Cube_004.ply"/>
        <boolean name="face_normals" value="true"/>
        <ref id="mat-Material" name="bsdf"/>
        <animation name="to_world">
            <transform time="0">
                <matrix value="1.0 0.00028305901051889457 7.511816220596557e-05 -0.0005513943622572626 -0.00028308352259732246 0.9999997914159312 0.00031869163694783374 -0.01710016295060046 -7.502787987099908e-05 -0.00031871228539306624 1.0 0.00031502821906313414 0.0 0.0 0.0 1.0"/>
                <scale value="1"/>
            </transform>
            <transform time="0.0015">
                <matrix value="1.0 0.0002596414364125666 7.53358744418039e-05 -0.0005521314625276492 -0.00025965888087966306 0.999999716324465 0.000230954593107683 -0.017160173964593597 -7.522081521120772e-05 -0.0002309734638844102 0.9999999234066874 0.0003139455748085058 0.0 0.0 0.0 1.0"/>
                <scale value="1"/>
            </transform>
        </animation>
    </shape>
    <shape name="temp9" type="ply">
        <string name="filename" value="meshes/Cube_005.ply"/>
        <boolean name="face_normals" value="true"/>
        <ref id="mat-Material" name="bsdf"/>
        <animation name="to_world">
            <transform time="0">
                <matrix value="1.0 7.742140030828725e-05 0.00044095766585141796 -0.0003997668152324607 -7.756277625007313e-05 1.0 0.00032089720538168155 -0.017485489083649608 -0.00044093323546567806 -0.00032093161988473647 1.0 0.0010353680733352633 0.0 0.0 0.0 1.0"/>
                <scale value="1"/>
            </transform>
            <transform time="0.0015">
                <matrix value="1.0 8.261941181950045e-05 0.0004412802088010807 -0.0003997568104267279 -8.279374782864527e-05 0.9999998948719473 0.00039397565085198745 -0.01744208998784552 -0.0004412378055457841 -0.0003940124370044687 0.9999998978755832 0.0010354401452642432 0.0 0.0 0.0 1.0"/>
                <scale value="1"/>
            </transform>
        </animation>
    </shape>
    <shape name="temp10" type="ply">
        <string name="filename" value="meshes/Cube_006.ply"/>
        <boolean name="face_normals" value="true"/>
        <ref id="mat-Material" name="bsdf"/>
        <animation name="to_world">
            <transform time="0">
                <matrix value="1.0 0.00022791146857785294 -0.00018698705168216555 -0.0006435716560977411 -0.00022798819914649477 0.9999997914159312 -0.00041265405292702337 -0.01750646331824607 0.0001868930919973689 0.00041269818093833633 1.0 -0.0005727349242934388 0.0 0.0 0.0 1.0"/>
                <scale value="1"/>
            </transform>
            <transform time="0.0015">
                <matrix value="1.0 0.0002153732662437112 -0.00018711958364404148 -0.0006426911428271636 -0.00021543750873122706 0.9999997613793448 -0.00034676108142134174 -0.017492849264846445 0.00018702285381910216 0.0003468027911296549 0.9999999659585278 -0.0005699102725053851 0.0 0.0 0.0 1.0"/>
                <scale value="1"/>
            </transform>
        </animation>
    </shape>
    <shape name="temp11" type="ply">
        <string name="filename" value="meshes/Cube_007.ply"/>
        <boolean name="face_normals" value="true"/>
        <ref id="mat-Material" name="bsdf"/>
        <animation name="to_world">
            <transform time="0">
                <matrix value="1.0 -0.00015188779011436667 -1.0539094823367772e-05 0.00044873994401184447 0.00015189166476072954 1.0 0.0003481748625715746 -0.017821657296623716 1.0486200128717242e-05 -0.0003481768709469508 1.0 5.472257027028249e-05 0.0 0.0 0.0 1.0"/>
                <scale value="1"/>
            </transform>
            <transform time="0.0015">
                <matrix value="0.9999999840430618 -0.0001820350989689941 -1.0657006823944882e-05 0.00044931328468047067 0.00018204000175810225 0.9999998573262142 0.0004294935570244784 -0.01780872389695885 1.0513165758641863e-05 -0.0004294959728255934 0.9999998808548471 5.561719280249983e-05 0.0 0.0 0.0 1.0"/>
                <scale value="1"/>
            </transform>
        </animation>
    </shape>
    <shape name="temp12" type="ply">
        <string name="filename" value="meshes/Cube_008.ply"/>
        <boolean name="face_normals" value="true"/>
        <ref id="mat-Material" name="bsdf"/>
        <animation name="to_world">
            <transform time="0">
                <matrix value="0.9999995567588077 -0.0008789044330372135 6.382366610388818e-05 1.5133740753903169e-06 0.0008788409065523459 0.9999991656637249 0.001014504744690679 -0.01845051166813011 -6.471543028968472e-05 -0.0010144486184434204 0.9999995272093389 0.00021698673638881338 0.0 0.0 0.0 1.0"/>
                <scale value="1"/>
            </transform>
            <transform time="0.0015">
                <matrix value="0.9999995567588077 -0.0008856780587475181 6.397509959323645e-05 1.764783205100652e-06 0.0008856138289865165 0.9999991506454317 0.001022103397024858 -0.018456361708817124 -6.488184519854551e-05 -0.0010220466733613458 0.9999995186989709 0.0002169197235173698 0.0 0.0 0.0 1.0"/>
                <scale value="1"/>
            </transform>
        </animation>
    </shape>
    <shape name="temp13" type="ply">
        <string name="filename" value="meshes/Cube_009.ply"/>
        <boolean name="face_normals" value="true"/>
        <ref id="mat-Material" name="bsdf"/>
        <animation name="to_world">
            <transform time="0">
                <matrix value="0.9999982270352306 -0.001930812664390319 0.00024445641130139886 0.0005731833486297688 0.0019306079318897856 0.9999977055752436 0.0008408250953500565 -0.020498180163228186 -0.00024607997489481886 -0.0008403518396071946 0.9999997636046695 0.0004248563305317976 0.0 0.0 0.0 1.0"/>
                <scale value="1"/>
            </transform>
            <transform time="0.0015">
                <matrix value="0.9999982110782923 -0.0019359607100399101 0.00024468465937290166 0.0005726425303273889 0.001935753565762673 0.9999976905569503 0.0008496233691666752 -0.020495837069132782 -0.00024633080200694686 -0.0008491483543259787 0.9999997550943014 0.0004251477698126965 0.0 0.0 0.0 1.0"/>
                <scale value="1"/>
            </transform>
        </animation>
    </shape>
    <shape name="temp14" type="ply">
        <string name="filename" value="meshes/Cube_010.ply"/>
        <boolean name="face_normals" value="true"/>
        <ref id="mat-Material" name="bsdf"/>
        <animation name="to_world">
            <transform time="0">
                <matrix value="0.9999995567588077 0.0007524461696664533 0.0010013635282664988 0.0018137639446378362 -0.0007526767335606275 0.9999995828318625 0.0002280006959478531 -0.016064032725748745 -0.0010011932052898177 -0.0002287541482156676 0.9999995272093389 0.0016587674072425784 0.0 0.0 0.0 1.0"/>
                <scale value="1"/>
            </transform>
            <transform time="0.0015">
                <matrix value="0.9999995567588077 0.0007274998384359547 0.0010037871959877247 0.0018211758419585608 -0.0007277339168253408 0.9999995978501558 0.00023084325249560526 -0.016103058652984795 -0.0010036223299974482 -0.00023157188039407754 0.9999995272093389 0.0016642631278091218 0.0 0.0 0.0 1.0"/>
                <scale value="1"/>
            </transform>
        </animation>
    </shape>
    <shape name="temp15" type="ply">
        <string name="filename" value="meshes/Cube_011.ply"/>
        <boolean name="face_normals" value="true"/>
        <ref id="mat-Material" name="bsdf"/>
        <animation name="to_world">
            <transform time="0">
                <matrix value="1.0 -0.00012463669869822682 -0.0002513378793731363 -0.00021043769866935236 0.0001246939419566794 1.0 0.00022810494628861693 -0.01762262239399509 0.0002513084479998298 -0.00022813673937212024 1.0 -0.000397058297169961 0.0 0.0 0.0 1.0"/>
                <scale value="1"/>
            </transform>
            <transform time="0.0015">
                <matrix value="0.9999999680861236 -0.00016844680972168152 -0.0002515381283337053 -0.00021339909817308272 0.0001684988809306878 0.9999999624542669 0.00020801026521358526 -0.017717101216205133 0.00025152570171390975 -0.00020805330145739172 1.0 -0.0003972535840130105 0.0 0.0 0.0 1.0"/>
                <scale value="1"/>
            </transform>
        </animation>
    </shape>
    <shape name="temp16" type="ply">
        <string name="filename" value="meshes/Cube_012.ply"/>
        <boolean name="face_normals" value="true"/>
        <ref id="mat-Material" name="bsdf"/>
        <animation name="to_world">
            <transform time="0">
                <matrix value="0.9999991135176153 -0.0013074070288659494 -0.00011887422870113531 -0.0005222619043312449 0.0013072246541388976 0.9999979141593124 -0.0015223410135024283 -0.021386538238603925 0.00012086433805473853 0.0015221839586336077 0.9999988180233473 -0.00014022759294340936 0.0 0.0 0.0 1.0"/>
                <scale value="1"/>
            </transform>
            <transform time="0.0015">
                <matrix value="0.9999991294745535 -0.001294432725332593 -0.00011896311098520598 -0.0005233783056302803 0.0012942521420613673 0.9999979517050456 -0.001507098093261242 -0.02135047223976637 0.00012091903843901074 0.0015069425686436268 0.9999988435544515 -0.00013888824638634954 0.0 0.0 0.0 1.0"/>
                <scale value="1"/>
            </transform>
        </animation>
    </shape>
    <shape name="temp17" type="ply">
        <string name="filename" value="meshes/Cube_013.ply"/>
        <boolean name="face_normals" value="true"/>
        <ref id="mat-Material" name="bsdf"/>
        <animation name="to_world">
            <transform time="0">
                <matrix value="1.0 -0.0007593815899529226 3.718498549241857e-05 -0.00038302362638475973 0.0007594494589798006 0.9999977055752436 -0.0019410018717782272 -0.020633011505253485 -3.5710879089121615e-05 0.0019410291120784777 0.9999981088373558 6.322883812726054e-05 0.0 0.0 0.0 1.0"/>
                <scale value="1"/>
            </transform>
            <transform time="0.0015">
                <matrix value="1.0 -0.0007282797859620361 3.7224499131344276e-05 -0.0003850988222777152 0.0007283449343725261 0.9999977881758564 -0.0018639050262461033 -0.020518837240714623 -3.580270967297462e-05 0.0018639311418087092 0.9999981769203004 6.708517613032823e-05 0.0 0.0 0.0 1.0"/>
                <scale value="1"/>
            </transform>
        </animation>
    </shape>
    <shape name="temp18" type="ply">
        <string name="filename" value="meshes/Cube_014.ply"/>
        <boolean name="face_normals" value="true"/>
        <ref id="mat-Material" name="bsdf"/>
        <animation name="to_world">
            <transform time="0">
                <matrix value="1.0 0.0005290922629911372 -1.6584101657556778e-05 -9.97973501746241e-05 -0.0005290482547821292 0.9999968712389685 0.0024596697746348756 -0.015210075483216179 1.7885446973283194e-05 -0.0024596567123396254 0.9999969268607032 0.00013763273110611873 0.0 0.0 0.0 1.0"/>
                <scale value="1"/>
            </transform>
            <transform time="0.0015">
                <matrix value="1.0 0.0005157734773565001 -1.6672441831181693e-05 -9.913692347894126e-05 -0.0005157305143458681 0.9999969688578746 0.0023994014755907007 -0.01527314005832659 1.7931438060666315e-05 -0.0023993887521008782 0.99999702898512 0.000132986322411914 0.0 0.0 0.0 1.0"/>
                <scale value="1"/>
            </transform>
        </animation>
    </shape>
    <shape name="temp19" type="ply">
        <string name="filename" value="meshes/Cube_015.ply"/>
        <boolean name="face_normals" value="true"/>
        <ref id="mat-Material" name="bsdf"/>
        <animation name="to_world">
            <transform time="0">
                <matrix value="1.0 -0.0002451843153123651 -2.446738950054867e-05 0.0005644117390568582 0.0002451824114803015 1.0 -7.307239701555623e-05 -0.018058125007755887 2.4485308327438227e-05 7.306637353652203e-05 1.0 -7.961568304926114e-05 0.0 0.0 0.0 1.0"/>
                <scale value="1"/>
            </transform>
            <transform time="0.0015">
                <matrix value="1.0 -0.00024514271464007965 -2.4530400265701786e-05 0.0005641555183433535 0.00024514077982844436 1.0 -7.290007057260844e-05 -0.01805799372482538 2.4548271214328908e-05 7.289403862154894e-05 1.0 -7.964250708307716e-05 0.0 0.0 0.0 1.0"/>
                <scale value="1"/>
            </transform>
        </animation>
    </shape>
    <shape name="temp20" type="ply">
        <string name="filename" value="meshes/Cube_016.ply"/>
        <boolean name="face_normals" value="true"/>
        <ref id="mat-Material" name="bsdf"/>
        <animation name="to_world">
            <transform time="0">
                <matrix value="1.0 -0.0006389159468778093 0.0003206939053974255 0.0005368021561037439 0.0006395349868002773 0.9999979141593124 -0.0019382455022242436 -0.018501691306481882 -0.0003194541218771442 0.00193845101298853 0.9999981088373558 0.00034421325126771096 0.0 0.0 0.0 1.0"/>
                <scale value="1"/>
            </transform>
            <transform time="0.0015">
                <matrix value="1.0 -0.0006113076306789862 0.0003207181599464107 0.0005355581933901021 0.0006118866552301785 0.9999979441958989 -0.0018132989165083018 -0.01846296428629447 -0.0003195159071419931 0.0018134955842667038 0.9999981343684601 0.00034911223095228334 0.0 0.0 0.0 1.0"/>
                <scale value="1"/>
            </transform>
        </animation>
    </shape>
    <shape name="temp21" type="ply">
        <string name="filename" value="meshes/Cube_017.ply"/>
        <boolean name="face_normals" value="true"/>
        <ref id="mat-Material" name="bsdf"/>
        <animation name="to_world">
            <transform time="0">
                <matrix value="0.9999995567588077 0.0009702746843601581 7.9028140972937e-05 0.00043224258404161997 -0.00097046772583582 0.999996454070831 0.0024970438763917183 -0.017541445164461378 -7.660493203339557e-05 -0.0024971204969306856 0.9999969268607032 0.00010518775764162269 0.0 0.0 0.0 1.0"/>
                <scale value="1"/>
            </transform>
            <transform time="0.0015">
                <matrix value="0.9999995727157459 0.0009577359864223394 7.91733448728617e-05 0.0004334939937938715 -0.0009579266893681848 0.9999965291622973 0.0024641341128770777 -0.01754444273581009 -7.68019204359161e-05 -0.002464209859664924 0.9999969949436478 0.000102554497492723 0.0 0.0 0.0 1.0"/>
                <scale value="1"/>
            </transform>
        </animation>
    </shape>
    <shape name="temp22" type="ply">
        <string name="filename" value="meshes/Cube_018.ply"/>
        <boolean name="face_normals" value="true"/>
        <ref id="mat-Material" name="bsdf"/>
        <animation name="to_world">
            <transform time="0">
                <matrix value="0.9999915784173453 0.00410861389628783 -0.00033674514834043385 0.0004215837352654628 -0.004106744889872294 0.9999770557524358 0.0053820597692497895 -0.01788432961999381 0.00035885117201836086 -0.0053806304662062515 0.9999855798848376 -7.745931330710443e-05 0.0 0.0 0.0 1.0"/>
                <scale value="1"/>
            </transform>
            <transform time="0.0015">
                <matrix value="0.9999914667187777 0.004134412245330638 -0.00033553505910527426 0.0004215149095324774 -0.004132539440099791 0.9999767628957175 0.005412092007114298 -0.017886273791777492 0.0003579247919690835 -0.0054106587926326544 0.9999854011671082 -7.673712438248628e-05 0.0 0.0 0.0 1.0"/>
                <scale value="1"/>
            </transform>
        </animation>
    </shape>
    <shape name="temp23" type="ply">
        <string name="filename" value="meshes/Cube_019.ply"/>
        <boolean name="face_normals" value="true"/>
        <ref id="mat-Material" name="bsdf"/>
        <animation name="to_world">
            <transform time="0">
                <matrix value="0.9999162274146451 0.011622865402786267 -0.005754902484562203 0.00330225998958808 -0.011577251620933041 0.9999017569036113 0.007896786016365176 -0.018265292814885314 0.005846120841732754 -0.007829495038827924 0.9999522481432328 -0.0008283374490133388 0.0 0.0 0.0 1.0"/>
                <scale value="1"/>
            </transform>
            <transform time="0.0015">
                <matrix value="0.9999146795916363 0.011737271907242152 -0.005758725341896993 0.003301790035065017 -0.011691319474772645 0.9998998120346362 0.007948106088907428 -0.01827271604855314 0.00585159470982515 -0.007880083558888081 0.9999517885833573 -0.0008281884868954338 0.0 0.0 0.0 1.0"/>
                <scale value="1"/>
            </transform>
        </animation>
    </shape>
    <shape name="temp24" type="ply">
        <string name="filename" value="meshes/Cube_020.ply"/>
        <boolean name="face_normals" value="true"/>
        <ref id="mat-Material" name="bsdf"/>
        <animation name="to_world">
            <transform time="0">
                <matrix value="0.9999965508514413 0.00028600454843141077 0.0026008458734161385 -0.0014390281407233307 -0.00030864011648911463 0.999962006978767 0.008703035920899473 -0.01598025772237205 -0.002598256601480528 -0.008703800204007697 0.9999588672104728 -8.745388735587056e-05 0.0 0.0 0.0 1.0"/>
                <scale value="1"/>
            </transform>
            <transform time="0.0015">
                <matrix value="0.9999936551979234 -0.00017834028011215307 0.0026125535867652164 -0.0014515782682269077 0.00015565044831954763 0.9999593370028763 0.008682302962594458 -0.01587555229618023 -0.0026137353787026433 -0.008681689353509874 0.9999590033763491 -8.536700442842476e-05 0.0 0.0 0.0 1.0"/>
                <scale value="1"/>
            </transform>
        </animation>
    </shape>
    <shape name="temp25" type="ply">
        <string name="filename" value="meshes/Cube_021.ply"/>
        <boolean name="face_normals" value="true"/>
        <ref id="mat-Material" name="bsdf"/>
        <animation name="to_world">
            <transform time="0">
                <matrix value="0.9995057860705251 0.026541613564639164 0.016850046404403383 -0.01091537050599034 -0.026688358890620486 0.9996072361985137 0.008544698338282664 -0.01984098193021866 -0.01661664689810949 -0.00899016943283906 0.9998217579207802 -0.007541384659175976 0.0 0.0 0.0 1.0"/>
                <scale value="1"/>
            </transform>
            <transform time="0.0015">
                <matrix value="0.9995080679126928 0.02640148763227147 0.01691572772305529 -0.010956924088176983 -0.026550131753583787 0.9996099770370307 0.008616512228162194 -0.019812894319723356 -0.016681924179321888 -0.009061143784148412 0.9998199026605421 -0.0075705979627693435 0.0 0.0 0.0 1.0"/>
                <scale value="1"/>
            </transform>
        </animation>
    </shape>
    <shape name="temp26" type="ply">
        <string name="filename" value="meshes/Cube_022.ply"/>
        <boolean name="face_normals" value="true"/>
        <ref id="mat-Material" name="bsdf"/>
        <animation name="to_world">
            <transform time="0">
                <matrix value="0.999504456346948 0.02798459815236232 0.014438955870192486 -0.006969097563672366 -0.028142974538452947 0.9995446609778839 0.010884350203607299 -0.019375512727589694 -0.014127776684449504 -0.011285295031736066 0.9998366508266034 -0.010152048067557318 0.0 0.0 0.0 1.0"/>
                <scale value="1"/>
            </transform>
            <transform time="0.0015">
                <matrix value="0.9995039457249244 0.027992505283755204 0.014458231853859667 -0.0069779152300212515 -0.028150961464748096 0.9995445333223912 0.010874926673048945 -0.019378061681403724 -0.014147222288091755 -0.011276532984000276 0.9998364635985061 -0.010166007807412435 0.0 0.0 0.0 1.0"/>
                <scale value="1"/>
            </transform>
        </animation>
    </shape>
    <shape name="temp27" type="ply">
        <string name="filename" value="meshes/Cube_023.ply"/>
        <boolean name="face_normals" value="true"/>
        <ref id="mat-Material" name="bsdf"/>
        <animation name="to_world">
            <transform time="0">
                <matrix value="0.9994769753930219 0.030900353132828424 0.009561623771157974 -0.0026714423841639467 -0.030984088527676867 0.9994816685891166 0.008736225835078324 -0.019922556478315256 -0.009286709678791973 -0.009027902290878827 0.9999163160529922 -0.008418524310410652 0.0 0.0 0.0 1.0"/>
                <scale value="1"/>
            </transform>
            <transform time="0.0015">
                <matrix value="0.999477454101169 0.030881972994641946 0.009570739226392374 -0.0026722573629303263 -0.030966123408764132 0.9994819013726619 0.0087711651511691 -0.019910152827631623 -0.00929492191705501 -0.009062934637522614 0.999915899044957 -0.008425963144400491 0.0 0.0 0.0 1.0"/>
                <scale value="1"/>
            </transform>
        </animation>
    </shape>
    <shape name="temp28" type="ply">
        <string name="filename" value="meshes/Cube_024.ply"/>
        <boolean name="face_normals" value="true"/>
        <ref id="mat-Material" name="bsdf"/>
        <animation name="to_world">
            <transform time="0">
                <matrix value="0.9995585317724152 0.028532590217824345 0.008318704402295683 -0.0009864949856082106 -0.02865060981123244 0.9994852145182855 0.014429334580239905 -0.016302823892174634 -0.007902724514961164 -0.014661284502412275 0.9998614723363092 -0.0077996914738884815 0.0 0.0 0.0 1.0"/>
                <scale value="1"/>
            </transform>
            <transform time="0.0015">
                <matrix value="0.9995582764614034 0.028541828720913296 0.008317015094234784 -0.0009874764377142795 -0.02865964048085759 0.999485282100605 0.014406165103182997 -0.01631749093913074 -0.007901570509187954 -0.014638148596395737 0.9998618127510318 -0.007798634281219207 0.0 0.0 0.0 1.0"/>
                <scale value="1"/>
            </transform>
        </animation>
    </shape>
    <shape name="temp29" type="ply">
        <string name="filename" value="meshes/Cube_025.ply"/>
        <boolean name="face_normals" value="true"/>
        <ref id="mat-Material" name="bsdf"/>
        <animation name="to_world">
            <transform time="0">
                <matrix value="0.9995603047371846 0.029338246183433003 0.00437589032391361 0.0010533317722694058 -0.029393721399862065 0.9994806256687727 0.013199227838292355 -0.01617631827161553 -0.003986387176500416 -0.013322037115449195 0.999903314309813 -0.004787503345694721 0.0 0.0 0.0 1.0"/>
                <scale value="1"/>
            </transform>
            <transform time="0.0015">
                <matrix value="0.9995596983735316 0.029358438278699352 0.004376496262119837 0.001052314221729146 -0.029413687359260185 0.9994807533242652 0.013141350527156037 -0.016229788552657713 -0.003988456950958977 -0.013264283743139732 0.9999040376910986 -0.004791306696396557 0.0 0.0 0.0 1.0"/>
                <scale value="1"/>
            </transform>
        </animation>
    </shape>
    <shape name="temp30" type="ply">
        <string name="filename" value="meshes/Cube_026.ply"/>
        <boolean name="face_normals" value="true"/>
        <ref id="mat-Material" name="bsdf"/>
        <animation name="to_world">
            <transform time="0">
                <matrix value="0.9994033973550911 0.032777422026060495 0.010885390343061631 0.007076093115860438 -0.03282762615974058 0.999451006731008 0.0044650350030565914 -0.02686280597389401 -0.010733072175622797 -0.004819716617684175 0.9999309725634852 -0.013895783336157597 0.0 0.0 0.0 1.0"/>
                <scale value="1"/>
            </transform>
            <transform time="0.0015">
                <matrix value="0.9994037164938558 0.03276440341856207 0.010895063227404288 0.007084512979900294 -0.032814992413461794 0.9994512695511397 0.004495878278997694 -0.02682248561039587 -0.010741801099545908 -0.0048507194060677045 0.9999307087420752 -0.013907378595944923 0.0 0.0 0.0 1.0"/>
                <scale value="1"/>
            </transform>
        </animation>
    </shape>
    <shape name="temp31" type="ply">
        <string name="filename" value="meshes/Cube_027.ply"/>
        <boolean name="face_normals" value="true"/>
        <ref id="mat-Material" name="bsdf"/>
        <animation name="to_world">
            <transform time="0">
                <matrix value="0.9997176553604703 0.01929134396973028 0.013871559797853624 0.014814213249149555 -0.019660242328824684 0.9994428719523262 0.026968026585964453 0.013514089028021148 -0.013343589934524412 -0.027233132327819067 0.9995402110821185 -0.02010261990790485 0.0 0.0 0.0 1.0"/>
                <scale value="1"/>
            </transform>
            <transform time="0.0015">
                <matrix value="0.9997153894752409 0.01938490988901755 0.013895550525428804 0.01483817873978454 -0.019752770230878593 0.9994439532694397 0.02684879292522685 0.013240629640436038 -0.013367669752169093 -0.02711569528196951 0.9995428833376909 -0.020135544716293273 0.0 0.0 0.0 1.0"/>
                <scale value="1"/>
            </transform>
        </animation>
    </shape>
    <shape name="temp32" type="ply">
        <string name="filename" value="meshes/Cube_028.ply"/>
        <boolean name="face_normals" value="true"/>
        <ref id="mat-Material" name="bsdf"/>
        <animation name="to_world">
            <transform time="0">
                <matrix value="0.9997508984498968 -0.011517490817086373 0.019127857251261288 0.0259978324462955 0.010663257255415077 0.9989668831074021 0.04417602279985684 0.09077468326257432 -0.01961688890780051 -0.04396103232427314 0.9988407172990794 -0.034566061575655116 0.0 0.0 0.0 1.0"/>
                <scale value="1"/>
            </transform>
            <transform time="0.0015">
                <matrix value="0.9997478825885703 -0.011630532834509587 0.019204169721699964 0.02609482874435034 0.010771396627991947 0.9989625428206547 0.04424282918916694 0.09105318726511737 -0.01969900331196176 -0.044024572470243856 0.9988361557417966 -0.034709935313289496 0.0 0.0 0.0 1.0"/>
                <scale value="1"/>
            </transform>
        </animation>
    </shape>
    <shape name="temp33" type="ply">
        <string name="filename" value="meshes/Cube_029.ply"/>
        <boolean name="face_normals" value="true"/>
        <ref id="mat-Material" name="bsdf"/>
        <animation name="to_world">
            <transform time="0">
                <matrix value="0.9735021550386773 -0.2285914526420301 0.006320289196591557 -0.04335697653186976 0.22807139551829966 0.9725582627450081 0.045975133102390854 0.5490780831374534 -0.016656379038592125 -0.043315381197814876 0.9989227464787733 -0.035634852309882836 0.0 0.0 0.0 1.0"/>
                <scale value="1"/>
            </transform>
            <transform time="0.0015">
                <matrix value="0.9733513779292876 -0.22920809625347568 0.006353928128442005 -0.04361074181190066 0.22868003143926352 0.9723939551077738 0.04628294800908036 0.5507263516556409 -0.016791889666463566 -0.04359473121404097 0.9989070278289574 -0.03593607606363566 0.0 0.0 0.0 1.0"/>
                <scale value="1"/>
            </transform>
        </animation>
    </shape>
    <shape name="temp34" type="ply">
        <string name="filename" value="meshes/Cube_030.ply"/>
        <boolean name="face_normals" value="true"/>
        <ref id="mat-Material" name="bsdf"/>
        <animation name="to_world">
            <transform time="0">
                <matrix value="0.9998413243008633 -0.01780818838374651 2.917564629750213e-05 -0.0007502828454293287 0.017808203200188763 0.9998391774246921 -0.0021225182647537145 0.06160251139639805 8.627318738793088e-06 0.0021226965249360723 0.9999978671572484 0.0003959587450479418 0.0 0.0 0.0 1.0"/>
                <scale value="1"/>
            </transform>
            <transform time="0.0015">
                <matrix value="0.9998296368422732 -0.018286170317255063 1.085984471655788e-05 -0.0008458497406741359 0.018286071859775172 0.9998270168171964 -0.0022452972384623873 0.06257090126557134 3.176544609297911e-05 0.002244836467995552 0.9999973930846136 0.00045373338407949884 0.0 0.0 0.0 1.0"/>
                <scale value="1"/>
            </transform>
        </animation>
    </shape>
    <shape name="temp35" type="ply">
        <string name="filename" value="meshes/Cube_031.ply"/>
        <boolean name="face_normals" value="true"/>
        <ref id="mat-Material" name="bsdf"/>
        <animation name="to_world">
            <transform time="0">
                <matrix value="0.9998475250298302 0.0018210160964325867 -0.017378839119266645 -0.02309493708639243 -0.0010710036930856148 0.9990715923099226 0.043068912548384214 0.06590291319192315 0.01744113313724343 -0.04304372130665404 0.9989210917114597 0.0444746716373301 0.0 0.0 0.0 1.0"/>
                <scale value="1"/>
            </transform>
            <transform time="0.0015">
                <matrix value="0.9998467431398567 0.001855086896851435 -0.017418127233438628 -0.023150882653498815 -0.0011028566140530848 0.9990703683190232 0.04309582743842652 0.06585552265082065 0.017481903912282725 -0.04306996727592699 0.9989192109201174 0.04457674091678103 0.0 0.0 0.0 1.0"/>
                <scale value="1"/>
