
<scene version="2.1.0">
    <default name="spp" value="1024"/>
    <default name="resx" value="1280"/>
    <default name="resy" value="720"/>
    <integrator name="temp0" type="path">
        <integer name="max_depth" value="12"/>
    </integrator>
    <sensor name="temp44" type="perspective">
        <string name="fov_axis" value="x"/>
        <float name="fov" value="83.974423"/>
        <float name="principal_point_offset_x" value="0.000000"/>
        <float name="principal_point_offset_y" value="-0.000000"/>
        <float name="near_clip" value="0.100000"/>
        <float name="far_clip" value="1000.000000"/>
        <sampler name="sampler" type="correlated">
            <integer name="sample_count" value="1024"/>
        </sampler>
        <film name="film" type="hdrfilm">
            <integer name="width" value="$resx"/>
            <integer name="height" value="$resy"/>
        </film>
        <float name="shutter_open" value="0.0"/>
        <float name="shutter_close" value="0.0015"/>
        <animation name="to_world">
            <transform time="0">
                <rotate angle="-142.5518126578256" x="1"/>
                <rotate angle="3.976628485794621e-06" y="1"/>
                <rotate angle="-179.999991348578" z="1"/>
                <translate value="-0.000000 3.030926 4.073377"/>
                <translate x="41.1" y="0.0" z="0.0"/>
            </transform>
            <transform time="0.0015">
                <rotate angle="-142.5518126578256" x="1"/>
                <rotate angle="3.976628485794621e-06" y="1"/>
                <rotate angle="-179.999991348578" z="1"/>
                <translate value="-0.000000 3.030926 4.073377"/>
                <translate x="41.25" y="0.0" z="0.0"/>
            </transform>
        </animation>
    </sensor>
    <bsdf id="mat-Material" name="mat-Material" type="twosided">
        <bsdf name="bsdf" type="diffuse">
            <texture name="reflectance" type="bitmap">
                <string name="filename" value="textures/siggraph_2023_logo.jpg"/>
            </texture>
        </bsdf>
    </bsdf>
    <bsdf id="mat-Material.001" name="mat-Material.001" type="twosided">
        <bsdf name="bsdf" type="principled">
            <rgb name="base_color" value="0.433648 0.266232 0.084399"/>
            <float name="spec_tint" value="0.000000"/>
            <float name="spec_trans" value="0.000000"/>
            <float name="metallic" value="0.000000"/>
            <float name="anisotropic" value="0.000000"/>
            <float name="roughness" value="0.500000"/>
            <float name="sheen" value="0.000000"/>
            <float name="sheen_tint" value="0.500000"/>
            <float name="clearcoat" value="0.000000"/>
            <float name="clearcoat_gloss" value="0.173205"/>
            <float name="specular" value="0.500000"/>
        </bsdf>
    </bsdf>
    <bsdf id="mat-Material.002" name="mat-Material.002" type="twosided">
        <bsdf name="bsdf" type="principled">
            <rgb name="base_color" value="0.433648 0.266232 0.084399"/>
            <float name="spec_tint" value="0.000000"/>
            <float name="spec_trans" value="0.000000"/>
            <float name="metallic" value="0.000000"/>
            <float name="anisotropic" value="0.000000"/>
            <float name="roughness" value="0.500000"/>
            <float name="sheen" value="0.000000"/>
            <float name="sheen_tint" value="0.500000"/>
            <float name="clearcoat" value="0.000000"/>
            <float name="clearcoat_gloss" value="0.173205"/>
            <float name="specular" value="0.500000"/>
        </bsdf>
    </bsdf>
    <bsdf id="mat-Material.003" name="mat-Material.003" type="twosided">
        <bsdf name="bsdf" type="principled">
            <rgb name="base_color" value="0.433648 0.266232 0.084399"/>
            <float name="spec_tint" value="0.000000"/>
            <float name="spec_trans" value="0.000000"/>
            <float name="metallic" value="0.000000"/>
            <float name="anisotropic" value="0.000000"/>
            <float name="roughness" value="0.500000"/>
            <float name="sheen" value="0.000000"/>
            <float name="sheen_tint" value="0.500000"/>
            <float name="clearcoat" value="0.000000"/>
            <float name="clearcoat_gloss" value="0.173205"/>
            <float name="specular" value="0.500000"/>
        </bsdf>
    </bsdf>
    <bsdf id="mat-Material.004" name="mat-Material.004" type="twosided">
        <bsdf name="bsdf" type="principled">
            <rgb name="base_color" value="0.433648 0.266232 0.084399"/>
            <float name="spec_tint" value="0.000000"/>
            <float name="spec_trans" value="0.000000"/>
            <float name="metallic" value="0.000000"/>
            <float name="anisotropic" value="0.000000"/>
            <float name="roughness" value="0.500000"/>
            <float name="sheen" value="0.000000"/>
            <float name="sheen_tint" value="0.500000"/>
            <float name="clearcoat" value="0.000000"/>
            <float name="clearcoat_gloss" value="0.173205"/>
            <float name="specular" value="0.500000"/>
        </bsdf>
    </bsdf>
    <bsdf id="mat-Material.005" name="mat-Material.005" type="twosided">
        <bsdf name="bsdf" type="principled">
            <rgb name="base_color" value="0.433648 0.266232 0.084399"/>
            <float name="spec_tint" value="0.000000"/>
            <float name="spec_trans" value="0.000000"/>
            <float name="metallic" value="0.000000"/>
            <float name="anisotropic" value="0.000000"/>
            <float name="roughness" value="0.500000"/>
            <float name="sheen" value="0.000000"/>
            <float name="sheen_tint" value="0.500000"/>
            <float name="clearcoat" value="0.000000"/>
            <float name="clearcoat_gloss" value="0.173205"/>
            <float name="specular" value="0.500000"/>
        </bsdf>
    </bsdf>
    <emitter name="temp45" type="point">
        <point name="position" x="-6.815235034541981e-16" y="3.0693089962005615" z="4.109199523925781"/>
        <rgb name="intensity" value="7.957747 7.957747 7.957747"/>
    </emitter>
    <shape name="temp2" type="ply">
        <string name="filename" value="meshes/Cube.ply"/>
        <boolean name="face_normals" value="true"/>
        <ref id="mat-Material" name="bsdf"/>
        <animation name="to_world">
            <transform time="0">
                <matrix value="0.9782022846424019 -0.1924569743212153 -0.0779802004726961 0.23914701637256863 -0.1434030640377145 -0.3544871647793285 -0.9239991376298342 1.9729704524495537 0.15018713643141196 0.9150405800305785 -0.3743589549624344 2.713883046959294 0.0 0.0 0.0 1.0"/>
            </transform>
            <transform time="0.0015">
                <matrix value="0.9776994655616548 -0.194142116932934 -0.07927797117899235 0.24384804384343545 -0.14356766145131022 -0.34637069865332154 -0.9260345538495676 1.9684207071862927 0.15269668091636313 0.9167434592466183 -0.3666355695676742 2.6951574931402673 0.0 0.0 0.0 1.0"/>
            </transform>
        </animation>
    </shape>
    <shape name="temp4" type="ply">
        <string name="filename" value="meshes/Plane.ply"/>
        <boolean name="face_normals" value="true"/>
        <ref id="mat-Material.001" name="bsdf"/>
    </shape>
    <shape name="temp5" type="ply">
        <string name="filename" value="meshes/Cube_001.ply"/>
        <boolean name="face_normals" value="true"/>
        <ref id="mat-Material" name="bsdf"/>
        <animation name="to_world">
            <transform time="0">
                <matrix value="0.998103370937916 -0.028720858198292534 -0.05445463360851326 0.04516824195808811 -0.054477400904566625 -1.0280420422049006e-05 -0.9985149645336086 1.1727916853627758 0.028677660821201822 0.9995874207119809 -0.0015748987873392334 1.0597447909656732 0.0 0.0 0.0 1.0"/>
            </transform>
            <transform time="0.0015">
                <matrix value="0.9981045038805307 -0.028680197671164153 -0.054454702542494585 0.04513815746817656 -0.054477386543322216 -9.564786734345263e-06 -0.9985149645336086 1.1727910710542915 0.028637099401192183 0.9995885696114142 -0.0015719690080291833 1.059893371875729 0.0 0.0 0.0 1.0"/>
            </transform>
        </animation>
    </shape>
    <shape name="temp6" type="ply">
        <string name="filename" value="meshes/Cube_002.ply"/>
        <boolean name="face_normals" value="true"/>
        <ref id="mat-Material" name="bsdf"/>
        <animation name="to_world">
            <transform time="0">
                <matrix value="0.9997420336260497 -0.021719671354941253 0.006656372438006507 -0.0379357593794758 0.01126436323083824 0.21951908857105312 -0.9755432482893251 0.6535444051139221 0.01972728699158019 0.9753664300628048 0.21970707309012666 0.5365428365264215 0.0 0.0 0.0 1.0"/>
            </transform>
            <transform time="0.0015">
                <matrix value="0.9997418261858527 -0.021731869963628567 0.006648019511750728 -0.03794255452518007 0.011258761388101193 0.21951264572325152 -0.9755447631348407 0.6535628513150692 0.019741095168513127 0.9753676014896778 0.21970059925313962 0.5365837104704508 0.0 0.0 0.0 1.0"/>
            </transform>
        </animation>
    </shape>
    <shape name="temp7" type="ply">
        <string name="filename" value="meshes/Cube_003.ply"/>
        <boolean name="face_normals" value="true"/>
        <ref id="mat-Material" name="bsdf"/>
        <animation name="to_world">
            <transform time="0">
                <matrix value="0.9951912763041486 -0.05993102124845909 0.07747710393026148 -0.06419787002063426 0.08890443188003412 0.22065357732107138 -0.9712919146650679 0.13983885577641694 0.041114915598012156 0.9735091975145123 0.22492074846543972 0.20096293292068923 0.0 0.0 0.0 1.0"/>
            </transform>
            <transform time="0.0015">
                <matrix value="0.9951934783616252 -0.05986787608360068 0.07749687436631325 -0.06427432392408436 0.08890886471747603 0.22063800335097752 -0.9712950464805159 0.1398062175966058 0.041050617753668674 0.9735165564782017 0.2249003788994762 0.20104469894869204 0.0 0.0 0.0 1.0"/>
            </transform>
        </animation>
    </shape>
    <shape name="temp8" type="ply">
        <string name="filename" value="meshes/Cube_004.ply"/>
        <boolean name="face_normals" value="true"/>
        <ref id="mat-Material" name="bsdf"/>
        <animation name="to_world">
            <transform time="0">
                <matrix value="0.9805164469076835 -0.1523786092865799 0.12396984824838152 0.039179319773676724 0.15625670402303435 0.22256587606351802 -0.9623140928021877 -0.36101568389957683 0.11904461133952807 0.9629356539006264 0.2420397418373874 -0.30444060286414554 0.0 0.0 0.0 1.0"/>
            </transform>
            <transform time="0.0015">
                <matrix value="0.9804946497300534 -0.1524988322258262 0.12399279560483194 0.03926000039341276 0.1563070002923535 0.22255060996843565 -0.9623094206101201 -0.36115108835557547 0.11915637054354372 0.9629199447658934 0.2420465501318394 -0.3047716944087934 0.0 0.0 0.0 1.0"/>
            </transform>
        </animation>
    </shape>
    <shape name="temp9" type="ply">
        <string name="filename" value="meshes/Cube_005.ply"/>
        <boolean name="face_normals" value="true"/>
        <ref id="mat-Material" name="bsdf"/>
        <animation name="to_world">
            <transform time="0">
                <matrix value="0.9760587702361766 -0.1989762693904965 0.08785128937105131 0.11289286063590431 0.13222332441532056 0.22209572757251947 -0.9660179348409367 -0.6335188041741717 0.1727032571135779 0.9545061459295863 0.24308791873295885 -0.7496264662219284 0.0 0.0 0.0 1.0"/>
            </transform>
            <transform time="0.0015">
                <matrix value="0.9760244947328462 -0.1991746948354075 0.08777541858871521 0.11303405362525559 0.1321895818737272 0.22204917086346357 -0.9660332024412452 -0.6334276078350187 0.17291890555967132 0.9544749979893985 0.24305423469615767 -0.7501990826278822 0.0 0.0 0.0 1.0"/>
            </transform>
        </animation>
    </shape>
    <shape name="temp10" type="ply">
        <string name="filename" value="meshes/Cube_006.ply"/>
        <boolean name="face_normals" value="true"/>
        <ref id="mat-Material" name="bsdf"/>
        <animation name="to_world">
            <transform time="0">
                <matrix value="0.9866300726738259 -0.14770219618166006 -0.06889013810688 0.03289653487275768 -0.034385193439321164 0.2245319894957063 -0.9738598771406188 -0.5412333054338321 0.1593093061147782 0.963207856110366 0.21645127112133178 -1.0438353356135086 0.0 0.0 0.0 1.0"/>
            </transform>
            <transform time="0.0015">
                <matrix value="0.9866473221240587 -0.14760671813327697 -0.06884548675875347 0.032910720503912874 -0.03437545731345661 0.22445099584024225 -0.9738787956888273 -0.5412671018305427 0.15920356267647742 0.9632411366481943 0.21637988530296592 -1.0437054283960143 0.0 0.0 0.0 1.0"/>
            </transform>
        </animation>
    </shape>
    <shape name="temp11" type="ply">
        <string name="filename" value="meshes/Cube_007.ply"/>
        <boolean name="face_normals" value="true"/>
        <ref id="mat-Material" name="bsdf"/>
        <animation name="to_world">
            <transform time="0">
                <matrix value="0.9119660938217496 -0.24957897305719584 -0.32561991129501616 0.17395331415084492 -0.272354027378122 0.22527809470968227 -0.9354534369753501 -0.23253890936085167 0.3068245846386786 0.9417854379118232 0.1374722058190129 -1.8078566988072136 0.0 0.0 0.0 1.0"/>
            </transform>
            <transform time="0.0015">
                <matrix value="0.9119247493947807 -0.24958145107558108 -0.325733175783593 0.17398350003660698 -0.27245916923985125 0.225310812061514 -0.9354147403317588 -0.23226617993548196 0.30685351456770005 0.9417769450669938 0.13746576432142452 -1.8081977969066405 0.0 0.0 0.0 1.0"/>
            </transform>
        </animation>
    </shape>
    <shape name="temp12" type="ply">
        <string name="filename" value="meshes/Cube_008.ply"/>
        <boolean name="face_normals" value="true"/>
        <ref id="mat-Material" name="bsdf"/>
        <animation name="to_world">
            <transform time="0">
                <matrix value="0.35506208036140113 0.8900369819553922 -0.2859459193674439 1.7194343907269822 -0.5298239268687492 -0.060420422049004746 -0.8459527464645896 0.24117970399751293 -0.7702064794770463 0.4518667231234213 0.4501099474682297 0.9848463901824809 0.0 0.0 0.0 1.0"/>
            </transform>
            <transform time="0.0015">
                <matrix value="0.3540401613358248 0.8902793021168816 -0.286397122061513 1.7212513064224029 -0.5301986436493398 -0.06119589162065061 -0.8456489858972462 0.2430267071046459 -0.770397787209555 0.4512538941584596 0.4503827813580249 0.9858708987094034 0.0 0.0 0.0 1.0"/>
            </transform>
        </animation>
    </shape>
    <shape name="temp13" type="ply">
        <string name="filename" value="meshes/Cube_009.ply"/>
        <boolean name="face_normals" value="true"/>
        <ref id="mat-Material" name="bsdf"/>
        <animation name="to_world">
            <transform time="0">
                <matrix value="-0.0683793949580428 0.9905544790300007 0.11885349683064782 2.6103774762937766 -0.8671255985972303 -9.466859120234116e-05 -0.49808992572931504 1.0846095509739166 -0.4933739874154961 -0.13711993375369977 0.8589414879005778 0.8736292168913795 0.0 0.0 0.0 1.0"/>
            </transform>
            <transform time="0.0015">
                <matrix value="-0.06827822318254656 0.9905622284693145 0.11884585196701504 2.610131527236468 -0.8674143074807299 -9.0416078869734e-05 -0.4975776526340116 1.0861273587203533 -0.4928708172821077 -0.13706357835921693 0.8592339807406031 0.8729832489742944 0.0 0.0 0.0 1.0"/>
            </transform>
        </animation>
    </shape>
    <shape name="temp14" type="ply">
        <string name="filename" value="meshes/Cube_010.ply"/>
        <boolean name="face_normals" value="true"/>
        <ref id="mat-Material" name="bsdf"/>
        <animation name="to_world">
            <transform time="0">
                <matrix value="0.027997090564813386 0.9952373999578661 0.09337409892009886 1.8932945465835942 -0.9988161027752218 0.024135012296030857 0.04223722649651246 1.9202283205064867 0.03978249711449983 -0.09444605285937471 0.9947347668030982 -0.2033813482870639 0.0 0.0 0.0 1.0"/>
            </transform>
            <transform time="0.0015">
                <matrix value="0.028070456418017493 0.9952303864149212 0.093425639411174 1.8931993584111364 -0.9987998266982213 0.024175030040208403 0.042563825487594985 1.9206499533707522 0.040102143150281655 -0.09450889690745358 0.9947145291478398 -0.2041606919894452 0.0 0.0 0.0 1.0"/>
            </transform>
        </animation>
    </shape>
    <shape name="temp15" type="ply">
        <string name="filename" value="meshes/Cube_011.ply"/>
        <boolean name="face_normals" value="true"/>
        <ref id="mat-Material" name="bsdf"/>
        <animation name="to_world">
            <transform time="0">
                <matrix value="0.07632187820795813 0.9903702992972804 0.11550618622940464 1.5012729187489953 -0.8888891843830171 0.015099876309647223 0.4578734065181757 2.1524504811053182 0.4517199531228115 -0.13761792821787858 0.8814820190619738 -1.1012909233335466 0.0 0.0 0.0 1.0"/>
            </transform>
            <transform time="0.0015">
                <matrix value="0.07643048591667222 0.9903055479259596 0.1159626032259872 1.5019149955713686 -0.8892266895836418 0.01510139833857602 0.4572010023373616 2.1516589121073753 0.4510185036705993 -0.13806327392749956 0.8817598570481913 -1.0997633803615645 0.0 0.0 0.0 1.0"/>
            </transform>
        </animation>
    </shape>
    <shape name="temp16" type="ply">
        <string name="filename" value="meshes/Cube_012.ply"/>
        <boolean name="face_normals" value="true"/>
        <ref id="mat-Material" name="bsdf"/>
        <animation name="to_world">
            <transform time="0">
                <matrix value="0.09382250317803936 0.99033317133304 0.10216318275108376 1.0978544119512574 -0.7365502892592022 3.598826088860985e-06 0.6763828299452367 1.8477317774126654 0.6698442627746545 -0.13870821800372532 0.729430651302231 -1.8329107177454054 0.0 0.0 0.0 1.0"/>
            </transform>
            <transform time="0.0015">
                <matrix value="0.09379467906483765 0.9903370685801367 0.1021508648443465 1.0978444745673412 -0.7366320845245987 8.191025181716045e-06 0.6762934625701863 1.8476772377432966 0.6697579038249225 -0.13868033804414745 0.7295149550082827 -1.8327104115423063 0.0 0.0 0.0 1.0"/>
            </transform>
        </animation>
    </shape>
    <shape name="temp17" type="ply">
        <string name="filename" value="meshes/Cube_013.ply"/>
        <boolean name="face_normals" value="true"/>
        <ref id="mat-Material" name="bsdf"/>
        <animation name="to_world">
            <transform time="0">
                <matrix value="0.918832786373702 0.17456511264582633 0.3539398354972174 0.6247986781844087 -0.377428695789386 0.12667381414742304 0.917333971285532 1.4646100707995415 0.11529962218120764 -0.9764633736804451 0.18227793850033638 -1.4132663944501056 0.0 0.0 0.0 1.0"/>
            </transform>
            <transform time="0.0015">
                <matrix value="0.9186681905558001 0.17449918233848585 0.3543904339551539 0.6254889775832632 -0.37786914877273253 0.12670045059232032 0.9171455857780456 1.464708716339561 0.11513976078688028 -0.9764716337417293 0.18233263889107404 -1.4130661873314465 0.0 0.0 0.0 1.0"/>
            </transform>
        </animation>
    </shape>
    <shape name="temp18" type="ply">
        <string name="filename" value="meshes/Cube_014.ply"/>
        <boolean name="face_normals" value="true"/>
        <ref id="mat-Material" name="bsdf"/>
        <animation name="to_world">
            <transform time="0">
                <matrix value="0.9392391676285 0.2978695223216241 0.1705984016838912 0.11260735620994056 -0.21624572050628782 0.12747292057327245 0.967981670851652 1.0261887217681849 0.2665855092043466 -0.9460572396401509 0.18414054458865084 -0.8717393350685769 0.0 0.0 0.0 1.0"/>
            </transform>
            <transform time="0.0015">
                <matrix value="0.9392358166714705 0.2978825431818665 0.17059412181979133 0.1126172139411985 -0.21624536945364664 0.12747804481492725 0.9679810751258875 1.0261858545845404 0.26659761254199843 -0.946052448804606 0.18414764138458023 -0.8717323182541611 0.0 0.0 0.0 1.0"/>
            </transform>
        </animation>
    </shape>
    <shape name="temp19" type="ply">
        <string name="filename" value="meshes/Cube_015.ply"/>
        <boolean name="face_normals" value="true"/>
        <ref id="mat-Material" name="bsdf"/>
        <animation name="to_world">
            <transform time="0">
                <matrix value="0.9829197006526283 0.13243419694090608 0.1277911078478049 0.02399418757640359 -0.1495297210949121 0.16990058883282613 0.9740506481723568 0.6395766840242813 0.10728586574756173 -0.9765217772196996 0.18680145770816617 -0.2996785110520847 0.0 0.0 0.0 1.0"/>
            </transform>
            <transform time="0.0015">
                <matrix value="0.9829190942889754 0.13243340547685212 0.1277965800144707 0.02397323271937648 -0.1495346805113158 0.16989772634613384 0.9740503928613149 0.6395780242418583 0.1072844966422611 -0.976522385460576 0.1867990799113288 -0.29964048445825947 0.0 0.0 0.0 1.0"/>
            </transform>
        </animation>
    </shape>
    <shape name="temp20" type="ply">
        <string name="filename" value="meshes/Cube_016.ply"/>
        <boolean name="face_normals" value="true"/>
        <ref id="mat-Material" name="bsdf"/>
        <animation name="to_world">
            <transform time="0">
                <matrix value="0.9851820036984046 0.026915938534446616 0.16938871949850148 0.0469307262595009 -0.171495513512651 0.16903859431024376 0.970574691232239 0.3290915510051754 -0.0025092992002155924 -0.9852418427985308 0.17114969923422096 0.17692020837141198 0.0 0.0 0.0 1.0"/>
            </transform>
            <transform time="0.0015">
                <matrix value="0.9851789718801398 0.02694125712411175 0.16940222034639976 0.046861672757850234 -0.1715131794389718 0.16902280482764184 0.9705743167760442 0.32909633773532204 -0.0024843377617333844 -0.9852438477406789 0.1711384638463016 0.17702818517268082 0.0 0.0 0.0 1.0"/>
            </transform>
        </animation>
    </shape>
    <shape name="temp21" type="ply">
        <string name="filename" value="meshes/Cube_017.ply"/>
        <boolean name="face_normals" value="true"/>
        <ref id="mat-Material" name="bsdf"/>
        <animation name="to_world">
            <transform time="0">
                <matrix value="0.944996870717182 -0.11706922696658274 0.3054116564646322 0.21209952331386683 -0.28710637965912983 0.1504181484826552 0.9460151075527835 0.14192248683164024 -0.15668873121322208 -0.9816665032758128 0.10853332772288415 0.43357553891999245 0.0 0.0 0.0 1.0"/>
            </transform>
            <transform time="0.0015">
                <matrix value="0.9449906155973936 -0.11723368553766411 0.3053666025760962 0.21216592592859146 -0.2870704318686723 0.15025101290080312 0.9460521446746023 0.14205895356586729 -0.15679120347918452 -0.9816717221327151 0.10833163114870732 0.43368671728146974 0.0 0.0 0.0 1.0"/>
            </transform>
        </animation>
    </shape>
    <shape name="temp22" type="ply">
        <string name="filename" value="meshes/Cube_018.ply"/>
        <boolean name="face_normals" value="true"/>
        <ref id="mat-Material" name="bsdf"/>
        <animation name="to_world">
            <transform time="0">
                <matrix value="0.22526678687367804 0.9580282965147688 0.17730387343204887 0.8514796188139988 -0.5592245583988 -0.021880239371077317 0.8287275643101677 -0.024967947507215857 0.797823951690256 -0.28583735031485763 0.5308240599385089 -0.151087559133937 0.0 0.0 0.0 1.0"/>
            </transform>
            <transform time="0.0015">
                <matrix value="0.2249617380854249 0.9580353400943002 0.17763735645985915 0.8515060847645645 -0.5598580009759452 -0.02211663481588204 0.8282829060891405 -0.024413174916083493 0.7974551070629362 -0.2857928210753896 0.5313904079124973 -0.15116525746668294 0.0 0.0 0.0 1.0"/>
            </transform>
        </animation>
    </shape>
    <shape name="temp23" type="ply">
        <string name="filename" value="meshes/Cube_019.ply"/>
        <boolean name="face_normals" value="true"/>
        <ref id="mat-Material" name="bsdf"/>
        <animation name="to_world">
            <transform time="0">
                <matrix value="-0.08080561746157541 0.9838774944047324 -0.15954810195825164 0.5067403937200172 -0.9133840223960911 -0.009015958767101288 0.4069992402254076 -0.04652738614040031 0.39899889544294864 0.17861648273028202 0.89938660139634 -0.05696500685327388 0.0 0.0 0.0 1.0"/>
            </transform>
            <transform time="0.0015">
                <matrix value="-0.08081207683017325 0.9838764356150588 -0.159551319728417 0.5067494090324485 -0.9133809586639499 -0.009019274430792198 0.4070060655405957 -0.04653150039008508 0.3990046239837753 0.1786221123375045 0.8993829419380721 -0.056945967331232104 0.0 0.0 0.0 1.0"/>
            </transform>
        </animation>
    </shape>
    <shape name="temp24" type="ply">
        <string name="filename" value="meshes/Cube_020.ply"/>
        <boolean name="face_normals" value="true"/>
        <ref id="mat-Material" name="bsdf"/>
        <animation name="to_world">
            <transform time="0">
                <matrix value="0.09731701824894134 0.9435008901194253 -0.3167576866791775 0.13445070161386719 -0.9608973122996257 0.006170285563631456 -0.2768364260813398 0.14221789778504296 -0.2592407578590138 0.3313124134158365 0.9072079770898012 0.11636882577949048 0.0 0.0 0.0 1.0"/>
            </transform>
            <transform time="0.0015">
                <matrix value="0.09731595227963409 0.9434783740496873 -0.31682485050394693 0.13449666799645782 -0.960906866256648 0.006161784057608321 -0.27680336330141503 0.14219416949136357 -0.2592056504893602 0.331376489658177 0.9071945307082863 0.11640279533053143 0.0 0.0 0.0 1.0"/>
            </transform>
        </animation>
    </shape>
    <shape name="temp25" type="ply">
        <string name="filename" value="meshes/Cube_021.ply"/>
        <boolean name="face_normals" value="true"/>
        <ref id="mat-Material" name="bsdf"/>
        <animation name="to_world">
            <transform time="0">
                <matrix value="0.1931403106588869 0.939435946961243 -0.28312004958628456 -0.16975285230910803 -0.7933569669537097 -0.02025333786656043 -0.6084201179990932 0.09637543592014369 -0.5773061395997 0.34212542994391176 0.7413960373523535 0.30892668434091797 0.0 0.0 0.0 1.0"/>
            </transform>
            <transform time="0.0015">
                <matrix value="0.19311592367018118 0.9394543819161998 -0.2830753701539434 -0.16981068514582812 -0.7933421270011505 -0.020253439840771555 -0.6084394535553369 0.09639983304623516 -0.5773346386913891 0.34207468313104084 0.7413971947624103 0.30893220186771136 0.0 0.0 0.0 1.0"/>
            </transform>
        </animation>
    </shape>
    <shape name="temp26" type="ply">
        <string name="filename" value="meshes/Cube_022.ply"/>
        <boolean name="face_normals" value="true"/>
        <ref id="mat-Material" name="bsdf"/>
        <animation name="to_world">
            <transform time="0">
                <matrix value="0.6378692863994099 0.40017521061776345 -0.6580144399723701 -0.08506298792989953 -0.7116325991486223 -0.02040603809162264 -0.702255589685788 -0.1953351353318686 -0.29445274782944786 0.916211362408562 0.2717612539543029 0.6886593495372535 0.0 0.0 0.0 1.0"/>
            </transform>
            <transform time="0.0015">
                <matrix value="0.6378688396051393 0.40017596904157227 -0.6580144144412658 -0.08507094510285926 -0.7116328385026959 -0.02040594955878397 -0.7022553428851142 -0.19533549573463724 -0.2944531244131902 0.9162110320061106 0.27176196031485234 0.6886851939104026 0.0 0.0 0.0 1.0"/>
            </transform>
        </animation>
    </shape>
    <shape name="temp27" type="ply">
        <string name="filename" value="meshes/Cube_023.ply"/>
        <boolean name="face_normals" value="true"/>
        <ref id="mat-Material" name="bsdf"/>
        <animation name="to_world">
            <transform time="0">
                <matrix value="0.8560733794658766 0.28539515208907373 -0.43091535581515966 -0.06631470295903452 -0.4804477445228686 0.13203922214829075 -0.8670269173907061 -0.2871423096984854 -0.19054757130421063 0.9492708943876286 0.25015282958118784 0.20352248565026965 0.0 0.0 0.0 1.0"/>
            </transform>
            <transform time="0.0015">
                <matrix value="0.8560712731500295 0.28540514676322754 -0.430912913339525 -0.0663262644715323 -0.48044713815921564 0.13203522803320256 -0.8670278620415613 -0.287139609737662 -0.1905585528691045 0.9492684388966832 0.25015375721130695 0.20352384945078478 0.0 0.0 0.0 1.0"/>
            </transform>
        </animation>
    </shape>
    <shape name="temp28" type="ply">
        <string name="filename" value="meshes/Cube_024.ply"/>
        <boolean name="face_normals" value="true"/>
        <ref id="mat-Material" name="bsdf"/>
        <animation name="to_world">
            <transform time="0">
                <matrix value="0.854232155552837 0.44612502946249977 -0.26694564467606985 -0.19382746421416108 -0.37655870197703306 0.17690755345488224 -0.909344518299599 -0.5113180965415332 -0.35845664303304625 0.8773118936721852 0.3191124206361777 -0.34716370949938574 0.0 0.0 0.0 1.0"/>
            </transform>
            <transform time="0.0015">
                <matrix value="0.8542458466058434 0.44611304486449116 -0.26692182415585597 -0.19382362313350365 -0.3765359298304768 0.17692522548054226 -0.9093505010883486 -0.5112976980189233 -0.3584479225663004 0.8773144167454502 0.3191152801198475 -0.34716176736227006 0.0 0.0 0.0 1.0"/>
            </transform>
        </animation>
    </shape>
    <shape name="temp29" type="ply">
        <string name="filename" value="meshes/Cube_025.ply"/>
        <boolean name="face_normals" value="true"/>
        <ref id="mat-Material" name="bsdf"/>
        <animation name="to_world">
            <transform time="0">
                <matrix value="0.9012932891510513 0.36012206339704184 -0.2407965387941285 -0.26249731550002353 -0.3212147202172946 0.18257960089524283 -0.9292395493170301 -0.7931430111609435 -0.290675091795251 0.9148643264924713 0.2802341353911705 -0.6976496239954422 0.0 0.0 0.0 1.0"/>
            </transform>
            <transform time="0.0015">
                <matrix value="0.9013035335053987 0.3600806053985422 -0.24082005294109202 -0.2624868678125345 -0.3212233241983913 0.18257153381902688 -0.9292381536166675 -0.7931527690791995 -0.29063372821995626 0.9148822207888714 0.2802185103554032 -0.697621570624435 0.0 0.0 0.0 1.0"/>
            </transform>
        </animation>
    </shape>
    <shape name="temp30" type="ply">
        <string name="filename" value="meshes/Cube_026.ply"/>
        <boolean name="face_normals" value="true"/>
        <ref id="mat-Material" name="bsdf"/>
        <animation name="to_world">
            <transform time="0">
                <matrix value="0.9232137823189316 0.2336458617963677 -0.30510008741899325 -0.3339337707393645 -0.3504568043728403 0.1861732540991984 -0.9178887911262867 -1.1483017737086785 -0.1576595180727164 0.9543317696480978 0.253760458720411 -0.8896610027239367 0.0 0.0 0.0 1.0"/>
            </transform>
            <transform time="0.0015">
                <matrix value="0.9232135908356728 0.2336375641893505 -0.3051070489000704 -0.33393713093320904 -0.35046306747109784 0.18618257595381488 -0.91788451041115 -1.1483080191943151 -0.1576467589049031 0.9543319799042034 0.25376758189848136 -0.8896560140120465 0.0 0.0 0.0 1.0"/>
            </transform>
        </animation>
    </shape>
    <shape name="temp31" type="ply">
        <string name="filename" value="meshes/Cube_027.ply"/>
        <boolean name="face_normals" value="true"/>
        <ref id="mat-Material" name="bsdf"/>
        <animation name="to_world">
            <transform time="0">
                <matrix value="0.8724125795396319 0.17312521510232093 -0.4570824277422213 -0.600048361894981 -0.48444710980148115 0.1821690448726907 -0.8556433002490189 -1.5844401481771053 -0.06486715174982759 0.9679060036752514 0.24279644329041497 -1.029028741787867 0.0 0.0 0.0 1.0"/>
            </transform>
            <transform time="0.0015">
                <matrix value="0.8724128508075819 0.17311291436923956 -0.45708657229146893 -0.6000627677442117 -0.4844488491077488 0.18217948258649516 -0.8556401003506265 -1.5844484988154224 -0.06485054695989945 0.9679062364587966 0.24279994105168967 -1.0290302284522785 0.0 0.0 0.0 1.0"/>
            </transform>
        </animation>
    </shape>
    <shape name="temp32" type="ply">
        <string name="filename" value="meshes/Cube_028.ply"/>
        <boolean name="face_normals" value="true"/>
        <ref id="mat-Material" name="bsdf"/>
        <animation name="to_world">
            <transform time="0">
                <matrix value="-0.10562663666810276 0.9846016982914879 0.13929306449195572 -1.4862726235772779 -0.7968248860426894 -3.6277775576057057e-06 -0.6042106263483399 -2.1220723981936724 -0.5949063608657033 -0.17481286880270658 0.7845554420332647 -1.3603630536833315 0.0 0.0 0.0 1.0"/>
            </transform>
            <transform time="0.0015">
                <matrix value="-0.1056215559789685 0.9846025993890826 0.13929053946575085 -1.486277089968018 -0.7968329283395603 -3.4281480961253742e-06 -0.6042000139193628 -2.122075287742019 -0.5948964835209353 -0.17480778736318753 0.7845640630361145 -1.3603666862186667 0.0 0.0 0.0 1.0"/>
            </transform>
        </animation>
    </shape>
    <shape name="temp33" type="ply">
        <string name="filename" value="meshes/Cube_029.ply"/>
        <boolean name="face_normals" value="true"/>
        <ref id="mat-Material" name="bsdf"/>
        <animation name="to_world">
            <transform time="0">
                <matrix value="0.002505881810622541 0.9765616167768338 0.21522385928615229 -1.5704900944132811 -0.9985390770300003 -0.009173621207159439 0.05325071946918847 -1.8177215066288643 0.053976981598398664 -0.21504287445533485 0.9751118268111073 -0.11642039388177094 0.0 0.0 0.0 1.0"/>
            </transform>
            <transform time="0.0015">
                <matrix value="0.002501821408119068 0.9765544079960768 0.21525652207878568 -1.5704392837059111 -0.998540337628121 -0.009174344713436462 0.05322688958756972 -1.817762844667957 0.05395378818867298 -0.21507548667911386 0.975105895084566 -0.11646474349911265 0.0 0.0 0.0 1.0"/>
            </transform>
        </animation>
    </shape>
    <shape name="temp34" type="ply">
        <string name="filename" value="meshes/Cube_030.ply"/>
        <boolean name="face_normals" value="true"/>
        <ref id="mat-Material" name="bsdf"/>
        <animation name="to_world">
            <transform time="0">
                <matrix value="-0.041947701999092 0.9785550347204804 -0.20166884104066643 -3.2259505073180015 -0.97543163970441 0.0035815937935277423 0.22027168468280622 -1.9194743877963245 0.21627020139336647 0.20595409993348476 0.9543639352310761 0.24614374882677081 0.0 0.0 0.0 1.0"/>
            </transform>
            <transform time="0.0015">
                <matrix value="-0.041974497964925216 0.9785550129903123 -0.20166331769801107 -3.2260013344229774 -0.9754023161222626 0.0035814477346109547 0.22040050188564694 -1.9191891009452566 0.21639620343537658 0.2059542024980526 0.9543351136769684 0.24637622873190318 0.0 0.0 0.0 1.0"/>
            </transform>
        </animation>
    </shape>
    <shape name="temp35" type="ply">
        <string name="filename" value="meshes/Cube_031.ply"/>
        <boolean name="face_normals" value="true"/>
        <ref id="mat-Material" name="bsdf"/>
        <animation name="to_world">
            <transform time="0">
                <matrix value="0.143666172009496 0.9765025874853731 0.1606318799906009 -1.874171253511755 -0.7423997432747014 -0.0009817301214167864 0.6699566592801006 -1.0310796183906419 0.6543720424731441 -0.21550301091103263 0.724814323287635 0.6501909287503245 0.0 0.0 0.0 1.0"/>
            </transform>
            <transform time="0.0015">
                <matrix value="0.14371321465910886 0.9764990206407278 0.16061126787914753 -1.8740717328212697 -0.7422239297292197 -0.0009896330476875618 0.6701500659047454 -1.0303088437292656 0.6545597439376114 -0.21551912553968328 0.7246388054566628 0.650448996483785 0.0 0.0 0.0 1.0"/>
            </transform>
        </animation>
    </shape>
    <shape name="temp36" type="ply">
        <string name="filename" value="meshes/Cube_032.ply"/>
        <boolean name="face_normals" value="true"/>
        <ref id="mat-Material" name="bsdf"/>
        <animation name="to_world">
            <transform time="0">
                <matrix value="0.662240460119817 0.6131003310229172 0.4307498790837884 -0.7071674503192171 -0.5475442664978805 0.0035357460947847727 0.836769260664148 -0.6175022094135739 0.5115007792180162 -0.7899971423982579 0.33804106754240104 -0.15985437816739134 0.0 0.0 0.0 1.0"/>
            </transform>
            <transform time="0.0015">
                <matrix value="0.6623947637125568 0.6131006388979287 0.43050957182073757 -0.7069953850441878 -0.5472330423745302 0.0035238501797977906 0.83697068405551 -0.6164954434020873 0.5116304133842435 -0.7899969471604458 0.337843039787897 -0.15970539700969769 0.0 0.0 0.0 1.0"/>
            </transform>
        </animation>
    </shape>
    <shape name="temp37" type="ply">
        <string name="filename" value="meshes/Cube_033.ply"/>
        <boolean name="face_normals" value="true"/>
        <ref id="mat-Material" name="bsdf"/>
        <animation name="to_world">
            <transform time="0">
                <matrix value="0.9766039569027725 0.16982843960344 0.131920697876839 -0.14484594289966246 -0.15004450141571238 0.09867611691554222 0.9837428567240998 0.30064350424561814 0.15405007207101787 -0.9805209595701501 0.12184931121492544 -0.3866762036694973 0.0 0.0 0.0 1.0"/>
            </transform>
            <transform time="0.0015">
                <matrix value="0.9766042919984754 0.16982706167503486 0.1319200561950869 -0.14485648105684962 -0.15004509980089623 0.0986851421588671 0.9837418610110362 0.3006411420431835 0.15404742002788308 -0.9805202837469541 0.12185805306500179 -0.38670953913185835 0.0 0.0 0.0 1.0"/>
            </transform>
        </animation>
    </shape>
    <shape name="temp38" type="ply">
        <string name="filename" value="meshes/Cube_034.ply"/>
        <boolean name="face_normals" value="true"/>
        <ref id="mat-Material" name="bsdf"/>
        <animation name="to_world">
            <transform time="0">
                <matrix value="0.9999162274146451 -0.0015286229488364138 0.01287042557305774 -0.03397336713723753 -0.012394486434160067 0.17757116366966125 0.984030077050694 0.3692976875544257 -0.003789627978802433 -0.9841067282963062 0.17753733746048062 -0.37877815005499327 0.0 0.0 0.0 1.0"/>
            </transform>
            <transform time="0.0015">
