
<scene version="2.1.0">
    <default name="spp" value="1024"/>
    <default name="resx" value="1280"/>
    <default name="resy" value="720"/>
    <integrator name="temp0" type="path">
        <integer name="max_depth" value="12"/>
    </integrator>
    <sensor name="temp44" type="perspective">
        <string name="fov_axis" value="x"/>
        <float name="fov" value="83.974423"/>
        <float name="principal_point_offset_x" value="0.000000"/>
        <float name="principal_point_offset_y" value="-0.000000"/>
        <float name="near_clip" value="0.100000"/>
        <float name="far_clip" value="1000.000000"/>
        <sampler name="sampler" type="correlated">
            <integer name="sample_count" value="1024"/>
        </sampler>
        <film name="film" type="hdrfilm">
            <integer name="width" value="$resx"/>
            <integer name="height" value="$resy"/>
        </film>
        <float name="shutter_open" value="0.0"/>
        <float name="shutter_close" value="0.0015"/>
        <animation name="to_world">
            <transform time="0">
                <rotate angle="-142.5518126578256" x="1"/>
                <rotate angle="3.976628485794621e-06" y="1"/>
                <rotate angle="-179.999991348578" z="1"/>
                <translate value="-0.000000 3.030926 4.073377"/>
                <translate x="37.05" y="0.0" z="0.0"/>
            </transform>
            <transform time="0.0015">
                <rotate angle="-142.5518126578256" x="1"/>
                <rotate angle="3.976628485794621e-06" y="1"/>
                <rotate angle="-179.999991348578" z="1"/>
                <translate value="-0.000000 3.030926 4.073377"/>
                <translate x="37.199999999999996" y="0.0" z="0.0"/>
            </transform>
        </animation>
    </sensor>
    <bsdf id="mat-Material" name="mat-Material" type="twosided">
        <bsdf name="bsdf" type="diffuse">
            <texture name="reflectance" type="bitmap">
                <string name="filename" value="textures/siggraph_2023_logo.jpg"/>
            </texture>
        </bsdf>
    </bsdf>
    <bsdf id="mat-Material.001" name="mat-Material.001" type="twosided">
        <bsdf name="bsdf" type="principled">
            <rgb name="base_color" value="0.433648 0.266232 0.084399"/>
            <float name="spec_tint" value="0.000000"/>
            <float name="spec_trans" value="0.000000"/>
            <float name="metallic" value="0.000000"/>
            <float name="anisotropic" value="0.000000"/>
            <float name="roughness" value="0.500000"/>
            <float name="sheen" value="0.000000"/>
            <float name="sheen_tint" value="0.500000"/>
            <float name="clearcoat" value="0.000000"/>
            <float name="clearcoat_gloss" value="0.173205"/>
            <float name="specular" value="0.500000"/>
        </bsdf>
    </bsdf>
    <bsdf id="mat-Material.002" name="mat-Material.002" type="twosided">
        <bsdf name="bsdf" type="principled">
            <rgb name="base_color" value="0.433648 0.266232 0.084399"/>
            <float name="spec_tint" value="0.000000"/>
            <float name="spec_trans" value="0.000000"/>
            <float name="metallic" value="0.000000"/>
            <float name="anisotropic" value="0.000000"/>
            <float name="roughness" value="0.500000"/>
            <float name="sheen" value="0.000000"/>
            <float name="sheen_tint" value="0.500000"/>
            <float name="clearcoat" value="0.000000"/>
            <float name="clearcoat_gloss" value="0.173205"/>
            <float name="specular" value="0.500000"/>
        </bsdf>
    </bsdf>
    <bsdf id="mat-Material.003" name="mat-Material.003" type="twosided">
        <bsdf name="bsdf" type="principled">
            <rgb name="base_color" value="0.433648 0.266232 0.084399"/>
            <float name="spec_tint" value="0.000000"/>
            <float name="spec_trans" value="0.000000"/>
            <float name="metallic" value="0.000000"/>
            <float name="anisotropic" value="0.000000"/>
            <float name="roughness" value="0.500000"/>
            <float name="sheen" value="0.000000"/>
            <float name="sheen_tint" value="0.500000"/>
            <float name="clearcoat" value="0.000000"/>
            <float name="clearcoat_gloss" value="0.173205"/>
            <float name="specular" value="0.500000"/>
        </bsdf>
    </bsdf>
    <bsdf id="mat-Material.004" name="mat-Material.004" type="twosided">
        <bsdf name="bsdf" type="principled">
            <rgb name="base_color" value="0.433648 0.266232 0.084399"/>
            <float name="spec_tint" value="0.000000"/>
            <float name="spec_trans" value="0.000000"/>
            <float name="metallic" value="0.000000"/>
            <float name="anisotropic" value="0.000000"/>
            <float name="roughness" value="0.500000"/>
            <float name="sheen" value="0.000000"/>
            <float name="sheen_tint" value="0.500000"/>
            <float name="clearcoat" value="0.000000"/>
            <float name="clearcoat_gloss" value="0.173205"/>
            <float name="specular" value="0.500000"/>
        </bsdf>
    </bsdf>
    <bsdf id="mat-Material.005" name="mat-Material.005" type="twosided">
        <bsdf name="bsdf" type="principled">
            <rgb name="base_color" value="0.433648 0.266232 0.084399"/>
            <float name="spec_tint" value="0.000000"/>
            <float name="spec_trans" value="0.000000"/>
            <float name="metallic" value="0.000000"/>
            <float name="anisotropic" value="0.000000"/>
            <float name="roughness" value="0.500000"/>
            <float name="sheen" value="0.000000"/>
            <float name="sheen_tint" value="0.500000"/>
            <float name="clearcoat" value="0.000000"/>
            <float name="clearcoat_gloss" value="0.173205"/>
            <float name="specular" value="0.500000"/>
        </bsdf>
    </bsdf>
    <emitter name="temp45" type="point">
        <point name="position" x="-6.815235034541981e-16" y="3.0693089962005615" z="4.109199523925781"/>
        <rgb name="intensity" value="7.957747 7.957747 7.957747"/>
    </emitter>
    <shape name="temp2" type="ply">
        <string name="filename" value="meshes/Cube.ply"/>
        <boolean name="face_normals" value="true"/>
        <ref id="mat-Material" name="bsdf"/>
        <animation name="to_world">
            <transform time="0">
                <matrix value="0.989639237128719 -0.07281237028678224 -0.12307464277119627 0.19142161867240803 -0.12150907669313701 0.025484123623605873 -0.9783123831911573 1.7127035683866971 0.0730912261292456 0.9832856371096088 0.01645404876646553 2.0349333439800077 0.0 0.0 0.0 1.0"/>
            </transform>
            <transform time="0.0015">
                <matrix value="0.9895155389435153 -0.07353494618053795 -0.12364184859028554 0.19257572095764738 -0.12295426786666146 0.01363452129841429 -0.9784415535576476 1.7214406661815231 0.07236360570263292 0.9835392435184711 0.0045310392771273494 2.059506187684823 0.0 0.0 0.0 1.0"/>
            </transform>
        </animation>
    </shape>
    <shape name="temp4" type="ply">
        <string name="filename" value="meshes/Plane.ply"/>
        <boolean name="face_normals" value="true"/>
        <ref id="mat-Material.001" name="bsdf"/>
    </shape>
    <shape name="temp5" type="ply">
        <string name="filename" value="meshes/Cube_001.ply"/>
        <boolean name="face_normals" value="true"/>
        <ref id="mat-Material" name="bsdf"/>
        <animation name="to_world">
            <transform time="0">
                <matrix value="0.9980461928241025 -0.03186245757921502 -0.05154438251412107 0.05064580309354749 -0.05104387289970161 0.017624426654540983 -0.9982244346723868 1.1668215048220636 0.033025748324105056 0.9991192537696356 0.015990796656991796 1.010877764254761 0.0 0.0 0.0 1.0"/>
            </transform>
            <transform time="0.0015">
                <matrix value="0.9980950848828568 -0.03206990301104824 -0.05046945749767995 0.049533441868077954 -0.050014129868169485 0.016137750112216465 -0.9983033428050854 1.164511721120172 0.03313976431789539 0.9991388601514655 0.014530107719643599 1.0121324295651348 0.0 0.0 0.0 1.0"/>
            </transform>
        </animation>
    </shape>
    <shape name="temp6" type="ply">
        <string name="filename" value="meshes/Cube_002.ply"/>
        <boolean name="face_normals" value="true"/>
        <ref id="mat-Material" name="bsdf"/>
        <animation name="to_world">
            <transform time="0">
                <matrix value="0.9993850028456085 -0.03128750602286499 -0.013840308335157517 -0.0038733177161478505 -0.0068798599180535675 0.2133385861754651 -0.9768904652780175 0.70230196230597 0.03345813897207049 0.9764382393001587 0.21297995934945896 0.4862211067240059 0.0 0.0 0.0 1.0"/>
            </transform>
            <transform time="0.0015">
                <matrix value="0.9993966673674588 -0.031152847500152712 -0.01330202244882667 -0.004210187378475615 -0.006361801546410815 0.2139387434555023 -0.9767630480473486 0.7008330469272723 0.03321607493171343 0.9763114323411544 0.21359936861729562 0.48650947934034816 0.0 0.0 0.0 1.0"/>
            </transform>
        </animation>
    </shape>
    <shape name="temp7" type="ply">
        <string name="filename" value="meshes/Cube_003.ply"/>
        <boolean name="face_normals" value="true"/>
        <ref id="mat-Material" name="bsdf"/>
        <animation name="to_world">
            <transform time="0">
                <matrix value="0.9981151168295135 -0.05579513289933941 0.024293922607005528 -0.026153988825730723 0.03600721685309391 0.22054300690621853 -0.9745869109796648 0.2948220174742027 0.049122338115019315 0.9736662613182931 0.22217267638755783 0.22371680196176702 0.0 0.0 0.0 1.0"/>
            </transform>
            <transform time="0.0015">
                <matrix value="0.9981450041748292 -0.055463288691823445 0.023828219947827287 -0.026101859959290524 0.035528817632345194 0.2215411241770337 -0.9743787218456912 0.29562843411265033 0.04886576969651409 0.9734592041093402 0.22313686023955343 0.22382054190731399 0.0 0.0 0.0 1.0"/>
            </transform>
        </animation>
    </shape>
    <shape name="temp8" type="ply">
        <string name="filename" value="meshes/Cube_004.ply"/>
        <boolean name="face_normals" value="true"/>
        <ref id="mat-Material" name="bsdf"/>
        <animation name="to_world">
            <transform time="0">
                <matrix value="0.9931313128626822 -0.09790959132123407 0.06308189301598363 0.0021037220350439423 0.0844329260833258 0.23229820012807062 -0.9689098771169793 -0.1590991305438431 0.08025163245731144 0.9676763526155399 0.2390357718142065 -0.16303252427085863 0.0 0.0 0.0 1.0"/>
            </transform>
            <transform time="0.0015">
                <matrix value="0.9932167941808111 -0.09747717410935205 0.06240735698796925 0.0018364312495576063 0.08369561660381639 0.23259937698078267 -0.9689019199228386 -0.1576330391928069 0.07996957602136223 0.9676478028400834 0.23924603577591436 -0.16274400421869212 0.0 0.0 0.0 1.0"/>
            </transform>
        </animation>
    </shape>
    <shape name="temp9" type="ply">
        <string name="filename" value="meshes/Cube_005.ply"/>
        <boolean name="face_normals" value="true"/>
        <ref id="mat-Material" name="bsdf"/>
        <animation name="to_world">
            <transform time="0">
                <matrix value="0.9910540630147139 -0.12606559343210486 0.04349909295111676 0.03827284615060811 0.07486893357942084 0.2563287535224635 -0.9636377884554922 -0.4761391630013938 0.11036499582466797 0.958279431733563 0.2634924998853483 -0.5588689679568473 0.0 0.0 0.0 1.0"/>
            </transform>
            <transform time="0.0015">
                <matrix value="0.9910046922478124 -0.1263878191737128 0.04369008858848869 0.03849104114751824 0.07506649324033021 0.255683447498362 -0.9637940983857416 -0.4767066928042707 0.1106743226680621 0.9584096553542805 0.2628893445694789 -0.5599127832819661 0.0 0.0 0.0 1.0"/>
            </transform>
        </animation>
    </shape>
    <shape name="temp10" type="ply">
        <string name="filename" value="meshes/Cube_006.ply"/>
        <boolean name="face_normals" value="true"/>
        <ref id="mat-Material" name="bsdf"/>
        <animation name="to_world">
            <transform time="0">
                <matrix value="0.9889138729174314 -0.12378347513573608 -0.08181526555942245 0.002867925394098858 -0.047831595384618106 0.2562697242310027 -0.965363710763694 -0.49921598406397094 0.14042654429663828 0.9585981481906375 0.24749881920532402 -0.9304116428353884 0.0 0.0 0.0 1.0"/>
            </transform>
            <transform time="0.0015">
                <matrix value="0.9888574013130149 -0.12400611157118546 -0.0821610418139026 0.002843450218833815 -0.04820712134154652 0.25562754201189597 -0.9655155782818137 -0.4982568033576083 0.14069633942124715 0.9587410772874392 0.2467921522826803 -0.9316823255206703 0.0 0.0 0.0 1.0"/>
            </transform>
        </animation>
    </shape>
    <shape name="temp11" type="ply">
        <string name="filename" value="meshes/Cube_007.ply"/>
        <boolean name="face_normals" value="true"/>
        <ref id="mat-Material" name="bsdf"/>
        <animation name="to_world">
            <transform time="0">
                <matrix value="0.9201368019616083 -0.19362168690279774 -0.3400536191888709 0.10688736189914172 -0.2844077056594808 0.26587418626140175 -0.9210134646052364 -0.19000135467658946 0.2687818579607005 0.944293035586528 0.18970803285516863 -1.6004795829787815 0.0 0.0 0.0 1.0"/>
            </transform>
            <transform time="0.0015">
                <matrix value="0.9202250757439285 -0.1944324584745426 -0.3393531222830743 0.10742449386409195 -0.2835443810473359 0.26587140787715163 -0.921280860369838 -0.19246213379563445 0.2693931714559003 0.9441275790498607 0.18966551505631596 -1.6021958725654926 0.0 0.0 0.0 1.0"/>
            </transform>
        </animation>
    </shape>
    <shape name="temp12" type="ply">
        <string name="filename" value="meshes/Cube_008.ply"/>
        <boolean name="face_normals" value="true"/>
        <ref id="mat-Material" name="bsdf"/>
        <animation name="to_world">
            <transform time="0">
                <matrix value="0.17820926569118145 0.9459536776500085 -0.26974137405258664 2.0959896113182066 -0.576399046499547 -0.1218686108092436 -0.8079628348717153 0.448096710775565 -0.7971085604057961 0.29954904124332793 0.5237661227525305 1.2304211054687895 0.0 0.0 0.0 1.0"/>
            </transform>
            <transform time="0.0015">
                <matrix value="0.17997543227301213 0.9455358161679384 -0.27003990925393806 2.092046784967043 -0.5761213159895535 -0.12123722599206452 -0.8082562042796513 0.44691327649293766 -0.7969145240368494 0.30112548144854767 0.5231598186004771 1.2280559161611624 0.0 0.0 0.0 1.0"/>
            </transform>
        </animation>
    </shape>
    <shape name="temp13" type="ply">
        <string name="filename" value="meshes/Cube_009.ply"/>
        <boolean name="face_normals" value="true"/>
        <ref id="mat-Material" name="bsdf"/>
        <animation name="to_world">
            <transform time="0">
                <matrix value="-0.06029755667725127 0.9917992044603618 0.11267414653011842 2.5787996090735796 -0.8817860226549439 -5.1742980624625854e-05 -0.471469329360631 1.1626972507502387 -0.4675975174947299 -0.12780518456561324 0.8745574088424146 0.8342044762452754 0.0 0.0 0.0 1.0"/>
            </transform>
            <transform time="0.0015">
                <matrix value="-0.06020007255018134 0.9917962233291528 0.11275256616769 2.578752992723097 -0.8822294180977011 -4.895846515629798e-05 -0.47064007058601126 1.1650957316004797 -0.4667739639554438 -0.12782832850641668 0.8749943566699749 0.8331135327397541 0.0 0.0 0.0 1.0"/>
            </transform>
        </animation>
    </shape>
    <shape name="temp14" type="ply">
        <string name="filename" value="meshes/Cube_010.ply"/>
        <boolean name="face_normals" value="true"/>
        <ref id="mat-Material" name="bsdf"/>
        <animation name="to_world">
            <transform time="0">
                <matrix value="0.020933687571694264 0.997478427192688 0.06780862946970381 1.8684487586100365 -0.9554879464990151 1.0190499830003984e-05 0.2948788261175235 2.2983738463072476 0.29413483308423183 -0.0709695926144553 0.9530787182266947 -0.6993798654529861 0.0 0.0 0.0 1.0"/>
            </transform>
            <transform time="0.0015">
                <matrix value="0.020895446769212254 0.9974764748145661 0.06784918647975428 1.8686121241887985 -0.9556887805236505 1.002261483531903e-05 0.2942280723130667 2.297532354685562 0.293485160705207 -0.07099706332554229 0.9532771714996018 -0.697815394171069 0.0 0.0 0.0 1.0"/>
            </transform>
        </animation>
    </shape>
    <shape name="temp15" type="ply">
        <string name="filename" value="meshes/Cube_011.ply"/>
        <boolean name="face_normals" value="true"/>
        <ref id="mat-Material" name="bsdf"/>
        <animation name="to_world">
            <transform time="0">
                <matrix value="-0.016532865447930683 0.9994390131470539 -0.02830733615085048 1.3759843517976422 -0.8298948897836451 0.002070887295770124 0.557874895808758 2.261078289169104 0.5576537116130966 0.03272439995578018 0.8294263489072153 -1.3667352379555084 0.0 0.0 0.0 1.0"/>
            </transform>
            <transform time="0.0015">
                <matrix value="-0.01687212527348376 0.9994435261441736 -0.02794982835399275 1.3771106132803004 -0.8298413861697407 0.0015928029083410265 0.5579562634378274 2.2612765638058123 0.5577232838638044 0.03261680139383466 0.8293838311083626 -1.3668560714328675 0.0 0.0 0.0 1.0"/>
            </transform>
        </animation>
    </shape>
    <shape name="temp16" type="ply">
        <string name="filename" value="meshes/Cube_012.ply"/>
        <boolean name="face_normals" value="true"/>
        <ref id="mat-Material" name="bsdf"/>
        <animation name="to_world">
            <transform time="0">
                <matrix value="0.09298380219386661 0.9897077320028451 0.1087679146291359 1.1102173390573356 -0.7612448074294316 0.0002577927008090976 0.6484074519372834 1.8425546914936293 0.6417057605398323 -0.1431026984520976 0.7534343513619444 -1.7605333145030677 0.0 0.0 0.0 1.0"/>
            </transform>
            <transform time="0.0015">
                <matrix value="0.09289242319136568 0.9897106380425877 0.10881960064750495 1.1103979362041922 -0.7616468744021581 0.00024329505424628496 0.6479354243725592 1.8424855810323717 0.6412420359577627 -0.14308263476323851 0.7538331216783652 -1.7594219831840439 0.0 0.0 0.0 1.0"/>
            </transform>
        </animation>
    </shape>
    <shape name="temp17" type="ply">
        <string name="filename" value="meshes/Cube_013.ply"/>
        <boolean name="face_normals" value="true"/>
        <ref id="mat-Material" name="bsdf"/>
        <animation name="to_world">
            <transform time="0">
                <matrix value="0.9274367627790868 0.19166208129355494 0.32098065293335876 0.5573812052089049 -0.35030144833492016 0.1458212476247489 0.9251319440537356 1.4530578864773749 0.13045527962313863 -0.9705503282070322 0.2023564122942592 -1.410272915866213 0.0 0.0 0.0 1.0"/>
            </transform>
            <transform time="0.0015">
                <matrix value="0.9272099668159419 0.19162642486173542 0.32165722719452466 0.5584172523132851 -0.351024562522175 0.14623496555971305 0.924792925031499 1.4531706802182596 0.13012586139881183 -0.9704952035616807 0.20283314098630245 -1.4094158165978738 0.0 0.0 0.0 1.0"/>
            </transform>
        </animation>
    </shape>
    <shape name="temp18" type="ply">
        <string name="filename" value="meshes/Cube_014.ply"/>
        <boolean name="face_normals" value="true"/>
        <ref id="mat-Material" name="bsdf"/>
        <animation name="to_world">
            <transform time="0">
                <matrix value="0.9417521235685526 0.2892653251929924 0.17154852179635866 0.11203028673066096 -0.2162707193095366 0.13026890658145313 0.9676035565204688 1.025672120340118 0.257546956971918 -0.9483432167417918 0.1852406338988067 -0.8611850623760609 0.0 0.0 0.0 1.0"/>
            </transform>
            <transform time="0.0015">
                <matrix value="0.9417530650279085 0.2892717905682339 0.17153242528620055 0.11202237998064388 -0.21626907893628594 0.1303189895857627 0.9675971822547882 1.0256651790823055 0.2575448777828659 -0.9483343634579245 0.18528884683596844 -0.8611432381164745 0.0 0.0 0.0 1.0"/>
            </transform>
        </animation>
    </shape>
    <shape name="temp19" type="ply">
        <string name="filename" value="meshes/Cube_015.ply"/>
        <boolean name="face_normals" value="true"/>
        <ref id="mat-Material" name="bsdf"/>
        <animation name="to_world">
            <transform time="0">
                <matrix value="0.9837651832270441 0.12492622381487747 0.12884005302820054 0.03413871933828272 -0.14948508670684205 0.17318356649555822 0.973479280658465 0.6390539215964085 0.0993001221572726 -0.9769343565077186 0.18904657508081174 -0.2976496812188018 0.0 0.0 0.0 1.0"/>
            </transform>
            <transform time="0.0015">
                <matrix value="0.9837632205236411 0.12494477365977762 0.1288371161001813 0.03414176835568329 -0.14948340165416435 0.17316062079622563 0.9734836209461781 0.6390557591246102 0.09932218741146502 -0.9769360535748552 0.18902622338662112 -0.2976133816646559 0.0 0.0 0.0 1.0"/>
            </transform>
        </animation>
    </shape>
    <shape name="temp20" type="ply">
        <string name="filename" value="meshes/Cube_016.ply"/>
        <boolean name="face_normals" value="true"/>
        <ref id="mat-Material" name="bsdf"/>
        <animation name="to_world">
            <transform time="0">
                <matrix value="0.9847735569396501 0.03380600221516281 0.17052215237002866 0.06623757351923976 -0.17381528277901592 0.17511775613602185 0.9690810273362832 0.33329933898874164 0.0029001359863978144 -0.9839646825454766 0.17832778434694135 0.136617895130342 0.0 0.0 0.0 1.0"/>
            </transform>
            <transform time="0.0015">
                <matrix value="0.9847793173943532 0.03376054409425769 0.17049791058659558 0.06623304660785685 -0.17378373750781761 0.17525996285291848 0.9690609854194902 0.3331891426000053 0.0028354015602241964 -0.983940938623858 0.17845986611034664 0.13686705508362398 0.0 0.0 0.0 1.0"/>
            </transform>
        </animation>
    </shape>
    <shape name="temp21" type="ply">
        <string name="filename" value="meshes/Cube_017.ply"/>
        <boolean name="face_normals" value="true"/>
        <ref id="mat-Material" name="bsdf"/>
        <animation name="to_world">
            <transform time="0">
                <matrix value="0.9492805752206898 -0.06252905054617738 0.30813682183498564 0.2057484713657275 -0.2942500314701247 0.1686377478760927 0.9407215069162183 0.13762313492228062 -0.11077698851296125 -0.9836865356897772 0.1416901486028327 0.37313684760518706 0.0 0.0 0.0 1.0"/>
            </transform>
            <transform time="0.0015">
                <matrix value="0.9493412275429239 -0.06257285214933772 0.30794111741096336 0.2056960048160325 -0.2940223945763347 0.16888140241293687 0.9407490294465404 0.13727848980152055 -0.11086198952724935 -0.9836419839228692 0.1419330166356343 0.37336802907801303 0.0 0.0 0.0 1.0"/>
            </transform>
        </animation>
    </shape>
    <shape name="temp22" type="ply">
        <string name="filename" value="meshes/Cube_018.ply"/>
        <boolean name="face_normals" value="true"/>
        <ref id="mat-Material" name="bsdf"/>
        <animation name="to_world">
            <transform time="0">
                <matrix value="0.2415106900910772 0.9559207630839572 0.166787023409284 0.8464130547659128 -0.534374019328862 -0.012431327867040171 0.8450150843860411 -0.04660100454427361 0.8098703608160602 -0.29333156732155113 0.5078357960210884 -0.14826259081785179 0.0 0.0 0.0 1.0"/>
            </transform>
            <transform time="0.0015">
                <matrix value="0.24184561345909533 0.9559236766328465 0.16628533210563257 0.8464563044343406 -0.5334689577490676 -0.012129878207031358 0.8455918745816452 -0.04734166496741949 0.810367674753116 -0.2933348413094783 0.5070408084986663 -0.1481747950337897 0.0 0.0 0.0 1.0"/>
            </transform>
        </animation>
    </shape>
    <shape name="temp23" type="ply">
        <string name="filename" value="meshes/Cube_019.ply"/>
        <boolean name="face_normals" value="true"/>
        <ref id="mat-Material" name="bsdf"/>
        <animation name="to_world">
            <transform time="0">
                <matrix value="-0.08069735580034289 0.9842052842687982 -0.15756838562319245 0.5018216655093595 -0.9116431926131197 -0.00896644090917624 0.41088215172703335 -0.04846329330187968 0.40297957810530344 0.17680365773022988 0.8979676384248317 -0.05102072315539269 0.0 0.0 0.0 1.0"/>
            </transform>
            <transform time="0.0015">
                <matrix value="-0.08072314699961336 0.9842024383022285 -0.1575729505846225 0.5018273389335687 -0.9115984014874918 -0.008968873422132945 0.4109814932534559 -0.04851043883494251 0.4030757585505195 0.17681937437410958 0.8979213845743985 -0.05101959406009952 0.0 0.0 0.0 1.0"/>
            </transform>
        </animation>
    </shape>
    <shape name="temp24" type="ply">
        <string name="filename" value="meshes/Cube_020.ply"/>
        <boolean name="face_normals" value="true"/>
        <ref id="mat-Material" name="bsdf"/>
        <animation name="to_world">
            <transform time="0">
                <matrix value="0.09499457398243444 0.9526655245866036 -0.2887957832070268 0.11209008355788379 -0.9559085517552678 0.006321637177551855 -0.29358621722203876 0.16050700766869685 -0.2778639752602838 0.3039519317409419 0.9112618024006247 0.10701718212580713 0.0 0.0 0.0 1.0"/>
            </transform>
            <transform time="0.0015">
                <matrix value="0.0950013325635097 0.952640991155973 -0.28887449560125417 0.11209950600966256 -0.9559578100860253 0.006358102082810731 -0.29342503085092814 0.1603898553598328 -0.2776921854058467 0.30402806834602397 0.9112887887778967 0.10712721276163745 0.0 0.0 0.0 1.0"/>
            </transform>
        </animation>
    </shape>
    <shape name="temp25" type="ply">
        <string name="filename" value="meshes/Cube_021.ply"/>
        <boolean name="face_normals" value="true"/>
        <ref id="mat-Material" name="bsdf"/>
        <animation name="to_world">
            <transform time="0">
                <matrix value="0.20909140874461685 0.9334393635682894 -0.29149896387926627 -0.1538944007507028 -0.7812899471124609 -0.019810392909810334 -0.6238535417457607 0.11551733163469537 -0.5881041599072385 0.3581877590353404 0.7251444493667205 0.29405460525835314 0.0 0.0 0.0 1.0"/>
            </transform>
            <transform time="0.0015">
                <matrix value="0.20906829671527616 0.9334418866415544 -0.2915074657369632 -0.1539045501785058 -0.781328195893412 -0.019811829259376176 -0.6238056028424506 0.11545752175950859 -0.5880615708390873 0.35818111344058 0.7251822779527695 0.29405665852547846 0.0 0.0 0.0 1.0"/>
            </transform>
        </animation>
    </shape>
    <shape name="temp26" type="ply">
        <string name="filename" value="meshes/Cube_022.ply"/>
        <boolean name="face_normals" value="true"/>
        <ref id="mat-Material" name="bsdf"/>
        <animation name="to_world">
            <transform time="0">
                <matrix value="0.6392340260306688 0.3993057279271124 -0.6572053769536301 -0.08120787744673413 -0.710462442400807 -0.020396439052778027 -0.7034266921532353 -0.19306378715433165 -0.29428706427174584 0.9165907768296473 0.2706543328190947 0.6783720303849783 0.0 0.0 0.0 1.0"/>
            </transform>
            <transform time="0.0015">
                <matrix value="0.6390246071732626 0.3993145812109797 -0.6574036940606482 -0.08129395948488236 -0.7106796163301958 -0.020408688873845303 -0.7032069884912697 -0.19334227026823997 -0.2942176611645832 0.9165866467990053 0.27074378529782567 0.6784018780561893 0.0 0.0 0.0 1.0"/>
            </transform>
        </animation>
    </shape>
    <shape name="temp27" type="ply">
        <string name="filename" value="meshes/Cube_023.ply"/>
        <boolean name="face_normals" value="true"/>
        <ref id="mat-Material" name="bsdf"/>
        <animation name="to_world">
            <transform time="0">
                <matrix value="0.8581765589235977 0.2765255317329373 -0.4325123244705572 -0.06335464819216297 -0.48029105876137135 0.13501686402195973 -0.8666549493381167 -0.28713379581015913 -0.1812557732165304 0.951474480782107 0.24868103225330612 0.20695883644696678 0.0 0.0 0.0 1.0"/>
            </transform>
            <transform time="0.0015">
                <matrix value="0.8581807715552918 0.27651773723874373 -0.4325089458544354 -0.0633367610385841 -0.48029375548393316 0.1350598253516131 -0.8666467538536702 -0.2871387086219294 -0.18122862727320374 0.951470643608183 0.24871548222323314 0.2070017322109072 0.0 0.0 0.0 1.0"/>
            </transform>
        </animation>
    </shape>
    <shape name="temp28" type="ply">
        <string name="filename" value="meshes/Cube_024.ply"/>
        <boolean name="face_normals" value="true"/>
        <ref id="mat-Material" name="bsdf"/>
        <animation name="to_world">
            <transform time="0">
                <matrix value="0.8566737496609205 0.4388642180287554 -0.27112428673618894 -0.19025077875745217 -0.3786224329686345 0.17795609513936544 -0.908282275881861 -0.5127365603742191 -0.35036443290835373 0.8807551994793742 0.3186139810817544 -0.3372875412900588 0.0 0.0 0.0 1.0"/>
            </transform>
            <transform time="0.0015">
                <matrix value="0.856669042364141 0.4388912059017146 -0.2710954621195528 -0.1902584745537258 -0.37860194425993976 0.17795539904147362 -0.9082909479469192 -0.5127205526716846 -0.35039807332554235 0.88074189327156 0.31861376832255284 -0.337327875590286 0.0 0.0 0.0 1.0"/>
            </transform>
        </animation>
    </shape>
    <shape name="temp29" type="ply">
        <string name="filename" value="meshes/Cube_025.ply"/>
        <boolean name="face_normals" value="true"/>
        <ref id="mat-Material" name="bsdf"/>
        <animation name="to_world">
            <transform time="0">
                <matrix value="0.8995925726959879 0.36565851033429775 -0.2388034897624274 -0.2663459418249135 -0.3211543950910152 0.1833193025783077 -0.9291147325825102 -0.7930260337447325 -0.2959614078758641 0.9125173385507162 0.28234550028580196 -0.7071926219198654 0.0 0.0 0.0 1.0"/>
            </transform>
            <transform time="0.0015">
                <matrix value="0.8995950619783528 0.36565029532789334 -0.23880665561934755 -0.2663418721885119 -0.32115096115790687 0.1833067007284468 -0.9291184090615143 -0.7930238564449821 -0.2959575494881987 0.9125231656484949 0.28233073479720927 -0.7071971784580616 0.0 0.0 0.0 1.0"/>
            </transform>
        </animation>
    </shape>
    <shape name="temp30" type="ply">
        <string name="filename" value="meshes/Cube_026.ply"/>
        <boolean name="face_normals" value="true"/>
        <ref id="mat-Material" name="bsdf"/>
        <animation name="to_world">
            <transform time="0">
                <matrix value="0.9234881486169988 0.23695212787037753 -0.3017004861706368 -0.32601370975330823 -0.3489600010283196 0.19216265177098307 -0.9172242838521658 -1.1455607726337247 -0.15936258370609918 0.9523270681631879 0.2601467967723527 -0.8800445059953366 0.0 0.0 0.0 1.0"/>
            </transform>
            <transform time="0.0015">
                <matrix value="0.9234978504354461 0.23693918210160136 -0.3016809463655596 -0.3259888895836661 -0.3489329843361926 0.1921381396636651 -0.9172397046390997 -1.1455333288577498 -0.15936551339995925 0.9523352381147125 0.2601151126720468 -0.8801108741522119 0.0 0.0 0.0 1.0"/>
            </transform>
        </animation>
    </shape>
    <shape name="temp31" type="ply">
        <string name="filename" value="meshes/Cube_027.ply"/>
        <boolean name="face_normals" value="true"/>
        <ref id="mat-Material" name="bsdf"/>
        <animation name="to_world">
            <transform time="0">
                <matrix value="0.8737083951654796 0.17493087523961098 -0.4539081112438602 -0.5818718205139197 -0.4821732824847037 0.18797102975868912 -0.8556726132700045 -1.582490441318507 -0.0643618346284841 0.9664708409901069 0.24857890947051697 -1.0183228310389683 0.0 0.0 0.0 1.0"/>
            </transform>
            <transform time="0.0015">
                <matrix value="0.873720123515083 0.174909279684841 -0.4538938478669833 -0.5818877789470647 -0.48215209167072665 0.18794428593299514 -0.8556904339807327 -1.5824684884740523 -0.0643612936882779 0.9664799495849594 0.24854362548451958 -1.0183943220949598 0.0 0.0 0.0 1.0"/>
            </transform>
        </animation>
    </shape>
    <shape name="temp32" type="ply">
        <string name="filename" value="meshes/Cube_028.ply"/>
        <boolean name="face_normals" value="true"/>
        <ref id="mat-Material" name="bsdf"/>
        <animation name="to_world">
            <transform time="0">
                <matrix value="-0.1057939602182165 0.9843039445333245 0.1412552757527891 -1.4829092997292197 -0.8011690929689537 -0.00022971968386998538 -0.59843584301648 -2.120188991203423 -0.5890101449044107 -0.17648060272452512 0.7886183685790891 -1.3401536573934534 0.0 0.0 0.0 1.0"/>
            </transform>
            <transform time="0.0015">
                <matrix value="-0.10576712383949159 0.9843078567987145 0.14124810406562074 -1.4828921645433053 -0.8012408353632616 -0.0002337277809891956 -0.5983398035128668 -2.1201543510347927 -0.5889173872224462 -0.17645877063163656 0.7886925279264073 -1.339942928913333 0.0 0.0 0.0 1.0"/>
            </transform>
        </animation>
    </shape>
    <shape name="temp33" type="ply">
        <string name="filename" value="meshes/Cube_029.ply"/>
        <boolean name="face_normals" value="true"/>
        <ref id="mat-Material" name="bsdf"/>
        <animation name="to_world">
            <transform time="0">
                <matrix value="0.004303173872881972 0.9774540437150492 0.2111041624017009 -1.5725434092393273 -0.9978883989596243 -0.009485089367844264 0.06425852713416523 -1.7978875837111903 0.06481210119373718 -0.21093481122098856 0.9753491677229598 -0.08779680550021407 0.0 0.0 0.0 1.0"/>
            </transform>
            <transform time="0.0015">
                <matrix value="0.004309253945057946 0.9774516182606903 0.21111524545403193 -1.5725140436736222 -0.9978859735050124 -0.009487686781660787 0.06429576254755995 -1.79781862891287 0.06484899363493828 -0.2109459097396958 0.9753443168131628 -0.08772824547211028 0.0 0.0 0.0 1.0"/>
            </transform>
        </animation>
    </shape>
    <shape name="temp34" type="ply">
        <string name="filename" value="meshes/Cube_030.ply"/>
        <boolean name="face_normals" value="true"/>
        <ref id="mat-Material" name="bsdf"/>
        <animation name="to_world">
            <transform time="0">
                <matrix value="-0.042529791444633064 0.9787812453777989 -0.20044455365248512 -3.226769966944366 -0.9745226709864804 0.0035786428933575736 0.22424305214145063 -1.910670200308886 0.220202038861191 0.20487632121423613 0.9536925135848549 0.25882795225703925 0.0 0.0 0.0 1.0"/>
            </transform>
            <transform time="0.0015">
                <matrix value="-0.04257343423071916 0.9787777424755602 -0.20045237610942634 -3.2268783997938417 -0.974477753645445 0.0035789213306868257 0.22443825134114817 -1.9102369331834548 0.22039239576808062 0.20489302796263317 0.9536449679138321 0.25918942528943173 0.0 0.0 0.0 1.0"/>
            </transform>
        </animation>
    </shape>
    <shape name="temp35" type="ply">
        <string name="filename" value="meshes/Cube_031.ply"/>
        <boolean name="face_normals" value="true"/>
        <ref id="mat-Material" name="bsdf"/>
        <animation name="to_world">
            <transform time="0">
                <matrix value="0.14293910131961768 0.9775664705281141 0.15469859358962051 -1.8846721591576532 -0.729503640783154 -0.0015682893811936431 0.6839619006373692 -0.9747989421844601 0.6688609321894166 -0.21062130936563328 0.7129139459534084 0.6749958317676543 0.0 0.0 0.0 1.0"/>
            </transform>
            <transform time="0.0015">
                <matrix value="0.14290150517744038 0.9775654718116134 0.15473961526576735 -1.8847125947586632 -0.7297150063870249 -0.0015584737250953318 0.6837364950288001 -0.9757152682930976 0.6686384445995952 -0.21062599507312535 0.7131212925609436 0.6746947983304385 0.0 0.0 0.0 1.0"/>
            </transform>
        </animation>
    </shape>
    <shape name="temp36" type="ply">
        <string name="filename" value="meshes/Cube_032.ply"/>
        <boolean name="face_normals" value="true"/>
        <ref id="mat-Material" name="bsdf"/>
        <animation name="to_world">
            <transform time="0">
                <matrix value="0.744035746515681 0.6139918193328231 0.26340255146208147 -0.6548108241192707 -0.33063614419167875 -0.004186554462343275 0.9437095438941214 0.10913301074926417 0.5805309408946735 -0.7893012016528203 0.19989212099091247 -0.11216713138865564 0.0 0.0 0.0 1.0"/>
            </transform>
            <transform time="0.0015">
                <matrix value="0.7441942946539916 0.6139936215280123 0.262950514751942 -0.6548572294124652 -0.33004880280479054 -0.004206360512381791 0.9439152394902519 0.11113419248805656 0.5806622505394156 -0.7892996923143492 0.19951669206098352 -0.11220679201336782 0.0 0.0 0.0 1.0"/>
            </transform>
        </animation>
    </shape>
    <shape name="temp37" type="ply">
        <string name="filename" value="meshes/Cube_033.ply"/>
        <boolean name="face_normals" value="true"/>
        <ref id="mat-Material" name="bsdf"/>
        <animation name="to_world">
            <transform time="0">
                <matrix value="0.9767282860572277 0.1689195658114025 0.13216727002634862 -0.1415782270682513 -0.1501422582606861 0.09843967644439253 0.9837514851536641 0.3003735451248215 0.15316438752045558 -0.9807015933737013 0.12151078128183951 -0.3799698833432312 0.0 0.0 0.0 1.0"/>
            </transform>
            <transform time="0.0015">
                <matrix value="0.9767280467031543 0.16892313941427986 0.13216440288334752 -0.14157986164793135 -0.1501418800812499 0.09845288428238583 0.9837502171088224 0.3003736203279656 0.15316622575974034 -0.9806996560138729 0.12152413149622303 -0.3799791076034055 0.0 0.0 0.0 1.0"/>
            </transform>
        </animation>
    </shape>
    <shape name="temp38" type="ply">
        <string name="filename" value="meshes/Cube_034.ply"/>
        <boolean name="face_normals" value="true"/>
        <ref id="mat-Material" name="bsdf"/>
        <animation name="to_world">
            <transform time="0">
                <matrix value="0.9999242057561075 0.0020605081525083275 0.012153544913458034 -0.03346086079578581 -0.012325897075849206 0.18020443324579755 0.9835519674946964 0.3693019165432983 -0.00016350724344756546 -0.9836269849381444 0.18021616934605014 -0.3642630859838837 0.0 0.0 0.0 1.0"/>
            </transform>
            <transform time="0.0015">
