
<scene version="2.1.0">
    <default name="spp" value="1024"/>
    <default name="resx" value="1280"/>
    <default name="resy" value="720"/>
    <integrator name="temp0" type="path">
        <integer name="max_depth" value="12"/>
    </integrator>
    <sensor name="temp44" type="perspective">
        <string name="fov_axis" value="x"/>
        <float name="fov" value="83.974423"/>
        <float name="principal_point_offset_x" value="0.000000"/>
        <float name="principal_point_offset_y" value="-0.000000"/>
        <float name="near_clip" value="0.100000"/>
        <float name="far_clip" value="1000.000000"/>
        <sampler name="sampler" type="correlated">
            <integer name="sample_count" value="1024"/>
        </sampler>
        <film name="film" type="hdrfilm">
            <integer name="width" value="$resx"/>
            <integer name="height" value="$resy"/>
        </film>
        <float name="shutter_open" value="0.0"/>
        <float name="shutter_close" value="0.0015"/>
        <animation name="to_world">
            <transform time="0">
                <rotate angle="-142.5518126578256" x="1"/>
                <rotate angle="3.976628485794621e-06" y="1"/>
                <rotate angle="-179.999991348578" z="1"/>
                <translate value="-0.000000 3.030926 4.073377"/>
            </transform>
            <transform time="0.0015">
                <rotate angle="-142.5518126578256" x="1"/>
                <rotate angle="3.976628485794621e-06" y="1"/>
                <rotate angle="-179.999991348578" z="1"/>
                <translate value="-0.000000 3.030926 4.073377"/>
                <translate x="0.15" y="0.0" z="0.0"/>
            </transform>
        </animation>
    </sensor>
    <bsdf id="mat-Material" name="mat-Material" type="twosided">
        <bsdf name="bsdf" type="diffuse">
            <texture name="reflectance" type="bitmap">
                <string name="filename" value="textures/siggraph_2023_logo.jpg"/>
            </texture>
        </bsdf>
    </bsdf>
    <bsdf id="mat-Material.001" name="mat-Material.001" type="twosided">
        <bsdf name="bsdf" type="principled">
            <rgb name="base_color" value="0.433648 0.266232 0.084399"/>
            <float name="spec_tint" value="0.000000"/>
            <float name="spec_trans" value="0.000000"/>
            <float name="metallic" value="0.000000"/>
            <float name="anisotropic" value="0.000000"/>
            <float name="roughness" value="0.500000"/>
            <float name="sheen" value="0.000000"/>
            <float name="sheen_tint" value="0.500000"/>
            <float name="clearcoat" value="0.000000"/>
            <float name="clearcoat_gloss" value="0.173205"/>
            <float name="specular" value="0.500000"/>
        </bsdf>
    </bsdf>
    <bsdf id="mat-Material.002" name="mat-Material.002" type="twosided">
        <bsdf name="bsdf" type="principled">
            <rgb name="base_color" value="0.433648 0.266232 0.084399"/>
            <float name="spec_tint" value="0.000000"/>
            <float name="spec_trans" value="0.000000"/>
            <float name="metallic" value="0.000000"/>
            <float name="anisotropic" value="0.000000"/>
            <float name="roughness" value="0.500000"/>
            <float name="sheen" value="0.000000"/>
            <float name="sheen_tint" value="0.500000"/>
            <float name="clearcoat" value="0.000000"/>
            <float name="clearcoat_gloss" value="0.173205"/>
            <float name="specular" value="0.500000"/>
        </bsdf>
    </bsdf>
    <bsdf id="mat-Material.003" name="mat-Material.003" type="twosided">
        <bsdf name="bsdf" type="principled">
            <rgb name="base_color" value="0.433648 0.266232 0.084399"/>
            <float name="spec_tint" value="0.000000"/>
            <float name="spec_trans" value="0.000000"/>
            <float name="metallic" value="0.000000"/>
            <float name="anisotropic" value="0.000000"/>
            <float name="roughness" value="0.500000"/>
            <float name="sheen" value="0.000000"/>
            <float name="sheen_tint" value="0.500000"/>
            <float name="clearcoat" value="0.000000"/>
            <float name="clearcoat_gloss" value="0.173205"/>
            <float name="specular" value="0.500000"/>
        </bsdf>
    </bsdf>
    <bsdf id="mat-Material.004" name="mat-Material.004" type="twosided">
        <bsdf name="bsdf" type="principled">
            <rgb name="base_color" value="0.433648 0.266232 0.084399"/>
            <float name="spec_tint" value="0.000000"/>
            <float name="spec_trans" value="0.000000"/>
            <float name="metallic" value="0.000000"/>
            <float name="anisotropic" value="0.000000"/>
            <float name="roughness" value="0.500000"/>
            <float name="sheen" value="0.000000"/>
            <float name="sheen_tint" value="0.500000"/>
            <float name="clearcoat" value="0.000000"/>
            <float name="clearcoat_gloss" value="0.173205"/>
            <float name="specular" value="0.500000"/>
        </bsdf>
    </bsdf>
    <bsdf id="mat-Material.005" name="mat-Material.005" type="twosided">
        <bsdf name="bsdf" type="principled">
            <rgb name="base_color" value="0.433648 0.266232 0.084399"/>
            <float name="spec_tint" value="0.000000"/>
            <float name="spec_trans" value="0.000000"/>
            <float name="metallic" value="0.000000"/>
            <float name="anisotropic" value="0.000000"/>
            <float name="roughness" value="0.500000"/>
            <float name="sheen" value="0.000000"/>
            <float name="sheen_tint" value="0.500000"/>
            <float name="clearcoat" value="0.000000"/>
            <float name="clearcoat_gloss" value="0.173205"/>
            <float name="specular" value="0.500000"/>
        </bsdf>
    </bsdf>
    <emitter name="temp45" type="point">
        <point name="position" x="-6.815235034541981e-16" y="3.0693089962005615" z="4.109199523925781"/>
        <rgb name="intensity" value="7.957747 7.957747 7.957747"/>
    </emitter>
    <shape name="temp2" type="ply">
        <string name="filename" value="meshes/Cube.ply"/>
        <boolean name="face_normals" value="true"/>
        <ref id="mat-Material" name="bsdf"/>
        <animation name="to_world">
            <transform time="0">
                <matrix value="0.9999991135176153 0.00021862530583639084 0.0012558147341427193 -0.0021083615405008693 -0.00021863448026424268 1.0 7.45444307387685e-06 -0.01729614356776754 -0.0012558131082377262 -7.728978376089591e-06 0.9999992908140084 0.002979945986177457 0.0 0.0 0.0 1.0"/>
            </transform>
            <transform time="0.0015">
                <matrix value="0.9999991135176153 0.00021807483282497761 0.0012563179522064017 -0.002109118907570407 -0.00021808943912492366 1.0 1.1722275215385216e-05 -0.017303208341980666 -0.001256315432653388 -1.1996227408942268e-05 0.9999992908140084 0.0029776512794995862 0.0 0.0 0.0 1.0"/>
            </transform>
        </animation>
    </shape>
    <shape name="temp4" type="ply">
        <string name="filename" value="meshes/Plane.ply"/>
        <boolean name="face_normals" value="true"/>
        <ref id="mat-Material.001" name="bsdf"/>
    </shape>
    <shape name="temp5" type="ply">
        <string name="filename" value="meshes/Cube_001.ply"/>
        <boolean name="face_normals" value="true"/>
        <ref id="mat-Material" name="bsdf"/>
        <animation name="to_world">
            <transform time="0">
                <matrix value="0.9999991135176153 -0.0001626957822215455 -0.0014998314501293317 0.0020437942149751365 0.0001665403429268457 0.9999966626548998 0.002563660080535161 -0.020586670190318235 0.0014994096027317841 -0.0025639091157495576 0.9999957448840504 -0.00310165010043284 0.0 0.0 0.0 1.0"/>
            </transform>
            <transform time="0.0015">
                <matrix value="0.9999991135176153 -0.00016246139171888885 -0.0015006020639576159 0.002045773505964631 0.00016636709844842 0.999996542508554 0.0026025677812546383 -0.020623989058509894 0.0015001745783508067 -0.0026028164073246536 0.9999956172285295 -0.00310634934972729 0.0 0.0 0.0 1.0"/>
            </transform>
        </animation>
    </shape>
    <shape name="temp6" type="ply">
        <string name="filename" value="meshes/Cube_002.ply"/>
        <boolean name="face_normals" value="true"/>
        <ref id="mat-Material" name="bsdf"/>
        <animation name="to_world">
            <transform time="0">
                <matrix value="1.0 3.058197041026401e-05 0.0003259560654550303 -0.0008681390923754861 -3.106127898132536e-05 0.9999989570796561 0.0014708635663261472 -0.018596581208310092 -0.0003259094866025917 -0.0014708743635578603 0.999999054418678 0.0009442012161064994 0.0 0.0 0.0 1.0"/>
            </transform>
            <transform time="0.0015">
                <matrix value="1.0 2.9433154253546013e-05 0.0003261062734513772 -0.0008680687588144657 -2.9856871144295172e-05 0.9999988068967237 0.001301785105350359 -0.018486860131993826 -0.0003260611413435844 -0.0013017957900173514 0.9999989012320529 0.0009399681321726867 0.0 0.0 0.0 1.0"/>
            </transform>
        </animation>
    </shape>
    <shape name="temp7" type="ply">
        <string name="filename" value="meshes/Cube_003.ply"/>
        <boolean name="face_normals" value="true"/>
        <ref id="mat-Material" name="bsdf"/>
        <animation name="to_world">
            <transform time="0">
                <matrix value="0.9999991135176153 -0.00044244644082574265 0.0012185730137709736 -0.0012697857112411448 0.0004475760912154914 0.999991030885043 -0.00421268298771548 -0.01737407986230155 -0.0012166970730124623 0.004213222978455352 0.9999905441867787 0.0034044502623292727 0.0 0.0 0.0 1.0"/>
            </transform>
            <transform time="0.0015">
                <matrix value="0.9999991135176153 -0.0004437271257821114 0.0012190218505827208 -0.0012703772910511479 0.0004488761029735592 0.9999909633027235 -0.004226827219439478 -0.017372198153657814 -0.0012171336548425927 0.0042273691594105255 0.9999904761038342 0.0034089150400115936 0.0 0.0 0.0 1.0"/>
            </transform>
        </animation>
    </shape>
    <shape name="temp8" type="ply">
        <string name="filename" value="meshes/Cube_004.ply"/>
        <boolean name="face_normals" value="true"/>
        <ref id="mat-Material" name="bsdf"/>
        <animation name="to_world">
            <transform time="0">
                <matrix value="0.9999995567588077 0.00028091893797335546 0.0008745067020440157 -0.0005722891128092655 -0.0002809940836165645 1.0 8.558929337180589e-05 -0.017092901913466962 -0.0008744838456315034 -8.583505589010123e-05 0.9999997636046695 0.0027710946716060815 0.0 0.0 0.0 1.0"/>
            </transform>
            <transform time="0.0015">
                <matrix value="0.9999995567588077 0.00028189865633311756 0.0008752944217121103 -0.0005721774587819242 -0.0002819851052226349 0.9999999924908534 9.817008537858574e-05 -0.0170901899370886 -0.0008752674908682619 -9.841690889355622e-05 0.9999997550943014 0.0027732756800656357 0.0 0.0 0.0 1.0"/>
            </transform>
        </animation>
    </shape>
    <shape name="temp9" type="ply">
        <string name="filename" value="meshes/Cube_005.ply"/>
        <boolean name="face_normals" value="true"/>
        <ref id="mat-Material" name="bsdf"/>
        <animation name="to_world">
            <transform time="0">
                <matrix value="1.0 0.000146232658841983 0.0007841304032289712 -0.0005929549180057059 -0.0001470984545066105 0.9999993742477937 0.0011045217226033177 -0.017009548543236386 -0.0007839695617408387 -0.0011046361980964617 0.9999992908140084 0.0022294323809118333 0.0 0.0 0.0 1.0"/>
            </transform>
            <transform time="0.0015">
                <matrix value="0.9999999840430618 0.0001586964680605414 0.000784273377412463 -0.0005952035345844716 -0.00015967156442009948 0.999998953735583 0.0012432241268447713 -0.016921233912788086 -0.0007840300385367523 -0.0012433481581552502 0.9999988652956052 0.0022304299757614846 0.0 0.0 0.0 1.0"/>
            </transform>
        </animation>
    </shape>
    <shape name="temp10" type="ply">
        <string name="filename" value="meshes/Cube_006.ply"/>
        <boolean name="face_normals" value="true"/>
        <ref id="mat-Material" name="bsdf"/>
        <animation name="to_world">
            <transform time="0">
                <matrix value="0.9999995567588077 -0.00019900275956722977 -0.0011349103423429897 -0.001107131928676175 0.00020129000916622785 0.9999979141593124 0.002015648425299785 -0.016914474760063303 0.0011345068587142106 -0.0020158732476330925 0.9999973996513641 -0.002503043031171992 0.0 0.0 0.0 1.0"/>
            </transform>
            <transform time="0.0015">
                <matrix value="0.9999995567588077 -0.00018397076213080117 -0.0011360571995434265 -0.0011082520822721443 0.00018617507069034912 0.9999979892507787 0.0019425549769016173 -0.016926092287414696 0.0011356682046790097 -0.0019427625253369385 0.9999974762446767 -0.002509779675839024 0.0 0.0 0.0 1.0"/>
            </transform>
        </animation>
    </shape>
    <shape name="temp11" type="ply">
        <string name="filename" value="meshes/Cube_007.ply"/>
        <boolean name="face_normals" value="true"/>
        <ref id="mat-Material" name="bsdf"/>
        <animation name="to_world">
            <transform time="0">
                <matrix value="0.9999977837940383 -0.002265421141664042 -7.004866434274297e-05 0.0005978633175707238 0.0022657913539600055 0.9999806016816049 0.005792465702583471 -0.01728193882187512 5.692502309286612e-05 -0.005792598602903908 0.9999832159315324 0.00014257524852134829 0.0 0.0 0.0 1.0"/>
            </transform>
            <transform time="0.0015">
                <matrix value="0.9999977997509765 -0.0022557769193831093 -6.997069235053162e-05 0.0005972361508814158 0.0022561453847964852 0.9999807518645374 0.005767902227237518 -0.017282654574632107 5.695199031848457e-05 -0.005768035283206007 0.9999833520974214 0.000140090905580162 0.0 0.0 0.0 1.0"/>
            </transform>
        </animation>
    </shape>
    <shape name="temp12" type="ply">
        <string name="filename" value="meshes/Cube_008.ply"/>
        <boolean name="face_normals" value="true"/>
        <ref id="mat-Material" name="bsdf"/>
        <animation name="to_world">
            <transform time="0">
                <matrix value="0.9999982270352306 0.0019058076062266516 0.00010880686075984078 0.00013512861024933542 -0.0019055160479906105 0.9999947853982809 -0.0026255956571341037 -0.016720361137062545 -0.00011381015447842037 0.002625387184177647 0.9999966904653725 -1.5084042299662315e-05 0.0 0.0 0.0 1.0"/>
            </transform>
            <transform time="0.0015">
                <matrix value="0.9999982908629835 0.0018648635337218257 0.00010891552113929445 0.00013629178469516746 -0.0018645780442386073 0.99999494309036 -0.002569809343431351 -0.016742524929538097 -0.00011376845899881033 0.002569605263222302 0.9999967925897894 -1.3180186616035715e-05 0.0 0.0 0.0 1.0"/>
            </transform>
        </animation>
    </shape>
    <shape name="temp13" type="ply">
        <string name="filename" value="meshes/Cube_009.ply"/>
        <boolean name="face_normals" value="true"/>
        <ref id="mat-Material" name="bsdf"/>
        <animation name="to_world">
            <transform time="0">
                <matrix value="0.9999995567588077 -0.00033055568881759954 0.0008310761519189864 0.0014591797093475023 0.0003303303742551332 0.9999997914159312 0.00027082394646875017 -0.018064889008620966 -0.0008311658839027209 -0.0002705502239149978 0.9999997636046695 0.0014094523598018327 0.0 0.0 0.0 1.0"/>
            </transform>
            <transform time="0.0015">
                <matrix value="0.9999995408018695 -0.0002820547115183364 0.000831502776670084 0.0014613325593459511 0.0002818482332870867 0.999999776397638 0.00024829453419400823 -0.017999028495944994 -0.000831602306163469 -0.0002480615312458015 0.9999997550943014 0.001410392259426922 0.0 0.0 0.0 1.0"/>
            </transform>
        </animation>
    </shape>
    <shape name="temp14" type="ply">
        <string name="filename" value="meshes/Cube_010.ply"/>
        <boolean name="face_normals" value="true"/>
        <ref id="mat-Material" name="bsdf"/>
        <animation name="to_world">
            <transform time="0">
                <matrix value="0.999986259523037 -0.0005139824330497285 0.005223249386199525 0.010818600903912401 0.0005128522216135043 0.9999997914159312 0.00021777045162382316 -0.018344880226330074 -0.005223353669239239 -0.00021508772003011955 0.9999865254661597 0.008652305330332455 0.0 0.0 0.0 1.0"/>
            </transform>
            <transform time="0.0015">
                <matrix value="0.999986259523037 -0.0005110426021472462 0.005225555695945135 0.010824365748421126 0.0005099104164372968 0.9999997914159312 0.00021804020476037887 -0.018339307275660043 -0.005225659446814307 -0.00021537186613829307 0.9999865084454236 0.008655232648860036 0.0 0.0 0.0 1.0"/>
            </transform>
        </animation>
    </shape>
    <shape name="temp15" type="ply">
        <string name="filename" value="meshes/Cube_011.ply"/>
        <boolean name="face_normals" value="true"/>
        <ref id="mat-Material" name="bsdf"/>
        <animation name="to_world">
            <transform time="0">
                <matrix value="0.9999982270352306 -0.001725157115949798 -0.0008614505879388266 -0.001819003075018033 0.0017247356952769992 0.99999833132745 -0.0004892745074585091 -0.020981909587223013 0.0008622947128417612 0.00048778635985340714 0.9999995272093389 -0.0013301999812613818 0.0 0.0 0.0 1.0"/>
            </transform>
            <transform time="0.0015">
                <matrix value="0.9999982589491071 -0.001623651475573308 -0.0008620211230139029 -0.001824456114089492 0.0016232652058970026 0.9999983613640365 -0.0004489773189450624 -0.02077425899918166 0.0008628597480246896 0.00044757735771140114 0.9999995272093389 -0.0013298289934348974 0.0 0.0 0.0 1.0"/>
            </transform>
        </animation>
    </shape>
    <shape name="temp16" type="ply">
        <string name="filename" value="meshes/Cube_012.ply"/>
        <boolean name="face_normals" value="true"/>
        <ref id="mat-Material" name="bsdf"/>
        <animation name="to_world">
            <transform time="0">
                <matrix value="0.9999964540704612 -0.002778523349943578 -0.0001897852632096529 -0.00028707601459032617 0.002777903362782278 0.999991030885043 -0.0031897058343785946 -0.02534110980968024 0.00019864607545383466 0.003189156548601131 0.9999950356980589 -0.00046013628331231793 0.0 0.0 0.0 1.0"/>
            </transform>
            <transform time="0.0015">
                <matrix value="0.9999964381135229 -0.002779015724687578 -0.00018977805492790187 -0.000287598042809471 0.002778395793896234 0.999991030885043 -0.0031901449693707475 -0.025341309926317713 0.0001986416713388816 0.0031895956084041148 0.9999950356980589 -0.00045923092932499937 0.0 0.0 0.0 1.0"/>
            </transform>
        </animation>
    </shape>
    <shape name="temp17" type="ply">
        <string name="filename" value="meshes/Cube_013.ply"/>
        <boolean name="face_normals" value="true"/>
        <ref id="mat-Material" name="bsdf"/>
        <animation name="to_world">
            <transform time="0">
                <matrix value="0.9999977837940383 -0.002209639504153952 0.0003026569416779624 -0.00010115789782905171 0.0022113391734792836 0.9999810188497423 -0.0057326576839593 -0.02619000381891734 -0.00028998345823870133 0.005733314838879237 0.9999836887221933 -0.00017700448805735292 0.0 0.0 0.0 1.0"/>
            </transform>
            <transform time="0.0015">
                <matrix value="0.9999978157079148 -0.0021888867760008115 0.00030249167033014046 -0.00010242707200524526 0.002190570101379758 0.9999813342339005 -0.005678537700323671 -0.026110654579183493 -0.00029002561646952025 0.00567918860966256 0.9999839525436034 -0.00017370132646348297 0.0 0.0 0.0 1.0"/>
            </transform>
        </animation>
    </shape>
    <shape name="temp18" type="ply">
        <string name="filename" value="meshes/Cube_014.ply"/>
        <boolean name="face_normals" value="true"/>
        <ref id="mat-Material" name="bsdf"/>
        <animation name="to_world">
            <transform time="0">
                <matrix value="1.0 0.0006096495161892526 -6.377024075918834e-05 -0.0004902563159351336 -0.0006094699367228874 0.9999960369026935 0.00276818932050999 -0.014877126495433712 6.545741604568576e-05 -0.0027681421208410944 0.9999962176747115 0.0004809333744230093 0.0 0.0 0.0 1.0"/>
            </transform>
            <transform time="0.0015">
                <matrix value="0.9999999840430618 0.0006330619840758777 -6.35653366272878e-05 -0.0004906984954416352 -0.0006328762120046375 0.9999955713356029 0.0028728566352675708 -0.014766990069072334 6.54491822655561e-05 -0.002872808436122218 0.999995775135572 0.00048177134545106574 0.0 0.0 0.0 1.0"/>
            </transform>
        </animation>
    </shape>
    <shape name="temp19" type="ply">
        <string name="filename" value="meshes/Cube_015.ply"/>
        <boolean name="face_normals" value="true"/>
        <ref id="mat-Material" name="bsdf"/>
        <animation name="to_world">
            <transform time="0">
                <matrix value="0.9994025108727065 0.026829584729977495 -0.02180118112562946 -0.007922380808388696 -0.02319922627817463 0.9880404152491641 0.1524398362064034 0.08126134278243924 0.02563034659688277 -0.1518429236811751 0.9880724372027625 -0.03922480348667334 0.0 0.0 0.0 1.0"/>
            </transform>
            <transform time="0.0015">
                <matrix value="0.9993880060158502 0.02723738695923285 -0.021855807476164956 -0.007956435593151645 -0.023528958535045896 0.9876333669382296 0.15458404216318494 0.08266522488812243 0.025818810005150836 -0.15397381749643238 0.9876735136997166 -0.03952431251301744 0.0 0.0 0.0 1.0"/>
            </transform>
        </animation>
    </shape>
    <shape name="temp20" type="ply">
        <string name="filename" value="meshes/Cube_016.ply"/>
        <boolean name="face_normals" value="true"/>
        <ref id="mat-Material" name="bsdf"/>
        <animation name="to_world">
            <transform time="0">
                <matrix value="0.997303763826909 0.06871587303904904 -0.025757611575050077 0.06417782357330815 -0.05804660060599936 0.9534165027543526 0.29601966998266277 0.08364179227965374 0.04489895873779092 -0.2937262083796564 0.9548345445442085 -0.14219961943488324 0.0 0.0 0.0 1.0"/>
            </transform>
            <transform time="0.0015">
                <matrix value="0.9972726956681639 0.06917661400107429 -0.025603629230466354 0.0642221563402165 -0.058435043544860246 0.9527143675086165 0.2979921605409236 0.08433119265394538 0.04503424325584756 -0.2956830844801826 0.9541636977607503 -0.1423707748792598 0.0 0.0 0.0 1.0"/>
            </transform>
        </animation>
    </shape>
    <shape name="temp21" type="ply">
        <string name="filename" value="meshes/Cube_017.ply"/>
        <boolean name="face_normals" value="true"/>
        <ref id="mat-Material" name="bsdf"/>
        <animation name="to_world">
            <transform time="0">
                <matrix value="0.9929564542122983 0.10879315343652683 0.046922369191825825 0.21335955207982238 -0.11846405402578246 0.9182648725655632 0.3778301839959416 0.01683963244280917 -0.001981815586842474 -0.3807274577982283 0.9246851568790332 -0.18935500533555316 0.0 0.0 0.0 1.0"/>
            </transform>
            <transform time="0.0015">
                <matrix value="0.9926833671713314 0.11061584409057794 0.047401924177103434 0.21340289840731216 -0.12031860289711341 0.9173824877643145 0.379172005218379 0.017761012719526723 -0.001466433129914106 -0.382114997911027 0.9240764868446577 -0.1895241368396372 0.0 0.0 0.0 1.0"/>
            </transform>
        </animation>
    </shape>
    <shape name="temp22" type="ply">
        <string name="filename" value="meshes/Cube_018.ply"/>
        <boolean name="face_normals" value="true"/>
        <ref id="mat-Material" name="bsdf"/>
        <animation name="to_world">
            <transform time="0">
                <matrix value="-0.2068271554375943 0.9747544444050453 0.08412009639255998 1.0945568211097456 -0.922879135218704 -0.22291859172380132 0.31400935463601976 0.6467927088152667 0.3248340061734633 -0.012687000832250434 0.9456860452526853 -0.3974257374399638 0.0 0.0 0.0 1.0"/>
            </transform>
            <transform time="0.0015">
                <matrix value="-0.20348777676246746 0.9752906725653168 0.08422650748173408 1.0918435134739117 -0.9228925709606985 -0.21986018689067083 0.315613490933324 0.642975118250741 0.32634733028186685 -0.013651990751828333 0.9451009489378498 -0.3971840600531625 0.0 0.0 0.0 1.0"/>
            </transform>
        </animation>
    </shape>
    <shape name="temp23" type="ply">
        <string name="filename" value="meshes/Cube_019.ply"/>
        <boolean name="face_normals" value="true"/>
        <ref id="mat-Material" name="bsdf"/>
        <animation name="to_world">
            <transform time="0">
                <matrix value="-0.03681830834339491 0.9942733243920295 -0.1003247362655495 0.4156663874803541 -0.9631254354844715 -0.008530289535545856 0.26891860010467583 0.08317170615064895 0.26652287922386697 0.10652638692761925 0.9579237587235787 -0.0368946831027922 0.0 0.0 0.0 1.0"/>
            </transform>
            <transform time="0.0015">
                <matrix value="-0.037044272630918994 0.9942523288180747 -0.10044088236475313 0.41590063988391196 -0.9626547696342694 -0.008536118510611123 0.2704685764196146 0.08174134043968895 0.26805583355768814 0.106717074947851 0.9574380209559019 -0.037041123036998386 0.0 0.0 0.0 1.0"/>
            </transform>
        </animation>
    </shape>
    <shape name="temp24" type="ply">
        <string name="filename" value="meshes/Cube_020.ply"/>
        <boolean name="face_normals" value="true"/>
        <ref id="mat-Material" name="bsdf"/>
        <animation name="to_world">
            <transform time="0">
                <matrix value="0.11800705566092592 0.9927191938841219 0.024140667600046694 -0.19722307286514484 -0.9710124182396016 0.12044742073676998 -0.20646212718004647 0.07382461858288682 -0.20786656014520996 0.0009230914146833224 0.9781568348958294 0.09910638639387515 0.0 0.0 0.0 1.0"/>
            </transform>
            <transform time="0.0015">
                <matrix value="0.11760456642525381 0.9927636703894351 0.024183825378252432 -0.19721231539363468 -0.9708454324512061 0.1200637689409861 -0.207400333984422 0.07471698890281088 -0.20880375417430358 0.0009025433297038863 0.9779445778051643 0.09913747525036873 0.0 0.0 0.0 1.0"/>
            </transform>
        </animation>
    </shape>
    <shape name="temp25" type="ply">
        <string name="filename" value="meshes/Cube_021.ply"/>
        <boolean name="face_normals" value="true"/>
        <ref id="mat-Material" name="bsdf"/>
        <animation name="to_world">
            <transform time="0">
                <matrix value="0.2789526033328192 0.9595415739336661 -0.03828230897720723 -0.317155566202454 -0.7701550634987332 0.1997266505778822 -0.6057810005290528 0.10380976867395066 -0.5736259079795826 0.19846740769633497 0.7947100398515249 0.08524758051725057 0.0 0.0 0.0 1.0"/>
            </transform>
            <transform time="0.0015">
                <matrix value="0.27889843112320256 0.9595360772383389 -0.03873831492301224 -0.3168064057367411 -0.769833563107159 0.19927450984148304 -0.6063249747453983 0.10443478306230317 -0.574076420216793 0.19892033388947078 0.794261092404993 0.08546734471341087 0.0 0.0 0.0 1.0"/>
            </transform>
        </animation>
    </shape>
    <shape name="temp26" type="ply">
        <string name="filename" value="meshes/Cube_022.ply"/>
        <boolean name="face_normals" value="true"/>
        <ref id="mat-Material" name="bsdf"/>
        <animation name="to_world">
            <transform time="0">
                <matrix value="0.563218161541912 0.7981986679821369 -0.21369180478851835 -0.228478057565961 -0.44662445237550685 0.07648773629967691 -0.8914460822438267 0.14810752565425034 -0.6952065238011655 0.5975186839179597 0.39957429928878097 0.181707325804066 0.0 0.0 0.0 1.0"/>
            </transform>
            <transform time="0.0015">
                <matrix value="0.5638432267264833 0.7973947687813804 -0.21488692003106757 -0.22764365190305025 -0.44695228767156064 0.0758361488744262 -0.8913292519110306 0.14775294215312146 -0.694468690934082 0.5986227612549275 0.3991391216177782 0.18292513268976382 0.0 0.0 0.0 1.0"/>
            </transform>
        </animation>
    </shape>
    <shape name="temp27" type="ply">
        <string name="filename" value="meshes/Cube_023.ply"/>
        <boolean name="face_normals" value="true"/>
        <ref id="mat-Material" name="bsdf"/>
        <animation name="to_world">
            <transform time="0">
                <matrix value="0.859418077503382 0.46993761250503213 -0.20139468517106277 -0.1219599730053974 -0.3782114597350836 0.31929194052016696 -0.8689124065470158 -0.17266645405907416 -0.344031048159042 0.8229283951750334 0.45214081975281556 -0.03946874277593204 0.0 0.0 0.0 1.0"/>
            </transform>
            <transform time="0.0015">
                <matrix value="0.8594858306631311 0.469540686523744 -0.2019956107704991 -0.12189899604667617 -0.3783623852439989 0.3187003023669724 -0.8690578232061422 -0.1727964399039412 -0.3436900451975561 0.8233727188897991 0.45157202079282455 -0.039021086826779995 0.0 0.0 0.0 1.0"/>
            </transform>
        </animation>
    </shape>
    <shape name="temp28" type="ply">
        <string name="filename" value="meshes/Cube_024.ply"/>
        <boolean name="face_normals" value="true"/>
        <ref id="mat-Material" name="bsdf"/>
        <animation name="to_world">
            <transform time="0">
                <matrix value="0.8873981210119375 0.4151271424191163 -0.20048524869497958 -0.1274787471447817 -0.3470442017846664 0.3152894208246163 -0.8832627850868588 -0.4814269248911071 -0.30345546401147466 0.8533827121352126 0.42385470008288023 -0.27778211625701416 0.0 0.0 0.0 1.0"/>
            </transform>
            <transform time="0.0015">
                <matrix value="0.8875058622589054 0.41482481666697113 -0.20062585444303876 -0.12736867245953443 -0.34686945097127125 0.3148097590658478 -0.8834976967765565 -0.4812395902708411 -0.3033376826589688 0.8537001237629211 0.42328558623927076 -0.2776836630015812 0.0 0.0 0.0 1.0"/>
            </transform>
        </animation>
    </shape>
    <shape name="temp29" type="ply">
        <string name="filename" value="meshes/Cube_025.ply"/>
        <boolean name="face_normals" value="true"/>
        <ref id="mat-Material" name="bsdf"/>
        <animation name="to_world">
            <transform time="0">
                <matrix value="0.8795115304763779 0.4336990507339031 -0.19586858972692084 -0.27825560847905184 -0.3194460548874434 0.2329915335726488 -0.9185147659615309 -0.7860972529217791 -0.3527233625340631 0.8704136013499562 0.3434623216574528 -0.7610366783421972 0.0 0.0 0.0 1.0"/>
            </transform>
            <transform time="0.0015">
                <matrix value="0.8795373647593816 0.4335861281870026 -0.19600044851868284 -0.27830142033388744 -0.3194492973372929 0.23277225147299543 -0.9185684919151251 -0.7861272827819187 -0.3526558024532667 0.8705273874487182 0.3432406435900962 -0.7609822306794815 0.0 0.0 0.0 1.0"/>
            </transform>
        </animation>
    </shape>
    <shape name="temp30" type="ply">
        <string name="filename" value="meshes/Cube_026.ply"/>
        <boolean name="face_normals" value="true"/>
        <ref id="mat-Material" name="bsdf"/>
        <animation name="to_world">
            <transform time="0">
                <matrix value="0.9020476856604382 0.3447291848743177 -0.2597535531400155 -0.30189116577934294 -0.3521676267270893 0.23982871076272935 -0.9046880030788128 -1.1346555786832428 -0.24957608412363239 0.9075482402805038 0.33773942710064436 -0.8667244603867208 0.0 0.0 0.0 1.0"/>
            </transform>
            <transform time="0.0015">
                <matrix value="0.901929700059123 0.3446783404425407 -0.2602183128504122 -0.302535151763824 -0.35253294806244656 0.23952713592524635 -0.9046222264440386 -1.1349668001670663 -0.24947826809224713 0.9076456714579233 0.33754759489409164 -0.8668013168463472 0.0 0.0 0.0 1.0"/>
            </transform>
        </animation>
    </shape>
    <shape name="temp31" type="ply">
        <string name="filename" value="meshes/Cube_027.ply"/>
        <boolean name="face_normals" value="true"/>
        <ref id="mat-Material" name="bsdf"/>
        <animation name="to_world">
            <transform time="0">
                <matrix value="0.8437911660257399 0.33090611005312637 -0.4225136293727817 -0.5750755232810182 -0.5080208926168428 0.2386998537825678 -0.8276094143967593 -1.5912043411264154 -0.17300709895093674 0.9129751805816576 0.36951994254647885 -0.9644999904508011 0.0 0.0 0.0 1.0"/>
            </transform>
            <transform time="0.0015">
                <matrix value="0.8437040730568491 0.33072847368063824 -0.42282227489139435 -0.5756181607148944 -0.5081983178130863 0.23840144780495925 -0.8275845385909054 -1.5913015272048008 -0.17290693884532468 0.9131154439314085 0.3692156713570516 -0.9648587022609068 0.0 0.0 0.0 1.0"/>
            </transform>
        </animation>
    </shape>
    <shape name="temp32" type="ply">
        <string name="filename" value="meshes/Cube_028.ply"/>
        <boolean name="face_normals" value="true"/>
        <ref id="mat-Material" name="bsdf"/>
        <animation name="to_world">
            <transform time="0">
                <matrix value="-0.1145104755623401 0.9799550709915879 0.16301928371269267 -1.4616811933825815 -0.8221906929987394 -0.0013848834953683908 -0.569210642896013 -2.1084905337364725 -0.5575752579220498 -0.1992134711934972 0.8058686086385473 -1.2166525142746083 0.0 0.0 0.0 1.0"/>
            </transform>
            <transform time="0.0015">
                <matrix value="-0.11458658217925559 0.9799661244554153 0.16289763225638781 -1.4619934261839473 -0.82173266504362 -0.0013595940411921502 -0.5698569627987079 -2.108759657458587 -0.5582193118631218 -0.1991590291295736 0.8054258652503348 -1.2183952747122073 0.0 0.0 0.0 1.0"/>
            </transform>
        </animation>
    </shape>
    <shape name="temp33" type="ply">
        <string name="filename" value="meshes/Cube_029.ply"/>
        <boolean name="face_normals" value="true"/>
        <ref id="mat-Material" name="bsdf"/>
        <animation name="to_world">
            <transform time="0">
                <matrix value="0.009640819499775721 0.9892579204585512 0.14586173426233545 -1.6556477317432154 -0.9890971531504698 -0.01200221099112892 0.1467759222845623 -1.6414822498124 0.1469499243830526 -0.1456864188826986 0.9783565891179664 0.12156254350806472 0.0 0.0 0.0 1.0"/>
            </transform>
            <transform time="0.0015">
                <matrix value="0.009562766136395475 0.9892569292511971 0.14587302411661046 -1.6557783368401569 -0.9891904693252725 -0.01198213310998269 0.14610525081468623 -1.642795312362964 0.14628353232414437 -0.14569475929185155 0.978449003204784 0.12043830410470695 0.0 0.0 0.0 1.0"/>
            </transform>
        </animation>
    </shape>
    <shape name="temp34" type="ply">
        <string name="filename" value="meshes/Cube_030.ply"/>
        <boolean name="face_normals" value="true"/>
        <ref id="mat-Material" name="bsdf"/>
        <animation name="to_world">
            <transform time="0">
                <matrix value="-0.03516656365195845 0.9824625464872845 -0.18311375314165634 -3.1880546424430345 -0.9767324625814822 0.004999493369234909 0.21440308070255656 -1.9323670814669935 0.21155842814421041 0.18639293675572383 0.9594272605672053 0.2575814407672101 0.0 0.0 0.0 1.0"/>
            </transform>
            <transform time="0.0015">
                <matrix value="-0.03510506740018641 0.9824561307831792 -0.1831595353255639 -3.1879797877688163 -0.976857431220806 0.004955253043171316 0.21381090573852357 -1.933316635331232 0.21096743996145165 0.18642769988755403 0.9595455516722929 0.25637020039693054 0.0 0.0 0.0 1.0"/>
            </transform>
        </animation>
    </shape>
    <shape name="temp35" type="ply">
        <string name="filename" value="meshes/Cube_031.ply"/>
        <boolean name="face_normals" value="true"/>
        <ref id="mat-Material" name="bsdf"/>
        <animation name="to_world">
            <transform time="0">
                <matrix value="0.105901180262647 0.9890908446194696 0.10239198979150405 -2.0473306230845023 -0.6756485061885336 -0.003976146325895921 0.7372134947692806 -0.7475429133543694 0.7295781053034694 -0.14725271837187617 0.6678567595589998 0.7719867176840172 0.0 0.0 0.0 1.0"/>
            </transform>
            <transform time="0.0015">
                <matrix value="0.10589102526715376 0.9890902288694466 0.10240843352467921 -2.047335500974282 -0.675768869373646 -0.00397097087186116 0.7371027067978106 -0.7480385727961787 0.729467619463125 -0.1472570196110612 0.667975964284486 0.7718624128895145 0.0 0.0 0.0 1.0"/>
            </transform>
        </animation>
    </shape>
    <shape name="temp36" type="ply">
        <string name="filename" value="meshes/Cube_032.ply"/>
        <boolean name="face_normals" value="true"/>
        <ref id="mat-Material" name="bsdf"/>
        <animation name="to_world">
            <transform time="0">
                <matrix value="0.8059866814886522 0.5545952113269493 0.2069058640698482 -0.48699660755950447 -0.2374210365815821 -0.017309480354509483 0.9712526730402 0.43018373884618427 0.542233793772284 -0.8319402698660683 0.11772132867413897 -0.26533688647800524 0.0 0.0 0.0 1.0"/>
            </transform>
            <transform time="0.0015">
                <matrix value="0.8056854942794521 0.5548928889173356 0.20726071663186968 -0.4877412333500548 -0.2376358377142552 -0.01771115339301763 0.9711899856690334 0.42984567843457017 0.5425808252650355 -0.8317285494770632 0.11759773940702571 -0.2646328877147494 0.0 0.0 0.0 1.0"/>
            </transform>
        </animation>
    </shape>
    <shape name="temp37" type="ply">
        <string name="filename" value="meshes/Cube_033.ply"/>
        <boolean name="face_normals" value="true"/>
        <ref id="mat-Material" name="bsdf"/>
        <animation name="to_world">
            <transform time="0">
                <matrix value="0.9787315146260729 0.15530105981565342 0.13404090395683232 -0.12666162909388312 -0.15018434401190012 0.09731416723853466 0.9838570356687458 0.3002873571294723 0.1397499587785691 -0.9830623478639949 0.11856821494576382 -0.4036195199880388 0.0 0.0 0.0 1.0"/>
            </transform>
            <transform time="0.0015">
                <matrix value="0.9787345145304611 0.155337994304228 0.1339755434790565 -0.12671594018996374 -0.15016957586556293 0.09763954832355315 0.9838255983691139 0.3003064469828227 0.13974472011574632 -0.9830227671521509 0.11889023365675377 -0.4034051268733309 0.0 0.0 0.0 1.0"/>
            </transform>
        </animation>
    </shape>
    <shape name="temp38" type="ply">
        <string name="filename" value="meshes/Cube_034.ply"/>
        <boolean name="face_normals" value="true"/>
        <ref id="mat-Material" name="bsdf"/>
        <animation name="to_world">
            <transform time="0">
