
<scene version="2.1.0">
    <default name="spp" value="1024"/>
    <default name="resx" value="640"/>
    <default name="resy" value="360"/>
    <integrator name="temp0" type="path">
        <integer name="max_depth" value="12"/>
    </integrator>
    <sensor name="temp44" type="perspective">
        <string name="fov_axis" value="x"/>
        <float name="fov" value="83.974423"/>
        <float name="principal_point_offset_x" value="0.000000"/>
        <float name="principal_point_offset_y" value="-0.000000"/>
        <float name="near_clip" value="0.100000"/>
        <float name="far_clip" value="1000.000000"/>
        <sampler name="sampler" type="correlated">
            <integer name="sample_count" value="1024"/>
        </sampler>
        <film name="film" type="hdrfilm">
            <integer name="width" value="$resx"/>
            <integer name="height" value="$resy"/>
        </film>
        <float name="shutter_open" value="0.0"/>
        <float name="shutter_close" value="0.0015"/>
        <animation name="to_world">
            <transform time="0">
                <rotate angle="-142.5518126578256" x="1"/>
                <rotate angle="3.976628485794621e-06" y="1"/>
                <rotate angle="-179.999991348578" z="1"/>
                <translate value="-0.000000 3.030926 4.073377"/>
                <translate x="22.05" y="0.0" z="0.0"/>
            </transform>
            <transform time="0.0015">
                <rotate angle="-142.5518126578256" x="1"/>
                <rotate angle="3.976628485794621e-06" y="1"/>
                <rotate angle="-179.999991348578" z="1"/>
                <translate value="-0.000000 3.030926 4.073377"/>
                <translate x="22.2" y="0.0" z="0.0"/>
            </transform>
        </animation>
    </sensor>
    <bsdf id="mat-Material" name="mat-Material" type="twosided">
        <bsdf name="bsdf" type="diffuse">
            <texture name="reflectance" type="bitmap">
                <string name="filename" value="textures/siggraph_2023_logo.jpg"/>
            </texture>
        </bsdf>
    </bsdf>
    <bsdf id="mat-Material.001" name="mat-Material.001" type="twosided">
        <bsdf name="bsdf" type="principled">
            <rgb name="base_color" value="0.433648 0.266232 0.084399"/>
            <float name="spec_tint" value="0.000000"/>
            <float name="spec_trans" value="0.000000"/>
            <float name="metallic" value="0.000000"/>
            <float name="anisotropic" value="0.000000"/>
            <float name="roughness" value="0.500000"/>
            <float name="sheen" value="0.000000"/>
            <float name="sheen_tint" value="0.500000"/>
            <float name="clearcoat" value="0.000000"/>
            <float name="clearcoat_gloss" value="0.173205"/>
            <float name="specular" value="0.500000"/>
        </bsdf>
    </bsdf>
    <bsdf id="mat-Material.002" name="mat-Material.002" type="twosided">
        <bsdf name="bsdf" type="principled">
            <rgb name="base_color" value="0.433648 0.266232 0.084399"/>
            <float name="spec_tint" value="0.000000"/>
            <float name="spec_trans" value="0.000000"/>
            <float name="metallic" value="0.000000"/>
            <float name="anisotropic" value="0.000000"/>
            <float name="roughness" value="0.500000"/>
            <float name="sheen" value="0.000000"/>
            <float name="sheen_tint" value="0.500000"/>
            <float name="clearcoat" value="0.000000"/>
            <float name="clearcoat_gloss" value="0.173205"/>
            <float name="specular" value="0.500000"/>
        </bsdf>
    </bsdf>
    <bsdf id="mat-Material.003" name="mat-Material.003" type="twosided">
        <bsdf name="bsdf" type="principled">
            <rgb name="base_color" value="0.433648 0.266232 0.084399"/>
            <float name="spec_tint" value="0.000000"/>
            <float name="spec_trans" value="0.000000"/>
            <float name="metallic" value="0.000000"/>
            <float name="anisotropic" value="0.000000"/>
            <float name="roughness" value="0.500000"/>
            <float name="sheen" value="0.000000"/>
            <float name="sheen_tint" value="0.500000"/>
            <float name="clearcoat" value="0.000000"/>
            <float name="clearcoat_gloss" value="0.173205"/>
            <float name="specular" value="0.500000"/>
        </bsdf>
    </bsdf>
    <bsdf id="mat-Material.004" name="mat-Material.004" type="twosided">
        <bsdf name="bsdf" type="principled">
            <rgb name="base_color" value="0.433648 0.266232 0.084399"/>
            <float name="spec_tint" value="0.000000"/>
            <float name="spec_trans" value="0.000000"/>
            <float name="metallic" value="0.000000"/>
            <float name="anisotropic" value="0.000000"/>
            <float name="roughness" value="0.500000"/>
            <float name="sheen" value="0.000000"/>
            <float name="sheen_tint" value="0.500000"/>
            <float name="clearcoat" value="0.000000"/>
            <float name="clearcoat_gloss" value="0.173205"/>
            <float name="specular" value="0.500000"/>
        </bsdf>
    </bsdf>
    <bsdf id="mat-Material.005" name="mat-Material.005" type="twosided">
        <bsdf name="bsdf" type="principled">
            <rgb name="base_color" value="0.433648 0.266232 0.084399"/>
            <float name="spec_tint" value="0.000000"/>
            <float name="spec_trans" value="0.000000"/>
            <float name="metallic" value="0.000000"/>
            <float name="anisotropic" value="0.000000"/>
            <float name="roughness" value="0.500000"/>
            <float name="sheen" value="0.000000"/>
            <float name="sheen_tint" value="0.500000"/>
            <float name="clearcoat" value="0.000000"/>
            <float name="clearcoat_gloss" value="0.173205"/>
            <float name="specular" value="0.500000"/>
        </bsdf>
    </bsdf>
    <emitter name="temp45" type="point">
        <point name="position" x="-6.815235034541981e-16" y="3.0693089962005615" z="4.109199523925781"/>
        <rgb name="intensity" value="7.957747 7.957747 7.957747"/>
    </emitter>
    <shape name="temp2" type="ply">
        <string name="filename" value="meshes/Cube.ply"/>
        <boolean name="face_normals" value="true"/>
        <ref id="mat-Material" name="bsdf"/>
        <animation name="to_world">
            <transform time="0">
                <matrix value="0.9314562955319514 -0.3367577275182876 -0.13777989798123114 0.5129142465330965 -0.18454843473805332 -0.11091209641589996 -0.9765453280954433 1.9205099940963521 0.313577763121269 0.9350362831987619 -0.1654578906633773 1.9845856973419622 0.0 0.0 0.0 1.0"/>
                <scale value="1"/>
            </transform>
            <transform time="0.0015">
                <matrix value="0.9308806489850961 -0.3371683351647209 -0.14008292783098858 0.5179329049619417 -0.1868965987281571 -0.11046765555844691 -0.9760675645426433 1.9257248723855358 0.3136466364580822 0.934935525469389 -0.16588049596763768 1.9850789205457298 0.0 0.0 0.0 1.0"/>
                <scale value="1"/>
            </transform>
        </animation>
    </shape>
    <shape name="temp4" type="ply">
        <string name="filename" value="meshes/Plane.ply"/>
        <boolean name="face_normals" value="true"/>
        <ref id="mat-Material.001" name="bsdf"/>
        <transform name="to_world">
            <scale value="1"/>
        </transform>
    </shape>
    <shape name="temp5" type="ply">
        <string name="filename" value="meshes/Cube_001.ply"/>
        <boolean name="face_normals" value="true"/>
        <ref id="mat-Material" name="bsdf"/>
        <animation name="to_world">
            <transform time="0">
                <matrix value="0.9984025587427552 -0.01556660819359939 -0.05431674421221492 0.03720245706392955 -0.05432186757016951 9.387367731627395e-05 -0.9985237111608382 1.1723087351313648 0.015548723731310736 0.999878812656047 -0.0007518837161913308 1.1003490154850004 0.0 0.0 0.0 1.0"/>
                <scale value="1"/>
            </transform>
            <transform time="0.0015">
                <matrix value="0.9984029097953964 -0.015527308999662098 -0.054321081095780835 0.03719797940714736 -0.05432617434779935 9.40193472515926e-05 -0.9985234728705323 1.1723185888740122 0.015509487535021578 0.9998793983694835 -0.0007496657440662355 1.1005117216540512 0.0 0.0 0.0 1.0"/>
                <scale value="1"/>
            </transform>
        </animation>
    </shape>
    <shape name="temp6" type="ply">
        <string name="filename" value="meshes/Cube_002.ply"/>
        <boolean name="face_normals" value="true"/>
        <ref id="mat-Material" name="bsdf"/>
        <animation name="to_world">
            <transform time="0">
                <matrix value="0.9997495687263199 -0.0219527223349735 0.004413524460534036 -0.04625789252553458 0.009058378410962594 0.21624661311618343 -0.9762968766030559 0.6599680656694822 0.020477955842539454 0.9760918854539729 0.216391179428311 0.5481677438793626 0.0 0.0 0.0 1.0"/>
                <scale value="1"/>
            </transform>
            <transform time="0.0015">
                <matrix value="0.9997505420995524 -0.021897269990463392 0.004454047429112247 -0.04628481949161905 0.009085557385151426 0.216226383475184 -0.9763010892352479 0.6599004013840772 0.020415253213311394 0.976097562368819 0.216371220913125 0.5483124215991373 0.0 0.0 0.0 1.0"/>
                <scale value="1"/>
            </transform>
        </animation>
    </shape>
    <shape name="temp7" type="ply">
        <string name="filename" value="meshes/Cube_003.ply"/>
        <boolean name="face_normals" value="true"/>
        <ref id="mat-Material" name="bsdf"/>
        <animation name="to_world">
            <transform time="0">
                <matrix value="0.9951912763041486 -0.05786439115353247 0.0790317578214941 -0.07819694667217103 0.089808112023006 0.21695830195881302 -0.9720410514675185 0.13393186412177982 0.039099963299629274 0.9744643039653917 0.2211117341441378 0.18836803219572595 0.0 0.0 0.0 1.0"/>
                <scale value="1"/>
            </transform>
            <transform time="0.0015">
                <matrix value="0.9951875902514162 -0.05791468741760611 0.07904095838040916 -0.07817643079605723 0.08982741672688362 0.21693818495501288 -0.9720437492541951 0.13388132256092666 0.0391486116959368 0.9744657532306897 0.22109657632757726 0.1882335741799084 0.0 0.0 0.0 1.0"/>
                <scale value="1"/>
            </transform>
        </animation>
    </shape>
    <shape name="temp8" type="ply">
        <string name="filename" value="meshes/Cube_004.ply"/>
        <boolean name="face_normals" value="true"/>
        <ref id="mat-Material" name="bsdf"/>
        <animation name="to_world">
            <transform time="0">
                <matrix value="0.9746763009572237 -0.18683817839361067 0.12287321031005138 0.059723477783322654 0.1632900995874311 0.21923770866228778 -0.9619103295776419 -0.37988783548241273 0.15278315577091167 0.9576148828904747 0.24419448527517124 -0.3963101181110817 0.0 0.0 0.0 1.0"/>
                <scale value="1"/>
            </transform>
            <transform time="0.0015">
                <matrix value="0.9746636151913263 -0.18690188073714842 0.12287651063078699 0.05977818393217276 0.16330755966924868 0.2192262722319826 -0.9619099636318151 -0.37993398125365263 0.1528450447558591 0.9576050083626669 0.24419426400560154 -0.3964762186399322 0.0 0.0 0.0 1.0"/>
                <scale value="1"/>
            </transform>
        </animation>
    </shape>
    <shape name="temp9" type="ply">
        <string name="filename" value="meshes/Cube_005.ply"/>
        <boolean name="face_normals" value="true"/>
        <ref id="mat-Material" name="bsdf"/>
        <animation name="to_world">
            <transform time="0">
                <matrix value="0.9704796933480135 -0.22688356628697415 0.08181160143179923 0.133470244794895 0.13254525049332744 0.21832473619329903 -0.9668330259406053 -0.6344868401253918 0.20149704712717653 0.9491355233269994 0.2419520391697607 -0.8264639921291692 0.0 0.0 0.0 1.0"/>
                <scale value="1"/>
            </transform>
            <transform time="0.0015">
                <matrix value="0.9704725925104987 -0.2269152023216923 0.08180800409921818 0.13349945341728828 0.13254795679005224 0.21831655122348115 -0.9668345067446485 -0.6344934411706928 0.2015294253505507 0.9491298238847133 0.2419473499569569 -0.8265555079334002 0.0 0.0 0.0 1.0"/>
                <scale value="1"/>
            </transform>
        </animation>
    </shape>
    <shape name="temp10" type="ply">
        <string name="filename" value="meshes/Cube_006.ply"/>
        <boolean name="face_normals" value="true"/>
        <ref id="mat-Material" name="bsdf"/>
        <animation name="to_world">
            <transform time="0">
                <matrix value="0.9875493549067687 -0.1425424729310025 -0.0665444818001599 0.034112040942662514 -0.034125888476970075 0.218819497604412 -0.9751685616904346 -0.5425493399053831 0.15356419107595914 0.9652976598953324 0.21123074028143338 -1.0425989540813305 0.0 0.0 0.0 1.0"/>
                <scale value="1"/>
            </transform>
            <transform time="0.0015">
                <matrix value="0.9875496102177804 -0.14254135256632652 -0.0665430546114354 0.0341134817547677 -0.034126124320517204 0.21881067435713122 -0.9751705275854576 -0.5425497403721726 0.15356247889648644 0.9652998225295596 0.2112220869391849 -1.0426279527705458 0.0 0.0 0.0 1.0"/>
                <scale value="1"/>
            </transform>
        </animation>
    </shape>
    <shape name="temp11" type="ply">
        <string name="filename" value="meshes/Cube_007.ply"/>
        <boolean name="face_normals" value="true"/>
        <ref id="mat-Material" name="bsdf"/>
        <animation name="to_world">
            <transform time="0">
                <matrix value="0.9246441216466588 -0.24749751263497996 -0.28944504304995367 0.17851716308851273 -0.24208043231972937 0.20474411949364132 -0.9484076646930808 -0.3133763327250421 0.29399075753465703 0.9470083829937238 0.12940112552544772 -1.8051950225297637 0.0 0.0 0.0 1.0"/>
                <scale value="1"/>
            </transform>
            <transform time="0.0015">
                <matrix value="0.9246289785122731 -0.24746897036867005 -0.289517517344395 0.17847931334612505 -0.24215009073790378 0.20477208205383202 -0.9483837590691863 -0.31319538800089175 0.29398077487409674 0.9470097721858489 0.12941359576777334 -1.8051850258088478 0.0 0.0 0.0 1.0"/>
                <scale value="1"/>
            </transform>
        </animation>
    </shape>
    <shape name="temp12" type="ply">
        <string name="filename" value="meshes/Cube_008.ply"/>
        <boolean name="face_normals" value="true"/>
        <ref id="mat-Material" name="bsdf"/>
        <animation name="to_world">
            <transform time="0">
                <matrix value="0.3124608839647747 0.8907169660195694 -0.3301383716427726 1.7778893794143584 -0.5897173362268118 -0.09057571288820103 -0.8025146316889831 0.4499645938772271 -0.7447161217459448 0.44544254238949743 0.49696964825793194 0.9852659523678364 0.0 0.0 0.0 1.0"/>
                <scale value="1"/>
            </transform>
            <transform time="0.0015">
                <matrix value="0.3129378145089282 0.8906470108096396 -0.3298627548626202 1.777204193054672 -0.5893877297106138 -0.0902381437073005 -0.8027897803988919 0.44856726418497433 -0.7447706944747111 0.4456460778086846 0.49670220994148995 0.9849014056034608 0.0 0.0 0.0 1.0"/>
                <scale value="1"/>
            </transform>
        </animation>
    </shape>
    <shape name="temp13" type="ply">
        <string name="filename" value="meshes/Cube_009.ply"/>
        <boolean name="face_normals" value="true"/>
        <ref id="mat-Material" name="bsdf"/>
        <animation name="to_world">
            <transform time="0">
                <matrix value="-0.07421519714481754 0.9906785865509165 0.11422783120049587 2.6188073352770136 -0.8384709419939117 2.0959152981813554e-05 -0.5449463169843899 0.9508913824731027 -0.539869102011074 -0.1362199977890089 0.8306537134633287 0.9245468873370468 0.0 0.0 0.0 1.0"/>
                <scale value="1"/>
            </transform>
            <transform time="0.0015">
                <matrix value="-0.07413342900621601 0.9906764164075428 0.11429833194058298 2.618757050239039 -0.8388940242542948 2.0014010487672056e-05 -0.5442794700739222 0.9526187656625219 -0.5392072241699926 -0.13623573095301114 0.8310710704236035 0.9237969336893249 0.0 0.0 0.0 1.0"/>
                <scale value="1"/>
            </transform>
        </animation>
    </shape>
    <shape name="temp14" type="ply">
        <string name="filename" value="meshes/Cube_010.ply"/>
        <boolean name="face_normals" value="true"/>
        <ref id="mat-Material" name="bsdf"/>
        <animation name="to_world">
            <transform time="0">
                <matrix value="0.015715914309066763 0.9924611460025906 0.12154679611044579 1.9671867978368083 -0.9930499781038851 0.0013118853288223555 0.11768872975805883 2.0380191515629327 0.11664206678049101 -0.12255156719640067 0.9855841399536003 -0.36792406441285896 0.0 0.0 0.0 1.0"/>
                <scale value="1"/>
            </transform>
            <transform time="0.0015">
                <matrix value="0.01564829231535 0.9924440551848791 0.12169216596254775 1.967589392505187 -0.9930831685354155 0.0012641370871533403 0.11739878322015856 2.0375430920327022 0.1163582375287038 -0.12268812628412297 0.9855993479813324 -0.36734870563157557 0.0 0.0 0.0 1.0"/>
                <scale value="1"/>
            </transform>
        </animation>
    </shape>
    <shape name="temp15" type="ply">
        <string name="filename" value="meshes/Cube_011.ply"/>
        <boolean name="face_normals" value="true"/>
        <ref id="mat-Material" name="bsdf"/>
        <animation name="to_world">
            <transform time="0">
                <matrix value="0.061552239520448485 0.9739778859170295 0.21812480822428812 1.6965494716939098 -0.938872607162423 -0.017663772910352652 0.34381147756064606 2.0571458181743374 0.3387177386898145 -0.22595369850841535 0.9133540195007236 -0.8814664163193342 0.0 0.0 0.0 1.0"/>
                <scale value="1"/>
            </transform>
            <transform time="0.0015">
                <matrix value="0.06166341789191236 0.973920793875263 0.21834427700009504 1.696760367804221 -0.9387772963703409 -0.017700283807966295 0.3440668481751719 2.057275593404514 0.33895849378252807 -0.22619311263016206 0.9132034030067095 -0.8820261529103655 0.0 0.0 0.0 1.0"/>
                <scale value="1"/>
            </transform>
        </animation>
    </shape>
    <shape name="temp16" type="ply">
        <string name="filename" value="meshes/Cube_012.ply"/>
        <boolean name="face_normals" value="true"/>
        <ref id="mat-Material" name="bsdf"/>
        <animation name="to_world">
            <transform time="0">
                <matrix value="0.09129438838920832 0.9908095773461015 0.09980856706133655 1.0959680818826363 -0.7382709515679214 7.933244754632131e-05 0.6745046690441734 1.8463538852185584 0.6682977942545304 -0.13526420301070247 0.7314929641657775 -1.8380697806492163 0.0 0.0 0.0 1.0"/>
                <scale value="1"/>
            </transform>
            <transform time="0.0015">
                <matrix value="0.09128695564737811 0.9908111317394523 0.09979989840042555 1.0959600094976505 -0.7382552978115121 7.65362032415188e-05 0.6745217919047202 1.8463690407406816 0.6683160809057486 -0.1352527906096665 0.7314783433534419 -1.8381357480799676 0.0 0.0 0.0 1.0"/>
                <scale value="1"/>
            </transform>
        </animation>
    </shape>
    <shape name="temp17" type="ply">
        <string name="filename" value="meshes/Cube_013.ply"/>
        <boolean name="face_normals" value="true"/>
        <ref id="mat-Material" name="bsdf"/>
        <animation name="to_world">
            <transform time="0">
                <matrix value="0.9108735042825964 0.16340154727662212 0.37895826251323217 0.6592136360296939 -0.4002739673809942 0.1262965690006529 0.9076507457563492 1.4700225990487106 0.10045042169967042 -0.978442210740828 0.18044556737479678 -1.3966291235283634 0.0 0.0 0.0 1.0"/>
                <scale value="1"/>
            </transform>
            <transform time="0.0015">
                <matrix value="0.9109908196925058 0.1633548839376842 0.37869325816205673 0.6588031600331686 -0.39999311569388174 0.12621693600255673 0.9077841117342955 1.4699736210825527 0.10049274747834078 -0.9784601500921078 0.18032338316945107 -1.396806624194114 0.0 0.0 0.0 1.0"/>
                <scale value="1"/>
            </transform>
        </animation>
    </shape>
    <shape name="temp18" type="ply">
        <string name="filename" value="meshes/Cube_014.ply"/>
        <boolean name="face_normals" value="true"/>
        <ref id="mat-Material" name="bsdf"/>
        <animation name="to_world">
            <transform time="0">
                <matrix value="0.9402218333519495 0.29453050854881807 0.17098334784012678 0.11326511276403317 -0.21630391807484392 0.12865863757057963 0.9678119390043313 1.0259828029913933 0.263051547177706 -0.9469418446757873 0.18467569633790537 -0.8668265945553699 0.0 0.0 0.0 1.0"/>
                <scale value="1"/>
            </transform>
            <transform time="0.0015">
                <matrix value="0.9402351414384381 0.29448046008658296 0.17099614232747568 0.11326752035474587 -0.21630410477102127 0.12864797833694983 0.9678133091735898 1.0259847975808716 0.2630036955113246 -0.9469588153471529 0.18465661268855646 -0.8668031155131535 0.0 0.0 0.0 1.0"/>
                <scale value="1"/>
            </transform>
        </animation>
    </shape>
    <shape name="temp19" type="ply">
        <string name="filename" value="meshes/Cube_015.ply"/>
        <boolean name="face_normals" value="true"/>
        <ref id="mat-Material" name="bsdf"/>
        <animation name="to_world">
            <transform time="0">
                <matrix value="0.9834382928476828 0.12696268222425708 0.1293451234716451 0.014490232683037285 -0.14983014997508987 0.16793829248909628 0.9743447239635366 0.6400294134572508 0.10198346001166611 -0.977587433227025 0.18417976257398583 -0.2912526534023015 0.0 0.0 0.0 1.0"/>
                <scale value="1"/>
            </transform>
            <transform time="0.0015">
                <matrix value="0.9834436224650536 0.12690839334692458 0.1293575120144373 0.014507210122223316 -0.14983114887942345 0.1679271278898988 0.974346494120094 0.6400322355061496 0.1019301526681019 -0.9775963540932119 0.18416166782940607 -0.2911901294412981 0.0 0.0 0.0 1.0"/>
                <scale value="1"/>
            </transform>
        </animation>
    </shape>
    <shape name="temp20" type="ply">
        <string name="filename" value="meshes/Cube_016.ply"/>
        <boolean name="face_normals" value="true"/>
        <ref id="mat-Material" name="bsdf"/>
        <animation name="to_world">
            <transform time="0">
                <matrix value="0.9849594966198427 0.021906416671707448 0.1713918626108162 0.029925198530732833 -0.17262839367618926 0.1671469871074187 0.9707013991294033 0.32647652152588436 -0.0073830508113973264 -0.9856884212897588 0.16841467617858438 0.20963642524973075 0.0 0.0 0.0 1.0"/>
                <scale value="1"/>
            </transform>
            <transform time="0.0015">
                <matrix value="0.9849611082706046 0.021857969384806532 0.17138856143904382 0.029905076070404307 -0.172617072228511 0.16713730030827642 0.9707050841187755 0.32647322597105227 -0.0074277915131002945 -0.9856911095642494 0.16839680866083198 0.20970822162960093 0.0 0.0 0.0 1.0"/>
                <scale value="1"/>
            </transform>
        </animation>
    </shape>
    <shape name="temp21" type="ply">
        <string name="filename" value="meshes/Cube_017.ply"/>
        <boolean name="face_normals" value="true"/>
        <ref id="mat-Material" name="bsdf"/>
        <animation name="to_world">
            <transform time="0">
                <matrix value="0.9386625108372472 -0.16403316069525242 0.3033257040680327 0.2211113231527374 -0.28274705820820634 0.1374271572285852 0.9492986386938496 0.14689369789005954 -0.19740167580630005 -0.9768350704909861 0.08261780406703982 0.47751000422999695 0.0 0.0 0.0 1.0"/>
                <scale value="1"/>
            </transform>
            <transform time="0.0015">
                <matrix value="0.9386411604538878 -0.164117758741095 0.30334564386040896 0.22108926785310054 -0.2827081456186246 0.13767945178953253 0.9492727416438279 0.14662604238569762 -0.1975570836191658 -0.9767843236781151 0.08283409507141129 0.47759913715207575 0.0 0.0 0.0 1.0"/>
                <scale value="1"/>
            </transform>
        </animation>
    </shape>
    <shape name="temp22" type="ply">
        <string name="filename" value="meshes/Cube_018.ply"/>
        <boolean name="face_normals" value="true"/>
        <ref id="mat-Material" name="bsdf"/>
        <animation name="to_world">
            <transform time="0">
                <matrix value="0.21891500761488367 0.9554639639733598 0.19790128225555184 0.8532625172430609 -0.5857312681839699 -0.033530765107222645 0.809811682751793 2.2186070312513184e-05 0.7803815242887309 -0.2931968220131283 0.552304594437807 -0.14835122207560597 0.0 0.0 0.0 1.0"/>
                <scale value="1"/>
            </transform>
            <transform time="0.0015">
                <matrix value="0.21924517900669518 0.9554529030003857 0.19757429434064874 0.8532602972321717 -0.5852276672132493 -0.03324446087030998 0.8101797051083951 -0.000515577173235055 0.7806590633154655 -0.2932615208204228 0.5518713315996189 -0.1482721268381106 0.0 0.0 0.0 1.0"/>
                <scale value="1"/>
            </transform>
        </animation>
    </shape>
    <shape name="temp23" type="ply">
        <string name="filename" value="meshes/Cube_019.ply"/>
        <boolean name="face_normals" value="true"/>
        <ref id="mat-Material" name="bsdf"/>
        <animation name="to_world">
            <transform time="0">
                <matrix value="-0.08231906451286906 0.9831524561817018 -0.16320168634972987 0.5109349003116146 -0.9136184969868464 -0.009023288411277725 0.4064723150336556 -0.046193315309629085 0.39815163990376345 0.18256445769185042 0.8989691272426233 -0.05480818896344086 0.0 0.0 0.0 1.0"/>
                <scale value="1"/>
            </transform>
            <transform time="0.0015">
                <matrix value="-0.08232867218538081 0.983149077065722 -0.16321714883746713 0.510953851355262 -0.9136125450488845 -0.0090231246367899 0.4064857103529899 -0.046206317793522855 0.3981633235739397 0.1825826215666142 0.8989602594390997 -0.05481070256242064 0.0 0.0 0.0 1.0"/>
                <scale value="1"/>
            </transform>
        </animation>
    </shape>
    <shape name="temp24" type="ply">
        <string name="filename" value="meshes/Cube_020.ply"/>
        <boolean name="face_normals" value="true"/>
        <ref id="mat-Material" name="bsdf"/>
        <animation name="to_world">
            <transform time="0">
                <matrix value="0.09911214715591972 0.9398250317242446 -0.32696429146867 0.14383799506145442 -0.9617392161567904 0.006134617977832322 -0.27389732293753577 0.13938802499330286 -0.2554097208263477 0.3416009230837879 0.9044750106765355 0.11955700424779214 0.0 0.0 0.0 1.0"/>
                <scale value="1"/>
            </transform>
            <transform time="0.0015">
                <matrix value="0.09911122407969086 0.9398225071948788 -0.32697184016514436 0.1438448205626933 -0.9617425530484355 0.006135930056371368 -0.27388557862960883 0.13937674368917669 -0.2553975144504102 0.3416078533744858 0.9044758276718795 0.11956521491039064 0.0 0.0 0.0 1.0"/>
                <scale value="1"/>
            </transform>
        </animation>
    </shape>
    <shape name="temp25" type="ply">
        <string name="filename" value="meshes/Cube_021.ply"/>
        <boolean name="face_normals" value="true"/>
        <ref id="mat-Material" name="bsdf"/>
        <animation name="to_world">
            <transform time="0">
                <matrix value="0.18867518753534848 0.9410695773878184 -0.28069510628570454 -0.1743790097548425 -0.7967619457933751 -0.020398516550102934 -0.6039494095081038 0.09090129181790543 -0.5740842193724769 0.33759727839507075 0.7459594128129107 0.31566652384439353 0.0 0.0 0.0 1.0"/>
                <scale value="1"/>
            </transform>
            <transform time="0.0015">
                <matrix value="0.1886808825666048 0.9410630444302573 -0.2807131567763704 -0.17436728597408693 -0.7967728124683137 -0.020398952230789937 -0.6039350525171782 0.09088327971924125 -0.5740672571471322 0.33761544302074914 0.7459642381916035 0.3156853216079689 0.0 0.0 0.0 1.0"/>
                <scale value="1"/>
            </transform>
        </animation>
    </shape>
    <shape name="temp26" type="ply">
        <string name="filename" value="meshes/Cube_022.ply"/>
        <boolean name="face_normals" value="true"/>
        <ref id="mat-Material" name="bsdf"/>
        <animation name="to_world">
            <transform time="0">
                <matrix value="0.637227473152881 0.4021094106874305 -0.6574567833876491 -0.08741499115172535 -0.711659636861356 -0.02038280599804348 -0.7022288770134382 -0.19538635712292696 -0.2957736509067828 0.9153647196734408 0.2731765527981879 0.6937122254521452 0.0 0.0 0.0 1.0"/>
                <scale value="1"/>
            </transform>
            <transform time="0.0015">
                <matrix value="0.6372261327700692 0.4021104394405177 -0.6574574471963582 -0.08742048684761891 -0.7116607378900943 -0.020382692084289226 -0.7022277536448537 -0.19538776692824836 -0.2957738599426737 0.9153642691246434 0.2731778293533977 0.6937254864008779 0.0 0.0 0.0 1.0"/>
                <scale value="1"/>
            </transform>
        </animation>
    </shape>
    <shape name="temp27" type="ply">
        <string name="filename" value="meshes/Cube_023.ply"/>
        <boolean name="face_normals" value="true"/>
        <ref id="mat-Material" name="bsdf"/>
        <animation name="to_world">
            <transform time="0">
                <matrix value="0.8557901483439623 0.28685816074739845 -0.43050662828867275 -0.06651546889975435 -0.4804118419862879 0.13197308014008508 -0.867057175993014 -0.2870748754861622 -0.1919070806893996 0.9488391253652829 0.25075114616276006 0.20912711353229385 0.0 0.0 0.0 1.0"/>
                <scale value="1"/>
            </transform>
            <transform time="0.0015">
                <matrix value="0.8557881856405593 0.28687833031522497 -0.43049707114533575 -0.06651786495235566 -0.48040844315844367 0.13197746397988294 -0.8670583844652793 -0.28707483564236597 -0.1919242918429807 0.9488324121882029 0.25076335854093335 0.20911432355590362 0.0 0.0 0.0 1.0"/>
                <scale value="1"/>
            </transform>
        </animation>
    </shape>
    <shape name="temp28" type="ply">
        <string name="filename" value="meshes/Cube_024.ply"/>
        <boolean name="face_normals" value="true"/>
        <ref id="mat-Material" name="bsdf"/>
        <animation name="to_world">
            <transform time="0">
                <matrix value="0.8513874335803073 0.45366263195549655 -0.26330492019057244 -0.19734528039974664 -0.37481858137996943 0.17500902126097415 -0.910430045657394 -0.5100183078989905 -0.3669474599620231 0.8738204049451112 0.3190417384323491 -0.3583765715754969 0.0 0.0 0.0 1.0"/>
                <scale value="1"/>
            </transform>
            <transform time="0.0015">
                <matrix value="0.8513975981499635 0.45365893745535857 -0.26327838486294586 -0.19732933263053948 -0.37479063758973097 0.17501348544864087 -0.9104406836174752 -0.5099958499372295 -0.3669523938473256 0.8738214261890518 0.31903326210575644 -0.35839262056398885 0.0 0.0 0.0 1.0"/>
                <scale value="1"/>
            </transform>
        </animation>
    </shape>
    <shape name="temp29" type="ply">
        <string name="filename" value="meshes/Cube_025.ply"/>
        <boolean name="face_normals" value="true"/>
        <ref id="mat-Material" name="bsdf"/>
        <animation name="to_world">
            <transform time="0">
                <matrix value="0.9033951388851952 0.3530172728467345 -0.2434266732416088 -0.2593568218020105 -0.3212053235040167 0.18100472860083894 -0.9295506455720082 -0.7932891901600405 -0.28408626714678553 0.9179411500908383 0.2769097078579226 -0.6918120901557478 0.0 0.0 0.0 1.0"/>
                <scale value="1"/>
            </transform>
            <transform time="0.0015">
                <matrix value="0.9034034205361395 0.35299491060809446 -0.24342832425301342 -0.25933468024150597 -0.3211972907813088 0.18099569434653812 -0.9295551815981868 -0.7932821312460948 -0.2840689730171256 0.9179515202223232 0.27689303604688337 -0.691799369920758 0.0 0.0 0.0 1.0"/>
                <scale value="1"/>
            </transform>
        </animation>
    </shape>
    <shape name="temp30" type="ply">
        <string name="filename" value="meshes/Cube_026.ply"/>
        <boolean name="face_normals" value="true"/>
        <ref id="mat-Material" name="bsdf"/>
        <animation name="to_world">
            <transform time="0">
                <matrix value="0.9235142998473478 0.22989906616912414 -0.3070314372694259 -0.33446564810087887 -0.35123970129089566 0.1852492683913788 -0.9177765033442847 -1.1493920811170166 -0.15411873013171354 0.9554209956551939 0.2518300544513004 -0.8895423956755086 0.0 0.0 0.0 1.0"/>
                <scale value="1"/>
            </transform>
            <transform time="0.0015">
                <matrix value="0.9235100074309625 0.22990451030042502 -0.3070402369900051 -0.3344739772467079 -0.35124793028394385 0.18523723573483183 -0.9177757799629992 -1.1494038314907595 -0.15412562033764377 0.9554220093899879 0.25182195258090256 -0.889595022387401 0.0 0.0 0.0 1.0"/>
                <scale value="1"/>
            </transform>
        </animation>
    </shape>
    <shape name="temp31" type="ply">
        <string name="filename" value="meshes/Cube_027.ply"/>
        <boolean name="face_normals" value="true"/>
        <ref id="mat-Material" name="bsdf"/>
        <animation name="to_world">
            <transform time="0">
                <matrix value="0.8717127016969046 0.17222137861554412 -0.4587558702870454 -0.6060986624244797 -0.4858238169449335 0.18152744027716652 -0.8549988865779933 -1.5859175150654838 -0.06397233643070278 0.9681878007521543 0.24190901521960415 -1.030248379061045 0.0 0.0 0.0 1.0"/>
                <scale value="1"/>
            </transform>
            <transform time="0.0015">
                <matrix value="0.871713132534237 0.17224769216713665 -0.4587451642440197 -0.6061207053454053 -0.48581922134672156 0.18151930261497234 -0.8550032268657064 -1.5859090491873615 -0.06400125838125512 0.9681846318922799 0.2419139852745541 -1.0302896848722785 0.0 0.0 0.0 1.0"/>
                <scale value="1"/>
            </transform>
        </animation>
    </shape>
    <shape name="temp32" type="ply">
        <string name="filename" value="meshes/Cube_028.ply"/>
        <boolean name="face_normals" value="true"/>
        <ref id="mat-Material" name="bsdf"/>
        <animation name="to_world">
            <transform time="0">
                <matrix value="-0.10537008866596811 0.984673034043006 0.13898177912071338 -1.4868677833687833 -0.7970788632459085 -6.150372426854782e-05 -0.6038756541649785 -2.1221043968235516 -0.5946116054727876 -0.1744098009482232 0.7848684294508868 -1.3615229683737093 0.0 0.0 0.0 1.0"/>
                <scale value="1"/>
            </transform>
            <transform time="0.0015">
                <matrix value="-0.10537178807989023 0.9846725759850621 0.1389837739509878 -1.4868765382308575 -0.7970792462124261 -6.177059933949092e-05 -0.6038751350325264 -2.1221041542524572 -0.5946107757119993 -0.17441241638399163 0.7848684805130952 -1.3615259433249238 0.0 0.0 0.0 1.0"/>
                <scale value="1"/>
            </transform>
        </animation>
    </shape>
    <shape name="temp33" type="ply">
        <string name="filename" value="meshes/Cube_029.ply"/>
        <boolean name="face_normals" value="true"/>
        <ref id="mat-Material" name="bsdf"/>
        <animation name="to_world">
            <transform time="0">
                <matrix value="0.0021263654044930474 0.9760226355431425 0.21765877846968062 -1.5682265040807657 -0.9986818006939384 -0.009091184611501744 0.05052295375019917 -1.822604278584949 0.0512903194350625 -0.21747913637852168 0.9747165738184608 -0.12505348834721008 0.0 0.0 0.0 1.0"/>
                <scale value="1"/>
            </transform>
            <transform time="0.0015">
                <matrix value="0.0021236399594423785 0.9760234390218311 0.21765520496613014 -1.5682533177174347 -0.9986824868422827 -0.009090706654319259 0.05050916865600752 -1.822628945476072 0.05127676880311269 -0.217475554515583 0.9747180801536083 -0.1251019124547246 0.0 0.0 0.0 1.0"/>
                <scale value="1"/>
            </transform>
        </animation>
    </shape>
    <shape name="temp34" type="ply">
        <string name="filename" value="meshes/Cube_030.ply"/>
        <boolean name="face_normals" value="true"/>
        <ref id="mat-Material" name="bsdf"/>
        <animation name="to_world">
            <transform time="0">
                <matrix value="-0.041599642943391586 0.9784395180339192 -0.2023007330065574 -3.227025726706011 -0.9759123723693411 0.003608334519580307 0.21813155629363234 -1.9237442239951232 0.21415846022432472 0.20650199328894744 0.9547215320935981 0.2390693070150769 0.0 0.0 0.0 1.0"/>
                <scale value="1"/>
            </transform>
            <transform time="0.0015">
                <matrix value="-0.04162202347033228 0.9784389988763789 -0.20229860144172673 -3.2270736321644184 -0.9758896863045977 0.0036073596005155163 0.21823238983248078 -1.9235379093629001 0.21425679966225641 0.2065044650552966 0.9546987913610998 0.23925839747150718 0.0 0.0 0.0 1.0"/>
                <scale value="1"/>
            </transform>
        </animation>
    </shape>
    <shape name="temp35" type="ply">
        <string name="filename" value="meshes/Cube_031.ply"/>
        <boolean name="face_normals" value="true"/>
        <ref id="mat-Material" name="bsdf"/>
        <animation name="to_world">
            <transform time="0">
                <matrix value="0.13688453744235649 0.976035567755406 0.16916610601574109 -1.8804340376419164 -0.7799258723429907 0.0009052131416306685 0.6258715304848327 -1.1869712753834525 0.6107198768853264 -0.2176090842533629 0.7613591502249774 0.583225198424806 0.0 0.0 0.0 1.0"/>
                <scale value="1"/>
            </transform>
            <transform time="0.0015">
                <matrix value="0.13690199752417406 0.9760349670236763 0.16915542465278272 -1.880409358246406 -0.7798575128195887 0.0009017015643043931 0.6259564469373851 -1.1867048692082582 0.6108029806196582 -0.21761180256444002 0.7612915013092288 0.5833334723232411 0.0 0.0 0.0 1.0"/>
                <scale value="1"/>
            </transform>
        </animation>
    </shape>
    <shape name="temp36" type="ply">
        <string name="filename" value="meshes/Cube_032.ply"/>
        <boolean name="face_normals" value="true"/>
        <ref id="mat-Material" name="bsdf"/>
        <animation name="to_world">
            <transform time="0">
