
<scene version="2.1.0">
    <default name="spp" value="1024"/>
    <default name="resx" value="1280"/>
    <default name="resy" value="720"/>
    <integrator name="temp0" type="path">
        <integer name="max_depth" value="12"/>
    </integrator>
    <sensor name="temp44" type="perspective">
        <string name="fov_axis" value="x"/>
        <float name="fov" value="83.974423"/>
        <float name="principal_point_offset_x" value="0.000000"/>
        <float name="principal_point_offset_y" value="-0.000000"/>
        <float name="near_clip" value="0.100000"/>
        <float name="far_clip" value="1000.000000"/>
        <sampler name="sampler" type="correlated">
            <integer name="sample_count" value="1024"/>
        </sampler>
        <film name="film" type="hdrfilm">
            <integer name="width" value="$resx"/>
            <integer name="height" value="$resy"/>
        </film>
        <float name="shutter_open" value="0.0"/>
        <float name="shutter_close" value="0.0015"/>
        <animation name="to_world">
            <transform time="0">
                <rotate angle="-142.5518126578256" x="1"/>
                <rotate angle="3.976628485794621e-06" y="1"/>
                <rotate angle="-179.999991348578" z="1"/>
                <translate value="-0.000000 3.030926 4.073377"/>
            </transform>
            <transform time="0.0015">
                <rotate angle="-142.5518126578256" x="1"/>
                <rotate angle="3.976628485794621e-06" y="1"/>
                <rotate angle="-179.999991348578" z="1"/>
                <translate value="-0.000000 3.030926 4.073377"/>
                <translate x="0.15" y="0.0" z="0.0"/>
            </transform>
        </animation>
    </sensor>
    <bsdf id="mat-Material" name="mat-Material" type="twosided">
        <bsdf name="bsdf" type="diffuse">
            <texture name="reflectance" type="bitmap">
                <string name="filename" value="textures/siggraph_2023_logo.jpg"/>
            </texture>
        </bsdf>
    </bsdf>
    <bsdf id="mat-Material.001" name="mat-Material.001" type="twosided">
        <bsdf name="bsdf" type="principled">
            <rgb name="base_color" value="0.433648 0.266232 0.084399"/>
            <float name="spec_tint" value="0.000000"/>
            <float name="spec_trans" value="0.000000"/>
            <float name="metallic" value="0.000000"/>
            <float name="anisotropic" value="0.000000"/>
            <float name="roughness" value="0.500000"/>
            <float name="sheen" value="0.000000"/>
            <float name="sheen_tint" value="0.500000"/>
            <float name="clearcoat" value="0.000000"/>
            <float name="clearcoat_gloss" value="0.173205"/>
            <float name="specular" value="0.500000"/>
        </bsdf>
    </bsdf>
    <bsdf id="mat-Material.002" name="mat-Material.002" type="twosided">
        <bsdf name="bsdf" type="principled">
            <rgb name="base_color" value="0.433648 0.266232 0.084399"/>
            <float name="spec_tint" value="0.000000"/>
            <float name="spec_trans" value="0.000000"/>
            <float name="metallic" value="0.000000"/>
            <float name="anisotropic" value="0.000000"/>
            <float name="roughness" value="0.500000"/>
            <float name="sheen" value="0.000000"/>
            <float name="sheen_tint" value="0.500000"/>
            <float name="clearcoat" value="0.000000"/>
            <float name="clearcoat_gloss" value="0.173205"/>
            <float name="specular" value="0.500000"/>
        </bsdf>
    </bsdf>
    <bsdf id="mat-Material.003" name="mat-Material.003" type="twosided">
        <bsdf name="bsdf" type="principled">
            <rgb name="base_color" value="0.433648 0.266232 0.084399"/>
            <float name="spec_tint" value="0.000000"/>
            <float name="spec_trans" value="0.000000"/>
            <float name="metallic" value="0.000000"/>
            <float name="anisotropic" value="0.000000"/>
            <float name="roughness" value="0.500000"/>
            <float name="sheen" value="0.000000"/>
            <float name="sheen_tint" value="0.500000"/>
            <float name="clearcoat" value="0.000000"/>
            <float name="clearcoat_gloss" value="0.173205"/>
            <float name="specular" value="0.500000"/>
        </bsdf>
    </bsdf>
    <bsdf id="mat-Material.004" name="mat-Material.004" type="twosided">
        <bsdf name="bsdf" type="principled">
            <rgb name="base_color" value="0.433648 0.266232 0.084399"/>
            <float name="spec_tint" value="0.000000"/>
            <float name="spec_trans" value="0.000000"/>
            <float name="metallic" value="0.000000"/>
            <float name="anisotropic" value="0.000000"/>
            <float name="roughness" value="0.500000"/>
            <float name="sheen" value="0.000000"/>
            <float name="sheen_tint" value="0.500000"/>
            <float name="clearcoat" value="0.000000"/>
            <float name="clearcoat_gloss" value="0.173205"/>
            <float name="specular" value="0.500000"/>
        </bsdf>
    </bsdf>
    <bsdf id="mat-Material.005" name="mat-Material.005" type="twosided">
        <bsdf name="bsdf" type="principled">
            <rgb name="base_color" value="0.433648 0.266232 0.084399"/>
            <float name="spec_tint" value="0.000000"/>
            <float name="spec_trans" value="0.000000"/>
            <float name="metallic" value="0.000000"/>
            <float name="anisotropic" value="0.000000"/>
            <float name="roughness" value="0.500000"/>
            <float name="sheen" value="0.000000"/>
            <float name="sheen_tint" value="0.500000"/>
            <float name="clearcoat" value="0.000000"/>
            <float name="clearcoat_gloss" value="0.173205"/>
            <float name="specular" value="0.500000"/>
        </bsdf>
    </bsdf>
    <emitter name="temp45" type="point">
        <point name="position" x="-6.815235034541981e-16" y="3.0693089962005615" z="4.109199523925781"/>
        <rgb name="intensity" value="7.957747 7.957747 7.957747"/>
    </emitter>
    <shape name="temp2" type="ply">
        <string name="filename" value="meshes/Cube.ply"/>
        <boolean name="face_normals" value="true"/>
        <ref id="mat-Material" name="bsdf"/>
        <animation name="to_world">
            <transform time="0">
                <matrix value="0.9234613325248614 -0.3424605202503843 -0.16976591188789564 0.5826167205651843 -0.21716130167527442 -0.10473940549368721 -0.9699098293651225 1.9929377003620585 0.31453432193848874 0.9336368926814108 -0.17132731486581493 1.991435910011354 0.0 0.0 0.0 1.0"/>
            </transform>
            <transform time="0.0015">
                <matrix value="0.9228856859780061 -0.3428711278968176 -0.17206894173765308 0.5876353789940295 -0.21950946566537816 -0.10429496463623417 -0.9694320658123226 1.998152578651242 0.3146031952753019 0.9335361349520379 -0.1717499201700753 1.9919291332151214 0.0 0.0 0.0 1.0"/>
            </transform>
        </animation>
    </shape>
    <shape name="temp4" type="ply">
        <string name="filename" value="meshes/Plane.ply"/>
        <boolean name="face_normals" value="true"/>
        <ref id="mat-Material.001" name="bsdf"/>
    </shape>
    <shape name="temp5" type="ply">
        <string name="filename" value="meshes/Cube_001.ply"/>
        <boolean name="face_normals" value="true"/>
        <ref id="mat-Material" name="bsdf"/>
        <animation name="to_world">
            <transform time="0">
                <matrix value="0.9984074343958711 -0.015020794788735626 -0.054376977742434045 0.037140268381433916 -0.05438168296907772 9.589683849126972e-05 -0.9985204016262108 1.1724455904784112 0.015003785279782706 0.9998869474347288 -0.0007210790406699254 1.102608787231555 0.0 0.0 0.0 1.0"/>
            </transform>
            <transform time="0.0015">
                <matrix value="0.9984077854485123 -0.014981495594798333 -0.05438131462599996 0.03713579072465172 -0.05438598974670755 9.604250842658839e-05 -0.998520163335905 1.1724554442210584 0.014964549083493546 0.9998875331481654 -0.0007188610685448303 1.1027714934006059 0.0 0.0 0.0 1.0"/>
            </transform>
        </animation>
    </shape>
    <shape name="temp6" type="ply">
        <string name="filename" value="meshes/Cube_002.ply"/>
        <boolean name="face_normals" value="true"/>
        <ref id="mat-Material" name="bsdf"/>
        <animation name="to_world">
            <transform time="0">
                <matrix value="0.9997630875826866 -0.02118256320618744 0.00497633446346061 -0.046631872181826406 0.009435858123813222 0.21596565037555565 -0.976355384447362 0.659028298964254 0.01960709992606737 0.9761707302319664 0.21611398226373113 0.5501771245034057 0.0 0.0 0.0 1.0"/>
            </transform>
            <transform time="0.0015">
                <matrix value="0.9997640609559191 -0.02112711086167733 0.005016857432038821 -0.04665879914791087 0.009463037098002053 0.2159454207345562 -0.9763595970795542 0.658960634678849 0.019544397296839315 0.9761764071468126 0.21609402374854514 0.5503218022231803 0.0 0.0 0.0 1.0"/>
            </transform>
        </animation>
    </shape>
    <shape name="temp7" type="ply">
        <string name="filename" value="meshes/Cube_003.ply"/>
        <boolean name="face_normals" value="true"/>
        <ref id="mat-Material" name="bsdf"/>
        <animation name="to_world">
            <transform time="0">
                <matrix value="0.9951400819464317 -0.0585629391998298 0.07915954131741226 -0.07791200850745184 0.0900762286202611 0.21667890359870096 -0.9720785201274076 0.13322990923027714 0.03977562465981239 0.9744844323280277 0.220901212282534 0.1865005896333748 0.0 0.0 0.0 1.0"/>
            </transform>
            <transform time="0.0015">
                <matrix value="0.9951363958936992 -0.05861323546390343 0.07916874187632733 -0.07789149263133804 0.09009553332413872 0.21665878659490084 -0.9720812179140842 0.13317936766942395 0.039824273056119915 0.9744858815933257 0.22088605446597348 0.18636613161755727 0.0 0.0 0.0 1.0"/>
            </transform>
        </animation>
    </shape>
    <shape name="temp8" type="ply">
        <string name="filename" value="meshes/Cube_004.ply"/>
        <boolean name="face_normals" value="true"/>
        <ref id="mat-Material" name="bsdf"/>
        <animation name="to_world">
            <transform time="0">
                <matrix value="0.9745001125832629 -0.18772291900889193 0.12291904736464121 0.06048327324931879 0.1635325968437681 0.2190788718939225 -0.9619052470780356 -0.38052873871724024 0.15364271125318468 0.9574777388652611 0.24419141213587434 -0.39861703298944373 0.0 0.0 0.0 1.0"/>
            </transform>
            <transform time="0.0015">
                <matrix value="0.9744874268173656 -0.18778662135242968 0.12292234768537681 0.06053797939816889 0.1635500569255857 0.2190674354636173 -0.9619048811322087 -0.38057488448848015 0.1537046002381321 0.9574678643374532 0.24419119086630464 -0.3987831335182943 0.0 0.0 0.0 1.0"/>
            </transform>
        </animation>
    </shape>
    <shape name="temp9" type="ply">
        <string name="filename" value="meshes/Cube_005.ply"/>
        <boolean name="face_normals" value="true"/>
        <ref id="mat-Material" name="bsdf"/>
        <animation name="to_world">
            <transform time="0">
                <matrix value="0.9703810721827146 -0.2273229486278297 0.08176163927869165 0.13387591361510776 0.13258283734643908 0.21821105787582157 -0.9668535923343614 -0.6345785198432294 0.20194673747887956 0.9490563656729027 0.2418869122561996 -0.8277350246288651 0.0 0.0 0.0 1.0"/>
            </transform>
            <transform time="0.0015">
                <matrix value="0.9703739713451998 -0.22735458466254788 0.08175804194611058 0.13390512223750103 0.13258554364316386 0.21820287290600365 -0.9668550731384047 -0.6345851208885305 0.20197911570225374 0.9490506662306166 0.2418822230433958 -0.827826540433096 0.0 0.0 0.0 1.0"/>
            </transform>
        </animation>
    </shape>
    <shape name="temp10" type="ply">
        <string name="filename" value="meshes/Cube_006.ply"/>
        <boolean name="face_normals" value="true"/>
        <ref id="mat-Material" name="bsdf"/>
        <animation name="to_world">
            <transform time="0">
                <matrix value="0.9875529008363075 -0.14252691255947256 -0.06652466005169494 0.03413205190172075 -0.03412916402938157 0.21869695446401197 -0.9751958653511108 -0.5425549018551337 0.15354041118598932 0.9653276960012349 0.21111055689539177 -1.0430017072096116 0.0 0.0 0.0 1.0"/>
            </transform>
            <transform time="0.0015">
                <matrix value="0.9875531561473194 -0.14252579219479655 -0.06652323286297043 0.03413349271382593 -0.0341293998729287 0.2186881312167312 -0.9751978312461339 -0.5425553023219232 0.15353869900651665 0.965329858635462 0.2111019035531433 -1.0430307058988268 0.0 0.0 0.0 1.0"/>
            </transform>
        </animation>
    </shape>
    <shape name="temp11" type="ply">
        <string name="filename" value="meshes/Cube_007.ply"/>
        <boolean name="face_normals" value="true"/>
        <ref id="mat-Material" name="bsdf"/>
        <animation name="to_world">
            <transform time="0">
                <matrix value="0.9244338037008867 -0.24710109861229018 -0.29045161436735173 0.17799148063307113 -0.24304789487028103 0.20513248217127672 -0.948075647451351 -0.3108632517662253 0.2938521116896886 0.9470276770200846 0.12957432056436075 -1.805056181405202 0.0 0.0 0.0 1.0"/>
            </transform>
            <transform time="0.0015">
                <matrix value="0.924418660566501 -0.2470725563459803 -0.29052408866179313 0.17795363089068345 -0.2431175532884554 0.20516044473146744 -0.9480517418274566 -0.31068230704207495 0.2938421290291283 0.9470290662122096 0.12958679080668636 -1.805046184684286 0.0 0.0 0.0 1.0"/>
            </transform>
        </animation>
    </shape>
    <shape name="temp12" type="ply">
        <string name="filename" value="meshes/Cube_008.ply"/>
        <boolean name="face_normals" value="true"/>
        <ref id="mat-Material" name="bsdf"/>
        <animation name="to_world">
            <transform time="0">
                <matrix value="0.3190848133156746 0.8897453814272573 -0.3263104220554952 1.768373054460128 -0.5851395411921769 -0.085887327057734 -0.8063360804046709 0.4305575475580926 -0.7454740641848706 0.4482693779814486 0.4932552866269743 0.9802028838730127 0.0 0.0 0.0 1.0"/>
            </transform>
            <transform time="0.0015">
                <matrix value="0.31956174385982805 0.8896754262173276 -0.3260348052753428 1.7676878681004418 -0.584809934675979 -0.08554975787683347 -0.8066112291145797 0.4291602178658398 -0.7455286369136369 0.4484729134006358 0.49298784831053233 0.9798383371086372 0.0 0.0 0.0 1.0"/>
            </transform>
        </animation>
    </shape>
    <shape name="temp13" type="ply">
        <string name="filename" value="meshes/Cube_009.ply"/>
        <boolean name="face_normals" value="true"/>
        <ref id="mat-Material" name="bsdf"/>
        <animation name="to_world">
            <transform time="0">
                <matrix value="-0.07307954672382705 0.9906484461529798 0.11520699247931895 2.6181089431462636 -0.8443469904809522 7.832383928180333e-06 -0.5356847025272079 0.9748824317965494 -0.5306765013022426 -0.13643851045944813 0.8364502451655973 0.9141310311083869 0.0 0.0 0.0 1.0"/>
            </transform>
            <transform time="0.0015">
                <matrix value="-0.07299777858522552 0.990646276009606 0.11527749321940606 2.6180586581082887 -0.8447700727413353 6.887241434038836e-06 -0.5350178556167402 0.9766098149859685 -0.5300146234611613 -0.13645424362345038 0.836867602125872 0.913381077460665 0.0 0.0 0.0 1.0"/>
            </transform>
        </animation>
    </shape>
    <shape name="temp14" type="ply">
        <string name="filename" value="meshes/Cube_010.ply"/>
        <boolean name="face_normals" value="true"/>
        <ref id="mat-Material" name="bsdf"/>
        <animation name="to_world">
            <transform time="0">
                <matrix value="0.014776734978999232 0.9922237773323349 0.12356578952967257 1.9727783009876965 -0.9935109489439335 0.0006487259163619602 0.11366175894200797 2.0314073194340754 0.11270005691216911 -0.12444819084607955 0.9857953591814291 -0.35993309808587415 0.0 0.0 0.0 1.0"/>
            </transform>
            <transform time="0.0015">
                <matrix value="0.01470911298528247 0.9922066865146233 0.12371115938177454 1.973180895656075 -0.9935441393754639 0.0006009776746929451 0.11337181240410771 2.030931259903845 0.1124162276603819 -0.12458474993380184 0.9858105672091613 -0.3593577393045907 0.0 0.0 0.0 1.0"/>
            </transform>
        </animation>
    </shape>
    <shape name="temp15" type="ply">
        <string name="filename" value="meshes/Cube_011.ply"/>
        <boolean name="face_normals" value="true"/>
        <ref id="mat-Material" name="bsdf"/>
        <animation name="to_world">
            <transform time="0">
                <matrix value="0.06309635886225304 0.9731849535796155 0.2211729368952121 1.6994785374713173 -0.937548867341457 -0.01817086059700932 0.3473582349022576 2.0589482230878495 0.34206150592081586 -0.22927884144064847 0.9112621572208608 -0.8892404112533031 0.0 0.0 0.0 1.0"/>
            </transform>
            <transform time="0.0015">
                <matrix value="0.06320753723371692 0.9731278615378491 0.22139240567101903 1.6996894335816286 -0.9374535565493749 -0.01820737149462296 0.3476136055167835 2.059077998318026 0.3423022610135294 -0.2295182555623952 0.9111115407268469 -0.8898001478443344 0.0 0.0 0.0 1.0"/>
            </transform>
        </animation>
    </shape>
    <shape name="temp16" type="ply">
        <string name="filename" value="meshes/Cube_012.ply"/>
        <boolean name="face_normals" value="true"/>
        <ref id="mat-Material" name="bsdf"/>
        <animation name="to_world">
            <transform time="0">
                <matrix value="0.09119115751550902 0.9908311657972189 0.09968817091949747 1.095855967218362 -0.7380535417630716 4.049634247835419e-05 0.6747424827466868 1.846564375213486 0.6685517714577494 -0.13510569997684718 0.7312899005768518 -1.8389859803057753 0.0 0.0 0.0 1.0"/>
            </transform>
            <transform time="0.0015">
                <matrix value="0.0911837247736788 0.9908327201905696 0.09967950225858647 1.095847894833376 -0.7380378880066624 3.770009817355168e-05 0.6747596056072336 1.846579530735609 0.6685700581089675 -0.13509428757581118 0.7312752797645162 -1.8390519477365266 0.0 0.0 0.0 1.0"/>
            </transform>
        </animation>
    </shape>
    <shape name="temp17" type="ply">
        <string name="filename" value="meshes/Cube_013.ply"/>
        <boolean name="face_normals" value="true"/>
        <ref id="mat-Material" name="bsdf"/>
        <animation name="to_world">
            <transform time="0">
                <matrix value="0.9125028589056907 0.1627534557165593 0.3752777054145404 0.6535126717392878 -0.39637331191591896 0.12519057283442808 0.9095030213687194 1.4693423604027323 0.10103827033103026 -0.978691364410969 0.17874859167481838 -1.3990943711080832 0.0 0.0 0.0 1.0"/>
            </transform>
            <transform time="0.0015">
                <matrix value="0.9126201743156 0.16270679237762134 0.37501270106336504 0.6531021957427627 -0.3960924602288065 0.12511093983633192 0.9096363873466657 1.4692933824365744 0.10108059610970063 -0.9787093037622487 0.17862640746947267 -1.3992718717738337 0.0 0.0 0.0 1.0"/>
            </transform>
        </animation>
    </shape>
    <shape name="temp18" type="ply">
        <string name="filename" value="meshes/Cube_014.ply"/>
        <boolean name="face_normals" value="true"/>
        <ref id="mat-Material" name="bsdf"/>
        <animation name="to_world">
            <transform time="0">
                <matrix value="0.9404066649291613 0.2938354021396554 0.17116104621008643 0.11329855098891167 -0.21630651103581922 0.12851059502777296 0.967830968828439 1.0260105051797925 0.26238695133389 -0.9471775446734929 0.1844106498933148 -0.8665005019643738 0.0 0.0 0.0 1.0"/>
            </transform>
            <transform time="0.0015">
                <matrix value="0.94041997301565 0.2937853536774203 0.1711738406974353 0.11330095857962438 -0.21630669773199657 0.12849993579414315 0.9678323389976974 1.0260124997692706 0.2623390996675086 -0.9471945153448585 0.18439156624396588 -0.8664770229221573 0.0 0.0 0.0 1.0"/>
            </transform>
        </animation>
    </shape>
    <shape name="temp19" type="ply">
        <string name="filename" value="meshes/Cube_015.ply"/>
        <boolean name="face_normals" value="true"/>
        <ref id="mat-Material" name="bsdf"/>
        <animation name="to_world">
            <transform time="0">
                <matrix value="0.9835123141268061 0.12620868210327832 0.1295171838129716 0.014726026676745663 -0.14984402342441056 0.16778323109237564 0.9743693090779116 0.6400686079537234 0.10124309208601716 -0.977711332163872 0.18392845069809904 -0.2903842789492448 0.0 0.0 0.0 1.0"/>
            </transform>
            <transform time="0.0015">
                <matrix value="0.9835176437441768 0.1261543932259458 0.1295295723557638 0.014743004115931692 -0.1498450223287441 0.16777206649317816 0.9743710792344691 0.6400714300026222 0.10118978474245294 -0.9777202530300588 0.1839103559535193 -0.29032175498824137 0.0 0.0 0.0 1.0"/>
            </transform>
        </animation>
    </shape>
    <shape name="temp20" type="ply">
        <string name="filename" value="meshes/Cube_016.ply"/>
        <boolean name="face_normals" value="true"/>
        <ref id="mat-Material" name="bsdf"/>
        <animation name="to_world">
            <transform time="0">
                <matrix value="0.9849818803000565 0.021233548453036252 0.17134601373645986 0.0296457243867167 -0.1724711538632016 0.16701245038306467 0.9707525787184631 0.3264307506633403 -0.00800443950378262 -0.9857257578380678 0.16816652018036019 0.21063358123762108 0.0 0.0 0.0 1.0"/>
            </transform>
            <transform time="0.0015">
                <matrix value="0.9849834919508184 0.02118510116613534 0.17134271256468744 0.029625601926388172 -0.17245983241552332 0.16700276358392235 0.9707562637078352 0.32642745510850824 -0.008049180205485588 -0.9857284461125585 0.16814865266260776 0.21070537761749125 0.0 0.0 0.0 1.0"/>
            </transform>
        </animation>
    </shape>
    <shape name="temp21" type="ply">
        <string name="filename" value="meshes/Cube_017.ply"/>
        <boolean name="face_normals" value="true"/>
        <ref id="mat-Material" name="bsdf"/>
        <animation name="to_world">
            <transform time="0">
                <matrix value="0.9383659824795622 -0.16520811475461128 0.30360264119774893 0.22080500444784762 -0.2822066142223688 0.14093119228739548 0.9489389631984477 0.14317631980847845 -0.1995600831165884 -0.9761302649226258 0.0856217977297538 0.4787479416737753 0.0 0.0 0.0 1.0"/>
            </transform>
            <transform time="0.0015">
                <matrix value="0.9383446320962027 -0.16529271280045385 0.3036225809901252 0.22078294914821076 -0.28216770163278704 0.1411834868483428 0.948913066148426 0.14290866430411653 -0.19971549092945418 -0.9760795181097548 0.08583808873412527 0.4788370745958541 0.0 0.0 0.0 1.0"/>
            </transform>
        </animation>
    </shape>
    <shape name="temp22" type="ply">
        <string name="filename" value="meshes/Cube_018.ply"/>
        <boolean name="face_normals" value="true"/>
        <ref id="mat-Material" name="bsdf"/>
        <animation name="to_world">
            <transform time="0">
                <matrix value="0.2235006480186232 0.9553103418067136 0.19335985610143439 0.8532316842518235 -0.5787369221686196 -0.02955438099548833 0.8149230225885196 -0.007446628364905145 0.7842361713180397 -0.2940954021813722 0.5462871512991578 -0.14725269468711213 0.0 0.0 0.0 1.0"/>
            </transform>
            <transform time="0.0015">
                <matrix value="0.22383081941043473 0.9552992808337395 0.19303286818653131 0.8532294642409343 -0.5782333211978988 -0.029268076758575668 0.8152910449451215 -0.007984391608452712 0.7845137103447744 -0.2941601009886667 0.5458538884609696 -0.14717359944961678 0.0 0.0 0.0 1.0"/>
            </transform>
        </animation>
    </shape>
    <shape name="temp23" type="ply">
        <string name="filename" value="meshes/Cube_019.ply"/>
        <boolean name="face_normals" value="true"/>
        <ref id="mat-Material" name="bsdf"/>
        <animation name="to_world">
            <transform time="0">
                <matrix value="-0.08245250227382732 0.9831055247662295 -0.16341643968775013 0.5111981050398181 -0.9135358325044722 -0.00902101380200783 0.406658358158783 -0.04637390247426833 0.3983139105042844 0.18281672969381946 0.898845965275417 -0.054843099501804715 0.0 0.0 0.0 1.0"/>
            </transform>
            <transform time="0.0015">
                <matrix value="-0.08246210994633907 0.9831021456502496 -0.1634319021754874 0.5112170560834655 -0.9135298805665104 -0.009020850027520006 0.40667175347811724 -0.0463869049581621 0.3983255941744606 0.18283489356858323 0.8988370974718933 -0.05484561310078449 0.0 0.0 0.0 1.0"/>
            </transform>
        </animation>
    </shape>
    <shape name="temp24" type="ply">
        <string name="filename" value="meshes/Cube_020.ply"/>
        <boolean name="face_normals" value="true"/>
        <ref id="mat-Material" name="bsdf"/>
        <animation name="to_world">
            <transform time="0">
                <matrix value="0.09909932685786907 0.939789969377393 -0.3270691327977702 0.14393279217299387 -0.9617855611325532 0.00615284099930162 -0.27373421015950744 0.13923134272072935 -0.25524019053974334 0.3416971755811939 0.9044863576525368 0.11967103940373514 0.0 0.0 0.0 1.0"/>
            </transform>
            <transform time="0.0015">
                <matrix value="0.09909840378164021 0.9397874448480272 -0.32707668149424457 0.14393961767423274 -0.9617888980241984 0.006154153077840667 -0.27372246585158044 0.13922006141660317 -0.2552279841638058 0.34170410587189176 0.9044871746478809 0.11967925006633362 0.0 0.0 0.0 1.0"/>
            </transform>
        </animation>
    </shape>
    <shape name="temp25" type="ply">
        <string name="filename" value="meshes/Cube_021.ply"/>
        <boolean name="face_normals" value="true"/>
        <ref id="mat-Material" name="bsdf"/>
        <animation name="to_world">
            <transform time="0">
                <matrix value="0.1887542839261241 0.9409788433179052 -0.28094580353373194 -0.17421618207185527 -0.7969128694193717 -0.020404567573937837 -0.6037500100468015 0.09065112778359131 -0.5738486366787405 0.33784956082624323 0.746026430889116 0.31592759971677054 0.0 0.0 0.0 1.0"/>
            </transform>
            <transform time="0.0015">
                <matrix value="0.18875997895738045 0.940972310360344 -0.2809638540243977 -0.1742044582910997 -0.7969237360943102 -0.02040500325462484 -0.603735653055876 0.09063311568492712 -0.573831674453396 0.3378677254519217 0.7460312562678089 0.3159463974803459 0.0 0.0 0.0 1.0"/>
            </transform>
        </animation>
    </shape>
    <shape name="temp26" type="ply">
        <string name="filename" value="meshes/Cube_022.ply"/>
        <boolean name="face_normals" value="true"/>
        <ref id="mat-Material" name="bsdf"/>
        <animation name="to_world">
            <transform time="0">
                <matrix value="0.637208857022802 0.40212369869614095 -0.6574660028055398 -0.08749131904009239 -0.7116749286824922 -0.02038122388788189 -0.7022132749216231 -0.19540593743910084 -0.29577655413659276 0.9153584621513777 0.2731942824479777 0.6938964023487777 0.0 0.0 0.0 1.0"/>
            </transform>
            <transform time="0.0015">
                <matrix value="0.6372075166399903 0.40212472744922817 -0.6574666666142488 -0.08749681473598594 -0.7116760297112305 -0.020381109974127634 -0.7022121515530385 -0.19540734724442224 -0.29577676317248364 0.9153580116025805 0.2731955590031874 0.6939096632975104 0.0 0.0 0.0 1.0"/>
            </transform>
        </animation>
    </shape>
    <shape name="temp27" type="ply">
        <string name="filename" value="meshes/Cube_023.ply"/>
        <boolean name="face_normals" value="true"/>
        <ref id="mat-Material" name="bsdf"/>
        <animation name="to_world">
            <transform time="0">
                <matrix value="0.8557628890106325 0.2871382891517512 -0.43037389231058 -0.06654874687564988 -0.4803646367993022 0.13203396582975785 -0.8670739600614816 -0.2870743221089578 -0.19214612066443626 0.9487458882865445 0.2509207598124156 0.20894947781353507 0.0 0.0 0.0 1.0"/>
            </transform>
            <transform time="0.0015">
                <matrix value="0.8557609263072294 0.2871584587195777 -0.430364335167243 -0.0665511429282512 -0.4803612379714579 0.13203834966955574 -0.867075168533747 -0.28707428226516163 -0.19216333181801737 0.9487391751094645 0.25093297219058885 0.2089366878371448 0.0 0.0 0.0 1.0"/>
            </transform>
        </animation>
    </shape>
    <shape name="temp28" type="ply">
        <string name="filename" value="meshes/Cube_024.ply"/>
        <boolean name="face_normals" value="true"/>
        <ref id="mat-Material" name="bsdf"/>
        <animation name="to_world">
            <transform time="0">
                <matrix value="0.8515286059000722 0.4536113202745801 -0.2629363798702757 -0.19712378714915174 -0.37443047939194407 0.17507102287541484 -0.9105777927389755 -0.5097063967540789 -0.3670159850503611 0.8738345886617873 0.318924013557745 -0.35859947062699876 0.0 0.0 0.0 1.0"/>
            </transform>
            <transform time="0.0015">
                <matrix value="0.8515387704697284 0.45360762577444214 -0.2629098445426491 -0.1971078393799446 -0.37440253560170556 0.17507548706308157 -0.9105884306990568 -0.5096839387923179 -0.3670209189356636 0.8738356099057278 0.3189155372311523 -0.3586155196154907 0.0 0.0 0.0 1.0"/>
            </transform>
        </animation>
    </shape>
    <shape name="temp29" type="ply">
        <string name="filename" value="meshes/Cube_025.ply"/>
        <boolean name="face_normals" value="true"/>
        <ref id="mat-Material" name="bsdf"/>
        <animation name="to_world">
            <transform time="0">
                <matrix value="0.9035101599746111 0.35270669116834197 -0.24344960358867024 -0.25904930504868406 -0.3210937596959011 0.18087925485427275 -0.9296136449275945 -0.7931911512572203 -0.28384607474464874 0.9180851773903214 0.27667815863166817 -0.6916354230520518 0.0 0.0 0.0 1.0"/>
            </transform>
            <transform time="0.0015">
                <matrix value="0.9035184416255555 0.3526843289297019 -0.24345125460007483 -0.2590271634881796 -0.3210857269731932 0.18087022059997193 -0.9296181809537731 -0.7931840923432746 -0.28382878061498884 0.9180955475218062 0.27666148682062885 -0.691622702817062 0.0 0.0 0.0 1.0"/>
            </transform>
        </animation>
    </shape>
    <shape name="temp30" type="ply">
        <string name="filename" value="meshes/Cube_026.ply"/>
        <boolean name="face_normals" value="true"/>
        <ref id="mat-Material" name="bsdf"/>
        <animation name="to_world">
            <transform time="0">
                <matrix value="0.9234546839069762 0.22997467789405182 -0.3071536536553101 -0.33458132883091696 -0.3513539910323442 0.1850821508354835 -0.9177664565427373 -1.149555278141138 -0.15421442590514284 0.9554350750798355 0.25171753027396804 -0.8902733105347433 0.0 0.0 0.0 1.0"/>
            </transform>
            <transform time="0.0015">
                <matrix value="0.9234503914905907 0.22998012202535273 -0.30716245337588927 -0.334589657976746 -0.35136222002539236 0.18507011817893654 -0.9177657331614517 -1.149567028514881 -0.15422131611107304 0.9554360888146296 0.25170942840357013 -0.8903259372466356 0.0 0.0 0.0 1.0"/>
            </transform>
        </animation>
    </shape>
    <shape name="temp31" type="ply">
        <string name="filename" value="meshes/Cube_027.ply"/>
        <boolean name="face_normals" value="true"/>
        <ref id="mat-Material" name="bsdf"/>
        <animation name="to_world">
            <transform time="0">
                <matrix value="0.8717186854530015 0.17258683876242903 -0.4586071776241418 -0.6064048092055743 -0.48575999021323446 0.18141441899950567 -0.8550591673872785 -1.5857999353062002 -0.06437402376127384 0.9681437895136447 0.241978042656119 -1.0308220617046608 0.0 0.0 0.0 1.0"/>
            </transform>
            <transform time="0.0015">
                <matrix value="0.8717191162903337 0.17261315231402155 -0.4585964715811161 -0.6064268521264999 -0.4857553946150226 0.18140628133731151 -0.8550635076749917 -1.5857914694280777 -0.06440294571182616 0.9681406206537703 0.24198301271106895 -1.0308633675158942 0.0 0.0 0.0 1.0"/>
            </transform>
        </animation>
    </shape>
    <shape name="temp32" type="ply">
        <string name="filename" value="meshes/Cube_028.ply"/>
        <boolean name="face_normals" value="true"/>
        <ref id="mat-Material" name="bsdf"/>
        <animation name="to_world">
            <transform time="0">
                <matrix value="-0.10539369125946099 0.9846666722289086 0.13900948465345153 -1.4869893767298454 -0.7970841821402167 -6.521026317051956e-05 -0.6038684441073973 -2.1221010278344776 -0.5946000812017864 -0.1744461258637988 0.7848691386368783 -1.361564286479474 0.0 0.0 0.0 1.0"/>
            </transform>
            <transform time="0.0015">
                <matrix value="-0.10539539067338309 0.9846662141709646 0.13901147948372597 -1.4869981315919198 -0.7970845651067344 -6.547713824146267e-05 -0.6038679249749452 -2.122100785263383 -0.5945992514409981 -0.1744487412995672 0.7848691896990867 -1.3615672614306882 0.0 0.0 0.0 1.0"/>
            </transform>
        </animation>
    </shape>
    <shape name="temp33" type="ply">
        <string name="filename" value="meshes/Cube_029.ply"/>
        <boolean name="face_normals" value="true"/>
        <ref id="mat-Material" name="bsdf"/>
        <animation name="to_world">
            <transform time="0">
                <matrix value="0.0020885126066659933 0.9760337947908215 0.21760914727003577 -1.5685989097425828 -0.9986913303795741 -0.009084546423513265 0.050331497172002665 -1.8229468688134594 0.05110211922478888 -0.21742938907812098 0.9747374948052127 -0.12572603463511 0.0 0.0 0.0 1.0"/>
            </transform>
            <transform time="0.0015">
                <matrix value="0.0020857871616153244 0.97603459826951 0.21760557376648532 -1.5686257233792515 -0.9986920165279183 -0.00908406846633078 0.05031771207781101 -1.8229715357045824 0.05108856859283907 -0.21742580721518234 0.9747390011403602 -0.12577445874262452 0.0 0.0 0.0 1.0"/>
            </transform>
        </animation>
    </shape>
    <shape name="temp34" type="ply">
        <string name="filename" value="meshes/Cube_030.ply"/>
        <boolean name="face_normals" value="true"/>
        <ref id="mat-Material" name="bsdf"/>
        <animation name="to_world">
            <transform time="0">
                <matrix value="-0.04191047862189527 0.9784323076278951 -0.20227112841314615 -3.2276910696493406 -0.9755972931781403 0.003594794193662452 0.21953199970351867 -1.9208787888397207 0.21552426389794543 0.20653632282784887 0.9544056936401728 0.24169552133428496 0.0 0.0 0.0 1.0"/>
            </transform>
            <transform time="0.0015">
                <matrix value="-0.04193285914883597 0.9784317884703548 -0.2022689968483155 -3.2277389751077474 -0.9755746071133967 0.0035938192745976613 0.2196328332423671 -1.9206724742074974 0.21562260333587713 0.20653879459419802 0.9543829529076745 0.24188461179071524 0.0 0.0 0.0 1.0"/>
            </transform>
        </animation>
    </shape>
    <shape name="temp35" type="ply">
        <string name="filename" value="meshes/Cube_031.ply"/>
        <boolean name="face_normals" value="true"/>
        <ref id="mat-Material" name="bsdf"/>
        <animation name="to_world">
            <transform time="0">
                <matrix value="0.1371270346986935 0.9760272243926553 0.1690177561260668 -1.880091273744136 -0.7789764497089678 0.0008564420146718035 0.6270509067888483 -1.1832712488182358 0.6118740769502169 -0.21764683796980955 0.7604195969837847 0.5847289785088707 0.0 0.0 0.0 1.0"/>
            </transform>
            <transform time="0.0015">
                <matrix value="0.13714449478051108 0.9760266236609256 0.16900707476310844 -1.8800665943486252 -0.7789080901855658 0.000852930437345528 0.6271358232414008 -1.1830048426430415 0.6119571806845487 -0.2176495562808867 0.7603519480680362 0.5848372524073058 0.0 0.0 0.0 1.0"/>
            </transform>
        </animation>
    </shape>
    <shape name="temp36" type="ply">
        <string name="filename" value="meshes/Cube_032.ply"/>
        <boolean name="face_normals" value="true"/>
        <ref id="mat-Material" name="bsdf"/>
        <animation name="to_world">
            <transform time="0">
                <matrix value="0.723468025466866 0.6100773221142917 0.3229544357456216 -0.6476822162205875 -0.4064707451948222 -0.0015946940384587308 0.913570439425824 -0.1533739587830538 0.5578602620087336 -0.792340062950672 0.24682284675767258 -0.12950276800701577 0.0 0.0 0.0 1.0"/>
            </transform>
            <transform time="0.0015">
                <matrix value="0.7231760134971514 0.6100745437300414 0.32361382757366436 -0.6477961643944801 -0.40732332440475916 -0.0015648550927101325 0.913191157852272 -0.15637195501475837 0.5576177484614264 -0.7923422631306323 0.24736391042813982 -0.12960514908194606 0.0 0.0 0.0 1.0"/>
            </transform>
        </animation>
    </shape>
    <shape name="temp37" type="ply">
        <string name="filename" value="meshes/Cube_033.ply"/>
        <boolean name="face_normals" value="true"/>
        <ref id="mat-Material" name="bsdf"/>
        <animation name="to_world">
            <transform time="0">
                <matrix value="0.9762065911738268 0.1723625378840815 0.13157567889192998 -0.14814634764748935 -0.1500875622975496 0.09913256143322285 0.9836903769607219 0.3004828531365437 0.15650793313086075 -0.9800325599731343 0.12264333949064371 -0.38418810607923803 0.0 0.0 0.0 1.0"/>
            </transform>
            <transform time="0.0015">
                <matrix value="0.9762052667479533 0.17236925181207616 0.13157678523977842 -0.14815201432341843 -0.1500876436779346 0.09912079009497833 0.983691551391515 0.3004833726239347 0.15651617967654102 -0.980032567482281 0.12263273727410835 -0.38418149998383566 0.0 0.0 0.0 1.0"/>
            </transform>
        </animation>
    </shape>
    <shape name="temp38" type="ply">
        <string name="filename" value="meshes/Cube_034.ply"/>
        <boolean name="face_normals" value="true"/>
        <ref id="mat-Material" name="bsdf"/>
        <animation name="to_world">
            <transform time="0">
                <matrix value="0.9999155625528566 -0.0015025561977627271 0.012926758580323116 -0.033326129104171986 -0.012455899717566712 0.17721823942530918 0.9840928400109499 0.3691406585960435 -0.003769511477287435 -0.9841704507293143 0.17718454106919718 -0.3836373292383289 0.0 0.0 0.0 1.0"/>
            </transform>
            <transform time="0.0015">
                <matrix value="0.9999155465959183 -0.0015059800682564587 0.012927481961608638 -0.033325418256784214 -0.012455993065655391 0.177221183010785 0.9840923038577618 0.3691390495932706 -0.003773046098676039 -0.9841699175799041 0.1771874397005601 -0.38366489593286257 0.0 0.0 0.0 1.0"/>
