
<scene version="2.1.0">
    <default name="spp" value="1024"/>
    <default name="resx" value="640"/>
    <default name="resy" value="360"/>
    <integrator name="temp0" type="path">
        <integer name="max_depth" value="12"/>
    </integrator>
    <sensor name="temp44" type="perspective">
        <string name="fov_axis" value="x"/>
        <float name="fov" value="83.974423"/>
        <float name="principal_point_offset_x" value="0.000000"/>
        <float name="principal_point_offset_y" value="-0.000000"/>
        <float name="near_clip" value="0.100000"/>
        <float name="far_clip" value="1000.000000"/>
        <sampler name="sampler" type="correlated">
            <integer name="sample_count" value="1024"/>
        </sampler>
        <film name="film" type="hdrfilm">
            <integer name="width" value="$resx"/>
            <integer name="height" value="$resy"/>
        </film>
        <float name="shutter_open" value="0.0"/>
        <float name="shutter_close" value="0.0015"/>
        <animation name="to_world">
            <transform time="0">
                <rotate angle="-142.5518126578256" x="1"/>
                <rotate angle="3.976628485794621e-06" y="1"/>
                <rotate angle="-179.999991348578" z="1"/>
                <translate value="-0.000000 3.030926 4.073377"/>
            </transform>
            <transform time="0.0015">
                <rotate angle="-142.5518126578256" x="1"/>
                <rotate angle="3.976628485794621e-06" y="1"/>
                <rotate angle="-179.999991348578" z="1"/>
                <translate value="-0.000000 3.030926 4.073377"/>
                <translate x="0.15" y="0.0" z="0.0"/>
            </transform>
        </animation>
    </sensor>
    <bsdf id="mat-Material" name="mat-Material" type="twosided">
        <bsdf name="bsdf" type="diffuse">
            <texture name="reflectance" type="bitmap">
                <string name="filename" value="textures/siggraph_2023_logo.jpg"/>
            </texture>
        </bsdf>
    </bsdf>
    <bsdf id="mat-Material.001" name="mat-Material.001" type="twosided">
        <bsdf name="bsdf" type="principled">
            <rgb name="base_color" value="0.433648 0.266232 0.084399"/>
            <float name="spec_tint" value="0.000000"/>
            <float name="spec_trans" value="0.000000"/>
            <float name="metallic" value="0.000000"/>
            <float name="anisotropic" value="0.000000"/>
            <float name="roughness" value="0.500000"/>
            <float name="sheen" value="0.000000"/>
            <float name="sheen_tint" value="0.500000"/>
            <float name="clearcoat" value="0.000000"/>
            <float name="clearcoat_gloss" value="0.173205"/>
            <float name="specular" value="0.500000"/>
        </bsdf>
    </bsdf>
    <bsdf id="mat-Material.002" name="mat-Material.002" type="twosided">
        <bsdf name="bsdf" type="principled">
            <rgb name="base_color" value="0.433648 0.266232 0.084399"/>
            <float name="spec_tint" value="0.000000"/>
            <float name="spec_trans" value="0.000000"/>
            <float name="metallic" value="0.000000"/>
            <float name="anisotropic" value="0.000000"/>
            <float name="roughness" value="0.500000"/>
            <float name="sheen" value="0.000000"/>
            <float name="sheen_tint" value="0.500000"/>
            <float name="clearcoat" value="0.000000"/>
            <float name="clearcoat_gloss" value="0.173205"/>
            <float name="specular" value="0.500000"/>
        </bsdf>
    </bsdf>
    <bsdf id="mat-Material.003" name="mat-Material.003" type="twosided">
        <bsdf name="bsdf" type="principled">
            <rgb name="base_color" value="0.433648 0.266232 0.084399"/>
            <float name="spec_tint" value="0.000000"/>
            <float name="spec_trans" value="0.000000"/>
            <float name="metallic" value="0.000000"/>
            <float name="anisotropic" value="0.000000"/>
            <float name="roughness" value="0.500000"/>
            <float name="sheen" value="0.000000"/>
            <float name="sheen_tint" value="0.500000"/>
            <float name="clearcoat" value="0.000000"/>
            <float name="clearcoat_gloss" value="0.173205"/>
            <float name="specular" value="0.500000"/>
        </bsdf>
    </bsdf>
    <bsdf id="mat-Material.004" name="mat-Material.004" type="twosided">
        <bsdf name="bsdf" type="principled">
            <rgb name="base_color" value="0.433648 0.266232 0.084399"/>
            <float name="spec_tint" value="0.000000"/>
            <float name="spec_trans" value="0.000000"/>
            <float name="metallic" value="0.000000"/>
            <float name="anisotropic" value="0.000000"/>
            <float name="roughness" value="0.500000"/>
            <float name="sheen" value="0.000000"/>
            <float name="sheen_tint" value="0.500000"/>
            <float name="clearcoat" value="0.000000"/>
            <float name="clearcoat_gloss" value="0.173205"/>
            <float name="specular" value="0.500000"/>
        </bsdf>
    </bsdf>
    <bsdf id="mat-Material.005" name="mat-Material.005" type="twosided">
        <bsdf name="bsdf" type="principled">
            <rgb name="base_color" value="0.433648 0.266232 0.084399"/>
            <float name="spec_tint" value="0.000000"/>
            <float name="spec_trans" value="0.000000"/>
            <float name="metallic" value="0.000000"/>
            <float name="anisotropic" value="0.000000"/>
            <float name="roughness" value="0.500000"/>
            <float name="sheen" value="0.000000"/>
            <float name="sheen_tint" value="0.500000"/>
            <float name="clearcoat" value="0.000000"/>
            <float name="clearcoat_gloss" value="0.173205"/>
            <float name="specular" value="0.500000"/>
        </bsdf>
    </bsdf>
    <emitter name="temp45" type="point">
        <point name="position" x="-6.815235034541981e-16" y="3.0693089962005615" z="4.109199523925781"/>
        <rgb name="intensity" value="7.957747 7.957747 7.957747"/>
    </emitter>
    <shape name="temp2" type="ply">
        <string name="filename" value="meshes/Cube.ply"/>
        <boolean name="face_normals" value="true"/>
        <ref id="mat-Material" name="bsdf"/>
        <animation name="to_world">
            <transform time="0">
                <matrix value="1.0 0.00016528785644410053 0.0004640889489438093 -0.001280898341742276 -0.00016445356339324181 0.99999833132745 -0.0017975146340529365 -0.014997392902990792 -0.00046438379722956526 0.0017974377532992787 0.9999983452326863 0.0010560949131017683 0.0 0.0 0.0 1.0"/>
                <scale value="1"/>
            </transform>
            <transform time="0.0015">
                <matrix value="1.0 0.00016477013833025213 0.000464655994767979 -0.0012817924773653835 -0.00016395262723120643 0.9999983763823297 -0.0017604329179054814 -0.015050165828021043 -0.0004649443644697877 0.0017603561605423707 0.9999983877845265 0.0010598102198308794 0.0 0.0 0.0 1.0"/>
                <scale value="1"/>
            </transform>
        </animation>
    </shape>
    <shape name="temp4" type="ply">
        <string name="filename" value="meshes/Plane.ply"/>
        <boolean name="face_normals" value="true"/>
        <ref id="mat-Material.001" name="bsdf"/>
        <transform name="to_world">
            <scale value="1"/>
        </transform>
    </shape>
    <shape name="temp5" type="ply">
        <string name="filename" value="meshes/Cube_001.ply"/>
        <boolean name="face_normals" value="true"/>
        <ref id="mat-Material" name="bsdf"/>
        <animation name="to_world">
            <transform time="0">
                <matrix value="1.0 -7.483412351931385e-05 -8.144055532099885e-05 0.000593313260767836 7.496804231003126e-05 0.9999985399115188 0.0016461081527548802 -0.019517468624852874 8.131747239050613e-05 -0.0016461141830909239 0.9999985816280168 -0.00028496207148165364 0.0 0.0 0.0 1.0"/>
                <scale value="1"/>
            </transform>
            <transform time="0.0015">
                <matrix value="1.0 -6.500429766132699e-05 -8.20397277846138e-05 0.0005935434528282602 6.512264333244049e-05 0.9999984272743194 0.0014769656938112435 -0.01932546141678409 8.189927831552037e-05 -0.0014769704301577367 0.9999984709932319 -0.0002888777383712984 0.0 0.0 0.0 1.0"/>
                <scale value="1"/>
            </transform>
        </animation>
    </shape>
    <shape name="temp6" type="ply">
        <string name="filename" value="meshes/Cube_002.ply"/>
        <boolean name="face_normals" value="true"/>
        <ref id="mat-Material" name="bsdf"/>
        <animation name="to_world">
            <transform time="0">
                <matrix value="1.0 -2.2281367393721205e-05 -9.367543204792584e-05 -0.0005770981639896533 2.196051784754985e-05 0.9999941596460746 -0.003423949967401084 -0.01546011044599338 9.375127431842802e-05 0.0034239471197668866 0.9999943265120672 -0.0002850046391446037 0.0 0.0 0.0 1.0"/>
                <scale value="1"/>
            </transform>
            <transform time="0.0015">
                <matrix value="1.0 -2.3046008775938258e-05 -9.350212691265058e-05 -0.0005772674991817241 2.2735046885494197e-05 0.9999943623930334 -0.0033193893726590385 -0.015534029891818579 9.357605117966108e-05 0.003319386458178734 0.9999945307609007 -0.0002755561564719267 0.0 0.0 0.0 1.0"/>
                <scale value="1"/>
            </transform>
        </animation>
    </shape>
    <shape name="temp7" type="ply">
        <string name="filename" value="meshes/Cube_003.ply"/>
        <boolean name="face_normals" value="true"/>
        <ref id="mat-Material" name="bsdf"/>
        <animation name="to_world">
            <transform time="0">
                <matrix value="1.0 0.00039819324479634896 0.0005255777383680495 -0.0008449299569188717 -0.0003999276630374078 0.9999943682301434 0.0033045466859502218 -0.017704264010941106 -0.0005242612499047031 -0.0033047559253519335 0.9999945629073977 0.0013677374239610685 0.0 0.0 0.0 1.0"/>
                <scale value="1"/>
            </transform>
            <transform time="0.0015">
                <matrix value="1.0 0.0003877563645071527 0.0005256381619813108 -0.0008442522196174329 -0.0003894473694012924 0.9999945484496624 0.003221669232482536 -0.01770703508693062 -0.0005243651295726179 -0.0032218729685978094 0.9999947416251271 0.0013617577830403972 0.0 0.0 0.0 1.0"/>
                <scale value="1"/>
            </transform>
        </animation>
    </shape>
    <shape name="temp8" type="ply">
        <string name="filename" value="meshes/Cube_004.ply"/>
        <boolean name="face_normals" value="true"/>
        <ref id="mat-Material" name="bsdf"/>
        <animation name="to_world">
            <transform time="0">
                <matrix value="1.0 -0.00021604094922438014 0.00011707124151518061 -0.0006014369915403606 0.00021617670785263826 0.9999991656637249 -0.0011659041341288195 -0.018366701704555566 -0.00011681931893331347 0.0011659307125440374 0.9999992908140084 0.0005412134465111185 0.0 0.0 0.0 1.0"/>
                <scale value="1"/>
            </transform>
            <transform time="0.0015">
                <matrix value="1.0 -0.00019408150120909693 0.00011743860857344162 -0.0006020235482963258 0.00019420909416528655 0.9999991806820181 -0.0010984360637016713 -0.018310643939685893 -0.00011718570619214488 0.0010984599037740766 0.9999993078347446 0.0005435543020851148 0.0 0.0 0.0 1.0"/>
                <scale value="1"/>
            </transform>
        </animation>
    </shape>
    <shape name="temp9" type="ply">
        <string name="filename" value="meshes/Cube_005.ply"/>
        <boolean name="face_normals" value="true"/>
        <ref id="mat-Material" name="bsdf"/>
        <animation name="to_world">
            <transform time="0">
                <matrix value="1.0 0.00021789526159570984 0.0004691619927369899 -0.0003617482936451033 -0.00021894652206366007 0.9999974969911749 0.0022401672544242568 -0.016334770418814426 -0.00046867437197155456 -0.0022402700746522383 0.9999973996513641 0.0011030184230610973 0.0 0.0 0.0 1.0"/>
                <scale value="1"/>
            </transform>
            <transform time="0.0015">
                <matrix value="1.0 0.00020016939535439992 0.0004692997755959619 -0.0003604838491533054 -0.0002011544082752758 0.999997534536908 0.0020994602329850974 -0.016429246774908063 -0.0004688131973342057 -0.0020995546742747216 0.9999974422032045 0.0010990076612923322 0.0 0.0 0.0 1.0"/>
                <scale value="1"/>
            </transform>
        </animation>
    </shape>
    <shape name="temp10" type="ply">
        <string name="filename" value="meshes/Cube_006.ply"/>
        <boolean name="face_normals" value="true"/>
        <ref id="mat-Material" name="bsdf"/>
        <animation name="to_world">
            <transform time="0">
                <matrix value="1.0 0.00023965475164937854 -0.00020867939639761886 -0.00060337999302984 -0.0002397934850636583 0.9999997914159312 -0.0006656963426332832 -0.017636355900696954 0.0002085197162547183 0.0006657461156431794 0.9999997636046695 -0.0005656122829700294 0.0 0.0 0.0 1.0"/>
                <scale value="1"/>
            </transform>
            <transform time="0.0015">
                <matrix value="1.0 0.0002330593555341453 -0.0002088016478348723 -0.000601990328152085 -0.00023318643500244845 0.9999997839067846 -0.000610340228036215 -0.0176148204791366 0.0002086494940333898 0.0006103886867463719 0.9999997550943014 -0.0005621626166564731 0.0 0.0 0.0 1.0"/>
                <scale value="1"/>
            </transform>
        </animation>
    </shape>
    <shape name="temp11" type="ply">
        <string name="filename" value="meshes/Cube_007.ply"/>
        <boolean name="face_normals" value="true"/>
        <ref id="mat-Material" name="bsdf"/>
        <animation name="to_world">
            <transform time="0">
                <matrix value="1.0 0.000628355335476187 -1.624600905583232e-05 0.0004457555422137105 -0.0006283874708125675 0.9999977055752436 -0.002014239509129824 -0.018189526690703506 1.4980311226235624e-05 0.002014250463578093 0.9999981088373558 -6.946583831668462e-05 0.0 0.0 0.0 1.0"/>
                <scale value="1"/>
            </transform>
            <transform time="0.0015">
                <matrix value="1.0 0.0005920383240283232 -1.6242139391473175e-05 0.0004468516152921034 -0.0005920686496271773 0.9999977656484166 -0.0019030055092696236 -0.018168859031337255 1.5007276856160244e-05 0.0019030158977467748 0.9999981598995642 -6.533525992291244e-05 0.0 0.0 0.0 1.0"/>
                <scale value="1"/>
            </transform>
        </animation>
    </shape>
    <shape name="temp12" type="ply">
        <string name="filename" value="meshes/Cube_008.ply"/>
        <boolean name="face_normals" value="true"/>
        <ref id="mat-Material" name="bsdf"/>
        <animation name="to_world">
            <transform time="0">
                <matrix value="1.0 -0.0005461878132671983 9.213791681815669e-05 0.00011077724254882071 0.0005461352027473862 0.9999995828318625 0.0005720837917432784 -0.018279172694521784 -9.245036141886825e-05 -0.0005720334652279929 1.0 0.0003503102053719065 0.0 0.0 0.0 1.0"/>
                <scale value="1"/>
            </transform>
            <transform time="0.0015">
                <matrix value="0.9999999680861236 -0.0005756882466860803 9.22387646797267e-05 0.00011074717801527669 0.0005756320817843455 0.999999515249543 0.0006077412126913785 -0.018300862915420053 -9.261677632772905e-05 -0.0006076880197608708 0.9999999574481597 0.0003510499767101513 0.0 0.0 0.0 1.0"/>
                <scale value="1"/>
            </transform>
        </animation>
    </shape>
    <shape name="temp13" type="ply">
        <string name="filename" value="meshes/Cube_009.ply"/>
        <boolean name="face_normals" value="true"/>
        <ref id="mat-Material" name="bsdf"/>
        <animation name="to_world">
            <transform time="0">
                <matrix value="0.9999982270352306 -0.0018762387286383841 0.00029072370539279214 0.0006921999550084657 0.0018759385632248103 0.9999977055752436 0.0010225161824423514 -0.020126113308845894 -0.00029264157566924985 -0.0010219680741224348 0.9999995272093389 0.0004834669198847674 0.0 0.0 0.0 1.0"/>
                <scale value="1"/>
            </transform>
            <transform time="0.0015">
                <matrix value="0.9999982589491071 -0.0018567191525434958 0.00029106905612886905 0.0006912212840924017 0.0018564225894849397 0.9999977506301233 0.0010094428103319705 -0.020105753132029766 -0.0002929494967063854 -0.0010088999813477706 0.999999535719707 0.000483499697916836 0.0 0.0 0.0 1.0"/>
                <scale value="1"/>
            </transform>
        </animation>
    </shape>
    <shape name="temp14" type="ply">
        <string name="filename" value="meshes/Cube_010.ply"/>
        <boolean name="face_normals" value="true"/>
        <ref id="mat-Material" name="bsdf"/>
        <animation name="to_world">
            <transform time="0">
                <matrix value="0.9999991135176153 -0.0005368891354816101 0.0014046657819177428 0.0025993817828930954 0.0005365744902283047 0.9999997914159312 0.0002237727654613184 -0.01833459192582948 -0.0014047864729879954 -0.0002230180863246027 0.999999054418678 0.0023363180127609073 0.0 0.0 0.0 1.0"/>
                <scale value="1"/>
            </transform>
            <transform time="0.0015">
                <matrix value="0.9999991135176153 -0.0005357792085194238 0.0014066591654296032 0.00260390622803883 0.0005354640468964778 0.9999997914159312 0.00022390911006808746 -0.01833244539073796 -0.001406779654143025 -0.00022315497806752032 0.9999990544186781 0.0023397335554009653 0.0 0.0 0.0 1.0"/>
                <scale value="1"/>
            </transform>
        </animation>
    </shape>
    <shape name="temp15" type="ply">
        <string name="filename" value="meshes/Cube_011.ply"/>
        <boolean name="face_normals" value="true"/>
        <ref id="mat-Material" name="bsdf"/>
        <animation name="to_world">
            <transform time="0">
                <matrix value="1.0 -0.0002909226299113726 -0.0002875441881971594 -0.0005226540293872262 0.0002909514970028031 1.0 9.65384158959785e-05 -0.01806987573200186 0.00028751682100324984 -9.662198100633471e-05 1.0 -0.00041164985874209137 0.0 0.0 0.0 1.0"/>
                <scale value="1"/>
            </transform>
            <transform time="0.0015">
                <matrix value="0.9999999521291854 -0.000219310827145287 -0.00028771669335783657 -0.0005235052526402012 0.00021934620470812365 0.999999939926827 0.00011882998891440841 -0.017930826194156545 0.0002877340587603915 -0.00011889262307592362 0.9999999914896319 -0.00041197863631223724 0.0 0.0 0.0 1.0"/>
                <scale value="1"/>
            </transform>
        </animation>
    </shape>
    <shape name="temp16" type="ply">
        <string name="filename" value="meshes/Cube_012.ply"/>
        <boolean name="face_normals" value="true"/>
        <ref id="mat-Material" name="bsdf"/>
        <animation name="to_world">
            <transform time="0">
                <matrix value="1.0 -0.000671649044789257 -0.0001293515061455694 -0.0005045127185381304 0.0006715281360644083 0.9999993742477937 -0.0009369859879031781 -0.01984287801022694 0.00012998092289908108 0.0009368970616762233 0.9999995272093389 -0.0001780096066106296 0.0 0.0 0.0 1.0"/>
                <scale value="1"/>
            </transform>
            <transform time="0.0015">
                <matrix value="0.9999999521291854 -0.0007056893580728204 -0.00012931964332753412 -0.0005042591300664238 0.0007055639661825312 0.9999992841380343 -0.0009707936803523546 -0.019928550294395053 0.00013003560732641504 0.0009707003862923989 0.9999994846574987 -0.00017827784256280787 0.0 0.0 0.0 1.0"/>
                <scale value="1"/>
            </transform>
        </animation>
    </shape>
    <shape name="temp17" type="ply">
        <string name="filename" value="meshes/Cube_013.ply"/>
        <boolean name="face_normals" value="true"/>
        <ref id="mat-Material" name="bsdf"/>
        <animation name="to_world">
            <transform time="0">
                <matrix value="0.9999995567588077 -0.001131337044739197 5.4312772770662013e-05 -0.0003796001968860985 0.0011314928186062015 0.9999949939823496 -0.0029143052743107775 -0.022130015363362177 -5.1015731516399035e-05 0.002914374153930871 0.9999957448840504 -1.0670065921924987e-06 0.0 0.0 0.0 1.0"/>
                <scale value="1"/>
            </transform>
            <transform time="0.0015">
                <matrix value="0.9999995567588077 -0.00112692339362923 5.4380132333896334e-05 -0.00038046960567593126 0.0011270786507820416 0.9999950315280828 -0.0029027932994292785 -0.022113087951063592 -5.110754773900763e-05 0.002902861881244803 0.9999957789255227 1.2188702205520913e-06 0.0 0.0 0.0 1.0"/>
                <scale value="1"/>
            </transform>
        </animation>
    </shape>
    <shape name="temp18" type="ply">
        <string name="filename" value="meshes/Cube_014.ply"/>
        <boolean name="face_normals" value="true"/>
        <ref id="mat-Material" name="bsdf"/>
        <animation name="to_world">
            <transform time="0">
                <matrix value="1.0 0.0006411248521660413 -2.3679247468560602e-05 -0.00010382720218082842 -0.0006410508716781289 0.9999954111504872 0.002918891343723066 -0.014756594808401302 2.5550638533261704e-05 -0.002918864968931403 0.9999957448840504 -5.646580497620235e-07 0.0 0.0 0.0 1.0"/>
                <scale value="1"/>
            </transform>
            <transform time="0.0015">
                <matrix value="1.0 0.0006130970224728912 -2.3790018419294387e-05 -0.00010306566463422598 -0.0006130262116766777 0.9999955688425662 0.002794924897097168 -0.014883933418119513 2.559662962064483e-05 -0.002794899621191677 0.9999958980706756 -5.413327374429638e-06 0.0 0.0 0.0 1.0"/>
                <scale value="1"/>
            </transform>
        </animation>
    </shape>
    <shape name="temp19" type="ply">
        <string name="filename" value="meshes/Cube_015.ply"/>
        <boolean name="face_normals" value="true"/>
        <ref id="mat-Material" name="bsdf"/>
        <animation name="to_world">
            <transform time="0">
                <matrix value="1.0 -0.0002382447233445204 -3.496854287336633e-05 0.00051860612702892 0.00023824391385518777 1.0 -4.435272830942825e-05 -0.018036145328490016 3.4978999232306256e-05 4.434434726744441e-05 1.0 -8.418631919049346e-05 0.0 0.0 0.0 1.0"/>
                <scale value="1"/>
            </transform>
            <transform time="0.0015">
                <matrix value="1.0 -0.00023820312267223498 -3.5031545128151384e-05 0.0005182419087190337 0.00023820228220333068 1.0 -4.418040186648046e-05 -0.01803601404555951 3.504196211919694e-05 4.41720123524713e-05 1.0 -8.42167432819085e-05 0.0 0.0 0.0 1.0"/>
                <scale value="1"/>
            </transform>
        </animation>
    </shape>
    <shape name="temp20" type="ply">
        <string name="filename" value="meshes/Cube_016.ply"/>
        <boolean name="face_normals" value="true"/>
        <ref id="mat-Material" name="bsdf"/>
        <animation name="to_world">
            <transform time="0">
                <matrix value="1.0 -0.0006768240155353415 0.00033117567435313964 0.0005196971031238284 0.0006775207569850379 0.9999974969911749 -0.0021050980544191507 -0.018533496685400663 -0.00032975017153434144 0.0021053203538420142 0.9999978724420252 0.00046922244813915603 0.0 0.0 0.0 1.0"/>
                <scale value="1"/>
            </transform>
            <transform time="0.0015">
                <matrix value="1.0 -0.0006465604050178337 0.00033119720558434407 0.0005195897675824591 0.0006472096592176604 0.9999975195186147 -0.001961783115790158 -0.018490515966128097 -0.0003298119567991903 0.001961995449921913 0.9999978894627614 0.00047416136892605476 0.0 0.0 0.0 1.0"/>
                <scale value="1"/>
            </transform>
        </animation>
    </shape>
    <shape name="temp21" type="ply">
        <string name="filename" value="meshes/Cube_017.ply"/>
        <boolean name="face_normals" value="true"/>
        <ref id="mat-Material" name="bsdf"/>
        <animation name="to_world">
            <transform time="0">
                <matrix value="1.0 0.0008169007327558336 0.00011304070112963872 0.0004218607122382645 -0.0008171373001647084 0.9999974969911749 0.0020960062900069547 -0.01761776821085015 -0.00011132844704242882 -0.00209609885216187 0.9999978724420252 9.504057383663556e-05 0.0 0.0 0.0 1.0"/>
                <scale value="1"/>
            </transform>
            <transform time="0.0015">
                <matrix value="1.0 0.0007862398958911728 0.00011319833016693829 0.0004236546688387613 -0.0007864693701531151 0.9999975871009343 0.0020326759605329998 -0.017626439417897825 -0.00011154814216805884 -0.0020327650575403247 0.9999979490353378 9.224560527580164e-05 0.0 0.0 0.0 1.0"/>
                <scale value="1"/>
            </transform>
        </animation>
    </shape>
    <shape name="temp22" type="ply">
        <string name="filename" value="meshes/Cube_018.ply"/>
        <boolean name="face_normals" value="true"/>
        <ref id="mat-Material" name="bsdf"/>
        <animation name="to_world">
            <transform time="0">
                <matrix value="0.9999986702764229 -0.0018174868539890662 -0.00027493958917328295 0.0007139424064574462 0.0018172445645332582 0.9999979141593124 -0.0008742561229936538 -0.017785098897865337 0.0002765284286035952 0.0008737565782200687 0.9999995272093389 -0.00026841770115332286 0.0 0.0 0.0 1.0"/>
                <scale value="1"/>
            </transform>
            <transform time="0.0015">
                <matrix value="0.9999986383625464 -0.0018272867408794715 -0.00027463449247815336 0.0007131142629310461 0.001827042443748783 0.9999978841227259 -0.0008832441780181216 -0.01778395383130587 0.0002762506661797253 0.0008827424736166577 0.9999995272093389 -0.00026766037567644847 0.0 0.0 0.0 1.0"/>
                <scale value="1"/>
            </transform>
        </animation>
    </shape>
    <shape name="temp23" type="ply">
        <string name="filename" value="meshes/Cube_019.ply"/>
        <boolean name="face_normals" value="true"/>
        <ref id="mat-Material" name="bsdf"/>
        <animation name="to_world">
            <transform time="0">
                <matrix value="0.999978724422767 0.0024756592820953526 -0.00606945011136584 0.0036912674865263173 -0.0024469395968632706 0.999985816283324 0.004734856633323893 -0.017823501702569855 0.006081078565387827 -0.0047199007974168955 0.9999704505836837 -0.0010704673414747568 0.0 0.0 0.0 1.0"/>
                <scale value="1"/>
            </transform>
            <transform time="0.0015">
                <matrix value="0.9999788042074582 0.0024380466424893422 -0.006069493514242972 0.0036890070381346268 -0.002409392282916985 0.9999859364296699 0.004724019530629947 -0.01782201805616885 0.006080928889307175 -0.004709291950160911 0.9999705016458922 -0.0010700578025812113 0.0 0.0 0.0 1.0"/>
                <scale value="1"/>
            </transform>
        </animation>
    </shape>
    <shape name="temp24" type="ply">
        <string name="filename" value="meshes/Cube_020.ply"/>
        <boolean name="face_normals" value="true"/>
        <ref id="mat-Material" name="bsdf"/>
        <animation name="to_world">
            <transform time="0">
                <matrix value="0.9999831251810892 -0.0032331479059345045 0.004826767945245314 -0.00333343868228006 0.0031938446843285152 0.9999617799864886 0.00812715325902246 -0.015102781911166818 -0.004852855393857407 -0.008111605549282695 0.9999553212786889 -0.00023858524527087255 0.0 0.0 0.0 1.0"/>
                <scale value="1"/>
            </transform>
            <transform time="0.0015">
                <matrix value="0.9999826834463699 -0.003318164306380627 0.004838282473237686 -0.003335973520711085 0.003278429961270199 0.9999608282707909 0.008191860991636034 -0.015124989314907826 -0.004865417910589598 -0.008175835243010047 0.9999546830010745 -0.0002408655103938854 0.0 0.0 0.0 1.0"/>
                <scale value="1"/>
            </transform>
        </animation>
    </shape>
    <shape name="temp25" type="ply">
        <string name="filename" value="meshes/Cube_021.ply"/>
        <boolean name="face_normals" value="true"/>
        <ref id="mat-Material" name="bsdf"/>
        <animation name="to_world">
            <transform time="0">
                <matrix value="0.9993276031111986 0.02718257154955019 0.02461880070975334 -0.01541755457699101 -0.027390014130529213 0.9995918009774251 0.008127838812425505 -0.019928755071031812 -0.02438782185959183 -0.008796676421448282 0.9996638458399859 -0.011900434822781136 0.0 0.0 0.0 1.0"/>
                <scale value="1"/>
            </transform>
            <transform time="0.0015">
                <matrix value="0.9993206937569425 0.027396552942603136 0.024636771202959352 -0.015431981602023224 -0.027601648608809436 0.9995860714985526 0.00802481314766766 -0.01997126551116802 -0.02440731421706311 -0.008699491544038046 0.9996640926406598 -0.011915814161459063 0.0 0.0 0.0 1.0"/>
                <scale value="1"/>
            </transform>
        </animation>
    </shape>
    <shape name="temp26" type="ply">
        <string name="filename" value="meshes/Cube_022.ply"/>
        <boolean name="face_normals" value="true"/>
        <ref id="mat-Material" name="bsdf"/>
        <animation name="to_world">
            <transform time="0">
                <matrix value="0.9991387823632556 0.03822109076952921 0.016174050317218892 -0.007921368364672832 -0.03822518248239889 0.999269121423044 -5.606091623993369e-05 -0.022431786363999062 -0.016164368017843118 -0.000562242529040117 0.9998692733822168 -0.011813699851910386 0.0 0.0 0.0 1.0"/>
                <scale value="1"/>
            </transform>
            <transform time="0.0015">
                <matrix value="0.9991379206885909 0.038243394436825645 0.016174081805580734 -0.007922063084895983 -0.038247137474148096 0.9992682653803292 -7.780746826674613e-05 -0.0224398298530136 -0.0161652319264792 -0.0005408716854827931 0.9998692648718488 -0.011814473772769793 0.0 0.0 0.0 1.0"/>
                <scale value="1"/>
            </transform>
        </animation>
    </shape>
    <shape name="temp27" type="ply">
        <string name="filename" value="meshes/Cube_023.ply"/>
        <boolean name="face_normals" value="true"/>
        <ref id="mat-Material" name="bsdf"/>
        <animation name="to_world">
            <transform time="0">
                <matrix value="0.9994610187100972 0.03124512174009174 0.01010932811246366 -0.0027385721699412224 -0.031322742528283216 0.9994802085006351 0.0076123551546711 -0.020075733546494612 -0.009866225375735558 -0.007924901391881492 0.9999200983782807 -0.008862153259538874 0.0 0.0 0.0 1.0"/>
                <scale value="1"/>
            </transform>
            <transform time="0.0015">
                <matrix value="0.9994618006000707 0.031218956869602316 0.010110294890275843 -0.0027378534686381003 -0.03129722179911584 0.9994804563024737 0.0076769131047384285 -0.020060170802738166 -0.009865423060881064 -0.007989203641142867 0.9999195366939885 -0.00886197787507777 0.0 0.0 0.0 1.0"/>
                <scale value="1"/>
            </transform>
        </animation>
    </shape>
    <shape name="temp28" type="ply">
        <string name="filename" value="meshes/Cube_024.ply"/>
        <boolean name="face_normals" value="true"/>
        <ref id="mat-Material" name="bsdf"/>
        <animation name="to_world">
            <transform time="0">
                <matrix value="0.9994769753930219 0.03128798576622315 0.008219796596001798 -0.0010279751658659464 -0.03134782111494663 0.9994822943413229 0.007253625240591348 -0.020552657822124343 -0.007988593631155956 -0.007507499640192482 0.9999399555860453 -0.007806746354452082 0.0 0.0 0.0 1.0"/>
                <scale value="1"/>
            </transform>
            <transform time="0.0015">
                <matrix value="0.9994783796035867 0.031242010265115774 0.008219330227831837 -0.0010268960644451645 -0.031302834516825445 0.999482549652308 0.0073787191407784945 -0.020485600973663066 -0.00798470891454246 -0.007632159809269135 0.9999388322174608 -0.00780194921449778 0.0 0.0 0.0 1.0"/>
                <scale value="1"/>
            </transform>
        </animation>
    </shape>
    <shape name="temp29" type="ply">
        <string name="filename" value="meshes/Cube_025.ply"/>
        <boolean name="face_normals" value="true"/>
        <ref id="mat-Material" name="bsdf"/>
        <animation name="to_world">
            <transform time="0">
                <matrix value="0.9995461210190292 0.029824059337995885 0.004315822270425857 0.0010926811593294783 -0.029873237451398603 0.9994837544298042 0.011816717026751914 -0.017450061975111508 -0.003961184482303152 -0.011940284466952982 0.9999208075642723 -0.004695422682390926 0.0 0.0 0.0 1.0"/>
                <scale value="1"/>
            </transform>
            <transform time="0.0015">
                <matrix value="0.9995465518563615 0.029809264817321376 0.004317069039347376 0.0010935048355573515 -0.02985862727874994 0.9994836643200447 0.011858955685532024 -0.01741000387724721 -0.003961362402164481 -0.011982483317858332 0.9999202884318203 -0.004697697199866677 0.0 0.0 0.0 1.0"/>
                <scale value="1"/>
            </transform>
        </animation>
    </shape>
    <shape name="temp30" type="ply">
        <string name="filename" value="meshes/Cube_026.ply"/>
        <boolean name="face_normals" value="true"/>
        <ref id="mat-Material" name="bsdf"/>
        <animation name="to_world">
            <transform time="0">
                <matrix value="0.9995988667209195 0.025801891023167434 0.011699985012536045 0.007989887129663087 -0.026035743856233834 0.9994549698283145 0.020296524846804005 -0.005092283884024884 -0.011169917397571392 -0.02059298573493554 0.9997255450212543 -0.0146989129923919 0.0 0.0 0.0 1.0"/>
                <scale value="1"/>
            </transform>
            <transform time="0.0015">
                <matrix value="0.9995987709792901 0.025805617812635896 0.011700350958362839 0.007989424603241438 -0.02603938810178812 0.9994550374106341 0.020288478293798564 -0.005102874019963199 -0.011170416849738171 -0.020584993224545566 0.9997257067182476 -0.01470074381155049 0.0 0.0 0.0 1.0"/>
                <scale value="1"/>
            </transform>
        </animation>
    </shape>
    <shape name="temp31" type="ply">
        <string name="filename" value="meshes/Cube_027.ply"/>
        <boolean name="face_normals" value="true"/>
        <ref id="mat-Material" name="bsdf"/>
        <animation name="to_world">
            <transform time="0">
                <matrix value="0.9992970194689261 0.03360775348700417 0.016625210805536 0.01744090565515677 -0.03373087192634395 0.9994051182358794 0.007181193711316859 -0.028974799608389612 -0.016373976777707452 -0.0077369316866316385 0.9998361780359425 -0.024344216342519154 0.0 0.0 0.0 1.0"/>
                <scale value="1"/>
            </transform>
            <transform time="0.0015">
                <matrix value="0.9992964609760879 0.033621189603054775 0.016631402098303275 0.01744786461109505 -0.033744030336751926 0.9994048103608679 0.0071614241263019095 -0.029015137025661823 -0.016380734221911532 -0.00771760179158042 0.9998362035670466 -0.024354915047730154 0.0 0.0 0.0 1.0"/>
                <scale value="1"/>
            </transform>
        </animation>
    </shape>
    <shape name="temp32" type="ply">
        <string name="filename" value="meshes/Cube_028.ply"/>
        <boolean name="face_normals" value="true"/>
        <ref id="mat-Material" name="bsdf"/>
        <animation name="to_world">
            <transform time="0">
                <matrix value="0.9994051703198605 -0.01854739134334398 0.029074521736787037 0.03870630289438082 0.01713368774899074 0.9986936379773187 0.04814077436491212 0.10727325236320728 -0.02992942270494143 -0.047613965120572026 0.9984173332620995 -0.052365172155675044 0.0 0.0 0.0 1.0"/>
                <scale value="1"/>
            </transform>
            <transform time="0.0015">
                <matrix value="0.999404867138034 -0.01849578030278832 0.02911585829655226 0.038761392129234774 0.017081140753533453 0.9986960333950912 0.048108609428810525 0.10713910452319425 -0.029967742972975858 -0.047582685770318406 0.9984176481457179 -0.05242888439713159 0.0 0.0 0.0 1.0"/>
                <scale value="1"/>
            </transform>
        </animation>
    </shape>
    <shape name="temp33" type="ply">
        <string name="filename" value="meshes/Cube_029.ply"/>
        <boolean name="face_normals" value="true"/>
        <ref id="mat-Material" name="bsdf"/>
        <animation name="to_world">
            <transform time="0">
                <matrix value="0.9260323530611123 -0.37705470951539666 0.01715884962467513 -0.10508573056043424 0.3739597129215445 0.9226964496905655 0.09373141046219542 0.9180983213639424 -0.05117427889090416 -0.08038154197858677 0.9954496262826219 -0.11912541511796348 0.0 0.0 0.0 1.0"/>
                <scale value="1"/>
            </transform>
            <transform time="0.0015">
                <matrix value="0.9260998349529114 -0.37687979896313223 0.01731238772804586 -0.10382869818454263 0.3737674270287221 0.9227631008759817 0.09383472292635706 0.917887022208171 -0.05133943320164433 -0.08043043478315677 0.9954367756268439 -0.12001135017329512 0.0 0.0 0.0 1.0"/>
                <scale value="1"/>
            </transform>
        </animation>
    </shape>
    <shape name="temp34" type="ply">
        <string name="filename" value="meshes/Cube_030.ply"/>
        <boolean name="face_normals" value="true"/>
        <ref id="mat-Material" name="bsdf"/>
        <animation name="to_world">
            <transform time="0">
                <matrix value="0.9914829124772865 -0.13004250581917984 -0.0070749003935813475 -0.03395597997816546 0.12959987510409546 0.9905501124985223 -0.04487977443986752 0.26493249083068937 0.012844317551333183 0.043580624591465805 0.9989674907537709 0.00935386142640704 0.0 0.0 0.0 1.0"/>
                <scale value="1"/>
            </transform>
            <transform time="0.0015">
                <matrix value="0.991583331704012 -0.12919464525538588 -0.007146103237301868 -0.03347755772818733 0.12874605381163934 0.9906389038661244 -0.04513710815826099 0.2626436409266923 0.012905003265351241 0.04383949272276679 0.9989544281601792 0.008547505435502162 0.0 0.0 0.0 1.0"/>
                <scale value="1"/>
            </transform>
        </animation>
    </shape>
    <shape name="temp35" type="ply">
        <string name="filename" value="meshes/Cube_031.ply"/>
        <boolean name="face_normals" value="true"/>
        <ref id="mat-Material" name="bsdf"/>
        <animation name="to_world">
            <transform time="0">
                <matrix value="0.9997331688022026 0.004153557505584838 -0.022727850821308297 -0.013187658020683113 -0.003091039967944797 0.9989095224884914 0.04658668782247278 0.06497934547087575 0.022896559029975515 -0.04650398499863377 0.9986558561506046 -0.004780505177159444 0.0 0.0 0.0 1.0"/>
                <scale value="1"/>
            </transform>
            <transform time="0.0015">
                <matrix value="0.9997302167686289 0.004283064228074211 -0.022818992608100205 -0.013237587969054866 -0.0032053912170074686 0.9988868598839865 0.04700797997694073 0.06531210042746184 0.022996327552323285 -0.04692182245143467 0.998631533518675 -0.007568900084986857 0.0 0.0 0.0 1.0"/>
                <scale value="1"/>
