
<scene version="2.1.0">
    <default name="spp" value="1024"/>
    <default name="resx" value="640"/>
    <default name="resy" value="360"/>
    <integrator name="temp0" type="path">
        <integer name="max_depth" value="12"/>
    </integrator>
    <sensor name="temp44" type="perspective">
        <string name="fov_axis" value="x"/>
        <float name="fov" value="83.974423"/>
        <float name="principal_point_offset_x" value="0.000000"/>
        <float name="principal_point_offset_y" value="-0.000000"/>
        <float name="near_clip" value="0.100000"/>
        <float name="far_clip" value="1000.000000"/>
        <sampler name="sampler" type="correlated">
            <integer name="sample_count" value="1024"/>
        </sampler>
        <film name="film" type="hdrfilm">
            <integer name="width" value="$resx"/>
            <integer name="height" value="$resy"/>
        </film>
        <float name="shutter_open" value="0.0"/>
        <float name="shutter_close" value="0.0015"/>
        <animation name="to_world">
            <transform time="0">
                <rotate angle="-142.5518126578256" x="1"/>
                <rotate angle="3.976628485794621e-06" y="1"/>
                <rotate angle="-179.999991348578" z="1"/>
                <translate value="-0.000000 3.030926 4.073377"/>
            </transform>
            <transform time="0.0015">
                <rotate angle="-142.5518126578256" x="1"/>
                <rotate angle="3.976628485794621e-06" y="1"/>
                <rotate angle="-179.999991348578" z="1"/>
                <translate value="-0.000000 3.030926 4.073377"/>
                <translate x="0.15" y="0.0" z="0.0"/>
            </transform>
        </animation>
    </sensor>
    <bsdf id="mat-Material" name="mat-Material" type="twosided">
        <bsdf name="bsdf" type="diffuse">
            <texture name="reflectance" type="bitmap">
                <string name="filename" value="textures/siggraph_2023_logo.jpg"/>
            </texture>
        </bsdf>
    </bsdf>
    <bsdf id="mat-Material.001" name="mat-Material.001" type="twosided">
        <bsdf name="bsdf" type="principled">
            <rgb name="base_color" value="0.433648 0.266232 0.084399"/>
            <float name="spec_tint" value="0.000000"/>
            <float name="spec_trans" value="0.000000"/>
            <float name="metallic" value="0.000000"/>
            <float name="anisotropic" value="0.000000"/>
            <float name="roughness" value="0.500000"/>
            <float name="sheen" value="0.000000"/>
            <float name="sheen_tint" value="0.500000"/>
            <float name="clearcoat" value="0.000000"/>
            <float name="clearcoat_gloss" value="0.173205"/>
            <float name="specular" value="0.500000"/>
        </bsdf>
    </bsdf>
    <bsdf id="mat-Material.002" name="mat-Material.002" type="twosided">
        <bsdf name="bsdf" type="principled">
            <rgb name="base_color" value="0.433648 0.266232 0.084399"/>
            <float name="spec_tint" value="0.000000"/>
            <float name="spec_trans" value="0.000000"/>
            <float name="metallic" value="0.000000"/>
            <float name="anisotropic" value="0.000000"/>
            <float name="roughness" value="0.500000"/>
            <float name="sheen" value="0.000000"/>
            <float name="sheen_tint" value="0.500000"/>
            <float name="clearcoat" value="0.000000"/>
            <float name="clearcoat_gloss" value="0.173205"/>
            <float name="specular" value="0.500000"/>
        </bsdf>
    </bsdf>
    <bsdf id="mat-Material.003" name="mat-Material.003" type="twosided">
        <bsdf name="bsdf" type="principled">
            <rgb name="base_color" value="0.433648 0.266232 0.084399"/>
            <float name="spec_tint" value="0.000000"/>
            <float name="spec_trans" value="0.000000"/>
            <float name="metallic" value="0.000000"/>
            <float name="anisotropic" value="0.000000"/>
            <float name="roughness" value="0.500000"/>
            <float name="sheen" value="0.000000"/>
            <float name="sheen_tint" value="0.500000"/>
            <float name="clearcoat" value="0.000000"/>
            <float name="clearcoat_gloss" value="0.173205"/>
            <float name="specular" value="0.500000"/>
        </bsdf>
    </bsdf>
    <bsdf id="mat-Material.004" name="mat-Material.004" type="twosided">
        <bsdf name="bsdf" type="principled">
            <rgb name="base_color" value="0.433648 0.266232 0.084399"/>
            <float name="spec_tint" value="0.000000"/>
            <float name="spec_trans" value="0.000000"/>
            <float name="metallic" value="0.000000"/>
            <float name="anisotropic" value="0.000000"/>
            <float name="roughness" value="0.500000"/>
            <float name="sheen" value="0.000000"/>
            <float name="sheen_tint" value="0.500000"/>
            <float name="clearcoat" value="0.000000"/>
            <float name="clearcoat_gloss" value="0.173205"/>
            <float name="specular" value="0.500000"/>
        </bsdf>
    </bsdf>
    <bsdf id="mat-Material.005" name="mat-Material.005" type="twosided">
        <bsdf name="bsdf" type="principled">
            <rgb name="base_color" value="0.433648 0.266232 0.084399"/>
            <float name="spec_tint" value="0.000000"/>
            <float name="spec_trans" value="0.000000"/>
            <float name="metallic" value="0.000000"/>
            <float name="anisotropic" value="0.000000"/>
            <float name="roughness" value="0.500000"/>
            <float name="sheen" value="0.000000"/>
            <float name="sheen_tint" value="0.500000"/>
            <float name="clearcoat" value="0.000000"/>
            <float name="clearcoat_gloss" value="0.173205"/>
            <float name="specular" value="0.500000"/>
        </bsdf>
    </bsdf>
    <emitter name="temp45" type="point">
        <point name="position" x="-6.815235034541981e-16" y="3.0693089962005615" z="4.109199523925781"/>
        <rgb name="intensity" value="7.957747 7.957747 7.957747"/>
    </emitter>
    <shape name="temp2" type="ply">
        <string name="filename" value="meshes/Cube.ply"/>
        <boolean name="face_normals" value="true"/>
        <ref id="mat-Material" name="bsdf"/>
        <animation name="to_world">
            <transform time="0">
                <matrix value="0.9999995567588077 0.00027117806196198346 0.0008822864723717686 -0.0016536621050668998 -0.00027069360154744366 0.9999997914159312 -0.000549926457412672 -0.016453758660794182 -0.000882435592622339 0.0005496857681004041 0.9999995272093389 0.0020535848137661628 0.0 0.0 0.0 1.0"/>
                <scale value="1"/>
            </transform>
            <transform time="0.0015">
                <matrix value="0.9999995567588077 0.0002696953058700188 0.000882583824631959 -0.0016537605680298465 -0.00026916771932864863 0.9999997313427582 -0.0005981563302068482 -0.016392959654811093 -0.0008827430828221422 0.0005979170168530078 0.9999994676367625 0.00205406028419733 0.0 0.0 0.0 1.0"/>
                <scale value="1"/>
            </transform>
        </animation>
    </shape>
    <shape name="temp4" type="ply">
        <string name="filename" value="meshes/Plane.ply"/>
        <boolean name="face_normals" value="true"/>
        <ref id="mat-Material.001" name="bsdf"/>
        <transform name="to_world">
            <scale value="1"/>
        </transform>
    </shape>
    <shape name="temp5" type="ply">
        <string name="filename" value="meshes/Cube_001.ply"/>
        <boolean name="face_normals" value="true"/>
        <ref id="mat-Material" name="bsdf"/>
        <animation name="to_world">
            <transform time="0">
                <matrix value="1.0 7.859447711102721e-05 -0.0006380262691947099 0.0011926010922955754 -7.935435714956909e-05 0.9999991656637249 -0.001191439557732704 -0.016354212847035476 0.0006379304536839549 0.001191488518489935 0.9999992908140084 -0.0012227100383536138 0.0 0.0 0.0 1.0"/>
                <scale value="1"/>
            </transform>
            <transform time="0.0015">
                <matrix value="1.0 7.053227433125425e-05 -0.000638529997880476 0.0011957981026491891 -7.1182968648416e-05 0.9999989779350593 -0.0010229969914587315 -0.016537291850545748 0.0006384192147021163 0.0010230404879912687 0.999999095075543 -0.0012205789376287099 0.0 0.0 0.0 1.0"/>
                <scale value="1"/>
            </transform>
        </animation>
    </shape>
    <shape name="temp6" type="ply">
        <string name="filename" value="meshes/Cube_002.ply"/>
        <boolean name="face_normals" value="true"/>
        <ref id="mat-Material" name="bsdf"/>
        <animation name="to_world">
            <transform time="0">
                <matrix value="1.0 -4.74046927243791e-05 0.00020604618881084165 -0.0008008122652998217 4.805488035147254e-05 0.9999949939823496 -0.0031563740927738203 -0.015738091419345346 -0.0002058952851547887 0.003156392163079368 0.9999950356980589 6.312003206521144e-05 0.0 0.0 0.0 1.0"/>
                <scale value="1"/>
            </transform>
            <transform time="0.0015">
                <matrix value="1.0 -4.8538093278905496e-05 0.000206527935215896 -0.0008001732440066059 4.918664215278244e-05 0.9999950390372294 -0.00314197540104468 -0.015749680103664555 -0.00020637461562245286 0.0031419933744318332 0.9999950782498993 7.119794972946585e-05 0.0 0.0 0.0 1.0"/>
                <scale value="1"/>
            </transform>
        </animation>
    </shape>
    <shape name="temp7" type="ply">
        <string name="filename" value="meshes/Cube_003.ply"/>
        <boolean name="face_normals" value="true"/>
        <ref id="mat-Material" name="bsdf"/>
        <animation name="to_world">
            <transform time="0">
                <matrix value="1.0 0.0006022572967921856 0.0005905675426374437 -0.0008764592279923988 -0.0006049621737966445 0.9999891536284242 0.004587416865672136 -0.017554440243832514 -0.0005877998748286873 -0.004587777390738451 0.999989362210126 0.0016431614873662626 0.0 0.0 0.0 1.0"/>
                <scale value="1"/>
            </transform>
            <transform time="0.0015">
                <matrix value="1.0 0.0005981461891996159 0.0005906382637960638 -0.000875758738301714 -0.0006008339543056697 0.9999892812839168 0.004558012692970822 -0.01755639545730972 -0.0005879037544966021 -0.0045583702209206125 0.999989481355279 0.0016383837240084398 0.0 0.0 0.0 1.0"/>
                <scale value="1"/>
            </transform>
        </animation>
    </shape>
    <shape name="temp8" type="ply">
        <string name="filename" value="meshes/Cube_004.ply"/>
        <boolean name="face_normals" value="true"/>
        <ref id="mat-Material" name="bsdf"/>
        <animation name="to_world">
            <transform time="0">
                <matrix value="1.0 -0.0003261107623121962 0.00041299919010959755 -0.0005021147938237824 0.00032684472551845924 0.99999833132745 -0.0017805130818811961 -0.018633980572222875 -0.0004124173133555663 0.001780646735763616 0.9999983452326863 0.001366625574356052 0.0 0.0 0.0 1.0"/>
                <scale value="1"/>
            </transform>
            <transform time="0.0015">
                <matrix value="1.0 -0.0003014016149868976 0.0004133040314936852 -0.0005032248184820625 0.00030210430658775505 0.9999983838914763 -0.00170485454812463 -0.018570879613286174 -0.0004127388935318317 0.0017049778912606383 0.9999984048052627 0.001370211198992639 0.0 0.0 0.0 1.0"/>
                <scale value="1"/>
            </transform>
        </animation>
    </shape>
    <shape name="temp9" type="ply">
        <string name="filename" value="meshes/Cube_005.ply"/>
        <boolean name="face_normals" value="true"/>
        <ref id="mat-Material" name="bsdf"/>
        <animation name="to_world">
            <transform time="0">
                <matrix value="1.0 -0.00012736539548582359 0.0005480849377878409 -0.00043525315427617173 0.00012783386256331702 0.9999995828318625 -0.0008546660419526066 -0.01836685069058752 -0.0005479746536956564 0.0008547357969892976 0.9999995272093389 0.0011444934936396534 0.0 0.0 0.0 1.0"/>
                <scale value="1"/>
            </transform>
            <transform time="0.0015">
                <matrix value="1.0 -0.00014341853173478086 0.0005482720807815898 -0.00043652058991206264 0.00014395217331546068 0.9999992824659977 -0.000972648593480975 -0.018444911950195403 -0.0005480802886267773 0.0009727270929510211 0.9999992293464567 0.0011439078474728393 0.0 0.0 0.0 1.0"/>
                <scale value="1"/>
            </transform>
        </animation>
    </shape>
    <shape name="temp10" type="ply">
        <string name="filename" value="meshes/Cube_006.ply"/>
        <boolean name="face_normals" value="true"/>
        <ref id="mat-Material" name="bsdf"/>
        <animation name="to_world">
            <transform time="0">
                <matrix value="1.0 0.00023070649509931732 -0.0005597179520032377 -0.0008114074896363732 -0.00023096013134123013 0.9999997914159312 -0.00045495936127872856 -0.017510977562751773 0.0005596141674068794 0.00045508872123364966 0.9999997636046695 -0.0014592663061283595 0.0 0.0 0.0 1.0"/>
                <scale value="1"/>
            </transform>
            <transform time="0.0015">
                <matrix value="1.0 0.00023017890245766108 -0.0005600688344785568 -0.0008113557439748887 -0.00023042238252268484 0.9999997989250778 -0.0004367787555955597 -0.01749959130981562 0.0005599692092826252 0.0004369078908168107 0.9999997721150375 -0.0014545378347890349 0.0 0.0 0.0 1.0"/>
                <scale value="1"/>
            </transform>
        </animation>
    </shape>
    <shape name="temp11" type="ply">
        <string name="filename" value="meshes/Cube_007.ply"/>
        <boolean name="face_normals" value="true"/>
        <ref id="mat-Material" name="bsdf"/>
        <animation name="to_world">
            <transform time="0">
                <matrix value="0.9999995567588077 0.0012229763695108496 -3.630086695623518e-05 0.0003702668145719734 -0.0012231107730658285 0.9999914480531806 -0.003959030798056452 -0.01862101293793328 3.1458644710270965e-05 0.003959073719867424 0.9999921989540925 -0.00026872341670491906 0.0 0.0 0.0 1.0"/>
                <scale value="1"/>
            </transform>
            <transform time="0.0015">
                <matrix value="0.9999995408018695 0.0012347186473579473 -3.643372231209759e-05 0.00037063250744591436 -0.001234854760468587 0.9999912603245151 -0.003997372559299608 -0.01863093819020887 3.148560874450176e-05 0.003997415722884822 0.9999920287467312 -0.0002680283080604403 0.0 0.0 0.0 1.0"/>
                <scale value="1"/>
            </transform>
        </animation>
    </shape>
    <shape name="temp12" type="ply">
        <string name="filename" value="meshes/Cube_008.ply"/>
        <boolean name="face_normals" value="true"/>
        <ref id="mat-Material" name="bsdf"/>
        <animation name="to_world">
            <transform time="0">
                <matrix value="1.0 0.0008104012531730852 0.0001429392733491214 0.0002492564748073356 -0.0008102404672116761 0.9999989570796561 -0.0011328584308739867 -0.01733473176153294 -0.00014385703166692375 0.0011327429013626798 0.9999995272093389 0.00037994854698886193 0.0 0.0 0.0 1.0"/>
                <scale value="1"/>
            </transform>
            <transform time="0.0015">
                <matrix value="1.0 0.00075110467614135 0.0001430247940378064 0.0002515575920345163 -0.0007509545375986604 0.9999989645888028 -0.0010589332888848958 -0.017375483272388907 -0.0001439372312384967 0.0010588263162239276 0.9999995272093389 0.00038237422302398973 0.0 0.0 0.0 1.0"/>
                <scale value="1"/>
            </transform>
        </animation>
    </shape>
    <shape name="temp13" type="ply">
        <string name="filename" value="meshes/Cube_009.ply"/>
        <boolean name="face_normals" value="true"/>
        <ref id="mat-Material" name="bsdf"/>
        <animation name="to_world">
            <transform time="0">
                <matrix value="0.9999991135176153 -0.0014253342038241805 0.0004530776544477072 0.0009989507459042812 0.0014249849741235791 0.9999987484955875 0.000770639321715606 -0.019588852620142427 -0.0004541759525696465 -0.0007699943473717365 0.9999995272093389 0.0007545690749053424 0.0 0.0 0.0 1.0"/>
                <scale value="1"/>
            </transform>
            <transform time="0.0015">
                <matrix value="0.9999991454314917 -0.0013613852599113675 0.00045373891004635617 0.0009986790843844765 0.0013610494001488587 0.9999987935504672 0.0007411011022069008 -0.019501776559353454 -0.0004547982731608414 -0.0007404853009616791 0.9999995442300751 0.0007541799792174342 0.0 0.0 0.0 1.0"/>
                <scale value="1"/>
            </transform>
        </animation>
    </shape>
    <shape name="temp14" type="ply">
        <string name="filename" value="meshes/Cube_010.ply"/>
        <boolean name="face_normals" value="true"/>
        <ref id="mat-Material" name="bsdf"/>
        <animation name="to_world">
            <transform time="0">
                <matrix value="0.9999960108292688 -0.0005107452083024804 0.0028583977786403583 0.005408547712719258 0.0005101661799878375 0.9999997914159312 0.00020348650017185942 -0.018338459444754207 -0.002858511206023825 -0.00020202722856433672 0.999995981279381 0.004748041585673102 0.0 0.0 0.0 1.0"/>
                <scale value="1"/>
            </transform>
            <transform time="0.0015">
                <matrix value="0.9999959948723306 -0.0005122932939700557 0.0028608147231708124 0.005415287600762097 0.0005117143221354714 0.9999997914159312 0.00020327897484659487 -0.018341541320677838 -0.002860928363027779 -0.00020181393876368768 0.999995972769013 0.004751869932449431 0.0 0.0 0.0 1.0"/>
                <scale value="1"/>
            </transform>
        </animation>
    </shape>
    <shape name="temp15" type="ply">
        <string name="filename" value="meshes/Cube_011.ply"/>
        <boolean name="face_normals" value="true"/>
        <ref id="mat-Material" name="bsdf"/>
        <animation name="to_world">
            <transform time="0">
                <matrix value="0.9999986702764229 0.0016256207983346648 -0.0005080324769360896 -0.0010253197725265117 -0.001625250209653084 0.99999833132745 0.0007314638875401221 -0.014274957859733595 0.0005092220762481229 -0.0007306387052769684 0.9999995272093389 -0.0007604730228218948 0.0 0.0 0.0 1.0"/>
                <scale value="1"/>
            </transform>
            <transform time="0.0015">
                <matrix value="0.9999987181472376 0.0015479777240933177 -0.0005082269388463744 -0.0010215637036893562 -0.0015476200242748501 0.9999983838914763 0.0007060864550613303 -0.014427761541523965 0.0005093731884532155 -0.0007053008020867231 0.9999995442300751 -0.000762227475234826 0.0 0.0 0.0 1.0"/>
                <scale value="1"/>
            </transform>
        </animation>
    </shape>
    <shape name="temp16" type="ply">
        <string name="filename" value="meshes/Cube_012.ply"/>
        <boolean name="face_normals" value="true"/>
        <ref id="mat-Material" name="bsdf"/>
        <animation name="to_world">
            <transform time="0">
                <matrix value="0.9999964540704612 0.0026691564651675037 -0.0001569421507530846 -0.0005776879106296207 -0.0026687685164008107 0.9999935338938684 0.002422413870543298 -0.011204536248021868 0.00016340707093809341 -0.002421994772883237 0.9999971632560337 -0.0001184978142323434 0.0 0.0 0.0 1.0"/>
                <scale value="1"/>
            </transform>
            <transform time="0.0015">
                <matrix value="0.9999964381135229 0.0026771969590043926 -0.00015695598861155825 -0.0005767779643918114 -0.002676807781453372 0.9999934888389886 0.002429807678318153 -0.011184835222087934 0.00016346175536542738 -0.002429386551543458 0.9999971462352977 -0.00011952602327373313 0.0 0.0 0.0 1.0"/>
                <scale value="1"/>
            </transform>
        </animation>
    </shape>
    <shape name="temp17" type="ply">
        <string name="filename" value="meshes/Cube_013.ply"/>
        <boolean name="face_normals" value="true"/>
        <ref id="mat-Material" name="bsdf"/>
        <animation name="to_world">
            <transform time="0">
                <matrix value="0.9999982270352306 0.0018876816506508867 0.0002246103141173873 -0.0002369704541489437 -0.0018885753696188303 0.9999899879646993 0.004045858802960237 -0.01118400826521393 -0.00021697055282814476 -0.004046284804859175 0.999991962558762 0.00015301089894381725 0.0 0.0 0.0 1.0"/>
                <scale value="1"/>
            </transform>
            <transform time="0.0015">
                <matrix value="0.9999982908629835 0.001849266658728324 0.00022452188288282407 -0.00023557483473917644 -0.0018501422860310777 0.9999902808214175 0.003964151014479402 -0.011315681899258086 -0.00021710467089401637 -0.0039645682438498335 0.9999922008490678 0.0001496104905486942 0.0 0.0 0.0 1.0"/>
                <scale value="1"/>
            </transform>
        </animation>
    </shape>
    <shape name="temp18" type="ply">
        <string name="filename" value="meshes/Cube_014.ply"/>
        <boolean name="face_normals" value="true"/>
        <ref id="mat-Material" name="bsdf"/>
        <animation name="to_world">
            <transform time="0">
                <matrix value="0.9999995567588077 -0.0009427415872830465 -4.9095055035196896e-05 -0.00018528902683767612 0.0009424947741863422 0.9999876935399428 -0.004838917857823338 -0.022346319867131648 5.36561192992534e-05 0.00483885837767483 0.9999884166288039 -0.0002544290030361829 0.0 0.0 0.0 1.0"/>
                <scale value="1"/>
            </transform>
            <transform time="0.0015">
                <matrix value="0.9999995567588077 -0.0009410448956038232 -4.915713817023093e-05 -0.00018604705588463086 0.0009407982325131157 0.9999877385948226 -0.004830112179986503 -0.022338017243641303 5.370212315218711e-05 0.004830053002163033 0.9999884591806443 -0.00025119316789006663 0.0 0.0 0.0 1.0"/>
                <scale value="1"/>
            </transform>
        </animation>
    </shape>
    <shape name="temp19" type="ply">
        <string name="filename" value="meshes/Cube_015.ply"/>
        <boolean name="face_normals" value="true"/>
        <ref id="mat-Material" name="bsdf"/>
        <animation name="to_world">
            <transform time="0">
                <matrix value="1.0 -0.00021281415368057022 -7.342580803469906e-05 0.0002915488524340981 0.00021280275589643757 1.0 -0.00014126393964165307 -0.018053492711505192 7.34557033617185e-05 0.00014124833393475074 1.0 -0.00020047152379748523 0.0 0.0 0.0 1.0"/>
                <scale value="1"/>
            </transform>
            <transform time="0.0015">
                <matrix value="1.0 -0.00021277247791681858 -7.348889539316475e-05 0.0002911737557636066 0.00021276112424458045 1.0 -0.0001407086381254131 -0.018053171900399793 7.351866943999683e-05 0.00014069302503291303 1.0 -0.00020031030272070385 0.0 0.0 0.0 1.0"/>
                <scale value="1"/>
            </transform>
        </animation>
    </shape>
    <shape name="temp20" type="ply">
        <string name="filename" value="meshes/Cube_016.ply"/>
        <boolean name="face_normals" value="true"/>
        <ref id="mat-Material" name="bsdf"/>
        <animation name="to_world">
            <transform time="0">
                <matrix value="1.0 0.0005111290029890097 0.0003693606120937014 0.000623949960286363 -0.0005124666017761561 0.9999933253097996 0.003630512207218473 -0.016743194555732033 -0.00036750235361073143 -0.0036307019062498044 0.9999933809307451 0.0007140065010146079 0.0 0.0 0.0 1.0"/>
                <scale value="1"/>
            </transform>
            <transform time="0.0015">
                <matrix value="0.9999999840430618 0.0005233445823476871 0.00036951992618387787 0.0006244175159232444 -0.0005247057329723705 0.9999930324530812 0.0036929034175764573 -0.016722113462280978 -0.0003675641229186421 -0.0036930978084582715 0.999993100088599 0.0007133669097106989 0.0 0.0 0.0 1.0"/>
                <scale value="1"/>
            </transform>
        </animation>
    </shape>
    <shape name="temp21" type="ply">
        <string name="filename" value="meshes/Cube_017.ply"/>
        <boolean name="face_normals" value="true"/>
        <ref id="mat-Material" name="bsdf"/>
        <animation name="to_world">
            <transform time="0">
                <matrix value="1.0 -0.000289675297180152 0.00038422751443075294 0.00035185132488813053 0.0002896816109867081 1.0 -1.5368911460965692e-05 -0.017978960792140508 -0.00038422407083348845 1.5480212672316516e-05 1.0 0.00016351490424049153 0.0 0.0 0.0 1.0"/>
                <scale value="1"/>
            </transform>
            <transform time="0.0015">
                <matrix value="1.0 -0.0002969635997999231 0.0003858031239743034 0.00035179321979962873 0.0002969777135548147 0.9999999924908534 -3.340966966986997e-05 -0.017980507438456143 -0.00038579069111559943 3.352449901972641e-05 0.9999999914896319 0.00016397274805048277 0.0 0.0 0.0 1.0"/>
                <scale value="1"/>
            </transform>
        </animation>
    </shape>
    <shape name="temp22" type="ply">
        <string name="filename" value="meshes/Cube_018.ply"/>
        <boolean name="face_normals" value="true"/>
        <ref id="mat-Material" name="bsdf"/>
        <animation name="to_world">
            <transform time="0">
                <matrix value="0.9999982270352306 -0.0020642689232681787 -9.886761908769368e-05 0.0006527161889106625 0.0020641653679699733 0.9999972884071061 -0.0010615332317463798 -0.017826402128461205 0.00010105854861558045 0.0010613278878985782 0.9999995272093389 -0.00016063412399791588 0.0 0.0 0.0 1.0"/>
                <scale value="1"/>
            </transform>
            <transform time="0.0015">
                <matrix value="0.9999982429921689 -0.0020509121788973676 -9.856043735238822e-05 0.0006511405856251925 0.002050810048944167 0.9999973259528392 -0.0010490263097344041 -0.01782658137177899 0.00010071601697941152 0.0010488228309376256 0.999999535719707 -0.00015902013368776112 0.0 0.0 0.0 1.0"/>
                <scale value="1"/>
            </transform>
        </animation>
    </shape>
    <shape name="temp23" type="ply">
        <string name="filename" value="meshes/Cube_019.ply"/>
        <boolean name="face_normals" value="true"/>
        <ref id="mat-Material" name="bsdf"/>
        <animation name="to_world">
            <transform time="0">
                <matrix value="0.9999024869376821 0.0126672979811148 -0.0058777098587727014 0.003139501163317626 -0.012617800211691994 0.9998852787621788 0.008383547641460147 -0.018337065645724793 0.005983224207351775 -0.008308556327084849 0.9999477566319528 -0.0008425553774432659 0.0 0.0 0.0 1.0"/>
                <scale value="1"/>
            </transform>
            <transform time="0.0015">
                <matrix value="0.9999034124400998 0.012587945750010838 -0.005878548130027102 0.0031440809699833498 -0.012538651564071244 0.999886465207345 0.008348593006706853 -0.01833095731629994 0.005983038468590711 -0.008274068769028484 0.9999480204533628 -0.0008445419343858442 0.0 0.0 0.0 1.0"/>
                <scale value="1"/>
            </transform>
        </animation>
    </shape>
    <shape name="temp24" type="ply">
        <string name="filename" value="meshes/Cube_020.ply"/>
        <boolean name="face_normals" value="true"/>
        <ref id="mat-Material" name="bsdf"/>
        <animation name="to_world">
            <transform time="0">
                <matrix value="0.999952451297842 -0.004345264914371652 0.008700223633635616 -0.006874336234701961 0.004269862731586418 0.9999532915055894 0.008666914718091178 -0.015351404113966738 -0.008737469804461183 -0.008629365144090627 0.9999245898825885 -0.0008441415309923261 0.0 0.0 0.0 1.0"/>
                <scale value="1"/>
            </transform>
            <transform time="0.0015">
                <matrix value="0.9999527628028615 -0.004144002068842016 0.008701292535862912 -0.006877137648173603 0.004068838699268406 0.9999538283465507 0.008638411793205635 -0.015360903946175961 -0.008736834679499962 -0.008602616316743304 0.9999248196625266 -0.0008430358545546208 0.0 0.0 0.0 1.0"/>
                <scale value="1"/>
            </transform>
        </animation>
    </shape>
    <shape name="temp25" type="ply">
        <string name="filename" value="meshes/Cube_021.ply"/>
        <boolean name="face_normals" value="true"/>
        <ref id="mat-Material" name="bsdf"/>
        <animation name="to_world">
            <transform time="0">
                <matrix value="0.9993448895177004 0.024186469985795427 0.026920842077990604 -0.016344112636647534 -0.024454791171344636 0.9996539590299173 0.009682492703658124 -0.01936603129689951 -0.026677339914578557 -0.010334491670195215 0.9995907996828521 -0.01336869379490846 0.0 0.0 0.0 1.0"/>
                <scale value="1"/>
            </transform>
            <transform time="0.0015">
                <matrix value="0.9993463096852034 0.024125317748450482 0.026921455675528092 -0.01634393159989955 -0.024394473466105297 0.9996550628744707 0.009714218504767565 -0.019355316862711625 -0.026677862185167014 -0.010364601996502729 0.9995904592681296 -0.013368890644955903 0.0 0.0 0.0 1.0"/>
                <scale value="1"/>
            </transform>
        </animation>
    </shape>
    <shape name="temp26" type="ply">
        <string name="filename" value="meshes/Cube_022.ply"/>
        <boolean name="face_normals" value="true"/>
        <ref id="mat-Material" name="bsdf"/>
        <animation name="to_world">
            <transform time="0">
                <matrix value="0.9994087162493994 0.030356491031927963 0.016164854538861264 -0.007587612084684836 -0.030490579351697703 0.9995021098278556 0.008114056964655588 -0.02008513172668913 -0.015910506057334135 -0.008602127974669551 0.9998366508266034 -0.011588078269495206 0.0 0.0 0.0 1.0"/>
                <scale value="1"/>
            </transform>
            <transform time="0.0015">
                <matrix value="0.9994066418474288 0.030422112713342275 0.016165434945963297 -0.007590323654654013 -0.030555002138867575 0.9995006230168245 0.00803817426780419 -0.02010581531267911 -0.01591297060644465 -0.008527338301053069 0.9998371699590555 -0.011591300401470755 0.0 0.0 0.0 1.0"/>
                <scale value="1"/>
            </transform>
        </animation>
    </shape>
    <shape name="temp27" type="ply">
        <string name="filename" value="meshes/Cube_023.ply"/>
        <boolean name="face_normals" value="true"/>
        <ref id="mat-Material" name="bsdf"/>
        <animation name="to_world">
            <transform time="0">
                <matrix value="0.9994916023523697 0.030280190979573365 0.010001390004543517 -0.002705474249586115 -0.03037937456894794 0.9994891776155921 0.009919242627184233 -0.019493021158283663 -0.00969593210963305 -0.010218026669559033 0.9999009503565078 -0.008679958166946139 0.0 0.0 0.0 1.0"/>
                <scale value="1"/>
            </transform>
            <transform time="0.0015">
                <matrix value="0.9994915544815549 0.030282041984215666 0.010000946614367331 -0.002706285104807751 -0.030381189830241642 0.9994891550881522 0.009915973794810474 -0.01949436952189876 -0.009695569727565715 -0.010214763945351809 0.9999009843979801 -0.008681093356941161 0.0 0.0 0.0 1.0"/>
                <scale value="1"/>
            </transform>
        </animation>
    </shape>
    <shape name="temp28" type="ply">
        <string name="filename" value="meshes/Cube_024.ply"/>
        <boolean name="face_normals" value="true"/>
        <ref id="mat-Material" name="bsdf"/>
        <animation name="to_world">
            <transform time="0">
                <matrix value="0.9995434615718751 0.02908387791157287 0.008228661420896686 -0.001278858086755541 -0.029189271967476733 0.9994893861996609 0.012991270866024838 -0.017194068096693937 -0.007846627909656807 -0.013225512751787044 0.9998818023347348 -0.007810598349601849 0.0 0.0 0.0 1.0"/>
                <scale value="1"/>
            </transform>
            <transform time="0.0015">
                <matrix value="0.999542169059878 0.029127916803766456 0.008226675100990318 -0.0012811889176681291 -0.02923234149903827 0.9994894688002737 0.012871112128278572 -0.017266785060497173 -0.007847712662318073 -0.013105691176427693 0.9998831810143612 -0.007813219744508649 0.0 0.0 0.0 1.0"/>
                <scale value="1"/>
            </transform>
        </animation>
    </shape>
    <shape name="temp29" type="ply">
        <string name="filename" value="meshes/Cube_025.ply"/>
        <boolean name="face_normals" value="true"/>
        <ref id="mat-Material" name="bsdf"/>
        <animation name="to_world">
            <transform time="0">
                <matrix value="0.9995540993604916 0.02955296262382072 0.004268850518249483 0.001086844995121794 -0.02960462442400807 0.9994822943413229 0.012592306466688824 -0.016714809345711235 -0.0038945077097373 -0.01271307801252756 0.9999115881463817 -0.004805745857602239 0.0 0.0 0.0 1.0"/>
                <scale value="1"/>
            </transform>
            <transform time="0.0015">
                <matrix value="0.9995504133077591 0.02965003711677561 0.004385902971652029 0.0015842802521083056 -0.02970054923907361 0.9994820690669242 0.012229493306379388 -0.017005587184499515 -0.004021976040737917 -0.012354603817980406 0.9999136391450854 -0.004254670173623866 0.0 0.0 0.0 1.0"/>
                <scale value="1"/>
            </transform>
        </animation>
    </shape>
    <shape name="temp30" type="ply">
        <string name="filename" value="meshes/Cube_026.ply"/>
        <boolean name="face_normals" value="true"/>
        <ref id="mat-Material" name="bsdf"/>
        <animation name="to_world">
            <transform time="0">
                <matrix value="0.9974580117618482 0.06431245476333008 0.03069276597193231 0.11880790396552765 -0.06208740893609703 0.9957075484488646 -0.06864215940515371 -0.12164649725176141 -0.03497556854547743 0.06656199222815759 0.9971691659168995 0.06473661676504538 0.0 0.0 0.0 1.0"/>
                <scale value="1"/>
            </transform>
            <transform time="0.0015">
                <matrix value="0.997399449798523 0.06501415973496483 0.030884629666846873 0.11916874461544444 -0.06271381290778641 0.9955368580370016 -0.07005969141500759 -0.12354982113302869 -0.03532742126754741 0.06793511853401553 0.997036940328274 0.06446992106784849 0.0 0.0 0.0 1.0"/>
                <scale value="1"/>
            </transform>
        </animation>
    </shape>
    <shape name="temp31" type="ply">
        <string name="filename" value="meshes/Cube_027.ply"/>
        <boolean name="face_normals" value="true"/>
        <ref id="mat-Material" name="bsdf"/>
        <animation name="to_world">
            <transform time="0">
                <matrix value="0.9416583780563696 0.335586110804029 0.02573070978643573 0.09094083027417432 -0.3252318151436013 0.9269463500916727 -0.18706832439680188 -0.6288732785974454 -0.0866285656537719 0.1677859218268627 0.9820100789513125 -0.040743065225472996 0.0 0.0 0.0 1.0"/>
                <scale value="1"/>
            </transform>
            <transform time="0.0015">
                <matrix value="0.940950863371934 0.3374285024551574 0.025448985966159847 0.08948834290616317 -0.3269290477522535 0.9259213741052202 -0.1887055881528359 -0.6329720208597767 -0.08732695456523047 0.16922437170101406 0.9816648388500204 -0.04243132690737789 0.0 0.0 0.0 1.0"/>
                <scale value="1"/>
            </transform>
        </animation>
    </shape>
    <shape name="temp32" type="ply">
        <string name="filename" value="meshes/Cube_028.ply"/>
        <boolean name="face_normals" value="true"/>
        <ref id="mat-Material" name="bsdf"/>
        <animation name="to_world">
            <transform time="0">
                <matrix value="0.5829069353062885 0.8110929179451132 0.04845841877054571 -0.5748273010992426 -0.793322394140706 0.581001328680518 -0.18187124397369203 -1.4855904311818615 -0.17566889528338184 0.06757078821833747 0.9821275674305862 -0.32341290501587405 0.0 0.0 0.0 1.0"/>
                <scale value="1"/>
            </transform>
            <transform time="0.0015">
                <matrix value="0.5793162093228471 0.8133623923103634 0.048492998098067334 -0.5801993402323241 -0.7953882112785847 0.5774395376907817 -0.18286802253537646 -1.4902384949459175 -0.1767970348597122 0.0672698283799628 0.98192664615094 -0.32544952085662526 0.0 0.0 0.0 1.0"/>
                <scale value="1"/>
            </transform>
        </animation>
    </shape>
    <shape name="temp33" type="ply">
        <string name="filename" value="meshes/Cube_029.ply"/>
        <boolean name="face_normals" value="true"/>
        <ref id="mat-Material" name="bsdf"/>
        <animation name="to_world">
            <transform time="0">
                <matrix value="0.542778093956495 0.826136835320792 0.15129312973706693 -0.5598803435507036 -0.8085379777918432 0.5627260269115166 -0.17206296531465873 -1.8377307905900673 -0.22728415483655923 -0.028934239700640147 0.9733986698507542 -0.5646595574392168 0.0 0.0 0.0 1.0"/>
                <scale value="1"/>
            </transform>
            <transform time="0.0015">
                <matrix value="0.5390199972435925 0.828299754895477 0.15123882337637068 -0.5682546728543403 -0.8107035577075719 0.5590475437832757 -0.17243515179435492 -1.8424947030037075 -0.22740461216760718 -0.02969816771392812 0.9733392504609245 -0.5658115040887447 0.0 0.0 0.0 1.0"/>
                <scale value="1"/>
            </transform>
        </animation>
    </shape>
    <shape name="temp34" type="ply">
        <string name="filename" value="meshes/Cube_030.ply"/>
        <boolean name="face_normals" value="true"/>
        <ref id="mat-Material" name="bsdf"/>
        <animation name="to_world">
            <transform time="0">
                <matrix value="0.059976352578085826 0.9820255177149493 -0.17896483891702428 -2.922294699664947 -0.961904036842293 0.1047661231372273 0.2525164146373928 -1.8325693367354903 0.2667268778208973 0.15700198774943916 0.9508982342918142 0.39549076579608844 0.0 0.0 0.0 1.0"/>
                <scale value="1"/>
            </transform>
            <transform time="0.0015">
                <matrix value="0.06003665180995169 0.9819715218453597 -0.17923479191050445 -2.9230816344019295 -0.9621056336401639 0.10476047699290407 0.2517130717323939 -1.8343921491042798 0.26595277581169857 0.15733354741499883 0.9510499288051515 0.3935729488536019 0.0 0.0 0.0 1.0"/>
                <scale value="1"/>
            </transform>
        </animation>
    </shape>
    <shape name="temp35" type="ply">
        <string name="filename" value="meshes/Cube_031.ply"/>
        <boolean name="face_normals" value="true"/>
        <ref id="mat-Material" name="bsdf"/>
        <animation name="to_world">
            <transform time="0">
                <matrix value="0.044393796750864765 0.9983152664765771 0.03735724676977601 -2.3168673212602653 -0.4822105147448615 -0.011336237518850786 0.8759822816971862 -0.009384228712315798 0.8749301895122042 -0.05690219284431494 0.48089476578187046 0.9184544657706306 0.0 0.0 0.0 1.0"/>
                <scale value="1"/>
            </transform>
            <transform time="0.0015">
                <matrix value="0.04453776822609696 0.9983058725341531 0.037427609641900464 -2.3163389307198554 -0.48195796428340404 -0.011346205160076726 0.8761198603073247 -0.008485227542375465 0.875060461955961 -0.05705896955840209 0.48063607612379927 0.9184839782442928 0.0 0.0 0.0 1.0"/>
                <scale value="1"/>
