
<scene version="2.1.0">
    <default name="spp" value="1024"/>
    <default name="resx" value="1280"/>
    <default name="resy" value="720"/>
    <integrator name="temp0" type="path">
        <integer name="max_depth" value="12"/>
    </integrator>
    <sensor name="temp44" type="perspective">
        <string name="fov_axis" value="x"/>
        <float name="fov" value="83.974423"/>
        <float name="principal_point_offset_x" value="0.000000"/>
        <float name="principal_point_offset_y" value="-0.000000"/>
        <float name="near_clip" value="0.100000"/>
        <float name="far_clip" value="1000.000000"/>
        <sampler name="sampler" type="correlated">
            <integer name="sample_count" value="1024"/>
        </sampler>
        <film name="film" type="hdrfilm">
            <integer name="width" value="$resx"/>
            <integer name="height" value="$resy"/>
        </film>
        <float name="shutter_open" value="0.0"/>
        <float name="shutter_close" value="0.0015"/>
        <animation name="to_world">
            <transform time="0">
                <rotate angle="-142.5518126578256" x="1"/>
                <rotate angle="3.976628485794621e-06" y="1"/>
                <rotate angle="-179.999991348578" z="1"/>
                <translate value="-0.000000 3.030926 4.073377"/>
                <translate x="22.65" y="0.0" z="0.0"/>
            </transform>
            <transform time="0.0015">
                <rotate angle="-142.5518126578256" x="1"/>
                <rotate angle="3.976628485794621e-06" y="1"/>
                <rotate angle="-179.999991348578" z="1"/>
                <translate value="-0.000000 3.030926 4.073377"/>
                <translate x="22.8" y="0.0" z="0.0"/>
            </transform>
        </animation>
    </sensor>
    <bsdf id="mat-Material" name="mat-Material" type="twosided">
        <bsdf name="bsdf" type="diffuse">
            <texture name="reflectance" type="bitmap">
                <string name="filename" value="textures/siggraph_2023_logo.jpg"/>
            </texture>
        </bsdf>
    </bsdf>
    <bsdf id="mat-Material.001" name="mat-Material.001" type="twosided">
        <bsdf name="bsdf" type="principled">
            <rgb name="base_color" value="0.433648 0.266232 0.084399"/>
            <float name="spec_tint" value="0.000000"/>
            <float name="spec_trans" value="0.000000"/>
            <float name="metallic" value="0.000000"/>
            <float name="anisotropic" value="0.000000"/>
            <float name="roughness" value="0.500000"/>
            <float name="sheen" value="0.000000"/>
            <float name="sheen_tint" value="0.500000"/>
            <float name="clearcoat" value="0.000000"/>
            <float name="clearcoat_gloss" value="0.173205"/>
            <float name="specular" value="0.500000"/>
        </bsdf>
    </bsdf>
    <bsdf id="mat-Material.002" name="mat-Material.002" type="twosided">
        <bsdf name="bsdf" type="principled">
            <rgb name="base_color" value="0.433648 0.266232 0.084399"/>
            <float name="spec_tint" value="0.000000"/>
            <float name="spec_trans" value="0.000000"/>
            <float name="metallic" value="0.000000"/>
            <float name="anisotropic" value="0.000000"/>
            <float name="roughness" value="0.500000"/>
            <float name="sheen" value="0.000000"/>
            <float name="sheen_tint" value="0.500000"/>
            <float name="clearcoat" value="0.000000"/>
            <float name="clearcoat_gloss" value="0.173205"/>
            <float name="specular" value="0.500000"/>
        </bsdf>
    </bsdf>
    <bsdf id="mat-Material.003" name="mat-Material.003" type="twosided">
        <bsdf name="bsdf" type="principled">
            <rgb name="base_color" value="0.433648 0.266232 0.084399"/>
            <float name="spec_tint" value="0.000000"/>
            <float name="spec_trans" value="0.000000"/>
            <float name="metallic" value="0.000000"/>
            <float name="anisotropic" value="0.000000"/>
            <float name="roughness" value="0.500000"/>
            <float name="sheen" value="0.000000"/>
            <float name="sheen_tint" value="0.500000"/>
            <float name="clearcoat" value="0.000000"/>
            <float name="clearcoat_gloss" value="0.173205"/>
            <float name="specular" value="0.500000"/>
        </bsdf>
    </bsdf>
    <bsdf id="mat-Material.004" name="mat-Material.004" type="twosided">
        <bsdf name="bsdf" type="principled">
            <rgb name="base_color" value="0.433648 0.266232 0.084399"/>
            <float name="spec_tint" value="0.000000"/>
            <float name="spec_trans" value="0.000000"/>
            <float name="metallic" value="0.000000"/>
            <float name="anisotropic" value="0.000000"/>
            <float name="roughness" value="0.500000"/>
            <float name="sheen" value="0.000000"/>
            <float name="sheen_tint" value="0.500000"/>
            <float name="clearcoat" value="0.000000"/>
            <float name="clearcoat_gloss" value="0.173205"/>
            <float name="specular" value="0.500000"/>
        </bsdf>
    </bsdf>
    <bsdf id="mat-Material.005" name="mat-Material.005" type="twosided">
        <bsdf name="bsdf" type="principled">
            <rgb name="base_color" value="0.433648 0.266232 0.084399"/>
            <float name="spec_tint" value="0.000000"/>
            <float name="spec_trans" value="0.000000"/>
            <float name="metallic" value="0.000000"/>
            <float name="anisotropic" value="0.000000"/>
            <float name="roughness" value="0.500000"/>
            <float name="sheen" value="0.000000"/>
            <float name="sheen_tint" value="0.500000"/>
            <float name="clearcoat" value="0.000000"/>
            <float name="clearcoat_gloss" value="0.173205"/>
            <float name="specular" value="0.500000"/>
        </bsdf>
    </bsdf>
    <emitter name="temp45" type="point">
        <point name="position" x="-6.815235034541981e-16" y="3.0693089962005615" z="4.109199523925781"/>
        <rgb name="intensity" value="7.957747 7.957747 7.957747"/>
    </emitter>
    <shape name="temp2" type="ply">
        <string name="filename" value="meshes/Cube.ply"/>
        <boolean name="face_normals" value="true"/>
        <ref id="mat-Material" name="bsdf"/>
        <animation name="to_world">
            <transform time="0">
                <matrix value="0.9999993351382115 0.00022738583672456266 0.001248610586444808 -0.0020986458248506423 -0.00022620415334726883 0.9999990613716906 -0.0009521786666452335 -0.01600299503515154 -0.0012488342756641082 0.0009518948298266875 0.9999983452326863 0.0029209727863720447 0.0 0.0 0.0 1.0"/>
            </transform>
            <transform time="0.0015">
                <matrix value="0.9999993191812733 0.00022675506840832122 0.0012491292933783686 -0.002099345367570142 -0.00022565912816488803 0.9999991289540102 -0.000883083977230427 -0.01609610321923084 -0.0012493367596491524 0.0008828008101317725 0.9999984133156308 0.002925218924696248 0.0 0.0 0.0 1.0"/>
            </transform>
        </animation>
    </shape>
    <shape name="temp4" type="ply">
        <string name="filename" value="meshes/Plane.ply"/>
        <boolean name="face_normals" value="true"/>
        <ref id="mat-Material.001" name="bsdf"/>
    </shape>
    <shape name="temp5" type="ply">
        <string name="filename" value="meshes/Cube_001.ply"/>
        <boolean name="face_normals" value="true"/>
        <ref id="mat-Material" name="bsdf"/>
        <animation name="to_world">
            <transform time="0">
                <matrix value="0.9999991135176153 -1.0194546360938064e-05 -0.0014917183623855313 0.0020603869748101467 1.0295828036601087e-05 0.9999967669469342 5.431182718933984e-05 -0.017736651642311946 0.0014913315320011276 -5.433093531182279e-05 0.9999958630817157 -0.0031503640456548854 0.0 0.0 0.0 1.0"/>
            </transform>
            <transform time="0.0015">
                <matrix value="0.9999991135176153 -2.117481102713645e-05 -0.0014923025140495115 0.002059192276986861 2.1545613105259796e-05 0.9999967594377877 0.00023498779224567974 -0.017941856261042298 0.0014919131623998211 -0.0002350234553836609 0.9999958545713477 -0.0031468565854795355 0.0 0.0 0.0 1.0"/>
            </transform>
        </animation>
    </shape>
    <shape name="temp6" type="ply">
        <string name="filename" value="meshes/Cube_002.ply"/>
        <boolean name="face_normals" value="true"/>
        <ref id="mat-Material" name="bsdf"/>
        <animation name="to_world">
            <transform time="0">
                <matrix value="1.0 5.0528447738218654e-05 0.0003239490690988279 -0.0008711271026846656 -5.1323917117442966e-05 0.999996454070831 0.0024621460157221806 -0.01915520338602164 -0.0003238034260771204 -0.00246216597868688 0.9999965722677073 0.0010253380090202713 0.0 0.0 0.0 1.0"/>
            </transform>
            <transform time="0.0015">
                <matrix value="1.0 4.909227839189638e-05 0.0003240935751485713 -0.0008709119625001617 -4.9864983828709874e-05 0.9999966342903499 0.0023907725373900133 -0.019114981945683365 -0.0003239550648611749 -0.0023907918404113783 0.9999967509854368 0.0010194960664593987 0.0 0.0 0.0 1.0"/>
            </transform>
        </animation>
    </shape>
    <shape name="temp7" type="ply">
        <string name="filename" value="meshes/Cube_003.ply"/>
        <boolean name="face_normals" value="true"/>
        <ref id="mat-Material" name="bsdf"/>
        <animation name="to_world">
            <transform time="0">
                <matrix value="0.9999993351382115 -0.0001873190272473369 0.0012115887137304554 -0.0012704119640387646 0.00018959774975311464 0.9999954111504872 -0.0018688173756241427 -0.017555652364086988 -0.0012106335335010559 0.0018690467499473328 0.9999949175003935 0.003401832629417595 0.0 0.0 0.0 1.0"/>
            </transform>
            <transform time="0.0015">
                <matrix value="0.9999993191812733 -0.00020568849493646514 0.0012120915913794153 -0.001270366873115881 0.00020817248753421025 0.9999950957663291 -0.0020375783998711067 -0.017542578934783566 -0.0012110701153311863 0.0020378301389341338 0.9999946026167751 0.003402021102002797 0.0 0.0 0.0 1.0"/>
            </transform>
        </animation>
    </shape>
    <shape name="temp8" type="ply">
        <string name="filename" value="meshes/Cube_004.ply"/>
        <boolean name="face_normals" value="true"/>
        <ref id="mat-Material" name="bsdf"/>
        <animation name="to_world">
            <transform time="0">
                <matrix value="0.9999995567588077 -4.2803536751470015e-05 0.000865146628931668 -0.0005620336632838896 4.363620890489284e-05 0.9999988527876218 -0.0009741201483995328 -0.017921348544496535 -0.0008647613500772126 0.0009741540351631024 0.999998699825682 0.0027079128161509 0.0 0.0 0.0 1.0"/>
            </transform>
            <transform time="0.0015">
                <matrix value="0.9999995567588076 -1.9495145637024754e-05 0.0008658205649787337 -0.0005627720674641836 2.0262453863267258e-05 0.9999989353882346 -0.0008978198477871866 -0.01786169943267662 -0.0008654613809576156 0.0008978335994803008 0.9999987764189947 0.002712461982530335 0.0 0.0 0.0 1.0"/>
            </transform>
        </animation>
    </shape>
    <shape name="temp9" type="ply">
        <string name="filename" value="meshes/Cube_005.ply"/>
        <boolean name="face_normals" value="true"/>
        <ref id="mat-Material" name="bsdf"/>
        <animation name="to_world">
            <transform time="0">
                <matrix value="0.9999997783794039 -0.0002081248709386075 0.0007843514328630169 -0.0005723158816224316 0.0002092785451760288 0.9999955154425215 -0.0014733989062460844 -0.01874703410586867 -0.0007831274034753655 0.00147356196928391 0.9999953902910546 0.0021115107566720692 0.0 0.0 0.0 1.0"/>
            </transform>
            <transform time="0.0015">
                <matrix value="0.9999997943363421 -0.00018261072056799908 0.0007843355184747355 -0.0005738019160185777 0.00018361899064600634 0.9999957932809465 -0.0012877856511568462 -0.018621933143743753 -0.0007831880398406615 0.0012879287311007126 0.9999956711332008 0.002120001249465217 0.0 0.0 0.0 1.0"/>
            </transform>
        </animation>
    </shape>
    <shape name="temp10" type="ply">
        <string name="filename" value="meshes/Cube_006.ply"/>
        <boolean name="face_normals" value="true"/>
        <ref id="mat-Material" name="bsdf"/>
        <animation name="to_world">
            <transform time="0">
                <matrix value="0.9999995567588077 5.712596183328727e-06 -0.0011185541494235973 -0.001089309196222743 -4.4332984059273855e-06 0.9999989570796561 0.0011306469525568757 -0.017005842158648005 0.0011183773117244388 -0.00113064350271055 0.9999984634303516 -0.00246055553164487 0.0 0.0 0.0 1.0"/>
            </transform>
            <transform time="0.0015">
                <matrix value="0.9999995567588076 -9.027145266574682e-06 -0.0011197318141564295 -0.0010905924534915065 1.0379016736310068e-05 0.99999888198819 0.0011943680781323744 -0.01699926360069298 0.001119538657689238 -0.0011943810641459561 0.999998386837039 -0.0024636146805572055 0.0 0.0 0.0 1.0"/>
            </transform>
        </animation>
    </shape>
    <shape name="temp11" type="ply">
        <string name="filename" value="meshes/Cube_007.ply"/>
        <boolean name="face_normals" value="true"/>
        <ref id="mat-Material" name="bsdf"/>
        <animation name="to_world">
            <transform time="0">
                <matrix value="0.9999982270352306 -0.0019974198150693647 -6.694148411825251e-05 0.0005973562128200882 0.0019977390266778007 0.9999846690709457 0.005110086941474663 -0.0173218094380366 5.655048428532677e-05 -0.005110208521493546 0.9999867618614904 0.00015259274553258706 0.0 0.0 0.0 1.0"/>
            </transform>
            <transform time="0.0015">
                <matrix value="0.9999981951213541 -0.0020167162193266497 -6.71652046739447e-05 0.000597392724946328 0.002017039103043341 0.9999843762142275 0.005159218998387408 -0.017318938707741288 5.6577451510945206e-05 -0.005159341393481043 0.9999865065504484 0.00015187147420743667 0.0 0.0 0.0 1.0"/>
            </transform>
        </animation>
    </shape>
    <shape name="temp12" type="ply">
        <string name="filename" value="meshes/Cube_008.ply"/>
        <boolean name="face_normals" value="true"/>
        <ref id="mat-Material" name="bsdf"/>
        <animation name="to_world">
            <transform time="0">
                <matrix value="0.9999980054146345 0.0020702646723248573 0.00010845203136871477 0.00013142374462549178 -0.0020699474493242344 0.999993742477937 -0.002850395796701907 -0.01662750135270949 -0.00011438947071682739 0.002850163634201947 0.9999960994770463 -1.8883713792883228e-05 0.0 0.0 0.0 1.0"/>
            </transform>
            <transform time="0.0015">
                <matrix value="0.9999980213715727 0.002058423574108215 0.00010847757949364584 0.00013169049921848202 -0.002058108199000208 0.9999938175694033 -0.002834209927679121 -0.016634187364159093 -0.0001143477592802791 0.002833979470853584 0.9999961420288865 -1.8610133068079724e-05 0.0 0.0 0.0 1.0"/>
            </transform>
        </animation>
    </shape>
    <shape name="temp13" type="ply">
        <string name="filename" value="meshes/Cube_009.ply"/>
        <boolean name="face_normals" value="true"/>
        <ref id="mat-Material" name="bsdf"/>
        <animation name="to_world">
            <transform time="0">
                <matrix value="0.9999991135176153 -0.0009746507781228686 0.0008243885280182837 0.0014844841039993728 0.0009741978220900772 0.9999990613716906 0.0005503756085406796 -0.01896956135868874 -0.0008251045605972764 -0.0005495762614643019 0.9999996454070041 0.0014111746961793514 0.0 0.0 0.0 1.0"/>
            </transform>
            <transform time="0.0015">
                <matrix value="0.9999991454314917 -0.0009282751896834742 0.0008248700446434004 0.001482662158433309 0.0009278386240987934 0.9999991139357169 0.0005302475668228332 -0.01890442390728464 -0.0008255409828580245 -0.0005294860653176136 0.9999996539173723 0.001411050685976007 0.0 0.0 0.0 1.0"/>
            </transform>
        </animation>
    </shape>
    <shape name="temp14" type="ply">
        <string name="filename" value="meshes/Cube_010.ply"/>
        <boolean name="face_normals" value="true"/>
        <ref id="mat-Material" name="bsdf"/>
        <animation name="to_world">
            <transform time="0">
                <matrix value="0.9999864811436332 -0.000507612275589615 0.005189066621404841 0.01073640313602997 0.0005065094401509148 0.9999997914159312 0.00021402394022791346 -0.0183396292331284 -0.0051891709084848775 -0.00021139202749972366 0.999986643663825 0.008594293753963922 0.0 0.0 0.0 1.0"/>
            </transform>
            <transform time="0.0015">
                <matrix value="0.999986465186695 -0.000508070934265282 0.005191527819849233 0.010742321470010849 0.0005069661277232224 0.9999997914159313 0.00021429369336446914 -0.01834000731068816 -0.005191632106638362 -0.00021165812161941808 0.999986635153457 0.008598470654292862 0.0 0.0 0.0 1.0"/>
            </transform>
        </animation>
    </shape>
    <shape name="temp15" type="ply">
        <string name="filename" value="meshes/Cube_011.ply"/>
        <boolean name="face_normals" value="true"/>
        <ref id="mat-Material" name="bsdf"/>
        <animation name="to_world">
            <transform time="0">
                <matrix value="0.9999977837940383 -0.001994383873948476 -0.0008531862071834866 -0.0017737465122229512 0.001993860666244701 0.9999977055752436 -0.0006160285017122114 -0.021555514934762154 0.0008544471275311288 0.00061432701393133 0.9999995272093389 -0.0013302770933811825 0.0 0.0 0.0 1.0"/>
            </transform>
            <transform time="0.0015">
                <matrix value="0.9999978157079147 -0.0019749992372183832 -0.0008537812521185902 -0.0017770050368805916 0.0019744833582980995 0.9999977506301234 -0.000606902068103007 -0.021514214688935402 0.0008550121627140573 0.0006052159410605536 0.9999995272093389 -0.0013302715412197223 0.0 0.0 0.0 1.0"/>
            </transform>
        </animation>
    </shape>
    <shape name="temp16" type="ply">
        <string name="filename" value="meshes/Cube_012.ply"/>
        <boolean name="face_normals" value="true"/>
        <ref id="mat-Material" name="bsdf"/>
        <animation name="to_world">
            <transform time="0">
                <matrix value="0.999997340552846 -0.0023168277283317656 -0.00019226611400590326 -0.00029884157213244666 0.0023163053364466594 0.9999934296018338 -0.0026791474733357887 -0.02410454953541849 0.0001987076859795719 0.002678689800030453 0.9999963358723768 -0.00045018348170866584 0.0 0.0 0.0 1.0"/>
            </transform>
            <transform time="0.0015">
                <matrix value="0.9999972767250929 -0.0023500703449696823 -0.0001920874898905874 -0.00029799443843527484 0.0023495409261122587 0.9999932568914616 -0.0027159082635035132 -0.024193583299705564 0.00019870324995074234 0.0027154439939946454 0.9999962422583281 -0.0004509000948899397 0.0 0.0 0.0 1.0"/>
            </transform>
        </animation>
    </shape>
    <shape name="temp17" type="ply">
        <string name="filename" value="meshes/Cube_013.ply"/>
        <boolean name="face_normals" value="true"/>
        <ref id="mat-Material" name="bsdf"/>
        <animation name="to_world">
            <transform time="0">
                <matrix value="0.9999977837940383 -0.002167235405894169 0.000301593162690576 -9.670083289825548e-05 0.0021688966131054007 0.9999817488939831 -0.005622284704134696 -0.02604540833892921 -0.00028939793662360137 0.005622931106767927 0.9999842797105196 -0.000193674221848128 0.0 0.0 0.0 1.0"/>
            </transform>
            <transform time="0.0015">
                <matrix value="0.9999977837940384 -0.0021702885498191757 0.0003016697560031608 -9.702174670789376e-05 0.002171952526346932 0.9999816963299568 -0.005630231685833775 -0.026055819380065015 -0.00028944009485442024 0.005630878862644036 0.9999842371586793 -0.0001924739818113516 0.0 0.0 0.0 1.0"/>
            </transform>
        </animation>
    </shape>
    <shape name="temp18" type="ply">
        <string name="filename" value="meshes/Cube_014.ply"/>
        <boolean name="face_normals" value="true"/>
        <ref id="mat-Material" name="bsdf"/>
        <animation name="to_world">
            <transform time="0">
                <matrix value="1.0 5.316286452673318e-05 -6.408748329276002e-05 -0.0004500708994256697 -5.31556999930854e-05 0.9999962454867622 0.0001106448344547139 -0.01753157084057244 6.557199389390934e-05 -0.00011063194715314035 0.9999965722677073 0.0003939384254155742 0.0 0.0 0.0 1.0"/>
            </transform>
            <transform time="0.0015">
                <matrix value="1.0 9.32305445293146e-05 -6.406464146487361e-05 -0.0004529642957086916 -9.3210965921886e-05 0.9999962304684691 0.0003019910989909263 -0.01734044778975364 6.556374415684144e-05 -0.00030197574115937704 0.9999965467366032 0.00040020216196389434 0.0 0.0 0.0 1.0"/>
            </transform>
        </animation>
    </shape>
    <shape name="temp19" type="ply">
        <string name="filename" value="meshes/Cube_015.ply"/>
        <boolean name="face_normals" value="true"/>
        <ref id="mat-Material" name="bsdf"/>
        <animation name="to_world">
            <transform time="0">
                <matrix value="0.9995361480922013 0.022146405157866852 -0.020333142483503153 -0.007095779326925067 -0.019325422364532194 0.9913541903496494 0.12720297990497853 0.06479068445607475 0.023087755550709452 -0.12674191684587516 0.9913407208450093 -0.036185411332513406 0.0 0.0 0.0 1.0"/>
            </transform>
            <transform time="0.0015">
                <matrix value="0.999526526058445 0.022483599482168007 -0.02043884295694382 -0.007155295585850591 -0.01960434070900796 0.9911155947248844 0.12902006263200475 0.06597659083007498 0.02327082503514568 -0.1285492182548393 0.9911054006576445 -0.03640425106904871 0.0 0.0 0.0 1.0"/>
            </transform>
        </animation>
    </shape>
    <shape name="temp20" type="ply">
        <string name="filename" value="meshes/Cube_016.ply"/>
        <boolean name="face_normals" value="true"/>
        <ref id="mat-Material" name="bsdf"/>
        <animation name="to_world">
            <transform time="0">
                <matrix value="0.9976135894203646 0.06314588578353564 -0.027321189390010214 0.06376017089821606 -0.053340110491164425 0.9604454729956635 0.27213452218121026 0.07533772458790111 0.04356871213612114 -0.2700276165307046 0.9615500630939137 -0.1406411138589772 0.0 0.0 0.0 1.0"/>
            </transform>
            <transform time="0.0015">
                <matrix value="0.997591281620711 0.06354693128266059 -0.027208609986062622 0.06379024237196627 -0.053678983201395906 0.959939379040786 0.27385428033904535 0.07593562702814635 0.04366449142390997 -0.2717339424450438 0.9610665380219336 -0.1407533280558696 0.0 0.0 0.0 1.0"/>
            </transform>
        </animation>
    </shape>
    <shape name="temp21" type="ply">
        <string name="filename" value="meshes/Cube_017.ply"/>
        <boolean name="face_normals" value="true"/>
        <ref id="mat-Material" name="bsdf"/>
        <animation name="to_world">
            <transform time="0">
                <matrix value="0.9943105560549406 0.09702700955106451 0.042056868679084355 0.21387159597304317 -0.1056448095569893 0.9273908427422131 0.3579709668710856 0.011818564586759422 -0.0039922335278275685 -0.3604127252968673 0.9325280447600375 -0.18982161218496535 0.0 0.0 0.0 1.0"/>
            </transform>
            <transform time="0.0015">
                <matrix value="0.9942130591623202 0.09787418546563242 0.042407190321148015 0.21383472822284727 -0.10656780992674833 0.9267337623762084 0.3594008533822594 0.012180087256757725 -0.0038474811200381173 -0.3618754094399116 0.9319633477974537 -0.189788015954268 0.0 0.0 0.0 1.0"/>
            </transform>
        </animation>
    </shape>
    <shape name="temp22" type="ply">
        <string name="filename" value="meshes/Cube_018.ply"/>
        <boolean name="face_normals" value="true"/>
        <ref id="mat-Material" name="bsdf"/>
        <animation name="to_world">
            <transform time="0">
                <matrix value="-0.21947610664028494 0.9722016882794526 0.0804619495712025 1.1024530285791334 -0.9268020413916355 -0.23363908281413281 0.29305574532847367 0.6714867071766668 0.30372271628840464 -0.01050423947119767 0.9524422237992417 -0.3878187331922655 0.0 0.0 0.0 1.0"/>
            </transform>
            <transform time="0.0015">
                <matrix value="-0.2185653675818663 0.9723854896613174 0.08072534035659282 1.1018844925447608 -0.9265195876279242 -0.23286719510542564 0.2945644293375611 0.6697087108467048 0.30524275348072394 -0.01066140080377479 0.9519557711606474 -0.38851044856554573 0.0 0.0 0.0 1.0"/>
            </transform>
        </animation>
    </shape>
    <shape name="temp23" type="ply">
        <string name="filename" value="meshes/Cube_019.ply"/>
        <boolean name="face_normals" value="true"/>
        <ref id="mat-Material" name="bsdf"/>
        <animation name="to_world">
            <transform time="0">
                <matrix value="-0.03384370118806369 0.9946169666453215 -0.09786072863659939 0.4118861015508197 -0.9683946867791791 -0.008446918483260086 0.24837685056174622 0.10183194658892464 0.2462059883658052 0.10322188338899052 0.9634695931778199 -0.034054045820471834 0.0 0.0 0.0 1.0"/>
            </transform>
            <transform time="0.0015">
                <matrix value="-0.03405787633004981 0.9945922240072023 -0.098038140024466 0.41215828649270525 -0.9680152946156855 -0.008452921295069651 0.24985588019331123 0.10048838778042785 0.24766882791301836 0.10345981145062078 0.963070286708211 -0.03425857497726541 0.0 0.0 0.0 1.0"/>
            </transform>
        </animation>
    </shape>
    <shape name="temp24" type="ply">
        <string name="filename" value="meshes/Cube_020.ply"/>
        <boolean name="face_normals" value="true"/>
        <ref id="mat-Material" name="bsdf"/>
        <animation name="to_world">
            <transform time="0">
                <matrix value="0.12289977716240824 0.9921308634422953 0.023387441162333912 -0.19732160265014326 -0.973087012600509 0.12511300519845917 -0.19297706192956285 0.061165291718071196 -0.19438895912042195 0.0008943987617376112 0.9808279839440387 0.09917204479518166 0.0 0.0 0.0 1.0"/>
            </transform>
            <transform time="0.0015">
                <matrix value="0.12254749557779616 0.9921732239118743 0.023441674333579972 -0.19731450839211526 -0.9729376394165528 0.12477707774237826 -0.1939480021626414 0.062076777836115815 -0.19535936192065148 0.0008964646658041675 0.9806356581353546 0.0991673173146479 0.0 0.0 0.0 1.0"/>
            </transform>
        </animation>
    </shape>
    <shape name="temp25" type="ply">
        <string name="filename" value="meshes/Cube_021.ply"/>
        <boolean name="face_normals" value="true"/>
        <ref id="mat-Material" name="bsdf"/>
        <animation name="to_world">
            <transform time="0">
                <matrix value="0.28166171566254805 0.9589549312402618 -0.032019274729670116 -0.31962154841847046 -0.7742455148423746 0.2074125041977544 -0.5978168418434864 0.09497715010906785 -0.5666909562840077 0.1931256426996619 0.8009050158834023 0.08194563082466927 0.0 0.0 0.0 1.0"/>
            </transform>
            <transform time="0.0015">
                <matrix value="0.28146665645386026 0.9589971701900102 -0.03247022041062369 -0.3194439948580603 -0.7739509976333571 0.20685911388287856 -0.5983902704437049 0.09561310882107882 -0.5671902807952813 0.1935102559332341 0.8004589704723806 0.08218337500644203 0.0 0.0 0.0 1.0"/>
            </transform>
        </animation>
    </shape>
    <shape name="temp26" type="ply">
        <string name="filename" value="meshes/Cube_022.ply"/>
        <boolean name="face_normals" value="true"/>
        <ref id="mat-Material" name="bsdf"/>
        <animation name="to_world">
            <transform time="0">
                <matrix value="0.557072400789324 0.8060786612240131 -0.1989752853409837 -0.23569597872468134 -0.445981531025997 0.08824802940201035 -0.890602860099825 0.1481536786001042 -0.700503256049799 0.5848841211205971 0.40857930661467223 0.16681057987153897 0.0 0.0 0.0 1.0"/>
            </transform>
            <transform time="0.0015">
                <matrix value="0.55751490264354 0.8055112926327006 -0.20003489169490785 -0.23517628008607525 -0.44602782210381897 0.08740127475056791 -0.8906635730656005 0.1481503555348337 -0.7001218852259643 0.5857938241972565 0.40793093571327366 0.1678831627400068 0.0 0.0 0.0 1.0"/>
            </transform>
        </animation>
    </shape>
    <shape name="temp27" type="ply">
        <string name="filename" value="meshes/Cube_023.ply"/>
        <boolean name="face_normals" value="true"/>
        <ref id="mat-Material" name="bsdf"/>
        <animation name="to_world">
            <transform time="0">
                <matrix value="0.856206351823583 0.4787565469324584 -0.19379744749777905 -0.12488976526688533 -0.37761705113407695 0.32411398702189925 -0.8673693360269792 -0.17236961645621965 -0.3524694074929037 0.815837475465299 0.4582742148010899 -0.04921872567375729 0.0 0.0 0.0 1.0"/>
            </transform>
            <transform time="0.0015">
                <matrix value="0.8564375997724956 0.4781215734941087 -0.19434445736241335 -0.12467881684888352 -0.37765984923811907 0.3237667941186881 -0.8674804388820676 -0.1723909891055876 -0.35186183589972014 0.81634802985327 0.45783260329182995 -0.04851671567295386 0.0 0.0 0.0 1.0"/>
            </transform>
        </animation>
    </shape>
    <shape name="temp28" type="ply">
        <string name="filename" value="meshes/Cube_024.ply"/>
        <boolean name="face_normals" value="true"/>
        <ref id="mat-Material" name="bsdf"/>
        <animation name="to_world">
            <transform time="0">
                <matrix value="0.8854296868766922 0.42163746837344057 -0.19535534000503996 -0.12843530082597876 -0.34674392803890597 0.3194859237041194 -0.8818604879861529 -0.48093708757824194 -0.30942457098684994 0.8485678617838527 0.42907229962068005 -0.2820392574080674 0.0 0.0 0.0 1.0"/>
            </transform>
            <transform time="0.0015">
                <matrix value="0.8855714164021022 0.42116871740471373 -0.19572469934046496 -0.1283664278589651 -0.3467655480945216 0.3191837706623465 -0.8819614549928759 -0.4809723564290698 -0.3089947884081017 0.848914536555947 0.4286966264431876 -0.2817327383408865 0.0 0.0 0.0 1.0"/>
            </transform>
        </animation>
    </shape>
    <shape name="temp29" type="ply">
        <string name="filename" value="meshes/Cube_025.ply"/>
        <boolean name="face_normals" value="true"/>
        <ref id="mat-Material" name="bsdf"/>
        <animation name="to_world">
            <transform time="0">
                <matrix value="0.8794401686444089 0.4343544218779658 -0.19472999161742158 -0.2774543230907792 -0.31888480072762476 0.2338705068384287 -0.9184858075335409 -0.7854826261628867 -0.35340777125917733 0.8698501114881848 0.3441838002062313 -0.7630099760577631 0.0 0.0 0.0 1.0"/>
            </transform>
            <transform time="0.0015">
                <matrix value="0.8794453067785207 0.4343072344005937 -0.19481197199299152 -0.27751201656183033 -0.31892521167370685 0.23380721975069915 -0.9184878925737168 -0.7855268799975883 -0.35335849304251765 0.8698906834073831 0.3441318529195626 -0.762867896348967 0.0 0.0 0.0 1.0"/>
            </transform>
        </animation>
    </shape>
    <shape name="temp30" type="ply">
        <string name="filename" value="meshes/Cube_026.ply"/>
        <boolean name="face_normals" value="true"/>
        <ref id="mat-Material" name="bsdf"/>
        <animation name="to_world">
            <transform time="0">
                <matrix value="0.90352124100442 0.3445407291681876 -0.2547831049202851 -0.2941868220152897 -0.34821805959643776 0.2438240343079076 -0.9051312443235572 -1.1303154386290197 -0.24975211736317587 0.906545368077877 0.3402820952758284 -0.8642875362915838 0.0 0.0 0.0 1.0"/>
            </transform>
            <transform time="0.0015">
                <matrix value="0.9034151433220905 0.3445542981961334 -0.2551409829181537 -0.29474154364184757 -0.3485024329798188 0.24353636640996842 -0.9050993304433135 -1.130627933712845 -0.24973944276713522 0.9066175760317934 0.3400990202380145 -0.8644629976338152 0.0 0.0 0.0 1.0"/>
            </transform>
        </animation>
    </shape>
    <shape name="temp31" type="ply">
        <string name="filename" value="meshes/Cube_027.ply"/>
        <boolean name="face_normals" value="true"/>
        <ref id="mat-Material" name="bsdf"/>
        <animation name="to_world">
            <transform time="0">
                <matrix value="0.847048102307159 0.3305834304987454 -0.4161407658546802 -0.5607717373757334 -0.5027035496527649 0.24425194452498108 -0.8291976364249272 -1.5874537097640442 -0.17251066881549998 0.9116045746657963 0.3730983768623815 -0.9581210979777565 0.0 0.0 0.0 1.0"/>
            </transform>
            <transform time="0.0015">
                <matrix value="0.8468135991428463 0.3306066637983936 -0.41659961936963974 -0.5618016264391389 -0.5030864044718555 0.24385218759541644 -0.829083282609238 -1.5877237595429314 -0.17254641235714807 0.9117032598707016 0.3728407254692142 -0.9585803855844174 0.0 0.0 0.0 1.0"/>
            </transform>
        </animation>
    </shape>
    <shape name="temp32" type="ply">
        <string name="filename" value="meshes/Cube_028.ply"/>
        <boolean name="face_normals" value="true"/>
        <ref id="mat-Material" name="bsdf"/>
        <animation name="to_world">
            <transform time="0">
                <matrix value="-0.11343113893483822 0.9798675699747406 0.16428675273663054 -1.457833925955951 -0.827540170949263 -0.0016891044025839396 -0.5613231944952037 -2.1048379200797687 -0.5497451806385155 -0.19964066179553341 0.8110706060845321 -1.1955449621602954 0.0 0.0 0.0 1.0"/>
            </transform>
            <transform time="0.0015">
                <matrix value="-0.11350885241543404 0.9798738701487564 0.16419549350675933 -1.458110933642791 -0.8271550023741281 -0.0016672001467963275 -0.561891099866548 -2.1051009124709297 -0.5503089552233233 -0.19960990358005534 0.8106960562756242 -1.197064730228815 0.0 0.0 0.0 1.0"/>
            </transform>
        </animation>
    </shape>
    <shape name="temp33" type="ply">
        <string name="filename" value="meshes/Cube_029.ply"/>
        <boolean name="face_normals" value="true"/>
        <ref id="mat-Material" name="bsdf"/>
        <animation name="to_world">
            <transform time="0">
                <matrix value="0.01059180677520757 0.9892721041752273 0.14569643482746214 -1.6541047826561868 -0.9878095374866807 -0.012246369072822956 0.15496475109226462 -1.6251646613765367 0.1550866580855172 -0.14556962223339306 0.9770824182864081 0.1350395161109499 0.0 0.0 0.0 1.0"/>
            </transform>
            <transform time="0.0015">
                <matrix value="0.010523334595821608 0.9892710829312867 0.145708336577201 -1.654215876767959 -0.9879022472978304 -0.012228789409666374 0.15437514598442834 -1.6263395465420816 0.15450080388527254 -0.14557803172669495 0.9771741600541486 0.1340691585578213 0.0 0.0 0.0 1.0"/>
            </transform>
        </animation>
    </shape>
    <shape name="temp34" type="ply">
        <string name="filename" value="meshes/Cube_030.ply"/>
        <boolean name="face_normals" value="true"/>
        <ref id="mat-Material" name="bsdf"/>
        <animation name="to_world">
            <transform time="0">
                <matrix value="-0.0379868363133099 0.9824548770393098 -0.1825678741317578 -3.1940165807202643 -0.9740912574215288 0.00429950353531757 0.2258092649236395 -1.9070361766994277 0.22263263276261688 0.1864491625744063 0.9568396593814785 0.27995052647223684 0.0 0.0 0.0 1.0"/>
            </transform>
            <transform time="0.0015">
                <matrix value="-0.03778377343268651 0.9824554292483993 -0.18260717804933319 -3.1935873142960407 -0.9742814272357625 0.00434990360976081 0.22498800651958709 -1.9088600310243615 0.22183527727240376 0.186445114250688 0.9570259696478152 0.2783399265318759 0.0 0.0 0.0 1.0"/>
            </transform>
        </animation>
    </shape>
    <shape name="temp35" type="ply">
        <string name="filename" value="meshes/Cube_031.ply"/>
        <boolean name="face_normals" value="true"/>
        <ref id="mat-Material" name="bsdf"/>
        <animation name="to_world">
            <transform time="0">
                <matrix value="0.10588568898297422 0.989098562230014 0.10233399019715844 -2.0474535224426216 -0.6754423990340888 -0.00398503409306604 0.7374021382430438 -0.7466957150352413 0.7297711368427398 -0.14720102081043251 0.6676572419000322 0.7721953738835481 0.0 0.0 0.0 1.0"/>
            </transform>
            <transform time="0.0015">
                <matrix value="0.1058868043729569 0.9890980065531639 0.10233816623476791 -2.047444673547255 -0.675457238986648 -0.00398439416359092 0.737388555695612 -0.7467567142902067 0.7297572383495363 -0.147204743094413 0.6676716074013258 0.7721803503968061 0.0 0.0 0.0 1.0"/>
            </transform>
        </animation>
    </shape>
    <shape name="temp36" type="ply">
        <string name="filename" value="meshes/Cube_032.ply"/>
        <boolean name="face_normals" value="true"/>
        <ref id="mat-Material" name="bsdf"/>
        <animation name="to_world">
            <transform time="0">
                <matrix value="0.8080854285344496 0.5531809070486815 0.20239131606481203 -0.4844638699797996 -0.23273635393341097 -0.015793616493159485 0.9723985994049458 0.4440280422018606 0.5411141665203971 -0.8329083085292113 0.11599251052313814 -0.26983542455029186 0.0 0.0 0.0 1.0"/>
            </transform>
            <transform time="0.0015">
                <matrix value="0.8079343163293569 0.5532827385860213 0.20271636872201715 -0.48464623000329876 -0.23307365648092004 -0.015902760437479794 0.9723160913865557 0.4430312364113592 0.5411947809723642 -0.8328386086302666 0.11611698742164056 -0.2695115246266885 0.0 0.0 0.0 1.0"/>
            </transform>
        </animation>
    </shape>
    <shape name="temp37" type="ply">
        <string name="filename" value="meshes/Cube_033.ply"/>
        <boolean name="face_normals" value="true"/>
        <ref id="mat-Material" name="bsdf"/>
        <animation name="to_world">
            <transform time="0">
                <matrix value="0.9788850976992236 0.15451354023482394 0.13382533505492172 -0.12623216352141142 -0.14993236139404675 0.09774128483614679 0.9838530169481268 0.30105519274767883 0.13893847280360694 -0.9831435913587793 0.11884432469182322 -0.40576546236252614 0.0 0.0 0.0 1.0"/>
            </transform>
            <transform time="0.0015">
                <matrix value="0.9788740395410263 0.15457024255188073 0.13384085626419864 -0.12626308553738164 -0.14995050443282082 0.09771053187707138 0.9838533063006409 0.3009999076986072 0.138996900728651 -0.9831377417335608 0.11882444447202342 -0.4056109520393979 0.0 0.0 0.0 1.0"/>
            </transform>
        </animation>
    </shape>
    <shape name="temp38" type="ply">
        <string name="filename" value="meshes/Cube_034.ply"/>
        <boolean name="face_normals" value="true"/>
        <ref id="mat-Material" name="bsdf"/>
        <animation name="to_world">
            <transform time="0">
