
<scene version="2.1.0">
    <default name="spp" value="1024"/>
    <default name="resx" value="1280"/>
    <default name="resy" value="720"/>
    <integrator name="temp0" type="path">
        <integer name="max_depth" value="12"/>
    </integrator>
    <sensor name="temp44" type="perspective">
        <string name="fov_axis" value="x"/>
        <float name="fov" value="83.974423"/>
        <float name="principal_point_offset_x" value="0.000000"/>
        <float name="principal_point_offset_y" value="-0.000000"/>
        <float name="near_clip" value="0.100000"/>
        <float name="far_clip" value="1000.000000"/>
        <sampler name="sampler" type="correlated">
            <integer name="sample_count" value="1024"/>
        </sampler>
        <film name="film" type="hdrfilm">
            <integer name="width" value="$resx"/>
            <integer name="height" value="$resy"/>
        </film>
        <float name="shutter_open" value="0.0"/>
        <float name="shutter_close" value="0.0015"/>
        <animation name="to_world">
            <transform time="0">
                <rotate angle="-142.5518126578256" x="1"/>
                <rotate angle="3.976628485794621e-06" y="1"/>
                <rotate angle="-179.999991348578" z="1"/>
                <translate value="-0.000000 3.030926 4.073377"/>
                <translate x="40.65" y="0.0" z="0.0"/>
            </transform>
            <transform time="0.0015">
                <rotate angle="-142.5518126578256" x="1"/>
                <rotate angle="3.976628485794621e-06" y="1"/>
                <rotate angle="-179.999991348578" z="1"/>
                <translate value="-0.000000 3.030926 4.073377"/>
                <translate x="40.8" y="0.0" z="0.0"/>
            </transform>
        </animation>
    </sensor>
    <bsdf id="mat-Material" name="mat-Material" type="twosided">
        <bsdf name="bsdf" type="diffuse">
            <texture name="reflectance" type="bitmap">
                <string name="filename" value="textures/siggraph_2023_logo.jpg"/>
            </texture>
        </bsdf>
    </bsdf>
    <bsdf id="mat-Material.001" name="mat-Material.001" type="twosided">
        <bsdf name="bsdf" type="principled">
            <rgb name="base_color" value="0.433648 0.266232 0.084399"/>
            <float name="spec_tint" value="0.000000"/>
            <float name="spec_trans" value="0.000000"/>
            <float name="metallic" value="0.000000"/>
            <float name="anisotropic" value="0.000000"/>
            <float name="roughness" value="0.500000"/>
            <float name="sheen" value="0.000000"/>
            <float name="sheen_tint" value="0.500000"/>
            <float name="clearcoat" value="0.000000"/>
            <float name="clearcoat_gloss" value="0.173205"/>
            <float name="specular" value="0.500000"/>
        </bsdf>
    </bsdf>
    <bsdf id="mat-Material.002" name="mat-Material.002" type="twosided">
        <bsdf name="bsdf" type="principled">
            <rgb name="base_color" value="0.433648 0.266232 0.084399"/>
            <float name="spec_tint" value="0.000000"/>
            <float name="spec_trans" value="0.000000"/>
            <float name="metallic" value="0.000000"/>
            <float name="anisotropic" value="0.000000"/>
            <float name="roughness" value="0.500000"/>
            <float name="sheen" value="0.000000"/>
            <float name="sheen_tint" value="0.500000"/>
            <float name="clearcoat" value="0.000000"/>
            <float name="clearcoat_gloss" value="0.173205"/>
            <float name="specular" value="0.500000"/>
        </bsdf>
    </bsdf>
    <bsdf id="mat-Material.003" name="mat-Material.003" type="twosided">
        <bsdf name="bsdf" type="principled">
            <rgb name="base_color" value="0.433648 0.266232 0.084399"/>
            <float name="spec_tint" value="0.000000"/>
            <float name="spec_trans" value="0.000000"/>
            <float name="metallic" value="0.000000"/>
            <float name="anisotropic" value="0.000000"/>
            <float name="roughness" value="0.500000"/>
            <float name="sheen" value="0.000000"/>
            <float name="sheen_tint" value="0.500000"/>
            <float name="clearcoat" value="0.000000"/>
            <float name="clearcoat_gloss" value="0.173205"/>
            <float name="specular" value="0.500000"/>
        </bsdf>
    </bsdf>
    <bsdf id="mat-Material.004" name="mat-Material.004" type="twosided">
        <bsdf name="bsdf" type="principled">
            <rgb name="base_color" value="0.433648 0.266232 0.084399"/>
            <float name="spec_tint" value="0.000000"/>
            <float name="spec_trans" value="0.000000"/>
            <float name="metallic" value="0.000000"/>
            <float name="anisotropic" value="0.000000"/>
            <float name="roughness" value="0.500000"/>
            <float name="sheen" value="0.000000"/>
            <float name="sheen_tint" value="0.500000"/>
            <float name="clearcoat" value="0.000000"/>
            <float name="clearcoat_gloss" value="0.173205"/>
            <float name="specular" value="0.500000"/>
        </bsdf>
    </bsdf>
    <bsdf id="mat-Material.005" name="mat-Material.005" type="twosided">
        <bsdf name="bsdf" type="principled">
            <rgb name="base_color" value="0.433648 0.266232 0.084399"/>
            <float name="spec_tint" value="0.000000"/>
            <float name="spec_trans" value="0.000000"/>
            <float name="metallic" value="0.000000"/>
            <float name="anisotropic" value="0.000000"/>
            <float name="roughness" value="0.500000"/>
            <float name="sheen" value="0.000000"/>
            <float name="sheen_tint" value="0.500000"/>
            <float name="clearcoat" value="0.000000"/>
            <float name="clearcoat_gloss" value="0.173205"/>
            <float name="specular" value="0.500000"/>
        </bsdf>
    </bsdf>
    <emitter name="temp45" type="point">
        <point name="position" x="-6.815235034541981e-16" y="3.0693089962005615" z="4.109199523925781"/>
        <rgb name="intensity" value="7.957747 7.957747 7.957747"/>
    </emitter>
    <shape name="temp2" type="ply">
        <string name="filename" value="meshes/Cube.ply"/>
        <boolean name="face_normals" value="true"/>
        <ref id="mat-Material" name="bsdf"/>
        <animation name="to_world">
            <transform time="0">
                <matrix value="0.9939716981633858 -0.10138266207503605 -0.013643060071363022 0.023676504397715847 -0.0694674944639175 -0.5827152639735682 -0.8060447231597924 1.8443275254810205 0.07628262920037515 0.8026263863018671 -0.587503031770114 3.298244405700797 0.0 0.0 0.0 1.0"/>
            </transform>
            <transform time="0.0015">
                <matrix value="0.9937054885627985 -0.10379372890898919 -0.015120722086780017 0.0286371242421541 -0.07170935588460471 -0.5785244993536331 -0.8088811437321697 1.849377663905777 0.07770973956718466 0.8053643788522988 -0.5835771904713705 3.2869688951851392 0.0 0.0 0.0 1.0"/>
            </transform>
        </animation>
    </shape>
    <shape name="temp4" type="ply">
        <string name="filename" value="meshes/Plane.ply"/>
        <boolean name="face_normals" value="true"/>
        <ref id="mat-Material.001" name="bsdf"/>
    </shape>
    <shape name="temp5" type="ply">
        <string name="filename" value="meshes/Cube_001.ply"/>
        <boolean name="face_normals" value="true"/>
        <ref id="mat-Material" name="bsdf"/>
        <animation name="to_world">
            <transform time="0">
                <matrix value="0.9980617062658348 -0.0302535965108057 -0.05438473150927545 0.04659229101033646 -0.054410449322461515 -2.6528451909900025e-05 -0.9985187468588971 1.1726512622852274 0.030207337148753517 0.9995421579690587 -0.0016726317088403817 1.0536478351891028 0.0 0.0 0.0 1.0"/>
            </transform>
            <transform time="0.0015">
                <matrix value="0.9980630147347702 -0.030223692085298563 -0.054377305362101946 0.046542765096837344 -0.0544029766882857 -2.6789867831248992e-05 -0.9985191553565642 1.1726335240282941 0.030177474855830957 0.9995430590666533 -0.0016710394189754238 1.0537785082566158 0.0 0.0 0.0 1.0"/>
            </transform>
        </animation>
    </shape>
    <shape name="temp6" type="ply">
        <string name="filename" value="meshes/Cube_002.ply"/>
        <boolean name="face_normals" value="true"/>
        <ref id="mat-Material" name="bsdf"/>
        <animation name="to_world">
            <transform time="0">
                <matrix value="0.9997446930732039 -0.021568708635171865 0.006747739233256473 -0.03673374835374643 0.011323675550993126 0.21968480861368772 -0.9755053068387751 0.6532234057156678 0.01955798215333663 0.9753324308595959 0.2198729635133263 0.5336547955499873 0.0 0.0 0.0 1.0"/>
            </transform>
            <transform time="0.0015">
                <matrix value="0.9997442462789333 -0.021582608816483703 0.00677027979411338 -0.036800132819665904 0.011348853525127192 0.21969112380599676 -0.975503596254794 0.65316028583965 0.01956651049854612 0.9753307037558728 0.2198798764853055 0.5337003399076019 0.0 0.0 0.0 1.0"/>
            </transform>
        </animation>
    </shape>
    <shape name="temp7" type="ply">
        <string name="filename" value="meshes/Cube_003.ply"/>
        <boolean name="face_normals" value="true"/>
        <ref id="mat-Material" name="bsdf"/>
        <animation name="to_world">
            <transform time="0">
                <matrix value="0.9951068388570051 -0.061424733481706136 0.07739184795430573 -0.061008562671786226 0.08917438792823748 0.22102266683075283 -0.971183172813024 0.14012112360798612 0.042549490095332314 0.9733323182241986 0.22541858521177005 0.20032650982618644 0.0 0.0 0.0 1.0"/>
            </transform>
            <transform time="0.0015">
                <matrix value="0.9951049399813551 -0.061410512659833535 0.07742750043924035 -0.06109790070056449 0.08920480983098397 0.22099618207061728 -0.9711864067528886 0.14001179174509576 0.042530048321355235 0.9733392266390909 0.22539240476649175 0.20029578859472175 0.0 0.0 0.0 1.0"/>
            </transform>
        </animation>
    </shape>
    <shape name="temp8" type="ply">
        <string name="filename" value="meshes/Cube_004.ply"/>
        <boolean name="face_normals" value="true"/>
        <ref id="mat-Material" name="bsdf"/>
        <animation name="to_world">
            <transform time="0">
                <matrix value="0.9813816537151591 -0.14753894786024035 0.12294884499605456 0.0360259145969557 0.154126065773447 0.22308837915577684 -0.9625352406338988 -0.3552505924422808 0.11458314495582658 0.9635655777882997 0.24167805698167605 -0.29031924490270267 0.0 0.0 0.0 1.0"/>
            </transform>
            <transform time="0.0015">
                <matrix value="0.9813478250060993 -0.14769695307071484 0.12302917861540394 0.03613571089115864 0.15424001586508246 0.2230571861607094 -0.9625242197072545 -0.3555552518233569 0.1147195177370709 0.9635486071169341 0.24168106965197106 -0.2907197670534178 0.0 0.0 0.0 1.0"/>
            </transform>
        </animation>
    </shape>
    <shape name="temp9" type="ply">
        <string name="filename" value="meshes/Cube_005.ply"/>
        <boolean name="face_normals" value="true"/>
        <ref id="mat-Material" name="bsdf"/>
        <animation name="to_world">
            <transform time="0">
                <matrix value="0.9782931490868345 -0.18965834972456475 0.0834354127769785 0.10237928197794344 0.12510515897288604 0.21967417082618065 -0.9675157356551768 -0.6142548842623141 0.1651678022506015 0.956955757233174 0.2386394314030394 -0.7316892794662864 0.0 0.0 0.0 1.0"/>
            </transform>
            <transform time="0.0015">
                <matrix value="0.9782431400424036 -0.18986619914848624 0.08354921767392745 0.10261531118415515 0.12527009786496004 0.21968071129288835 -0.9674929278687626 -0.6147022140060241 0.16533902658064653 0.9569130602254818 0.23869212760209774 -0.7321203275893559 0.0 0.0 0.0 1.0"/>
            </transform>
        </animation>
    </shape>
    <shape name="temp10" type="ply">
        <string name="filename" value="meshes/Cube_006.ply"/>
        <boolean name="face_normals" value="true"/>
        <ref id="mat-Material" name="bsdf"/>
        <animation name="to_world">
            <transform time="0">
                <matrix value="0.98613475064137 -0.15325293112762634 -0.06359446901117252 0.03762900335961761 -0.02835561950048491 0.22198121491876693 -0.9746337172551098 -0.5557803805428705 0.16348718678361143 0.9629299178387354 0.21456012029685578 -1.0514187301170161 0.0 0.0 0.0 1.0"/>
            </transform>
            <transform time="0.0015">
                <matrix value="0.98613285176572 -0.15318635803733502 -0.06378431574885568 0.03751263135348853 -0.02853720275569386 0.22210319349649343 -0.9746006544751773 -0.5553373119779095 0.16346713369933055 0.9629123989996664 0.21465405008022578 -1.0513786512466303 0.0 0.0 0.0 1.0"/>
            </transform>
        </animation>
    </shape>
    <shape name="temp11" type="ply">
        <string name="filename" value="meshes/Cube_007.ply"/>
        <boolean name="face_normals" value="true"/>
        <ref id="mat-Material" name="bsdf"/>
        <animation name="to_world">
            <transform time="0">
                <matrix value="0.9168920548129789 -0.25384076275022266 -0.3079157922009398 0.17857293035209776 -0.2554291505548493 0.21949416277483558 -0.9415498361543964 -0.2768846230477856 0.3066135353449392 0.9420072670689559 0.13641479768578427 -1.7975289645779058 0.0 0.0 0.0 1.0"/>
            </transform>
            <transform time="0.0015">
                <matrix value="0.9167316716267712 -0.2537670229303954 -0.30845419212620273 0.17844075790020353 -0.255925933125862 0.2197002062489945 -0.9413670334483606 -0.27558274553571116 0.3066793178228161 0.9419791302965635 0.1364612430194989 -1.797790985556654 0.0 0.0 0.0 1.0"/>
            </transform>
        </animation>
    </shape>
    <shape name="temp12" type="ply">
        <string name="filename" value="meshes/Cube_008.ply"/>
        <boolean name="face_normals" value="true"/>
        <ref id="mat-Material" name="bsdf"/>
        <animation name="to_world">
            <transform time="0">
                <matrix value="0.38604667861644926 0.8811167799625801 -0.2730910958862012 1.6665191515283029 -0.5123336294184498 -0.041397836566038765 -0.8577645937475327 0.16981192364441278 -0.7670953695479117 0.47107585576828814 0.43545461895200277 0.9497008242579846 0.0 0.0 0.0 1.0"/>
            </transform>
            <transform time="0.0015">
                <matrix value="0.38575638042190125 0.8811941316819325 -0.27325188227005287 1.666907103197984 -0.5127184469409436 -0.04147847353703826 -0.8575308564886279 0.17100012572467482 -0.7669844369132967 0.47092408089676585 0.43581421604422044 0.9500118382863569 0.0 0.0 0.0 1.0"/>
            </transform>
        </animation>
    </shape>
    <shape name="temp13" type="ply">
        <string name="filename" value="meshes/Cube_009.ply"/>
        <boolean name="face_normals" value="true"/>
        <ref id="mat-Material" name="bsdf"/>
        <animation name="to_world">
            <transform time="0">
                <matrix value="-0.07435721162284784 0.9904223410224375 0.11633147778758554 2.6204175617675136 -0.8457598217815814 -0.0008568363949998228 -0.533367200904354 0.9815827870561018 -0.5281591129502665 -0.1380645692843272 0.8377218156485198 0.9140020264693688 0.0 0.0 0.0 1.0"/>
            </transform>
            <transform time="0.0015">
                <matrix value="-0.07430829403299229 0.9904170921289488 0.11640736899480501 2.6204051300880833 -0.8463146604809773 -0.0009192069050289879 -0.5324872799086433 0.9839146342394004 -0.5272774921127406 -0.1381017816113268 0.838271508832205 0.9130713407926262 0.0 0.0 0.0 1.0"/>
            </transform>
        </animation>
    </shape>
    <shape name="temp14" type="ply">
        <string name="filename" value="meshes/Cube_010.ply"/>
        <boolean name="face_normals" value="true"/>
        <ref id="mat-Material" name="bsdf"/>
        <animation name="to_world">
            <transform time="0">
                <matrix value="0.03002393059197521 0.9953754826113892 0.09107316860991509 1.8886135576574954 -0.9988577674473031 0.026530099724043278 0.03933651395370717 1.9202358500370682 0.03674265150427196 -0.09215596665157909 0.9950663112541671 -0.1899693316785438 0.0 0.0 0.0 1.0"/>
            </transform>
            <transform time="0.0015">
                <matrix value="0.02962023537327105 0.9953825261909206 0.09112926555205221 1.8893185388865348 -0.9988712670170505 0.026129650451160107 0.03926377243370856 1.919912397331542 0.03670550534775292 -0.09219516589877484 0.99506405600663 -0.19006164929531083 0.0 0.0 0.0 1.0"/>
            </transform>
        </animation>
    </shape>
    <shape name="temp15" type="ply">
        <string name="filename" value="meshes/Cube_011.ply"/>
        <boolean name="face_normals" value="true"/>
        <ref id="mat-Material" name="bsdf"/>
        <animation name="to_world">
            <transform time="0">
                <matrix value="0.0752707538823496 0.9924306927285509 0.09674527362995904 1.470695839674558 -0.875237798899698 0.01930886085982525 0.48318732769735345 2.179089785105245 0.47769876264788746 -0.1211067783564827 0.870088355118739 -1.1577185605306237 0.0 0.0 0.0 1.0"/>
            </transform>
            <transform time="0.0015">
                <matrix value="0.0749687927616451 0.9924101326851 0.09719111223903681 1.4718743164504264 -0.8755654905833077 0.018907045222622754 0.48260979709972773 2.178520979922004 0.4771459185657711 -0.12133932235998504 0.8703595039556573 -1.1564898379558097 0.0 0.0 0.0 1.0"/>
            </transform>
        </animation>
    </shape>
    <shape name="temp16" type="ply">
        <string name="filename" value="meshes/Cube_012.ply"/>
        <boolean name="face_normals" value="true"/>
        <ref id="mat-Material" name="bsdf"/>
        <animation name="to_world">
            <transform time="0">
                <matrix value="0.09472336873943978 0.9900893365566525 0.10368416212748233 1.0998903132571853 -0.7387199548957764 9.091491230082828e-05 0.6740123757683439 1.8463018773816782 0.6673231068725434 -0.14043823512847736 0.7314071526607949 -1.8262148093114832 0.0 0.0 0.0 1.0"/>
            </transform>
            <transform time="0.0015">
                <matrix value="0.09469676692770693 0.9900947731788068 0.10365658768391499 1.0998744599634978 -0.7386853921675576 8.256621304998914e-05 0.6740502554166012 1.846314061561951 0.6673651374478563 -0.14039993998253486 0.7313761579003023 -1.8263268570791007 0.0 0.0 0.0 1.0"/>
            </transform>
        </animation>
    </shape>
    <shape name="temp17" type="ply">
        <string name="filename" value="meshes/Cube_013.ply"/>
        <boolean name="face_normals" value="true"/>
        <ref id="mat-Material" name="bsdf"/>
        <animation name="to_world">
            <transform time="0">
                <matrix value="0.9202682229751413 0.175723953585873 0.34960871844890623 0.6182906579626165 -0.3733418346994027 0.12685831718545004 0.9189784554023661 1.463549090969622 0.11713566017229672 -0.9762314281959773 0.1823482424716361 -1.4145990633338614 0.0 0.0 0.0 1.0"/>
            </transform>
            <transform time="0.0015">
                <matrix value="0.9202931955834803 0.17575336165678845 0.34952820185664346 0.6181592531591236 -0.373264373338431 0.12683713313191491 0.9190128457997166 1.4635337928348031 0.11718634898229646 -0.9762288901044192 0.18232928307366092 -1.4146719869145432 0.0 0.0 0.0 1.0"/>
            </transform>
        </animation>
    </shape>
    <shape name="temp18" type="ply">
        <string name="filename" value="meshes/Cube_014.ply"/>
        <boolean name="face_normals" value="true"/>
        <ref id="mat-Material" name="bsdf"/>
        <animation name="to_world">
            <transform time="0">
                <matrix value="0.93930410246318 0.29762829484609626 0.17066135376041144 0.11257270767494582 -0.2162603474656355 0.12746621459546162 0.9679793068983467 1.0261842442227405 0.2663445632921828 -0.9461341028694912 0.18409476663289365 -0.8713385727816034 0.0 0.0 0.0 1.0"/>
            </transform>
            <transform time="0.0015">
                <matrix value="0.9393000015300534 0.29764232944113267 0.17065948147943716 0.11256592648159744 -0.21625999641299432 0.1274618254992611 0.9679799707070558 1.0261870813871652 0.2663593298428262 -0.9461302807138605 0.18409305009165494 -0.8713664909062883 0.0 0.0 0.0 1.0"/>
            </transform>
        </animation>
    </shape>
    <shape name="temp19" type="ply">
        <string name="filename" value="meshes/Cube_015.ply"/>
        <boolean name="face_normals" value="true"/>
        <ref id="mat-Material" name="bsdf"/>
        <animation name="to_world">
            <transform time="0">
                <matrix value="0.9834028335522945 0.12837006151144187 0.12820362951934683 0.025454701205498587 -0.1491849902575586 0.17004172724295663 0.974078897414355 0.639361810108222 0.1032424644564888 -0.9770377099137924 0.1863711236484688 -0.2966773130517508 0.0 0.0 0.0 1.0"/>
            </transform>
            <transform time="0.0015">
                <matrix value="0.9833841320206822 0.12851438280402724 0.1282025376391241 0.025417987041217754 -0.1492115761123532 0.1700455141055981 0.974074157139343 0.6393754945662802 0.10338213713256027 -0.9770180885136692 0.18639661220082343 -0.2967772408986311 0.0 0.0 0.0 1.0"/>
            </transform>
        </animation>
    </shape>
    <shape name="temp20" type="ply">
        <string name="filename" value="meshes/Cube_016.ply"/>
        <boolean name="face_normals" value="true"/>
        <ref id="mat-Material" name="bsdf"/>
        <animation name="to_world">
            <transform time="0">
                <matrix value="0.9851458795412277 0.02293140921482699 0.17017208634481285 0.05300669036905448 -0.17158801794949533 0.16896300344372298 0.9705713816976116 0.3297578774217075 -0.0064964376705370485 -0.9853536438593893 0.17038868356641124 0.1768751337231756 0.0 0.0 0.0 1.0"/>
            </transform>
            <transform time="0.0015">
                <matrix value="0.985141842435854 0.0230710861002267 0.17017662237099146 0.05284018353453009 -0.17161617556270614 0.16897918114920524 0.9705635862004641 0.32974698243909817 -0.006364569373387301 -0.9853476215237986 0.17042855208768526 0.17685638257356054 0.0 0.0 0.0 1.0"/>
            </transform>
        </animation>
    </shape>
    <shape name="temp21" type="ply">
        <string name="filename" value="meshes/Cube_017.ply"/>
        <boolean name="face_normals" value="true"/>
        <ref id="mat-Material" name="bsdf"/>
        <animation name="to_world">
            <transform time="0">
                <matrix value="0.9454252633295924 -0.10954073959739102 0.3068646603637367 0.21015411231958475 -0.2883516214649299 0.15728515319456932 0.9445157701688951 0.1367905042155212 -0.15172930551197017 -0.9814535389416028 0.11711574293615293 0.4284716872850563 0.0 0.0 0.0 1.0"/>
            </transform>
            <transform time="0.0015">
                <matrix value="0.9454060352190183 -0.10972057014252214 0.3068597498813632 0.21021161415199258 -0.288349693866791 0.15712721932098772 0.9445426544216122 0.1369276754465643 -0.15185286965889266 -0.9814587803259448 0.11691175707296661 0.4285677923021017 0.0 0.0 0.0 1.0"/>
            </transform>
        </animation>
    </shape>
    <shape name="temp22" type="ply">
        <string name="filename" value="meshes/Cube_018.ply"/>
        <boolean name="face_normals" value="true"/>
        <ref id="mat-Material" name="bsdf"/>
        <animation name="to_world">
            <transform time="0">
                <matrix value="0.2370726933285109 0.9575881841296725 0.1636625745058983 0.8512416699020244 -0.531591572743858 -0.013133798336750636 0.8468213811066233 -0.0473276674203217 0.8130672379159154 -0.28782557365833517 0.5059454607605027 -0.14677552703178884 0.0 0.0 0.0 1.0"/>
            </transform>
            <transform time="0.0015">
                <matrix value="0.2367885736604478 0.9576030071851043 0.16398742461634347 0.8512543638208259 -0.532267572475278 -0.013338164567920075 0.8463938457461428 -0.046794225801197825 0.8127080951070431 -0.28776694224151117 0.5065559520136441 -0.1468952923192119 0.0 0.0 0.0 1.0"/>
            </transform>
        </animation>
    </shape>
    <shape name="temp23" type="ply">
        <string name="filename" value="meshes/Cube_019.ply"/>
        <boolean name="face_normals" value="true"/>
        <ref id="mat-Material" name="bsdf"/>
        <animation name="to_world">
            <transform time="0">
                <matrix value="-0.08056241101933062 0.9839292232537864 -0.15935103099095504 0.5059041725315281 -0.9135571080817053 -0.008948116798735146 0.40661202467399904 -0.04635879062714448 0.3986516381307987 0.17833389303391783 0.899596638647516 -0.057643474072624434 0.0 0.0 0.0 1.0"/>
            </transform>
            <transform time="0.0015">
                <matrix value="-0.08056473434953776 0.9839287126318161 -0.15935300114116208 0.5059107452280576 -0.9135531986318375 -0.00894772346963509 0.4066208073738421 -0.04636660168342517 0.39866011605208335 0.17833672248036497 0.8995923238909072 -0.057617484247098096 0.0 0.0 0.0 1.0"/>
            </transform>
        </animation>
    </shape>
    <shape name="temp24" type="ply">
        <string name="filename" value="meshes/Cube_020.ply"/>
        <boolean name="face_normals" value="true"/>
        <ref id="mat-Material" name="bsdf"/>
        <animation name="to_world">
            <transform time="0">
                <matrix value="0.09654131845502906 0.9447358891900134 -0.3132926039249022 0.13019612560588506 -0.9607400652547308 0.006192227891064777 -0.2773801353414328 0.1426940839776194 -0.26011094627471953 0.3277714243366767 0.9082437432298509 0.11550899954114241 0.0 0.0 0.0 1.0"/>
            </transform>
            <transform time="0.0015">
                <matrix value="0.09656466327867219 0.9447059769482229 -0.3133756140549889 0.13030103922058173 -0.9607402458724068 0.006192014176626107 -0.27737952259493226 0.1426919401568288 -0.26010161883842353 0.327857658590779 0.9082152930694165 0.11553013244132224 0.0 0.0 0.0 1.0"/>
            </transform>
        </animation>
    </shape>
    <shape name="temp25" type="ply">
        <string name="filename" value="meshes/Cube_021.ply"/>
        <boolean name="face_normals" value="true"/>
        <ref id="mat-Material" name="bsdf"/>
        <animation name="to_world">
            <transform time="0">
                <matrix value="0.1911274859182273 0.938663142986465 -0.28701856317972524 -0.16789093348353024 -0.7959754142975426 -0.02288639677278729 -0.604894045248903 0.0944357937557223 -0.574362131600083 0.34407339656211744 0.742779068233621 0.3074786480247319 0.0 0.0 0.0 1.0"/>
            </transform>
            <transform time="0.0015">
                <matrix value="0.19119122909939773 0.9386765543223318 -0.28693225953717827 -0.1679207372015291 -0.7959154002528379 -0.022813603856349042 -0.6049757618030629 0.09446935599668155 -0.5744240764343143 0.3440416478901999 0.7427458692877995 0.30751805914445385 0.0 0.0 0.0 1.0"/>
            </transform>
        </animation>
    </shape>
    <shape name="temp26" type="ply">
        <string name="filename" value="meshes/Cube_022.ply"/>
        <boolean name="face_normals" value="true"/>
        <ref id="mat-Material" name="bsdf"/>
        <animation name="to_world">
            <transform time="0">
                <matrix value="0.637896767353336 0.40011503411392446 -0.6580242503785871 -0.08457796394727213 -0.7116226262217944 -0.020409725857958423 -0.7022657546850009 -0.19532017922440142 -0.2944171777237614 0.9162376440012265 0.27171161093489155 0.6871466167051303 0.0 0.0 0.0 1.0"/>
            </transform>
            <transform time="0.0015">
                <matrix value="0.6378960971619301 0.40011648337922245 -0.6580240205986494 -0.0845899656872098 -0.711622865575868 -0.020409637400211216 -0.7022655163946949 -0.19532053599584298 -0.29441803141995704 0.9162370132329103 0.27171280238642065 0.6871861389254568 0.0 0.0 0.0 1.0"/>
            </transform>
        </animation>
    </shape>
    <shape name="temp27" type="ply">
        <string name="filename" value="meshes/Cube_023.ply"/>
        <boolean name="face_normals" value="true"/>
        <ref id="mat-Material" name="bsdf"/>
        <animation name="to_world">
            <transform time="0">
                <matrix value="0.8564570047178592 0.28396155378444504 -0.43110009876596905 -0.06594080269657554 -0.4803238586096056 0.13239491013155397 -0.8670413375058685 -0.2870611531163296 -0.18913099461550598 0.949651143144989 0.24978405286556055 0.20419106024922418 0.0 0.0 0.0 1.0"/>
            </transform>
            <transform time="0.0015">
                <matrix value="0.8564530633541151 0.28399259659658005 -0.43108749491086484 -0.06595618161206153 -0.48031908748507307 0.13239358476717522 -0.8670441799688022 -0.2870590276214294 -0.18916096014981892 0.9496420420592832 0.2497959503601154 0.204169120845021 0.0 0.0 0.0 1.0"/>
            </transform>
        </animation>
    </shape>
    <shape name="temp28" type="ply">
        <string name="filename" value="meshes/Cube_024.ply"/>
        <boolean name="face_normals" value="true"/>
        <ref id="mat-Material" name="bsdf"/>
        <animation name="to_world">
            <transform time="0">
                <matrix value="0.8543569279484848 0.44582842291671443 -0.26704162118026514 -0.19360348585578835 -0.37672824173310854 0.17735426752575492 -0.9091870790094657 -0.5113848117661877 -0.35798053550627895 0.8773724873441616 0.3194800153751523 -0.3460331526804629 0.0 0.0 0.0 1.0"/>
            </transform>
            <transform time="0.0015">
                <matrix value="0.854372039168994 0.4458206884956939 -0.2670062010283787 -0.19358547033925727 -0.3766927471196969 0.1773670128003163 -0.909199299898007 -0.5113559293299469 -0.35798182642258225 0.8773738464997002 0.3194748410713688 -0.34604767808583775 0.0 0.0 0.0 1.0"/>
            </transform>
        </animation>
    </shape>
    <shape name="temp29" type="ply">
        <string name="filename" value="meshes/Cube_025.ply"/>
        <boolean name="face_normals" value="true"/>
        <ref id="mat-Material" name="bsdf"/>
        <animation name="to_world">
            <transform time="0">
                <matrix value="0.9010530524247953 0.36104775949422535 -0.2403081460412529 -0.26291927988838926 -0.3210853159511867 0.18283552311841528 -0.9292338758290974 -0.7930178990294201 -0.2915609758043498 0.914448201275283 0.28067170314798207 -0.6985729249421099 0.0 0.0 0.0 1.0"/>
            </transform>
            <transform time="0.0015">
                <matrix value="0.9010623074489721 0.3610209518407851 -0.24031366075975896 -0.2628997692808718 -0.32108044748933096 0.18282901494103806 -0.929236837437184 -0.7930148187521702 -0.29153769622715764 0.914460080745239 0.28065716743932706 -0.6985412179575514 0.0 0.0 0.0 1.0"/>
            </transform>
        </animation>
    </shape>
    <shape name="temp30" type="ply">
        <string name="filename" value="meshes/Cube_026.ply"/>
        <boolean name="face_normals" value="true"/>
        <ref id="mat-Material" name="bsdf"/>
        <animation name="to_world">
            <transform time="0">
                <matrix value="0.923313289966615 0.23393881812094958 -0.30457410780856325 -0.33314082344447166 -0.350065045644978 0.18649711215356793 -0.9179723568756292 -1.1477765098969548 -0.1579471816065543 0.9541966071715375 0.2540890482298481 -0.8893099647072676 0.0 0.0 0.0 1.0"/>
            </transform>
            <transform time="0.0015">
                <matrix value="0.9233167845360887 0.2339213593550536 -0.30457695027149695 -0.3331482874747599 -0.3500607612070617 0.18648206307282295 -0.9179770460884329 -1.1477734995253792 -0.15793630854884044 0.9542038309705878 0.25406869142943667 -0.8893256505734181 0.0 0.0 0.0 1.0"/>
            </transform>
        </animation>
    </shape>
    <shape name="temp31" type="ply">
        <string name="filename" value="meshes/Cube_027.ply"/>
        <boolean name="face_normals" value="true"/>
        <ref id="mat-Material" name="bsdf"/>
        <animation name="to_world">
            <transform time="0">
                <matrix value="0.8726678864664281 0.17311971891210892 -0.45659675353564677 -0.5984991142220956 -0.48398946327037534 0.18246766425473954 -0.8558386809897021 -1.583991212617579 -0.06484838048533137 0.9678507288970284 0.24302184623807563 -1.0283035785337449 0.0 0.0 0.0 1.0"/>
            </transform>
            <transform time="0.0015">
                <matrix value="0.8726712693373342 0.17312097218868014 -0.4565898346064099 -0.598515197100872 -0.4839821071218487 0.18245439484174394 -0.8558456680018836 -1.583980475483302 -0.06485798496645548 0.9678530116776014 0.24301021256493083 -1.0283277024649524 0.0 0.0 0.0 1.0"/>
            </transform>
        </animation>
    </shape>
    <shape name="temp32" type="ply">
        <string name="filename" value="meshes/Cube_028.ply"/>
        <boolean name="face_normals" value="true"/>
        <ref id="mat-Material" name="bsdf"/>
        <animation name="to_world">
            <transform time="0">
                <matrix value="-0.1056994833580662 0.9845601900618035 0.1395308663747027 -1.4860385324383576 -0.7971486737337043 -1.1975197268383035e-05 -0.603783223590741 -2.122101334937624 -0.594459352123214 -0.17504637866769013 0.7848420713715326 -1.3586622400107118 0.0 0.0 0.0 1.0"/>
            </transform>
            <transform time="0.0015">
                <matrix value="-0.10569737225513759 0.9845602050800968 0.13953233951941474 -1.4860286780733785 -0.7971568596430192 -1.1772870070887313e-05 -0.6037724154232985 -2.122099177099586 -0.5944487407592872 -0.1750462780451254 0.7848501306900901 -1.3586342299453555 0.0 0.0 0.0 1.0"/>
            </transform>
        </animation>
    </shape>
    <shape name="temp33" type="ply">
        <string name="filename" value="meshes/Cube_029.ply"/>
        <boolean name="face_normals" value="true"/>
        <ref id="mat-Material" name="bsdf"/>
        <animation name="to_world">
            <transform time="0">
                <matrix value="0.001139289209559117 0.9769906742062855 0.21327572536725198 -1.576932034557903 -0.9986975357562671 -0.009763294627082973 0.05005512739107967 -1.8227883338438462 0.05098505922588813 -0.2130563197844075 0.975707661241709 -0.12237728421761707 0.0 0.0 0.0 1.0"/>
            </transform>
            <transform time="0.0015">
                <matrix value="0.001209602516435661 0.976980416712 0.21332233665314387 -1.5767046238293316 -0.9986927646317345 -0.009716647808267594 0.05015926195679639 -1.822649290160013 0.05107679247241789 -0.21310548967648785 0.9756921298199904 -0.12218681886107542 0.0 0.0 0.0 1.0"/>
            </transform>
        </animation>
    </shape>
    <shape name="temp34" type="ply">
        <string name="filename" value="meshes/Cube_030.ply"/>
        <boolean name="face_normals" value="true"/>
        <ref id="mat-Material" name="bsdf"/>
        <animation name="to_world">
            <transform time="0">
                <matrix value="-0.041326652549055015 0.9785573160407408 -0.2017855669304161 -3.224896685821948 -0.9763274586443627 0.003363934966800073 0.2162700464015732 -1.9275019909631124 0.21231142162347622 0.20594667086665552 0.9552538174097879 0.23871178166509877 0.0 0.0 0.0 1.0"/>
            </transform>
            <transform time="0.0015">
                <matrix value="-0.041306920331389524 0.9785571297490867 -0.20179049898090828 -3.2248475445212086 -0.9763358334799502 0.003376525657051369 0.21623205701237433 -1.927554199323028 0.2122767645054902 0.20594733869307516 0.9552613734327907 0.23864443278883024 0.0 0.0 0.0 1.0"/>
            </transform>
        </animation>
    </shape>
    <shape name="temp35" type="ply">
        <string name="filename" value="meshes/Cube_031.ply"/>
        <boolean name="face_normals" value="true"/>
        <ref id="mat-Material" name="bsdf"/>
        <animation name="to_world">
            <transform time="0">
                <matrix value="0.14036577592916652 0.9766809268641681 0.16244818805343103 -1.8808899988024148 -0.7555522607960258 -0.000368359569732783 0.655036686191345 -1.0895492533500462 0.639821098989942 -0.21469464335253002 0.7378817843686898 0.6293978754039091 0.0 0.0 0.0 1.0"/>
            </transform>
            <transform time="0.0015">
                <matrix value="0.140466194537178 0.9766735078273057 0.1624060421576628 -1.880667978909059 -0.7551643316705761 -0.000392585420872348 0.6554841187923613 -1.0878096664020673 0.6402571542411108 -0.21472836693000907 0.7374938647715519 0.6300265003688402 0.0 0.0 0.0 1.0"/>
            </transform>
        </animation>
    </shape>
    <shape name="temp36" type="ply">
        <string name="filename" value="meshes/Cube_032.ply"/>
        <boolean name="face_normals" value="true"/>
        <ref id="mat-Material" name="bsdf"/>
        <animation name="to_world">
            <transform time="0">
                <matrix value="0.6638726958106616 0.613037964386356 0.4283051967731092 -0.7046534825543487 -0.5443471677774292 0.0034208475605050238 0.8388409111432504 -0.6071604649606616 0.5127757625078232 -0.7900459510703493 0.3359763907255493 -0.15811968942073884 0.0 0.0 0.0 1.0"/>
            </transform>
            <transform time="0.0015">
                <matrix value="0.6637341417159603 0.6130407427706062 0.4285159900797107 -0.7048409810906835 -0.5446217228567136 0.003431187204854613 0.8386626955256017 -0.6080490687776514 0.5126636969305934 -0.7900437583995356 0.3361526064067028 -0.15826388816413306 0.0 0.0 0.0 1.0"/>
            </transform>
        </animation>
    </shape>
    <shape name="temp37" type="ply">
        <string name="filename" value="meshes/Cube_033.ply"/>
        <boolean name="face_normals" value="true"/>
        <ref id="mat-Material" name="bsdf"/>
        <animation name="to_world">
            <transform time="0">
                <matrix value="0.9766183622415239 0.16982678136009327 0.1318181850417545 -0.14464060036579984 -0.15001956909864245 0.09917620764961213 0.9836961686463199 0.30067134316260113 0.15398476048132448 -0.9804705865175429 0.1223346426482707 -0.38574068554532687 0.0 0.0 0.0 1.0"/>
            </transform>
            <transform time="0.0015">
                <matrix value="0.976619048389868 0.16982726419822108 0.13181244990471552 -0.1446469928045655 -0.15002016748382627 0.09921641837885786 0.9836920240970723 0.3006670249100248 0.15397979946922696 -0.9804664339594611 0.12237415543615959 -0.38573846355294344 0.0 0.0 0.0 1.0"/>
            </transform>
        </animation>
    </shape>
    <shape name="temp38" type="ply">
        <string name="filename" value="meshes/Cube_034.ply"/>
        <boolean name="face_normals" value="true"/>
        <ref id="mat-Material" name="bsdf"/>
        <animation name="to_world">
            <transform time="0">
                <matrix value="0.9999164490352412 -0.00142237961049011 0.012850060115332554 -0.03399799031152706 -0.012392797685217198 0.1777083076948749 0.9840052555409884 0.3692772563976873 -0.003683192471282403 -0.9840822196682262 0.17767585330440486 -0.3778272399939242 0.0 0.0 0.0 1.0"/>
            </transform>
            <transform time="0.0015">
