
<scene version="2.1.0">
    <default name="spp" value="1024"/>
    <default name="resx" value="640"/>
    <default name="resy" value="360"/>
    <integrator name="temp0" type="path">
        <integer name="max_depth" value="12"/>
    </integrator>
    <sensor name="temp44" type="perspective">
        <string name="fov_axis" value="x"/>
        <float name="fov" value="83.974423"/>
        <float name="principal_point_offset_x" value="0.000000"/>
        <float name="principal_point_offset_y" value="-0.000000"/>
        <float name="near_clip" value="0.100000"/>
        <float name="far_clip" value="1000.000000"/>
        <sampler name="sampler" type="correlated">
            <integer name="sample_count" value="1024"/>
        </sampler>
        <film name="film" type="hdrfilm">
            <integer name="width" value="$resx"/>
            <integer name="height" value="$resy"/>
        </film>
        <float name="shutter_open" value="0.0"/>
        <float name="shutter_close" value="0.0015"/>
        <animation name="to_world">
            <transform time="0">
                <rotate angle="-142.5518126578256" x="1"/>
                <rotate angle="3.976628485794621e-06" y="1"/>
                <rotate angle="-179.999991348578" z="1"/>
                <translate value="-0.000000 3.030926 4.073377"/>
            </transform>
            <transform time="0.0015">
                <rotate angle="-142.5518126578256" x="1"/>
                <rotate angle="3.976628485794621e-06" y="1"/>
                <rotate angle="-179.999991348578" z="1"/>
                <translate value="-0.000000 3.030926 4.073377"/>
                <translate x="0.15" y="0.0" z="0.0"/>
            </transform>
        </animation>
    </sensor>
    <bsdf id="mat-Material" name="mat-Material" type="twosided">
        <bsdf name="bsdf" type="diffuse">
            <texture name="reflectance" type="bitmap">
                <string name="filename" value="textures/siggraph_2023_logo.jpg"/>
            </texture>
        </bsdf>
    </bsdf>
    <bsdf id="mat-Material.001" name="mat-Material.001" type="twosided">
        <bsdf name="bsdf" type="principled">
            <rgb name="base_color" value="0.433648 0.266232 0.084399"/>
            <float name="spec_tint" value="0.000000"/>
            <float name="spec_trans" value="0.000000"/>
            <float name="metallic" value="0.000000"/>
            <float name="anisotropic" value="0.000000"/>
            <float name="roughness" value="0.500000"/>
            <float name="sheen" value="0.000000"/>
            <float name="sheen_tint" value="0.500000"/>
            <float name="clearcoat" value="0.000000"/>
            <float name="clearcoat_gloss" value="0.173205"/>
            <float name="specular" value="0.500000"/>
        </bsdf>
    </bsdf>
    <bsdf id="mat-Material.002" name="mat-Material.002" type="twosided">
        <bsdf name="bsdf" type="principled">
            <rgb name="base_color" value="0.433648 0.266232 0.084399"/>
            <float name="spec_tint" value="0.000000"/>
            <float name="spec_trans" value="0.000000"/>
            <float name="metallic" value="0.000000"/>
            <float name="anisotropic" value="0.000000"/>
            <float name="roughness" value="0.500000"/>
            <float name="sheen" value="0.000000"/>
            <float name="sheen_tint" value="0.500000"/>
            <float name="clearcoat" value="0.000000"/>
            <float name="clearcoat_gloss" value="0.173205"/>
            <float name="specular" value="0.500000"/>
        </bsdf>
    </bsdf>
    <bsdf id="mat-Material.003" name="mat-Material.003" type="twosided">
        <bsdf name="bsdf" type="principled">
            <rgb name="base_color" value="0.433648 0.266232 0.084399"/>
            <float name="spec_tint" value="0.000000"/>
            <float name="spec_trans" value="0.000000"/>
            <float name="metallic" value="0.000000"/>
            <float name="anisotropic" value="0.000000"/>
            <float name="roughness" value="0.500000"/>
            <float name="sheen" value="0.000000"/>
            <float name="sheen_tint" value="0.500000"/>
            <float name="clearcoat" value="0.000000"/>
            <float name="clearcoat_gloss" value="0.173205"/>
            <float name="specular" value="0.500000"/>
        </bsdf>
    </bsdf>
    <bsdf id="mat-Material.004" name="mat-Material.004" type="twosided">
        <bsdf name="bsdf" type="principled">
            <rgb name="base_color" value="0.433648 0.266232 0.084399"/>
            <float name="spec_tint" value="0.000000"/>
            <float name="spec_trans" value="0.000000"/>
            <float name="metallic" value="0.000000"/>
            <float name="anisotropic" value="0.000000"/>
            <float name="roughness" value="0.500000"/>
            <float name="sheen" value="0.000000"/>
            <float name="sheen_tint" value="0.500000"/>
            <float name="clearcoat" value="0.000000"/>
            <float name="clearcoat_gloss" value="0.173205"/>
            <float name="specular" value="0.500000"/>
        </bsdf>
    </bsdf>
    <bsdf id="mat-Material.005" name="mat-Material.005" type="twosided">
        <bsdf name="bsdf" type="principled">
            <rgb name="base_color" value="0.433648 0.266232 0.084399"/>
            <float name="spec_tint" value="0.000000"/>
            <float name="spec_trans" value="0.000000"/>
            <float name="metallic" value="0.000000"/>
            <float name="anisotropic" value="0.000000"/>
            <float name="roughness" value="0.500000"/>
            <float name="sheen" value="0.000000"/>
            <float name="sheen_tint" value="0.500000"/>
            <float name="clearcoat" value="0.000000"/>
            <float name="clearcoat_gloss" value="0.173205"/>
            <float name="specular" value="0.500000"/>
        </bsdf>
    </bsdf>
    <emitter name="temp45" type="point">
        <point name="position" x="-6.815235034541981e-16" y="3.0693089962005615" z="4.109199523925781"/>
        <rgb name="intensity" value="7.957747 7.957747 7.957747"/>
    </emitter>
    <shape name="temp2" type="ply">
        <string name="filename" value="meshes/Cube.ply"/>
        <boolean name="face_normals" value="true"/>
        <ref id="mat-Material" name="bsdf"/>
        <animation name="to_world">
            <transform time="0">
                <matrix value="0.9462250920611956 -0.32238482509182914 -0.026948051180534643 0.31374668729594557 0.031892267568751145 0.17585019909349364 -0.9839002960142329 1.3043586989134233 0.321933435810697 0.9301316374057983 0.17667546372490014 1.4791783761803345 0.0 0.0 0.0 1.0"/>
                <scale value="1"/>
            </transform>
            <transform time="0.0015">
                <matrix value="0.9461954600268918 -0.32246837936629125 -0.026984281519460876 0.3138690850881747 0.030300183045034155 0.17132213937650975 -0.9844319982798286 1.308791329832694 0.3220680820512242 0.9306484994769317 0.17187512168386665 1.4855524865578538 0.0 0.0 0.0 1.0"/>
                <scale value="1"/>
            </transform>
        </animation>
    </shape>
    <shape name="temp4" type="ply">
        <string name="filename" value="meshes/Plane.ply"/>
        <boolean name="face_normals" value="true"/>
        <ref id="mat-Material.001" name="bsdf"/>
        <transform name="to_world">
            <scale value="1"/>
        </transform>
    </shape>
    <shape name="temp5" type="ply">
        <string name="filename" value="meshes/Cube_001.ply"/>
        <boolean name="face_normals" value="true"/>
        <ref id="mat-Material" name="bsdf"/>
        <animation name="to_world">
            <transform time="0">
                <matrix value="0.9983378455286716 -0.01884160751570117 -0.05446652429363893 0.03873196925778455 -0.05447465280917403 8.161248000200241e-05 -0.9985152009289391 1.1726950228281108 0.018818079630939653 0.9998224949574801 -0.0009449123233358596 1.0913078483231549 0.0 0.0 0.0 1.0"/>
                <scale value="1"/>
            </transform>
            <transform time="0.0015">
                <matrix value="0.9983384678492627 -0.018808288606133573 -0.05446654301644867 0.038715204991553884 -0.054474638447929616 8.175817997390756e-05 -0.9985152009289392 1.1726946790079311 0.01878481819103411 0.9998231031983564 -0.0009429515345336882 1.0913980870210285 0.0 0.0 0.0 1.0"/>
                <scale value="1"/>
            </transform>
        </animation>
    </shape>
    <shape name="temp6" type="ply">
        <string name="filename" value="meshes/Cube_002.ply"/>
        <boolean name="face_normals" value="true"/>
        <ref id="mat-Material" name="bsdf"/>
        <animation name="to_world">
            <transform time="0">
                <matrix value="0.9997092337778156 -0.023461515196392328 0.0055880782998069594 -0.042640276701410684 0.010581762929788822 0.21848263433335488 -0.975783425945144 0.6555449689898436 0.021672464261462663 0.9755587445742069 0.21866747734505348 0.5435485517443436 0.0 0.0 0.0 1.0"/>
                <scale value="1"/>
            </transform>
            <transform time="0.0015">
                <matrix value="0.9997095529165803 -0.023453276911633417 0.005564007574771969 -0.042685730782148316 0.010555703653955993 0.21844818987780015 -0.975791400160021 0.6556199992954321 0.02167003880685083 0.9755666366873065 0.21863241633069938 0.5435744502753478 0.0 0.0 0.0 1.0"/>
                <scale value="1"/>
            </transform>
        </animation>
    </shape>
    <shape name="temp7" type="ply">
        <string name="filename" value="meshes/Cube_003.ply"/>
        <boolean name="face_normals" value="true"/>
        <ref id="mat-Material" name="bsdf"/>
        <animation name="to_world">
            <transform time="0">
                <matrix value="0.99550597755072 -0.0514812806227486 0.07948547137938095 -0.07956387997596526 0.08889454760144462 0.21861967406653415 -0.9717526491642716 0.13618648724088617 0.03265000168431653 0.9744511631690594 0.2222136200588057 0.20843722230426198 0.0 0.0 0.0 1.0"/>
                <scale value="1"/>
            </transform>
            <transform time="0.0015">
                <matrix value="0.9955011106845582 -0.0515793658468388 0.07948125789615197 -0.07954458560928011 0.08891176832918866 0.21860548928856535 -0.971754266134204 0.13614160759819505 0.03274745038698359 0.9744490230622722 0.22220808491541624 0.2081413074877025 0.0 0.0 0.0 1.0"/>
                <scale value="1"/>
            </transform>
        </animation>
    </shape>
    <shape name="temp8" type="ply">
        <string name="filename" value="meshes/Cube_004.ply"/>
        <boolean name="face_normals" value="true"/>
        <ref id="mat-Material" name="bsdf"/>
        <animation name="to_world">
            <transform time="0">
                <matrix value="0.9759080682307761 -0.1796822430296419 0.1237670683338526 0.05537229674702138 0.16240973393117708 0.21945255025311677 -0.9620103248024562 -0.3775119857657805 0.14569515289161689 0.9589341771254196 0.24334771720121168 -0.3777051450550526 0.0 0.0 0.0 1.0"/>
                <scale value="1"/>
            </transform>
            <transform time="0.0015">
                <matrix value="0.9758884092828697 -0.17979504843385505 0.12375677674575163 0.05544194792918057 0.1624281594077579 0.21945454768611822 -0.9620067504478689 -0.3775620370931925 0.14580503236830836 0.9589123930910695 0.24336703573671917 -0.3779875566717123 0.0 0.0 0.0 1.0"/>
                <scale value="1"/>
            </transform>
        </animation>
    </shape>
    <shape name="temp9" type="ply">
        <string name="filename" value="meshes/Cube_005.ply"/>
        <boolean name="face_normals" value="true"/>
        <ref id="mat-Material" name="bsdf"/>
        <animation name="to_world">
            <transform time="0">
                <matrix value="0.9711613983018544 -0.22366240251302089 0.08259201333647896 0.13133324051962658 0.13255588828194395 0.21856627654493005 -0.9667770002472695 -0.6344987768738682 0.1981798300435972 0.9498440834085974 0.2419106699869179 -0.8173871856558778 0.0 0.0 0.0 1.0"/>
                <scale value="1"/>
            </transform>
            <transform time="0.0015">
                <matrix value="0.9711504997130394 -0.22371354731066279 0.08258109538528839 0.1313738847810227 0.13255736270303695 0.21856328039542788 -0.9667774768278812 -0.6345028310427936 0.19823201401870966 0.949832692033172 0.24191249971605186 -0.8175287389394823 0.0 0.0 0.0 1.0"/>
                <scale value="1"/>
            </transform>
        </animation>
    </shape>
    <shape name="temp10" type="ply">
        <string name="filename" value="meshes/Cube_006.ply"/>
        <boolean name="face_normals" value="true"/>
        <ref id="mat-Material" name="bsdf"/>
        <animation name="to_world">
            <transform time="0">
                <matrix value="0.9876628246520114 -0.14181399307083722 -0.0664198069028382 0.03358480075861703 -0.03410625289214878 0.2191603239727756 -0.9750926787893345 -0.5425602285548046 0.152838383623479 0.9653276960012348 0.21161972879782098 -1.0392367133349436 0.0 0.0 0.0 1.0"/>
                <scale value="1"/>
            </transform>
            <transform time="0.0015">
                <matrix value="0.9876619789342849 -0.14181953331921487 -0.06642040092652914 0.03359752220908974 -0.034106488576126526 0.21915496995123418 -0.9750938702408636 -0.5425604134414738 0.15284373079348182 0.9653280939860057 0.21161403451054872 -1.039281826345006 0.0 0.0 0.0 1.0"/>
                <scale value="1"/>
            </transform>
        </animation>
    </shape>
    <shape name="temp11" type="ply">
        <string name="filename" value="meshes/Cube_007.ply"/>
        <boolean name="face_normals" value="true"/>
        <ref id="mat-Material" name="bsdf"/>
        <animation name="to_world">
            <transform time="0">
                <matrix value="0.9230759343081093 -0.24881472102923724 -0.29329568658896193 0.1791793738507952 -0.2452705278293415 0.2065893584579797 -0.9471871556015529 -0.30499152681701514 0.29626595889913077 0.946262069195679 0.12967073439991753 -1.8088883791002721 0.0 0.0 0.0 1.0"/>
                <scale value="1"/>
            </transform>
            <transform time="0.0015">
                <matrix value="0.9231189222997165 -0.24877631925341273 -0.2931922856169724 0.17916315576796266 -0.24518485981503516 0.20654124660465842 -0.9472196737179291 -0.30521634901433276 0.29620230188542684 0.9462826142208366 0.1296657924291822 -1.8087793147318334 0.0 0.0 0.0 1.0"/>
                <scale value="1"/>
            </transform>
        </animation>
    </shape>
    <shape name="temp12" type="ply">
        <string name="filename" value="meshes/Cube_008.ply"/>
        <boolean name="face_normals" value="true"/>
        <ref id="mat-Material" name="bsdf"/>
        <animation name="to_world">
            <transform time="0">
                <matrix value="0.31617657488028056 0.8853974465138302 -0.34073999303106567 1.7546194147327512 -0.6034719969079494 -0.08943169184624017 -0.7923531784061376 0.4990343901611138 -0.7320203642733416 0.4561504141436685 0.5060363547650916 0.957707956308895 0.0 0.0 0.0 1.0"/>
                <scale value="1"/>
            </transform>
            <transform time="0.0015">
                <matrix value="0.315907328674347 0.8855172624573296 -0.34067476957021564 1.7553426252202773 -0.603440769179822 -0.0895586549954943 -0.7923623440725437 0.49902696965759546 -0.7321606576743105 0.4558899593930872 0.5060657921282283 0.9583280062847929 0.0 0.0 0.0 1.0"/>
                <scale value="1"/>
            </transform>
        </animation>
    </shape>
    <shape name="temp13" type="ply">
        <string name="filename" value="meshes/Cube_009.ply"/>
        <boolean name="face_normals" value="true"/>
        <ref id="mat-Material" name="bsdf"/>
        <animation name="to_world">
            <transform time="0">
                <matrix value="-0.07331661427555773 0.9907880931870187 0.11385855805467444 2.615369268468583 -0.8394336618637052 0.0003365378799098083 -0.5434624634946511 0.9544166215702169 -0.5384946110735834 -0.135421475398552 0.8316758868725418 0.9209728231423384 0.0 0.0 0.0 1.0"/>
                <scale value="1"/>
            </transform>
            <transform time="0.0015">
                <matrix value="-0.07337976066723813 0.9907880706595789 0.11381735255457742 2.615453522804966 -0.8391487826453821 0.00033129917633305093 -0.5438956327187905 0.9532824843236096 -0.5389231665637814 -0.13542161131410588 0.8313939894407574 0.92148631429302 0.0 0.0 0.0 1.0"/>
                <scale value="1"/>
            </transform>
        </animation>
    </shape>
    <shape name="temp14" type="ply">
        <string name="filename" value="meshes/Cube_010.ply"/>
        <boolean name="face_normals" value="true"/>
        <ref id="mat-Material" name="bsdf"/>
        <animation name="to_world">
            <transform time="0">
                <matrix value="0.015160355798569928 0.9937280856362753 0.11079135228057668 1.947961530160367 -0.991763692163673 0.0008509249660529429 0.12807768990700683 2.055038632176277 0.1271801261287137 -0.11182054261059649 0.9855564816999282 -0.38415320259161523 0.0 0.0 0.0 1.0"/>
                <scale value="1"/>
            </transform>
            <transform time="0.0015">
                <matrix value="0.01541137630878934 0.9937116330960267 0.11089524600287716 1.9477290622732495 -0.9917752928577704 0.0010997943799516009 0.12797848199336292 2.0548675822394715 0.12705109992183314 -0.11195485270890551 0.9855574008196792 -0.3839194548873914 0.0 0.0 0.0 1.0"/>
                <scale value="1"/>
            </transform>
        </animation>
    </shape>
    <shape name="temp15" type="ply">
        <string name="filename" value="meshes/Cube_011.ply"/>
        <boolean name="face_normals" value="true"/>
        <ref id="mat-Material" name="bsdf"/>
        <animation name="to_world">
            <transform time="0">
                <matrix value="0.05368710185859897 0.9792075056891305 0.19562765560604434 1.6696402068891447 -0.9386771377965949 -0.017332201417120163 0.3443615694947901 2.0617360710201806 0.3405922500164 -0.20211894297937313 0.9182292004022503 -0.8778825091413709 0.0 0.0 0.0 1.0"/>
                <scale value="1"/>
            </transform>
            <transform time="0.0015">
                <matrix value="0.053986782732829586 0.979127833643472 0.1959308689567211 1.6697147935542913 -0.9387306254535611 -0.017120385812135912 0.34422376961508194 2.061506936466181 0.34039221703006406 -0.2025091279997388 0.9182146051210188 -0.8775094619131195 0.0 0.0 0.0 1.0"/>
                <scale value="1"/>
            </transform>
        </animation>
    </shape>
    <shape name="temp16" type="ply">
        <string name="filename" value="meshes/Cube_012.ply"/>
        <boolean name="face_normals" value="true"/>
        <ref id="mat-Material" name="bsdf"/>
        <animation name="to_world">
            <transform time="0">
                <matrix value="0.09250470278905087 0.9905561477025508 0.10120062824423041 1.095563607877115 -0.7382900109391927 3.7519476537421026e-05 0.6744833934644255 1.8463778276878366 0.6681098599889722 -0.13710829476266262 0.7313211047604818 -1.8360127506357404 0.0 0.0 0.0 1.0"/>
                <scale value="1"/>
            </transform>
            <transform time="0.0015">
                <matrix value="0.09247085971874663 0.9905625755320593 0.10116834331193911 1.0955520697648031 -0.738292595963187 3.4801593481642785e-05 0.6744805765325961 1.8463804307127418 0.6681116790799312 -0.13706163217463935 0.7313281598556077 -1.8360283988060808 0.0 0.0 0.0 1.0"/>
                <scale value="1"/>
            </transform>
        </animation>
    </shape>
    <shape name="temp17" type="ply">
        <string name="filename" value="meshes/Cube_013.ply"/>
        <boolean name="face_normals" value="true"/>
        <ref id="mat-Material" name="bsdf"/>
        <animation name="to_world">
            <transform time="0">
                <matrix value="0.9013633212594432 0.16644800103457696 0.39979982043410695 0.6930984135087109 -0.42247574140954247 0.13506944806569565 0.8962536540808216 1.4741814769352921 0.09517890987488187 -0.9767553913767175 0.19206685638179927 -1.3808161176476899 0.0 0.0 0.0 1.0"/>
                <scale value="1"/>
            </transform>
            <transform time="0.0015">
                <matrix value="0.9014847854732939 0.16638969251105776 0.3995474029172996 0.6926841686058558 -0.42221949851257723 0.13513231464121436 0.8963637016502698 1.4740516945104958 0.09515418938616702 -0.976756532767004 0.19207327064620985 -1.3807740679036127 0.0 0.0 0.0 1.0"/>
                <scale value="1"/>
            </transform>
        </animation>
    </shape>
    <shape name="temp18" type="ply">
        <string name="filename" value="meshes/Cube_014.ply"/>
        <boolean name="face_normals" value="true"/>
        <ref id="mat-Material" name="bsdf"/>
        <animation name="to_world">
            <transform time="0">
                <matrix value="0.9393171780783545 0.2984170555021349 0.16920660053586095 0.11210366736076127 -0.21611035464614284 0.13168675678888997 0.9674476537999841 1.0254366974916949 0.2664207121290293 -0.9453071713288683 0.1881866397869416 -0.8668659595674431 0.0 0.0 0.0 1.0"/>
                <scale value="1"/>
            </transform>
            <transform time="0.0015">
                <matrix value="0.939319986499484 0.2983930562695312 0.16923323203064672 0.11212364296947497 -0.21611494386157945 0.1316230274124244 0.967455245048298 1.0254484375561321 0.2664070737339192 -0.9453235562867973 0.18812332264853815 -0.8669056140291357 0.0 0.0 0.0 1.0"/>
                <scale value="1"/>
            </transform>
        </animation>
    </shape>
    <shape name="temp19" type="ply">
        <string name="filename" value="meshes/Cube_015.ply"/>
        <boolean name="face_normals" value="true"/>
        <ref id="mat-Material" name="bsdf"/>
        <animation name="to_world">
            <transform time="0">
                <matrix value="0.9830300677095246 0.13090298129209488 0.1285174797799254 0.013628215618687989 -0.14982514134961625 0.16866038967675726 0.9742208528103385 0.6399467155556164 0.10585260102796497 -0.9769433256226756 0.1854107676181894 -0.29557236970829803 0.0 0.0 0.0 1.0"/>
                <scale value="1"/>
            </transform>
            <transform time="0.0015">
                <matrix value="0.9830313761784599 0.1308847258057423 0.12852601057287374 0.013626369828049673 -0.1498298151368255 0.16865717876566175 0.9742206911133453 0.639949920009331 0.10583377024515295 -0.9769463142630311 0.18540570650230115 -0.29555269152307484 0.0 0.0 0.0 1.0"/>
                <scale value="1"/>
            </transform>
        </animation>
    </shape>
    <shape name="temp20" type="ply">
        <string name="filename" value="meshes/Cube_016.ply"/>
        <boolean name="face_normals" value="true"/>
        <ref id="mat-Material" name="bsdf"/>
        <animation name="to_world">
            <transform time="0">
                <matrix value="0.9851124148312049 0.02542368638968093 0.17002306272844653 0.0313678661963136 -0.17186996367195187 0.1678770313480997 0.970710145756633 0.3260779796824499 -0.0038639417971125497 -0.9854800458050615 0.16974730757538292 0.20302577190068477 0.0 0.0 0.0 1.0"/>
                <scale value="1"/>
            </transform>
            <transform time="0.0015">
                <matrix value="0.9851094787545696 0.025405905481394882 0.17004266891439462 0.03134208339251697 -0.17188629240684852 0.16787103078903412 0.9707082904963948 0.3260843278219351 -0.0038835163328157455 -0.9854815251069461 0.1697382533947986 0.2030931599249082 0.0 0.0 0.0 1.0"/>
                <scale value="1"/>
            </transform>
        </animation>
    </shape>
    <shape name="temp21" type="ply">
        <string name="filename" value="meshes/Cube_017.ply"/>
        <boolean name="face_normals" value="true"/>
        <ref id="mat-Material" name="bsdf"/>
        <animation name="to_world">
            <transform time="0">
                <matrix value="0.9410023810916853 -0.1547499389891599 0.3009442575082703 0.22074066044266116 -0.2835189184205721 0.12498816285409754 0.9507865109042075 0.16010055169705295 -0.18474864678463976 -0.9800155603715299 0.07373962283597804 0.4690929419101474 0.0 0.0 0.0 1.0"/>
                <scale value="1"/>
            </transform>
            <transform time="0.0015">
                <matrix value="0.9409849401581936 -0.1548807716016683 0.30093070900231084 0.22076008178000098 -0.28347397729972484 0.1250990474186048 0.950785132224581 0.15995787231524397 -0.18490445671234906 -0.9799803199464333 0.07381175586466002 0.46920919475837436 0.0 0.0 0.0 1.0"/>
                <scale value="1"/>
            </transform>
        </animation>
    </shape>
    <shape name="temp22" type="ply">
        <string name="filename" value="meshes/Cube_018.ply"/>
        <boolean name="face_normals" value="true"/>
        <ref id="mat-Material" name="bsdf"/>
        <animation name="to_world">
            <transform time="0">
                <matrix value="0.20044408335061975 0.9559568481278538 0.21440233823349333 0.8534025449213422 -0.6114529978174804 -0.04892043143528784 0.7897672498854664 0.028637174048405642 0.7654722203015104 -0.2894010091297247 0.5747169993300556 -0.15254260841392775 0.0 0.0 0.0 1.0"/>
                <scale value="1"/>
            </transform>
            <transform time="0.0015">
                <matrix value="0.2005943003714774 0.9559559620485524 0.2142631826521524 0.8534147909980323 -0.6112429247256066 -0.04879162328870871 0.7899362998367092 0.02839922150528996 0.7655991896590524 -0.2894249182525689 0.5745346391631592 -0.1525218046710673 0.0 0.0 0.0 1.0"/>
                <scale value="1"/>
            </transform>
        </animation>
    </shape>
    <shape name="temp23" type="ply">
        <string name="filename" value="meshes/Cube_019.ply"/>
        <boolean name="face_normals" value="true"/>
        <ref id="mat-Material" name="bsdf"/>
        <animation name="to_world">
            <transform time="0">
                <matrix value="-0.08157747767394113 0.9835254044966555 -0.16131565348415985 0.5088658577782232 -0.9134420869922893 -0.009030645171383099 0.406869222793616 -0.04645658385879105 0.39870954759257976 0.18054379952567984 0.8991301124627146 -0.05420180515173589 0.0 0.0 0.0 1.0"/>
                <scale value="1"/>
            </transform>
            <transform time="0.0015">
                <matrix value="-0.08159214688726128 0.983519119340933 -0.1613464771862544 0.508891075788372 -0.9134355286906745 -0.009028594648715051 0.40688398828220873 -0.04646895340617321 0.39872155997568365 0.1805780690181183 0.8991178745534372 -0.05421283590119799 0.0 0.0 0.0 1.0"/>
                <scale value="1"/>
            </transform>
        </animation>
    </shape>
    <shape name="temp24" type="ply">
        <string name="filename" value="meshes/Cube_020.ply"/>
        <boolean name="face_normals" value="true"/>
        <ref id="mat-Material" name="bsdf"/>
        <animation name="to_world">
            <transform time="0">
                <matrix value="0.0992095892467139 0.9403977502847959 -0.3252832842731957 0.14195834411500663 -0.9613719051822928 0.00623727024626626 -0.27518118597735036 0.1405676078330766 -0.25675084946783894 0.3400189286389806 0.9046913124029029 0.11903689079468849 0.0 0.0 0.0 1.0"/>
                <scale value="1"/>
            </transform>
            <transform time="0.0015">
                <matrix value="0.09920717839906633 0.9403912949262436 -0.3253026794020177 0.14198437004236034 -0.9613780196828166 0.006237215394153863 -0.2751598334638803 0.14054790150784405 -0.2567288948817096 0.3400367755972064 0.9046908188015726 0.11903924500533201 0.0 0.0 0.0 1.0"/>
                <scale value="1"/>
            </transform>
        </animation>
    </shape>
    <shape name="temp25" type="ply">
        <string name="filename" value="meshes/Cube_021.ply"/>
        <boolean name="face_normals" value="true"/>
        <ref id="mat-Material" name="bsdf"/>
        <animation name="to_world">
            <transform time="0">
                <matrix value="0.18842808057061097 0.9413163323411685 -0.28003296296488916 -0.17484228316870454 -0.7962056780969705 -0.020505855997730606 -0.6046786891027899 0.09188760852482114 -0.5749365721853741 0.3369020676938737 0.7456173487696331 0.31354186129756323 0.0 0.0 0.0 1.0"/>
                <scale value="1"/>
            </transform>
            <transform time="0.0015">
                <matrix value="0.18842460514946321 0.9413162722679956 -0.28003549054420446 -0.17484031550602935 -0.7962145501546296 -0.020505171764290415 -0.6046670128778048 0.09187392868270824 -0.574925402328609 0.3369022704408325 0.7456258676480662 0.31356840842362843 0.0 0.0 0.0 1.0"/>
                <scale value="1"/>
            </transform>
        </animation>
    </shape>
    <shape name="temp26" type="ply">
        <string name="filename" value="meshes/Cube_022.ply"/>
        <boolean name="face_normals" value="true"/>
        <ref id="mat-Material" name="bsdf"/>
        <animation name="to_world">
            <transform time="0">
                <matrix value="0.6374029966650532 0.40162570423196214 -0.6575823093081608 -0.08679286825455501 -0.7116365883193535 -0.02039017944487436 -0.7022518073604996 -0.1953529347707807 -0.29545074969815277 0.9155768496713759 0.2728148679424765 0.6921381882269055 0.0 0.0 0.0 1.0"/>
                <scale value="1"/>
            </transform>
            <transform time="0.0015">
                <matrix value="0.6373986563778531 0.4016396261897992 -0.657578011572288 -0.08680483696708519 -0.7116364447069093 -0.020390102250847086 -0.7022519605471248 -0.1953528243496834 -0.295460443538131 0.9155707372260257 0.27282485060421674 0.692144793859907 0.0 0.0 0.0 1.0"/>
                <scale value="1"/>
            </transform>
        </animation>
    </shape>
    <shape name="temp27" type="ply">
        <string name="filename" value="meshes/Cube_023.ply"/>
        <boolean name="face_normals" value="true"/>
        <ref id="mat-Material" name="bsdf"/>
        <animation name="to_world">
            <transform time="0">
                <matrix value="0.8560583092653367 0.28567674058190784 -0.4307590985016791 -0.06633190707047631 -0.48035998276678243 0.13201569386533396 -0.8670791607587535 -0.2870121056461888 -0.19083745104401031 0.9491895466008098 0.25024076864414513 0.20825621055505883 0.0 0.0 0.0 1.0"/>
                <scale value="1"/>
            </transform>
            <transform time="0.0015">
                <matrix value="0.8560598251744691 0.28568189936563715 -0.4307526561530539 -0.06631511435322406 -0.48035703073320885 0.13202657236604512 -0.8670791437380174 -0.287014153784227 -0.19083808453445827 0.9491864753598415 0.25025191722631024 0.20830087236289144 0.0 0.0 0.0 1.0"/>
                <scale value="1"/>
            </transform>
        </animation>
    </shape>
    <shape name="temp28" type="ply">
        <string name="filename" value="meshes/Cube_024.ply"/>
        <boolean name="face_normals" value="true"/>
        <ref id="mat-Material" name="bsdf"/>
        <animation name="to_world">
            <transform time="0">
                <matrix value="0.8522114189568939 0.45203150453774643 -0.26344510262157694 -0.1958899126986623 -0.37483644400002125 0.17621513778020662 -0.910190104396906 -0.5099579871086832 -0.36501160405441585 0.8744232129038448 0.319610505597605 -0.3549348766450969 0.0 0.0 0.0 1.0"/>
                <scale value="1"/>
            </transform>
            <transform time="0.0015">
                <matrix value="0.8521747179989517 0.4520925388814894 -0.2634588213348977 -0.19594022010625634 -0.37485428385696884 0.17616578992135132 -0.9101922660303945 -0.5099742374243261 -0.3650787396806552 0.8744014964518143 0.3195929997704953 -0.35502347306128135 0.0 0.0 0.0 1.0"/>
                <scale value="1"/>
            </transform>
        </animation>
    </shape>
    <shape name="temp29" type="ply">
        <string name="filename" value="meshes/Cube_025.ply"/>
        <boolean name="face_normals" value="true"/>
        <ref id="mat-Material" name="bsdf"/>
        <animation name="to_world">
            <transform time="0">
                <matrix value="0.9025206240126803 0.35596790308349835 -0.24237069530012986 -0.2602462803996134 -0.32112629359941985 0.18129165684583343 -0.9295222781323446 -0.7932367645897321 -0.2869402085361162 0.9167442947042591 0.2779299901044915 -0.6949520051910585 0.0 0.0 0.0 1.0"/>
                <scale value="1"/>
            </transform>
            <transform time="0.0015">
                <matrix value="0.9025251079123245 0.3559447674027562 -0.24238795432656565 -0.26024156707109697 -0.3211351911881801 0.1812863681538676 -0.9295202271336409 -0.7932446242136237 -0.2869161374947875 0.9167543119058528 0.27792176057857265 -0.6949211593819328 0.0 0.0 0.0 1.0"/>
                <scale value="1"/>
            </transform>
        </animation>
    </shape>
    <shape name="temp30" type="ply">
        <string name="filename" value="meshes/Cube_026.ply"/>
        <boolean name="face_normals" value="true"/>
        <ref id="mat-Material" name="bsdf"/>
        <animation name="to_world">
            <transform time="0">
                <matrix value="0.9233183872403272 0.23231050658812782 -0.3058031271319904 -0.333710088081395 -0.3507189815381178 0.1856594906794209 -0.9178925734515752 -1.1486969329859775 -0.15646086091623274 0.954757698316518 0.2528985613452975 -0.890953157132399 0.0 0.0 0.0 1.0"/>
                <scale value="1"/>
            </transform>
            <transform time="0.0015">
                <matrix value="0.9233127863550066 0.23229249965452844 -0.3058336538222395 -0.3337417501994 -0.35074354884022557 0.18565313568863476 -0.9178844630708093 -1.1487277450643276 -0.15643873502567504 0.9547633076490446 0.25289102966955995 -0.8909414149140766 0.0 0.0 0.0 1.0"/>
                <scale value="1"/>
            </transform>
        </animation>
    </shape>
    <shape name="temp31" type="ply">
        <string name="filename" value="meshes/Cube_027.ply"/>
        <boolean name="face_normals" value="true"/>
        <ref id="mat-Material" name="bsdf"/>
        <animation name="to_world">
            <transform time="0">
                <matrix value="0.8721683536426448 0.1728716185915152 -0.4576438666522308 -0.6032647151227097 -0.4849089671239143 0.1817729437261041 -0.8554660037511211 -1.5850683766383322 -0.06469849847613679 0.968025730930723 0.24236360344021396 -1.030623412591079 0.0 0.0 0.0 1.0"/>
                <scale value="1"/>
            </transform>
            <transform time="0.0015">
                <matrix value="0.872155109383909 0.17287290415741688 -0.4576685977818276 -0.603319893909514 -0.4849332854977856 0.18176916211986532 -0.8554530084190859 -1.5850881457110615 -0.06469459062196285 0.9680262115161068 0.24236272687230329 -1.0306175999263834 0.0 0.0 0.0 1.0"/>
                <scale value="1"/>
            </transform>
        </animation>
    </shape>
    <shape name="temp32" type="ply">
        <string name="filename" value="meshes/Cube_028.ply"/>
        <boolean name="face_normals" value="true"/>
        <ref id="mat-Material" name="bsdf"/>
        <animation name="to_world">
            <transform time="0">
                <matrix value="-0.10544286886975268 0.9846548872290233 0.13905588905683464 -1.4867855411884028 -0.7969565286768187 -3.905402953133246e-05 -0.6040371121757306 -2.12213139513107 -0.5947627507193805 -0.1745128414781936 0.7847310837638487 -1.3615751631645314 0.0 0.0 0.0 1.0"/>
                <scale value="1"/>
            </transform>
            <transform time="0.0015">
                <matrix value="-0.10544330449416651 0.9846546694637712 0.1390571026353207 -1.4867844643774604 -0.79695877860511 -3.932339763895404e-05 -0.6040341335469079 -2.1221309875082577 -0.5947596550733627 -0.17451407147641027 0.7847331602936566 -1.361566965832098 0.0 0.0 0.0 1.0"/>
                <scale value="1"/>
            </transform>
        </animation>
    </shape>
    <shape name="temp33" type="ply">
        <string name="filename" value="meshes/Cube_029.ply"/>
        <boolean name="face_normals" value="true"/>
        <ref id="mat-Material" name="bsdf"/>
        <animation name="to_world">
            <transform time="0">
                <matrix value="0.0017417029681203204 0.9762681389920801 0.21655878371765697 -1.5703668689660037 -0.9986760385584378 -0.009436130515223509 0.050570965641829876 -1.822198915191842 0.05141429399656399 -0.21636008284959213 0.9749588790322542 -0.12400958135144169 0.0 0.0 0.0 1.0"/>
                <scale value="1"/>
            </transform>
            <transform time="0.0015">
                <matrix value="0.0017445784083904054 0.9762643618913294 0.2165757516895049 -1.570340039376123 -0.998676389611079 -0.009432729322352576 0.05056478456150428 -1.8222129729965497 0.05140749155379408 -0.2163772412496232 0.9749554323331879 -0.12403208524815106 0.0 0.0 0.0 1.0"/>
                <scale value="1"/>
            </transform>
        </animation>
    </shape>
    <shape name="temp34" type="ply">
        <string name="filename" value="meshes/Cube_030.ply"/>
        <boolean name="face_normals" value="true"/>
        <ref id="mat-Material" name="bsdf"/>
        <animation name="to_world">
            <transform time="0">
                <matrix value="-0.042623940128921574 0.9784573961528774 -0.20200071633673258 -3.2290819048471917 -0.9748033448545818 0.0035806179057094756 0.22303615611049724 -1.9133555506583244 0.2189545996999755 0.20641766865566372 0.9536512594060876 0.24894010443375514 0.0 0.0 0.0 1.0"/>
                <scale value="1"/>
            </transform>
            <transform time="0.0015">
                <matrix value="-0.042617673151236275 0.978457089045324 -0.20200350950933935 -3.2290708145976708 -0.9748106396100769 0.0035805905521269876 0.2230042356499282 -1.9134262587274247 0.21892330366305324 0.20641911173429975 0.9536581185105739 0.24887736323463808 0.0 0.0 0.0 1.0"/>
                <scale value="1"/>
            </transform>
        </animation>
    </shape>
    <shape name="temp35" type="ply">
        <string name="filename" value="meshes/Cube_031.ply"/>
        <boolean name="face_normals" value="true"/>
        <ref id="mat-Material" name="bsdf"/>
        <animation name="to_world">
            <transform time="0">
                <matrix value="0.14018367028528778 0.9760603892595893 0.16629678677283022 -1.8754496034392518 -0.7664380428596503 0.0006420134202989844 0.6423182628158182 -1.135429530136952 0.6268347969157505 -0.21749853469691693 0.7481798741525818 0.6093390253119471 0.0 0.0 0.0 1.0"/>
                <scale value="1"/>
            </transform>
            <transform time="0.0015">
                <matrix value="0.14011003220671736 0.9760603742412961 0.16635817120664612 -1.8755642585717198 -0.7667189168864763 0.0006419567262419888 0.641978903378859 -1.1364907774364366 0.6265035149210377 -0.2174985947700899 0.7484539590664826 0.6088093568791876 0.0 0.0 0.0 1.0"/>
                <scale value="1"/>
            </transform>
        </animation>
    </shape>
    <shape name="temp36" type="ply">
        <string name="filename" value="meshes/Cube_032.ply"/>
        <boolean name="face_normals" value="true"/>
        <ref id="mat-Material" name="bsdf"/>
        <animation name="to_world">
            <transform time="0">
