
<scene version="2.1.0">
    <default name="spp" value="1024"/>
    <default name="resx" value="1280"/>
    <default name="resy" value="720"/>
    <integrator name="temp0" type="path">
        <integer name="max_depth" value="12"/>
    </integrator>
    <sensor name="temp44" type="perspective">
        <string name="fov_axis" value="x"/>
        <float name="fov" value="83.974423"/>
        <float name="principal_point_offset_x" value="0.000000"/>
        <float name="principal_point_offset_y" value="-0.000000"/>
        <float name="near_clip" value="0.100000"/>
        <float name="far_clip" value="1000.000000"/>
        <sampler name="sampler" type="correlated">
            <integer name="sample_count" value="1024"/>
        </sampler>
        <film name="film" type="hdrfilm">
            <integer name="width" value="$resx"/>
            <integer name="height" value="$resy"/>
        </film>
        <float name="shutter_open" value="0.0"/>
        <float name="shutter_close" value="0.0015"/>
        <animation name="to_world">
            <transform time="0">
                <rotate angle="-142.5518126578256" x="1"/>
                <rotate angle="3.976628485794621e-06" y="1"/>
                <rotate angle="-179.999991348578" z="1"/>
                <translate value="-0.000000 3.030926 4.073377"/>
            </transform>
            <transform time="0.0015">
                <rotate angle="-142.5518126578256" x="1"/>
                <rotate angle="3.976628485794621e-06" y="1"/>
                <rotate angle="-179.999991348578" z="1"/>
                <translate value="-0.000000 3.030926 4.073377"/>
                <translate x="0.15" y="0.0" z="0.0"/>
            </transform>
        </animation>
    </sensor>
    <bsdf id="mat-Material" name="mat-Material" type="twosided">
        <bsdf name="bsdf" type="diffuse">
            <texture name="reflectance" type="bitmap">
                <string name="filename" value="textures/siggraph_2023_logo.jpg"/>
            </texture>
        </bsdf>
    </bsdf>
    <bsdf id="mat-Material.001" name="mat-Material.001" type="twosided">
        <bsdf name="bsdf" type="principled">
            <rgb name="base_color" value="0.433648 0.266232 0.084399"/>
            <float name="spec_tint" value="0.000000"/>
            <float name="spec_trans" value="0.000000"/>
            <float name="metallic" value="0.000000"/>
            <float name="anisotropic" value="0.000000"/>
            <float name="roughness" value="0.500000"/>
            <float name="sheen" value="0.000000"/>
            <float name="sheen_tint" value="0.500000"/>
            <float name="clearcoat" value="0.000000"/>
            <float name="clearcoat_gloss" value="0.173205"/>
            <float name="specular" value="0.500000"/>
        </bsdf>
    </bsdf>
    <bsdf id="mat-Material.002" name="mat-Material.002" type="twosided">
        <bsdf name="bsdf" type="principled">
            <rgb name="base_color" value="0.433648 0.266232 0.084399"/>
            <float name="spec_tint" value="0.000000"/>
            <float name="spec_trans" value="0.000000"/>
            <float name="metallic" value="0.000000"/>
            <float name="anisotropic" value="0.000000"/>
            <float name="roughness" value="0.500000"/>
            <float name="sheen" value="0.000000"/>
            <float name="sheen_tint" value="0.500000"/>
            <float name="clearcoat" value="0.000000"/>
            <float name="clearcoat_gloss" value="0.173205"/>
            <float name="specular" value="0.500000"/>
        </bsdf>
    </bsdf>
    <bsdf id="mat-Material.003" name="mat-Material.003" type="twosided">
        <bsdf name="bsdf" type="principled">
            <rgb name="base_color" value="0.433648 0.266232 0.084399"/>
            <float name="spec_tint" value="0.000000"/>
            <float name="spec_trans" value="0.000000"/>
            <float name="metallic" value="0.000000"/>
            <float name="anisotropic" value="0.000000"/>
            <float name="roughness" value="0.500000"/>
            <float name="sheen" value="0.000000"/>
            <float name="sheen_tint" value="0.500000"/>
            <float name="clearcoat" value="0.000000"/>
            <float name="clearcoat_gloss" value="0.173205"/>
            <float name="specular" value="0.500000"/>
        </bsdf>
    </bsdf>
    <bsdf id="mat-Material.004" name="mat-Material.004" type="twosided">
        <bsdf name="bsdf" type="principled">
            <rgb name="base_color" value="0.433648 0.266232 0.084399"/>
            <float name="spec_tint" value="0.000000"/>
            <float name="spec_trans" value="0.000000"/>
            <float name="metallic" value="0.000000"/>
            <float name="anisotropic" value="0.000000"/>
            <float name="roughness" value="0.500000"/>
            <float name="sheen" value="0.000000"/>
            <float name="sheen_tint" value="0.500000"/>
            <float name="clearcoat" value="0.000000"/>
            <float name="clearcoat_gloss" value="0.173205"/>
            <float name="specular" value="0.500000"/>
        </bsdf>
    </bsdf>
    <bsdf id="mat-Material.005" name="mat-Material.005" type="twosided">
        <bsdf name="bsdf" type="principled">
            <rgb name="base_color" value="0.433648 0.266232 0.084399"/>
            <float name="spec_tint" value="0.000000"/>
            <float name="spec_trans" value="0.000000"/>
            <float name="metallic" value="0.000000"/>
            <float name="anisotropic" value="0.000000"/>
            <float name="roughness" value="0.500000"/>
            <float name="sheen" value="0.000000"/>
            <float name="sheen_tint" value="0.500000"/>
            <float name="clearcoat" value="0.000000"/>
            <float name="clearcoat_gloss" value="0.173205"/>
            <float name="specular" value="0.500000"/>
        </bsdf>
    </bsdf>
    <emitter name="temp45" type="point">
        <point name="position" x="-6.815235034541981e-16" y="3.0693089962005615" z="4.109199523925781"/>
        <rgb name="intensity" value="7.957747 7.957747 7.957747"/>
    </emitter>
    <shape name="temp2" type="ply">
        <string name="filename" value="meshes/Cube.ply"/>
        <boolean name="face_normals" value="true"/>
        <ref id="mat-Material" name="bsdf"/>
        <animation name="to_world">
            <transform time="0">
                <matrix value="0.9999991135176153 0.0001238180062283203 0.0013185836042817812 -0.002184589127158576 -0.00012309583583764607 0.999999165663725 -0.0005420107597698643 -0.016809012842398857 -0.0013186115203704788 0.0005418482217165218 0.9999984634303516 0.0029714702079433053 0.0 0.0 0.0 1.0"/>
            </transform>
            <transform time="0.0015">
                <matrix value="0.9999991135176153 0.00012140564782114819 0.0013190774609405922 -0.0021839518448406973 -0.00012057717674957463 0.9999991206088452 -0.0006224140790336988 -0.016708533675162885 -0.0013191138447861406 0.0006222547370062022 0.9999984208785112 0.0029694161818801315 0.0 0.0 0.0 1.0"/>
            </transform>
        </animation>
    </shape>
    <shape name="temp4" type="ply">
        <string name="filename" value="meshes/Plane.ply"/>
        <boolean name="face_normals" value="true"/>
        <ref id="mat-Material.001" name="bsdf"/>
    </shape>
    <shape name="temp5" type="ply">
        <string name="filename" value="meshes/Cube_001.ply"/>
        <boolean name="face_normals" value="true"/>
        <ref id="mat-Material" name="bsdf"/>
        <animation name="to_world">
            <transform time="0">
                <matrix value="0.9999988918970191 -4.2065566316175904e-05 -0.001592102457518577 0.0021463802594963166 4.407523930591977e-05 0.9999968712389686 0.0012520489565273716 -0.01903077083601068 0.001591805445483993 -0.0012521176497581467 0.9999956266863852 -0.0033306356409611437 0.0 0.0 0.0 1.0"/>
            </transform>
            <transform time="0.0015">
                <matrix value="0.9999988759400809 -4.997945594101928e-05 -0.0015926519719845328 0.0021471042285060365 5.224000567770501e-05 0.9999966760011564 0.0014091993707269635 -0.01920244655592221 0.0015923382476516852 -0.0014092807845304562 0.9999954309479198 -0.0033311603302685535 0.0 0.0 0.0 1.0"/>
            </transform>
        </animation>
    </shape>
    <shape name="temp6" type="ply">
        <string name="filename" value="meshes/Cube_002.ply"/>
        <boolean name="face_normals" value="true"/>
        <ref id="mat-Material" name="bsdf"/>
        <animation name="to_world">
            <transform time="0">
                <matrix value="1.0 1.8429132519716415e-05 0.0003449988913058998 -0.0009225643332433364 -1.8427087710340108e-05 0.9999965583628654 9.952243415326445e-06 -0.01760686044267515 -0.00034486513943481425 -9.960932203920223e-06 0.9999966904653725 0.0009429520916902634 0.0 0.0 0.0 1.0"/>
            </transform>
            <transform time="0.0015">
                <matrix value="1.0 1.4752616787890392e-05 0.00034514705681391113 -0.0009212155206381533 -1.468612715340904e-05 0.999996565872012 -0.00017690480196660887 -0.017494289998700674 -0.000345016794175807 0.000176896747427448 0.9999966904653725 0.0009338134969008488 0.0 0.0 0.0 1.0"/>
            </transform>
        </animation>
    </shape>
    <shape name="temp7" type="ply">
        <string name="filename" value="meshes/Cube_003.ply"/>
        <boolean name="face_normals" value="true"/>
        <ref id="mat-Material" name="bsdf"/>
        <animation name="to_world">
            <transform time="0">
                <matrix value="0.9999991135176153 0.00042971342634792243 0.0012730928688511802 -0.001252587748955758 -0.0004339623812335225 0.9999926995575932 0.003346383931547477 -0.017630672298548977 -0.0012712733610270432 -0.0033469316240564177 0.9999921989540925 0.00379839344755592 0.0 0.0 0.0 1.0"/>
            </transform>
            <transform time="0.0015">
                <matrix value="0.9999991135176153 0.0004140596340254656 0.001273423411546824 -0.0012518089428821258 -0.000418152438312785 0.999993120069804 0.0032226445415415527 -0.017635404991547397 -0.0012717099428571736 -0.00322317247748293 0.9999926074517596 0.0037922461550560127 0.0 0.0 0.0 1.0"/>
            </transform>
        </animation>
    </shape>
    <shape name="temp8" type="ply">
        <string name="filename" value="meshes/Cube_004.ply"/>
        <boolean name="face_normals" value="true"/>
        <ref id="mat-Material" name="bsdf"/>
        <animation name="to_world">
            <transform time="0">
                <matrix value="0.9999995567588077 0.00026734355673382383 0.0009704796603093659 -0.0005170880212930218 -0.0002674639245993543 0.9999998957079657 0.00012698625266594838 -0.017128200660818077 -0.0009704145368927375 -0.00012724525106221437 0.9999995272093389 0.0030261590952172773 0.0 0.0 0.0 1.0"/>
            </transform>
            <transform time="0.0015">
                <matrix value="0.9999995567588076 0.0002597966616318336 0.0009711100232719389 -0.0005159250235545081 -0.00025989601154533963 0.9999999032171123 0.00010522026295847552 -0.017147496842885794 -0.0009710518570058739 -0.00010547207493803453 0.9999995272093389 0.0030261328290343975 0.0 0.0 0.0 1.0"/>
            </transform>
        </animation>
    </shape>
    <shape name="temp9" type="ply">
        <string name="filename" value="meshes/Cube_005.ply"/>
        <boolean name="face_normals" value="true"/>
        <ref id="mat-Material" name="bsdf"/>
        <animation name="to_world">
            <transform time="0">
                <matrix value="0.9999995567588077 -0.0006735252584878072 0.0007948485675152155 -0.0006075114321166808 0.0006774055142750258 0.9999877978319773 -0.00489172857466381 -0.021033322898013157 -0.000791535688894326 0.004892264242641676 0.9999878256404777 0.001920142213907572 0.0 0.0 0.0 1.0"/>
            </transform>
            <transform time="0.0015">
                <matrix value="0.9999995567588076 -0.0006761150880662419 0.0007949346924400331 -0.0006082252906295194 0.0006800109631501616 0.9999877002130713 -0.004910774778393237 -0.021045927438263327 -0.0007915963252596219 0.004911312694877505 0.999987732026429 0.001923632892008312 0.0 0.0 0.0 1.0"/>
            </transform>
        </animation>
    </shape>
    <shape name="temp10" type="ply">
        <string name="filename" value="meshes/Cube_006.ply"/>
        <boolean name="face_normals" value="true"/>
        <ref id="mat-Material" name="bsdf"/>
        <animation name="to_world">
            <transform time="0">
                <matrix value="0.9999993351382115 0.00016746307540522668 -0.0012630094260274096 -0.0011928333033781602 -0.00016755647336031784 0.9999997914159312 -6.837262144928301e-05 -0.017410256391941548 0.0012629537238465535 6.858452765094708e-05 0.999999054418678 -0.00294560967756452 0.0 0.0 0.0 1.0"/>
            </transform>
            <transform time="0.0015">
                <matrix value="0.9999993191812733 0.00017276969170403275 -0.0012637766357084675 -0.0011930139927415501 -0.0001729192013779027 0.9999997914159313 -0.00011272985125548987 -0.017427841855055082 0.001263713274106576 0.00011294856589326105 0.999999054418678 -0.0029481296191365353 0.0 0.0 0.0 1.0"/>
            </transform>
        </animation>
    </shape>
    <shape name="temp11" type="ply">
        <string name="filename" value="meshes/Cube_007.ply"/>
        <boolean name="face_normals" value="true"/>
        <ref id="mat-Material" name="bsdf"/>
        <animation name="to_world">
            <transform time="0">
                <matrix value="0.9999988918970191 0.001647310412725297 -6.914386121513818e-05 0.0004862937085690078 -0.0016476560519265923 0.9999842519028083 -0.005339626807419598 -0.018940966079236427 6.0295650740124144e-05 0.005339729216161928 0.9999858162801681 -0.00023737436096360476 0.0 0.0 0.0 1.0"/>
            </transform>
            <transform time="0.0015">
                <matrix value="0.9999988759400809 0.0016563246176046506 -6.926730410392073e-05 0.00048642459425965164 -0.0016566726794460937 0.9999840791924359 -0.005368967152360425 -0.018948799686500276 6.032260200880435e-05 0.00536907015530656 0.9999856630935429 -0.00023681408907144327 0.0 0.0 0.0 1.0"/>
            </transform>
        </animation>
    </shape>
    <shape name="temp12" type="ply">
        <string name="filename" value="meshes/Cube_008.ply"/>
        <boolean name="face_normals" value="true"/>
        <ref id="mat-Material" name="bsdf"/>
        <animation name="to_world">
            <transform time="0">
                <matrix value="0.9999980054146345 -0.0020526455760361936 0.00010361550110372979 0.0002129172984226546 0.0020523973143129672 0.9999949939823496 0.0023353140110094033 -0.0193558929734014 -0.00010859697319454565 -0.00233509239231326 0.9999972814536988 8.268916286235939e-05 0.0 0.0 0.0 1.0"/>
            </transform>
            <transform time="0.0015">
                <matrix value="0.9999980532854491 -0.0020232273677728216 0.00010371062148759207 0.00021119508247455308 0.002022982613507922 0.9999951291469888 0.0023021227245191736 -0.019332835582157974 -0.00010855527771493558 -0.002301904517354217 0.9999973580470114 8.076180099988169e-05 0.0 0.0 0.0 1.0"/>
            </transform>
        </animation>
    </shape>
    <shape name="temp13" type="ply">
        <string name="filename" value="meshes/Cube_009.ply"/>
        <boolean name="face_normals" value="true"/>
        <ref id="mat-Material" name="bsdf"/>
        <animation name="to_world">
            <transform time="0">
                <matrix value="0.9999991135176153 -0.0005079877269133938 0.0008819129677495306 0.0016016297423828707 0.0005076397051914182 0.999999165663725 0.00039640991139430217 -0.018234976219508398 -0.0008824466736521478 -0.0003959643154375155 0.9999995272093389 0.0014957776984824145 0.0 0.0 0.0 1.0"/>
            </transform>
            <transform time="0.0015">
                <matrix value="0.9999991454314917 -0.0004392936030672559 0.0008821539813731309 0.0016002838612969848 0.0004389677449387431 0.9999992107186048 0.00037127460739732715 -0.018131215770772105 -0.0008826475715045362 -0.00037088953274490234 0.9999995272093389 0.0014957273500651202 0.0 0.0 0.0 1.0"/>
            </transform>
        </animation>
    </shape>
    <shape name="temp14" type="ply">
        <string name="filename" value="meshes/Cube_010.ply"/>
        <boolean name="face_normals" value="true"/>
        <ref id="mat-Material" name="bsdf"/>
        <animation name="to_world">
            <transform time="0">
                <matrix value="0.9999847081788639 0.0003408868577435793 0.005534924809737218 0.011416879360652499 -0.0003422848108335239 0.9999998957079657 0.0002514891723846757 -0.016794151232968707 -0.005534839200960238 -0.00025338062629452486 0.9999846343035155 0.009125737616001994 0.0 0.0 0.0 1.0"/>
            </transform>
            <transform time="0.0015">
                <matrix value="0.9999846922219258 0.00034456618940538854 0.005537504302297713 0.011418981983777143 -0.00034596631583858853 0.999999888198819 0.00025175895105233556 -0.016787274896590196 -0.005537418320887284 -0.00025367160572612433 0.9999846172827793 0.009130083238322095 0.0 0.0 0.0 1.0"/>
            </transform>
        </animation>
    </shape>
    <shape name="temp15" type="ply">
        <string name="filename" value="meshes/Cube_011.ply"/>
        <boolean name="face_normals" value="true"/>
        <ref id="mat-Material" name="bsdf"/>
        <animation name="to_world">
            <transform time="0">
                <matrix value="0.9999977837940383 -0.0019881273948058396 -0.0009450659803007043 -0.0019577009239587495 0.001987566641313271 0.999997809867278 -0.0005960341846559573 -0.021543690579119146 0.000946266756733277 0.0005941569344816582 0.9999995272093389 -0.0014382412740493455 0.0 0.0 0.0 1.0"/>
            </transform>
            <transform time="0.0015">
                <matrix value="0.9999978157079147 -0.0019721676047585396 -0.0009459723344996248 -0.001960827941448661 0.001971611777479476 0.9999978474130111 -0.0005903307912898494 -0.02151075795833026 0.000947152366805362 0.0005884668786288969 0.9999995272093389 -0.0014377391340169715 0.0 0.0 0.0 1.0"/>
            </transform>
        </animation>
    </shape>
    <shape name="temp16" type="ply">
        <string name="filename" value="meshes/Cube_012.ply"/>
        <boolean name="face_normals" value="true"/>
        <ref id="mat-Material" name="bsdf"/>
        <animation name="to_world">
            <transform time="0">
                <matrix value="0.999996232449865 0.0027577045740400444 -0.00019086996318379122 -0.00045078534115161606 -0.0027572195125410664 0.9999926995575932 0.002498062740266304 -0.010968947782352911 0.0001980942401693536 -0.002497528278785123 0.9999968086630379 -0.00031069382571924375 0.0 0.0 0.0 1.0"/>
            </transform>
            <transform time="0.0015">
                <matrix value="0.9999961207512973 0.0028012529687762846 -0.0001906462000762587 -0.00045048095904302464 -0.0028007604120580875 0.9999924742831945 0.0025381617223075173 -0.010861349970722176 0.00019808980414052406 -0.0025376190869593 0.9999967150489892 -0.0003107226524555265 0.0 0.0 0.0 1.0"/>
            </transform>
        </animation>
    </shape>
    <shape name="temp17" type="ply">
        <string name="filename" value="meshes/Cube_013.ply"/>
        <boolean name="face_normals" value="true"/>
        <ref id="mat-Material" name="bsdf"/>
        <animation name="to_world">
            <transform time="0">
                <matrix value="0.9999964540704611 0.0026932531397116954 0.0003108515858107958 -0.00024261482958604086 -0.002695001746370298 0.999979558761261 0.005771485616998905 -0.008372601341576191 -0.0002952520446716203 -0.005772303373012976 0.9999833341291976 0.00025650885071126783 0.0 0.0 0.0 1.0"/>
            </transform>
            <transform time="0.0015">
                <matrix value="0.9999964221565847 0.0027043018727767928 0.00031102000599480173 -0.00024240933756792496 -0.0027060581493044775 0.9999793935600354 0.005794656796129427 -0.008334588315691964 -0.000295294186945501 -0.005795478401683416 0.9999832064736767 0.00025564894984229014 0.0 0.0 0.0 1.0"/>
            </transform>
        </animation>
    </shape>
    <shape name="temp18" type="ply">
        <string name="filename" value="meshes/Cube_014.ply"/>
        <boolean name="face_normals" value="true"/>
        <ref id="mat-Material" name="bsdf"/>
        <animation name="to_world">
            <transform time="0">
                <matrix value="0.999640974634193 0.025293746858202466 0.003929747326487009 0.013687080469239388 -0.025461050623463065 0.992569609718349 0.11420978241700988 0.10240851545452595 -0.0007759491123651885 -0.1142461250294625 0.9929133407813622 -0.06702079555252577 0.0 0.0 0.0 1.0"/>
            </transform>
            <transform time="0.0015">
                <matrix value="0.9996278261170868 0.025838991401005776 0.0037638891887870098 0.013608130454309322 -0.025985856450266562 0.9922883321041851 0.1165373263819785 0.10486805747637229 -0.0004890735214993927 -0.11656917114854279 0.992646268410747 -0.06780488338054816 0.0 0.0 0.0 1.0"/>
            </transform>
        </animation>
    </shape>
    <shape name="temp19" type="ply">
        <string name="filename" value="meshes/Cube_015.ply"/>
        <boolean name="face_normals" value="true"/>
        <ref id="mat-Material" name="bsdf"/>
        <animation name="to_world">
            <transform time="0">
                <matrix value="0.9953805402932838 0.0894818041687612 -0.03388500123634758 -0.015284998510892378 -0.06610800546782335 0.8988384996130766 0.4315496044869725 0.26509693350518754 0.0693746930554743 -0.4273152310172854 0.9006487160660412 -0.10633540602220021 0.0 0.0 0.0 1.0"/>
            </transform>
            <transform time="0.0015">
                <matrix value="0.995342243641518 0.08999843420726408 -0.03364551096863097 -0.01515229046236232 -0.0664880263346834 0.897626711076964 0.4340153304471754 0.2667349143245688 0.06956195729983394 -0.4297559965261282 0.8994762596784651 -0.10702119208315442 0.0 0.0 0.0 1.0"/>
            </transform>
        </animation>
    </shape>
    <shape name="temp20" type="ply">
        <string name="filename" value="meshes/Cube_016.ply"/>
        <boolean name="face_normals" value="true"/>
        <ref id="mat-Material" name="bsdf"/>
        <animation name="to_world">
            <transform time="0">
                <matrix value="0.9930369024887107 0.11586177550931015 0.01945493383058303 0.074247054887212 -0.10760781398762825 0.8289426039217977 0.5477263260714265 0.17268130024971648 0.047596303013862806 -0.5460337739324146 0.8356704951678431 -0.15075158970607022 0.0 0.0 0.0 1.0"/>
            </transform>
            <transform time="0.0015">
                <matrix value="0.9929951750952242 0.1161240399642274 0.02002312685236783 0.07436164158920325 -0.10801832696776303 0.8275090702859398 0.5498152129337119 0.17343224049032951 0.04753886441898935 -0.5481543944841785 0.8342881390623123 -0.1508328669854636 0.0 0.0 0.0 1.0"/>
            </transform>
        </animation>
    </shape>
    <shape name="temp21" type="ply">
        <string name="filename" value="meshes/Cube_017.ply"/>
        <boolean name="face_normals" value="true"/>
        <ref id="mat-Material" name="bsdf"/>
        <animation name="to_world">
            <transform time="0">
                <matrix value="0.9731061190333088 0.20673188395216752 0.10135569176129178 0.21443575917420715 -0.22690449659324818 0.7843081162146999 0.5765124218654334 0.06229844573814408 0.03964120955202499 -0.5840081723238143 0.8101265613320594 -0.1900615948411284 0.0 0.0 0.0 1.0"/>
            </transform>
            <transform time="0.0015">
                <matrix value="0.9731509101589366 0.2063458867828729 0.10171293233259227 0.214315313588808 -0.22670971184389804 0.782995554930921 0.5783747286883569 0.06187276793514543 0.03965652374478862 -0.5859075433795098 0.8087565793016949 -0.18978439063746708 0.0 0.0 0.0 1.0"/>
            </transform>
        </animation>
    </shape>
    <shape name="temp22" type="ply">
        <string name="filename" value="meshes/Cube_018.ply"/>
        <boolean name="face_normals" value="true"/>
        <ref id="mat-Material" name="bsdf"/>
        <animation name="to_world">
            <transform time="0">
                <matrix value="0.063609765135357 0.9937377847954729 0.08917637975680592 0.8754767371428152 -0.846269770773385 0.006761973247007341 0.5313914087317816 0.2670903915659487 0.5275678291996659 -0.1086776082916339 0.8418966753833504 -0.37763884121416785 0.0 0.0 0.0 1.0"/>
            </transform>
            <transform time="0.0015">
                <matrix value="0.06204221615944071 0.9938162178319389 0.08942053200414854 0.8763377556885172 -0.8451635400732523 0.005065109683417935 0.5331747393390621 0.26579652060522563 0.5295313304495769 -0.10806603260324343 0.8407452055634225 -0.3777565260275611 0.0 0.0 0.0 1.0"/>
            </transform>
        </animation>
    </shape>
    <shape name="temp23" type="ply">
        <string name="filename" value="meshes/Cube_019.ply"/>
        <boolean name="face_normals" value="true"/>
        <ref id="mat-Material" name="bsdf"/>
        <animation name="to_world">
            <transform time="0">
                <matrix value="-0.06595982993721933 0.9919365570696441 -0.10818301348257128 0.4361717987275771 -0.8876339253262698 -0.008820797083160383 0.46012979994808756 -0.07261588160021798 0.45546265958899135 0.12642016549060014 0.8810604079899731 -0.04072878728101492 0.0 0.0 0.0 1.0"/>
            </transform>
            <transform time="0.0015">
                <matrix value="-0.06615519392342745 0.9919243922521167 -0.10817542223425733 0.4362261573861276 -0.8870511779418997 -0.00883793115355642 0.4612536280925405 -0.07314976514026807 0.4565700407843708 0.12651440452979063 0.8804744265968588 -0.04065450491779944 0.0 0.0 0.0 1.0"/>
            </transform>
        </animation>
    </shape>
    <shape name="temp24" type="ply">
        <string name="filename" value="meshes/Cube_020.ply"/>
        <boolean name="face_normals" value="true"/>
        <ref id="mat-Material" name="bsdf"/>
        <animation name="to_world">
            <transform time="0">
                <matrix value="0.11061932860521169 0.9934712362945637 0.026785245796250415 -0.18549156426661895 -0.9408817521027422 0.11332845597564167 -0.3188688160088078 0.1808375231251721 -0.31981208277298734 0.010164382417175474 0.9473354934131495 0.10684846189331676 0.0 0.0 0.0 1.0"/>
            </transform>
            <transform time="0.0015">
                <matrix value="0.1111771210824635 0.9934091320424361 0.0267847658119425 -0.18531799694429785 -0.9405259877598506 0.11384736785395735 -0.3197341247022685 0.18166134464049616 -0.32066579319643534 0.010447945938897663 0.9470442430861696 0.10697908388040064 0.0 0.0 0.0 1.0"/>
            </transform>
        </animation>
    </shape>
    <shape name="temp25" type="ply">
        <string name="filename" value="meshes/Cube_021.ply"/>
        <boolean name="face_normals" value="true"/>
        <ref id="mat-Material" name="bsdf"/>
        <animation name="to_world">
            <transform time="0">
                <matrix value="0.2727374310095084 0.9565851033429769 -0.10237954357735163 -0.26713058607826157 -0.74213025262975 0.14145798178226743 -0.6551367996138246 0.16010912435953917 -0.6122550427550455 0.25465924663606043 0.7484867152916101 0.11569696092454923 0.0 0.0 0.0 1.0"/>
            </transform>
            <transform time="0.0015">
                <matrix value="0.2728100286957058 0.9564976217848316 -0.10300354674186976 -0.26658744571882853 -0.7421199444476496 0.14108711854707462 -0.6552285584023012 0.16019498532944876 -0.6122352082808185 0.2551938678389548 0.7483210524668572 0.1159491145334255 0.0 0.0 0.0 1.0"/>
            </transform>
        </animation>
    </shape>
    <shape name="temp26" type="ply">
        <string name="filename" value="meshes/Cube_022.ply"/>
        <boolean name="face_normals" value="true"/>
        <ref id="mat-Material" name="bsdf"/>
        <animation name="to_world">
            <transform time="0">
                <matrix value="0.6605796353720655 0.6530437630234678 -0.369273500414401 -0.1364782914117175 -0.5184672010382483 0.04178188155345071 -0.8540338026411032 0.06463052652514804 -0.5423736363684717 0.7556706707855068 0.3660404396764032 0.36580730914762366 0.0 0.0 0.0 1.0"/>
            </transform>
            <transform time="0.0015">
                <matrix value="0.6614412781229204 0.6515511549311352 -0.3703717549028187 -0.13594112244671896 -0.5189882908132755 0.04183258556418591 -0.8537149787222849 0.06388729137742305 -0.5408260846275526 0.7569577685530907 0.3656763661305833 0.36751028885753334 0.0 0.0 0.0 1.0"/>
            </transform>
        </animation>
    </shape>
    <shape name="temp27" type="ply">
        <string name="filename" value="meshes/Cube_023.ply"/>
        <boolean name="face_normals" value="true"/>
        <ref id="mat-Material" name="bsdf"/>
        <animation name="to_world">
            <transform time="0">
                <matrix value="0.8662672620282362 0.41248897111736404 -0.28154778424292737 -0.11284116971873703 -0.40263427105439986 0.24305446338619552 -0.8824466302082028 -0.19621359676328173 -0.2956529784921643 0.8778317894635843 0.37659820973088287 0.03247146364343928 0.0 0.0 0.0 1.0"/>
            </transform>
            <transform time="0.0015">
                <matrix value="0.8663080320054286 0.4119109620652882 -0.28226914006085124 -0.11287687698888904 -0.40289381703757987 0.24239323797125556 -0.8825103303131692 -0.19647473405467086 -0.2951800323954883 0.8782864758006883 0.37590966138184945 0.03320291090346775 0.0 0.0 0.0 1.0"/>
            </transform>
        </animation>
    </shape>
    <shape name="temp28" type="ply">
        <string name="filename" value="meshes/Cube_024.ply"/>
        <boolean name="face_normals" value="true"/>
        <ref id="mat-Material" name="bsdf"/>
        <animation name="to_world">
            <transform time="0">
                <matrix value="0.9025813480560327 0.37559795837913496 -0.21024797397381967 -0.10983775481810015 -0.3151630817319029 0.243771575414613 -0.9171567929852995 -0.44436337807844106 -0.2932353858946469 0.8940703720931202 0.3383951877475354 -0.26954059392426666 0.0 0.0 0.0 1.0"/>
            </transform>
            <transform time="0.0015">
                <matrix value="0.9027439173427787 0.3750741203107897 -0.2104859068441804 -0.1096533366781659 -0.31502051765862304 0.2432139912413488 -0.9173539867237333 -0.44420032038932783 -0.2928882363205525 0.8944424653265297 0.33771291153976596 -0.2691667148874062 0.0 0.0 0.0 1.0"/>
            </transform>
        </animation>
    </shape>
    <shape name="temp29" type="ply">
        <string name="filename" value="meshes/Cube_025.ply"/>
        <boolean name="face_normals" value="true"/>
        <ref id="mat-Material" name="bsdf"/>
        <animation name="to_world">
            <transform time="0">
                <matrix value="0.8858483281828706 0.4110821758655717 -0.21509702137155626 -0.28020375661468633 -0.3202250291209463 0.20623000982430967 -0.9246175478145016 -0.7898765400015499 -0.33573811626039185 0.8879506198075604 0.31432458780928196 -0.7465500023608825 0.0 0.0 0.0 1.0"/>
            </transform>
            <transform time="0.0015">
                <matrix value="0.8859255438069935 0.4108347720118193 -0.21525186666746177 -0.28016803062234585 -0.32022089148686184 0.20603337681269734 -0.9246628399933434 -0.7898939560123932 -0.33553834337214916 0.8881108274507391 0.31408540391481565 -0.7463662340589358 0.0 0.0 0.0 1.0"/>
            </transform>
        </animation>
    </shape>
    <shape name="temp30" type="ply">
        <string name="filename" value="meshes/Cube_026.ply"/>
        <boolean name="face_normals" value="true"/>
        <ref id="mat-Material" name="bsdf"/>
        <animation name="to_world">
            <transform time="0">
                <matrix value="0.9102463179954151 0.3019376417068017 -0.28313766103840904 -0.31343233050077157 -0.3539844945366091 0.2131373546951231 -0.9106022596556855 -1.1382564142267215 -0.2145610050582685 0.9291454519286726 0.30095028558919884 -0.864546465160249 0.0 0.0 0.0 1.0"/>
            </transform>
            <transform time="0.0015">
                <matrix value="0.9105577974297773 0.30128798788680616 -0.28282908360274095 -0.3127052587848022 -0.3534386252321956 0.21302175138287863 -0.9108415116330963 -1.1378256007881475 -0.21414017272617666 0.92938308638267 0.3005166568051839 -0.8645369689039097 0.0 0.0 0.0 1.0"/>
            </transform>
        </animation>
    </shape>
    <shape name="temp31" type="ply">
        <string name="filename" value="meshes/Cube_027.ply"/>
        <boolean name="face_normals" value="true"/>
        <ref id="mat-Material" name="bsdf"/>
        <animation name="to_world">
            <transform time="0">
                <matrix value="0.8571925634765711 0.28293803175901033 -0.4301963594173517 -0.5623372988309441 -0.49339371164855583 0.21218641992561893 -0.8434999085150071 -1.58118023705803 -0.14734068581823212 0.9353270493906216 0.32152696254221425 -1.0012256876150285 0.0 0.0 0.0 1.0"/>
            </transform>
            <transform time="0.0015">
                <matrix value="0.8574889795612388 0.28231436709547325 -0.43001589706253385 -0.561611312806183 -0.49298787883840556 0.21207659865627332 -0.8437649213765506 -1.5809167395488308 -0.1469751378943519 0.9355406245388423 0.3210731897169895 -1.0013853877485563 0.0 0.0 0.0 1.0"/>
            </transform>
        </animation>
    </shape>
    <shape name="temp32" type="ply">
        <string name="filename" value="meshes/Cube_028.ply"/>
        <boolean name="face_normals" value="true"/>
        <ref id="mat-Material" name="bsdf"/>
        <animation name="to_world">
            <transform time="0">
                <matrix value="-0.12177635113212665 0.98082267642562 0.15217517981410816 -1.4903775837435607 -0.7774667702078093 0.0010493906216431001 -0.6289222122253264 -2.115730995489927 -0.6170207720552385 -0.1948991913195654 0.7624291936886229 -1.3818303118072126 0.0 0.0 0.0 1.0"/>
            </transform>
            <transform time="0.0015">
                <matrix value="-0.12176608124667812 0.9808223234957287 0.1521856620344538 -1.4903538268757321 -0.7775221088696109 0.0010467690283744548 -0.62885380588682 -2.115751973202611 -0.6169530667663041 -0.19490097324005878 0.7624835323887178 -1.381674391429606 0.0 0.0 0.0 1.0"/>
            </transform>
        </animation>
    </shape>
    <shape name="temp33" type="ply">
        <string name="filename" value="meshes/Cube_029.ply"/>
        <boolean name="face_normals" value="true"/>
        <ref id="mat-Material" name="bsdf"/>
        <animation name="to_world">
            <transform time="0">
                <matrix value="0.009449376980180026 0.9886804554641726 0.14972543864335558 -1.6527760466661205 -0.9984127532901794 0.0011428602716181744 0.05551446479387982 -1.8011727984680084 0.05471641871754366 -0.15002930606166162 0.9871227189623568 -0.06042871955841844 0.0 0.0 0.0 1.0"/>
            </transform>
            <transform time="0.0015">
                <matrix value="0.009323203076009094 0.988671887527877 0.14979001446519583 -1.6529707783164618 -0.9984504435782922 0.0011147734350508691 0.054837068431158806 -1.8022517476839468 0.05405034579740016 -0.150086018140609 0.9871510159361729 -0.06190396432720603 0.0 0.0 0.0 1.0"/>
            </transform>
        </animation>
    </shape>
    <shape name="temp34" type="ply">
        <string name="filename" value="meshes/Cube_030.ply"/>
        <boolean name="face_normals" value="true"/>
        <ref id="mat-Material" name="bsdf"/>
        <animation name="to_world">
            <transform time="0">
                <matrix value="-0.03566644488210765 0.9821077594263176 -0.18490376402332317 -3.1907111861200423 -0.9780867035232641 0.0036367411518465984 0.2079832210954462 -1.941287420271442 0.20493446020194728 0.1882842849985472 0.960457138732945 0.24345708400451005 0.0 0.0 0.0 1.0"/>
            </transform>
            <transform time="0.0015">
                <matrix value="-0.035782011257635034 0.9821086842685942 -0.18487654880832644 -3.1909311399940616 -0.977956300573896 0.00363607737781282 0.2085964835349357 -1.9402301802103568 0.2055367212197856 0.18827946213028035 0.9603295798872931 0.24468046163352275 0.0 0.0 0.0 1.0"/>
            </transform>
        </animation>
    </shape>
    <shape name="temp35" type="ply">
        <string name="filename" value="meshes/Cube_031.ply"/>
        <boolean name="face_normals" value="true"/>
        <ref id="mat-Material" name="bsdf"/>
        <animation name="to_world">
            <transform time="0">
                <matrix value="0.10230403420403633 0.9889516147535684 0.10727020837302806 -2.0502463941706246 -0.712736934579373 -0.002340126568812927 0.7013571692321077 -0.9028322240478289 0.6938597354381972 -0.14821861904831435 0.7046222615373923 0.7278872461438877 0.0 0.0 0.0 1.0"/>
            </transform>
            <transform time="0.0015">
                <matrix value="0.10226766355471556 0.9889464409515458 0.10735261001181723 -2.050236778913993 -0.7132392749519731 -0.0023174611859237172 0.7008467599074104 -0.9049723771387552 0.6933490974577144 -0.14825350879626376 0.7051177606972396 0.7271600288517515 0.0 0.0 0.0 1.0"/>
            </transform>
        </animation>
    </shape>
    <shape name="temp36" type="ply">
        <string name="filename" value="meshes/Cube_032.ply"/>
        <boolean name="face_normals" value="true"/>
        <ref id="mat-Material" name="bsdf"/>
        <animation name="to_world">
            <transform time="0">
                <matrix value="0.7871850549707726 0.5683676002194304 0.23936185553314002 -0.5177073640144931 -0.2689405826316825 -0.03290509633455216 0.9625819287116786 0.34095040548248456 0.5549714375375647 -0.822112205713952 0.1269541856393619 -0.22756899683050547 0.0 0.0 0.0 1.0"/>
            </transform>
            <transform time="0.0015">
                <matrix value="0.7871231899212325 0.5683976518242113 0.23949393644550848 -0.5177738066491707 -0.26923434029044 -0.0327176004525494 0.9625062715395809 0.33981570671493594 0.5549168169379837 -0.8220989295427245 0.12727886043622494 -0.22742230698781823 0.0 0.0 0.0 1.0"/>
            </transform>
        </animation>
    </shape>
    <shape name="temp37" type="ply">
        <string name="filename" value="meshes/Cube_033.ply"/>
        <boolean name="face_normals" value="true"/>
        <ref id="mat-Material" name="bsdf"/>
        <animation name="to_world">
            <transform time="0">
                <matrix value="0.9783984188700185 0.15849935234646648 0.1327198322916967 -0.1294241494009407 -0.14997451363143965 0.10235198353020195 0.9833712432645061 0.30052965845811686 0.14228199625195248 -0.9820330897766691 0.1239123805435296 -0.3930097381664439 0.0 0.0 0.0 1.0"/>
            </transform>
            <transform time="0.0015">
                <matrix value="0.9783886372668802 0.15852080823110928 0.1327663244324357 -0.12941100751904744 -0.1499867557944541 0.10209516245567093 0.983396110559992 0.30051272330071377 0.14233636313621556 -0.982056390658637 0.12366526328395315 -0.39303491386193956 0.0 0.0 0.0 1.0"/>
            </transform>
        </animation>
    </shape>
    <shape name="temp38" type="ply">
        <string name="filename" value="meshes/Cube_034.ply"/>
        <boolean name="face_normals" value="true"/>
        <ref id="mat-Material" name="bsdf"/>
        <animation name="to_world">
            <transform time="0">
