
<scene version="2.1.0">
    <default name="spp" value="1024"/>
    <default name="resx" value="640"/>
    <default name="resy" value="360"/>
    <integrator name="temp0" type="path">
        <integer name="max_depth" value="12"/>
    </integrator>
    <sensor name="temp44" type="perspective">
        <string name="fov_axis" value="x"/>
        <float name="fov" value="83.974423"/>
        <float name="principal_point_offset_x" value="0.000000"/>
        <float name="principal_point_offset_y" value="-0.000000"/>
        <float name="near_clip" value="0.100000"/>
        <float name="far_clip" value="1000.000000"/>
        <sampler name="sampler" type="correlated">
            <integer name="sample_count" value="1024"/>
        </sampler>
        <film name="film" type="hdrfilm">
            <integer name="width" value="$resx"/>
            <integer name="height" value="$resy"/>
        </film>
        <float name="shutter_open" value="0.0"/>
        <float name="shutter_close" value="0.0015"/>
        <animation name="to_world">
            <transform time="0">
                <rotate angle="-142.5518126578256" x="1"/>
                <rotate angle="3.976628485794621e-06" y="1"/>
                <rotate angle="-179.999991348578" z="1"/>
                <translate value="-0.000000 3.030926 4.073377"/>
            </transform>
            <transform time="0.0015">
                <rotate angle="-142.5518126578256" x="1"/>
                <rotate angle="3.976628485794621e-06" y="1"/>
                <rotate angle="-179.999991348578" z="1"/>
                <translate value="-0.000000 3.030926 4.073377"/>
                <translate x="0.15" y="0.0" z="0.0"/>
            </transform>
        </animation>
    </sensor>
    <bsdf id="mat-Material" name="mat-Material" type="twosided">
        <bsdf name="bsdf" type="diffuse">
            <texture name="reflectance" type="bitmap">
                <string name="filename" value="textures/siggraph_2023_logo.jpg"/>
            </texture>
        </bsdf>
    </bsdf>
    <bsdf id="mat-Material.001" name="mat-Material.001" type="twosided">
        <bsdf name="bsdf" type="principled">
            <rgb name="base_color" value="0.433648 0.266232 0.084399"/>
            <float name="spec_tint" value="0.000000"/>
            <float name="spec_trans" value="0.000000"/>
            <float name="metallic" value="0.000000"/>
            <float name="anisotropic" value="0.000000"/>
            <float name="roughness" value="0.500000"/>
            <float name="sheen" value="0.000000"/>
            <float name="sheen_tint" value="0.500000"/>
            <float name="clearcoat" value="0.000000"/>
            <float name="clearcoat_gloss" value="0.173205"/>
            <float name="specular" value="0.500000"/>
        </bsdf>
    </bsdf>
    <bsdf id="mat-Material.002" name="mat-Material.002" type="twosided">
        <bsdf name="bsdf" type="principled">
            <rgb name="base_color" value="0.433648 0.266232 0.084399"/>
            <float name="spec_tint" value="0.000000"/>
            <float name="spec_trans" value="0.000000"/>
            <float name="metallic" value="0.000000"/>
            <float name="anisotropic" value="0.000000"/>
            <float name="roughness" value="0.500000"/>
            <float name="sheen" value="0.000000"/>
            <float name="sheen_tint" value="0.500000"/>
            <float name="clearcoat" value="0.000000"/>
            <float name="clearcoat_gloss" value="0.173205"/>
            <float name="specular" value="0.500000"/>
        </bsdf>
    </bsdf>
    <bsdf id="mat-Material.003" name="mat-Material.003" type="twosided">
        <bsdf name="bsdf" type="principled">
            <rgb name="base_color" value="0.433648 0.266232 0.084399"/>
            <float name="spec_tint" value="0.000000"/>
            <float name="spec_trans" value="0.000000"/>
            <float name="metallic" value="0.000000"/>
            <float name="anisotropic" value="0.000000"/>
            <float name="roughness" value="0.500000"/>
            <float name="sheen" value="0.000000"/>
            <float name="sheen_tint" value="0.500000"/>
            <float name="clearcoat" value="0.000000"/>
            <float name="clearcoat_gloss" value="0.173205"/>
            <float name="specular" value="0.500000"/>
        </bsdf>
    </bsdf>
    <bsdf id="mat-Material.004" name="mat-Material.004" type="twosided">
        <bsdf name="bsdf" type="principled">
            <rgb name="base_color" value="0.433648 0.266232 0.084399"/>
            <float name="spec_tint" value="0.000000"/>
            <float name="spec_trans" value="0.000000"/>
            <float name="metallic" value="0.000000"/>
            <float name="anisotropic" value="0.000000"/>
            <float name="roughness" value="0.500000"/>
            <float name="sheen" value="0.000000"/>
            <float name="sheen_tint" value="0.500000"/>
            <float name="clearcoat" value="0.000000"/>
            <float name="clearcoat_gloss" value="0.173205"/>
            <float name="specular" value="0.500000"/>
        </bsdf>
    </bsdf>
    <bsdf id="mat-Material.005" name="mat-Material.005" type="twosided">
        <bsdf name="bsdf" type="principled">
            <rgb name="base_color" value="0.433648 0.266232 0.084399"/>
            <float name="spec_tint" value="0.000000"/>
            <float name="spec_trans" value="0.000000"/>
            <float name="metallic" value="0.000000"/>
            <float name="anisotropic" value="0.000000"/>
            <float name="roughness" value="0.500000"/>
            <float name="sheen" value="0.000000"/>
            <float name="sheen_tint" value="0.500000"/>
            <float name="clearcoat" value="0.000000"/>
            <float name="clearcoat_gloss" value="0.173205"/>
            <float name="specular" value="0.500000"/>
        </bsdf>
    </bsdf>
    <emitter name="temp45" type="point">
        <point name="position" x="-6.815235034541981e-16" y="3.0693089962005615" z="4.109199523925781"/>
        <rgb name="intensity" value="7.957747 7.957747 7.957747"/>
    </emitter>
    <shape name="temp2" type="ply">
        <string name="filename" value="meshes/Cube.ply"/>
        <boolean name="face_normals" value="true"/>
        <ref id="mat-Material" name="bsdf"/>
        <animation name="to_world">
            <transform time="0">
                <matrix value="0.9999986702764229 0.0002019243966184351 0.001675903420214921 -0.002639439848711067 -0.0002022793235075626 1.0 0.00021161448082148324 -0.017617436721539204 -0.0016758594889960943 -0.00021195270147656662 0.9999985816280168 0.0038924210282476057 0.0 0.0 0.0 1.0"/>
                <scale value="1"/>
            </transform>
            <transform time="0.0015">
                <matrix value="0.999998670276423 0.0002015087578437651 0.0016769021970110274 -0.0026404529064554014 -0.00020173431428212 0.9999999324176804 0.00013556419780215006 -0.017517760646002023 -0.0016768727545740654 -0.0001359018666849319 0.9999985220554404 0.003894927439830351 0.0 0.0 0.0 1.0"/>
                <scale value="1"/>
            </transform>
        </animation>
    </shape>
    <shape name="temp4" type="ply">
        <string name="filename" value="meshes/Plane.ply"/>
        <boolean name="face_normals" value="true"/>
        <ref id="mat-Material.001" name="bsdf"/>
        <transform name="to_world">
            <scale value="1"/>
        </transform>
    </shape>
    <shape name="temp5" type="ply">
        <string name="filename" value="meshes/Cube_001.ply"/>
        <boolean name="face_normals" value="true"/>
        <ref id="mat-Material" name="bsdf"/>
        <animation name="to_world">
            <transform time="0">
                <matrix value="0.9999982270352306 0.00013727209583186455 -0.001971168279907201 0.002581933023174443 -0.00014199009976472758 0.9999970798230373 -0.0023935500006855466 -0.014944021283294195 0.001970832070095935 0.002393815065192951 0.9999952720933893 -0.004453958863968821 0.0 0.0 0.0 1.0"/>
                <scale value="1"/>
            </transform>
            <transform time="0.0015">
                <matrix value="0.9999982270352306 0.0001278947636401681 -0.0019715134604359166 0.0025801468499184682 -0.00013224832514403988 0.9999970497864509 -0.00220913798404868 -0.015150677443583636 0.0019711770591005926 0.002209384416841254 0.9999952465622852 -0.004448160909396487 0.0 0.0 0.0 1.0"/>
                <scale value="1"/>
            </transform>
        </animation>
    </shape>
    <shape name="temp6" type="ply">
        <string name="filename" value="meshes/Cube_002.ply"/>
        <boolean name="face_normals" value="true"/>
        <ref id="mat-Material" name="bsdf"/>
        <animation name="to_world">
            <transform time="0">
                <matrix value="1.0 3.413373993321138e-05 0.00027971004694338474 -0.0008317875120473772 -3.436870043455367e-05 0.9999995828318625 0.0008399504326270943 -0.01820434353167949 -0.0002796816464460035 -0.0008399597015579144 0.9999995272093389 0.0009364759612445761 0.0 0.0 0.0 1.0"/>
                <scale value="1"/>
            </transform>
            <transform time="0.0015">
                <matrix value="1.0 3.051325745347814e-05 0.0002801053535400031 -0.0008314190577759958 -3.070129338442036e-05 0.9999993575574639 0.0006773363621297848 -0.018103319816267744 -0.0002800691447341208 -0.0006773445508807584 0.9999993059397693 0.0009360288096394005 0.0 0.0 0.0 1.0"/>
                <scale value="1"/>
            </transform>
        </animation>
    </shape>
    <shape name="temp7" type="ply">
        <string name="filename" value="meshes/Cube_003.ply"/>
        <boolean name="face_normals" value="true"/>
        <ref id="mat-Material" name="bsdf"/>
        <animation name="to_world">
            <transform time="0">
                <matrix value="0.9999986702764229 0.00010624417268257886 0.0016400020613672823 -0.0011839562057400776 -0.00010713228267441098 0.9999997914159312 0.0005415486068986777 -0.017717954547187054 -0.0016399436551796278 -0.0005417220283549183 0.9999985816280168 0.005137061854500857 0.0 0.0 0.0 1.0"/>
                <scale value="1"/>
            </transform>
            <transform time="0.0015">
                <matrix value="0.999998670276423 0.00012483802869106336 0.0016415080561000613 -0.001182181065884092 -0.00012598361802288537 0.999999378412867 0.0006943423934784451 -0.01771179832183339 -0.0016413437169404339 -0.0006945478049469396 0.9999981731303497 0.005143818467420847 0.0 0.0 0.0 1.0"/>
                <scale value="1"/>
            </transform>
        </animation>
    </shape>
    <shape name="temp8" type="ply">
        <string name="filename" value="meshes/Cube_004.ply"/>
        <boolean name="face_normals" value="true"/>
        <ref id="mat-Material" name="bsdf"/>
        <animation name="to_world">
            <transform time="0">
                <matrix value="0.9999991135176153 9.191236131766728e-05 0.0013243173730237941 -0.00042184239328291184 -9.143489584718462e-05 1.0 -0.0003606399883504381 -0.01758939578639379 -0.0013243514938114666 0.00036051670445514717 0.999999054418678 0.004135123850120638 0.0 0.0 0.0 1.0"/>
                <scale value="1"/>
            </transform>
            <transform time="0.0015">
                <matrix value="0.9999991135176153 7.567248761051607e-05 0.0013246286822876112 -0.000420629809775924 -7.511678827139093e-05 0.9999999249085338 -0.00041923029812324076 -0.01763118009327803 -0.0013246356868814456 0.000419128747680828 0.9999989863357335 0.004135141790919648 0.0 0.0 0.0 1.0"/>
                <scale value="1"/>
            </transform>
        </animation>
    </shape>
    <shape name="temp9" type="ply">
        <string name="filename" value="meshes/Cube_005.ply"/>
        <boolean name="face_normals" value="true"/>
        <ref id="mat-Material" name="bsdf"/>
        <animation name="to_world">
            <transform time="0">
                <matrix value="0.9999960108292688 1.8041666753576696e-05 0.0028681845453243132 0.000647609363207291 -1.5070422160641248e-05 0.9999993742477937 -0.0010359528930296944 -0.01809789641122128 -0.0028681960260767657 0.0010359056615973786 0.9999955084887199 0.015159881541936038 0.0 0.0 0.0 1.0"/>
                <scale value="1"/>
            </transform>
            <transform time="0.0015">
                <matrix value="0.9999929470971276 -0.00014241795259825547 0.0032188431979633457 0.000802002768823769 0.00016107998226564776 0.9999769218993942 -0.0022582648039078607 -0.01892816727278011 -0.0032129795053695365 0.0022603210530291696 0.999970768848755 0.01637082806244321 0.0 0.0 0.0 1.0"/>
                <scale value="1"/>
            </transform>
        </animation>
    </shape>
    <shape name="temp10" type="ply">
        <string name="filename" value="meshes/Cube_006.ply"/>
        <boolean name="face_normals" value="true"/>
        <ref id="mat-Material" name="bsdf"/>
        <animation name="to_world">
            <transform time="0">
                <matrix value="0.9994530403686349 0.014253387926736931 0.02985044213018669 0.041505247890597285 -0.007610198625243118 0.9772751828760824 -0.21183775621116913 -0.13582634164976387 -0.032191508562533354 0.2114946508615565 0.9768490960951747 0.09652945576625893 0.0 0.0 0.0 1.0"/>
                <scale value="1"/>
            </transform>
            <transform time="0.0015">
                <matrix value="0.9994599337659528 0.014300180798454108 0.029555492346901018 0.0413055705939483 -0.007672719824083435 0.9768373470639979 -0.21363158435745777 -0.13682295556922888 -0.03193159142096997 0.2132901929469107 0.9764194842048864 0.09548033810911422 0.0 0.0 0.0 1.0"/>
                <scale value="1"/>
            </transform>
        </animation>
    </shape>
    <shape name="temp11" type="ply">
        <string name="filename" value="meshes/Cube_007.ply"/>
        <boolean name="face_normals" value="true"/>
        <ref id="mat-Material" name="bsdf"/>
        <animation name="to_world">
            <transform time="0">
                <matrix value="0.995807381561521 0.09147116429541344 -0.0007777146339583783 0.15746592783260738 -0.08786392318098246 0.954102535756524 -0.286301221549231 -0.07906761548518898 -0.025446290691757665 0.2851692555426002 0.9581393512650224 0.16570772018020974 0.0 0.0 0.0 1.0"/>
                <scale value="1"/>
            </transform>
            <transform time="0.0015">
                <matrix value="0.9957529684021371 0.09200566234830318 -0.001056350126767162 0.15725148034140282 -0.08840873932747238 0.9534635899796113 -0.2880762630580162 -0.07943670910094386 -0.025527632780108302 0.28694771431938954 0.9575570123094399 0.16507950724617054 0.0 0.0 0.0 1.0"/>
                <scale value="1"/>
            </transform>
        </animation>
    </shape>
    <shape name="temp12" type="ply">
        <string name="filename" value="meshes/Cube_008.ply"/>
        <boolean name="face_normals" value="true"/>
        <ref id="mat-Material" name="bsdf"/>
        <animation name="to_world">
            <transform time="0">
                <matrix value="0.3088044987208059 0.9495274527922106 -0.05511424749929199 1.836817640636755 -0.9289661665133052 0.2886678361280122 -0.2317173506135168 2.021821921255121 -0.2041122588103052 0.1227546029289375 0.9712207596705783 0.6188622533747508 0.0 0.0 0.0 1.0"/>
                <scale value="1"/>
            </transform>
            <transform time="0.0015">
                <matrix value="0.2976722473370147 0.9512388173439331 -0.055886428086336724 1.8640592534436689 -0.9301492298710432 0.27750686009378395 -0.23319702107579715 2.023625509087147 -0.20661575561566503 0.12098235571823382 0.970781318305175 0.6248524607478053 0.0 0.0 0.0 1.0"/>
                <scale value="1"/>
            </transform>
        </animation>
    </shape>
    <shape name="temp13" type="ply">
        <string name="filename" value="meshes/Cube_009.ply"/>
        <boolean name="face_normals" value="true"/>
        <ref id="mat-Material" name="bsdf"/>
        <animation name="to_world">
            <transform time="0">
                <matrix value="-0.009288841668927197 0.9986608902785223 0.050895181837652195 2.351253207704691 -0.9799783521001655 0.0010318215855309404 -0.1991013904300551 1.8439658008800461 -0.19888728731071384 -0.05172557428408733 0.9786565747924095 0.41800809909660663 0.0 0.0 0.0 1.0"/>
                <scale value="1"/>
            </transform>
            <transform time="0.0015">
                <matrix value="-0.009501008789805728 0.9986468181377529 0.05110787380736899 2.3521327857234358 -0.9796184593151961 0.0009617412732183957 -0.2006881732358381 1.8404970094986146 -0.20046475831082514 -0.05197989856736655 0.9782843483139835 0.4209076179955893 0.0 0.0 0.0 1.0"/>
                <scale value="1"/>
            </transform>
        </animation>
    </shape>
    <shape name="temp14" type="ply">
        <string name="filename" value="meshes/Cube_010.ply"/>
        <boolean name="face_normals" value="true"/>
        <ref id="mat-Material" name="bsdf"/>
        <animation name="to_world">
            <transform time="0">
                <matrix value="0.16620636068840677 0.9860644983657438 0.0072187805688711795 1.4908758454363455 -0.9859018273947878 0.16631342259340917 -0.018385315878532513 1.7675098553668307 -0.01932968191239072 -0.004061242368430384 0.9998049738523125 -0.05672997180027228 0.0 0.0 0.0 1.0"/>
                <scale value="1"/>
            </transform>
            <transform time="0.0015">
                <matrix value="0.16483989466536228 0.9862676658367465 0.007254229656009049 1.4933537386981626 -0.9861120760129823 0.16494297029466332 -0.017688540982209133 1.7692290155440855 -0.018637073433721934 -0.004212400739015008 0.9998107694129648 -0.05793939086541594 0.0 0.0 0.0 1.0"/>
                <scale value="1"/>
            </transform>
        </animation>
    </shape>
    <shape name="temp15" type="ply">
        <string name="filename" value="meshes/Cube_011.ply"/>
        <boolean name="face_normals" value="true"/>
        <ref id="mat-Material" name="bsdf"/>
        <animation name="to_world">
            <transform time="0">
                <matrix value="0.16861267279757883 0.9812024037228085 -0.09387088370720832 0.9838437427611981 -0.8491229143285693 0.19295528166149725 0.4916899949458678 2.105309093621964 0.5005602568671358 -0.003197266297194753 0.86569577528449 -1.0140759346664427 0.0 0.0 0.0 1.0"/>
                <scale value="1"/>
            </transform>
            <transform time="0.0015">
                <matrix value="0.1663370586228578 0.9815223909878085 -0.09383207217364797 0.9868984285995204 -0.849072059566412 0.19098558219128478 0.49242583541023827 2.107436548575061 0.5012558836325858 -0.0021936032963248953 0.8652704355989703 -1.0162142109650842 0.0 0.0 0.0 1.0"/>
                <scale value="1"/>
            </transform>
        </animation>
    </shape>
    <shape name="temp16" type="ply">
        <string name="filename" value="meshes/Cube_012.ply"/>
        <boolean name="face_normals" value="true"/>
        <ref id="mat-Material" name="bsdf"/>
        <animation name="to_world">
            <transform time="0">
                <matrix value="0.11240330693388792 0.9891465365658303 0.09462961816007841 1.061110630015761 -0.6420197969246153 -0.0003904777200926948 0.7666879737657918 1.8977276019956781 0.7584038530070369 -0.14693233324225163 0.6350077372191683 -2.044576008977692 0.0 0.0 0.0 1.0"/>
                <scale value="1"/>
            </transform>
            <transform time="0.0015">
                <matrix value="0.11245450157882972 0.9891170256196061 0.09486839951413521 1.061438236446044 -0.6428323242195805 -0.00037703716388369263 0.7659867109268693 1.8974160620700191 0.7576868758582275 -0.14712734202544964 0.6357933463159828 -2.042747927028915 0.0 0.0 0.0 1.0"/>
                <scale value="1"/>
            </transform>
        </animation>
    </shape>
    <shape name="temp17" type="ply">
        <string name="filename" value="meshes/Cube_013.ply"/>
        <boolean name="face_normals" value="true"/>
        <ref id="mat-Material" name="bsdf"/>
        <animation name="to_world">
            <transform time="0">
                <matrix value="0.8382568564980045 0.37768817933223897 0.39329020221729366 0.6424777681407362 -0.4249720758048817 0.0006005823667199947 0.9052064180386659 1.5983273822064972 0.3416496462048803 -0.9259326315174701 0.16101039619384605 -1.6502948969853983 0.0 0.0 0.0 1.0"/>
                <scale value="1"/>
            </transform>
            <transform time="0.0015">
                <matrix value="0.8386640137340283 0.37636964076774915 0.39361760458712153 0.6430457124440065 -0.42543733225302194 0.001685020056338406 0.9049650129381346 1.5976025991528562 0.339937201847008 -0.9264224456424714 0.16153028011131 -1.648261699596686 0.0 0.0 0.0 1.0"/>
                <scale value="1"/>
            </transform>
        </animation>
    </shape>
    <shape name="temp18" type="ply">
        <string name="filename" value="meshes/Cube_014.ply"/>
        <boolean name="face_normals" value="true"/>
        <ref id="mat-Material" name="bsdf"/>
        <animation name="to_world">
            <transform time="0">
                <matrix value="0.9465194042129189 0.2790683801152635 0.16193148695972437 0.09405573382126908 -0.2335417453419783 0.24629460831040648 0.9406366409925577 1.0188606943811063 0.2226191742593883 -0.9281486286640399 0.2982968662016613 -0.7334149591244375 0.0 0.0 0.0 1.0"/>
                <scale value="1"/>
            </transform>
            <transform time="0.0015">
                <matrix value="0.9462616358326584 0.2794423130895954 0.16272248907678163 0.09498712182325193 -0.23415419177979285 0.24510052634202834 0.9407703814266989 1.0196642285094577 0.22303439613199644 -0.9283291410396842 0.29737630819844046 -0.7344372105153196 0.0 0.0 0.0 1.0"/>
                <scale value="1"/>
            </transform>
        </animation>
    </shape>
    <shape name="temp19" type="ply">
        <string name="filename" value="meshes/Cube_015.ply"/>
        <boolean name="face_normals" value="true"/>
        <ref id="mat-Material" name="bsdf"/>
        <animation name="to_world">
            <transform time="0">
                <matrix value="0.9847064058990084 0.1244856421156265 0.12189030216523938 0.04003089079957445 -0.14820296723383808 0.2306893912056785 0.9616748798284338 0.6301550531124035 0.09159592537236694 -0.9650315066235872 0.2456102569097173 -0.307627161262113 0.0 0.0 0.0 1.0"/>
                <scale value="1"/>
            </transform>
            <transform time="0.0015">
                <matrix value="0.9846802684341782 0.1247169396007896 0.12185894486306716 0.040097134434715284 -0.14820649531288202 0.2304593109531828 0.9617287164168129 0.6301923218067965 0.09186048502554063 -0.9650551228897132 0.24541257808030392 -0.3079232915788686 0.0 0.0 0.0 1.0"/>
                <scale value="1"/>
            </transform>
        </animation>
    </shape>
    <shape name="temp20" type="ply">
        <string name="filename" value="meshes/Cube_016.ply"/>
        <boolean name="face_normals" value="true"/>
        <ref id="mat-Material" name="bsdf"/>
        <animation name="to_world">
            <transform time="0">
                <matrix value="0.9848544484572547 0.057684946279173095 0.16350701455864283 0.08848275224857927 -0.17249378132607127 0.23052523554355966 0.9576556864187573 0.32693248636867833 0.017549838039668315 -0.971354941252297 0.23698395490333557 -0.0006859277011979636 0.0 0.0 0.0 1.0"/>
                <scale value="1"/>
            </transform>
            <transform time="0.0015">
                <matrix value="0.9848784636492995 0.0576760899916472 0.1633636795355452 0.08845901981198039 -0.17235074971450115 0.23044365617465912 0.9577006552036127 0.32684085435008164 0.01758999558957121 -0.9713747278536459 0.23689935844062246 -0.0004953331972733668 0.0 0.0 0.0 1.0"/>
                <scale value="1"/>
            </transform>
        </animation>
    </shape>
    <shape name="temp21" type="ply">
        <string name="filename" value="meshes/Cube_017.ply"/>
        <boolean name="face_normals" value="true"/>
        <ref id="mat-Material" name="bsdf"/>
        <animation name="to_world">
            <transform time="0">
                <matrix value="0.9578632760488417 0.05971816120628339 0.28094828568470254 0.17861916224632546 -0.28707260468027235 0.23091966801759617 0.929658914633391 0.11658400678580465 -0.00935898458761726 -0.9711384309889179 0.23833282665934155 0.1732354126146599 0.0 0.0 0.0 1.0"/>
                <scale value="1"/>
            </transform>
            <transform time="0.0015">
                <matrix value="0.9579098383946137 0.05954403761258495 0.28082417898721096 0.17863608679486667 -0.2869120938385588 0.23081901541627595 0.9297328612215077 0.1164959838309772 -0.009460211414550397 -0.9711724774597018 0.23818824231421198 0.17364251321180654 0.0 0.0 0.0 1.0"/>
                <scale value="1"/>
            </transform>
        </animation>
    </shape>
    <shape name="temp22" type="ply">
        <string name="filename" value="meshes/Cube_018.ply"/>
        <boolean name="face_normals" value="true"/>
        <ref id="mat-Material" name="bsdf"/>
        <animation name="to_world">
            <transform time="0">
                <matrix value="0.20366821978380467 0.9760833335071535 0.07603015175161848 0.866181457743237 -0.3417257063934882 -0.0018997816124800022 0.9397979103598363 -0.1454948778339921 0.9174658305364815 -0.21738840230860848 0.3331658866408744 -0.18507789294102622 0.0 0.0 0.0 1.0"/>
                <scale value="1"/>
            </transform>
            <transform time="0.0015">
                <matrix value="0.20365576379781783 0.9760739470738762 0.07617989593290585 0.8661517672488221 -0.3423477253985504 -0.0018996517042434429 0.9395652198762037 -0.1452284799625745 0.9172302103864921 -0.21743043100225137 0.3337697057654528 -0.1851273172499492 0.0 0.0 0.0 1.0"/>
                <scale value="1"/>
            </transform>
        </animation>
    </shape>
    <shape name="temp23" type="ply">
        <string name="filename" value="meshes/Cube_019.ply"/>
        <boolean name="face_normals" value="true"/>
        <ref id="mat-Material" name="bsdf"/>
        <animation name="to_world">
            <transform time="0">
                <matrix value="-0.057803128219039164 0.9875767328642974 -0.14612044531206783 0.4682963375833111 -0.9484709951828547 -0.008648825775984881 0.31674704895889133 0.03896310613592838 0.31154816170147887 0.1568999192779654 0.93718739672479 -0.04926648795262578 0.0 0.0 0.0 1.0"/>
                <scale value="1"/>
            </transform>
            <transform time="0.0015">
                <matrix value="-0.0579151363512913 0.9875747129038561 -0.14608845228540115 0.4683265088746765 -0.9482341623055596 -0.008651189580249996 0.3174330271767691 0.038321104681857995 0.31222487789942566 0.15691244378361613 0.9369527403461343 -0.049323888349702465 0.0 0.0 0.0 1.0"/>
                <scale value="1"/>
            </transform>
        </animation>
    </shape>
    <shape name="temp24" type="ply">
        <string name="filename" value="meshes/Cube_020.ply"/>
        <boolean name="face_normals" value="true"/>
        <ref id="mat-Material" name="bsdf"/>
        <animation name="to_world">
            <transform time="0">
                <matrix value="0.06887193051377186 0.9864498273675116 -0.14890645879428754 -0.023613591690887448 -0.925039943134979 0.007252907134769362 -0.37980006703219155 0.24110400499059348 -0.3735737109156038 0.16390201074803668 0.9130053360850092 0.09941617781052814 0.0 0.0 0.0 1.0"/>
                <scale value="1"/>
            </transform>
            <transform time="0.0015">
                <matrix value="0.06897813095087969 0.9863877199206176 -0.14925600769484457 -0.02329772349889021 -0.925227168549458 0.007307089038096506 -0.37933369035201425 0.24064953361027855 -0.37307973359290436 0.16426189348544856 0.9131369063756892 0.09935525730467411 0.0 0.0 0.0 1.0"/>
                <scale value="1"/>
            </transform>
        </animation>
    </shape>
    <shape name="temp25" type="ply">
        <string name="filename" value="meshes/Cube_021.ply"/>
        <boolean name="face_normals" value="true"/>
        <ref id="mat-Material" name="bsdf"/>
        <animation name="to_world">
            <transform time="0">
                <matrix value="0.24586429373061927 0.9188710178693972 -0.308588100520968 -0.11873193788014604 -0.7389313809445293 -0.028360424927464892 -0.6731834555418393 0.18810276261476308 -0.6273205892625707 0.3935372312133544 0.6720099891210869 0.21252048342855834 0.0 0.0 0.0 1.0"/>
                <scale value="1"/>
            </transform>
            <transform time="0.0015">
                <matrix value="0.24540745775878606 0.9189657457540328 -0.308659996110381 -0.11901217031331973 -0.7393379956446531 -0.028518008123899232 -0.6727221935927175 0.1876397447006932 -0.6270102906416379 0.3933015491374788 0.6724308778841086 0.21257892213215002 0.0 0.0 0.0 1.0"/>
                <scale value="1"/>
            </transform>
        </animation>
    </shape>
    <shape name="temp26" type="ply">
        <string name="filename" value="meshes/Cube_022.ply"/>
        <boolean name="face_normals" value="true"/>
        <ref id="mat-Material" name="bsdf"/>
        <animation name="to_world">
            <transform time="0">
                <matrix value="0.6657682167697645 0.3935451574079675 -0.6339361571858743 -0.06760553653744572 -0.6834229567024274 -0.019372070176024096 -0.7297658598809229 -0.15436976777927605 -0.29947644350359115 0.9191010860972461 0.25606034889114043 0.6647946316306441 0.0 0.0 0.0 1.0"/>
                <scale value="1"/>
            </transform>
            <transform time="0.0015">
                <matrix value="0.6651390506520666 0.39352122575768345 -0.6345936256707343 -0.06775111310238358 -0.6841291469609895 -0.019394398323138516 -0.7290856091407528 -0.1553932076280469 -0.2992190197931965 0.9191108479878546 0.25631915769436453 0.6648955034160282 0.0 0.0 0.0 1.0"/>
                <scale value="1"/>
            </transform>
        </animation>
    </shape>
    <shape name="temp27" type="ply">
        <string name="filename" value="meshes/Cube_023.ply"/>
        <boolean name="face_normals" value="true"/>
        <ref id="mat-Material" name="bsdf"/>
        <animation name="to_world">
            <transform time="0">
                <matrix value="0.8498125976238726 0.3187202115876793 -0.41980501167556533 -0.08062724131394938 -0.47960292681024136 0.1372067255847133 -0.8666924179980058 -0.2866117579752063 -0.2186323970306386 0.9378655175075038 0.2694592362255987 0.14775101863817997 0.0 0.0 0.0 1.0"/>
                <scale value="1"/>
            </transform>
            <transform time="0.0015">
                <matrix value="0.8497454508277766 0.3188811626363736 -0.4198177346758225 -0.0806630323681269 -0.47963097910765984 0.13707086334579754 -0.8666980859031371 -0.28663153007416514 -0.2188290646987006 0.9378300217714219 0.2694210757351953 0.1475754117012451 0.0 0.0 0.0 1.0"/>
                <scale value="1"/>
            </transform>
        </animation>
    </shape>
    <shape name="temp28" type="ply">
        <string name="filename" value="meshes/Cube_024.ply"/>
        <boolean name="face_normals" value="true"/>
        <ref id="mat-Material" name="bsdf"/>
        <animation name="to_world">
            <transform time="0">
                <matrix value="0.8658073992911687 0.4126178760718614 -0.2830621327303046 -0.17876593204341884 -0.38240545222125893 0.18078876065603863 -0.9061356880829804 -0.515121827758203 -0.32271331868864434 0.8927831998047653 0.3143154865890565 -0.30430482825109306 0.0 0.0 0.0 1.0"/>
                <scale value="1"/>
            </transform>
            <transform time="0.0015">
                <matrix value="0.8657533850552407 0.41278450403540184 -0.2829826714236819 -0.17885005272561352 -0.3823969822784434 0.18082449443206838 -0.9061321052180251 -0.5151305851675764 -0.32286714197754335 0.8926983915028173 0.31439679464554937 -0.30449146145063344 0.0 0.0 0.0 1.0"/>
                <scale value="1"/>
            </transform>
        </animation>
    </shape>
    <shape name="temp29" type="ply">
        <string name="filename" value="meshes/Cube_025.ply"/>
        <boolean name="face_normals" value="true"/>
        <ref id="mat-Material" name="bsdf"/>
        <animation name="to_world">
            <transform time="0">
                <matrix value="0.8943942399920571 0.37841884932512626 -0.23845055153394568 -0.2763834089907309 -0.3251994585365594 0.18414287591542336 -0.9275434128204753 -0.796229275075006 -0.3070908839470451 0.9071331579836596 0.28775788957595877 -0.7192678449904012 0.0 0.0 0.0 1.0"/>
                <scale value="1"/>
            </transform>
            <transform time="0.0015">
                <matrix value="0.8944499456634383 0.37839087775395963 -0.23828413128643497 -0.27623943004531637 -0.32504882025253234 0.18423475332800124 -0.9275775053549435 -0.7961029845573945 -0.3070869808799527 0.9071260318035154 0.28778448447616184 -0.7192493035506597 0.0 0.0 0.0 1.0"/>
                <scale value="1"/>
            </transform>
        </animation>
    </shape>
    <shape name="temp30" type="ply">
        <string name="filename" value="meshes/Cube_026.ply"/>
        <boolean name="face_normals" value="true"/>
        <ref id="mat-Material" name="bsdf"/>
        <animation name="to_world">
            <transform time="0">
                <matrix value="0.9233268088229819 0.2434899869217789 -0.2969524859569354 -0.31275589397515424 -0.3488870656901177 0.20878639531269882 -0.9136116904110017 -1.1428253177892878 -0.16045566081056403 0.9471646124612295 0.27772858128287964 -0.8473172208285031 0.0 0.0 0.0 1.0"/>
                <scale value="1"/>
            </transform>
            <transform time="0.0015">
                <matrix value="0.9233473773163678 0.24350453213878556 -0.29687630965238576 -0.31270468961932973 -0.34878321314899785 0.2085956952778325 -0.913694104815343 -1.1427275598139852 -0.16056118404311714 0.9472023534321513 0.2775364341927085 -0.8476559457615469 0.0 0.0 0.0 1.0"/>
                <scale value="1"/>
            </transform>
        </animation>
    </shape>
    <shape name="temp31" type="ply">
        <string name="filename" value="meshes/Cube_027.ply"/>
        <boolean name="face_normals" value="true"/>
        <ref id="mat-Material" name="bsdf"/>
        <animation name="to_world">
            <transform time="0">
                <matrix value="0.8730034200490402 0.19235992015401848 -0.44817765203647486 -0.5538397739087456 -0.4824090867990362 0.2053984060005465 -0.8515241116145281 -1.5824103480992968 -0.0717441274974425 0.9595878795969323 0.2721097006715046 -0.9831463425020273 0.0 0.0 0.0 1.0"/>
                <scale value="1"/>
            </transform>
            <transform time="0.0015">
                <matrix value="0.873023302394082 0.19233700974767498 -0.4481486997643178 -0.5538595499868179 -0.4823592373239877 0.2051970775195515 -0.8516001177117165 -1.5823260671826955 -0.07183520650950459 0.9596349469279585 0.27191729827029154 -0.9835522596017592 0.0 0.0 0.0 1.0"/>
                <scale value="1"/>
            </transform>
        </animation>
    </shape>
    <shape name="temp32" type="ply">
        <string name="filename" value="meshes/Cube_028.ply"/>
        <boolean name="face_normals" value="true"/>
        <ref id="mat-Material" name="bsdf"/>
        <animation name="to_world">
            <transform time="0">
                <matrix value="-0.1123957718336179 0.9809245697432123 0.1586010549850811 -1.464277400774212 -0.8194532353947594 -0.0012249433172793129 -0.5731452067773596 -2.110213545909698 -0.5620178643930167 -0.19438516716970194 0.803959243553854 -1.2522128806442159 0.0 0.0 0.0 1.0"/>
                <scale value="1"/>
            </transform>
            <transform time="0.0015">
                <matrix value="-0.11235560662438465 0.980931327975172 0.15858755924340365 -1.4642473450544982 -0.8195425144641886 -0.0012300860314348023 -0.5730169385098842 -2.110156846135768 -0.561895107667169 -0.19435094198122854 0.8040529086647771 -1.2519419331253485 0.0 0.0 0.0 1.0"/>
                <scale value="1"/>
            </transform>
        </animation>
    </shape>
    <shape name="temp33" type="ply">
        <string name="filename" value="meshes/Cube_029.ply"/>
        <boolean name="face_normals" value="true"/>
        <ref id="mat-Material" name="bsdf"/>
        <animation name="to_world">
            <transform time="0">
                <matrix value="0.005135179698844204 0.9806379752327278 0.19576147900265756 -1.594129341794406 -0.9970963269488873 -0.009853388343905069 0.07551471537293018 -1.7773155292238116 0.07598155762046853 -0.19558075019346172 0.9777398337006129 -0.05505834585312708 0.0 0.0 0.0 1.0"/>
                <scale value="1"/>
            </transform>
            <transform time="0.0015">
                <matrix value="0.005164059363510204 0.9806363607662041 0.19576874515491144 -1.5940604302222432 -0.9970830348193369 -0.009858543147786619 0.07568417126872966 -1.777003530570602 0.07614868420877463 -0.19558857772790042 0.9777248809839227 -0.05475805649481777 0.0 0.0 0.0 1.0"/>
                <scale value="1"/>
            </transform>
        </animation>
    </shape>
    <shape name="temp34" type="ply">
        <string name="filename" value="meshes/Cube_030.ply"/>
        <boolean name="face_normals" value="true"/>
        <ref id="mat-Material" name="bsdf"/>
        <animation name="to_world">
            <transform time="0">
                <matrix value="-0.03875052084669927 0.9814606047015922 -0.18770549253954089 -3.2019499845188135 -0.9753680910317792 0.0036709593748427342 0.2205526454479953 -1.918989935991518 0.21715274104348853 0.19162845185430608 0.957143280540392 0.2625686046883995 0.0 0.0 0.0 1.0"/>
                <scale value="1"/>
            </transform>
            <transform time="0.0015">
                <matrix value="-0.03882049439248089 0.9814608624307086 -0.187689324040778 -3.2020684210760577 -0.9752877243702749 0.0036674100158063084 0.2209000991139668 -1.9182125926848856 0.2174930880386686 0.19162720487523524 0.9570645438298194 0.26325319719523277 0.0 0.0 0.0 1.0"/>
                <scale value="1"/>
            </transform>
        </animation>
    </shape>
    <shape name="temp35" type="ply">
        <string name="filename" value="meshes/Cube_031.ply"/>
        <boolean name="face_normals" value="true"/>
        <ref id="mat-Material" name="bsdf"/>
        <animation name="to_world">
            <transform time="0">
                <matrix value="0.1347615894274565 0.9807070165594893 0.14160815488243825 -1.9231102867508794 -0.7169368664975259 -0.0021458899552170003 0.6971350304311709 -0.9206603022424468 0.6839894189462561 -0.19547107669010458 0.702815846619145 0.6995890513279894 0.0 0.0 0.0 1.0"/>
                <scale value="1"/>
            </transform>
            <transform time="0.0015">
                <matrix value="0.13471835729469434 0.9807049215075818 0.14166334632141325 -1.9231486537501423 -0.7172293093045727 -0.002132492661454431 0.6968307592417436 -0.921916758344422 0.6836877689858472 -0.19548172916550244 0.7031030119687617 0.6991927926063431 0.0 0.0 0.0 1.0"/>
                <scale value="1"/>
            </transform>
        </animation>
    </shape>
    <shape name="temp36" type="ply">
        <string name="filename" value="meshes/Cube_032.ply"/>
        <boolean name="face_normals" value="true"/>
        <ref id="mat-Material" name="bsdf"/>
        <animation name="to_world">
            <transform time="0">
