
<scene version="2.1.0">
    <default name="spp" value="1024"/>
    <default name="resx" value="1280"/>
    <default name="resy" value="720"/>
    <integrator name="temp0" type="path">
        <integer name="max_depth" value="12"/>
    </integrator>
    <sensor name="temp44" type="perspective">
        <string name="fov_axis" value="x"/>
        <float name="fov" value="83.974423"/>
        <float name="principal_point_offset_x" value="0.000000"/>
        <float name="principal_point_offset_y" value="-0.000000"/>
        <float name="near_clip" value="0.100000"/>
        <float name="far_clip" value="1000.000000"/>
        <sampler name="sampler" type="correlated">
            <integer name="sample_count" value="1024"/>
        </sampler>
        <film name="film" type="hdrfilm">
            <integer name="width" value="$resx"/>
            <integer name="height" value="$resy"/>
        </film>
        <float name="shutter_open" value="0.0"/>
        <float name="shutter_close" value="0.0015"/>
        <animation name="to_world">
            <transform time="0">
                <rotate angle="-142.5518126578256" x="1"/>
                <rotate angle="3.976628485794621e-06" y="1"/>
                <rotate angle="-179.999991348578" z="1"/>
                <translate value="-0.000000 3.030926 4.073377"/>
            </transform>
            <transform time="0.0015">
                <rotate angle="-142.5518126578256" x="1"/>
                <rotate angle="3.976628485794621e-06" y="1"/>
                <rotate angle="-179.999991348578" z="1"/>
                <translate value="-0.000000 3.030926 4.073377"/>
                <translate x="0.15" y="0.0" z="0.0"/>
            </transform>
        </animation>
    </sensor>
    <bsdf id="mat-Material" name="mat-Material" type="twosided">
        <bsdf name="bsdf" type="diffuse">
            <texture name="reflectance" type="bitmap">
                <string name="filename" value="textures/siggraph_2023_logo.jpg"/>
            </texture>
        </bsdf>
    </bsdf>
    <bsdf id="mat-Material.001" name="mat-Material.001" type="twosided">
        <bsdf name="bsdf" type="principled">
            <rgb name="base_color" value="0.433648 0.266232 0.084399"/>
            <float name="spec_tint" value="0.000000"/>
            <float name="spec_trans" value="0.000000"/>
            <float name="metallic" value="0.000000"/>
            <float name="anisotropic" value="0.000000"/>
            <float name="roughness" value="0.500000"/>
            <float name="sheen" value="0.000000"/>
            <float name="sheen_tint" value="0.500000"/>
            <float name="clearcoat" value="0.000000"/>
            <float name="clearcoat_gloss" value="0.173205"/>
            <float name="specular" value="0.500000"/>
        </bsdf>
    </bsdf>
    <bsdf id="mat-Material.002" name="mat-Material.002" type="twosided">
        <bsdf name="bsdf" type="principled">
            <rgb name="base_color" value="0.433648 0.266232 0.084399"/>
            <float name="spec_tint" value="0.000000"/>
            <float name="spec_trans" value="0.000000"/>
            <float name="metallic" value="0.000000"/>
            <float name="anisotropic" value="0.000000"/>
            <float name="roughness" value="0.500000"/>
            <float name="sheen" value="0.000000"/>
            <float name="sheen_tint" value="0.500000"/>
            <float name="clearcoat" value="0.000000"/>
            <float name="clearcoat_gloss" value="0.173205"/>
            <float name="specular" value="0.500000"/>
        </bsdf>
    </bsdf>
    <bsdf id="mat-Material.003" name="mat-Material.003" type="twosided">
        <bsdf name="bsdf" type="principled">
            <rgb name="base_color" value="0.433648 0.266232 0.084399"/>
            <float name="spec_tint" value="0.000000"/>
            <float name="spec_trans" value="0.000000"/>
            <float name="metallic" value="0.000000"/>
            <float name="anisotropic" value="0.000000"/>
            <float name="roughness" value="0.500000"/>
            <float name="sheen" value="0.000000"/>
            <float name="sheen_tint" value="0.500000"/>
            <float name="clearcoat" value="0.000000"/>
            <float name="clearcoat_gloss" value="0.173205"/>
            <float name="specular" value="0.500000"/>
        </bsdf>
    </bsdf>
    <bsdf id="mat-Material.004" name="mat-Material.004" type="twosided">
        <bsdf name="bsdf" type="principled">
            <rgb name="base_color" value="0.433648 0.266232 0.084399"/>
            <float name="spec_tint" value="0.000000"/>
            <float name="spec_trans" value="0.000000"/>
            <float name="metallic" value="0.000000"/>
            <float name="anisotropic" value="0.000000"/>
            <float name="roughness" value="0.500000"/>
            <float name="sheen" value="0.000000"/>
            <float name="sheen_tint" value="0.500000"/>
            <float name="clearcoat" value="0.000000"/>
            <float name="clearcoat_gloss" value="0.173205"/>
            <float name="specular" value="0.500000"/>
        </bsdf>
    </bsdf>
    <bsdf id="mat-Material.005" name="mat-Material.005" type="twosided">
        <bsdf name="bsdf" type="principled">
            <rgb name="base_color" value="0.433648 0.266232 0.084399"/>
            <float name="spec_tint" value="0.000000"/>
            <float name="spec_trans" value="0.000000"/>
            <float name="metallic" value="0.000000"/>
            <float name="anisotropic" value="0.000000"/>
            <float name="roughness" value="0.500000"/>
            <float name="sheen" value="0.000000"/>
            <float name="sheen_tint" value="0.500000"/>
            <float name="clearcoat" value="0.000000"/>
            <float name="clearcoat_gloss" value="0.173205"/>
            <float name="specular" value="0.500000"/>
        </bsdf>
    </bsdf>
    <emitter name="temp45" type="point">
        <point name="position" x="-6.815235034541981e-16" y="3.0693089962005615" z="4.109199523925781"/>
        <rgb name="intensity" value="7.957747 7.957747 7.957747"/>
    </emitter>
    <shape name="temp2" type="ply">
        <string name="filename" value="meshes/Cube.ply"/>
        <boolean name="face_normals" value="true"/>
        <ref id="mat-Material" name="bsdf"/>
        <animation name="to_world">
            <transform time="0">
                <matrix value="0.9604252101406494 -0.2543779710193295 -0.11238321479683476 0.3879878532004466 -0.11923682288259249 -0.021296548142245998 -0.9863378864649962 1.7182383796366643 0.2484196678527801 0.9607288344530822 -0.05076114568524151 1.9692250623601582 0.0 0.0 0.0 1.0"/>
            </transform>
            <transform time="0.0015">
                <matrix value="0.9601508784585 -0.25546606889228585 -0.11226473004848687 0.3893025099777077 -0.11716763085227697 -0.013539372154658134 -0.986755515757049 1.7089968674646152 0.25047343431090313 0.9606126829731343 -0.04290850141616313 1.9530599372473492 0.0 0.0 0.0 1.0"/>
            </transform>
        </animation>
    </shape>
    <shape name="temp4" type="ply">
        <string name="filename" value="meshes/Plane.ply"/>
        <boolean name="face_normals" value="true"/>
        <ref id="mat-Material.001" name="bsdf"/>
    </shape>
    <shape name="temp5" type="ply">
        <string name="filename" value="meshes/Cube_001.ply"/>
        <boolean name="face_normals" value="true"/>
        <ref id="mat-Material" name="bsdf"/>
        <animation name="to_world">
            <transform time="0">
                <matrix value="0.9981523490896713 -0.026940634888188514 -0.05445756491061183 0.04382576128808768 -0.054476824691016563 1.959667141543063e-05 -0.9985150827312739 1.1727662308119418 0.026901704173736364 0.9996368551362784 -0.0014480797843696353 1.0660935617416119 0.0 0.0 0.0 1.0"/>
            </transform>
            <transform time="0.0015">
                <matrix value="0.9981536096877919 -0.026893777813267718 -0.05445763809977719 0.04378927011310828 -0.054476811925465975 2.031658907128218e-05 -0.9985150912416418 1.172765626671926 0.026854956089203335 0.9996381166729109 -0.0014448082286780955 1.066253518731269 0.0 0.0 0.0 1.0"/>
            </transform>
        </animation>
    </shape>
    <shape name="temp6" type="ply">
        <string name="filename" value="meshes/Cube_002.ply"/>
        <boolean name="face_normals" value="true"/>
        <ref id="mat-Material" name="bsdf"/>
        <animation name="to_world">
            <transform time="0">
                <matrix value="0.9997371579729339 -0.022004451184027468 0.006468272673503535 -0.03859377552358412 0.011142454173293122 0.21947247003168394 -0.975555186253517 0.6539022470869471 0.020046945890888204 0.9753704974521457 0.21965986494261974 0.5386477556148721 0.0 0.0 0.0 1.0"/>
            </transform>
            <transform time="0.0015">
                <matrix value="0.9997372218006868 -0.022000558442418664 0.006471435126276482 -0.038627563152598104 0.011144880266182489 0.21948199913874716 -0.9755530161096604 0.6538911197189512 0.020042345346025447 0.9753684474551179 0.21966941357558867 0.5387175643260875 0.0 0.0 0.0 1.0"/>
            </transform>
        </animation>
    </shape>
    <shape name="temp7" type="ply">
        <string name="filename" value="meshes/Cube_003.ply"/>
        <boolean name="face_normals" value="true"/>
        <ref id="mat-Material" name="bsdf"/>
        <animation name="to_world">
            <transform time="0">
                <matrix value="0.9953335567268944 -0.05679145556220708 0.07800205522100363 -0.06786543469922135 0.08870455226434196 0.22054042046376582 -0.9713358841965467 0.13909661141933638 0.03796103289381537 0.973722057556688 0.22454945413954225 0.20518104480794463 0.0 0.0 0.0 1.0"/>
            </transform>
            <transform time="0.0015">
                <matrix value="0.9953393969662887 -0.0566916935456762 0.07800031144658712 -0.06797659577428154 0.08868129502686332 0.22056342097986878 -0.971332786422571 0.1391084453301697 0.03786254539446916 0.9737226657975644 0.22456345965226682 0.20532122166716407 0.0 0.0 0.0 1.0"/>
            </transform>
        </animation>
    </shape>
    <shape name="temp8" type="ply">
        <string name="filename" value="meshes/Cube_004.ply"/>
        <boolean name="face_normals" value="true"/>
        <ref id="mat-Material" name="bsdf"/>
        <animation name="to_world">
            <transform time="0">
                <matrix value="0.9794240789891264 -0.1576411331955288 0.12598619403990635 0.04295805343921355 0.15954694988005894 0.22262261093022237 -0.9617589183684372 -0.36991239845092966 0.12356389853677219 0.9620729501922103 0.24319654238733754 -0.31774725718652874 0.0 0.0 0.0 1.0"/>
            </transform>
            <transform time="0.0015">
                <matrix value="0.9793890215958224 -0.1577795951010051 0.12608547854686283 0.04306876537683097 0.15968325883355033 0.2226572280961494 -0.9617282895537713 -0.3702821632358089 0.12366577401324459 0.9620422528008198 0.24326621677068552 -0.31804316853795567 0.0 0.0 0.0 1.0"/>
            </transform>
        </animation>
    </shape>
    <shape name="temp9" type="ply">
        <string name="filename" value="meshes/Cube_005.ply"/>
        <boolean name="face_normals" value="true"/>
        <ref id="mat-Material" name="bsdf"/>
        <animation name="to_world">
            <transform time="0">
                <matrix value="0.9746197877051985 -0.2067837275224593 0.08574124829027077 0.11863600220930581 0.1318429126619825 0.2207000915684062 -0.9663895483005304 -0.6325178235350704 0.1809104440035672 0.953166619039971 0.2423628942542224 -0.771181615227339 0.0 0.0 0.0 1.0"/>
            </transform>
            <transform time="0.0015">
                <matrix value="0.9745847303118946 -0.20694902261247433 0.08574106446632057 0.11876712904009312 0.1318830076606875 0.22069271758642345 -0.9663857696971094 -0.6326281444542127 0.18107007402229014 0.9531324674411344 0.24237805973011417 -0.77158837797575 0.0 0.0 0.0 1.0"/>
            </transform>
        </animation>
    </shape>
    <shape name="temp10" type="ply">
        <string name="filename" value="meshes/Cube_006.ply"/>
        <boolean name="face_normals" value="true"/>
        <ref id="mat-Material" name="bsdf"/>
        <animation name="to_world">
            <transform time="0">
                <matrix value="0.9872080591886558 -0.14441710139063 -0.06755847593093663 0.03310514557810085 -0.034204546058965266 0.22202731199796422 -0.9744403458747359 -0.541985501017483 0.15572567891253433 0.9642858185777488 0.21424734563503114 -1.03922865254405 0.0 0.0 0.0 1.0"/>
            </transform>
            <transform time="0.0015">
                <matrix value="0.9872151759831089 -0.14437152687795224 -0.0675518974164224 0.033091794526898526 -0.03421101149119963 0.22200895964362025 -0.9744443031958863 -0.5419720671726277 0.15567914050216974 0.9642968720415763 0.21423143209778645 -1.0391567804910538 0.0 0.0 0.0 1.0"/>
            </transform>
        </animation>
    </shape>
    <shape name="temp11" type="ply">
        <string name="filename" value="meshes/Cube_007.ply"/>
        <boolean name="face_normals" value="true"/>
        <ref id="mat-Material" name="bsdf"/>
        <animation name="to_world">
            <transform time="0">
                <matrix value="0.9112174594478633 -0.25064264751586807 -0.3268892360222987 0.17591981083556085 -0.2738139530554389 0.22431130755095186 -0.9352560468743573 -0.2290568289632407 0.30774444308517146 0.9417315189300473 0.13576761818939143 -1.820466079952824 0.0 0.0 0.0 1.0"/>
            </transform>
            <transform time="0.0015">
                <matrix value="0.9112462457644406 -0.25071427726549456 -0.32675409988779486 0.1760010290907767 -0.27370878566260837 0.22417626305810323 -0.9353192278468717 -0.22935157401393136 0.30775281409496996 0.9417446223909025 0.1356577689115191 -1.8206917737226935 0.0 0.0 0.0 1.0"/>
            </transform>
        </animation>
    </shape>
    <shape name="temp12" type="ply">
        <string name="filename" value="meshes/Cube_008.ply"/>
        <boolean name="face_normals" value="true"/>
        <ref id="mat-Material" name="bsdf"/>
        <animation name="to_world">
            <transform time="0">
                <matrix value="0.32069688153226705 0.8967243957840988 -0.3048964328417414 1.7763008717366424 -0.5457130155116687 -0.0881634172745154 -0.8332695459933119 0.3152187879942058 -0.7741340396824974 0.43367339489344486 0.461117341441378 1.0144604890384255 0.0 0.0 0.0 1.0"/>
            </transform>
            <transform time="0.0015">
                <matrix value="0.3202663856783797 0.8967212569608108 -0.3053584862550933 1.7767614924897313 -0.546107614637301 -0.08861000574790232 -0.8329638620827859 0.31685568112209117 -0.7740342130768945 0.43358911223176044 0.461364218708575 1.0145437212181965 0.0 0.0 0.0 1.0"/>
            </transform>
        </animation>
    </shape>
    <shape name="temp13" type="ply">
        <string name="filename" value="meshes/Cube_009.ply"/>
        <boolean name="face_normals" value="true"/>
        <ref id="mat-Material" name="bsdf"/>
        <animation name="to_world">
            <transform time="0">
                <matrix value="-0.0650288239747388 0.9907988352665601 0.11869492284292806 2.6025161065243796 -0.8768383428452893 4.665243428037453e-05 -0.480772431198321 1.1357962547367144 -0.4763544121114769 -0.1353420883019797 0.8687676144070661 0.8515600255268639 0.0 0.0 0.0 1.0"/>
            </transform>
            <transform time="0.0015">
                <matrix value="-0.06498992255501382 0.9908009303184677 0.11869879506039761 2.6024419769591582 -0.8769602538534106 4.8322686254341984e-05 -0.4805500978326234 1.1364461408827886 -0.4761353233494998 -0.13532679217031082 0.8688901211553615 0.851262954158674 0.0 0.0 0.0 1.0"/>
            </transform>
        </animation>
    </shape>
    <shape name="temp14" type="ply">
        <string name="filename" value="meshes/Cube_010.ply"/>
        <boolean name="face_normals" value="true"/>
        <ref id="mat-Material" name="bsdf"/>
        <animation name="to_world">
            <transform time="0">
                <matrix value="0.029594281390784485 0.9949767741639429 0.09562646180962517 1.892580370289625 -0.9979754958539219 0.024062028730369632 0.05842998750414283 1.9423165542839995 0.055836023807370926 -0.09715857395243865 0.9936750065363309 -0.2398097279563255 0.0 0.0 0.0 1.0"/>
            </transform>
            <transform time="0.0015">
                <matrix value="0.029562549263839458 0.9949720358924246 0.09568555355028435 1.892719325118631 -0.9979475233411945 0.02397673834120852 0.05894268696888631 1.9430636668335022 0.05635260415165265 -0.09722819049985584 0.9936391778867774 -0.24087392585391454 0.0 0.0 0.0 1.0"/>
            </transform>
        </animation>
    </shape>
    <shape name="temp15" type="ply">
        <string name="filename" value="meshes/Cube_011.ply"/>
        <boolean name="face_normals" value="true"/>
        <ref id="mat-Material" name="bsdf"/>
        <animation name="to_world">
            <transform time="0">
                <matrix value="0.07896869298810164 0.987744121579482 0.1344801383007242 1.5306449507092665 -0.9030573890966214 0.013830774702089804 0.42915137385874247 2.1186213900409214 0.4220484347380533 -0.15536663864687345 0.8930781556058078 -1.0371891369736994 0.0 0.0 0.0 1.0"/>
            </transform>
            <transform time="0.0015">
                <matrix value="0.07894205128402319 0.9876845365010372 0.13493345071503662 1.5314756172027817 -0.9034025057567845 0.013736353866459631 0.4284281627805804 2.117768794508435 0.421314950136639 -0.15575387482536068 0.8933574148234922 -1.0356288204533148 0.0 0.0 0.0 1.0"/>
            </transform>
        </animation>
    </shape>
    <shape name="temp16" type="ply">
        <string name="filename" value="meshes/Cube_012.ply"/>
        <boolean name="face_normals" value="true"/>
        <ref id="mat-Material" name="bsdf"/>
        <animation name="to_world">
            <transform time="0">
                <matrix value="0.09303222629413133 0.9904546715530962 0.10170768440845142 1.0971770775627454 -0.7386528038551345 0.00016029143366087984 0.6740862493091346 1.8462124152812547 0.6676355919131531 -0.13783838072015736 0.7316168353189754 -1.8287266806572622 0.0 0.0 0.0 1.0"/>
            </transform>
            <transform time="0.0015">
                <matrix value="0.09303097367447981 0.9904556252147172 0.10169952381651391 1.097148183474303 -0.7386405967973841 0.0001623890837331272 0.6740996276077328 1.8462120987961974 0.6676492829661593 -0.13783151135282762 0.7316056356746018 -1.8288260375730265 0.0 0.0 0.0 1.0"/>
            </transform>
        </animation>
    </shape>
    <shape name="temp17" type="ply">
        <string name="filename" value="meshes/Cube_013.ply"/>
        <boolean name="face_normals" value="true"/>
        <ref id="mat-Material" name="bsdf"/>
        <animation name="to_world">
            <transform time="0">
                <matrix value="0.911238291783904 0.17232968589325084 0.374006607722279 0.6549294501472813 -0.3971617271868191 0.1278170738575329 0.9087673591001093 1.4697385113028372 0.10880146251863829 -0.9767112758461735 0.18491033052322323 -1.4042866255083288 0.0 0.0 0.0 1.0"/>
            </transform>
            <transform time="0.0015">
                <matrix value="0.9110206710602446 0.17230059320649355 0.3745502415239019 0.6557183016421039 -0.3977016222135571 0.1278461169839225 0.9085273241688365 1.469910473847094 0.10865331032558834 -0.9767126049651256 0.18499046499995989 -1.4040404860369795 0.0 0.0 0.0 1.0"/>
            </transform>
        </animation>
    </shape>
    <shape name="temp18" type="ply">
        <string name="filename" value="meshes/Cube_014.ply"/>
        <boolean name="face_normals" value="true"/>
        <ref id="mat-Material" name="bsdf"/>
        <animation name="to_world">
            <transform time="0">
                <matrix value="0.9392329622518071 0.298115651522768 0.17020204945295758 0.11263121789700514 -0.2162310713848805 0.12869500420296898 0.9678226949918702 1.025945869883103 0.266619284183204 -0.9458136134478321 0.1853365513041694 -0.8703341273747522 0.0 0.0 0.0 1.0"/>
            </transform>
            <transform time="0.0015">
                <matrix value="0.9392392173715955 0.2981073313883109 0.17018207136392502 0.11261322050344702 -0.2162307187365455 0.1287727471488604 0.9678124399983519 1.025934118634896 0.2665975093452875 -0.9458056537524129 0.18540847157364976 -0.8702469844308034 0.0 0.0 0.0 1.0"/>
            </transform>
        </animation>
    </shape>
    <shape name="temp19" type="ply">
        <string name="filename" value="meshes/Cube_015.ply"/>
        <boolean name="face_normals" value="true"/>
        <ref id="mat-Material" name="bsdf"/>
        <animation name="to_world">
            <transform time="0">
                <matrix value="0.9829059601756653 0.1323774829326086 0.12795464613746577 0.022806844976306695 -0.14965932481955652 0.16970267383917753 0.9740654228805149 0.639630707601194 0.10723008384350394 -0.9765639112015903 0.18661328702506408 -0.2983376136374425 0.0 0.0 0.0 1.0"/>
            </transform>
            <transform time="0.0015">
                <matrix value="0.9829061835728006 0.1323749823867835 0.12795547674938892 0.022763264655313385 -0.14965873760422943 0.16969414870501767 0.9740669972986069 0.6396319169258139 0.10722880569275126 -0.9765657284150728 0.18660449411277932 -0.29831712066650007 0.0 0.0 0.0 1.0"/>
            </transform>
        </animation>
    </shape>
    <shape name="temp20" type="ply">
        <string name="filename" value="meshes/Cube_016.ply"/>
        <boolean name="face_normals" value="true"/>
        <ref id="mat-Material" name="bsdf"/>
        <animation name="to_world">
            <transform time="0">
                <matrix value="0.985112636451801 0.027759661092605067 0.16965421509422007 0.04377934514295295 -0.1719022537928149 0.16862998854873462 0.9705739820462475 0.3289112592374687 -0.0016659840752304411 -0.9852884613379 0.17089147279491618 0.1814024206191478 0.0 0.0 0.0 1.0"/>
            </transform>
            <transform time="0.0015">
                <matrix value="0.9851137055666628 0.02776977290944615 0.16964632938717106 0.043690549075413705 -0.1718962077089174 0.16863214742838845 0.9705746798964288 0.3288887045622011 -0.0016551872916813577 -0.9852878080421439 0.1708953509696434 0.18150919146203826 0.0 0.0 0.0 1.0"/>
            </transform>
        </animation>
    </shape>
    <shape name="temp21" type="ply">
        <string name="filename" value="meshes/Cube_017.ply"/>
        <boolean name="face_normals" value="true"/>
        <ref id="mat-Material" name="bsdf"/>
        <animation name="to_world">
            <transform time="0">
                <matrix value="0.944583991546504 -0.1244848494961652 0.3037370319431555 0.21469210674920403 -0.2860023766592734 0.1420823886213219 0.947629451264975 0.14893357469179525 -0.16112442312158815 -0.9819849068567841 0.09860698141601748 0.43883259993802315 0.0 0.0 0.0 1.0"/>
            </transform>
            <transform time="0.0015">
                <matrix value="0.9445667740101475 -0.12468986571906623 0.30370656482548286 0.21474597051380295 -0.285994782752367 0.14181647547206105 0.947671611628369 0.14916544762617479 -0.16123885351706446 -0.9819973945676164 0.09829566619494287 0.438988757664598 0.0 0.0 0.0 1.0"/>
            </transform>
        </animation>
    </shape>
    <shape name="temp22" type="ply">
        <string name="filename" value="meshes/Cube_018.ply"/>
        <boolean name="face_normals" value="true"/>
        <ref id="mat-Material" name="bsdf"/>
        <animation name="to_world">
            <transform time="0">
                <matrix value="0.21248047522547678 0.958232291734022 0.19131586387600402 0.8524610850735763 -0.5837535259836852 -0.0325276113161029 0.8112229628750589 -0.0019694007359119664 0.7835823905593171 -0.2841054767918936 0.5524776358197552 -0.15409318042563505 0.0 0.0 0.0 1.0"/>
            </transform>
            <transform time="0.0015">
                <matrix value="0.21216994363324582 0.9582328924657517 0.19165777727441952 0.8524788198738017 -0.5842527547533294 -0.03282144347250404 0.8108519278481618 -0.0014230240558930226 0.783294671005988 -0.28406983838202593 0.5529040222805468 -0.1541541919556766 0.0 0.0 0.0 1.0"/>
            </transform>
        </animation>
    </shape>
    <shape name="temp23" type="ply">
        <string name="filename" value="meshes/Cube_019.ply"/>
        <boolean name="face_normals" value="true"/>
        <ref id="mat-Material" name="bsdf"/>
        <animation name="to_world">
            <transform time="0">
                <matrix value="-0.08092504880085527 0.983837341971495 -0.15973415690314552 0.5069990301818169 -0.9133173145966418 -0.009020382835199812 0.4071492330626292 -0.046664031166842646 0.3991278786299237 0.17883648677681296 0.8992856605902034 -0.056208854875048286 0.0 0.0 0.0 1.0"/>
            </transform>
            <transform time="0.0015">
                <matrix value="-0.08092072925767485 0.9838365685293928 -0.15974111753318587 0.506999621680158 -0.9133186390225153 -0.009014070045817696 0.4071463820893274 -0.04666564126679455 0.39912570848632367 0.17884106810716702 0.8992857116524118 -0.05619249010559858 0.0 0.0 0.0 1.0"/>
            </transform>
        </animation>
    </shape>
    <shape name="temp24" type="ply">
        <string name="filename" value="meshes/Cube_020.ply"/>
        <boolean name="face_normals" value="true"/>
        <ref id="mat-Material" name="bsdf"/>
        <animation name="to_world">
            <transform time="0">
                <matrix value="0.09778038894228683 0.9425787124786336 -0.3193483431060763 0.13635609865829168 -0.961283062249395 0.006385407814256741 -0.2754873179303168 0.14097868652781131 -0.2576290857116251 0.33392142886364096 0.9067098921296503 0.11747666757931141 0.0 0.0 0.0 1.0"/>
            </transform>
            <transform time="0.0015">
                <matrix value="0.09781588410463381 0.9425573467656072 -0.3194005457037581 0.13640135667536143 -0.9612917287761247 0.00641789987617283 -0.27545630614909533 0.14093691847705525 -0.25758325819964434 0.3339811284968357 0.9067009222017461 0.11748849436307082 0.0 0.0 0.0 1.0"/>
            </transform>
        </animation>
    </shape>
    <shape name="temp25" type="ply">
        <string name="filename" value="meshes/Cube_021.ply"/>
        <boolean name="face_normals" value="true"/>
        <ref id="mat-Material" name="bsdf"/>
        <animation name="to_world">
            <transform time="0">
                <matrix value="0.19178689584009279 0.9400894408486868 -0.2818672725321391 -0.17184113967354478 -0.793621360324949 -0.020411760595549232 -0.6080687163402598 0.09606777109421914 -0.5773921283910166 0.34031585885533233 0.7421605398512885 0.3090940795461773 0.0 0.0 0.0 1.0"/>
            </transform>
            <transform time="0.0015">
                <matrix value="0.1917382223913922 0.9400996232515062 -0.28186643000570066 -0.17187583309608956 -0.7936700768573828 -0.02042296326612008 -0.6080047439035154 0.0959968246201341 -0.577341321499674 0.3402870612780373 0.742213270091819 0.30909509714021155 0.0 0.0 0.0 1.0"/>
            </transform>
        </animation>
    </shape>
    <shape name="temp26" type="ply">
        <string name="filename" value="meshes/Cube_022.ply"/>
        <boolean name="face_normals" value="true"/>
        <ref id="mat-Material" name="bsdf"/>
        <animation name="to_world">
            <transform time="0">
                <matrix value="0.6377943786379021 0.40028982756355036 -0.6580171585186712 -0.0853903148780204 -0.7116744854412997 -0.020401415868658783 -0.7022132749216232 -0.19538883179082184 -0.2945133167383831 0.9161614065240926 0.2718640859230836 0.6894952861778532 0.0 0.0 0.0 1.0"/>
            </transform>
            <transform time="0.0015">
                <matrix value="0.6377898787813197 0.4002965632680702 -0.658017405319345 -0.08539796844945233 -0.7116770225944793 -0.02040126012895785 -0.7022107218112037 -0.19539197719218848 -0.2945169246021182 0.9161584704477634 0.27187007722220136 0.6895037858326925 0.0 0.0 0.0 1.0"/>
            </transform>
        </animation>
    </shape>
    <shape name="temp27" type="ply">
        <string name="filename" value="meshes/Cube_023.ply"/>
        <boolean name="face_normals" value="true"/>
        <ref id="mat-Material" name="bsdf"/>
        <animation name="to_world">
            <transform time="0">
                <matrix value="0.8560634065390487 0.28564336713090527 -0.43077080007054036 -0.06660199653806975 -0.48036375031691747 0.13201970910865768 -0.8670765604101174 -0.28703993024959906 -0.19080447389929917 0.94919882859187 0.2502298944589407 0.20366128948443007 0.0 0.0 0.0 1.0"/>
            </transform>
            <transform time="0.0015">
                <matrix value="0.8560669011085222 0.2856412495515579 -0.4307652768416662 -0.06659955898173225 -0.480358915364632 0.13202629237750113 -0.8670782454629943 -0.287037958732983 -0.19080100805231434 0.9491985507534448 0.2502335879586809 0.20366855591936395 0.0 0.0 0.0 1.0"/>
            </transform>
        </animation>
    </shape>
    <shape name="temp28" type="ply">
        <string name="filename" value="meshes/Cube_024.ply"/>
        <boolean name="face_normals" value="true"/>
        <ref id="mat-Material" name="bsdf"/>
        <animation name="to_world">
            <transform time="0">
                <matrix value="0.8544730571408816 0.4459073719867424 -0.2665380991262356 -0.19396130279602236 -0.3761140424128632 0.17708706090446225 -0.9094935655554982 -0.5109138832461692 -0.35834957812303314 0.8773862538927002 0.3190282638985089 -0.3473744039388344 0.0 0.0 0.0 1.0"/>
            </transform>
            <transform time="0.0015">
                <matrix value="0.8544630202267313 0.4459156695937596 -0.2665563964175753 -0.19397862148941575 -0.3761275707050995 0.17706464159630783 -0.9094923315521288 -0.5109255764684615 -0.35835931025966317 0.8773865617677117 0.319016485549107 -0.3473934584554299 0.0 0.0 0.0 1.0"/>
            </transform>
        </animation>
    </shape>
    <shape name="temp29" type="ply">
        <string name="filename" value="meshes/Cube_025.ply"/>
        <boolean name="face_normals" value="true"/>
        <ref id="mat-Material" name="bsdf"/>
        <animation name="to_world">
            <transform time="0">
                <matrix value="0.9017026223921905 0.3587436355786018 -0.24132062724191422 -0.261882126760431 -0.32129441498367983 0.18249824267922066 -0.929227847748169 -0.7932750471531034 -0.28931405322794834 0.9154218717082827 0.2798215073417298 -0.6966253696111593 0.0 0.0 0.0 1.0"/>
            </transform>
            <transform time="0.0015">
                <matrix value="0.9017116061484172 0.35872730318469914 -0.24131133391998727 -0.2618587278374497 -0.321282945136476 0.18250851894637277 -0.9292297966224559 -0.7932650380601347 -0.28929878403375053 0.9154262270133233 0.27982304771834954 -0.6966077288575454 0.0 0.0 0.0 1.0"/>
            </transform>
        </animation>
    </shape>
    <shape name="temp30" type="ply">
        <string name="filename" value="meshes/Cube_026.ply"/>
        <boolean name="face_normals" value="true"/>
        <ref id="mat-Material" name="bsdf"/>
        <animation name="to_world">
            <transform time="0">
                <matrix value="0.9232683009855911 0.23328866157860595 -0.3052089474687024 -0.33376132263681757 -0.3504817145278506 0.18624019915606888 -0.91786574258156 -1.1483218905060268 -0.15728548899254824 0.9544060255765785 0.25371306145663963 -0.8897616251864336 0.0 0.0 0.0 1.0"/>
            </transform>
            <transform time="0.0015">
                <matrix value="0.9232726093589148 0.2332795379654603 -0.30520286255553597 -0.3337421857870817 -0.35047098189119325 0.18622637556805255 -0.9178726444900607 -1.1483108479673378 -0.15728407680351436 0.9544109515767625 0.2536954024429048 -0.8897788475434327 0.0 0.0 0.0 1.0"/>
            </transform>
        </animation>
    </shape>
    <shape name="temp31" type="ply">
        <string name="filename" value="meshes/Cube_027.ply"/>
        <boolean name="face_normals" value="true"/>
        <ref id="mat-Material" name="bsdf"/>
        <animation name="to_world">
            <transform time="0">
                <matrix value="0.8724726387211961 0.1728447529634582 -0.4570739175103222 -0.6004417644199772 -0.4843755263489159 0.18225553425680452 -0.8556655214100886 -1.5845202380193069 -0.0645930292344161 0.9679397942943915 0.2427346259114813 -1.0295253701403544 0.0 0.0 0.0 1.0"/>
            </transform>
            <transform time="0.0015">
                <matrix value="0.872476420515558 0.17284916083252524 -0.45706501566532626 -0.6004412781565225 -0.48436689364533037 0.18224088616448914 -0.8556735211560698 -1.5845093033035764 -0.06460650167736855 0.9679417616908064 0.2427231794664339 -1.0295581546250356 0.0 0.0 0.0 1.0"/>
            </transform>
        </animation>
    </shape>
    <shape name="temp32" type="ply">
        <string name="filename" value="meshes/Cube_028.ply"/>
        <boolean name="face_normals" value="true"/>
        <ref id="mat-Material" name="bsdf"/>
        <animation name="to_world">
            <transform time="0">
                <matrix value="-0.10548389084210508 0.9846235996187084 0.1392463882339425 -1.4863392249218297 -0.797092160481679 4.7243811832139885e-06 -0.6038579245151887 -2.1221490165389936 -0.5945734867302452 -0.17468944960921776 0.7848352159069472 -1.3603194584613405 0.0 0.0 0.0 1.0"/>
            </transform>
            <transform time="0.0015">
                <matrix value="-0.10548377435645596 0.9846233743443098 0.1392480775420034 -1.4863350875138828 -0.7970953199554498 4.926487311433162e-06 -0.6038537544348368 -2.12214875405143 -0.5945692740985509 -0.1746907261641435 0.7848381179424574 -1.3603090544844643 0.0 0.0 0.0 1.0"/>
            </transform>
        </animation>
    </shape>
    <shape name="temp33" type="ply">
        <string name="filename" value="meshes/Cube_029.ply"/>
        <boolean name="face_normals" value="true"/>
        <ref id="mat-Material" name="bsdf"/>
        <animation name="to_world">
            <transform time="0">
                <matrix value="0.0022910339398645807 0.9763185120446871 0.21632549698572312 -1.5690469793952175 -0.9985884984229478 -0.009245678659555341 0.05230349519952002 -1.819314139523827 0.053064990683070135 -0.21613992236500962 0.9749192828143904 -0.11841244936603479 0.0 0.0 0.0 1.0"/>
            </transform>
            <transform time="0.0015">
                <matrix value="0.0022836854506682464 0.9763154257854254 0.21633949058393237 -1.5690446948661616 -0.9985895356239332 -0.009249419866585316 0.052282953724121575 -1.8193461348488211 0.053045713105987505 -0.21615368663076762 0.9749172828778951 -0.118467180421103 0.0 0.0 0.0 1.0"/>
            </transform>
        </animation>
    </shape>
    <shape name="temp34" type="ply">
        <string name="filename" value="meshes/Cube_030.ply"/>
        <boolean name="face_normals" value="true"/>
        <ref id="mat-Material" name="bsdf"/>
        <animation name="to_world">
            <transform time="0">
                <matrix value="-0.042736362150883264 0.9785531258879818 -0.20151236199471817 -3.2274928525344775 -0.9745692226504854 0.003577653916038909 0.22405810588334069 -1.9110878443539656 0.21997367063325862 0.20596314758331363 0.9535150299671695 0.25272904983437117 0.0 0.0 0.0 1.0"/>
            </transform>
            <transform time="0.0015">
                <matrix value="-0.04273955465869683 0.978553031910179 -0.20151214200845385 -3.2275022489569216 -0.9745657747933776 0.003577662358154477 0.22407309816612475 -1.911054577266799 0.21998832060097545 0.2059635938953887 0.953511550918429 0.25273823928304184 0.0 0.0 0.0 1.0"/>
            </transform>
        </animation>
    </shape>
    <shape name="temp35" type="ply">
        <string name="filename" value="meshes/Cube_031.ply"/>
        <boolean name="face_normals" value="true"/>
        <ref id="mat-Material" name="bsdf"/>
        <animation name="to_world">
            <transform time="0">
                <matrix value="0.14537934354206447 0.9763320700091569 0.16012582850653467 -1.8702060324646985 -0.7366034782022847 -0.001239596348110124 0.6763226673336167 -1.005681028509183 0.660514035675597 -0.21627289470884792 0.7189894241457027 0.6584440214386345 0.0 0.0 0.0 1.0"/>
            </transform>
            <transform time="0.0015">
                <matrix value="0.14540860856678886 0.9763269262437209 0.16013061643960802 -1.870119573362273 -0.7365377675306298 -0.00124235716095714 0.676394213997939 -1.0053938501008273 0.6605808633329284 -0.21629609797190968 0.7189210603590368 0.6585221181529868 0.0 0.0 0.0 1.0"/>
            </transform>
        </animation>
    </shape>
    <shape name="temp36" type="ply">
        <string name="filename" value="meshes/Cube_032.ply"/>
        <boolean name="face_normals" value="true"/>
        <ref id="mat-Material" name="bsdf"/>
        <animation name="to_world">
            <transform time="0">
                <matrix value="0.6705470216851321 0.6131072142971864 0.41762237358877896 -0.6980708520844143 -0.5305362154648625 0.002891459108136239 0.8476000673253901 -0.5626543645230485 0.5184601091791705 -0.7899942222212952 0.3272132158227905 -0.15205224638541948 0.0 0.0 0.0 1.0"/>
            </transform>
            <transform time="0.0015">
                <matrix value="0.6708364965016671 0.6131070941508404 0.4171577925961117 -0.6977600170821183 -0.5299340644435977 0.002868861532841025 0.8479770510995646 -0.5607187885281758 0.5187019206211952 -0.7899944024408142 0.32682965353410187 -0.15178844622430518 0.0 0.0 0.0 1.0"/>
            </transform>
        </animation>
    </shape>
    <shape name="temp37" type="ply">
        <string name="filename" value="meshes/Cube_033.ply"/>
        <boolean name="face_normals" value="true"/>
        <ref id="mat-Material" name="bsdf"/>
        <animation name="to_world">
            <transform time="0">
                <matrix value="0.9766112703824461 0.16979795504178985 0.131906443238408 -0.14524406627545194 -0.1500694337327823 0.09895061355003827 0.9837115343428045 0.3005282691073308 0.1539799513143874 -0.9804984324907232 0.12211777357204218 -0.38795174996372567 0.0 0.0 0.0 1.0"/>
            </transform>
            <transform time="0.0015">
                <matrix value="0.976611126770002 0.16979851597504247 0.13190670025152357 -0.14525165530277992 -0.15007003211796616 0.0989523271372974 0.9837112705213944 0.3005246964494903 0.15398020662539919 -0.9804981621614448 0.12211961947087549 -0.38797691984164084 0.0 0.0 0.0 1.0"/>
            </transform>
        </animation>
    </shape>
    <shape name="temp38" type="ply">
        <string name="filename" value="meshes/Cube_034.ply"/>
        <boolean name="face_normals" value="true"/>
        <ref id="mat-Material" name="bsdf"/>
        <animation name="to_world">
            <transform time="0">
                <matrix value="0.9999160057940489 -0.0015830300173333362 0.012880980624565918 -0.03387415304163577 -0.012396175183102936 0.17732617125169214 0.9840741647798379 0.36930313449774377 -0.0038419548177658163 -0.9841508438268503 0.17729163997369393 -0.379640216255806 0.0 0.0 0.0 1.0"/>
            </transform>
            <transform time="0.0015">
                <matrix value="0.9999159898371107 -0.001585513292121206 0.01288144443962546 -0.033871160734228745 -0.012396215713726056 0.17731977270785562 0.9840753136795266 0.3693035656153386 -0.0038444002185504473 -0.9841519927262833 0.17728521039062084 -0.3796605842560087 0.0 0.0 0.0 1.0"/>
