
<scene version="2.1.0">
    <default name="spp" value="1024"/>
    <default name="resx" value="640"/>
    <default name="resy" value="360"/>
    <integrator name="temp0" type="path">
        <integer name="max_depth" value="12"/>
    </integrator>
    <sensor name="temp44" type="perspective">
        <string name="fov_axis" value="x"/>
        <float name="fov" value="83.974423"/>
        <float name="principal_point_offset_x" value="0.000000"/>
        <float name="principal_point_offset_y" value="-0.000000"/>
        <float name="near_clip" value="0.100000"/>
        <float name="far_clip" value="1000.000000"/>
        <sampler name="sampler" type="correlated">
            <integer name="sample_count" value="1024"/>
        </sampler>
        <film name="film" type="hdrfilm">
            <integer name="width" value="$resx"/>
            <integer name="height" value="$resy"/>
        </film>
        <float name="shutter_open" value="0.0"/>
        <float name="shutter_close" value="0.0015"/>
        <animation name="to_world">
            <transform time="0">
                <rotate angle="-142.5518126578256" x="1"/>
                <rotate angle="3.976628485794621e-06" y="1"/>
                <rotate angle="-179.999991348578" z="1"/>
                <translate value="-0.000000 3.030926 4.073377"/>
                <translate x="0.15" y="0.0" z="0.0"/>
            </transform>
            <transform time="0.0015">
                <rotate angle="-142.5518126578256" x="1"/>
                <rotate angle="3.976628485794621e-06" y="1"/>
                <rotate angle="-179.999991348578" z="1"/>
                <translate value="-0.000000 3.030926 4.073377"/>
                <translate x="0.3" y="0.0" z="0.0"/>
            </transform>
        </animation>
    </sensor>
    <bsdf id="mat-Material" name="mat-Material" type="twosided">
        <bsdf name="bsdf" type="diffuse">
            <texture name="reflectance" type="bitmap">
                <string name="filename" value="textures/siggraph_2023_logo.jpg"/>
            </texture>
        </bsdf>
    </bsdf>
    <bsdf id="mat-Material.001" name="mat-Material.001" type="twosided">
        <bsdf name="bsdf" type="principled">
            <rgb name="base_color" value="0.433648 0.266232 0.084399"/>
            <float name="spec_tint" value="0.000000"/>
            <float name="spec_trans" value="0.000000"/>
            <float name="metallic" value="0.000000"/>
            <float name="anisotropic" value="0.000000"/>
            <float name="roughness" value="0.500000"/>
            <float name="sheen" value="0.000000"/>
            <float name="sheen_tint" value="0.500000"/>
            <float name="clearcoat" value="0.000000"/>
            <float name="clearcoat_gloss" value="0.173205"/>
            <float name="specular" value="0.500000"/>
        </bsdf>
    </bsdf>
    <bsdf id="mat-Material.002" name="mat-Material.002" type="twosided">
        <bsdf name="bsdf" type="principled">
            <rgb name="base_color" value="0.433648 0.266232 0.084399"/>
            <float name="spec_tint" value="0.000000"/>
            <float name="spec_trans" value="0.000000"/>
            <float name="metallic" value="0.000000"/>
            <float name="anisotropic" value="0.000000"/>
            <float name="roughness" value="0.500000"/>
            <float name="sheen" value="0.000000"/>
            <float name="sheen_tint" value="0.500000"/>
            <float name="clearcoat" value="0.000000"/>
            <float name="clearcoat_gloss" value="0.173205"/>
            <float name="specular" value="0.500000"/>
        </bsdf>
    </bsdf>
    <bsdf id="mat-Material.003" name="mat-Material.003" type="twosided">
        <bsdf name="bsdf" type="principled">
            <rgb name="base_color" value="0.433648 0.266232 0.084399"/>
            <float name="spec_tint" value="0.000000"/>
            <float name="spec_trans" value="0.000000"/>
            <float name="metallic" value="0.000000"/>
            <float name="anisotropic" value="0.000000"/>
            <float name="roughness" value="0.500000"/>
            <float name="sheen" value="0.000000"/>
            <float name="sheen_tint" value="0.500000"/>
            <float name="clearcoat" value="0.000000"/>
            <float name="clearcoat_gloss" value="0.173205"/>
            <float name="specular" value="0.500000"/>
        </bsdf>
    </bsdf>
    <bsdf id="mat-Material.004" name="mat-Material.004" type="twosided">
        <bsdf name="bsdf" type="principled">
            <rgb name="base_color" value="0.433648 0.266232 0.084399"/>
            <float name="spec_tint" value="0.000000"/>
            <float name="spec_trans" value="0.000000"/>
            <float name="metallic" value="0.000000"/>
            <float name="anisotropic" value="0.000000"/>
            <float name="roughness" value="0.500000"/>
            <float name="sheen" value="0.000000"/>
            <float name="sheen_tint" value="0.500000"/>
            <float name="clearcoat" value="0.000000"/>
            <float name="clearcoat_gloss" value="0.173205"/>
            <float name="specular" value="0.500000"/>
        </bsdf>
    </bsdf>
    <bsdf id="mat-Material.005" name="mat-Material.005" type="twosided">
        <bsdf name="bsdf" type="principled">
            <rgb name="base_color" value="0.433648 0.266232 0.084399"/>
            <float name="spec_tint" value="0.000000"/>
            <float name="spec_trans" value="0.000000"/>
            <float name="metallic" value="0.000000"/>
            <float name="anisotropic" value="0.000000"/>
            <float name="roughness" value="0.500000"/>
            <float name="sheen" value="0.000000"/>
            <float name="sheen_tint" value="0.500000"/>
            <float name="clearcoat" value="0.000000"/>
            <float name="clearcoat_gloss" value="0.173205"/>
            <float name="specular" value="0.500000"/>
        </bsdf>
    </bsdf>
    <emitter name="temp45" type="point">
        <point name="position" x="-6.815235034541981e-16" y="3.0693089962005615" z="4.109199523925781"/>
        <rgb name="intensity" value="7.957747 7.957747 7.957747"/>
    </emitter>
    <shape name="temp2" type="ply">
        <string name="filename" value="meshes/Cube.ply"/>
        <boolean name="face_normals" value="true"/>
        <ref id="mat-Material" name="bsdf"/>
        <animation name="to_world">
            <transform time="0">
                <matrix value="1.0 0.0006306643611174265 0.00011119847231881598 -0.0007372029959844539 -0.0006306524333054978 0.9999997914159312 -9.504510659301849e-05 -0.016257987499884607 -0.00011125841493403685 9.497479261528963e-05 1.0 0.00028592698387375215 0.0 0.0 0.0 1.0"/>
                <scale value="1"/>
            </transform>
            <transform time="0.0015">
                <matrix value="1.0 0.0006162827684156557 0.0001169272095610214 -0.0007460222013055404 -0.0006162676843232877 0.9999997914159312 -0.000105020109001982 -0.016278067087027122 -0.00011698810466022959 0.00010495008566163637 1.0 0.0002995861207039622 0.0 0.0 0.0 1.0"/>
                <scale value="1"/>
            </transform>
        </animation>
    </shape>
    <shape name="temp4" type="ply">
        <string name="filename" value="meshes/Plane.ply"/>
        <boolean name="face_normals" value="true"/>
        <ref id="mat-Material.001" name="bsdf"/>
        <transform name="to_world">
            <scale value="1"/>
        </transform>
    </shape>
    <shape name="temp5" type="ply">
        <string name="filename" value="meshes/Cube_001.ply"/>
        <boolean name="face_normals" value="true"/>
        <ref id="mat-Material" name="bsdf"/>
        <animation name="to_world">
            <transform time="0">
                <matrix value="1.0 -0.00029708837498409546 -1.1017511693295025e-05 0.0005797756312517777 0.0002970762037987543 0.9999993742477937 -0.001070298770602444 -0.017514541093302638 1.1335450253268016e-05 0.0010702949170148283 0.9999995272093389 -0.0001322369068370577 0.0 0.0 0.0 1.0"/>
                <scale value="1"/>
            </transform>
            <transform time="0.0015">
                <matrix value="1.0 -0.00027841808337214643 -1.1449280961887772e-05 0.0005796754406501906 0.0002784050541968382 0.9999993517203539 -0.001087011771823175 -0.01744766251364165 1.1743534587403305e-05 0.0010870082499256383 0.9999995016782348 -0.0001336202035155002 0.0 0.0 0.0 1.0"/>
                <scale value="1"/>
            </transform>
        </animation>
    </shape>
    <shape name="temp6" type="ply">
        <string name="filename" value="meshes/Cube_002.ply"/>
        <boolean name="face_normals" value="true"/>
        <ref id="mat-Material" name="bsdf"/>
        <animation name="to_world">
            <transform time="0">
                <matrix value="1.0 0.00038829593073340244 -2.40425870915857e-05 -0.000598014577657402 -0.00038832183565680364 0.9999991656637249 -0.0011048621318792814 -0.016216217950835776 2.361358587443509e-05 0.0011048718980941675 0.9999995272093389 -0.00017477219756556472 0.0 0.0 0.0 1.0"/>
                <scale value="1"/>
            </transform>
            <transform time="0.0015">
                <matrix value="1.0 0.0003687769778976837 -2.486913956916079e-05 -0.0005974326513593284 -0.00036880442579249195 0.9999991581545783 -0.0011177668284946143 -0.01624927777482291 2.4463694950333136e-05 0.0011177759911066092 0.9999995101886029 -0.00017506239069569067 0.0 0.0 0.0 1.0"/>
                <scale value="1"/>
            </transform>
        </animation>
    </shape>
    <shape name="temp7" type="ply">
        <string name="filename" value="meshes/Cube_003.ply"/>
        <boolean name="face_normals" value="true"/>
        <ref id="mat-Material" name="bsdf"/>
        <animation name="to_world">
            <transform time="0">
                <matrix value="1.0 0.00033823366838887583 9.127129153643253e-05 -0.0005816304250574333 -0.0003381655488123795 0.9999995828318625 -0.0007575690238905849 -0.016815319358060465 -9.152753325638666e-05 0.0007575377067850313 0.9999997636046695 0.0001725346810139694 0.0 0.0 0.0 1.0"/>
                <scale value="1"/>
            </transform>
            <transform time="0.0015">
                <matrix value="1.0 0.0003192331620542278 9.767554775416382e-05 -0.0005839163205469532 -0.00031915695783759165 0.999999575322716 -0.000769450604057146 -0.01685294711849764 -9.791517541685472e-05 0.0007694222829606144 0.9999997550943014 0.00018786245682343234 0.0 0.0 0.0 1.0"/>
                <scale value="1"/>
            </transform>
        </animation>
    </shape>
    <shape name="temp8" type="ply">
        <string name="filename" value="meshes/Cube_004.ply"/>
        <boolean name="face_normals" value="true"/>
        <ref id="mat-Material" name="bsdf"/>
        <animation name="to_world">
            <transform time="0">
                <matrix value="1.0 0.0001358457979696427 5.170485948425157e-06 -0.00051359324346123 -0.00013583879849723507 0.9999989570796561 -0.0013887941994259376 -0.01761482647069723 -5.359140608516969e-06 0.0013887944466577534 0.999999054418678 -2.3575177876454523e-05 0.0 0.0 0.0 1.0"/>
                <scale value="1"/>
            </transform>
            <transform time="0.0015">
                <matrix value="1.0 0.00010515699704296187 5.463535366521917e-06 -0.0005132424738084784 -0.00010514870748981989 0.9999987468235507 -0.001469025013529095 -0.0176859301771683 -5.552072757337961e-06 0.0014690255482823458 0.9999988586802125 -2.5038747225142912e-05 0.0 0.0 0.0 1.0"/>
                <scale value="1"/>
            </transform>
        </animation>
    </shape>
    <shape name="temp9" type="ply">
        <string name="filename" value="meshes/Cube_005.ply"/>
        <boolean name="face_normals" value="true"/>
        <ref id="mat-Material" name="bsdf"/>
        <animation name="to_world">
            <transform time="0">
                <matrix value="1.0 0.0002888889352409042 7.198190535581988e-05 -0.0005363440320018675 -0.000288825712244272 0.9999995828318625 -0.0008699986430908027 -0.01745710919079102 -7.223324415320542e-05 0.0008699791207347165 0.9999997636046695 0.0001115731297033351 0.0 0.0 0.0 1.0"/>
                <scale value="1"/>
            </transform>
            <transform time="0.0015">
                <matrix value="1.0 0.00027023058317208397 7.936117742201985e-05 -0.0005343958129198799 -0.00027015673278595596 0.9999995678135694 -0.000885357474545034 -0.017504941523566523 -7.959277555079925e-05 0.0008853408823450468 0.9999997465839333 0.00013003647178976745 0.0 0.0 0.0 1.0"/>
                <scale value="1"/>
            </transform>
        </animation>
    </shape>
    <shape name="temp10" type="ply">
        <string name="filename" value="meshes/Cube_006.ply"/>
        <boolean name="face_normals" value="true"/>
        <ref id="mat-Material" name="bsdf"/>
        <animation name="to_world">
            <transform time="0">
                <matrix value="1.0 0.0006583163511137347 -0.00014028620855457966 -0.0007125248721551181 -0.0006583683050634101 0.9999995828318625 -0.00038164607742136194 -0.016502538014788404 0.00014003496286525292 0.0003817380476113996 1.0 -0.0005130640139247022 0.0 0.0 0.0 1.0"/>
                <scale value="1"/>
            </transform>
            <transform time="0.0015">
                <matrix value="1.0 0.0006442816809858966 -0.00014040671536637978 -0.0007134212661660095 -0.0006443316726457514 0.9999995978501558 -0.0003671379738472678 -0.016525206266504264 0.00014016472468698617 0.0003672280184658074 1.0 -0.0005119349791935458 0.0 0.0 0.0 1.0"/>
                <scale value="1"/>
            </transform>
        </animation>
    </shape>
    <shape name="temp11" type="ply">
        <string name="filename" value="meshes/Cube_007.ply"/>
        <boolean name="face_normals" value="true"/>
        <ref id="mat-Material" name="bsdf"/>
        <animation name="to_world">
            <transform time="0">
                <matrix value="1.0 -0.0002340313251554473 -6.840666237687941e-07 0.00038521035164018613 0.00023403134956305284 1.0 -0.0002775186622293687 -0.018711644397274185 7.490155613117811e-07 0.00027751901765246976 1.0 5.858528770552596e-06 0.0 0.0 0.0 1.0"/>
                <scale value="1"/>
            </transform>
            <transform time="0.0015">
                <matrix value="1.0 -0.0002146556243098349 -7.221654991073757e-07 0.0003848734657875586 0.00021465558943946003 0.9999999849817067 -0.0002964443591469947 -0.01867937994552698 7.759805529588716e-07 0.0002964446953410304 0.9999999914896319 5.453569043582272e-06 0.0 0.0 0.0 1.0"/>
                <scale value="1"/>
            </transform>
        </animation>
    </shape>
    <shape name="temp12" type="ply">
        <string name="filename" value="meshes/Cube_008.ply"/>
        <boolean name="face_normals" value="true"/>
        <ref id="mat-Material" name="bsdf"/>
        <animation name="to_world">
            <transform time="0">
                <matrix value="1.0 -5.264599320433104e-06 4.623679909375486e-06 -5.3263224867539094e-05 5.265616716930218e-06 1.0 -0.00021853211737879187 -0.018096281639803147 -4.622518070943412e-06 0.00021853144300544613 1.0 -7.481619487492708e-06 0.0 0.0 0.0 1.0"/>
                <scale value="1"/>
            </transform>
            <transform time="0.0015">
                <matrix value="1.0 8.36712774692865e-06 4.782601671584124e-06 -5.546115374835803e-05 -8.365961589164128e-06 0.9999999924908534 -0.0002306170527902656 -0.018080149442444304 -4.788931384110386e-06 0.00023061621302996975 1.0 -7.013797058095084e-06 0.0 0.0 0.0 1.0"/>
                <scale value="1"/>
            </transform>
        </animation>
    </shape>
    <shape name="temp13" type="ply">
        <string name="filename" value="meshes/Cube_009.ply"/>
        <boolean name="face_normals" value="true"/>
        <ref id="mat-Material" name="bsdf"/>
        <animation name="to_world">
            <transform time="0">
                <matrix value="1.0 -0.0002697909779046896 4.304924445688409e-05 4.4291133577178954e-05 0.00026977077338496204 0.9999997914159312 0.0004596376248699235 -0.01772972122260763 -4.3173154831240346e-05 -0.00045962542472931 1.0 2.344086108885257e-05 0.0 0.0 0.0 1.0"/>
                <scale value="1"/>
            </transform>
            <transform time="0.0015">
                <matrix value="0.9999998883014324 -0.0003523031329986232 4.4493207116837375e-05 4.6202983911443784e-05 0.00035227992028428703 0.9999996487421454 0.00048788617469169355 -0.017853351050535798 -4.4727403699137135e-05 -0.00048786657425969567 0.9999999744688958 2.6819207024554528e-05 0.0 0.0 0.0 1.0"/>
                <scale value="1"/>
            </transform>
        </animation>
    </shape>
    <shape name="temp14" type="ply">
        <string name="filename" value="meshes/Cube_010.ply"/>
        <boolean name="face_normals" value="true"/>
        <ref id="mat-Material" name="bsdf"/>
        <animation name="to_world">
            <transform time="0">
                <matrix value="0.9999995567588077 0.001083625524849663 2.9958143842776303e-05 -2.86281808452582e-05 -0.0010836404994796348 0.9999991656637249 0.00045991893531325455 -0.01505516872804058 -2.9459759905110927e-05 -0.00045995081587658503 1.0 4.9462338441941256e-05 0.0 0.0 0.0 1.0"/>
                <scale value="1"/>
            </transform>
            <transform time="0.0015">
                <matrix value="0.9999995088879929 0.0009703642403450883 3.447081757144054e-05 -1.7036762556772143e-05 -0.0009703803858535252 0.9999991130996986 0.0004539082325563202 -0.015265295994099697 -3.401210843161714e-05 -0.0004539274290052767 1.0 5.674911776554178e-05 0.0 0.0 0.0 1.0"/>
                <scale value="1"/>
            </transform>
        </animation>
    </shape>
    <shape name="temp15" type="ply">
        <string name="filename" value="meshes/Cube_011.ply"/>
        <boolean name="face_normals" value="true"/>
        <ref id="mat-Material" name="bsdf"/>
        <animation name="to_world">
            <transform time="0">
                <matrix value="1.0 -0.0008628872623966728 -3.487469392714579e-05 0.00014599315907215527 0.000862897520863363 0.9999995828318625 0.0003546804620677689 -0.01841710759633991 3.4568735184663146e-05 -0.0003547097239807018 1.0 -6.453595608579832e-05 0.0 0.0 0.0 1.0"/>
                <scale value="1"/>
            </transform>
            <transform time="0.0015">
                <matrix value="1.0 -0.000800684044890524 -3.9063275819159445e-05 0.00013546063742756845 0.0008006965777734378 0.999999575322716 0.0003591863615434534 -0.01832225240219864 3.8783268945942907e-05 -0.0003592098804597534 1.0 -7.067634489823866e-05 0.0 0.0 0.0 1.0"/>
                <scale value="1"/>
            </transform>
        </animation>
    </shape>
    <shape name="temp16" type="ply">
        <string name="filename" value="meshes/Cube_012.ply"/>
        <boolean name="face_normals" value="true"/>
        <ref id="mat-Material" name="bsdf"/>
        <animation name="to_world">
            <transform time="0">
                <matrix value="1.0 0.00024839859581204905 -1.6498077396776796e-05 -0.00047873073500537267 -0.0002484003425367935 1.0 -0.00010424915878721631 -0.01772898574085735 1.6472172431461614e-05 0.0001042534463302762 1.0 1.4396770222635524e-05 0.0 0.0 0.0 1.0"/>
                <scale value="1"/>
            </transform>
            <transform time="0.0015">
                <matrix value="1.0 0.00022664054310916575 -1.959385824422884e-05 -0.0004826221354983604 -0.00022664371148679508 0.9999999924908534 -0.0001147591654845848 -0.017765451401599536 1.9573961870420868e-05 0.00011476200893312533 1.0 1.0881730608133118e-05 0.0 0.0 0.0 1.0"/>
                <scale value="1"/>
            </transform>
        </animation>
    </shape>
    <shape name="temp17" type="ply">
        <string name="filename" value="meshes/Cube_013.ply"/>
        <boolean name="face_normals" value="true"/>
        <ref id="mat-Material" name="bsdf"/>
        <animation name="to_world">
            <transform time="0">
                <matrix value="1.0 0.0003421988515361174 2.4598116118331937e-06 -0.000425801252677771 -0.00034219904366280336 0.9999997914159312 -0.0002658383689478658 -0.01785144618041168 -2.550777710996105e-06 0.00026583622396088633 1.0 2.6860963489694356e-05 0.0 0.0 0.0 1.0"/>
                <scale value="1"/>
            </transform>
            <transform time="0.0015">
                <matrix value="1.0 0.00031722410569480145 2.565388684936921e-06 -0.0004245194973696901 -0.00031722412156778634 0.9999997839067846 -0.0002860584928481753 -0.017894254756139278 -2.642607816140964e-06 0.00028605655361853245 0.9999999914896319 2.6620873837571793e-05 0.0 0.0 0.0 1.0"/>
                <scale value="1"/>
            </transform>
        </animation>
    </shape>
    <shape name="temp18" type="ply">
        <string name="filename" value="meshes/Cube_014.ply"/>
        <boolean name="face_normals" value="true"/>
        <ref id="mat-Material" name="bsdf"/>
        <animation name="to_world">
            <transform time="0">
                <matrix value="1.0 -1.2879106759583917e-05 -1.2768160953070328e-06 9.37659714961292e-06 1.287903770564175e-05 1.0 -5.552713558359624e-05 -0.017833380058477732 1.2775319266630854e-06 5.552695636212698e-05 1.0 -1.8494615569020212e-06 0.0 0.0 0.0 1.0"/>
                <scale value="1"/>
            </transform>
            <transform time="0.0015">
                <matrix value="1.0 -1.3342763523242452e-05 -1.3227330202685086e-06 9.714201132818793e-06 1.3342690481489266e-05 1.0 -5.744272582097461e-05 -0.01783513614674681 1.32352381189312e-06 5.744254717452586e-05 1.0 -1.878686598427532e-06 0.0 0.0 0.0 1.0"/>
                <scale value="1"/>
            </transform>
        </animation>
    </shape>
    <shape name="temp19" type="ply">
        <string name="filename" value="meshes/Cube_015.ply"/>
        <boolean name="face_normals" value="true"/>
        <ref id="mat-Material" name="bsdf"/>
        <animation name="to_world">
            <transform time="0">
                <matrix value="1.0 -0.0006435694574519787 -1.7455903997019526e-06 0.000644257633345191 0.0006435684816507012 0.9999997914159312 -5.219443421377986e-06 -0.01844058341628735 1.7489499616153127e-06 5.2183353739808065e-06 1.0 -5.757923124405373e-06 0.0 0.0 0.0 1.0"/>
                <scale value="1"/>
            </transform>
            <transform time="0.0015">
                <matrix value="1.0 -0.0006297268712947294 -1.8085773358244853e-06 0.0006444645884235076 0.0006297259334728042 0.9999997989250778 -5.407347242031914e-06 -0.01842630586012054 1.8119131676447604e-06 5.406246511791764e-06 1.0 -5.961635213575405e-06 0.0 0.0 0.0 1.0"/>
                <scale value="1"/>
            </transform>
        </animation>
    </shape>
    <shape name="temp20" type="ply">
        <string name="filename" value="meshes/Cube_016.ply"/>
        <boolean name="face_normals" value="true"/>
        <ref id="mat-Material" name="bsdf"/>
        <animation name="to_world">
            <transform time="0">
                <matrix value="1.0 -0.0004664878405917113 6.995079667590342e-05 0.0005146078254515407 0.00046644486877401263 0.9999995828318625 0.0005916644169711044 -0.018165904727720283 -7.022669127541766e-05 -0.0005916320243292459 1.0 6.299253831595908e-05 0.0 0.0 0.0 1.0"/>
                <scale value="1"/>
            </transform>
            <transform time="0.0015">
                <matrix value="1.0 -0.0004453882649561043 7.554058513871191e-05 0.000515480603658029 0.0004453372702298157 0.9999995678135694 0.0006128451061149082 -0.018142264561346495 -7.580145508827936e-05 -0.00061281487640089 0.9999999744688958 6.78033453311255e-05 0.0 0.0 0.0 1.0"/>
                <scale value="1"/>
            </transform>
        </animation>
    </shape>
    <shape name="temp21" type="ply">
        <string name="filename" value="meshes/Cube_017.ply"/>
        <boolean name="face_normals" value="true"/>
        <ref id="mat-Material" name="bsdf"/>
        <animation name="to_world">
            <transform time="0">
                <matrix value="1.0 -8.728951260160652e-05 5.402058814212655e-06 0.00039081643441618574 8.728527180436398e-05 0.9999995828318625 0.0007990682241651818 -0.018078038608098423 -5.471812519613423e-06 -0.000799066794876341 0.9999997636046695 2.4199327033513907e-05 0.0 0.0 0.0 1.0"/>
                <scale value="1"/>
            </transform>
            <transform time="0.0015">
                <matrix value="0.9999999840430618 -4.808541449713258e-05 5.690099880703174e-06 0.00038992764847806864 4.808027132945614e-05 0.9999994701946633 0.0008586925436578795 -0.01805835352933686 -5.668799326440123e-06 -0.0008586917468898529 0.9999996614802528 2.70490345080668e-05 0.0 0.0 0.0 1.0"/>
                <scale value="1"/>
            </transform>
        </animation>
    </shape>
    <shape name="temp22" type="ply">
        <string name="filename" value="meshes/Cube_018.ply"/>
        <boolean name="face_normals" value="true"/>
        <ref id="mat-Material" name="bsdf"/>
        <animation name="to_world">
            <transform time="0">
                <matrix value="1.0 -0.0003135727739386721 -2.63086727300493e-05 0.0003516666957574799 0.00031358782469633546 0.9999997914159312 0.0005389742617492025 -0.017814765806545674 2.6139617429662056e-05 -0.0005389812336913331 1.0 -1.3518263575706957e-05 0.0 0.0 0.0 1.0"/>
                <scale value="1"/>
            </transform>
            <transform time="0.0015">
                <matrix value="0.9999999680861236 -0.0002522773371676475 -2.9513839040314145e-05 0.00035119283559067717 0.00025230092694243135 0.9999996787787319 0.0005981587654203021 -0.01781510076496657 2.9460020113838945e-05 -0.0005981596918467056 0.9999999148963193 -1.339261502080534e-05 0.0 0.0 0.0 1.0"/>
                <scale value="1"/>
            </transform>
        </animation>
    </shape>
    <shape name="temp23" type="ply">
        <string name="filename" value="meshes/Cube_019.ply"/>
        <boolean name="face_normals" value="true"/>
        <ref id="mat-Material" name="bsdf"/>
        <animation name="to_world">
            <transform time="0">
                <matrix value="0.999993794623307 -0.003579354766041679 -2.9503792017497036e-05 0.00031509679431707127 0.003579394248856881 0.9999924909735245 0.0014068973538379492 -0.0162732345789236 2.4467800300340234e-05 -0.0014069934066575863 0.999999054418678 0.00012642547448549202 0.0 0.0 0.0 1.0"/>
                <scale value="1"/>
            </transform>
            <transform time="0.0015">
                <matrix value="0.9999933637859747 -0.003669234820709576 -3.461357870070449e-05 0.00029984917248342943 0.0036692973941403893 0.9999917625863022 0.0015109505604359611 -0.016349448702214102 2.881874673520991e-05 -0.001511077537801112 0.9999987565557957 0.0001309008155091315 0.0 0.0 0.0 1.0"/>
                <scale value="1"/>
            </transform>
        </animation>
    </shape>
    <shape name="temp24" type="ply">
        <string name="filename" value="meshes/Cube_020.ply"/>
        <boolean name="face_normals" value="true"/>
        <ref id="mat-Material" name="bsdf"/>
        <animation name="to_world">
            <transform time="0">
                <matrix value="0.9999929133718233 -0.0037766307863799403 -3.220876554643404e-05 0.00025188328626085665 0.0037766737576578006 0.9999918430633649 0.0014664098718247334 -0.008936923151820764 2.6670234171487587e-05 -0.0014665217273860463 0.9999990544187134 0.00012471348602138832 0.0 0.0 0.0 1.0"/>
                <scale value="1"/>
            </transform>
            <transform time="0.0015">
                <matrix value="0.999993152648287 -0.003674488871742704 -3.153090792254347e-05 0.00023327048893141813 0.003674532045645968 0.999991473924989 0.0016285314472396575 -0.009105918346440341 2.598987263525132e-05 -0.0016286397731247076 0.9999984501825818 0.00013022078965124154 0.0 0.0 0.0 1.0"/>
                <scale value="1"/>
            </transform>
        </animation>
    </shape>
    <shape name="temp25" type="ply">
        <string name="filename" value="meshes/Cube_021.ply"/>
        <boolean name="face_normals" value="true"/>
        <ref id="mat-Material" name="bsdf"/>
        <animation name="to_world">
            <transform time="0">
                <matrix value="0.9998984977669509 0.014241744764018415 9.653794310531742e-05 -0.0010892382342727602 -0.014241871399773415 0.9998975852222359 0.0014409997442202524 -0.006990760563317322 -7.60056699413326e-05 -0.0014422274275535385 0.999999054418678 4.23855645600435e-05 0.0 0.0 0.0 1.0"/>
                <scale value="1"/>
            </transform>
            <transform time="0.0015">
                <matrix value="0.9998610627898498 0.015448531457566183 0.0001068888059198708 -0.0011315323236621132 -0.015448701021319646 0.9998597241049683 0.0015704720585694703 -0.007688516704777699 -7.841800794993914e-05 -0.0015721087813678793 0.9999986289002748 4.8205683543913966e-05 0.0 0.0 0.0 1.0"/>
                <scale value="1"/>
            </transform>
        </animation>
    </shape>
    <shape name="temp26" type="ply">
        <string name="filename" value="meshes/Cube_022.ply"/>
        <boolean name="face_normals" value="true"/>
        <ref id="mat-Material" name="bsdf"/>
        <animation name="to_world">
            <transform time="0">
                <matrix value="0.9998275791761742 0.01858213310583764 0.00010612495573497437 -0.0013849838345567633 -0.018582270884195264 0.999826249470718 0.0014229462328276521 -0.006788004918867274 -7.966506922540943e-05 -0.0014246729923261922 0.999999054418678 -1.567119517276172e-05 0.0 0.0 0.0 1.0"/>
                <scale value="1"/>
            </transform>
            <transform time="0.0015">
                <matrix value="0.9997833944141993 0.0198172216228205 0.00011784407297517495 -0.0014294197097446143 -0.019817403167520887 0.9997818028318629 0.0015201359126849378 -0.007708948250332754 -8.44652034716159e-05 -0.0015224145227755116 0.9999987820869 -1.2061914367934579e-05 0.0 0.0 0.0 1.0"/>
                <scale value="1"/>
            </transform>
        </animation>
    </shape>
    <shape name="temp27" type="ply">
        <string name="filename" value="meshes/Cube_023.ply"/>
        <boolean name="face_normals" value="true"/>
        <ref id="mat-Material" name="bsdf"/>
        <animation name="to_world">
            <transform time="0">
                <matrix value="0.9997841415393234 0.0207854504268673 8.187954144979364e-05 -0.0019251200835468385 -0.020785538635561773 0.9997832811525522 0.0012349173869238396 -0.008638716740063612 -5.619367512548158e-05 -0.0012363528658408127 0.9999992908140084 -8.532287715065645e-05 0.0 0.0 0.0 1.0"/>
                <scale value="1"/>
            </transform>
            <transform time="0.0015">
                <matrix value="0.9997439460119075 0.02189495514973901 9.287504762453315e-05 -0.0019533646734572275 -0.021895081676933423 0.9997428368888466 0.0013315011285748987 -0.00958986039026425 -6.081686288359164e-05 -0.0013334160950757739 0.9999990440133346 -8.971772101197026e-05 0.0 0.0 0.0 1.0"/>
                <scale value="1"/>
            </transform>
        </animation>
    </shape>
    <shape name="temp28" type="ply">
        <string name="filename" value="meshes/Cube_024.ply"/>
        <boolean name="face_normals" value="true"/>
        <ref id="mat-Material" name="bsdf"/>
        <animation name="to_world">
            <transform time="0">
                <matrix value="0.999781038850977 0.02092673901752732 0.00011326338553099828 -0.0020643807909124234 -0.020926910413863166 0.9997795266393144 0.0016385293184580784 -0.009799908123619139 -7.894923469975729e-05 -0.0016405408167734965 0.9999985816280168 -5.589269693515031e-05 0.0 0.0 0.0 1.0"/>
                <scale value="1"/>
            </transform>
            <transform time="0.0015">
                <matrix value="0.9997420081800523 0.0220106730686818 0.00012643346095370157 -0.00209282713545724 -0.022010910386353916 0.9997398783451507 0.0017982807564493706 -0.0108207318293837 -8.216835550556412e-05 -0.0018008149909912684 0.9999979688815162 -6.047018367232405e-05 0.0 0.0 0.0 1.0"/>
                <scale value="1"/>
            </transform>
        </animation>
    </shape>
    <shape name="temp29" type="ply">
        <string name="filename" value="meshes/Cube_025.ply"/>
        <boolean name="face_normals" value="true"/>
        <ref id="mat-Material" name="bsdf"/>
        <animation name="to_world">
            <transform time="0">
                <matrix value="0.999768628097591 0.02152291400287429 0.00011191120424036487 -0.0021997952510868224 -0.02152306538516773 0.9997670115951884 0.0016167927678158158 -0.012229676960060998 -7.708717845067701e-05 -0.0016188272152149563 0.9999988180233473 -1.71237419843151e-05 0.0 0.0 0.0 1.0"/>
                <scale value="1"/>
            </transform>
            <transform time="0.0015">
                <matrix value="0.9997344642928283 0.022496643067290784 0.00012536663230428696 -0.0022057542707835894 -0.02249686051899637 0.9997323268469418 0.0017626540085698503 -0.013195612991593733 -8.186372834217101e-05 -0.001765223209920491 0.9999982818701592 -2.2138393793669515e-05 0.0 0.0 0.0 1.0"/>
                <scale value="1"/>
            </transform>
        </animation>
    </shape>
    <shape name="temp30" type="ply">
        <string name="filename" value="meshes/Cube_026.ply"/>
        <boolean name="face_normals" value="true"/>
        <ref id="mat-Material" name="bsdf"/>
        <animation name="to_world">
            <transform time="0">
                <matrix value="0.9997743902330917 0.021238822501215 0.0001964790333889493 -0.00194365568298549 -0.021239213725584058 0.9997720176128388 0.0021734163049424117 -0.013219963161561099 -0.00015027339116744411 -0.002177098303585769 0.9999976360466947 -0.00011880378679618442 0.0 0.0 0.0 1.0"/>
                <scale value="1"/>
            </transform>
            <transform time="0.0015">
                <matrix value="0.9997324873132846 0.022371213075520743 0.00021392515175627002 -0.001974288000518626 -0.022371716567105623 0.9997293206051465 0.0023470083247251424 -0.014426196591936941 -0.00015607811041722143 -0.0023515001862580245 0.9999968360720966 -0.00012558673366121944 0.0 0.0 0.0 1.0"/>
                <scale value="1"/>
            </transform>
        </animation>
    </shape>
    <shape name="temp31" type="ply">
        <string name="filename" value="meshes/Cube_027.ply"/>
        <boolean name="face_normals" value="true"/>
        <ref id="mat-Material" name="bsdf"/>
        <animation name="to_world">
            <transform time="0">
                <matrix value="0.999823590005443 0.01879394188430676 0.000169067103651315 -0.0015462593402768565 -0.01879431747061754 0.999819991948655 0.0025623599062172446 -0.011184109663946395 -0.00012087940825527855 -0.002565095959100836 0.9999969268607032 -9.838792689786935e-05 0.0 0.0 0.0 1.0"/>
                <scale value="1"/>
            </transform>
            <transform time="0.0015">
                <matrix value="0.9997820540952154 0.019973662009038745 0.0001860139868072079 -0.0015872676311978935 -0.019974146197405646 0.9997775427428013 0.0027423354679818367 -0.012631041361246403 -0.00012549311759207658 -0.002745798391246215 0.9999960077409522 -0.00010052155414829895 0.0 0.0 0.0 1.0"/>
                <scale value="1"/>
            </transform>
        </animation>
    </shape>
    <shape name="temp32" type="ply">
        <string name="filename" value="meshes/Cube_028.ply"/>
        <boolean name="face_normals" value="true"/>
        <ref id="mat-Material" name="bsdf"/>
        <animation name="to_world">
            <transform time="0">
                <matrix value="0.999887416737142 0.015025912398862801 0.00012273267328605111 -0.0011161396133883006 -0.01502614679793698 0.9998848615940412 0.0021608991721908315 -0.007731134765058878 -9.024922565763697e-05 -0.0021624995046128368 0.9999978724420252 -0.00011162496882999307 0.0 0.0 0.0 1.0"/>
                <scale value="1"/>
            </transform>
            <transform time="0.0015">
                <matrix value="0.9998475722623673 0.01626215086655934 0.00013591928435390465 -0.0011733044359806923 -0.016262456703304402 0.9998441845467902 0.0023412003406375896 -0.0096429686574134 -9.18424621127252e-05 -0.002343297077645915 0.9999970214052187 -0.00011153409662548953 0.0 0.0 0.0 1.0"/>
                <scale value="1"/>
            </transform>
        </animation>
    </shape>
    <shape name="temp33" type="ply">
        <string name="filename" value="meshes/Cube_029.ply"/>
        <boolean name="face_normals" value="true"/>
        <ref id="mat-Material" name="bsdf"/>
        <animation name="to_world">
            <transform time="0">
                <matrix value="0.9999933513821148 0.003721965779697678 1.9824679767065498e-05 -0.00021895345552858103 -0.003721998237673019 0.999991030885043 0.002033063669299953 0.011949655343641896 -1.2257524905722598e-05 -0.00203312315012004 0.9999978724420252 1.3721104516806193e-05 0.0 0.0 0.0 1.0"/>
                <scale value="1"/>
            </transform>
            <transform time="0.0015">
                <matrix value="0.9999907504011823 0.0040409679197523024 2.308305800469344e-05 -0.00022541884218185766 -0.0040410158892271175 0.9999876667873564 0.002205376750969879 0.011584491669518637 -1.2698737439329158e-05 -0.0022054642976848415 0.9999971150192675 1.3568273663847483e-05 0.0 0.0 0.0 1.0"/>
                <scale value="1"/>
            </transform>
        </animation>
    </shape>
    <shape name="temp34" type="ply">
        <string name="filename" value="meshes/Cube_030.ply"/>
        <boolean name="face_normals" value="true"/>
        <ref id="mat-Material" name="bsdf"/>
        <animation name="to_world">
            <transform time="0">
                <matrix value="0.9999694531263033 -0.0077881952685490375 0.00022482257607681088 0.0009790111242238275 0.007788048076946707 0.9999693153496846 0.0006340383934912102 0.03917277303187927 -0.00022975382836466372 -0.0006322632576966849 0.9999999940580427 -0.0005583834806981436 0.0 0.0 0.0 1.0"/>
                <scale value="1"/>
            </transform>
            <transform time="0.0015">
                <matrix value="0.9999699360415558 -0.007718304988459471 0.00022100509524432962 0.0009731105833233869 0.007718163987097564 0.9999697963671469 0.0006037469454700708 0.03902937717762374 -0.0002257150847388351 -0.0006020109266018545 0.9999999971914212 -0.0005481463932237564 0.0 0.0 0.0 1.0"/>
                <scale value="1"/>
            </transform>
        </animation>
    </shape>
    <shape name="temp35" type="ply">
        <string name="filename" value="meshes/Cube_031.ply"/>
        <boolean name="face_normals" value="true"/>
        <ref id="mat-Material" name="bsdf"/>
        <animation name="to_world">
            <transform time="0">
                <matrix value="0.999813395458019 -0.019332407915348244 -0.00015627504313032805 0.0009263522652149803 0.019332704817322573 0.9998108142496293 0.002167482782146101 0.06758226556763086 0.00011434293039163019 -0.002170098222237982 0.9999976360466947 0.0003108182616247124 0.0 0.0 0.0 1.0"/>
                <scale value="1"/>
            </transform>
            <transform time="0.0015">
                <matrix value="0.9997654448586205 -0.02061970685297013 -0.00017150813389639935 0.0007792127369160339 0.02062008873317874 0.9997621174337861 0.0023343703339672407 0.07123971361545411 0.00011756090229788405 -0.0023376685085880118 0.999996887134305 0.0003224304041436311 0.0 0.0 0.0 1.0"/>
                <scale value="1"/>
            </transform>
        </animation>
    </shape>
    <shape name="temp36" type="ply">
