
<scene version="2.1.0">
    <default name="spp" value="1024"/>
    <default name="resx" value="640"/>
    <default name="resy" value="360"/>
    <integrator name="temp0" type="path">
        <integer name="max_depth" value="12"/>
    </integrator>
    <sensor name="temp44" type="perspective">
        <string name="fov_axis" value="x"/>
        <float name="fov" value="83.974423"/>
        <float name="principal_point_offset_x" value="0.000000"/>
        <float name="principal_point_offset_y" value="-0.000000"/>
        <float name="near_clip" value="0.100000"/>
        <float name="far_clip" value="1000.000000"/>
        <sampler name="sampler" type="correlated">
            <integer name="sample_count" value="1024"/>
        </sampler>
        <film name="film" type="hdrfilm">
            <integer name="width" value="$resx"/>
            <integer name="height" value="$resy"/>
        </film>
        <float name="shutter_open" value="0.0"/>
        <float name="shutter_close" value="0.0015"/>
        <animation name="to_world">
            <transform time="0">
                <rotate angle="-142.5518126578256" x="1"/>
                <rotate angle="3.976628485794621e-06" y="1"/>
                <rotate angle="-179.999991348578" z="1"/>
                <translate value="-0.000000 3.030926 4.073377"/>
                <translate x="13.049999999999999" y="0.0" z="0.0"/>
            </transform>
            <transform time="0.0015">
                <rotate angle="-142.5518126578256" x="1"/>
                <rotate angle="3.976628485794621e-06" y="1"/>
                <rotate angle="-179.999991348578" z="1"/>
                <translate value="-0.000000 3.030926 4.073377"/>
                <translate x="13.2" y="0.0" z="0.0"/>
            </transform>
        </animation>
    </sensor>
    <bsdf id="mat-Material" name="mat-Material" type="twosided">
        <bsdf name="bsdf" type="diffuse">
            <texture name="reflectance" type="bitmap">
                <string name="filename" value="textures/siggraph_2023_logo.jpg"/>
            </texture>
        </bsdf>
    </bsdf>
    <bsdf id="mat-Material.001" name="mat-Material.001" type="twosided">
        <bsdf name="bsdf" type="principled">
            <rgb name="base_color" value="0.433648 0.266232 0.084399"/>
            <float name="spec_tint" value="0.000000"/>
            <float name="spec_trans" value="0.000000"/>
            <float name="metallic" value="0.000000"/>
            <float name="anisotropic" value="0.000000"/>
            <float name="roughness" value="0.500000"/>
            <float name="sheen" value="0.000000"/>
            <float name="sheen_tint" value="0.500000"/>
            <float name="clearcoat" value="0.000000"/>
            <float name="clearcoat_gloss" value="0.173205"/>
            <float name="specular" value="0.500000"/>
        </bsdf>
    </bsdf>
    <bsdf id="mat-Material.002" name="mat-Material.002" type="twosided">
        <bsdf name="bsdf" type="principled">
            <rgb name="base_color" value="0.433648 0.266232 0.084399"/>
            <float name="spec_tint" value="0.000000"/>
            <float name="spec_trans" value="0.000000"/>
            <float name="metallic" value="0.000000"/>
            <float name="anisotropic" value="0.000000"/>
            <float name="roughness" value="0.500000"/>
            <float name="sheen" value="0.000000"/>
            <float name="sheen_tint" value="0.500000"/>
            <float name="clearcoat" value="0.000000"/>
            <float name="clearcoat_gloss" value="0.173205"/>
            <float name="specular" value="0.500000"/>
        </bsdf>
    </bsdf>
    <bsdf id="mat-Material.003" name="mat-Material.003" type="twosided">
        <bsdf name="bsdf" type="principled">
            <rgb name="base_color" value="0.433648 0.266232 0.084399"/>
            <float name="spec_tint" value="0.000000"/>
            <float name="spec_trans" value="0.000000"/>
            <float name="metallic" value="0.000000"/>
            <float name="anisotropic" value="0.000000"/>
            <float name="roughness" value="0.500000"/>
            <float name="sheen" value="0.000000"/>
            <float name="sheen_tint" value="0.500000"/>
            <float name="clearcoat" value="0.000000"/>
            <float name="clearcoat_gloss" value="0.173205"/>
            <float name="specular" value="0.500000"/>
        </bsdf>
    </bsdf>
    <bsdf id="mat-Material.004" name="mat-Material.004" type="twosided">
        <bsdf name="bsdf" type="principled">
            <rgb name="base_color" value="0.433648 0.266232 0.084399"/>
            <float name="spec_tint" value="0.000000"/>
            <float name="spec_trans" value="0.000000"/>
            <float name="metallic" value="0.000000"/>
            <float name="anisotropic" value="0.000000"/>
            <float name="roughness" value="0.500000"/>
            <float name="sheen" value="0.000000"/>
            <float name="sheen_tint" value="0.500000"/>
            <float name="clearcoat" value="0.000000"/>
            <float name="clearcoat_gloss" value="0.173205"/>
            <float name="specular" value="0.500000"/>
        </bsdf>
    </bsdf>
    <bsdf id="mat-Material.005" name="mat-Material.005" type="twosided">
        <bsdf name="bsdf" type="principled">
            <rgb name="base_color" value="0.433648 0.266232 0.084399"/>
            <float name="spec_tint" value="0.000000"/>
            <float name="spec_trans" value="0.000000"/>
            <float name="metallic" value="0.000000"/>
            <float name="anisotropic" value="0.000000"/>
            <float name="roughness" value="0.500000"/>
            <float name="sheen" value="0.000000"/>
            <float name="sheen_tint" value="0.500000"/>
            <float name="clearcoat" value="0.000000"/>
            <float name="clearcoat_gloss" value="0.173205"/>
            <float name="specular" value="0.500000"/>
        </bsdf>
    </bsdf>
    <emitter name="temp45" type="point">
        <point name="position" x="-6.815235034541981e-16" y="3.0693089962005615" z="4.109199523925781"/>
        <rgb name="intensity" value="7.957747 7.957747 7.957747"/>
    </emitter>
    <shape name="temp2" type="ply">
        <string name="filename" value="meshes/Cube.ply"/>
        <boolean name="face_normals" value="true"/>
        <ref id="mat-Material" name="bsdf"/>
        <animation name="to_world">
            <transform time="0">
                <matrix value="0.9999991135176153 0.0002640465726508741 0.001400103352038508 -0.002345101919872139 -0.00026335618684921114 0.9999997914159312 -0.0004936289094468775 -0.01654436178874269 -0.0014002343859425169 0.0004932596058178269 0.999999054418678 0.0030757705241371003 0.0 0.0 0.0 1.0"/>
                <scale value="1"/>
            </transform>
            <transform time="0.0015">
                <matrix value="0.9999991135176153 0.0002635738718710241 0.0014005275087828665 -0.0023453605715809036 -0.00026280959788688326 0.9999997313427582 -0.0005457694665742735 -0.01647616753532678 -0.001400671286911412 0.0005454007921249991 0.9999989863357335 0.003077353342656579 0.0 0.0 0.0 1.0"/>
                <scale value="1"/>
            </transform>
        </animation>
    </shape>
    <shape name="temp4" type="ply">
        <string name="filename" value="meshes/Plane.ply"/>
        <boolean name="face_normals" value="true"/>
        <ref id="mat-Material.001" name="bsdf"/>
        <transform name="to_world">
            <scale value="1"/>
        </transform>
    </shape>
    <shape name="temp5" type="ply">
        <string name="filename" value="meshes/Cube_001.ply"/>
        <boolean name="face_normals" value="true"/>
        <ref id="mat-Material" name="bsdf"/>
        <animation name="to_world">
            <transform time="0">
                <matrix value="0.9999986702764229 -2.6600517705658676e-05 -0.0016914251376175416 0.00225258057450084 2.7327725445767668e-05 0.9999997914159312 0.0004299818306548954 -0.0182477560996831 0.0016914128224358054 -0.0004300273453714152 0.9999985816280168 -0.0039057207596738808 0.0 0.0 0.0 1.0"/>
                <scale value="1"/>
            </transform>
            <transform time="0.0015">
                <matrix value="0.999998670276423 -1.851629059884362e-05 -0.00169210596706274 0.0022528126566318855 1.9002666842322686e-05 0.9999995811598258 0.0002889845205610393 -0.01808375222056998 0.0016920688121666778 -0.0002890164600743256 0.9999983603584471 -0.003909108122263884 0.0 0.0 0.0 1.0"/>
                <scale value="1"/>
            </transform>
        </animation>
    </shape>
    <shape name="temp6" type="ply">
        <string name="filename" value="meshes/Cube_002.ply"/>
        <boolean name="face_normals" value="true"/>
        <ref id="mat-Material" name="bsdf"/>
        <animation name="to_world">
            <transform time="0">
                <matrix value="1.0 -2.813027326598849e-05 0.000372296642098888 -0.000869467350987474 2.8795828923083468e-05 0.99999833132745 -0.0017879477150263747 -0.01660718250149218 -0.0003722454776101144 0.0017879576073738643 0.9999983452326863 0.0008418000911670775 0.0 0.0 0.0 1.0"/>
                <scale value="1"/>
            </transform>
            <transform time="0.0015">
                <matrix value="1.0 -2.5224218505011513e-05 0.0003724530626639223 -0.0008713920802655742 2.5818942418164668e-05 0.9999981736353709 -0.0015991019668350147 -0.01672221223325366 -0.0003723971163941689 0.0015991110551682136 0.9999981920460611 0.0008473884586754362 0.0 0.0 0.0 1.0"/>
                <scale value="1"/>
            </transform>
        </animation>
    </shape>
    <shape name="temp7" type="ply">
        <string name="filename" value="meshes/Cube_003.ply"/>
        <boolean name="face_normals" value="true"/>
        <ref id="mat-Material" name="bsdf"/>
        <animation name="to_world">
            <transform time="0">
                <matrix value="0.9999991135176153 0.0003330044657849123 0.0013440516552164648 -0.0011857988620316284 -0.00033646261615135443 0.9999966626548998 0.0025727376612275253 -0.017656498771407292 -0.0013431936768984465 -0.0025731765059248306 0.9999957448840504 0.0038921832566582437 0.0 0.0 0.0 1.0"/>
                <scale value="1"/>
            </transform>
            <transform time="0.0015">
                <matrix value="0.9999991135176153 0.0003092962877043159 0.00134444262152537 -0.0011849721608133065 -0.00031248465164343157 0.9999966176000201 0.0023728708161846546 -0.01765047561593803 -0.0013435804730812814 -0.0023732780668125016 0.9999957108425781 0.003887807374826273 0.0 0.0 0.0 1.0"/>
                <scale value="1"/>
            </transform>
        </animation>
    </shape>
    <shape name="temp8" type="ply">
        <string name="filename" value="meshes/Cube_004.ply"/>
        <boolean name="face_normals" value="true"/>
        <ref id="mat-Material" name="bsdf"/>
        <animation name="to_world">
            <transform time="0">
                <matrix value="0.9999995567588077 0.0001577362788184964 0.0010790004827192648 -0.000525467319506312 -0.00015750265501474222 1.0 -0.00021686269355458677 -0.017412741796407005 -0.001079035223491074 0.00021669173151893007 0.9999995272093389 0.00339090539627206 0.0 0.0 0.0 1.0"/>
                <scale value="1"/>
            </transform>
            <transform time="0.0015">
                <matrix value="0.9999995567588077 0.00016415769551564633 0.0010795298276129067 -0.0005244690662264372 -0.00016395426854059748 0.9999999924908534 -0.00018912831464019866 -0.017396133094053214 -0.0010795565366632366 0.00018895024060476705 0.9999995186989709 0.003391366101443522 0.0 0.0 0.0 1.0"/>
                <scale value="1"/>
            </transform>
        </animation>
    </shape>
    <shape name="temp9" type="ply">
        <string name="filename" value="meshes/Cube_005.ply"/>
        <boolean name="face_normals" value="true"/>
        <ref id="mat-Material" name="bsdf"/>
        <animation name="to_world">
            <transform time="0">
                <matrix value="0.9999995567588077 -0.0007319027247336903 0.0008063633840653472 -0.0006417668186204928 0.000736174863969278 0.9999856076992553 -0.005308233507525173 -0.021313130739496366 -0.0008024660166977823 0.005308825400533558 0.9999855798848376 0.0018822396764682225 0.0 0.0 0.0 1.0"/>
                <scale value="1"/>
            </transform>
            <transform time="0.0015">
                <matrix value="0.9999995567588077 -0.000722242583061919 0.000806339384827404 -0.000642702577435861 0.0007264574077224616 0.9999859230834134 -0.005237126829231842 -0.02126608860392303 -0.0008025264934936959 0.005237710703273843 0.9999858862580879 0.0018883900579195275 0.0 0.0 0.0 1.0"/>
                <scale value="1"/>
            </transform>
        </animation>
    </shape>
    <shape name="temp10" type="ply">
        <string name="filename" value="meshes/Cube_006.ply"/>
        <boolean name="face_normals" value="true"/>
        <ref id="mat-Material" name="bsdf"/>
        <animation name="to_world">
            <transform time="0">
                <matrix value="0.9999991135176153 0.00024199923658230833 -0.0014032450459812557 -0.0012106074621742735 -0.00024313197772447064 0.9999995828318625 -0.0008067534363607223 -0.01774530529098539 0.0014030489675139666 0.0008070931098424565 0.9999988180233473 -0.0034074733896626297 0.0 0.0 0.0 1.0"/>
                <scale value="1"/>
            </transform>
            <transform time="0.0015">
                <matrix value="0.9999991135176153 0.0002379085088136705 -0.0014040297870205275 -0.0012094670057948972 -0.000238962892514674 0.9999995828318625 -0.0007513294090264956 -0.017717351837508458 0.0014038441017462547 0.0007516634429551462 0.9999988180233473 -0.003405501472679091 0.0 0.0 0.0 1.0"/>
                <scale value="1"/>
            </transform>
        </animation>
    </shape>
    <shape name="temp11" type="ply">
        <string name="filename" value="meshes/Cube_007.ply"/>
        <boolean name="face_normals" value="true"/>
        <ref id="mat-Material" name="bsdf"/>
        <animation name="to_world">
            <transform time="0">
                <matrix value="0.9999986702764229 -0.0017177982700037338 -7.272560506566826e-05 0.0006039982597334514 0.0017181003746274558 0.9999889450443554 0.004401255542879512 -0.017360798328221905 6.51644336175396e-05 -0.00440136580848228 0.9999903077914484 -3.869932880595783e-06 0.0 0.0 0.0 1.0"/>
                <scale value="1"/>
            </transform>
            <transform time="0.0015">
                <matrix value="0.9999987181472376 -0.0016653570181975497 -7.248717859395977e-05 0.0006017384038365805 0.0016656499505603715 0.9999893280108331 0.004268920340713234 -0.017371161519040394 6.519140084315803e-05 -0.004269027236618848 0.999990648206171 -9.311151295495449e-06 0.0 0.0 0.0 1.0"/>
                <scale value="1"/>
            </transform>
        </animation>
    </shape>
    <shape name="temp12" type="ply">
        <string name="filename" value="meshes/Cube_008.ply"/>
        <boolean name="face_normals" value="true"/>
        <ref id="mat-Material" name="bsdf"/>
        <animation name="to_world">
            <transform time="0">
                <matrix value="1.0 -0.00059820659417675 0.00010069306383004878 0.0002587019969304549 0.0005981451242582359 0.9999995828318625 0.0006248330457978129 -0.018319748114977163 -0.00010106652695704283 -0.0006247718611747872 1.0 6.837663273340233e-05 0.0 0.0 0.0 1.0"/>
                <scale value="1"/>
            </transform>
            <transform time="0.0015">
                <matrix value="0.999999936172247 -0.000651601057055121 0.00010048734270281402 0.00025858700351867977 0.0006515335290686949 0.9999994176306369 0.0006876083290665696 -0.01835781433938027 -0.00010102481552049455 -0.0006875424697996883 0.9999998978755832 6.890420818502323e-05 0.0 0.0 0.0 1.0"/>
                <scale value="1"/>
            </transform>
        </animation>
    </shape>
    <shape name="temp13" type="ply">
        <string name="filename" value="meshes/Cube_009.ply"/>
        <boolean name="face_normals" value="true"/>
        <ref id="mat-Material" name="bsdf"/>
        <animation name="to_world">
            <transform time="0">
                <matrix value="0.9999991135176153 0.0009830483727313877 0.0009184005870168849 0.0016376363923966686 -0.000982736642040186 0.9999993742477937 -0.0003427685013623463 -0.01627923258054015 -0.0009187370462761534 0.0003418651170260918 0.9999995272093389 0.0015704360945341111 0.0 0.0 0.0 1.0"/>
                <scale value="1"/>
            </transform>
            <transform time="0.0015">
                <matrix value="0.9999991294745535 0.0009414254057896204 0.0009186110484191318 0.0016397192620539105 -0.0009411391699447753 0.999999389266087 -0.0003149804475565724 -0.01632256386735605 -0.0009189381036979241 0.00031411536605064467 0.9999995272093389 0.001571987548737551 0.0 0.0 0.0 1.0"/>
                <scale value="1"/>
            </transform>
        </animation>
    </shape>
    <shape name="temp14" type="ply">
        <string name="filename" value="meshes/Cube_010.ply"/>
        <boolean name="face_normals" value="true"/>
        <ref id="mat-Material" name="bsdf"/>
        <animation name="to_world">
            <transform time="0">
                <matrix value="0.9999818271111135 -0.0005644910653014144 0.006063965739697537 0.01289723695121836 0.0005632398803603374 0.9999997914159312 0.00020814065143934027 -0.018457434415578955 -0.006064075833249118 -0.00020472130039651834 0.9999817975595491 0.009972436691269237 0.0 0.0 0.0 1.0"/>
                <scale value="1"/>
            </transform>
            <transform time="0.0015">
                <matrix value="0.9999817951972371 -0.0005569593912396268 0.006067312016420687 0.012905479541324975 0.0005557060194125178 0.9999997989250778 0.0002083633507508647 -0.018443893660848667 -0.006067421045780863 -0.0002049884683241797 0.999981772028445 0.009978098809818927 0.0 0.0 0.0 1.0"/>
                <scale value="1"/>
            </transform>
        </animation>
    </shape>
    <shape name="temp15" type="ply">
        <string name="filename" value="meshes/Cube_011.ply"/>
        <boolean name="face_normals" value="true"/>
        <ref id="mat-Material" name="bsdf"/>
        <animation name="to_world">
            <transform time="0">
                <matrix value="0.9996055153388047 0.028085135673507528 -0.0007976427603220839 0.007370624510521839 -0.02808315913954474 0.9996026473490008 0.0023861508268399477 0.027894023467148088 0.0008643424871504379 -0.002362809043370886 0.9999969268607032 -0.01228561642838466 0.0 0.0 0.0 1.0"/>
                <scale value="1"/>
            </transform>
            <transform time="0.0015">
                <matrix value="0.9994423396884058 0.030643278155026953 -0.0007948658272224809 0.007814782477674297 -0.030640829111937454 0.9994371682848936 0.0027210006197614725 0.0322246681081419 0.0009007496778597778 -0.0026938548784180114 0.9999945779991173 -0.012657420626610846 0.0 0.0 0.0 1.0"/>
                <scale value="1"/>
            </transform>
        </animation>
    </shape>
    <shape name="temp16" type="ply">
        <string name="filename" value="meshes/Cube_012.ply"/>
        <boolean name="face_normals" value="true"/>
        <ref id="mat-Material" name="bsdf"/>
        <animation name="to_world">
            <transform time="0">
                <matrix value="0.9986849033822849 0.050914265690215114 0.0060333761839269145 0.09959903218395971 -0.051140193643212116 0.9976098351560105 0.04646508606444799 0.1087492909189755 -0.0036532116370315607 -0.04671252735058602 0.9989017072943561 -0.19754852164469927 0.0 0.0 0.0 1.0"/>
                <scale value="1"/>
            </transform>
            <transform time="0.0015">
                <matrix value="0.9986133684281739 0.05199144451306851 0.0060932457722272446 0.1002404015640879 -0.05222175970391377 0.9974790258218567 0.0474427384249432 0.11142919007139733 -0.003582851592282924 -0.04769501283087834 0.9988424836429919 -0.20015941841648724 0.0 0.0 0.0 1.0"/>
                <scale value="1"/>
            </transform>
        </animation>
    </shape>
    <shape name="temp17" type="ply">
        <string name="filename" value="meshes/Cube_013.ply"/>
        <boolean name="face_normals" value="true"/>
        <ref id="mat-Material" name="bsdf"/>
        <animation name="to_world">
            <transform time="0">
                <matrix value="0.9935428623097831 0.0966363315902658 0.05945222001218854 0.12858960615329296 -0.1077989174277118 0.967448995980585 0.22895776608303814 0.3569139821604651 -0.03539135094596536 -0.23388823648427381 0.9716193221978525 -0.261497435403385 0.0 0.0 0.0 1.0"/>
                <scale value="1"/>
            </transform>
            <transform time="0.0015">
                <matrix value="0.9933958669947552 0.09757586400096606 0.06007862990879545 0.12952883002426208 -0.10896846206737636 0.9666062519643533 0.23146170700000002 0.36102246213712186 -0.035410171516336915 -0.23648954003874673 0.9708880688218692 -0.26345856218142033 0.0 0.0 0.0 1.0"/>
                <scale value="1"/>
            </transform>
        </animation>
    </shape>
    <shape name="temp18" type="ply">
        <string name="filename" value="meshes/Cube_014.ply"/>
        <boolean name="face_normals" value="true"/>
        <ref id="mat-Material" name="bsdf"/>
        <animation name="to_world">
            <transform time="0">
                <matrix value="0.9797226019321771 0.20034351710285073 -0.0025016772248701124 0.015703189401179873 -0.14823257574548737 0.7331761304735068 0.663686745928445 0.6877537836655732 0.13479948654940277 -0.649857849957136 0.7480065963753031 -0.38743926595682865 0.0 0.0 0.0 1.0"/>
                <scale value="1"/>
            </transform>
            <transform time="0.0015">
                <matrix value="0.9794640037911282 0.20149847716824332 -0.001977076861424559 0.016282984469075862 -0.148841466977463 0.7302760529932408 0.6664149571708762 0.6907087761304966 0.13585050464754586 -0.6524246264554414 0.7453092862793159 -0.39038748344965774 0.0 0.0 0.0 1.0"/>
                <scale value="1"/>
            </transform>
        </animation>
    </shape>
    <shape name="temp19" type="ply">
        <string name="filename" value="meshes/Cube_015.ply"/>
        <boolean name="face_normals" value="true"/>
        <ref id="mat-Material" name="bsdf"/>
        <animation name="to_world">
            <transform time="0">
                <matrix value="0.9749923319273722 0.22182561120346753 0.013561716438127543 0.0006494188348906693 -0.13048852271256517 0.5220047849185375 0.8429020647240959 0.5445269966976783 0.17989794814787236 -0.8235923182659155 0.5378962990419842 -0.3239116174771546 0.0 0.0 0.0 1.0"/>
                <scale value="1"/>
            </transform>
            <transform time="0.0015">
                <matrix value="0.9748499960383091 0.22238440434933784 0.014059795090535392 0.000889131468399868 -0.13065081594427969 0.5194279386546122 0.8443293555730099 0.5454826796138904 0.18051832039690863 -0.8249277373920114 0.5354312198697543 -0.3249021394166008 0.0 0.0 0.0 1.0"/>
                <scale value="1"/>
            </transform>
        </animation>
    </shape>
    <shape name="temp20" type="ply">
        <string name="filename" value="meshes/Cube_016.ply"/>
        <boolean name="face_normals" value="true"/>
        <ref id="mat-Material" name="bsdf"/>
        <animation name="to_world">
            <transform time="0">
                <matrix value="0.9763109744746262 0.20378776153834924 0.07271981338007026 0.08124197774561981 -0.1673480613516729 0.4981350498411633 0.8507974323684779 0.2855034708640214 0.1371577956374429 -0.8428118801142207 0.5204380310916594 -0.238445484258061 0.0 0.0 0.0 1.0"/>
                <scale value="1"/>
            </transform>
            <transform time="0.0015">
                <matrix value="0.9761436659772242 0.20447313336516662 0.07294085742500603 0.08110502375880166 -0.16755188091945214 0.4961550305507484 0.8518343951860916 0.2859144876025747 0.13801800385955038 -0.8437301886729088 0.5185908982549957 -0.23895163015218376 0.0 0.0 0.0 1.0"/>
                <scale value="1"/>
            </transform>
        </animation>
    </shape>
    <shape name="temp21" type="ply">
        <string name="filename" value="meshes/Cube_017.ply"/>
        <boolean name="face_normals" value="true"/>
        <ref id="mat-Material" name="bsdf"/>
        <animation name="to_world">
            <transform time="0">
                <matrix value="0.9487125616326878 0.21414304278267834 0.2325677355360335 0.20691333268792866 -0.31030815014174856 0.49011102929980416 0.8145551914542143 0.09204727260376977 0.06044737220026701 -0.8449459037217656 0.5314247404733864 -0.132437312326532 0.0 0.0 0.0 1.0"/>
                <scale value="1"/>
            </transform>
            <transform time="0.0015">
                <matrix value="0.9485717256958189 0.21424321479861477 0.2330351632468185 0.20689667285865515 -0.3106320887534852 0.48836401882906744 0.8154164662334945 0.09220528313460498 0.06091568918916084 -0.8458695212471153 0.5298064939858304 -0.13155050692139494 0.0 0.0 0.0 1.0"/>
                <scale value="1"/>
            </transform>
        </animation>
    </shape>
    <shape name="temp22" type="ply">
        <string name="filename" value="meshes/Cube_018.ply"/>
        <boolean name="face_normals" value="true"/>
        <ref id="mat-Material" name="bsdf"/>
        <animation name="to_world">
            <transform time="0">
                <matrix value="0.0906094920987825 0.9883311814410239 0.12243866841347056 0.8742330968411479 -0.6173764731121028 -0.040724475046044935 0.7856133111373876 0.023532612428157094 0.7814324491558028 -0.14677474797829893 0.6064823854747362 -0.3371668951542313 0.0 0.0 0.0 1.0"/>
                <scale value="1"/>
            </transform>
            <transform time="0.0015">
                <matrix value="0.09197342416003514 0.9882122215402395 0.12216868634801394 0.8739722171008186 -0.6160128091274125 -0.039959457831039456 0.7866619331592504 0.022079932539307533 0.7822729968343101 -0.14765759459206496 0.6051084546335896 -0.3362635452020149 0.0 0.0 0.0 1.0"/>
                <scale value="1"/>
            </transform>
        </animation>
    </shape>
    <shape name="temp23" type="ply">
        <string name="filename" value="meshes/Cube_019.ply"/>
        <boolean name="face_normals" value="true"/>
        <ref id="mat-Material" name="bsdf"/>
        <animation name="to_world">
            <transform time="0">
                <matrix value="-0.08073283725779085 0.9888157222327674 -0.1254014583700731 0.45505248043465124 -0.8718478902605726 -0.009080042050548263 0.4896931635888782 -0.08686088253122035 0.4830779377582988 0.14886526094909924 0.8628297182971404 -0.03667331332510815 0.0 0.0 0.0 1.0"/>
                <scale value="1"/>
            </transform>
            <transform time="0.0015">
                <matrix value="-0.08064546504248092 0.9888032119944953 -0.12555297951621244 0.4551202544806814 -0.8723249867568839 -0.009080920095062764 0.48881539571628807 -0.08642854336166474 0.4822026677821906 0.14894768209333611 0.8632896951806845 -0.03680498938231144 0.0 0.0 0.0 1.0"/>
                <scale value="1"/>
            </transform>
        </animation>
    </shape>
    <shape name="temp24" type="ply">
        <string name="filename" value="meshes/Cube_020.ply"/>
        <boolean name="face_normals" value="true"/>
        <ref id="mat-Material" name="bsdf"/>
        <animation name="to_world">
            <transform time="0">
                <matrix value="0.08057537399855372 0.9967432876235406 0.0032185697597998768 -0.16000071911294506 -0.9002520294302029 0.07416045151995426 -0.4290064642486917 0.28794428109491355 -0.42784794265730886 0.031669817109238704 0.9032958706315762 0.1358487109290808 0.0 0.0 0.0 1.0"/>
                <scale value="1"/>
            </transform>
            <transform time="0.0015">
                <matrix value="0.07986890530663808 0.9967929985818778 0.0028952447067410766 -0.15991546864947825 -0.900155769504272 0.07337290002000992 -0.4293210074522882 0.2882590530442861 -0.42816378034638836 0.03167642949837471 0.9031441477894587 0.13620277292137473 0.0 0.0 0.0 1.0"/>
                <scale value="1"/>
            </transform>
        </animation>
    </shape>
    <shape name="temp25" type="ply">
        <string name="filename" value="meshes/Cube_021.ply"/>
        <boolean name="face_normals" value="true"/>
        <ref id="mat-Material" name="bsdf"/>
        <animation name="to_world">
            <transform time="0">
                <matrix value="0.14269157327574744 0.9662419199746363 -0.21451256937611962 -0.26206350887234164 -0.7197390373155895 -0.0474776971484472 -0.6926194068273809 0.23275841452905133 -0.6794227049414302 0.25322397965888166 0.6886673496915751 0.20327796526100306 0.0 0.0 0.0 1.0"/>
                <scale value="1"/>
            </transform>
            <transform time="0.0015">
                <matrix value="0.1434983816040489 0.9660111038257716 -0.2149571637693863 -0.2610032157560169 -0.7193663949369697 -0.04736101852640646 -0.6930085519175202 0.23320087445959706 -0.6796309908562216 0.2540824928830194 0.6881244988438142 0.20326449838274444 0.0 0.0 0.0 1.0"/>
                <scale value="1"/>
            </transform>
        </animation>
    </shape>
    <shape name="temp26" type="ply">
        <string name="filename" value="meshes/Cube_022.ply"/>
        <boolean name="face_normals" value="true"/>
        <ref id="mat-Material" name="bsdf"/>
        <animation name="to_world">
            <transform time="0">
                <matrix value="0.6697844252136866 0.44574311203258915 -0.593887242264081 -0.09000434044718464 -0.6564721192425185 -0.01833369487905253 -0.7541278170640551 -0.11646066061181515 -0.3470353812849385 0.8949731239427396 0.2803381493366038 0.6079270905318179 0.0 0.0 0.0 1.0"/>
                <scale value="1"/>
            </transform>
            <transform time="0.0015">
                <matrix value="0.6689779934691276 0.44482239303783544 -0.595399279358186 -0.0897635714425552 -0.6578224751407201 -0.01839223505974504 -0.7528889883159401 -0.11837408091330091 -0.34588547644485457 0.8954142637793377 0.28027798954475247 0.6089991735206943 0.0 0.0 0.0 1.0"/>
                <scale value="1"/>
            </transform>
        </animation>
    </shape>
    <shape name="temp27" type="ply">
        <string name="filename" value="meshes/Cube_023.ply"/>
        <boolean name="face_normals" value="true"/>
        <ref id="mat-Material" name="bsdf"/>
        <animation name="to_world">
            <transform time="0">
                <matrix value="0.8471832908708271 0.3195101194560962 -0.42449296747531207 -0.1102182910403251 -0.4869682657035922 0.14745147813100332 -0.8608834755408844 -0.29278101434871595 -0.21246877365799863 0.9360401983217327 0.2805095359512383 0.15369585988692436 0.0 0.0 0.0 1.0"/>
                <scale value="1"/>
            </transform>
            <transform time="0.0015">
                <matrix value="0.8471611905113706 0.31905992358867213 -0.42486475992496686 -0.10999488170857613 -0.4870604648927184 0.14676210392903644 -0.8609415332718237 -0.29280861264062896 -0.21234396965697522 0.9362914693859954 0.2797317563930436 0.15397806718618293 0.0 0.0 0.0 1.0"/>
                <scale value="1"/>
            </transform>
        </animation>
    </shape>
    <shape name="temp28" type="ply">
        <string name="filename" value="meshes/Cube_024.ply"/>
        <boolean name="face_normals" value="true"/>
        <ref id="mat-Material" name="bsdf"/>
        <animation name="to_world">
            <transform time="0">
                <matrix value="0.8901027787676831 0.31676953337657976 -0.3276803329959184 -0.13322057635704165 -0.3932703576247237 0.17046349465920493 -0.9034826232884386 -0.5227610195819065 -0.2303381753001186 0.9330591148109291 0.2763059541837482 -0.20909289973374812 0.0 0.0 0.0 1.0"/>
                <scale value="1"/>
            </transform>
            <transform time="0.0015">
                <matrix value="0.8899124763222833 0.3167411112566158 -0.3282112097558119 -0.13344031491980152 -0.39373797569972274 0.1702067073758337 -0.903322756024338 -0.5231718165949715 -0.23025941823576215 0.9331146374410515 0.2761828857511605 -0.2089989913743649 0.0 0.0 0.0 1.0"/>
                <scale value="1"/>
            </transform>
        </animation>
    </shape>
    <shape name="temp29" type="ply">
        <string name="filename" value="meshes/Cube_025.ply"/>
        <boolean name="face_normals" value="true"/>
        <ref id="mat-Material" name="bsdf"/>
        <animation name="to_world">
            <transform time="0">
                <matrix value="0.8881494148329778 0.40175022892101553 -0.2231314485691227 -0.2858437683409718 -0.3232819084901964 0.20111031385644826 -0.9246856296696944 -0.7928273989897038 -0.3266187168344778 0.8933930996218371 0.308494487970078 -0.7369903679492786 0.0 0.0 0.0 1.0"/>
                <scale value="1"/>
            </transform>
            <transform time="0.0015">
                <matrix value="0.8880867040657113 0.40183093722890795 -0.22323442402270896 -0.2859541892777141 -0.32347158542361726 0.20125578254663748 -0.9245866796202028 -0.7929578602178807 -0.32659978711864873 0.8933235574149715 0.3087135448440706 -0.7367945327833593 0.0 0.0 0.0 1.0"/>
                <scale value="1"/>
            </transform>
        </animation>
    </shape>
    <shape name="temp30" type="ply">
        <string name="filename" value="meshes/Cube_026.ply"/>
        <boolean name="face_normals" value="true"/>
        <ref id="mat-Material" name="bsdf"/>
        <animation name="to_world">
            <transform time="0">
                <matrix value="0.9226530822106034 0.25238839187940504 -0.29156763672278535 -0.30880499078621304 -0.3453958321144201 0.20460042592866842 -0.915882503956076 -1.133756462369658 -0.17150331455763643 0.9457477008821021 0.27594899723464744 -0.8472407621486104 0.0 0.0 0.0 1.0"/>
                <scale value="1"/>
            </transform>
            <transform time="0.0015">
                <matrix value="0.9226386730953765 0.2522350250687989 -0.2917433843336953 -0.30895379961302183 -0.3455158665866048 0.2045434878244077 -0.9158496709560813 -1.1338474948409982 -0.17133561830663532 0.9458005127102942 0.275870352923359 -0.8471483084409077 0.0 0.0 0.0 1.0"/>
                <scale value="1"/>
            </transform>
        </animation>
    </shape>
    <shape name="temp31" type="ply">
        <string name="filename" value="meshes/Cube_027.ply"/>
        <boolean name="face_normals" value="true"/>
        <ref id="mat-Material" name="bsdf"/>
        <animation name="to_world">
            <transform time="0">
                <matrix value="0.8748016495664215 0.17751215523660735 -0.4507905296248264 -0.5338227960069246 -0.4805448143439942 0.19954080217261166 -0.8539674937508894 -1.571558314941115 -0.06163849425648063 0.963676753096952 0.2598611130154068 -0.968966773968905 0.0 0.0 0.0 1.0"/>
                <scale value="1"/>
            </transform>
            <transform time="0.0015">
                <matrix value="0.8746994453770214 0.1774085455333474 -0.4510272880643942 -0.534239830683786 -0.4807439409762383 0.1994620514992436 -0.8538729435616875 -1.5716502492869755 -0.06152227987530955 0.9637118808848494 0.25975703972434017 -0.9689447645818722 0.0 0.0 0.0 1.0"/>
                <scale value="1"/>
            </transform>
        </animation>
    </shape>
    <shape name="temp32" type="ply">
        <string name="filename" value="meshes/Cube_028.ply"/>
        <boolean name="face_normals" value="true"/>
        <ref id="mat-Material" name="bsdf"/>
        <animation name="to_world">
            <transform time="0">
                <matrix value="-0.1086777317397926 0.9805929210738743 0.16317703031675557 -1.4525805687702822 -0.8387147246497065 -0.0023342059100210045 -0.5445661932928971 -2.096782155466786 -0.5336167417517247 -0.1960411786668558 0.8226914459404067 -1.1639783914729966 0.0 0.0 0.0 1.0"/>
                <scale value="1"/>
            </transform>
            <transform time="0.0015">
                <matrix value="-0.10864616891596227 0.9805936870068297 0.16319333192678404 -1.4525025891683296 -0.8388317528347277 -0.002341300701932329 -0.5443847352250156 -2.096688752259202 -0.5334380240434842 -0.19603724988134322 0.8228075358711812 -1.1635586819486008 0.0 0.0 0.0 1.0"/>
                <scale value="1"/>
            </transform>
        </animation>
    </shape>
    <shape name="temp33" type="ply">
        <string name="filename" value="meshes/Cube_029.ply"/>
        <boolean name="face_normals" value="true"/>
        <ref id="mat-Material" name="bsdf"/>
        <animation name="to_world">
            <transform time="0">
                <matrix value="-0.007518487590133097 0.9861201903121044 0.16586207939951803 -1.6641989481377057 -0.9996817528238896 -0.0034169074074460342 -0.025000366412762324 -1.9274975321977892 -0.024086630604563255 -0.16599720914515992 0.9858321186553266 -0.2315294880686667 0.0 0.0 0.0 1.0"/>
                <scale value="1"/>
            </transform>
            <transform time="0.0015">
                <matrix value="-0.007575864750794351 0.9861010044424854 0.16597224866722962 -1.6641636776803264 -0.9996768061730366 -0.003442018519390004 -0.02517722803085194 -1.9277282255122126 -0.0242558453178069 -0.16610955273685585 0.9858084768528421 -0.2319465783468119 0.0 0.0 0.0 1.0"/>
                <scale value="1"/>
            </transform>
        </animation>
    </shape>
    <shape name="temp34" type="ply">
        <string name="filename" value="meshes/Cube_030.ply"/>
        <boolean name="face_normals" value="true"/>
        <ref id="mat-Material" name="bsdf"/>
        <animation name="to_world">
            <transform time="0">
                <matrix value="-0.04155987079210131 0.9821371792667687 -0.1835194468268677 -3.2030527459244094 -0.9709871278892328 0.003590320801718043 0.2391042992538218 -1.8774310082646106 0.23549214869274324 0.18813216756548473 0.9534935823254425 0.30371598809080247 0.0 0.0 0.0 1.0"/>
                <scale value="1"/>
            </transform>
            <transform time="0.0015">
                <matrix value="-0.04143606157693109 0.9821363781929446 -0.18355053898042165 -3.202785518048044 -0.971142697489611 0.003590660516077868 0.23844594377895303 -1.8789019809638974 0.23484554722762843 0.1881363414800352 0.9536460228777718 0.3024109612034507 0.0 0.0 0.0 1.0"/>
                <scale value="1"/>
            </transform>
        </animation>
    </shape>
    <shape name="temp35" type="ply">
        <string name="filename" value="meshes/Cube_031.ply"/>
        <boolean name="face_normals" value="true"/>
        <ref id="mat-Material" name="bsdf"/>
        <animation name="to_world">
            <transform time="0">
                <matrix value="0.09979983227753281 0.9862555613727335 0.13168177311627197 -2.025783657114931 -0.8049215729034249 0.0022246346128575395 0.5933773375361272 -1.2860599104379926 0.5849285583846163 -0.165212390728021 0.7940802826909921 0.5601186118456289 0.0 0.0 0.0 1.0"/>
                <scale value="1"/>
            </transform>
            <transform time="0.0015">
                <matrix value="0.09983285994829319 0.9862379374056118 0.13178738423084796 -2.0255822323605255 -0.8050784296062825 0.0022333851715989972 0.5931628677505216 -1.2866941108350574 0.5847052889048215 -0.16531651405690986 0.7942216824563917 0.5597245503035029 0.0 0.0 0.0 1.0"/>
                <scale value="1"/>
            </transform>
        </animation>
    </shape>
    <shape name="temp36" type="ply">
