
<scene version="2.1.0">
    <default name="spp" value="1024"/>
    <default name="resx" value="640"/>
    <default name="resy" value="360"/>
    <integrator name="temp0" type="path">
        <integer name="max_depth" value="12"/>
    </integrator>
    <sensor name="temp44" type="perspective">
        <string name="fov_axis" value="x"/>
        <float name="fov" value="83.974423"/>
        <float name="principal_point_offset_x" value="0.000000"/>
        <float name="principal_point_offset_y" value="-0.000000"/>
        <float name="near_clip" value="0.100000"/>
        <float name="far_clip" value="1000.000000"/>
        <sampler name="sampler" type="correlated">
            <integer name="sample_count" value="1024"/>
        </sampler>
        <film name="film" type="hdrfilm">
            <integer name="width" value="$resx"/>
            <integer name="height" value="$resy"/>
        </film>
        <float name="shutter_open" value="0.0"/>
        <float name="shutter_close" value="0.0015"/>
        <animation name="to_world">
            <transform time="0">
                <rotate angle="-142.5518126578256" x="1"/>
                <rotate angle="3.976628485794621e-06" y="1"/>
                <rotate angle="-179.999991348578" z="1"/>
                <translate value="-0.000000 3.030926 4.073377"/>
            </transform>
            <transform time="0.0015">
                <rotate angle="-142.5518126578256" x="1"/>
                <rotate angle="3.976628485794621e-06" y="1"/>
                <rotate angle="-179.999991348578" z="1"/>
                <translate value="-0.000000 3.030926 4.073377"/>
                <translate x="0.15" y="0.0" z="0.0"/>
            </transform>
        </animation>
    </sensor>
    <bsdf id="mat-Material" name="mat-Material" type="twosided">
        <bsdf name="bsdf" type="diffuse">
            <texture name="reflectance" type="bitmap">
                <string name="filename" value="textures/siggraph_2023_logo.jpg"/>
            </texture>
        </bsdf>
    </bsdf>
    <bsdf id="mat-Material.001" name="mat-Material.001" type="twosided">
        <bsdf name="bsdf" type="principled">
            <rgb name="base_color" value="0.433648 0.266232 0.084399"/>
            <float name="spec_tint" value="0.000000"/>
            <float name="spec_trans" value="0.000000"/>
            <float name="metallic" value="0.000000"/>
            <float name="anisotropic" value="0.000000"/>
            <float name="roughness" value="0.500000"/>
            <float name="sheen" value="0.000000"/>
            <float name="sheen_tint" value="0.500000"/>
            <float name="clearcoat" value="0.000000"/>
            <float name="clearcoat_gloss" value="0.173205"/>
            <float name="specular" value="0.500000"/>
        </bsdf>
    </bsdf>
    <bsdf id="mat-Material.002" name="mat-Material.002" type="twosided">
        <bsdf name="bsdf" type="principled">
            <rgb name="base_color" value="0.433648 0.266232 0.084399"/>
            <float name="spec_tint" value="0.000000"/>
            <float name="spec_trans" value="0.000000"/>
            <float name="metallic" value="0.000000"/>
            <float name="anisotropic" value="0.000000"/>
            <float name="roughness" value="0.500000"/>
            <float name="sheen" value="0.000000"/>
            <float name="sheen_tint" value="0.500000"/>
            <float name="clearcoat" value="0.000000"/>
            <float name="clearcoat_gloss" value="0.173205"/>
            <float name="specular" value="0.500000"/>
        </bsdf>
    </bsdf>
    <bsdf id="mat-Material.003" name="mat-Material.003" type="twosided">
        <bsdf name="bsdf" type="principled">
            <rgb name="base_color" value="0.433648 0.266232 0.084399"/>
            <float name="spec_tint" value="0.000000"/>
            <float name="spec_trans" value="0.000000"/>
            <float name="metallic" value="0.000000"/>
            <float name="anisotropic" value="0.000000"/>
            <float name="roughness" value="0.500000"/>
            <float name="sheen" value="0.000000"/>
            <float name="sheen_tint" value="0.500000"/>
            <float name="clearcoat" value="0.000000"/>
            <float name="clearcoat_gloss" value="0.173205"/>
            <float name="specular" value="0.500000"/>
        </bsdf>
    </bsdf>
    <bsdf id="mat-Material.004" name="mat-Material.004" type="twosided">
        <bsdf name="bsdf" type="principled">
            <rgb name="base_color" value="0.433648 0.266232 0.084399"/>
            <float name="spec_tint" value="0.000000"/>
            <float name="spec_trans" value="0.000000"/>
            <float name="metallic" value="0.000000"/>
            <float name="anisotropic" value="0.000000"/>
            <float name="roughness" value="0.500000"/>
            <float name="sheen" value="0.000000"/>
            <float name="sheen_tint" value="0.500000"/>
            <float name="clearcoat" value="0.000000"/>
            <float name="clearcoat_gloss" value="0.173205"/>
            <float name="specular" value="0.500000"/>
        </bsdf>
    </bsdf>
    <bsdf id="mat-Material.005" name="mat-Material.005" type="twosided">
        <bsdf name="bsdf" type="principled">
            <rgb name="base_color" value="0.433648 0.266232 0.084399"/>
            <float name="spec_tint" value="0.000000"/>
            <float name="spec_trans" value="0.000000"/>
            <float name="metallic" value="0.000000"/>
            <float name="anisotropic" value="0.000000"/>
            <float name="roughness" value="0.500000"/>
            <float name="sheen" value="0.000000"/>
            <float name="sheen_tint" value="0.500000"/>
            <float name="clearcoat" value="0.000000"/>
            <float name="clearcoat_gloss" value="0.173205"/>
            <float name="specular" value="0.500000"/>
        </bsdf>
    </bsdf>
    <emitter name="temp45" type="point">
        <point name="position" x="-6.815235034541981e-16" y="3.0693089962005615" z="4.109199523925781"/>
        <rgb name="intensity" value="7.957747 7.957747 7.957747"/>
    </emitter>
    <shape name="temp2" type="ply">
        <string name="filename" value="meshes/Cube.ply"/>
        <boolean name="face_normals" value="true"/>
        <ref id="mat-Material" name="bsdf"/>
        <animation name="to_world">
            <transform time="0">
                <matrix value="1.0 0.00015090702782302894 0.00047983996981704424 -0.0013057350449905414 -0.0001505388926416643 0.9999995828318625 -0.0007674834440530262 -0.016463284032531056 -0.00047995486031697065 0.0007674099907597258 0.9999995272093389 0.0011592962265518647 0.0 0.0 0.0 1.0"/>
                <scale value="1"/>
            </transform>
            <transform time="0.0015">
                <matrix value="1.0 0.00015038131246802817 0.0004804077815743398 -0.0013058342573587939 -0.00015003795647962893 0.9999995903410092 -0.0007166124636335641 -0.01653175964906972 -0.0004805154275571931 0.0007165392018780504 0.999999535719707 0.0011594952931862712 0.0 0.0 0.0 1.0"/>
                <scale value="1"/>
            </transform>
        </animation>
    </shape>
    <shape name="temp4" type="ply">
        <string name="filename" value="meshes/Plane.ply"/>
        <boolean name="face_normals" value="true"/>
        <ref id="mat-Material.001" name="bsdf"/>
        <transform name="to_world">
            <scale value="1"/>
        </transform>
    </shape>
    <shape name="temp5" type="ply">
        <string name="filename" value="meshes/Cube_001.ply"/>
        <boolean name="face_normals" value="true"/>
        <ref id="mat-Material" name="bsdf"/>
        <animation name="to_world">
            <transform time="0">
                <matrix value="1.0 0.00019821222594660666 -9.808396856698569e-05 0.0005997073823609256 -0.0001985108868901666 0.9999954111504872 -0.003052218310142164 -0.014184020403923525 9.747848950493504e-05 0.003052248223385194 0.9999955084887199 -0.00039372885589761264 0.0 0.0 0.0 1.0"/>
                <scale value="1"/>
            </transform>
            <transform time="0.0015">
                <matrix value="1.0 0.0001969858020837279 -9.866058004486038e-05 0.0006008080145032241 -0.000197285202550401 0.9999954336779271 -0.003043301146483677 -0.014194966490918974 9.806031138688753e-05 0.0030433303608569996 0.9999955340198241 -0.00038935084302985204 0.0 0.0 0.0 1.0"/>
                <scale value="1"/>
            </transform>
        </animation>
    </shape>
    <shape name="temp6" type="ply">
        <string name="filename" value="meshes/Cube_002.ply"/>
        <boolean name="face_normals" value="true"/>
        <ref id="mat-Material" name="bsdf"/>
        <animation name="to_world">
            <transform time="0">
                <matrix value="1.0 -4.352106594802503e-05 -8.886147753700651e-05 -0.0005818018440648665 4.34748691108759e-05 0.9999997914159312 -0.0005195354737196948 -0.017513395532495202 8.888404278518582e-05 0.0005195307692789041 1.0 -2.255098645143061e-05 0.0 0.0 0.0 1.0"/>
                <scale value="1"/>
            </transform>
            <transform time="0.0015">
                <matrix value="1.0 -3.9945743476076024e-05 -8.86797045855066e-05 -0.0005825596711114262 3.991232308035893e-05 0.9999995511232393 -0.0003683246156000137 -0.017599195767584626 8.870883560335712e-05 0.0003683202101252581 0.9999997617096942 -2.0573841165093665e-05 0.0 0.0 0.0 1.0"/>
                <scale value="1"/>
            </transform>
        </animation>
    </shape>
    <shape name="temp7" type="ply">
        <string name="filename" value="meshes/Cube_003.ply"/>
        <boolean name="face_normals" value="true"/>
        <ref id="mat-Material" name="bsdf"/>
        <animation name="to_world">
            <transform time="0">
                <matrix value="1.0 0.00010828454204324782 0.0005272561452148148 -0.0008261042219843695 -0.00010881305327581836 0.9999993742477937 0.0010024320351604958 -0.017781237112393822 -0.0005271467500669294 -0.0010024884079403785 0.9999995272093389 0.0012016389448939457 0.0 0.0 0.0 1.0"/>
                <scale value="1"/>
            </transform>
            <transform time="0.0015">
                <matrix value="1.0 9.273669627047967e-05 0.00052739171537809 -0.0008266484683985896 -9.318816296780103e-05 0.9999992315740079 0.0008569907810704681 -0.017772259162813726 -0.0005272507893042266 -0.0008570391664409358 0.9999993740227138 0.0011996100166554106 0.0 0.0 0.0 1.0"/>
                <scale value="1"/>
            </transform>
        </animation>
    </shape>
    <shape name="temp8" type="ply">
        <string name="filename" value="meshes/Cube_004.ply"/>
        <boolean name="face_normals" value="true"/>
        <ref id="mat-Material" name="bsdf"/>
        <animation name="to_world">
            <transform time="0">
                <matrix value="1.0 0.0003939339581121473 0.0001272757187481827 -0.0006177299740697251 -0.000394025020078826 0.9999995828318625 0.0007081789474828862 -0.016809566483849014 -0.0001269965799509598 -0.0007082284329287498 0.9999997636046695 0.0006062361720752044 0.0 0.0 0.0 1.0"/>
                <scale value="1"/>
            </transform>
            <transform time="0.0015">
                <matrix value="1.0 0.0003804160434255607 0.00012763170744434083 -0.0006168449610490814 -0.0003805010872780702 0.9999995903410092 0.0006627055829049571 -0.016844114529764715 -0.00012736298316672946 -0.0006627534164437225 0.9999997721150375 0.0006058696020879286 0.0 0.0 0.0 1.0"/>
                <scale value="1"/>
            </transform>
        </animation>
    </shape>
    <shape name="temp9" type="ply">
        <string name="filename" value="meshes/Cube_005.ply"/>
        <boolean name="face_normals" value="true"/>
        <ref id="mat-Material" name="bsdf"/>
        <animation name="to_world">
            <transform time="0">
                <matrix value="1.0 -0.00027448203361123683 0.00047298923313827566 -0.0003266253975149347 0.00027527095334088615 0.9999985399115188 -0.001668298582431761 -0.018959071654146065 -0.0004725305703450367 0.0016684285067675103 0.9999985816280168 0.0009916101564895197 0.0 0.0 0.0 1.0"/>
                <scale value="1"/>
            </transform>
            <transform time="0.0015">
                <matrix value="1.0 -0.00028045863849909065 0.00047316148298791083 -0.00032708578958948414 0.00028127318757214577 0.9999984047468796 -0.001721465915466197 -0.018992422925869584 -0.00047266939570768786 0.0017215987465277506 0.9999984539724958 0.0009933728526236914 0.0 0.0 0.0 1.0"/>
                <scale value="1"/>
            </transform>
        </animation>
    </shape>
    <shape name="temp10" type="ply">
        <string name="filename" value="meshes/Cube_006.ply"/>
        <boolean name="face_normals" value="true"/>
        <ref id="mat-Material" name="bsdf"/>
        <animation name="to_world">
            <transform time="0">
                <matrix value="1.0 5.645223529117294e-05 -0.00021207521532068684 -0.0005647788084988115 -5.626725316341239e-05 0.9999995828318625 0.0008719489045676778 -0.017038159317541157 0.00021212459687213557 -0.0008719356392997416 0.9999995272093389 -0.00046978975188960437 0.0 0.0 0.0 1.0"/>
                <scale value="1"/>
            </transform>
            <transform time="0.0015">
                <matrix value="1.0 4.763480008990019e-05 -0.00021221851289816499 -0.0005651927199081586 -4.744301844821943e-05 0.9999995452861294 0.000902930644197197 -0.017039193539344657 0.00021225435869386881 -0.0009029192793593855 0.9999994931678667 -0.00047192844467000274 0.0 0.0 0.0 1.0"/>
                <scale value="1"/>
            </transform>
        </animation>
    </shape>
    <shape name="temp11" type="ply">
        <string name="filename" value="meshes/Cube_007.ply"/>
        <boolean name="face_normals" value="true"/>
        <ref id="mat-Material" name="bsdf"/>
        <animation name="to_world">
            <transform time="0">
                <matrix value="1.0 -0.0003804343971816121 -1.6138520099040187e-05 0.0004762015294699218 0.00038045253152774606 0.9999993742477937 0.0010755443829869118 -0.017615434227267412 1.5729344517195098e-05 -0.0010755491497070437 0.9999995272093389 4.5270614586589986e-05 0.0 0.0 0.0 1.0"/>
                <scale value="1"/>
            </transform>
            <transform time="0.0015">
                <matrix value="0.9999999680861236 -0.0004129340588527559 -1.6304520785405277e-05 0.0004763723633455679 0.00041295375098185887 0.9999991639916884 0.0011566527011412492 -0.01760853911719572 1.5756308551425895e-05 -0.0011566579203888064 0.9999993484916097 4.445266660802908e-05 0.0 0.0 0.0 1.0"/>
                <scale value="1"/>
            </transform>
        </animation>
    </shape>
    <shape name="temp12" type="ply">
        <string name="filename" value="meshes/Cube_008.ply"/>
        <boolean name="face_normals" value="true"/>
        <ref id="mat-Material" name="bsdf"/>
        <animation name="to_world">
            <transform time="0">
                <matrix value="0.9999991135176153 -0.0013656311858212895 9.493920148494091e-05 0.00010994212997905706 0.0013654798440500189 0.9999977055752436 0.001562551859225635 -0.01888166919048656 -9.707292381393089e-05 -0.0015624219113392558 0.9999988180233473 0.0003708590804247791 0.0 0.0 0.0 1.0"/>
                <scale value="1"/>
            </transform>
            <transform time="0.0015">
                <matrix value="0.9999991294745535 -0.0013599086904551216 9.503617712904136e-05 0.00010916797448399188 0.0013597578455680557 0.9999977281026834 0.0015560638950276166 -0.018877032145633202 -9.715312338550385e-05 -0.0015559343090237804 0.9999988265337154 0.00036985264815537816 0.0 0.0 0.0 1.0"/>
                <scale value="1"/>
            </transform>
        </animation>
    </shape>
    <shape name="temp13" type="ply">
        <string name="filename" value="meshes/Cube_009.ply"/>
        <boolean name="face_normals" value="true"/>
        <ref id="mat-Material" name="bsdf"/>
        <animation name="to_world">
            <transform time="0">
                <matrix value="0.9999991135176153 -0.001334036956925304 0.0003003166279057123 0.000665015086749321 0.0013338368553278477 0.9999989570796561 0.0006593727675415973 -0.01956056189069877 -0.0003011948009581102 -0.0006589713050896599 0.9999997636046695 0.0004843774062075479 0.0 0.0 0.0 1.0"/>
                <scale value="1"/>
            </transform>
            <transform time="0.0015">
                <matrix value="0.9999991454314917 -0.0012589304724128423 0.000300647936534482 0.000663000801659743 0.0012587409508802183 0.9999989796070959 0.0006246416150536898 -0.01945825728266257 -0.00030150272199524575 -0.0006242629781226102 0.9999997721150375 0.00048393657619324543 0.0 0.0 0.0 1.0"/>
                <scale value="1"/>
            </transform>
        </animation>
    </shape>
    <shape name="temp14" type="ply">
        <string name="filename" value="meshes/Cube_010.ply"/>
        <boolean name="face_normals" value="true"/>
        <ref id="mat-Material" name="bsdf"/>
        <animation name="to_world">
            <transform time="0">
                <matrix value="0.9999991135176153 -0.0005060583242773083 0.0014600366601878587 0.002725058803854541 0.0005057293356523712 0.9999997914159312 0.00022756005505174457 -0.018274966905080625 -0.0014601517303249668 -0.00022682057389820682 0.999999054418678 0.00243119267918801 0.0 0.0 0.0 1.0"/>
                <scale value="1"/>
            </transform>
            <transform time="0.0015">
                <matrix value="0.9999991135176153 -0.0005049484724065883 0.0014620689360817759 0.002729683777484443 0.000504618732751162 0.9999997914159312 0.00022769639965851364 -0.018272823690459124 -0.0014621838464092915 -0.00022695761582405689 0.99999904590831 0.0024346264025396727 0.0 0.0 0.0 1.0"/>
                <scale value="1"/>
            </transform>
        </animation>
    </shape>
    <shape name="temp15" type="ply">
        <string name="filename" value="meshes/Cube_011.ply"/>
        <boolean name="face_normals" value="true"/>
        <ref id="mat-Material" name="bsdf"/>
        <animation name="to_world">
            <transform time="0">
                <matrix value="0.9999986702764229 0.0016982622861231105 -0.0002923359215470089 -0.0005462987414261988 -0.0016980525754972725 0.99999833132745 0.0007157388701532456 -0.014207450369426555 0.0002935511065959608 -0.0007152410293206626 0.9999997636046695 -0.00042078242290055634 0.0 0.0 0.0 1.0"/>
                <scale value="1"/>
            </transform>
            <transform time="0.0015">
                <matrix value="0.9999987181472376 0.0016381312176272811 -0.0002925966792245199 -0.0005436530653081989 -0.001637925980124407 0.999998391400623 0.0007002300860137093 -0.014317499347498888 0.000293768376266979 -0.0006997498100225703 0.9999997721150375 -0.0004226330918701458 0.0 0.0 0.0 1.0"/>
                <scale value="1"/>
            </transform>
        </animation>
    </shape>
    <shape name="temp16" type="ply">
        <string name="filename" value="meshes/Cube_012.ply"/>
        <boolean name="face_normals" value="true"/>
        <ref id="mat-Material" name="bsdf"/>
        <animation name="to_world">
            <transform time="0">
                <matrix value="0.9999986702764229 -0.0016171981736378938 -0.0001284664420280639 -0.0004974687070300465 0.0016169527345322122 0.9999968712389685 -0.0018760735302947708 -0.022222625604992774 0.00013149991046527916 0.0018758632773146053 0.9999983452326863 -0.00018546048606626897 0.0 0.0 0.0 1.0"/>
                <scale value="1"/>
            </transform>
            <transform time="0.0015">
                <matrix value="0.9999986862333612 -0.0016149930376409003 -0.0001285298953323564 -0.0004982646938532137 0.0016147479643761765 0.9999968787481152 -0.0018731087733719737 -0.02221486861108937 0.00013155461084955137 0.0018728986662282707 0.9999983537430543 -0.00018452169947658637 0.0 0.0 0.0 1.0"/>
                <scale value="1"/>
            </transform>
        </animation>
    </shape>
    <shape name="temp17" type="ply">
        <string name="filename" value="meshes/Cube_013.ply"/>
        <boolean name="face_normals" value="true"/>
        <ref id="mat-Material" name="bsdf"/>
        <animation name="to_world">
            <transform time="0">
                <matrix value="0.9999995567588077 -0.0010087375866406076 5.618384181180946e-05 -0.0004037500546442141 0.0010088790075652406 0.9999960369026935 -0.0025945333107024204 -0.021659816989473668 -5.356614133720549e-05 0.002594593918105723 0.9999966904653725 6.242855559435156e-05 0.0 0.0 0.0 1.0"/>
                <scale value="1"/>
            </transform>
            <transform time="0.0015">
                <matrix value="0.9999995727157459 -0.000980547499307251 5.618534814695697e-05 -0.0004052821661333765 0.0009806848210519726 0.9999961720673326 -0.002518444237425447 -0.021546476682642618 -5.365797351675232e-05 0.002518503059562593 0.9999968096105255 6.678504152544444e-05 0.0 0.0 0.0 1.0"/>
                <scale value="1"/>
            </transform>
        </animation>
    </shape>
    <shape name="temp18" type="ply">
        <string name="filename" value="meshes/Cube_014.ply"/>
        <boolean name="face_normals" value="true"/>
        <ref id="mat-Material" name="bsdf"/>
        <animation name="to_world">
            <transform time="0">
                <matrix value="1.0 -0.0001374135158304879 -2.6756169090743183e-05 -8.267371990300365e-05 0.00013739945073551444 0.9999997914159312 -0.0005245659663533799 -0.018293721816747266 2.6828148297865173e-05 0.0005245618170175399 1.0 -0.00013524776210416256 0.0 0.0 0.0 1.0"/>
                <scale value="1"/>
            </transform>
            <transform time="0.0015">
                <matrix value="1.0 -0.0001551350117484639 -2.6732161342431874e-05 -8.262857193412687e-05 0.0001551183860051495 0.9999996111964123 -0.0006209746497333423 -0.018384119082360657 2.6874140980942117e-05 0.0006209700233926708 0.9999998212822706 -0.00013646774152462933 0.0 0.0 0.0 1.0"/>
                <scale value="1"/>
            </transform>
        </animation>
    </shape>
    <shape name="temp19" type="ply">
        <string name="filename" value="meshes/Cube_015.ply"/>
        <boolean name="face_normals" value="true"/>
        <ref id="mat-Material" name="bsdf"/>
        <animation name="to_world">
            <transform time="0">
                <matrix value="1.0 -0.0002370891676035568 -3.671857750528225e-05 0.000508489113629107 0.0002370874975843355 1.0 -3.95659592615199e-05 -0.018032498638768324 3.672794032909772e-05 3.955734288926481e-05 1.0 -8.503141931909264e-05 0.0 0.0 0.0 1.0"/>
                <scale value="1"/>
            </transform>
            <transform time="0.0015">
                <matrix value="1.0 -0.00023704749183980513 -3.6781579760067305e-05 0.0005081284585054554 0.00023704586593247838 1.0 -3.939364132894018e-05 -0.01803236375991186 3.67909032159884e-05 3.93850079742917e-05 1.0 -8.505824335290865e-05 0.0 0.0 0.0 1.0"/>
                <scale value="1"/>
            </transform>
        </animation>
    </shape>
    <shape name="temp20" type="ply">
        <string name="filename" value="meshes/Cube_016.ply"/>
        <boolean name="face_normals" value="true"/>
        <ref id="mat-Material" name="bsdf"/>
        <animation name="to_world">
            <transform time="0">
                <matrix value="1.0 0.0001638183816796441 0.00033177375453938133 0.0005167156080126967 -0.00016444070939866353 0.9999981227433812 0.0018758087675245767 -0.01733960691926012 -0.0003314664014311372 -0.0018758632773146053 0.9999983452326863 0.0006064124971437712 0.0 0.0 0.0 1.0"/>
                <scale value="1"/>
            </transform>
            <transform time="0.0015">
                <matrix value="1.0 0.00017728075721598562 0.00033189741018736546 0.0005162620741833826 -0.00017792598172946178 0.999997927505569 0.0019437917152196563 -0.017316501714468514 -0.00033152817073904783 -0.0019438507153721543 0.9999981494942207 0.0006057196527426941 0.0 0.0 0.0 1.0"/>
                <scale value="1"/>
            </transform>
        </animation>
    </shape>
    <shape name="temp21" type="ply">
        <string name="filename" value="meshes/Cube_017.ply"/>
        <boolean name="face_normals" value="true"/>
        <ref id="mat-Material" name="bsdf"/>
        <animation name="to_world">
            <transform time="0">
                <matrix value="1.0 -3.477555311280435e-05 0.00011741921544172122 0.0004716920427157989 3.473601441065765e-05 1.0 0.0003368586180990884 -0.017858631219415777 -0.00011743099177876237 -0.0003368549276943325 1.0 1.7403800466164743e-05 0.0 0.0 0.0 1.0"/>
                <scale value="1"/>
            </transform>
            <transform time="0.0015">
                <matrix value="1.0 -5.6461127532492854e-05 0.00011765812700440942 0.0004711117813374835 5.6426628415787064e-05 0.9999999774725602 0.0002952307484350014 -0.017865198676222122 -0.00011765068690439239 -0.0002952243690053305 0.9999999914896319 1.7111457868084158e-05 0.0 0.0 0.0 1.0"/>
                <scale value="1"/>
            </transform>
        </animation>
    </shape>
    <shape name="temp22" type="ply">
        <string name="filename" value="meshes/Cube_018.ply"/>
        <boolean name="face_normals" value="true"/>
        <ref id="mat-Material" name="bsdf"/>
        <animation name="to_world">
            <transform time="0">
                <matrix value="0.9999977837940383 -0.002089701578772817 -0.00026646481657377117 0.000690938787676787 0.002089403521462625 0.9999970798230373 -0.0011239203234266353 -0.01775329200235415 0.00026881292916828447 0.0011233607899495852 0.9999995272093389 -0.0002473812189403568 0.0 0.0 0.0 1.0"/>
                <scale value="1"/>
            </transform>
            <transform time="0.0015">
                <matrix value="0.999997831664853 -0.002059626770728824 -0.0002662561423488179 0.0006889674820830473 0.002059336181883737 0.9999971549145036 -0.0010957535582419699 -0.017753673782036225 0.0002685351827013527 0.0010952023912149732 0.9999995442300751 -0.0002455532515310565 0.0 0.0 0.0 1.0"/>
                <scale value="1"/>
            </transform>
        </animation>
    </shape>
    <shape name="temp23" type="ply">
        <string name="filename" value="meshes/Cube_019.ply"/>
        <boolean name="face_normals" value="true"/>
        <ref id="mat-Material" name="bsdf"/>
        <animation name="to_world">
            <transform time="0">
                <matrix value="0.9999809406287288 0.0014308804542126684 -0.006070655727551545 0.00362847825806753 -0.001403975341605987 0.9999891536284242 0.00443383081942659 -0.017782289961940312 0.0060769209630035445 -0.004425215310904984 0.9999718689556668 -0.0010590914431157783 0.0 0.0 0.0 1.0"/>
                <scale value="1"/>
            </transform>
            <transform time="0.0015">
                <matrix value="0.9999807331885318 0.0015085380211069957 -0.00607007872459674 0.0036228228589957685 -0.0014814952645410117 0.9999888457534127 0.004457042848323824 -0.017785745514439583 0.006076769850798452 -0.004447957362181204 0.9999717583208819 -0.0010574665837324298 0.0 0.0 0.0 1.0"/>
                <scale value="1"/>
            </transform>
        </animation>
    </shape>
    <shape name="temp24" type="ply">
        <string name="filename" value="meshes/Cube_020.ply"/>
        <boolean name="face_normals" value="true"/>
        <ref id="mat-Material" name="bsdf"/>
        <animation name="to_world">
            <transform time="0">
                <matrix value="0.9999708549685423 -0.005594676799926605 0.005146610827465414 -0.003403849734324782 0.00554339811702999 0.9999353438623138 0.009924561517073924 -0.015719644367348684 -0.00520180860863304 -0.009895735161845248 0.9999375916286343 -0.00030192492968117435 0.0 0.0 0.0 1.0"/>
                <scale value="1"/>
            </transform>
            <transform time="0.0015">
                <matrix value="0.9999705372811195 -0.005635876624312308 0.00515786493819468 -0.0034143964921048487 0.005584771969550387 0.9999355694500048 0.009872660186426237 -0.015682677939675083 -0.005213121712356093 -0.009843545004854187 0.9999380086366598 -0.0003076797778514544 0.0 0.0 0.0 1.0"/>
                <scale value="1"/>
            </transform>
        </animation>
    </shape>
    <shape name="temp25" type="ply">
        <string name="filename" value="meshes/Cube_021.ply"/>
        <boolean name="face_normals" value="true"/>
        <ref id="mat-Material" name="bsdf"/>
        <animation name="to_world">
            <transform time="0">
                <matrix value="0.9991356796749092 0.03312640403151288 0.02511797308970115 -0.015818298860319158 -0.033268655578545 0.9994326513329566 0.005266060580558564 -0.02110958173684202 -0.02492926757052411 -0.006097139686665013 0.9996707013045713 -0.012327631839684106 0.0 0.0 0.0 1.0"/>
                <scale value="1"/>
            </transform>
            <transform time="0.0015">
                <matrix value="0.9991283235263826 0.03332172144063704 0.025131576062016214 -0.01583182768560634 -0.03346208079675748 0.9994260207564893 0.005185700579068181 -0.02114392079622347 -0.02494476399152239 -0.006022211093836024 0.9996706927942032 -0.012338431925199837 0.0 0.0 0.0 1.0"/>
                <scale value="1"/>
            </transform>
        </animation>
    </shape>
    <shape name="temp26" type="ply">
        <string name="filename" value="meshes/Cube_022.ply"/>
        <boolean name="face_normals" value="true"/>
        <ref id="mat-Material" name="bsdf"/>
        <animation name="to_world">
            <transform time="0">
                <matrix value="0.9991148473388686 0.038840627170577964 0.016174924979941857 -0.00794066583988473 -0.038835033606547206 0.9992453428392047 -0.0006601221407393785 -0.02265521303951884 -0.01618836509599718 3.13825160661879e-05 0.9998690369868861 -0.011835197309595757 0.0 0.0 0.0 1.0"/>
                <scale value="1"/>
            </transform>
            <transform time="0.0015">
                <matrix value="0.9991153420039539 0.03882692823439559 0.01617632408445174 -0.00794064803644742 -0.03882154839804416 0.9992458684794683 -0.0006468320095543824 -0.022651270541525596 -0.016189251344346792 1.826865504286299e-05 0.99986901996615 -0.011835703376200818 0.0 0.0 0.0 1.0"/>
                <scale value="1"/>
            </transform>
        </animation>
    </shape>
    <shape name="temp27" type="ply">
        <string name="filename" value="meshes/Cube_023.ply"/>
        <boolean name="face_normals" value="true"/>
        <ref id="mat-Material" name="bsdf"/>
        <animation name="to_world">
            <transform time="0">
                <matrix value="0.9994827375285226 0.030518331410883504 0.010136182622011904 -0.002718608564277303 -0.030613844727291423 0.9994870917749045 0.009405602853007965 -0.019643442025590485 -0.009843939208583986 -0.00971104640369778 0.9999044962864657 -0.008857281546901297 0.0 0.0 0.0 1.0"/>
                <scale value="1"/>
            </transform>
            <transform time="0.0015">
                <matrix value="0.9994829768825961 0.030510785469443132 0.010135806463743433 -0.0027190761736232694 -0.030606459217998382 0.9994871518480775 0.009422228708059711 -0.019638580642599896 -0.009843131468370491 -0.009727579967638459 0.9999043430998407 -0.0088579336179721 0.0 0.0 0.0 1.0"/>
                <scale value="1"/>
            </transform>
        </animation>
    </shape>
    <shape name="temp28" type="ply">
        <string name="filename" value="meshes/Cube_024.ply"/>
        <boolean name="face_normals" value="true"/>
        <ref id="mat-Material" name="bsdf"/>
        <animation name="to_world">
            <transform time="0">
                <matrix value="0.9995159806179491 0.030010908946796463 0.008206842131888737 -0.0009980006060004154 -0.030098213383401858 0.9994893861996609 0.01072840020405645 -0.018689997390132662 -0.007880686562877309 -0.010970226710024341 0.9999087514024153 -0.00767349459889477 0.0 0.0 0.0 1.0"/>
                <scale value="1"/>
            </transform>
            <transform time="0.0015">
                <matrix value="0.9995171454744403 0.029971711952344694 0.008205832802236229 -0.0009965863159841586 -0.030059767374694134 0.9994893486539278 0.010825632010235658 -0.018626511240579523 -0.007877285341492356 -0.011067082161172272 0.9999075854819903 -0.007671628893516032 0.0 0.0 0.0 1.0"/>
                <scale value="1"/>
            </transform>
        </animation>
    </shape>
    <shape name="temp29" type="ply">
        <string name="filename" value="meshes/Cube_025.ply"/>
        <boolean name="face_normals" value="true"/>
        <ref id="mat-Material" name="bsdf"/>
        <animation name="to_world">
            <transform time="0">
                <matrix value="0.9995580885312227 0.029413107005713122 0.004350454186348548 0.0011155606884698521 -0.029467405815679037 0.999481251420979 0.012989994331239974 -0.0163373548380355 -0.003966126621597902 -0.0131124560148345 0.99990638744911 -0.0047586027124873476 0.0 0.0 0.0 1.0"/>
                <scale value="1"/>
            </transform>
            <transform time="0.0015">
                <matrix value="0.9995577853493963 0.029423497411893873 0.0043498805875409685 0.0011146252624340245 -0.029477670116199194 0.9994813265124453 0.012960247190705643 -0.01636558984864383 -0.003966301828779731 -0.013082745550584602 0.9999067619053048 -0.0047604145918405125 0.0 0.0 0.0 1.0"/>
                <scale value="1"/>
            </transform>
        </animation>
    </shape>
    <shape name="temp30" type="ply">
        <string name="filename" value="meshes/Cube_026.ply"/>
        <boolean name="face_normals" value="true"/>
        <ref id="mat-Material" name="bsdf"/>
        <animation name="to_world">
            <transform time="0">
                <matrix value="0.9995962072737652 0.025905411296495998 0.011710150011748847 0.007977039379073458 -0.026136971279743702 0.9994568470849334 0.020073013061787593 -0.005386449620028766 -0.011183790846892082 -0.020370975109663073 0.9997300365325343 -0.01474976826643315 0.0 0.0 0.0 1.0"/>
                <scale value="1"/>
            </transform>
            <transform time="0.0015">
                <matrix value="0.99959544134073 0.025934505485082634 0.011709545775616233 0.007974934187954724 -0.026165348300855276 0.9994572976337308 0.020010331647878594 -0.005477172542331099 -0.01118428279929789 -0.02030862103340129 0.9997312450047996 -0.01475072327545182 0.0 0.0 0.0 1.0"/>
                <scale value="1"/>
            </transform>
        </animation>
    </shape>
    <shape name="temp31" type="ply">
        <string name="filename" value="meshes/Cube_027.ply"/>
        <boolean name="face_normals" value="true"/>
        <ref id="mat-Material" name="bsdf"/>
        <animation name="to_world">
            <transform time="0">
                <matrix value="0.9992815060271938 0.03398097296124716 0.016797188408496803 0.01763420689390638 -0.03409637747838313 0.99939656628906 0.006632047358494937 -0.03009526549376551 -0.016561680557845637 -0.0071999987484955875 0.9998368872219341 -0.024641397843400137 0.0 0.0 0.0 1.0"/>
                <scale value="1"/>
            </transform>
            <transform time="0.0015">
                <matrix value="0.9992817453812674 0.0339715677551032 0.016801588268786395 0.01763996050693102 -0.034087232716649596 0.9993967840543121 0.006645820538171302 -0.03006591108533887 -0.01656567984527567 -0.00721375925968026 0.9998367255249409 -0.024648046414383756 0.0 0.0 0.0 1.0"/>
                <scale value="1"/>
            </transform>
        </animation>
    </shape>
    <shape name="temp32" type="ply">
        <string name="filename" value="meshes/Cube_028.ply"/>
        <boolean name="face_normals" value="true"/>
        <ref id="mat-Material" name="bsdf"/>
        <animation name="to_world">
            <transform time="0">
                <matrix value="0.9993967487372059 -0.0171137742661491 0.030222741136238882 0.04023653493399748 0.01567407234050852 0.9987601762952549 0.0472473182131728 0.10354698309521859 -0.030993857563556354 -0.046745108182127265 0.9984260798893292 -0.05413492832402711 0.0 0.0 0.0 1.0"/>
                <scale value="1"/>
            </transform>
            <transform time="0.0015">
                <matrix value="0.9993968604357735 -0.017035015182536802 0.030260516106968914 0.0402877533904777 0.01559513879241519 0.9987635854478213 0.04719900910885194 0.10334573057754434 -0.03102724985035543 -0.04669870916515041 0.9984271692164415 -0.05418965314049883 0.0 0.0 0.0 1.0"/>
                <scale value="1"/>
            </transform>
        </animation>
    </shape>
    <shape name="temp33" type="ply">
        <string name="filename" value="meshes/Cube_029.ply"/>
        <boolean name="face_normals" value="true"/>
        <ref id="mat-Material" name="bsdf"/>
        <animation name="to_world">
            <transform time="0">
                <matrix value="0.9279068200635785 -0.3721961608016303 0.021423728701371707 -0.07016872324450052 0.3686185235813179 0.9245478418849326 0.09660115521670123 0.9122289942810248 -0.05576182523177082 -0.08173965370872904 0.9950926693335213 -0.14373432846159506 0.0 0.0 0.0 1.0"/>
                <scale value="1"/>
            </transform>
            <transform time="0.0015">
                <matrix value="0.9281309990888528 -0.3716109880236772 0.02160448636596147 -0.0686148356374417 0.3680175070983617 0.9247756693934417 0.09665428969971494 0.9111079665365119 -0.055897353890982465 -0.08176020774486256 0.9950831207005524 -0.14439322751873945 0.0 0.0 0.0 1.0"/>
                <scale value="1"/>
            </transform>
        </animation>
    </shape>
    <shape name="temp34" type="ply">
        <string name="filename" value="meshes/Cube_030.ply"/>
        <boolean name="face_normals" value="true"/>
        <ref id="mat-Material" name="bsdf"/>
        <animation name="to_world">
            <transform time="0">
                <matrix value="0.9942722908111148 -0.10649120031848681 -0.0090527255178875 -0.020666685666439477 0.10588299645644443 0.993016499913527 -0.05202781891358904 0.20135434409739433 0.014530004858184101 0.05077129096399046 0.998604646737376 -0.013044557718288052 0.0 0.0 0.0 1.0"/>
                <scale value="1"/>
            </transform>
            <transform time="0.0015">
                <matrix value="0.9943835441184555 -0.10523538553090857 -0.00915200093624551 -0.020214651577583485 0.10462291874485649 0.9931258238313496 -0.05207790542172127 0.19839794716118483 0.014568127832115701 0.05083140376818281 0.9986009623107381 -0.013486799721596044 0.0 0.0 0.0 1.0"/>
                <scale value="1"/>
            </transform>
        </animation>
    </shape>
    <shape name="temp35" type="ply">
        <string name="filename" value="meshes/Cube_031.ply"/>
        <boolean name="face_normals" value="true"/>
        <ref id="mat-Material" name="bsdf"/>
        <animation name="to_world">
            <transform time="0">
                <matrix value="0.9996511691816172 0.007750908905079648 -0.025259526613622706 -0.014574578839921415 -0.006267412730241638 0.9982800157689556 0.058289060427847185 0.07422239081828647 0.02566786253140364 -0.05811039520423509 0.997980238295949 -0.08223467999685075 0.0 0.0 0.0 1.0"/>
                <scale value="1"/>
            </transform>
            <transform time="0.0015">
                <matrix value="0.9996261167885871 0.008764243912072941 -0.025368220183511828 -0.015235544220853296 -0.007258789697326593 0.9982296369042691 0.05875810085338051 0.07219811020468202 0.025850849039761044 -0.05854876942213228 0.99794685212203 -0.08485209368701238 0.0 0.0 0.0 1.0"/>
