
<scene version="2.1.0">
    <default name="spp" value="1024"/>
    <default name="resx" value="640"/>
    <default name="resy" value="360"/>
    <integrator name="temp0" type="path">
        <integer name="max_depth" value="12"/>
    </integrator>
    <sensor name="temp44" type="perspective">
        <string name="fov_axis" value="x"/>
        <float name="fov" value="83.974423"/>
        <float name="principal_point_offset_x" value="0.000000"/>
        <float name="principal_point_offset_y" value="-0.000000"/>
        <float name="near_clip" value="0.100000"/>
        <float name="far_clip" value="1000.000000"/>
        <sampler name="sampler" type="correlated">
            <integer name="sample_count" value="1024"/>
        </sampler>
        <film name="film" type="hdrfilm">
            <integer name="width" value="$resx"/>
            <integer name="height" value="$resy"/>
        </film>
        <float name="shutter_open" value="0.0"/>
        <float name="shutter_close" value="0.0015"/>
        <animation name="to_world">
            <transform time="0">
                <rotate angle="-142.5518126578256" x="1"/>
                <rotate angle="3.976628485794621e-06" y="1"/>
                <rotate angle="-179.999991348578" z="1"/>
                <translate value="-0.000000 3.030926 4.073377"/>
                <translate x="10.799999999999999" y="0.0" z="0.0"/>
            </transform>
            <transform time="0.0015">
                <rotate angle="-142.5518126578256" x="1"/>
                <rotate angle="3.976628485794621e-06" y="1"/>
                <rotate angle="-179.999991348578" z="1"/>
                <translate value="-0.000000 3.030926 4.073377"/>
                <translate x="10.95" y="0.0" z="0.0"/>
            </transform>
        </animation>
    </sensor>
    <bsdf id="mat-Material" name="mat-Material" type="twosided">
        <bsdf name="bsdf" type="diffuse">
            <texture name="reflectance" type="bitmap">
                <string name="filename" value="textures/siggraph_2023_logo.jpg"/>
            </texture>
        </bsdf>
    </bsdf>
    <bsdf id="mat-Material.001" name="mat-Material.001" type="twosided">
        <bsdf name="bsdf" type="principled">
            <rgb name="base_color" value="0.433648 0.266232 0.084399"/>
            <float name="spec_tint" value="0.000000"/>
            <float name="spec_trans" value="0.000000"/>
            <float name="metallic" value="0.000000"/>
            <float name="anisotropic" value="0.000000"/>
            <float name="roughness" value="0.500000"/>
            <float name="sheen" value="0.000000"/>
            <float name="sheen_tint" value="0.500000"/>
            <float name="clearcoat" value="0.000000"/>
            <float name="clearcoat_gloss" value="0.173205"/>
            <float name="specular" value="0.500000"/>
        </bsdf>
    </bsdf>
    <bsdf id="mat-Material.002" name="mat-Material.002" type="twosided">
        <bsdf name="bsdf" type="principled">
            <rgb name="base_color" value="0.433648 0.266232 0.084399"/>
            <float name="spec_tint" value="0.000000"/>
            <float name="spec_trans" value="0.000000"/>
            <float name="metallic" value="0.000000"/>
            <float name="anisotropic" value="0.000000"/>
            <float name="roughness" value="0.500000"/>
            <float name="sheen" value="0.000000"/>
            <float name="sheen_tint" value="0.500000"/>
            <float name="clearcoat" value="0.000000"/>
            <float name="clearcoat_gloss" value="0.173205"/>
            <float name="specular" value="0.500000"/>
        </bsdf>
    </bsdf>
    <bsdf id="mat-Material.003" name="mat-Material.003" type="twosided">
        <bsdf name="bsdf" type="principled">
            <rgb name="base_color" value="0.433648 0.266232 0.084399"/>
            <float name="spec_tint" value="0.000000"/>
            <float name="spec_trans" value="0.000000"/>
            <float name="metallic" value="0.000000"/>
            <float name="anisotropic" value="0.000000"/>
            <float name="roughness" value="0.500000"/>
            <float name="sheen" value="0.000000"/>
            <float name="sheen_tint" value="0.500000"/>
            <float name="clearcoat" value="0.000000"/>
            <float name="clearcoat_gloss" value="0.173205"/>
            <float name="specular" value="0.500000"/>
        </bsdf>
    </bsdf>
    <bsdf id="mat-Material.004" name="mat-Material.004" type="twosided">
        <bsdf name="bsdf" type="principled">
            <rgb name="base_color" value="0.433648 0.266232 0.084399"/>
            <float name="spec_tint" value="0.000000"/>
            <float name="spec_trans" value="0.000000"/>
            <float name="metallic" value="0.000000"/>
            <float name="anisotropic" value="0.000000"/>
            <float name="roughness" value="0.500000"/>
            <float name="sheen" value="0.000000"/>
            <float name="sheen_tint" value="0.500000"/>
            <float name="clearcoat" value="0.000000"/>
            <float name="clearcoat_gloss" value="0.173205"/>
            <float name="specular" value="0.500000"/>
        </bsdf>
    </bsdf>
    <bsdf id="mat-Material.005" name="mat-Material.005" type="twosided">
        <bsdf name="bsdf" type="principled">
            <rgb name="base_color" value="0.433648 0.266232 0.084399"/>
            <float name="spec_tint" value="0.000000"/>
            <float name="spec_trans" value="0.000000"/>
            <float name="metallic" value="0.000000"/>
            <float name="anisotropic" value="0.000000"/>
            <float name="roughness" value="0.500000"/>
            <float name="sheen" value="0.000000"/>
            <float name="sheen_tint" value="0.500000"/>
            <float name="clearcoat" value="0.000000"/>
            <float name="clearcoat_gloss" value="0.173205"/>
            <float name="specular" value="0.500000"/>
        </bsdf>
    </bsdf>
    <emitter name="temp45" type="point">
        <point name="position" x="-6.815235034541981e-16" y="3.0693089962005615" z="4.109199523925781"/>
        <rgb name="intensity" value="7.957747 7.957747 7.957747"/>
    </emitter>
    <shape name="temp2" type="ply">
        <string name="filename" value="meshes/Cube.ply"/>
        <boolean name="face_normals" value="true"/>
        <ref id="mat-Material" name="bsdf"/>
        <animation name="to_world">
            <transform time="0">
                <matrix value="0.9999995567588077 0.00020949349530581554 0.0012008008128217044 -0.001991968751459794 -0.00020737482425486724 0.99999833132745 -0.0017635375331958142 -0.014965009723945377 -0.0012011659016323687 0.0017632883695609097 0.9999978724420252 0.002766840485900035 0.0 0.0 0.0 1.0"/>
                <scale value="1"/>
            </transform>
            <transform time="0.0015">
                <matrix value="0.9999995567588077 0.00020822058982534707 0.0012013047117148319 -0.0019923722936197054 -0.00020619514376803535 0.9999983838914763 -0.0016861036515572127 -0.015070723792938157 -0.0012016541839423832 0.0016858558517908414 0.9999979235042336 0.0027704888308923217 0.0 0.0 0.0 1.0"/>
                <scale value="1"/>
            </transform>
        </animation>
    </shape>
    <shape name="temp4" type="ply">
        <string name="filename" value="meshes/Plane.ply"/>
        <boolean name="face_normals" value="true"/>
        <ref id="mat-Material.001" name="bsdf"/>
        <transform name="to_world">
            <scale value="1"/>
        </transform>
    </shape>
    <shape name="temp5" type="ply">
        <string name="filename" value="meshes/Cube_001.ply"/>
        <boolean name="face_normals" value="true"/>
        <ref id="mat-Material" name="bsdf"/>
        <animation name="to_world">
            <transform time="0">
                <matrix value="0.9999991135176153 -0.00017049786931373756 -0.00143544445395279 0.00204792783037977 0.00017602304499607287 0.9999924909735245 0.003849674318153129 -0.021853557567132476 0.001434776172062685 -0.0038499216766821782 0.9999917261634315 -0.002971661568918149 0.0 0.0 0.0 1.0"/>
                <scale value="1"/>
            </transform>
            <transform time="0.0015">
                <matrix value="0.9999991135176153 -0.0001670444353097556 -0.0014360066488671628 0.0020480123205739516 0.00017245695652526755 0.9999927087387765 0.0037705249165199887 -0.021769776659210108 0.0014353579620307612 -0.003770767311591703 0.999991938922633 -0.002981038590480181 0.0 0.0 0.0 1.0"/>
                <scale value="1"/>
            </transform>
        </animation>
    </shape>
    <shape name="temp6" type="ply">
        <string name="filename" value="meshes/Cube_002.ply"/>
        <boolean name="face_normals" value="true"/>
        <ref id="mat-Material" name="bsdf"/>
        <animation name="to_world">
            <transform time="0">
                <matrix value="1.0 5.612037803776624e-06 0.00030906089118202867 -0.0008898834840893599 -5.585193616617645e-06 1.0 -8.691452559475884e-05 -0.017703588233729917 -0.0003090601159164366 8.691280977341514e-05 1.0 0.0007583054856750149 0.0 0.0 0.0 1.0"/>
                <scale value="1"/>
            </transform>
            <transform time="0.0015">
                <matrix value="1.0 4.9490995524922175e-06 0.0003092142480145596 -0.0008905577831927534 -4.88342821702839e-06 0.9999997747256013 -0.00021080194494280547 -0.017619523197273727 -0.00030921177065742936 0.00021080006238827293 0.9999997787304303 0.0007598938563114844 0.0 0.0 0.0 1.0"/>
                <scale value="1"/>
            </transform>
        </animation>
    </shape>
    <shape name="temp7" type="ply">
        <string name="filename" value="meshes/Cube_003.ply"/>
        <boolean name="face_normals" value="true"/>
        <ref id="mat-Material" name="bsdf"/>
        <animation name="to_world">
            <transform time="0">
                <matrix value="0.9999995567588077 9.829482523783799e-05 0.001164216271468833 -0.0013953735694358649 -9.888134787873629e-05 0.9999997914159312 0.0005037182621539113 -0.01772367166635136 -0.001164168559306558 -0.0005038327322635751 0.9999992908140084 0.0035341269783401574 0.0 0.0 0.0 1.0"/>
                <scale value="1"/>
            </transform>
            <transform time="0.0015">
                <matrix value="0.9999995408018695 0.00011714354919181714 0.0011648305498357632 -0.0013927578428182398 -0.00011791116158137772 0.9999993859220137 0.0006569412265951957 -0.01771732765317795 -0.0011646774260668964 -0.0006570778946944308 0.9999988823163414 0.003536652136795033 0.0 0.0 0.0 1.0"/>
                <scale value="1"/>
            </transform>
        </animation>
    </shape>
    <shape name="temp8" type="ply">
        <string name="filename" value="meshes/Cube_004.ply"/>
        <boolean name="face_normals" value="true"/>
        <ref id="mat-Material" name="bsdf"/>
        <animation name="to_world">
            <transform time="0">
                <matrix value="1.0 5.5901990517768236e-05 0.0007966806313268256 -0.0005785535772111494 -5.5524824166218994e-05 0.9999997914159312 -0.0004733651017138189 -0.01766263488082853 -0.0007967083136091003 0.0004733189688437977 0.9999995272093389 0.0025579609113550277 0.0 0.0 0.0 1.0"/>
                <scale value="1"/>
            </transform>
            <transform time="0.0015">
                <matrix value="0.9999999840430618 6.676707238393297e-05 0.0007973900556087224 -0.0005778217405234811 -6.642274278984085e-05 0.9999997839067846 -0.0004327874114689505 -0.017634706556595565 -0.0007974083444895033 0.00043273240680964144 0.9999995272093389 0.002559277344390684 0.0 0.0 0.0 1.0"/>
                <scale value="1"/>
            </transform>
        </animation>
    </shape>
    <shape name="temp9" type="ply">
        <string name="filename" value="meshes/Cube_005.ply"/>
        <boolean name="face_normals" value="true"/>
        <ref id="mat-Material" name="bsdf"/>
        <animation name="to_world">
            <transform time="0">
                <matrix value="1.0 0.00033363438967258556 0.0007783363536776731 -0.0005620258435801162 -0.00033617761206467065 0.9999945768142122 0.0032693710607673105 -0.01562693416477079 -0.0007772411604409008 -0.0032696428832158656 0.9999945629073977 0.0020046840853295 0.0 0.0 0.0 1.0"/>
                <scale value="1"/>
            </transform>
            <transform time="0.0015">
                <matrix value="1.0 0.0003097300726822246 0.0007783844372572402 -0.0005609994963381497 -0.00031211837887031306 0.9999946744331183 0.003070393293876188 -0.015760058539524755 -0.0007773017968061968 -0.0030706460673384306 0.9999946565214465 0.0019979718355546475 0.0 0.0 0.0 1.0"/>
                <scale value="1"/>
            </transform>
        </animation>
    </shape>
    <shape name="temp10" type="ply">
        <string name="filename" value="meshes/Cube_006.ply"/>
        <boolean name="face_normals" value="true"/>
        <ref id="mat-Material" name="bsdf"/>
        <animation name="to_world">
            <transform time="0">
                <matrix value="0.9999995567588077 0.00012353787782396757 -0.001054602120655231 -0.0010018173077259718 -0.00012274722663985945 0.9999995828318625 0.0007497041512438414 -0.017000038084194924 0.0010546968496189012 -0.0007495760528802331 0.9999992908140084 -0.0021686330311891933 0.0 0.0 0.0 1.0"/>
                <scale value="1"/>
            </transform>
            <transform time="0.0015">
                <matrix value="0.9999995567588077 0.0001122061400409835 -0.0010548936858651371 -0.0010030794934500276 -0.00011137304128071472 0.9999995377769828 0.0007894463786557707 -0.01700128482967814 0.0010549721068034681 -0.0007893303011028155 0.9999992397518 -0.002171854196390048 0.0 0.0 0.0 1.0"/>
                <scale value="1"/>
            </transform>
        </animation>
    </shape>
    <shape name="temp11" type="ply">
        <string name="filename" value="meshes/Cube_007.ply"/>
        <boolean name="face_normals" value="true"/>
        <ref id="mat-Material" name="bsdf"/>
        <animation name="to_world">
            <transform time="0">
                <matrix value="0.9999986702764229 0.0017782709632203713 -6.418771491290486e-05 0.00046814168855968674 -0.0017786116622076605 0.9999818531860174 -0.005768187902138007 -0.019016398922164224 5.392915587374364e-05 0.005768300644733357 0.9999834523268629 -0.0001723121768435476 0.0 0.0 0.0 1.0"/>
                <scale value="1"/>
            </transform>
            <transform time="0.0015">
                <matrix value="0.9999987021902994 0.0017520503748630124 -6.397357703165383e-05 0.0004695287165248972 -0.0017523857959396507 0.9999822736982283 -0.005682634023017566 -0.01899758472163166 5.395612309936208e-05 0.005682744807239159 0.9999838438037939 -0.00016762402221160694 0.0 0.0 0.0 1.0"/>
                <scale value="1"/>
            </transform>
        </animation>
    </shape>
    <shape name="temp12" type="ply">
        <string name="filename" value="meshes/Cube_008.ply"/>
        <boolean name="face_normals" value="true"/>
        <ref id="mat-Material" name="bsdf"/>
        <animation name="to_world">
            <transform time="0">
                <matrix value="0.9999991135176153 -0.001328265435742549 0.00011642919179746026 0.00022518702125218226 0.001328088017063013 0.9999979141593124 0.0015173247045885752 -0.018789109779251634 -0.00011844468438567657 -0.0015171695976204731 0.999999054418678 0.00016498615974902542 0.0 0.0 0.0 1.0"/>
                <scale value="1"/>
            </transform>
            <transform time="0.0015">
                <matrix value="0.9999991454314917 -0.0012629218180276462 0.00011644900393431553 0.0002235461796156003 0.001262753450442348 0.9999979742324854 0.0014400354992070783 -0.018741648399448297 -0.00011840297294912828 -0.0014398880136975054 0.9999990884601503 0.00016129560277433703 0.0 0.0 0.0 1.0"/>
                <scale value="1"/>
            </transform>
        </animation>
    </shape>
    <shape name="temp13" type="ply">
        <string name="filename" value="meshes/Cube_009.ply"/>
        <boolean name="face_normals" value="true"/>
        <ref id="mat-Material" name="bsdf"/>
        <animation name="to_world">
            <transform time="0">
                <matrix value="0.9999995567588077 0.0007229440389801908 0.0007854187577803613 0.0013550243110937998 -0.0007227446558409438 0.9999995828318625 -0.00025504692210915697 -0.016694595663636458 -0.0007856051217406259 0.00025447882141657786 0.9999997636046695 0.001301933286909529 0.0 0.0 0.0 1.0"/>
                <scale value="1"/>
            </transform>
            <transform time="0.0015">
                <matrix value="0.9999995567588077 0.0007286869592251704 0.0007857473430913502 0.0013572505109569677 -0.0007284866004957016 0.9999995828318625 -0.0002561473978036396 -0.016684337593690944 -0.0007859360686396356 0.00025557448100018245 0.9999997636046695 0.0013036673530220347 0.0 0.0 0.0 1.0"/>
                <scale value="1"/>
            </transform>
        </animation>
    </shape>
    <shape name="temp14" type="ply">
        <string name="filename" value="meshes/Cube_010.ply"/>
        <boolean name="face_normals" value="true"/>
        <ref id="mat-Material" name="bsdf"/>
        <animation name="to_world">
            <transform time="0">
                <matrix value="0.9999880324878064 0.00018608827694958316 0.004909434584920531 0.00993338093202345 -0.00018722463640924992 1.0 0.00023103459361987916 -0.017093456885147407 -0.004909383770635094 -0.0002319517419898503 0.9999879438381429 0.00814281923515181 0.0 0.0 0.0 1.0"/>
                <scale value="1"/>
            </transform>
            <transform time="0.0015">
                <matrix value="0.9999880165308682 0.0001736752370713356 0.004912243006381975 0.009942900816014167 -0.00017480567051911844 1.0 0.00022974782596845412 -0.017117375535432865 -0.004912195383152236 -0.00023060354229620386 0.999987935327775 0.008146781459647406 0.0 0.0 0.0 1.0"/>
                <scale value="1"/>
            </transform>
        </animation>
    </shape>
    <shape name="temp15" type="ply">
        <string name="filename" value="meshes/Cube_011.ply"/>
        <boolean name="face_normals" value="true"/>
        <ref id="mat-Material" name="bsdf"/>
        <animation name="to_world">
            <transform time="0">
                <matrix value="0.9999986702764229 0.0015110831144938813 -0.0007792393838402988 -0.0017650202583074925 -0.0015105482538956467 0.9999985399115188 0.0006899765070320519 -0.014527920199563005 0.0007802817950204511 -0.0006887988269231972 0.9999995272093389 -0.0011529232650389076 0.0 0.0 0.0 1.0"/>
                <scale value="1"/>
            </transform>
            <transform time="0.0015">
                <matrix value="0.9999985904917318 0.0015475454279288794 -0.0007801078669013301 -0.0017656832584506945 -0.001547004272835988 0.9999984648200526 0.0006969669233606267 -0.014465963766802665 0.0007811929361937133 -0.0006957585292867931 0.9999995186989709 -0.0011550515639722444 0.0 0.0 0.0 1.0"/>
                <scale value="1"/>
            </transform>
        </animation>
    </shape>
    <shape name="temp16" type="ply">
        <string name="filename" value="meshes/Cube_012.ply"/>
        <boolean name="face_normals" value="true"/>
        <ref id="mat-Material" name="bsdf"/>
        <animation name="to_world">
            <transform time="0">
                <matrix value="0.9999946811056918 0.0032931252776775416 -0.00018927772243500427 -0.0004646598215485298 -0.003292546278812894 0.9999899879646993 0.002994277814629183 -0.009616972129725121 0.00019913630021257847 -0.002993640271743325 0.9999955084887199 -0.00025313073336485914 0.0 0.0 0.0 1.0"/>
                <scale value="1"/>
            </transform>
            <transform time="0.0015">
                <matrix value="0.9999947928042594 0.0032525031222883976 -0.00018947533318147312 -0.00046269131757593305 -0.0032519310839214 0.9999901907116581 0.002957132696239644 -0.009717887250107256 0.00019913191205456364 -0.0029565027358440838 0.9999956021027686 -0.00025484598043512666 0.0 0.0 0.0 1.0"/>
                <scale value="1"/>
            </transform>
        </animation>
    </shape>
    <shape name="temp17" type="ply">
        <string name="filename" value="meshes/Cube_013.ply"/>
        <boolean name="face_normals" value="true"/>
        <ref id="mat-Material" name="bsdf"/>
        <animation name="to_world">
            <transform time="0">
                <matrix value="0.9999986702764229 0.0017592105510165345 0.00029193877739171794 -0.00019918041505351258 -0.0017603013685515054 0.9999912394691118 0.003772680358999405 -0.01162962974366838 -0.0002853001718002862 -0.0037731898553052317 0.9999929081400841 4.9069717780403366e-05 0.0 0.0 0.0 1.0"/>
                <scale value="1"/>
            </transform>
            <transform time="0.0015">
                <matrix value="0.9999987181472376 0.0016989473966316255 0.00029174269851150076 -0.00019700095059420848 -0.0017000013276427923 0.99999155485327 0.003645160637967912 -0.01183799819790968 -0.0002853423459880433 -0.003645652706883323 0.9999931634511261 4.373218512904998e-05 0.0 0.0 0.0 1.0"/>
                <scale value="1"/>
            </transform>
        </animation>
    </shape>
    <shape name="temp18" type="ply">
        <string name="filename" value="meshes/Cube_014.ply"/>
        <boolean name="face_normals" value="true"/>
        <ref id="mat-Material" name="bsdf"/>
        <animation name="to_world">
            <transform time="0">
                <matrix value="1.0 -0.0005284977983951542 -6.495576334179786e-05 -0.0003448765412952248 0.0005283213392266682 0.9999962454867622 -0.0026826142108580158 -0.02031369475653466 6.637315234908968e-05 0.002682580935833283 0.999996454070042 5.714011446678047e-05 0.0 0.0 0.0 1.0"/>
                <scale value="1"/>
            </transform>
            <transform time="0.0015">
                <matrix value="0.9999999840430618 -0.0005493943267061045 -6.477170110128846e-05 -0.00034478718754932296 0.0005492113649180205 0.9999957799196717 -0.0027906346106331987 -0.02041561420252982 6.636491856896002e-05 0.0027906003854469594 0.9999960030205345 5.658275955891819e-05 0.0 0.0 0.0 1.0"/>
                <scale value="1"/>
            </transform>
        </animation>
    </shape>
    <shape name="temp19" type="ply">
        <string name="filename" value="meshes/Cube_015.ply"/>
        <boolean name="face_normals" value="true"/>
        <ref id="mat-Material" name="bsdf"/>
        <animation name="to_world">
            <transform time="0">
                <matrix value="1.0 -0.00010528718897508047 -0.0005979359850900737 0.0004115099377473008 0.00010564565171525477 0.9999997914159312 0.0005992928942873177 -0.01759545335115298 0.0005978703147189762 -0.0005993558923956506 0.9999997636046695 -0.0029514052587085726 0.0 0.0 0.0 1.0"/>
                <scale value="1"/>
            </transform>
            <transform time="0.0015">
                <matrix value="0.9999988351435088 4.588770924125801e-05 -0.0008274070815874659 0.000380225257568422 -3.950836029571441e-05 0.999989248574074 0.0014376166576588463 -0.017040472395632448 0.0008307910294669432 -0.001436663661930372 0.9999886320432405 -0.0035834469449331184 0.0 0.0 0.0 1.0"/>
                <scale value="1"/>
            </transform>
        </animation>
    </shape>
    <shape name="temp20" type="ply">
        <string name="filename" value="meshes/Cube_016.ply"/>
        <boolean name="face_normals" value="true"/>
        <ref id="mat-Material" name="bsdf"/>
        <animation name="to_world">
            <transform time="0">
                <matrix value="0.9990607719134014 0.029825081399932837 -0.031433132507620205 0.06405096596569904 -0.025480367074625858 0.9911141100864999 0.13055102333174634 0.0264785270184143 0.03504752432064422 -0.1296274897115908 0.9909432220967226 -0.13442421903937596 0.0 0.0 0.0 1.0"/>
                <scale value="1"/>
            </transform>
            <transform time="0.0015">
                <matrix value="0.9990474478699745 0.03016766969443545 -0.0314791148773121 0.0640097262970951 -0.025759360735850098 0.9908899245141024 0.13197054932083785 0.0269655619141485 0.03518633580075911 -0.13103311635494308 0.9907258162341346 -0.13446284087229637 0.0 0.0 0.0 1.0"/>
                <scale value="1"/>
            </transform>
        </animation>
    </shape>
    <shape name="temp21" type="ply">
        <string name="filename" value="meshes/Cube_017.ply"/>
        <boolean name="face_normals" value="true"/>
        <ref id="mat-Material" name="bsdf"/>
        <animation name="to_world">
            <transform time="0">
                <matrix value="0.9891716176707853 0.1456555484405212 0.018005570419568618 0.2207745590160577 -0.14631311976199723 0.9690692770267593 0.1987391618650835 0.06661600135162848 0.011498806794710183 -0.19922152253855158 0.9798870124878197 -0.21708408491694242 0.0 0.0 0.0 1.0"/>
                <scale value="1"/>
            </transform>
            <transform time="0.0015">
                <matrix value="0.989243471763661 0.14510286698908648 0.018245314296253565 0.22071076496634026 -0.14581063098987151 0.9687522183289419 0.2004305226267594 0.06583121254765102 0.01138485063943823 -0.20093490855254464 0.9794960376685465 -0.21672398755895414 0.0 0.0 0.0 1.0"/>
                <scale value="1"/>
            </transform>
        </animation>
    </shape>
    <shape name="temp22" type="ply">
        <string name="filename" value="meshes/Cube_018.ply"/>
        <boolean name="face_normals" value="true"/>
        <ref id="mat-Material" name="bsdf"/>
        <animation name="to_world">
            <transform time="0">
                <matrix value="0.20590388403392035 0.9778635985340712 0.037234983104825724 0.7374703304719058 -0.9667285431371193 0.1973623710168265 0.16273993535060502 0.5453441015977776 0.15178869983174564 -0.06950488399597017 0.9859661548077373 -0.24832702273440677 0.0 0.0 0.0 1.0"/>
                <scale value="1"/>
            </transform>
            <transform time="0.0015">
                <matrix value="0.19548664264354976 0.9784849053255691 0.037788260855539844 0.7450057747754842 -0.9670748565676501 0.1869371757106886 0.16392105784598182 0.547788150727449 0.15350437706530456 -0.06826409438468903 0.9857255326610681 -0.2499189346472318 0.0 0.0 0.0 1.0"/>
                <scale value="1"/>
            </transform>
        </animation>
    </shape>
    <shape name="temp23" type="ply">
        <string name="filename" value="meshes/Cube_019.ply"/>
        <boolean name="face_normals" value="true"/>
        <ref id="mat-Material" name="bsdf"/>
        <animation name="to_world">
            <transform time="0">
                <matrix value="-0.014546134316265 0.997489064980195 -0.06931059084176122 0.37688191971224055 -0.9927312876865824 -0.006124820878430948 0.12019745156377874 0.2131692609786629 0.11947109801481136 0.07055518821583445 0.9903276486560215 -0.011968313381862328 0.0 0.0 0.0 1.0"/>
                <scale value="1"/>
            </transform>
            <transform time="0.0015">
                <matrix value="-0.014775700882595812 0.9974568207046004 -0.06968727930616381 0.377300390055848 -0.9925728033760247 -0.006213020836633657 0.12134573254879277 0.21224880155350048 0.12060225026108064 0.07096811468674462 0.990140948201412 -0.01219819735631 0.0 0.0 0.0 1.0"/>
                <scale value="1"/>
            </transform>
        </animation>
    </shape>
    <shape name="temp24" type="ply">
        <string name="filename" value="meshes/Cube_020.ply"/>
        <boolean name="face_normals" value="true"/>
        <ref id="mat-Material" name="bsdf"/>
        <animation name="to_world">
            <transform time="0">
                <matrix value="0.1888793643100292 0.9818420986209406 0.017630198417368972 -0.1911347032933327 -0.9772406165933841 0.18969908666523602 -0.09494515943809514 -0.02697482656096875 -0.0965655771563778 0.0007042253732064918 0.9953264642374425 0.10088026436676101 0.0 0.0 0.0 1.0"/>
                <scale value="1"/>
            </transform>
            <transform time="0.0015">
                <matrix value="0.18781118202114955 0.9820300557055917 0.017677700737933042 -0.19125705076748564 -0.9773191307091792 0.1886417481699587 -0.09594036868796173 -0.02617673106151767 -0.09755473098953149 0.0007133431427914729 0.9952166634678694 0.1008819965645774 0.0 0.0 0.0 1.0"/>
                <scale value="1"/>
            </transform>
        </animation>
    </shape>
    <shape name="temp25" type="ply">
        <string name="filename" value="meshes/Cube_021.ply"/>
        <boolean name="face_normals" value="true"/>
        <ref id="mat-Material" name="bsdf"/>
        <animation name="to_world">
            <transform time="0">
                <matrix value="0.30082620158254836 0.953623000982431 0.010331823397558794 -0.3399557019957879 -0.8041986465186951 0.2594825446422053 -0.5347276560315559 0.026349111836889205 -0.5126097686812865 0.15255125432029754 0.8449613044483455 0.06608985179220606 0.0 0.0 0.0 1.0"/>
                <scale value="1"/>
            </transform>
            <transform time="0.0015">
                <matrix value="0.3003466668660748 0.9537725531465533 0.009897045458544033 -0.3398716030209094 -0.8039476438802465 0.2587199983118958 -0.5354450630386977 0.02708522572814362 -0.5132653594887029 0.15285030007719827 0.8444975149199082 0.06625920532860705 0.0 0.0 0.0 1.0"/>
                <scale value="1"/>
            </transform>
        </animation>
    </shape>
    <shape name="temp26" type="ply">
        <string name="filename" value="meshes/Cube_022.ply"/>
        <boolean name="face_normals" value="true"/>
        <ref id="mat-Material" name="bsdf"/>
        <animation name="to_world">
            <transform time="0">
                <matrix value="0.5333228728411937 0.8372729301681396 -0.12058549449884426 -0.25815144732880524 -0.49069548089009923 0.19009338308758655 -0.8503426077525377 0.08507060448241548 -0.6890463577098259 0.5126777396995973 0.51222731207635 0.08221626766033241 0.0 0.0 0.0 1.0"/>
                <scale value="1"/>
            </transform>
            <transform time="0.0015">
                <matrix value="0.5337091264881287 0.8369342301097579 -0.12116041411554763 -0.257799278543947 -0.4897923181859549 0.18909961961998276 -0.8510483555554303 0.08627887489229925 -0.6893690229578914 0.5135489358723795 0.5108461729534524 0.08296843046279104 0.0 0.0 0.0 1.0"/>
                <scale value="1"/>
            </transform>
        </animation>
    </shape>
    <shape name="temp27" type="ply">
        <string name="filename" value="meshes/Cube_023.ply"/>
        <boolean name="face_normals" value="true"/>
        <ref id="mat-Material" name="bsdf"/>
        <animation name="to_world">
            <transform time="0">
                <matrix value="0.7787441913241742 0.6074477027593587 -0.15673194802517706 -0.20706525246634166 -0.4055560283461607 0.2968585153403153 -0.8645227816543986 -0.19357322776316763 -0.4786251367399078 0.736805493270035 0.47753086022842406 -0.16374782917431852 0.0 0.0 0.0 1.0"/>
                <scale value="1"/>
            </transform>
            <transform time="0.0015">
                <matrix value="0.7802692597391193 0.605289341236673 -0.15689830529596407 -0.20541688890986218 -0.4048518805756929 0.297849722694409 -0.8644889784724444 -0.19317967244461723 -0.47653135825915865 0.7380500367037125 0.47753662174760403 -0.16225413510907222 0.0 0.0 0.0 1.0"/>
                <scale value="1"/>
            </transform>
        </animation>
    </shape>
    <shape name="temp28" type="ply">
        <string name="filename" value="meshes/Cube_024.ply"/>
        <boolean name="face_normals" value="true"/>
        <ref id="mat-Material" name="bsdf"/>
        <animation name="to_world">
            <transform time="0">
                <matrix value="0.8548128015148211 0.496501419414588 -0.1509369528925569 -0.1577473848254628 -0.33202484100938434 0.29974594460424303 -0.8943780935283941 -0.46374304787675436 -0.39881721087820265 0.8146403072026165 0.42107752773981005 -0.38458253626914607 0.0 0.0 0.0 1.0"/>
                <scale value="1"/>
            </transform>
            <transform time="0.0015">
                <matrix value="0.8553756027263966 0.4953929717542862 -0.15124481375523396 -0.15717059784286747 -0.3319693587351386 0.3002135992375631 -0.8942382086085101 -0.4636622543603834 -0.39759383231601214 0.8151152757447463 0.4212594198364629 -0.38333263650008975 0.0 0.0 0.0 1.0"/>
                <scale value="1"/>
            </transform>
        </animation>
    </shape>
    <shape name="temp29" type="ply">
        <string name="filename" value="meshes/Cube_025.ply"/>
        <boolean name="face_normals" value="true"/>
        <ref id="mat-Material" name="bsdf"/>
        <animation name="to_world">
            <transform time="0">
                <matrix value="0.8675985369494723 0.45972950817962427 -0.18952974349688265 -0.28443055054562405 -0.32282390736613675 0.23082205067341366 -0.9178814628710402 -0.7889995004524558 -0.37822958829985087 0.857537081032825 0.3486724747423409 -0.7926344341237197 0.0 0.0 0.0 1.0"/>
                <scale value="1"/>
            </transform>
            <transform time="0.0015">
                <matrix value="0.8678174820990053 0.4593147780116955 -0.18951736516653214 -0.28418595792072343 -0.3227132842961235 0.2310064903327413 -0.9178732844073298 -0.7888928618928711 -0.3778132159319959 0.8577059767586452 0.34870068661247633 -0.7921420532224981 0.0 0.0 0.0 1.0"/>
                <scale value="1"/>
            </transform>
        </animation>
    </shape>
    <shape name="temp30" type="ply">
        <string name="filename" value="meshes/Cube_026.ply"/>
        <boolean name="face_normals" value="true"/>
        <ref id="mat-Material" name="bsdf"/>
        <animation name="to_world">
            <transform time="0">
                <matrix value="0.8990890507014735 0.3657306804220907 -0.24058307381065963 -0.27996290134488144 -0.34399815966256936 0.25035365428859274 -0.9049799513120177 -1.1200803789369096 -0.2707481202141032 0.8964173600348753 0.3509009735232502 -0.8692748357905371 0.0 0.0 0.0 1.0"/>
                <scale value="1"/>
            </transform>
            <transform time="0.0015">
                <matrix value="0.8991496711098312 0.36527064006344534 -0.24103183402909412 -0.28027310802742633 -0.34437479287144196 0.25073092883317133 -0.9047270657249669 -1.1205586182573328 -0.2700347222065401 0.896494111022498 0.35123066518208756 -0.868334721415105 0.0 0.0 0.0 1.0"/>
                <scale value="1"/>
            </transform>
        </animation>
    </shape>
    <shape name="temp31" type="ply">
        <string name="filename" value="meshes/Cube_027.ply"/>
        <boolean name="face_normals" value="true"/>
        <ref id="mat-Material" name="bsdf"/>
        <animation name="to_world">
            <transform time="0">
                <matrix value="0.8601228309992253 0.3458165336247948 -0.37496672735722786 -0.48892834722624945 -0.4714042944752645 0.25809566916898025 -0.8433058279486416 -1.5589122484450026 -0.19485184219904367 0.9021073248467429 0.3850132925094357 -0.9698002400106689 0.0 0.0 0.0 1.0"/>
                <scale value="1"/>
            </transform>
            <transform time="0.0015">
                <matrix value="0.8601522396363938 0.34546988138014045 -0.3752122599862706 -0.4891444159693595 -0.4715090836886588 0.2581365039083103 -0.8432344685124168 -1.5590834912351372 -0.1944565585207611 0.9022264274213132 0.3849278569244314 -0.9693844329897591 0.0 0.0 0.0 1.0"/>
                <scale value="1"/>
            </transform>
        </animation>
    </shape>
    <shape name="temp32" type="ply">
        <string name="filename" value="meshes/Cube_028.ply"/>
        <boolean name="face_normals" value="true"/>
        <ref id="mat-Material" name="bsdf"/>
        <animation name="to_world">
            <transform time="0">
                <matrix value="-0.10831547071328146 0.9792031254236864 0.17154904186608583 -1.4382062549361736 -0.8535832504472303 -0.003153837008236985 -0.5209474630289522 -2.0841350593472714 -0.5095722367900828 -0.20285797719341792 0.83617283524522 -1.0917987979483617 0.0 0.0 0.0 1.0"/>
                <scale value="1"/>
            </transform>
            <transform time="0.0015">
                <matrix value="-0.10834521125476528 0.9792117909788881 0.1714803461750653 -1.438358713390378 -0.8534014690068484 -0.003144968255527698 -0.5212421515439383 -2.0842973904323308 -0.5098671050517415 -0.20281616025770977 0.8360013172872384 -1.0925352940661308 0.0 0.0 0.0 1.0"/>
                <scale value="1"/>
            </transform>
        </animation>
    </shape>
    <shape name="temp33" type="ply">
        <string name="filename" value="meshes/Cube_029.ply"/>
        <boolean name="face_normals" value="true"/>
        <ref id="mat-Material" name="bsdf"/>
        <animation name="to_world">
            <transform time="0">
                <matrix value="0.01566444957422251 0.9893663841743096 0.14459869765084504 -1.6462392043169376 -0.9799362441868918 -0.013547656245111311 0.19885208791447784 -1.5358415941353336 0.1986965606256438 -0.14481234734253468 0.9693035935399775 0.2056172680240842 0.0 0.0 0.0 1.0"/>
                <scale value="1"/>
            </transform>
            <transform time="0.0015">
                <matrix value="0.015624492283894478 0.9893654530401285 0.14460924369895117 -1.6462978802685029 -0.9800052100739468 -0.013537391617136475 0.1985041253464418 -1.536562379017171 0.19835077696546244 -0.14481966500591775 0.9693715998911848 0.2050688626199288 0.0 0.0 0.0 1.0"/>
                <scale value="1"/>
            </transform>
        </animation>
    </shape>
    <shape name="temp34" type="ply">
        <string name="filename" value="meshes/Cube_030.ply"/>
        <boolean name="face_normals" value="true"/>
        <ref id="mat-Material" name="bsdf"/>
        <animation name="to_world">
            <transform time="0">
                <matrix value="-0.04727581619114246 0.9824805533409555 -0.1802685391599892 -3.2131934169845757 -0.962324444180243 0.00357938694500512 0.2718797714041204 -1.8020548820468203 0.26776179499192665 0.1863301599074834 0.9452961196934944 0.3700524744601088 0.0 0.0 0.0 1.0"/>
                <scale value="1"/>
            </transform>
            <transform time="0.0015">
                <matrix value="-0.04724556717199827 0.9824804230886858 -0.18027711691603032 -3.213130532421652 -0.9623698865929556 0.0035794220190150383 0.2717174643352394 -1.8024341508415938 0.2676023360000435 0.186330857125231 0.9453407522891039 0.36973042791126975 0.0 0.0 0.0 1.0"/>
                <scale value="1"/>
            </transform>
        </animation>
    </shape>
    <shape name="temp35" type="ply">
        <string name="filename" value="meshes/Cube_031.ply"/>
        <boolean name="face_normals" value="true"/>
        <ref id="mat-Material" name="bsdf"/>
        <animation name="to_world">
            <transform time="0">
                <matrix value="0.10386058646128643 0.9891390275393547 0.1040045605387166 -2.050594316918104 -0.6918653716931991 -0.0032712823539963664 0.7220191848994445 -0.814723906063022 0.7145176560696563 -0.14694647524211396 0.6840113072614499 0.7544699421500978 0.0 0.0 0.0 1.0"/>
                <scale value="1"/>
            </transform>
            <transform time="0.0015">
                <matrix value="0.10389642095748249 0.9891387346826365 0.10397122542700607 -2.050545228730159 -0.6915587112541841 -0.0032846517137335024 0.7223095416370855 -0.813449002570023 0.7148059181588855 -0.14694812049613884 0.6837062616285287 0.7548092959833329 0.0 0.0 0.0 1.0"/>
                <scale value="1"/>
