
<scene version="2.1.0">
    <default name="spp" value="1024"/>
    <default name="resx" value="1280"/>
    <default name="resy" value="720"/>
    <integrator name="temp0" type="path">
        <integer name="max_depth" value="12"/>
    </integrator>
    <sensor name="temp44" type="perspective">
        <string name="fov_axis" value="x"/>
        <float name="fov" value="83.974423"/>
        <float name="principal_point_offset_x" value="0.000000"/>
        <float name="principal_point_offset_y" value="-0.000000"/>
        <float name="near_clip" value="0.100000"/>
        <float name="far_clip" value="1000.000000"/>
        <sampler name="sampler" type="correlated">
            <integer name="sample_count" value="1024"/>
        </sampler>
        <film name="film" type="hdrfilm">
            <integer name="width" value="$resx"/>
            <integer name="height" value="$resy"/>
        </film>
        <float name="shutter_open" value="0.0"/>
        <float name="shutter_close" value="0.0015"/>
        <animation name="to_world">
            <transform time="0">
                <rotate angle="-142.5518126578256" x="1"/>
                <rotate angle="3.976628485794621e-06" y="1"/>
                <rotate angle="-179.999991348578" z="1"/>
                <translate value="-0.000000 3.030926 4.073377"/>
            </transform>
            <transform time="0.0015">
                <rotate angle="-142.5518126578256" x="1"/>
                <rotate angle="3.976628485794621e-06" y="1"/>
                <rotate angle="-179.999991348578" z="1"/>
                <translate value="-0.000000 3.030926 4.073377"/>
                <translate x="0.15" y="0.0" z="0.0"/>
            </transform>
        </animation>
    </sensor>
    <bsdf id="mat-Material" name="mat-Material" type="twosided">
        <bsdf name="bsdf" type="diffuse">
            <texture name="reflectance" type="bitmap">
                <string name="filename" value="textures/siggraph_2023_logo.jpg"/>
            </texture>
        </bsdf>
    </bsdf>
    <bsdf id="mat-Material.001" name="mat-Material.001" type="twosided">
        <bsdf name="bsdf" type="principled">
            <rgb name="base_color" value="0.433648 0.266232 0.084399"/>
            <float name="spec_tint" value="0.000000"/>
            <float name="spec_trans" value="0.000000"/>
            <float name="metallic" value="0.000000"/>
            <float name="anisotropic" value="0.000000"/>
            <float name="roughness" value="0.500000"/>
            <float name="sheen" value="0.000000"/>
            <float name="sheen_tint" value="0.500000"/>
            <float name="clearcoat" value="0.000000"/>
            <float name="clearcoat_gloss" value="0.173205"/>
            <float name="specular" value="0.500000"/>
        </bsdf>
    </bsdf>
    <bsdf id="mat-Material.002" name="mat-Material.002" type="twosided">
        <bsdf name="bsdf" type="principled">
            <rgb name="base_color" value="0.433648 0.266232 0.084399"/>
            <float name="spec_tint" value="0.000000"/>
            <float name="spec_trans" value="0.000000"/>
            <float name="metallic" value="0.000000"/>
            <float name="anisotropic" value="0.000000"/>
            <float name="roughness" value="0.500000"/>
            <float name="sheen" value="0.000000"/>
            <float name="sheen_tint" value="0.500000"/>
            <float name="clearcoat" value="0.000000"/>
            <float name="clearcoat_gloss" value="0.173205"/>
            <float name="specular" value="0.500000"/>
        </bsdf>
    </bsdf>
    <bsdf id="mat-Material.003" name="mat-Material.003" type="twosided">
        <bsdf name="bsdf" type="principled">
            <rgb name="base_color" value="0.433648 0.266232 0.084399"/>
            <float name="spec_tint" value="0.000000"/>
            <float name="spec_trans" value="0.000000"/>
            <float name="metallic" value="0.000000"/>
            <float name="anisotropic" value="0.000000"/>
            <float name="roughness" value="0.500000"/>
            <float name="sheen" value="0.000000"/>
            <float name="sheen_tint" value="0.500000"/>
            <float name="clearcoat" value="0.000000"/>
            <float name="clearcoat_gloss" value="0.173205"/>
            <float name="specular" value="0.500000"/>
        </bsdf>
    </bsdf>
    <bsdf id="mat-Material.004" name="mat-Material.004" type="twosided">
        <bsdf name="bsdf" type="principled">
            <rgb name="base_color" value="0.433648 0.266232 0.084399"/>
            <float name="spec_tint" value="0.000000"/>
            <float name="spec_trans" value="0.000000"/>
            <float name="metallic" value="0.000000"/>
            <float name="anisotropic" value="0.000000"/>
            <float name="roughness" value="0.500000"/>
            <float name="sheen" value="0.000000"/>
            <float name="sheen_tint" value="0.500000"/>
            <float name="clearcoat" value="0.000000"/>
            <float name="clearcoat_gloss" value="0.173205"/>
            <float name="specular" value="0.500000"/>
        </bsdf>
    </bsdf>
    <bsdf id="mat-Material.005" name="mat-Material.005" type="twosided">
        <bsdf name="bsdf" type="principled">
            <rgb name="base_color" value="0.433648 0.266232 0.084399"/>
            <float name="spec_tint" value="0.000000"/>
            <float name="spec_trans" value="0.000000"/>
            <float name="metallic" value="0.000000"/>
            <float name="anisotropic" value="0.000000"/>
            <float name="roughness" value="0.500000"/>
            <float name="sheen" value="0.000000"/>
            <float name="sheen_tint" value="0.500000"/>
            <float name="clearcoat" value="0.000000"/>
            <float name="clearcoat_gloss" value="0.173205"/>
            <float name="specular" value="0.500000"/>
        </bsdf>
    </bsdf>
    <emitter name="temp45" type="point">
        <point name="position" x="-6.815235034541981e-16" y="3.0693089962005615" z="4.109199523925781"/>
        <rgb name="intensity" value="7.957747 7.957747 7.957747"/>
    </emitter>
    <shape name="temp2" type="ply">
        <string name="filename" value="meshes/Cube.ply"/>
        <boolean name="face_normals" value="true"/>
        <ref id="mat-Material" name="bsdf"/>
        <animation name="to_world">
            <transform time="0">
                <matrix value="0.9999991135176153 0.00018804625560308954 0.0014604881752691716 -0.0023749010165285966 -0.00018744049486992643 0.9999997914159312 -0.00041484307368773405 -0.016789788704816844 -0.0014605683770457796 0.00041456918003516727 0.999999054418678 0.0033506732652150983 0.0 0.0 0.0 1.0"/>
            </transform>
            <transform time="0.0015">
                <matrix value="0.9999991135176153 0.00018675107048459386 0.0014609250124619471 -0.0023747726366612426 -0.00018620013014698393 0.9999997914159312 -0.00037750008924068403 -0.01684204131712415 -0.0014609988952393805 0.00037722799607953943 0.99999904590831 0.0033519983217496973 0.0 0.0 0.0 1.0"/>
            </transform>
        </animation>
    </shape>
    <shape name="temp4" type="ply">
        <string name="filename" value="meshes/Plane.ply"/>
        <boolean name="face_normals" value="true"/>
        <ref id="mat-Material.001" name="bsdf"/>
    </shape>
    <shape name="temp5" type="ply">
        <string name="filename" value="meshes/Cube_001.ply"/>
        <boolean name="face_normals" value="true"/>
        <ref id="mat-Material" name="bsdf"/>
        <animation name="to_world">
            <transform time="0">
                <matrix value="0.9999986702764229 0.00019523906863041615 -0.0017933895355351827 0.0023635253337497275 -0.0001984559249823147 0.99999833132745 -0.0017937394006243672 -0.015468686564992784 0.001793034730606868 0.001794092064836272 0.9999969268607032 -0.0041923329305117996 0.0 0.0 0.0 1.0"/>
            </transform>
            <transform time="0.0015">
                <matrix value="0.999998670276423 0.0001971508147597446 -0.0017944504380181631 0.002365760202856749 -0.00020053543317319962 0.999998053489025 -0.0018847792332068562 -0.01536919842694437 0.0017940692189126928 0.0018851359621391006 0.9999966460185571 -0.004194263634422995 0.0 0.0 0.0 1.0"/>
            </transform>
        </animation>
    </shape>
    <shape name="temp6" type="ply">
        <string name="filename" value="meshes/Cube_002.ply"/>
        <boolean name="face_normals" value="true"/>
        <ref id="mat-Material" name="bsdf"/>
        <animation name="to_world">
            <transform time="0">
                <matrix value="1.0 4.42229513394226e-05 0.00040556219301111386 -0.0009676424365183678 -4.4761598292280336e-05 0.9999991656637249 0.00132892471801583 -0.018548120708592297 -0.00040550363723722445 -0.0013289412481253507 0.999999054418678 0.0010248886670256585 0.0 0.0 0.0 1.0"/>
            </transform>
            <transform time="0.0015">
                <matrix value="1.0 4.6136867612124783e-05 0.00040253607633456817 -0.0009664328944911026 -4.6705488465099505e-05 0.99999886529786 0.0014347560809173387 -0.018605676607416306 -0.0004024645266516553 -0.0014347731331451287 0.9999987650661638 0.001020791670974888 0.0 0.0 0.0 1.0"/>
            </transform>
        </animation>
    </shape>
    <shape name="temp7" type="ply">
        <string name="filename" value="meshes/Cube_003.ply"/>
        <boolean name="face_normals" value="true"/>
        <ref id="mat-Material" name="bsdf"/>
        <animation name="to_world">
            <transform time="0">
                <matrix value="0.9999991135176153 0.0006617079280718698 0.0014035807273506088 -0.0011468202819844286 -0.0006689440399129828 0.9999864420355303 0.005161384728199741 -0.01755376937345876 -0.001400145737704046 -0.005162311778950947 0.9999858162801681 0.004263606983324397 0.0 0.0 0.0 1.0"/>
            </transform>
            <transform time="0.0015">
                <matrix value="0.9999991135176153 0.0006538671024436578 0.0014040157773660905 -0.0011458784204489137 -0.00066101902653819 0.9999867123648087 0.005100133907162464 -0.01755633731492865 -0.0014006488599666198 -0.0051010505838885185 0.9999860801015782 0.00425984189591219 0.0 0.0 0.0 1.0"/>
            </transform>
        </animation>
    </shape>
    <shape name="temp8" type="ply">
        <string name="filename" value="meshes/Cube_004.ply"/>
        <boolean name="face_normals" value="true"/>
        <ref id="mat-Material" name="bsdf"/>
        <animation name="to_world">
            <transform time="0">
                <matrix value="0.9999995567588077 0.00022828900574231942 0.0011537392304197293 -0.00044352506272105074 -0.00022829181936325746 1.0 3.012834848075813e-06 -0.017235039390041396 -0.001153739094050462 -3.276229968107496e-06 0.9999995272093389 0.003575712963339233 0.0 0.0 0.0 1.0"/>
            </transform>
            <transform time="0.0015">
                <matrix value="0.9999995567588077 0.00020780675705050063 0.0011543671253755636 -0.00044375073419264036 -0.0002077263258817442 0.9999999249085338 -6.809516170126805e-05 -0.01728764561931528 -0.001154342745023921 6.785564070993128e-05 0.9999994506160264 0.0035751527053976746 0.0 0.0 0.0 1.0"/>
            </transform>
        </animation>
    </shape>
    <shape name="temp9" type="ply">
        <string name="filename" value="meshes/Cube_005.ply"/>
        <boolean name="face_normals" value="true"/>
        <ref id="mat-Material" name="bsdf"/>
        <animation name="to_world">
            <transform time="0">
                <matrix value="1.0 -0.00016565204422816596 0.0008110723790495111 -0.0006392669112651461 0.00016662500199458538 0.9999991656637249 -0.0011995526454765045 -0.01857572975537125 -0.0008108743021167427 0.0011996879582331262 0.999999054418678 0.0018422907291734125 0.0 0.0 0.0 1.0"/>
            </transform>
            <transform time="0.0015">
                <matrix value="0.9999999840430618 -0.0001847903509124729 0.0008112531392672113 -0.0006403491197693037 0.00018587666500951864 0.9999987226240742 -0.0013384465329994203 -0.018668259763671743 -0.0008109347789126563 0.0013385976341224698 0.9999986203899067 0.0018419050861156884 0.0 0.0 0.0 1.0"/>
            </transform>
        </animation>
    </shape>
    <shape name="temp10" type="ply">
        <string name="filename" value="meshes/Cube_006.ply"/>
        <boolean name="face_normals" value="true"/>
        <ref id="mat-Material" name="bsdf"/>
        <animation name="to_world">
            <transform time="0">
                <matrix value="0.9999991135176153 -0.00020674519161575477 -0.0015074173762860497 -0.001271501728132396 0.00020989642339817066 0.9999977055752436 0.0020906873950700226 -0.01686780931397125 0.001506980162297195 -0.0020910010575212285 0.9999966904653725 -0.003607663077455081 0.0 0.0 0.0 1.0"/>
            </transform>
            <transform time="0.0015">
                <matrix value="0.9999991135176153 -0.00019290185454384328 -0.0015079842519028581 -0.0012725360634518335 0.00019595176677250295 0.9999977881758564 0.002023391200036315 -0.016878966156304697 0.001507564186236624 -0.002023683810799686 0.9999967670586852 -0.0036125476966076446 0.0 0.0 0.0 1.0"/>
            </transform>
        </animation>
    </shape>
    <shape name="temp11" type="ply">
        <string name="filename" value="meshes/Cube_007.ply"/>
        <boolean name="face_normals" value="true"/>
        <ref id="mat-Material" name="bsdf"/>
        <animation name="to_world">
            <transform time="0">
                <matrix value="0.9999995567588077 0.0012153171625057621 -0.00017204403004868326 0.0004074098186261921 -0.0012159834546927718 0.9999914480531806 -0.003924989870460087 -0.018604834657116598 0.00016727257737661494 0.00392520592462189 0.999992435349423 -0.0005606905313908506 0.0 0.0 0.0 1.0"/>
            </transform>
            <transform time="0.0015">
                <matrix value="0.9999995727157459 0.0011706830202594576 -0.0001722947625126137 0.00040847190636144476 -0.0011713248594154956 0.9999917559281921 -0.0037811026691513014 -0.01857467484320856 0.0001676950213594686 0.003781310791125613 0.9999927076812011 -0.0005572332315984879 0.0 0.0 0.0 1.0"/>
            </transform>
        </animation>
    </shape>
    <shape name="temp12" type="ply">
        <string name="filename" value="meshes/Cube_008.ply"/>
        <boolean name="face_normals" value="true"/>
        <ref id="mat-Material" name="bsdf"/>
        <animation name="to_world">
            <transform time="0">
                <matrix value="0.9999995567588077 0.0011743178779491182 9.338632055868726e-05 9.767437875352059e-05 -0.0011741680806060704 0.9999979141593124 -0.0016077459185164207 -0.017078380234580026 -9.527425105535729e-05 0.001607634594084973 0.9999988180233473 -0.00010691062509327054 0.0 0.0 0.0 1.0"/>
            </transform>
            <transform time="0.0015">
                <matrix value="0.9999994929310547 0.0012090991187298666 9.318550140345792e-05 9.69306176447704e-05 -0.0012089451105052444 0.9999977489580868 -0.0016559597918186348 -0.017059257620977167 -9.523252366187077e-05 0.0016558455681416975 0.9999987073885624 -0.0001076076564962984 0.0 0.0 0.0 1.0"/>
            </transform>
        </animation>
    </shape>
    <shape name="temp13" type="ply">
        <string name="filename" value="meshes/Cube_009.ply"/>
        <boolean name="face_normals" value="true"/>
        <ref id="mat-Material" name="bsdf"/>
        <animation name="to_world">
            <transform time="0">
                <matrix value="0.9999822703523058 0.005891398618756297 0.0010809011011767287 0.004358782753265178 -0.005890945823515541 0.9999824789382238 -0.00042142904759630864 -0.005532179984097607 -0.0010833656899403752 0.00041505309507470443 0.9999995272093389 0.0031067583911934538 0.0 0.0 0.0 1.0"/>
            </transform>
            <transform time="0.0015">
                <matrix value="0.9998916509000648 0.00823815847268569 0.0011638088515547257 0.005399620974925904 -0.008237193225767804 0.9998917609378843 -0.0005606975615214447 -0.000566627763721037 -0.0011768527635516363 0.0005455025909224596 0.999999008076887 0.0036979281853907284 0.0 0.0 0.0 1.0"/>
            </transform>
        </animation>
    </shape>
    <shape name="temp14" type="ply">
        <string name="filename" value="meshes/Cube_010.ply"/>
        <boolean name="face_normals" value="true"/>
        <ref id="mat-Material" name="bsdf"/>
        <animation name="to_world">
            <transform time="0">
                <matrix value="0.9717119038627583 0.2359125448716478 0.011014887705126137 0.06842781062790326 -0.23579119439317622 0.971738318770689 -0.011278846731196288 0.39110935210298275 -0.013364413405741215 0.008362585858417306 0.9998758924514716 0.020182310541150494 0.0 0.0 0.0 1.0"/>
            </transform>
            <transform time="0.0015">
                <matrix value="0.97071398885937 0.23929053447951934 0.011055155362662399 0.07016803784130149 -0.23916471612904616 0.9707387612455517 -0.011541737106944372 0.39679117420561527 -0.013516200908460051 0.008549069582546902 0.999871492591182 0.020180521551064836 0.0 0.0 0.0 1.0"/>
            </transform>
        </animation>
    </shape>
    <shape name="temp15" type="ply">
        <string name="filename" value="meshes/Cube_011.ply"/>
        <boolean name="face_normals" value="true"/>
        <ref id="mat-Material" name="bsdf"/>
        <animation name="to_world">
            <transform time="0">
                <matrix value="0.9206589400862015 0.3901489916003196 -0.013079588161510962 0.14036159113113023 -0.38699605692635286 0.9165876480686159 0.1005033565772982 0.708883293368415 0.05119985390770301 -0.08746753910429829 0.9948508369103887 -0.14966689119429621 0.0 0.0 0.0 1.0"/>
            </transform>
            <transform time="0.0015">
                <matrix value="0.9191357865038448 0.3932957670745555 -0.013364128913616356 0.1419546198557202 -0.3900031116187002 0.9149640053677308 0.10186282660102874 0.7154910785171344 0.05239207973937586 -0.08833533213183135 0.9946824252367509 -0.15198703154481802 0.0 0.0 0.0 1.0"/>
            </transform>
        </animation>
    </shape>
    <shape name="temp16" type="ply">
        <string name="filename" value="meshes/Cube_012.ply"/>
        <boolean name="face_normals" value="true"/>
        <ref id="mat-Material" name="bsdf"/>
        <animation name="to_world">
            <transform time="0">
                <matrix value="0.9473894866735103 0.32005389812336915 0.004395227461950989 0.16602742879231913 -0.30834463598373835 0.9088717061968241 0.2808487632505493 0.7496447931831043 0.08589203176443681 -0.2674281375737084 0.9597421116060179 -0.5912982384344085 0.0 0.0 0.0 1.0"/>
            </transform>
            <transform time="0.0015">
                <matrix value="0.9461047616622723 0.3233223593186133 0.00432039358285992 0.16687708957300587 -0.31111472216481545 0.9068607867680599 0.28341101380534517 0.7566289855574272 0.08793533047107716 -0.26938668070478466 0.9588869983332168 -0.5953649801443747 0.0 0.0 0.0 1.0"/>
            </transform>
        </animation>
    </shape>
    <shape name="temp17" type="ply">
        <string name="filename" value="meshes/Cube_013.ply"/>
        <boolean name="face_normals" value="true"/>
        <ref id="mat-Material" name="bsdf"/>
        <animation name="to_world">
            <transform time="0">
                <matrix value="0.9561501488403924 0.26584978192535613 0.12288488823937958 0.2207736757397024 -0.2843506161939056 0.7421450368463758 0.6069313002074133 0.9797647064420597 0.07015413269222927 -0.6152595933027828 0.7851967825649934 -0.6761903889610614 0.0 0.0 0.0 1.0"/>
            </transform>
            <transform time="0.0015">
                <matrix value="0.9557203327520738 0.2670234615423625 0.12347424399343157 0.2217557533065762 -0.28531068453118635 0.7395111736321502 0.609384575499137 0.9837021184819087 0.07152805060542984 -0.6176164215706859 0.7830111498385451 -0.6799815440303794 0.0 0.0 0.0 1.0"/>
            </transform>
        </animation>
    </shape>
    <shape name="temp18" type="ply">
        <string name="filename" value="meshes/Cube_014.ply"/>
        <boolean name="face_normals" value="true"/>
        <ref id="mat-Material" name="bsdf"/>
        <animation name="to_world">
            <transform time="0">
                <matrix value="0.9510462265104329 0.28909877081408275 0.10923991336583927 0.09297565462214974 -0.20582977410655873 0.32884759387847473 0.9216796266466708 0.9711580242359601 0.23053311277651603 -0.8990446849650517 0.3722543273347231 -0.7215610752461974 0.0 0.0 0.0 1.0"/>
            </transform>
            <transform time="0.0015">
                <matrix value="0.9508669822232305 0.28945913476046875 0.10978787809377041 0.09299172864942207 -0.20598705526397337 0.3268870908601301 0.9222802714039611 0.971875208290206 0.23110872421810716 -0.8995800946283414 0.3704618310610366 -0.7228880463241614 0.0 0.0 0.0 1.0"/>
            </transform>
        </animation>
    </shape>
    <shape name="temp19" type="ply">
        <string name="filename" value="meshes/Cube_015.ply"/>
        <boolean name="face_normals" value="true"/>
        <ref id="mat-Material" name="bsdf"/>
        <animation name="to_world">
            <transform time="0">
                <matrix value="0.9709278101934836 0.22321540685365535 0.08645336558396029 0.03552869120872926 -0.14658518120586428 0.268909084461947 0.9519457936051281 0.6224705768425602 0.18924094059326946 -0.9369433673394894 0.29381150120017907 -0.4076221988013016 0.0 0.0 0.0 1.0"/>
            </transform>
            <transform time="0.0015">
                <matrix value="0.9709932974680032 0.22277407177924513 0.08680547525435439 0.035641540361255886 -0.14662431719258132 0.26800025244629583 0.9521835988199678 0.622653010915951 0.18886375208294626 -0.9372924074927695 0.2928886113561084 -0.4076366502288651 0.0 0.0 0.0 1.0"/>
            </transform>
        </animation>
    </shape>
    <shape name="temp20" type="ply">
        <string name="filename" value="meshes/Cube_016.ply"/>
        <boolean name="face_normals" value="true"/>
        <ref id="mat-Material" name="bsdf"/>
        <animation name="to_world">
            <transform time="0">
                <matrix value="0.9655353378473017 0.22815321751355278 0.12525314393969839 0.06283721722063929 -0.18610851076278262 0.26878351685254986 0.9450499054182283 0.33657894478571293 0.18195019919259184 -0.9357892716870071 0.30198108742797625 -0.21498549112158488 0.0 0.0 0.0 1.0"/>
            </transform>
            <transform time="0.0015">
                <matrix value="0.965595527418327 0.22765584167790318 0.12564984113045854 0.06283653628785474 -0.18617737133404524 0.2678734758642925 0.9452821363419855 0.33687760852441984 0.1815473168203214 -0.9361539834292872 0.3010392705253291 -0.2144322517023557 0.0 0.0 0.0 1.0"/>
            </transform>
        </animation>
    </shape>
    <shape name="temp21" type="ply">
        <string name="filename" value="meshes/Cube_017.ply"/>
        <boolean name="face_normals" value="true"/>
        <ref id="mat-Material" name="bsdf"/>
        <animation name="to_world">
            <transform time="0">
                <matrix value="0.9403685461866187 0.2115855935155385 0.26634354576920916 0.17596151560172624 -0.31789612908601894 0.2680428348243618 0.9094478230590407 0.1284056557644886 0.12103454267260255 -0.9398854456294338 0.31932115771303593 -0.005166918870976034 0.0 0.0 0.0 1.0"/>
            </transform>
            <transform time="0.0015">
                <matrix value="0.9405223072434585 0.210966244358565 0.2662711821095526 0.17593610616053243 -0.3175189182359822 0.2671329740556234 0.9098307811115968 0.12856171506330563 0.12080562124528461 -0.9402643271313895 0.31823267312715686 -0.0043590512310367775 0.0 0.0 0.0 1.0"/>
            </transform>
        </animation>
    </shape>
    <shape name="temp22" type="ply">
        <string name="filename" value="meshes/Cube_018.ply"/>
        <boolean name="face_normals" value="true"/>
        <ref id="mat-Material" name="bsdf"/>
        <animation name="to_world">
            <transform time="0">
                <matrix value="0.16761826118253204 0.9815949589402261 0.09151716631971711 0.8668296356081137 -0.4508999569169561 -0.006219361607599135 0.8925531215767001 -0.09289271632563165 0.8766947326989665 -0.190873216345482 0.4415583463862955 -0.2297575026278309 0.0 0.0 0.0 1.0"/>
            </transform>
            <transform time="0.0015">
                <matrix value="0.16786664528741613 0.9815507075391832 0.09152720514988656 0.8667747132144378 -0.4499881535307571 -0.006318407551908148 0.8929968947194485 -0.09321631519363979 0.8770994644803783 -0.19109318553205124 0.44062566961895006 -0.22938084951524834 0.0 0.0 0.0 1.0"/>
            </transform>
        </animation>
    </shape>
    <shape name="temp23" type="ply">
        <string name="filename" value="meshes/Cube_019.ply"/>
        <boolean name="face_normals" value="true"/>
        <ref id="mat-Material" name="bsdf"/>
        <animation name="to_world">
            <transform time="0">
                <matrix value="-0.05880915275332564 0.9881755777257245 -0.14159973920867136 0.4621876552861907 -0.9436569525926951 -0.008756571962546646 0.33081020717213977 0.025840795818059488 0.32565856776359997 0.15307619784616092 0.9330136007689468 -0.04834442950783635 0.0 0.0 0.0 1.0"/>
            </transform>
            <transform time="0.0015">
                <matrix value="-0.058674696400363435 0.9881731372530723 -0.14167034292421204 0.46221817672035986 -0.9439617141560599 -0.008753422250996082 0.32990244025212057 0.02668772772095456 0.3247606245739526 0.15309209996596215 0.9333110806846583 -0.048290609732558526 0.0 0.0 0.0 1.0"/>
            </transform>
        </animation>
    </shape>
    <shape name="temp24" type="ply">
        <string name="filename" value="meshes/Cube_020.ply"/>
        <boolean name="face_normals" value="true"/>
        <ref id="mat-Material" name="bsdf"/>
        <animation name="to_world">
            <transform time="0">
                <matrix value="0.03833297554128275 0.997575581019186 -0.05808176534105581 -0.1146154207360181 -0.8868374600277831 0.007177267908479629 -0.46202569121503634 0.3212702477918318 -0.46048859414654475 0.06921990294549644 0.8849627035362472 0.15468736605973588 0.0 0.0 0.0 1.0"/>
            </transform>
            <transform time="0.0015">
                <matrix value="0.03859583909976176 0.9975339708213999 -0.058552972506085856 -0.11412661682358503 -0.8867976272862851 0.007185771863310571 -0.46210178241587324 0.3213448613753646 -0.46054119947293937 0.06975987408791166 0.8848883910022561 0.15448953384600952 0.0 0.0 0.0 1.0"/>
            </transform>
        </animation>
    </shape>
    <shape name="temp25" type="ply">
        <string name="filename" value="meshes/Cube_021.ply"/>
        <boolean name="face_normals" value="true"/>
        <ref id="mat-Material" name="bsdf"/>
        <animation name="to_world">
            <transform time="0">
                <matrix value="0.263018215440041 0.9282235103447269 -0.2631016202063164 -0.15312705308899427 -0.6779573495595069 -0.01620745562895397 -0.7349225876211112 0.26186401654881253 -0.6864369968104364 0.3716694860279962 0.6250332726427721 0.23250731366462474 0.0 0.0 0.0 1.0"/>
            </transform>
            <transform time="0.0015">
                <matrix value="0.26341606339829804 0.9280398366183548 -0.2633387956539193 -0.15254824845306275 -0.6778147264455556 -0.016188016550910872 -0.7350538685588816 0.2620414030356665 -0.6864217898482977 0.37212018500824395 0.6247759616643274 0.2323426015992814 0.0 0.0 0.0 1.0"/>
            </transform>
        </animation>
    </shape>
    <shape name="temp26" type="ply">
        <string name="filename" value="meshes/Cube_022.ply"/>
        <boolean name="face_normals" value="true"/>
        <ref id="mat-Material" name="bsdf"/>
        <animation name="to_world">
            <transform time="0">
                <matrix value="0.5918311534731493 0.3918990119372663 -0.7043798381259335 -0.09308652910121895 -0.7592965407684384 -0.022270667030993507 -0.650363741495087 -0.23688168669754012 -0.2705639978227993 0.919738519011395 0.284387128557927 0.6692795289045139 0.0 0.0 0.0 1.0"/>
            </transform>
            <transform time="0.0015">
                <matrix value="0.5920646513503532 0.3919003185287785 -0.7041810699694079 -0.09300008316124886 -0.7590810742314409 -0.02226223350842243 -0.6506132654867522 -0.2366899048050837 -0.27065232107162807 0.9197381660815038 0.28430351419168864 0.6692635274608965 0.0 0.0 0.0 1.0"/>
            </transform>
        </animation>
    </shape>
    <shape name="temp27" type="ply">
        <string name="filename" value="meshes/Cube_023.ply"/>
        <boolean name="face_normals" value="true"/>
        <ref id="mat-Material" name="bsdf"/>
        <animation name="to_world">
            <transform time="0">
                <matrix value="0.862728645969076 0.27310183282821227 -0.42557565808914094 -0.07025747784858305 -0.4799708169998954 0.17739032128204113 -0.8591629903252848 -0.28770651818143816 -0.15914592741127642 0.9454882223005572 0.2841204746250888 0.20225269677248825 0.0 0.0 0.0 1.0"/>
            </transform>
            <transform time="0.0015">
                <matrix value="0.862785436712257 0.2734589528232576 -0.42522306502984075 -0.07032651724326656 -0.4796937247674314 0.17720760647369252 -0.8593531459893288 -0.2873836144194148 -0.15964509235316762 0.9454169079350888 0.28406561679254194 0.20173140653583346 0.0 0.0 0.0 1.0"/>
            </transform>
        </animation>
    </shape>
    <shape name="temp28" type="ply">
        <string name="filename" value="meshes/Cube_024.ply"/>
        <boolean name="face_normals" value="true"/>
        <ref id="mat-Material" name="bsdf"/>
        <animation name="to_world">
            <transform time="0">
                <matrix value="0.8936673244365961 0.32220043677504 -0.31232361953400806 -0.11993178331880949 -0.3829154455371817 0.18467954186595137 -0.9051350266488457 -0.5157822236170659 -0.23395520072620637 0.928482780342203 0.2884176689434689 -0.21132607165174128 0.0 0.0 0.0 1.0"/>
            </transform>
            <transform time="0.0015">
                <matrix value="0.8938391806613953 0.3223932491328511 -0.31160718270882576 -0.11988598086380636 -0.3823055538051787 0.18489358783766527 -0.9053422966630684 -0.5151305706285656 -0.23426732801226088 0.9283718702465973 0.2885157679561539 -0.2116779645366274 0.0 0.0 0.0 1.0"/>
            </transform>
        </animation>
    </shape>
    <shape name="temp29" type="ply">
        <string name="filename" value="meshes/Cube_025.ply"/>
        <boolean name="face_normals" value="true"/>
        <ref id="mat-Material" name="bsdf"/>
        <animation name="to_world">
            <transform time="0">
                <matrix value="0.8876135362314216 0.39529830650594566 -0.23639284837934452 -0.29086607798080855 -0.32868568348678345 0.18408691280977343 -0.926325031286922 -0.7987545549954076 -0.32265791353960005 0.8999174007087688 0.29332689077259194 -0.7375963374024792 0.0 0.0 0.0 1.0"/>
            </transform>
            <transform time="0.0015">
                <matrix value="0.88773918116309 0.39502057320898726 -0.2363800377222963 -0.2906711428855885 -0.3285885440295794 0.1841151900032076 -0.926353711227301 -0.7986765010020883 -0.32240744226719475 0.9000322080514713 0.29324628056628044 -0.737378604221992 0.0 0.0 0.0 1.0"/>
            </transform>
        </animation>
    </shape>
    <shape name="temp30" type="ply">
        <string name="filename" value="meshes/Cube_026.ply"/>
        <boolean name="face_normals" value="true"/>
        <ref id="mat-Material" name="bsdf"/>
        <animation name="to_world">
            <transform time="0">
                <matrix value="0.9280699328223649 0.22797800689578934 -0.29446938940504497 -0.2975582618039775 -0.34353621369189774 0.2188397302590823 -0.913286410436192 -1.1346184504756387 -0.14376754127018743 0.9487544402333639 0.28141729402047466 -0.8126421286745117 0.0 0.0 0.0 1.0"/>
            </transform>
            <transform time="0.0015">
                <matrix value="0.9280573108842205 0.2280501923222659 -0.2944530409879922 -0.2975516344331395 -0.3435300926103905 0.21876742468625981 -0.9133059587516372 -1.134623591368738 -0.14386280259576112 0.9487536217363821 0.28137083592120793 -0.8128197275310323 0.0 0.0 0.0 1.0"/>
            </transform>
        </animation>
    </shape>
    <shape name="temp31" type="ply">
        <string name="filename" value="meshes/Cube_027.ply"/>
        <boolean name="face_normals" value="true"/>
        <ref id="mat-Material" name="bsdf"/>
        <animation name="to_world">
            <transform time="0">
                <matrix value="0.8759523037017731 0.16787740679942348 -0.4522441245122573 -0.5311337288215621 -0.48021858882642143 0.2144525815407271 -0.8505293600636565 -1.5772856317907702 -0.0457997578130125 0.9621991435538136 0.26846826700001564 -0.938386303905402 0.0 0.0 0.0 1.0"/>
            </transform>
            <transform time="0.0015">
                <matrix value="0.8760704807863472 0.16804301502085267 -0.4519498274742022 -0.5307224803324996 -0.4799794262361438 0.21448270072782763 -0.8506555943531644 -1.5771196846493432 -0.046012123916910834 0.9621631146683217 0.26855835775635156 -0.9386218522480302 0.0 0.0 0.0 1.0"/>
            </transform>
        </animation>
    </shape>
    <shape name="temp32" type="ply">
        <string name="filename" value="meshes/Cube_028.ply"/>
        <boolean name="face_normals" value="true"/>
        <ref id="mat-Material" name="bsdf"/>
        <animation name="to_world">
            <transform time="0">
                <matrix value="-0.1095001214480867 0.980639435321209 0.16234574613694572 -1.4534962325530805 -0.834921909766731 -0.0021156473510866186 -0.5503644979601447 -2.099682412088971 -0.5393655800165594 -0.19581094357175188 0.8189890222736408 -1.1833377370550269 0.0 0.0 0.0 1.0"/>
            </transform>
            <transform time="0.0015">
                <matrix value="-0.10955636008120484 0.9806399234157394 0.1623044325551743 -1.4536428655361904 -0.8346873746885417 -0.002102396936231974 -0.5507158485057074 -2.099850757776142 -0.5397126274662492 -0.19580861723812842 0.8187580679050933 -1.184254923000201 0.0 0.0 0.0 1.0"/>
            </transform>
        </animation>
    </shape>
    <shape name="temp33" type="ply">
        <string name="filename" value="meshes/Cube_029.ply"/>
        <boolean name="face_normals" value="true"/>
        <ref id="mat-Material" name="bsdf"/>
        <animation name="to_world">
            <transform time="0">
                <matrix value="-0.011900653692110484 0.9836928975038745 0.17946152453239822 -1.6516473430738476 -0.9994853969756766 -0.006356040490339429 -0.03143925514668094 -1.9362733276087702 -0.02978591007168097 -0.1797432955865697 0.9832625014124621 -0.25290444686354796 0.0 0.0 0.0 1.0"/>
            </transform>
            <transform time="0.0015">
                <matrix value="-0.011895959160881523 0.9836777815917246 0.17954414573868346 -1.6515150536300607 -0.9994894021671739 -0.006374600097130171 -0.03129953107275328 -1.936094605349783 -0.029644149749380108 -0.17982481037680934 0.9832515230376583 -0.2526532862154935 0.0 0.0 0.0 1.0"/>
            </transform>
        </animation>
    </shape>
    <shape name="temp34" type="ply">
        <string name="filename" value="meshes/Cube_030.ply"/>
        <boolean name="face_normals" value="true"/>
        <ref id="mat-Material" name="bsdf"/>
        <animation name="to_world">
            <transform time="0">
                <matrix value="-0.036733496273301455 0.9819063433244055 -0.185770182001432 -3.1940885896430657 -0.9771575628276952 0.003644769565483021 0.21248436214347716 -1.9335989846758852 0.20931676980504482 0.18933201372258474 0.9593435957861659 0.24998580024688422 0.0 0.0 0.0 1.0"/>
            </transform>
            <transform time="0.0015">
                <matrix value="-0.036845661428387175 0.98190626863371 -0.185747405432974 -3.1943174584453895 -0.9770266631345194 0.0036426922546046025 0.21306331783753346 -1.9324280835755316 0.20988476615339846 0.18933242846553405 0.9592146708589601 0.25110929227896817 0.0 0.0 0.0 1.0"/>
            </transform>
        </animation>
    </shape>
    <shape name="temp35" type="ply">
        <string name="filename" value="meshes/Cube_031.ply"/>
        <boolean name="face_normals" value="true"/>
        <ref id="mat-Material" name="bsdf"/>
        <animation name="to_world">
            <transform time="0">
                <matrix value="0.10887621514572884 0.9840431101553326 0.14072994622951812 -1.9933032188840498 -0.7969875555602834 0.0018018180187433647 0.603993142644252 -1.2542601558401576 0.5941018781015803 -0.17792045855121677 0.7844663209936547 0.5720974313970966 0.0 0.0 0.0 1.0"/>
            </transform>
            <transform time="0.0015">
                <matrix value="0.10897449871540439 0.984035398261752 0.1407068295167432 -1.9930954761331745 -0.7966055464589192 0.0017818049415324836 0.6044882758582726 -1.25274750983243 0.5945871924210828 -0.17796314279335976 0.7840822906347225 0.5728658640906931 0.0 0.0 0.0 1.0"/>
            </transform>
        </animation>
    </shape>
    <shape name="temp36" type="ply">
        <string name="filename" value="meshes/Cube_032.ply"/>
        <boolean name="face_normals" value="true"/>
        <ref id="mat-Material" name="bsdf"/>
        <animation name="to_world">
            <transform time="0">
                <matrix value="0.7730365744902282 0.5855121677516515 0.24411032853750245 -0.5647157776610179 -0.27905742987481097 -0.031704736735617606 0.9597510946285781 0.30649448404186846 0.5696854937795531 -0.8100433229110827 0.13888261127955592 -0.18760037638350635 0.0 0.0 0.0 1.0"/>
            </transform>
            <transform time="0.0015">
                <matrix value="0.7730285800641722 0.5856156738286881 0.24388385913292526 -0.5650617246150443 -0.27893628958680655 -0.03150918879569215 0.9597919784367623 0.3067201506346573 0.5697552096427052 -0.8099752449878084 0.13899159335092245 -0.1873928444820067 0.0 0.0 0.0 1.0"/>
            </transform>
        </animation>
    </shape>
    <shape name="temp37" type="ply">
        <string name="filename" value="meshes/Cube_033.ply"/>
        <boolean name="face_normals" value="true"/>
        <ref id="mat-Material" name="bsdf"/>
        <animation name="to_world">
            <transform time="0">
                <matrix value="0.9780790635909274 0.16039061538557808 0.1328020742271882 -0.13212621753268827 -0.15005735541029064 0.1007069539842686 0.9835350652285636 0.30041744970580664 0.14437571251021672 -0.981902620441656 0.12256717291514685 -0.39239655946398055 0.0 0.0 0.0 1.0"/>
            </transform>
            <transform time="0.0015">
                <matrix value="0.9780758722032803 0.16039777235322344 0.13281688311865808 -0.13212496112794891 -0.1500617196328981 0.1006293995179574 0.9835422564895785 0.30041042172557963 0.14439274494608959 -0.9819093261095894 0.12249277868167002 -0.39242517527467163 0.0 0.0 0.0 1.0"/>
            </transform>
        </animation>
    </shape>
    <shape name="temp38" type="ply">
        <string name="filename" value="meshes/Cube_034.ply"/>
        <boolean name="face_normals" value="true"/>
        <ref id="mat-Material" name="bsdf"/>
        <animation name="to_world">
            <transform time="0">
                <matrix value="0.9999250922384922 0.0028752917569661867 0.011905365275700783 -0.036246287244228625 -0.012229015632230372 0.18077597445262325 0.983448308142259 0.3695255416659238 0.000675495144735979 -0.9835201898949363 0.18079758366148946 -0.34883524428804236 0.0 0.0 0.0 1.0"/>
