
<scene version="2.1.0">
    <default name="spp" value="1024"/>
    <default name="resx" value="1280"/>
    <default name="resy" value="720"/>
    <integrator name="temp0" type="path">
        <integer name="max_depth" value="12"/>
    </integrator>
    <sensor name="temp44" type="perspective">
        <string name="fov_axis" value="x"/>
        <float name="fov" value="83.974423"/>
        <float name="principal_point_offset_x" value="0.000000"/>
        <float name="principal_point_offset_y" value="-0.000000"/>
        <float name="near_clip" value="0.100000"/>
        <float name="far_clip" value="1000.000000"/>
        <sampler name="sampler" type="correlated">
            <integer name="sample_count" value="1024"/>
        </sampler>
        <film name="film" type="hdrfilm">
            <integer name="width" value="$resx"/>
            <integer name="height" value="$resy"/>
        </film>
        <float name="shutter_open" value="0.0"/>
        <float name="shutter_close" value="0.0015"/>
        <animation name="to_world">
            <transform time="0">
                <rotate angle="-142.5518126578256" x="1"/>
                <rotate angle="3.976628485794621e-06" y="1"/>
                <rotate angle="-179.999991348578" z="1"/>
                <translate value="-0.000000 3.030926 4.073377"/>
                <translate x="34.949999999999996" y="0.0" z="0.0"/>
            </transform>
            <transform time="0.0015">
                <rotate angle="-142.5518126578256" x="1"/>
                <rotate angle="3.976628485794621e-06" y="1"/>
                <rotate angle="-179.999991348578" z="1"/>
                <translate value="-0.000000 3.030926 4.073377"/>
                <translate x="35.1" y="0.0" z="0.0"/>
            </transform>
        </animation>
    </sensor>
    <bsdf id="mat-Material" name="mat-Material" type="twosided">
        <bsdf name="bsdf" type="diffuse">
            <texture name="reflectance" type="bitmap">
                <string name="filename" value="textures/siggraph_2023_logo.jpg"/>
            </texture>
        </bsdf>
    </bsdf>
    <bsdf id="mat-Material.001" name="mat-Material.001" type="twosided">
        <bsdf name="bsdf" type="principled">
            <rgb name="base_color" value="0.433648 0.266232 0.084399"/>
            <float name="spec_tint" value="0.000000"/>
            <float name="spec_trans" value="0.000000"/>
            <float name="metallic" value="0.000000"/>
            <float name="anisotropic" value="0.000000"/>
            <float name="roughness" value="0.500000"/>
            <float name="sheen" value="0.000000"/>
            <float name="sheen_tint" value="0.500000"/>
            <float name="clearcoat" value="0.000000"/>
            <float name="clearcoat_gloss" value="0.173205"/>
            <float name="specular" value="0.500000"/>
        </bsdf>
    </bsdf>
    <bsdf id="mat-Material.002" name="mat-Material.002" type="twosided">
        <bsdf name="bsdf" type="principled">
            <rgb name="base_color" value="0.433648 0.266232 0.084399"/>
            <float name="spec_tint" value="0.000000"/>
            <float name="spec_trans" value="0.000000"/>
            <float name="metallic" value="0.000000"/>
            <float name="anisotropic" value="0.000000"/>
            <float name="roughness" value="0.500000"/>
            <float name="sheen" value="0.000000"/>
            <float name="sheen_tint" value="0.500000"/>
            <float name="clearcoat" value="0.000000"/>
            <float name="clearcoat_gloss" value="0.173205"/>
            <float name="specular" value="0.500000"/>
        </bsdf>
    </bsdf>
    <bsdf id="mat-Material.003" name="mat-Material.003" type="twosided">
        <bsdf name="bsdf" type="principled">
            <rgb name="base_color" value="0.433648 0.266232 0.084399"/>
            <float name="spec_tint" value="0.000000"/>
            <float name="spec_trans" value="0.000000"/>
            <float name="metallic" value="0.000000"/>
            <float name="anisotropic" value="0.000000"/>
            <float name="roughness" value="0.500000"/>
            <float name="sheen" value="0.000000"/>
            <float name="sheen_tint" value="0.500000"/>
            <float name="clearcoat" value="0.000000"/>
            <float name="clearcoat_gloss" value="0.173205"/>
            <float name="specular" value="0.500000"/>
        </bsdf>
    </bsdf>
    <bsdf id="mat-Material.004" name="mat-Material.004" type="twosided">
        <bsdf name="bsdf" type="principled">
            <rgb name="base_color" value="0.433648 0.266232 0.084399"/>
            <float name="spec_tint" value="0.000000"/>
            <float name="spec_trans" value="0.000000"/>
            <float name="metallic" value="0.000000"/>
            <float name="anisotropic" value="0.000000"/>
            <float name="roughness" value="0.500000"/>
            <float name="sheen" value="0.000000"/>
            <float name="sheen_tint" value="0.500000"/>
            <float name="clearcoat" value="0.000000"/>
            <float name="clearcoat_gloss" value="0.173205"/>
            <float name="specular" value="0.500000"/>
        </bsdf>
    </bsdf>
    <bsdf id="mat-Material.005" name="mat-Material.005" type="twosided">
        <bsdf name="bsdf" type="principled">
            <rgb name="base_color" value="0.433648 0.266232 0.084399"/>
            <float name="spec_tint" value="0.000000"/>
            <float name="spec_trans" value="0.000000"/>
            <float name="metallic" value="0.000000"/>
            <float name="anisotropic" value="0.000000"/>
            <float name="roughness" value="0.500000"/>
            <float name="sheen" value="0.000000"/>
            <float name="sheen_tint" value="0.500000"/>
            <float name="clearcoat" value="0.000000"/>
            <float name="clearcoat_gloss" value="0.173205"/>
            <float name="specular" value="0.500000"/>
        </bsdf>
    </bsdf>
    <emitter name="temp45" type="point">
        <point name="position" x="-6.815235034541981e-16" y="3.0693089962005615" z="4.109199523925781"/>
        <rgb name="intensity" value="7.957747 7.957747 7.957747"/>
    </emitter>
    <shape name="temp2" type="ply">
        <string name="filename" value="meshes/Cube.ply"/>
        <boolean name="face_normals" value="true"/>
        <ref id="mat-Material" name="bsdf"/>
        <animation name="to_world">
            <transform time="0">
                <matrix value="0.9999632109810346 0.002092827211043275 -0.004629063813028314 0.0029298752861472988 -0.0022978543137119325 0.9996642839413211 -0.017982557334141492 0.012356334514652706 0.004552423908784508 0.018006070839321434 0.9996361875863138 0.013984734865859383 0.0 0.0 0.0 1.0"/>
            </transform>
            <transform time="0.0015">
                <matrix value="0.9999606897847932 0.0022307407235417544 -0.00511078681457048 0.0033676917911823877 -0.0024504710187261895 0.9996401270166384 -0.019305923823429973 0.014534642520361013 0.0050286236251668075 0.019331156703842427 0.999610145860035 0.014640974211074402 0.0 0.0 0.0 1.0"/>
            </transform>
        </animation>
    </shape>
    <shape name="temp4" type="ply">
        <string name="filename" value="meshes/Plane.ply"/>
        <boolean name="face_normals" value="true"/>
        <ref id="mat-Material.001" name="bsdf"/>
    </shape>
    <shape name="temp5" type="ply">
        <string name="filename" value="meshes/Cube_001.ply"/>
        <boolean name="face_normals" value="true"/>
        <ref id="mat-Material" name="bsdf"/>
        <animation name="to_world">
            <transform time="0">
                <matrix value="0.9983620021736548 -0.0010525496273645612 -0.05486241555367805 0.05058652381417228 -0.009168415253170505 0.9838842733869673 -0.16720409569093864 0.17699305745014893 0.054133813629489366 0.1674383790514848 0.9822632583503105 -0.02875170251464154 0.0 0.0 0.0 1.0"/>
            </transform>
            <transform time="0.0015">
                <matrix value="0.9982985095164147 -0.0012251492397560891 -0.05601463769014298 0.05195257577763414 -0.009436768987548517 0.9831268933495337 -0.17164605336720373 0.18224085821068603 0.05525945020048808 0.17188772714266307 0.9814427737651656 -0.029582260081830097 0.0 0.0 0.0 1.0"/>
            </transform>
        </animation>
    </shape>
    <shape name="temp6" type="ply">
        <string name="filename" value="meshes/Cube_002.ply"/>
        <boolean name="face_normals" value="true"/>
        <ref id="mat-Material" name="bsdf"/>
        <animation name="to_world">
            <transform time="0">
                <matrix value="0.9997116716043736 -0.014263715966901881 -0.018134843206069118 0.0025682449148272113 0.005011198488724831 0.888267771884119 -0.4511879101754479 0.285613874628353 0.022779711786847085 0.4509817009196472 0.888078039772096 0.06771868993860763 0.0 0.0 0.0 1.0"/>
            </transform>
            <transform time="0.0015">
                <matrix value="0.9997206872744767 -0.014241518253664282 -0.01765547204474171 0.002063146372874807 0.005067732803908471 0.8854655385843367 -0.45670412650633463 0.2893775673784013 0.022371750321136214 0.4565017647111813 0.8852853199397324 0.07014358579875708 0.0 0.0 0.0 1.0"/>
            </transform>
        </animation>
    </shape>
    <shape name="temp7" type="ply">
        <string name="filename" value="meshes/Cube_003.ply"/>
        <boolean name="face_normals" value="true"/>
        <ref id="mat-Material" name="bsdf"/>
        <animation name="to_world">
            <transform time="0">
                <matrix value="0.9977975345151916 -0.060468208659159035 0.025865679700402013 -0.021672314788295788 0.0636619567857567 0.7941978169591364 -0.6001341070710099 0.046362281181214327 0.01635574626746592 0.6004644124291075 0.7963753267574456 0.12296279449367536 0.0 0.0 0.0 1.0"/>
            </transform>
            <transform time="0.0015">
                <matrix value="0.9977573549447138 -0.06097958304594124 0.026220230995393966 -0.021709999293595572 0.06420203691297824 0.7911070822461399 -0.6041669917792747 0.04659499427048777 0.01670486077893464 0.6045008415585222 0.7933247087312407 0.12292943560249076 0.0 0.0 0.0 1.0"/>
            </transform>
        </animation>
    </shape>
    <shape name="temp8" type="ply">
        <string name="filename" value="meshes/Cube_004.ply"/>
        <boolean name="face_normals" value="true"/>
        <ref id="mat-Material" name="bsdf"/>
        <animation name="to_world">
            <transform time="0">
                <matrix value="0.9908772097789645 -0.1004193478410506 0.0895349796534539 0.013312406895442663 0.1327553911426226 0.635525099963915 -0.7586271293900386 -0.32183132291013866 0.01965130437018086 0.7635752769474973 0.643143282519369 0.01088668149298716 0.0 0.0 0.0 1.0"/>
            </transform>
            <transform time="0.0015">
                <matrix value="0.9908050205903859 -0.10094220746759103 0.08974743503493848 0.013556790537949821 0.13317877020205687 0.6324991766954122 -0.7610879533782361 -0.3227428755225262 0.020430978403720563 0.7660249933591134 0.6402110181818439 0.00864479210741231 0.0 0.0 0.0 1.0"/>
            </transform>
        </animation>
    </shape>
    <shape name="temp9" type="ply">
        <string name="filename" value="meshes/Cube_005.ply"/>
        <boolean name="face_normals" value="true"/>
        <ref id="mat-Material" name="bsdf"/>
        <animation name="to_world">
            <transform time="0">
                <matrix value="0.9903894228467787 -0.11960955148167694 0.06933114541575083 0.052717541516121624 0.118111898898457 0.47293037672368665 -0.8724558543540001 -0.5756660653355645 0.07167582402970071 0.8722519570400253 0.48253180344579294 -0.3701010953062811 0.0 0.0 0.0 1.0"/>
            </transform>
            <transform time="0.0015">
                <matrix value="0.9903502166495333 -0.11986231536428812 0.06945516956267221 0.05283732766307936 0.11816365682331852 0.47072831947680804 -0.8736425145458768 -0.5760826723282713 0.07213230097042361 0.8734112416229574 0.4803684168214665 -0.37218008133480074 0.0 0.0 0.0 1.0"/>
            </transform>
        </animation>
    </shape>
    <shape name="temp10" type="ply">
        <string name="filename" value="meshes/Cube_006.ply"/>
        <boolean name="face_normals" value="true"/>
        <ref id="mat-Material" name="bsdf"/>
        <animation name="to_world">
            <transform time="0">
                <matrix value="0.9896700423915876 -0.10969353785696556 -0.09194845778050316 0.0003501026782555261 -0.04306566884209444 0.38473216762650103 -0.9217765487321881 -0.4877167829167834 0.13664381315078888 0.9162386869215704 0.3760640744815496 -0.8212362481489524 0.0 0.0 0.0 1.0"/>
            </transform>
            <transform time="0.0015">
                <matrix value="0.9896598139941786 -0.11012187384765856 -0.09154750795882094 0.0006954834740513049 -0.04273371027320052 0.3833545470963899 -0.9223670491307449 -0.4889745776373741 0.13682248937099006 0.916765874069309 0.3747147215833747 -0.8226041384888934 0.0 0.0 0.0 1.0"/>
            </transform>
        </animation>
    </shape>
    <shape name="temp11" type="ply">
        <string name="filename" value="meshes/Cube_007.ply"/>
        <boolean name="face_normals" value="true"/>
        <ref id="mat-Material" name="bsdf"/>
        <animation name="to_world">
            <transform time="0">
                <matrix value="0.9455708680612808 0.03517367752485801 -0.32311163864042425 -0.04015536669892916 -0.31157092213670623 0.38377226374203993 -0.8689206803835845 -0.0669654121371313 0.09326860682201385 0.922365426773434 0.37382588349208856 -0.7973233827756552 0.0 0.0 0.0 1.0"/>
            </transform>
            <transform time="0.0015">
                <matrix value="0.9453295672412796 0.03436809627525824 -0.3239055113046298 -0.04011115152676377 -0.31216401759552226 0.3821570538128112 -0.8694213963990558 -0.06585016563682228 0.09373375635866787 0.9230681927874864 0.37197584861991473 -0.8015043645990805 0.0 0.0 0.0 1.0"/>
            </transform>
        </animation>
    </shape>
    <shape name="temp12" type="ply">
        <string name="filename" value="meshes/Cube_008.ply"/>
        <boolean name="face_normals" value="true"/>
        <ref id="mat-Material" name="bsdf"/>
        <animation name="to_world">
            <transform time="0">
                <matrix value="0.06858098105232552 0.9838174221929279 -0.16540922868458763 2.3781956302331113 -0.6850594031845993 -0.07413916311899929 -0.7245318308676513 0.7857983745645059 -0.7250980449517488 0.16294749104652884 0.6688942986646973 1.4388574714838729 0.0 0.0 0.0 1.0"/>
            </transform>
            <transform time="0.0015">
                <matrix value="0.06865511698736887 0.9837381256046004 -0.16585013468433493 2.3777816549394837 -0.6842756622062114 -0.07458969539619204 -0.7252267705031015 0.783261383436055 -0.7258315056177558 0.16322127378144946 0.6680325217737013 1.4385563730339652 0.0 0.0 0.0 1.0"/>
            </transform>
        </animation>
    </shape>
    <shape name="temp13" type="ply">
        <string name="filename" value="meshes/Cube_009.ply"/>
        <boolean name="face_normals" value="true"/>
        <ref id="mat-Material" name="bsdf"/>
        <animation name="to_world">
            <transform time="0">
                <matrix value="-0.08157136094548664 0.991731206053944 0.09906946524066698 2.601151315268406 -0.7720674276231456 -1.7881641056019426e-05 -0.6355164599704695 0.6987368779113986 -0.630259721609072 -0.12833225564897804 0.7656847119830212 1.0129496024063611 0.0 0.0 0.0 1.0"/>
            </transform>
            <transform time="0.0015">
                <matrix value="-0.08152644216435297 0.991732159715565 0.09909688819968276 2.601114606521473 -0.7723228184196091 -1.7338364810728652e-05 -0.6352062059922925 0.6996559551385948 -0.6299526782035393 -0.12832487340693405 0.7659386783868163 1.012699097844827 0.0 0.0 0.0 1.0"/>
            </transform>
        </animation>
    </shape>
    <shape name="temp14" type="ply">
        <string name="filename" value="meshes/Cube_010.ply"/>
        <boolean name="face_normals" value="true"/>
        <ref id="mat-Material" name="bsdf"/>
        <animation name="to_world">
            <transform time="0">
                <matrix value="0.03564062979254539 0.9989174486831045 0.029310940706850405 1.768525519287214 -0.9522294588734228 0.025035855601420874 0.3041872468501504 2.3089422380446094 0.3031441092359054 -0.038706100875427335 0.9521200169637289 -0.7361310716710692 0.0 0.0 0.0 1.0"/>
            </transform>
            <transform time="0.0015">
                <matrix value="0.03528716190918719 0.9989232457442967 0.029543146099503398 1.7695910114759397 -0.9520604589405678 0.024605459100894816 0.3047517310535325 2.30969506108713 0.30371655003386905 -0.03883485795980944 0.9519325165345212 -0.7375232386950374 0.0 0.0 0.0 1.0"/>
            </transform>
        </animation>
    </shape>
    <shape name="temp15" type="ply">
        <string name="filename" value="meshes/Cube_011.ply"/>
        <boolean name="face_normals" value="true"/>
        <ref id="mat-Material" name="bsdf"/>
        <animation name="to_world">
            <transform time="0">
                <matrix value="0.025327978536488504 0.997111110647591 -0.0713052473617099 1.2288811222636193 -0.8327252064174233 0.06050182198184066 0.55033341197418 2.255148336551016 0.5530643923074605 0.04542807708432846 0.8318920704023117 -1.2690605395910497 0.0 0.0 0.0 1.0"/>
            </transform>
            <transform time="0.0015">
                <matrix value="0.024860958048826327 0.9971288172153254 -0.07122350187229853 1.2298469749624628 -0.8328247138842615 0.060060830075431074 0.5502313130885044 2.2552381470279923 0.5529359389546626 0.04562670377436889 0.8319666127161929 -1.2699343973214652 0.0 0.0 0.0 1.0"/>
            </transform>
        </animation>
    </shape>
    <shape name="temp16" type="ply">
        <string name="filename" value="meshes/Cube_012.ply"/>
        <boolean name="face_normals" value="true"/>
        <ref id="mat-Material" name="bsdf"/>
        <animation name="to_world">
            <transform time="0">
                <matrix value="0.09483107634918186 0.9895751768271444 0.10831281815856547 1.1069755460242403 -0.7526078095552163 0.00011297601491793261 0.6578930509701428 1.8436392897944138 0.6510224687825228 -0.14401696414231274 0.7447729446489789 -1.774514761434219 0.0 0.0 0.0 1.0"/>
            </transform>
            <transform time="0.0015">
                <matrix value="0.09505094540543865 0.9895749365344524 0.10812254164729503 1.1064647642757843 -0.7513027713616043 0.00011822486335177622 0.659385982287942 1.8438538556066015 0.6524991238468605 -0.14401863342560678 0.7434818367098408 -1.7781353554753838 0.0 0.0 0.0 1.0"/>
            </transform>
        </animation>
    </shape>
    <shape name="temp17" type="ply">
        <string name="filename" value="meshes/Cube_013.ply"/>
        <boolean name="face_normals" value="true"/>
        <ref id="mat-Material" name="bsdf"/>
        <animation name="to_world">
            <transform time="0">
                <matrix value="0.876820391576999 0.294370107399937 0.3801690793962085 0.6288617615902095 -0.4329625177518097 0.13962094017183158 0.8904159895910408 1.4809308928513336 0.20905029812402598 -0.9453299069923637 0.24987967477676004 -1.4319765802638256 0.0 0.0 0.0 1.0"/>
            </transform>
            <transform time="0.0015">
                <matrix value="0.8768014187774367 0.294281664671024 0.38028131413024946 0.6290127422411943 -0.43282975283430053 0.13861244075489693 0.8906386803921972 1.4812124019417845 0.20940483097344204 -0.9455064019745654 0.2489153734816852 -1.4334840587174744 0.0 0.0 0.0 1.0"/>
            </transform>
        </animation>
    </shape>
    <shape name="temp18" type="ply">
        <string name="filename" value="meshes/Cube_014.ply"/>
        <boolean name="face_normals" value="true"/>
        <ref id="mat-Material" name="bsdf"/>
        <animation name="to_world">
            <transform time="0">
                <matrix value="0.9432797543380016 0.2847918226701681 0.17063757239016009 0.10697471744884246 -0.21605834029222004 0.13634011092500778 0.9668143507094933 1.0246918911440108 0.2520762525552855 -0.9488438185068302 0.1901385323915974 -0.8520320416702589 0.0 0.0 0.0 1.0"/>
            </transform>
            <transform time="0.0015">
                <matrix value="0.9432760204144545 0.2847945935452716 0.17065366549617095 0.10696876772253754 -0.21606431616558935 0.1362983758389978 0.9668188952460399 1.0247013920334047 0.2520851549311272 -0.9488489772905595 0.1901009557124433 -0.8521379818677484 0.0 0.0 0.0 1.0"/>
            </transform>
        </animation>
    </shape>
    <shape name="temp19" type="ply">
        <string name="filename" value="meshes/Cube_015.ply"/>
        <boolean name="face_normals" value="true"/>
        <ref id="mat-Material" name="bsdf"/>
        <animation name="to_world">
            <transform time="0">
                <matrix value="0.9833128555902466 0.13034925316474177 0.12690468445714886 0.03631261339166636 -0.14936534509872754 0.18023653433398065 0.9722162204074416 0.6381132316528773 0.10385502378432238 -0.9749475932527226 0.19669851463358015 -0.3154183292624475 0.0 0.0 0.0 1.0"/>
            </transform>
            <transform time="0.0015">
                <matrix value="0.983313557695529 0.1303223704198353 0.12692688375224637 0.0362304083818749 -0.1493754123310605 0.18017531977071877 0.9722260243514524 0.6381278397979093 0.10383393349905617 -0.9749625064179137 0.19663574471184328 -0.3153323777693001 0.0 0.0 0.0 1.0"/>
            </transform>
        </animation>
    </shape>
    <shape name="temp20" type="ply">
        <string name="filename" value="meshes/Cube_016.ply"/>
        <boolean name="face_normals" value="true"/>
        <ref id="mat-Material" name="bsdf"/>
        <animation name="to_world">
            <transform time="0">
                <matrix value="0.9846073414925172 0.04610128216627071 0.16859200813578168 0.07234140624654845 -0.17419414318818072 0.17980447329393878 0.9681561306055835 0.3368797670613847 0.014319708985562748 -0.9826210882665204 0.18506735612152803 0.08192888813511381 0.0 0.0 0.0 1.0"/>
            </transform>
            <transform time="0.0015">
                <matrix value="0.9846066234302966 0.04608237788965003 0.1686013857103525 0.07221106679249276 -0.1741990834562585 0.17975091355474326 0.9681651856372046 0.33686664600753796 0.014309167513025436 -0.9826317737821634 0.18501142598260495 0.08225834376396035 0.0 0.0 0.0 1.0"/>
            </transform>
        </animation>
    </shape>
    <shape name="temp21" type="ply">
        <string name="filename" value="meshes/Cube_017.ply"/>
        <boolean name="face_normals" value="true"/>
        <ref id="mat-Material" name="bsdf"/>
        <animation name="to_world">
            <transform time="0">
                <matrix value="0.959681673040475 -0.028762564582842293 0.27957683817463086 0.201036682070998 -0.27411896948195746 0.12369118711451058 0.9537028018992947 0.178879453606351 -0.06201487251496826 -0.9918947359638566 0.11081015752912036 0.3082515672360616 0.0 0.0 0.0 1.0"/>
            </transform>
            <transform time="0.0015">
                <matrix value="0.9596176378473349 -0.02902150173489136 0.279770032040074 0.20103416771738708 -0.2742721465148579 0.12385215768698604 0.9536378933220631 0.17876303511831548 -0.06232885559293959 -0.9918671548683142 0.1108813305882846 0.30866832787482423 0.0 0.0 0.0 1.0"/>
            </transform>
        </animation>
    </shape>
    <shape name="temp22" type="ply">
        <string name="filename" value="meshes/Cube_018.ply"/>
        <boolean name="face_normals" value="true"/>
        <ref id="mat-Material" name="bsdf"/>
        <animation name="to_world">
            <transform time="0">
                <matrix value="0.12280560150489249 0.9699809979913354 0.2096978584001426 0.8670023633388981 -0.647878559005154 -0.08168399304997884 0.7573349925133599 0.08194989769585725 0.7517231001352772 -0.2288619861792196 0.6184404432696122 -0.19815754080432355 0.0 0.0 0.0 1.0"/>
            </transform>
            <transform time="0.0015">
                <matrix value="0.1234430396993719 0.9698784530850666 0.20979887817114753 0.8667608116231593 -0.6479518332655327 -0.0813311390011294 0.7573103635081799 0.08173014904326084 0.7515558235517517 -0.2294225289562528 0.6184363412722049 -0.19788749207051615 0.0 0.0 0.0 1.0"/>
            </transform>
        </animation>
    </shape>
    <shape name="temp23" type="ply">
        <string name="filename" value="meshes/Cube_019.ply"/>
        <boolean name="face_normals" value="true"/>
        <ref id="mat-Material" name="bsdf"/>
        <animation name="to_world">
            <transform time="0">
                <matrix value="-0.07372481725165639 0.9868961230479139 -0.14351340668838036 0.48040609337125156 -0.9138824471168934 -0.009254845929377607 0.4057662021813616 -0.043719100973405485 0.3991193240749113 0.1610869315823396 0.9025905855086827 -0.04813913214817417 0.0 0.0 0.0 1.0"/>
            </transform>
            <transform time="0.0015">
                <matrix value="-0.07387789694723357 0.9868830571327918 -0.14352462335349 0.4805254680625443 -0.9136091526357294 -0.00928227834381681 0.40638109329479255 -0.04418586905046562 0.399716809287436 0.16116540817185598 0.9023123730662703 -0.048112146894431176 0.0 0.0 0.0 1.0"/>
            </transform>
        </animation>
    </shape>
    <shape name="temp24" type="ply">
        <string name="filename" value="meshes/Cube_020.ply"/>
        <boolean name="face_normals" value="true"/>
        <ref id="mat-Material" name="bsdf"/>
        <animation name="to_world">
            <transform time="0">
                <matrix value="0.09635913608711365 0.9592515604215173 -0.26559098116580154 0.0885879514079781 -0.9508874635333886 0.009881898381260436 -0.30934243878852524 0.17356466604030094 -0.2941090890553412 0.2823473783676238 0.9131023764312232 0.1028746884474454 0.0 0.0 0.0 1.0"/>
            </transform>
            <transform time="0.0015">
                <matrix value="0.09657811892191773 0.9591949716266674 -0.26571590485845004 0.08876042208832075 -0.9509577062738996 0.010128274467146245 -0.30911868419141986 0.17336849754968842 -0.29381028033310375 0.28253100076019283 0.91314183900818 0.10291055529100573 0.0 0.0 0.0 1.0"/>
            </transform>
        </animation>
    </shape>
    <shape name="temp25" type="ply">
        <string name="filename" value="meshes/Cube_021.ply"/>
        <boolean name="face_normals" value="true"/>
        <ref id="mat-Material" name="bsdf"/>
        <animation name="to_world">
            <transform time="0">
                <matrix value="0.18177077515792683 0.935936010579384 -0.3016124289100142 -0.16462589324458593 -0.8040940415972995 -0.03508232813194194 -0.593455347995202 0.09303044028502103 -0.5660190026363986 0.3504059045978187 0.7462133013979002 0.28352960473807115 0.0 0.0 0.0 1.0"/>
            </transform>
            <transform time="0.0015">
                <matrix value="0.18202262032271427 0.9359060716118024 -0.3015535456733726 -0.16453081112544654 -0.8039925235562435 -0.03489731552472705 -0.5936038368971999 0.09312873007580022 -0.5660823516811946 0.3505043870557652 0.7461190065197402 0.2835604605475364 0.0 0.0 0.0 1.0"/>
            </transform>
        </animation>
    </shape>
    <shape name="temp26" type="ply">
        <string name="filename" value="meshes/Cube_022.ply"/>
        <boolean name="face_normals" value="true"/>
        <ref id="mat-Material" name="bsdf"/>
        <animation name="to_world">
            <transform time="0">
                <matrix value="0.642497389309377 0.3983262171401873 -0.6545803250057562 -0.07919092487992652 -0.7072309924879483 -0.020481880301946302 -0.706639186497477 -0.18866596449725936 -0.29488266962397186 0.9170149325334831 0.2685517145516928 0.672788691729 0.0 0.0 0.0 1.0"/>
            </transform>
            <transform time="0.0015">
                <matrix value="0.6421059815713919 0.3983247078017163 -0.6549654361814328 -0.0793017591208568 -0.707643016590134 -0.020516221957283802 -0.7062258294101929 -0.1892522374448416 -0.2947473117039993 0.9170148198962838 0.26870071407577445 0.6728530087784332 0.0 0.0 0.0 1.0"/>
            </transform>
        </animation>
    </shape>
    <shape name="temp27" type="ply">
        <string name="filename" value="meshes/Cube_023.ply"/>
        <boolean name="face_normals" value="true"/>
        <ref id="mat-Material" name="bsdf"/>
        <animation name="to_world">
            <transform time="0">
                <matrix value="0.859754719188975 0.267894218675366 -0.43480453179304435 -0.06174065067272644 -0.4803777124144766 0.1351767437106689 -0.8665821395763134 -0.2871750873705472 -0.17337691723977752 0.9539181474397349 0.24490922655702968 0.20951604181381883 0.0 0.0 0.0 1.0"/>
            </transform>
            <transform time="0.0015">
                <matrix value="0.859750522514219 0.26790202067870617 -0.4348080040232149 -0.061734381918845935 -0.4803789251417825 0.1351530328292955 -0.8665851607569763 -0.28717060475390055 -0.17339432466369892 0.953919318866608 0.2448923504971568 0.20950408290461153 0.0 0.0 0.0 1.0"/>
            </transform>
        </animation>
    </shape>
    <shape name="temp28" type="ply">
        <string name="filename" value="meshes/Cube_024.ply"/>
        <boolean name="face_normals" value="true"/>
        <ref id="mat-Material" name="bsdf"/>
        <animation name="to_world">
            <transform time="0">
                <matrix value="0.85906281968771 0.4316630616386782 -0.2750962010797593 -0.18804473134586847 -0.38072809457703266 0.17962379777357368 -0.9070731137661985 -0.5142871743219174 -0.34213621422378715 0.8839693756870238 0.3186542864856099 -0.3274306062041292 0.0 0.0 0.0 1.0"/>
            </transform>
            <transform time="0.0015">
                <matrix value="0.8590508041132185 0.43170299528041356 -0.2750710869835995 -0.18806042252162863 -0.38071849488299003 0.17962824018471518 -0.9070762540920145 -0.5142796472171202 -0.34217708153830273 0.883948973335652 0.318667000975499 -0.3274838035675458 0.0 0.0 0.0 1.0"/>
            </transform>
        </animation>
    </shape>
    <shape name="temp29" type="ply">
        <string name="filename" value="meshes/Cube_025.ply"/>
        <boolean name="face_normals" value="true"/>
        <ref id="mat-Material" name="bsdf"/>
        <animation name="to_world">
            <transform time="0">
                <matrix value="0.8991626287394043 0.36737067266276335 -0.23779337251507138 -0.2677458652530342 -0.3211882808801706 0.18494245165542747 -0.928781178771132 -0.7929831826085323 -0.2972289447136396 0.9115015341358259 0.28428855170509587 -0.7085489402450293 0.0 0.0 0.0 1.0"/>
            </transform>
            <transform time="0.0015">
                <matrix value="0.8991646073997455 0.3673632761533408 -0.23779730430511742 -0.26774309022736087 -0.32119102706924096 0.18494570536865876 -0.9287795788219357 -0.7929863875015196 -0.2972199832971264 0.9115038619712786 0.28429047504827853 -0.7085201172906929 0.0 0.0 0.0 1.0"/>
            </transform>
        </animation>
    </shape>
    <shape name="temp30" type="ply">
        <string name="filename" value="meshes/Cube_026.ply"/>
        <boolean name="face_normals" value="true"/>
        <ref id="mat-Material" name="bsdf"/>
        <animation name="to_world">
            <transform time="0">
                <matrix value="0.9234125759937024 0.23858690550933104 -0.3006423806711831 -0.32478813534495726 -0.3487661273307838 0.1946101876630867 -0.9167819881887437 -1.1449481286855647 -0.16022408944961852 0.9514216047206747 0.26291652266251114 -0.8755115113634662 0.0 0.0 0.0 1.0"/>
            </transform>
            <transform time="0.0015">
                <matrix value="0.9234136131946877 0.23858141632315039 -0.30064358914344835 -0.3248049668997375 -0.3487608088832699 0.1945804169003894 -0.9167903283494474 -1.1449451310160814 -0.16022976214116136 0.9514290688124168 0.2628860555448385 -0.8755713927718421 0.0 0.0 0.0 1.0"/>
            </transform>
        </animation>
    </shape>
    <shape name="temp31" type="ply">
        <string name="filename" value="meshes/Cube_027.ply"/>
        <boolean name="face_normals" value="true"/>
        <ref id="mat-Material" name="bsdf"/>
        <animation name="to_world">
            <transform time="0">
                <matrix value="0.874403175734495 0.17323288619861793 -0.4532207918203433 -0.5743137790303783 -0.48121964905935355 0.19023585643575716 -0.8557088999532411 -1.581462367948676 -0.06201810817567244 0.9663332797967558 0.24970604240648556 -1.010695695214431 0.0 0.0 0.0 1.0"/>
            </transform>
            <transform time="0.0015">
                <matrix value="0.8743980695142595 0.17327444331785297 -0.45321475796938526 -0.5743646140872094 -0.4812226330068036 0.1902106099338996 -0.8557128402536551 -1.5814650615014365 -0.062066941193755346 0.9663308017783705 0.2497035063168022 -1.0107915467671027 0.0 0.0 0.0 1.0"/>
            </transform>
        </animation>
    </shape>
    <shape name="temp32" type="ply">
        <string name="filename" value="meshes/Cube_028.ply"/>
        <boolean name="face_normals" value="true"/>
        <ref id="mat-Material" name="bsdf"/>
        <animation name="to_world">
            <transform time="0">
                <matrix value="-0.10441399525200035 0.9841727451540707 0.14318409617318512 -1.478211559569298 -0.810411779932521 -0.0007442602878877317 -0.5858602024205937 -2.115451428314442 -0.5764810461201326 -0.17721008378822042 0.7976628539251789 -1.3040075445051311 0.0 0.0 0.0 1.0"/>
            </transform>
            <transform time="0.0015">
                <matrix value="-0.10441844883346194 0.9841729629193227 0.14317934653676806 -1.4782208972057633 -0.8103865520131701 -0.0007429997274443097 -0.5858951119503961 -2.1154653319281485 -0.5765157205469189 -0.17720887631744364 0.7976380717333738 -1.304120225028602 0.0 0.0 0.0 1.0"/>
            </transform>
        </animation>
    </shape>
    <shape name="temp33" type="ply">
        <string name="filename" value="meshes/Cube_029.ply"/>
        <boolean name="face_normals" value="true"/>
        <ref id="mat-Material" name="bsdf"/>
        <animation name="to_world">
            <transform time="0">
                <matrix value="-0.010590124674882585 0.9790342766200204 0.20341671627028685 -1.6138012904605796 -0.9991068689974061 -0.018679705604445346 0.03788618132183759 -1.8354021718015257 0.04089106549863748 -0.20283468878214023 0.9783581256876148 -0.1317186119357172 0.0 0.0 0.0 1.0"/>
            </transform>
            <transform time="0.0015">
                <matrix value="-0.010528656155257683 0.9790244621653855 0.20346716403010245 -1.6136134962066233 -0.9991046350260531 -0.018635859622228475 0.03796688173805057 -1.835313141569005 0.04096172569339433 -0.20288611066729248 0.9783445176090788 -0.131628553813686 0.0 0.0 0.0 1.0"/>
            </transform>
        </animation>
    </shape>
    <shape name="temp34" type="ply">
        <string name="filename" value="meshes/Cube_030.ply"/>
        <boolean name="face_normals" value="true"/>
        <ref id="mat-Material" name="bsdf"/>
        <animation name="to_world">
            <transform time="0">
                <matrix value="-0.042512592421327045 0.9803998774971497 -0.19237573279738684 -3.214253956299531 -0.9724469101066631 0.003570836850987862 0.23309573939872197 -1.8909232690696938 0.2292138882337248 0.19698472784661464 0.9532355773894685 0.28285914753044517 0.0 0.0 0.0 1.0"/>
            </transform>
            <transform time="0.0015">
                <matrix value="-0.04252537874731725 0.9803923462570461 -0.19241129004329427 -3.214337010847088 -0.972442073451395 0.0035708058596115692 0.2331159234401476 -1.890877998545562 0.22923204169032502 0.19702221399784042 0.9532234672689284 0.2828668717598296 0.0 0.0 0.0 1.0"/>
            </transform>
        </animation>
    </shape>
    <shape name="temp35" type="ply">
        <string name="filename" value="meshes/Cube_031.ply"/>
        <boolean name="face_normals" value="true"/>
        <ref id="mat-Material" name="bsdf"/>
        <animation name="to_world">
            <transform time="0">
                <matrix value="0.1329211633485631 0.9787680190562406 0.1560147364121146 -1.9098715263176471 -0.760490854161237 -0.00022552422391082616 0.6492535108252514 -1.1095129871703129 0.6355014919498535 -0.2049668351330662 0.7443148104984112 0.6302646493975135 0.0 0.0 0.0 1.0"/>
            </transform>
            <transform time="0.0015">
                <matrix value="0.13307162131918815 0.9787506579092506 0.15599546638570505 -1.9095156665601571 -0.7599713122092187 -0.00026339773127048206 0.6498620446937379 -1.1073441168412659 0.6360917390951945 -0.20504969781512444 0.743788035735925 0.6311210144968811 0.0 0.0 0.0 1.0"/>
            </transform>
        </animation>
    </shape>
    <shape name="temp36" type="ply">
        <string name="filename" value="meshes/Cube_032.ply"/>
        <boolean name="face_normals" value="true"/>
        <ref id="mat-Material" name="bsdf"/>
        <animation name="to_world">
            <transform time="0">
                <matrix value="0.6595686022123055 0.6135141618153489 0.43415314445976805 -0.7088281148006068 -0.5521790180257328 0.0037069404263041198 0.8336354859649728 -0.6326193112694792 0.5098348571965526 -0.7896748800120146 0.3412130200874568 -0.1593987612037817 0.0 0.0 0.0 1.0"/>
            </transform>
            <transform time="0.0015">
                <matrix value="0.659926675906316 0.6135115336140312 0.43361286374316277 -0.708409904298553 -0.5514775031500738 0.003680251342289019 0.8341002797168418 -0.6303398127583264 0.5101314168936644 -0.7896770426462416 0.3407648981466272 -0.15905329406522598 0.0 0.0 0.0 1.0"/>
            </transform>
        </animation>
    </shape>
    <shape name="temp37" type="ply">
        <string name="filename" value="meshes/Cube_033.ply"/>
        <boolean name="face_normals" value="true"/>
        <ref id="mat-Material" name="bsdf"/>
        <animation name="to_world">
            <transform time="0">
                <matrix value="0.9767480102902875 0.1688804250108985 0.13207183723141352 -0.1405442477573775 -0.15011639513711222 0.09892105718749414 0.9837072792268549 0.3003882788645364 0.1530642150109835 -0.9806599808519825 0.12197266229839615 -0.3753235528038751 0.0 0.0 0.0 1.0"/>
            </transform>
            <transform time="0.0015">
                <matrix value="0.9767483932568051 0.16887866036144236 0.13207123895253856 -0.14055242257384384 -0.15011576643374575 0.09892230821132135 0.9837072536957507 0.3003883887106833 0.1530623671975358 -0.9806601535623548 0.12197355078082213 -0.37534691434319134 0.0 0.0 0.0 1.0"/>
            </transform>
        </animation>
    </shape>
    <shape name="temp38" type="ply">
        <string name="filename" value="meshes/Cube_034.ply"/>
        <boolean name="face_normals" value="true"/>
        <ref id="mat-Material" name="bsdf"/>
        <animation name="to_world">
            <transform time="0">
                <matrix value="0.9999246489972998 0.0024052600730461414 0.01204133986982182 -0.034470191748192214 -0.012277807622684728 0.18096437801273613 0.9834130852380099 0.36938976702593784 0.00018631111631180777 -0.9834867121518993 0.1809802817926898 -0.3595655182987017 0.0 0.0 0.0 1.0"/>
            </transform>
            <transform time="0.0015">
