
<scene version="2.1.0">
    <default name="spp" value="1024"/>
    <default name="resx" value="1280"/>
    <default name="resy" value="720"/>
    <integrator name="temp0" type="path">
        <integer name="max_depth" value="12"/>
    </integrator>
    <sensor name="temp44" type="perspective">
        <string name="fov_axis" value="x"/>
        <float name="fov" value="83.974423"/>
        <float name="principal_point_offset_x" value="0.000000"/>
        <float name="principal_point_offset_y" value="-0.000000"/>
        <float name="near_clip" value="0.100000"/>
        <float name="far_clip" value="1000.000000"/>
        <sampler name="sampler" type="correlated">
            <integer name="sample_count" value="1024"/>
        </sampler>
        <film name="film" type="hdrfilm">
            <integer name="width" value="$resx"/>
            <integer name="height" value="$resy"/>
        </film>
        <float name="shutter_open" value="0.0"/>
        <float name="shutter_close" value="0.0015"/>
        <animation name="to_world">
            <transform time="0">
                <rotate angle="-142.5518126578256" x="1"/>
                <rotate angle="3.976628485794621e-06" y="1"/>
                <rotate angle="-179.999991348578" z="1"/>
                <translate value="-0.000000 3.030926 4.073377"/>
            </transform>
            <transform time="0.0015">
                <rotate angle="-142.5518126578256" x="1"/>
                <rotate angle="3.976628485794621e-06" y="1"/>
                <rotate angle="-179.999991348578" z="1"/>
                <translate value="-0.000000 3.030926 4.073377"/>
                <translate x="0.15" y="0.0" z="0.0"/>
            </transform>
        </animation>
    </sensor>
    <bsdf id="mat-Material" name="mat-Material" type="twosided">
        <bsdf name="bsdf" type="diffuse">
            <texture name="reflectance" type="bitmap">
                <string name="filename" value="textures/siggraph_2023_logo.jpg"/>
            </texture>
        </bsdf>
    </bsdf>
    <bsdf id="mat-Material.001" name="mat-Material.001" type="twosided">
        <bsdf name="bsdf" type="principled">
            <rgb name="base_color" value="0.433648 0.266232 0.084399"/>
            <float name="spec_tint" value="0.000000"/>
            <float name="spec_trans" value="0.000000"/>
            <float name="metallic" value="0.000000"/>
            <float name="anisotropic" value="0.000000"/>
            <float name="roughness" value="0.500000"/>
            <float name="sheen" value="0.000000"/>
            <float name="sheen_tint" value="0.500000"/>
            <float name="clearcoat" value="0.000000"/>
            <float name="clearcoat_gloss" value="0.173205"/>
            <float name="specular" value="0.500000"/>
        </bsdf>
    </bsdf>
    <bsdf id="mat-Material.002" name="mat-Material.002" type="twosided">
        <bsdf name="bsdf" type="principled">
            <rgb name="base_color" value="0.433648 0.266232 0.084399"/>
            <float name="spec_tint" value="0.000000"/>
            <float name="spec_trans" value="0.000000"/>
            <float name="metallic" value="0.000000"/>
            <float name="anisotropic" value="0.000000"/>
            <float name="roughness" value="0.500000"/>
            <float name="sheen" value="0.000000"/>
            <float name="sheen_tint" value="0.500000"/>
            <float name="clearcoat" value="0.000000"/>
            <float name="clearcoat_gloss" value="0.173205"/>
            <float name="specular" value="0.500000"/>
        </bsdf>
    </bsdf>
    <bsdf id="mat-Material.003" name="mat-Material.003" type="twosided">
        <bsdf name="bsdf" type="principled">
            <rgb name="base_color" value="0.433648 0.266232 0.084399"/>
            <float name="spec_tint" value="0.000000"/>
            <float name="spec_trans" value="0.000000"/>
            <float name="metallic" value="0.000000"/>
            <float name="anisotropic" value="0.000000"/>
            <float name="roughness" value="0.500000"/>
            <float name="sheen" value="0.000000"/>
            <float name="sheen_tint" value="0.500000"/>
            <float name="clearcoat" value="0.000000"/>
            <float name="clearcoat_gloss" value="0.173205"/>
            <float name="specular" value="0.500000"/>
        </bsdf>
    </bsdf>
    <bsdf id="mat-Material.004" name="mat-Material.004" type="twosided">
        <bsdf name="bsdf" type="principled">
            <rgb name="base_color" value="0.433648 0.266232 0.084399"/>
            <float name="spec_tint" value="0.000000"/>
            <float name="spec_trans" value="0.000000"/>
            <float name="metallic" value="0.000000"/>
            <float name="anisotropic" value="0.000000"/>
            <float name="roughness" value="0.500000"/>
            <float name="sheen" value="0.000000"/>
            <float name="sheen_tint" value="0.500000"/>
            <float name="clearcoat" value="0.000000"/>
            <float name="clearcoat_gloss" value="0.173205"/>
            <float name="specular" value="0.500000"/>
        </bsdf>
    </bsdf>
    <bsdf id="mat-Material.005" name="mat-Material.005" type="twosided">
        <bsdf name="bsdf" type="principled">
            <rgb name="base_color" value="0.433648 0.266232 0.084399"/>
            <float name="spec_tint" value="0.000000"/>
            <float name="spec_trans" value="0.000000"/>
            <float name="metallic" value="0.000000"/>
            <float name="anisotropic" value="0.000000"/>
            <float name="roughness" value="0.500000"/>
            <float name="sheen" value="0.000000"/>
            <float name="sheen_tint" value="0.500000"/>
            <float name="clearcoat" value="0.000000"/>
            <float name="clearcoat_gloss" value="0.173205"/>
            <float name="specular" value="0.500000"/>
        </bsdf>
    </bsdf>
    <emitter name="temp45" type="point">
        <point name="position" x="-6.815235034541981e-16" y="3.0693089962005615" z="4.109199523925781"/>
        <rgb name="intensity" value="7.957747 7.957747 7.957747"/>
    </emitter>
    <shape name="temp2" type="ply">
        <string name="filename" value="meshes/Cube.ply"/>
        <boolean name="face_normals" value="true"/>
        <ref id="mat-Material" name="bsdf"/>
        <animation name="to_world">
            <transform time="0">
                <matrix value="0.9999986702764229 0.00016421594291471207 0.0017570413895128412 -0.0027195756163276297 -0.00016329249308986982 0.999999165663725 -0.0005190154039925279 -0.016736059683223753 -0.0017571344102321343 0.000518727720614155 0.99999775424436 0.004040117868350679 0.0 0.0 0.0 1.0"/>
            </transform>
            <transform time="0.0015">
                <matrix value="0.9999986702764229 0.00016481973837628754 0.0017577930252203403 -0.0027207973372961056 -0.0001637554198250276 0.9999991206088452 -0.000598961461180231 -0.016628769289524538 -0.0017578995454205393 0.0005986727988439183 0.9999977116925197 0.0040383558805292515 0.0 0.0 0.0 1.0"/>
            </transform>
        </animation>
    </shape>
    <shape name="temp4" type="ply">
        <string name="filename" value="meshes/Plane.ply"/>
        <boolean name="face_normals" value="true"/>
        <ref id="mat-Material.001" name="bsdf"/>
    </shape>
    <shape name="temp5" type="ply">
        <string name="filename" value="meshes/Cube_001.ply"/>
        <boolean name="face_normals" value="true"/>
        <ref id="mat-Material" name="bsdf"/>
        <animation name="to_world">
            <transform time="0">
                <matrix value="0.9999982270352306 0.0001732751661893568 -0.002004806153465012 0.002521032405791823 -0.00017804311673022744 0.9999965583628654 -0.0023755839555652425 -0.014893939706499021 0.0020043654825034974 0.002375932110057298 0.9999945629073979 -0.0046326420172703164 0.0 0.0 0.0 1.0"/>
            </transform>
            <transform time="0.0015">
                <matrix value="0.9999982270352306 0.0001748255496557985 -0.002005168950455622 0.002523402093084708 -0.0001797546419684574 0.9999963706341999 -0.002455549075977411 -0.014807737215581582 0.0020047103119387724 0.0024559002413671906 0.9999943756793004 -0.0046308450054249675 0.0 0.0 0.0 1.0"/>
            </transform>
        </animation>
    </shape>
    <shape name="temp6" type="ply">
        <string name="filename" value="meshes/Cube_002.ply"/>
        <boolean name="face_normals" value="true"/>
        <ref id="mat-Material" name="bsdf"/>
        <animation name="to_world">
            <transform time="0">
                <matrix value="1.0 0.0001118094042213244 0.0003670581215743362 -0.0008367713562289492 -0.00011292522343788508 0.9999953068584528 0.0030466984791742806 -0.01936890105350325 -0.00036671404915012936 -0.003046742646890116 0.9999953902910547 0.0014207833802460934 0.0 0.0 0.0 1.0"/>
            </transform>
            <transform time="0.0015">
                <matrix value="1.0 0.00011113352095217844 0.0003686274334455186 -0.0008379647552190841 -0.00011225150554863283 0.9999953293858928 0.0030395506210365037 -0.01936629695623129 -0.0003682862064898081 -0.0030395946151292423 0.9999954158221589 0.001421601036175257 0.0 0.0 0.0 1.0"/>
            </transform>
        </animation>
    </shape>
    <shape name="temp7" type="ply">
        <string name="filename" value="meshes/Cube_003.ply"/>
        <boolean name="face_normals" value="true"/>
        <ref id="mat-Material" name="bsdf"/>
        <animation name="to_world">
            <transform time="0">
                <matrix value="0.9999984486558267 -0.00018728075207071837 0.00178272574217496 -0.0011334375518885498 0.00019067260964457375 0.9999953068584527 -0.0018740771717284425 -0.017555717883041333 -0.0017817608908793374 0.001874423004319776 0.9999939719190715 0.00541986829475033 0.0 0.0 0.0 1.0"/>
            </transform>
            <transform time="0.0015">
                <matrix value="0.9999984326988884 -0.00020573107074152482 0.0017843296061404862 -0.0011333011619232749 0.00020942909695217474 0.9999949839651481 -0.002044195599681771 -0.01754262542787291 -0.001783297703600824 0.002044575085461355 0.9999936570354531 0.00542199724699504 0.0 0.0 0.0 1.0"/>
            </transform>
        </animation>
    </shape>
    <shape name="temp8" type="ply">
        <string name="filename" value="meshes/Cube_004.ply"/>
        <boolean name="face_normals" value="true"/>
        <ref id="mat-Material" name="bsdf"/>
        <animation name="to_world">
            <transform time="0">
                <matrix value="0.9999991135176153 4.882014421502513e-05 0.0013522262057462033 -0.0003830914188380774 -4.831351158721124e-05 0.9999994785398281 -0.00037267842055769434 -0.017698568972558393 -0.001351987582154755 0.00037261353752323105 0.9999986998256821 0.0041987133145013865 0.0 0.0 0.0 1.0"/>
            </transform>
            <transform time="0.0015">
                <matrix value="0.9999991135176153 2.793412870934561e-05 0.0013525152178456897 -0.0003812539898591451 -2.7341515104141884e-05 0.9999994560123882 -0.0004361747022089161 -0.017752049911508708 -0.0013522719347941162 0.00043613813956043935 0.9999986742945779 0.0041957839850199855 0.0 0.0 0.0 1.0"/>
            </transform>
        </animation>
    </shape>
    <shape name="temp9" type="ply">
        <string name="filename" value="meshes/Cube_005.ply"/>
        <boolean name="face_normals" value="true"/>
        <ref id="mat-Material" name="bsdf"/>
        <animation name="to_world">
            <transform time="0">
                <matrix value="0.9990889177291158 -0.018596069650392243 0.03806989595295922 0.015319149073640181 0.025473567754735145 0.9815065192950694 -0.1856489950125313 -0.14028029482968374 -0.03376116967804733 0.18646249762735623 0.9811044484400508 0.0973938150825783 0.0 0.0 0.0 1.0"/>
            </transform>
            <transform time="0.0015">
                <matrix value="0.9990735511975948 -0.01882839160842897 0.0383594773960695 0.015460156918110772 0.025850613290891753 0.9809782958850968 -0.18838994202077164 -0.142083339174632 -0.03393118527002102 0.1892198247285101 0.9805745588828529 0.09760841623424157 0.0 0.0 0.0 1.0"/>
            </transform>
        </animation>
    </shape>
    <shape name="temp10" type="ply">
        <string name="filename" value="meshes/Cube_006.ply"/>
        <boolean name="face_normals" value="true"/>
        <ref id="mat-Material" name="bsdf"/>
        <animation name="to_world">
            <transform time="0">
                <matrix value="0.9998138386992113 0.018399515667792327 0.005106668664995194 0.024881025966184245 -0.014692723043400406 0.9088631542500047 -0.41502474349924656 -0.24812795208046087 -0.012343925911348214 0.41487579861625334 0.9089649855964326 -0.008341678591577861 0.0 0.0 0.0 1.0"/>
            </transform>
            <transform time="0.0015">
                <matrix value="0.9998140301824701 0.0184446749246619 0.004909012643368244 0.024753484404067928 -0.01478147138506379 0.9077017595968718 -0.41756496071112226 -0.24952199560399702 -0.01222383367504708 0.41741806525998465 0.9078062564325451 -0.009511413680782487 0.0 0.0 0.0 1.0"/>
            </transform>
        </animation>
    </shape>
    <shape name="temp11" type="ply">
        <string name="filename" value="meshes/Cube_007.ply"/>
        <boolean name="face_normals" value="true"/>
        <ref id="mat-Material" name="bsdf"/>
        <animation name="to_world">
            <transform time="0">
                <matrix value="0.9895785130853665 0.1368251106017025 -0.043469165302271615 0.12570388781592845 -0.14147292594148864 0.8754033494429764 -0.4609877968002474 -0.11491149289561703 -0.02534081480141908 0.46238071598567443 0.8857078219905339 0.0926050959029101 0.0 0.0 0.0 1.0"/>
            </transform>
            <transform time="0.0015">
                <matrix value="0.9894906222695639 0.13724503184269096 -0.04414825267512714 0.1251932863716388 -0.1421003846667954 0.8742280027954199 -0.4630271788514989 -0.11531842473610708 -0.025270048173884195 0.4644816775915821 0.8846130482426549 0.09144286539416888 0.0 0.0 0.0 1.0"/>
            </transform>
        </animation>
    </shape>
    <shape name="temp12" type="ply">
        <string name="filename" value="meshes/Cube_008.ply"/>
        <boolean name="face_normals" value="true"/>
        <ref id="mat-Material" name="bsdf"/>
        <animation name="to_world">
            <transform time="0">
                <matrix value="0.032836353578818034 0.994359991072602 -0.10001960899266749 2.5265400838134946 -0.9235705914787766 -0.00813840700175002 -0.3825602181645226 1.8106266388438237 -0.3811825940956727 0.10518531651589516 0.9182061518575235 1.0039649138353377 0.0 0.0 0.0 1.0"/>
            </transform>
            <transform time="0.0015">
                <matrix value="0.033747237526235874 0.9943126759397372 -0.10019100355031216 2.524219307103209 -0.9229414732318935 -0.0075335394593113204 -0.3840918801673855 1.806290176485502 -0.38262841397256364 0.10567944990203341 0.9175493301606363 1.0064840485092397 0.0 0.0 0.0 1.0"/>
            </transform>
        </animation>
    </shape>
    <shape name="temp13" type="ply">
        <string name="filename" value="meshes/Cube_009.ply"/>
        <boolean name="face_normals" value="true"/>
        <ref id="mat-Material" name="bsdf"/>
        <animation name="to_world">
            <transform time="0">
                <matrix value="-0.02880540293283832 0.99679604441172 0.07442025227164092 2.4444656186991547 -0.933680258214589 -0.00018281027401689115 -0.3571939354196324 1.4726673303523985 -0.35602710508539487 -0.07982027353714778 0.9306969265297497 0.6775388133126709 0.0 0.0 0.0 1.0"/>
            </transform>
            <transform time="0.0015">
                <matrix value="-0.02905862869192192 0.9967666461026952 0.07471604032618101 2.445570731149335 -0.9330223696080666 -0.00016661356288452274 -0.3589135999634188 1.468270748680974 -0.35773190926123993 -0.08018747155787442 0.9300132716423537 0.6800901256157511 0.0 0.0 0.0 1.0"/>
            </transform>
        </animation>
    </shape>
    <shape name="temp14" type="ply">
        <string name="filename" value="meshes/Cube_010.ply"/>
        <boolean name="face_normals" value="true"/>
        <ref id="mat-Material" name="bsdf"/>
        <animation name="to_world">
            <transform time="0">
                <matrix value="0.08111896682251027 0.9966325145018073 0.009833951191928897 1.6481400556132186 -0.9948694831984994 0.08038508790775578 0.05983858454040729 1.9316394510952661 0.05885598118529787 -0.014555970406092324 0.9980873253806792 -0.20198461905918907 0.0 0.0 0.0 1.0"/>
            </transform>
            <transform time="0.0015">
                <matrix value="0.0806295499741873 0.9966720651770651 0.009862961334588801 1.6491105790576621 -0.9948581856862285 0.07988216882006988 0.06070192053083283 1.9332412880458207 0.059721391369270196 -0.014625467558078212 0.9980352759695938 -0.20370392700821333 0.0 0.0 0.0 1.0"/>
            </transform>
        </animation>
    </shape>
    <shape name="temp15" type="ply">
        <string name="filename" value="meshes/Cube_011.ply"/>
        <boolean name="face_normals" value="true"/>
        <ref id="mat-Material" name="bsdf"/>
        <animation name="to_world">
            <transform time="0">
                <matrix value="0.048843140487955364 0.9948101154929989 -0.08873669626178607 1.151264721400625 -0.8305579786074071 0.08982564457691852 0.5495423150005603 2.231230543205071 0.5546711416297447 0.04691745076894517 0.8307111575286477 -1.182483141410183 0.0 0.0 0.0 1.0"/>
            </transform>
            <transform time="0.0015">
                <matrix value="0.04815265823939262 0.9948493658023918 -0.08867680284445516 1.152306636069216 -0.8303460545106979 0.08923925381538331 0.5499584719989377 2.2319692776651237 0.5550492891520559 0.04720802245388307 0.8304422469185304 -1.1838227945355468 0.0 0.0 0.0 1.0"/>
            </transform>
        </animation>
    </shape>
    <shape name="temp16" type="ply">
        <string name="filename" value="meshes/Cube_012.ply"/>
        <boolean name="face_normals" value="true"/>
        <ref id="mat-Material" name="bsdf"/>
        <animation name="to_world">
            <transform time="0">
                <matrix value="0.10136012992285831 0.9880496972402242 0.11598192001233038 1.1057606684462127 -0.7603266332994697 0.0017582677510257123 0.6490388638651298 1.8403935036363304 0.64107458508192 -0.1541043817255326 0.7514314919240264 -1.747030465270551 0.0 0.0 0.0 1.0"/>
            </transform>
            <transform time="0.0015">
                <matrix value="0.10097474752475105 0.988073854164907 0.11611291585277059 1.1064260462402438 -0.7615162230449459 0.001661200016302778 0.6476455719366354 1.8402691248457428 0.6397246440641124 -0.15395059965911825 0.7526147054168366 -1.7437965808310902 0.0 0.0 0.0 1.0"/>
            </transform>
        </animation>
    </shape>
    <shape name="temp17" type="ply">
        <string name="filename" value="meshes/Cube_013.ply"/>
        <boolean name="face_normals" value="true"/>
        <ref id="mat-Material" name="bsdf"/>
        <animation name="to_world">
            <transform time="0">
                <matrix value="0.8760489302817063 0.27697544756926556 0.39446922392831363 0.657180819930002 -0.4422524763885417 0.138588094438523 0.8855651574085588 1.4885402413431637 0.19087541465213545 -0.9502671961920892 0.2441583640686662 -1.416911179303959 0.0 0.0 0.0 1.0"/>
            </transform>
            <transform time="0.0015">
                <matrix value="0.876538042352509 0.27621002523579985 0.3939204158229072 0.6563193751088638 -0.44194544415286585 0.1408131702234564 0.8853702784902387 1.4875928210804665 0.18934194171782165 -0.9501657851669603 0.24575187602247817 -1.413623298146525 0.0 0.0 0.0 1.0"/>
            </transform>
        </animation>
    </shape>
    <shape name="temp18" type="ply">
        <string name="filename" value="meshes/Cube_014.ply"/>
        <boolean name="face_normals" value="true"/>
        <ref id="mat-Material" name="bsdf"/>
        <animation name="to_world">
            <transform time="0">
                <matrix value="0.9396575873140824 0.2986292897921043 0.16691715903874094 0.10695825524567487 -0.21763339786925096 0.1453583995761572 0.9651383078160334 1.0247367035600483 0.2639531219250142 -0.9432280053314088 0.20157713508716604 -0.8465194407880133 0.0 0.0 0.0 1.0"/>
            </transform>
            <transform time="0.0015">
                <matrix value="0.939643481380682 0.2987207436888127 0.16683290469282402 0.10688151864299525 -0.21750089943261028 0.14512243966185653 0.9652037185049809 1.0246535607903469 0.2641125524820092 -0.9432354093499781 0.2013336977107409 -0.8468103778631159 0.0 0.0 0.0 1.0"/>
            </transform>
        </animation>
    </shape>
    <shape name="temp19" type="ply">
        <string name="filename" value="meshes/Cube_015.ply"/>
        <boolean name="face_normals" value="true"/>
        <ref id="mat-Material" name="bsdf"/>
        <animation name="to_world">
            <transform time="0">
                <matrix value="0.9829629166688829 0.13736541634423047 0.12211171003181409 0.04673882336399693 -0.14763251581927817 0.19439628470056713 0.9697463619940607 0.6352406884590245 0.10946936050933731 -0.9712541951470832 0.2113622942828735 -0.3367962880058062 0.0 0.0 0.0 1.0"/>
            </transform>
            <transform time="0.0015">
                <matrix value="0.9829632836784623 0.1374527852651765 0.12201047750160754 0.04667243314618836 -0.14753420831419523 0.19424375140523603 0.9697919094839444 0.6352125328975283 0.10959864681431114 -0.9712723672819082 0.2112118258692638 -0.33682243852774607 0.0 0.0 0.0 1.0"/>
            </transform>
        </animation>
    </shape>
    <shape name="temp20" type="ply">
        <string name="filename" value="meshes/Cube_016.ply"/>
        <boolean name="face_normals" value="true"/>
        <ref id="mat-Material" name="bsdf"/>
        <animation name="to_world">
            <transform time="0">
                <matrix value="0.9845379742459137 0.06709843916541344 0.16180005115594953 0.0866116132623691 -0.1722670856182417 0.20414765249059807 0.9636357790951826 0.33443852120494755 0.031618754509979134 -0.9766111554931658 0.21254698948182615 0.004009564230259166 0.0 0.0 0.0 1.0"/>
            </transform>
            <transform time="0.0015">
                <matrix value="0.9845501972606023 0.06718523664030157 0.16168969551117732 0.08652220941235815 -0.17216125760816828 0.20364419124252603 0.9637613580863496 0.3345775551247438 0.03181481054859854 -0.9767104339206542 0.21206166191389006 0.004110330889828616 0.0 0.0 0.0 1.0"/>
            </transform>
        </animation>
    </shape>
    <shape name="temp21" type="ply">
        <string name="filename" value="meshes/Cube_017.ply"/>
        <boolean name="face_normals" value="true"/>
        <ref id="mat-Material" name="bsdf"/>
        <animation name="to_world">
            <transform time="0">
                <matrix value="0.9522106211227477 0.05447548407147759 0.3004146137702171 0.17894704806064277 -0.30513304327629703 0.20373142298137553 0.9301986051729918 0.13709815015787474 -0.010475079207201074 -0.9774855399094329 0.21064141854218782 0.20254289962949956 0.0 0.0 0.0 1.0"/>
            </transform>
            <transform time="0.0015">
                <matrix value="0.9520167124093066 0.05452460740684888 0.30102030517576983 0.1788853858953461 -0.305740303709185 0.203246066285809 0.9301057059951945 0.1377566580784303 -0.010412035897341684 -0.9775839622942064 0.210187821881582 0.2029170927410427 0.0 0.0 0.0 1.0"/>
            </transform>
        </animation>
    </shape>
    <shape name="temp22" type="ply">
        <string name="filename" value="meshes/Cube_018.ply"/>
        <boolean name="face_normals" value="true"/>
        <ref id="mat-Material" name="bsdf"/>
        <animation name="to_world">
            <transform time="0">
                <matrix value="0.2010882457754682 0.9748639510411474 0.09586113145424262 0.8622109228763515 -0.4226873004306531 -0.0019052705022495793 0.906115830875216 -0.10988632779578729 0.8835230848877802 -0.22279218977812915 0.4116779766072637 -0.19284644774826634 0.0 0.0 0.0 1.0"/>
            </transform>
            <transform time="0.0015">
                <matrix value="0.20099852310315613 0.9748571177177214 0.09611887901456903 0.8621737185569205 -0.42379081206851044 -0.0019055140238745283 0.9056010557317014 -0.10938574053741364 0.8830155744671917 -0.22282210621827087 0.41275098083363254 -0.19296395346792372 0.0 0.0 0.0 1.0"/>
            </transform>
        </animation>
    </shape>
    <shape name="temp23" type="ply">
        <string name="filename" value="meshes/Cube_019.ply"/>
        <boolean name="face_normals" value="true"/>
        <ref id="mat-Material" name="bsdf"/>
        <animation name="to_world">
            <transform time="0">
                <matrix value="-0.07063103805314284 0.9873775350786258 -0.14174381034286304 0.4707593781410504 -0.9182926969808183 -0.008907507566387095 0.3955299297764031 -0.03565446589383706 0.38927440530329227 0.1581336314694956 0.9073309028741416 -0.05193410863403419 0.0 0.0 0.0 1.0"/>
            </transform>
            <transform time="0.0015">
                <matrix value="-0.07078910907900016 0.9873752673163461 -0.141680834470219 0.47077870907359354 -0.9178743220172147 -0.008910407298446617 0.39650119255255517 -0.03658844806687219 0.39023266731516465 0.15814762251148157 0.9069173330276559 -0.0519217503790817 0.0 0.0 0.0 1.0"/>
            </transform>
        </animation>
    </shape>
    <shape name="temp24" type="ply">
        <string name="filename" value="meshes/Cube_020.ply"/>
        <boolean name="face_normals" value="true"/>
        <ref id="mat-Material" name="bsdf"/>
        <animation name="to_world">
            <transform time="0">
                <matrix value="0.07609299278048828 0.9798442984093058 -0.1846207461912182 0.008461227170090874 -0.9402958593243799 0.008945406089773643 -0.3402057403433416 0.20283334481663381 -0.33170513684212066 0.19949302487714327 0.9220225178038883 0.09667336270198851 0.0 0.0 0.0 1.0"/>
            </transform>
            <transform time="0.0015">
                <matrix value="0.07611237023672285 0.9797697653853172 -0.18500833643709566 0.008775755795105198 -0.9404143084437823 0.008900768697488286 -0.3398795379355062 0.2025201971580777 -0.33136493095643127 0.19986111167511603 0.92206526538295 0.09668715207051365 0.0 0.0 0.0 1.0"/>
            </transform>
        </animation>
    </shape>
    <shape name="temp25" type="ply">
        <string name="filename" value="meshes/Cube_021.ply"/>
        <boolean name="face_normals" value="true"/>
        <ref id="mat-Material" name="bsdf"/>
        <animation name="to_world">
            <transform time="0">
                <matrix value="0.20122726837545013 0.9280546615410609 -0.3133323184093809 -0.1467205440151933 -0.7760534956659877 -0.044146974592374585 -0.6290629856446572 0.14545040436295598 -0.5976298563721241 0.3697906650285865 0.7113588192715147 0.22054763086075696 0.0 0.0 0.0 1.0"/>
            </transform>
            <transform time="0.0015">
                <matrix value="0.2007536935754076 0.928150290523291 -0.3133532198733485 -0.1470546862338518 -0.7764171383314425 -0.04431824245761272 -0.6286023619731401 0.14502443071164547 -0.5973171163396412 0.3695302252962983 0.7117569427999625 0.22066197211786848 0.0 0.0 0.0 1.0"/>
            </transform>
        </animation>
    </shape>
    <shape name="temp26" type="ply">
        <string name="filename" value="meshes/Cube_022.ply"/>
        <boolean name="face_normals" value="true"/>
        <ref id="mat-Material" name="bsdf"/>
        <animation name="to_world">
            <transform time="0">
                <matrix value="0.6185297866946087 0.39620804592186853 -0.6785550666374798 -0.08286603259916298 -0.7326703774819291 -0.021225097669490198 -0.6802504939480432 -0.21345734067738537 -0.2839223122297337 0.9179150770822426 0.27716229626859423 0.6698704545488219 0.0 0.0 0.0 1.0"/>
            </transform>
            <transform time="0.0015">
                <matrix value="0.6184262899932115 0.3962550156339887 -0.6786219921719427 -0.08291875738083321 -0.732758762962817 -0.02122775891105301 -0.6801552288879238 -0.21353435226868112 -0.28391974316267776 0.9178947423131905 0.2772322770251926 0.669880394556949 0.0 0.0 0.0 1.0"/>
            </transform>
        </animation>
    </shape>
    <shape name="temp27" type="ply">
        <string name="filename" value="meshes/Cube_023.ply"/>
        <boolean name="face_normals" value="true"/>
        <ref id="mat-Material" name="bsdf"/>
        <animation name="to_world">
            <transform time="0">
                <matrix value="0.8510297379380773 0.31903798941644435 -0.4170833922351699 -0.0757576038335554 -0.4797784503224136 0.14955962688481778 -0.8645486669430915 -0.2871056390991077 -0.21344543346329165 0.935863840491591 0.2803467777661681 0.1533531521537988 0.0 0.0 0.0 1.0"/>
            </transform>
            <transform time="0.0015">
                <matrix value="0.8510029621957178 0.3191862575164942 -0.4170246196333131 -0.07578205350929605 -0.47977554615965473 0.14961082199374207 -0.8645414246198683 -0.28710296692694337 -0.21355875166017294 0.935805111455861 0.2804565530038383 0.1532332575369219 0.0 0.0 0.0 1.0"/>
            </transform>
        </animation>
    </shape>
    <shape name="temp28" type="ply">
        <string name="filename" value="meshes/Cube_024.ply"/>
        <boolean name="face_normals" value="true"/>
        <ref id="mat-Material" name="bsdf"/>
        <animation name="to_world">
            <transform time="0">
                <matrix value="0.8610073187985683 0.4257858926250931 -0.2781566932264701 -0.18361518619187756 -0.3820793596760439 0.18054709515396633 -0.906320903824451 -0.5152810023551186 -0.3356785446441394 0.8866269453071713 0.3181372898977401 -0.3197210179296812 0.0 0.0 0.0 1.0"/>
            </transform>
            <transform time="0.0015">
                <matrix value="0.8609634531753582 0.4258605560699549 -0.2781781904162022 -0.1836553673651962 -0.38211125440418947 0.18049708573929366 -0.9063174230839124 -0.5153066454508016 -0.3357547597682349 0.886601271534871 0.3181284220942164 -0.31981158419099914 0.0 0.0 0.0 1.0"/>
            </transform>
        </animation>
    </shape>
    <shape name="temp29" type="ply">
        <string name="filename" value="meshes/Cube_025.ply"/>
        <boolean name="face_normals" value="true"/>
        <ref id="mat-Material" name="bsdf"/>
        <animation name="to_world">
            <transform time="0">
                <matrix value="0.8955484400569476 0.3776189294214087 -0.23536146737200728 -0.2727931258290584 -0.322074076241031 0.18514893945430239 -0.9284322592632692 -0.7936180449216486 -0.30701759401588935 0.9072614371859506 0.2874314276244964 -0.7202715061551279 0.0 0.0 0.0 1.0"/>
            </transform>
            <transform time="0.0015">
                <matrix value="0.8955200047930114 0.37762531219603734 -0.23545946340923873 -0.2728515888185843 -0.3221612904826524 0.18510025615492312 -0.9284117152347604 -0.7936942925498558 -0.3070090777979529 0.9072687210581739 0.2874175557245505 -0.7202810727123246 0.0 0.0 0.0 1.0"/>
            </transform>
        </animation>
    </shape>
    <shape name="temp30" type="ply">
        <string name="filename" value="meshes/Cube_026.ply"/>
        <boolean name="face_normals" value="true"/>
        <ref id="mat-Material" name="bsdf"/>
        <animation name="to_world">
            <transform time="0">
                <matrix value="0.9238808603134248 0.24199850653806765 -0.2964452997752826 -0.3142153703495936 -0.34681223150664775 0.20204617842698414 -0.9159132353490447 -1.141262546069022 -0.16175327156324076 0.949006618372502 0.27059487939346627 -0.8607895171414355 0.0 0.0 0.0 1.0"/>
            </transform>
            <transform time="0.0015">
                <matrix value="0.9238519144274651 0.24202404514572878 -0.2965146507646441 -0.31432381363568906 -0.34689512301370107 0.20208675259892633 -0.9158728962044167 -1.141356292993479 -0.16174086185237482 0.9489914649146189 0.2706554391726167 -0.8608097135281045 0.0 0.0 0.0 1.0"/>
            </transform>
        </animation>
    </shape>
    <shape name="temp31" type="ply">
        <string name="filename" value="meshes/Cube_027.ply"/>
        <boolean name="face_normals" value="true"/>
        <ref id="mat-Material" name="bsdf"/>
        <animation name="to_world">
            <transform time="0">
                <matrix value="0.8745281697507389 0.183860567807552 -0.4487675765838132 -0.5553718141413793 -0.48012595141721937 0.1977742098314015 -0.854611434631254 -1.5796348169650583 -0.06837438633256919 0.9628497172642948 0.26123362430446584 -0.9978698274124254 0.0 0.0 0.0 1.0"/>
            </transform>
            <transform time="0.0015">
                <matrix value="0.8744763097014727 0.18380383245025006 -0.4488918875301384 -0.5556475720812618 -0.480235703238405 0.19782081985539846 -0.8545389943782848 -1.5797513136334325 -0.06826707911432131 0.9628509788009274 0.2612570618581168 -0.9977830091537403 0.0 0.0 0.0 1.0"/>
            </transform>
        </animation>
    </shape>
    <shape name="temp32" type="ply">
        <string name="filename" value="meshes/Cube_028.ply"/>
        <boolean name="face_normals" value="true"/>
        <ref id="mat-Material" name="bsdf"/>
        <animation name="to_world">
            <transform time="0">
                <matrix value="-0.10876032973598782 0.9821789943327709 0.15327406350807832 -1.4682593573192033 -0.8191839663704044 -0.0012151356943659358 -0.5735214299458986 -2.1103612797274227 -0.5631151079646897 -0.18793746858202465 0.8047171269835341 -1.2607926300170766 0.0 0.0 0.0 1.0"/>
            </transform>
            <transform time="0.0015">
                <matrix value="-0.1087253026608665 0.9822000499798987 0.1531639793440474 -1.4683873731600896 -0.8190574757210094 -0.0012079746717814062 -0.5737021135702861 -2.110439009155865 -0.5633058731612981 -0.18782746484041613 0.804609317640887 -1.2613617588763368 0.0 0.0 0.0 1.0"/>
            </transform>
        </animation>
    </shape>
    <shape name="temp33" type="ply">
        <string name="filename" value="meshes/Cube_029.ply"/>
        <boolean name="face_normals" value="true"/>
        <ref id="mat-Material" name="bsdf"/>
        <animation name="to_world">
            <transform time="0">
                <matrix value="0.006000246885344142 0.9805148063401214 0.19635346018937158 -1.5913834429650404 -0.9967104854909429 -0.010003795187131197 0.08041360672610906 -1.7682919461775768 0.08081102500412216 -0.19619035799283724 0.9772292197866674 -0.04634668124184993 0.0 0.0 0.0 1.0"/>
            </transform>
            <transform time="0.0015">
                <matrix value="0.00598294334109066 0.9805135523126356 0.19636026848382357 -1.5914034880028571 -0.996719086280652 -0.010000637515885213 0.08030741435339422 -1.7684878588347428 0.08070624855627848 -0.19619680234246817 0.9772365897654116 -0.04653365139419141 0.0 0.0 0.0 1.0"/>
            </transform>
        </animation>
    </shape>
    <shape name="temp34" type="ply">
        <string name="filename" value="meshes/Cube_030.ply"/>
        <boolean name="face_normals" value="true"/>
        <ref id="mat-Material" name="bsdf"/>
        <animation name="to_world">
            <transform time="0">
                <matrix value="-0.04249588689318515 0.9814693515354458 -0.18684700121943368 -3.2076639706108816 -0.9708804070551513 0.003564430299278787 0.23953745971848078 -1.8764227501630009 0.23576451618503919 0.19158544985341136 0.9527383362884243 0.2999151754141929 0.0 0.0 0.0 1.0"/>
            </transform>
            <transform time="0.0015">
                <matrix value="-0.0424969959621222 0.9814677548087217 -0.18685513868597786 -3.20767516248081 -0.9708816357636068 0.003564319517259883 0.23953245659912897 -1.876434092759139 0.23575923241198699 0.19159363468804513 0.9527380023215789 0.299900234660201 0.0 0.0 0.0 1.0"/>
            </transform>
        </animation>
    </shape>
    <shape name="temp35" type="ply">
        <string name="filename" value="meshes/Cube_031.ply"/>
        <boolean name="face_normals" value="true"/>
        <ref id="mat-Material" name="bsdf"/>
        <animation name="to_world">
            <transform time="0">
                <matrix value="0.1284224203805846 0.9805685167378286 0.14829217375435028 -1.9307598783111675 -0.7564128135709816 0.00016513392140135125 0.6539911096444094 -1.0931529383858836 0.6412583085561506 -0.19617432830715256 0.7417346736633381 0.6405950273419863 0.0 0.0 0.0 1.0"/>
            </transform>
            <transform time="0.0015">
                <matrix value="0.12835522092659232 0.9805644467803596 0.14837727658396327 -1.9308247801720078 -0.7569598493275801 0.00022386716225350988 0.6533583893098823 -1.095583463984584 0.6406265095436438 -0.19619461727041032 0.7422755330849719 0.6396847124563342 0.0 0.0 0.0 1.0"/>
            </transform>
        </animation>
    </shape>
    <shape name="temp36" type="ply">
        <string name="filename" value="meshes/Cube_032.ply"/>
        <boolean name="face_normals" value="true"/>
        <ref id="mat-Material" name="bsdf"/>
        <animation name="to_world">
            <transform time="0">
                <matrix value="0.742690731117482 0.6055064108313536 0.2854883762052025 -0.6241751744777273 -0.35638214128047063 -0.0033174128066446543 0.9340970005687671 0.020727735148294783 0.5665318326959525 -0.7958323860140211 0.21334188060050088 -0.12867717553382074 0.0 0.0 0.0 1.0"/>
            </transform>
            <transform time="0.0015">
                <matrix value="0.7422203046213534 0.6055738579863117 0.2865691333768785 -0.6244067757743323 -0.35779849507521544 -0.003269235473564796 0.9335567964454744 0.015851080430787846 0.5662575648415562 -0.7957812712529657 0.21426086844081377 -0.1284952822330466 0.0 0.0 0.0 1.0"/>
            </transform>
        </animation>
    </shape>
    <shape name="temp37" type="ply">
        <string name="filename" value="meshes/Cube_033.ply"/>
        <boolean name="face_normals" value="true"/>
        <ref id="mat-Material" name="bsdf"/>
        <animation name="to_world">
            <transform time="0">
                <matrix value="0.977218954057164 0.1659003739912353 0.13236453010990964 -0.1372921177416535 -0.1501032308736993 0.09934347121435559 0.9836666192300036 0.3004219428419887 0.15004113278265047 -0.9811258533695715 0.12198249634414621 -0.38047132311590043 0.0 0.0 0.0 1.0"/>
            </transform>
            <transform time="0.0015">
                <matrix value="0.9772187147030904 0.1659017924690322 0.13236459989492777 -0.13730036593269299 -0.1501035404383011 0.09934387595735851 0.9836665256159549 0.3004210071131168 0.1500424540171364 -0.9811255680219998 0.12198313121760385 -0.3804798417195207 0.0 0.0 0.0 1.0"/>
            </transform>
        </animation>
    </shape>
    <shape name="temp38" type="ply">
        <string name="filename" value="meshes/Cube_034.ply"/>
        <boolean name="face_normals" value="true"/>
        <ref id="mat-Material" name="bsdf"/>
        <animation name="to_world">
            <transform time="0">
                <matrix value="0.9999250922384922 0.0022196682261802214 0.01205880948474801 -0.03526409271178976 -0.012261403266155699 0.18111452725463734 0.9833856633796684 0.36942080988402654 -1.2359780648798705e-06 -0.983459387638891 0.18112814707193653 -0.35642060320474134 0.0 0.0 0.0 1.0"/>
            </transform>
            <transform time="0.0015">
