
<scene version="2.1.0">
    <default name="spp" value="1024"/>
    <default name="resx" value="1280"/>
    <default name="resy" value="720"/>
    <integrator name="temp0" type="path">
        <integer name="max_depth" value="12"/>
    </integrator>
    <sensor name="temp44" type="perspective">
        <string name="fov_axis" value="x"/>
        <float name="fov" value="83.974423"/>
        <float name="principal_point_offset_x" value="0.000000"/>
        <float name="principal_point_offset_y" value="-0.000000"/>
        <float name="near_clip" value="0.100000"/>
        <float name="far_clip" value="1000.000000"/>
        <sampler name="sampler" type="correlated">
            <integer name="sample_count" value="1024"/>
        </sampler>
        <film name="film" type="hdrfilm">
            <integer name="width" value="$resx"/>
            <integer name="height" value="$resy"/>
        </film>
        <float name="shutter_open" value="0.0"/>
        <float name="shutter_close" value="0.0015"/>
        <animation name="to_world">
            <transform time="0">
                <rotate angle="-142.5518126578256" x="1"/>
                <rotate angle="3.976628485794621e-06" y="1"/>
                <rotate angle="-179.999991348578" z="1"/>
                <translate value="-0.000000 3.030926 4.073377"/>
                <translate x="35.25" y="0.0" z="0.0"/>
            </transform>
            <transform time="0.0015">
                <rotate angle="-142.5518126578256" x="1"/>
                <rotate angle="3.976628485794621e-06" y="1"/>
                <rotate angle="-179.999991348578" z="1"/>
                <translate value="-0.000000 3.030926 4.073377"/>
                <translate x="35.4" y="0.0" z="0.0"/>
            </transform>
        </animation>
    </sensor>
    <bsdf id="mat-Material" name="mat-Material" type="twosided">
        <bsdf name="bsdf" type="diffuse">
            <texture name="reflectance" type="bitmap">
                <string name="filename" value="textures/siggraph_2023_logo.jpg"/>
            </texture>
        </bsdf>
    </bsdf>
    <bsdf id="mat-Material.001" name="mat-Material.001" type="twosided">
        <bsdf name="bsdf" type="principled">
            <rgb name="base_color" value="0.433648 0.266232 0.084399"/>
            <float name="spec_tint" value="0.000000"/>
            <float name="spec_trans" value="0.000000"/>
            <float name="metallic" value="0.000000"/>
            <float name="anisotropic" value="0.000000"/>
            <float name="roughness" value="0.500000"/>
            <float name="sheen" value="0.000000"/>
            <float name="sheen_tint" value="0.500000"/>
            <float name="clearcoat" value="0.000000"/>
            <float name="clearcoat_gloss" value="0.173205"/>
            <float name="specular" value="0.500000"/>
        </bsdf>
    </bsdf>
    <bsdf id="mat-Material.002" name="mat-Material.002" type="twosided">
        <bsdf name="bsdf" type="principled">
            <rgb name="base_color" value="0.433648 0.266232 0.084399"/>
            <float name="spec_tint" value="0.000000"/>
            <float name="spec_trans" value="0.000000"/>
            <float name="metallic" value="0.000000"/>
            <float name="anisotropic" value="0.000000"/>
            <float name="roughness" value="0.500000"/>
            <float name="sheen" value="0.000000"/>
            <float name="sheen_tint" value="0.500000"/>
            <float name="clearcoat" value="0.000000"/>
            <float name="clearcoat_gloss" value="0.173205"/>
            <float name="specular" value="0.500000"/>
        </bsdf>
    </bsdf>
    <bsdf id="mat-Material.003" name="mat-Material.003" type="twosided">
        <bsdf name="bsdf" type="principled">
            <rgb name="base_color" value="0.433648 0.266232 0.084399"/>
            <float name="spec_tint" value="0.000000"/>
            <float name="spec_trans" value="0.000000"/>
            <float name="metallic" value="0.000000"/>
            <float name="anisotropic" value="0.000000"/>
            <float name="roughness" value="0.500000"/>
            <float name="sheen" value="0.000000"/>
            <float name="sheen_tint" value="0.500000"/>
            <float name="clearcoat" value="0.000000"/>
            <float name="clearcoat_gloss" value="0.173205"/>
            <float name="specular" value="0.500000"/>
        </bsdf>
    </bsdf>
    <bsdf id="mat-Material.004" name="mat-Material.004" type="twosided">
        <bsdf name="bsdf" type="principled">
            <rgb name="base_color" value="0.433648 0.266232 0.084399"/>
            <float name="spec_tint" value="0.000000"/>
            <float name="spec_trans" value="0.000000"/>
            <float name="metallic" value="0.000000"/>
            <float name="anisotropic" value="0.000000"/>
            <float name="roughness" value="0.500000"/>
            <float name="sheen" value="0.000000"/>
            <float name="sheen_tint" value="0.500000"/>
            <float name="clearcoat" value="0.000000"/>
            <float name="clearcoat_gloss" value="0.173205"/>
            <float name="specular" value="0.500000"/>
        </bsdf>
    </bsdf>
    <bsdf id="mat-Material.005" name="mat-Material.005" type="twosided">
        <bsdf name="bsdf" type="principled">
            <rgb name="base_color" value="0.433648 0.266232 0.084399"/>
            <float name="spec_tint" value="0.000000"/>
            <float name="spec_trans" value="0.000000"/>
            <float name="metallic" value="0.000000"/>
            <float name="anisotropic" value="0.000000"/>
            <float name="roughness" value="0.500000"/>
            <float name="sheen" value="0.000000"/>
            <float name="sheen_tint" value="0.500000"/>
            <float name="clearcoat" value="0.000000"/>
            <float name="clearcoat_gloss" value="0.173205"/>
            <float name="specular" value="0.500000"/>
        </bsdf>
    </bsdf>
    <emitter name="temp45" type="point">
        <point name="position" x="-6.815235034541981e-16" y="3.0693089962005615" z="4.109199523925781"/>
        <rgb name="intensity" value="7.957747 7.957747 7.957747"/>
    </emitter>
    <shape name="temp2" type="ply">
        <string name="filename" value="meshes/Cube.ply"/>
        <boolean name="face_normals" value="true"/>
        <ref id="mat-Material" name="bsdf"/>
        <animation name="to_world">
            <transform time="0">
                <matrix value="0.9995235157182192 0.0063973901961316 -0.026185167989613733 0.02781193866742271 -0.009136322374638094 0.9957025424312143 -0.08061643391970408 0.1147401605621681 0.025397270432089242 0.08086947226144761 0.9952990424570741 0.034188031739791236 0.0 0.0 0.0 1.0"/>
            </transform>
            <transform time="0.0015">
                <matrix value="0.9994943783490007 0.0065694101774953825 -0.027255509321815058 0.029165659390435097 -0.009476083248051775 0.99544144940317 -0.0838027786999564 0.11993360597993567 0.0264219236790323 0.08407062371911686 0.9950128047375766 0.0349864530440697 0.0 0.0 0.0 1.0"/>
            </transform>
        </animation>
    </shape>
    <shape name="temp4" type="ply">
        <string name="filename" value="meshes/Plane.ply"/>
        <boolean name="face_normals" value="true"/>
        <ref id="mat-Material.001" name="bsdf"/>
    </shape>
    <shape name="temp5" type="ply">
        <string name="filename" value="meshes/Cube_001.ply"/>
        <boolean name="face_normals" value="true"/>
        <ref id="mat-Material" name="bsdf"/>
        <animation name="to_world">
            <transform time="0">
                <matrix value="0.9972665315667513 -0.006313475782346696 -0.07351518910917257 0.07211371500971375 -0.01709245745327795 0.9470448852057578 -0.30926459303834664 0.3436596335348807 0.0717351297012377 0.30966964455188845 0.9443417832056247 -0.013277148353708634 0.0 0.0 0.0 1.0"/>
            </transform>
            <transform time="0.0015">
                <matrix value="0.997251149078292 -0.006519668913797783 -0.0737059881570422 0.07229764561205193 -0.017394643885950342 0.9451497868544901 -0.31505115482740637 0.350412018255412 0.07187680816444542 0.31546111142977873 0.9424318778941138 -0.011332405059961283 0.0 0.0 0.0 1.0"/>
            </transform>
        </animation>
    </shape>
    <shape name="temp6" type="ply">
        <string name="filename" value="meshes/Cube_002.ply"/>
        <boolean name="face_normals" value="true"/>
        <ref id="mat-Material" name="bsdf"/>
        <animation name="to_world">
            <transform time="0">
                <matrix value="0.99959709375615 -0.021359570775703295 -0.01643889582577853 0.00038720060861985317 0.006632007421630524 0.8000927156185665 -0.594123046606285 0.3832397740440536 0.026089522310102177 0.5937544715209742 0.79993000334263 0.10940222438372588 0.0 0.0 0.0 1.0"/>
            </transform>
            <transform time="0.0015">
                <matrix value="0.999579828348979 -0.021892678209730124 -0.016796156821962376 0.0007352614479220853 0.006692173216817861 0.7965462432879389 -0.5988983247623303 0.3865052585187714 0.026735793946450148 0.598514211689599 0.7963759630039093 0.10997859102382493 0.0 0.0 0.0 1.0"/>
            </transform>
        </animation>
    </shape>
    <shape name="temp7" type="ply">
        <string name="filename" value="meshes/Cube_003.ply"/>
        <boolean name="face_normals" value="true"/>
        <ref id="mat-Material" name="bsdf"/>
        <animation name="to_world">
            <transform time="0">
                <matrix value="0.9969826355830482 -0.06779473450376808 0.03725595137064376 -0.02424058095543824 0.07441128704831507 0.7029734701922937 -0.704027963676439 0.05975948773624065 0.02186247732821301 0.7046843810163468 0.7059101432981214 0.13556240399242786 0.0 0.0 0.0 1.0"/>
            </transform>
            <transform time="0.0015">
                <matrix value="0.996964141491633 -0.06781087841809055 0.03772151275771213 -0.024387814572862675 0.07464517108342433 0.6994959468459486 -0.707475556331403 0.06049138895275799 0.021909853796973765 0.708151909688538 0.7024471638976961 0.13650294928250503 0.0 0.0 0.0 1.0"/>
            </transform>
        </animation>
    </shape>
    <shape name="temp8" type="ply">
        <string name="filename" value="meshes/Cube_004.ply"/>
        <boolean name="face_normals" value="true"/>
        <ref id="mat-Material" name="bsdf"/>
        <animation name="to_world">
            <transform time="0">
                <matrix value="0.988883510895755 -0.11223138022164143 0.09730949018510227 0.01930535846085424 0.1433497864463935 0.553307413286388 -0.8191284955186537 -0.3444555960310527 0.03840350949511282 0.8239681867578319 0.5633060785276921 -0.04129407048833078 0.0 0.0 0.0 1.0"/>
            </transform>
            <transform time="0.0015">
                <matrix value="0.9888121514679646 -0.11255900053418258 0.0976568085182758 0.019492474235047384 0.14368921605376944 0.5504135683978184 -0.8210238395904055 -0.3451730171469506 0.03897401583345417 0.8258668294263051 0.5604899722038859 -0.04280925535859892 0.0 0.0 0.0 1.0"/>
            </transform>
        </animation>
    </shape>
    <shape name="temp9" type="ply">
        <string name="filename" value="meshes/Cube_005.ply"/>
        <boolean name="face_normals" value="true"/>
        <ref id="mat-Material" name="bsdf"/>
        <animation name="to_world">
            <transform time="0">
                <matrix value="0.9888941486843715 -0.12818164752212557 0.07494276869047861 0.058724563427522636 0.12201751866488661 0.41524238511710954 -0.9009969263879125 -0.5927932185822167 0.08453832883886765 0.9001355796446979 0.42631309332273026 -0.42545818565010574 0.0 0.0 0.0 1.0"/>
            </transform>
            <transform time="0.0015">
                <matrix value="0.98882569341934 -0.12854608442963933 0.07522278788403108 0.05903728977838574 0.12224696986255397 0.4132908405106849 -0.9018652562623186 -0.593609786354065 0.08500796706224739 0.9009839480117494 0.4244286680532058 -0.42736497389872985 0.0 0.0 0.0 1.0"/>
            </transform>
        </animation>
    </shape>
    <shape name="temp10" type="ply">
        <string name="filename" value="meshes/Cube_006.ply"/>
        <boolean name="face_normals" value="true"/>
        <ref id="mat-Material" name="bsdf"/>
        <animation name="to_world">
            <transform time="0">
                <matrix value="0.9896631721531062 -0.11764192581499011 -0.08187178768295225 0.00748851515599025 -0.036017207509569577 0.348703545720585 -0.9363634408002266 -0.515762063523149 0.13879353293370708 0.9296449064813328 0.34086457337025516 -0.8503737215229761 0.0 0.0 0.0 1.0"/>
            </transform>
            <transform time="0.0015">
                <matrix value="0.98967290588543 -0.1177858829139643 -0.08154720564910113 0.007657108282174122 -0.03584166874256434 0.3474870639678337 -0.936823213434937 -0.5165235613148967 0.13876963901439285 0.9300829825861091 0.3396795216379428 -0.8511037628328713 0.0 0.0 0.0 1.0"/>
            </transform>
        </animation>
    </shape>
    <shape name="temp11" type="ply">
        <string name="filename" value="meshes/Cube_007.ply"/>
        <boolean name="face_normals" value="true"/>
        <ref id="mat-Material" name="bsdf"/>
        <animation name="to_world">
            <transform time="0">
                <matrix value="0.93933424286426 0.009148949883505798 -0.34244806749181245 -0.03661100913198889 -0.32471131701141964 0.3446588920431436 -0.8805955365724851 -0.042783423552114425 0.10990267309898286 0.9383969897147196 0.32669598283959017 -0.9163135617713739 0.0 0.0 0.0 1.0"/>
            </transform>
            <transform time="0.0015">
                <matrix value="0.9391264994853686 0.00808072076196227 -0.3430464399808293 -0.036400026476169335 -0.3250643451215601 0.34345789415072664 -0.8809354236522644 -0.04215753901620564 0.11063519549702154 0.9388485147010958 0.32515261057026984 -0.9207000099145197 0.0 0.0 0.0 1.0"/>
            </transform>
        </animation>
    </shape>
    <shape name="temp12" type="ply">
        <string name="filename" value="meshes/Cube_008.ply"/>
        <boolean name="face_normals" value="true"/>
        <ref id="mat-Material" name="bsdf"/>
        <animation name="to_world">
            <transform time="0">
                <matrix value="0.07523316702923796 0.9810422111579963 -0.17836747512293738 2.3564894213904433 -0.664227288764545 -0.08420888234398433 -0.742647987022842 0.7170584747639519 -0.7436011485265777 0.1743278691260119 0.645294952817856 1.4238344697667777 0.0 0.0 0.0 1.0"/>
            </transform>
            <transform time="0.0015">
                <matrix value="0.07563799614797315 0.9809216893547144 -0.17885957779489 2.355340524641446 -0.6635110935057091 -0.08448338145149267 -0.7432574315007113 0.7146461139171313 -0.7441999326338747 0.1748734867232194 0.6444575496209981 1.4230538947862796 0.0 0.0 0.0 1.0"/>
            </transform>
        </animation>
    </shape>
    <shape name="temp13" type="ply">
        <string name="filename" value="meshes/Cube_009.ply"/>
        <boolean name="face_normals" value="true"/>
        <ref id="mat-Material" name="bsdf"/>
        <animation name="to_world">
            <transform time="0">
                <matrix value="-0.07992079723133821 0.9917624936642591 0.1000916504696466 2.5997050477506978 -0.781436438326534 -3.013142882172946e-06 -0.6239154773223595 0.7327480995997928 -0.6187753423151728 -0.1280902668415992 0.7749995153895725 1.0030919392326945 0.0 0.0 0.0 1.0"/>
            </transform>
            <transform time="0.0015">
                <matrix value="-0.07984687352357339 0.9917637927466245 0.10013782602469357 2.599637623570229 -0.7818556270939876 -2.4858701301628146e-06 -0.6233904471853267 0.7342778695157153 -0.6182554971813281 -0.12808022561073634 0.7754162255618742 1.0026326806895147 0.0 0.0 0.0 1.0"/>
            </transform>
        </animation>
    </shape>
    <shape name="temp14" type="ply">
        <string name="filename" value="meshes/Cube_010.ply"/>
        <boolean name="face_normals" value="true"/>
        <ref id="mat-Material" name="bsdf"/>
        <animation name="to_world">
            <transform time="0">
                <matrix value="0.025075534947795054 0.9989885758505538 0.03666051881210401 1.8010166102367273 -0.9483045581151257 0.012158029548019181 0.31701145713608947 2.3259805856042757 0.3162735782152273 -0.0426798568278952 0.9476891410859339 -0.7686332648595857 0.0 0.0 0.0 1.0"/>
            </transform>
            <transform time="0.0015">
                <matrix value="0.024668303831147233 0.9989879000273578 0.036957491509878725 1.8022905140267023 -0.9481909606718253 0.011661207737207333 0.31737033084702165 2.326454543214542 0.31664647430916504 -0.04283721474993088 0.9475576133474897 -0.7695812931883161 0.0 0.0 0.0 1.0"/>
            </transform>
        </animation>
    </shape>
    <shape name="temp15" type="ply">
        <string name="filename" value="meshes/Cube_011.ply"/>
        <boolean name="face_normals" value="true"/>
        <ref id="mat-Material" name="bsdf"/>
        <animation name="to_world">
            <transform time="0">
                <matrix value="0.01250126323739821 0.9975228555993351 -0.06891993573829334 1.2571761308041987 -0.8344553984117782 0.048381533635224 0.5489146853980023 2.255641229003662 0.5508969428768481 0.05064803941404564 0.8330312595001372 -1.3000856945378632 0.0 0.0 0.0 1.0"/>
            </transform>
            <transform time="0.0015">
                <matrix value="0.012044745446913436 0.9975347951424639 -0.06882993604289575 1.2582475513166482 -0.8344804667617466 0.04794985081788161 0.5489146343357939 2.2555869073510975 0.5508693373737001 0.05082525602523766 0.8330387401136664 -1.3014456837051684 0.0 0.0 0.0 1.0"/>
            </transform>
        </animation>
    </shape>
    <shape name="temp16" type="ply">
        <string name="filename" value="meshes/Cube_012.ply"/>
        <boolean name="face_normals" value="true"/>
        <ref id="mat-Material" name="bsdf"/>
        <animation name="to_world">
            <transform time="0">
                <matrix value="0.09961121098812645 0.9896174151010695 0.10357439195575058 1.0946987496604583 -0.7204462286379907 -2.8833618745867422e-05 0.6932155958509783 1.8571329644943058 0.6860214581926042 -0.1437263752469114 0.712961934205506 -1.8626156953164643 0.0 0.0 0.0 1.0"/>
            </transform>
            <transform time="0.0015">
                <matrix value="0.09973551713267689 0.9896206965981431 0.10342349632166403 1.0943255879276264 -0.7194355959548285 -4.429292417081648e-05 0.694265928456822 1.8578899588054725 0.6870647706852733 -0.1437037832283847 0.7119626127458438 -1.8653384700087208 0.0 0.0 0.0 1.0"/>
            </transform>
        </animation>
    </shape>
    <shape name="temp17" type="ply">
        <string name="filename" value="meshes/Cube_013.ply"/>
        <boolean name="face_normals" value="true"/>
        <ref id="mat-Material" name="bsdf"/>
        <animation name="to_world">
            <transform time="0">
                <matrix value="0.880981761511417 0.2849709963852381 0.37757038552768873 0.624239102200516 -0.42346492277851944 0.11912115188466137 0.8979794581913583 1.4953608939244656 0.21085801300292362 -0.9510427117597613 0.22565256930992894 -1.46238973545395 0.0 0.0 0.0 1.0"/>
            </transform>
            <transform time="0.0015">
                <matrix value="0.8813003577402323 0.2843826922931436 0.37727104184137117 0.6237552847480844 -0.4229138499165473 0.11865364292878579 0.8983013458426801 1.4961183615349074 0.21063363770730903 -0.9512775453020685 0.2248724911013199 -1.4630720392105054 0.0 0.0 0.0 1.0"/>
            </transform>
        </animation>
    </shape>
    <shape name="temp18" type="ply">
        <string name="filename" value="meshes/Cube_014.ply"/>
        <boolean name="face_normals" value="true"/>
        <ref id="mat-Material" name="bsdf"/>
        <animation name="to_world">
            <transform time="0">
                <matrix value="0.9440642912484687 0.2843279317012325 0.1669874748298072 0.10316075898849952 -0.21576119139686578 0.1497688367057901 0.9647879699361874 1.0222530292595684 0.24936202078978492 -0.9468505891457023 0.20275024691492272 -0.8402047055117436 0.0 0.0 0.0 1.0"/>
            </transform>
            <transform time="0.0015">
                <matrix value="0.9441245127333704 0.28429176014195473 0.16670857049447124 0.10289209931190932 -0.21573382046070996 0.15077745551815602 0.9646375236495347 1.0220679275048807 0.2491576905999821 -0.9467019155517349 0.20369588156868385 -0.839247183485532 0.0 0.0 0.0 1.0"/>
            </transform>
        </animation>
    </shape>
    <shape name="temp19" type="ply">
        <string name="filename" value="meshes/Cube_015.ply"/>
        <boolean name="face_normals" value="true"/>
        <ref id="mat-Material" name="bsdf"/>
        <animation name="to_world">
            <transform time="0">
                <matrix value="0.9833090880401115 0.1293394455418284 0.12796093425325789 0.03521934689100176 -0.1499982491972902 0.17824040565429694 0.9724863020725725 0.6389483817430828 0.10297381596980286 -0.9754485078938642 0.19466578664564954 -0.31293184431090915 0.0 0.0 0.0 1.0"/>
            </transform>
            <transform time="0.0015">
                <matrix value="0.9833081146668792 0.12929362097456815 0.12801478616029946 0.03522283545328221 -0.15003375178917094 0.1781578966530446 0.9724959443195901 0.6389939053666538 0.10293145827725603 -0.9754696611598981 0.1945821978105153 -0.31283876602306926 0.0 0.0 0.0 1.0"/>
            </transform>
        </animation>
    </shape>
    <shape name="temp20" type="ply">
        <string name="filename" value="meshes/Cube_016.ply"/>
        <boolean name="face_normals" value="true"/>
        <ref id="mat-Material" name="bsdf"/>
        <animation name="to_world">
            <transform time="0">
                <matrix value="0.9844526503163855 0.045462357876030146 0.16966325721561287 0.06980839727588561 -0.17510405086990516 0.1779717389445229 0.9683298811735233 0.3374901375855473 0.013828305205247266 -0.9829840245461732 0.1831652010944158 0.08975976663116736 0.0 0.0 0.0 1.0"/>
            </transform>
            <transform time="0.0015">
                <matrix value="0.9844422304357177 0.04543525886770096 0.16973101080888858 0.06975635716598055 -0.17516462500314195 0.17789333969921672 0.9683333363829576 0.33754720602029187 0.01380346503949565 -0.9829994708607745 0.18308417388006915 0.08999414327535304 0.0 0.0 0.0 1.0"/>
            </transform>
        </animation>
    </shape>
    <shape name="temp21" type="ply">
        <string name="filename" value="meshes/Cube_017.ply"/>
        <boolean name="face_normals" value="true"/>
        <ref id="mat-Material" name="bsdf"/>
        <animation name="to_world">
            <transform time="0">
                <matrix value="0.9578198384119909 -0.03522964063050793 0.2851717246599571 0.20169203532994667 -0.27882271150139976 0.12591326448668505 0.9520486255739088 0.17763825160307883 -0.06944505759476054 -0.9914113423844914 0.11077199150300623 0.3185290517189915 0.0 0.0 0.0 1.0"/>
            </transform>
            <transform time="0.0015">
                <matrix value="0.9577498193670124 -0.0354363404040816 0.28538136906686984 0.20174173587318095 -0.2790082093126967 0.1259122860448802 0.951994431550071 0.17766530211699116 -0.06966605640224441 -0.991404118585441 0.11069807044599382 0.31885228180285136 0.0 0.0 0.0 1.0"/>
            </transform>
        </animation>
    </shape>
    <shape name="temp22" type="ply">
        <string name="filename" value="meshes/Cube_018.ply"/>
        <boolean name="face_normals" value="true"/>
        <ref id="mat-Material" name="bsdf"/>
        <animation name="to_world">
            <transform time="0">
                <matrix value="0.1376332604644813 0.9675245034134783 0.21193375635489747 0.8622648937881443 -0.6457514445230459 -0.07460898830469127 0.7598788426651967 0.07497777636719843 0.7510088169537983 -0.24145566649910416 0.6145278641540048 -0.19219022037879188 0.0 0.0 0.0 1.0"/>
            </transform>
            <transform time="0.0015">
                <matrix value="0.1380634307968287 0.9674501778802145 0.21199372381243053 0.8621653422385767 -0.6455250155694803 -0.07445243386134415 0.7600866318118713 0.07469552425211912 0.7511246643253899 -0.24180188321325446 0.6142502559477252 -0.19203061516749786 0.0 0.0 0.0 1.0"/>
            </transform>
        </animation>
    </shape>
    <shape name="temp23" type="ply">
        <string name="filename" value="meshes/Cube_019.ply"/>
        <boolean name="face_normals" value="true"/>
        <ref id="mat-Material" name="bsdf"/>
        <animation name="to_world">
            <transform time="0">
                <matrix value="-0.07669098731089115 0.9864900098660265 -0.144754694929462 0.48399542739682133 -0.9085460447815441 -0.009339595722357917 0.41766421556228284 -0.051780028135527324 0.41066925874115956 0.1635485051822712 0.8969878979774488 -0.047886615567989455 0.0 0.0 0.0 1.0"/>
            </transform>
            <transform time="0.0015">
                <matrix value="-0.07675147527666146 0.9864738351642028 -0.14483285244769717 0.4841344888903486 -0.9084351121469292 -0.009318265390646618 0.41790599511900894 -0.05189365610047664 0.41090338213034233 0.16364726472772806 0.896862710463213 -0.04789541933705539 0.0 0.0 0.0 1.0"/>
            </transform>
        </animation>
    </shape>
    <shape name="temp24" type="ply">
        <string name="filename" value="meshes/Cube_020.ply"/>
        <boolean name="face_normals" value="true"/>
        <ref id="mat-Material" name="bsdf"/>
        <animation name="to_world">
            <transform time="0">
                <matrix value="0.10324114035237558 0.9575975979667518 -0.2689423577611576 0.09394975573173689 -0.9521498112961717 0.01696221808878199 -0.3051364930688165 0.16936529408014972 -0.28763113264758033 0.28757228264452156 0.9135414807628638 0.10428698528048191 0.0 0.0 0.0 1.0"/>
            </transform>
            <transform time="0.0015">
                <matrix value="0.10351766975286614 0.9575350995594634 -0.26905873704422234 0.09416334113960229 -0.9521704590488289 0.017225633178496548 -0.3050574147287759 0.16925910295187746 -0.2874635210457338 0.28776485937907526 0.9135336342036413 0.1043528054358922 0.0 0.0 0.0 1.0"/>
            </transform>
        </animation>
    </shape>
    <shape name="temp25" type="ply">
        <string name="filename" value="meshes/Cube_021.ply"/>
        <boolean name="face_normals" value="true"/>
        <ref id="mat-Material" name="bsdf"/>
        <animation name="to_world">
            <transform time="0">
                <matrix value="0.19021722364354898 0.9348015218293657 -0.29989631700802943 -0.1604803538722706 -0.8007508949039674 -0.028999265784077945 -0.5982755669823805 0.0950379595465696 -0.5679670476767956 0.3539598642534881 0.7430457221664591 0.2859488524405973 0.0 0.0 0.0 1.0"/>
            </transform>
            <transform time="0.0015">
                <matrix value="0.19057353250019068 0.9347497762999941 -0.29983163821073555 -0.16027695238086556 -0.8006117025317369 -0.028746290894446684 -0.5984741394004407 0.09508421345532111 -0.5680439601190921 0.3541172709849768 0.7429119476908457 0.28609218525273183 0.0 0.0 0.0 1.0"/>
            </transform>
        </animation>
    </shape>
    <shape name="temp26" type="ply">
        <string name="filename" value="meshes/Cube_022.ply"/>
        <boolean name="face_normals" value="true"/>
        <ref id="mat-Material" name="bsdf"/>
        <animation name="to_world">
            <transform time="0">
                <matrix value="0.6345004317169213 0.398539077182363 -0.6622416612729132 -0.08188009037053412 -0.7156102456088096 -0.02084659684662605 -0.6981783612224665 -0.19892494047926035 -0.29205594324385176 0.9169142907203034 0.2719718821938054 0.674261394098097 0.0 0.0 0.0 1.0"/>
            </transform>
            <transform time="0.0015">
                <matrix value="0.634316049295607 0.3985559126890893 -0.6624081751344726 -0.0819628791428958 -0.7158015373843798 -0.02083851520266567 -0.6979825291429231 -0.19907732562091163 -0.29198777360801476 0.9169071570310126 0.272069138680052 0.674303113315819 0.0 0.0 0.0 1.0"/>
            </transform>
        </animation>
    </shape>
    <shape name="temp27" type="ply">
        <string name="filename" value="meshes/Cube_023.ply"/>
        <boolean name="face_normals" value="true"/>
        <ref id="mat-Material" name="bsdf"/>
        <animation name="to_world">
            <transform time="0">
                <matrix value="0.8600226584897532 0.2678310177025299 -0.43431259311021075 -0.0611514019326882 -0.4802826371787166 0.13748720858198293 -0.8662672609960469 -0.2871847767870865 -0.172302256806855 0.9536020382835201 0.24687757227669033 0.21053312385254336 0.0 0.0 0.0 1.0"/>
            </transform>
            <transform time="0.0015">
                <matrix value="0.8600461471028362 0.2678186651563369 -0.43427370072815386 -0.061115244098460544 -0.48027457892490755 0.13767727559578907 -0.8662415681948588 -0.2871899570528863 -0.17220747259373453 0.9535781066332361 0.2470361714959493 0.21061831384023608 0.0 0.0 0.0 1.0"/>
            </transform>
        </animation>
    </shape>
    <shape name="temp28" type="ply">
        <string name="filename" value="meshes/Cube_024.ply"/>
        <boolean name="face_normals" value="true"/>
        <ref id="mat-Material" name="bsdf"/>
        <animation name="to_world">
            <transform time="0">
                <matrix value="0.8584037200346792 0.4334541730371718 -0.27433370794113376 -0.1887123683666807 -0.3805752428518493 0.17954556831858298 -0.9071526607949219 -0.5141710444246173 -0.34395370257097624 0.8831076106069171 0.31908452598717507 -0.32942409962770103 0.0 0.0 0.0 1.0"/>
            </transform>
            <transform time="0.0015">
                <matrix value="0.8583682796748575 0.4335432014795213 -0.27430392165290635 -0.18874474782554918 -0.38057383704559067 0.17953549329656035 -0.9071552479468137 -0.5141702100430251 -0.34404369651123834 0.8830659648797519 0.31910278923704255 -0.32951443608732284 0.0 0.0 0.0 1.0"/>
            </transform>
        </animation>
    </shape>
    <shape name="temp29" type="ply">
        <string name="filename" value="meshes/Cube_025.ply"/>
        <boolean name="face_normals" value="true"/>
        <ref id="mat-Material" name="bsdf"/>
        <animation name="to_world">
            <transform time="0">
                <matrix value="0.8991320450971318 0.3673336489905574 -0.23796605930402376 -0.26777198512312617 -0.3213263726736486 0.1848554095235314 -0.9287506837734936 -0.7931292023961962 -0.297172165516899 0.9115341775425878 0.2842434001969646 -0.7080186475546347 0.0 0.0 0.0 1.0"/>
            </transform>
            <transform time="0.0015">
                <matrix value="0.8991278643793141 0.36733837975292927 -0.23797456116172067 -0.26777664080953667 -0.321333569252793 0.18484588867652946 -0.928750088047729 -0.7931365110961381 -0.29717703876583623 0.9115342000700276 0.2842382258931811 -0.7080092888243558 0.0 0.0 0.0 1.0"/>
            </transform>
        </animation>
    </shape>
    <shape name="temp30" type="ply">
        <string name="filename" value="meshes/Cube_026.ply"/>
        <boolean name="face_normals" value="true"/>
        <ref id="mat-Material" name="bsdf"/>
        <animation name="to_world">
            <transform time="0">
                <matrix value="0.9233946247254121 0.23835662869741336 -0.3008800761760313 -0.3254916615291295 -0.3488361594391758 0.19399883818673697 -0.9168849383551896 -1.1451293289114641 -0.16017526643228072 0.951604115780845 0.2622848743393341 -0.8766105473143445 0.0 0.0 0.0 1.0"/>
            </transform>
            <transform time="0.0015">
                <matrix value="0.9233922950124296 0.2383455376878528 -0.30089598205394474 -0.3255254846700848 -0.3488465202791723 0.1939845910828512 -0.9168840107250705 -1.1451453732059578 -0.16016607842724456 0.9516097926956912 0.2622698620500675 -0.8766297977605414 0.0 0.0 0.0 1.0"/>
            </transform>
        </animation>
    </shape>
    <shape name="temp31" type="ply">
        <string name="filename" value="meshes/Cube_027.ply"/>
        <boolean name="face_normals" value="true"/>
        <ref id="mat-Material" name="bsdf"/>
        <animation name="to_world">
            <transform time="0">
                <matrix value="0.873981653360566 0.17444589642132313 -0.45356829295622286 -0.5768139038350365 -0.48182932731943684 0.18965764053873094 -0.8554941347954542 -1.5819284824511282 -0.06321470426061164 0.966228779178304 0.24981088373557575 -1.0127911485427947 0.0 0.0 0.0 1.0"/>
            </transform>
            <transform time="0.0015">
                <matrix value="0.8739564094842771 0.174491677435533 -0.45359934728929197 -0.5769430806443308 -0.4818702409090734 0.18964125482988725 -0.855474731156266 -1.5819593496795163 -0.06325202753914509 0.966223733031774 0.24982096852173274 -1.0128461720437663 0.0 0.0 0.0 1.0"/>
            </transform>
        </animation>
    </shape>
    <shape name="temp32" type="ply">
        <string name="filename" value="meshes/Cube_028.ply"/>
        <boolean name="face_normals" value="true"/>
        <ref id="mat-Material" name="bsdf"/>
        <animation name="to_world">
            <transform time="0">
                <matrix value="-0.10474926288989711 0.984176916835446 0.14291006670603434 -1.4790474854667113 -0.8086556583284132 -0.0006455968946003842 -0.5882772264776008 -2.1163962364412074 -0.5788765431442111 -0.177187421129149 0.7959278303967516 -1.3107388742417219 0.0 0.0 0.0 1.0"/>
            </transform>
            <transform time="0.0015">
                <matrix value="-0.10476894896459857 0.9841769994360587 0.14289508590512956 -1.4790983354578615 -0.8085544434691838 -0.0006397535770650696 -0.5884163454643591 -2.1164503601010645 -0.5790143472628152 -0.1771869968623649 0.7958276888957311 -1.3111108572139019 0.0 0.0 0.0 1.0"/>
            </transform>
        </animation>
    </shape>
    <shape name="temp33" type="ply">
        <string name="filename" value="meshes/Cube_029.ply"/>
        <boolean name="face_normals" value="true"/>
        <ref id="mat-Material" name="bsdf"/>
        <animation name="to_world">
            <transform time="0">
                <matrix value="-0.00853712898495994 0.9787692705606532 0.20478227753662825 -1.6078392389507754 -0.9990312963741098 -0.01718384912697138 0.04047836249900123 -1.832457290227606 0.04313715256539138 -0.20424003437465454 0.9779690189735619 -0.12810178260832095 0.0 0.0 0.0 1.0"/>
            </transform>
            <transform time="0.0015">
                <matrix value="-0.008450779449821536 0.9787600042737217 0.204830151761141 -1.6075977586276329 -0.9990280890295244 -0.017119991719555888 0.040584302113784526 -1.8323342855942468 0.04322821322697451 -0.20428979899114735 0.977954610920428 -0.12793142485212555 0.0 0.0 0.0 1.0"/>
            </transform>
        </animation>
    </shape>
    <shape name="temp34" type="ply">
        <string name="filename" value="meshes/Cube_030.ply"/>
        <boolean name="face_normals" value="true"/>
        <ref id="mat-Material" name="bsdf"/>
        <animation name="to_world">
            <transform time="0">
                <matrix value="-0.042577393402214 0.9801718224235773 -0.19351975524062776 -3.2161779602135896 -0.9726858944618096 0.003570234303287661 0.23209359118695988 -1.8931666809788843 0.2281826041554461 0.19811621066315227 0.9532475335404459 0.279941706675113 0.0 0.0 0.0 1.0"/>
            </transform>
            <transform time="0.0015">
                <matrix value="-0.04256927282149958 0.9801629334356601 -0.19356656892856863 -3.216233436164332 -0.9727079382659627 0.003570221910535393 0.23200125131979416 -1.89337347974493 0.22809019705715153 0.19816019257820627 0.9532605045176301 0.27972392334319895 0.0 0.0 0.0 1.0"/>
            </transform>
        </animation>
    </shape>
    <shape name="temp35" type="ply">
        <string name="filename" value="meshes/Cube_031.ply"/>
        <boolean name="face_normals" value="true"/>
        <ref id="mat-Material" name="bsdf"/>
        <animation name="to_world">
            <transform time="0">
                <matrix value="0.13695660846023328 0.9783217534411157 0.15532343372727825 -1.9002417716500908 -0.7472255317564584 -0.0009046781234942838 0.6645076287137115 -1.052554594876038 0.6502414778015946 -0.20708610141774592 0.7309041033974264 0.6511106977655203 0.0 0.0 0.0 1.0"/>
            </transform>
            <transform time="0.0015">
                <matrix value="0.13709670718655564 0.9783069829497104 0.15529292916398613 -1.8999042779778614 -0.7467899552134367 -0.0009157044793024476 0.6649974089062192 -1.0506223953427796 0.6507125266183144 -0.20715582834961843 0.7304652917992598 0.6517552721636812 0.0 0.0 0.0 1.0"/>
            </transform>
        </animation>
    </shape>
    <shape name="temp36" type="ply">
        <string name="filename" value="meshes/Cube_032.ply"/>
        <boolean name="face_normals" value="true"/>
        <ref id="mat-Material" name="bsdf"/>
        <animation name="to_world">
            <transform time="0">
                <matrix value="0.6711888349316611 0.613436568541768 0.41598462673886494 -0.6958735189027105 -0.5285879488038693 0.002818158494690493 0.8487171534598111 -0.5564890477632112 0.5194560721383905 -0.7897387067370569 0.3261437633474713 -0.14869705571650105 0.0 0.0 0.0 1.0"/>
            </transform>
            <transform time="0.0015">
                <matrix value="0.6716674313801665 0.6134336099379989 0.4152167532490979 -0.6953589835761825 -0.5275908795182075 0.002780854255736245 0.8493382571419295 -0.5532870795984457 0.519852251000908 -0.7897411397005624 0.32550688144296047 -0.1482719877314106 0.0 0.0 0.0 1.0"/>
            </transform>
        </animation>
    </shape>
    <shape name="temp37" type="ply">
        <string name="filename" value="meshes/Cube_033.ply"/>
        <boolean name="face_normals" value="true"/>
        <ref id="mat-Material" name="bsdf"/>
        <animation name="to_world">
            <transform time="0">
                <matrix value="0.9767608642848657 0.16880399980810268 0.1320743193823841 -0.14078848100071228 -0.15009893143413347 0.09885447715274404 0.9837166168424107 0.3004449255194108 0.15299914720394592 -0.9806797963385153 0.12189448636258977 -0.37610759442280917 0.0 0.0 0.0 1.0"/>
            </transform>
            <transform time="0.0015">
                <matrix value="0.9767614068207657 0.16880026175491428 0.13207509637898843 -0.14079789125912723 -0.15009830273076696 0.09884843228971338 0.983717314692592 0.30044889429767285 0.15299631006032757 -0.9806810503660011 0.1218879691227256 -0.37614068478328655 0.0 0.0 0.0 1.0"/>
            </transform>
        </animation>
    </shape>
    <shape name="temp38" type="ply">
        <string name="filename" value="meshes/Cube_034.ply"/>
        <boolean name="face_normals" value="true"/>
        <ref id="mat-Material" name="bsdf"/>
        <animation name="to_world">
            <transform time="0">
                <matrix value="0.9999246489972998 0.0023022539594470858 0.012061965362410589 -0.03435732062020769 -0.012279447615096441 0.18087909841622118 0.983428687329825 0.3693942302781327 8.234401899199862e-05 -0.9835025645411255 0.18089373746218265 -0.36022233379528934 0.0 0.0 0.0 1.0"/>
            </transform>
            <transform time="0.0015">
