
<scene version="2.1.0">
    <default name="spp" value="1024"/>
    <default name="resx" value="1280"/>
    <default name="resy" value="720"/>
    <integrator name="temp0" type="path">
        <integer name="max_depth" value="12"/>
    </integrator>
    <sensor name="temp44" type="perspective">
        <string name="fov_axis" value="x"/>
        <float name="fov" value="83.974423"/>
        <float name="principal_point_offset_x" value="0.000000"/>
        <float name="principal_point_offset_y" value="-0.000000"/>
        <float name="near_clip" value="0.100000"/>
        <float name="far_clip" value="1000.000000"/>
        <sampler name="sampler" type="correlated">
            <integer name="sample_count" value="1024"/>
        </sampler>
        <film name="film" type="hdrfilm">
            <integer name="width" value="$resx"/>
            <integer name="height" value="$resy"/>
        </film>
        <float name="shutter_open" value="0.0"/>
        <float name="shutter_close" value="0.0015"/>
        <animation name="to_world">
            <transform time="0">
                <rotate angle="-142.5518126578256" x="1"/>
                <rotate angle="3.976628485794621e-06" y="1"/>
                <rotate angle="-179.999991348578" z="1"/>
                <translate value="-0.000000 3.030926 4.073377"/>
            </transform>
            <transform time="0.0015">
                <rotate angle="-142.5518126578256" x="1"/>
                <rotate angle="3.976628485794621e-06" y="1"/>
                <rotate angle="-179.999991348578" z="1"/>
                <translate value="-0.000000 3.030926 4.073377"/>
                <translate x="0.15" y="0.0" z="0.0"/>
            </transform>
        </animation>
    </sensor>
    <bsdf id="mat-Material" name="mat-Material" type="twosided">
        <bsdf name="bsdf" type="diffuse">
            <texture name="reflectance" type="bitmap">
                <string name="filename" value="textures/siggraph_2023_logo.jpg"/>
            </texture>
        </bsdf>
    </bsdf>
    <bsdf id="mat-Material.001" name="mat-Material.001" type="twosided">
        <bsdf name="bsdf" type="principled">
            <rgb name="base_color" value="0.433648 0.266232 0.084399"/>
            <float name="spec_tint" value="0.000000"/>
            <float name="spec_trans" value="0.000000"/>
            <float name="metallic" value="0.000000"/>
            <float name="anisotropic" value="0.000000"/>
            <float name="roughness" value="0.500000"/>
            <float name="sheen" value="0.000000"/>
            <float name="sheen_tint" value="0.500000"/>
            <float name="clearcoat" value="0.000000"/>
            <float name="clearcoat_gloss" value="0.173205"/>
            <float name="specular" value="0.500000"/>
        </bsdf>
    </bsdf>
    <bsdf id="mat-Material.002" name="mat-Material.002" type="twosided">
        <bsdf name="bsdf" type="principled">
            <rgb name="base_color" value="0.433648 0.266232 0.084399"/>
            <float name="spec_tint" value="0.000000"/>
            <float name="spec_trans" value="0.000000"/>
            <float name="metallic" value="0.000000"/>
            <float name="anisotropic" value="0.000000"/>
            <float name="roughness" value="0.500000"/>
            <float name="sheen" value="0.000000"/>
            <float name="sheen_tint" value="0.500000"/>
            <float name="clearcoat" value="0.000000"/>
            <float name="clearcoat_gloss" value="0.173205"/>
            <float name="specular" value="0.500000"/>
        </bsdf>
    </bsdf>
    <bsdf id="mat-Material.003" name="mat-Material.003" type="twosided">
        <bsdf name="bsdf" type="principled">
            <rgb name="base_color" value="0.433648 0.266232 0.084399"/>
            <float name="spec_tint" value="0.000000"/>
            <float name="spec_trans" value="0.000000"/>
            <float name="metallic" value="0.000000"/>
            <float name="anisotropic" value="0.000000"/>
            <float name="roughness" value="0.500000"/>
            <float name="sheen" value="0.000000"/>
            <float name="sheen_tint" value="0.500000"/>
            <float name="clearcoat" value="0.000000"/>
            <float name="clearcoat_gloss" value="0.173205"/>
            <float name="specular" value="0.500000"/>
        </bsdf>
    </bsdf>
    <bsdf id="mat-Material.004" name="mat-Material.004" type="twosided">
        <bsdf name="bsdf" type="principled">
            <rgb name="base_color" value="0.433648 0.266232 0.084399"/>
            <float name="spec_tint" value="0.000000"/>
            <float name="spec_trans" value="0.000000"/>
            <float name="metallic" value="0.000000"/>
            <float name="anisotropic" value="0.000000"/>
            <float name="roughness" value="0.500000"/>
            <float name="sheen" value="0.000000"/>
            <float name="sheen_tint" value="0.500000"/>
            <float name="clearcoat" value="0.000000"/>
            <float name="clearcoat_gloss" value="0.173205"/>
            <float name="specular" value="0.500000"/>
        </bsdf>
    </bsdf>
    <bsdf id="mat-Material.005" name="mat-Material.005" type="twosided">
        <bsdf name="bsdf" type="principled">
            <rgb name="base_color" value="0.433648 0.266232 0.084399"/>
            <float name="spec_tint" value="0.000000"/>
            <float name="spec_trans" value="0.000000"/>
            <float name="metallic" value="0.000000"/>
            <float name="anisotropic" value="0.000000"/>
            <float name="roughness" value="0.500000"/>
            <float name="sheen" value="0.000000"/>
            <float name="sheen_tint" value="0.500000"/>
            <float name="clearcoat" value="0.000000"/>
            <float name="clearcoat_gloss" value="0.173205"/>
            <float name="specular" value="0.500000"/>
        </bsdf>
    </bsdf>
    <emitter name="temp45" type="point">
        <point name="position" x="-6.815235034541981e-16" y="3.0693089962005615" z="4.109199523925781"/>
        <rgb name="intensity" value="7.957747 7.957747 7.957747"/>
    </emitter>
    <shape name="temp2" type="ply">
        <string name="filename" value="meshes/Cube.ply"/>
        <boolean name="face_normals" value="true"/>
        <ref id="mat-Material" name="bsdf"/>
        <animation name="to_world">
            <transform time="0">
                <matrix value="0.9999991135176153 0.00020054836751678582 0.001514356761213767 -0.0024415109634234877 -0.00020034125139399355 0.9999994785398281 -0.00013326313967985454 -0.017137288218269875 -0.0015143889388273967 0.00013295982879419645 0.9999984634303516 0.0034905991107112566 0.0 0.0 0.0 1.0"/>
            </transform>
            <transform time="0.0015">
                <matrix value="0.9999991135176153 0.00020113460659355924 0.0015147741947673546 -0.002442280654812417 -0.00020082833693364029 0.9999994710306814 -0.0001986831900321652 -0.017049633155040086 -0.00151481961659038 0.00019837891343264937 0.9999984549199834 0.003488448043540697 0.0 0.0 0.0 1.0"/>
            </transform>
        </animation>
    </shape>
    <shape name="temp4" type="ply">
        <string name="filename" value="meshes/Plane.ply"/>
        <boolean name="face_normals" value="true"/>
        <ref id="mat-Material.001" name="bsdf"/>
    </shape>
    <shape name="temp5" type="ply">
        <string name="filename" value="meshes/Cube_001.ply"/>
        <boolean name="face_normals" value="true"/>
        <ref id="mat-Material" name="bsdf"/>
        <animation name="to_world">
            <transform time="0">
                <matrix value="0.9999982270352306 1.5741318209597788e-05 -0.0018890161746413054 0.002530834790034353 -1.5132919168763201e-05 0.9999965583628654 0.0003326342335425118 -0.017963293474394293 0.0018886640178573011 -0.0003326008556118502 0.9999949175003936 -0.004417392441908474 0.0 0.0 0.0 1.0"/>
            </transform>
            <transform time="0.0015">
                <matrix value="0.9999982270352306 2.554299978604568e-05 -0.001889565263588858 0.002531281258430727 -2.5285888130848344e-05 0.9999966259451851 0.00014656712052436805 -0.017755713988955674 0.001889213574810141 -0.00014651526643614816 0.9999949770729701 -0.004425606131525338 0.0 0.0 0.0 1.0"/>
            </transform>
        </animation>
    </shape>
    <shape name="temp6" type="ply">
        <string name="filename" value="meshes/Cube_002.ply"/>
        <boolean name="face_normals" value="true"/>
        <ref id="mat-Material" name="bsdf"/>
        <animation name="to_world">
            <transform time="0">
                <matrix value="1.0 6.946610821758656e-05 0.000254473663432621 -0.0008602132802562057 -6.947761366033896e-05 0.9999960369026935 0.00014899997683325765 -0.017579352292143136 -0.0002544301957175809 -0.00014901350164677114 0.9999960994770463 0.000884527939691182 0.0 0.0 0.0 1.0"/>
            </transform>
            <transform time="0.0015">
                <matrix value="1.0 7.028142883035496e-05 0.00025380228049597467 -0.000859996698987646 -7.034439454530573e-05 0.9999960068661071 0.0003516743923007654 -0.01770989719813806 -0.00025374458990934303 -0.0003516879971737581 0.999996073945942 0.0008898602806325636 0.0 0.0 0.0 1.0"/>
            </transform>
        </animation>
    </shape>
    <shape name="temp7" type="ply">
        <string name="filename" value="meshes/Cube_003.ply"/>
        <boolean name="face_normals" value="true"/>
        <ref id="mat-Material" name="bsdf"/>
        <animation name="to_world">
            <transform time="0">
                <matrix value="0.9999991135176153 3.11103138564482e-06 0.0014640388331337369 -0.0011428487878388793 -1.7109110024874589e-06 0.9999959326106591 -0.0009687173331202624 -0.017358564283637024 -0.0014630305818693077 0.0009687123896851005 0.9999950356980588 0.004399241908848023 0.0 0.0 0.0 1.0"/>
            </transform>
            <transform time="0.0015">
                <matrix value="0.9999991135176153 3.0458066827758278e-05 0.0014645157541600985 -0.0011440057000818077 -2.9336392237032735e-05 0.9999961203393247 -0.0007781918084802369 -0.017353803748500235 -0.0014635337041318812 0.000778146618360361 0.9999952229261562 0.004408155705892715 0.0 0.0 0.0 1.0"/>
            </transform>
        </animation>
    </shape>
    <shape name="temp8" type="ply">
        <string name="filename" value="meshes/Cube_004.ply"/>
        <boolean name="face_normals" value="true"/>
        <ref id="mat-Material" name="bsdf"/>
        <animation name="to_world">
            <transform time="0">
                <matrix value="0.9999993351382115 -0.00021648627621119554 0.0012334387341313723 -0.0004438908394328589 0.00021824708746212505 0.9999986442035531 -0.0014226117334349517 -0.018377085433118084 -0.0012330282947447552 0.0014228802122551484 0.9999981088373558 0.0038147631469862137 0.0 0.0 0.0 1.0"/>
            </transform>
            <transform time="0.0015">
                <matrix value="0.9999993191812733 -0.00022759177842475434 0.0012341604984469632 -0.0004441429507841746 0.0002294113592987783 0.9999985766212335 -0.0014694603734921815 -0.018405811470524586 -0.0012337238576824521 0.0014697427688529744 0.9999980407544113 0.0038170650982681255 0.0 0.0 0.0 1.0"/>
            </transform>
        </animation>
    </shape>
    <shape name="temp9" type="ply">
        <string name="filename" value="meshes/Cube_005.ply"/>
        <boolean name="face_normals" value="true"/>
        <ref id="mat-Material" name="bsdf"/>
        <animation name="to_world">
            <transform time="0">
                <matrix value="0.9999995567588077 0.00047275474893778563 0.0008207031248153162 -0.0007566957558164944 -0.00047663742161279516 0.9999886321682523 0.004738095249352158 -0.014691974344112263 -0.00081844042927023 -0.004738480423342226 0.9999885348264693 0.002164984757282523 0.0 0.0 0.0 1.0"/>
            </transform>
            <transform time="0.0015">
                <matrix value="0.9999995567588076 0.00047580639103346847 0.0008207878880812434 -0.0007564721089618946 -0.0004797060844479769 0.9999885345493462 0.00475857630113734 -0.01467590116876879 -0.0008185010656355259 -0.004758964098771903 0.9999884412124207 0.002161534051398349 0.0 0.0 0.0 1.0"/>
            </transform>
        </animation>
    </shape>
    <shape name="temp10" type="ply">
        <string name="filename" value="meshes/Cube_006.ply"/>
        <boolean name="face_normals" value="true"/>
        <ref id="mat-Material" name="bsdf"/>
        <animation name="to_world">
            <transform time="0">
                <matrix value="0.9999991135176153 0.00013015299641443986 -0.0015770724424034597 -0.0013292262378115094 -0.00013010336827846893 0.9999995828318625 3.432342001634907e-05 -0.017449490744305324 0.0015769901086295514 -3.4117053207710114e-05 0.9999985816280168 -0.0038155635512465147 0.0 0.0 0.0 1.0"/>
            </transform>
            <transform time="0.0015">
                <matrix value="0.9999991135176153 0.00013824975778879624 -0.0015774480049461671 -0.0013291422609554959 -0.00013828802497376505 0.9999995828318625 -2.139761916334547e-05 -0.01746735211773176 0.0015773587139027976 2.161680920925431e-05 0.9999985816280168 -0.003815053184437399 0.0 0.0 0.0 1.0"/>
            </transform>
        </animation>
    </shape>
    <shape name="temp11" type="ply">
        <string name="filename" value="meshes/Cube_007.ply"/>
        <boolean name="face_normals" value="true"/>
        <ref id="mat-Material" name="bsdf"/>
        <animation name="to_world">
            <transform time="0">
                <matrix value="0.9999906919349606 0.0018161164566572736 0.0002836426014644218 0.006368781379211486 -0.0018148399810647361 0.9999826875222925 0.0018372621449283038 -0.010657316382159887 -0.00029422571969072407 -0.001839785533860495 0.9999919625587619 0.009387329135401412 0.0 0.0 0.0 1.0"/>
            </transform>
            <transform time="0.0015">
                <matrix value="0.999990181312937 0.0020984928091549396 0.0003203056840963925 0.006796272814388389 -0.002097209970850281 0.9999826424674128 0.001581608815975319 -0.010180665768763426 -0.0003308336486830699 -0.00158427998672618 0.9999924221186374 0.010105493712218581 0.0 0.0 0.0 1.0"/>
            </transform>
        </animation>
    </shape>
    <shape name="temp12" type="ply">
        <string name="filename" value="meshes/Cube_008.ply"/>
        <boolean name="face_normals" value="true"/>
        <ref id="mat-Material" name="bsdf"/>
        <animation name="to_world">
            <transform time="0">
                <matrix value="0.9918448053018738 0.12204312267037667 0.006821553675214564 0.1278421757020194 -0.1217507317912086 0.9913909011457523 -0.0305068765037698 0.24673222723876453 -0.010834538949376537 0.029325227408780973 0.9994604276580645 0.10446202803811011 0.0 0.0 0.0 1.0"/>
            </transform>
            <transform time="0.0015">
                <matrix value="0.9915268792644644 0.12462035640626769 0.006939525248368128 0.1305507373561951 -0.1243157840815067 0.9910538455904807 -0.031223433325141818 0.2522048680765703 -0.011115269044619592 0.02999437970416942 0.9994377475271714 0.10628720073717055 0.0 0.0 0.0 1.0"/>
            </transform>
        </animation>
    </shape>
    <shape name="temp13" type="ply">
        <string name="filename" value="meshes/Cube_009.ply"/>
        <boolean name="face_normals" value="true"/>
        <ref id="mat-Material" name="bsdf"/>
        <animation name="to_world">
            <transform time="0">
                <matrix value="0.8502740117051135 0.518974997027677 0.018243443220914746 0.3890084810720582 -0.5175554539055754 0.8498173846477954 -0.05067117362244167 1.0473798075430873 -0.04236111258858176 0.03310490944322655 0.9985076362783621 0.1064997283500797 0.0 0.0 0.0 1.0"/>
            </transform>
            <transform time="0.0015">
                <matrix value="0.8470531675499772 0.524246996160556 0.018383730681208302 0.3961794057055589 -0.5227929997427008 0.8465896380455353 -0.051308155949295706 1.057999838093674 -0.04301916251974969 0.033315157288579075 0.9984727437692957 0.10773074479669811 0.0 0.0 0.0 1.0"/>
            </transform>
        </animation>
    </shape>
    <shape name="temp14" type="ply">
        <string name="filename" value="meshes/Cube_010.ply"/>
        <boolean name="face_normals" value="true"/>
        <ref id="mat-Material" name="bsdf"/>
        <animation name="to_world">
            <transform time="0">
                <matrix value="0.693650525595406 0.7169262843042574 0.011587898166565094 0.5435458014576235 -0.715889930801185 0.6933788116131265 -0.04466440373296594 1.2113214465683622 -0.04025005895107858 0.022541774174372108 0.9989287745597019 0.03589491190509053 0.0 0.0 0.0 1.0"/>
            </transform>
            <transform time="0.0015">
                <matrix value="0.690091569875992 0.7203703619115486 0.011546644157370101 0.5495952921972282 -0.7193235447707571 0.6898176513917065 -0.04491401708349585 1.2172152598633579 -0.040512969614255 0.022545705212628685 0.9989180940477803 0.03606981085531666 0.0 0.0 0.0 1.0"/>
            </transform>
        </animation>
    </shape>
    <shape name="temp15" type="ply">
        <string name="filename" value="meshes/Cube_011.ply"/>
        <boolean name="face_normals" value="true"/>
        <ref id="mat-Material" name="bsdf"/>
        <animation name="to_world">
            <transform time="0">
                <matrix value="0.5868506738152606 0.8050724516762859 -0.058389812117719195 0.5109601595647646 -0.7643878307244156 0.5779458849491994 0.27904565786692925 1.5672958532358106 0.25886484600914494 -0.11789526159570984 0.9582437198034515 -0.5190372272205606 0.0 0.0 0.0 1.0"/>
            </transform>
            <transform time="0.0015">
                <matrix value="0.5831466695272836 0.8077418706997663 -0.05881155361962098 0.5152513391631525 -0.7665659049227829 0.5743535016961253 0.280519662126152 1.5731274693626478 0.2608304009170068 -0.1172771416860384 0.9577887810578019 -0.5226185795170101 0.0 0.0 0.0 1.0"/>
            </transform>
        </animation>
    </shape>
    <shape name="temp16" type="ply">
        <string name="filename" value="meshes/Cube_012.ply"/>
        <boolean name="face_normals" value="true"/>
        <ref id="mat-Material" name="bsdf"/>
        <animation name="to_world">
            <transform time="0">
                <matrix value="0.5546788983506109 0.8243316444976566 0.010797474919637408 0.4766587144258955 -0.6515415042187697 0.4340902501548737 0.6135933934124186 1.647267574916503 0.5037960062195604 -0.34413555461460965 0.7882091682619412 -1.424065488701137 0.0 0.0 0.0 1.0"/>
            </transform>
            <transform time="0.0015">
                <matrix value="0.5479522989081387 0.828853630065938 0.011120126802011396 0.48264654315191746 -0.6535201007322516 0.427449558867217 0.616190417331128 1.6536570492176998 0.5086431113091577 -0.3416802589070534 0.7861830538745029 -1.4346891256054053 0.0 0.0 0.0 1.0"/>
            </transform>
        </animation>
    </shape>
    <shape name="temp17" type="ply">
        <string name="filename" value="meshes/Cube_013.ply"/>
        <boolean name="face_normals" value="true"/>
        <ref id="mat-Material" name="bsdf"/>
        <animation name="to_world">
            <transform time="0">
                <matrix value="0.8705403287431275 0.4424333000294104 0.2129108373548119 0.38929483900816875 -0.38696225978543586 0.3547176501753149 0.8491018868602492 1.37828471571678 0.3014817553060403 -0.8214132404995171 0.4811003115217666 -1.2373484001375827 0.0 0.0 0.0 1.0"/>
            </transform>
            <transform time="0.0015">
                <matrix value="0.8693868974196934 0.4441434480993801 0.21407318768031094 0.39156503703821166 -0.38762394135617684 0.3507580170884026 0.850454499229393 1.380633728257326 0.3039630336706007 -0.8222020312972702 0.47819865897817115 -1.242946156599701 0.0 0.0 0.0 1.0"/>
            </transform>
        </animation>
    </shape>
    <shape name="temp18" type="ply">
        <string name="filename" value="meshes/Cube_014.ply"/>
        <boolean name="face_normals" value="true"/>
        <ref id="mat-Material" name="bsdf"/>
        <animation name="to_world">
            <transform time="0">
                <matrix value="0.9330896393257769 0.32548428006165747 0.15293431613904018 0.10028191620999372 -0.2156969214239744 0.1663346460224061 0.9621188302591697 1.0194226052533049 0.2877561047609423 -0.9307286050106065 0.22542505062406004 -0.8513053377973904 0.0 0.0 0.0 1.0"/>
            </transform>
            <transform time="0.0015">
                <matrix value="0.9330041420507098 0.325623041582084 0.15316055150849558 0.10048155351484098 -0.21570964069944212 0.16550908218273075 0.9622587066686857 1.019578082537133 0.2880237616558276 -0.9308276206179633 0.22467457573076505 -0.8521512312762723 0.0 0.0 0.0 1.0"/>
            </transform>
        </animation>
    </shape>
    <shape name="temp19" type="ply">
        <string name="filename" value="meshes/Cube_015.ply"/>
        <boolean name="face_normals" value="true"/>
        <ref id="mat-Material" name="bsdf"/>
        <animation name="to_world">
            <transform time="0">
                <matrix value="0.9779675884310504 0.17483665781574936 0.1138735573383966 0.04385912838069517 -0.14865833107280324 0.2008804437834647 0.9682697185619031 0.6356369798271146 0.1464128268682173 -0.9638641658827383 0.22245372679602535 -0.38084890819498574 0.0 0.0 0.0 1.0"/>
            </transform>
            <transform time="0.0015">
                <matrix value="0.9780503570696792 0.1743617245666087 0.11389193888238017 0.043834456400080546 -0.1485681695846897 0.20088149281124779 0.9682833436611753 0.635531647406042 0.14595153252784104 -0.9639500930475329 0.22238501238219507 -0.38026939918797 0.0 0.0 0.0 1.0"/>
            </transform>
        </animation>
    </shape>
    <shape name="temp20" type="ply">
        <string name="filename" value="meshes/Cube_016.ply"/>
        <boolean name="face_normals" value="true"/>
        <ref id="mat-Material" name="bsdf"/>
        <animation name="to_world">
            <transform time="0">
                <matrix value="0.9734720146375972 0.16585227450497786 0.1573466349833885 0.06962709643940118 -0.1895635093710053 0.20079161825778075 0.9611116679534453 0.35709443085967085 0.127802325952481 -0.9654486747611191 0.22693663328607003 -0.12524686261627244 0.0 0.0 0.0 1.0"/>
            </transform>
            <transform time="0.0015">
                <matrix value="0.973600116937754 0.16519971539615425 0.15724197192381495 0.06964869779564792 -0.18930867228029866 0.20079101302056301 0.961162057842758 0.35683370220520694 0.1272046125557395 -0.9655609064665304 0.2267957986091099 -0.12443872676695014 0.0 0.0 0.0 1.0"/>
            </transform>
        </animation>
    </shape>
    <shape name="temp21" type="ply">
        <string name="filename" value="meshes/Cube_017.ply"/>
        <boolean name="face_normals" value="true"/>
        <ref id="mat-Material" name="bsdf"/>
        <animation name="to_world">
            <transform time="0">
                <matrix value="0.9381184322736322 0.1491600215258759 0.31240801266700735 0.18264784837040093 -0.33802526297499946 0.19982010666989278 0.9196680205815231 0.1694372238388025 0.07476146975233455 -0.9683869985378257 0.2378440674937036 0.1063692954347853 0.0 0.0 0.0 1.0"/>
            </transform>
            <transform time="0.0015">
                <matrix value="0.9380517163148685 0.1486580102940166 0.31284804975817526 0.18266726587558307 -0.3383380891749487 0.19985035426340053 0.919546466994451 0.16968232006221035 0.07418427697816427 -0.9684580801197488 0.23773607858229026 0.10688667051675382 0.0 0.0 0.0 1.0"/>
            </transform>
        </animation>
    </shape>
    <shape name="temp22" type="ply">
        <string name="filename" value="meshes/Cube_018.ply"/>
        <boolean name="face_normals" value="true"/>
        <ref id="mat-Material" name="bsdf"/>
        <animation name="to_world">
            <transform time="0">
                <matrix value="0.19369336485664695 0.9781416410977364 0.07558628405924823 0.8661795141713281 -0.35170011807945367 -0.0026870634074710642 0.9360564814635329 -0.14044211166167309 0.9158016814797874 -0.2079199996662655 0.3434921074690996 -0.1964476319528382 0.0 0.0 0.0 1.0"/>
            </transform>
            <transform time="0.0015">
                <matrix value="0.19374724664998766 0.9781465220430405 0.07538506576775665 0.8662515947806965 -0.3510346547143508 -0.0026262267044671727 0.9363066862846433 -0.14078493859186803 0.9160458385917327 -0.2078978326654376 0.34285454473514354 -0.1962737494559052 0.0 0.0 0.0 1.0"/>
            </transform>
        </animation>
    </shape>
    <shape name="temp23" type="ply">
        <string name="filename" value="meshes/Cube_019.ply"/>
        <boolean name="face_normals" value="true"/>
        <ref id="mat-Material" name="bsdf"/>
        <animation name="to_world">
            <transform time="0">
                <matrix value="-0.049109971685752624 0.987798874897533 -0.14778800161316175 0.46592842380895205 -0.9645892395222215 -0.00851548841002622 0.26361838039885566 0.087999825311413 0.2591435339088377 0.15550108150839656 0.9532384032724679 -0.04460419985604652 0.0 0.0 0.0 1.0"/>
            </transform>
            <transform time="0.0015">
                <matrix value="-0.04910689837944842 0.9877951053059288 -0.14781422716339077 0.4659561088043656 -0.9646051485896425 -0.0085150271982407 0.26356013543981893 0.08805411179125663 0.25908485067278186 0.15552506196813365 0.9532504369329118 -0.044595581500277634 0.0 0.0 0.0 1.0"/>
            </transform>
        </animation>
    </shape>
    <shape name="temp24" type="ply">
        <string name="filename" value="meshes/Cube_020.ply"/>
        <boolean name="face_normals" value="true"/>
        <ref id="mat-Material" name="bsdf"/>
        <animation name="to_world">
            <transform time="0">
                <matrix value="0.060346714817820786 0.992881762680305 -0.10263183645459228 -0.06711182354713965 -0.8914744609321708 0.007371424586772394 -0.4529929074415535 0.31239858254419184 -0.44901332101580294 0.11883231634957298 0.8855731944861344 0.11971427548264618 0.0 0.0 0.0 1.0"/>
            </transform>
            <transform time="0.0015">
                <matrix value="0.06041961091590146 0.9928542716543474 -0.10285496639068167 -0.06687445815060328 -0.8916048099499305 0.00736971406845042 -0.4527364134585483 0.3121470872496197 -0.4487447269305651 0.11906215247035401 0.8856785443326254 0.11946874661676785 0.0 0.0 0.0 1.0"/>
            </transform>
        </animation>
    </shape>
    <shape name="temp25" type="ply">
        <string name="filename" value="meshes/Cube_021.ply"/>
        <boolean name="face_normals" value="true"/>
        <ref id="mat-Material" name="bsdf"/>
        <animation name="to_world">
            <transform time="0">
                <matrix value="0.28739787722928156 0.914569910079408 -0.2845383033718012 -0.11044418173703814 -0.6773733792885801 -0.015951454143835402 -0.7354599142074066 0.2626139020235476 -0.6771692667195011 0.4041122349157216 0.61492016220502 0.21938224228291242 0.0 0.0 0.0 1.0"/>
            </transform>
            <transform time="0.0015">
                <matrix value="0.2873716775323923 0.9145454527888603 -0.2846433808862995 -0.11035964096133244 -0.6775371134318173 -0.01595737270301987 -0.7353089743194061 0.262402711383256 -0.6770165907344612 0.40416735205192655 0.6150520643996591 0.21932959762038076 0.0 0.0 0.0 1.0"/>
            </transform>
        </animation>
    </shape>
    <shape name="temp26" type="ply">
        <string name="filename" value="meshes/Cube_022.ply"/>
        <boolean name="face_normals" value="true"/>
        <ref id="mat-Material" name="bsdf"/>
        <animation name="to_world">
            <transform time="0">
                <matrix value="0.6624662915073214 0.3952049651351729 -0.6362234002064204 -0.07014676708671996 -0.6865493584526982 -0.019034087851438085 -0.72669543913033 -0.1593311961824597 -0.2993112253491411 0.9183954461926107 0.2587123499066948 0.6618087984362 0.0 0.0 0.0 1.0"/>
            </transform>
            <transform time="0.0015">
                <matrix value="0.6631036594912726 0.39525303118269983 -0.6355298818024371 -0.07001089872362679 -0.6858061959682438 -0.019025667920422387 -0.7273977572548924 -0.1582481273290965 -0.2996051569385254 0.9183749312040397 0.2584450988183502 0.6617241691671827 0.0 0.0 0.0 1.0"/>
            </transform>
        </animation>
    </shape>
    <shape name="temp27" type="ply">
        <string name="filename" value="meshes/Cube_023.ply"/>
        <boolean name="face_normals" value="true"/>
        <ref id="mat-Material" name="bsdf"/>
        <animation name="to_world">
            <transform time="0">
                <matrix value="0.851106640284951 0.3145976517605538 -0.4202774477436302 -0.08210484602544882 -0.47836717036595766 0.13498599357978236 -0.8677203830928168 -0.28456748460327946 -0.2162511945350134 0.9395695450572876 0.2653798802043023 0.14687434788287201 0.0 0.0 0.0 1.0"/>
            </transform>
            <transform time="0.0015">
                <matrix value="0.8511554844728906 0.3143555493643164 -0.4203597515131866 -0.0819871287054284 -0.478414977352912 0.13513203446694413 -0.8676713038001861 -0.2846421577167868 -0.21595319392637902 0.9396296257394097 0.2654099983968843 0.14718168635734014 0.0 0.0 0.0 1.0"/>
            </transform>
        </animation>
    </shape>
    <shape name="temp28" type="ply">
        <string name="filename" value="meshes/Cube_024.ply"/>
        <boolean name="face_normals" value="true"/>
        <ref id="mat-Material" name="bsdf"/>
        <animation name="to_world">
            <transform time="0">
                <matrix value="0.8716703721630348 0.39153054817979116 -0.29463155660178875 -0.1732210413905213 -0.38647945931666394 0.17978640991358363 -0.9045835163427184 -0.5186769191293887 -0.30120998196894827 0.9023766068795198 0.3080828055019595 -0.28434564203749213 0.0 0.0 0.0 1.0"/>
            </transform>
            <transform time="0.0015">
                <matrix value="0.8713583342358344 0.3921042845274391 -0.29479231745453627 -0.17363076138409217 -0.3867228983663888 0.17940701778965765 -0.9045549044852839 -0.5188776768161548 -0.3018006519731525 0.9022032507206061 0.30801304601493085 -0.2850029864041005 0.0 0.0 0.0 1.0"/>
            </transform>
        </animation>
    </shape>
    <shape name="temp29" type="ply">
        <string name="filename" value="meshes/Cube_025.ply"/>
        <boolean name="face_normals" value="true"/>
        <ref id="mat-Material" name="bsdf"/>
        <animation name="to_world">
            <transform time="0">
                <matrix value="0.8931356566263673 0.3830904024212439 -0.23568354419008833 -0.28095177718275316 -0.3251964001723322 0.18799543409473474 -0.9267683907293316 -0.7957448430197003 -0.31072694658234445 0.9043769280989857 0.2924867417678872 -0.7233115276782076 0.0 0.0 0.0 1.0"/>
            </transform>
            <transform time="0.0015">
                <matrix value="0.8930750043041331 0.3831653812502638 -0.23579150671936067 -0.28104117960802044 -0.3253480772530384 0.18803759720210217 -0.9267066139675479 -0.7958569513172266 -0.310742534915307 0.9043364087438138 0.29259548725102147 -0.7232115875615186 0.0 0.0 0.0 1.0"/>
            </transform>
        </animation>
    </shape>
    <shape name="temp30" type="ply">
        <string name="filename" value="meshes/Cube_026.ply"/>
        <boolean name="face_normals" value="true"/>
        <ref id="mat-Material" name="bsdf"/>
        <animation name="to_world">
            <transform time="0">
                <matrix value="0.9234010517227013 0.24539123070858093 -0.2951485531896586 -0.30981143860182475 -0.3481626766094531 0.21176998183232765 -0.9131979985825736 -1.1408927224118166 -0.16158579287870972 0.9460086395521283 0.2809837449842821 -0.841643686559671 0.0 0.0 0.0 1.0"/>
            </transform>
            <transform time="0.0015">
                <matrix value="0.9233895148563568 0.24534859377406168 -0.295220108364349 -0.309881316859667 -0.34824485803275496 0.21191016258146567 -0.9131341538013502 -1.1409949201067109 -0.1614746655694482 0.9459883198013694 0.28111606418695645 -0.8414212388994736 0.0 0.0 0.0 1.0"/>
            </transform>
        </animation>
    </shape>
    <shape name="temp31" type="ply">
        <string name="filename" value="meshes/Cube_027.ply"/>
        <boolean name="face_normals" value="true"/>
        <ref id="mat-Material" name="bsdf"/>
        <animation name="to_world">
            <transform time="0">
                <matrix value="0.8729672958918634 0.193979565018783 -0.44754446714364937 -0.5475358573913012 -0.482463827086292 0.2084048116172983 -0.8507593727202626 -1.5810868341859754 -0.07175888742914789 0.9586101417745916 0.275516866570438 -0.9745712887135587 0.0 0.0 0.0 1.0"/>
            </transform>
            <transform time="0.0015">
                <matrix value="0.87294851457556 0.19385664854864343 -0.4476343791822559 -0.5476230452813189 -0.48252642615499086 0.20853037055613413 -0.8506931109945086 -1.5811818106474522 -0.07156652973010338 0.9586077163202327 0.27557540088198895 -0.9742367866659387 0.0 0.0 0.0 1.0"/>
            </transform>
        </animation>
    </shape>
    <shape name="temp32" type="ply">
        <string name="filename" value="meshes/Cube_028.ply"/>
        <boolean name="face_normals" value="true"/>
        <ref id="mat-Material" name="bsdf"/>
        <animation name="to_world">
            <transform time="0">
                <matrix value="-0.11940082212376357 0.9806336992593181 0.15523852052455178 -1.4790619377133993 -0.7920684648075358 0.00018513819737476093 -0.6103810172658422 -2.120666681634108 -0.5985888086917825 -0.1958504598235796 0.7767068806643276 -1.3427207837516448 0.0 0.0 0.0 1.0"/>
            </transform>
            <transform time="0.0015">
                <matrix value="-0.11948280089394982 0.9806327455976971 0.1551814993564428 -1.479245172413668 -0.7917208907788844 0.0001971532059253376 -0.6108320497525499 -2.12055697552493 -0.5990323796608603 -0.1958552303844285 0.7763638277276282 -1.3439463991062848 0.0 0.0 0.0 1.0"/>
            </transform>
        </animation>
    </shape>
    <shape name="temp33" type="ply">
        <string name="filename" value="meshes/Cube_029.ply"/>
        <boolean name="face_normals" value="true"/>
        <ref id="mat-Material" name="bsdf"/>
        <animation name="to_world">
            <transform time="0">
                <matrix value="-0.009104923168571716 0.9819652999543201 0.18883834625391413 -1.6324554490888725 -0.9999439299891673 -0.009157645753332652 -0.0006195212427207966 -1.8928318469736787 0.0011203940591496507 -0.188836653644068 0.9819932948828449 -0.19495356952047183 0.0 0.0 0.0 1.0"/>
            </transform>
            <transform time="0.0015">
                <matrix value="-0.00905993481518733 0.9819526470422623 0.18890632792505402 -1.632237008440551 -0.999943914032229 -0.009185273405584025 -0.0002380218672510823 -1.8920739567562803 0.0015008607628640047 -0.18890112642604914 0.9819804612478029 -0.19423576655102615 0.0 0.0 0.0 1.0"/>
            </transform>
        </animation>
    </shape>
    <shape name="temp34" type="ply">
        <string name="filename" value="meshes/Cube_030.ply"/>
        <boolean name="face_normals" value="true"/>
        <ref id="mat-Material" name="bsdf"/>
        <animation name="to_world">
            <transform time="0">
                <matrix value="-0.04276075096761579 0.9819572203997282 -0.1842033878450705 -3.2074902822312668 -0.9696148634794504 0.0036565519407111098 0.24457727268158508 -1.8651200591967287 0.2408379718356935 0.1890674982266206 0.9519644985804718 0.31133859120738194 0.0 0.0 0.0 1.0"/>
            </transform>
            <transform time="0.0015">
                <matrix value="-0.0427095045636858 0.9819573578744147 -0.18421453887279118 -3.207401602637797 -0.9696830360322999 0.0036562675861966957 0.24430702731840964 -1.8657336516997036 0.24057262218417835 0.1890667777055282 0.9520317704628369 0.3108084570283204 0.0 0.0 0.0 1.0"/>
            </transform>
        </animation>
    </shape>
    <shape name="temp35" type="ply">
        <string name="filename" value="meshes/Cube_031.ply"/>
        <boolean name="face_normals" value="true"/>
        <ref id="mat-Material" name="bsdf"/>
        <animation name="to_world">
            <transform time="0">
                <matrix value="0.12324403353030972 0.9831171011820459 0.1352374662013776 -1.96398865198902 -0.7340149496389358 -0.0014020197195378612 0.6790695810743789 -0.994478991403805 0.6677936073982274 -0.18297081074541688 0.7214499449435275 0.6807633766137628 0.0 0.0 0.0 1.0"/>
            </transform>
            <transform time="0.0015">
                <matrix value="0.12334985834899548 0.9831091039408935 0.13519921039485194 -1.96375910478412 -0.7335639108227636 -0.0014201985375034054 0.6795570804882451 -0.9925140771631829 0.6682698422198738 -0.18301367670890814 0.7209982486481107 0.6814128396848871 0.0 0.0 0.0 1.0"/>
            </transform>
        </animation>
    </shape>
    <shape name="temp36" type="ply">
        <string name="filename" value="meshes/Cube_032.ply"/>
        <boolean name="face_normals" value="true"/>
        <ref id="mat-Material" name="bsdf"/>
        <animation name="to_world">
            <transform time="0">
                <matrix value="0.7777692823215909 0.5921605763594988 0.21070454791520596 -0.5941659372603265 -0.25153210750549176 -0.013969510223748132 0.9677352287195742 0.38107743733133825 0.5760089942502753 -0.805695805165793 0.1380843751669542 -0.17785767014906417 0.0 0.0 0.0 1.0"/>
            </transform>
            <transform time="0.0015">
                <matrix value="0.7778552104339905 0.5921706085793856 0.21035913250033178 -0.5943335249815336 -0.25121758348731427 -0.01381128852457653 0.9678192686042157 0.38196238203692945 0.5760302967628199 -0.805691179531474 0.138022508195269 -0.17788143522839323 0.0 0.0 0.0 1.0"/>
            </transform>
        </animation>
    </shape>
    <shape name="temp37" type="ply">
        <string name="filename" value="meshes/Cube_033.ply"/>
        <boolean name="face_normals" value="true"/>
        <ref id="mat-Material" name="bsdf"/>
        <animation name="to_world">
            <transform time="0">
                <matrix value="0.9778208755963811 0.16233975007456883 0.13233086741484212 -0.13388753583981372 -0.14996132720596708 0.1016168081214293 0.9834530360488696 0.3006575101257491 0.14620758403409767 -0.9814850351359864 0.12370834773374889 -0.3877712159252749 0.0 0.0 0.0 1.0"/>
            </transform>
            <transform time="0.0015">
                <matrix value="0.9778052856677247 0.16241320154316582 0.13235591172598374 -0.13393325765909422 -0.14996989129471822 0.10144270179876808 0.9834697163702768 0.3006450721567925 0.14630302248168575 -0.9814909072886449 0.12354892471086124 -0.38761269688452205 0.0 0.0 0.0 1.0"/>
            </transform>
        </animation>
    </shape>
    <shape name="temp38" type="ply">
        <string name="filename" value="meshes/Cube_034.ply"/>
        <boolean name="face_normals" value="true"/>
        <ref id="mat-Material" name="bsdf"/>
        <animation name="to_world">
            <transform time="0">
                <matrix value="0.999924870617896 0.0011350686137294207 0.012206402909364611 -0.03660241831315014 -0.012210751878899414 0.18052781155680891 0.9834941688363819 0.3695740209582117 -0.0010872617800211691 -0.9835692071510963 0.18052812844398447 -0.35487790828304305 0.0 0.0 0.0 1.0"/>
            </transform>
            <transform time="0.0015">
