
<scene version="2.1.0">
    <default name="spp" value="1024"/>
    <default name="resx" value="1280"/>
    <default name="resy" value="720"/>
    <integrator name="temp0" type="path">
        <integer name="max_depth" value="12"/>
    </integrator>
    <sensor name="temp44" type="perspective">
        <string name="fov_axis" value="x"/>
        <float name="fov" value="83.974423"/>
        <float name="principal_point_offset_x" value="0.000000"/>
        <float name="principal_point_offset_y" value="-0.000000"/>
        <float name="near_clip" value="0.100000"/>
        <float name="far_clip" value="1000.000000"/>
        <sampler name="sampler" type="correlated">
            <integer name="sample_count" value="1024"/>
        </sampler>
        <film name="film" type="hdrfilm">
            <integer name="width" value="$resx"/>
            <integer name="height" value="$resy"/>
        </film>
        <float name="shutter_open" value="0.0"/>
        <float name="shutter_close" value="0.0015"/>
        <animation name="to_world">
            <transform time="0">
                <rotate angle="-142.5518126578256" x="1"/>
                <rotate angle="3.976628485794621e-06" y="1"/>
                <rotate angle="-179.999991348578" z="1"/>
                <translate value="-0.000000 3.030926 4.073377"/>
                <translate x="38.699999999999996" y="0.0" z="0.0"/>
            </transform>
            <transform time="0.0015">
                <rotate angle="-142.5518126578256" x="1"/>
                <rotate angle="3.976628485794621e-06" y="1"/>
                <rotate angle="-179.999991348578" z="1"/>
                <translate value="-0.000000 3.030926 4.073377"/>
                <translate x="38.85" y="0.0" z="0.0"/>
            </transform>
        </animation>
    </sensor>
    <bsdf id="mat-Material" name="mat-Material" type="twosided">
        <bsdf name="bsdf" type="diffuse">
            <texture name="reflectance" type="bitmap">
                <string name="filename" value="textures/siggraph_2023_logo.jpg"/>
            </texture>
        </bsdf>
    </bsdf>
    <bsdf id="mat-Material.001" name="mat-Material.001" type="twosided">
        <bsdf name="bsdf" type="principled">
            <rgb name="base_color" value="0.433648 0.266232 0.084399"/>
            <float name="spec_tint" value="0.000000"/>
            <float name="spec_trans" value="0.000000"/>
            <float name="metallic" value="0.000000"/>
            <float name="anisotropic" value="0.000000"/>
            <float name="roughness" value="0.500000"/>
            <float name="sheen" value="0.000000"/>
            <float name="sheen_tint" value="0.500000"/>
            <float name="clearcoat" value="0.000000"/>
            <float name="clearcoat_gloss" value="0.173205"/>
            <float name="specular" value="0.500000"/>
        </bsdf>
    </bsdf>
    <bsdf id="mat-Material.002" name="mat-Material.002" type="twosided">
        <bsdf name="bsdf" type="principled">
            <rgb name="base_color" value="0.433648 0.266232 0.084399"/>
            <float name="spec_tint" value="0.000000"/>
            <float name="spec_trans" value="0.000000"/>
            <float name="metallic" value="0.000000"/>
            <float name="anisotropic" value="0.000000"/>
            <float name="roughness" value="0.500000"/>
            <float name="sheen" value="0.000000"/>
            <float name="sheen_tint" value="0.500000"/>
            <float name="clearcoat" value="0.000000"/>
            <float name="clearcoat_gloss" value="0.173205"/>
            <float name="specular" value="0.500000"/>
        </bsdf>
    </bsdf>
    <bsdf id="mat-Material.003" name="mat-Material.003" type="twosided">
        <bsdf name="bsdf" type="principled">
            <rgb name="base_color" value="0.433648 0.266232 0.084399"/>
            <float name="spec_tint" value="0.000000"/>
            <float name="spec_trans" value="0.000000"/>
            <float name="metallic" value="0.000000"/>
            <float name="anisotropic" value="0.000000"/>
            <float name="roughness" value="0.500000"/>
            <float name="sheen" value="0.000000"/>
            <float name="sheen_tint" value="0.500000"/>
            <float name="clearcoat" value="0.000000"/>
            <float name="clearcoat_gloss" value="0.173205"/>
            <float name="specular" value="0.500000"/>
        </bsdf>
    </bsdf>
    <bsdf id="mat-Material.004" name="mat-Material.004" type="twosided">
        <bsdf name="bsdf" type="principled">
            <rgb name="base_color" value="0.433648 0.266232 0.084399"/>
            <float name="spec_tint" value="0.000000"/>
            <float name="spec_trans" value="0.000000"/>
            <float name="metallic" value="0.000000"/>
            <float name="anisotropic" value="0.000000"/>
            <float name="roughness" value="0.500000"/>
            <float name="sheen" value="0.000000"/>
            <float name="sheen_tint" value="0.500000"/>
            <float name="clearcoat" value="0.000000"/>
            <float name="clearcoat_gloss" value="0.173205"/>
            <float name="specular" value="0.500000"/>
        </bsdf>
    </bsdf>
    <bsdf id="mat-Material.005" name="mat-Material.005" type="twosided">
        <bsdf name="bsdf" type="principled">
            <rgb name="base_color" value="0.433648 0.266232 0.084399"/>
            <float name="spec_tint" value="0.000000"/>
            <float name="spec_trans" value="0.000000"/>
            <float name="metallic" value="0.000000"/>
            <float name="anisotropic" value="0.000000"/>
            <float name="roughness" value="0.500000"/>
            <float name="sheen" value="0.000000"/>
            <float name="sheen_tint" value="0.500000"/>
            <float name="clearcoat" value="0.000000"/>
            <float name="clearcoat_gloss" value="0.173205"/>
            <float name="specular" value="0.500000"/>
        </bsdf>
    </bsdf>
    <emitter name="temp45" type="point">
        <point name="position" x="-6.815235034541981e-16" y="3.0693089962005615" z="4.109199523925781"/>
        <rgb name="intensity" value="7.957747 7.957747 7.957747"/>
    </emitter>
    <shape name="temp2" type="ply">
        <string name="filename" value="meshes/Cube.ply"/>
        <boolean name="face_normals" value="true"/>
        <ref id="mat-Material" name="bsdf"/>
        <animation name="to_world">
            <transform time="0">
                <matrix value="0.9867732395789564 -0.11859435196058596 -0.11051779560408699 0.19511279067065512 -0.1617783368526684 -0.7638544667235406 -0.6247834027784016 2.0094501745096363 -0.010323752231719403 0.6343986417005443 -0.7729370843283606 3.907097438859336 0.0 0.0 0.0 1.0"/>
            </transform>
            <transform time="0.0015">
                <matrix value="0.9870574166919972 -0.11702433958487456 -0.10908876098075648 0.19096287665310674 -0.1596439288157833 -0.7649994463821581 -0.6237835962277596 2.003513423142927 -0.010369154667651008 0.6331993634027038 -0.7738789778243204 3.9096498473076533 0.0 0.0 0.0 1.0"/>
            </transform>
        </animation>
    </shape>
    <shape name="temp4" type="ply">
        <string name="filename" value="meshes/Plane.ply"/>
        <boolean name="face_normals" value="true"/>
        <ref id="mat-Material.001" name="bsdf"/>
    </shape>
    <shape name="temp5" type="ply">
        <string name="filename" value="meshes/Cube_001.ply"/>
        <boolean name="face_normals" value="true"/>
        <ref id="mat-Material" name="bsdf"/>
        <animation name="to_world">
            <transform time="0">
                <matrix value="0.9978365397401189 -0.03681679852656214 -0.054474443537211696 0.055602360182563704 -0.0545106439939932 2.031083197927509e-05 -0.9985133097662948 1.1729060020655897 0.036763173571477965 0.9993221017765106 -0.00198664035429041 1.0267711226857847 0.0 0.0 0.0 1.0"/>
            </transform>
            <transform time="0.0015">
                <matrix value="0.9978381992616955 -0.03677086883124915 -0.05447454566162848 0.055542745440782006 -0.05451066633370673 2.0053718798940487e-05 -0.9985133097662948 1.1729059540081739 0.036717298171897055 0.999323761297914 -0.0019843940426396583 1.0269480437352592 0.0 0.0 0.0 1.0"/>
            </transform>
        </animation>
    </shape>
    <shape name="temp6" type="ply">
        <string name="filename" value="meshes/Cube_002.ply"/>
        <boolean name="face_normals" value="true"/>
        <ref id="mat-Material" name="bsdf"/>
        <animation name="to_world">
            <transform time="0">
                <matrix value="0.999879881636872 -0.012667343869609927 0.008919786809235115 -0.028408558138766526 0.011486865876988158 0.21981381786021947 -0.9754742208528103 0.652884433415796 0.010395973951601608 0.9754596671415431 0.21993287790984922 0.5415398601376435 0.0 0.0 0.0 1.0"/>
            </transform>
            <transform time="0.0015">
                <matrix value="0.9998790040052691 -0.012779375080806366 0.008826456155776895 -0.02839664794405524 0.011419743175868793 0.2197642349650749 -0.9754860843058929 0.6530597455640296 0.010526273841292162 0.9754691662120198 0.21988334075941657 0.5413533654801254 0.0 0.0 0.0 1.0"/>
            </transform>
        </animation>
    </shape>
    <shape name="temp7" type="ply">
        <string name="filename" value="meshes/Cube_003.ply"/>
        <boolean name="face_normals" value="true"/>
        <ref id="mat-Material" name="bsdf"/>
        <animation name="to_world">
            <transform time="0">
                <matrix value="0.9950184122391303 -0.05749025390938691 0.08144660704146044 -0.04767497297039602 0.09275584324863881 0.23444536453194778 -0.9676939777343966 0.13287318988780447 0.03653818434223894 0.9704277850666322 0.23861011838205365 0.22766938519440538 0.0 0.0 0.0 1.0"/>
            </transform>
            <transform time="0.0015">
                <matrix value="0.9950287523351071 -0.05753212866552406 0.08128605043754651 -0.047710208263313104 0.09259492231361258 0.23407907586887705 -0.9677957021638773 0.13336279365819292 0.03665051448550467 0.9705117523441585 0.23824241346218047 0.2273824988071246 0.0 0.0 0.0 1.0"/>
            </transform>
        </animation>
    </shape>
    <shape name="temp8" type="ply">
        <string name="filename" value="meshes/Cube_004.ply"/>
        <boolean name="face_normals" value="true"/>
        <ref id="mat-Material" name="bsdf"/>
        <animation name="to_world">
            <transform time="0">
                <matrix value="0.9842454350589599 -0.12247612233872801 0.12751795304337712 0.025496839077851163 0.15367056896212414 0.2358727053145135 -0.9595570140622126 -0.35458703993859086 0.08744483863361151 0.964035100527092 0.2509776128894081 -0.20112849827570445 0.0 0.0 0.0 1.0"/>
            </transform>
            <transform time="0.0015">
                <matrix value="0.9842564293894043 -0.12257828277668993 0.12733001262814053 0.02549146241498232 0.1534798324880044 0.2355232221215826 -0.9596709849113388 -0.35394418256716537 0.0876442205768674 0.9641056489596049 0.25062791335525003 -0.2018651355277883 0.0 0.0 0.0 1.0"/>
            </transform>
        </animation>
    </shape>
    <shape name="temp9" type="ply">
        <string name="filename" value="meshes/Cube_005.ply"/>
        <boolean name="face_normals" value="true"/>
        <ref id="mat-Material" name="bsdf"/>
        <animation name="to_world">
            <transform time="0">
                <matrix value="0.98268655578545 -0.16237287322468885 0.08923219269434415 0.08215832102927001 0.12492500359025366 0.22501131568573057 -0.9663146109807522 -0.6135799254154748 0.13682505447434254 0.9607315460459761 0.2414000560729724 -0.6477997043410461 0.0 0.0 0.0 1.0"/>
            </transform>
            <transform time="0.0015">
                <matrix value="0.9826891727233207 -0.16249010752357962 0.08897786800405347 0.08212882455738299 0.1246936231987536 0.22494255443011363 -0.9663596648692881 -0.6129544935114218 0.1370086773453968 0.9607275661982665 0.24130939512197616 -0.6483880482710882 0.0 0.0 0.0 1.0"/>
            </transform>
        </animation>
    </shape>
    <shape name="temp10" type="ply">
        <string name="filename" value="meshes/Cube_006.ply"/>
        <boolean name="face_normals" value="true"/>
        <ref id="mat-Material" name="bsdf"/>
        <animation name="to_world">
            <transform time="0">
                <matrix value="0.9862568635898635 -0.1564150030348982 -0.05321608755326578 0.04353567824412519 -0.017685350169406783 0.22029773289975657 -0.975272575635868 -0.5811138963282625 0.1642706377531572 0.9628100862912292 0.2145039173070222 -1.0427415438423357 0.0 0.0 0.0 1.0"/>
            </transform>
            <transform time="0.0015">
                <matrix value="0.9862553476807311 -0.15639778756535277 -0.05329321021074425 0.043480801461630025 -0.017766733905366216 0.2202899308964164 -0.9752727628639654 -0.5809237724744841 0.16427043669573543 0.962814659361522 0.21448350433818153 -1.0428439056739838 0.0 0.0 0.0 1.0"/>
            </transform>
        </animation>
    </shape>
    <shape name="temp11" type="ply">
        <string name="filename" value="meshes/Cube_007.ply"/>
        <boolean name="face_normals" value="true"/>
        <ref id="mat-Material" name="bsdf"/>
        <animation name="to_world">
            <transform time="0">
                <matrix value="0.9379045683983214 -0.2539602814216256 -0.23630422376992868 0.19497626630929377 -0.19028836385492184 0.19290966432565815 -0.9625883113856029 -0.4432963514772593 0.290044581199127 0.9477816041366394 0.13260515691685645 -1.7512320940282513 0.0 0.0 0.0 1.0"/>
            </transform>
            <transform time="0.0015">
                <matrix value="0.9379138074655599 -0.2540786556089736 -0.23613786394603126 0.19518767239868207 -0.19008461768905846 0.19296102989221076 -0.9626176466243228 -0.4438480577719561 0.29014588063012914 0.9477391624399323 0.13268501650870462 -1.7515148611371594 0.0 0.0 0.0 1.0"/>
            </transform>
        </animation>
    </shape>
    <shape name="temp12" type="ply">
        <string name="filename" value="meshes/Cube_008.ply"/>
        <boolean name="face_normals" value="true"/>
        <ref id="mat-Material" name="bsdf"/>
        <animation name="to_world">
            <transform time="0">
                <matrix value="0.3557719754550758 0.8877990834816019 -0.29195697983216873 1.7046426937531458 -0.5107401773319362 -0.0769227175166815 -0.8562870047340528 0.20179576893010787 -0.7826690920824713 0.45375691195457873 0.426067833167305 0.9769510766863203 0.0 0.0 0.0 1.0"/>
            </transform>
            <transform time="0.0015">
                <matrix value="0.35680962483036494 0.8874368347394137 -0.29173425498954014 1.7027828603577755 -0.5104236235912151 -0.07634781574947785 -0.8565196016036368 0.20029058603102384 -0.7823816437970922 0.4545306769499414 0.4257462518892336 0.9756068667374896 0.0 0.0 0.0 1.0"/>
            </transform>
        </animation>
    </shape>
    <shape name="temp13" type="ply">
        <string name="filename" value="meshes/Cube_009.ply"/>
        <boolean name="face_normals" value="true"/>
        <ref id="mat-Material" name="bsdf"/>
        <animation name="to_world">
            <transform time="0">
                <matrix value="-0.0614422713806254 0.9913089276067274 0.11632543788689051 2.5916900051375658 -0.8843074001776511 -2.1003998556598244e-05 -0.466905599307078 1.1760911273330144 -0.4628453070509036 -0.13155511938309178 0.8766229130429232 0.8289554926660312 0.0 0.0 0.0 1.0"/>
            </transform>
            <transform time="0.0015">
                <matrix value="-0.06157668464985437 0.9912986100392689 0.11634012763320747 2.592077415090632 -0.8838970196401037 -1.8068958489660647e-05 -0.4676608774521088 1.1738911903092997 -0.46358933121002266 -0.13163218875853122 0.8762069092311707 0.8299308427572931 0.0 0.0 0.0 1.0"/>
            </transform>
        </animation>
    </shape>
    <shape name="temp14" type="ply">
        <string name="filename" value="meshes/Cube_010.ply"/>
        <boolean name="face_normals" value="true"/>
        <ref id="mat-Material" name="bsdf"/>
        <animation name="to_world">
            <transform time="0">
                <matrix value="0.02570489090061291 0.9968489204731522 0.07504216110720009 1.8746886362564776 -0.9887585168795111 0.014291746536982999 0.14883906253176563 2.087608588216365 0.14729760277433526 -0.07802443770949663 0.986010124339216 -0.37264311444207054 0.0 0.0 0.0 1.0"/>
            </transform>
            <transform time="0.0015">
                <matrix value="0.02580176180254645 0.996837604189193 0.07515525623945242 1.8747323353520504 -0.9888973422421622 0.014457011365137166 0.14779486249714952 2.086006490505764 0.14624079869038786 -0.07813188233393639 0.9861433456409052 -0.3706341738185526 0.0 0.0 0.0 1.0"/>
            </transform>
        </animation>
    </shape>
    <shape name="temp15" type="ply">
        <string name="filename" value="meshes/Cube_011.ply"/>
        <boolean name="face_normals" value="true"/>
        <ref id="mat-Material" name="bsdf"/>
        <animation name="to_world">
            <transform time="0">
                <matrix value="0.004754178434720324 0.9995984756676255 0.02792949367429735 1.4491938737472603 -0.8313453965856245 -0.011570911282938032 0.5556361138309707 2.255760679444025 0.555736250214972 -0.025860649155338814 0.830956535881738 -1.344930935044347 0.0 0.0 0.0 1.0"/>
            </transform>
            <transform time="0.0015">
                <matrix value="0.00530863049750267 0.9995803335693869 0.028272963619031893 1.4490290918570823 -0.8315081573556293 -0.011288429877479125 0.5553943598053488 2.255382995758348 0.5554780190835026 -0.026455489959567664 0.8311033312204908 -1.3441424165944096 0.0 0.0 0.0 1.0"/>
            </transform>
        </animation>
    </shape>
    <shape name="temp16" type="ply">
        <string name="filename" value="meshes/Cube_012.ply"/>
        <boolean name="face_normals" value="true"/>
        <ref id="mat-Material" name="bsdf"/>
        <animation name="to_world">
            <transform time="0">
                <matrix value="0.09653075118744316 0.9899769097435877 0.10308843407477941 1.0980916761091604 -0.7291743125772349 -0.00016016795189217038 0.6843278406090301 1.8530923548846001 0.6774857409308419 -0.14122810128008045 0.7218506350287763 -1.8484246549409193 0.0 0.0 0.0 1.0"/>
            </transform>
            <transform time="0.0015">
                <matrix value="0.09649507626062946 0.9899755355697559 0.10313460537464236 1.0981928612484668 -0.7295268492136776 -0.0001441585113674061 0.6839467378167121 1.8528420073729166 0.677105854102263 -0.14123773851885502 0.7222001473348371 -1.8475042257695566 0.0 0.0 0.0 1.0"/>
            </transform>
        </animation>
    </shape>
    <shape name="temp17" type="ply">
        <string name="filename" value="meshes/Cube_013.ply"/>
        <boolean name="face_normals" value="true"/>
        <ref id="mat-Material" name="bsdf"/>
        <animation name="to_world">
            <transform time="0">
                <matrix value="0.8773706755173067 0.2006417923211861 0.43584821717733574 0.741771807268731 -0.4606104849590534 0.0977932431276764 0.8821987697041417 1.5172253783419183 0.13438292847682823 -0.9747713397146154 0.17821862880306896 -1.4410441969192669 0.0 0.0 0.0 1.0"/>
            </transform>
            <transform time="0.0015">
                <matrix value="0.8776986225119282 0.2000999210372283 0.4354188435773533 0.741344692910483 -0.46011001154822684 0.09801521500364974 0.8824299027904186 1.5167265019173115 0.13389567858071766 -0.9748556223762999 0.17810500007073896 -1.4406379665548759 0.0 0.0 0.0 1.0"/>
            </transform>
        </animation>
    </shape>
    <shape name="temp18" type="ply">
        <string name="filename" value="meshes/Cube_014.ply"/>
        <boolean name="face_normals" value="true"/>
        <ref id="mat-Material" name="bsdf"/>
        <animation name="to_world">
            <transform time="0">
                <matrix value="0.9420847760834145 0.29536672208050097 0.15885678745364878 0.10148577498203237 -0.21507281566307998 0.16863029099563434 0.9619292412040843 1.0186595085588899 0.25733378012045527 -0.9403841701378532 0.22238933270798888 -0.8316198842063092 0.0 0.0 0.0 1.0"/>
            </transform>
            <transform time="0.0015">
                <matrix value="0.9420162729475683 0.2955225443820525 0.15896963238108 0.1016297025708742 -0.21508749285486925 0.16813402351002613 0.9620093067468396 1.0187559522622833 0.25756903166517137 -0.9404201990233452 0.22194911264390763 -0.8322066817815416 0.0 0.0 0.0 1.0"/>
            </transform>
        </animation>
    </shape>
    <shape name="temp19" type="ply">
        <string name="filename" value="meshes/Cube_015.ply"/>
        <boolean name="face_normals" value="true"/>
        <ref id="mat-Material" name="bsdf"/>
        <animation name="to_world">
            <transform time="0">
                <matrix value="0.9834671035251858 0.12752857080281924 0.12856582262501884 0.03206594241743588 -0.14946274735074738 0.1707910133639813 0.9739052650440806 0.6393831437737666 0.10224288908155106 -0.9770192502237064 0.18702811355107865 -0.29624173263501463 0.0 0.0 0.0 1.0"/>
            </transform>
            <transform time="0.0015">
                <matrix value="0.9834671992668153 0.1275226648590011 0.12857098926947108 0.03204551585996529 -0.14946729986522606 0.17079634110350955 0.973903631053412 0.639386139313998 0.10223536059809143 -0.9770190925316274 0.18703306488321886 -0.2962231781654505 0.0 0.0 0.0 1.0"/>
            </transform>
        </animation>
    </shape>
    <shape name="temp20" type="ply">
        <string name="filename" value="meshes/Cube_016.ply"/>
        <boolean name="face_normals" value="true"/>
        <ref id="mat-Material" name="bsdf"/>
        <animation name="to_world">
            <transform time="0">
                <matrix value="0.984909853606299 0.03186221770753593 0.1701118528145937 0.060470330355603674 -0.17306206085878867 0.17187031076940407 0.969799078152769 0.331898967365142 0.0016627838738216434 -0.9846042013003131 0.1747908492313133 0.15535393120503732 0.0 0.0 0.0 1.0"/>
            </transform>
            <transform time="0.0015">
                <matrix value="0.9849050026970754 0.03178359544057509 0.17015402168835567 0.060466358873318714 -0.17308988497199038 0.17181815524062685 0.9698033078056973 0.3319340125001012 0.0015883466877413244 -0.9846157203312311 0.174725873422174 0.15548498106474026 0.0 0.0 0.0 1.0"/>
            </transform>
        </animation>
    </shape>
    <shape name="temp21" type="ply">
        <string name="filename" value="meshes/Cube_017.ply"/>
        <boolean name="face_normals" value="true"/>
        <ref id="mat-Material" name="bsdf"/>
        <animation name="to_world">
            <transform time="0">
                <matrix value="0.9478566628902517 -0.07918247560087856 0.3087046434189195 0.20319856929598756 -0.2928729475716588 0.16555307108753647 0.941710112188496 0.13548471173258608 -0.12567394823297467 -0.9830168765370039 0.1337301386553172 0.39794765895791206 0.0 0.0 0.0 1.0"/>
            </transform>
            <transform time="0.0015">
                <matrix value="0.9478247330568419 -0.07936454837719097 0.3087543354580509 0.2032388297198961 -0.2929047704935824 0.16550100792126268 0.941709312213898 0.13552647465405332 -0.12583742227811862 -0.9830104712349355 0.13361954472023915 0.3981627837840016 0.0 0.0 0.0 1.0"/>
            </transform>
        </animation>
    </shape>
    <shape name="temp22" type="ply">
        <string name="filename" value="meshes/Cube_018.ply"/>
        <boolean name="face_normals" value="true"/>
        <ref id="mat-Material" name="bsdf"/>
        <animation name="to_world">
            <transform time="0">
                <matrix value="0.2588691676107704 0.9568535510394788 0.13197632169811277 0.851692397989924 -0.4485494488739014 -0.0019219895582815176 0.8937561374137688 -0.09805350023786873 0.8554475229022724 -0.29056386531309514 0.4286984404054464 -0.13641972473731145 0.0 0.0 0.0 1.0"/>
            </transform>
            <transform time="0.0015">
                <matrix value="0.25889429500141026 0.9568432334720203 0.132001732806118 0.8516859688916806 -0.44858413925762597 -0.0019221398913968886 0.8937387081799717 -0.09803654747714924 0.8554216886192687 -0.29059779163753297 0.42872690758662374 -0.1364027227351215 0.0 0.0 0.0 1.0"/>
            </transform>
        </animation>
    </shape>
    <shape name="temp23" type="ply">
        <string name="filename" value="meshes/Cube_019.ply"/>
        <boolean name="face_normals" value="true"/>
        <ref id="mat-Material" name="bsdf"/>
        <animation name="to_world">
            <transform time="0">
                <matrix value="-0.07889453873662076 0.9840806552877105 -0.15925118942310557 0.5039069216984162 -0.9166648937018973 -0.008830045700769468 0.3995596427782881 -0.03958362599994469 0.39179285743412995 0.17750297753758165 0.9027687093902371 -0.055560052117976766 0.0 0.0 0.0 1.0"/>
            </transform>
            <transform time="0.0015">
                <matrix value="-0.07893770544593616 0.9840794838608374 -0.15923684775084246 0.5039134571899733 -0.9165641096800002 -0.0088309185639728 0.39978865678291675 -0.039804422504151116 0.3920177369689928 0.17750941287623664 0.9026689168143072 -0.055576311879765555 0.0 0.0 0.0 1.0"/>
            </transform>
        </animation>
    </shape>
    <shape name="temp24" type="ply">
        <string name="filename" value="meshes/Cube_020.ply"/>
        <boolean name="face_normals" value="true"/>
        <ref id="mat-Material" name="bsdf"/>
        <animation name="to_world">
            <transform time="0">
                <matrix value="0.09485219900891864 0.9488063965894307 -0.30127946601941513 0.11801883317365358 -0.959284134131231 0.006235915903096134 -0.2823742230930411 0.14748369306925585 -0.2660396276091192 0.31579650581894236 0.9107664359949325 0.1142476375188427 0.0 0.0 0.0 1.0"/>
            </transform>
            <transform time="0.0015">
                <matrix value="0.09485537324192655 0.9487819552422201 -0.3013551487226142 0.11806469940302437 -0.9592998662807777 0.006235483774170668 -0.28232059926387637 0.14743261980436323 -0.2659815397663736 0.3158696842681217 0.9107579000958095 0.11423125052674504 0.0 0.0 0.0 1.0"/>
            </transform>
        </animation>
    </shape>
    <shape name="temp25" type="ply">
        <string name="filename" value="meshes/Cube_021.ply"/>
        <boolean name="face_normals" value="true"/>
        <ref id="mat-Material" name="bsdf"/>
        <animation name="to_world">
            <transform time="0">
                <matrix value="0.1908165300597312 0.9365322481399516 -0.2941027402473924 -0.16381581623987496 -0.7965456440915062 -0.027368774547737593 -0.6039586289259945 0.0975257614581115 -0.5736759942343186 0.3495116004029844 0.7407684077497955 0.29865174866967426 0.0 0.0 0.0 1.0"/>
            </transform>
            <transform time="0.0015">
                <matrix value="0.19069012876919042 0.9365638241014967 -0.29408338767041264 -0.1639096756561111 -0.7966242000984408 -0.02741387898783683 -0.6038525471880645 0.097435775526576 -0.5736083368161989 0.34942303001857883 0.7408621920058716 0.29867944090407245 0.0 0.0 0.0 1.0"/>
            </transform>
        </animation>
    </shape>
    <shape name="temp26" type="ply">
        <string name="filename" value="meshes/Cube_022.ply"/>
        <boolean name="face_normals" value="true"/>
        <ref id="mat-Material" name="bsdf"/>
        <animation name="to_world">
            <transform time="0">
                <matrix value="0.6385301590172102 0.4000064661061318 -0.6574759314094221 -0.08311781219519021 -0.7109961047964016 -0.02037002605215019 -0.7029009489381358 -0.19441897094522775 -0.2945576630196782 0.9162858269211115 0.27139625956396407 0.6814626474404041 0.0 0.0 0.0 1.0"/>
            </transform>
            <transform time="0.0015">
                <matrix value="0.6385002397580182 0.40000470896582224 -0.6575060070501637 -0.08313677277856653 -0.7110285612087732 -0.020370300586550687 -0.7028680733863008 -0.19446077517021523 -0.29454407568677043 0.9162865928540669 0.2714084208799289 0.6815018717695698 0.0 0.0 0.0 1.0"/>
            </transform>
        </animation>
    </shape>
    <shape name="temp27" type="ply">
        <string name="filename" value="meshes/Cube_023.ply"/>
        <boolean name="face_normals" value="true"/>
        <ref id="mat-Material" name="bsdf"/>
        <animation name="to_world">
            <transform time="0">
                <matrix value="0.8576287128098478 0.278506454634008 -0.43232829070573936 -0.06474096286121389 -0.4803484584957812 0.13355811047863786 -0.8668493844974778 -0.28712059439280974 -0.1836822527999546 0.9511026796795315 0.24832336611821373 0.20767155055796316 0.0 0.0 0.0 1.0"/>
            </transform>
            <transform time="0.0015">
                <matrix value="0.8576277394366154 0.278518213957618 -0.43232263131097615 -0.0647377917504723 -0.4803461287827988 0.1335596138097916 -0.8668504397831178 -0.28711907883740123 -0.1836928450155555 0.9510990227251267 0.2483295276246928 0.20766279328592588 0.0 0.0 0.0 1.0"/>
            </transform>
        </animation>
    </shape>
    <shape name="temp28" type="ply">
        <string name="filename" value="meshes/Cube_024.ply"/>
        <boolean name="face_normals" value="true"/>
        <ref id="mat-Material" name="bsdf"/>
        <animation name="to_world">
            <transform time="0">
                <matrix value="0.8561598114983857 0.4410015789814006 -0.26927342949580185 -0.19086588908266477 -0.3774451400376223 0.17786870884375594 -0.9087892256681832 -0.5118728241266577 -0.3528823088256413 0.8797045615249999 0.31873797043261765 -0.3405794143111166 0.0 0.0 0.0 1.0"/>
            </transform>
            <transform time="0.0015">
                <matrix value="0.8561563009719738 0.44101917291193576 -0.2692557534613309 -0.19087220441741282 -0.3774346339894879 0.17787243262956576 -0.908792859595347 -0.511865719691078 -0.3529020443668513 0.879694987363057 0.31874253198990044 -0.34060220965162336 0.0 0.0 0.0 1.0"/>
            </transform>
        </animation>
    </shape>
    <shape name="temp29" type="ply">
        <string name="filename" value="meshes/Cube_025.ply"/>
        <boolean name="face_normals" value="true"/>
        <ref id="mat-Material" name="bsdf"/>
        <animation name="to_world">
            <transform time="0">
                <matrix value="0.9000690569777688 0.3641938330034229 -0.23924625821651072 -0.2654085212017647 -0.32112811088830856 0.1832698055787895 -0.9291334078136222 -0.7931178246155917 -0.2945381160830953 0.9131128460670432 0.2819082871219861 -0.7034209341433341 0.0 0.0 0.0 1.0"/>
            </transform>
            <transform time="0.0015">
                <matrix value="0.9000730302553895 0.36418153302125617 -0.23925003681993157 -0.26541071424500634 -0.321126017338012 0.18326335221818263 -0.9291354077501174 -0.7931136217611556 -0.2945282658651224 0.9131190411130063 0.2818984916883433 -0.7034017242158093 0.0 0.0 0.0 1.0"/>
            </transform>
        </animation>
    </shape>
    <shape name="temp30" type="ply">
        <string name="filename" value="meshes/Cube_026.ply"/>
        <boolean name="face_normals" value="true"/>
        <ref id="mat-Material" name="bsdf"/>
        <animation name="to_world">
            <transform time="0">
                <matrix value="0.9232749496034764 0.23645715787519583 -0.30273968004364804 -0.3303465897046741 -0.3492526953496907 0.1885432488637383 -0.917863969616581 -1.1464797401518678 -0.1599559063661846 0.9531732937301716 0.2566605566353569 -0.8877167151824139 0.0 0.0 0.0 1.0"/>
            </transform>
            <transform time="0.0015">
                <matrix value="0.9232714231201264 0.23643701834395583 -0.3027661557986982 -0.33038994678658284 -0.34927228408706895 0.18853523360063407 -0.9178581570351927 -1.1465048824475876 -0.159933490059351 0.9531798717426124 0.25665007186190086 -0.887707833754237 0.0 0.0 0.0 1.0"/>
            </transform>
        </animation>
    </shape>
    <shape name="temp31" type="ply">
        <string name="filename" value="meshes/Cube_027.ply"/>
        <boolean name="face_normals" value="true"/>
        <ref id="mat-Material" name="bsdf"/>
        <animation name="to_world">
            <transform time="0">
                <matrix value="0.87330836998938 0.17344224202843836 -0.4552472907913145 -0.5918511661154572 -0.4828651819859687 0.18425065130375473 -0.8560917421910349 -1.5830274358932517 -0.06460284702682673 0.9674550449185793 0.24465687454168855 -1.0254865603872978 0.0 0.0 0.0 1.0"/>
            </transform>
            <transform time="0.0015">
                <matrix value="0.873304508410327 0.17340756779299699 -0.45526789439239984 -0.5918950258178672 -0.4828763997135485 0.18424469279591024 -0.8560866955427724 -1.583038069015046 -0.06457121399246815 0.9674623813548289 0.24463615179545034 -1.025463863325847 0.0 0.0 0.0 1.0"/>
            </transform>
        </animation>
    </shape>
    <shape name="temp32" type="ply">
        <string name="filename" value="meshes/Cube_028.ply"/>
        <boolean name="face_normals" value="true"/>
        <ref id="mat-Material" name="bsdf"/>
        <animation name="to_world">
            <transform time="0">
                <matrix value="-0.10537000001772964 0.9845570613007719 0.1398006525456704 -1.4859691466663252 -0.7989125520586781 -0.00010018855999816445 -0.6014476377251015 -2.12129219034427 -0.5921454114785285 -0.17506296110115704 0.7865856051318589 -1.351277038260239 0.0 0.0 0.0 1.0"/>
            </transform>
            <transform time="0.0015">
                <matrix value="-0.10537280843885914 0.9845572265019976 0.13979738796848068 -1.485977329415182 -0.7988981908142659 -0.00010021756783156494 -0.601466700949567 -2.1212973207442674 -0.5921642885364615 -0.1750620464870985 0.7865715885556559 -1.3513312794385215 0.0 0.0 0.0 1.0"/>
            </transform>
        </animation>
    </shape>
    <shape name="temp33" type="ply">
        <string name="filename" value="meshes/Cube_029.ply"/>
        <boolean name="face_normals" value="true"/>
        <ref id="mat-Material" name="bsdf"/>
        <animation name="to_world">
            <transform time="0">
                <matrix value="-0.0028720965485694834 0.9775525996875412 0.21067138165033253 -1.5886693432778634 -0.99879128126845 -0.013141722445523056 0.04736336468093013 -1.8243103684054407 0.04906879457898292 -0.2102806915813384 0.9764089279897271 -0.12149980506855385 0.0 0.0 0.0 1.0"/>
            </transform>
            <transform time="0.0015">
                <matrix value="-0.002917743125656096 0.9775533130564703 0.2106673179495815 -1.5887699457975735 -0.9987941854312089 -0.013172725834638317 0.0472916818507188 -1.8244061545738328 0.04900522692413311 -0.2102753751055301 0.9764132087048638 -0.12164113913175421 0.0 0.0 0.0 1.0"/>
            </transform>
        </animation>
    </shape>
    <shape name="temp34" type="ply">
        <string name="filename" value="meshes/Cube_030.ply"/>
        <boolean name="face_normals" value="true"/>
        <ref id="mat-Material" name="bsdf"/>
        <animation name="to_world">
            <transform time="0">
                <matrix value="-0.040611801080268115 0.9786637276090027 -0.20141439777786238 -3.223281604921908 -0.9766950643089383 0.003635652926749881 0.21459962279682007 -1.9299192852771092 0.21075308958295835 0.20543575973048928 0.9557087948294517 0.2381171326477034 0.0 0.0 0.0 1.0"/>
            </transform>
            <transform time="0.0015">
                <matrix value="-0.04063768660671889 0.9786627555770238 -0.20141387069893654 -3.2233355468043037 -0.9766690589027976 0.003634980374847903 0.2147170929082382 -1.9297139572173825 0.21086770393803023 0.20544041539178395 0.9556823246585128 0.23833939263280982 0.0 0.0 0.0 1.0"/>
            </transform>
        </animation>
    </shape>
    <shape name="temp35" type="ply">
        <string name="filename" value="meshes/Cube_031.ply"/>
        <boolean name="face_normals" value="true"/>
        <ref id="mat-Material" name="bsdf"/>
        <animation name="to_world">
            <transform time="0">
                <matrix value="0.13311135814420233 0.9771112357980323 0.16593692216116393 -1.8956434235273083 -0.7831726140769857 0.0010940547282879628 0.6218034032417364 -1.1996778838335938 0.6073898058071688 -0.21272633978761973 0.7653922909591552 0.5836983308325729 0.0 0.0 0.0 1.0"/>
            </transform>
            <transform time="0.0015">
                <matrix value="0.13308209631086557 0.9771095387308958 0.16597022067829179 -1.895680720154927 -0.7833184604924606 0.0011007398962510613 0.6216184729436844 -1.2002501554980232 0.6072069073811105 -0.21273408922693357 0.7655343119814235 0.5833881576579203 0.0 0.0 0.0 1.0"/>
            </transform>
        </animation>
    </shape>
    <shape name="temp36" type="ply">
        <string name="filename" value="meshes/Cube_032.ply"/>
        <boolean name="face_normals" value="true"/>
        <ref id="mat-Material" name="bsdf"/>
        <animation name="to_world">
            <transform time="0">
                <matrix value="0.7367723530965716 0.6136616307519664 0.2838760418533205 -0.6528458839820899 -0.35714238857359665 -0.003291909232556636 0.9340442844100588 0.018383026189643388 0.574121894873827 -0.7895622446148808 0.21673924791298382 -0.11184888619751598 0.0 0.0 0.0 1.0"/>
            </transform>
            <transform time="0.0015">
                <matrix value="0.7364482038532503 0.6136595582274988 0.284684705537223 -0.6528847432663843 -0.35819263914301064 -0.0032559649751470843 0.9336237871239682 0.014743916648249674 0.5738535789573926 -0.7895639792277505 0.2174101687366442 -0.11187887253593744 0.0 0.0 0.0 1.0"/>
            </transform>
        </animation>
    </shape>
    <shape name="temp37" type="ply">
        <string name="filename" value="meshes/Cube_033.ply"/>
        <boolean name="face_normals" value="true"/>
        <ref id="mat-Material" name="bsdf"/>
        <animation name="to_world">
            <transform time="0">
                <matrix value="0.9766837403173961 0.16955317120788949 0.13168515356949856 -0.1426691429813598 -0.15002850040866836 0.10030747377576796 0.9835802167366948 0.3005716209573578 0.15356015758110872 -0.9804031095712972 0.12340647089666167 -0.3814410763059568 0.0 0.0 0.0 1.0"/>
            </transform>
            <transform time="0.0015">
                <matrix value="0.9766822882360167 0.16955484800033016 0.13169380095448938 -0.14267866982960986 -0.15002997482976135 0.1002599686614937 0.983584803825082 0.30057081082459663 0.15356798445931336 -0.9804076450958568 0.12336043065646693 -0.38147925208407074 0.0 0.0 0.0 1.0"/>
            </transform>
        </animation>
    </shape>
    <shape name="temp38" type="ply">
        <string name="filename" value="meshes/Cube_034.ply"/>
        <boolean name="face_normals" value="true"/>
        <ref id="mat-Material" name="bsdf"/>
        <animation name="to_world">
            <transform time="0">
                <matrix value="0.999922432791338 0.0003775329927850771 0.01245557540751009 -0.033861550663746076 -0.012321338340185842 0.1793452963249573 0.9837090521918338 0.36937677521369194 -0.001862468463389164 -0.9837861345826129 0.17933604589095273 -0.37162013855192044 0.0 0.0 0.0 1.0"/>
            </transform>
            <transform time="0.0015">
