
<scene version="2.1.0">
    <default name="spp" value="1024"/>
    <default name="resx" value="640"/>
    <default name="resy" value="360"/>
    <integrator name="temp0" type="path">
        <integer name="max_depth" value="12"/>
    </integrator>
    <sensor name="temp44" type="perspective">
        <string name="fov_axis" value="x"/>
        <float name="fov" value="83.974423"/>
        <float name="principal_point_offset_x" value="0.000000"/>
        <float name="principal_point_offset_y" value="-0.000000"/>
        <float name="near_clip" value="0.100000"/>
        <float name="far_clip" value="1000.000000"/>
        <sampler name="sampler" type="correlated">
            <integer name="sample_count" value="1024"/>
        </sampler>
        <film name="film" type="hdrfilm">
            <integer name="width" value="$resx"/>
            <integer name="height" value="$resy"/>
        </film>
        <float name="shutter_open" value="0.0"/>
        <float name="shutter_close" value="0.0015"/>
        <animation name="to_world">
            <transform time="0">
                <rotate angle="-142.5518126578256" x="1"/>
                <rotate angle="3.976628485794621e-06" y="1"/>
                <rotate angle="-179.999991348578" z="1"/>
                <translate value="-0.000000 3.030926 4.073377"/>
            </transform>
            <transform time="0.0015">
                <rotate angle="-142.5518126578256" x="1"/>
                <rotate angle="3.976628485794621e-06" y="1"/>
                <rotate angle="-179.999991348578" z="1"/>
                <translate value="-0.000000 3.030926 4.073377"/>
                <translate x="0.15" y="0.0" z="0.0"/>
            </transform>
        </animation>
    </sensor>
    <bsdf id="mat-Material" name="mat-Material" type="twosided">
        <bsdf name="bsdf" type="diffuse">
            <texture name="reflectance" type="bitmap">
                <string name="filename" value="textures/siggraph_2023_logo.jpg"/>
            </texture>
        </bsdf>
    </bsdf>
    <bsdf id="mat-Material.001" name="mat-Material.001" type="twosided">
        <bsdf name="bsdf" type="principled">
            <rgb name="base_color" value="0.433648 0.266232 0.084399"/>
            <float name="spec_tint" value="0.000000"/>
            <float name="spec_trans" value="0.000000"/>
            <float name="metallic" value="0.000000"/>
            <float name="anisotropic" value="0.000000"/>
            <float name="roughness" value="0.500000"/>
            <float name="sheen" value="0.000000"/>
            <float name="sheen_tint" value="0.500000"/>
            <float name="clearcoat" value="0.000000"/>
            <float name="clearcoat_gloss" value="0.173205"/>
            <float name="specular" value="0.500000"/>
        </bsdf>
    </bsdf>
    <bsdf id="mat-Material.002" name="mat-Material.002" type="twosided">
        <bsdf name="bsdf" type="principled">
            <rgb name="base_color" value="0.433648 0.266232 0.084399"/>
            <float name="spec_tint" value="0.000000"/>
            <float name="spec_trans" value="0.000000"/>
            <float name="metallic" value="0.000000"/>
            <float name="anisotropic" value="0.000000"/>
            <float name="roughness" value="0.500000"/>
            <float name="sheen" value="0.000000"/>
            <float name="sheen_tint" value="0.500000"/>
            <float name="clearcoat" value="0.000000"/>
            <float name="clearcoat_gloss" value="0.173205"/>
            <float name="specular" value="0.500000"/>
        </bsdf>
    </bsdf>
    <bsdf id="mat-Material.003" name="mat-Material.003" type="twosided">
        <bsdf name="bsdf" type="principled">
            <rgb name="base_color" value="0.433648 0.266232 0.084399"/>
            <float name="spec_tint" value="0.000000"/>
            <float name="spec_trans" value="0.000000"/>
            <float name="metallic" value="0.000000"/>
            <float name="anisotropic" value="0.000000"/>
            <float name="roughness" value="0.500000"/>
            <float name="sheen" value="0.000000"/>
            <float name="sheen_tint" value="0.500000"/>
            <float name="clearcoat" value="0.000000"/>
            <float name="clearcoat_gloss" value="0.173205"/>
            <float name="specular" value="0.500000"/>
        </bsdf>
    </bsdf>
    <bsdf id="mat-Material.004" name="mat-Material.004" type="twosided">
        <bsdf name="bsdf" type="principled">
            <rgb name="base_color" value="0.433648 0.266232 0.084399"/>
            <float name="spec_tint" value="0.000000"/>
            <float name="spec_trans" value="0.000000"/>
            <float name="metallic" value="0.000000"/>
            <float name="anisotropic" value="0.000000"/>
            <float name="roughness" value="0.500000"/>
            <float name="sheen" value="0.000000"/>
            <float name="sheen_tint" value="0.500000"/>
            <float name="clearcoat" value="0.000000"/>
            <float name="clearcoat_gloss" value="0.173205"/>
            <float name="specular" value="0.500000"/>
        </bsdf>
    </bsdf>
    <bsdf id="mat-Material.005" name="mat-Material.005" type="twosided">
        <bsdf name="bsdf" type="principled">
            <rgb name="base_color" value="0.433648 0.266232 0.084399"/>
            <float name="spec_tint" value="0.000000"/>
            <float name="spec_trans" value="0.000000"/>
            <float name="metallic" value="0.000000"/>
            <float name="anisotropic" value="0.000000"/>
            <float name="roughness" value="0.500000"/>
            <float name="sheen" value="0.000000"/>
            <float name="sheen_tint" value="0.500000"/>
            <float name="clearcoat" value="0.000000"/>
            <float name="clearcoat_gloss" value="0.173205"/>
            <float name="specular" value="0.500000"/>
        </bsdf>
    </bsdf>
    <emitter name="temp45" type="point">
        <point name="position" x="-6.815235034541981e-16" y="3.0693089962005615" z="4.109199523925781"/>
        <rgb name="intensity" value="7.957747 7.957747 7.957747"/>
    </emitter>
    <shape name="temp2" type="ply">
        <string name="filename" value="meshes/Cube.ply"/>
        <boolean name="face_normals" value="true"/>
        <ref id="mat-Material" name="bsdf"/>
        <animation name="to_world">
            <transform time="0">
                <matrix value="1.0 0.00017479073803301052 0.0007340264129230708 -0.0014807090982040805 -0.00017442914966836695 0.9999997914159312 -0.0004928038897433267 -0.01672651102342043 -0.0007341093600129072 0.000492675570425282 0.9999995272093389 0.0016965407253215492 0.0 0.0 0.0 1.0"/>
                <scale value="1"/>
            </transform>
            <transform time="0.0015">
                <matrix value="1.0 0.0001742533609733059 0.0007346046924330862 -0.0014808884738932654 -0.00017391989994151074 0.9999997914159312 -0.00045492883708485413 -0.016778178257316458 -0.0007346814162486594 0.0004548008616021666 0.9999995272093389 0.0016972739109683466 0.0 0.0 0.0 1.0"/>
                <scale value="1"/>
            </transform>
        </animation>
    </shape>
    <shape name="temp4" type="ply">
        <string name="filename" value="meshes/Plane.ply"/>
        <boolean name="face_normals" value="true"/>
        <ref id="mat-Material.001" name="bsdf"/>
        <transform name="to_world">
            <scale value="1"/>
        </transform>
    </shape>
    <shape name="temp5" type="ply">
        <string name="filename" value="meshes/Cube_001.ply"/>
        <boolean name="face_normals" value="true"/>
        <ref id="mat-Material" name="bsdf"/>
        <animation name="to_world">
            <transform time="0">
                <matrix value="1.0 -0.00014752525431612585 -0.0005263176557526094 0.0010981181197116108 0.0001493731683057726 0.999993742477937 0.003512550937283846 -0.02146831407251998 0.0005257948644302488 -0.003512637065806188 0.9999938537214063 -0.0010201660408508673 0.0 0.0 0.0 1.0"/>
                <scale value="1"/>
            </transform>
            <transform time="0.0015">
                <matrix value="1.0 -0.0001347826905566685 -0.0005268226609935853 0.0010976889564544461 0.00013652783302598148 0.9999939076791627 0.0033190124870377757 -0.021248971386055172 0.0005263048481762639 -0.0033190915149189375 0.9999940069080314 -0.0010310281622687473 0.0 0.0 0.0 1.0"/>
                <scale value="1"/>
            </transform>
        </animation>
    </shape>
    <shape name="temp6" type="ply">
        <string name="filename" value="meshes/Cube_002.ply"/>
        <boolean name="face_normals" value="true"/>
        <ref id="mat-Material" name="bsdf"/>
        <animation name="to_world">
            <transform time="0">
                <matrix value="1.0 -7.134743222582147e-05 9.714406073279716e-05 -0.0006911855713185311 7.163974419664307e-05 0.9999954111504872 -0.0030133785573360325 -0.01587055088592032 -9.692842718522341e-05 0.0030133764963299636 0.9999955084887199 0.00018272083812620465 0.0 0.0 0.0 1.0"/>
                <scale value="1"/>
            </transform>
            <transform time="0.0015">
                <matrix value="1.0 -7.21304259623825e-05 9.763690465780823e-05 -0.0006910138330880047 7.240248584431265e-05 0.9999954712236602 -0.0028171584050090057 -0.0159994527985173 -9.743719820393256e-05 0.002817156412690383 0.9999955680612963 0.0001878200661206299 0.0 0.0 0.0 1.0"/>
                <scale value="1"/>
            </transform>
        </animation>
    </shape>
    <shape name="temp7" type="ply">
        <string name="filename" value="meshes/Cube_003.ply"/>
        <boolean name="face_normals" value="true"/>
        <ref id="mat-Material" name="bsdf"/>
        <animation name="to_world">
            <transform time="0">
                <matrix value="1.0 -0.0004140206039343127 0.00056632520149156 -0.0008058637602625929 0.00041624603077512247 0.9999920738053869 -0.003933523741892231 -0.0173948805775202 -0.0005646937114712593 0.003933749528078545 0.9999921989540925 0.001323388296706196 0.0 0.0 0.0 1.0"/>
                <scale value="1"/>
            </transform>
            <transform time="0.0015">
                <matrix value="1.0 -0.00039806511662802686 0.0005663705617533464 -0.0008073763005316128 0.0004002071999366373 0.9999923591529586 -0.0037862270488463086 -0.017408139927901228 -0.0005647975911391742 0.0037864441156439223 0.9999924797962386 0.0013313300563127402 0.0 0.0 0.0 1.0"/>
                <scale value="1"/>
            </transform>
        </animation>
    </shape>
    <shape name="temp8" type="ply">
        <string name="filename" value="meshes/Cube_004.ply"/>
        <boolean name="face_normals" value="true"/>
        <ref id="mat-Material" name="bsdf"/>
        <animation name="to_world">
            <transform time="0">
                <matrix value="1.0 -0.0003452566939842269 0.0003331424835031518 -0.000537407311717697 0.00034592226967857924 0.9999979141593124 -0.001998408113844209 -0.018693212027691586 -0.000332450840119356 0.001998521138952449 0.9999981088373558 0.0010477712933686274 0.0 0.0 0.0 1.0"/>
                <scale value="1"/>
            </transform>
            <transform time="0.0015">
                <matrix value="1.0 -0.0003396265235757755 0.0003335230671630177 -0.0005375357203212443 0.00034028150796917443 0.9999979667233388 -0.0019653510358583638 -0.018678484833931197 -0.00033284896572833834 0.0019654623462238368 0.9999981598995642 0.0010517296077645073 0.0 0.0 0.0 1.0"/>
                <scale value="1"/>
            </transform>
        </animation>
    </shape>
    <shape name="temp9" type="ply">
        <string name="filename" value="meshes/Cube_005.ply"/>
        <boolean name="face_normals" value="true"/>
        <ref id="mat-Material" name="bsdf"/>
        <animation name="to_world">
            <transform time="0">
                <matrix value="1.0 7.855401180168662e-05 0.0005228402804405085 -0.0004353087291879554 -7.974307967526378e-05 0.9999974969911749 0.0022747968063936423 -0.01667416495110907 -0.0005226611492003042 -0.002274838712368827 0.9999973996513641 0.001450463249127898 0.0 0.0 0.0 1.0"/>
                <scale value="1"/>
            </transform>
            <transform time="0.0015">
                <matrix value="1.0 8.962883164214824e-05 0.0005230262319827284 -0.0004357127100636675 -9.084816722800058e-05 0.9999973167716559 0.0023314754321880084 -0.016623504770506288 -0.0005227999745629554 -0.0023315233829310595 0.9999972209336349 0.0014482598068652813 0.0 0.0 0.0 1.0"/>
                <scale value="1"/>
            </transform>
        </animation>
    </shape>
    <shape name="temp10" type="ply">
        <string name="filename" value="meshes/Cube_006.ply"/>
        <boolean name="face_normals" value="true"/>
        <ref id="mat-Material" name="bsdf"/>
        <animation name="to_world">
            <transform time="0">
                <matrix value="1.0 -0.00013034397598780202 -0.00048089902089782006 -0.0007544692307748235 0.00013105755575530957 0.9999989570796561 0.0014839433199643896 -0.01713057507625143 0.0004807039379320493 -0.0014840068165273674 0.9999988180233473 -0.0011236215273628947 0.0 0.0 0.0 1.0"/>
                <scale value="1"/>
            </transform>
            <transform time="0.0015">
                <matrix value="1.0 -0.0001287355918728526 -0.0004812507544099457 -0.0007556108831515321 0.0001294443571704884 0.9999989645888028 0.00147306647385158 -0.017133822020971263 0.0004810591393771775 -0.001473129216913784 0.9999988350440834 -0.0011286521388924483 0.0 0.0 0.0 1.0"/>
                <scale value="1"/>
            </transform>
        </animation>
    </shape>
    <shape name="temp11" type="ply">
        <string name="filename" value="meshes/Cube_007.ply"/>
        <boolean name="face_normals" value="true"/>
        <ref id="mat-Material" name="bsdf"/>
        <animation name="to_world">
            <transform time="0">
                <matrix value="0.9999991135176153 0.0013506861372942058 -3.1368478384720165e-05 0.00038474110586461663 -0.0013508129929950164 0.9999895707965618 -0.0043692948941918145 -0.018747623346111242 2.5466511354952868e-05 0.004369339810563949 0.9999905441867787 -0.00024288027070551443 0.0 0.0 0.0 1.0"/>
                <scale value="1"/>
            </transform>
            <transform time="0.0015">
                <matrix value="0.9999991135176153 0.0013477425518184124 -3.1370376196798654e-05 0.00038568050368580016 -0.0013478690974599 0.999989608342295 -0.0043596790293151935 -0.018744001777589454 2.549347698487749e-05 0.004359723372125517 0.9999905867386191 -0.00024095416449092884 0.0 0.0 0.0 1.0"/>
                <scale value="1"/>
            </transform>
        </animation>
    </shape>
    <shape name="temp12" type="ply">
        <string name="filename" value="meshes/Cube_008.ply"/>
        <boolean name="face_normals" value="true"/>
        <ref id="mat-Material" name="bsdf"/>
        <animation name="to_world">
            <transform time="0">
                <matrix value="1.0 0.0006776187208373399 0.0001253885748245592 0.0001791042495575823 -0.0006774985949254202 0.9999993742477937 -0.0009535052936006365 -0.01740506431751415 -0.00012603474656355104 0.0009534210916038655 0.9999995272093389 0.00035927619159470403 0.0 0.0 0.0 1.0"/>
                <scale value="1"/>
            </transform>
            <transform time="0.0015">
                <matrix value="0.9999999840430618 0.0006209453139950405 0.00012546026616513858 0.00018186432340583478 -0.0006208340711257762 0.9999993667386472 -0.0008837469980235215 -0.017445183160059115 -0.000126114946135124 0.0008836699802792259 0.9999995272093389 0.00036095256032978935 0.0 0.0 0.0 1.0"/>
                <scale value="1"/>
            </transform>
        </animation>
    </shape>
    <shape name="temp13" type="ply">
        <string name="filename" value="meshes/Cube_009.ply"/>
        <boolean name="face_normals" value="true"/>
        <ref id="mat-Material" name="bsdf"/>
        <animation name="to_world">
            <transform time="0">
                <matrix value="0.9999991135176153 0.0012981792696637416 0.00039535227868550964 0.0008480553010512537 -0.001297965345630617 0.9999989570796561 -0.0005456311542569362 -0.015923446680351117 -0.0003960599403929245 0.0005451177769944288 0.9999997636046695 0.0006323688965153007 0.0 0.0 0.0 1.0"/>
                <scale value="1"/>
            </transform>
            <transform time="0.0015">
                <matrix value="0.9999991454314917 0.0012520165722893107 0.0003955879307772289 0.000850825166206058 -0.0012518141942000512 0.9999989946253892 -0.0005164223796063944 -0.015974529664368763 -0.0003962699337001072 0.0005159272460566335 0.9999997721150375 0.0006341915806546497 0.0 0.0 0.0 1.0"/>
                <scale value="1"/>
            </transform>
        </animation>
    </shape>
    <shape name="temp14" type="ply">
        <string name="filename" value="meshes/Cube_010.ply"/>
        <boolean name="face_normals" value="true"/>
        <ref id="mat-Material" name="bsdf"/>
        <animation name="to_world">
            <transform time="0">
                <matrix value="0.999997340552846 -0.0002201688279452592 0.0022741396273747686 0.004318727021209945 0.0002195395787790301 1.0 0.00027679529251794594 -0.01770178389879179 -0.002274199639378966 -0.00027629462916881336 0.9999973996513641 0.003822065753474657 0.0 0.0 0.0 1.0"/>
                <scale value="1"/>
            </transform>
            <transform time="0.0015">
                <matrix value="0.999997340552846 -0.0002101603895257233 0.0022768536688543713 0.004322849158228556 0.00020953004673474624 1.0 0.0002769316286143469 -0.017684044946313628 -0.0022769110423239876 -0.0002764538981686643 0.9999973911409961 0.0038266285939203954 0.0 0.0 0.0 1.0"/>
                <scale value="1"/>
            </transform>
        </animation>
    </shape>
    <shape name="temp15" type="ply">
        <string name="filename" value="meshes/Cube_011.ply"/>
        <boolean name="face_normals" value="true"/>
        <ref id="mat-Material" name="bsdf"/>
        <animation name="to_world">
            <transform time="0">
                <matrix value="0.9999995567588077 0.001109525408668337 -0.00044169758323597786 -0.0008403058066368541 -0.0011092952996931 0.9999991656637249 0.0005232137850627464 -0.01538209809378377 0.0004422771427608962 -0.0005227221055310238 0.9999997636046695 -0.000687858487557147 0.0 0.0 0.0 1.0"/>
                <scale value="1"/>
            </transform>
            <transform time="0.0015">
                <matrix value="0.9999995408018695 0.0010257490136491366 -0.00044202744510217647 -0.0008379524395037402 -0.001025532224673332 0.9999991656637249 0.0004930972094507131 -0.01554916990484544 0.00044259987183671454 -0.0004926430172734566 0.9999997721150375 -0.0006889925345627074 0.0 0.0 0.0 1.0"/>
                <scale value="1"/>
            </transform>
        </animation>
    </shape>
    <shape name="temp16" type="ply">
        <string name="filename" value="meshes/Cube_012.ply"/>
        <boolean name="face_normals" value="true"/>
        <ref id="mat-Material" name="bsdf"/>
        <animation name="to_world">
            <transform time="0">
                <matrix value="0.9999964540704612 0.0026501169113705434 -0.0001448810245940974 -0.0005879674460615991 -0.0026497623340726597 0.9999935338938684 0.002404376906823835 -0.011216860260652273 0.00015125162447896998 -0.002403973109341855 0.9999971632560337 -5.875930708731936e-05 0.0 0.0 0.0 1.0"/>
                <scale value="1"/>
            </transform>
            <transform time="0.0015">
                <matrix value="0.9999965338551524 0.002619780259383844 -0.00014505879767260678 -0.0005865570059858451 -0.002619429630610911 0.999993661549361 0.0023766348941092925 -0.011292229698788923 0.00015130634082018043 -0.002376235748458334 0.9999972143182422 -6.04503134293043e-05 0.0 0.0 0.0 1.0"/>
                <scale value="1"/>
            </transform>
        </animation>
    </shape>
    <shape name="temp17" type="ply">
        <string name="filename" value="meshes/Cube_013.ply"/>
        <boolean name="face_normals" value="true"/>
        <ref id="mat-Material" name="bsdf"/>
        <animation name="to_world">
            <transform time="0">
                <matrix value="0.9999995567588077 0.0008619048314327849 0.00018877845549692424 -0.00023589237306809174 -0.0008622548211344493 0.9999979141593124 0.00186401973239103 -0.01471205521118335 -0.00018717144746616742 -0.001864180483623022 0.9999983452326863 6.094531954770055e-05 0.0 0.0 0.0 1.0"/>
                <scale value="1"/>
            </transform>
            <transform time="0.0015">
                <matrix value="0.9999995727157459 0.0008089629448213172 0.00018888815414128184 -0.00023574587781658723 -0.0008092899134647675 0.9999979366867523 0.001741978160814069 -0.014903525165823613 -0.00018730554957510078 -0.0017421289169913593 0.9999983622534224 5.6097809175321144e-05 0.0 0.0 0.0 1.0"/>
                <scale value="1"/>
            </transform>
        </animation>
    </shape>
    <shape name="temp18" type="ply">
        <string name="filename" value="meshes/Cube_014.ply"/>
        <boolean name="face_normals" value="true"/>
        <ref id="mat-Material" name="bsdf"/>
        <animation name="to_world">
            <transform time="0">
                <matrix value="1.0 -0.0003165701270068395 -4.295043120872242e-05 -0.00019248751374645323 0.00031650479498321885 0.9999987484955875 -0.0015340851335231746 -0.019236119874626256 4.34360855065449e-05 0.0015340732505532693 0.9999988180233473 -0.0001784073564062849 0.0 0.0 0.0 1.0"/>
                <scale value="1"/>
            </transform>
            <transform time="0.0015">
                <matrix value="1.0 -0.000334231414587201 -4.289374364704159e-05 -0.00019231192191056508 0.0003341621205143256 0.9999984706571624 -0.0016277452233291905 -0.019324212802322847 4.34820813810095e-05 0.001627732133075716 0.9999985542019373 -0.00017927238771176294 0.0 0.0 0.0 1.0"/>
                <scale value="1"/>
            </transform>
        </animation>
    </shape>
    <shape name="temp19" type="ply">
        <string name="filename" value="meshes/Cube_015.ply"/>
        <boolean name="face_normals" value="true"/>
        <ref id="mat-Material" name="bsdf"/>
        <animation name="to_world">
            <transform time="0">
                <matrix value="1.0 -0.00022206277128965443 -5.942978609532122e-05 0.00037558494222023064 0.00022205408606325585 1.0 -0.00015586938874313804 -0.018071365752330204 5.9464351883863714e-05 0.00015585610202263972 1.0 -0.00018267946562816606 0.0 0.0 0.0 1.0"/>
                <scale value="1"/>
            </transform>
            <transform time="0.0015">
                <matrix value="1.0 -0.000222021170617369 -5.949266069458529e-05 0.0003752063856546021 0.00022201245441139873 1.0 -0.00015629323911424634 -0.018071520303408018 5.952731796214204e-05 0.00015627994078542087 1.0 -0.00018299902505017674 0.0 0.0 0.0 1.0"/>
                <scale value="1"/>
            </transform>
        </animation>
    </shape>
    <shape name="temp20" type="ply">
        <string name="filename" value="meshes/Cube_016.ply"/>
        <boolean name="face_normals" value="true"/>
        <ref id="mat-Material" name="bsdf"/>
        <animation name="to_world">
            <transform time="0">
                <matrix value="1.0 -0.00018474728997148657 0.0003537348807456476 0.0005681813176064976 0.000184671123900097 1.0 0.0002149041582411431 -0.017923044420832313 -0.00035377428740113507 -0.000214839504988288 1.0 0.0005826091318280602 0.0 0.0 0.0 1.0"/>
                <scale value="1"/>
            </transform>
            <transform time="0.0015">
                <matrix value="1.0 -0.00015710033170414692 0.0003538823654242137 0.0005681465915644586 0.00015697549596506728 0.9999997071432818 0.0003514829022563976 -0.01787603976366005 -0.00035383607266598397 -0.0003514278032909306 0.9999997106474858 0.0005842228275061983 0.0 0.0 0.0 1.0"/>
                <scale value="1"/>
            </transform>
        </animation>
    </shape>
    <shape name="temp21" type="ply">
        <string name="filename" value="meshes/Cube_017.ply"/>
        <boolean name="face_normals" value="true"/>
        <ref id="mat-Material" name="bsdf"/>
        <animation name="to_world">
            <transform time="0">
                <matrix value="1.0 0.00018127040212922616 0.00020498099145147206 0.0003914774598053894 -0.00018140620927721543 0.9999997914159312 0.0006624955498579027 -0.01779945332222177 -0.00020486076021183382 -0.0006625318351434954 0.9999997636046695 0.00010947324971172234 0.0 0.0 0.0 1.0"/>
                <scale value="1"/>
            </transform>
            <transform time="0.0015">
                <matrix value="1.0 0.00020424927687160826 0.00020540423758644774 0.0003908372704565734 -0.000204396614834665 0.9999997088153184 0.000714439432379317 -0.017793480109232287 -0.00020522620601130933 -0.0007144807122056801 0.999999695521725 0.00011000373482518055 0.0 0.0 0.0 1.0"/>
                <scale value="1"/>
            </transform>
        </animation>
    </shape>
    <shape name="temp22" type="ply">
        <string name="filename" value="meshes/Cube_018.ply"/>
        <boolean name="face_normals" value="true"/>
        <ref id="mat-Material" name="bsdf"/>
        <animation name="to_world">
            <transform time="0">
                <matrix value="0.9999991135176153 0.001457024381391798 -0.0001651159920968313 0.0005642840213059275 -0.0014566589897292152 0.999996454070831 0.0021983441925468336 -0.017798561636159005 0.00016831862659057102 -0.0021981027193105043 0.9999976360466947 -5.6305803109168995e-05 0.0 0.0 0.0 1.0"/>
                <scale value="1"/>
            </transform>
            <transform time="0.0015">
                <matrix value="0.9999989379912947 0.0015263868192872871 -0.00016439826169570312 0.0005607708095199903 -0.0015260095985650574 0.9999960035220338 0.002283024567489085 -0.017801551496704097 0.00016803984292265397 -0.002282773228417977 0.9999973466941805 -5.350846061481599e-05 0.0 0.0 0.0 1.0"/>
                <scale value="1"/>
            </transform>
        </animation>
    </shape>
    <shape name="temp23" type="ply">
        <string name="filename" value="meshes/Cube_019.ply"/>
        <boolean name="face_normals" value="true"/>
        <ref id="mat-Material" name="bsdf"/>
        <animation name="to_world">
            <transform time="0">
                <matrix value="0.9998909626666808 0.013562380194525502 -0.00590366606606493 0.003144270072556521 -0.013510164407023068 0.9998700521251588 0.008796884876892404 -0.018402150828683683 0.006022211702631257 -0.00871615254170117 0.9999439743066644 -0.0008362830776033059 0.0 0.0 0.0 1.0"/>
                <scale value="1"/>
            </transform>
            <transform time="0.0015">
                <matrix value="0.9998916647719632 0.013506575370672961 -0.005904312003001061 0.0031479357691767693 -0.013454508521289307 0.9998709757501933 0.008771426961862823 -0.01839822971828295 0.006022066015785165 -0.008691023933445572 0.999944187065866 -0.0008381675309197334 0.0 0.0 0.0 1.0"/>
                <scale value="1"/>
            </transform>
        </animation>
    </shape>
    <shape name="temp24" type="ply">
        <string name="filename" value="meshes/Cube_020.ply"/>
        <boolean name="face_normals" value="true"/>
        <ref id="mat-Material" name="bsdf"/>
        <animation name="to_world">
            <transform time="0">
                <matrix value="0.9999553591603821 -0.0038649997142677 0.008612450047407487 -0.006683204516972713 0.0037883086771392208 0.9999531783882659 0.00890314457150132 -0.015626648268482035 -0.008646448121392739 -0.008870118006825033 0.9999234079060116 -0.000772302962614213 0.0 0.0 0.0 1.0"/>
                <scale value="1"/>
            </transform>
            <transform time="0.0015">
                <matrix value="0.9999556135370061 -0.003748688283122445 0.008613582777396033 -0.006691406099071932 0.0036722047679688297 0.999953641938804 0.008878038134579077 -0.015627595872566943 -0.008646533488307831 -0.008846014011611975 0.9999236121548448 -0.0007737066656769213 0.0 0.0 0.0 1.0"/>
                <scale value="1"/>
            </transform>
        </animation>
    </shape>
    <shape name="temp25" type="ply">
        <string name="filename" value="meshes/Cube_021.ply"/>
        <boolean name="face_normals" value="true"/>
        <ref id="mat-Material" name="bsdf"/>
        <animation name="to_world">
            <transform time="0">
                <matrix value="0.9991999496478006 0.02957571914572309 0.026925357228803733 -0.016805050000155697 -0.029770565061601664 0.9995331888541017 0.006864707642802873 -0.020385528064662373 -0.026709749710563502 -0.0076607964156913625 0.999613966425244 -0.013510209924286198 0.0 0.0 0.0 1.0"/>
                <scale value="1"/>
            </transform>
            <transform time="0.0015">
                <matrix value="0.9991929924227297 0.029788213727744896 0.026926802289301166 -0.016812168544370145 -0.029980671343907046 0.9995268286069129 0.00677238121277632 -0.02042556723323206 -0.026712840090791622 -0.0075742222628237665 0.9996144430058557 -0.013512711854918341 0.0 0.0 0.0 1.0"/>
                <scale value="1"/>
            </transform>
        </animation>
    </shape>
    <shape name="temp26" type="ply">
        <string name="filename" value="meshes/Cube_022.ply"/>
        <boolean name="face_normals" value="true"/>
        <ref id="mat-Material" name="bsdf"/>
        <animation name="to_world">
            <transform time="0">
                <matrix value="0.9991418850516022 0.038135738168590165 0.016174263073016372 -0.007867368999718516 -0.038141081898561593 0.9992722501840755 2.214147220392785e-05 -0.022452376990059253 -0.016161650949333986 -0.0006390264964342554 0.9998692733822168 -0.01183420340484126 0.0 0.0 0.0 1.0"/>
                <scale value="1"/>
            </transform>
            <transform time="0.0015">
                <matrix value="0.9991423637597492 0.03812267450621201 0.01617528261511056 -0.007866185266054001 -0.03812822268074554 0.999272738278606 3.483057651610751e-05 -0.022448618879025682 -0.01616219811274609 -0.0006515353830599852 0.9998692563614807 -0.011833573325237783 0.0 0.0 0.0 1.0"/>
                <scale value="1"/>
            </transform>
        </animation>
    </shape>
    <shape name="temp27" type="ply">
        <string name="filename" value="meshes/Cube_023.ply"/>
        <boolean name="face_normals" value="true"/>
        <ref id="mat-Material" name="bsdf"/>
        <animation name="to_world">
            <transform time="0">
                <matrix value="0.9994685538103673 0.031025169839577996 0.010028480909422294 -0.00273304017331355 -0.031109565676820435 0.9994808342528415 0.008370995049408988 -0.019961288466984084 -0.009763566283174388 -0.008678513546492345 0.9999146612856786 -0.008795452159909817 0.0 0.0 0.0 1.0"/>
                <scale value="1"/>
            </transform>
            <transform time="0.0015">
                <matrix value="0.9994693197434026 0.030999852000827527 0.010029309819271824 -0.0027324425498114076 -0.031084768594802057 0.9994811196004131 0.008423635080038117 -0.01994495790237556 -0.009763013215695136 -0.008730910494333461 0.9999141761946989 -0.008795598971736896 0.0 0.0 0.0 1.0"/>
                <scale value="1"/>
            </transform>
        </animation>
    </shape>
    <shape name="temp28" type="ply">
        <string name="filename" value="meshes/Cube_024.ply"/>
        <boolean name="face_normals" value="true"/>
        <ref id="mat-Material" name="bsdf"/>
        <animation name="to_world">
            <transform time="0">
                <matrix value="0.9995084455176791 0.030276624191997465 0.008154244170845742 -0.001208932543498964 -0.03035560354380198 0.9994916806244173 0.009741922489753444 -0.019162433050417815 -0.007855142572961932 -0.009984656555901575 0.9999193891922892 -0.007781215482696419 0.0 0.0 0.0 1.0"/>
                <scale value="1"/>
            </transform>
            <transform time="0.0015">
                <matrix value="0.9995070413071143 0.03032152963971122 0.00815551306672423 -0.0012118615698692397 -0.0303996220344804 0.9994912450939133 0.009628480134484063 -0.019224738546245398 -0.007859546049637473 -0.009871659518266624 0.9999203083120402 -0.007784369974724567 0.0 0.0 0.0 1.0"/>
                <scale value="1"/>
            </transform>
        </animation>
    </shape>
    <shape name="temp29" type="ply">
        <string name="filename" value="meshes/Cube_025.ply"/>
        <boolean name="face_normals" value="true"/>
        <ref id="mat-Material" name="bsdf"/>
        <animation name="to_world">
            <transform time="0">
                <matrix value="0.9995421318482981 0.02995688567298607 0.00428341247061015 0.0010936168040225347 -0.03000416203479621 0.9994843801820105 0.01143311832390037 -0.01782432270815182 -0.0039387077214388675 -0.01155641051847742 0.999925535470883 -0.004778290886367498 0.0 0.0 0.0 1.0"/>
                <scale value="1"/>
            </transform>
            <transform time="0.0015">
                <matrix value="0.9995425945995069 0.02994106690471233 0.004285652399484853 0.0010947954765596487 -0.029988550404703863 0.9994842975813977 0.011478409651705391 -0.017783714741648752 -0.003939790399698165 -0.011601686016936704 0.9999249822969588 -0.0047818674056364086 0.0 0.0 0.0 1.0"/>
                <scale value="1"/>
            </transform>
        </animation>
    </shape>
    <shape name="temp30" type="ply">
        <string name="filename" value="meshes/Cube_026.ply"/>
        <boolean name="face_normals" value="true"/>
        <ref id="mat-Material" name="bsdf"/>
        <animation name="to_world">
            <transform time="0">
                <matrix value="0.9995616344607616 0.02715583107193439 0.011794141272686269 0.007996689613038344 -0.027358512978988597 0.9994745767307786 0.017376900677556296 -0.009289803160908217 -0.011316058451102519 -0.017691958875565003 0.9997796795519458 -0.014909283263566442 0.0 0.0 0.0 1.0"/>
                <scale value="1"/>
            </transform>
            <transform time="0.0015">
                <matrix value="0.9995601185516292 0.02721015524225602 0.01179520081351036 0.007994938134936333 -0.027411521129960897 0.9994749296606698 0.017259907796730208 -0.00945918112303645 -0.011319530840432003 -0.017575651580824712 0.9997815007707117 -0.014913673697225802 0.0 0.0 0.0 1.0"/>
                <scale value="1"/>
            </transform>
        </animation>
    </shape>
    <shape name="temp31" type="ply">
        <string name="filename" value="meshes/Cube_027.ply"/>
        <boolean name="face_normals" value="true"/>
        <ref id="mat-Material" name="bsdf"/>
        <animation name="to_world">
            <transform time="0">
                <matrix value="0.9996095045095359 0.021987660166491802 0.017248065222417272 0.018596269664624687 -0.022389389160447994 0.999474159562641 0.023454884660354284 0.0054520372223926805 -0.016723268566930308 -0.02383189792730011 0.9995761431723592 -0.025297496571930145 0.0 0.0 0.0 1.0"/>
                <scale value="1"/>
            </transform>
            <transform time="0.0015">
                <matrix value="0.9996069194855417 0.02209624467938878 0.017249814954091433 0.018594155375514988 -0.0224957048145539 0.9994745725657053 0.023317820927483742 0.005137762914631757 -0.01672590561054315 -0.02369671511597069 0.9995790707389736 -0.0252986091995721 0.0 0.0 0.0 1.0"/>
                <scale value="1"/>
            </transform>
        </animation>
    </shape>
    <shape name="temp32" type="ply">
        <string name="filename" value="meshes/Cube_028.ply"/>
        <boolean name="face_normals" value="true"/>
        <ref id="mat-Material" name="bsdf"/>
        <animation name="to_world">
            <transform time="0">
                <matrix value="0.9865139434814291 0.15823736032689295 0.04184847437545536 0.058195853011241194 -0.15795453941034737 0.9873956818926084 -0.010002548341663116 -0.25307369748617764 -0.04290378829382281 0.0032574907753695594 0.9990740394903127 -0.06246438607032667 0.0 0.0 0.0 1.0"/>
                <scale value="1"/>
            </transform>
            <transform time="0.0015">
                <matrix value="0.9859155263837114 0.16115396318612976 0.04197923532973698 0.057508248541355673 -0.16084351435544386 0.9867993279953353 -0.010626622993273 -0.2584507863167255 -0.043184263716331626 0.0037047433576837085 0.999056652808356 -0.06289787200250982 0.0 0.0 0.0 1.0"/>
                <scale value="1"/>
            </transform>
        </animation>
    </shape>
    <shape name="temp33" type="ply">
        <string name="filename" value="meshes/Cube_029.ply"/>
        <boolean name="face_normals" value="true"/>
        <ref id="mat-Material" name="bsdf"/>
        <animation name="to_world">
            <transform time="0">
                <matrix value="0.94593787176855 0.3009002488407941 0.12108305939054446 0.18183546244295523 -0.297995663328174 0.9536490739910267 -0.04185589718883401 -0.6385951116685815 -0.12806523446572593 0.0035108557578589264 0.9917597315683743 -0.31669523671071964 0.0 0.0 0.0 1.0"/>
                <scale value="1"/>
            </transform>
            <transform time="0.0015">
                <matrix value="0.9448292156138056 0.3038163433308046 0.12137152257129101 0.1799325230276274 -0.3008410072170525 0.9525879414635897 -0.04255369971210123 -0.6452431552553398 -0.12859188682942208 0.003649757549144317 0.991687001962891 -0.3178765929321715 0.0 0.0 0.0 1.0"/>
                <scale value="1"/>
            </transform>
        </animation>
    </shape>
    <shape name="temp34" type="ply">
        <string name="filename" value="meshes/Cube_030.ply"/>
        <boolean name="face_normals" value="true"/>
        <ref id="mat-Material" name="bsdf"/>
        <animation name="to_world">
            <transform time="0">
                <matrix value="0.7482352333217638 0.6550404624931172 -0.10519250590882281 -0.752666396970048 -0.6323446897398775 0.7521199817357903 0.18562165718959722 -1.1611908372896727 0.20070703804911194 -0.07237075313569152 0.9769747408663048 0.36163320010297073 0.0 0.0 0.0 1.0"/>
                <scale value="1"/>
            </transform>
            <transform time="0.0015">
                <matrix value="0.7453256581610089 0.6579327843499484 -0.1056302037556845 -0.7610792969272614 -0.635070857544516 0.7493607204965846 0.18634949529077316 -1.1664282565493946 0.2017845559757391 -0.07171974868480376 0.9767785225544448 0.363731212092146 0.0 0.0 0.0 1.0"/>
                <scale value="1"/>
            </transform>
        </animation>
    </shape>
    <shape name="temp35" type="ply">
        <string name="filename" value="meshes/Cube_031.ply"/>
        <boolean name="face_normals" value="true"/>
        <ref id="mat-Material" name="bsdf"/>
        <animation name="to_world">
            <transform time="0">
                <matrix value="0.14598662829970904 0.9888050844452603 -0.030857675354510256 -2.159868946691362 -0.7242556650656794 0.1280724329037197 0.6775333660189277 -0.9710881895438559 0.6739003629258884 -0.07656192965293698 0.7348445771620362 0.6807185607767248 0.0 0.0 0.0 1.0"/>
                <scale value="1"/>
            </transform>
            <transform time="0.0015">
                <matrix value="0.13917457370848657 0.9891739262181825 -0.029940158956835817 -2.176572978401594 -0.7230721070428562 0.12252438552638427 0.6791350002680209 -0.9648342123258571 0.675603063977274 -0.07254816613168585 0.7332967114183776 0.6831598416519138 0.0 0.0 0.0 1.0"/>
                <scale value="1"/>
            </transform>
        </animation>
