
<scene version="2.1.0">
    <default name="spp" value="1024"/>
    <default name="resx" value="1280"/>
    <default name="resy" value="720"/>
    <integrator name="temp0" type="path">
        <integer name="max_depth" value="12"/>
    </integrator>
    <sensor name="temp44" type="perspective">
        <string name="fov_axis" value="x"/>
        <float name="fov" value="83.974423"/>
        <float name="principal_point_offset_x" value="0.000000"/>
        <float name="principal_point_offset_y" value="-0.000000"/>
        <float name="near_clip" value="0.100000"/>
        <float name="far_clip" value="1000.000000"/>
        <sampler name="sampler" type="correlated">
            <integer name="sample_count" value="1024"/>
        </sampler>
        <film name="film" type="hdrfilm">
            <integer name="width" value="$resx"/>
            <integer name="height" value="$resy"/>
        </film>
        <float name="shutter_open" value="0.0"/>
        <float name="shutter_close" value="0.0015"/>
        <animation name="to_world">
            <transform time="0">
                <rotate angle="-142.5518126578256" x="1"/>
                <rotate angle="3.976628485794621e-06" y="1"/>
                <rotate angle="-179.999991348578" z="1"/>
                <translate value="-0.000000 3.030926 4.073377"/>
            </transform>
            <transform time="0.0015">
                <rotate angle="-142.5518126578256" x="1"/>
                <rotate angle="3.976628485794621e-06" y="1"/>
                <rotate angle="-179.999991348578" z="1"/>
                <translate value="-0.000000 3.030926 4.073377"/>
                <translate x="0.15" y="0.0" z="0.0"/>
            </transform>
        </animation>
    </sensor>
    <bsdf id="mat-Material" name="mat-Material" type="twosided">
        <bsdf name="bsdf" type="diffuse">
            <texture name="reflectance" type="bitmap">
                <string name="filename" value="textures/siggraph_2023_logo.jpg"/>
            </texture>
        </bsdf>
    </bsdf>
    <bsdf id="mat-Material.001" name="mat-Material.001" type="twosided">
        <bsdf name="bsdf" type="principled">
            <rgb name="base_color" value="0.433648 0.266232 0.084399"/>
            <float name="spec_tint" value="0.000000"/>
            <float name="spec_trans" value="0.000000"/>
            <float name="metallic" value="0.000000"/>
            <float name="anisotropic" value="0.000000"/>
            <float name="roughness" value="0.500000"/>
            <float name="sheen" value="0.000000"/>
            <float name="sheen_tint" value="0.500000"/>
            <float name="clearcoat" value="0.000000"/>
            <float name="clearcoat_gloss" value="0.173205"/>
            <float name="specular" value="0.500000"/>
        </bsdf>
    </bsdf>
    <bsdf id="mat-Material.002" name="mat-Material.002" type="twosided">
        <bsdf name="bsdf" type="principled">
            <rgb name="base_color" value="0.433648 0.266232 0.084399"/>
            <float name="spec_tint" value="0.000000"/>
            <float name="spec_trans" value="0.000000"/>
            <float name="metallic" value="0.000000"/>
            <float name="anisotropic" value="0.000000"/>
            <float name="roughness" value="0.500000"/>
            <float name="sheen" value="0.000000"/>
            <float name="sheen_tint" value="0.500000"/>
            <float name="clearcoat" value="0.000000"/>
            <float name="clearcoat_gloss" value="0.173205"/>
            <float name="specular" value="0.500000"/>
        </bsdf>
    </bsdf>
    <bsdf id="mat-Material.003" name="mat-Material.003" type="twosided">
        <bsdf name="bsdf" type="principled">
            <rgb name="base_color" value="0.433648 0.266232 0.084399"/>
            <float name="spec_tint" value="0.000000"/>
            <float name="spec_trans" value="0.000000"/>
            <float name="metallic" value="0.000000"/>
            <float name="anisotropic" value="0.000000"/>
            <float name="roughness" value="0.500000"/>
            <float name="sheen" value="0.000000"/>
            <float name="sheen_tint" value="0.500000"/>
            <float name="clearcoat" value="0.000000"/>
            <float name="clearcoat_gloss" value="0.173205"/>
            <float name="specular" value="0.500000"/>
        </bsdf>
    </bsdf>
    <bsdf id="mat-Material.004" name="mat-Material.004" type="twosided">
        <bsdf name="bsdf" type="principled">
            <rgb name="base_color" value="0.433648 0.266232 0.084399"/>
            <float name="spec_tint" value="0.000000"/>
            <float name="spec_trans" value="0.000000"/>
            <float name="metallic" value="0.000000"/>
            <float name="anisotropic" value="0.000000"/>
            <float name="roughness" value="0.500000"/>
            <float name="sheen" value="0.000000"/>
            <float name="sheen_tint" value="0.500000"/>
            <float name="clearcoat" value="0.000000"/>
            <float name="clearcoat_gloss" value="0.173205"/>
            <float name="specular" value="0.500000"/>
        </bsdf>
    </bsdf>
    <bsdf id="mat-Material.005" name="mat-Material.005" type="twosided">
        <bsdf name="bsdf" type="principled">
            <rgb name="base_color" value="0.433648 0.266232 0.084399"/>
            <float name="spec_tint" value="0.000000"/>
            <float name="spec_trans" value="0.000000"/>
            <float name="metallic" value="0.000000"/>
            <float name="anisotropic" value="0.000000"/>
            <float name="roughness" value="0.500000"/>
            <float name="sheen" value="0.000000"/>
            <float name="sheen_tint" value="0.500000"/>
            <float name="clearcoat" value="0.000000"/>
            <float name="clearcoat_gloss" value="0.173205"/>
            <float name="specular" value="0.500000"/>
        </bsdf>
    </bsdf>
    <emitter name="temp45" type="point">
        <point name="position" x="-6.815235034541981e-16" y="3.0693089962005615" z="4.109199523925781"/>
        <rgb name="intensity" value="7.957747 7.957747 7.957747"/>
    </emitter>
    <shape name="temp2" type="ply">
        <string name="filename" value="meshes/Cube.ply"/>
        <boolean name="face_normals" value="true"/>
        <ref id="mat-Material" name="bsdf"/>
        <animation name="to_world">
            <transform time="0">
                <matrix value="0.9999991135176153 0.0001753582952841228 0.0014902267078498851 -0.0024021271475362926 -0.00017328137660076558 0.9999989570796562 -0.0013949215663932833 -0.015510451084574467 -0.0014904694278819986 0.0013946608735917968 0.9999979906396905 0.003387323808100806 0.0 0.0 0.0 1.0"/>
            </transform>
            <transform time="0.0015">
                <matrix value="0.9999991135176153 0.0001758165785024587 0.001490660055791754 -0.0024028551248590144 -0.00017376846214041232 0.9999989871162427 -0.0013751948736333815 -0.015535784516232758 -0.0014908999460755995 0.0013749333692269475 0.9999980161707946 0.003392879251390876 0.0 0.0 0.0 1.0"/>
            </transform>
        </animation>
    </shape>
    <shape name="temp4" type="ply">
        <string name="filename" value="meshes/Plane.ply"/>
        <boolean name="face_normals" value="true"/>
        <ref id="mat-Material.001" name="bsdf"/>
    </shape>
    <shape name="temp5" type="ply">
        <string name="filename" value="meshes/Cube_001.ply"/>
        <boolean name="face_normals" value="true"/>
        <ref id="mat-Material" name="bsdf"/>
        <animation name="to_world">
            <transform time="0">
                <matrix value="0.9999982270352306 -3.2513563179071505e-05 -0.0018584549863103466 0.0025142950145602416 3.473326631526504e-05 0.9999963497787967 0.001184431618159133 -0.018931315716843033 0.0018581335645279392 -0.0011844905229828353 0.9999947993027283 -0.004092116195252127 0.0 0.0 0.0 1.0"/>
            </transform>
            <transform time="0.0015">
                <matrix value="0.9999982270352306 -4.080228687584135e-05 -0.001859020415164584 0.0025175922892142454 4.3344332292566405e-05 0.9999961470318378 0.0013575344619854888 -0.01911996569754932 0.0018586831214807793 -0.0013576087921315393 0.9999945950538948 -0.004092704766316055 0.0 0.0 0.0 1.0"/>
            </transform>
        </animation>
    </shape>
    <shape name="temp6" type="ply">
        <string name="filename" value="meshes/Cube_002.ply"/>
        <boolean name="face_normals" value="true"/>
        <ref id="mat-Material" name="bsdf"/>
        <animation name="to_world">
            <transform time="0">
                <matrix value="1.0 2.17207455628954e-05 0.00029245648316557934 -0.0008709875032877346 -2.1323558092077156e-05 0.9999959326106591 -0.0014380353467754023 -0.016686819548167225 -0.0002925187978589677 0.0014380265444085911 0.9999959812793809 0.000709362881292197 0.0 0.0 0.0 1.0"/>
            </transform>
            <transform time="0.0015">
                <matrix value="1.0 2.263823937917498e-05 0.0002917657816934255 -0.0008708445196673829 -2.2190343764125397e-05 0.9999956848088205 -0.0016147756070164115 -0.01656557537144551 -0.00029183319205072983 0.001614766324790116 0.999995725968339 0.0007055886568849688 0.0 0.0 0.0 1.0"/>
            </transform>
        </animation>
    </shape>
    <shape name="temp7" type="ply">
        <string name="filename" value="meshes/Cube_003.ply"/>
        <boolean name="face_normals" value="true"/>
        <ref id="mat-Material" name="bsdf"/>
        <animation name="to_world">
            <transform time="0">
                <matrix value="0.9999991135176153 -0.000412687751734898 0.0014366642538583263 -0.001087120340332648 0.00041765088373428935 0.9999928038496275 -0.003448356603301686 -0.017565971344198683 -0.0014350820084854093 0.0034489490491695224 0.999991962558762 0.004084139719955027 0.0 0.0 0.0 1.0"/>
            </transform>
            <transform time="0.0015">
                <matrix value="0.9999991135176153 -0.0004199300232858767 0.0014372370016290995 -0.0010884594856355118 0.00042504866391283424 0.999992435901443 -0.0035553635033440108 -0.017546475264160172 -0.0014355849711786008 0.003555966328075037 0.9999915881025672 0.004085524826959642 0.0 0.0 0.0 1.0"/>
            </transform>
        </animation>
    </shape>
    <shape name="temp8" type="ply">
        <string name="filename" value="meshes/Cube_004.ply"/>
        <boolean name="face_normals" value="true"/>
        <ref id="mat-Material" name="bsdf"/>
        <animation name="to_world">
            <transform time="0">
                <matrix value="0.9999995567588077 8.922944873316466e-05 0.0011958743341334527 -0.00045235058229287084 -8.894011279601862e-05 0.9999995828318624 -0.00024795624416990014 -0.01758800177729236 -0.001195658629817367 0.00024784793387050685 0.9999990544186779 0.0037520130068542917 0.0 0.0 0.0 1.0"/>
            </transform>
            <transform time="0.0015">
                <matrix value="0.9999995567588076 0.00010948076863891947 0.001196478400058705 -0.00045220139735644614 -0.00010926403418958061 0.9999995978501557 -0.00018714651550943133 -0.017536228052667076 -0.001196262280790826 0.00018701393415939934 0.999999071439414 0.0037541518767011677 0.0 0.0 0.0 1.0"/>
            </transform>
        </animation>
    </shape>
    <shape name="temp9" type="ply">
        <string name="filename" value="meshes/Cube_005.ply"/>
        <boolean name="face_normals" value="true"/>
        <ref id="mat-Material" name="bsdf"/>
        <animation name="to_world">
            <transform time="0">
                <matrix value="0.9999997783794039 -0.000354904750084998 0.0008166406710601527 -0.0007068027852790149 0.00035695077540614194 0.999994263938109 -0.002508618973751135 -0.019468668552549584 -0.0008150784448262228 0.0025089054968159643 0.999994208314402 0.002062477838439325 0.0 0.0 0.0 1.0"/>
            </transform>
            <transform time="0.0015">
                <matrix value="0.9999997943363421 -0.00033336138388403546 0.0008165898641628048 -0.0007082234817479612 0.0003352764502435636 0.9999946769411732 -0.002348046455448934 -0.01936305079617495 -0.0008151389216221364 0.002348315638074207 0.9999946083017011 0.002070831153947767 0.0 0.0 0.0 1.0"/>
            </transform>
        </animation>
    </shape>
    <shape name="temp10" type="ply">
        <string name="filename" value="meshes/Cube_006.ply"/>
        <boolean name="face_normals" value="true"/>
        <ref id="mat-Material" name="bsdf"/>
        <animation name="to_world">
            <transform time="0">
                <matrix value="0.9999991135176153 1.5935822853722052e-06 -0.0015478126103670698 -0.0012948114020627788 -5.95716162524144e-07 0.9999990613716906 0.0006388524708749134 -0.017350260830962944 0.0015475367313976104 -0.0006388523287368358 0.9999979906396905 -0.003675702778385026 0.0 0.0 0.0 1.0"/>
            </transform>
            <transform time="0.0015">
                <matrix value="0.9999991135176153 -1.5290884076951387e-05 -0.0015484073148874507 -0.0012934852966973707 1.642009258069014e-05 0.9999990088076642 0.0007234639969395194 -0.017335412593989654 0.0015481207553370395 -0.0007234900979650367 0.9999979310671141 -0.0036742612799905445 0.0 0.0 0.0 1.0"/>
            </transform>
        </animation>
    </shape>
    <shape name="temp11" type="ply">
        <string name="filename" value="meshes/Cube_007.ply"/>
        <boolean name="face_normals" value="true"/>
        <ref id="mat-Material" name="bsdf"/>
        <animation name="to_world">
            <transform time="0">
                <matrix value="0.9999984486558268 -0.001880785861337483 -0.00020597089689806773 0.0004600342493652487 0.0018817605362863835 0.9999861291594271 0.004816519400255591 -0.01734646667342185 0.00019660805245138972 -0.004816893432313427 0.9999880620358081 -0.00048005202617629195 0.0 0.0 0.0 1.0"/>
            </transform>
            <transform time="0.0015">
                <matrix value="0.9999984007850121 -0.0019055595873237298 -0.00020663124188733377 0.0004597950331309621 0.0019065494802662627 0.9999857762295359 0.004879531016445512 -0.017342470802260833 0.00019703049643424338 -0.0048799108665877906 0.999987764172926 -0.00048150515789670213 0.0 0.0 0.0 1.0"/>
            </transform>
        </animation>
    </shape>
    <shape name="temp12" type="ply">
        <string name="filename" value="meshes/Cube_008.ply"/>
        <boolean name="face_normals" value="true"/>
        <ref id="mat-Material" name="bsdf"/>
        <animation name="to_world">
            <transform time="0">
                <matrix value="0.9997653037886485 0.016411179688917723 0.0008009736887269213 0.01451841581530644 -0.016405152146971688 0.9997502205776527 -0.005213888131110524 0.01627452433480603 -0.0009150339877346296 0.005188957350815459 0.9999838069198588 0.013537715565786756 0.0 0.0 0.0 1.0"/>
            </transform>
            <transform time="0.0015">
                <matrix value="0.9997485968743156 0.017427002476186858 0.0008524768958795628 0.015557170238853953 -0.017420561220456002 0.9997327918483432 -0.0053612111126834 0.01863077021675609 -0.0009742244789000571 0.005334500606830609 0.9999829984348925 0.014520245782748792 0.0 0.0 0.0 1.0"/>
            </transform>
        </animation>
    </shape>
    <shape name="temp13" type="ply">
        <string name="filename" value="meshes/Cube_009.ply"/>
        <boolean name="face_normals" value="true"/>
        <ref id="mat-Material" name="bsdf"/>
        <animation name="to_world">
            <transform time="0">
                <matrix value="0.9676972467630096 0.24281485243720052 0.009775159673226006 0.12089033978247321 -0.2425628117093685 0.9675899988110709 -0.020088024165276268 0.48646806080011884 -0.014726896939330918 0.01681075063148827 0.9997262542072458 0.050818071348866845 0.0 0.0 0.0 1.0"/>
            </transform>
            <transform time="0.0015">
                <matrix value="0.9665198640752837 0.24750039097348076 0.009940992705340214 0.12375111663049111 -0.24723815950718364 0.9664081041876601 -0.020562323998273756 0.49605692764667975 -0.015085092225210851 0.017160151148714824 0.9997151056250807 0.05152389859553906 0.0 0.0 0.0 1.0"/>
            </transform>
        </animation>
    </shape>
    <shape name="temp14" type="ply">
        <string name="filename" value="meshes/Cube_010.ply"/>
        <boolean name="face_normals" value="true"/>
        <ref id="mat-Material" name="bsdf"/>
        <animation name="to_world">
            <transform time="0">
                <matrix value="0.8615527270857601 0.5030291621386542 0.012914170528972375 0.2598128247513639 -0.5024981073601087 0.8614289468798952 -0.030154103752019407 0.8447966605853594 -0.026514845477255522 0.01936016315445859 0.9994546359724665 0.029082634361279558 0.0 0.0 0.0 1.0"/>
            </transform>
            <transform time="0.0015">
                <matrix value="0.8591114431911939 0.5072103976515261 0.012914477753259521 0.26395821944367515 -0.5066714530724142 0.8589848623282454 -0.030429292460658196 0.8519547278421713 -0.02674805597000185 0.01946958831631989 0.9994463298532351 0.029128579587136928 0.0 0.0 0.0 1.0"/>
            </transform>
        </animation>
    </shape>
    <shape name="temp15" type="ply">
        <string name="filename" value="meshes/Cube_011.ply"/>
        <boolean name="face_normals" value="true"/>
        <ref id="mat-Material" name="bsdf"/>
        <animation name="to_world">
            <transform time="0">
                <matrix value="0.7709076870433508 0.6327474902121926 -0.035556056188333324 0.3020094245141248 -0.6149399762777314 0.7608117466204167 0.19730946654556925 1.2045924692882553 0.15266122011889502 -0.1291915490078699 0.979466819787802 -0.33072882520364166 0.0 0.0 0.0 1.0"/>
            </transform>
            <transform time="0.0015">
                <matrix value="0.7679938543798706 0.6362758579903147 -0.035942059250583025 0.30524715789118045 -0.6181462996190732 0.7578454159395056 0.19875455427618072 1.2117802743374313 0.15445998193845992 -0.12937928067707655 0.9791616975615682 -0.3338472521028911 0.0 0.0 0.0 1.0"/>
            </transform>
        </animation>
    </shape>
    <shape name="temp16" type="ply">
        <string name="filename" value="meshes/Cube_012.ply"/>
        <boolean name="face_normals" value="true"/>
        <ref id="mat-Material" name="bsdf"/>
        <animation name="to_world">
            <transform time="0">
                <matrix value="0.8161260453843522 0.5733728878255737 0.0021526761606183347 0.2672811809959472 -0.5069730704381173 0.7223486357558982 0.46394250203654575 1.2510658808654294 0.2667292523230271 -0.3781708428673635 0.8848160206061082 -0.9427465407962731 0.0 0.0 0.0 1.0"/>
            </transform>
            <transform time="0.0015">
                <matrix value="0.8131478264750907 0.5776118836942614 0.0021898808515843286 0.26956390780073347 -0.5099144128631159 0.718521156140385 0.46668766593216227 1.2585820058591959 0.27025127092181284 -0.37905471447964345 0.883376534399757 -0.9494778326899946 0.0 0.0 0.0 1.0"/>
            </transform>
        </animation>
    </shape>
    <shape name="temp17" type="ply">
        <string name="filename" value="meshes/Cube_013.ply"/>
        <boolean name="face_normals" value="true"/>
        <ref id="mat-Material" name="bsdf"/>
        <animation name="to_world">
            <transform time="0">
                <matrix value="0.9184688853547791 0.35872361150800025 0.16485062651854449 0.296372179019824 -0.3485849303313494 0.5440320969165018 0.76150961585286 1.2317048108277915 0.1843763463451218 -0.7567368482530041 0.6253288850036003 -0.9648206551976384 0.0 0.0 0.0 1.0"/>
            </transform>
            <transform time="0.0015">
                <matrix value="0.9177979280158417 0.3601523543083135 0.16547991291955738 0.2975981405669474 -0.34933528779925416 0.5409419779535283 0.7633737524049174 1.2347460112432098 0.18630011322313184 -0.7582811117649491 0.6228928857590484 -0.9693524287168338 0.0 0.0 0.0 1.0"/>
            </transform>
        </animation>
    </shape>
    <shape name="temp18" type="ply">
        <string name="filename" value="meshes/Cube_014.ply"/>
        <boolean name="face_normals" value="true"/>
        <ref id="mat-Material" name="bsdf"/>
        <animation name="to_world">
            <transform time="0">
                <matrix value="0.939410480349345 0.3132951485431446 0.13897646022577648 0.09043199826353066 -0.2128211725679799 0.21565033383880206 0.9528660806268825 1.0073137197752524 0.2686276321878208 -0.9247036541843008 0.2692949414708801 -0.8027999042871943 0.0 0.0 0.0 1.0"/>
            </transform>
            <transform time="0.0015">
                <matrix value="0.9392574692686022 0.3136434077451761 0.1392257220981053 0.09038973620994212 -0.21285503478661003 0.21454219855899978 0.9531093069461798 1.0075757588445868 0.2691359292854643 -0.9248440902444239 0.2683056792662707 -0.8037484634077248 0.0 0.0 0.0 1.0"/>
            </transform>
        </animation>
    </shape>
    <shape name="temp19" type="ply">
        <string name="filename" value="meshes/Cube_015.ply"/>
        <boolean name="face_normals" value="true"/>
        <ref id="mat-Material" name="bsdf"/>
        <animation name="to_world">
            <transform time="0">
                <matrix value="0.9747208466970553 0.1957529780590418 0.10758392861617483 0.04156056812845371 -0.14947673161036618 0.21354751440794456 0.9653942057613325 0.6339179016812199 0.16602689232962253 -0.957075797364749 0.23740263467323786 -0.40437037291296785 0.0 0.0 0.0 1.0"/>
            </transform>
            <transform time="0.0015">
                <matrix value="0.9747459150470237 0.19548895045649775 0.10783718100008932 0.04163410620858081 -0.149562540045729 0.21297010458576918 0.9655086446807022 0.6340905737952702 0.16580244203639827 -0.9572586375758461 0.23682250160505788 -0.4042801040291965 0.0 0.0 0.0 1.0"/>
            </transform>
        </animation>
    </shape>
    <shape name="temp20" type="ply">
        <string name="filename" value="meshes/Cube_016.ply"/>
        <boolean name="face_normals" value="true"/>
        <ref id="mat-Material" name="bsdf"/>
        <animation name="to_world">
            <transform time="0">
                <matrix value="0.9700360089144668 0.19295261178541706 0.14747273298059999 0.06606925292678423 -0.18826450240857265 0.21352610325328572 0.9585901571603436 0.3532463189103626 0.15348804223911267 -0.9576326125363197 0.24344601037964617 -0.16943925851179487 0.0 0.0 0.0 1.0"/>
            </transform>
            <transform time="0.0015">
                <matrix value="0.9700923688203157 0.19249215842370743 0.1477044575374573 0.06613440692638159 -0.18828477250721354 0.21294554484593176 0.9587154978612046 0.3534260107326306 0.15310697778849203 -0.9578548382214489 0.24281210369981082 -0.16869021050585511 0.0 0.0 0.0 1.0"/>
            </transform>
        </animation>
    </shape>
    <shape name="temp21" type="ply">
        <string name="filename" value="meshes/Cube_017.ply"/>
        <boolean name="face_normals" value="true"/>
        <ref id="mat-Material" name="bsdf"/>
        <animation name="to_world">
            <transform time="0">
                <matrix value="0.9439271080994349 0.1760199656670623 0.2791488444287058 0.17744824034518447 -0.31341161416031504 0.21279636145950445 0.9254163276363635 0.1472098005045094 0.10355393004235613 -0.9610566243171479 0.25601165145305116 0.05821366272984413 0.0 0.0 0.0 1.0"/>
            </transform>
            <transform time="0.0015">
                <matrix value="0.9438333930011763 0.17562197488878312 0.27971669022747353 0.17750636278932333 -0.31380120440303505 0.2122098024930849 0.9254192552029779 0.14762462137316684 0.10322904199279448 -0.9612593938033795 0.25538188421624264 0.05925490394054726 0.0 0.0 0.0 1.0"/>
            </transform>
        </animation>
    </shape>
    <shape name="temp22" type="ply">
        <string name="filename" value="meshes/Cube_018.ply"/>
        <boolean name="face_normals" value="true"/>
        <ref id="mat-Material" name="bsdf"/>
        <animation name="to_world">
            <transform time="0">
                <matrix value="0.18331939339783382 0.9791912361317667 0.08697576380513271 0.8646016879261083 -0.3917070459392902 -0.008402897858467366 0.9199785258481746 -0.11759148575367469 0.9015665473461376 -0.20275633417670827 0.3820217096015746 -0.2090839650752921 0.0 0.0 0.0 1.0"/>
            </transform>
            <transform time="0.0015">
                <matrix value="0.18352530332452194 0.9791674021003889 0.08681007119409156 0.8646008957632927 -0.39094101077956867 -0.008337495819591745 0.9203052899403976 -0.11799257229268756 0.9018574902009904 -0.20287413917074232 0.3812725419008144 -0.20886259879439154 0.0 0.0 0.0 1.0"/>
            </transform>
        </animation>
    </shape>
    <shape name="temp23" type="ply">
        <string name="filename" value="meshes/Cube_019.ply"/>
        <boolean name="face_normals" value="true"/>
        <ref id="mat-Material" name="bsdf"/>
        <animation name="to_world">
            <transform time="0">
                <matrix value="-0.051207521980330725 0.9879682451613712 -0.1459279367746505 0.4643920129488859 -0.960241043425226 -0.008570827849310524 0.2789464900257719 0.0739578735890325 0.27433988089222683 0.15441845718707697 0.9491266610908888 -0.0457534109052502 0.0 0.0 0.0 1.0"/>
            </transform>
            <transform time="0.0015">
                <matrix value="-0.051134346652969155 0.9879655118320008 -0.14597211324423898 0.4644212926985737 -0.9603867143143803 -0.008568864507834758 0.2784451102015916 0.0744183625009308 0.27384367117529684 0.15443604661212418 0.949267226840218 -0.04572619739191068 0.0 0.0 0.0 1.0"/>
            </transform>
        </animation>
    </shape>
    <shape name="temp24" type="ply">
        <string name="filename" value="meshes/Cube_020.ply"/>
        <boolean name="face_normals" value="true"/>
        <ref id="mat-Material" name="bsdf"/>
        <animation name="to_world">
            <transform time="0">
                <matrix value="0.053900968620725256 0.9947333435640756 -0.08702293645929411 -0.08389623792116097 -0.8865012516054245 0.0075683350133831945 -0.46266171285156044 0.321760401573023 -0.45956751933879814 0.10208425839334849 0.8822399021196298 0.13539862966456095 0.0 0.0 0.0 1.0"/>
            </transform>
            <transform time="0.0015">
                <matrix value="0.05405650729989789 0.9946952120973792 -0.08736250525118172 -0.08353009310693352 -0.8865489999682572 0.007559882774477964 -0.46257035405042135 0.32167814147976015 -0.4594571745886784 0.10245648055506723 0.8822543186832175 0.1350807869204328 0.0 0.0 0.0 1.0"/>
            </transform>
        </animation>
    </shape>
    <shape name="temp25" type="ply">
        <string name="filename" value="meshes/Cube_021.ply"/>
        <boolean name="face_normals" value="true"/>
        <ref id="mat-Material" name="bsdf"/>
        <animation name="to_world">
            <transform time="0">
                <matrix value="0.283774003726772 0.9178817036312401 -0.2774048378777184 -0.12079291604573969 -0.6724117373813665 -0.01576290457487438 -0.7400094605411278 0.2689822996104533 -0.6836142152769282 0.3965256151665648 0.6127209764450965 0.22315177978073647 0.0 0.0 0.0 1.0"/>
            </transform>
            <transform time="0.0015">
                <matrix value="0.28393968780786155 0.9177822074384996 -0.27756456897593 -0.12048733049467969 -0.6724255401329404 -0.015763945793144975 -0.7399968907274957 0.2689652177109155 -0.6835318615186934 0.39675589065687267 0.6126638463442762 0.22305766167330837 0.0 0.0 0.0 1.0"/>
            </transform>
        </animation>
    </shape>
    <shape name="temp26" type="ply">
        <string name="filename" value="meshes/Cube_022.ply"/>
        <boolean name="face_normals" value="true"/>
        <ref id="mat-Material" name="bsdf"/>
        <animation name="to_world">
            <transform time="0">
                <matrix value="0.621210287805371 0.3928555784766271 -0.6779263732559343 -0.08280303482456641 -0.7308940884035693 -0.02116471675326382 -0.6820115209628287 -0.21196228146974863 -0.2822866857437676 0.9193564972894501 0.27398880715389007 0.6665849762768399 0.0 0.0 0.0 1.0"/>
            </transform>
            <transform time="0.0015">
                <matrix value="0.6219129834944594 0.3928767692883942 -0.6772701983470202 -0.08256528451398237 -0.7301889193890544 -0.021137718667865228 -0.6827680841734374 -0.21135200553235262 -0.28256616353849784 0.9193480645177936 0.27372915582422747 0.6665148263961984 0.0 0.0 0.0 1.0"/>
            </transform>
        </animation>
    </shape>
    <shape name="temp27" type="ply">
        <string name="filename" value="meshes/Cube_023.ply"/>
        <boolean name="face_normals" value="true"/>
        <ref id="mat-Material" name="bsdf"/>
        <animation name="to_world">
            <transform time="0">
                <matrix value="0.8538802220461077 0.30969947207372195 -0.41814528005991203 -0.08461682641231039 -0.4778164431844575 0.14882336683888758 -0.8656949479008331 -0.28426459369357304 -0.20590301971359526 0.9390104354609603 0.2751451349131791 0.15422938778983425 0.0 0.0 0.0 1.0"/>
            </transform>
            <transform time="0.0015">
                <matrix value="0.8535157974906793 0.31039832582238436 -0.4183718600992741 -0.08493804276857937 -0.47809545024950983 0.14810155537625802 -0.8656650339570847 -0.2845574388058316 -0.20676685016068225 0.9388943440541855 0.2748948875402284 0.15339960481246157 0.0 0.0 0.0 1.0"/>
            </transform>
        </animation>
    </shape>
    <shape name="temp28" type="ply">
        <string name="filename" value="meshes/Cube_024.ply"/>
        <boolean name="face_normals" value="true"/>
        <ref id="mat-Material" name="bsdf"/>
        <animation name="to_world">
            <transform time="0">
                <matrix value="0.891147498258062 0.35367431266334737 -0.28398596568201706 -0.14111722540436378 -0.3649820398668858 0.18738101843257415 -0.9119547955393146 -0.49536446076186585 -0.2693113760511465 0.9163420403276439 0.2961102093942559 -0.2523222390374484 0.0 0.0 0.0 1.0"/>
            </transform>
            <transform time="0.0015">
                <matrix value="0.8908446036564708 0.3544104793615741 -0.284019615677346 -0.14176452524394392 -0.3652280543664419 0.18727272602548078 -0.9118785937036609 -0.49562877126982796 -0.26998022228715535 0.9160800537111516 0.2963126540297857 -0.2530870805459682 0.0 0.0 0.0 1.0"/>
            </transform>
        </animation>
    </shape>
    <shape name="temp29" type="ply">
        <string name="filename" value="meshes/Cube_025.ply"/>
        <boolean name="face_normals" value="true"/>
        <ref id="mat-Material" name="bsdf"/>
        <animation name="to_world">
            <transform time="0">
                <matrix value="0.8950413721328944 0.3811291907146716 -0.23160567745937427 -0.2780148636362853 -0.3203473415279765 0.1881072351555933 -0.9284360415885577 -0.7918606543298926 -0.31028738429188674 0.9051825840645944 0.29045728785528446 -0.7262237848876958 0.0 0.0 0.0 1.0"/>
            </transform>
            <transform time="0.0015">
                <matrix value="0.8950556695495536 0.3810813274141035 -0.23162921203122117 -0.27802457410293596 -0.32035884967183215 0.18811606065561803 -0.9284302885797459 -0.7918707855969294 -0.31023428757990723 0.9052008988732052 0.2904569304198257 -0.7261562159776458 0.0 0.0 0.0 1.0"/>
            </transform>
        </animation>
    </shape>
    <shape name="temp30" type="ply">
        <string name="filename" value="meshes/Cube_026.ply"/>
        <boolean name="face_normals" value="true"/>
        <ref id="mat-Material" name="bsdf"/>
        <animation name="to_world">
            <transform time="0">
                <matrix value="0.9262165197765355 0.2402965648289715 -0.2904571696576192 -0.29927291010072604 -0.3415217046347072 0.20871402707004047 -0.9164042284505562 -1.1327475332693226 -0.15958712969414585 0.9479859122319956 0.2753866127433158 -0.841025103338969 0.0 0.0 0.0 1.0"/>
            </transform>
            <transform time="0.0015">
                <matrix value="0.9261411232433715 0.2405689516135351 -0.2904722755609346 -0.2995452553643967 -0.3415907104141078 0.20857009249850614 -0.9164112920560503 -1.1328104003084043 -0.15987710236715383 0.9479485542275515 0.27534717569770273 -0.841514120919774 0.0 0.0 0.0 1.0"/>
            </transform>
        </animation>
    </shape>
    <shape name="temp31" type="ply">
        <string name="filename" value="meshes/Cube_027.ply"/>
        <boolean name="face_normals" value="true"/>
        <ref id="mat-Material" name="bsdf"/>
        <animation name="to_world">
            <transform time="0">
                <matrix value="0.8764821985472326 0.19359225569069488 -0.4407741048772612 -0.5317954310985937 -0.47552289163462036 0.20536721225306254 -0.8553931939893178 -1.5732440353911643 -0.07507588289213105 0.9593358057498285 0.2720660857330217 -0.9809921795146959 0.0 0.0 0.0 1.0"/>
            </transform>
            <transform time="0.0015">
                <matrix value="0.876400866033045 0.1938988135978762 -0.4408012103995481 -0.5321891653519829 -0.4756250160393293 0.205249995225209 -0.8553645651111471 -1.5732955493234022 -0.07537866898654236 0.959299033458821 0.2721121863968297 -0.9814020278666366 0.0 0.0 0.0 1.0"/>
            </transform>
        </animation>
    </shape>
    <shape name="temp32" type="ply">
        <string name="filename" value="meshes/Cube_028.ply"/>
        <boolean name="face_normals" value="true"/>
        <ref id="mat-Material" name="bsdf"/>
        <animation name="to_world">
            <transform time="0">
                <matrix value="-0.11424058600031559 0.9806567477989167 0.1589319020699248 -1.4655406762328342 -0.8147814732273455 -0.0009674066534146254 -0.5796974943513336 -2.1128989048427944 -0.5683300622133338 -0.1957329018424231 0.7991311053231027 -1.2603072947853553 0.0 0.0 0.0 1.0"/>
            </transform>
            <transform time="0.0015">
                <matrix value="-0.11432645347634987 0.9806566576891572 0.1588707167787216 -1.4657737700917954 -0.8144052086237461 -0.0009453700113720689 -0.5802263881954679 -2.1131178352870146 -0.568852237060161 -0.1957334462555532 0.7987596107363302 -1.2617187583054665 0.0 0.0 0.0 1.0"/>
            </transform>
        </animation>
    </shape>
    <shape name="temp33" type="ply">
        <string name="filename" value="meshes/Cube_029.ply"/>
        <boolean name="face_normals" value="true"/>
        <ref id="mat-Material" name="bsdf"/>
        <animation name="to_world">
            <transform time="0">
                <matrix value="-0.010594131575261467 0.9826889823809037 0.18495587208364989 -1.6409287228654033 -0.9997978820162865 -0.007323026846855492 -0.018379524192934524 -1.9197400590913105 -0.016707546801837503 -0.18511544085285855 0.9825678537336988 -0.22900287131597263 0.0 0.0 0.0 1.0"/>
            </transform>
            <transform time="0.0015">
                <matrix value="-0.010549921760893602 0.9826755710450371 0.18502965357062606 -1.6407440586937692 -0.9998026371838808 -0.007325798698148042 -0.018119289052022713 -1.919412565522138 -0.0164505169086785 -0.18518651943112302 0.9825588412539179 -0.22852726818242536 0.0 0.0 0.0 1.0"/>
            </transform>
        </animation>
    </shape>
    <shape name="temp34" type="ply">
        <string name="filename" value="meshes/Cube_030.ply"/>
        <boolean name="face_normals" value="true"/>
        <ref id="mat-Material" name="bsdf"/>
        <animation name="to_world">
            <transform time="0">
                <matrix value="-0.04292597009877445 0.9819319248825242 -0.184300016859191 -3.2070243681375232 -0.9694543190094689 0.003644520072876951 0.24521718368426532 -1.8636489838407049 0.24145823376229936 0.18919906681894333 0.9517819331750295 0.31300557856048583 0.0 0.0 0.0 1.0"/>
            </transform>
            <transform time="0.0015">
                <matrix value="-0.04297236463184681 0.9819323630087835 -0.18428684709939414 -3.2071339297093937 -0.9693899812870839 0.0036459653613583652 0.24547147021808802 -1.8630729653945481 0.24170826249497798 0.1891967361257305 0.9517189714579737 0.3134851473513917 0.0 0.0 0.0 1.0"/>
            </transform>
        </animation>
    </shape>
    <shape name="temp35" type="ply">
        <string name="filename" value="meshes/Cube_031.ply"/>
        <boolean name="face_normals" value="true"/>
        <ref id="mat-Material" name="bsdf"/>
        <animation name="to_world">
            <transform time="0">
                <matrix value="0.11595003430686829 0.9836468004246772 0.13781241415894557 -1.9798291107878532 -0.7640680322041321 -0.00030353570854965245 0.6450022953986595 -1.1239312449937462 0.6344953344432093 -0.18010602328215375 0.7515371606367733 0.6340859302401292 0.0 0.0 0.0 1.0"/>
            </transform>
            <transform time="0.0015">
                <matrix value="0.11604429832380225 0.983643886875788 0.13775391814405094 -1.979678066269216 -0.7634602005128553 -0.00036448399747234563 0.6457223065784291 -1.1214663395740876 0.6352100776206657 -0.18012184655591545 0.750929945875337 0.635124770545342 0.0 0.0 0.0 1.0"/>
            </transform>
        </animation>
    </shape>
    <shape name="temp36" type="ply">
        <string name="filename" value="meshes/Cube_032.ply"/>
        <boolean name="face_normals" value="true"/>
        <ref id="mat-Material" name="bsdf"/>
        <animation name="to_world">
            <transform time="0">
                <matrix value="0.773958294549729 0.5908799744693101 0.2276724964907113 -0.584305560884818 -0.26686351008019116 -0.02169105049194553 0.9634827131186643 0.3377612760373514 0.5742482186136479 -0.806465584671574 0.1408949501702283 -0.17802236638056845 0.0 0.0 0.0 1.0"/>
            </transform>
            <transform time="0.0015">
                <matrix value="0.773998362421639 0.5909309841023127 0.22740387608414508 -0.5845327741072815 -0.2666273027148748 -0.02156873227551732 0.9635508896772329 0.3384284292856743 0.5743039721558436 -0.8064315006550571 0.14086279289345793 -0.17795782460827217 0.0 0.0 0.0 1.0"/>
            </transform>
        </animation>
    </shape>
    <shape name="temp37" type="ply">
        <string name="filename" value="meshes/Cube_033.ply"/>
        <boolean name="face_normals" value="true"/>
        <ref id="mat-Material" name="bsdf"/>
        <animation name="to_world">
            <transform time="0">
                <matrix value="0.9780639933903873 0.1607828160100788 0.13243888826112796 -0.13255162147247268 -0.14990997771383285 0.10185304000851023 0.9834362519804019 0.3008216137329417 0.14463172862292054 -0.9817171892045229 0.1237219050059548 -0.3921612736082783 0.0 0.0 0.0 1.0"/>
            </transform>
            <transform time="0.0015">
                <matrix value="0.9780695783187698 0.16078096575635115 0.132399916732648 -0.13256973926542145 -0.14989678451729954 0.10203106535479342 0.9834198269700365 0.3008485939361485 0.14460765917728569 -0.9816990170696979 0.1238941948543199 -0.3921134756156385 0.0 0.0 0.0 1.0"/>
            </transform>
        </animation>
    </shape>
    <shape name="temp38" type="ply">
        <string name="filename" value="meshes/Cube_034.ply"/>
        <boolean name="face_normals" value="true"/>
        <ref id="mat-Material" name="bsdf"/>
        <animation name="to_world">
            <transform time="0">
                <matrix value="0.9999257571002806 0.0015326632222484112 0.01210573395785828 -0.03651167661171284 -0.012183490329363665 0.1805937032641321 0.9834824672675206 0.3696522739458986 -0.0006788710912775453 -0.9835564835229015 0.18059895248501134 -0.35327551315285105 0.0 0.0 0.0 1.0"/>
            </transform>
