
<scene version="2.1.0">
    <default name="spp" value="1024"/>
    <default name="resx" value="1280"/>
    <default name="resy" value="720"/>
    <integrator name="temp0" type="path">
        <integer name="max_depth" value="12"/>
    </integrator>
    <sensor name="temp44" type="perspective">
        <string name="fov_axis" value="x"/>
        <float name="fov" value="83.974423"/>
        <float name="principal_point_offset_x" value="0.000000"/>
        <float name="principal_point_offset_y" value="-0.000000"/>
        <float name="near_clip" value="0.100000"/>
        <float name="far_clip" value="1000.000000"/>
        <sampler name="sampler" type="correlated">
            <integer name="sample_count" value="1024"/>
        </sampler>
        <film name="film" type="hdrfilm">
            <integer name="width" value="$resx"/>
            <integer name="height" value="$resy"/>
        </film>
        <float name="shutter_open" value="0.0"/>
        <float name="shutter_close" value="0.0015"/>
        <animation name="to_world">
            <transform time="0">
                <rotate angle="-142.5518126578256" x="1"/>
                <rotate angle="3.976628485794621e-06" y="1"/>
                <rotate angle="-179.999991348578" z="1"/>
                <translate value="-0.000000 3.030926 4.073377"/>
                <translate x="23.4" y="0.0" z="0.0"/>
            </transform>
            <transform time="0.0015">
                <rotate angle="-142.5518126578256" x="1"/>
                <rotate angle="3.976628485794621e-06" y="1"/>
                <rotate angle="-179.999991348578" z="1"/>
                <translate value="-0.000000 3.030926 4.073377"/>
                <translate x="23.55" y="0.0" z="0.0"/>
            </transform>
        </animation>
    </sensor>
    <bsdf id="mat-Material" name="mat-Material" type="twosided">
        <bsdf name="bsdf" type="diffuse">
            <texture name="reflectance" type="bitmap">
                <string name="filename" value="textures/siggraph_2023_logo.jpg"/>
            </texture>
        </bsdf>
    </bsdf>
    <bsdf id="mat-Material.001" name="mat-Material.001" type="twosided">
        <bsdf name="bsdf" type="principled">
            <rgb name="base_color" value="0.433648 0.266232 0.084399"/>
            <float name="spec_tint" value="0.000000"/>
            <float name="spec_trans" value="0.000000"/>
            <float name="metallic" value="0.000000"/>
            <float name="anisotropic" value="0.000000"/>
            <float name="roughness" value="0.500000"/>
            <float name="sheen" value="0.000000"/>
            <float name="sheen_tint" value="0.500000"/>
            <float name="clearcoat" value="0.000000"/>
            <float name="clearcoat_gloss" value="0.173205"/>
            <float name="specular" value="0.500000"/>
        </bsdf>
    </bsdf>
    <bsdf id="mat-Material.002" name="mat-Material.002" type="twosided">
        <bsdf name="bsdf" type="principled">
            <rgb name="base_color" value="0.433648 0.266232 0.084399"/>
            <float name="spec_tint" value="0.000000"/>
            <float name="spec_trans" value="0.000000"/>
            <float name="metallic" value="0.000000"/>
            <float name="anisotropic" value="0.000000"/>
            <float name="roughness" value="0.500000"/>
            <float name="sheen" value="0.000000"/>
            <float name="sheen_tint" value="0.500000"/>
            <float name="clearcoat" value="0.000000"/>
            <float name="clearcoat_gloss" value="0.173205"/>
            <float name="specular" value="0.500000"/>
        </bsdf>
    </bsdf>
    <bsdf id="mat-Material.003" name="mat-Material.003" type="twosided">
        <bsdf name="bsdf" type="principled">
            <rgb name="base_color" value="0.433648 0.266232 0.084399"/>
            <float name="spec_tint" value="0.000000"/>
            <float name="spec_trans" value="0.000000"/>
            <float name="metallic" value="0.000000"/>
            <float name="anisotropic" value="0.000000"/>
            <float name="roughness" value="0.500000"/>
            <float name="sheen" value="0.000000"/>
            <float name="sheen_tint" value="0.500000"/>
            <float name="clearcoat" value="0.000000"/>
            <float name="clearcoat_gloss" value="0.173205"/>
            <float name="specular" value="0.500000"/>
        </bsdf>
    </bsdf>
    <bsdf id="mat-Material.004" name="mat-Material.004" type="twosided">
        <bsdf name="bsdf" type="principled">
            <rgb name="base_color" value="0.433648 0.266232 0.084399"/>
            <float name="spec_tint" value="0.000000"/>
            <float name="spec_trans" value="0.000000"/>
            <float name="metallic" value="0.000000"/>
            <float name="anisotropic" value="0.000000"/>
            <float name="roughness" value="0.500000"/>
            <float name="sheen" value="0.000000"/>
            <float name="sheen_tint" value="0.500000"/>
            <float name="clearcoat" value="0.000000"/>
            <float name="clearcoat_gloss" value="0.173205"/>
            <float name="specular" value="0.500000"/>
        </bsdf>
    </bsdf>
    <bsdf id="mat-Material.005" name="mat-Material.005" type="twosided">
        <bsdf name="bsdf" type="principled">
            <rgb name="base_color" value="0.433648 0.266232 0.084399"/>
            <float name="spec_tint" value="0.000000"/>
            <float name="spec_trans" value="0.000000"/>
            <float name="metallic" value="0.000000"/>
            <float name="anisotropic" value="0.000000"/>
            <float name="roughness" value="0.500000"/>
            <float name="sheen" value="0.000000"/>
            <float name="sheen_tint" value="0.500000"/>
            <float name="clearcoat" value="0.000000"/>
            <float name="clearcoat_gloss" value="0.173205"/>
            <float name="specular" value="0.500000"/>
        </bsdf>
    </bsdf>
    <emitter name="temp45" type="point">
        <point name="position" x="-6.815235034541981e-16" y="3.0693089962005615" z="4.109199523925781"/>
        <rgb name="intensity" value="7.957747 7.957747 7.957747"/>
    </emitter>
    <shape name="temp2" type="ply">
        <string name="filename" value="meshes/Cube.ply"/>
        <boolean name="face_normals" value="true"/>
        <ref id="mat-Material" name="bsdf"/>
        <animation name="to_world">
            <transform time="0">
                <matrix value="0.9999991135176153 0.0001907910133639813 0.0012833642459627224 -0.0021522462067262715 -0.00018835534469094565 0.9999981227433812 -0.0018976635158321044 -0.014845476178357242 -0.0012837240061202744 0.0018974183549808833 0.9999973996513641 0.0028771165966776646 0.0 0.0 0.0 1.0"/>
            </transform>
            <transform time="0.0015">
                <matrix value="0.9999991135176153 0.00019017829703621897 0.0012838769105349567 -0.002152985544467111 -0.00018781031950856485 0.9999981828165542 -0.001844761195659212 -0.014917100741812246 -0.0012842263305359362 0.0018445167173953092 0.9999974592239407 0.0028823150085795766 0.0 0.0 0.0 1.0"/>
            </transform>
        </animation>
    </shape>
    <shape name="temp4" type="ply">
        <string name="filename" value="meshes/Plane.ply"/>
        <boolean name="face_normals" value="true"/>
        <ref id="mat-Material.001" name="bsdf"/>
    </shape>
    <shape name="temp5" type="ply">
        <string name="filename" value="meshes/Cube_001.ply"/>
        <boolean name="face_normals" value="true"/>
        <ref id="mat-Material" name="bsdf"/>
        <animation name="to_world">
            <transform time="0">
                <matrix value="0.9999991135176153 5.218710825304585e-05 -0.0015419476422166127 0.0020549476624895924 -5.3358261217991336e-05 0.9999995828318625 -0.0007596729423323046 -0.01687542668389902 0.0015419075682547112 0.000759752869595326 0.9999985816280168 -0.003483548959886562 0.0 0.0 0.0 1.0"/>
            </transform>
            <transform time="0.0015">
                <matrix value="0.9999991135176153 5.777802084295786e-05 -0.0015427389362392945 0.002056405289854871 -5.9113450131484835e-05 0.9999993575574639 -0.0008643490227689922 -0.016753293315286872 0.001542672543873734 0.0008644375071942067 0.9999983518480791 -0.003483261180868591 0.0 0.0 0.0 1.0"/>
            </transform>
        </animation>
    </shape>
    <shape name="temp6" type="ply">
        <string name="filename" value="meshes/Cube_002.ply"/>
        <boolean name="face_normals" value="true"/>
        <ref id="mat-Material" name="bsdf"/>
        <animation name="to_world">
            <transform time="0">
                <matrix value="1.0 -3.51856293919983e-05 0.0003344048345681837 -0.0008623441454824743 3.584921466525539e-05 0.9999979141593124 -0.0019847681032726097 -0.016438978690030637 -0.0003343341719456693 0.001984779620502145 0.9999981088373558 0.00103961217577897 0.0 0.0 0.0 1.0"/>
            </transform>
            <transform time="0.0015">
                <matrix value="1.0 -3.2059000958148985e-05 0.00033455955305960506 -0.0008643760730309152 3.266218804932215e-05 0.999997824049553 -0.0018055025615156789 -0.016547934634324992 -0.000334485826686662 0.0018055132375567426 0.9999980152233071 0.0010464230610505052 0.0 0.0 0.0 1.0"/>
            </transform>
        </animation>
    </shape>
    <shape name="temp7" type="ply">
        <string name="filename" value="meshes/Cube_003.ply"/>
        <boolean name="face_normals" value="true"/>
        <ref id="mat-Material" name="bsdf"/>
        <animation name="to_world">
            <transform time="0">
                <matrix value="0.9999995567588077 -9.670541463384111e-05 0.0012410234783114375 -0.0013116512497739485 9.761057538025662e-05 0.9999995828318625 -0.000729130665627788 -0.01775082018017371 -0.001240955663470011 0.0007292516212196744 0.999999054418678 0.0037733375060914343 0.0 0.0 0.0 1.0"/>
            </transform>
            <transform time="0.0015">
                <matrix value="0.9999995408018695 -7.276814750810314e-05 0.0012415453340811821 -0.0013102091640128182 7.344794122613126e-05 0.9999992599385579 -0.0005492106765666602 -0.017743465279748242 -0.0012413922453001418 0.0005493018308402106 0.9999987395350597 0.0037789132467365783 0.0 0.0 0.0 1.0"/>
            </transform>
        </animation>
    </shape>
    <shape name="temp8" type="ply">
        <string name="filename" value="meshes/Cube_004.ply"/>
        <boolean name="face_normals" value="true"/>
        <ref id="mat-Material" name="bsdf"/>
        <animation name="to_world">
            <transform time="0">
                <matrix value="0.9999995567588077 -0.0004076775624031388 0.0009187433602461537 -0.0005362368739709744 0.0004092960088790076 0.99999833132745 -0.0017616487345048768 -0.01884810501416212 -0.000918023427956463 0.0017620243501041879 0.9999981088373558 0.0027985184528144004 0.0 0.0 0.0 1.0"/>
            </transform>
            <transform time="0.0015">
                <matrix value="0.9999995567588077 -0.000404223430048521 0.0009195203568504865 -0.0005361524131218213 0.00040584126792321144 0.9999983388365966 -0.0017595648857804858 -0.01883949969239911 -0.0009188072327626038 0.0017599375582579558 0.9999981088373558 0.0028021845480202287 0.0 0.0 0.0 1.0"/>
            </transform>
        </animation>
    </shape>
    <shape name="temp9" type="ply">
        <string name="filename" value="meshes/Cube_005.ply"/>
        <boolean name="face_normals" value="true"/>
        <ref id="mat-Material" name="bsdf"/>
        <animation name="to_world">
            <transform time="0">
                <matrix value="0.9999995567588077 0.0004723073361102826 0.0007895154888584517 -0.0006490270694583522 -0.00047593909511424096 0.9999891536284242 0.00460670672464341 -0.014743014701881385 -0.0007873337623908076 -0.0046070714170993055 0.9999891258147956 0.002140160352732401 0.0 0.0 0.0 1.0"/>
            </transform>
            <transform time="0.0015">
                <matrix value="0.9999995727157459 0.00045543485810054093 0.000789497446878154 -0.0006489615133119914 -0.0004589386747635531 0.9999895441040486 0.004444415248157972 -0.014850413931854451 -0.0007873942391867212 -0.004444766919817899 0.9999895087813585 0.002132443356187651 0.0 0.0 0.0 1.0"/>
            </transform>
        </animation>
    </shape>
    <shape name="temp10" type="ply">
        <string name="filename" value="meshes/Cube_006.ply"/>
        <boolean name="face_normals" value="true"/>
        <ref id="mat-Material" name="bsdf"/>
        <animation name="to_world">
            <transform time="0">
                <matrix value="0.9999995567588077 0.00022803036149704958 -0.001195377903939339 -0.0011357435141872152 -0.00022838667297842125 1.0 -0.00029773282694301595 -0.017398753819426238 0.0011953106854813687 0.0002980061448866659 0.9999992908140084 -0.002739923841899916 0.0 0.0 0.0 1.0"/>
            </transform>
            <transform time="0.0015">
                <matrix value="0.9999995567588077 0.0002101988415627692 -0.001196421955893551 -0.0011356320009778221 -0.0002104568827269388 0.9999999324176804 -0.00021719734166313228 -0.017388514184544165 0.001196338312303752 0.0002174489961157497 0.9999992227310639 -0.002740671923662027 0.0 0.0 0.0 1.0"/>
            </transform>
        </animation>
    </shape>
    <shape name="temp11" type="ply">
        <string name="filename" value="meshes/Cube_007.ply"/>
        <boolean name="face_normals" value="true"/>
        <ref id="mat-Material" name="bsdf"/>
        <animation name="to_world">
            <transform time="0">
                <matrix value="0.9999995567588077 -0.0009268975414195816 -6.063563867635635e-05 0.0005418674439359172 0.0009270389538089489 0.9999966626548998 0.002386789094232379 -0.017538324137391037 5.842317832302354e-05 -0.0023868420997741036 0.9999971632560337 -5.112092426551307e-05 0.0 0.0 0.0 1.0"/>
            </transform>
            <transform time="0.0015">
                <matrix value="0.9999995727157459 -0.0008714169625181746 -6.062739212970138e-05 0.0005404063645579027 0.0008715488606634572 0.999996700200633 0.002228528587622391 -0.017562947359314747 5.8450145548641984e-05 -0.002228578349381419 0.999997197297506 -5.553080402803483e-05 0.0 0.0 0.0 1.0"/>
            </transform>
        </animation>
    </shape>
    <shape name="temp12" type="ply">
        <string name="filename" value="meshes/Cube_008.ply"/>
        <boolean name="face_normals" value="true"/>
        <ref id="mat-Material" name="bsdf"/>
        <animation name="to_world">
            <transform time="0">
                <matrix value="0.9999995567588077 -0.001094171535366472 0.00011015076821390564 0.00022685137573308367 0.0010940345054403424 0.9999985399115188 0.0012272038072886355 -0.018644289192912444 -0.0001114933327659846 -0.001227083389824852 0.9999992908140084 0.00012158930663774825 0.0 0.0 0.0 1.0"/>
            </transform>
            <transform time="0.0015">
                <matrix value="0.9999994769741165 -0.0011367462190602481 0.00010994525984587249 0.0002279774052097083 0.0011366041061269525 0.9999983747102931 0.0012762046343258182 -0.018677270070699806 -0.00011145162132943632 -0.0012760797455267634 0.9999991971999598 0.00012206088814989638 0.0 0.0 0.0 1.0"/>
            </transform>
        </animation>
    </shape>
    <shape name="temp13" type="ply">
        <string name="filename" value="meshes/Cube_009.ply"/>
        <boolean name="face_normals" value="true"/>
        <ref id="mat-Material" name="bsdf"/>
        <animation name="to_world">
            <transform time="0">
                <matrix value="0.9999995567588077 0.000604726932166375 0.0008553421325979232 0.0015816022570676047 -0.0006046297429023788 0.9999997914159312 -0.00011287073288698743 -0.016715178374792583 -0.0008554111771244994 0.00011235360005673488 0.9999997636046695 0.001487844613198952 0.0 0.0 0.0 1.0"/>
            </transform>
            <transform time="0.0015">
                <matrix value="0.9999995408018695 0.0005362994581167814 0.0008557501196429584 0.0015862394149055322 -0.0005362264974895939 0.9999997613793448 -8.494578130052022e-05 -0.016814003613253723 -0.0008558475993852476 8.448776518365946e-05 0.9999997550943014 0.001488885158663941 0.0 0.0 0.0 1.0"/>
            </transform>
        </animation>
    </shape>
    <shape name="temp14" type="ply">
        <string name="filename" value="meshes/Cube_010.ply"/>
        <boolean name="face_normals" value="true"/>
        <ref id="mat-Material" name="bsdf"/>
        <animation name="to_world">
            <transform time="0">
                <matrix value="0.9999858162818447 -0.0002302580393514704 0.005352013922739387 0.011199579666463899 0.00022901518898917961 1.0 0.00023275626081213142 -0.017824311645576518 -0.005352062046675071 -0.00023152831633025533 0.9999858162801681 0.008816716854549211 0.0 0.0 0.0 1.0"/>
            </transform>
            <transform time="0.0015">
                <matrix value="0.9999858003249065 -0.00022013576226914618 0.0053545602248644296 0.011202927713704514 0.00021889071911878355 1.0 0.0002330259884175829 -0.01780615371749001 -0.0053546057421992345 -0.00023185233600699128 0.9999857992594321 0.008821016631828233 0.0 0.0 0.0 1.0"/>
            </transform>
        </animation>
    </shape>
    <shape name="temp15" type="ply">
        <string name="filename" value="meshes/Cube_011.ply"/>
        <boolean name="face_normals" value="true"/>
        <ref id="mat-Material" name="bsdf"/>
        <animation name="to_world">
            <transform time="0">
                <matrix value="0.9999964540704612 0.002562396881251004 -0.0008913333216711637 -0.001973360278614278 -0.002561579498853778 0.9999962454867622 0.0009170625894460832 -0.012700649785487461 0.0008936806216723667 -0.0009147767211835896 0.9999992908140084 -0.0013481199704061808 0.0 0.0 0.0 1.0"/>
            </transform>
            <transform time="0.0015">
                <matrix value="0.9999965657690288 0.0024665310304997877 -0.0008919835137913282 -0.0019687234724774265 -0.0024657371811589186 0.9999963806514014 0.0008905220109223783 -0.012879720047965337 0.0008942456568552951 -0.0008883217273052807 0.9999992993243765 -0.0013498679450858993 0.0 0.0 0.0 1.0"/>
            </transform>
        </animation>
    </shape>
    <shape name="temp16" type="ply">
        <string name="filename" value="meshes/Cube_012.ply"/>
        <boolean name="face_normals" value="true"/>
        <ref id="mat-Material" name="bsdf"/>
        <animation name="to_world">
            <transform time="0">
                <matrix value="0.9999982270352306 -0.0019293317175020808 -0.00019412500868752841 -0.0003502778834700848 0.0019288970208872981 0.999995619734556 -0.0022169745085459276 -0.023012706548525108 0.0001984014063156551 0.002216595782847298 0.9999976360466947 -0.0003775713931091218 0.0 0.0 0.0 1.0"/>
            </transform>
            <transform time="0.0015">
                <matrix value="0.9999982908629835 -0.001866697272232875 -0.00019427297845707423 -0.0003524086110739921 0.0018662765698911547 0.999995777426635 -0.002145511322423987 -0.022843342363827637 0.00019839700220070203 0.00214514490109332 0.9999977211503753 -0.0003750126555515702 0.0 0.0 0.0 1.0"/>
            </transform>
        </animation>
    </shape>
    <shape name="temp17" type="ply">
        <string name="filename" value="meshes/Cube_013.ply"/>
        <boolean name="face_normals" value="true"/>
        <ref id="mat-Material" name="bsdf"/>
        <animation name="to_world">
            <transform time="0">
                <matrix value="1.0 -0.0003964536536628406 0.0002927165180291627 -0.00019496127034990263 0.00039674341831153474 0.9999993742477937 -0.0009872601828470602 -0.019236916269877613 -0.00029232598794029366 0.0009873764921582819 0.9999995272093389 5.8729079194907996e-05 0.0 0.0 0.0 1.0"/>
            </transform>
            <transform time="0.0015">
                <matrix value="0.9999999680861236 -0.00033205363531244866 0.0002928978739726274 -0.00019601063409437563 0.0003323004296578551 0.9999991940282749 -0.0008416851457710512 -0.019006690330147763 -0.00029236813021417434 0.000841782624494901 0.9999993825330818 6.518279894199565e-05 0.0 0.0 0.0 1.0"/>
            </transform>
        </animation>
    </shape>
    <shape name="temp18" type="ply">
        <string name="filename" value="meshes/Cube_014.ply"/>
        <boolean name="face_normals" value="true"/>
        <ref id="mat-Material" name="bsdf"/>
        <animation name="to_world">
            <transform time="0">
                <matrix value="0.9999964540704612 0.0022266349340770053 0.0016589633308291187 0.0015897328618201811 -0.0022432170800334027 0.9999468110624646 0.010062734592816135 -0.007203104775041935 -0.0016364686442315705 -0.01006642568253922 0.9999479930272833 -0.0073959427018917 0.0 0.0 0.0 1.0"/>
            </transform>
            <transform time="0.0015">
                <matrix value="0.9999946030656258 0.0024471742901492743 0.0018281762556203336 0.0019169751484173557 -0.0024714008180967005 0.9999229244670602 0.01102764523024445 -0.006182897720438343 -0.0017952420945100244 -0.011033094196752984 0.9999246661084172 -0.00835138438945115 0.0 0.0 0.0 1.0"/>
            </transform>
        </animation>
    </shape>
    <shape name="temp19" type="ply">
        <string name="filename" value="meshes/Cube_015.ply"/>
        <boolean name="face_normals" value="true"/>
        <ref id="mat-Material" name="bsdf"/>
        <animation name="to_world">
            <transform time="0">
                <matrix value="0.9983280942224397 0.051455040746897836 -0.026341602599592173 -0.011278299445535156 -0.0422043581246997 0.9601981965821414 0.27611281919870495 0.1623517468806276 0.03950056912169098 -0.2745393942301475 0.9607642850152309 -0.05875851392329512 0.0 0.0 0.0 1.0"/>
            </transform>
            <transform time="0.0015">
                <matrix value="0.998284324340859 0.05201516376263489 -0.026679522933311543 -0.01146070185153496 -0.04252947132665986 0.9595024290927406 0.2782279945879433 0.16374542019986466 0.04009658390235726 -0.27661049195993975 0.9600739324681679 -0.059453307606823165 0.0 0.0 0.0 1.0"/>
            </transform>
        </animation>
    </shape>
    <shape name="temp20" type="ply">
        <string name="filename" value="meshes/Cube_016.ply"/>
        <boolean name="face_normals" value="true"/>
        <ref id="mat-Material" name="bsdf"/>
        <animation name="to_world">
            <transform time="0">
                <matrix value="0.995399599664555 0.0946743481226391 -0.01473482826588423 0.067091003067695 -0.08037416648493778 0.9087765918614668 0.4094690986387884 0.12341385832159152 0.052156900290234336 -0.40640102790229093 0.9122051381943462 -0.14917404401053636 0.0 0.0 0.0 1.0"/>
            </transform>
            <transform time="0.0015">
                <matrix value="0.995369536792919 0.09501325318072366 -0.014302044561418136 0.06719203600407729 -0.08075641334468171 0.9077948460321167 0.41140782005656734 0.12410064346485047 0.05210150258776123 -0.40835065016718036 0.9112684360229062 -0.14915838550866908 0.0 0.0 0.0 1.0"/>
            </transform>
        </animation>
    </shape>
    <shape name="temp21" type="ply">
        <string name="filename" value="meshes/Cube_017.ply"/>
        <boolean name="face_normals" value="true"/>
        <ref id="mat-Material" name="bsdf"/>
        <animation name="to_world">
            <transform time="0">
                <matrix value="0.9769151122198051 0.20076331339964917 0.07301819156626563 0.21803104234107584 -0.21168055784563505 0.8636379564601616 0.45751574038308335 0.07077988163212956 0.028791108404384896 -0.46241043921547365 0.8861985786967147 -0.2006511120380631 0.0 0.0 0.0 1.0"/>
            </transform>
            <transform time="0.0015">
                <matrix value="0.9767734305652097 0.20125880068492338 0.07346315701157995 0.2180443595988249 -0.21226747637366006 0.8625753296125468 0.4591265828504228 0.07097453044316511 0.029069807340959923 -0.4640572326153942 0.8852731017007522 -0.20059275006679325 0.0 0.0 0.0 1.0"/>
            </transform>
        </animation>
    </shape>
    <shape name="temp22" type="ply">
        <string name="filename" value="meshes/Cube_018.ply"/>
        <boolean name="face_normals" value="true"/>
        <ref id="mat-Material" name="bsdf"/>
        <animation name="to_world">
            <transform time="0">
                <matrix value="0.05283541390749025 0.9949941909336849 0.08482200140797058 0.907016362572203 -0.9140794678268949 0.013987933411621889 0.40529388431096197 0.3635279879522424 0.4020787568680223 -0.09894790195714431 0.9102428205556142 -0.3469158668856308 0.0 0.0 0.0 1.0"/>
            </transform>
            <transform time="0.0015">
                <matrix value="0.054582392271092434 0.9948637420385689 0.0847609080287425 0.9053066810135423 -0.9131611141175501 0.015379443835514008 0.40710891603928456 0.36230957929709817 0.40371043199162665 -0.0997077344818647 0.9093786437408239 -0.3473781535788698 0.0 0.0 0.0 1.0"/>
            </transform>
        </animation>
    </shape>
    <shape name="temp23" type="ply">
        <string name="filename" value="meshes/Cube_019.ply"/>
        <boolean name="face_normals" value="true"/>
        <ref id="mat-Material" name="bsdf"/>
        <animation name="to_world">
            <transform time="0">
                <matrix value="-0.04977115457238749 0.9931546880312375 -0.10567098214222394 0.42737794833663456 -0.9341152994448848 -0.008842508598878236 0.3568626273638942 0.0013113020172933823 0.3534854271160778 0.11647031952993495 0.928161113819151 -0.04300369639985846 0.0 0.0 0.0 1.0"/>
            </transform>
            <transform time="0.0015">
                <matrix value="-0.05002703365116093 0.9931360728567619 -0.10571652707899729 0.4275506595565857 -0.933426518205938 -0.00884716419469236 0.35853776566196455 -0.00028959577751499674 0.3551406849987008 0.11662580166714448 0.9274625402565371 -0.04299484659580915 0.0 0.0 0.0 1.0"/>
            </transform>
        </animation>
    </shape>
    <shape name="temp24" type="ply">
        <string name="filename" value="meshes/Cube_020.ply"/>
        <boolean name="face_normals" value="true"/>
        <ref id="mat-Material" name="bsdf"/>
        <animation name="to_world">
            <transform time="0">
                <matrix value="0.09539828834347727 0.9950934939932146 0.026234515582409114 -0.19607601507709072 -0.961121708258458 0.0989378328715647 -0.257790054301577 0.12265251960013102 -0.2591206908549553 -0.0006218447245471888 0.9658448932497818 0.1011823342671756 0.0 0.0 0.0 1.0"/>
            </transform>
            <transform time="0.0015">
                <matrix value="0.09496158253373783 0.9951322806140439 0.02624935511085106 -0.1960415868893937 -0.9609122902396352 0.09852267901474134 -0.25867626445911457 0.12349751349632393 -0.2600039098062069 -0.0006693125599495718 0.965595769244703 0.10123972468755131 0.0 0.0 0.0 1.0"/>
            </transform>
        </animation>
    </shape>
    <shape name="temp25" type="ply">
        <string name="filename" value="meshes/Cube_021.ply"/>
        <boolean name="face_normals" value="true"/>
        <ref id="mat-Material" name="bsdf"/>
        <animation name="to_world">
            <transform time="0">
                <matrix value="0.27486250658213174 0.9593505109266764 -0.06400722707804497 -0.29793699605443424 -0.7526536850186251 0.17326102418949446 -0.6352112735987548 0.13770127875827204 -0.5983002586755598 0.22277091420311498 0.7696816842316276 0.09800830731523069 0.0 0.0 0.0 1.0"/>
            </transform>
            <transform time="0.0015">
                <matrix value="0.2747666069790286 0.9593409292555869 -0.06450657122218409 -0.2975492522626621 -0.752392836949285 0.17274719656451087 -0.6356490554423855 0.13820723886859926 -0.5986675395229325 0.22318468320027612 0.7692678165222595 0.09827914872961124 0.0 0.0 0.0 1.0"/>
            </transform>
        </animation>
    </shape>
    <shape name="temp26" type="ply">
        <string name="filename" value="meshes/Cube_022.ply"/>
        <boolean name="face_normals" value="true"/>
        <ref id="mat-Material" name="bsdf"/>
        <animation name="to_world">
            <transform time="0">
                <matrix value="0.6011033159760082 0.7470939024619178 -0.2837699003499124 -0.1787737187634797 -0.4728390662149152 0.04621342739084274 -0.8799359936003055 0.11842639711986463 -0.6442812134880068 0.6631100301821148 0.3810342863059495 0.2535874812876878 0.0 0.0 0.0 1.0"/>
            </transform>
            <transform time="0.0015">
                <matrix value="0.6019418849941741 0.7458322982471153 -0.28511430021387346 -0.17797187935896558 -0.4736049673363555 0.04604972574174086 -0.8795206280661579 0.11762029900437931 -0.6428657532818032 0.6644701844371833 0.3809196516481142 0.2551519755940344 0.0 0.0 0.0 1.0"/>
            </transform>
        </animation>
    </shape>
    <shape name="temp27" type="ply">
        <string name="filename" value="meshes/Cube_023.ply"/>
        <boolean name="face_normals" value="true"/>
        <ref id="mat-Material" name="bsdf"/>
        <animation name="to_world">
            <transform time="0">
                <matrix value="0.8613922737741279 0.45019116729902403 -0.23522682841150377 -0.11751809647091027 -0.38726045029759215 0.28240217928635053 -0.8776550150560186 -0.1804723776730982 -0.32868408781849096 0.8470991170636369 0.4176003888230397 -0.015753462073129443 0.0 0.0 0.0 1.0"/>
            </transform>
            <transform time="0.0015">
                <matrix value="0.8614523676035237 0.44972213849187215 -0.23586702935955997 -0.11740156171131304 -0.3874684426047201 0.28183457791149275 -0.8777399825707795 -0.18068215433521337 -0.3282723988120082 0.8475257342106682 0.41703677267720024 -0.015157603692312413 0.0 0.0 0.0 1.0"/>
            </transform>
        </animation>
    </shape>
    <shape name="temp28" type="ply">
        <string name="filename" value="meshes/Cube_024.ply"/>
        <boolean name="face_normals" value="true"/>
        <ref id="mat-Material" name="bsdf"/>
        <animation name="to_world">
            <transform time="0">
                <matrix value="0.8919377973040298 0.4014367270656602 -0.20807687197916316 -0.12245809379410832 -0.3376205394422608 0.2851826049230012 -0.8970415597174792 -0.4710504447396814 -0.30076556618743433 0.870355823562908 0.38989840201484466 -0.27573221638553636 0.0 0.0 0.0 1.0"/>
            </transform>
            <transform time="0.0015">
                <matrix value="0.8920595806566451 0.4011951728371262 -0.20801567136929747 -0.1223032489068843 -0.33723598680494177 0.2845531507074186 -0.8973762469623707 -0.47059247634201773 -0.3008283519523106 0.8706647123092007 0.38913623047168117 -0.27584803924764445 0.0 0.0 0.0 1.0"/>
            </transform>
        </animation>
    </shape>
    <shape name="temp29" type="ply">
        <string name="filename" value="meshes/Cube_025.ply"/>
        <boolean name="face_normals" value="true"/>
        <ref id="mat-Material" name="bsdf"/>
        <animation name="to_world">
            <transform time="0">
                <matrix value="0.8807317734789293 0.42744465743195464 -0.20396687912303008 -0.2811854690033315 -0.31980113540663835 0.21906938131879367 -0.9218112988457761 -0.7880863285254752 -0.3493405457540153 0.8770972606654249 0.32963863191403153 -0.7592757172317165 0.0 0.0 0.0 1.0"/>
            </transform>
            <transform time="0.0015">
                <matrix value="0.8807803144850425 0.42725776979082825 -0.2041442896598599 -0.2812159919295056 -0.3198091872776721 0.2188032646716594 -0.9218706246215571 -0.7881232477183674 -0.3492100467217356 0.8772527450553784 0.32935816422408204 -0.7591841248502904 0.0 0.0 0.0 1.0"/>
            </transform>
        </animation>
    </shape>
    <shape name="temp30" type="ply">
        <string name="filename" value="meshes/Cube_026.ply"/>
        <boolean name="face_normals" value="true"/>
        <ref id="mat-Material" name="bsdf"/>
        <animation name="to_world">
            <transform time="0">
                <matrix value="0.8983918323059003 0.33688016636665324 -0.2817872527127546 -0.329269645593977 -0.36731898472945446 0.22460186515874292 -0.9025691917312696 -1.1478052865991983 -0.2407676405562145 0.9143664363203268 0.32552298920949874 -0.8689739216517757 0.0 0.0 0.0 1.0"/>
            </transform>
            <transform time="0.0015">
                <matrix value="0.8984819730499941 0.3364740041350201 -0.2819751786603655 -0.3293178517970161 -0.3673125891886096 0.22439884036152602 -0.902621632619286 -1.1478103945197997 -0.240434194800677 0.9145622298093468 0.3252090587523177 -0.8688869483075123 0.0 0.0 0.0 1.0"/>
            </transform>
        </animation>
    </shape>
    <shape name="temp31" type="ply">
        <string name="filename" value="meshes/Cube_027.ply"/>
        <boolean name="face_normals" value="true"/>
        <ref id="mat-Material" name="bsdf"/>
        <animation name="to_world">
            <transform time="0">
                <matrix value="0.8423413240855491 0.3172534484161169 -0.43567375742340436 -0.5938085442631766 -0.5129027511094327 0.22364029260173168 -0.8288041563972596 -1.5938876884336417 -0.16550670446627555 0.9215938743030685 0.3511016731588704 -0.9843815782004797 0.0 0.0 0.0 1.0"/>
            </transform>
            <transform time="0.0015">
                <matrix value="0.842485957773718 0.3168380123884057 -0.43569045476554785 -0.5935820973958102 -0.5127320916550012 0.22344585826825028 -0.8289606875970787 -1.5937701377662101 -0.16529131452258153 0.9217803714685706 0.3507042049287636 -0.984631359811323 0.0 0.0 0.0 1.0"/>
            </transform>
        </animation>
    </shape>
    <shape name="temp32" type="ply">
        <string name="filename" value="meshes/Cube_028.ply"/>
        <boolean name="face_normals" value="true"/>
        <ref id="mat-Material" name="bsdf"/>
        <animation name="to_world">
            <transform time="0">
                <matrix value="-0.117251878012932 0.9807996278860214 0.15583345665289744 -1.4772058371951082 -0.7946450258586912 0.001456540466352261 -0.6070726646150704 -2.1231690669552266 -0.5956434709685884 -0.19501265062377066 0.7792169262838984 -1.320700618115662 0.0 0.0 0.0 1.0"/>
            </transform>
            <transform time="0.0015">
                <matrix value="-0.11737278373394441 0.9808011522427856 0.15573063098178913 -1.4775573238263928 -0.79420555582274 0.001436889480191489 -0.6076362892712779 -2.122971652026737 -0.5961940651224135 -0.19500508741129308 0.7787892717782651 -1.3222394811322937 0.0 0.0 0.0 1.0"/>
            </transform>
        </animation>
    </shape>
    <shape name="temp33" type="ply">
        <string name="filename" value="meshes/Cube_029.ply"/>
        <boolean name="face_normals" value="true"/>
        <ref id="mat-Material" name="bsdf"/>
        <animation name="to_world">
            <transform time="0">
                <matrix value="0.006088830853842103 0.9891959709901277 0.14647326534288435 -1.661439139977806 -0.9941806863855808 -0.009766198117320197 0.10728293826157712 -1.7180428246575312 0.10755433693777071 -0.14627406277963304 0.9833799898917356 0.05429040903065818 0.0 0.0 0.0 1.0"/>
            </transform>
            <transform time="0.0015">
                <matrix value="0.006521105108495899 0.9891851728372854 0.14651032288958651 -1.6605323043945768 -0.9942576466986919 -0.009217664042656223 0.10650076224724006 -1.7194376995693803 0.10669913919426928 -0.1463544782308072 0.9834510684858144 0.05267778763736698 0.0 0.0 0.0 1.0"/>
            </transform>
        </animation>
    </shape>
    <shape name="temp34" type="ply">
        <string name="filename" value="meshes/Cube_030.ply"/>
        <boolean name="face_normals" value="true"/>
        <ref id="mat-Material" name="bsdf"/>
        <animation name="to_world">
            <transform time="0">
                <matrix value="-0.03212307148996932 0.9821843103232819 -0.1851546574350302 -3.183725373543269 -0.9817984499642222 0.003686167032077217 0.1898893422367027 -1.9722005095052555 0.18718877830751351 0.18788436008742482 0.9641887209771886 0.20756634855338052 0.0 0.0 0.0 1.0"/>
            </transform>
            <transform time="0.0015">
                <matrix value="-0.03213039466415198 0.9821818605694518 -0.18516632395290983 -3.1837393093647943 -0.9817940579146035 0.0036855422952516296 0.18991203884011904 -1.972161605551399 0.18721053218409775 0.18789712477849135 0.9641820026675761 0.20760762815374686 0.0 0.0 0.0 1.0"/>
            </transform>
        </animation>
    </shape>
    <shape name="temp35" type="ply">
        <string name="filename" value="meshes/Cube_031.ply"/>
        <boolean name="face_normals" value="true"/>
        <ref id="mat-Material" name="bsdf"/>
        <animation name="to_world">
            <transform time="0">
                <matrix value="0.10501713570449642 0.989055802495917 0.10363408177670948 -2.0480161705367035 -0.6851950349894598 -0.003563754763538671 0.7283507974323685 -0.7869684054987371 0.7207491839929648 -0.14749886843142695 0.6773220285934336 0.7619161786585882 0.0 0.0 0.0 1.0"/>
            </transform>
            <transform time="0.0015">
                <matrix value="0.10498335486625131 0.9890552318007737 0.1036733749971023 -2.0480507541591617 -0.6855177959791545 -0.003549588232796152 0.7280434540000699 -0.7883128507756797 0.7204434490563676 -0.14750299921298368 0.6776424439510801 0.7615543356575594 0.0 0.0 0.0 1.0"/>
            </transform>
        </animation>
    </shape>
    <shape name="temp36" type="ply">
        <string name="filename" value="meshes/Cube_032.ply"/>
        <boolean name="face_normals" value="true"/>
        <ref id="mat-Material" name="bsdf"/>
        <animation name="to_world">
            <transform time="0">
                <matrix value="0.7928441368941558 0.5663349484693058 0.22508506685969135 -0.5153992075046419 -0.25022091141026936 -0.034259307542608516 0.9675826355337168 0.40363021805802696 0.5556870504426207 -0.8234627875592119 0.11454653938511683 -0.23669680341958355 0.0 0.0 0.0 1.0"/>
            </transform>
            <transform time="0.0015">
                <matrix value="0.7927496079920471 0.5663643017234509 0.2253395481407544 -0.5154108544198601 -0.2504743953526136 -0.034351582189042676 0.9675126973289588 0.4028815995391832 0.5557059275005537 -0.8234385930887961 0.11462796913987297 -0.23657314461153198 0.0 0.0 0.0 1.0"/>
            </transform>
        </animation>
    </shape>
    <shape name="temp37" type="ply">
        <string name="filename" value="meshes/Cube_033.ply"/>
        <boolean name="face_normals" value="true"/>
        <ref id="mat-Material" name="bsdf"/>
        <animation name="to_world">
            <transform time="0">
                <matrix value="0.9788427681653538 0.15677149406682617 0.13148963099161695 -0.12882233538041632 -0.1496004180650926 0.10991256155837331 0.9826185605320975 0.30105572869488206 0.13959424814769508 -0.9814998446048688 0.13104019618921273 -0.39524991650943486 0.0 0.0 0.0 1.0"/>
            </transform>
            <transform time="0.0015">
                <matrix value="0.9788385555336595 0.15679921257975168 0.13148788551512683 -0.12884271993905083 -0.14960111857468117 0.10990371503273802 0.9826194371000082 0.3010543557308032 0.13962297861498857 -0.9814963979065693 0.1310353316628268 -0.39517556456949354 0.0 0.0 0.0 1.0"/>
            </transform>
        </animation>
    </shape>
    <shape name="temp38" type="ply">
        <string name="filename" value="meshes/Cube_034.ply"/>
        <boolean name="face_normals" value="true"/>
        <ref id="mat-Material" name="bsdf"/>
        <animation name="to_world">
            <transform time="0">
