
<scene version="2.1.0">
    <default name="spp" value="1024"/>
    <default name="resx" value="640"/>
    <default name="resy" value="360"/>
    <integrator name="temp0" type="path">
        <integer name="max_depth" value="12"/>
    </integrator>
    <sensor name="temp44" type="perspective">
        <string name="fov_axis" value="x"/>
        <float name="fov" value="83.974423"/>
        <float name="principal_point_offset_x" value="0.000000"/>
        <float name="principal_point_offset_y" value="-0.000000"/>
        <float name="near_clip" value="0.100000"/>
        <float name="far_clip" value="1000.000000"/>
        <sampler name="sampler" type="correlated">
            <integer name="sample_count" value="1024"/>
        </sampler>
        <film name="film" type="hdrfilm">
            <integer name="width" value="$resx"/>
            <integer name="height" value="$resy"/>
        </film>
        <float name="shutter_open" value="0.0"/>
        <float name="shutter_close" value="0.0015"/>
        <animation name="to_world">
            <transform time="0">
                <rotate angle="-142.5518126578256" x="1"/>
                <rotate angle="3.976628485794621e-06" y="1"/>
                <rotate angle="-179.999991348578" z="1"/>
                <translate value="-0.000000 3.030926 4.073377"/>
            </transform>
            <transform time="0.0015">
                <rotate angle="-142.5518126578256" x="1"/>
                <rotate angle="3.976628485794621e-06" y="1"/>
                <rotate angle="-179.999991348578" z="1"/>
                <translate value="-0.000000 3.030926 4.073377"/>
                <translate x="0.15" y="0.0" z="0.0"/>
            </transform>
        </animation>
    </sensor>
    <bsdf id="mat-Material" name="mat-Material" type="twosided">
        <bsdf name="bsdf" type="diffuse">
            <texture name="reflectance" type="bitmap">
                <string name="filename" value="textures/siggraph_2023_logo.jpg"/>
            </texture>
        </bsdf>
    </bsdf>
    <bsdf id="mat-Material.001" name="mat-Material.001" type="twosided">
        <bsdf name="bsdf" type="principled">
            <rgb name="base_color" value="0.433648 0.266232 0.084399"/>
            <float name="spec_tint" value="0.000000"/>
            <float name="spec_trans" value="0.000000"/>
            <float name="metallic" value="0.000000"/>
            <float name="anisotropic" value="0.000000"/>
            <float name="roughness" value="0.500000"/>
            <float name="sheen" value="0.000000"/>
            <float name="sheen_tint" value="0.500000"/>
            <float name="clearcoat" value="0.000000"/>
            <float name="clearcoat_gloss" value="0.173205"/>
            <float name="specular" value="0.500000"/>
        </bsdf>
    </bsdf>
    <bsdf id="mat-Material.002" name="mat-Material.002" type="twosided">
        <bsdf name="bsdf" type="principled">
            <rgb name="base_color" value="0.433648 0.266232 0.084399"/>
            <float name="spec_tint" value="0.000000"/>
            <float name="spec_trans" value="0.000000"/>
            <float name="metallic" value="0.000000"/>
            <float name="anisotropic" value="0.000000"/>
            <float name="roughness" value="0.500000"/>
            <float name="sheen" value="0.000000"/>
            <float name="sheen_tint" value="0.500000"/>
            <float name="clearcoat" value="0.000000"/>
            <float name="clearcoat_gloss" value="0.173205"/>
            <float name="specular" value="0.500000"/>
        </bsdf>
    </bsdf>
    <bsdf id="mat-Material.003" name="mat-Material.003" type="twosided">
        <bsdf name="bsdf" type="principled">
            <rgb name="base_color" value="0.433648 0.266232 0.084399"/>
            <float name="spec_tint" value="0.000000"/>
            <float name="spec_trans" value="0.000000"/>
            <float name="metallic" value="0.000000"/>
            <float name="anisotropic" value="0.000000"/>
            <float name="roughness" value="0.500000"/>
            <float name="sheen" value="0.000000"/>
            <float name="sheen_tint" value="0.500000"/>
            <float name="clearcoat" value="0.000000"/>
            <float name="clearcoat_gloss" value="0.173205"/>
            <float name="specular" value="0.500000"/>
        </bsdf>
    </bsdf>
    <bsdf id="mat-Material.004" name="mat-Material.004" type="twosided">
        <bsdf name="bsdf" type="principled">
            <rgb name="base_color" value="0.433648 0.266232 0.084399"/>
            <float name="spec_tint" value="0.000000"/>
            <float name="spec_trans" value="0.000000"/>
            <float name="metallic" value="0.000000"/>
            <float name="anisotropic" value="0.000000"/>
            <float name="roughness" value="0.500000"/>
            <float name="sheen" value="0.000000"/>
            <float name="sheen_tint" value="0.500000"/>
            <float name="clearcoat" value="0.000000"/>
            <float name="clearcoat_gloss" value="0.173205"/>
            <float name="specular" value="0.500000"/>
        </bsdf>
    </bsdf>
    <bsdf id="mat-Material.005" name="mat-Material.005" type="twosided">
        <bsdf name="bsdf" type="principled">
            <rgb name="base_color" value="0.433648 0.266232 0.084399"/>
            <float name="spec_tint" value="0.000000"/>
            <float name="spec_trans" value="0.000000"/>
            <float name="metallic" value="0.000000"/>
            <float name="anisotropic" value="0.000000"/>
            <float name="roughness" value="0.500000"/>
            <float name="sheen" value="0.000000"/>
            <float name="sheen_tint" value="0.500000"/>
            <float name="clearcoat" value="0.000000"/>
            <float name="clearcoat_gloss" value="0.173205"/>
            <float name="specular" value="0.500000"/>
        </bsdf>
    </bsdf>
    <emitter name="temp45" type="point">
        <point name="position" x="-6.815235034541981e-16" y="3.0693089962005615" z="4.109199523925781"/>
        <rgb name="intensity" value="7.957747 7.957747 7.957747"/>
    </emitter>
    <shape name="temp2" type="ply">
        <string name="filename" value="meshes/Cube.ply"/>
        <boolean name="face_normals" value="true"/>
        <ref id="mat-Material" name="bsdf"/>
        <animation name="to_world">
            <transform time="0">
                <matrix value="0.9999991135176153 0.00023326999330445142 0.0015701046900360787 -0.002525542533716063 -0.0002341656516443362 0.9999997914159312 0.0005708001650984988 -0.01801236204211537 -0.00156996916814266 -0.000571167841342614 0.9999985816280168 0.003692343663577846 0.0 0.0 0.0 1.0"/>
                <scale value="1"/>
            </transform>
            <transform time="0.0015">
                <matrix value="0.9999990975606771 0.00023380884966604052 0.001570989683211156 -0.002526834354351406 -0.00023465273718398293 0.9999997989250778 0.0005380071638337099 -0.017968006510504318 -0.0015708621184063335 -0.0005383758485934788 0.9999985901383849 0.00369086660172215 0.0 0.0 0.0 1.0"/>
                <scale value="1"/>
            </transform>
        </animation>
    </shape>
    <shape name="temp4" type="ply">
        <string name="filename" value="meshes/Plane.ply"/>
        <boolean name="face_normals" value="true"/>
        <ref id="mat-Material.001" name="bsdf"/>
        <transform name="to_world">
            <scale value="1"/>
        </transform>
    </shape>
    <shape name="temp5" type="ply">
        <string name="filename" value="meshes/Cube_001.ply"/>
        <boolean name="face_normals" value="true"/>
        <ref id="mat-Material" name="bsdf"/>
        <animation name="to_world">
            <transform time="0">
                <matrix value="0.9999982270352306 -8.59506114641976e-05 -0.0019268961624054831 0.002583741752949731 8.748029792899985e-05 0.9999995828318625 0.0007937469652749443 -0.018745659542494797 0.0019268270845190034 -0.0007939147683778208 0.9999978724420252 -0.004249745507765912 0.0 0.0 0.0 1.0"/>
                <scale value="1"/>
            </transform>
            <transform time="0.0015">
                <matrix value="0.9999982270352306 -8.827656963033787e-05 -0.001927463463540695 0.0025816650077055345 9.000626529478327e-05 0.9999993575574639 0.0008964891496725458 -0.018848994680689787 0.0019273766414718433 -0.0008966618208738471 0.9999976426620875 -0.004251363910748561 0.0 0.0 0.0 1.0"/>
                <scale value="1"/>
            </transform>
        </animation>
    </shape>
    <shape name="temp6" type="ply">
        <string name="filename" value="meshes/Cube_002.ply"/>
        <boolean name="face_normals" value="true"/>
        <ref id="mat-Material" name="bsdf"/>
        <animation name="to_world">
            <transform time="0">
                <matrix value="1.0 -0.00011244537704699191 0.00023676883515255298 -0.0008018694412950111 0.00011274105672246188 0.9999991656637249 -0.0012496329962493518 -0.017161869437652633 -0.00023662741322667176 0.0012496605294280835 0.9999992908140084 0.0007288023454588011 0.0 0.0 0.0 1.0"/>
                <scale value="1"/>
            </transform>
            <transform time="0.0015">
                <matrix value="1.0 -0.00011005566622603151 0.00023715716324735803 -0.0008050955768925622 0.0001103724247676831 0.9999989629167662 -0.0013328397158574715 -0.01709935036299611 -0.00023701489555785085 0.0013328670553101462 0.999999095075543 0.0007327763550309766 0.0 0.0 0.0 1.0"/>
                <scale value="1"/>
            </transform>
        </animation>
    </shape>
    <shape name="temp7" type="ply">
        <string name="filename" value="meshes/Cube_003.ply"/>
        <boolean name="face_normals" value="true"/>
        <ref id="mat-Material" name="bsdf"/>
        <animation name="to_world">
            <transform time="0">
                <matrix value="0.9999986702764229 0.0005447590123961513 0.0015525972518570035 -0.0011199337887823901 -0.0005513565839933194 0.9999908223009742 0.004253579379897224 -0.017591899773296393 -0.0015502670971425127 -0.004254418332036635 0.9999898350007872 0.004773575279037712 0.0 0.0 0.0 1.0"/>
                <scale value="1"/>
            </transform>
            <transform time="0.0015">
                <matrix value="0.9999986862333612 0.0005216406327278271 0.0015533230160455851 -0.0011194681969976445 -0.0005279582712237491 0.9999911376851324 0.004073482375180345 -0.017597791798698536 -0.0015510741990784778 -0.004074285543753996 0.9999901498844056 0.0047701724187901 0.0 0.0 0.0 1.0"/>
                <scale value="1"/>
            </transform>
        </animation>
    </shape>
    <shape name="temp8" type="ply">
        <string name="filename" value="meshes/Cube_004.ply"/>
        <boolean name="face_normals" value="true"/>
        <ref id="mat-Material" name="bsdf"/>
        <animation name="to_world">
            <transform time="0">
                <matrix value="0.9999991135176153 0.00030600951560521715 0.001281458899598648 -0.0004458771153497132 -0.0003065154682311308 0.9999997914159312 0.0003940450125076769 -0.017036327134630547 -0.0012813393685054085 -0.00039443873155856106 0.9999992908140084 0.004023514098385354 0.0 0.0 0.0 1.0"/>
                <scale value="1"/>
            </transform>
            <transform time="0.0015">
                <matrix value="0.9999991135176153 0.00028229668185371517 0.0012821702812651997 -0.0004445147370095534 -0.00028271062054612776 0.9999997538701981 0.00032317398630606563 -0.017096997868277043 -0.0012820349314431056 -0.0003235369936970444 0.9999992397518 0.004022289603507118 0.0 0.0 0.0 1.0"/>
                <scale value="1"/>
            </transform>
        </animation>
    </shape>
    <shape name="temp9" type="ply">
        <string name="filename" value="meshes/Cube_005.ply"/>
        <boolean name="face_normals" value="true"/>
        <ref id="mat-Material" name="bsdf"/>
        <animation name="to_world">
            <transform time="0">
                <matrix value="0.9999995567588077 -0.0005412339416340058 0.0008247643965938269 -0.0007088686709715297 0.00054445088621644 0.9999922823894557 -0.003904612592968374 -0.020384847743320778 -0.000822646788185672 0.0039050483602163437 0.999991962558762 0.0017925708809959362 0.0 0.0 0.0 1.0"/>
                <scale value="1"/>
            </transform>
            <transform time="0.0015">
                <matrix value="0.9999995567588077 -0.0005478045200196536 0.0008248861799608367 -0.0007093792980321408 0.0005510621648662823 0.9999920496059105 -0.0039534774243238785 -0.020417018178471635 -0.0008227072649815855 0.003953919463352601 0.9999917412891923 0.0017948186373870668 0.0 0.0 0.0 1.0"/>
                <scale value="1"/>
            </transform>
        </animation>
    </shape>
    <shape name="temp10" type="ply">
        <string name="filename" value="meshes/Cube_006.ply"/>
        <boolean name="face_normals" value="true"/>
        <ref id="mat-Material" name="bsdf"/>
        <animation name="to_world">
            <transform time="0">
                <matrix value="0.9999986702764229 -9.420553456968063e-05 -0.0016027036061162091 -0.0013186986492788044 9.61638361284123e-05 0.9999991656637249 0.0012218045379393228 -0.017220966985069697 0.0016025872874880103 -0.0012219563934145838 0.9999981088373558 -0.0038542841074304945 0.0 0.0 0.0 1.0"/>
                <scale value="1"/>
            </transform>
            <transform time="0.0015">
                <matrix value="0.9999970905395376 5.232259537504518e-06 -0.0012147945618346738 -0.00047253885991872823 8.781312636378682e-06 0.9999750613030686 -0.00013756404220389095 -0.017886837539946007 0.0012113944894609572 0.00013658745006944035 0.9999726287953693 -0.001843290305748949 0.0 0.0 0.0 1.0"/>
                <scale value="1"/>
            </transform>
        </animation>
    </shape>
    <shape name="temp11" type="ply">
        <string name="filename" value="meshes/Cube_007.ply"/>
        <boolean name="face_normals" value="true"/>
        <ref id="mat-Material" name="bsdf"/>
        <animation name="to_world">
            <transform time="0">
                <matrix value="0.9996524989051943 0.023135936323455487 0.012636110521436093 0.10801813334655908 -0.0222248979215534 0.9974367103789348 -0.06801601909317805 -0.02893105900456988 -0.014177335482166634 0.06771154074794075 0.9976043697204057 0.15045049714566627 0.0 0.0 0.0 1.0"/>
                <scale value="1"/>
            </transform>
            <transform time="0.0015">
                <matrix value="0.9996275901246082 0.023904776069548855 0.01253796640380032 0.10938957301817928 -0.022973855008558638 0.9972477276859009 -0.06978311957752183 -0.028755337771336664 -0.01420848629785173 0.0694698697553807 0.9974411493712874 0.15141112926294129 0.0 0.0 0.0 1.0"/>
                <scale value="1"/>
            </transform>
        </animation>
    </shape>
    <shape name="temp12" type="ply">
        <string name="filename" value="meshes/Cube_008.ply"/>
        <boolean name="face_normals" value="true"/>
        <ref id="mat-Material" name="bsdf"/>
        <animation name="to_world">
            <transform time="0">
                <matrix value="0.9242146209312675 0.38186027787569643 0.0032661560842720985 0.37715802850017566 -0.37988154822375525 0.920230568829614 -0.09415886049886034 0.8106337408145385 -0.038961153455419686 0.08578217982866905 0.9955519854607416 0.2231811900662326 0.0 0.0 0.0 1.0"/>
                <scale value="1"/>
            </transform>
            <transform time="0.0015">
                <matrix value="0.9214295926732264 0.38725700393396556 0.0028632999401433158 0.3836744359324761 -0.3852317213223362 0.9173346889623097 -0.0952430626675291 0.8226987544621674 -0.03969807246865048 0.08663353908882004 0.9954318956569768 0.2249966755475843 0.0 0.0 0.0 1.0"/>
                <scale value="1"/>
            </transform>
        </animation>
    </shape>
    <shape name="temp13" type="ply">
        <string name="filename" value="meshes/Cube_009.ply"/>
        <boolean name="face_normals" value="true"/>
        <ref id="mat-Material" name="bsdf"/>
        <animation name="to_world">
            <transform time="0">
                <matrix value="0.5557340340090102 0.8308867117347312 0.02804918063014485 1.0449402917962807 -0.8261293342339995 0.5557017498117529 -0.09330809734381477 1.6675632200017758 -0.09311544482799583 0.028682249287163945 0.9952423075777469 0.20683762093819036 0.0 0.0 0.0 1.0"/>
                <scale value="1"/>
            </transform>
            <transform time="0.0015">
                <matrix value="0.550174614387956 0.8339268272903493 0.0282427327820835 1.057120034298953 -0.829111207282117 0.5501857034136615 -0.09386054618467936 1.673399115362571 -0.09382796679964982 0.028125642128966743 0.9951802159323448 0.20804949556355634 0.0 0.0 0.0 1.0"/>
                <scale value="1"/>
            </transform>
        </animation>
    </shape>
    <shape name="temp14" type="ply">
        <string name="filename" value="meshes/Cube_010.ply"/>
        <boolean name="face_normals" value="true"/>
        <ref id="mat-Material" name="bsdf"/>
        <animation name="to_world">
            <transform time="0">
                <matrix value="0.44547601444611695 0.8952626386301867 0.0074868055946264505 0.9670267844803635 -0.8937098755910621 0.4451692972594139 -0.05574331911336622 1.5219473469524023 -0.05323783258602869 0.018141278161456584 0.9984170968667689 0.04180655268124922 0.0 0.0 0.0 1.0"/>
                <scale value="1"/>
            </transform>
            <transform time="0.0015">
                <matrix value="0.4423267547116001 0.8966464016422346 0.00745043823877437 0.9726320048232872 -0.8950954963227647 0.4420239935779159 -0.055703303362724686 1.5246395982731997 -0.05324104312200173 0.01797493043926807 0.9984195648735078 0.041734435754864754 0.0 0.0 0.0 1.0"/>
                <scale value="1"/>
            </transform>
        </animation>
    </shape>
    <shape name="temp15" type="ply">
        <string name="filename" value="meshes/Cube_011.ply"/>
        <boolean name="face_normals" value="true"/>
        <ref id="mat-Material" name="bsdf"/>
        <animation name="to_world">
            <transform time="0">
                <matrix value="0.37297487531625256 0.9241659244550221 -0.08250643822682699 0.7453021074712307 -0.8469461568329176 0.37542170484102766 0.3764853309605546 1.8664018566812577 0.3789095202889224 -0.07054100449915836 0.922741514471413 -0.7299190689618527 0.0 0.0 0.0 1.0"/>
                <scale value="1"/>
            </transform>
            <transform time="0.0015">
                <matrix value="0.3706385513743198 0.924998275812329 -0.08270264901774915 0.7477521540326695 -0.8472459398315529 0.3732920507858777 0.3777087133906316 1.8691211142693258 0.3802681323069672 -0.06984576265002111 0.9221972509025533 -0.7325169687255836 0.0 0.0 0.0 1.0"/>
                <scale value="1"/>
            </transform>
        </animation>
    </shape>
    <shape name="temp16" type="ply">
        <string name="filename" value="meshes/Cube_012.ply"/>
        <boolean name="face_normals" value="true"/>
        <ref id="mat-Material" name="bsdf"/>
        <animation name="to_world">
            <transform time="0">
                <matrix value="0.046566919668739264 0.9968282706503443 0.06453731996722616 1.0858473608439798 -0.6657216764445674 -0.017198922454700755 0.7460022003677366 1.898953102928892 0.7447462621470249 -0.07770288450908697 0.662809010066186 -1.9963241424518376 0.0 0.0 0.0 1.0"/>
                <scale value="1"/>
            </transform>
            <transform time="0.0015">
                <matrix value="0.04825823225330598 0.9966903351360462 0.06481148402754992 1.084466382102457 -0.6650318580046353 -0.0163824360469193 0.7466084874990538 1.8988147477649004 0.7451912054127909 -0.07915406839407978 0.6620795013156558 -1.9973057496126667 0.0 0.0 0.0 1.0"/>
                <scale value="1"/>
            </transform>
        </animation>
    </shape>
    <shape name="temp17" type="ply">
        <string name="filename" value="meshes/Cube_013.ply"/>
        <boolean name="face_normals" value="true"/>
        <ref id="mat-Material" name="bsdf"/>
        <animation name="to_world">
            <transform time="0">
                <matrix value="0.8047097036134795 0.5164764727599636 0.29273566605093565 0.49230321966703405 -0.3882890801326887 0.08488241073123318 0.9176202460308043 1.5407961289650733 0.4490813383047265 -0.8520838591390067 0.2688479179008473 -1.6242342539513293 0.0 0.0 0.0 1.0"/>
                <scale value="1"/>
            </transform>
            <transform time="0.0015">
                <matrix value="0.8046811726079139 0.5159524995269791 0.29368293809951246 0.4929067930224208 -0.38787538693476353 0.08235871165398798 0.9179283213547565 1.5417964132615207 0.4494799266649177 -0.8525411661682818 0.2664055537520196 -1.6272306137801302 0.0 0.0 0.0 1.0"/>
                <scale value="1"/>
            </transform>
        </animation>
    </shape>
    <shape name="temp18" type="ply">
        <string name="filename" value="meshes/Cube_014.ply"/>
        <boolean name="face_normals" value="true"/>
        <ref id="mat-Material" name="bsdf"/>
        <animation name="to_world">
            <transform time="0">
                <matrix value="0.9416379889615214 0.3012250142358627 0.15027131092084964 0.08518685185461383 -0.2208317598271005 0.2158388312617459 0.9511292841334763 1.0146398891986355 0.25406966333171993 -0.9288039998081027 0.2697622950393385 -0.7901955979050406 0.0 0.0 0.0 1.0"/>
                <scale value="1"/>
            </transform>
            <transform time="0.0015">
                <matrix value="0.942039784666298 0.30021705397565546 0.1496268403211352 0.08430664226375939 -0.2202359931768238 0.21722791074960213 0.9509183801920901 1.0139408671862364 0.25300856363999946 -0.9287640286206341 0.2707871561135638 -0.7883197543699297 0.0 0.0 0.0 1.0"/>
                <scale value="1"/>
            </transform>
        </animation>
    </shape>
    <shape name="temp19" type="ply">
        <string name="filename" value="meshes/Cube_015.ply"/>
        <boolean name="face_normals" value="true"/>
        <ref id="mat-Material" name="bsdf"/>
        <animation name="to_world">
            <transform time="0">
                <matrix value="0.9815846581812573 0.14406273791620344 0.125450888633687 0.04689404149859211 -0.1540818967886289 0.2088908959311506 0.9657243318404181 0.6388283214747593 0.11291937265414599 -0.9672696136814463 0.2272414887043219 -0.34135983149974936 0.0 0.0 0.0 1.0"/>
                <scale value="1"/>
            </transform>
            <transform time="0.0015">
                <matrix value="0.9817182177542907 0.14331718628652865 0.1251909939074978 0.046643387774387327 -0.15374291716691127 0.20979648399546114 0.965568736781086 0.6384078286073733 0.11212740268270996 -0.967165168961082 0.2280049674400202 -0.34018400165284085 0.0 0.0 0.0 1.0"/>
                <scale value="1"/>
            </transform>
        </animation>
    </shape>
    <shape name="temp20" type="ply">
        <string name="filename" value="meshes/Cube_016.ply"/>
        <boolean name="face_normals" value="true"/>
        <ref id="mat-Material" name="bsdf"/>
        <animation name="to_world">
            <transform time="0">
                <matrix value="0.9770143982468925 0.12881017389653815 0.16985529296236918 0.07600217670586584 -0.19395747012111125 0.2065391731310346 0.9590215786385615 0.3581052788625266 0.08844997668551328 -0.9699223858680123 0.22677545894971446 -0.07752659672397672 0.0 0.0 0.0 1.0"/>
                <scale value="1"/>
            </transform>
            <transform time="0.0015">
                <matrix value="0.977083667315774 0.12783483186742728 0.17011295116383093 0.0762962673122096 -0.1940519144514473 0.207586869542421 0.9587598167376189 0.3577384934230484 0.08724930484643224 -0.9697992583908526 0.22763582311961172 -0.07616733261553219 0.0 0.0 0.0 1.0"/>
                <scale value="1"/>
            </transform>
        </animation>
    </shape>
    <shape name="temp21" type="ply">
        <string name="filename" value="meshes/Cube_017.ply"/>
        <boolean name="face_normals" value="true"/>
        <ref id="mat-Material" name="bsdf"/>
        <animation name="to_world">
            <transform time="0">
                <matrix value="0.9382551721814736 0.12393320720949975 0.32298292138295054 0.18282723263970602 -0.3424330306882472 0.2000330814333063 0.9180013153036192 0.17509296334956487 0.0491636038700275 -0.9719193697423779 0.23012090202784644 0.1323528944790568 0.0 0.0 0.0 1.0"/>
                <scale value="1"/>
            </transform>
            <transform time="0.0015">
                <matrix value="0.9384242359420816 0.12335271713538006 0.3226952624319861 0.18282822596931506 -0.34203447743332016 0.2004699440599885 0.9180494669661308 0.17473033063717117 0.04855583568736491 -0.9718959261866242 0.23032491682628417 0.13295516683181513 0.0 0.0 0.0 1.0"/>
                <scale value="1"/>
            </transform>
        </animation>
    </shape>
    <shape name="temp22" type="ply">
        <string name="filename" value="meshes/Cube_018.ply"/>
        <boolean name="face_normals" value="true"/>
        <ref id="mat-Material" name="bsdf"/>
        <animation name="to_world">
            <transform time="0">
                <matrix value="0.19728235527731827 0.9779247136662197 0.06886772782954573 0.8684279611895938 -0.3212761534465549 -0.0018759237666945475 0.9469838556172967 -0.15418757831672963 0.9262083198144769 -0.20894867371819875 0.3138138556976712 -0.18800892953341236 0.0 0.0 0.0 1.0"/>
                <scale value="1"/>
            </transform>
            <transform time="0.0015">
                <matrix value="0.19734340811870213 0.9779124587389327 0.06886607596710431 0.8684230577964382 -0.3211791416448568 -0.0018763344419233006 0.9470166120239788 -0.15422530663419048 0.9262287606523569 -0.20900580330569832 0.31371488011707543 -0.1879067782274481 0.0 0.0 0.0 1.0"/>
                <scale value="1"/>
            </transform>
        </animation>
    </shape>
    <shape name="temp23" type="ply">
        <string name="filename" value="meshes/Cube_019.ply"/>
        <boolean name="face_normals" value="true"/>
        <ref id="mat-Material" name="bsdf"/>
        <animation name="to_world">
            <transform time="0">
                <matrix value="-0.05014236907098419 0.9876797733942677 -0.14823786192716093 0.4666823444533184 -0.9631187868665863 -0.008530821424921207 0.2689415304517373 0.0831498939255473 0.2643634967829554 0.1562559993992779 0.9516807944396035 -0.04510853689583527 0.0 0.0 0.0 1.0"/>
                <scale value="1"/>
            </transform>
            <transform time="0.0015">
                <matrix value="-0.05018673893344256 0.987679052516192 -0.1482274443856126 0.46668802515531405 -0.9630412521036987 -0.008531937434292156 0.26921497708803316 0.08289926413756837 0.26463330467311486 0.15626047710340854 0.9516039628367129 -0.045128503412907486 0.0 0.0 0.0 1.0"/>
                <scale value="1"/>
            </transform>
        </animation>
    </shape>
    <shape name="temp24" type="ply">
        <string name="filename" value="meshes/Cube_020.ply"/>
        <boolean name="face_normals" value="true"/>
        <ref id="mat-Material" name="bsdf"/>
        <animation name="to_world">
            <transform time="0">
                <matrix value="0.06381834067522654 0.991093470553202 -0.11687867383684279 -0.05350534090623471 -0.9028082140954826 0.007426577687644146 -0.4299785218492608 0.28984751044895063 -0.42528085731127047 0.1329595789198185 0.8952418817215164 0.11021438110998916 0.0 0.0 0.0 1.0"/>
                <scale value="1"/>
            </transform>
            <transform time="0.0015">
                <matrix value="0.06385789888126021 0.9910602088204898 -0.11713125475268471 -0.05327931069791624 -0.9029977920968709 0.007416228755283502 -0.4295742283041188 0.2894539646982805 -0.4248656388740561 0.1332018612545432 0.8953991788547944 0.11013162996314732 0.0 0.0 0.0 1.0"/>
                <scale value="1"/>
            </transform>
        </animation>
    </shape>
    <shape name="temp25" type="ply">
        <string name="filename" value="meshes/Cube_021.ply"/>
        <boolean name="face_normals" value="true"/>
        <ref id="mat-Material" name="bsdf"/>
        <animation name="to_world">
            <transform time="0">
                <matrix value="0.2814814716316772 0.913759248096149 -0.29293707487254744 -0.1062890767968334 -0.6946294237687203 -0.01657789259171963 -0.7191765310498175 0.24004577895845064 -0.6620108611821776 0.4059175300308913 0.630057855393194 0.2141807613791351 0.0 0.0 0.0 1.0"/>
                <scale value="1"/>
            </transform>
            <transform time="0.0015">
                <matrix value="0.28132681539060234 0.9137545924252434 -0.29309785274603106 -0.10623697417744535 -0.6949998481329254 -0.01659148347128211 -0.7188132489682276 0.23955002056108693 -0.6616823078239031 0.40592745712272554 0.6303918362775361 0.2140768740364749 0.0 0.0 0.0 1.0"/>
                <scale value="1"/>
            </transform>
        </animation>
    </shape>
    <shape name="temp26" type="ply">
        <string name="filename" value="meshes/Cube_022.ply"/>
        <boolean name="face_normals" value="true"/>
        <ref id="mat-Material" name="bsdf"/>
        <animation name="to_world">
            <transform time="0">
                <matrix value="0.6927589459369854 0.3963658397698901 -0.6024778485755526 -0.0638277698365518 -0.6502215319479386 -0.018047121226974928 -0.7595301595526643 -0.1077911618156715 -0.3119247837426222 0.9179152856663114 0.24522327775363917 0.6589848321121053 0.0 0.0 0.0 1.0"/>
                <scale value="1"/>
            </transform>
            <transform time="0.0015">
                <matrix value="0.6928038647181191 0.39633039659783464 -0.6024494239462157 -0.06378231818098552 -0.6501804109181051 -0.018046020686446018 -0.759565349924613 -0.10773439926649496 -0.31191060600299975 0.917930589307127 0.2451839258117067 0.6590132609507507 0.0 0.0 0.0 1.0"/>
                <scale value="1"/>
            </transform>
        </animation>
    </shape>
    <shape name="temp27" type="ply">
        <string name="filename" value="meshes/Cube_023.ply"/>
        <boolean name="face_normals" value="true"/>
        <ref id="mat-Material" name="bsdf"/>
        <animation name="to_world">
            <transform time="0">
                <matrix value="0.8545898511950669 0.30722743798274177 -0.41867386001897783 -0.07733945599999725 -0.4768490692821443 0.1449823016417652 -0.8669460701876649 -0.28324678356633753 -0.20564928629303206 0.9405272588090267 0.27040150801309254 0.1581024377348046 0.0 0.0 0.0 1.0"/>
                <scale value="1"/>
            </transform>
            <transform time="0.0015">
                <matrix value="0.8545955478220171 0.307331507245775 -0.4185852585770533 -0.07733977406133702 -0.4767890552374396 0.1449799723044831 -0.8669793882786393 -0.2831699963943632 -0.20576365445644926 0.9404934451217882 0.2704313538738964 0.15799928095021532 0.0 0.0 0.0 1.0"/>
                <scale value="1"/>
            </transform>
        </animation>
    </shape>
    <shape name="temp28" type="ply">
        <string name="filename" value="meshes/Cube_024.ply"/>
        <boolean name="face_normals" value="true"/>
        <ref id="mat-Material" name="bsdf"/>
        <animation name="to_world">
            <transform time="0">
                <matrix value="0.862771197123542 0.4064102056013166 -0.30076010554578714 -0.18436201505690109 -0.39440939884083565 0.16881985219732887 -0.9032946890006671 -0.525043597967926 -0.3163339255035663 0.8979590048871248 0.30594496433030854 -0.30107029003672453 0.0 0.0 0.0 1.0"/>
                <scale value="1"/>
            </transform>
            <transform time="0.0015">
                <matrix value="0.8627495754722325 0.4064886611652224 -0.3007157409970644 -0.1843719678510748 -0.39439640191464265 0.16883515959271767 -0.9032974974221285 -0.5250333526140086 -0.3164088481156647 0.8979204979832476 0.3059801461918892 -0.3011193071097754 0.0 0.0 0.0 1.0"/>
                <scale value="1"/>
            </transform>
        </animation>
    </shape>
    <shape name="temp29" type="ply">
        <string name="filename" value="meshes/Cube_025.ply"/>
        <boolean name="face_normals" value="true"/>
        <ref id="mat-Material" name="bsdf"/>
        <animation name="to_world">
            <transform time="0">
                <matrix value="0.8919865538351888 0.3833814814892068 -0.23953891563570723 -0.2826526994337071 -0.32993185609908743 0.18986195906329068 -0.9247149426906801 -0.7992327290527067 -0.30903919493215753 0.9038646456260964 0.29584402825207873 -0.7176574065949345 0.0 0.0 0.0 1.0"/>
                <scale value="1"/>
            </transform>
            <transform time="0.0015">
                <matrix value="0.8919987130221244 0.38333889711871394 -0.2395616468288088 -0.28262609906941677 -0.32993254224743157 0.18983716235931578 -0.924719776579741 -0.799236264273044 -0.3090033045866777 0.9038878639074515 0.2958104208085901 -0.7176249883601724 0.0 0.0 0.0 1.0"/>
                <scale value="1"/>
            </transform>
        </animation>
    </shape>
    <shape name="temp30" type="ply">
        <string name="filename" value="meshes/Cube_026.ply"/>
        <boolean name="face_normals" value="true"/>
        <ref id="mat-Material" name="bsdf"/>
        <animation name="to_world">
            <transform time="0">
                <matrix value="0.9224624884978911 0.24527650947075966 -0.2981659031885475 -0.3144840149854162 -0.35193660941763427 0.21663478806815695 -0.9106097061085972 -1.1452316765565802 -0.15875800271972795 0.9449386032793589 0.2861591479555823 -0.8343055599241493 0.0 0.0 0.0 1.0"/>
                <scale value="1"/>
            </transform>
            <transform time="0.0015">
                <matrix value="0.9224571748374586 0.24528399608994172 -0.29817614967169775 -0.3145116722631621 -0.3519463766595284 0.21661940182672862 -0.9106095869634443 -1.145246187157587 -0.1587671635979691 0.9449401802001495 0.2861488418998556 -0.8343319031197902 0.0 0.0 0.0 1.0"/>
                <scale value="1"/>
            </transform>
        </animation>
    </shape>
    <shape name="temp31" type="ply">
        <string name="filename" value="meshes/Cube_027.ply"/>
        <boolean name="face_normals" value="true"/>
        <ref id="mat-Material" name="bsdf"/>
        <animation name="to_world">
            <transform time="0">
                <matrix value="0.8721014242225993 0.19333064955164855 -0.44951399483996274 -0.5519344532652329 -0.4845658984410321 0.2133975633209087 -0.848326155583114 -1.5848426849648694 -0.06808229038680773 0.9576453361645145 0.27978569344915444 -0.964704781722008 0.0 0.0 0.0 1.0"/>
                <scale value="1"/>
            </transform>
            <transform time="0.0015">
                <matrix value="0.8720899352270696 0.19336236293057693 -0.4495225988220764 -0.5520040830767469 -0.4845821585610943 0.21338164393007023 -0.8483208706445456 -1.584857344455666 -0.06811349098814012 0.957642467670505 0.2797878891241152 -0.9647597680680946 0.0 0.0 0.0 1.0"/>
                <scale value="1"/>
            </transform>
        </animation>
    </shape>
    <shape name="temp32" type="ply">
        <string name="filename" value="meshes/Cube_028.ply"/>
        <boolean name="face_normals" value="true"/>
        <ref id="mat-Material" name="bsdf"/>
        <animation name="to_world">
            <transform time="0">
                <matrix value="-0.12031019791605721 0.9806016816047625 0.15474476159767311 -1.480761420867227 -0.7880646671169997 0.000456423659273752 -0.6155925887227135 -2.119413189477101 -0.6037219849404373 -0.1960108714016641 0.7727224373682392 -1.3577958799402532 0.0 0.0 0.0 1.0"/>
                <scale value="1"/>
            </transform>
            <transform time="0.0015">
                <matrix value="-0.12024926475171012 0.9805966279490859 0.1548232484671524 -1.4805654244686228 -0.7884199323898808 0.0004376786441437682 -0.6151301097909583 -2.1194954068333827 -0.6032625208608766 -0.19603610814163103 0.7730690391284217 -1.356561767760306 0.0 0.0 0.0 1.0"/>
                <scale value="1"/>
            </transform>
        </animation>
    </shape>
    <shape name="temp33" type="ply">
        <string name="filename" value="meshes/Cube_029.ply"/>
        <boolean name="face_normals" value="true"/>
        <ref id="mat-Material" name="bsdf"/>
        <animation name="to_world">
            <transform time="0">
                <matrix value="-0.004540496288298256 0.9811775822186254 0.19305449243322187 -1.617043803035675 -0.9994814078049455 -0.010609167686990403 0.030412850261051363 -1.8472311921951003 0.03188856207238306 -0.1928161978044441 0.980716760097981 -0.13638536701652137 0.0 0.0 0.0 1.0"/>
                <scale value="1"/>
            </transform>
            <transform time="0.0015">
                <matrix value="-0.004353539214999646 0.9811689617183035 0.19310003736999523 -1.6166185000810998 -0.9994620679958038 -0.010525613487619746 0.03094501208652265 -1.8467085892738109 0.03239456392403077 -0.1928639942736073 0.9806872376311636 -0.1354359022982813 0.0 0.0 0.0 1.0"/>
                <scale value="1"/>
            </transform>
        </animation>
    </shape>
    <shape name="temp34" type="ply">
        <string name="filename" value="meshes/Cube_030.ply"/>
        <boolean name="face_normals" value="true"/>
        <ref id="mat-Material" name="bsdf"/>
        <animation name="to_world">
            <transform time="0">
                <matrix value="-0.036829022850182226 0.9819124211186576 -0.18571928902824045 -3.1964775064047406 -0.9766143521823489 0.004027288618586161 0.21496001441061524 -1.9296871579418113 0.21181976670910752 0.18929289029926347 0.9588016262610815 0.25297009336945653 0.0 0.0 0.0 1.0"/>
                <scale value="1"/>
            </transform>
            <transform time="0.0015">
                <matrix value="-0.036789476984168186 0.981906789683442 -0.18575665171362468 -3.1964312798256715 -0.9766821604385176 0.004012540101209594 0.21464553058903438 -1.9302193198052315 0.21150720863648406 0.18932230513443463 0.9588633946094446 0.25232516313379105 0.0 0.0 0.0 1.0"/>
                <scale value="1"/>
            </transform>
        </animation>
    </shape>
    <shape name="temp35" type="ply">
        <string name="filename" value="meshes/Cube_031.ply"/>
        <boolean name="face_normals" value="true"/>
        <ref id="mat-Material" name="bsdf"/>
        <animation name="to_world">
            <transform time="0">
                <matrix value="0.1298528261944907 0.9823053962784432 0.13495972532753756 -1.9462775205954879 -0.7119255815767686 -0.0023720159441662165 0.7022508617791775 -0.8992752124661867 0.6901451526256721 -0.18727048973453508 0.6990205195874807 0.7085320919071387 0.0 0.0 0.0 1.0"/>
                <scale value="1"/>
            </transform>
            <transform time="0.0015">
                <matrix value="0.12996502581000166 0.9822795873415037 0.13503765561894537 -1.9458546771198364 -0.7118154148751887 -0.002376910931574649 0.7023620497379465 -0.8988071592626208 0.6902370167190954 -0.18740444089563557 0.6988930853360756 0.7085955403172306 0.0 0.0 0.0 1.0"/>
                <scale value="1"/>
            </transform>
        </animation>
    </shape>
    <shape name="temp36" type="ply">
        <string name="filename" value="meshes/Cube_032.ply"/>
        <boolean name="face_normals" value="true"/>
        <ref id="mat-Material" name="bsdf"/>
        <animation name="to_world">
            <transform time="0">
