
<scene version="2.1.0">
    <default name="spp" value="1024"/>
    <default name="resx" value="640"/>
    <default name="resy" value="360"/>
    <integrator name="temp0" type="path">
        <integer name="max_depth" value="12"/>
    </integrator>
    <sensor name="temp44" type="perspective">
        <string name="fov_axis" value="x"/>
        <float name="fov" value="83.974423"/>
        <float name="principal_point_offset_x" value="0.000000"/>
        <float name="principal_point_offset_y" value="-0.000000"/>
        <float name="near_clip" value="0.100000"/>
        <float name="far_clip" value="1000.000000"/>
        <sampler name="sampler" type="correlated">
            <integer name="sample_count" value="1024"/>
        </sampler>
        <film name="film" type="hdrfilm">
            <integer name="width" value="$resx"/>
            <integer name="height" value="$resy"/>
        </film>
        <float name="shutter_open" value="0.0"/>
        <float name="shutter_close" value="0.0015"/>
        <animation name="to_world">
            <transform time="0">
                <rotate angle="-142.5518126578256" x="1"/>
                <rotate angle="3.976628485794621e-06" y="1"/>
                <rotate angle="-179.999991348578" z="1"/>
                <translate value="-0.000000 3.030926 4.073377"/>
            </transform>
            <transform time="0.0015">
                <rotate angle="-142.5518126578256" x="1"/>
                <rotate angle="3.976628485794621e-06" y="1"/>
                <rotate angle="-179.999991348578" z="1"/>
                <translate value="-0.000000 3.030926 4.073377"/>
                <translate x="0.15" y="0.0" z="0.0"/>
            </transform>
        </animation>
    </sensor>
    <bsdf id="mat-Material" name="mat-Material" type="twosided">
        <bsdf name="bsdf" type="diffuse">
            <texture name="reflectance" type="bitmap">
                <string name="filename" value="textures/siggraph_2023_logo.jpg"/>
            </texture>
        </bsdf>
    </bsdf>
    <bsdf id="mat-Material.001" name="mat-Material.001" type="twosided">
        <bsdf name="bsdf" type="principled">
            <rgb name="base_color" value="0.433648 0.266232 0.084399"/>
            <float name="spec_tint" value="0.000000"/>
            <float name="spec_trans" value="0.000000"/>
            <float name="metallic" value="0.000000"/>
            <float name="anisotropic" value="0.000000"/>
            <float name="roughness" value="0.500000"/>
            <float name="sheen" value="0.000000"/>
            <float name="sheen_tint" value="0.500000"/>
            <float name="clearcoat" value="0.000000"/>
            <float name="clearcoat_gloss" value="0.173205"/>
            <float name="specular" value="0.500000"/>
        </bsdf>
    </bsdf>
    <bsdf id="mat-Material.002" name="mat-Material.002" type="twosided">
        <bsdf name="bsdf" type="principled">
            <rgb name="base_color" value="0.433648 0.266232 0.084399"/>
            <float name="spec_tint" value="0.000000"/>
            <float name="spec_trans" value="0.000000"/>
            <float name="metallic" value="0.000000"/>
            <float name="anisotropic" value="0.000000"/>
            <float name="roughness" value="0.500000"/>
            <float name="sheen" value="0.000000"/>
            <float name="sheen_tint" value="0.500000"/>
            <float name="clearcoat" value="0.000000"/>
            <float name="clearcoat_gloss" value="0.173205"/>
            <float name="specular" value="0.500000"/>
        </bsdf>
    </bsdf>
    <bsdf id="mat-Material.003" name="mat-Material.003" type="twosided">
        <bsdf name="bsdf" type="principled">
            <rgb name="base_color" value="0.433648 0.266232 0.084399"/>
            <float name="spec_tint" value="0.000000"/>
            <float name="spec_trans" value="0.000000"/>
            <float name="metallic" value="0.000000"/>
            <float name="anisotropic" value="0.000000"/>
            <float name="roughness" value="0.500000"/>
            <float name="sheen" value="0.000000"/>
            <float name="sheen_tint" value="0.500000"/>
            <float name="clearcoat" value="0.000000"/>
            <float name="clearcoat_gloss" value="0.173205"/>
            <float name="specular" value="0.500000"/>
        </bsdf>
    </bsdf>
    <bsdf id="mat-Material.004" name="mat-Material.004" type="twosided">
        <bsdf name="bsdf" type="principled">
            <rgb name="base_color" value="0.433648 0.266232 0.084399"/>
            <float name="spec_tint" value="0.000000"/>
            <float name="spec_trans" value="0.000000"/>
            <float name="metallic" value="0.000000"/>
            <float name="anisotropic" value="0.000000"/>
            <float name="roughness" value="0.500000"/>
            <float name="sheen" value="0.000000"/>
            <float name="sheen_tint" value="0.500000"/>
            <float name="clearcoat" value="0.000000"/>
            <float name="clearcoat_gloss" value="0.173205"/>
            <float name="specular" value="0.500000"/>
        </bsdf>
    </bsdf>
    <bsdf id="mat-Material.005" name="mat-Material.005" type="twosided">
        <bsdf name="bsdf" type="principled">
            <rgb name="base_color" value="0.433648 0.266232 0.084399"/>
            <float name="spec_tint" value="0.000000"/>
            <float name="spec_trans" value="0.000000"/>
            <float name="metallic" value="0.000000"/>
            <float name="anisotropic" value="0.000000"/>
            <float name="roughness" value="0.500000"/>
            <float name="sheen" value="0.000000"/>
            <float name="sheen_tint" value="0.500000"/>
            <float name="clearcoat" value="0.000000"/>
            <float name="clearcoat_gloss" value="0.173205"/>
            <float name="specular" value="0.500000"/>
        </bsdf>
    </bsdf>
    <emitter name="temp45" type="point">
        <point name="position" x="-6.815235034541981e-16" y="3.0693089962005615" z="4.109199523925781"/>
        <rgb name="intensity" value="7.957747 7.957747 7.957747"/>
    </emitter>
    <shape name="temp2" type="ply">
        <string name="filename" value="meshes/Cube.ply"/>
        <boolean name="face_normals" value="true"/>
        <ref id="mat-Material" name="bsdf"/>
        <animation name="to_world">
            <transform time="0">
                <matrix value="0.9999995567588077 0.00023729149415025982 0.0010673556487373417 -0.0018845671957063992 -0.00023522366837048584 0.9999981227433812 -0.001936479629105182 -0.014661179161367444 -0.001067812356500664 0.0019362254209747969 0.9999976360466947 0.002304747115293271 0.0 0.0 0.0 1.0"/>
                <scale value="1"/>
            </transform>
            <transform time="0.0015">
                <matrix value="0.9999995567588077 0.00023675346379479912 0.0010676886594397244 -0.0018845288372922246 -0.00023476056610900745 0.9999981903257008 -0.0018663471777492005 -0.014755223053102383 -0.0010681287825858793 0.0018660935028030079 0.9999977041296392 0.0023096607582045263 0.0 0.0 0.0 1.0"/>
                <scale value="1"/>
            </transform>
        </animation>
    </shape>
    <shape name="temp4" type="ply">
        <string name="filename" value="meshes/Plane.ply"/>
        <boolean name="face_normals" value="true"/>
        <ref id="mat-Material.001" name="bsdf"/>
        <transform name="to_world">
            <scale value="1"/>
        </transform>
    </shape>
    <shape name="temp5" type="ply">
        <string name="filename" value="meshes/Cube_001.ply"/>
        <boolean name="face_normals" value="true"/>
        <ref id="mat-Material" name="bsdf"/>
        <animation name="to_world">
            <transform time="0">
                <matrix value="0.9999995567588077 -6.403885504032973e-05 -0.0010856077322075872 0.0017054945139052258 6.554828049011839e-05 0.9999989570796561 0.0013903685923272694 -0.019251429288476063 0.001085519842135217 -0.0013904380891196291 0.9999985816280168 -0.0021650264890619164 0.0 0.0 0.0 1.0"/>
                <scale value="1"/>
            </transform>
            <transform time="0.0015">
                <matrix value="0.9999995567588077 -5.374263608565531e-05 -0.0010905211081062229 0.0017103037014588153 5.5039535633128616e-05 0.999998761841844 0.0012108709728332065 -0.01904702083247294 0.0010904072927474498 -0.0012109278090919465 0.9999983773791832 -0.002181829945133147 0.0 0.0 0.0 1.0"/>
                <scale value="1"/>
            </transform>
        </animation>
    </shape>
    <shape name="temp6" type="ply">
        <string name="filename" value="meshes/Cube_002.ply"/>
        <boolean name="face_normals" value="true"/>
        <ref id="mat-Material" name="bsdf"/>
        <animation name="to_world">
            <transform time="0">
                <matrix value="1.0 -4.775719980059363e-05 0.0003660085263067816 -0.000908738027856959 4.808147482301379e-05 0.9999995828318625 -0.0008867756196985391 -0.01726979754598834 -0.0003659669661204162 0.0008867930825179435 0.9999995272093389 0.00043900010134245715 0.0 0.0 0.0 1.0"/>
                <scale value="1"/>
            </transform>
            <transform time="0.0015">
                <matrix value="1.0 -4.73115094211427e-05 0.00036571687599319474 -0.000909703087845121 4.76721857400417e-05 0.9999993425391707 -0.0009891907506514035 -0.01719826144626186 -0.00036567193828937515 0.0009892082307332809 0.9999992974294012 0.00044285060758667423 0.0 0.0 0.0 1.0"/>
                <scale value="1"/>
            </transform>
        </animation>
    </shape>
    <shape name="temp7" type="ply">
        <string name="filename" value="meshes/Cube_003.ply"/>
        <boolean name="face_normals" value="true"/>
        <ref id="mat-Material" name="bsdf"/>
        <animation name="to_world">
            <transform time="0">
                <matrix value="1.0 -0.0003010473006092741 0.0007808634197610421 -0.0010364469271353371 0.000303252769814211 0.9999958283186247 -0.0028270753973450914 -0.01751124793748382 -0.000780011417893115 0.0028273215928313828 0.9999957448840504 0.0020902125883757727 0.0 0.0 0.0 1.0"/>
                <scale value="1"/>
            </transform>
            <transform time="0.0015">
                <matrix value="0.9999999840430618 -0.0002767205190299638 0.0007814405929232091 -0.0010404694887789943 0.0002787608323257142 0.9999958133003314 -0.002617596942609632 -0.017517296403173382 -0.0007805786870473965 0.0026178232354031905 0.9999957278633143 0.0020993866819915097 0.0 0.0 0.0 1.0"/>
                <scale value="1"/>
            </transform>
        </animation>
    </shape>
    <shape name="temp8" type="ply">
        <string name="filename" value="meshes/Cube_004.ply"/>
        <boolean name="face_normals" value="true"/>
        <ref id="mat-Material" name="bsdf"/>
        <animation name="to_world">
            <transform time="0">
                <matrix value="1.0 -8.027378744866225e-05 0.0006143820082350677 -0.0005305547008371825 8.077671813583392e-05 0.9999995828318625 -0.0008182871645372963 -0.01800751128620498 -0.0006143145629553195 0.0008183378769896312 0.9999995272093389 0.0019346983928237305 0.0 0.0 0.0 1.0"/>
                <scale value="1"/>
            </transform>
            <transform time="0.0015">
                <matrix value="1.0 -9.058338770261694e-05 0.000615482058411147 -0.0005305092408143581 9.111515459103337e-05 0.9999995227586896 -0.0008616416176744065 -0.018033883973021494 -0.0006153903797311748 0.0008616990687005876 0.9999994676367625 0.0019366461969437037 0.0 0.0 0.0 1.0"/>
                <scale value="1"/>
            </transform>
        </animation>
    </shape>
    <shape name="temp9" type="ply">
        <string name="filename" value="meshes/Cube_005.ply"/>
        <boolean name="face_normals" value="true"/>
        <ref id="mat-Material" name="bsdf"/>
        <animation name="to_world">
            <transform time="0">
                <matrix value="1.0 0.0003892429024056001 0.0006896644651957518 -0.0005237506226034583 -0.00039189302994360194 0.9999924909735245 0.003846199306794333 -0.015257044380292406 -0.0006881629780134639 -0.0038464612669813505 0.999992435349423 0.0018205320868364683 0.0 0.0 0.0 1.0"/>
                <scale value="1"/>
            </transform>
            <transform time="0.0015">
                <matrix value="1.0 0.0003695757340338578 0.0006901619813128306 -0.0005216214971596267 -0.00037209883102865265 0.9999927312662165 0.003662772365260988 -0.015376398977587177 -0.0006887074287460682 -0.0036630209248861524 0.9999926736397289 0.001816736710515758 0.0 0.0 0.0 1.0"/>
                <scale value="1"/>
            </transform>
        </animation>
    </shape>
    <shape name="temp10" type="ply">
        <string name="filename" value="meshes/Cube_006.ply"/>
        <boolean name="face_normals" value="true"/>
        <ref id="mat-Material" name="bsdf"/>
        <animation name="to_world">
            <transform time="0">
                <matrix value="1.0 0.00021106830502499882 -0.0007785254699420972 -0.0009064928303939013 -0.00021092961861754846 1.0 0.00017704166373142465 -0.017166599207033006 0.0007785620191941166 -0.00017687741305694556 0.9999997636046695 -0.001713156258994486 0.0 0.0 0.0 1.0"/>
                <scale value="1"/>
            </transform>
            <transform time="0.0015">
                <matrix value="1.0 0.0001958182044249365 -0.0007792674889336829 -0.0009061073830977786 -0.00019562715420352303 0.9999999249085338 0.0002425039935922822 -0.017159872240213668 0.0007792874216063146 -0.00024235175750538928 0.999999695521725 -0.0017148471339015633 0.0 0.0 0.0 1.0"/>
                <scale value="1"/>
            </transform>
        </animation>
    </shape>
    <shape name="temp11" type="ply">
        <string name="filename" value="meshes/Cube_007.ply"/>
        <boolean name="face_normals" value="true"/>
        <ref id="mat-Material" name="bsdf"/>
        <animation name="to_world">
            <transform time="0">
                <matrix value="1.0 -0.00041967948971993415 -4.465791468114288e-05 0.0004951381830045065 0.0004197290200646423 0.9999991656637249 0.0011103985105203012 -0.01763446228028448 4.4191944711866635e-05 -0.0011104160626419677 0.9999995272093389 -2.9829507206979855e-05 0.0 0.0 0.0 1.0"/>
                <scale value="1"/>
            </transform>
            <transform time="0.0015">
                <matrix value="0.9999999840430618 -0.000368655664430104 -4.4783306444212306e-05 0.0004938638289720091 0.0003686980294813823 0.9999989929533526 0.0009549539995993344 -0.01766353920362816 4.421891512887273e-05 -0.0009549691433300984 0.9999993655123457 -3.4101618294771194e-05 0.0 0.0 0.0 1.0"/>
                <scale value="1"/>
            </transform>
        </animation>
    </shape>
    <shape name="temp12" type="ply">
        <string name="filename" value="meshes/Cube_008.ply"/>
        <boolean name="face_normals" value="true"/>
        <ref id="mat-Material" name="bsdf"/>
        <animation name="to_world">
            <transform time="0">
                <matrix value="0.9999995567588077 0.0008648354375989471 0.0001806875889141937 0.0003547896072091383 -0.0008646172966896975 0.9999989570796561 -0.0012057438391830932 -0.017301306227652857 -0.00018173021858882644 0.0012055867156978283 0.9999992908140084 0.0004435292553750525 0.0 0.0 0.0 1.0"/>
                <scale value="1"/>
            </transform>
            <transform time="0.0015">
                <matrix value="0.9999995567588077 0.0008016528771903674 0.00018077426701293553 0.0003568763232106541 -0.0008014490440039202 0.9999989645888028 -0.0011274443680086026 -0.01734539484740453 -0.0001818104181603994 0.0011272987559445907 0.9999992993243765 0.00044530463873580165 0.0 0.0 0.0 1.0"/>
                <scale value="1"/>
            </transform>
        </animation>
    </shape>
    <shape name="temp13" type="ply">
        <string name="filename" value="meshes/Cube_009.ply"/>
        <boolean name="face_normals" value="true"/>
        <ref id="mat-Material" name="bsdf"/>
        <animation name="to_world">
            <transform time="0">
                <matrix value="0.9999995567588077 0.0007934621409485986 0.0006684574400938774 0.0012788578785620786 -0.0007933042212518195 0.9999995828318625 -0.0002344318309149303 -0.016525306451085353 -0.000668642635902182 0.0002339020030328124 0.9999997636046695 0.0011698746988524356 0.0 0.0 0.0 1.0"/>
                <scale value="1"/>
            </transform>
            <transform time="0.0015">
                <matrix value="0.9999995567588077 0.0007412827330851208 0.0006687579411902519 0.0012822290268790734 -0.0007411451389630438 0.9999995828318625 -0.0002044633867694361 -0.016587199820083616 -0.0006689506048101323 0.0002039685922197104 0.9999997550943014 0.001171663412363845 0.0 0.0 0.0 1.0"/>
                <scale value="1"/>
            </transform>
        </animation>
    </shape>
    <shape name="temp14" type="ply">
        <string name="filename" value="meshes/Cube_010.ply"/>
        <boolean name="face_normals" value="true"/>
        <ref id="mat-Material" name="bsdf"/>
        <animation name="to_world">
            <transform time="0">
                <matrix value="0.9999915784173453 0.00039918401912298745 0.004101577182366233 0.008168951148612491 -0.0004001027433083877 0.9999997914159312 0.00022345103141646662 -0.016723137648034292 -0.004101479184507125 -0.00022508932612744903 0.9999917261634315 0.006805161151638206 0.0 0.0 0.0 1.0"/>
                <scale value="1"/>
            </transform>
            <transform time="0.0015">
                <matrix value="0.9999915784173454 0.0003983344342741832 0.004103296276715358 0.008171318885351934 -0.0003992541533330097 0.9999997914159312 0.00022358101877829114 -0.0167244377512339 -0.004103198704171411 -0.0002252165310712244 0.9999917176530634 0.0068080423327746345 0.0 0.0 0.0 1.0"/>
                <scale value="1"/>
            </transform>
        </animation>
    </shape>
    <shape name="temp15" type="ply">
        <string name="filename" value="meshes/Cube_011.ply"/>
        <boolean name="face_normals" value="true"/>
        <ref id="mat-Material" name="bsdf"/>
        <animation name="to_world">
            <transform time="0">
                <matrix value="0.9999986702764229 0.0016255102487782189 -0.000579504241168625 -0.001245467572584591 -0.0016251172372953777 0.99999833132745 0.0006773931835879232 -0.014379055847146216 0.0005806060702767776 -0.0006764506500522504 0.9999995272093389 -0.0008826559379049304 0.0 0.0 0.0 1.0"/>
                <scale value="1"/>
            </transform>
            <transform time="0.0015">
                <matrix value="0.9999987021902994 0.0015380667620062032 -0.0005796907884366094 -0.0012431280649024166 -0.0015376909279648252 0.9999983763823297 0.0006476949946907006 -0.014550389611144021 0.0005807571824818703 -0.0006468033076888572 0.9999995442300751 -0.0008844383734226947 0.0 0.0 0.0 1.0"/>
                <scale value="1"/>
            </transform>
        </animation>
    </shape>
    <shape name="temp16" type="ply">
        <string name="filename" value="meshes/Cube_012.ply"/>
        <boolean name="face_normals" value="true"/>
        <ref id="mat-Material" name="bsdf"/>
        <animation name="to_world">
            <transform time="0">
                <matrix value="1.0 -0.0005969279738352144 -0.0001888210066564197 -0.0004888563064873175 0.0005967976710334789 0.9999995828318625 -0.0006973284018115446 -0.01941056635296312 0.00018923739466373066 0.0006972151940979052 0.9999997636046695 -0.0002472182388253419 0.0 0.0 0.0 1.0"/>
                <scale value="1"/>
            </transform>
            <transform time="0.0015">
                <matrix value="0.9999999521291854 -0.0005167830021223755 -0.0001888020030045306 -0.0004896795376783529 0.0005166676717112302 0.9999995077403964 -0.0006177877785584572 -0.019204974665885884 0.00018929207909106465 0.0006176897269813749 0.9999997380735653 -0.00024617620554767976 0.0 0.0 0.0 1.0"/>
                <scale value="1"/>
            </transform>
        </animation>
    </shape>
    <shape name="temp17" type="ply">
        <string name="filename" value="meshes/Cube_013.ply"/>
        <boolean name="face_normals" value="true"/>
        <ref id="mat-Material" name="bsdf"/>
        <animation name="to_world">
            <transform time="0">
                <matrix value="0.9999982270352306 0.0018359069131017912 0.00027737918898435585 -0.0002554452750367364 -0.0018369953920645643 0.9999904051328369 0.003975058401466407 -0.011321287140397429 -0.0002700783827724559 -0.0039755581188220005 0.9999921989540925 0.00020934959869989278 0.0 0.0 0.0 1.0"/>
                <scale value="1"/>
            </transform>
            <transform time="0.0015">
                <matrix value="0.9999981791644159 0.0018599110266507577 0.0002776417338391605 -0.0002549907612722299 -0.0018610139350664207 0.9999901197852652 0.004024964901873065 -0.011240479492555171 -0.0002701205250463366 -0.004025471866966712 0.9999919606637867 0.00020889166425375763 0.0 0.0 0.0 1.0"/>
                <scale value="1"/>
            </transform>
        </animation>
    </shape>
    <shape name="temp18" type="ply">
        <string name="filename" value="meshes/Cube_014.ply"/>
        <boolean name="face_normals" value="true"/>
        <ref id="mat-Material" name="bsdf"/>
        <animation name="to_world">
            <transform time="0">
                <matrix value="1.0 -0.0006186749488447572 -6.740340059410875e-05 -0.0003370054711706594 0.0006184588681038319 0.9999947853982809 -0.00314467252391257 -0.020750004306982428 6.934863047336385e-05 0.0031446342791230293 0.9999952720933893 0.00022346728768929403 0.0 0.0 0.0 1.0"/>
                <scale value="1"/>
            </transform>
            <transform time="0.0015">
                <matrix value="1.0 -0.000585328405617593 -6.744375675947289e-05 -0.0003385801284449698 0.0005851248720001328 0.9999949055446268 -0.0029617569703962498 -0.020574312591505772 6.934039669323421e-05 0.0029617208538462916 0.9999953827281742 0.00023030409966754206 0.0 0.0 0.0 1.0"/>
                <scale value="1"/>
            </transform>
        </animation>
    </shape>
    <shape name="temp19" type="ply">
        <string name="filename" value="meshes/Cube_015.ply"/>
        <boolean name="face_normals" value="true"/>
        <ref id="mat-Material" name="bsdf"/>
        <animation name="to_world">
            <transform time="0">
                <matrix value="1.0 -0.00019318159537610836 -9.88203400215876e-05 0.00012378025662573844 0.0001931436792919488 0.9999997914159312 -0.000382208698308024 -0.01814737756003637 9.889420187331458e-05 0.0003821906750406218 1.0 -0.00020117818613096805 0.0 0.0 0.0 1.0"/>
                <scale value="1"/>
            </transform>
            <transform time="0.0015">
                <matrix value="1.0 -0.0001931400622861425 -9.880581282330069e-05 0.00012347531112367368 0.0001931020476400917 0.9999997914159312 -0.0003832919830590154 -0.018147852255690898 9.887987254277886e-05 0.0003832739445323002 1.0 -0.00020129185150320522 0.0 0.0 0.0 1.0"/>
                <scale value="1"/>
            </transform>
        </animation>
    </shape>
    <shape name="temp20" type="ply">
        <string name="filename" value="meshes/Cube_016.ply"/>
        <boolean name="face_normals" value="true"/>
        <ref id="mat-Material" name="bsdf"/>
        <animation name="to_world">
            <transform time="0">
                <matrix value="1.0 0.0007192854744140352 0.0004000636376229788 0.0007617731587227228 -0.0007211578523723156 0.9999887364602866 0.004707103821519634 -0.01638183398720333 -0.00039667427268552744 -0.004707383667450247 0.9999888894194651 0.00067946302516525 0.0 0.0 0.0 1.0"/>
                <scale value="1"/>
            </transform>
            <transform time="0.0015">
                <matrix value="1.0 0.0006927234098667884 0.00040000278849131423 0.0007633042835768367 -0.0006945410682443245 0.9999891269359109 0.004569494233641405 -0.01642796366570468 -0.00039673605795037634 -0.004569763762584685 0.999989272386028 0.0006728518250527099 0.0 0.0 0.0 1.0"/>
                <scale value="1"/>
            </transform>
        </animation>
    </shape>
    <shape name="temp21" type="ply">
        <string name="filename" value="meshes/Cube_017.ply"/>
        <boolean name="face_normals" value="true"/>
        <ref id="mat-Material" name="bsdf"/>
        <animation name="to_world">
            <transform time="0">
                <matrix value="1.0 4.1404354818187695e-05 0.0005945815353498485 0.0002131977127914908 -4.1675354194036815e-05 0.9999997914159312 0.0004556827309901513 -0.01782432649497101 -0.0005945637354240135 -0.000455706130077197 0.9999997636046695 0.000418402651785138 0.0 0.0 0.0 1.0"/>
                <scale value="1"/>
            </transform>
            <transform time="0.0015">
                <matrix value="0.9999999840430618 6.880078542678017e-05 0.0005951261138023266 0.0002126412370625483 -6.910670172231194e-05 0.999999716324465 0.000512706792624275 -0.01781634234450236 -0.0005950499433320573 -0.000512746959463707 0.999999695521725 0.0004209157148773777 0.0 0.0 0.0 1.0"/>
                <scale value="1"/>
            </transform>
        </animation>
    </shape>
    <shape name="temp22" type="ply">
        <string name="filename" value="meshes/Cube_018.ply"/>
        <boolean name="face_normals" value="true"/>
        <ref id="mat-Material" name="bsdf"/>
        <animation name="to_world">
            <transform time="0">
                <matrix value="0.9999951243468841 0.003234930322491829 7.757194573687025e-05 0.0004444047383889149 -0.0032352396250534105 0.9999851905311177 0.004376008521578875 -0.017878493249739114 -6.341451739012494e-05 -0.004376233514036665 0.9999905441867787 0.00014803444244537722 0.0 0.0 0.0 1.0"/>
                <scale value="1"/>
            </transform>
            <transform time="0.0015">
                <matrix value="0.9999952679593282 0.003171495529848219 7.752341961816374e-05 0.0004474288796542946 -0.003171799944848243 0.9999855885158887 0.004302385752967134 -0.01787786724639958 -6.375205450462608e-05 -0.00430260655668312 0.9999907909874526 0.00014494407195388698 0.0 0.0 0.0 1.0"/>
                <scale value="1"/>
            </transform>
        </animation>
    </shape>
    <shape name="temp23" type="ply">
        <string name="filename" value="meshes/Cube_019.ply"/>
        <boolean name="face_normals" value="true"/>
        <ref id="mat-Material" name="bsdf"/>
        <animation name="to_world">
            <transform time="0">
                <matrix value="0.9999747352520358 0.00441440648446153 -0.005636161110036826 0.002984118826083515 -0.004384165119754905 0.9999760128320919 0.005366788630897531 -0.01793738658182148 0.005659724623112014 -0.005341950636494286 0.9999697413976922 -0.0008155862822941673 0.0 0.0 0.0 1.0"/>
                <scale value="1"/>
            </transform>
            <transform time="0.0015">
                <matrix value="0.999974272500827 0.004497277426581059 -0.005634419888730731 0.0029788752398793947 -0.0044669080677132616 0.9999754121003622 0.005391215940354444 -0.017941093406029122 0.00565858864867901 -0.00536591945705413 0.9999696137421712 -0.0008139525755270618 0.0 0.0 0.0 1.0"/>
                <scale value="1"/>
            </transform>
        </animation>
    </shape>
    <shape name="temp24" type="ply">
        <string name="filename" value="meshes/Cube_020.ply"/>
        <boolean name="face_normals" value="true"/>
        <ref id="mat-Material" name="bsdf"/>
        <animation name="to_world">
            <transform time="0">
                <matrix value="0.9999373687329646 -0.004383192786685112 0.01027291448857588 -0.007912700986443505 0.0042943686082667215 0.9999533392192829 0.008652730998279146 -0.01533678809229816 -0.010310356849509709 -0.008608072343603198 0.9999099333708255 -0.0010148640732351444 0.0 0.0 0.0 1.0"/>
                <scale value="1"/>
            </transform>
            <transform time="0.0015">
                <matrix value="0.999937581530916 -0.0043099086437689334 0.010276511821156421 -0.007919040254391444 0.0042212464429447275 0.9999537350374985 0.008634065207943182 -0.015336106845807565 -0.010313280019080114 -0.008590152617526861 0.9999100525159759 -0.0010169475493308567 0.0 0.0 0.0 1.0"/>
                <scale value="1"/>
            </transform>
        </animation>
    </shape>
    <shape name="temp25" type="ply">
        <string name="filename" value="meshes/Cube_021.ply"/>
        <boolean name="face_normals" value="true"/>
        <ref id="mat-Material" name="bsdf"/>
        <animation name="to_world">
            <transform time="0">
                <matrix value="0.9954199887594034 0.0919638607242456 0.026115892338001826 0.009051701873632856 -0.09192875518370575 0.9957624060589502 -0.002545386721485168 -0.03886301312404977 -0.026239320103470225 0.0001329302098564316 0.9996558083987478 0.025400368714603716 0.0 0.0 0.0 1.0"/>
                <scale value="1"/>
            </transform>
            <transform time="0.0015">
                <matrix value="0.9951071848991677 0.09442286069383046 0.02611145588312955 0.009446485247961796 -0.09437360545396765 0.995446316041047 -0.003094663748171938 -0.03950880762999093 -0.026320977181781637 0.0006109820976989498 0.9996503277217139 0.026019789751949515 0.0 0.0 0.0 1.0"/>
                <scale value="1"/>
            </transform>
        </animation>
    </shape>
    <shape name="temp26" type="ply">
        <string name="filename" value="meshes/Cube_022.ply"/>
        <boolean name="face_normals" value="true"/>
        <ref id="mat-Material" name="bsdf"/>
        <animation name="to_world">
            <transform time="0">
                <matrix value="0.991497304207068 0.1300549827605267 0.004363692324858246 0.08612040157229806 -0.12912936792033006 0.9874801584404588 -0.09059983423959424 -0.048635552602626364 -0.016092026622838977 0.08926597180360558 0.9958779746215429 0.17658203565369962 0.0 0.0 0.0 1.0"/>
                <scale value="1"/>
            </transform>
            <transform time="0.0015">
                <matrix value="0.9912464770949401 0.1316808556779586 0.004213983095652526 0.08658295424320843 -0.1307327035216277 0.9870656160011957 -0.09207768007896144 -0.049131152231243626 -0.01635035461292346 0.0907172330328086 0.9957130266677074 0.17759015884878182 0.0 0.0 0.0 1.0"/>
                <scale value="1"/>
            </transform>
        </animation>
    </shape>
    <shape name="temp27" type="ply">
        <string name="filename" value="meshes/Cube_023.ply"/>
        <boolean name="face_normals" value="true"/>
        <ref id="mat-Material" name="bsdf"/>
        <animation name="to_world">
            <transform time="0">
                <matrix value="0.972036799656754 0.22854034954518246 0.05398430145889014 0.060441711045531865 -0.20147453047460495 0.9297290701530799 -0.30823965380376633 -0.12466759673831623 -0.1206359801924376 0.2887435521449743 0.9497759208661903 0.11015652173343049 0.0 0.0 0.0 1.0"/>
                <scale value="1"/>
            </transform>
            <transform time="0.0015">
                <matrix value="0.9714858065794731 0.23058137314275393 0.054110937437770665 0.05996199421365185 -0.20294980207239763 0.9283253928841907 -0.31098321775018667 -0.12556865927369687 -0.1220846882751492 0.29108823061364303 0.9487527108033698 0.10919823016925019 0.0 0.0 0.0 1.0"/>
                <scale value="1"/>
            </transform>
        </animation>
    </shape>
    <shape name="temp28" type="ply">
        <string name="filename" value="meshes/Cube_024.ply"/>
        <boolean name="face_normals" value="true"/>
        <ref id="mat-Material" name="bsdf"/>
        <animation name="to_world">
            <transform time="0">
                <matrix value="0.9396491657314278 0.3402500505816367 0.03591223303284335 -0.003222930299272009 -0.25273103060669083 0.7610145946272916 -0.5974811604741334 -0.34139275815099673 -0.23062278046972928 0.552346466481583 0.8010785300560115 -0.13015627330243587 0.0 0.0 0.0 1.0"/>
                <scale value="1"/>
            </transform>
            <transform time="0.0015">
                <matrix value="0.939166213038784 0.3415518437491597 0.035344708925988455 -0.0038782814038806415 -0.2534412100998118 0.7590145784794224 -0.5995262614927247 -0.34243559663456097 -0.2316981839608843 0.5540812745890591 0.7994548369328939 -0.13157111953348868 0.0 0.0 0.0 1.0"/>
                <scale value="1"/>
            </transform>
        </animation>
    </shape>
    <shape name="temp29" type="ply">
        <string name="filename" value="meshes/Cube_025.ply"/>
        <boolean name="face_normals" value="true"/>
        <ref id="mat-Material" name="bsdf"/>
        <animation name="to_world">
            <transform time="0">
                <matrix value="0.9127550631441403 0.40339261987847896 -0.06443954685851881 -0.12675622427220512 -0.28815366994842445 0.523967143837488 -0.8015149158361704 -0.6955538006807582 -0.2895609607341492 0.7501550822551276 0.5944928871008996 -0.5263711270401317 0.0 0.0 0.0 1.0"/>
                <scale value="1"/>
            </transform>
            <transform time="0.0015">
                <matrix value="0.9124243077283894 0.40398095400715994 -0.06521415545357248 -0.12796125871214847 -0.28848039464157704 0.5220098922796307 -0.8025887370578735 -0.6964383598410877 -0.2902456107217868 0.7511115372786551 0.5928577390223666 -0.5284211359509572 0.0 0.0 0.0 1.0"/>
                <scale value="1"/>
            </transform>
        </animation>
    </shape>
    <shape name="temp30" type="ply">
        <string name="filename" value="meshes/Cube_026.ply"/>
        <boolean name="face_normals" value="true"/>
        <ref id="mat-Material" name="bsdf"/>
        <animation name="to_world">
            <transform time="0">
                <matrix value="0.8954815106369022 0.4244437584346183 -0.1340160588075936 -0.16937611541559683 -0.34834546927717996 0.48087638682332723 -0.8046202048980167 -1.0636383617477687 -0.27707082285067913 0.7672062041245413 0.5784688296209023 -0.6129833984007436 0.0 0.0 0.0 1.0"/>
                <scale value="1"/>
            </transform>
            <transform time="0.0015">
                <matrix value="0.8953104043882 0.4245886023638085 -0.13465341814375292 -0.17026146934469685 -0.3485143224062032 0.47947313757579546 -0.8053422585661218 -1.0644244689627202 -0.2774031580033154 0.7679593189666937 0.5772594382359241 -0.6146935831890178 0.0 0.0 0.0 1.0"/>
                <scale value="1"/>
            </transform>
        </animation>
    </shape>
    <shape name="temp31" type="ply">
        <string name="filename" value="meshes/Cube_027.ply"/>
        <boolean name="face_normals" value="true"/>
        <ref id="mat-Material" name="bsdf"/>
        <animation name="to_world">
            <transform time="0">
                <matrix value="0.8343058045093585 0.44211103764316695 -0.32935046600611506 -0.4750353309899117 -0.5132453765511226 0.40476656313944054 -0.7567981387177256 -1.5450393030249525 -0.2012787951640613 0.8004386522966149 0.5646103897638931 -0.7156556316209923 0.0 0.0 0.0 1.0"/>
                <scale value="1"/>
            </transform>
            <transform time="0.0015">
                <matrix value="0.8342837520207168 0.4417815137619571 -0.32983422936840084 -0.4755502500651351 -0.5132412596610577 0.40380104457594046 -0.7572956718555405 -1.545514210124809 -0.20137998130080192 0.8010836204091184 0.5636256125232539 -0.7171377230593035 0.0 0.0 0.0 1.0"/>
                <scale value="1"/>
            </transform>
        </animation>
    </shape>
    <shape name="temp32" type="ply">
        <string name="filename" value="meshes/Cube_028.ply"/>
        <boolean name="face_normals" value="true"/>
        <ref id="mat-Material" name="bsdf"/>
        <animation name="to_world">
            <transform time="0">
                <matrix value="-0.15143322039547755 0.9722174363766445 0.17849748073496255 -1.490162187572558 -0.7570914158364759 0.0020208896944869147 -0.6533061541741979 -2.107092674561881 -0.6355161189092011 -0.2340711647125816 0.7357513896499505 -1.3984828271343779 0.0 0.0 0.0 1.0"/>
                <scale value="1"/>
            </transform>
            <transform time="0.0015">
                <matrix value="-0.15129157544184013 0.9722302319624883 0.17854617450791993 -1.4898296388546302 -0.7575381622362627 0.001998473239808221 -0.6527783156157037 -2.1072888077656464 -0.6350072042780478 -0.23401798493620515 0.7361991711760575 -1.3970822477260194 0.0 0.0 0.0 1.0"/>
                <scale value="1"/>
            </transform>
        </animation>
    </shape>
    <shape name="temp33" type="ply">
        <string name="filename" value="meshes/Cube_029.ply"/>
        <boolean name="face_normals" value="true"/>
        <ref id="mat-Material" name="bsdf"/>
        <animation name="to_world">
            <transform time="0">
                <matrix value="0.02250816450276317 0.9916032397277562 0.12734349328944575 -1.669451091963691 -0.9938509149384692 0.008380269615767287 0.11040891191484473 -1.7122541588924052 0.10841466809213034 -0.12904551930132682 0.9856945365729579 0.05232409190075216 0.0 0.0 0.0 1.0"/>
                <scale value="1"/>
            </transform>
            <transform time="0.0015">
                <matrix value="0.02201160437146956 0.9915965565872628 0.1274550718741089 -1.6701549412839933 -0.9937512798161251 0.007762447969399644 0.11122061550222004 -1.7106856021139927 0.1092983218435876 -0.1290956638806387 0.985579552990032 0.05383022190870093 0.0 0.0 0.0 1.0"/>
                <scale value="1"/>
            </transform>
        </animation>
    </shape>
    <shape name="temp34" type="ply">
        <string name="filename" value="meshes/Cube_030.ply"/>
        <boolean name="face_normals" value="true"/>
        <ref id="mat-Material" name="bsdf"/>
        <animation name="to_world">
            <transform time="0">
                <matrix value="0.10897193956355603 0.9725654647362538 -0.20552703520100624 -2.8721617865866746 -0.9610879400264113 0.15588034613678897 0.22805866480817977 -1.8711966940059093 0.25383957284637915 0.17267757355285526 0.9517080168545548 0.34891653134003353 0.0 0.0 0.0 1.0"/>
                <scale value="1"/>
            </transform>
            <transform time="0.0015">
                <matrix value="0.10902345191362495 0.9725683547731416 -0.20548576336860364 -2.872042758806838 -0.9612242140047328 0.15582032567530302 0.2275054337728605 -1.872392735028645 0.25328343177620455 0.17271508911606204 0.9518447331069148 0.3478095536218345 0.0 0.0 0.0 1.0"/>
                <scale value="1"/>
            </transform>
        </animation>
    </shape>
    <shape name="temp35" type="ply">
        <string name="filename" value="meshes/Cube_031.ply"/>
        <boolean name="face_normals" value="true"/>
        <ref id="mat-Material" name="bsdf"/>
        <animation name="to_world">
            <transform time="0">
                <matrix value="0.10676417086416076 0.9874202948127228 0.11662951320055165 -2.0291421288762477 -0.731311621606767 -0.0014871147191519807 0.6820421341581324 -0.9826212518287776 0.6736357479340528 -0.1581101240449457 0.721952994206896 0.7053021671819457 0.0 0.0 0.0 1.0"/>
                <scale value="1"/>
            </transform>
            <transform time="0.0015">
                <matrix value="0.10657125148089036 0.9874307625631137 0.11671222291466478 -2.0295467290847635 -0.7323663911810893 -0.001436437343359846 0.6808601121168512 -0.9872791333177431 0.6724694872322772 -0.1580446097443281 0.7230078968803906 0.7035935550471242 0.0 0.0 0.0 1.0"/>
                <scale value="1"/>
            </transform>
        </animation>
    </shape>
