
<scene version="2.1.0">
    <default name="spp" value="1024"/>
    <default name="resx" value="1280"/>
    <default name="resy" value="720"/>
    <integrator name="temp0" type="path">
        <integer name="max_depth" value="12"/>
    </integrator>
    <sensor name="temp44" type="perspective">
        <string name="fov_axis" value="x"/>
        <float name="fov" value="83.974423"/>
        <float name="principal_point_offset_x" value="0.000000"/>
        <float name="principal_point_offset_y" value="-0.000000"/>
        <float name="near_clip" value="0.100000"/>
        <float name="far_clip" value="1000.000000"/>
        <sampler name="sampler" type="correlated">
            <integer name="sample_count" value="1024"/>
        </sampler>
        <film name="film" type="hdrfilm">
            <integer name="width" value="$resx"/>
            <integer name="height" value="$resy"/>
        </film>
        <float name="shutter_open" value="0.0"/>
        <float name="shutter_close" value="0.0015"/>
        <animation name="to_world">
            <transform time="0">
                <rotate angle="-142.5518126578256" x="1"/>
                <rotate angle="3.976628485794621e-06" y="1"/>
                <rotate angle="-179.999991348578" z="1"/>
                <translate value="-0.000000 3.030926 4.073377"/>
                <translate x="34.65" y="0.0" z="0.0"/>
            </transform>
            <transform time="0.0015">
                <rotate angle="-142.5518126578256" x="1"/>
                <rotate angle="3.976628485794621e-06" y="1"/>
                <rotate angle="-179.999991348578" z="1"/>
                <translate value="-0.000000 3.030926 4.073377"/>
                <translate x="34.8" y="0.0" z="0.0"/>
            </transform>
        </animation>
    </sensor>
    <bsdf id="mat-Material" name="mat-Material" type="twosided">
        <bsdf name="bsdf" type="diffuse">
            <texture name="reflectance" type="bitmap">
                <string name="filename" value="textures/siggraph_2023_logo.jpg"/>
            </texture>
        </bsdf>
    </bsdf>
    <bsdf id="mat-Material.001" name="mat-Material.001" type="twosided">
        <bsdf name="bsdf" type="principled">
            <rgb name="base_color" value="0.433648 0.266232 0.084399"/>
            <float name="spec_tint" value="0.000000"/>
            <float name="spec_trans" value="0.000000"/>
            <float name="metallic" value="0.000000"/>
            <float name="anisotropic" value="0.000000"/>
            <float name="roughness" value="0.500000"/>
            <float name="sheen" value="0.000000"/>
            <float name="sheen_tint" value="0.500000"/>
            <float name="clearcoat" value="0.000000"/>
            <float name="clearcoat_gloss" value="0.173205"/>
            <float name="specular" value="0.500000"/>
        </bsdf>
    </bsdf>
    <bsdf id="mat-Material.002" name="mat-Material.002" type="twosided">
        <bsdf name="bsdf" type="principled">
            <rgb name="base_color" value="0.433648 0.266232 0.084399"/>
            <float name="spec_tint" value="0.000000"/>
            <float name="spec_trans" value="0.000000"/>
            <float name="metallic" value="0.000000"/>
            <float name="anisotropic" value="0.000000"/>
            <float name="roughness" value="0.500000"/>
            <float name="sheen" value="0.000000"/>
            <float name="sheen_tint" value="0.500000"/>
            <float name="clearcoat" value="0.000000"/>
            <float name="clearcoat_gloss" value="0.173205"/>
            <float name="specular" value="0.500000"/>
        </bsdf>
    </bsdf>
    <bsdf id="mat-Material.003" name="mat-Material.003" type="twosided">
        <bsdf name="bsdf" type="principled">
            <rgb name="base_color" value="0.433648 0.266232 0.084399"/>
            <float name="spec_tint" value="0.000000"/>
            <float name="spec_trans" value="0.000000"/>
            <float name="metallic" value="0.000000"/>
            <float name="anisotropic" value="0.000000"/>
            <float name="roughness" value="0.500000"/>
            <float name="sheen" value="0.000000"/>
            <float name="sheen_tint" value="0.500000"/>
            <float name="clearcoat" value="0.000000"/>
            <float name="clearcoat_gloss" value="0.173205"/>
            <float name="specular" value="0.500000"/>
        </bsdf>
    </bsdf>
    <bsdf id="mat-Material.004" name="mat-Material.004" type="twosided">
        <bsdf name="bsdf" type="principled">
            <rgb name="base_color" value="0.433648 0.266232 0.084399"/>
            <float name="spec_tint" value="0.000000"/>
            <float name="spec_trans" value="0.000000"/>
            <float name="metallic" value="0.000000"/>
            <float name="anisotropic" value="0.000000"/>
            <float name="roughness" value="0.500000"/>
            <float name="sheen" value="0.000000"/>
            <float name="sheen_tint" value="0.500000"/>
            <float name="clearcoat" value="0.000000"/>
            <float name="clearcoat_gloss" value="0.173205"/>
            <float name="specular" value="0.500000"/>
        </bsdf>
    </bsdf>
    <bsdf id="mat-Material.005" name="mat-Material.005" type="twosided">
        <bsdf name="bsdf" type="principled">
            <rgb name="base_color" value="0.433648 0.266232 0.084399"/>
            <float name="spec_tint" value="0.000000"/>
            <float name="spec_trans" value="0.000000"/>
            <float name="metallic" value="0.000000"/>
            <float name="anisotropic" value="0.000000"/>
            <float name="roughness" value="0.500000"/>
            <float name="sheen" value="0.000000"/>
            <float name="sheen_tint" value="0.500000"/>
            <float name="clearcoat" value="0.000000"/>
            <float name="clearcoat_gloss" value="0.173205"/>
            <float name="specular" value="0.500000"/>
        </bsdf>
    </bsdf>
    <emitter name="temp45" type="point">
        <point name="position" x="-6.815235034541981e-16" y="3.0693089962005615" z="4.109199523925781"/>
        <rgb name="intensity" value="7.957747 7.957747 7.957747"/>
    </emitter>
    <shape name="temp2" type="ply">
        <string name="filename" value="meshes/Cube.ply"/>
        <boolean name="face_normals" value="true"/>
        <ref id="mat-Material" name="bsdf"/>
        <animation name="to_world">
            <transform time="0">
                <matrix value="0.9999982270352306 0.00018925792045855122 0.0020462462549069764 -0.0031339978875242203 -0.00018965581434931308 0.9999998957079657 0.00019271031265173625 -0.017599165723602622 -0.0020462118834736636 -0.00019309771329285413 0.9999978724420252 0.004844566213453971 0.0 0.0 0.0 1.0"/>
            </transform>
            <transform time="0.0015">
                <matrix value="0.9999982270352306 0.00018840358982908192 0.0020473392414775615 -0.0031352085383612926 -0.0001888318299726946 0.999999888198819 0.00020743659312776503 -0.017620643202868123 -0.0020473022210633135 -0.00020782247624799078 0.9999978724420251 0.0048464295408549045 0.0 0.0 0.0 1.0"/>
            </transform>
        </animation>
    </shape>
    <shape name="temp4" type="ply">
        <string name="filename" value="meshes/Plane.ply"/>
        <boolean name="face_normals" value="true"/>
        <ref id="mat-Material.001" name="bsdf"/>
    </shape>
    <shape name="temp5" type="ply">
        <string name="filename" value="meshes/Cube_001.ply"/>
        <boolean name="face_normals" value="true"/>
        <ref id="mat-Material" name="bsdf"/>
        <animation name="to_world">
            <transform time="0">
                <matrix value="0.9996035207534392 0.0008584652801388336 -0.02373201090633497 0.018529088688310713 -0.0029773220076343863 0.9971343677712585 -0.06095110824494906 0.05218042637747822 0.023548695363874425 0.06101883514140957 0.9967436543219449 -0.010267917894569822 0.0 0.0 0.0 1.0"/>
            </transform>
            <transform time="0.0015">
                <matrix value="0.9995776226426826 0.0008934696176657194 -0.02482121376727871 0.01947120898466704 -0.003154734119188508 0.9969377257486702 -0.06415948807019524 0.055919278840624996 0.024625222542619982 0.06423181680903287 0.9965215337154489 -0.01076821411368701 0.0 0.0 0.0 1.0"/>
            </transform>
        </animation>
    </shape>
    <shape name="temp6" type="ply">
        <string name="filename" value="meshes/Cube_002.ply"/>
        <boolean name="face_normals" value="true"/>
        <ref id="mat-Material" name="bsdf"/>
        <animation name="to_world">
            <transform time="0">
                <matrix value="0.9992185657778795 -0.013769519818615295 -0.03547041016008219 0.018779071199578334 0.003294090974368249 0.951024669237813 -0.2986854173866874 0.18235563085497708 0.038161424453084694 0.2983730442636252 0.9503188027427532 -0.003260926733637093 0.0 0.0 0.0 1.0"/>
            </transform>
            <transform time="0.0015">
                <matrix value="0.9992450542953508 -0.013827300223852597 -0.03470160052982799 0.018116971573857974 0.003361190378357789 0.9493083336310268 -0.30414955622227413 0.18602665061201196 0.037461884886809946 0.30384097955931 0.9486301159387234 -0.0005752084235582031 0.0 0.0 0.0 1.0"/>
            </transform>
        </animation>
    </shape>
    <shape name="temp7" type="ply">
        <string name="filename" value="meshes/Cube_003.ply"/>
        <boolean name="face_normals" value="true"/>
        <ref id="mat-Material" name="bsdf"/>
        <animation name="to_world">
            <transform time="0">
                <matrix value="0.9985627904337913 -0.04015286083479516 0.031282926914601245 -0.026479339762084386 0.04902379008451723 0.872391291197961 -0.4808682895048511 0.03716841848956509 -0.007511663891976802 0.4816237435417158 0.8732075915050865 0.16228263413511482 0.0 0.0 0.0 1.0"/>
            </transform>
            <transform time="0.0015">
                <matrix value="0.9985478706965409 -0.04110421489502231 0.0305383275794183 -0.026095543920890446 0.049537674823222785 0.8698520056854385 -0.48542268105776987 0.037597674105589673 -0.006142297376269214 0.48614397947883425 0.870726197957276 0.15948491927493574 0.0 0.0 0.0 1.0"/>
            </transform>
        </animation>
    </shape>
    <shape name="temp8" type="ply">
        <string name="filename" value="meshes/Cube_004.ply"/>
        <boolean name="face_normals" value="true"/>
        <ref id="mat-Material" name="bsdf"/>
        <animation name="to_world">
            <transform time="0">
                <matrix value="0.992779600976549 -0.08794078506871802 0.08123370940678483 0.007969441219566553 0.11951630861643148 0.7187847683569625 -0.6823001596614062 -0.2929581576513814 0.002052958014421296 0.6870835358337002 0.7241805474064832 0.059939366946528766 0.0 0.0 0.0 1.0"/>
            </transform>
            <transform time="0.0015">
                <matrix value="0.9927148158073118 -0.08831639633731986 0.08161895504627675 0.008109757260917418 0.12004615875055008 0.7158158995844931 -0.6853349654237464 -0.29412550620004296 0.002540385192115662 0.690141312902173 0.7212780353157132 0.058649406469850826 0.0 0.0 0.0 1.0"/>
            </transform>
        </animation>
    </shape>
    <shape name="temp9" type="ply">
        <string name="filename" value="meshes/Cube_005.ply"/>
        <boolean name="face_normals" value="true"/>
        <ref id="mat-Material" name="bsdf"/>
        <animation name="to_world">
            <transform time="0">
                <matrix value="0.9915387472585532 -0.11352181685067259 0.06271277352712708 0.04808407872439946 0.11436442758945937 0.5378641617110569 -0.834243140162101 -0.5564264009230794 0.0611980454836382 0.8343580720991692 0.5463246199590469 -0.31839666918960846 0.0 0.0 0.0 1.0"/>
            </transform>
            <transform time="0.0015">
                <matrix value="0.9914952007741078 -0.11370737687467622 0.06306527978067301 0.04829790723628026 0.1145824919160017 0.5353909116339276 -0.8358078394137922 -0.5573950719325196 0.06149598066882582 0.8359271908864326 0.5438948503039185 -0.3200404614059411 0.0 0.0 0.0 1.0"/>
            </transform>
        </animation>
    </shape>
    <shape name="temp10" type="ply">
        <string name="filename" value="meshes/Cube_006.ply"/>
        <boolean name="face_normals" value="true"/>
        <ref id="mat-Material" name="bsdf"/>
        <animation name="to_world">
            <transform time="0">
                <matrix value="0.9911635435892254 -0.09860933872592678 -0.08805567677382783 -0.002099696812893903 -0.03810459428360699 0.42606132788789863 -0.9035122909024202 -0.4901280334620519 0.12645354300414696 0.8989603127092359 0.4185198484611373 -0.7652564424023429 0.0 0.0 0.0 1.0"/>
            </transform>
            <transform time="0.0015">
                <matrix value="0.9910662381798636 -0.09897907784187028 -0.08873691131254616 -0.002268689223112754 -0.03879375593596134 0.4244632012672347 -0.9042368381083685 -0.4886966259243968 0.12700857797388304 0.8996771884097909 0.4168123367229477 -0.767919162565926 0.0 0.0 0.0 1.0"/>
            </transform>
        </animation>
    </shape>
    <shape name="temp11" type="ply">
        <string name="filename" value="meshes/Cube_007.ply"/>
        <boolean name="face_normals" value="true"/>
        <ref id="mat-Material" name="bsdf"/>
        <animation name="to_world">
            <transform time="0">
                <matrix value="0.952655192038679 0.05749089009079665 -0.29800527256145215 -0.03841277948159272 -0.2935762383715673 0.4271537869480605 -0.8548497211244286 -0.10247677871800827 0.07793221778390041 0.9019748739630766 0.4237778716004578 -0.6850181726116031 0.0 0.0 0.0 1.0"/>
            </transform>
            <transform time="0.0015">
                <matrix value="0.9523864133710358 0.056689606325808606 -0.299019087177929 -0.038582462940898926 -0.2942787808740487 0.42564547723014146 -0.855362130385621 -0.10103516591474529 0.07857130592579342 0.9027402512416626 0.422031305783218 -0.6889232952976616 0.0 0.0 0.0 1.0"/>
            </transform>
        </animation>
    </shape>
    <shape name="temp12" type="ply">
        <string name="filename" value="meshes/Cube_008.ply"/>
        <boolean name="face_normals" value="true"/>
        <ref id="mat-Material" name="bsdf"/>
        <animation name="to_world">
            <transform time="0">
                <matrix value="0.0678061289619114 0.9856421156264927 -0.15456060963518997 2.3857681047876214 -0.7076418770732607 -0.06171586469568627 -0.7036572957981675 0.8606267398911651 -0.7031141682933619 0.15702764573247424 0.693306844448563 1.4379630429301544 0.0 0.0 0.0 1.0"/>
            </transform>
            <transform time="0.0015">
                <matrix value="0.06778778327002175 0.9855900321855231 -0.15490081670480843 2.385636853189694 -0.7067996539162388 -0.06215982421684084 -0.7044653467355694 0.8577760025124403 -0.70396357207259 0.1571800986799365 0.6924108899194179 1.438328541266328 0.0 0.0 0.0 1.0"/>
            </transform>
        </animation>
    </shape>
    <shape name="temp13" type="ply">
        <string name="filename" value="meshes/Cube_009.ply"/>
        <boolean name="face_normals" value="true"/>
        <ref id="mat-Material" name="bsdf"/>
        <animation name="to_world">
            <transform time="0">
                <matrix value="-0.08226277288144007 0.9917450768945171 0.09835850628409706 2.6012814232725976 -0.767239644556023 -3.296014167029951e-05 -0.641357552192543 0.6814229512101071 -0.636060197472816 -0.12822489742878418 0.7609086989226519 1.0176528823287105 0.0 0.0 0.0 1.0"/>
            </transform>
            <transform time="0.0015">
                <matrix value="-0.08225790920666581 0.9917431245163953 0.09838227318899213 2.601308764093342 -0.7673318597020875 -3.241774850065147e-05 -0.6412472408016847 0.6817504966513666 -0.635949599933904 -0.12824000958636078 0.7609986109612585 1.0175647453175705 0.0 0.0 0.0 1.0"/>
            </transform>
        </animation>
    </shape>
    <shape name="temp14" type="ply">
        <string name="filename" value="meshes/Cube_010.ply"/>
        <boolean name="face_normals" value="true"/>
        <ref id="mat-Material" name="bsdf"/>
        <animation name="to_world">
            <transform time="0">
                <matrix value="0.044675762419174966 0.9987095946585792 0.02366931886467833 1.7418323882297515 -0.957711022699268 0.03606953567100452 0.28518212605450044 2.2833098540933587 0.28397412712511994 -0.035355448111584135 0.958107083302405 -0.6899671475588904 0.0 0.0 0.0 1.0"/>
            </transform>
            <transform time="0.0015">
                <matrix value="0.04437869034477652 0.9987187633266046 0.02384331674391408 1.7426888322281422 -0.9574853437217995 0.03570549449551774 0.28598603244265464 2.284402592224307 0.2847819471233055 -0.03546794188621248 0.9578635080580171 -0.6918988362526906 0.0 0.0 0.0 1.0"/>
            </transform>
        </animation>
    </shape>
    <shape name="temp15" type="ply">
        <string name="filename" value="meshes/Cube_011.ply"/>
        <boolean name="face_normals" value="true"/>
        <ref id="mat-Material" name="bsdf"/>
        <animation name="to_world">
            <transform time="0">
                <matrix value="0.033549074335093895 0.9967297146778524 -0.07348606520445122 1.2101477149137352 -0.8291551202336058 0.068808505223988 0.5547512861087958 2.250910453724839 0.5579954505724016 0.042312456849170774 0.8287559317498314 -1.2536606397810148 0.0 0.0 0.0 1.0"/>
            </transform>
            <transform time="0.0015">
                <matrix value="0.03342416645440259 0.9967394690593142 -0.07341078929684286 1.210530689125314 -0.8293126630848076 0.06865140636751077 0.5545352929673065 2.251125775693467 0.5577688620494539 0.04233815840531363 0.8289071950318183 -1.2538955925778903 0.0 0.0 0.0 1.0"/>
            </transform>
        </animation>
    </shape>
    <shape name="temp16" type="ply">
        <string name="filename" value="meshes/Cube_012.ply"/>
        <boolean name="face_normals" value="true"/>
        <ref id="mat-Material" name="bsdf"/>
        <animation name="to_world">
            <transform time="0">
                <matrix value="0.08931943860843541 0.9895686064289781 0.11298564465715821 1.1197785275355727 -0.784445381160831 3.927220846726169e-05 0.6198033805477847 1.8362098509615747 0.6133338918172357 -0.1440620287303696 0.7762660033728885 -1.6841973809863686 0.0 0.0 0.0 1.0"/>
            </transform>
            <transform time="0.0015">
                <matrix value="0.08949641381902065 0.9895693197979072 0.11283947227734771 1.1193674798659423 -0.7834580775213695 3.9330119006009946e-05 0.6210529493803977 1.836530213304202 0.6145708577123339 -0.14405711474482025 0.7752895748033211 -1.6870797423847361 0.0 0.0 0.0 1.0"/>
            </transform>
        </animation>
    </shape>
    <shape name="temp17" type="ply">
        <string name="filename" value="meshes/Cube_013.ply"/>
        <boolean name="face_normals" value="true"/>
        <ref id="mat-Material" name="bsdf"/>
        <animation name="to_world">
            <transform time="0">
                <matrix value="0.8789634627420319 0.2961737338425566 0.37373368931318174 0.6194089743065971 -0.4329406881230863 0.1671713810142609 0.8856786271672134 1.4726395695702559 0.19990230964120512 -0.9402894729706335 0.27518756787500925 -1.3926975953493632 0.0 0.0 0.0 1.0"/>
            </transform>
            <transform time="0.0015">
                <matrix value="0.8788281319488542 0.29613231338979007 0.3740848100788067 0.6199386052298175 -0.4330750247990117 0.16619621695192496 0.8857970319181014 1.4729550453078 0.2002064425012035 -0.9404758950446693 0.27432967171185085 -1.3940182490596702 0.0 0.0 0.0 1.0"/>
            </transform>
        </animation>
    </shape>
    <shape name="temp18" type="ply">
        <string name="filename" value="meshes/Cube_014.ply"/>
        <boolean name="face_normals" value="true"/>
        <ref id="mat-Material" name="bsdf"/>
        <animation name="to_world">
            <transform time="0">
                <matrix value="0.9434608183650783 0.2845245221860445 0.17008075500886244 0.10683746665534122 -0.21602983988355168 0.13859292315971491 0.9664991175362311 1.0243181535999137 0.2514213193694628 -0.9485963335092393 0.1922229718580815 -0.847713271247086 0.0 0.0 0.0 1.0"/>
            </transform>
            <transform time="0.0015">
                <matrix value="0.9434515154700869 0.284540997253733 0.1701047533957689 0.10685329859689367 -0.21602591607243948 0.13847245316954476 0.9665172701513136 1.0243355622442474 0.25145957293749543 -0.948608993930444 0.19211046649433605 -0.8479182874953681 0.0 0.0 0.0 1.0"/>
            </transform>
        </animation>
    </shape>
    <shape name="temp19" type="ply">
        <string name="filename" value="meshes/Cube_015.ply"/>
        <boolean name="face_normals" value="true"/>
        <ref id="mat-Material" name="bsdf"/>
        <animation name="to_world">
            <transform time="0">
                <matrix value="0.9833441040943076 0.13054021187969705 0.12646729399683515 0.03893156752209309 -0.1491623406326293 0.182035467635053 0.971911979617049 0.6377547239982211 0.10385223136481056 -0.9745876814420669 0.19847521465877987 -0.31738181593705844 0.0 0.0 0.0 1.0"/>
            </transform>
            <transform time="0.0015">
                <matrix value="0.9833411520607339 0.1305533453771388 0.1264765873187621 0.038825204817410405 -0.1491668899557203 0.18196715692823334 0.9719240813604374 0.6377659288173319 0.10387352270749853 -0.974598682341868 0.1984100601319112 -0.317326394127661 0.0 0.0 0.0 1.0"/>
            </transform>
        </animation>
    </shape>
    <shape name="temp20" type="ply">
        <string name="filename" value="meshes/Cube_016.ply"/>
        <boolean name="face_normals" value="true"/>
        <ref id="mat-Material" name="bsdf"/>
        <animation name="to_world">
            <transform time="0">
                <matrix value="0.9846244062784228 0.04689271269838952 0.16827340632905946 0.07619865161616934 -0.1740533919475486 0.18148196895017554 0.9678683192906627 0.33719026132925445 0.01484747184088705 -0.9822749430044033 0.1868533583029841 0.07259860656434391 0.0 0.0 0.0 1.0"/>
            </transform>
            <transform time="0.0015">
                <matrix value="0.9846238956563993 0.04685463306495509 0.16828696845160782 0.07605126495999456 -0.17405858593094437 0.18141474706961608 0.9678799870052799 0.3371810264381194 0.014820013779848474 -0.9822891803463984 0.1867806942273349 0.07294094195724915 0.0 0.0 0.0 1.0"/>
            </transform>
        </animation>
    </shape>
    <shape name="temp21" type="ply">
        <string name="filename" value="meshes/Cube_017.ply"/>
        <boolean name="face_normals" value="true"/>
        <ref id="mat-Material" name="bsdf"/>
        <animation name="to_world">
            <transform time="0">
                <matrix value="0.9609167646229702 -0.019953455507975212 0.27606743129524314 0.20003410779761466 -0.271766821446491 0.12113459304205265 0.9547090186236968 0.18180072865763958 -0.052490771718375184 -0.9924217236135939 0.11097629616741708 0.2948801131515886 0.0 0.0 0.0 1.0"/>
            </transform>
            <transform time="0.0015">
                <matrix value="0.9608918717993223 -0.0203287843575726 0.2761269187680173 0.20010880865389322 -0.2717830017818621 0.12115770018803762 0.9547014784375913 0.1817068119766196 -0.052862534869698226 -0.9924113609912557 0.1108931609349007 0.29542611261106955 0.0 0.0 0.0 1.0"/>
            </transform>
        </animation>
    </shape>
    <shape name="temp22" type="ply">
        <string name="filename" value="meshes/Cube_018.ply"/>
        <boolean name="face_normals" value="true"/>
        <ref id="mat-Material" name="bsdf"/>
        <animation name="to_world">
            <transform time="0">
                <matrix value="0.10840509408237549 0.9727771717251781 0.20471282458851847 0.872807399633452 -0.6442413217806948 -0.08806018901888313 0.7597273132583267 0.0849750908020306 0.7570699186386467 -0.21424069141447116 0.6171616627291084 -0.2062370404577516 0.0 0.0 0.0 1.0"/>
            </transform>
            <transform time="0.0015">
                <matrix value="0.10880450901196728 0.9726783889013666 0.2049707329948013 0.872630982048474 -0.6444299327906415 -0.08795394961247617 0.7595796924138715 0.0849770220659043 0.7568522181302961 -0.2147328987045009 0.6172578383986107 -0.20592535590877964 0.0 0.0 0.0 1.0"/>
            </transform>
        </animation>
    </shape>
    <shape name="temp23" type="ply">
        <string name="filename" value="meshes/Cube_019.ply"/>
        <boolean name="face_normals" value="true"/>
        <ref id="mat-Material" name="bsdf"/>
        <animation name="to_world">
            <transform time="0">
                <matrix value="-0.07055034599407475 0.9871577917621808 -0.14332127638349185 0.4777713605177076 -0.9200720887475244 -0.008898207845681162 0.39160080298765876 -0.03182730587975405 0.3852961604674954 0.15949924179691002 0.9088841383933911 -0.04938390191480413 0.0 0.0 0.0 1.0"/>
            </transform>
            <transform time="0.0015">
                <matrix value="-0.07062583188609287 0.9871520172284285 -0.14332389332167184 0.4778416896271308 -0.9198997219007017 -0.008896453784121749 0.39200583693497537 -0.03221676074900395 0.38569395895924385 0.15953508070099248 0.9087092077778154 -0.049321262311352046 0.0 0.0 0.0 1.0"/>
            </transform>
        </animation>
    </shape>
    <shape name="temp24" type="ply">
        <string name="filename" value="meshes/Cube_020.ply"/>
        <boolean name="face_normals" value="true"/>
        <ref id="mat-Material" name="bsdf"/>
        <animation name="to_world">
            <transform time="0">
                <matrix value="0.09383255834943605 0.960479570556739 -0.2620509610931617 0.08405694448597634 -0.9487271277145649 0.006473192578198138 -0.3160071323403897 0.17966153257502407 -0.3018236107095037 0.2782705983812705 0.911840261755332 0.10327235618633523 0.0 0.0 0.0 1.0"/>
            </transform>
            <transform time="0.0015">
                <matrix value="0.09379549202240889 0.9604477412071626 -0.2621809229239117 0.08421071152382131 -0.9488124316417559 0.006472247237024732 -0.3157510213239111 0.1794187196514339 -0.3015669649853703 0.27838050884424465 0.9118916728890187 0.10320785680745428 0.0 0.0 0.0 1.0"/>
            </transform>
        </animation>
    </shape>
    <shape name="temp25" type="ply">
        <string name="filename" value="meshes/Cube_021.ply"/>
        <boolean name="face_normals" value="true"/>
        <ref id="mat-Material" name="bsdf"/>
        <animation name="to_world">
            <transform time="0">
                <matrix value="0.1764356582220355 0.9364866725209262 -0.30308304426124333 -0.16671707167911778 -0.8067929372175445 -0.03880207040546657 -0.589553524867134 0.09076092701239212 -0.563869947715269 0.3485477334212168 0.7487070357396645 0.2826315820325795 0.0 0.0 0.0 1.0"/>
            </transform>
            <transform time="0.0015">
                <matrix value="0.17656794762278527 0.9364769631943441 -0.30303604149842045 -0.1666615865418948 -0.8067001316647653 -0.03871925728377604 -0.5896859717253293 0.09082604479176334 -0.5639613331005453 0.34858304142863306 0.7486217788723895 0.2826653848924483 0.0 0.0 0.0 1.0"/>
            </transform>
        </animation>
    </shape>
    <shape name="temp26" type="ply">
        <string name="filename" value="meshes/Cube_022.ply"/>
        <boolean name="face_normals" value="true"/>
        <ref id="mat-Material" name="bsdf"/>
        <animation name="to_world">
            <transform time="0">
                <matrix value="0.6515339691184996 0.39855711970431124 -0.645467876002139 -0.07681010656586568 -0.6974887727005976 -0.01984718713954066 -0.716298890691272 -0.17469537953481395 -0.2982982419281346 0.9169286830210484 0.2650577915664547 0.6710978633440305 0.0 0.0 0.0 1.0"/>
            </transform>
            <transform time="0.0015">
                <matrix value="0.6512747326999213 0.3985420037921613 -0.6457388716524322 -0.07687069398629436 -0.6977781996463179 -0.019858544123074584 -0.7160167379484457 -0.1751150047988992 -0.29818767470740515 0.916935005722504 0.26516035852237385 0.6711552878861806 0.0 0.0 0.0 1.0"/>
            </transform>
        </animation>
    </shape>
    <shape name="temp27" type="ply">
        <string name="filename" value="meshes/Cube_023.ply"/>
        <boolean name="face_normals" value="true"/>
        <ref id="mat-Material" name="bsdf"/>
        <animation name="to_world">
            <transform time="0">
                <matrix value="0.8599260319098199 0.26742928478608663 -0.43475169743667086 -0.06170181249161316 -0.48034402608385773 0.13594891150403715 -0.8664800167935243 -0.28724449373789707 -0.1726182212908247 0.9539386929705084 0.24536405117297 0.21012115849938123 0.0 0.0 0.0 1.0"/>
            </transform>
            <transform time="0.0015">
                <matrix value="0.8599178938713197 0.26745495855838697 -0.4347520293410254 -0.061710877639276115 -0.48034523881116364 0.1359170254147365 -0.8664843485708693 -0.287243979016137 -0.17265544084925966 0.9539360422417509 0.2453481793365288 0.21008954831012247 0.0 0.0 0.0 1.0"/>
            </transform>
        </animation>
    </shape>
    <shape name="temp28" type="ply">
        <string name="filename" value="meshes/Cube_024.ply"/>
        <boolean name="face_normals" value="true"/>
        <ref id="mat-Material" name="bsdf"/>
        <animation name="to_world">
            <transform time="0">
                <matrix value="0.8591926893570698 0.43108059062664916 -0.2756044510403995 -0.18777243967306428 -0.38100784625558703 0.1795328655487951 -0.9069737095297106 -0.51452337619759 -0.3414987447409432 0.884272239754872 0.3184983837651252 -0.32635899527879914 0.0 0.0 0.0 1.0"/>
            </transform>
            <transform time="0.0015">
                <matrix value="0.8591953541657552 0.4310825955687972 -0.2755929705538798 -0.18777635381143104 -0.3809973035064947 0.17953497036259325 -0.9069777264234371 -0.5145138964952299 -0.34150377596356896 0.8842708355444537 0.31849689445071383 -0.32638295513652194 0.0 0.0 0.0 1.0"/>
            </transform>
        </animation>
    </shape>
    <shape name="temp29" type="ply">
        <string name="filename" value="meshes/Cube_025.ply"/>
        <boolean name="face_normals" value="true"/>
        <ref id="mat-Material" name="bsdf"/>
        <animation name="to_world">
            <transform time="0">
                <matrix value="0.8989133055687051 0.36816026765507703 -0.23751336224605823 -0.2683478458806529 -0.3211145698698821 0.18482304770526237 -0.9288304671975476 -0.7928862536440203 -0.29806062032491354 0.9112067005546252 0.2843615978622297 -0.7100652161040268 0.0 0.0 0.0 1.0"/>
            </transform>
            <transform time="0.0015">
                <matrix value="0.898929278463879 0.3681108124154251 -0.23752959151795813 -0.2683072776076449 -0.32111713095846894 0.18482839121399852 -0.9288285183232607 -0.7928900277481418 -0.2980097001393094 0.9112256010766725 0.2843544151115829 -0.7099848654497377 0.0 0.0 0.0 1.0"/>
            </transform>
        </animation>
    </shape>
    <shape name="temp30" type="ply">
        <string name="filename" value="meshes/Cube_026.ply"/>
        <boolean name="face_normals" value="true"/>
        <ref id="mat-Material" name="bsdf"/>
        <animation name="to_world">
            <transform time="0">
                <matrix value="0.9234205543351648 0.2389985461690407 -0.30029003343102767 -0.3241987383337536 -0.34868379527930404 0.19552520425594935 -0.916618520817682 -1.1447381216704715 -0.16035633045935743 0.9511305256527117 0.2638868072966728 -0.8739462439608545 0.0 0.0 0.0 1.0"/>
            </transform>
            <transform time="0.0015">
                <matrix value="0.923418942684403 0.23897439675350463 -0.3003141943659641 -0.3242243440427763 -0.3486950417293726 0.19548909276984455 -0.9166219504960122 -1.144756240086973 -0.16034113626276933 0.9511440195891914 0.2638474128029 -0.8739990636086834 0.0 0.0 0.0 1.0"/>
            </transform>
        </animation>
    </shape>
    <shape name="temp31" type="ply">
        <string name="filename" value="meshes/Cube_027.ply"/>
        <boolean name="face_normals" value="true"/>
        <ref id="mat-Material" name="bsdf"/>
        <animation name="to_world">
            <transform time="0">
                <matrix value="0.8746389800488275 0.17215808377987707 -0.45317552211454676 -0.572598481926736 -0.4809534827233448 0.19102063313608236 -0.8556837238505395 -1.5812443468896324 -0.060747047570417725 0.9663706163450648 0.24987435588182313 -1.0080292809549052 0.0 0.0 0.0 1.0"/>
            </transform>
            <transform time="0.0015">
                <matrix value="0.87462710808678 0.17219391367298356 -0.4531848154364737 -0.572671150237421 -0.4809696630587159 0.1909893748114393 -0.8556815962585234 -1.581257351104287 -0.0607897323801984 0.9663704060889594 0.24986477320738198 -1.008125414300678 0.0 0.0 0.0 1.0"/>
            </transform>
        </animation>
    </shape>
    <shape name="temp32" type="ply">
        <string name="filename" value="meshes/Cube_028.ply"/>
        <boolean name="face_normals" value="true"/>
        <ref id="mat-Material" name="bsdf"/>
        <animation name="to_world">
            <transform time="0">
                <matrix value="-0.10451984124873455 0.9841669048001452 0.143147053024891 -1.4785556339366268 -0.8099665441548011 -0.0007168283540839719 -0.5864742392916461 -2.11569113375238 -0.5770858487271 -0.17724273762418574 0.7972171305294641 -1.3049199364640245 0.0 0.0 0.0 1.0"/>
            </transform>
            <transform time="0.0015">
                <matrix value="-0.10450776663357156 0.984167107547104 0.14315446981065966 -1.4785215225493333 -0.8100238295630675 -0.0007200640453633579 -0.586395118399746 -2.1156599710709965 -0.5770076278158682 -0.17724159398115524 0.7972740053192424 -1.3047415626684211 0.0 0.0 0.0 1.0"/>
            </transform>
        </animation>
    </shape>
    <shape name="temp33" type="ply">
        <string name="filename" value="meshes/Cube_029.ply"/>
        <boolean name="face_normals" value="true"/>
        <ref id="mat-Material" name="bsdf"/>
        <animation name="to_world">
            <transform time="0">
                <matrix value="-0.011312714196306205 0.9793486128116506 0.20185992300131295 -1.6173918389154784 -0.9991607228022772 -0.019020113761751105 0.03628086791127232 -1.8372749914723756 0.039371160423171236 -0.20127991356276193 0.9787416771114004 -0.13297133516753223 0.0 0.0 0.0 1.0"/>
            </transform>
            <transform time="0.0015">
                <matrix value="-0.011322155437952161 0.9793357946983671 0.201921566150318 -1.6173211095443043 -0.9991590792376388 -0.019039449964485488 0.036315751909970675 -1.8372291765310724 0.03940993514480661 -0.2013404372845346 0.9787276690455653 -0.1329711957737125 0.0 0.0 0.0 1.0"/>
            </transform>
        </animation>
    </shape>
    <shape name="temp34" type="ply">
        <string name="filename" value="meshes/Cube_030.ply"/>
        <boolean name="face_normals" value="true"/>
        <ref id="mat-Material" name="bsdf"/>
        <animation name="to_world">
            <transform time="0">
                <matrix value="-0.04186793537112815 0.9805879562885527 -0.19155649362210098 -3.2115878123771395 -0.9729579252205436 0.0035736259854084267 0.23094597991846866 -1.8957344382415027 0.2271471918553179 0.19604636273103665 0.9539216818217299 0.2795162808757481 0.0 0.0 0.0 1.0"/>
            </transform>
            <transform time="0.0015">
                <matrix value="-0.04190156509540907 0.9805819456390051 -0.1915799225405928 -3.211696723263441 -0.9729259681989134 0.0035734561558933044 0.23108058103618384 -1.8954332990427085 0.2272778429188353 0.19607643994914642 0.9538843916327422 0.27974924689654584 0.0 0.0 0.0 1.0"/>
            </transform>
        </animation>
    </shape>
    <shape name="temp35" type="ply">
        <string name="filename" value="meshes/Cube_031.ply"/>
        <boolean name="face_normals" value="true"/>
        <ref id="mat-Material" name="bsdf"/>
        <animation name="to_world">
            <transform time="0">
                <matrix value="0.1289708648699442 0.9792050026803053 0.15659027630359024 -1.919062158442672 -0.7737446522950142 0.0006057406507405778 0.6334257796672593 -1.163025595729913 0.6201573683529336 -0.2028698664853376 0.7577333186453035 0.6077066424972295 0.0 0.0 0.0 1.0"/>
            </transform>
            <transform time="0.0015">
                <matrix value="0.12910483294059638 0.9791909005029493 0.15656810679478095 -1.9187562820993822 -0.7733099055127808 0.0005837621294928748 0.6339568606759864 -1.1613414965951572 0.6206719157832841 -0.20293798796166235 0.7572939453628447 0.6084744798819222 0.0 0.0 0.0 1.0"/>
            </transform>
        </animation>
    </shape>
    <shape name="temp36" type="ply">
        <string name="filename" value="meshes/Cube_032.ply"/>
        <boolean name="face_normals" value="true"/>
        <ref id="mat-Material" name="bsdf"/>
        <animation name="to_world">
            <transform time="0">
                <matrix value="0.6515195637797482 0.6135749640713941 0.44611545737059366 -0.718415603643743 -0.567711075888211 0.0043000252386723205 0.8231866941578676 -0.6832400841742082 0.5031674015605636 -0.7896247155434764 0.3511341775168183 -0.16732712773122715 0.0 0.0 0.0 1.0"/>
            </transform>
            <transform time="0.0015">
                <matrix value="0.6517410301255222 0.6135732144402313 0.4457944377768145 -0.7181435039041271 -0.5672942647045546 0.004284011532952275 0.8234742254533112 -0.681874828720157 0.5033509063502749 -0.7896261648087743 0.35086796469337767 -0.16710174334618244 0.0 0.0 0.0 1.0"/>
            </transform>
        </animation>
    </shape>
    <shape name="temp37" type="ply">
        <string name="filename" value="meshes/Cube_033.ply"/>
        <boolean name="face_normals" value="true"/>
        <ref id="mat-Material" name="bsdf"/>
        <animation name="to_world">
            <transform time="0">
                <matrix value="0.9767378157428633 0.1689124218070472 0.1321074265484249 -0.14036035695571525 -0.15013383667803137 0.09877760349420033 0.9837189807957162 0.30037146671412485 0.1531131266765598 -0.9806689499669394 0.12183927623314442 -0.3747424570704229 0.0 0.0 0.0 1.0"/>
            </transform>
            <transform time="0.0015">
                <matrix value="0.9767381667955044 0.16891188265031976 0.1321054623554755 -0.14036542248881417 -0.1501332095703587 0.09878668130155158 0.9837181638003819 0.3003725673621755 0.15311145279373886 -0.9806681314699577 0.12184799170107977 -0.37476093509334824 0.0 0.0 0.0 1.0"/>
            </transform>
        </animation>
    </shape>
    <shape name="temp38" type="ply">
        <string name="filename" value="meshes/Cube_034.ply"/>
        <boolean name="face_normals" value="true"/>
        <ref id="mat-Material" name="bsdf"/>
        <animation name="to_world">
            <transform time="0">
                <matrix value="0.9999246489972998 0.0024847306032459854 0.012025016772248702 -0.03454317258854456 -0.012276167630273019 0.18111449596702703 0.983385545182003 0.36938408911232345 0.0002655446902364603 -0.983458866178719 0.18113135022866522 -0.3591266412742173 0.0 0.0 0.0 1.0"/>
            </transform>
            <transform time="0.0015">
