
<scene version="2.1.0">
    <default name="spp" value="1024"/>
    <default name="resx" value="1280"/>
    <default name="resy" value="720"/>
    <integrator name="temp0" type="path">
        <integer name="max_depth" value="12"/>
    </integrator>
    <sensor name="temp44" type="perspective">
        <string name="fov_axis" value="x"/>
        <float name="fov" value="83.974423"/>
        <float name="principal_point_offset_x" value="0.000000"/>
        <float name="principal_point_offset_y" value="-0.000000"/>
        <float name="near_clip" value="0.100000"/>
        <float name="far_clip" value="1000.000000"/>
        <sampler name="sampler" type="correlated">
            <integer name="sample_count" value="1024"/>
        </sampler>
        <film name="film" type="hdrfilm">
            <integer name="width" value="$resx"/>
            <integer name="height" value="$resy"/>
        </film>
        <float name="shutter_open" value="0.0"/>
        <float name="shutter_close" value="0.0015"/>
        <animation name="to_world">
            <transform time="0">
                <rotate angle="-142.5518126578256" x="1"/>
                <rotate angle="3.976628485794621e-06" y="1"/>
                <rotate angle="-179.999991348578" z="1"/>
                <translate value="-0.000000 3.030926 4.073377"/>
            </transform>
            <transform time="0.0015">
                <rotate angle="-142.5518126578256" x="1"/>
                <rotate angle="3.976628485794621e-06" y="1"/>
                <rotate angle="-179.999991348578" z="1"/>
                <translate value="-0.000000 3.030926 4.073377"/>
                <translate x="0.15" y="0.0" z="0.0"/>
            </transform>
        </animation>
    </sensor>
    <bsdf id="mat-Material" name="mat-Material" type="twosided">
        <bsdf name="bsdf" type="diffuse">
            <texture name="reflectance" type="bitmap">
                <string name="filename" value="textures/siggraph_2023_logo.jpg"/>
            </texture>
        </bsdf>
    </bsdf>
    <bsdf id="mat-Material.001" name="mat-Material.001" type="twosided">
        <bsdf name="bsdf" type="principled">
            <rgb name="base_color" value="0.433648 0.266232 0.084399"/>
            <float name="spec_tint" value="0.000000"/>
            <float name="spec_trans" value="0.000000"/>
            <float name="metallic" value="0.000000"/>
            <float name="anisotropic" value="0.000000"/>
            <float name="roughness" value="0.500000"/>
            <float name="sheen" value="0.000000"/>
            <float name="sheen_tint" value="0.500000"/>
            <float name="clearcoat" value="0.000000"/>
            <float name="clearcoat_gloss" value="0.173205"/>
            <float name="specular" value="0.500000"/>
        </bsdf>
    </bsdf>
    <bsdf id="mat-Material.002" name="mat-Material.002" type="twosided">
        <bsdf name="bsdf" type="principled">
            <rgb name="base_color" value="0.433648 0.266232 0.084399"/>
            <float name="spec_tint" value="0.000000"/>
            <float name="spec_trans" value="0.000000"/>
            <float name="metallic" value="0.000000"/>
            <float name="anisotropic" value="0.000000"/>
            <float name="roughness" value="0.500000"/>
            <float name="sheen" value="0.000000"/>
            <float name="sheen_tint" value="0.500000"/>
            <float name="clearcoat" value="0.000000"/>
            <float name="clearcoat_gloss" value="0.173205"/>
            <float name="specular" value="0.500000"/>
        </bsdf>
    </bsdf>
    <bsdf id="mat-Material.003" name="mat-Material.003" type="twosided">
        <bsdf name="bsdf" type="principled">
            <rgb name="base_color" value="0.433648 0.266232 0.084399"/>
            <float name="spec_tint" value="0.000000"/>
            <float name="spec_trans" value="0.000000"/>
            <float name="metallic" value="0.000000"/>
            <float name="anisotropic" value="0.000000"/>
            <float name="roughness" value="0.500000"/>
            <float name="sheen" value="0.000000"/>
            <float name="sheen_tint" value="0.500000"/>
            <float name="clearcoat" value="0.000000"/>
            <float name="clearcoat_gloss" value="0.173205"/>
            <float name="specular" value="0.500000"/>
        </bsdf>
    </bsdf>
    <bsdf id="mat-Material.004" name="mat-Material.004" type="twosided">
        <bsdf name="bsdf" type="principled">
            <rgb name="base_color" value="0.433648 0.266232 0.084399"/>
            <float name="spec_tint" value="0.000000"/>
            <float name="spec_trans" value="0.000000"/>
            <float name="metallic" value="0.000000"/>
            <float name="anisotropic" value="0.000000"/>
            <float name="roughness" value="0.500000"/>
            <float name="sheen" value="0.000000"/>
            <float name="sheen_tint" value="0.500000"/>
            <float name="clearcoat" value="0.000000"/>
            <float name="clearcoat_gloss" value="0.173205"/>
            <float name="specular" value="0.500000"/>
        </bsdf>
    </bsdf>
    <bsdf id="mat-Material.005" name="mat-Material.005" type="twosided">
        <bsdf name="bsdf" type="principled">
            <rgb name="base_color" value="0.433648 0.266232 0.084399"/>
            <float name="spec_tint" value="0.000000"/>
            <float name="spec_trans" value="0.000000"/>
            <float name="metallic" value="0.000000"/>
            <float name="anisotropic" value="0.000000"/>
            <float name="roughness" value="0.500000"/>
            <float name="sheen" value="0.000000"/>
            <float name="sheen_tint" value="0.500000"/>
            <float name="clearcoat" value="0.000000"/>
            <float name="clearcoat_gloss" value="0.173205"/>
            <float name="specular" value="0.500000"/>
        </bsdf>
    </bsdf>
    <emitter name="temp45" type="point">
        <point name="position" x="-6.815235034541981e-16" y="3.0693089962005615" z="4.109199523925781"/>
        <rgb name="intensity" value="7.957747 7.957747 7.957747"/>
    </emitter>
    <shape name="temp2" type="ply">
        <string name="filename" value="meshes/Cube.ply"/>
        <boolean name="face_normals" value="true"/>
        <ref id="mat-Material" name="bsdf"/>
        <animation name="to_world">
            <transform time="0">
                <matrix value="0.9999982270352306 0.00021456438260158565 0.0020156968863425436 -0.003100891891139712 -0.0002125439030401027 0.9999989570796561 -0.001010272429070763 -0.015948658993854614 -0.0020159252128000966 0.001009842070572334 0.9999970450583684 0.004749073209465826 0.0 0.0 0.0 1.0"/>
            </transform>
            <transform time="0.0015">
                <matrix value="0.9999982270352306 0.0002135966188032456 0.002016803489502033 -0.0031020649101810424 -0.00021171991866348423 0.9999990321711224 -0.0009383825662844797 -0.016046019900545144 -0.0020170155503897464 0.0009379537832803731 0.9999971046309448 0.00475408548836174 0.0 0.0 0.0 1.0"/>
            </transform>
        </animation>
    </shape>
    <shape name="temp4" type="ply">
        <string name="filename" value="meshes/Plane.ply"/>
        <boolean name="face_normals" value="true"/>
        <ref id="mat-Material.001" name="bsdf"/>
    </shape>
    <shape name="temp5" type="ply">
        <string name="filename" value="meshes/Cube_001.ply"/>
        <boolean name="face_normals" value="true"/>
        <ref id="mat-Material" name="bsdf"/>
        <animation name="to_world">
            <transform time="0">
                <matrix value="0.9999807190081327 0.00010800691664772028 -0.005340788690469155 0.003996104582475901 -0.0001746374730287735 0.9999291857086541 -0.006331908027087124 -0.010727332602314094 0.005336856657571358 0.006333642733035337 0.9999098151814028 -0.00389478426932921 0.0 0.0 0.0 1.0"/>
            </transform>
            <transform time="0.0015">
                <matrix value="0.9999794584100119 0.00012703644583406205 -0.005575775016094737 0.004100375884005248 -0.0001990218767104995 0.9999245976200679 -0.007056173539852408 -0.009936753948017954 0.0055716028460534965 0.007058057917164619 0.999903968558542 -0.003853361013196754 0.0 0.0 0.0 1.0"/>
            </transform>
        </animation>
    </shape>
    <shape name="temp6" type="ply">
        <string name="filename" value="meshes/Cube_002.ply"/>
        <boolean name="face_normals" value="true"/>
        <ref id="mat-Material" name="bsdf"/>
        <animation name="to_world">
            <transform time="0">
                <matrix value="0.9991429931545831 -0.00847521186926785 -0.039760465339480244 0.02325980198703337 0.0015962600194671533 0.9852186899668978 -0.15838065179866115 0.08833686591198237 0.04073825144895546 0.15815770207103122 0.984394244057376 -0.03818138454362646 0.0 0.0 0.0 1.0"/>
            </transform>
            <transform time="0.0015">
                <matrix value="0.99912194595305 -0.008798627735523906 -0.040220386054595145 0.023599283834172508 0.0016514064001630466 0.9844730166890476 -0.16301861771908843 0.09143530554219333 0.041252256502975315 0.16278543294387188 0.9836294598312165 -0.038352789662375056 0.0 0.0 0.0 1.0"/>
            </transform>
        </animation>
    </shape>
    <shape name="temp7" type="ply">
        <string name="filename" value="meshes/Cube_003.ply"/>
        <boolean name="face_normals" value="true"/>
        <ref id="mat-Material" name="bsdf"/>
        <animation name="to_world">
            <transform time="0">
                <matrix value="0.9989142806993282 -0.023075436514309912 0.040260240527520905 -0.030957113402244163 0.03572029796445915 0.9327070249028521 -0.3518376900204766 0.02202991642669533 -0.029143859691114077 0.35289264386564684 0.9325462472004884 0.2001496316757876 0.0 0.0 0.0 1.0"/>
            </transform>
            <transform time="0.0015">
                <matrix value="0.9989038927325367 -0.023353676678665287 0.04035846294054288 -0.03101850438286883 0.03616427998426591 0.9309035081037853 -0.3565736502760617 0.02269065039903078 -0.02895568318859549 0.3576411954058049 0.9307551891790049 0.20022087908955905 0.0 0.0 0.0 1.0"/>
            </transform>
        </animation>
    </shape>
    <shape name="temp8" type="ply">
        <string name="filename" value="meshes/Cube_004.ply"/>
        <boolean name="face_normals" value="true"/>
        <ref id="mat-Material" name="bsdf"/>
        <animation name="to_world">
            <transform time="0">
                <matrix value="0.994473668813727 -0.07598044941523457 0.07203196206705968 0.004023105490471135 0.10370972932146866 0.7968267062698285 -0.5920945382750045 -0.25782680002960473 -0.01194356165573634 0.5962868906998622 0.80038908307452 0.09708449740726381 0.0 0.0 0.0 1.0"/>
            </transform>
            <transform time="0.0015">
                <matrix value="0.99441647914709 -0.07646599609221066 0.07230925283661052 0.00416693016786664 0.10431797110605809 0.7941764656068206 -0.5955546411710237 -0.2591889497016826 -0.011423223292930707 0.5997665766804343 0.7978044928035535 0.09569996569889387 0.0 0.0 0.0 1.0"/>
            </transform>
        </animation>
    </shape>
    <shape name="temp9" type="ply">
        <string name="filename" value="meshes/Cube_005.ply"/>
        <boolean name="face_normals" value="true"/>
        <ref id="mat-Material" name="bsdf"/>
        <animation name="to_world">
            <transform time="0">
                <matrix value="0.9931042751499485 -0.10241558081276869 0.056389683045868735 0.040747751613629646 0.10707756454921485 0.6089557655765369 -0.7845755356363597 -0.5243902843532733 0.04630464499039939 0.7851823963389324 0.6157945885326517 -0.2534609582776194 0.0 0.0 0.0 1.0"/>
            </transform>
            <transform time="0.0015">
                <matrix value="0.9930351018226964 -0.10302968257808276 0.05649244659129018 0.041062147105308325 0.10738416275617066 0.6063103382765136 -0.7865869611285178 -0.5257282506430558 0.04707905179819685 0.787153982857691 0.6132224404197962 -0.2564926120540858 0.0 0.0 0.0 1.0"/>
            </transform>
        </animation>
    </shape>
    <shape name="temp10" type="ply">
        <string name="filename" value="meshes/Cube_006.ply"/>
        <boolean name="face_normals" value="true"/>
        <ref id="mat-Material" name="bsdf"/>
        <animation name="to_world">
            <transform time="0">
                <matrix value="0.9927716226350867 -0.09449110701822816 -0.07384126100833954 0.005691438314179953 -0.020394985523742658 0.4737617928217879 -0.8799056168003325 -0.5210921135540614 0.1179914259423751 0.8750861973664176 0.4684250302940616 -0.7060010890888333 0.0 0.0 0.0 1.0"/>
            </transform>
            <transform time="0.0015">
                <matrix value="0.9927531445006097 -0.09441788532951781 -0.07418348078000535 0.005299460019718211 -0.020980936103894256 0.4719254310153969 -0.8808807773250582 -0.5202940716539008 0.1180456731496014 0.8760882854739664 0.4665393114485913 -0.7076048226270821 0.0 0.0 0.0 1.0"/>
            </transform>
        </animation>
    </shape>
    <shape name="temp11" type="ply">
        <string name="filename" value="meshes/Cube_007.ply"/>
        <boolean name="face_normals" value="true"/>
        <ref id="mat-Material" name="bsdf"/>
        <animation name="to_world">
            <transform time="0">
                <matrix value="0.9600114444875867 0.08036055842126891 -0.2673873493511657 -0.029752512001507636 -0.2731252448907588 0.4756245528479026 -0.8355621079087949 -0.1394936981918777 0.05971748692881724 0.8753119896208568 0.47852773933727044 -0.571424222873897 0.0 0.0 0.0 1.0"/>
            </transform>
            <transform time="0.0015">
                <matrix value="0.9597505645043701 0.07951519972018349 -0.26857806047824134 -0.03020637777755532 -0.27389519747881713 0.47364291158181726 -0.836438429018814 -0.13827005014884855 0.06038988039219592 0.8764663707310449 0.4763322516046029 -0.5756979954312773 0.0 0.0 0.0 1.0"/>
            </transform>
        </animation>
    </shape>
    <shape name="temp12" type="ply">
        <string name="filename" value="meshes/Cube_008.ply"/>
        <boolean name="face_normals" value="true"/>
        <ref id="mat-Material" name="bsdf"/>
        <animation name="to_world">
            <transform time="0">
                <matrix value="0.07049361112145341 0.9867672180934165 -0.14594477994195076 2.385444899659981 -0.7316079283438559 -0.048293083560863787 -0.6797451989290346 0.9423125035405315 -0.6778217177546465 0.15461341028694914 0.7185448827266405 1.4184275706904539 0.0 0.0 0.0 1.0"/>
            </transform>
            <transform time="0.0015">
                <matrix value="0.07031845500182707 0.9867382928606289 -0.14622492253584018 2.3855994223994363 -0.7307245682000622 -0.04881557974470772 -0.6806588465133867 0.9392817718329964 -0.6787933995515751 0.15463478507280842 0.7176236694250786 1.419468648860763 0.0 0.0 0.0 1.0"/>
            </transform>
        </animation>
    </shape>
    <shape name="temp13" type="ply">
        <string name="filename" value="meshes/Cube_009.ply"/>
        <boolean name="face_normals" value="true"/>
        <ref id="mat-Material" name="bsdf"/>
        <animation name="to_world">
            <transform time="0">
                <matrix value="-0.08146298847395603 0.991886392601106 0.0975917225702224 2.598449143985063 -0.7677187882849581 -3.2822789061017086e-06 -0.6407812203767101 0.6831136615163036 -0.6355817186056696 -0.1271239698554304 0.7614901132380912 1.0165889978308886 0.0 0.0 0.0 1.0"/>
            </transform>
            <transform time="0.0015">
                <matrix value="-0.08152543754743552 0.991878170085555 0.09762316497607529 2.598625730535859 -0.7675920742384279 -5.96151238421692e-06 -0.6409330283222533 0.6826643829852685 -0.6357267671742327 -0.1271881257514241 0.7613583386989731 1.0167537357514869 0.0 0.0 0.0 1.0"/>
            </transform>
        </animation>
    </shape>
    <shape name="temp14" type="ply">
        <string name="filename" value="meshes/Cube_010.ply"/>
        <boolean name="face_normals" value="true"/>
        <ref id="mat-Material" name="bsdf"/>
        <animation name="to_world">
            <transform time="0">
                <matrix value="0.05717337113294221 0.9981341112128539 0.019659994960051552 1.712082697805398 -0.9640438312350296 0.05009980747690453 0.2604521013417326 2.2485351937931073 0.2590016524031651 -0.03372535318497444 0.9651829865335037 -0.6303146277467392 0.0 0.0 0.0 1.0"/>
            </transform>
            <transform time="0.0015">
                <matrix value="0.05657060098247382 0.9981663780158883 0.019774673020763973 1.7133682657897524 -0.9638135407024111 0.049453652919234786 0.26142878522234203 2.2499462712648266 0.2599918793537114 -0.03373022812296139 0.9649170885936813 -0.6326779892002163 0.0 0.0 0.0 1.0"/>
            </transform>
        </animation>
    </shape>
    <shape name="temp15" type="ply">
        <string name="filename" value="meshes/Cube_011.ply"/>
        <boolean name="face_normals" value="true"/>
        <ref id="mat-Material" name="bsdf"/>
        <animation name="to_world">
            <transform time="0">
                <matrix value="0.04116337515757225 0.9962578975143037 -0.07575969185395875 1.1929972491540484 -0.823746469583903 0.07673653537690098 0.5616890162691994 2.2486231230971176 0.565406443308565 0.03925864007358846 0.8238574659082474 -1.2531569306890729 0.0 0.0 0.0 1.0"/>
            </transform>
            <transform time="0.0015">
                <matrix value="0.040740044607230214 0.9962821145121594 -0.07567126402354277 1.1938491282348198 -0.8239783558103451 0.0763228069291316 0.5614054848467466 2.2485724915687326 0.5650994318169089 0.039452816843340746 0.8240588978099774 -1.2529582455270996 0.0 0.0 0.0 1.0"/>
            </transform>
        </animation>
    </shape>
    <shape name="temp16" type="ply">
        <string name="filename" value="meshes/Cube_012.ply"/>
        <boolean name="face_normals" value="true"/>
        <ref id="mat-Material" name="bsdf"/>
        <animation name="to_world">
            <transform time="0">
                <matrix value="0.08506729287782322 0.9895327299691504 0.11654579379424435 1.1297724323236378 -0.807758094913896 3.7902332595641014e-05 0.5892892348876011 1.8273474709332942 0.5831170316314644 -0.1443082935111582 0.7993060378676953 -1.6148255907220004 0.0 0.0 0.0 1.0"/>
            </transform>
            <transform time="0.0015">
                <matrix value="0.08519647705839234 0.9895345997466592 0.1164356313348272 1.1294639073353652 -0.8070668563064609 3.79430546977717e-05 0.5902367196953796 1.8276652101623283 0.5840557144801216 -0.14429547614878924 0.7986235574110923 -1.6169380781402487 0.0 0.0 0.0 1.0"/>
            </transform>
        </animation>
    </shape>
    <shape name="temp17" type="ply">
        <string name="filename" value="meshes/Cube_013.ply"/>
        <boolean name="face_normals" value="true"/>
        <ref id="mat-Material" name="bsdf"/>
        <animation name="to_world">
            <transform time="0">
                <matrix value="0.884035914947334 0.2970402963562449 0.36079411810594386 0.5998493620559062 -0.42570962914895916 0.1933410057506628 0.8838564919594857 1.461437092899083 0.19288653291420446 -0.9349969651017995 0.2974120384794863 -1.3594142827235278 0.0 0.0 0.0 1.0"/>
            </transform>
            <transform time="0.0015">
                <matrix value="0.8838060233381715 0.2970193233097299 0.3613746613738646 0.6007280457477694 -0.4260959370494841 0.19243192668408776 0.8838692830426873 1.461928208387323 0.1930875440608542 -0.9351916096913864 0.2966697471561226 -1.3604900658652703 0.0 0.0 0.0 1.0"/>
            </transform>
        </animation>
    </shape>
    <shape name="temp18" type="ply">
        <string name="filename" value="meshes/Cube_014.ply"/>
        <boolean name="face_normals" value="true"/>
        <ref id="mat-Material" name="bsdf"/>
        <animation name="to_world">
            <transform time="0">
                <matrix value="0.9436066447173628 0.2842474182506889 0.1697362442739141 0.10663983902729984 -0.21599555517732308 0.14001192057953 0.9663036185978825 1.0240758845365936 0.2509042120324027 -0.9484724345723923 0.19351233108962645 -0.8440774897124779 0.0 0.0 0.0 1.0"/>
            </transform>
            <transform time="0.0015">
                <matrix value="0.9436054479469951 0.28425089498557476 0.16973705105680667 0.10663823650263704 -0.2160019475267803 0.1400302211207623 0.9662995421315794 1.0240759195439173 0.2509031907883556 -0.9484686950173745 0.19353200110333504 -0.8441342539231749 0.0 0.0 0.0 1.0"/>
            </transform>
        </animation>
    </shape>
    <shape name="temp19" type="ply">
        <string name="filename" value="meshes/Cube_015.ply"/>
        <boolean name="face_normals" value="true"/>
        <ref id="mat-Material" name="bsdf"/>
        <animation name="to_world">
            <transform time="0">
                <matrix value="0.9833704769452526 0.1305589010122585 0.12624282481073007 0.041622819797957566 -0.14915086068574732 0.18397230629318995 0.9715488763893545 0.6375053572639 0.10361924163204952 -0.9742214078173137 0.2003858680980246 -0.31867435238398867 0.0 0.0 0.0 1.0"/>
            </transform>
            <transform time="0.0015">
                <matrix value="0.9833715301031762 0.1305444218757421 0.12624969352879534 0.04153540923840579 -0.14914713793205692 0.18390116238534987 0.9715629184966617 0.6375121071369356 0.10361472581852882 -0.9742367790404489 0.2003134533761597 -0.31863671008018135 0.0 0.0 0.0 1.0"/>
            </transform>
        </animation>
    </shape>
    <shape name="temp20" type="ply">
        <string name="filename" value="meshes/Cube_016.ply"/>
        <boolean name="face_normals" value="true"/>
        <ref id="mat-Material" name="bsdf"/>
        <animation name="to_world">
            <transform time="0">
                <matrix value="0.9846337143434623 0.047679867257098635 0.16799845492011967 0.08047021854595648 -0.17395884860121946 0.18330352319350554 0.9675419755368656 0.3373934282746287 0.015337601302774513 -0.9818988659284182 0.18878112676415926 0.06478719054952126 0.0 0.0 0.0 1.0"/>
            </transform>
            <transform time="0.0015">
                <matrix value="0.9846335547740799 0.04766127085548945 0.16800468961576406 0.08031004746226275 -0.1739604618476751 0.18323959107008117 0.967553804948476 0.3373880349116447 0.015329769477919017 -0.9819117065691416 0.18871498928977903 0.06500728610857848 0.0 0.0 0.0 1.0"/>
            </transform>
        </animation>
    </shape>
    <shape name="temp21" type="ply">
        <string name="filename" value="meshes/Cube_017.ply"/>
        <boolean name="face_normals" value="true"/>
        <ref id="mat-Material" name="bsdf"/>
        <animation name="to_world">
            <transform time="0">
                <matrix value="0.9608835215335436 -0.007106178677284987 0.2767528595561157 0.19538124497827952 -0.2738205795112645 0.12357634072624803 0.9538016151474563 0.18262027107554551 -0.04098991050073844 -0.992276340517664 0.11681299143634277 0.27973648940491314 0.0 0.0 0.0 1.0"/>
            </transform>
            <transform time="0.0015">
                <matrix value="0.9609108078979267 -0.007655868559797008 0.27664402045893277 0.19564155560517682 -0.2736565262292626 0.12337742493406265 0.9538744894291967 0.18265517975834827 -0.04144622260628936 -0.9922971708903933 0.11647587788551596 0.2802808483009265 0.0 0.0 0.0 1.0"/>
            </transform>
        </animation>
    </shape>
    <shape name="temp22" type="ply">
        <string name="filename" value="meshes/Cube_018.ply"/>
        <boolean name="face_normals" value="true"/>
        <ref id="mat-Material" name="bsdf"/>
        <animation name="to_world">
            <transform time="0">
                <matrix value="0.10517577172724002 0.9751385519676778 0.1949306321542092 0.8747137834255114 -0.6385177482638242 -0.08404211938100592 0.7649720982591375 0.08031379063118362 0.7623735211257617 -0.20494976252703773 0.6138137138604729 -0.21316890821767126 0.0 0.0 0.0 1.0"/>
            </transform>
            <transform time="0.0015">
                <matrix value="0.10500887172745685 0.9750673126936757 0.1953770528724626 0.8747529391812718 -0.6387412411407543 -0.08443766443023032 0.7647420885414453 0.0806474783495146 0.7622093561451921 -0.20512651282022454 0.6139585943664111 -0.21298149030228958 0.0 0.0 0.0 1.0"/>
            </transform>
        </animation>
    </shape>
    <shape name="temp23" type="ply">
        <string name="filename" value="meshes/Cube_019.ply"/>
        <boolean name="face_normals" value="true"/>
        <ref id="mat-Material" name="bsdf"/>
        <animation name="to_world">
            <transform time="0">
                <matrix value="-0.06915648541647829 0.9872766846813774 -0.14318505357427375 0.4762323807946339 -0.9231572690669064 -0.008927275078584047 0.38431521709837974 -0.024829687352416047 0.3781472119242519 0.15876065603861308 0.9120289054754359 -0.05041180887452018 0.0 0.0 0.0 1.0"/>
            </transform>
            <transform time="0.0015">
                <matrix value="-0.0691813590918002 0.9872738987879807 -0.14319224483528867 0.476272859998205 -0.9231074993765491 -0.008926936265888467 0.38443475372822045 -0.024944069078520002 0.3782641459633374 0.15877799615999244 0.9119774092382746 -0.05040043799270494 0.0 0.0 0.0 1.0"/>
            </transform>
        </animation>
    </shape>
    <shape name="temp24" type="ply">
        <string name="filename" value="meshes/Cube_020.ply"/>
        <boolean name="face_normals" value="true"/>
        <ref id="mat-Material" name="bsdf"/>
        <animation name="to_world">
            <transform time="0">
                <matrix value="0.09438152530399672 0.9614827049017267 -0.25814381906972306 0.0794328119306256 -0.9467287412602894 0.006498046460370097 -0.3219560208315719 0.1853298517433582 -0.3078790704110217 0.27478070375600244 0.9108765961855692 0.10494107979125733 0.0 0.0 0.0 1.0"/>
            </transform>
            <transform time="0.0015">
                <matrix value="0.09437906537787547 0.9614423074228348 -0.2582951759657603 0.07961198776385181 -0.9467873234599844 0.006497202293394992 -0.3217838050234562 0.18516453915682013 -0.30769971606064456 0.27492206972647054 0.910894570083066 0.10488542914818355 0.0 0.0 0.0 1.0"/>
            </transform>
        </animation>
    </shape>
    <shape name="temp25" type="ply">
        <string name="filename" value="meshes/Cube_021.ply"/>
        <boolean name="face_normals" value="true"/>
        <ref id="mat-Material" name="bsdf"/>
        <animation name="to_world">
            <transform time="0">
                <matrix value="0.17397332042614982 0.9365221318126165 -0.304398820670975 -0.1680659396783938 -0.8089021004313623 -0.04038198000513117 -0.5865534317273737 0.08952264326340324 -0.561612963563801 0.34827469687520207 0.7505292891450575 0.28065317849981053 0.0 0.0 0.0 1.0"/>
            </transform>
            <transform time="0.0015">
                <matrix value="0.17401832218336233 0.9365292880293471 -0.3043510860164985 -0.16802430476574812 -0.8088430438029517 -0.040351037815560875 -0.5866369950314038 0.08954668334048493 -0.5616840836375179 0.348259047813642 0.7504833416678746 0.2807618229734584 0.0 0.0 0.0 1.0"/>
            </transform>
        </animation>
    </shape>
    <shape name="temp26" type="ply">
        <string name="filename" value="meshes/Cube_022.ply"/>
        <boolean name="face_normals" value="true"/>
        <ref id="mat-Material" name="bsdf"/>
        <animation name="to_world">
            <transform time="0">
                <matrix value="0.6569408468034332 0.39897418354980885 -0.6397198053426291 -0.07565673339077661 -0.6913769198992248 -0.019615869493119855 -0.72222224848837 -0.16584513675170232 -0.30069732920587133 0.9167522208988723 0.2629548187060571 0.6697288094171615 0.0 0.0 0.0 1.0"/>
            </transform>
            <transform time="0.0015">
                <matrix value="0.6568107817998734 0.39895927038461776 -0.639862677401704 -0.0756791901676615 -0.6915275533961704 -0.01962116764661042 -0.722077912645988 -0.16606273916364395 -0.30063515937881097 0.9167586036735009 0.26300366821875004 0.6697699583349214 0.0 0.0 0.0 1.0"/>
            </transform>
        </animation>
    </shape>
    <shape name="temp27" type="ply">
        <string name="filename" value="meshes/Cube_023.ply"/>
        <boolean name="face_normals" value="true"/>
        <ref id="mat-Material" name="bsdf"/>
        <animation name="to_world">
            <transform time="0">
                <matrix value="0.8601128580723972 0.2669329589944579 -0.4346871615114361 -0.061574614353819834 -0.48027820476679306 0.13665642866529143 -0.8664053158690768 -0.2872211575042219 -0.17186945394458067 0.9539767595630582 0.24574204730648797 0.21067139295415316 0.0 0.0 0.0 1.0"/>
            </transform>
            <transform time="0.0015">
                <matrix value="0.8601075444119648 0.2669430212509313 -0.43469147626804505 -0.06157470761861259 -0.4802817312501432 0.13663737270390897 -0.8664063626443487 -0.2872233524616903 -0.1718861464976691 0.9539766694532987 0.24573070298585736 0.2106633856287881 0.0 0.0 0.0 1.0"/>
            </transform>
        </animation>
    </shape>
    <shape name="temp28" type="ply">
        <string name="filename" value="meshes/Cube_024.ply"/>
        <boolean name="face_normals" value="true"/>
        <ref id="mat-Material" name="bsdf"/>
        <animation name="to_world">
            <transform time="0">
                <matrix value="0.8591802786036838 0.43089849673461644 -0.2759277216548997 -0.1877037453665551 -0.38124382786639643 0.1794396493284636 -0.9068928623266691 -0.5147142631558819 -0.3412664420320304 0.8843798691343552 0.31844838615271803 -0.32585079298110853 0.0 0.0 0.0 1.0"/>
            </transform>
            <transform time="0.0015">
                <matrix value="0.8591785073835396 0.43090960276247026 -0.2759159262847617 -0.1877047772973941 -0.38123737966765536 0.17944425618991613 -0.9068946665246989 -0.5147099987773396 -0.3412781368720634 0.8843735239054598 0.31845347535282087 -0.32586342427427795 0.0 0.0 0.0 1.0"/>
            </transform>
        </animation>
    </shape>
    <shape name="temp29" type="ply">
        <string name="filename" value="meshes/Cube_025.ply"/>
        <boolean name="face_normals" value="true"/>
        <ref id="mat-Material" name="bsdf"/>
        <animation name="to_world">
            <transform time="0">
                <matrix value="0.8986271933790404 0.3690856508761574 -0.23716042401757648 -0.2687021212308375 -0.3210248135284304 0.18475097148030029 -0.9288758551010095 -0.7928340579110685 -0.2990191958895585 0.9108472059121069 0.284507926571828 -0.7119364809883932 0.0 0.0 0.0 1.0"/>
            </transform>
            <transform time="0.0015">
                <matrix value="0.8986318208911288 0.3690684774578331 -0.2371696067047186 -0.2687171812705005 -0.32102871499982905 0.18475081754279454 -0.9288745359939593 -0.7928340419598501 -0.29900109753021153 0.9108541894184652 0.2845045734868104 -0.7118820984152764 0.0 0.0 0.0 1.0"/>
            </transform>
        </animation>
    </shape>
    <shape name="temp30" type="ply">
        <string name="filename" value="meshes/Cube_026.ply"/>
        <boolean name="face_normals" value="true"/>
        <ref id="mat-Material" name="bsdf"/>
        <animation name="to_world">
            <transform time="0">
                <matrix value="0.9235601753107564 0.23959332364112695 -0.2993851121057576 -0.32271872509002125 -0.3480683327216605 0.19622854973582826 -0.9167020865670246 -1.1438587451424445 -0.16088788745928828 0.9508361092396486 0.2646236515419358 -0.8731615484757465 0.0 0.0 0.0 1.0"/>
            </transform>
            <transform time="0.0015">
                <matrix value="0.9235517340904297 0.23957464839347825 -0.2994261065487266 -0.3227996820395499 -0.34810140028476644 0.19621401953711487 -0.9166926400584723 -1.1439039428490188 -0.1608648089395179 0.9508438136240827 0.2646099924011915 -0.8731652278068289 0.0 0.0 0.0 1.0"/>
            </transform>
        </animation>
    </shape>
    <shape name="temp31" type="ply">
        <string name="filename" value="meshes/Cube_027.ply"/>
        <boolean name="face_normals" value="true"/>
        <ref id="mat-Material" name="bsdf"/>
        <animation name="to_world">
            <transform time="0">
                <matrix value="0.8752049990514639 0.1721515550985247 -0.45208290289683567 -0.5693675762886732 -0.47992028750396704 0.19160856905071305 -0.8561320475948903 -1.5802884183396217 -0.060761873988301976 0.9662554779391059 0.2503154695685927 -1.007271202055727 0.0 0.0 0.0 1.0"/>
            </transform>
            <transform time="0.0015">
                <matrix value="0.8751761169932571 0.17211619527799674 -0.4521522794173014 -0.5695275369059916 -0.4799784984146511 0.19159749531218973 -0.856101895360836 -1.5803442420818152 -0.060718121659353336 0.966263978293082 0.2502932915494153 -1.0072296512640162 0.0 0.0 0.0 1.0"/>
            </transform>
        </animation>
    </shape>
    <shape name="temp32" type="ply">
        <string name="filename" value="meshes/Cube_028.ply"/>
        <boolean name="face_normals" value="true"/>
        <ref id="mat-Material" name="bsdf"/>
        <animation name="to_world">
            <transform time="0">
                <matrix value="-0.10509913532508196 0.9841615859063917 0.14275805268873687 -1.4800984544691667 -0.8071475301714279 -0.0005635878962836577 -0.5903398939341431 -2.117177884302813 -0.5809092472523478 -0.17727267986725712 0.7944225831296 -1.3144014153294028 0.0 0.0 0.0 1.0"/>
            </transform>
            <transform time="0.0015">
                <matrix value="-0.10506950009939049 0.9841617661259106 0.14277864437530688 -1.4800214810007595 -0.8072932170175204 -0.0005713856945017261 -0.5901406832384779 -2.1171019992318008 -0.5807121790651362 -0.17727166763429247 0.7945669189719821 -1.3138971117238605 0.0 0.0 0.0 1.0"/>
            </transform>
        </animation>
    </shape>
    <shape name="temp33" type="ply">
        <string name="filename" value="meshes/Cube_029.ply"/>
        <boolean name="face_normals" value="true"/>
        <ref id="mat-Material" name="bsdf"/>
        <animation name="to_world">
            <transform time="0">
                <matrix value="-0.010899835025628204 0.979719058117779 0.2000767693835897 -1.6191565849590384 -0.9991760146234134 -0.018494479822620112 0.03613016588805924 -1.8374153924389511 0.03909802633561869 -0.1995181499427437 0.9791134087686593 -0.13155751787669823 0.0 0.0 0.0 1.0"/>
            </transform>
            <transform time="0.0015">
                <matrix value="-0.01092012155991548 0.9797052037422617 0.20014351534928654 -1.6191002505820562 -0.9991765571593135 -0.018512989869043147 0.03610613260864374 -1.8374510983489165 0.039078917582942595 -0.1995844752311965 0.9791006517269298 -0.1316594537442016 0.0 0.0 0.0 1.0"/>
            </transform>
        </animation>
    </shape>
    <shape name="temp34" type="ply">
        <string name="filename" value="meshes/Cube_030.ply"/>
        <boolean name="face_normals" value="true"/>
        <ref id="mat-Material" name="bsdf"/>
        <animation name="to_world">
            <transform time="0">
                <matrix value="-0.040638823982139166 0.9807444479095283 -0.1910180379725035 -3.2080145879292408 -0.9742100517535099 0.0035703535440666147 0.22558609457571255 -1.9076733381933533 0.22192402850846554 0.19526171225458555 0.9553063738346594 0.26986571473751186 0.0 0.0 0.0 1.0"/>
            </transform>
            <transform time="0.0015">
                <matrix value="-0.04069369169382443 0.9807391909820844 -0.19103337848109356 -3.208162953319608 -0.9741518542222938 0.0035707589931282596 0.22583741137736252 -1.9071148628417811 0.22216945122310197 0.1952881307747121 0.9552439646035253 0.2703276005962972 0.0 0.0 0.0 1.0"/>
            </transform>
        </animation>
    </shape>
    <shape name="temp35" type="ply">
        <string name="filename" value="meshes/Cube_031.ply"/>
        <boolean name="face_normals" value="true"/>
        <ref id="mat-Material" name="bsdf"/>
        <animation name="to_world">
            <transform time="0">
                <matrix value="0.12568208170885437 0.9795609513936545 0.15704209869883282 -1.9267210101786256 -0.784200047160863 0.0011382714221053224 0.6204662330545917 -1.2037442540195524 0.6076049994060568 -0.201142477519852 0.7683153192211625 0.5889050292819755 0.0 0.0 0.0 1.0"/>
            </transform>
            <transform time="0.0015">
                <matrix value="0.12578490981453946 0.9795494248535898 0.1570317364746769 -1.9264754403737883 -0.7838819934679476 0.0011219071143294995 0.6208682543316133 -1.2024965628488091 0.6079942370004419 -0.20119873003902616 0.7679927762714998 0.5894909297085862 0.0 0.0 0.0 1.0"/>
            </transform>
        </animation>
    </shape>
    <shape name="temp36" type="ply">
        <string name="filename" value="meshes/Cube_032.ply"/>
        <boolean name="face_normals" value="true"/>
        <ref id="mat-Material" name="bsdf"/>
        <animation name="to_world">
            <transform time="0">
                <matrix value="0.6474109395472203 0.6136142821683566 0.452032668889098 -0.7234261337796557 -0.5753957700606531 0.004592891872104592 0.817859052593706 -0.7084351956411028 0.49977372537130316 -0.7895924893048519 0.3560443449272635 -0.17139114153847324 0.0 0.0 0.0 1.0"/>
            </transform>
            <transform time="0.0015">
                <matrix value="0.647485298879399 0.6136132008512429 0.45192764243680805 -0.7233374695772627 -0.5752592744109843 0.004587818842829754 0.8179551176284234 -0.7079863740443048 0.49983456917679614 -0.78959336036586 0.35595702004054874 -0.17132391224757743 0.0 0.0 0.0 1.0"/>
            </transform>
        </animation>
    </shape>
    <shape name="temp37" type="ply">
        <string name="filename" value="meshes/Cube_033.ply"/>
        <boolean name="face_normals" value="true"/>
        <ref id="mat-Material" name="bsdf"/>
        <animation name="to_world">
            <transform time="0">
                <matrix value="0.9767258482306698 0.16892639693965456 0.13217881793824504 -0.14027642570896326 -0.15015127821895052 0.09841773340035835 0.983752312537321 0.30034942140473936 0.1531730528857661 -0.9807026362940452 0.12149162144030001 -0.3741885284524213 0.0 0.0 0.0 1.0"/>
            </transform>
            <transform time="0.0015">
                <matrix value="0.9767263588526933 0.16892592987073468 0.13217564186888317 -0.1402774033223208 -0.15015064951558404 0.09843456665434072 0.9837507296088609 0.3003499080443611 0.1531704120124881 -0.980701029336668 0.12150793751795419 -0.37420993392812807 0.0 0.0 0.0 1.0"/>
            </transform>
        </animation>
    </shape>
    <shape name="temp38" type="ply">
        <string name="filename" value="meshes/Cube_034.ply"/>
        <boolean name="face_normals" value="true"/>
        <ref id="mat-Material" name="bsdf"/>
        <animation name="to_world">
            <transform time="0">
                <matrix value="0.9999246489972998 0.0024512862336600457 0.012029461004462672 -0.034556664291925054 -0.012274525421655347 0.18134426174797622 0.9833432304178382 0.36937046014687824 0.00022898349724392625 -0.9834165236127596 0.18136070097834572 -0.35911380551434424 0.0 0.0 0.0 1.0"/>
            </transform>
            <transform time="0.0015">
