
<scene version="2.1.0">
    <default name="spp" value="1024"/>
    <default name="resx" value="640"/>
    <default name="resy" value="360"/>
    <integrator name="temp0" type="path">
        <integer name="max_depth" value="12"/>
    </integrator>
    <sensor name="temp44" type="perspective">
        <string name="fov_axis" value="x"/>
        <float name="fov" value="83.974423"/>
        <float name="principal_point_offset_x" value="0.000000"/>
        <float name="principal_point_offset_y" value="-0.000000"/>
        <float name="near_clip" value="0.100000"/>
        <float name="far_clip" value="1000.000000"/>
        <sampler name="sampler" type="correlated">
            <integer name="sample_count" value="1024"/>
        </sampler>
        <film name="film" type="hdrfilm">
            <integer name="width" value="$resx"/>
            <integer name="height" value="$resy"/>
        </film>
        <float name="shutter_open" value="0.0"/>
        <float name="shutter_close" value="0.0015"/>
        <animation name="to_world">
            <transform time="0">
                <rotate angle="-142.5518126578256" x="1"/>
                <rotate angle="3.976628485794621e-06" y="1"/>
                <rotate angle="-179.999991348578" z="1"/>
                <translate value="-0.000000 3.030926 4.073377"/>
            </transform>
            <transform time="0.0015">
                <rotate angle="-142.5518126578256" x="1"/>
                <rotate angle="3.976628485794621e-06" y="1"/>
                <rotate angle="-179.999991348578" z="1"/>
                <translate value="-0.000000 3.030926 4.073377"/>
                <translate x="0.15" y="0.0" z="0.0"/>
            </transform>
        </animation>
    </sensor>
    <bsdf id="mat-Material" name="mat-Material" type="twosided">
        <bsdf name="bsdf" type="diffuse">
            <texture name="reflectance" type="bitmap">
                <string name="filename" value="textures/siggraph_2023_logo.jpg"/>
            </texture>
        </bsdf>
    </bsdf>
    <bsdf id="mat-Material.001" name="mat-Material.001" type="twosided">
        <bsdf name="bsdf" type="principled">
            <rgb name="base_color" value="0.433648 0.266232 0.084399"/>
            <float name="spec_tint" value="0.000000"/>
            <float name="spec_trans" value="0.000000"/>
            <float name="metallic" value="0.000000"/>
            <float name="anisotropic" value="0.000000"/>
            <float name="roughness" value="0.500000"/>
            <float name="sheen" value="0.000000"/>
            <float name="sheen_tint" value="0.500000"/>
            <float name="clearcoat" value="0.000000"/>
            <float name="clearcoat_gloss" value="0.173205"/>
            <float name="specular" value="0.500000"/>
        </bsdf>
    </bsdf>
    <bsdf id="mat-Material.002" name="mat-Material.002" type="twosided">
        <bsdf name="bsdf" type="principled">
            <rgb name="base_color" value="0.433648 0.266232 0.084399"/>
            <float name="spec_tint" value="0.000000"/>
            <float name="spec_trans" value="0.000000"/>
            <float name="metallic" value="0.000000"/>
            <float name="anisotropic" value="0.000000"/>
            <float name="roughness" value="0.500000"/>
            <float name="sheen" value="0.000000"/>
            <float name="sheen_tint" value="0.500000"/>
            <float name="clearcoat" value="0.000000"/>
            <float name="clearcoat_gloss" value="0.173205"/>
            <float name="specular" value="0.500000"/>
        </bsdf>
    </bsdf>
    <bsdf id="mat-Material.003" name="mat-Material.003" type="twosided">
        <bsdf name="bsdf" type="principled">
            <rgb name="base_color" value="0.433648 0.266232 0.084399"/>
            <float name="spec_tint" value="0.000000"/>
            <float name="spec_trans" value="0.000000"/>
            <float name="metallic" value="0.000000"/>
            <float name="anisotropic" value="0.000000"/>
            <float name="roughness" value="0.500000"/>
            <float name="sheen" value="0.000000"/>
            <float name="sheen_tint" value="0.500000"/>
            <float name="clearcoat" value="0.000000"/>
            <float name="clearcoat_gloss" value="0.173205"/>
            <float name="specular" value="0.500000"/>
        </bsdf>
    </bsdf>
    <bsdf id="mat-Material.004" name="mat-Material.004" type="twosided">
        <bsdf name="bsdf" type="principled">
            <rgb name="base_color" value="0.433648 0.266232 0.084399"/>
            <float name="spec_tint" value="0.000000"/>
            <float name="spec_trans" value="0.000000"/>
            <float name="metallic" value="0.000000"/>
            <float name="anisotropic" value="0.000000"/>
            <float name="roughness" value="0.500000"/>
            <float name="sheen" value="0.000000"/>
            <float name="sheen_tint" value="0.500000"/>
            <float name="clearcoat" value="0.000000"/>
            <float name="clearcoat_gloss" value="0.173205"/>
            <float name="specular" value="0.500000"/>
        </bsdf>
    </bsdf>
    <bsdf id="mat-Material.005" name="mat-Material.005" type="twosided">
        <bsdf name="bsdf" type="principled">
            <rgb name="base_color" value="0.433648 0.266232 0.084399"/>
            <float name="spec_tint" value="0.000000"/>
            <float name="spec_trans" value="0.000000"/>
            <float name="metallic" value="0.000000"/>
            <float name="anisotropic" value="0.000000"/>
            <float name="roughness" value="0.500000"/>
            <float name="sheen" value="0.000000"/>
            <float name="sheen_tint" value="0.500000"/>
            <float name="clearcoat" value="0.000000"/>
            <float name="clearcoat_gloss" value="0.173205"/>
            <float name="specular" value="0.500000"/>
        </bsdf>
    </bsdf>
    <emitter name="temp45" type="point">
        <point name="position" x="-6.815235034541981e-16" y="3.0693089962005615" z="4.109199523925781"/>
        <rgb name="intensity" value="7.957747 7.957747 7.957747"/>
    </emitter>
    <shape name="temp2" type="ply">
        <string name="filename" value="meshes/Cube.ply"/>
        <boolean name="face_normals" value="true"/>
        <ref id="mat-Material" name="bsdf"/>
        <animation name="to_world">
            <transform time="0">
                <matrix value="1.0 0.0002025893626296611 0.0007023754421183669 -0.0014783652297305494 -0.00020272079173514742 1.0 0.0001867239436792853 -0.017549635185310775 -0.0007023378313449533 -0.0001868662955260803 0.9999997636046695 0.0015873466994220653 0.0 0.0 0.0 1.0"/>
                <scale value="1"/>
            </transform>
            <transform time="0.0015">
                <matrix value="1.0 0.00020213403050594762 0.0007029330414339844 -0.0014782334480336647 -0.00020221152605135297 0.9999999324176804 0.00011148505617200346 -0.01745119320465849 -0.0007029097280113231 -0.00011162719948427532 0.999999695521725 0.001587133648033665 0.0 0.0 0.0 1.0"/>
                <scale value="1"/>
            </transform>
        </animation>
    </shape>
    <shape name="temp4" type="ply">
        <string name="filename" value="meshes/Plane.ply"/>
        <boolean name="face_normals" value="true"/>
        <ref id="mat-Material.001" name="bsdf"/>
        <transform name="to_world">
            <scale value="1"/>
        </transform>
    </shape>
    <shape name="temp5" type="ply">
        <string name="filename" value="meshes/Cube_001.ply"/>
        <boolean name="face_normals" value="true"/>
        <ref id="mat-Material" name="bsdf"/>
        <animation name="to_world">
            <transform time="0">
                <matrix value="1.0 8.637758305296159e-05 -0.0003410357235895591 0.0009579698977946194 -8.682829013504673e-05 0.9999991656637249 -0.0013216910209016023 -0.016202310849419255 0.0003409202928228613 0.001321720067664672 0.999999054418678 -0.0006232984739649172 0.0 0.0 0.0 1.0"/>
                <scale value="1"/>
            </transform>
            <transform time="0.0015">
                <matrix value="1.0 7.647914612229022e-05 -0.0003472027618078471 0.0009633511163913442 -7.684479981396365e-05 0.9999989403893262 -0.0011396966296246356 -0.016404834594619094 0.0003470660597135517 0.0011397210311720858 0.9999988331491083 -0.0006327082880083746 0.0 0.0 0.0 1.0"/>
                <scale value="1"/>
            </transform>
        </animation>
    </shape>
    <shape name="temp6" type="ply">
        <string name="filename" value="meshes/Cube_002.ply"/>
        <boolean name="face_normals" value="true"/>
        <ref id="mat-Material" name="bsdf"/>
        <animation name="to_world">
            <transform time="0">
                <matrix value="1.0 4.858027253594425e-05 -8.546494942794694e-05 -0.0006382357408103445 -4.841700840562597e-05 0.9999981227433812 0.0019092374312148688 -0.018822856307722735 8.555751763656705e-05 -0.001909234642476477 0.9999983452326863 -6.64924517258525e-05 0.0 0.0 0.0 1.0"/>
                <scale value="1"/>
            </transform>
            <transform time="0.0015">
                <matrix value="1.0 4.501355554602397e-05 -8.281940109260463e-05 -0.0006380980583383674 -4.485762184887967e-05 0.999997987578742 0.0017198505938219374 -0.018707455413918647 8.291472633457195e-05 -0.001719847957354312 0.9999982090667973 -6.724259004353658e-05 0.0 0.0 0.0 1.0"/>
                <scale value="1"/>
            </transform>
        </animation>
    </shape>
    <shape name="temp7" type="ply">
        <string name="filename" value="meshes/Cube_003.ply"/>
        <boolean name="face_normals" value="true"/>
        <ref id="mat-Material" name="bsdf"/>
        <animation name="to_world">
            <transform time="0">
                <matrix value="1.0 6.479810105063796e-05 0.000558963850898846 -0.0008056702336842747 -6.519413077742733e-05 0.9999997914159312 0.0007080512940043998 -0.017805455670345693 -0.0005589182787348833 -0.0007080886816026766 0.9999995272093389 0.0012959928319120628 0.0 0.0 0.0 1.0"/>
                <scale value="1"/>
            </transform>
            <transform time="0.0015">
                <matrix value="1.0 4.825712558224093e-05 0.0005591195055307545 -0.0008051931083635664 -4.856297998732439e-05 0.9999995436140927 0.0005476027717649051 -0.017791322106048765 -0.0005590221584027982 -0.0005476312091158637 0.9999992889190331 0.001292863306536576 0.0 0.0 0.0 1.0"/>
                <scale value="1"/>
            </transform>
        </animation>
    </shape>
    <shape name="temp8" type="ply">
        <string name="filename" value="meshes/Cube_004.ply"/>
        <boolean name="face_normals" value="true"/>
        <ref id="mat-Material" name="bsdf"/>
        <animation name="to_world">
            <transform time="0">
                <matrix value="1.0 0.0003594925566775061 0.0003104414399123257 -0.0005919341507767406 -0.0003595856226740918 0.9999997914159312 0.00030173972779550483 -0.016893784057264827 -0.0003103335478620704 -0.00030185243511471083 1.0 0.0010831186513980129 0.0 0.0 0.0 1.0"/>
                <scale value="1"/>
            </transform>
            <transform time="0.0015">
                <matrix value="1.0 0.00035429044517223734 0.0003108353848500536 -0.0005905234781063825 -0.0003543797673163028 0.9999997989250778 0.00028958480311706467 -0.01690694815397628 -0.0003107316575141145 -0.0002896959377216546 1.0 0.001082496549620728 0.0 0.0 0.0 1.0"/>
                <scale value="1"/>
            </transform>
        </animation>
    </shape>
    <shape name="temp9" type="ply">
        <string name="filename" value="meshes/Cube_005.ply"/>
        <boolean name="face_normals" value="true"/>
        <ref id="mat-Material" name="bsdf"/>
        <animation name="to_world">
            <transform time="0">
                <matrix value="1.0 -0.0005071992791334584 0.0005168051076520696 -0.00043983105659783917 0.0005090891038904166 0.9999931167257308 -0.003659021484080429 -0.020218090255481158 -0.00051494875245334 0.0036592800095114337 0.9999931445354147 0.0011462499655586211 0.0 0.0 0.0 1.0"/>
                <scale value="1"/>
            </transform>
            <transform time="0.0015">
                <matrix value="1.0 -0.000500540468275003 0.0005169036577142622 -0.0004407977048056129 0.0005024050775591575 0.9999932669086632 -0.003609740070208144 -0.020184689593223958 -0.0005150875778159911 0.0036099953025792407 0.9999932977220398 0.0011520219889199594 0.0 0.0 0.0 1.0"/>
                <scale value="1"/>
            </transform>
        </animation>
    </shape>
    <shape name="temp10" type="ply">
        <string name="filename" value="meshes/Cube_006.ply"/>
        <boolean name="face_normals" value="true"/>
        <ref id="mat-Material" name="bsdf"/>
        <animation name="to_world">
            <transform time="0">
                <matrix value="1.0 2.7924817958253988e-05 -0.00042201294406271855 -0.0007343487749973399 -2.7592429085841635e-05 0.9999995828318625 0.0007874895808758069 -0.017215963421842007 0.0004220338742648845 -0.0007874778640157023 0.9999995272093389 -0.0011203779406582237 0.0 0.0 0.0 1.0"/>
                <scale value="1"/>
            </transform>
            <transform time="0.0015">
                <matrix value="1.0 3.5651819941970983e-05 -0.00042377705825890835 -0.0007362341239230394 -3.534345598458084e-05 0.9999995828318625 0.0007335091672764428 -0.017233355439210358 0.00042379098847565404 -0.000733493782944578 0.999999535719707 -0.0011235425791924689 0.0 0.0 0.0 1.0"/>
                <scale value="1"/>
            </transform>
        </animation>
    </shape>
    <shape name="temp11" type="ply">
        <string name="filename" value="meshes/Cube_007.ply"/>
        <boolean name="face_normals" value="true"/>
        <ref id="mat-Material" name="bsdf"/>
        <animation name="to_world">
            <transform time="0">
                <matrix value="1.0 -0.00046048896277400126 -2.4526724728511783e-05 0.00042688224469777936 0.0004605187340322361 0.9999991656637249 0.0012120626863681688 -0.0176279621416075 2.396848909715315e-05 -0.001212073680236451 0.9999992908140084 -0.00012355269650154987 0.0 0.0 0.0 1.0"/>
                <scale value="1"/>
            </transform>
            <transform time="0.0015">
                <matrix value="1.0 -0.00041549325511785123 -2.460544563311285e-05 0.00042515583408144863 0.0004155195299298483 0.9999990680448189 0.0010774093450446715 -0.017651911141238406 2.399545472707777e-05 -0.0010774190622804196 0.9999992057103279 -0.0001272567461256831 0.0 0.0 0.0 1.0"/>
                <scale value="1"/>
            </transform>
        </animation>
    </shape>
    <shape name="temp12" type="ply">
        <string name="filename" value="meshes/Cube_008.ply"/>
        <boolean name="face_normals" value="true"/>
        <ref id="mat-Material" name="bsdf"/>
        <animation name="to_world">
            <transform time="0">
                <matrix value="0.9999991135176153 0.0015323044576501337 0.00011833737490550096 0.00014113081123268145 -0.0015320498841367523 0.999996454070831 -0.0021157240245264883 -0.016933804104851236 -0.00012157884285681359 0.0021155409732115478 0.9999978724420252 0.00030901976664221564 0.0 0.0 0.0 1.0"/>
                <scale value="1"/>
            </transform>
            <transform time="0.0015">
                <matrix value="0.9999991135176153 0.0015316762424437437 0.00011842021482824549 0.00014129749059748288 -0.00153142165947841 0.9999964615799777 -0.0021148595413384478 -0.016934409115187614 -0.00012165904242838655 0.0021146763700695 0.9999978724420252 0.00030923604818234186 0.0 0.0 0.0 1.0"/>
                <scale value="1"/>
            </transform>
        </animation>
    </shape>
    <shape name="temp13" type="ply">
        <string name="filename" value="meshes/Cube_009.ply"/>
        <boolean name="face_normals" value="true"/>
        <ref id="mat-Material" name="bsdf"/>
        <animation name="to_world">
            <transform time="0">
                <matrix value="0.9999995567588077 -0.0008103386779524553 0.00038400057491344385 0.0008288371415265949 0.0008101518189732052 0.9999993742477937 0.0004884069365954628 -0.018706901523865727 -0.0003843956051749296 -0.00048809715011586847 1.0 0.0006048143098362768 0.0 0.0 0.0 1.0"/>
                <scale value="1"/>
            </transform>
            <transform time="0.0015">
                <matrix value="0.9999995567588077 -0.000742466204929688 0.0003842088236199939 0.0008275861939331911 0.0007422919073073481 0.9999993742477938 0.0004560349432388485 -0.018615971157479583 -0.0003846055665682358 -0.00045575135085900787 1.0 0.0006049566554714199 0.0 0.0 0.0 1.0"/>
                <scale value="1"/>
            </transform>
        </animation>
    </shape>
    <shape name="temp14" type="ply">
        <string name="filename" value="meshes/Cube_010.ply"/>
        <boolean name="face_normals" value="true"/>
        <ref id="mat-Material" name="bsdf"/>
        <animation name="to_world">
            <transform time="0">
                <matrix value="0.9999977837940383 -0.0004890316067439402 0.002130172507128501 0.0039552421147464045 0.000488460658798249 0.9999997914159312 0.00026922118612775464 -0.01818392764589355 -0.0021303058186930767 -0.0002681786230531285 0.9999978724420252 0.0035757427835243494 0.0 0.0 0.0 1.0"/>
                <scale value="1"/>
            </transform>
            <transform time="0.0015">
                <matrix value="0.9999977837940383 -0.0004882891023259645 0.002132655236804098 0.003963350442855941 0.0004877170654764624 0.9999997914159312 0.0002693575222241556 -0.018182423896756745 -0.002132788399143797 -0.0002683153646131137 0.9999978639316571 0.0035800016357005796 0.0 0.0 0.0 1.0"/>
                <scale value="1"/>
            </transform>
        </animation>
    </shape>
    <shape name="temp15" type="ply">
        <string name="filename" value="meshes/Cube_011.ply"/>
        <boolean name="face_normals" value="true"/>
        <ref id="mat-Material" name="bsdf"/>
        <animation name="to_world">
            <transform time="0">
                <matrix value="0.9999995567588077 -0.0008077292912521928 -0.00042422087644987166 -0.0008024828873152146 0.0008076608034721743 0.9999995828318625 -0.00015954793648152027 -0.01918843872631676 0.00042435025273612786 0.0001592053364148153 1.0 -0.0006510556171206439 0.0 0.0 0.0 1.0"/>
                <scale value="1"/>
            </transform>
            <transform time="0.0015">
                <matrix value="0.9999995408018695 -0.0007254759764423169 -0.0004245130373855424 -0.0008064227636583304 0.0007254201799294809 0.9999995527952761 -0.00013000070449303424 -0.0190245992728126 0.00042467293394113153 0.00012969343652904163 0.9999999914896319 -0.0006510374116550203 0.0 0.0 0.0 1.0"/>
                <scale value="1"/>
            </transform>
        </animation>
    </shape>
    <shape name="temp16" type="ply">
        <string name="filename" value="meshes/Cube_012.ply"/>
        <boolean name="face_normals" value="true"/>
        <ref id="mat-Material" name="bsdf"/>
        <animation name="to_world">
            <transform time="0">
                <matrix value="0.9999995567588077 0.0009226966582746344 -0.00014751730532017147 -0.0006370360247824891 -0.0009225843798257885 0.9999991656637249 0.0007545762590060711 -0.015597896907013575 0.00014821364934657384 -0.0007544402333638561 0.9999997636046695 -6.257061321512936e-05 0.0 0.0 0.0 1.0"/>
                <scale value="1"/>
            </transform>
            <transform time="0.0015">
                <matrix value="0.9999994769741165 0.0009736328518233869 -0.00014741872972687478 -0.0006356430971965854 -0.000973513341745969 0.9999990154807925 0.0008037098477850676 -0.015468841734559575 0.0001482683337739078 -0.0008035662720279281 0.999999695521725 -6.19363402761457e-05 0.0 0.0 0.0 1.0"/>
                <scale value="1"/>
            </transform>
        </animation>
    </shape>
    <shape name="temp17" type="ply">
        <string name="filename" value="meshes/Cube_013.ply"/>
        <boolean name="face_normals" value="true"/>
        <ref id="mat-Material" name="bsdf"/>
        <animation name="to_world">
            <transform time="0">
                <matrix value="0.9999982270352306 0.0018374441776885966 0.00018697665028762222 -0.00030332353000217527 -0.0018381655488123796 0.9999906137169057 0.003947565624525732 -0.011390466659830734 -0.00017972144950507686 -0.003947910300507068 0.9999921989540925 0.0002060528137504125 0.0 0.0 0.0 1.0"/>
                <scale value="1"/>
            </transform>
            <transform time="0.0015">
                <matrix value="0.9999982429921689 0.001834830694298303 0.00018709008498356036 -0.0003024433543101404 -0.0018355514831905964 0.9999906362443456 0.0039417062361129926 -0.011398387177141697 -0.00017985555161401023 -0.003942050312666252 0.9999922244851966 0.00020426652083974754 0.0 0.0 0.0 1.0"/>
                <scale value="1"/>
            </transform>
        </animation>
    </shape>
    <shape name="temp18" type="ply">
        <string name="filename" value="meshes/Cube_014.ply"/>
        <boolean name="face_normals" value="true"/>
        <ref id="mat-Material" name="bsdf"/>
        <animation name="to_world">
            <transform time="0">
                <matrix value="0.9999995567588077 0.0009983834734670636 -3.636209334684254e-05 -0.0001892746575172799 -0.0009982101920652734 0.9999891536284242 0.004526592347126686 -0.013029888597929473 4.0880977329099494e-05 -0.004526543365670817 0.9999898350007872 8.147291768323406e-05 0.0 0.0 0.0 1.0"/>
                <scale value="1"/>
            </transform>
            <transform time="0.0015">
                <matrix value="0.9999995727157459 0.000985054963487551 -3.650619940928685e-05 -0.0001885931438871097 -0.000984883755097674 0.9999893864119695 0.004466431704238534 -0.013092971022045515 4.092697001217644e-05 -0.004466383762417824 0.9999900562703569 7.729424530254158e-05 0.0 0.0 0.0 1.0"/>
                <scale value="1"/>
            </transform>
        </animation>
    </shape>
    <shape name="temp19" type="ply">
        <string name="filename" value="meshes/Cube_015.ply"/>
        <boolean name="face_normals" value="true"/>
        <ref id="mat-Material" name="bsdf"/>
        <animation name="to_world">
            <transform time="0">
                <matrix value="1.0 -0.00022437388277158168 -5.5936808691405285e-05 0.00039671552603826044 0.0002243669186049604 1.0 -0.00013232252265967442 -0.018062579718719107 5.596629239380384e-05 0.00013230988083592153 1.0 -0.0001648264484581663 0.0 0.0 0.0 1.0"/>
                <scale value="1"/>
            </transform>
            <transform time="0.0015">
                <matrix value="1.0 -0.00022433228209929623 -5.5999683290669356e-05 0.0003963369694726319 0.0002243252869531033 1.0 -0.00013274637303078272 -0.018062737869854524 5.602925847208217e-05 0.00013273371959870268 1.0 -0.000165146007880177 0.0 0.0 0.0 1.0"/>
                <scale value="1"/>
            </transform>
        </animation>
    </shape>
    <shape name="temp20" type="ply">
        <string name="filename" value="meshes/Cube_016.ply"/>
        <boolean name="face_normals" value="true"/>
        <ref id="mat-Material" name="bsdf"/>
        <animation name="to_world">
            <transform time="0">
                <matrix value="0.9999991135176153 -0.0012594827532262742 0.0003562548549691008 0.0006235387838762207 0.0012611408673698246 0.9999881107080804 -0.004690839822779148 -0.019276575962518028 -0.000350342270848736 0.004691293492385638 0.9999888894194651 0.0002773661196238675 0.0 0.0 0.0 1.0"/>
                <scale value="1"/>
            </transform>
            <transform time="0.0015">
                <matrix value="0.9999991294745535 -0.0012519883996231977 0.00035624566377159063 0.0006226932657654076 0.0012536345640543384 0.9999882684001594 -0.0046568417533963576 -0.01926717726681959 -0.00035040404015664663 0.004657292677213306 0.9999890340957222 0.0002814784843625839 0.0 0.0 0.0 1.0"/>
                <scale value="1"/>
            </transform>
        </animation>
    </shape>
    <shape name="temp21" type="ply">
        <string name="filename" value="meshes/Cube_017.ply"/>
        <boolean name="face_normals" value="true"/>
        <ref id="mat-Material" name="bsdf"/>
        <animation name="to_world">
            <transform time="0">
                <matrix value="1.0 -0.0003541277744288447 0.00018460253198310624 0.000456649716837898 0.00035415015593225145 1.0 -0.0001222194590234698 -0.017999446321527668 -0.00018455898387843134 0.00012228470473882146 1.0 2.6441983838720873e-05 0.0 0.0 0.0 1.0"/>
                <scale value="1"/>
            </transform>
            <transform time="0.0015">
                <matrix value="1.0 -0.00036082713467905847 0.0001849785370649532 0.0004559927214994072 0.0003608530114506288 0.9999999849817067 -0.00014026371158950158 -0.018000869391640743 -0.00018492442967790685 0.00014033037802561242 0.9999999914896319 2.6676175181695898e-05 0.0 0.0 0.0 1.0"/>
                <scale value="1"/>
            </transform>
        </animation>
    </shape>
    <shape name="temp22" type="ply">
        <string name="filename" value="meshes/Cube_018.ply"/>
        <boolean name="face_normals" value="true"/>
        <ref id="mat-Material" name="bsdf"/>
        <animation name="to_world">
            <transform time="0">
                <matrix value="0.9999982270352306 -0.0019175613185016156 -0.00018195915939711623 0.0007232443199411964 0.0019173860471218577 0.9999977055752436 -0.0009626136056859696 -0.017755572397721908 0.00018380458736904438 0.000962262970278856 0.9999995272093389 -0.00020595243704563115 0.0 0.0 0.0 1.0"/>
                <scale value="1"/>
            </transform>
            <transform time="0.0015">
                <matrix value="0.9999982908629835 -0.001876805725577 -0.0001817496086042522 0.0007209773103408372 0.0018766372926573309 0.9999977731575631 -0.0009244494983761699 -0.017756083089425275 0.00018352583561500382 0.0009241065107653395 0.9999995442300751 -0.0002038408202931495 0.0 0.0 0.0 1.0"/>
                <scale value="1"/>
            </transform>
        </animation>
    </shape>
    <shape name="temp23" type="ply">
        <string name="filename" value="meshes/Cube_019.ply"/>
        <boolean name="face_normals" value="true"/>
        <ref id="mat-Material" name="bsdf"/>
        <animation name="to_world">
            <transform time="0">
                <matrix value="0.999929967891608 0.010249871199337538 -0.005955342085318857 0.0031696711495931285 -0.010205668345664302 0.9999205294698003 0.007406596658977514 -0.018186002342133634 0.006030783987291388 -0.007345290067435229 0.9999548484918688 -0.0008557950096738098 0.0 0.0 0.0 1.0"/>
                <scale value="1"/>
            </transform>
            <transform time="0.0015">
                <matrix value="0.9999287711212403 0.010353313523719288 -0.00595388340823252 0.0031671673533372304 -0.010308870960689791 0.9999189976038894 0.007448036194196323 -0.018192332019254583 0.006030626651880384 -0.0073861207518260644 0.9999545250978823 -0.0008544592239549852 0.0 0.0 0.0 1.0"/>
                <scale value="1"/>
            </transform>
        </animation>
    </shape>
    <shape name="temp24" type="ply">
        <string name="filename" value="meshes/Cube_020.ply"/>
        <boolean name="face_normals" value="true"/>
        <ref id="mat-Material" name="bsdf"/>
        <animation name="to_world">
            <transform time="0">
                <matrix value="0.9999633175990625 0.0014330476455086043 0.00842978737546268 -0.006737557611789069 -0.0015038753800636821 0.999963502193128 0.00840193918743797 -0.01601174591910931 -0.008417447109162247 -0.008414303233829978 0.9999293177894554 -0.000719883374376229 0.0 0.0 0.0 1.0"/>
                <scale value="1"/>
            </transform>
            <transform time="0.0015">
                <matrix value="0.9999632656215287 0.0013178730716412528 0.008433639168049945 -0.006730083781810354 -0.0013886292628038006 0.9999635921798695 0.008389750638388352 -0.015988647947650845 -0.008422245210745449 -0.008401136996285656 0.999929385872396 -0.000720274066556244 0.0 0.0 0.0 1.0"/>
                <scale value="1"/>
            </transform>
        </animation>
    </shape>
    <shape name="temp25" type="ply">
        <string name="filename" value="meshes/Cube_021.ply"/>
        <boolean name="face_normals" value="true"/>
        <ref id="mat-Material" name="bsdf"/>
        <animation name="to_world">
            <transform time="0">
                <matrix value="0.9993896568781282 0.02234757197714753 0.026861152257031697 -0.01647501526127826 -0.02263993124442624 0.9996871238968511 0.010629326921031194 -0.019009228638074305 -0.02661521966147011 -0.011230975568548027 0.999582762241614 -0.013363676650844036 0.0 0.0 0.0 1.0"/>
                <scale value="1"/>
            </transform>
            <transform time="0.0015">
                <matrix value="0.9993872154665782 0.022448678130923737 0.02686207988715078 -0.016480000211472785 -0.02273968460768269 0.9996852466101956 0.010577017092682986 -0.019028625785133733 -0.026616337604562907 -0.011181377880384633 0.9995832558429618 -0.01336573373185129 0.0 0.0 0.0 1.0"/>
                <scale value="1"/>
            </transform>
        </animation>
    </shape>
    <shape name="temp26" type="ply">
        <string name="filename" value="meshes/Cube_022.ply"/>
        <boolean name="face_normals" value="true"/>
        <ref id="mat-Material" name="bsdf"/>
        <animation name="to_world">
            <transform time="0">
                <matrix value="0.9992269873605342 0.035804665191282024 0.01622596273180335 -0.00787829890872005 -0.03584663500151588 0.999354640891238 0.0023027056391160517 -0.02174333617542834 -0.01613305302760329 -0.0028825734268068076 0.9998657274522588 -0.011856236140539822 0.0 0.0 0.0 1.0"/>
                <scale value="1"/>
            </transform>
            <transform time="0.0015">
                <matrix value="0.9992248012599959 0.03586514986549228 0.01622441724896275 -0.007878455599713107 -0.03590616746582464 0.9993525458393305 0.0022434253087005407 -0.021760442454298177 -0.01613355726685154 -0.002824245454597834 0.9998658380870437 -0.011855911971892882 0.0 0.0 0.0 1.0"/>
                <scale value="1"/>
            </transform>
        </animation>
    </shape>
    <shape name="temp27" type="ply">
        <string name="filename" value="meshes/Cube_023.ply"/>
        <boolean name="face_normals" value="true"/>
        <ref id="mat-Material" name="bsdf"/>
        <animation name="to_world">
            <transform time="0">
                <matrix value="0.9994322080325942 0.03217523981953307 0.010033657967160907 -0.0027856122548262086 -0.03223435668859824 0.9994635217751339 0.005786792214650742 -0.020672210623285447 -0.009842082027988022 -0.006106926451171512 0.99993310012146 -0.008925950092224827 0.0 0.0 0.0 1.0"/>
                <scale value="1"/>
            </transform>
            <transform time="0.0015">
                <matrix value="0.9994326229129884 0.032162485533995734 0.010032895438182284 -0.002784378332508564 -0.03222182267318343 0.9994637845952656 0.005809742975248381 -0.02066353941916365 -0.009840666328427746 -0.00612971701153491 0.999932963955571 -0.008923445276932592 0.0 0.0 0.0 1.0"/>
                <scale value="1"/>
            </transform>
        </animation>
    </shape>
    <shape name="temp28" type="ply">
        <string name="filename" value="meshes/Cube_024.ply"/>
        <boolean name="face_normals" value="true"/>
        <ref id="mat-Material" name="bsdf"/>
        <animation name="to_world">
            <transform time="0">
                <matrix value="0.9995580885312227 0.028575913128907043 0.008218023631022822 -0.001096606085888352 -0.028691995241362556 0.9994850059342167 0.014372907014842317 -0.01639089580482489 -0.007803061732860306 -0.01460235115962313 0.9998628907082925 -0.0076543119248383695 0.0 0.0 0.0 1.0"/>
                <scale value="1"/>
            </transform>
            <transform time="0.0015">
                <matrix value="0.9995575459953228 0.0285944982667963 0.008217759809612809 -0.0010981433857114647 -0.028710181044731095 0.9994851636262958 0.014322404788671111 -0.016420281114611437 -0.0078040020752305405 -0.014552005710639124 0.9998635885584739 -0.007656674120617057 0.0 0.0 0.0 1.0"/>
                <scale value="1"/>
            </transform>
        </animation>
    </shape>
    <shape name="temp29" type="ply">
        <string name="filename" value="meshes/Cube_025.ply"/>
        <boolean name="face_normals" value="true"/>
        <ref id="mat-Material" name="bsdf"/>
        <animation name="to_world">
            <transform time="0">
                <matrix value="0.9995013536586015 0.03128836121754693 0.004307335678059818 0.0010441331961252853 -0.03131764968698307 0.9994856316864231 0.006905414918720193 -0.021609433825943825 -0.004089068431121205 -0.007036871405835765 0.9999669046537257 -0.004976100883154477 0.0 0.0 0.0 1.0"/>
                <scale value="1"/>
            </transform>
            <transform time="0.0015">
                <matrix value="0.9995019919361309 0.03126789353659956 0.004306649742393781 0.001045096148268996 -0.03129741836370209 0.9994857968876488 0.006965046216714704 -0.02155630833756214 -0.0040866924430178996 -0.0070963696785457655 0.9999664536042183 -0.004971712777773332 0.0 0.0 0.0 1.0"/>
                <scale value="1"/>
            </transform>
        </animation>
    </shape>
    <shape name="temp30" type="ply">
        <string name="filename" value="meshes/Cube_026.ply"/>
        <boolean name="face_normals" value="true"/>
        <ref id="mat-Material" name="bsdf"/>
        <animation name="to_world">
            <transform time="0">
                <matrix value="0.9995851262439565 0.026301470726268872 0.01176482825170051 0.008038783297421803 -0.02652446602733557 0.9994633131910652 0.019217356523400064 -0.006655228309534744 -0.011253082742492825 -0.019521430970145363 0.9997461114150105 -0.014779821355060618 0.0 0.0 0.0 1.0"/>
                <scale value="1"/>
            </transform>
            <transform time="0.0015">
                <matrix value="0.9995850464592653 0.02630398478855789 0.011765872473862082 0.008038912301549284 -0.02652693903362335 0.9994633507367983 0.0192119652052309 -0.006661979690413783 -0.011254220153050271 -0.019516097148208345 0.9997462050290591 -0.014782580226059803 0.0 0.0 0.0 1.0"/>
                <scale value="1"/>
            </transform>
        </animation>
    </shape>
    <shape name="temp31" type="ply">
        <string name="filename" value="meshes/Cube_027.ply"/>
        <boolean name="face_normals" value="true"/>
        <ref id="mat-Material" name="bsdf"/>
        <animation name="to_world">
            <transform time="0">
                <matrix value="0.9996830825474667 0.018357210646965206 0.017241446153162424 0.018717579661733152 -0.018836079655761163 0.9994295225719251 0.028034949631246923 0.01589569369852384 -0.016716974541998875 -0.02835080920189478 0.9994584182977551 -0.02538794349054707 0.0 0.0 0.0 1.0"/>
                <scale value="1"/>
            </transform>
            <transform time="0.0015">
                <matrix value="0.9996820932172961 0.01840843849576875 0.017241709123535634 0.018716252336930365 -0.018886221461918172 0.9994302960140271 0.02797029381194685 0.015749588322165095 -0.016717093580758114 -0.02828701749951223 0.9994601714335765 -0.025386461197205137 0.0 0.0 0.0 1.0"/>
                <scale value="1"/>
            </transform>
        </animation>
    </shape>
    <shape name="temp32" type="ply">
        <string name="filename" value="meshes/Cube_028.ply"/>
        <boolean name="face_normals" value="true"/>
        <ref id="mat-Material" name="bsdf"/>
        <animation name="to_world">
            <transform time="0">
                <matrix value="0.998140603198074 0.04825498568070368 0.037242571394935746 0.05480791223353987 -0.04867479748309921 0.9987599677111861 0.01044853177224161 -0.0543332106469972 -0.036692188494522424 -0.012241874086141049 0.9992518087788715 -0.060684515364566094 0.0 0.0 0.0 1.0"/>
                <scale value="1"/>
            </transform>
            <transform time="0.0015">
                <matrix value="0.9980187560177057 0.0499219133554616 0.03730508345252025 0.05514860913556207 -0.05033293878446141 0.998642569712899 0.01016893299087155 -0.05730296738384145 -0.03675906896931937 -0.012030144160519753 0.9992512556049473 -0.06055140533219392 0.0 0.0 0.0 1.0"/>
                <scale value="1"/>
            </transform>
        </animation>
    </shape>
    <shape name="temp33" type="ply">
        <string name="filename" value="meshes/Cube_029.ply"/>
        <boolean name="face_normals" value="true"/>
        <ref id="mat-Material" name="bsdf"/>
        <animation name="to_world">
            <transform time="0">
                <matrix value="0.9764740872334126 0.18850902021805377 0.10470516537980928 0.21442089522537366 -0.18960630430812708 0.9818600692916276 0.0005355205259701546 -0.35897842948439895 -0.10270487937634191 -0.02037567659457306 0.9945030993791786 -0.260619634151825 0.0 0.0 0.0 1.0"/>
                <scale value="1"/>
            </transform>
            <transform time="0.0015">
                <matrix value="0.9760087190867046 0.19045330648335365 0.10500283337465491 0.21401363578825847 -0.19148561675190612 0.9814372442636404 -0.0002085882715975216 -0.3638474024630522 -0.10312879618459472 -0.019927195891328894 0.9944631687322176 -0.2615538196692946 0.0 0.0 0.0 1.0"/>
                <scale value="1"/>
            </transform>
        </animation>
    </shape>
    <shape name="temp34" type="ply">
        <string name="filename" value="meshes/Cube_030.ply"/>
        <boolean name="face_normals" value="true"/>
        <ref id="mat-Material" name="bsdf"/>
        <animation name="to_world">
            <transform time="0">
                <matrix value="0.852633526790374 0.5157780334890976 -0.0835966778351197 -0.4403851919238049 -0.5021308245522382 0.853071236023065 0.14189410036115352 -0.9263269921276969 0.14449979344475225 -0.0790072415059211 0.986345854135386 0.24588762325435343 0.0 0.0 0.0 1.0"/>
                <scale value="1"/>
            </transform>
            <transform time="0.0015">
                <matrix value="0.8509811207425789 0.5182127697831302 -0.08396704685420578 -0.4453483970319225 -0.5044075941697101 0.8514582320382512 0.14270773074006315 -0.9303499518910161 0.14548446129936707 -0.07902942934717422 0.9861857979620486 0.24793951384894458 0.0 0.0 0.0 1.0"/>
                <scale value="1"/>
            </transform>
        </animation>
    </shape>
    <shape name="temp35" type="ply">
        <string name="filename" value="meshes/Cube_031.ply"/>
        <boolean name="face_normals" value="true"/>
        <ref id="mat-Material" name="bsdf"/>
        <animation name="to_world">
            <transform time="0">
                <matrix value="0.6730799234788405 0.7367210167221848 -0.06484983459418722 -0.8102982294202485 -0.597864995824668 0.5936340142212618 0.5386617471222415 -0.8339532041706226 0.43534050674879043 -0.32379089029938074 0.8400227695982367 0.23915557575733049 0.0 0.0 0.0 1.0"/>
                <scale value="1"/>
            </transform>
            <transform time="0.0015">
                <matrix value="0.6655920344700782 0.7420090328648085 -0.06446444087429097 -0.829669919527256 -0.6009612960768742 0.5865711812379606 0.5412964038885342 -0.8384864885517006 0.439905767629717 -0.32104556131269935 0.8381903171464852 0.2479878167805305 0.0 0.0 0.0 1.0"/>
                <scale value="1"/>
            </transform>
        </animation>
