
<scene version="2.1.0">
    <default name="spp" value="1024"/>
    <default name="resx" value="1280"/>
    <default name="resy" value="720"/>
    <integrator name="temp0" type="path">
        <integer name="max_depth" value="12"/>
    </integrator>
    <sensor name="temp44" type="perspective">
        <string name="fov_axis" value="x"/>
        <float name="fov" value="83.974423"/>
        <float name="principal_point_offset_x" value="0.000000"/>
        <float name="principal_point_offset_y" value="-0.000000"/>
        <float name="near_clip" value="0.100000"/>
        <float name="far_clip" value="1000.000000"/>
        <sampler name="sampler" type="correlated">
            <integer name="sample_count" value="1024"/>
        </sampler>
        <film name="film" type="hdrfilm">
            <integer name="width" value="$resx"/>
            <integer name="height" value="$resy"/>
        </film>
        <float name="shutter_open" value="0.0"/>
        <float name="shutter_close" value="0.0015"/>
        <animation name="to_world">
            <transform time="0">
                <rotate angle="-142.5518126578256" x="1"/>
                <rotate angle="3.976628485794621e-06" y="1"/>
                <rotate angle="-179.999991348578" z="1"/>
                <translate value="-0.000000 3.030926 4.073377"/>
                <translate x="40.199999999999996" y="0.0" z="0.0"/>
            </transform>
            <transform time="0.0015">
                <rotate angle="-142.5518126578256" x="1"/>
                <rotate angle="3.976628485794621e-06" y="1"/>
                <rotate angle="-179.999991348578" z="1"/>
                <translate value="-0.000000 3.030926 4.073377"/>
                <translate x="40.35" y="0.0" z="0.0"/>
            </transform>
        </animation>
    </sensor>
    <bsdf id="mat-Material" name="mat-Material" type="twosided">
        <bsdf name="bsdf" type="diffuse">
            <texture name="reflectance" type="bitmap">
                <string name="filename" value="textures/siggraph_2023_logo.jpg"/>
            </texture>
        </bsdf>
    </bsdf>
    <bsdf id="mat-Material.001" name="mat-Material.001" type="twosided">
        <bsdf name="bsdf" type="principled">
            <rgb name="base_color" value="0.433648 0.266232 0.084399"/>
            <float name="spec_tint" value="0.000000"/>
            <float name="spec_trans" value="0.000000"/>
            <float name="metallic" value="0.000000"/>
            <float name="anisotropic" value="0.000000"/>
            <float name="roughness" value="0.500000"/>
            <float name="sheen" value="0.000000"/>
            <float name="sheen_tint" value="0.500000"/>
            <float name="clearcoat" value="0.000000"/>
            <float name="clearcoat_gloss" value="0.173205"/>
            <float name="specular" value="0.500000"/>
        </bsdf>
    </bsdf>
    <bsdf id="mat-Material.002" name="mat-Material.002" type="twosided">
        <bsdf name="bsdf" type="principled">
            <rgb name="base_color" value="0.433648 0.266232 0.084399"/>
            <float name="spec_tint" value="0.000000"/>
            <float name="spec_trans" value="0.000000"/>
            <float name="metallic" value="0.000000"/>
            <float name="anisotropic" value="0.000000"/>
            <float name="roughness" value="0.500000"/>
            <float name="sheen" value="0.000000"/>
            <float name="sheen_tint" value="0.500000"/>
            <float name="clearcoat" value="0.000000"/>
            <float name="clearcoat_gloss" value="0.173205"/>
            <float name="specular" value="0.500000"/>
        </bsdf>
    </bsdf>
    <bsdf id="mat-Material.003" name="mat-Material.003" type="twosided">
        <bsdf name="bsdf" type="principled">
            <rgb name="base_color" value="0.433648 0.266232 0.084399"/>
            <float name="spec_tint" value="0.000000"/>
            <float name="spec_trans" value="0.000000"/>
            <float name="metallic" value="0.000000"/>
            <float name="anisotropic" value="0.000000"/>
            <float name="roughness" value="0.500000"/>
            <float name="sheen" value="0.000000"/>
            <float name="sheen_tint" value="0.500000"/>
            <float name="clearcoat" value="0.000000"/>
            <float name="clearcoat_gloss" value="0.173205"/>
            <float name="specular" value="0.500000"/>
        </bsdf>
    </bsdf>
    <bsdf id="mat-Material.004" name="mat-Material.004" type="twosided">
        <bsdf name="bsdf" type="principled">
            <rgb name="base_color" value="0.433648 0.266232 0.084399"/>
            <float name="spec_tint" value="0.000000"/>
            <float name="spec_trans" value="0.000000"/>
            <float name="metallic" value="0.000000"/>
            <float name="anisotropic" value="0.000000"/>
            <float name="roughness" value="0.500000"/>
            <float name="sheen" value="0.000000"/>
            <float name="sheen_tint" value="0.500000"/>
            <float name="clearcoat" value="0.000000"/>
            <float name="clearcoat_gloss" value="0.173205"/>
            <float name="specular" value="0.500000"/>
        </bsdf>
    </bsdf>
    <bsdf id="mat-Material.005" name="mat-Material.005" type="twosided">
        <bsdf name="bsdf" type="principled">
            <rgb name="base_color" value="0.433648 0.266232 0.084399"/>
            <float name="spec_tint" value="0.000000"/>
            <float name="spec_trans" value="0.000000"/>
            <float name="metallic" value="0.000000"/>
            <float name="anisotropic" value="0.000000"/>
            <float name="roughness" value="0.500000"/>
            <float name="sheen" value="0.000000"/>
            <float name="sheen_tint" value="0.500000"/>
            <float name="clearcoat" value="0.000000"/>
            <float name="clearcoat_gloss" value="0.173205"/>
            <float name="specular" value="0.500000"/>
        </bsdf>
    </bsdf>
    <emitter name="temp45" type="point">
        <point name="position" x="-6.815235034541981e-16" y="3.0693089962005615" z="4.109199523925781"/>
        <rgb name="intensity" value="7.957747 7.957747 7.957747"/>
    </emitter>
    <shape name="temp2" type="ply">
        <string name="filename" value="meshes/Cube.ply"/>
        <boolean name="face_normals" value="true"/>
        <ref id="mat-Material" name="bsdf"/>
        <animation name="to_world">
            <transform time="0">
                <matrix value="0.9995323805420662 -0.019051374256137066 0.023920843496362587 -0.11892646953622066 0.0030133752462204824 -0.7170600909843708 -0.6970047766040487 1.657489505148896 0.03043159724623112 0.6967508859608321 -0.7166674310115687 3.680926108256255 0.0 0.0 0.0 1.0"/>
            </transform>
            <transform time="0.0015">
                <matrix value="0.999465297573723 -0.02080981462422142 0.023307352338478315 -0.11627299025619084 0.0015249528973501718 -0.7143189821380911 -0.699512067201881 1.661690712288896 0.031368705623792535 0.6991934686831575 -0.7139803588883638 3.6727871017939 0.0 0.0 0.0 1.0"/>
            </transform>
        </animation>
    </shape>
    <shape name="temp4" type="ply">
        <string name="filename" value="meshes/Plane.ply"/>
        <boolean name="face_normals" value="true"/>
        <ref id="mat-Material.001" name="bsdf"/>
    </shape>
    <shape name="temp5" type="ply">
        <string name="filename" value="meshes/Cube_001.ply"/>
        <boolean name="face_normals" value="true"/>
        <ref id="mat-Material" name="bsdf"/>
        <animation name="to_world">
            <transform time="0">
                <matrix value="0.9980169389054071 -0.03152885864883412 -0.05448602690840769 0.04827976949437485 -0.05451361370998197 -1.5755877377597655e-05 -0.9985130733709643 1.1728989579606057 0.03148112590354717 0.999502735580062 -0.0017344774552137225 1.0479013432943862 0.0 0.0 0.0 1.0"/>
            </transform>
            <transform time="0.0015">
                <matrix value="0.9980178963217012 -0.031497900690055924 -0.05448609328927859 0.04824378225369587 -0.0545136360496955 -1.6012988305188273e-05 -0.9985130733709644 1.1728989099020837 0.03145019992112182 0.9995037042599761 -0.0017330471176530413 1.0480428837788718 0.0 0.0 0.0 1.0"/>
            </transform>
        </animation>
    </shape>
    <shape name="temp6" type="ply">
        <string name="filename" value="meshes/Cube_002.ply"/>
        <boolean name="face_normals" value="true"/>
        <ref id="mat-Material" name="bsdf"/>
        <animation name="to_world">
            <transform time="0">
                <matrix value="0.9997571038265899 -0.020936542468759322 0.006925697638079695 -0.03500685199932807 0.011355267566978177 0.2195309778629728 -0.9755394659640366 0.6531879891740847 0.0189040152333133 0.9753808223635495 0.21971527600809607 0.5319890418655587 0.0 0.0 0.0 1.0"/>
            </transform>
            <transform time="0.0015">
                <matrix value="0.9997568804294545 -0.02095235072422779 0.006908020752571924 -0.03503582902983562 0.011341541249138389 0.21953335826245193 -0.9755390915078418 0.6532208241279909 0.018923294246520367 0.9753799437933948 0.2197174963631242 0.5320262377788804 0.0 0.0 0.0 1.0"/>
            </transform>
        </animation>
    </shape>
    <shape name="temp7" type="ply">
        <string name="filename" value="meshes/Cube_003.ply"/>
        <boolean name="face_normals" value="true"/>
        <ref id="mat-Material" name="bsdf"/>
        <animation name="to_world">
            <transform time="0">
                <matrix value="0.9950481093990181 -0.062125012775774216 0.07759099920051099 -0.057928287956654057 0.08961423832547023 0.2229936819885571 -0.9706921797115126 0.1396923704197344 0.043001975082753136 0.9728381825652921 0.22745663209463757 0.20186409526673266 0.0 0.0 0.0 1.0"/>
            </transform>
            <transform time="0.0015">
                <matrix value="0.9950511731311593 -0.062106912728756736 0.07756600339846734 -0.057994510606276306 0.08958319250643873 0.222935966687621 -0.9707082387760512 0.13976247171292241 0.042995406249559 0.9728525175261933 0.2273963514555597 0.20182410192094194 0.0 0.0 0.0 1.0"/>
            </transform>
        </animation>
    </shape>
    <shape name="temp8" type="ply">
        <string name="filename" value="meshes/Cube_004.ply"/>
        <boolean name="face_normals" value="true"/>
        <ref id="mat-Material" name="bsdf"/>
        <animation name="to_world">
            <transform time="0">
                <matrix value="0.9821706230375495 -0.14166573151475836 0.12358057605759726 0.03283454471601699 0.15353941389330653 0.2251742198434368 -0.9621445973501974 -0.35375238064435743 0.108475791052556 0.9639643905277804 0.2429106222350611 -0.27246470684628227 0.0 0.0 0.0 1.0"/>
            </transform>
            <transform time="0.0015">
                <matrix value="0.9821591340420198 -0.14179816808098522 0.12351766656582412 0.03289453772288777 0.15350355865309076 0.22511472487475134 -0.9621641711967468 -0.35365398744152843 0.10862747292034372 0.9639585183751221 0.2428647428408228 -0.2729072194253343 0.0 0.0 0.0 1.0"/>
            </transform>
        </animation>
    </shape>
    <shape name="temp9" type="ply">
        <string name="filename" value="meshes/Cube_005.ply"/>
        <boolean name="face_normals" value="true"/>
        <ref id="mat-Material" name="bsdf"/>
        <animation name="to_world">
            <transform time="0">
                <matrix value="0.9795142785717704 -0.18297269843123923 0.08410023918479544 0.09711961007722492 0.12427481308518917 0.2206327189141948 -0.9674074665937938 -0.6119698580787065 0.15845389493765372 0.9580408115588949 0.23885171440985561 -0.7130415891595963 0.0 0.0 0.0 1.0"/>
            </transform>
            <transform time="0.0015">
                <matrix value="0.9794953217291464 -0.18310946101683498 0.08401940260269342 0.09719094669216441 0.12422223656939615 0.2205949403975399 -0.9674227682355747 -0.6118284554656575 0.1586099873031698 0.9580230974820138 0.23881772399980408 -0.7134973926903438 0.0 0.0 0.0 1.0"/>
            </transform>
        </animation>
    </shape>
    <shape name="temp10" type="ply">
        <string name="filename" value="meshes/Cube_006.ply"/>
        <boolean name="face_normals" value="true"/>
        <ref id="mat-Material" name="bsdf"/>
        <animation name="to_world">
            <transform time="0">
                <matrix value="0.9860449942999183 -0.1544773613280965 -0.062065357635403696 0.03855723886921503 -0.026650155932251472 0.2215360965160203 -0.9747879652082808 -0.5598425349440249 0.1643324255753714 0.9628386623086502 0.214327731867178 -1.051133004261167 0.0 0.0 0.0 1.0"/>
            </transform>
            <transform time="0.0015">
                <matrix value="0.9860491750177361 -0.15446656768074216 -0.062025483156872036 0.03858200785926185 -0.026620761975466135 0.22149113174604823 -0.9747989435830846 -0.5599178293282254 0.16431202303414316 0.9628507069798318 0.21428913309281927 -1.0511633299917513 0.0 0.0 0.0 1.0"/>
            </transform>
        </animation>
    </shape>
    <shape name="temp11" type="ply">
        <string name="filename" value="meshes/Cube_007.ply"/>
        <boolean name="face_normals" value="true"/>
        <ref id="mat-Material" name="bsdf"/>
        <animation name="to_world">
            <transform time="0">
                <matrix value="0.9241233132456425 -0.2558529732616082 -0.2837878663950327 0.18459870355204666 -0.23353500807585453 0.20963616680885147 -0.9494811358890191 -0.3341142978874512 0.30241983096553887 0.9437117117868772 0.13397908657789864 -1.787285382014585 0.0 0.0 0.0 1.0"/>
            </transform>
            <transform time="0.0015">
                <matrix value="0.9239431753698989 -0.2558174024340602 -0.2843872856593215 0.18444785847189474 -0.2340748185308199 0.20988803860484398 -0.9492870058830888 -0.33270493538444035 0.3025379154998712 0.9436644191814523 0.13404355091391726 -1.7875231463978885 0.0 0.0 0.0 1.0"/>
            </transform>
        </animation>
    </shape>
    <shape name="temp12" type="ply">
        <string name="filename" value="meshes/Cube_008.ply"/>
        <boolean name="face_normals" value="true"/>
        <ref id="mat-Material" name="bsdf"/>
        <animation name="to_world">
            <transform time="0">
                <matrix value="0.3961838263061875 0.8780229567626084 -0.2685408403664884 1.6523987940216778 -0.4995837965203794 -0.039249514520579946 -0.8653761687976129 0.13117566337430864 -0.7703602841707933 0.4770065265955117 0.4230958710718779 0.9371513941596592 0.0 0.0 0.0 1.0"/>
            </transform>
            <transform time="0.0015">
                <matrix value="0.3959640322475404 0.8780956603202019 -0.26862425899426134 1.6527131591905317 -0.49985038908748436 -0.03928653686617001 -0.865219016340925 0.13197248995874333 -0.7702982116810562 0.4768689064653717 0.42336099456820625 0.9374476738576001 0.0 0.0 0.0 1.0"/>
            </transform>
        </animation>
    </shape>
    <shape name="temp13" type="ply">
        <string name="filename" value="meshes/Cube_009.ply"/>
        <boolean name="face_normals" value="true"/>
        <ref id="mat-Material" name="bsdf"/>
        <animation name="to_world">
            <transform time="0">
                <matrix value="-0.07665133938623506 0.99049711841109 0.11419244281951546 2.6237721930425297 -0.8302412827754699 1.2467820692791127e-05 -0.5574048236939985 0.9179442038971991 -0.552109207537937 -0.1375330345018908 0.8223503274784514 0.9383394567684669 0.0 0.0 0.0 1.0"/>
            </transform>
            <transform time="0.0015">
                <matrix value="-0.07659320826024217 0.9904970508287704 0.11423150370686011 2.623657640224046 -0.8305225397688135 1.2357623215199764e-05 -0.5569794159255343 0.9190693059556807 -0.5516878007560687 -0.13753356389672766 0.8226288633148501 0.9379286380974864 0.0 0.0 0.0 1.0"/>
            </transform>
        </animation>
    </shape>
    <shape name="temp14" type="ply">
        <string name="filename" value="meshes/Cube_010.ply"/>
        <boolean name="face_normals" value="true"/>
        <ref id="mat-Material" name="bsdf"/>
        <animation name="to_world">
            <transform time="0">
                <matrix value="0.03557927634669971 0.9954447325222195 0.08845222994079242 1.8781593026742083 -0.9984034452251399 0.03151959751618091 0.046877761392954756 1.9415845107689558 0.043876255037436154 -0.08997887043383401 0.9949768356215614 -0.19698425376269624 0.0 0.0 0.0 1.0"/>
            </transform>
            <transform time="0.0015">
                <matrix value="0.035581128308951354 0.9954387176957754 0.08851853677149711 1.8781831712608341 -0.9984130513019579 0.031540197358108826 0.046642642901313126 1.9409776730383457 0.04363801427948038 -0.09003764752810245 0.9949811844196426 -0.19668555371862345 0.0 0.0 0.0 1.0"/>
            </transform>
        </animation>
    </shape>
    <shape name="temp15" type="ply">
        <string name="filename" value="meshes/Cube_011.ply"/>
        <boolean name="face_normals" value="true"/>
        <ref id="mat-Material" name="bsdf"/>
        <animation name="to_world">
            <transform time="0">
                <matrix value="0.07748277121485318 0.9938434326263029 0.07919385409963875 1.438174659240605 -0.8622734372645281 0.026926618038767437 0.505727149672758 2.203321632203249 0.5004813599348967 -0.10747187765292862 0.8590509389386133 -1.2086284390597417 0.0 0.0 0.0 1.0"/>
            </transform>
            <transform time="0.0015">
                <matrix value="0.07755411787709295 0.9938028531979581 0.07960279600797081 1.4387562020807927 -0.8625763159091812 0.026853282211028427 0.5052044683973111 2.2027336743415744 0.4999375953506366 -0.10784646993033388 0.8593127178602922 -1.2074100153955412 0.0 0.0 0.0 1.0"/>
            </transform>
        </animation>
    </shape>
    <shape name="temp16" type="ply">
        <string name="filename" value="meshes/Cube_012.ply"/>
        <boolean name="face_normals" value="true"/>
        <ref id="mat-Material" name="bsdf"/>
        <animation name="to_world">
            <transform time="0">
                <matrix value="0.0958929714357646 0.9899814985931005 0.1036388569623862 1.099027115853777 -0.7342693700833471 5.572844857255493e-05 0.6788583618465501 1.8492889402411 0.6720516039125787 -0.141196563368883 0.7269184781246852 -1.8368805729149102 0.0 0.0 0.0 1.0"/>
            </transform>
            <transform time="0.0015">
                <matrix value="0.09586416597086139 0.9899826625108269 0.10365427519620952 1.0990661181043533 -0.7344468750642819 6.116953115991973e-05 0.6786649637322735 1.8491753121674486 0.671860360007823 -0.14118841068839558 0.7270955703737494 -1.8364405753978001 0.0 0.0 0.0 1.0"/>
            </transform>
        </animation>
    </shape>
    <shape name="temp17" type="ply">
        <string name="filename" value="meshes/Cube_013.ply"/>
        <boolean name="face_normals" value="true"/>
        <ref id="mat-Material" name="bsdf"/>
        <animation name="to_world">
            <transform time="0">
                <matrix value="0.9158116544066153 0.1761450118162875 0.3609182256544723 0.6364799955442981 -0.3844542016605588 0.12467288803415773 0.9146868163742535 1.4689379301649617 0.11612081513828239 -0.9764370920877805 0.18189656191359183 -1.4143242671757388 0.0 0.0 0.0 1.0"/>
            </transform>
            <transform time="0.0015">
                <matrix value="0.9159596071379373 0.17611514944200146 0.3605513351768229 0.6358908713158781 -0.3840928807296173 0.12476215676919913 0.9148241226526139 1.468751577917318 0.11613200573906714 -0.9764309571149905 0.18192230237284115 -1.4142976982053754 0.0 0.0 0.0 1.0"/>
            </transform>
        </animation>
    </shape>
    <shape name="temp18" type="ply">
        <string name="filename" value="meshes/Cube_014.ply"/>
        <boolean name="face_normals" value="true"/>
        <ref id="mat-Material" name="bsdf"/>
        <animation name="to_world">
            <transform time="0">
                <matrix value="0.939132789742335 0.2985616042617897 0.1699741052554937 0.11234967754604952 -0.2164895474862019 0.13012298116694443 0.9675745980924788 1.0258516109137488 0.2667631159501229 -0.9454782102652565 0.1868381935425306 -0.8685117316926707 0.0 0.0 0.0 1.0"/>
            </transform>
            <transform time="0.0015">
                <matrix value="0.9391410075655264 0.2985209872877117 0.16999978273801936 0.11236109735583139 -0.21648147167976076 0.13002953058814928 0.9675888359382516 1.0258621673222599 0.2667406645380252 -0.9455037338546244 0.18674028686416386 -0.8685995405378164 0.0 0.0 0.0 1.0"/>
            </transform>
        </animation>
    </shape>
    <shape name="temp19" type="ply">
        <string name="filename" value="meshes/Cube_015.ply"/>
        <boolean name="face_normals" value="true"/>
        <ref id="mat-Material" name="bsdf"/>
        <animation name="to_world">
            <transform time="0">
                <matrix value="0.9837423563056379 0.12509766949019968 0.1288465420800236 0.026566001837915687 -0.14931435019954717 0.17112310005986364 0.9738698057445011 0.6391550505642657 0.09978024101683075 -0.9772756000442199 0.18701995791217535 -0.2931874865081219 0.0 0.0 0.0 1.0"/>
            </transform>
            <transform time="0.0015">
                <matrix value="0.9837394840567555 0.12514331684159968 0.12882394279762704 0.02654435145716968 -0.14929640023972576 0.17108227658425357 0.9738797033025607 0.6391556517979144 0.09983504671689532 -0.9772768465625592 0.1869838552287701 -0.2932631583504246 0.0 0.0 0.0 1.0"/>
            </transform>
        </animation>
    </shape>
    <shape name="temp20" type="ply">
        <string name="filename" value="meshes/Cube_016.ply"/>
        <boolean name="face_normals" value="true"/>
        <ref id="mat-Material" name="bsdf"/>
        <animation name="to_world">
            <transform time="0">
                <matrix value="0.9851434417146697 0.01999664388233356 0.17056618100033993 0.05745154148223208 -0.1714451169890803 0.17213600515619817 0.9700392558085879 0.32826268655949925 -0.009963051414205348 -0.9848701459879898 0.17300698642759849 0.17800116630636653 0.0 0.0 0.0 1.0"/>
            </transform>
            <transform time="0.0015">
                <matrix value="0.9851455480305168 0.020032458682055346 0.17054972535264948 0.057374777699144675 -0.1714361826993621 0.1720136864141297 0.9700623103956759 0.3283219617830872 -0.009904185471206696 -0.9848905633576549 0.17289279175579214 0.17797000405957403 0.0 0.0 0.0 1.0"/>
            </transform>
        </animation>
    </shape>
    <shape name="temp21" type="ply">
        <string name="filename" value="meshes/Cube_017.ply"/>
        <boolean name="face_normals" value="true"/>
        <ref id="mat-Material" name="bsdf"/>
        <animation name="to_world">
            <transform time="0">
                <matrix value="0.9455371817306618 -0.10227412952653502 0.3090306325797208 0.20790686072110443 -0.29035591381263665 0.16417124334877553 0.9427308672257259 0.1324925746872539 -0.14715093426378525 -0.9811156327502019 0.12553409979003366 0.42564795322977306 0.0 0.0 0.0 1.0"/>
            </transform>
            <transform time="0.0015">
                <matrix value="0.9455427666590444 -0.10244581640215465 0.3089551115735122 0.20795901215688342 -0.2902847219326978 0.1640023070735635 0.9427816826334419 0.132578717010397 -0.14725397619244274 -0.9811251768755584 0.12533302702583599 0.4257015567737374 0.0 0.0 0.0 1.0"/>
            </transform>
        </animation>
    </shape>
    <shape name="temp22" type="ply">
        <string name="filename" value="meshes/Cube_018.ply"/>
        <boolean name="face_normals" value="true"/>
        <ref id="mat-Material" name="bsdf"/>
        <animation name="to_world">
            <transform time="0">
                <matrix value="0.24979025826777795 0.9565803059093952 0.15019613720574101 0.8503752439402363 -0.5029719321947353 -0.004365420515911836 0.8642920598118009 -0.06983146018050419 0.8274204958273275 -0.2914361638886745 0.48004232421997817 -0.1409145280672533 0.0 0.0 0.0 1.0"/>
            </transform>
            <transform time="0.0015">
                <matrix value="0.24947447843856127 0.9566091785781565 0.15051851165011607 0.8504000888145294 -0.5036642558739705 -0.004578904052543748 0.8638768729953827 -0.06928803148830753 0.8270833416793439 -0.29133549626906097 0.4806696064293117 -0.1410656447622545 0.0 0.0 0.0 1.0"/>
            </transform>
        </animation>
    </shape>
    <shape name="temp23" type="ply">
        <string name="filename" value="meshes/Cube_019.ply"/>
        <boolean name="face_normals" value="true"/>
        <ref id="mat-Material" name="bsdf"/>
        <animation name="to_world">
            <transform time="0">
                <matrix value="-0.08075335932499685 0.9839477872359066 -0.15914072188514874 0.5054841902850484 -0.9130724238378659 -0.008996543761980547 0.4076989704037774 -0.04695323340336278 0.39972279695830165 0.17822997645085864 0.8991419322292411 -0.05816306541706939 0.0 0.0 0.0 1.0"/>
            </transform>
            <transform time="0.0015">
                <matrix value="-0.0807453234109013 0.9839473742328424 -0.1591473080589942 0.5054960235395706 -0.9130918274747606 -0.008994997027959365 0.4076554483814931 -0.04692792759287406 0.3996799956628719 0.17823230278448213 0.8991604593005186 -0.05815735474214314 0.0 0.0 0.0 1.0"/>
            </transform>
        </animation>
    </shape>
    <shape name="temp24" type="ply">
        <string name="filename" value="meshes/Cube_020.ply"/>
        <boolean name="face_normals" value="true"/>
        <ref id="mat-Material" name="bsdf"/>
        <animation name="to_world">
            <transform time="0">
                <matrix value="0.09664510036842566 0.9458666801652306 -0.30983201268119587 0.12588487588248629 -0.9609182782488723 0.007536591235812481 -0.27672910260130895 0.14207268961208994 -0.2594136988421697 0.3244676075819336 0.9096291380650182 0.11472200180799774 0.0 0.0 0.0 1.0"/>
            </transform>
            <transform time="0.0015">
                <matrix value="0.09662969174794248 0.9458409271596719 -0.3099150908942584 0.12598762654849985 -0.9609117721695929 0.007488300238255223 -0.27675284652820453 0.14209613207757318 -0.25944346386951045 0.32454342976108214 0.9095934881331693 0.11473976772961898 0.0 0.0 0.0 1.0"/>
            </transform>
        </animation>
    </shape>
    <shape name="temp25" type="ply">
        <string name="filename" value="meshes/Cube_021.ply"/>
        <boolean name="face_normals" value="true"/>
        <ref id="mat-Material" name="bsdf"/>
        <animation name="to_world">
            <transform time="0">
                <matrix value="0.1882526900307964 0.9383321200693333 -0.2899892251008344 -0.1672586120311488 -0.7983061981075374 -0.02579369366926493 -0.6016993987521163 0.09326968125400603 -0.5720736773239579 0.34477152744027717 0.7442204887615296 0.3055160487699634 0.0 0.0 0.0 1.0"/>
            </transform>
            <transform time="0.0015">
                <matrix value="0.18832431274806763 0.938337331417089 -0.28992543138181937 -0.16726647410865808 -0.7982522955701771 -0.025725425764581054 -0.6017735495890665 0.09329488085527975 -0.5721250905789534 0.3447622686624923 0.7441851962651641 0.30556699791374936 0.0 0.0 0.0 1.0"/>
            </transform>
        </animation>
    </shape>
    <shape name="temp26" type="ply">
        <string name="filename" value="meshes/Cube_022.ply"/>
        <boolean name="face_normals" value="true"/>
        <ref id="mat-Material" name="bsdf"/>
        <animation name="to_world">
            <transform time="0">
                <matrix value="0.6378440216514457 0.40006674690200517 -0.6581049793839632 -0.08407092859991105 -0.7116950961567442 -0.020410979448211703 -0.7021919993418754 -0.1954056522102812 -0.29435625422187234 0.9162587109921718 0.2717064102376199 0.6856091639739919 0.0 0.0 0.0 1.0"/>
            </transform>
            <transform time="0.0015">
                <matrix value="0.6378462556227987 0.4000677606367991 -0.6581021879832379 -0.08408318129450426 -0.711692367520306 -0.020410978547114107 -0.7021947737218646 -0.19540239674783552 -0.294358020654935 0.9162582679525212 0.2717060017399528 0.6856447520477366 0.0 0.0 0.0 1.0"/>
            </transform>
        </animation>
    </shape>
    <shape name="temp27" type="ply">
        <string name="filename" value="meshes/Cube_023.ply"/>
        <boolean name="face_normals" value="true"/>
        <ref id="mat-Material" name="bsdf"/>
        <animation name="to_world">
            <transform time="0">
                <matrix value="0.8565866527666228 0.28320230777413685 -0.4313422857820974 -0.06584902481615162 -0.48044198238736796 0.13277433498184274 -0.8669179391433316 -0.2871679711642193 -0.18824200791806067 0.9498248936742709 0.24979492705076492 0.20459917500213376 0.0 0.0 0.0 1.0"/>
            </transform>
            <transform time="0.0015">
                <matrix value="0.856583956044061 0.2832141196617731 -0.4313398688375669 -0.06584463941496879 -0.4804401154255944 0.13276133815086952 -0.8669209603239947 -0.28716518840041727 -0.18825902918407675 0.9498231890979878 0.24978858682655652 0.20459545233805274 0.0 0.0 0.0 1.0"/>
            </transform>
        </animation>
    </shape>
    <shape name="temp28" type="ply">
        <string name="filename" value="meshes/Cube_024.ply"/>
        <boolean name="face_normals" value="true"/>
        <ref id="mat-Material" name="bsdf"/>
        <animation name="to_world">
            <transform time="0">
                <matrix value="0.8549462171137198 0.4445746240793621 -0.26724610314117386 -0.1927611757593547 -0.37659340776239436 0.17768050343850839 -0.9091795143588888 -0.5112690863780204 -0.35671373001647083 0.8779424433120647 0.3193310863169182 -0.3445148664771964 0.0 0.0 0.0 1.0"/>
            </transform>
            <transform time="0.0015">
                <matrix value="0.8549174467540807 0.44462362877021677 -0.2672564517487409 -0.19280050716627026 -0.3766160091697115 0.17766238612045368 -0.9091736762463961 -0.5112876937767736 -0.3567586902856439 0.8779212449911511 0.3193390350006909 -0.34456226295237347 0.0 0.0 0.0 1.0"/>
            </transform>
        </animation>
    </shape>
    <shape name="temp29" type="ply">
        <string name="filename" value="meshes/Cube_025.ply"/>
        <boolean name="face_normals" value="true"/>
        <ref id="mat-Material" name="bsdf"/>
        <animation name="to_world">
            <transform time="0">
                <matrix value="0.9009067828313183 0.3615333432063126 -0.24012683082273611 -0.2632926484744045 -0.32102576649699394 0.18275289253957364 -0.9292707535006604 -0.7929832085194707 -0.292078482058483 0.9142727820734508 0.28070479849425634 -0.6998214430488265 0.0 0.0 0.0 1.0"/>
            </transform>
            <transform time="0.0015">
                <matrix value="0.9009074211088477 0.3615292657396969 -0.24013060091578892 -0.26328896229400295 -0.32103034454257373 0.18275912137669653 -0.929267945079199 -0.792985997536436 -0.29207149132384197 0.9142731575307819 0.2807108748970547 -0.699792349170106 0.0 0.0 0.0 1.0"/>
            </transform>
        </animation>
    </shape>
    <shape name="temp30" type="ply">
        <string name="filename" value="meshes/Cube_026.ply"/>
        <boolean name="face_normals" value="true"/>
        <ref id="mat-Material" name="bsdf"/>
        <animation name="to_world">
            <transform time="0">
                <matrix value="0.9232430362376269 0.23467292975097148 -0.30422235155673416 -0.33242549096936624 -0.34999197733441845 0.18699240545405624 -0.9178996653114909 -1.1476142648950016 -0.15851900706881053 0.9539193989441475 0.25477317631640284 -0.8893128492441111 0.0 0.0 0.0 1.0"/>
            </transform>
            <transform time="0.0015">
                <matrix value="0.9232438181276005 0.23465523069238362 -0.304233593752948 -0.332447511335364 -0.34999675005464476 0.18698209915031766 -0.917899937643269 -1.1476216109943145 -0.1585038575516495 0.9539257667004828 0.2547587257114285 -0.8893049024660481 0.0 0.0 0.0 1.0"/>
            </transform>
        </animation>
    </shape>
    <shape name="temp31" type="ply">
        <string name="filename" value="meshes/Cube_027.ply"/>
        <boolean name="face_normals" value="true"/>
        <ref id="mat-Material" name="bsdf"/>
        <animation name="to_world">
            <transform time="0">
                <matrix value="0.8727795832469013 0.17338325445379135 -0.45628293873436776 -0.5968526421304415 -0.48377781560102623 0.18293490299797882 -0.855858656395132 -1.58381040784346 -0.06492149312001022 0.9677153578363992 0.24354085218625496 -1.0279445980244526 0.0 0.0 0.0 1.0"/>
            </transform>
            <transform time="0.0015">
                <matrix value="0.8727738706630129 0.1733731403842063 -0.45629769571259243 -0.5969038746347359 -0.48378911311329714 0.1829247168405862 -0.85585444376294 -1.5838222854866122 -0.06491405878248617 0.9677190898822703 0.24352798450974072 -1.0279454595639594 0.0 0.0 0.0 1.0"/>
            </transform>
        </animation>
    </shape>
    <shape name="temp32" type="ply">
        <string name="filename" value="meshes/Cube_028.ply"/>
        <boolean name="face_normals" value="true"/>
        <ref id="mat-Material" name="bsdf"/>
        <animation name="to_world">
            <transform time="0">
                <matrix value="-0.10569839741714492 0.9845733308581357 0.13943906224809124 -1.4862995805421886 -0.7971927762323435 -8.04164589516982e-05 -0.6037248339441 -2.122136354055468 -0.5944001794240347 -0.17497253990734699 0.7849034159598053 -1.3584766351970432 0.0 0.0 0.0 1.0"/>
            </transform>
            <transform time="0.0015">
                <matrix value="-0.10569949206310789 0.984572850272752 0.13944163067717325 -1.486295109842574 -0.7971870955623316 -7.805369770704922e-05 -0.6037323400887333 -2.122136172266073 -0.5944076153572526 -0.1749752484565335 0.7848971778600137 -1.3584973221099235 0.0 0.0 0.0 1.0"/>
            </transform>
        </animation>
    </shape>
    <shape name="temp33" type="ply">
        <string name="filename" value="meshes/Cube_029.ply"/>
        <boolean name="face_normals" value="true"/>
        <ref id="mat-Material" name="bsdf"/>
        <animation name="to_world">
            <transform time="0">
                <matrix value="-0.001867401737860067 0.9772879065042771 0.2119075164732086 -1.5852429666181358 -0.9988582106884955 -0.01193863873865042 0.046257058173581306 -1.8273887234036161 0.04773636723064676 -0.21157912740940674 0.9761945174249361 -0.12800908488888219 0.0 0.0 0.0 1.0"/>
            </transform>
            <transform time="0.0015">
                <matrix value="-0.0017943157853095525 0.9772823347174836 0.21193346713854916 -1.5850574736410794 -0.9988548118606513 -0.011883648507023425 0.046341723570275765 -1.827292628571514 0.04780745539048709 -0.211607722239743 0.9761847560327657 -0.12790156949901837 0.0 0.0 0.0 1.0"/>
            </transform>
        </animation>
    </shape>
    <shape name="temp34" type="ply">
        <string name="filename" value="meshes/Cube_030.ply"/>
        <boolean name="face_normals" value="true"/>
        <ref id="mat-Material" name="bsdf"/>
        <animation name="to_world">
            <transform time="0">
                <matrix value="-0.04237130774833727 0.9785967698770843 -0.2013778589854053 -3.2270744687694193 -0.9749221649887695 0.0035777529827668896 0.22251664960197626 -1.9145061494805407 0.21847450501303997 0.20575605686498002 0.9539042905605728 0.25137937582663006 0.0 0.0 0.0 1.0"/>
            </transform>
            <transform time="0.0015">
                <matrix value="-0.04234356566826483 0.9785954426620772 -0.20139007068102313 -3.2270206379792574 -0.9749685689520391 0.0035637600659052886 0.2223107629832602 -1.9149479030796797 0.21826995902001586 0.20576258516562596 0.9539490962929831 0.2509570095782982 0.0 0.0 0.0 1.0"/>
            </transform>
        </animation>
    </shape>
    <shape name="temp35" type="ply">
        <string name="filename" value="meshes/Cube_031.ply"/>
        <boolean name="face_normals" value="true"/>
        <ref id="mat-Material" name="bsdf"/>
        <animation name="to_world">
            <transform time="0">
                <matrix value="0.1360996902630548 0.9769212157113865 0.1646260154952411 -1.8897324260745412 -0.7722640050919548 0.0005298827966117604 0.6353018130103479 -1.1572142041343838 0.6205527394965135 -0.21359905553133665 0.7545131414528194 0.6008789085652531 0.0 0.0 0.0 1.0"/>
            </transform>
            <transform time="0.0015">
                <matrix value="0.13620306250033373 0.9769162746929092 0.16456868540077138 -1.889525103546103 -0.7718563372339075 0.0005096584795972579 0.6357885635118244 -1.1556480204045017 0.6210283839114451 -0.21362163553522878 0.7541083628165448 0.6015912953161668 0.0 0.0 0.0 1.0"/>
            </transform>
        </animation>
    </shape>
    <shape name="temp36" type="ply">
        <string name="filename" value="meshes/Cube_032.ply"/>
        <boolean name="face_normals" value="true"/>
        <ref id="mat-Material" name="bsdf"/>
        <animation name="to_world">
            <transform time="0">
                <matrix value="0.6736579099936705 0.6129885299620585 0.41283158582025165 -0.6928786484426794 -0.5242705579697425 0.0026643673749486363 0.8515477511475812 -0.5425036181651405 0.5208890709132719 -0.7900872507159649 0.32316683695010306 -0.14798626981461727 0.0 0.0 0.0 1.0"/>
            </transform>
            <transform time="0.0015">
                <matrix value="0.6733749136940592 0.6129889204376829 0.41328324807419625 -0.6932087999849451 -0.5248560499474892 0.0026864312751934305 0.8511794053969927 -0.544386999984224 0.5206530199259501 -0.7900868602403405 0.32353988042386345 -0.14827897938568363 0.0 0.0 0.0 1.0"/>
            </transform>
        </animation>
    </shape>
    <shape name="temp37" type="ply">
        <string name="filename" value="meshes/Cube_033.ply"/>
        <boolean name="face_normals" value="true"/>
        <ref id="mat-Material" name="bsdf"/>
        <animation name="to_world">
            <transform time="0">
                <matrix value="0.9766026271791953 0.1698019494267067 0.1319673386755526 -0.14424617732265776 -0.15010097034361833 0.09875758985280222 0.9837260726556321 0.3004710406681629 0.15400583660002093 -0.980517413640981 0.12193431897578413 -0.38522736163173876 0.0 0.0 0.0 1.0"/>
            </transform>
            <transform time="0.0015">
                <matrix value="0.9766028505763307 0.16980260197154814 0.13196483662734151 -0.14425718056001938 -0.1500977406593194 0.09875255496999223 0.9837270683686957 0.30048041079962695 0.15400755835365657 -0.9805178041166054 0.12192897446463932 -0.385246952584499 0.0 0.0 0.0 1.0"/>
            </transform>
        </animation>
    </shape>
    <shape name="temp38" type="ply">
        <string name="filename" value="meshes/Cube_034.ply"/>
        <boolean name="face_normals" value="true"/>
        <ref id="mat-Material" name="bsdf"/>
        <animation name="to_world">
            <transform time="0">
                <matrix value="0.9999175571382221 -0.0013078158536407307 0.012787899963169607 -0.03394784299403497 -0.012351691497038263 0.1777847746144845 0.9839920174024785 0.36940389266334683 -0.0035603747692929595 -0.9840685574117221 0.17775394650184553 -0.37713017508063995 0.0 0.0 0.0 1.0"/>
            </transform>
            <transform time="0.0015">
