
<scene version="2.1.0">
    <default name="spp" value="1024"/>
    <default name="resx" value="640"/>
    <default name="resy" value="360"/>
    <integrator name="temp0" type="path">
        <integer name="max_depth" value="12"/>
    </integrator>
    <sensor name="temp44" type="perspective">
        <string name="fov_axis" value="x"/>
        <float name="fov" value="83.974423"/>
        <float name="principal_point_offset_x" value="0.000000"/>
        <float name="principal_point_offset_y" value="-0.000000"/>
        <float name="near_clip" value="0.100000"/>
        <float name="far_clip" value="1000.000000"/>
        <sampler name="sampler" type="correlated">
            <integer name="sample_count" value="1024"/>
        </sampler>
        <film name="film" type="hdrfilm">
            <integer name="width" value="$resx"/>
            <integer name="height" value="$resy"/>
        </film>
        <float name="shutter_open" value="0.0"/>
        <float name="shutter_close" value="0.0015"/>
        <animation name="to_world">
            <transform time="0">
                <rotate angle="-142.5518126578256" x="1"/>
                <rotate angle="3.976628485794621e-06" y="1"/>
                <rotate angle="-179.999991348578" z="1"/>
                <translate value="-0.000000 3.030926 4.073377"/>
                <translate x="18.45" y="0.0" z="0.0"/>
            </transform>
            <transform time="0.0015">
                <rotate angle="-142.5518126578256" x="1"/>
                <rotate angle="3.976628485794621e-06" y="1"/>
                <rotate angle="-179.999991348578" z="1"/>
                <translate value="-0.000000 3.030926 4.073377"/>
                <translate x="18.599999999999998" y="0.0" z="0.0"/>
            </transform>
        </animation>
    </sensor>
    <bsdf id="mat-Material" name="mat-Material" type="twosided">
        <bsdf name="bsdf" type="diffuse">
            <texture name="reflectance" type="bitmap">
                <string name="filename" value="textures/siggraph_2023_logo.jpg"/>
            </texture>
        </bsdf>
    </bsdf>
    <bsdf id="mat-Material.001" name="mat-Material.001" type="twosided">
        <bsdf name="bsdf" type="principled">
            <rgb name="base_color" value="0.433648 0.266232 0.084399"/>
            <float name="spec_tint" value="0.000000"/>
            <float name="spec_trans" value="0.000000"/>
            <float name="metallic" value="0.000000"/>
            <float name="anisotropic" value="0.000000"/>
            <float name="roughness" value="0.500000"/>
            <float name="sheen" value="0.000000"/>
            <float name="sheen_tint" value="0.500000"/>
            <float name="clearcoat" value="0.000000"/>
            <float name="clearcoat_gloss" value="0.173205"/>
            <float name="specular" value="0.500000"/>
        </bsdf>
    </bsdf>
    <bsdf id="mat-Material.002" name="mat-Material.002" type="twosided">
        <bsdf name="bsdf" type="principled">
            <rgb name="base_color" value="0.433648 0.266232 0.084399"/>
            <float name="spec_tint" value="0.000000"/>
            <float name="spec_trans" value="0.000000"/>
            <float name="metallic" value="0.000000"/>
            <float name="anisotropic" value="0.000000"/>
            <float name="roughness" value="0.500000"/>
            <float name="sheen" value="0.000000"/>
            <float name="sheen_tint" value="0.500000"/>
            <float name="clearcoat" value="0.000000"/>
            <float name="clearcoat_gloss" value="0.173205"/>
            <float name="specular" value="0.500000"/>
        </bsdf>
    </bsdf>
    <bsdf id="mat-Material.003" name="mat-Material.003" type="twosided">
        <bsdf name="bsdf" type="principled">
            <rgb name="base_color" value="0.433648 0.266232 0.084399"/>
            <float name="spec_tint" value="0.000000"/>
            <float name="spec_trans" value="0.000000"/>
            <float name="metallic" value="0.000000"/>
            <float name="anisotropic" value="0.000000"/>
            <float name="roughness" value="0.500000"/>
            <float name="sheen" value="0.000000"/>
            <float name="sheen_tint" value="0.500000"/>
            <float name="clearcoat" value="0.000000"/>
            <float name="clearcoat_gloss" value="0.173205"/>
            <float name="specular" value="0.500000"/>
        </bsdf>
    </bsdf>
    <bsdf id="mat-Material.004" name="mat-Material.004" type="twosided">
        <bsdf name="bsdf" type="principled">
            <rgb name="base_color" value="0.433648 0.266232 0.084399"/>
            <float name="spec_tint" value="0.000000"/>
            <float name="spec_trans" value="0.000000"/>
            <float name="metallic" value="0.000000"/>
            <float name="anisotropic" value="0.000000"/>
            <float name="roughness" value="0.500000"/>
            <float name="sheen" value="0.000000"/>
            <float name="sheen_tint" value="0.500000"/>
            <float name="clearcoat" value="0.000000"/>
            <float name="clearcoat_gloss" value="0.173205"/>
            <float name="specular" value="0.500000"/>
        </bsdf>
    </bsdf>
    <bsdf id="mat-Material.005" name="mat-Material.005" type="twosided">
        <bsdf name="bsdf" type="principled">
            <rgb name="base_color" value="0.433648 0.266232 0.084399"/>
            <float name="spec_tint" value="0.000000"/>
            <float name="spec_trans" value="0.000000"/>
            <float name="metallic" value="0.000000"/>
            <float name="anisotropic" value="0.000000"/>
            <float name="roughness" value="0.500000"/>
            <float name="sheen" value="0.000000"/>
            <float name="sheen_tint" value="0.500000"/>
            <float name="clearcoat" value="0.000000"/>
            <float name="clearcoat_gloss" value="0.173205"/>
            <float name="specular" value="0.500000"/>
        </bsdf>
    </bsdf>
    <emitter name="temp45" type="point">
        <point name="position" x="-6.815235034541981e-16" y="3.0693089962005615" z="4.109199523925781"/>
        <rgb name="intensity" value="7.957747 7.957747 7.957747"/>
    </emitter>
    <shape name="temp2" type="ply">
        <string name="filename" value="meshes/Cube.ply"/>
        <boolean name="face_normals" value="true"/>
        <ref id="mat-Material" name="bsdf"/>
        <animation name="to_world">
            <transform time="0">
                <matrix value="0.9913572399902841 -0.06277675455704045 -0.11519691021847184 0.17539267673348036 -0.10143729821444718 0.19005930045075017 -0.9765183790277626 1.5913569294802912 0.0831969036943267 0.9797633822323919 0.18204875322738726 1.6936493087117337 0.0 0.0 0.0 1.0"/>
                <scale value="1"/>
            </transform>
            <transform time="0.0015">
                <matrix value="0.9912335418050805 -0.06349933045079616 -0.11576411603756111 0.1765467790187197 -0.10288248938797162 0.1782096981255586 -0.9766475493942529 1.6000940272751172 0.08246928326771404 0.9800169886412541 0.17012574373804906 1.7182221524165486 0.0 0.0 0.0 1.0"/>
                <scale value="1"/>
            </transform>
        </animation>
    </shape>
    <shape name="temp4" type="ply">
        <string name="filename" value="meshes/Plane.ply"/>
        <boolean name="face_normals" value="true"/>
        <ref id="mat-Material.001" name="bsdf"/>
        <transform name="to_world">
            <scale value="1"/>
        </transform>
    </shape>
    <shape name="temp5" type="ply">
        <string name="filename" value="meshes/Cube_001.ply"/>
        <boolean name="face_normals" value="true"/>
        <ref id="mat-Material" name="bsdf"/>
        <animation name="to_world">
            <transform time="0">
                <matrix value="0.9973671473174156 -0.02898131712496063 -0.06647365775913301 0.06609501736701873 -0.065345630616974 0.038272381592038766 -0.9971285059200482 1.198901320729733 0.03144221819168232 0.9988469472678617 0.03627781841150848 0.9934521359807509 0.0 0.0 0.0 1.0"/>
                <scale value="1"/>
            </transform>
            <transform time="0.0015">
                <matrix value="0.9974160393761701 -0.029188762556793854 -0.0653987327426919 0.06498265614154919 -0.06431588758544189 0.03678570504971425 -0.9972074140527467 1.1965915370278417 0.031556234185472654 0.9988665536496916 0.03481712947416029 0.9947068012911247 0.0 0.0 0.0 1.0"/>
                <scale value="1"/>
            </transform>
        </animation>
    </shape>
    <shape name="temp6" type="ply">
        <string name="filename" value="meshes/Cube_002.ply"/>
        <boolean name="face_normals" value="true"/>
        <ref id="mat-Material" name="bsdf"/>
        <animation name="to_world">
            <transform time="0">
                <matrix value="0.999222998189803 -0.033157733358641535 -0.021316381581777892 0.0008053527340350364 -0.01407499995567588 0.20500320176545558 -0.9786601207223674 0.7227032383622412 0.036820085740576255 0.9781994188847845 0.2043771904982315 0.4822159955798344 0.0 0.0 0.0 1.0"/>
                <scale value="1"/>
            </transform>
            <transform time="0.0015">
                <matrix value="0.9992346627116534 -0.03302307483592926 -0.020778095695447044 0.00046848307170727126 -0.013556941584033127 0.20560335904549276 -0.9785327034916985 0.7212343229835436 0.0365780217002192 0.9780726119257801 0.20499659976606815 0.48250436819617665 0.0 0.0 0.0 1.0"/>
                <scale value="1"/>
            </transform>
        </animation>
    </shape>
    <shape name="temp7" type="ply">
        <string name="filename" value="meshes/Cube_003.ply"/>
        <boolean name="face_normals" value="true"/>
        <ref id="mat-Material" name="bsdf"/>
        <animation name="to_world">
            <transform time="0">
                <matrix value="0.9977000214528737 -0.06040400648279286 0.030761911606112427 -0.026877989275429837 0.04265154416366593 0.20668048883762358 -0.9774783804650463 0.2836219655883504 0.05268573135683221 0.9765420098743699 0.20878144826180878 0.22227599243804708 0.0 0.0 0.0 1.0"/>
                <scale value="1"/>
            </transform>
            <transform time="0.0015">
                <matrix value="0.9977299087981893 -0.06007216227527689 0.030296208946934185 -0.026825860408989637 0.04217314494291721 0.20767860610843875 -0.9772701913310727 0.284428382226798 0.05242916293832698 0.976334952665417 0.20974563211380434 0.22237973238359407 0.0 0.0 0.0 1.0"/>
                <scale value="1"/>
            </transform>
        </animation>
    </shape>
    <shape name="temp8" type="ply">
        <string name="filename" value="meshes/Cube_004.ply"/>
        <boolean name="face_normals" value="true"/>
        <ref id="mat-Material" name="bsdf"/>
        <animation name="to_world">
            <transform time="0">
                <matrix value="0.9919440913289612 -0.10391528983799277 0.07245029906373265 0.00581603465773517 0.09467317167440566 0.22811525521303733 -0.9690203919340021 -0.17946118462126756 0.08416902027739807 0.9680728709302641 0.23611548573803331 -0.16703968310204842 0.0 0.0 0.0 1.0"/>
                <scale value="1"/>
            </transform>
            <transform time="0.0015">
                <matrix value="0.9920295726470902 -0.10348287262611075 0.07177576303571827 0.005548743872248833 0.09393586219489623 0.22841643206574938 -0.9690124347398613 -0.17799509327023139 0.08388696384144886 0.9680443211548075 0.23632574969974118 -0.16675116304988194 0.0 0.0 0.0 1.0"/>
                <scale value="1"/>
            </transform>
        </animation>
    </shape>
    <shape name="temp9" type="ply">
        <string name="filename" value="meshes/Cube_005.ply"/>
        <boolean name="face_normals" value="true"/>
        <ref id="mat-Material" name="bsdf"/>
        <animation name="to_world">
            <transform time="0">
                <matrix value="0.991739757139286 -0.12159030751549259 0.0408464182088704 0.03524240857018901 0.07212509330227099 0.2652911937892008 -0.961466851937567 -0.4682569307458372 0.10606885840571463 0.9564707992732931 0.2718695230156858 -0.5443717648447137 0.0 0.0 0.0 1.0"/>
                <scale value="1"/>
            </transform>
            <transform time="0.0015">
                <matrix value="0.9916903863723845 -0.12191253325710054 0.04103741384624234 0.03546060356709914 0.07232265296318036 0.2646458877650993 -0.9616231618678165 -0.4688244605487141 0.10637818524910878 0.9566010228940105 0.27126636769981644 -0.5454155801698326 0.0 0.0 0.0 1.0"/>
                <scale value="1"/>
            </transform>
        </animation>
    </shape>
    <shape name="temp10" type="ply">
        <string name="filename" value="meshes/Cube_006.ply"/>
        <boolean name="face_normals" value="true"/>
        <ref id="mat-Material" name="bsdf"/>
        <animation name="to_world">
            <transform time="0">
                <matrix value="0.9896981882073022 -0.12069135189592489 -0.07701289441969911 0.0032078529449632853 -0.042616040544158344 0.26518877901143667 -0.9632544734270372 -0.5125377251677394 0.13667944974265417 0.9566130536081915 0.2573134805382816 -0.9127635545804037 0.0 0.0 0.0 1.0"/>
                <scale value="1"/>
            </transform>
            <transform time="0.0015">
                <matrix value="0.9896417166028858 -0.12091398833137428 -0.07735867067417926 0.0031833777696982425 -0.04299156650108676 0.26454659679232995 -0.9634063409451568 -0.5115785444613768 0.136949244867263 0.9567559827049932 0.2566068136156379 -0.9140342372656856 0.0 0.0 0.0 1.0"/>
                <scale value="1"/>
            </transform>
        </animation>
    </shape>
    <shape name="temp11" type="ply">
        <string name="filename" value="meshes/Cube_007.ply"/>
        <boolean name="face_normals" value="true"/>
        <ref id="mat-Material" name="bsdf"/>
        <animation name="to_world">
            <transform time="0">
                <matrix value="0.9189107968235564 -0.1823611508000242 -0.3497825872145113 0.09942731508193647 -0.2963981334226908 0.26591277431412347 -0.917299693962605 -0.1558244137518796 0.26029152859703525 0.946591006272123 0.19029854839083335 -1.576642609005479 0.0 0.0 0.0 1.0"/>
                <scale value="1"/>
            </transform>
            <transform time="0.0015">
                <matrix value="0.9189990706058766 -0.18317192237176905 -0.3490820903087147 0.09996444704688669 -0.2955348088105459 0.26590999592987336 -0.9175670897272067 -0.15828519287092463 0.2609028420922351 0.9464255497354556 0.1902560305919807 -1.5783588985921901 0.0 0.0 0.0 1.0"/>
                <scale value="1"/>
            </transform>
        </animation>
    </shape>
    <shape name="temp12" type="ply">
        <string name="filename" value="meshes/Cube_008.ply"/>
        <boolean name="face_normals" value="true"/>
        <ref id="mat-Material" name="bsdf"/>
        <animation name="to_world">
            <transform time="0">
                <matrix value="0.15367956675832894 0.9517572164873191 -0.26559511815275016 2.150750212234062 -0.5802563529760101 -0.13063770407343828 -0.8038883249546948 0.464533035048882 -0.7998034668553101 0.2776543887130989 0.5321868790190162 1.263270431365988 0.0 0.0 0.0 1.0"/>
                <scale value="1"/>
            </transform>
            <transform time="0.0015">
                <matrix value="0.15544573334015965 0.9513393550052491 -0.26589365335410164 2.146807385882899 -0.5799786224660165 -0.1300063192562592 -0.8041816943626308 0.46334960076625464 -0.7996094304863631 0.2792308289183187 0.5315805748669628 1.2609052420583606 0.0 0.0 0.0 1.0"/>
                <scale value="1"/>
            </transform>
        </animation>
    </shape>
    <shape name="temp13" type="ply">
        <string name="filename" value="meshes/Cube_009.ply"/>
        <boolean name="face_normals" value="true"/>
        <ref id="mat-Material" name="bsdf"/>
        <animation name="to_world">
            <transform time="0">
                <matrix value="-0.06165148122341661 0.9918406083980119 0.1115850023237661 2.5794470480266463 -0.8756278511489699 -9.041618779240879e-05 -0.48298662806173326 1.129385549714855 -0.47903557808402786 -0.12748374608644142 0.8684887861147056 0.8493562269456252 0.0 0.0 0.0 1.0"/>
                <scale value="1"/>
            </transform>
            <transform time="0.0015">
                <matrix value="-0.06155399709634668 0.991837627266803 0.11166342196133767 2.579400431676164 -0.8760712465917271 -8.763167232408093e-05 -0.4821573692871135 1.1317840305650964 -0.47821202454474177 -0.12750689002724483 0.8689257339422659 0.8482652834401039 0.0 0.0 0.0 1.0"/>
                <scale value="1"/>
            </transform>
        </animation>
    </shape>
    <shape name="temp14" type="ply">
        <string name="filename" value="meshes/Cube_010.ply"/>
        <boolean name="face_normals" value="true"/>
        <ref id="mat-Material" name="bsdf"/>
        <animation name="to_world">
            <transform time="0">
                <matrix value="0.021464801330432763 0.9975055431216275 0.06724534667611617 1.8661798285418048 -0.9526986296755297 1.2522198559518423e-05 0.303916928789689 2.310061042943632 0.30315791619904725 -0.07058806106507198 0.9503224668703765 -0.7211082855971076 0.0 0.0 0.0 1.0"/>
                <scale value="1"/>
            </transform>
            <transform time="0.0015">
                <matrix value="0.021426560527950753 0.9975035907435058 0.06728590368616665 1.8663431941205668 -0.952899463700165 1.2354313564833469e-05 0.30326617498523223 2.3092195513219465 0.3025082438200225 -0.07061553177615895 0.9505209201432837 -0.7195438143151903 0.0 0.0 0.0 1.0"/>
                <scale value="1"/>
            </transform>
        </animation>
    </shape>
    <shape name="temp15" type="ply">
        <string name="filename" value="meshes/Cube_011.ply"/>
        <boolean name="face_normals" value="true"/>
        <ref id="mat-Material" name="bsdf"/>
        <animation name="to_world">
            <transform time="0">
                <matrix value="-0.0118209988174325 0.9993763336343897 -0.03327264277214185 1.3603420814854967 -0.8306379836426271 0.008710841991310388 0.5567448079311579 2.2583245188314023 0.5566874458137643 0.03421880051645416 0.83001686444288 -1.3650570220662979 0.0 0.0 0.0 1.0"/>
                <scale value="1"/>
            </transform>
            <transform time="0.0015">
                <matrix value="-0.012160258642985578 0.9993808466315095 -0.03291513497528412 1.361468342968155 -0.8305844800287225 0.00823275760388129 0.5568261755602271 2.2585227934681114 0.5567570180644723 0.03411120195450864 0.8299743466440274 -1.365177855543657 0.0 0.0 0.0 1.0"/>
                <scale value="1"/>
            </transform>
        </animation>
    </shape>
    <shape name="temp16" type="ply">
        <string name="filename" value="meshes/Cube_012.ply"/>
        <boolean name="face_normals" value="true"/>
        <ref id="mat-Material" name="bsdf"/>
        <animation name="to_world">
            <transform time="0">
                <matrix value="0.09425293469993458 0.9896673709855389 0.10805006474868102 1.1077090854836915 -0.7556606332675564 0.00045914568137114825 0.6549632854412154 1.8435145436532145 0.648146276685336 -0.14338135633876556 0.7478959633606149 -1.7759682247492172 0.0 0.0 0.0 1.0"/>
                <scale value="1"/>
            </transform>
            <transform time="0.0015">
                <matrix value="0.09416155569743365 0.9896702770252817 0.10810175076705006 1.1078896826305482 -0.756062700240283 0.0004446480348083356 0.6544912578764912 1.843445433191957 0.6476825521032664 -0.14336129264990646 0.7482947336770357 -1.7748568934301934 0.0 0.0 0.0 1.0"/>
                <scale value="1"/>
            </transform>
        </animation>
    </shape>
    <shape name="temp17" type="ply">
        <string name="filename" value="meshes/Cube_013.ply"/>
        <boolean name="face_normals" value="true"/>
        <ref id="mat-Material" name="bsdf"/>
        <animation name="to_world">
            <transform time="0">
                <matrix value="0.9305866563125524 0.1921573015896192 0.3115839385447787 0.5429918923252025 -0.34025835642619945 0.14007525713201077 0.9298404662472384 1.4514913318081377 0.1350304595347386 -0.9713159360314378 0.1957352864000348 -1.42217688190442 0.0 0.0 0.0 1.0"/>
                <scale value="1"/>
            </transform>
            <transform time="0.0015">
                <matrix value="0.9303598603494075 0.19212164515779967 0.3122605128059447 0.5440279394295827 -0.34098147061345435 0.14048897506697486 0.9295014472250018 1.4516041255490226 0.1347010413104118 -0.9712608113860863 0.19621201509207803 -1.4213197826360808 0.0 0.0 0.0 1.0"/>
                <scale value="1"/>
            </transform>
        </animation>
    </shape>
    <shape name="temp18" type="ply">
        <string name="filename" value="meshes/Cube_014.ply"/>
        <boolean name="face_normals" value="true"/>
        <ref id="mat-Material" name="bsdf"/>
        <animation name="to_world">
            <transform time="0">
                <matrix value="0.9417390479533781 0.28917552975138866 0.17177208086044118 0.11214010094606497 -0.21629350190682362 0.12957332042893227 0.9676920865717523 1.025768525156125 0.25757583413559987 -0.9484661770503293 0.18457102048554655 -0.8617659455760363 0.0 0.0 0.0 1.0"/>
                <scale value="1"/>
            </transform>
            <transform time="0.0015">
                <matrix value="0.9417399894127341 0.2891819951266302 0.17175598435028308 0.11213219419604789 -0.21629186153357297 0.12962340343324186 0.9676857123060717 1.0257615838983123 0.2575737549465478 -0.9484573237664621 0.18461923342270828 -0.8617241213164499 0.0 0.0 0.0 1.0"/>
                <scale value="1"/>
            </transform>
        </animation>
    </shape>
    <shape name="temp19" type="ply">
        <string name="filename" value="meshes/Cube_015.ply"/>
        <boolean name="face_normals" value="true"/>
        <ref id="mat-Material" name="bsdf"/>
        <animation name="to_world">
            <transform time="0">
                <matrix value="0.9837924425603739 0.12466859120234115 0.12888084304248354 0.03409637255194531 -0.14950848984179835 0.17350225166502234 0.9734189998491798 0.6390284007797249 0.09899366519687887 -0.976910786507948 0.18932923297752682 -0.29815383362648284 0.0 0.0 0.0 1.0"/>
                <scale value="1"/>
            </transform>
            <transform time="0.0015">
                <matrix value="0.983790479856971 0.1246871410472413 0.1288779061144643 0.03409942156934588 -0.14950680478912065 0.17347930596568975 0.9734233401368929 0.6390302383079266 0.09901573045107129 -0.9769124835750846 0.18930888128333623 -0.29811753407233693 0.0 0.0 0.0 1.0"/>
                <scale value="1"/>
            </transform>
        </animation>
    </shape>
    <shape name="temp20" type="ply">
        <string name="filename" value="meshes/Cube_016.ply"/>
        <boolean name="face_normals" value="true"/>
        <ref id="mat-Material" name="bsdf"/>
        <animation name="to_world">
            <transform time="0">
                <matrix value="0.9846935519044302 0.03443735490370717 0.17085883841953647 0.06630044628246645 -0.17425340453559848 0.1731426944472835 0.9693593828379826 0.3348298198997714 0.0037992108533811326 -0.9842944539581957 0.17649334476225959 0.13315739559252626 0.0 0.0 0.0 1.0"/>
                <scale value="1"/>
            </transform>
            <transform time="0.0015">
                <matrix value="0.9846993123591333 0.03439189678280204 0.1708345966361034 0.06629591937108355 -0.1742218592644002 0.17328490116418013 0.9693393409211896 0.33471962351103507 0.003734476427207515 -0.9842707100365772 0.17662542652566487 0.13340655554580824 0.0 0.0 0.0 1.0"/>
                <scale value="1"/>
            </transform>
        </animation>
    </shape>
    <shape name="temp21" type="ply">
        <string name="filename" value="meshes/Cube_017.ply"/>
        <boolean name="face_normals" value="true"/>
        <ref id="mat-Material" name="bsdf"/>
        <animation name="to_world">
            <transform time="0">
                <matrix value="0.9484381953346205 -0.06192070468041792 0.3108548953454232 0.20647716178559106 -0.2974116044090088 0.16525371123204352 0.9403392556667507 0.1424097961228103 -0.10959643775918529 -0.9843053003297715 0.13831703545126214 0.3699260451895979 0.0 0.0 0.0 1.0"/>
                <scale value="1"/>
            </transform>
            <transform time="0.0015">
                <matrix value="0.9484988476568545 -0.06196450628357826 0.31065919092140093 0.2064246952358961 -0.29718396751521886 0.16549736576888766 0.9403667781970728 0.14206515100205022 -0.10968143877347339 -0.9842607485628637 0.13855990348406375 0.37015722666242384 0.0 0.0 0.0 1.0"/>
                <scale value="1"/>
            </transform>
        </animation>
    </shape>
    <shape name="temp22" type="ply">
        <string name="filename" value="meshes/Cube_018.ply"/>
        <boolean name="face_normals" value="true"/>
        <ref id="mat-Material" name="bsdf"/>
        <animation name="to_world">
            <transform time="0">
                <matrix value="0.23685905107379612 0.9558802977746166 0.1737548466952642 0.8458123745376739 -0.5469441179234328 -0.016618061711682588 0.8370042376226952 -0.03631421881400816 0.8029633333156037 -0.2932860959945602 0.5188771127241678 -0.1494819571974288 0.0 0.0 0.0 1.0"/>
                <scale value="1"/>
            </transform>
            <transform time="0.0015">
                <matrix value="0.23719397444181425 0.9558832113235058 0.1732531553916128 0.8458556242061017 -0.5460390563436384 -0.016316612051673774 0.8375810278182992 -0.037054879237154045 0.8034606472526595 -0.29328936998248734 0.5180821252017457 -0.14939416141336673 0.0 0.0 0.0 1.0"/>
                <scale value="1"/>
            </transform>
        </animation>
    </shape>
    <shape name="temp23" type="ply">
        <string name="filename" value="meshes/Cube_019.ply"/>
        <boolean name="face_normals" value="true"/>
        <ref id="mat-Material" name="bsdf"/>
        <animation name="to_world">
            <transform time="0">
                <matrix value="-0.08033915043074179 0.9842448109498293 -0.15750498439554422 0.5017428692116599 -0.9122652816265888 -0.008932656547558211 0.4095024303803932 -0.04780850470834783 0.40164375996184576 0.17658537450226627 0.8986100427355479 -0.05103640478355442 0.0 0.0 0.0 1.0"/>
                <scale value="1"/>
            </transform>
            <transform time="0.0015">
                <matrix value="-0.08036494163001225 0.9842419649832596 -0.15750954935697428 0.5017485426358691 -0.912220490500961 -0.008935089060514918 0.40960177190681574 -0.047855650241410655 0.4017399404070618 0.17660109114614597 0.8985637888851147 -0.05103527568826125 0.0 0.0 0.0 1.0"/>
                <scale value="1"/>
            </transform>
        </animation>
    </shape>
    <shape name="temp24" type="ply">
        <string name="filename" value="meshes/Cube_020.ply"/>
        <boolean name="face_normals" value="true"/>
        <ref id="mat-Material" name="bsdf"/>
        <animation name="to_world">
            <transform time="0">
                <matrix value="0.09490070630274049 0.9530062612268209 -0.28770257300106844 0.11195921826594557 -0.9552244192188198 0.005815188263379746 -0.29582488100160365 0.16213409703574003 -0.2802499072852752 0.3028944958118251 0.9108869976021525 0.10548900330163835 0.0 0.0 0.0 1.0"/>
                <scale value="1"/>
            </transform>
            <transform time="0.0015">
                <matrix value="0.09490746488381574 0.9529817277961904 -0.2877812853952958 0.11196864071772435 -0.9552736775495774 0.005851653168638621 -0.295663694630493 0.16201694472687597 -0.28007811743083816 0.3029706324169072 0.9109139839794245 0.10559903393746867 0.0 0.0 0.0 1.0"/>
                <scale value="1"/>
            </transform>
        </animation>
    </shape>
    <shape name="temp25" type="ply">
        <string name="filename" value="meshes/Cube_021.ply"/>
        <boolean name="face_normals" value="true"/>
        <ref id="mat-Material" name="bsdf"/>
        <animation name="to_world">
            <transform time="0">
                <matrix value="0.2094124040161198 0.9334043214447367 -0.2913808844116664 -0.15375343873108946 -0.7807587225434243 -0.019790443929473555 -0.6245193491941993 0.11634801105453949 -0.5886956652784352 0.35828005748576935 0.7246190607446169 0.29402608811567255 0.0 0.0 0.0 1.0"/>
                <scale value="1"/>
            </transform>
            <transform time="0.0015">
                <matrix value="0.20938929198677914 0.9334068445180017 -0.29138938626936334 -0.15376358815889246 -0.7807969713243754 -0.019791880279039397 -0.6244714102908893 0.11628820117935271 -0.588653076210284 0.3582734118910089 0.7246568893306657 0.2940281413827978 0.0 0.0 0.0 1.0"/>
                <scale value="1"/>
            </transform>
        </animation>
    </shape>
    <shape name="temp26" type="ply">
        <string name="filename" value="meshes/Cube_022.ply"/>
        <boolean name="face_normals" value="true"/>
        <ref id="mat-Material" name="bsdf"/>
        <animation name="to_world">
            <transform time="0">
                <matrix value="0.6421425747348976 0.39918276761857485 -0.6544510167599561 -0.0800123127129061 -0.7074461860868363 -0.020226305371248355 -0.7064780830797206 -0.18919602801296337 -0.29525098089275864 0.916648137448558 0.2694119571594926 0.6779574860287527 0.0 0.0 0.0 1.0"/>
                <scale value="1"/>
            </transform>
            <transform time="0.0015">
                <matrix value="0.6419331558774914 0.3991916209024421 -0.6546493338669743 -0.08009839475105433 -0.707663360016225 -0.02023855519231563 -0.7062583794177552 -0.18947451112687172 -0.295181577785596 0.916644007417916 0.2695014096382236 0.6779873336999638 0.0 0.0 0.0 1.0"/>
                <scale value="1"/>
            </transform>
        </animation>
    </shape>
    <shape name="temp27" type="ply">
        <string name="filename" value="meshes/Cube_023.ply"/>
        <boolean name="face_normals" value="true"/>
        <ref id="mat-Material" name="bsdf"/>
        <animation name="to_world">
            <transform time="0">
                <matrix value="0.8581180510862069 0.27663378686462686 -0.43255924894366743 -0.06360307690583544 -0.4802536048806174 0.13442018843484774 -0.8667687736897671 -0.2870655634050857 -0.18163279417474695 0.9515277740116765 0.24820256810431277 0.2063630714801863 0.0 0.0 0.0 1.0"/>
                <scale value="1"/>
            </transform>
            <transform time="0.0015">
                <matrix value="0.8581222637179011 0.27662599237043334 -0.43255587032754567 -0.06358518975225656 -0.4802563016031792 0.13446314976450108 -0.8667605782053206 -0.28707047621685594 -0.18160564823142025 0.9515239368377527 0.2482370180742398 0.20640596724412671 0.0 0.0 0.0 1.0"/>
                <scale value="1"/>
            </transform>
        </animation>
    </shape>
    <shape name="temp28" type="ply">
        <string name="filename" value="meshes/Cube_024.ply"/>
        <boolean name="face_normals" value="true"/>
        <ref id="mat-Material" name="bsdf"/>
        <animation name="to_world">
            <transform time="0">
                <matrix value="0.8567391277367927 0.4384893924571829 -0.27152462222844204 -0.19014389440827306 -0.3789069938141259 0.17796576301095277 -0.9081618324609557 -0.5129588860188204 -0.34989721236749305 0.8809400049643009 0.3186169360233861 -0.3367273516389688 0.0 0.0 0.0 1.0"/>
                <scale value="1"/>
            </transform>
            <transform time="0.0015">
                <matrix value="0.8567344204400131 0.4385163803301421 -0.2714957976118059 -0.1901515902045467 -0.37888650510543115 0.17796506691306094 -0.9081705045260139 -0.5129428783162859 -0.3499308527846817 0.8809266987564869 0.31861672326418444 -0.3367676859391961 0.0 0.0 0.0 1.0"/>
                <scale value="1"/>
            </transform>
        </animation>
    </shape>
    <shape name="temp29" type="ply">
        <string name="filename" value="meshes/Cube_025.ply"/>
        <boolean name="face_normals" value="true"/>
        <ref id="mat-Material" name="bsdf"/>
        <animation name="to_world">
            <transform time="0">
                <matrix value="0.8995579998829843 0.3657726058199127 -0.23875952023094876 -0.26640246364834963 -0.3212020878433125 0.18349432547040925 -0.9290636711911157 -0.7930562735351985 -0.29601499573601975 0.9124364079320351 0.282550573235037 -0.7071293376797055 0.0 0.0 0.0 1.0"/>
                <scale value="1"/>
            </transform>
            <transform time="0.0015">
                <matrix value="0.8995604891653491 0.3657643908135083 -0.23876268608786894 -0.26639839401194804 -0.3211986539102042 0.18348172362054835 -0.9290673476701198 -0.7930540962354481 -0.2960111373483544 0.9124422350298137 0.28253580774644427 -0.7071338942179016 0.0 0.0 0.0 1.0"/>
                <scale value="1"/>
            </transform>
        </animation>
    </shape>
    <shape name="temp30" type="ply">
        <string name="filename" value="meshes/Cube_026.ply"/>
        <boolean name="face_normals" value="true"/>
        <ref id="mat-Material" name="bsdf"/>
        <animation name="to_world">
            <transform time="0">
                <matrix value="0.9233534032945231 0.23713192733765381 -0.3019718680100856 -0.32635842881607746 -0.3493352268597071 0.19250309225881948 -0.9170101096827055 -1.1459419300903122 -0.15932189416464107 0.9522135984297792 0.2605868466801349 -0.879122740787215 0.0 0.0 0.0 1.0"/>
                <scale value="1"/>
            </transform>
            <transform time="0.0015">
                <matrix value="0.9233631051129705 0.23711898156887765 -0.30195232820500834 -0.3263336086464354 -0.3493082101675801 0.19247858015150154 -0.9170255304696393 -1.1459144863143373 -0.15932482385850116 0.9522217683813039 0.26055516257982897 -0.8791891089440902 0.0 0.0 0.0 1.0"/>
                <scale value="1"/>
            </transform>
        </animation>
    </shape>
    <shape name="temp31" type="ply">
        <string name="filename" value="meshes/Cube_027.ply"/>
        <boolean name="face_normals" value="true"/>
        <ref id="mat-Material" name="bsdf"/>
        <animation name="to_world">
            <transform time="0">
                <matrix value="0.8735455040272895 0.17523080870129304 -0.4541062105308446 -0.5816501791554474 -0.48246759463642697 0.18834246583914416 -0.8554251073589394 -1.5827953370575245 -0.0643693475666945 0.9663443347524003 0.24906895699070633 -1.017329915592654 0.0 0.0 0.0 1.0"/>
                <scale value="1"/>
            </transform>
            <transform time="0.0015">
                <matrix value="0.8735572323768928 0.17520921314652307 -0.45409194715396767 -0.5816661375885923 -0.48244640382244985 0.18831572201345018 -0.8554429280696675 -1.5827733842130698 -0.0643688066264883 0.9663534433472527 0.24903367300470894 -1.0174014066486456 0.0 0.0 0.0 1.0"/>
                <scale value="1"/>
            </transform>
        </animation>
    </shape>
    <shape name="temp32" type="ply">
        <string name="filename" value="meshes/Cube_028.ply"/>
        <boolean name="face_normals" value="true"/>
        <ref id="mat-Material" name="bsdf"/>
        <animation name="to_world">
            <transform time="0">
                <matrix value="-0.1061666817368672 0.9842496083834109 0.14135488092530804 -1.4831472846146552 -0.8001726867685413 -0.00017405255901364766 -0.5997697036689974 -2.120670096958815 -0.5902984254299883 -0.17678382138529025 0.7875883941239685 -1.3430803950110142 0.0 0.0 0.0 1.0"/>
                <scale value="1"/>
            </transform>
            <transform time="0.0015">
                <matrix value="-0.1061398453581423 0.9842535206488009 0.1413477092381397 -1.483130149428741 -0.8002444291628492 -0.00017806065613285788 -0.5996736641653841 -2.120635456790184 -0.5902056677480239 -0.1767619892924017 0.7876625534712868 -1.3428696665308941 0.0 0.0 0.0 1.0"/>
                <scale value="1"/>
            </transform>
        </animation>
    </shape>
    <shape name="temp33" type="ply">
        <string name="filename" value="meshes/Cube_029.ply"/>
        <boolean name="face_normals" value="true"/>
        <ref id="mat-Material" name="bsdf"/>
        <animation name="to_world">
            <transform time="0">
                <matrix value="0.004218729777120599 0.9774877300421548 0.2109502335822261 -1.572951257792883 -0.9979220852902433 -0.009449014753151184 0.06374137688933058 -1.7988452739201297 0.06429971437537566 -0.21078066759417052 0.975416540392161 -0.08874901287720482 0.0 0.0 0.0 1.0"/>
                <scale value="1"/>
            </transform>
            <transform time="0.0015">
                <matrix value="0.004224809849296573 0.9774853045877959 0.2109613166345571 -1.572921892227178 -0.9979196598356315 -0.009451612166967707 0.06377861230272529 -1.7987763191218094 0.06433660681657674 -0.21079176611287773 0.9754116894823639 -0.08868045284910103 0.0 0.0 0.0 1.0"/>
                <scale value="1"/>
            </transform>
        </animation>
    </shape>
    <shape name="temp34" type="ply">
        <string name="filename" value="meshes/Cube_030.ply"/>
        <boolean name="face_normals" value="true"/>
        <ref id="mat-Material" name="bsdf"/>
        <animation name="to_world">
            <transform time="0">
                <matrix value="-0.04192365133627866 0.9788298960193573 -0.20033591015551408 -3.2252639792422766 -0.9751465129636734 0.0035747757701040344 0.22153199552325117 -1.9166877029916263 0.21755823523370368 0.20464428675466564 0.9543528595611321 0.25380757380115093 0.0 0.0 0.0 1.0"/>
                <scale value="1"/>
            </transform>
            <transform time="0.0015">
                <matrix value="-0.04196729412236475 0.9788263931171186 -0.2003437326124553 -3.225372412091753 -0.9751015956226381 0.003575054207433287 0.22172719472294872 -1.916254435866195 0.21774859214059328 0.20466099350306272 0.9543053138901095 0.2541690468335434 0.0 0.0 0.0 1.0"/>
                <scale value="1"/>
            </transform>
        </animation>
    </shape>
    <shape name="temp35" type="ply">
        <string name="filename" value="meshes/Cube_031.ply"/>
        <boolean name="face_normals" value="true"/>
        <ref id="mat-Material" name="bsdf"/>
        <animation name="to_world">
            <transform time="0">
                <matrix value="0.14346126160627062 0.977580341368687 0.1541288572035094 -1.8841105625737562 -0.7265680543661917 -0.0017046157568577228 0.6870924839995821 -0.9620723943036276 0.6719509881619142 -0.21055623113617827 0.7100341780368881 0.6791767848326655 0.0 0.0 0.0 1.0"/>
                <scale value="1"/>
            </transform>
            <transform time="0.0015">
                <matrix value="0.14342366546409333 0.9775793426521863 0.15416987887965625 -1.8841509981747664 -0.7267794199700627 -0.0016948001007594117 0.686867078391013 -0.9629887204122654 0.671728500572093 -0.21056091684367037 0.7102415246444232 0.6788757513954496 0.0 0.0 0.0 1.0"/>
                <scale value="1"/>
            </transform>
        </animation>
    </shape>
    <shape name="temp36" type="ply">
        <string name="filename" value="meshes/Cube_032.ply"/>
        <boolean name="face_normals" value="true"/>
        <ref id="mat-Material" name="bsdf"/>
        <animation name="to_world">
            <transform time="0">
