
<scene version="2.1.0">
    <default name="spp" value="1024"/>
    <default name="resx" value="1280"/>
    <default name="resy" value="720"/>
    <integrator name="temp0" type="path">
        <integer name="max_depth" value="12"/>
    </integrator>
    <sensor name="temp44" type="perspective">
        <string name="fov_axis" value="x"/>
        <float name="fov" value="83.974423"/>
        <float name="principal_point_offset_x" value="0.000000"/>
        <float name="principal_point_offset_y" value="-0.000000"/>
        <float name="near_clip" value="0.100000"/>
        <float name="far_clip" value="1000.000000"/>
        <sampler name="sampler" type="correlated">
            <integer name="sample_count" value="1024"/>
        </sampler>
        <film name="film" type="hdrfilm">
            <integer name="width" value="$resx"/>
            <integer name="height" value="$resy"/>
        </film>
        <float name="shutter_open" value="0.0"/>
        <float name="shutter_close" value="0.0015"/>
        <animation name="to_world">
            <transform time="0">
                <rotate angle="-142.5518126578256" x="1"/>
                <rotate angle="3.976628485794621e-06" y="1"/>
                <rotate angle="-179.999991348578" z="1"/>
                <translate value="-0.000000 3.030926 4.073377"/>
                <translate x="22.95" y="0.0" z="0.0"/>
            </transform>
            <transform time="0.0015">
                <rotate angle="-142.5518126578256" x="1"/>
                <rotate angle="3.976628485794621e-06" y="1"/>
                <rotate angle="-179.999991348578" z="1"/>
                <translate value="-0.000000 3.030926 4.073377"/>
                <translate x="23.099999999999998" y="0.0" z="0.0"/>
            </transform>
        </animation>
    </sensor>
    <bsdf id="mat-Material" name="mat-Material" type="twosided">
        <bsdf name="bsdf" type="diffuse">
            <texture name="reflectance" type="bitmap">
                <string name="filename" value="textures/siggraph_2023_logo.jpg"/>
            </texture>
        </bsdf>
    </bsdf>
    <bsdf id="mat-Material.001" name="mat-Material.001" type="twosided">
        <bsdf name="bsdf" type="principled">
            <rgb name="base_color" value="0.433648 0.266232 0.084399"/>
            <float name="spec_tint" value="0.000000"/>
            <float name="spec_trans" value="0.000000"/>
            <float name="metallic" value="0.000000"/>
            <float name="anisotropic" value="0.000000"/>
            <float name="roughness" value="0.500000"/>
            <float name="sheen" value="0.000000"/>
            <float name="sheen_tint" value="0.500000"/>
            <float name="clearcoat" value="0.000000"/>
            <float name="clearcoat_gloss" value="0.173205"/>
            <float name="specular" value="0.500000"/>
        </bsdf>
    </bsdf>
    <bsdf id="mat-Material.002" name="mat-Material.002" type="twosided">
        <bsdf name="bsdf" type="principled">
            <rgb name="base_color" value="0.433648 0.266232 0.084399"/>
            <float name="spec_tint" value="0.000000"/>
            <float name="spec_trans" value="0.000000"/>
            <float name="metallic" value="0.000000"/>
            <float name="anisotropic" value="0.000000"/>
            <float name="roughness" value="0.500000"/>
            <float name="sheen" value="0.000000"/>
            <float name="sheen_tint" value="0.500000"/>
            <float name="clearcoat" value="0.000000"/>
            <float name="clearcoat_gloss" value="0.173205"/>
            <float name="specular" value="0.500000"/>
        </bsdf>
    </bsdf>
    <bsdf id="mat-Material.003" name="mat-Material.003" type="twosided">
        <bsdf name="bsdf" type="principled">
            <rgb name="base_color" value="0.433648 0.266232 0.084399"/>
            <float name="spec_tint" value="0.000000"/>
            <float name="spec_trans" value="0.000000"/>
            <float name="metallic" value="0.000000"/>
            <float name="anisotropic" value="0.000000"/>
            <float name="roughness" value="0.500000"/>
            <float name="sheen" value="0.000000"/>
            <float name="sheen_tint" value="0.500000"/>
            <float name="clearcoat" value="0.000000"/>
            <float name="clearcoat_gloss" value="0.173205"/>
            <float name="specular" value="0.500000"/>
        </bsdf>
    </bsdf>
    <bsdf id="mat-Material.004" name="mat-Material.004" type="twosided">
        <bsdf name="bsdf" type="principled">
            <rgb name="base_color" value="0.433648 0.266232 0.084399"/>
            <float name="spec_tint" value="0.000000"/>
            <float name="spec_trans" value="0.000000"/>
            <float name="metallic" value="0.000000"/>
            <float name="anisotropic" value="0.000000"/>
            <float name="roughness" value="0.500000"/>
            <float name="sheen" value="0.000000"/>
            <float name="sheen_tint" value="0.500000"/>
            <float name="clearcoat" value="0.000000"/>
            <float name="clearcoat_gloss" value="0.173205"/>
            <float name="specular" value="0.500000"/>
        </bsdf>
    </bsdf>
    <bsdf id="mat-Material.005" name="mat-Material.005" type="twosided">
        <bsdf name="bsdf" type="principled">
            <rgb name="base_color" value="0.433648 0.266232 0.084399"/>
            <float name="spec_tint" value="0.000000"/>
            <float name="spec_trans" value="0.000000"/>
            <float name="metallic" value="0.000000"/>
            <float name="anisotropic" value="0.000000"/>
            <float name="roughness" value="0.500000"/>
            <float name="sheen" value="0.000000"/>
            <float name="sheen_tint" value="0.500000"/>
            <float name="clearcoat" value="0.000000"/>
            <float name="clearcoat_gloss" value="0.173205"/>
            <float name="specular" value="0.500000"/>
        </bsdf>
    </bsdf>
    <emitter name="temp45" type="point">
        <point name="position" x="-6.815235034541981e-16" y="3.0693089962005615" z="4.109199523925781"/>
        <rgb name="intensity" value="7.957747 7.957747 7.957747"/>
    </emitter>
    <shape name="temp2" type="ply">
        <string name="filename" value="meshes/Cube.ply"/>
        <boolean name="face_normals" value="true"/>
        <ref id="mat-Material" name="bsdf"/>
        <animation name="to_world">
            <transform time="0">
                <matrix value="0.9999991135176153 0.0002109799696718764 0.001262803762089848 -0.002118880359273989 -0.00021106458556062035 1.0 6.672894107657271e-05 -0.017394263861888887 -0.0012627897246053825 -6.699537777703615e-05 0.9999992908140084 0.0029480755700307393 0.0 0.0 0.0 1.0"/>
            </transform>
            <transform time="0.0015">
                <matrix value="0.9999991135176153 0.00021042949666046318 0.0012633069801535305 -0.0021196377263435267 -0.00021051954442130128 1.0 7.099677321808107e-05 -0.017401328636102012 -0.0012632920490210442 -7.126262680988883e-05 0.9999992908140084 0.0029457808633528686 0.0 0.0 0.0 1.0"/>
            </transform>
        </animation>
    </shape>
    <shape name="temp4" type="ply">
        <string name="filename" value="meshes/Plane.ply"/>
        <boolean name="face_normals" value="true"/>
        <ref id="mat-Material.001" name="bsdf"/>
    </shape>
    <shape name="temp5" type="ply">
        <string name="filename" value="meshes/Cube_001.ply"/>
        <boolean name="face_normals" value="true"/>
        <ref id="mat-Material" name="bsdf"/>
        <animation name="to_world">
            <transform time="0">
                <matrix value="0.9999991135176153 -0.00015944041066031462 -0.0015105342487190918 0.0020712839277645667 0.00016413420811415056 0.9999949939823497 0.0031040361665944085 -0.021104979511009425 0.001510034094112516 -0.003104279519338872 0.9999939719190715 -0.003166916407467024 0.0 0.0 0.0 1.0"/>
            </transform>
            <transform time="0.0015">
                <matrix value="0.9999991135176153 -0.00015920602015765794 -0.0015113048625473757 0.0020732632187540614 0.00016396096363572487 0.9999948738360037 0.0031429438673138857 -0.021142298379201084 0.0015107990697315384 -0.003143186810913968 0.9999938442635505 -0.0031716156567614742 0.0 0.0 0.0 1.0"/>
            </transform>
        </animation>
    </shape>
    <shape name="temp6" type="ply">
        <string name="filename" value="meshes/Cube_002.ply"/>
        <boolean name="face_normals" value="true"/>
        <ref id="mat-Material" name="bsdf"/>
        <animation name="to_world">
            <transform time="0">
                <matrix value="1.0 1.4626445748326637e-05 0.0003280422542469603 -0.0008671622529909939 -1.4333660002092097e-05 0.9999968712389685 -0.0008774108186795809 -0.017072701753045566 -0.0003280157687486592 0.0008774015848217546 0.9999969268607032 0.0008854093243777506 0.0 0.0 0.0 1.0"/>
            </transform>
            <transform time="0.0015">
                <matrix value="1.0 1.3477629591608638e-05 0.0003281924622433072 -0.0008670919194299735 -1.312925216506191e-05 0.9999967210560361 -0.001046489279655369 -0.0169629806767293 -0.0003281674234896519 0.0010464801583622636 0.999996773674078 0.0008811762404439377 0.0 0.0 0.0 1.0"/>
            </transform>
        </animation>
    </shape>
    <shape name="temp7" type="ply">
        <string name="filename" value="meshes/Cube_003.ply"/>
        <boolean name="face_normals" value="true"/>
        <ref id="mat-Material" name="bsdf"/>
        <animation name="to_world">
            <transform time="0">
                <matrix value="0.9999991135176153 -0.00046023344728976295 0.001224806758637058 -0.0012780019660290076 0.0004656315211860425 0.9999900922567336 -0.004409127507386172 -0.017347945438184936 -0.0012227606125238687 0.004409694570348106 0.9999895986054566 0.003466460071299804 0.0 0.0 0.0 1.0"/>
            </transform>
            <transform time="0.0015">
                <matrix value="0.9999991135176153 -0.0004615141322461317 0.001225255595448805 -0.0012785935458390107 0.0004669315329441103 0.999990024674414 -0.00442327173911017 -0.0173460637295412 -0.0012231971943539991 0.00442384075130328 0.9999895305225122 0.0034709248489821253 0.0 0.0 0.0 1.0"/>
            </transform>
        </animation>
    </shape>
    <shape name="temp8" type="ply">
        <string name="filename" value="meshes/Cube_004.ply"/>
        <boolean name="face_normals" value="true"/>
        <ref id="mat-Material" name="bsdf"/>
        <animation name="to_world">
            <transform time="0">
                <matrix value="0.9999995567588077 0.00029452591969930523 0.0008854470779409587 -0.0005707383872415317 -0.00029475805236274153 0.9999998957079657 0.00026031971995663566 -0.017055236177539984 -0.0008853676331097625 -0.00026058021830408634 0.9999996454070041 0.0028013859710980093 0.0 0.0 0.0 1.0"/>
            </transform>
            <transform time="0.0015">
                <matrix value="0.9999995567588076 0.00029550563805906733 0.0008862347976090534 -0.0005706267332141904 -0.00029574907396881197 0.999999888198819 0.0002729005119634155 -0.01705252420116162 -0.0008861512783465209 -0.00027316207130754133 0.9999996368966362 0.002803566979557563 0.0 0.0 0.0 1.0"/>
            </transform>
        </animation>
    </shape>
    <shape name="temp9" type="ply">
        <string name="filename" value="meshes/Cube_005.ply"/>
        <boolean name="face_normals" value="true"/>
        <ref id="mat-Material" name="bsdf"/>
        <animation name="to_world">
            <transform time="0">
                <matrix value="0.9999997783794039 0.0003193383504754674 0.0007861161240054258 -0.0006241852041293239 -0.000321722187058421 0.9999935338938682 0.0030309131809781184 -0.015782976079150052 -0.00078480950380035 -0.0030311603740329524 0.9999933809307451 0.0022432876432470217 0.0 0.0 0.0 1.0"/>
            </transform>
            <transform time="0.0015">
                <matrix value="0.9999997624224656 0.00033180215969402576 0.0007862590981889174 -0.0006264338207080896 -0.0003342952969719099 0.9999931133816573 0.003169615585219572 -0.015694661448701748 -0.0007848699805962636 -0.00316987233409174 0.9999929554123419 0.002244285238096673 0.0 0.0 0.0 1.0"/>
            </transform>
        </animation>
    </shape>
    <shape name="temp10" type="ply">
        <string name="filename" value="meshes/Cube_006.ply"/>
        <boolean name="face_normals" value="true"/>
        <ref id="mat-Material" name="bsdf"/>
        <animation name="to_world">
            <transform time="0">
                <matrix value="0.9999995567588077 9.771642161515002e-06 -0.0011508386597141223 -0.0011226893685860606 -8.63633301242672e-06 0.9999989570796561 0.0010004778849804338 -0.01707582672493768 0.0011506364057039824 -0.0010004627959025747 0.9999984634303516 -0.0025966060434041704 0.0 0.0 0.0 1.0"/>
            </transform>
            <transform time="0.0015">
                <matrix value="0.9999995567588076 2.4803639597943604e-05 -0.0011519855169145592 -0.00112380952218203 -2.3751271488305453e-05 0.9999990321711224 0.0009273844365822661 -0.017087444252289072 0.0011517977516687814 -0.0009273520736064206 0.9999985400236642 -0.002603342688071202 0.0 0.0 0.0 1.0"/>
            </transform>
        </animation>
    </shape>
    <shape name="temp11" type="ply">
        <string name="filename" value="meshes/Cube_007.ply"/>
        <boolean name="face_normals" value="true"/>
        <ref id="mat-Material" name="bsdf"/>
        <animation name="to_world">
            <transform time="0">
                <matrix value="0.9999980054146345 -0.0021314757531449265 -6.896573733358361e-05 0.0005891528084784881 0.0021318217035709284 0.9999826875222925 0.005451311781328646 -0.01729187967333265 5.729956190040548e-05 -0.005451446843392996 0.9999851070941765 0.0001080710375255256 0.0 0.0 0.0 1.0"/>
            </transform>
            <transform time="0.0015">
                <matrix value="0.9999980213715727 -0.0021218315308639936 -6.888776534137226e-05 0.0005885256417891801 0.0021221757344074086 0.9999828377052249 0.005426748305982693 -0.017292595426089637 5.732652912602392e-05 -0.005426883523695095 0.9999852432600657 0.0001055866945843393 0.0 0.0 0.0 1.0"/>
            </transform>
        </animation>
    </shape>
    <shape name="temp12" type="ply">
        <string name="filename" value="meshes/Cube_008.ply"/>
        <boolean name="face_normals" value="true"/>
        <ref id="mat-Material" name="bsdf"/>
        <animation name="to_world">
            <transform time="0">
                <matrix value="0.9999991135176153 0.0013371490312312927 0.00011031600854994632 0.0001512835524026812 -0.0013369417598802895 0.999996975531003 -0.0018507981415544694 -0.017028186662824657 -0.00011323105986060951 0.0018506506780025156 0.9999981088373557 1.1357974671666327e-05 0.0 0.0 0.0 1.0"/>
            </transform>
            <transform time="0.0015">
                <matrix value="0.9999991773453683 0.0012962049587264667 0.00011042466892939999 0.00015244672684851325 -0.0012960037561282863 0.9999971332230819 -0.0017950118278517164 -0.017050350455300206 -0.00011318936438099947 0.0017948687570471709 0.9999982109617724 1.3261830355292926e-05 0.0 0.0 0.0 1.0"/>
            </transform>
        </animation>
    </shape>
    <shape name="temp13" type="ply">
        <string name="filename" value="meshes/Cube_009.ply"/>
        <boolean name="face_normals" value="true"/>
        <ref id="mat-Material" name="bsdf"/>
        <animation name="to_world">
            <transform time="0">
                <matrix value="0.9999993351382115 0.00034305821789943334 0.0008370014008787288 0.0014890799253592935 -0.00034302192093640905 0.9999995828318624 -4.207955081104875e-05 -0.017150174301568594 -0.0008372272072081655 4.1787732336579615e-05 0.9999996454070041 0.0014225063123948223 0.0 0.0 0.0 1.0"/>
            </transform>
            <transform time="0.0015">
                <matrix value="0.9999993191812733 0.0003915591951986965 0.0008374280256298263 0.0014912327753577423 -0.0003915040619044555 0.9999995678135691 -6.460896308579066e-05 -0.01708431378889262 -0.0008376636294689137 6.427642500577587e-05 0.9999996368966362 0.0014234462120199117 0.0 0.0 0.0 1.0"/>
            </transform>
        </animation>
    </shape>
    <shape name="temp14" type="ply">
        <string name="filename" value="meshes/Cube_010.ply"/>
        <boolean name="face_normals" value="true"/>
        <ref id="mat-Material" name="bsdf"/>
        <animation name="to_world">
            <transform time="0">
                <matrix value="0.999986259523037 -0.0004731521015887848 0.005255280953486382 0.010898666907679266 0.0004719944701228842 0.9999997914159312 0.00022151696301973286 -0.018267479372124223 -0.005255377845386835 -0.0002190341306111722 0.9999862890708293 0.00869296188158919 0.0 0.0 0.0 1.0"/>
            </transform>
            <transform time="0.0015">
                <matrix value="0.999986259523037 -0.0004702122706863025 0.005257587263231991 0.010904431752187993 0.00046905266494667674 0.9999997914159313 0.00022178671615628854 -0.018261906421454192 -0.0052576836229619025 -0.0002193182767193457 0.9999862720500932 0.008695889200116772 0.0 0.0 0.0 1.0"/>
            </transform>
        </animation>
    </shape>
    <shape name="temp15" type="ply">
        <string name="filename" value="meshes/Cube_011.ply"/>
        <boolean name="face_normals" value="true"/>
        <ref id="mat-Material" name="bsdf"/>
        <animation name="to_world">
            <transform time="0">
                <matrix value="0.999998670276423 -0.00031537911197418564 -0.0008693745594182027 -0.0018947385170018372 0.0003154458917746846 0.9999987484955875 7.03997114085805e-05 -0.01809791978677938 0.0008701422981523935 -7.066306789620024e-05 0.9999995272093389 -0.0013250474550019486 0.0 0.0 0.0 1.0"/>
            </transform>
            <transform time="0.0015">
                <matrix value="0.9999987021902994 -0.00021387347159769552 -0.000869945094493279 -0.0019001915560732962 0.00021397540239468792 0.999998778532174 0.00011069689992202717 -0.017890269198738033 0.0008707073333353219 -0.00011087207003820622 0.9999995272093389 -0.0013246764671754642 0.0 0.0 0.0 1.0"/>
            </transform>
        </animation>
    </shape>
    <shape name="temp16" type="ply">
        <string name="filename" value="meshes/Cube_012.ply"/>
        <boolean name="face_normals" value="true"/>
        <ref id="mat-Material" name="bsdf"/>
        <animation name="to_world">
            <transform time="0">
                <matrix value="0.999996232449865 -0.0027853617786380716 -0.0001896851497871733 -0.0002943262905166222 0.0027847425743803044 0.999991030885043 -0.0031958048339062765 -0.02534388916295255 0.0001985849081692898 0.003195254503851505 0.9999950356980589 -0.00044756212356711345 0.0 0.0 0.0 1.0"/>
            </transform>
            <transform time="0.0015">
                <matrix value="0.9999962164929268 -0.002785854153382071 -0.00018967794150542226 -0.00029484831873576695 0.00278523500549426 0.999991030885043 -0.00319624396889843 -0.02534408927959002 0.0001985805040543367 0.003195693563654489 0.9999950356980589 -0.00044665676957979494 0.0 0.0 0.0 1.0"/>
            </transform>
        </animation>
    </shape>
    <shape name="temp17" type="ply">
        <string name="filename" value="meshes/Cube_013.ply"/>
        <boolean name="face_normals" value="true"/>
        <ref id="mat-Material" name="bsdf"/>
        <animation name="to_world">
            <transform time="0">
                <matrix value="0.9999982270352306 -0.0019214117804110357 0.00030036154301851304 -0.00011878503490414527 0.0019228844541130123 0.9999853991151864 -0.004981003271238584 -0.025087948678000516 -0.00029056897985380134 0.004981573683365212 0.9999873528498167 -0.000131127977733958 0.0 0.0 0.0 1.0"/>
            </transform>
            <transform time="0.0015">
                <matrix value="0.999998258949107 -0.0019006590522578956 0.0003001962716706911 -0.00012005420908033882 0.0019021153820134873 0.9999857144993445 -0.0049268832876029536 -0.02500859943826667 -0.0002906111380846202 0.0049274474541485345 0.9999876166712267 -0.0001278248161400881 0.0 0.0 0.0 1.0"/>
            </transform>
        </animation>
    </shape>
    <shape name="temp18" type="ply">
        <string name="filename" value="meshes/Cube_014.ply"/>
        <boolean name="face_normals" value="true"/>
        <ref id="mat-Material" name="bsdf"/>
        <animation name="to_world">
            <transform time="0">
                <matrix value="0.9999997783794039 0.0009348174785106264 -6.092439557259914e-05 -0.0004963975997077652 -0.0009345518920193536 0.9999895707965617 0.0042218787660731096 -0.013347478381842637 6.534305981805836e-05 -0.004221817685008854 0.9999900713961176 0.0004925716747080089 0.0 0.0 0.0 1.0"/>
            </transform>
            <transform time="0.0015">
                <matrix value="0.9999997624224656 0.0009582299463972515 -6.071949144069861e-05 -0.0004968397792142668 -0.0009579581673011038 0.9999891052294712 0.00432654608083069 -0.013237341955481256 6.53348260379287e-05 -0.004326484000289978 0.9999896288569783 0.0004934096457360653 0.0 0.0 0.0 1.0"/>
            </transform>
        </animation>
    </shape>
    <shape name="temp19" type="ply">
        <string name="filename" value="meshes/Cube_015.ply"/>
        <boolean name="face_normals" value="true"/>
        <ref id="mat-Material" name="bsdf"/>
        <animation name="to_world">
            <transform time="0">
                <matrix value="0.9992010577507815 0.03249341395802872 -0.022559868299433454 -0.00839535636236638 -0.027778767683107372 0.9823870569413649 0.1822199980048234 0.10075939338757112 0.02824785205318185 -0.181438197583345 0.9825319216434582 -0.04338458451722432 0.0 0.0 0.0 1.0"/>
            </transform>
            <transform time="0.0015">
                <matrix value="0.9991865528939252 0.032901216187284074 -0.022614494649968953 -0.008429411147129329 -0.02810849993997864 0.9819800086304304 0.18436420396160497 0.1021632754932543 0.028436315461449917 -0.18356909139860228 0.9821329981404122 -0.04368409354356841 0.0 0.0 0.0 1.0"/>
            </transform>
        </animation>
    </shape>
    <shape name="temp20" type="ply">
        <string name="filename" value="meshes/Cube_016.ply"/>
        <boolean name="face_normals" value="true"/>
        <ref id="mat-Material" name="bsdf"/>
        <animation name="to_world">
            <transform time="0">
                <matrix value="0.9968722685261522 0.07511495068029694 -0.02361900211857495 0.06479354659530917 -0.06344155510285855 0.9436647803714049 0.32341493384949466 0.0932166442780655 0.046777880314240274 -0.3209046082478313 0.9455173771843519 -0.14457674035001444 0.0 0.0 0.0 1.0"/>
            </transform>
            <transform time="0.0015">
                <matrix value="0.996841200367407 0.0755756916423222 -0.02346501977399123 0.06483787936221752 -0.06382999804171945 0.9429626451256686 0.3253874244077555 0.09390604465235713 0.04691316483229692 -0.3228614843483575 0.9448465304008937 -0.144747895794391 0.0 0.0 0.0 1.0"/>
            </transform>
        </animation>
    </shape>
    <shape name="temp21" type="ply">
        <string name="filename" value="meshes/Cube_017.ply"/>
        <boolean name="face_normals" value="true"/>
        <ref id="mat-Material" name="bsdf"/>
        <animation name="to_world">
            <transform time="0">
                <matrix value="0.9891636393293228 0.13410789636709128 0.05358274853068482 0.2139615747735521 -0.14422126511674085 0.9060097241892859 0.3964662916806337 0.02963637597938032 0.005176159563283318 -0.3999985399115187 0.9162315416616038 -0.19170401641860843 0.0 0.0 0.0 1.0"/>
            </transform>
            <transform time="0.0015">
                <matrix value="0.988890552288356 0.13593058702114239 0.05406230351596243 0.21400492110104188 -0.1460758139880718 0.905127339388037 0.39780811290307105 0.03055775625609787 0.005691542020211686 -0.40138608002431736 0.9156228716272283 -0.19187314792269247 0.0 0.0 0.0 1.0"/>
            </transform>
        </animation>
    </shape>
    <shape name="temp22" type="ply">
        <string name="filename" value="meshes/Cube_018.ply"/>
        <boolean name="face_normals" value="true"/>
        <ref id="mat-Material" name="bsdf"/>
        <animation name="to_world">
            <transform time="0">
                <matrix value="-0.16044763814498242 0.9822019385803352 0.08559800453973593 1.0568725957915275 -0.9230657397606852 -0.1804414264647295 0.3362886689571798 0.5937714659947585 0.3458520602737103 -0.026089424161961357 0.9375598375680405 -0.39406916077380943 0.0 0.0 0.0 1.0"/>
            </transform>
            <transform time="0.0015">
                <matrix value="-0.15710825946985557 0.9827381667406065 0.08570441562891001 1.0541592881556936 -0.9230791755026797 -0.177383021631599 0.33789280525448406 0.5899538754302329 0.34736538438211384 -0.02705441408153926 0.936974741253205 -0.3938274833870081 0.0 0.0 0.0 1.0"/>
            </transform>
        </animation>
    </shape>
    <shape name="temp23" type="ply">
        <string name="filename" value="meshes/Cube_019.ply"/>
        <boolean name="face_normals" value="true"/>
        <ref id="mat-Material" name="bsdf"/>
        <animation name="to_world">
            <transform time="0">
                <matrix value="-0.03995665101138775 0.9939817238638947 -0.10193785072202227 0.41891984102923485 -0.9565885143796308 -0.008611246227235657 0.29044570448408846 0.06330583357969584 0.28781357098153104 0.10917478927794454 0.9511775087809045 -0.038928538535670465 0.0 0.0 0.0 1.0"/>
            </transform>
            <transform time="0.0015">
                <matrix value="-0.04018261529891184 0.9939607282899399 -0.1020539968212259 0.41915409343279275 -0.9561178485294286 -0.008617075202300924 0.2919956807990272 0.06187546786873584 0.2893465253153522 0.10936547729817628 0.9506917710132277 -0.03907497846987665 0.0 0.0 0.0 1.0"/>
            </transform>
        </animation>
    </shape>
    <shape name="temp24" type="ply">
        <string name="filename" value="meshes/Cube_020.ply"/>
        <boolean name="face_normals" value="true"/>
        <ref id="mat-Material" name="bsdf"/>
        <animation name="to_world">
            <transform time="0">
                <matrix value="0.11241701682975465 0.9933369132409158 0.024740071595620118 -0.19707366592916392 -0.9686932082865058 0.11511900882905954 -0.21949256875041695 0.08621845249953866 -0.22088293561728184 0.0006377059117655934 0.9752088669159444 0.0995381691587624 0.0 0.0 0.0 1.0"/>
            </transform>
            <transform time="0.0015">
                <matrix value="0.11201452759408255 0.9933813897462291 0.024783229373825853 -0.19706290845765373 -0.9685262224981103 0.11473535703327566 -0.22043077555479249 0.08711082281946272 -0.22182012964637546 0.0006171578267861572 0.9749966098252794 0.09956925801525598 0.0 0.0 0.0 1.0"/>
            </transform>
        </animation>
    </shape>
    <shape name="temp25" type="ply">
        <string name="filename" value="meshes/Cube_021.ply"/>
        <boolean name="face_normals" value="true"/>
        <ref id="mat-Material" name="bsdf"/>
        <animation name="to_world">
            <transform time="0">
                <matrix value="0.27820022357085744 0.9594652321644979 -0.04461562355651101 -0.3123061928809897 -0.7656898517269564 0.19344701860361313 -0.6133360770951364 0.11249038517564913 -0.5798829222714517 0.2047579486174005 0.788474758415792 0.08829981218298893 0.0 0.0 0.0 1.0"/>
            </transform>
            <transform time="0.0015">
                <matrix value="0.2781460513612408 0.9594597354691705 -0.04507162950231602 -0.31195703241527684 -0.7653683513353822 0.19299487786721398 -0.6138800513114818 0.11311539956400163 -0.5803334345086619 0.2052108748105363 0.78802581096926 0.08851957637914923 0.0 0.0 0.0 1.0"/>
            </transform>
        </animation>
    </shape>
    <shape name="temp26" type="ply">
        <string name="filename" value="meshes/Cube_022.ply"/>
        <boolean name="face_normals" value="true"/>
        <ref id="mat-Material" name="bsdf"/>
        <animation name="to_world">
            <transform time="0">
                <matrix value="0.5718994835353626 0.7870335799492307 -0.23029036202053707 -0.21688927544901465 -0.45117764752396605 0.06743805574617823 -0.8898234646950666 0.14318283360157175 -0.6849590090545311 0.6128528460253263 0.39353026167544713 0.1986210397038944 0.0 0.0 0.0 1.0"/>
            </transform>
            <transform time="0.0015">
                <matrix value="0.572524548719934 0.7862296807484742 -0.2314854772630863 -0.2160548697861039 -0.45150548282001984 0.06678646832092752 -0.8897066343622706 0.14282825010044287 -0.6842211761874475 0.6139569233622941 0.3930950840044444 0.19983884658959222 0.0 0.0 0.0 1.0"/>
            </transform>
        </animation>
    </shape>
    <shape name="temp27" type="ply">
        <string name="filename" value="meshes/Cube_023.ply"/>
        <boolean name="face_normals" value="true"/>
        <ref id="mat-Material" name="bsdf"/>
        <animation name="to_world">
            <transform time="0">
                <matrix value="0.8603590785547501 0.4644248398595812 -0.2097407405131008 -0.12111308435137108 -0.38030761381990574 0.3110748754231649 -0.8709320500534017 -0.17447178412981765 -0.3392949716946174 0.8290994591415097 0.4442409605971535 -0.03325139851680897 0.0 0.0 0.0 1.0"/>
            </transform>
            <transform time="0.0015">
                <matrix value="0.8604268317144992 0.464027913878293 -0.21034166611253713 -0.12105210739264985 -0.3804585393288211 0.3104832372699703 -0.8710774667125281 -0.17460176997468468 -0.33895396873313144 0.8295437828562755 0.4436721616371625 -0.032803742567656925 0.0 0.0 0.0 1.0"/>
            </transform>
        </animation>
    </shape>
    <shape name="temp28" type="ply">
        <string name="filename" value="meshes/Cube_024.ply"/>
        <boolean name="face_normals" value="true"/>
        <ref id="mat-Material" name="bsdf"/>
        <animation name="to_world">
            <transform time="0">
                <matrix value="0.8888945032773254 0.4109282408228224 -0.20243807506119094 -0.12594995653294416 -0.3446171459876921 0.30862755854433355 -0.8865253952411729 -0.4788250967951059 -0.301819638066972 0.857791136428582 0.4159504676136033 -0.27641473181005793 0.0 0.0 0.0 1.0"/>
            </transform>
            <transform time="0.0015">
                <matrix value="0.8890022445242933 0.41062591507067725 -0.20257868080925012 -0.1258398818476969 -0.344442395174297 0.308147896785565 -0.8867603069308705 -0.4786377621748399 -0.30170185671446614 0.8581085480562906 0.41538135376999397 -0.276316278554625 0.0 0.0 0.0 1.0"/>
            </transform>
        </animation>
    </shape>
    <shape name="temp29" type="ply">
        <string name="filename" value="meshes/Cube_025.ply"/>
        <boolean name="face_normals" value="true"/>
        <ref id="mat-Material" name="bsdf"/>
        <animation name="to_world">
            <transform time="0">
                <matrix value="0.8798703342215887 0.43213070712085155 -0.19769993253277268 -0.2788918740602449 -0.31949108819258654 0.2299459975845965 -0.9192609478223499 -0.7865143276393041 -0.3517850430919087 0.8719939385469617 0.3403835088726259 -0.760280472903958 0.0 0.0 0.0 1.0"/>
            </transform>
            <transform time="0.0015">
                <matrix value="0.8798961685045924 0.4320177845739511 -0.19783179132453466 -0.2789376859150805 -0.31949433064243604 0.2297267154849431 -0.9193146737759441 -0.7865443574994436 -0.35171748301111233 0.8721077246457236 0.34016183080526935 -0.760226025241242 0.0 0.0 0.0 1.0"/>
            </transform>
        </animation>
    </shape>
    <shape name="temp30" type="ply">
        <string name="filename" value="meshes/Cube_026.ply"/>
        <boolean name="face_normals" value="true"/>
        <ref id="mat-Material" name="bsdf"/>
        <animation name="to_world">
            <transform time="0">
                <matrix value="0.9004090229723045 0.3440230235095104 -0.266208445837811 -0.3108352724558057 -0.3572414529800878 0.2356402383698738 -0.9037744533239784 -1.1389780301315702 -0.24821754986906655 0.9089014294266233 0.3350751335279024 -0.8677918941356532 0.0 0.0 0.0 1.0"/>
            </transform>
            <transform time="0.0015">
                <matrix value="0.9002910373709893 0.34397217907773336 -0.26667320554820767 -0.3114792584402868 -0.3576067743154451 0.2353386635323908 -0.9037086766892042 -1.1392892516153936 -0.24811973383768132 0.9089988606040427 0.3348833013213497 -0.8678687505952797 0.0 0.0 0.0 1.0"/>
            </transform>
        </animation>
    </shape>
    <shape name="temp31" type="ply">
        <string name="filename" value="meshes/Cube_027.ply"/>
        <boolean name="face_normals" value="true"/>
        <ref id="mat-Material" name="bsdf"/>
        <animation name="to_world">
            <transform time="0">
                <matrix value="0.8425815608118051 0.3284389776877622 -0.4268003040989532 -0.5826120337209796 -0.5104850920257363 0.23455539262822184 -0.8272639226211893 -1.5925541261737497 -0.17161600863079252 0.9149232514918977 0.3652940214202537 -0.9694820192107542 0.0 0.0 0.0 1.0"/>
            </transform>
            <transform time="0.0015">
                <matrix value="0.8424944678429143 0.32826134131527396 -0.42710894961756585 -0.5831546711548558 -0.5106625172219798 0.23425698665061329 -0.8272390468153353 -1.5926513122521349 -0.17151584852518043 0.9150635148416485 0.36498975023082647 -0.9698407310208598 0.0 0.0 0.0 1.0"/>
            </transform>
        </animation>
    </shape>
    <shape name="temp32" type="ply">
        <string name="filename" value="meshes/Cube_028.ply"/>
        <boolean name="face_normals" value="true"/>
        <ref id="mat-Material" name="bsdf"/>
        <animation name="to_world">
            <transform time="0">
                <matrix value="-0.11556749499580693 0.9801085888661996 0.16132970718655987 -1.4660176906831515 -0.815829295406071 -0.001033646696132643 -0.5781871645845753 -2.112228303405012 -0.5665203084249513 -0.19845734351501704 0.7997194933007927 -1.240857133072275 0.0 0.0 0.0 1.0"/>
            </transform>
            <transform time="0.0015">
                <matrix value="-0.11564360161272243 0.9801196423300271 0.16120805573025504 -1.4663299234845173 -0.8153712674509516 -0.001008357241956402 -0.5788334844872702 -2.112497427127127 -0.5671643623660232 -0.19840290145109343 0.7992767499125801 -1.2425998935098743 0.0 0.0 0.0 1.0"/>
            </transform>
        </animation>
    </shape>
    <shape name="temp33" type="ply">
        <string name="filename" value="meshes/Cube_029.ply"/>
        <boolean name="face_normals" value="true"/>
        <ref id="mat-Material" name="bsdf"/>
        <animation name="to_world">
            <transform time="0">
                <matrix value="0.008556762353575272 0.9892441539100127 0.14601853528507622 -1.6574616623996001 -0.9903931903969136 -0.011723355992516005 0.13746118979661018 -1.6597189378896648 0.13769462720756276 -0.1458022560452878 0.9796400975650807 0.10594835718129636 0.0 0.0 0.0 1.0"/>
            </transform>
            <transform time="0.0015">
                <matrix value="0.008478708990195026 0.9892431627026587 0.14602982513935123 -1.6575922674965413 -0.9904865065717164 -0.011703278111369775 0.1367905183267341 -1.6610320004402288 0.13702823514865456 -0.14581059645444075 0.9797325116518985 0.10482411777793858 0.0 0.0 0.0 1.0"/>
            </transform>
        </animation>
    </shape>
    <shape name="temp34" type="ply">
        <string name="filename" value="meshes/Cube_030.ply"/>
        <boolean name="face_normals" value="true"/>
        <ref id="mat-Material" name="bsdf"/>
        <animation name="to_world">
            <transform time="0">
                <matrix value="-0.034312462709847134 0.982373440911533 -0.1837496066332201 -3.1870150108243767 -0.9784681103568382 0.004385054227313017 0.20617856001875684 -1.94555511856945 0.20335039026993476 0.18687575030600284 0.9610701662953991 0.24075892701118684 0.0 0.0 0.0 1.0"/>
            </transform>
            <transform time="0.0015">
                <matrix value="-0.034250966458075086 0.9823670252074276 -0.18379538881712762 -3.1869401561501585 -0.978593078996162 0.004340813901249423 0.20558638505472382 -1.9465046724336887 0.20275940208717597 0.18691051343783305 0.9611884574004868 0.23954768664090725 0.0 0.0 0.0 1.0"/>
            </transform>
        </animation>
    </shape>
    <shape name="temp35" type="ply">
        <string name="filename" value="meshes/Cube_031.ply"/>
        <boolean name="face_normals" value="true"/>
        <ref id="mat-Material" name="bsdf"/>
        <animation name="to_world">
            <transform time="0">
                <matrix value="0.10576014091523987 0.9890822926726502 0.10262037132032939 -2.047398370469687 -0.6773201903454976 -0.003904266169958471 0.7356747975628587 -0.7544269621218438 0.728043604295539 -0.14731245684917077 0.6695123542563688 0.7702602898281004 0.0 0.0 0.0 1.0"/>
            </transform>
            <transform time="0.0015">
                <matrix value="0.10574998591974663 0.9890816769226272 0.10263681505350454 -2.0474032483594664 -0.6774405535306101 -0.00389909071592371 0.7355640095913888 -0.7549226215636531 0.7279331184551947 -0.14731675808835581 0.669631558981855 0.7701359850335976 0.0 0.0 0.0 1.0"/>
            </transform>
        </animation>
    </shape>
    <shape name="temp36" type="ply">
        <string name="filename" value="meshes/Cube_032.ply"/>
        <boolean name="face_normals" value="true"/>
        <ref id="mat-Material" name="bsdf"/>
        <animation name="to_world">
            <transform time="0">
                <matrix value="0.8018035927358087 0.55872955615396 0.21183429301957685 -0.4973384669558609 -0.24040433791290133 -0.02288818329533627 0.9703820290378569 0.4254885304760801 0.5470535984979443 -0.8289997559566396 0.11600483853962529 -0.255559282321399 0.0 0.0 0.0 1.0"/>
            </transform>
            <transform time="0.0015">
                <matrix value="0.8015024055266087 0.5590272337443463 0.2121891455815983 -0.49808309274641127 -0.24061913904557444 -0.023289856333844415 0.9703193416666902 0.42515047006446605 0.5474006299906957 -0.8287880355676345 0.11588124927251203 -0.25485528355814313 0.0 0.0 0.0 1.0"/>
            </transform>
        </animation>
    </shape>
    <shape name="temp37" type="ply">
        <string name="filename" value="meshes/Cube_033.ply"/>
        <boolean name="face_normals" value="true"/>
        <ref id="mat-Material" name="bsdf"/>
        <animation name="to_world">
            <transform time="0">
                <matrix value="0.9787731792981542 0.15581403061596963 0.1331331340678294 -0.1274159378036479 -0.1499792341501382 0.10183327666799466 0.9834204134932563 0.30055248973937154 0.13967720073684414 -0.9825126245507622 0.12304062548313296 -0.4006418854822329 0.0 0.0 0.0 1.0"/>
            </transform>
            <transform time="0.0015">
                <matrix value="0.9787761792025425 0.15585096510454421 0.1330677735900535 -0.1274702488997285 -0.14996446600380098 0.10215865775301314 0.9833889761936243 0.30057157959272196 0.13967196207402136 -0.982473043838918 0.1233626441941229 -0.40042749236752506 0.0 0.0 0.0 1.0"/>
            </transform>
        </animation>
    </shape>
    <shape name="temp38" type="ply">
        <string name="filename" value="meshes/Cube_034.ply"/>
        <boolean name="face_normals" value="true"/>
        <ref id="mat-Material" name="bsdf"/>
        <animation name="to_world">
            <transform time="0">
