
<scene version="2.1.0">
    <default name="spp" value="1024"/>
    <default name="resx" value="1280"/>
    <default name="resy" value="720"/>
    <integrator name="temp0" type="path">
        <integer name="max_depth" value="12"/>
    </integrator>
    <sensor name="temp44" type="perspective">
        <string name="fov_axis" value="x"/>
        <float name="fov" value="83.974423"/>
        <float name="principal_point_offset_x" value="0.000000"/>
        <float name="principal_point_offset_y" value="-0.000000"/>
        <float name="near_clip" value="0.100000"/>
        <float name="far_clip" value="1000.000000"/>
        <sampler name="sampler" type="correlated">
            <integer name="sample_count" value="1024"/>
        </sampler>
        <film name="film" type="hdrfilm">
            <integer name="width" value="$resx"/>
            <integer name="height" value="$resy"/>
        </film>
        <float name="shutter_open" value="0.0"/>
        <float name="shutter_close" value="0.0015"/>
        <animation name="to_world">
            <transform time="0">
                <rotate angle="-142.5518126578256" x="1"/>
                <rotate angle="3.976628485794621e-06" y="1"/>
                <rotate angle="-179.999991348578" z="1"/>
                <translate value="-0.000000 3.030926 4.073377"/>
            </transform>
            <transform time="0.0015">
                <rotate angle="-142.5518126578256" x="1"/>
                <rotate angle="3.976628485794621e-06" y="1"/>
                <rotate angle="-179.999991348578" z="1"/>
                <translate value="-0.000000 3.030926 4.073377"/>
                <translate x="0.15" y="0.0" z="0.0"/>
            </transform>
        </animation>
    </sensor>
    <bsdf id="mat-Material" name="mat-Material" type="twosided">
        <bsdf name="bsdf" type="diffuse">
            <texture name="reflectance" type="bitmap">
                <string name="filename" value="textures/siggraph_2023_logo.jpg"/>
            </texture>
        </bsdf>
    </bsdf>
    <bsdf id="mat-Material.001" name="mat-Material.001" type="twosided">
        <bsdf name="bsdf" type="principled">
            <rgb name="base_color" value="0.433648 0.266232 0.084399"/>
            <float name="spec_tint" value="0.000000"/>
            <float name="spec_trans" value="0.000000"/>
            <float name="metallic" value="0.000000"/>
            <float name="anisotropic" value="0.000000"/>
            <float name="roughness" value="0.500000"/>
            <float name="sheen" value="0.000000"/>
            <float name="sheen_tint" value="0.500000"/>
            <float name="clearcoat" value="0.000000"/>
            <float name="clearcoat_gloss" value="0.173205"/>
            <float name="specular" value="0.500000"/>
        </bsdf>
    </bsdf>
    <bsdf id="mat-Material.002" name="mat-Material.002" type="twosided">
        <bsdf name="bsdf" type="principled">
            <rgb name="base_color" value="0.433648 0.266232 0.084399"/>
            <float name="spec_tint" value="0.000000"/>
            <float name="spec_trans" value="0.000000"/>
            <float name="metallic" value="0.000000"/>
            <float name="anisotropic" value="0.000000"/>
            <float name="roughness" value="0.500000"/>
            <float name="sheen" value="0.000000"/>
            <float name="sheen_tint" value="0.500000"/>
            <float name="clearcoat" value="0.000000"/>
            <float name="clearcoat_gloss" value="0.173205"/>
            <float name="specular" value="0.500000"/>
        </bsdf>
    </bsdf>
    <bsdf id="mat-Material.003" name="mat-Material.003" type="twosided">
        <bsdf name="bsdf" type="principled">
            <rgb name="base_color" value="0.433648 0.266232 0.084399"/>
            <float name="spec_tint" value="0.000000"/>
            <float name="spec_trans" value="0.000000"/>
            <float name="metallic" value="0.000000"/>
            <float name="anisotropic" value="0.000000"/>
            <float name="roughness" value="0.500000"/>
            <float name="sheen" value="0.000000"/>
            <float name="sheen_tint" value="0.500000"/>
            <float name="clearcoat" value="0.000000"/>
            <float name="clearcoat_gloss" value="0.173205"/>
            <float name="specular" value="0.500000"/>
        </bsdf>
    </bsdf>
    <bsdf id="mat-Material.004" name="mat-Material.004" type="twosided">
        <bsdf name="bsdf" type="principled">
            <rgb name="base_color" value="0.433648 0.266232 0.084399"/>
            <float name="spec_tint" value="0.000000"/>
            <float name="spec_trans" value="0.000000"/>
            <float name="metallic" value="0.000000"/>
            <float name="anisotropic" value="0.000000"/>
            <float name="roughness" value="0.500000"/>
            <float name="sheen" value="0.000000"/>
            <float name="sheen_tint" value="0.500000"/>
            <float name="clearcoat" value="0.000000"/>
            <float name="clearcoat_gloss" value="0.173205"/>
            <float name="specular" value="0.500000"/>
        </bsdf>
    </bsdf>
    <bsdf id="mat-Material.005" name="mat-Material.005" type="twosided">
        <bsdf name="bsdf" type="principled">
            <rgb name="base_color" value="0.433648 0.266232 0.084399"/>
            <float name="spec_tint" value="0.000000"/>
            <float name="spec_trans" value="0.000000"/>
            <float name="metallic" value="0.000000"/>
            <float name="anisotropic" value="0.000000"/>
            <float name="roughness" value="0.500000"/>
            <float name="sheen" value="0.000000"/>
            <float name="sheen_tint" value="0.500000"/>
            <float name="clearcoat" value="0.000000"/>
            <float name="clearcoat_gloss" value="0.173205"/>
            <float name="specular" value="0.500000"/>
        </bsdf>
    </bsdf>
    <emitter name="temp45" type="point">
        <point name="position" x="-6.815235034541981e-16" y="3.0693089962005615" z="4.109199523925781"/>
        <rgb name="intensity" value="7.957747 7.957747 7.957747"/>
    </emitter>
    <shape name="temp2" type="ply">
        <string name="filename" value="meshes/Cube.ply"/>
        <boolean name="face_normals" value="true"/>
        <ref id="mat-Material" name="bsdf"/>
        <animation name="to_world">
            <transform time="0">
                <matrix value="0.9904756332586915 -0.01953927638014864 -0.13512704594248692 0.2048307717312472 -0.057662997516076356 0.8381024690096219 -0.5279990175410063 0.849850799260931 0.12412566242396197 0.5306969002321541 0.8289755430118939 0.29254955339851274 0.0 0.0 0.0 1.0"/>
            </transform>
            <transform time="0.0015">
                <matrix value="0.9903391056951463 -0.02047561762880898 -0.1359923120843896 0.206591201464725 -0.05846091304269904 0.8333077287085925 -0.5355226680014287 0.8622292418981568 0.12484433739099968 0.5382345215380662 0.8240424741215558 0.30202249154718386 0.0 0.0 0.0 1.0"/>
            </transform>
        </animation>
    </shape>
    <shape name="temp4" type="ply">
        <string name="filename" value="meshes/Plane.ply"/>
        <boolean name="face_normals" value="true"/>
        <ref id="mat-Material.001" name="bsdf"/>
    </shape>
    <shape name="temp5" type="ply">
        <string name="filename" value="meshes/Cube_001.ply"/>
        <boolean name="face_normals" value="true"/>
        <ref id="mat-Material" name="bsdf"/>
        <animation name="to_world">
            <transform time="0">
                <matrix value="0.9975936435667088 -0.019679348925687755 -0.06632742360766697 0.06215103382846454 -0.04552001943169387 0.5139562557490984 -0.8449550399720864 0.9775404490387686 0.051088418639533215 0.845944291366914 0.5117943540284837 0.47241663846956067 0.0 0.0 0.0 1.0"/>
            </transform>
            <transform time="0.0015">
                <matrix value="0.9976160790218682 -0.01955132435855862 -0.06602794715960753 0.06177402119199604 -0.0458514967393306 0.505290873257773 -0.8502080221083552 0.9840065322093386 0.05035494808022455 0.8512119502130455 0.5031606622198737 0.48278450771045844 0.0 0.0 0.0 1.0"/>
            </transform>
        </animation>
    </shape>
    <shape name="temp6" type="ply">
        <string name="filename" value="meshes/Cube_002.ply"/>
        <boolean name="face_normals" value="true"/>
        <ref id="mat-Material" name="bsdf"/>
        <animation name="to_world">
            <transform time="0">
                <matrix value="0.9990394963361683 -0.04301376863437925 -0.007201121837680565 -0.00407803460758327 0.010477206764924375 0.3927466975927313 -0.9156230600808188 0.608804922276408 0.0425400534903471 0.9146701347244501 0.39281658417257614 0.330828829742188 0.0 0.0 0.0 1.0"/>
            </transform>
            <transform time="0.0015">
                <matrix value="0.9990426238960626 -0.042993055404337344 -0.006891473797709867 -0.004296382971979996 0.010492377026105117 0.38710279295510835 -0.918043774704326 0.6106126796606841 0.04246295706455285 0.9170945227845106 0.3871797674158406 0.3347639259432934 0.0 0.0 0.0 1.0"/>
            </transform>
        </animation>
    </shape>
    <shape name="temp7" type="ply">
        <string name="filename" value="meshes/Cube_003.ply"/>
        <boolean name="face_normals" value="true"/>
        <ref id="mat-Material" name="bsdf"/>
        <animation name="to_world">
            <transform time="0">
                <matrix value="0.9943695071335237 -0.07806072090825847 0.07148370219672726 -0.030374973706943642 0.09549755596806536 0.37117576753722703 -0.9216344751385395 0.0953271056228412 0.045704412200125166 0.9232731846407035 0.37656251403597274 0.18572128655358533 0.0 0.0 0.0 1.0"/>
            </transform>
            <transform time="0.0015">
                <matrix value="0.9943417739748699 -0.0780764683396393 0.07185231347079936 -0.030447121656954478 0.09564523104866207 0.3671109313061416 -0.9232562278977383 0.09566160974959007 0.0459992712067597 0.9249060035187606 0.3725232976138676 0.1863835164130494 0.0 0.0 0.0 1.0"/>
            </transform>
        </animation>
    </shape>
    <shape name="temp8" type="ply">
        <string name="filename" value="meshes/Cube_004.ply"/>
        <boolean name="face_normals" value="true"/>
        <ref id="mat-Material" name="bsdf"/>
        <animation name="to_world">
            <transform time="0">
                <matrix value="0.9838784313516906 -0.12542692987195025 0.12742408045762355 0.03223190283757993 0.1611497765177908 0.31487736299676905 -0.9345794834383796 -0.37859411995084613 0.07724003017586037 0.9400410493447332 0.33003944019694564 -0.14058273653898587 0.0 0.0 0.0 1.0"/>
            </transform>
            <transform time="0.0015">
                <matrix value="0.9838299860872068 -0.12556715041956537 0.12766008998480158 0.03237720404771907 0.1612078342418678 0.3122816988114092 -0.9354440006678926 -0.37862176675558823 0.07773594788082061 0.9408917906021173 0.32750024422923785 -0.1418257606747813 0.0 0.0 0.0 1.0"/>
            </transform>
        </animation>
    </shape>
    <shape name="temp9" type="ply">
        <string name="filename" value="meshes/Cube_005.ply"/>
        <boolean name="face_normals" value="true"/>
        <ref id="mat-Material" name="bsdf"/>
        <animation name="to_world">
            <transform time="0">
                <matrix value="0.9862555338662866 -0.13601571055205947 0.09379314510276342 0.07145608814796955 0.12753901852216296 0.2662300306827165 -0.9551854734123808 -0.6188507508678727 0.10498285099826782 0.9540163905361236 0.2799229209385273 -0.5285284384932243 0.0 0.0 0.0 1.0"/>
            </transform>
            <transform time="0.0015">
                <matrix value="0.9862360983155154 -0.1360934512452069 0.09388487070080459 0.07153776802461968 0.12748375007088955 0.26471926547385205 -0.9556139278926121 -0.6187747152959536 0.10523266484481784 0.9544269005636509 0.27843014280735323 -0.5296701753321222 0.0 0.0 0.0 1.0"/>
            </transform>
        </animation>
    </shape>
    <shape name="temp10" type="ply">
        <string name="filename" value="meshes/Cube_006.ply"/>
        <boolean name="face_normals" value="true"/>
        <ref id="mat-Material" name="bsdf"/>
        <animation name="to_world">
            <transform time="0">
                <matrix value="0.989975878814312 -0.12386672103758059 -0.06783926630454054 0.014172659918033403 -0.03399253936425029 0.2571948988680143 -0.9656720884723708 -0.5379076204325564 0.13708477165100252 0.9582978914236489 0.25040529979419424 -0.9053160023862881 0.0 0.0 0.0 1.0"/>
            </transform>
            <transform time="0.0015">
                <matrix value="0.9899806180249682 -0.12389372167608903 -0.06772072538776343 0.014204735130785642 -0.03400089952333077 0.2562798718064 -0.9659155020197654 -0.5380167515786498 0.13704843291555824 0.958539978801593 0.24949870730496798 -0.9058180614396323 0.0 0.0 0.0 1.0"/>
            </transform>
        </animation>
    </shape>
    <shape name="temp11" type="ply">
        <string name="filename" value="meshes/Cube_007.ply"/>
        <boolean name="face_normals" value="true"/>
        <ref id="mat-Material" name="bsdf"/>
        <animation name="to_world">
            <transform time="0">
                <matrix value="0.9267559443076308 -0.08792514126356057 -0.3647863624479398 0.007801853147073157 -0.33309646524013925 0.2560165031715208 -0.9073771181612604 -0.04129355514334122 0.1732566437422322 0.9624213898790839 0.20803523094169024 -1.2815917981081122 0.0 0.0 0.0 1.0"/>
            </transform>
            <transform time="0.0015">
                <matrix value="0.9266523678215424 -0.08921516834924167 -0.36473855120015075 0.008622309584150799 -0.3329333661830438 0.2551458626755887 -0.9076826488851613 -0.04195191021740244 0.17412420970856018 0.9625351309229662 0.20678648506166913 -1.286086970142672 0.0 0.0 0.0 1.0"/>
            </transform>
        </animation>
    </shape>
    <shape name="temp12" type="ply">
        <string name="filename" value="meshes/Cube_008.ply"/>
        <boolean name="face_normals" value="true"/>
        <ref id="mat-Material" name="bsdf"/>
        <animation name="to_world">
            <transform time="0">
                <matrix value="0.10575069987784272 0.9683146198659639 -0.22598916080130452 2.2675402761606573 -0.6118352933458859 -0.11587874382330426 -0.7823775318530888 0.5584749395161135 -0.7838119894969569 0.22096780922066733 0.5801824593719165 1.3517124115690875 0.0 0.0 0.0 1.0"/>
            </transform>
            <transform time="0.0015">
                <matrix value="0.10614952759210744 0.9681256446820765 -0.22661224910125566 2.266377915791807 -0.6112940818717436 -0.11629625012273914 -0.7827389331433363 0.5569923980513871 -0.7841806426410177 0.22157697372207752 0.5794524059578303 1.3507637740510408 0.0 0.0 0.0 1.0"/>
            </transform>
        </animation>
    </shape>
    <shape name="temp13" type="ply">
        <string name="filename" value="meshes/Cube_009.ply"/>
        <boolean name="face_normals" value="true"/>
        <ref id="mat-Material" name="bsdf"/>
        <animation name="to_world">
            <transform time="0">
                <matrix value="-0.07113582328505551 0.9918215229557198 0.10594905396952675 2.5906823410807958 -0.8300207702822737 2.011735982629119e-05 -0.5574744421188397 0.9174998698947701 -0.5529172362315988 -0.12763306099206756 0.8232310182823421 0.9370882100235102 0.0 0.0 0.0 1.0"/>
            </transform>
            <transform time="0.0015">
                <matrix value="-0.07100570721929343 0.9918216656295056 0.10603509889688456 2.590538116763776 -0.8307020198463733 2.015965809829781e-05 -0.556460150921751 0.9202005500019927 -0.5519113108452162 -0.12763196841123406 0.823906801079278 0.9359888414438651 0.0 0.0 0.0 1.0"/>
            </transform>
        </animation>
    </shape>
    <shape name="temp14" type="ply">
        <string name="filename" value="meshes/Cube_010.ply"/>
        <boolean name="face_normals" value="true"/>
        <ref id="mat-Material" name="bsdf"/>
        <animation name="to_world">
            <transform time="0">
                <matrix value="0.02069637623730779 0.9980120895326257 0.05946275142416367 1.8517489540467966 -0.9447681582619272 7.10018084238762e-05 0.3277335219452877 2.339733232236866 0.32707782606151836 -0.06296144532072931 0.9428914978528211 -0.783869558287694 0.0 0.0 0.0 1.0"/>
            </transform>
            <transform time="0.0015">
                <matrix value="0.02075986538402149 0.9979995417486205 0.05965130969212179 1.8519999200111785 -0.9448151035742167 7.822276901674189e-05 0.32759817305158223 2.339561629603926 0.32693818689501714 -0.06316038739492785 0.9429266541832977 -0.7833890975569133 0.0 0.0 0.0 1.0"/>
            </transform>
        </animation>
    </shape>
    <shape name="temp15" type="ply">
        <string name="filename" value="meshes/Cube_011.ply"/>
        <boolean name="face_normals" value="true"/>
        <ref id="mat-Material" name="bsdf"/>
        <animation name="to_world">
            <transform time="0">
                <matrix value="-0.011235144771438246 0.9984777534661458 -0.05386047758475836 1.3251927211003736 -0.8336939100433136 0.02038343487901081 0.5518496516242014 2.2622849914184404 0.552109207537937 0.05110370174146839 0.8321948928207212 -1.3550982413532746 0.0 0.0 0.0 1.0"/>
            </transform>
            <transform time="0.0015">
                <matrix value="-0.011112628676219097 0.9984925915398707 -0.05361107273824604 1.3254547083190293 -0.8336540974824154 0.02035134131198898 0.5519109858468457 2.262123419444747 0.5521718225635741 0.05082670884636692 0.8321703574295898 -1.3552838110682939 0.0 0.0 0.0 1.0"/>
            </transform>
        </animation>
    </shape>
    <shape name="temp16" type="ply">
        <string name="filename" value="meshes/Cube_012.ply"/>
        <boolean name="face_normals" value="true"/>
        <ref id="mat-Material" name="bsdf"/>
        <animation name="to_world">
            <transform time="0">
                <matrix value="0.10173511197159002 0.9896754014721864 0.10094450572336734 1.0898508243207163 -0.7041755093284541 -2.4808571970890007e-05 0.7099335918237475 1.869084383850111 0.7026064355075201 -0.14332663430832482 0.6969026538212596 -1.911086075624945 0.0 0.0 0.0 1.0"/>
            </transform>
            <transform time="0.0015">
                <matrix value="0.10165165080184167 0.989675408981333 0.10102848858854299 1.0900721673333327 -0.7047615119282244 -2.4910110651511632e-05 0.7093523251745413 1.8687403208497164 0.7020311878841208 -0.14332654044399204 0.6974826183841518 -1.9096257071800096 0.0 0.0 0.0 1.0"/>
            </transform>
        </animation>
    </shape>
    <shape name="temp17" type="ply">
        <string name="filename" value="meshes/Cube_013.ply"/>
        <boolean name="face_normals" value="true"/>
        <ref id="mat-Material" name="bsdf"/>
        <animation name="to_world">
            <transform time="0">
                <matrix value="0.9117194300982046 0.23869933232239587 0.33399705262301893 0.561526290536631 -0.36361282349958424 0.09179479290730733 0.9269233478684942 1.4976502341157198 0.1905734344277845 -0.9666990319613369 0.17060634456699703 -1.504880517414255 0.0 0.0 0.0 1.0"/>
            </transform>
            <transform time="0.0015">
                <matrix value="0.9121729422398032 0.2380476810693989 0.3332248048040665 0.5605611813062935 -0.3627352174277183 0.09191841523722936 0.9272553713681813 1.4970400755012947 0.19007825393337074 -0.9668482011589814 0.1703142500121972 -1.5047017998716177 0.0 0.0 0.0 1.0"/>
            </transform>
        </animation>
    </shape>
    <shape name="temp18" type="ply">
        <string name="filename" value="meshes/Cube_014.ply"/>
        <boolean name="face_normals" value="true"/>
        <ref id="mat-Material" name="bsdf"/>
        <animation name="to_world">
            <transform time="0">
                <matrix value="0.944731590863558 0.28493438988116965 0.1621449755827263 0.10087457450104509 -0.2149735296359926 0.1650056421990601 0.9625595893529434 1.0192528188824792 0.24752312389300513 -0.9442174238616003 0.2171412854516167 -0.8258613066060763 0.0 0.0 0.0 1.0"/>
            </transform>
            <transform time="0.0015">
                <matrix value="0.9447092990208427 0.2849305602163925 0.1622815482673595 0.10104273783686443 -0.21499588211507326 0.16456350214413204 0.962630387104876 1.019345169302936 0.24758877073690708 -0.9442958418797731 0.21672545184722564 -0.8262474483061065 0.0 0.0 0.0 1.0"/>
            </transform>
        </animation>
    </shape>
    <shape name="temp19" type="ply">
        <string name="filename" value="meshes/Cube_015.ply"/>
        <boolean name="face_normals" value="true"/>
        <ref id="mat-Material" name="bsdf"/>
        <animation name="to_world">
            <transform time="0">
                <matrix value="0.9835792435468516 0.12617452646201788 0.12904110725681656 0.03403776236144074 -0.1500793401734314 0.1746995659365529 0.9731165320237662 0.6394866776545507 0.10023943889210979 -0.9765037346977512 0.19076696573827917 -0.30343245517290535 0.0 0.0 0.0 1.0"/>
            </transform>
            <transform time="0.0015">
                <matrix value="0.9835766585228574 0.12615493810213993 0.12907996474636446 0.03404837816700325 -0.15010893071969583 0.17465019329751377 0.9731208297596391 0.6395213841456149 0.10022050119781158 -0.9765150960365903 0.19071874599282296 -0.30332662207782357 0.0 0.0 0.0 1.0"/>
            </transform>
        </animation>
    </shape>
    <shape name="temp20" type="ply">
        <string name="filename" value="meshes/Cube_016.ply"/>
        <boolean name="face_normals" value="true"/>
        <ref id="mat-Material" name="bsdf"/>
        <animation name="to_world">
            <transform time="0">
                <matrix value="0.98435558049526 0.04211297747500642 0.1710840167916331 0.06526506828997669 -0.175844773388508 0.17393632554132782 0.9689296161270786 0.33750901947816175 0.011047144019701183 -0.9838554887854776 0.17862024083010694 0.11414281031911655 0.0 0.0 0.0 1.0"/>
            </transform>
            <transform time="0.0015">
                <matrix value="0.9843496285572981 0.042062078977373706 0.17113075147786194 0.06524130798243012 -0.17588122222682614 0.17389566276145543 0.9689302969565238 0.337532018776036 0.010996683713056989 -0.9838648526913152 0.1785717657736088 0.11445865843930478 0.0 0.0 0.0 1.0"/>
            </transform>
        </animation>
    </shape>
    <shape name="temp21" type="ply">
        <string name="filename" value="meshes/Cube_017.ply"/>
        <boolean name="face_normals" value="true"/>
        <ref id="mat-Material" name="bsdf"/>
        <animation name="to_world">
            <transform time="0">
                <matrix value="0.9484065035893672 -0.05025181311701775 0.31301448488748296 0.20417006348662853 -0.3036535041762185 0.13955407854858864 0.9424883256166017 0.17346224267850358 -0.09105867272311433 -0.9889243945325944 0.11708121739812896 0.3526383262852848 0.0 0.0 0.0 1.0"/>
            </transform>
            <transform time="0.0015">
                <matrix value="0.9483058312660377 -0.05041217319587288 0.3132937696362714 0.2041877279038904 -0.30388088735469054 0.13989393126097688 0.9423647380515621 0.17330471210747433 -0.09134895496072407 -0.9888682861890354 0.11732936611431491 0.35306734462323236 0.0 0.0 0.0 1.0"/>
            </transform>
        </animation>
    </shape>
    <shape name="temp22" type="ply">
        <string name="filename" value="meshes/Cube_018.ply"/>
        <boolean name="face_normals" value="true"/>
        <ref id="mat-Material" name="bsdf"/>
        <animation name="to_world">
            <transform time="0">
                <matrix value="0.1927567297310235 0.9597664275597959 0.2038956532099413 0.8480429187084187 -0.6060924388371479 -0.04699891327700173 0.7938736731721086 0.024195644545775188 0.7715262301272812 -0.2767268153592965 0.5727182768104218 -0.16693163108730702 0.0 0.0 0.0 1.0"/>
            </transform>
            <transform time="0.0015">
                <matrix value="0.19349349348324527 0.9596745606600234 0.2036315441494863 0.8478806157232638 -0.6053434201563611 -0.04659665730344133 0.7944693308537126 0.02337990355711384 0.7719305629852372 -0.27711373164813763 0.5719866404678755 -0.16657116931038135 0.0 0.0 0.0 1.0"/>
            </transform>
        </animation>
    </shape>
    <shape name="temp23" type="ply">
        <string name="filename" value="meshes/Cube_019.ply"/>
        <boolean name="face_normals" value="true"/>
        <ref id="mat-Material" name="bsdf"/>
        <animation name="to_world">
            <transform time="0">
                <matrix value="-0.07702621062466869 0.9851263915164689 -0.15359393002981891 0.4951770701516056 -0.9157779680759963 -0.008997147612859625 0.40157314000608013 -0.04141719874983766 0.39421902674871945 0.17159120442698828 0.9028496747909438 -0.051894644929488476 0.0 0.0 0.0 1.0"/>
            </transform>
            <transform time="0.0015">
                <matrix value="-0.07702426547389774 0.9851117561897027 -0.15368879935782329 0.4952821423041526 -0.9158658908056754 -0.008994927233294989 0.40137269530704567 -0.0412230923540086 0.39401516728859465 0.17167536544049744 0.9029227022593094 -0.05192085416445347 0.0 0.0 0.0 1.0"/>
            </transform>
        </animation>
    </shape>
    <shape name="temp24" type="ply">
        <string name="filename" value="meshes/Cube_020.ply"/>
        <boolean name="face_normals" value="true"/>
        <ref id="mat-Material" name="bsdf"/>
        <animation name="to_world">
            <transform time="0">
                <matrix value="0.09651826035385805 0.9549626096500723 -0.2805827002372038 0.10527214019932295 -0.9520803756224296 0.006385121836200661 -0.30577996115836326 0.16980997555904762 -0.2902170851848042 0.2966507060914133 0.9098176633165106 0.10762728431967689 0.0 0.0 0.0 1.0"/>
            </transform>
            <transform time="0.0015">
                <matrix value="0.0965504836549019 0.9549198089544346 -0.28071730872886114 0.10541797753306534 -0.9520909722067062 0.006385196774174573 -0.30574697497175196 0.16977981400624303 -0.2901716097189003 0.29678850084711306 0.9097872387507138 0.10758841761490544 0.0 0.0 0.0 1.0"/>
            </transform>
        </animation>
    </shape>
    <shape name="temp25" type="ply">
        <string name="filename" value="meshes/Cube_021.ply"/>
        <boolean name="face_normals" value="true"/>
        <ref id="mat-Material" name="bsdf"/>
        <animation name="to_world">
            <transform time="0">
                <matrix value="0.2064149189666452 0.9332133627297815 -0.2941117232699526 -0.15328564534054923 -0.7864641231714085 -0.020586830419066254 -0.6172812787663569 0.10789035767446245 -0.5821108741248203 0.35873164199464774 0.7296905679681491 0.2931042016736394 0.0 0.0 0.0 1.0"/>
            </transform>
            <transform time="0.0015">
                <matrix value="0.20653045517794127 0.9332145867206808 -0.2940267557551918 -0.1532850201867873 -0.7862993837410625 -0.0205363539354737 -0.6174928550268203 0.1081107037473799 -0.5822924959958198 0.3587313566470761 0.729545832138468 0.29312591139367006 0.0 0.0 0.0 1.0"/>
            </transform>
        </animation>
    </shape>
    <shape name="temp26" type="ply">
        <string name="filename" value="meshes/Cube_022.ply"/>
        <boolean name="face_normals" value="true"/>
        <ref id="mat-Material" name="bsdf"/>
        <animation name="to_world">
            <transform time="0">
                <matrix value="0.6433178287564247 0.3991563817338759 -0.6533055631858715 -0.07921602214356505 -0.706193364856647 -0.020177232840310123 -0.7077247138552721 -0.18738609568375098 -0.2956749189311859 0.9166607567847184 0.26890134324554715 0.6759306462609275 0.0 0.0 0.0 1.0"/>
            </transform>
            <transform time="0.0015">
                <matrix value="0.6434667867748556 0.39915682477352665 -0.6531586146604935 -0.07917401209310201 -0.7060337476034746 -0.020171318561339233 -0.7078841385802335 -0.18715215196796492 -0.29573203998298847 0.9166606892023987 0.26883874097806115 0.6759431109356324 0.0 0.0 0.0 1.0"/>
            </transform>
        </animation>
    </shape>
    <shape name="temp27" type="ply">
        <string name="filename" value="meshes/Cube_023.ply"/>
        <boolean name="face_normals" value="true"/>
        <ref id="mat-Material" name="bsdf"/>
        <animation name="to_world">
            <transform time="0">
                <matrix value="0.8582860394981091 0.27558335749432133 -0.4328963486850037 -0.06434889932036475 -0.48035422063128186 0.1346147973710064 -0.8666826075917888 -0.28727846896417336 -0.1805691039613352 0.9518048779470322 0.24791558417304896 0.20469927309549024 0.0 0.0 0.0 1.0"/>
            </transform>
            <transform time="0.0015">
                <matrix value="0.858284411890409 0.27559920179369357 -0.43288948932834326 -0.06434767636864802 -0.4803548908226878 0.13463288089790132 -0.8666794332245005 -0.2872786187833052 -0.18057505270790947 0.9517977367485948 0.24793868131197733 0.20473375573665328 0.0 0.0 0.0 1.0"/>
            </transform>
        </animation>
    </shape>
    <shape name="temp28" type="ply">
        <string name="filename" value="meshes/Cube_024.ply"/>
        <boolean name="face_normals" value="true"/>
        <ref id="mat-Material" name="bsdf"/>
        <animation name="to_world">
            <transform time="0">
                <matrix value="0.8577306582840893 0.43582160221766586 -0.2726859142896722 -0.1894481396907668 -0.37946057990131676 0.17883863519272125 -0.9077590148177321 -0.5133387262749469 -0.3468543394199214 0.8820860701301356 0.3187726023485403 -0.3332863737557836 0.0 0.0 0.0 1.0"/>
            </transform>
            <transform time="0.0015">
                <matrix value="0.8577163289535535 0.435856654914097 -0.27267497846670874 -0.18945809533139243 -0.37945850071226467 0.17882869082984984 -0.9077618402599297 -0.5133389001734504 -0.3468920600262169 0.8820707589801735 0.3187739044348542 -0.333326146705733 0.0 0.0 0.0 1.0"/>
            </transform>
        </animation>
    </shape>
    <shape name="temp29" type="ply">
        <string name="filename" value="meshes/Cube_025.ply"/>
        <boolean name="face_normals" value="true"/>
        <ref id="mat-Material" name="bsdf"/>
        <animation name="to_world">
            <transform time="0">
                <matrix value="0.8992659039372228 0.3664557186451214 -0.2388119999943265 -0.2676023927317171 -0.3216031324741546 0.18388818433825663 -0.9288470148706847 -0.7934701754738445 -0.29646668067308835 0.9120828579354767 0.28321768085779353 -0.7074979839845283 0.0 0.0 0.0 1.0"/>
            </transform>
            <transform time="0.0015">
                <matrix value="0.8992698293440289 0.366438943211568 -0.23882292730692195 -0.2675964433299326 -0.32160518453641174 0.18387634616860715 -0.9288486573717212 -0.7934728319312312 -0.2964525188904041 0.912091989057769 0.2832031111076663 -0.7074875919325365 0.0 0.0 0.0 1.0"/>
            </transform>
        </animation>
    </shape>
    <shape name="temp30" type="ply">
        <string name="filename" value="meshes/Cube_026.ply"/>
        <boolean name="face_normals" value="true"/>
        <ref id="mat-Material" name="bsdf"/>
        <animation name="to_world">
            <transform time="0">
                <matrix value="0.9234653216955926 0.23726740269031732 -0.30152330787040427 -0.32627683934297047 -0.3490675535036444 0.19334472897629024 -0.9169350541652621 -1.145442329374044 -0.1592608820145135 0.9520092903344228 0.26136955161952075 -0.8770375439593864 0.0 0.0 0.0 1.0"/>
            </transform>
            <transform time="0.0015">
                <matrix value="0.9234714651168134 0.23724938824757136 -0.30151870376128115 -0.32626250014765956 -0.3490595495034253 0.19335354921991238 -0.9169362371064231 -1.1454364751348478 -0.15924287780110208 0.9520119861180603 0.26137069200884144 -0.8770253164681848 0.0 0.0 0.0 1.0"/>
            </transform>
        </animation>
    </shape>
    <shape name="temp31" type="ply">
        <string name="filename" value="meshes/Cube_027.ply"/>
        <boolean name="face_normals" value="true"/>
        <ref id="mat-Material" name="bsdf"/>
        <animation name="to_world">
            <transform time="0">
                <matrix value="0.8735947037996408 0.17515647976838825 -0.45404025623362665 -0.5801767138062528 -0.48243545964998136 0.18911716792894795 -0.8552722777777515 -1.5825841636048517 -0.0639396917168859 0.9662064606829459 0.24971348885939726 -1.0148095965710282 0.0 0.0 0.0 1.0"/>
            </transform>
            <transform time="0.0015">
                <matrix value="0.8735999695892587 0.17514523482132194 -0.45403445216260635 -0.580167903563692 -0.4824273694822958 0.18912375645419402 -0.8552753840620952 -1.5825788538921532 -0.06392872451323646 0.9662072115976081 0.24971339524534855 -1.0147994974042518 0.0 0.0 0.0 1.0"/>
            </transform>
        </animation>
    </shape>
    <shape name="temp32" type="ply">
        <string name="filename" value="meshes/Cube_028.ply"/>
        <boolean name="face_normals" value="true"/>
        <ref id="mat-Material" name="bsdf"/>
        <animation name="to_world">
            <transform time="0">
                <matrix value="-0.107440113682501 0.9841732666142426 0.14092363674358815 -1.4857738894155863 -0.7943274435443693 0.0002706631721882346 -0.6074858836528374 -2.121446504712126 -0.5979095415644995 -0.17720819610239807 0.7817266173104735 -1.3621329349474092 0.0 0.0 0.0 1.0"/>
            </transform>
            <transform time="0.0015">
                <matrix value="-0.10744774429036535 0.9841739874923183 0.14091277496082683 -1.4857876954871838 -0.7942301221780694 0.0002866438151357039 -0.607613130676145 -2.121426292555456 -0.5980374683383356 -0.1772041599360888 0.7816296927285815 -1.36249176021495 0.0 0.0 0.0 1.0"/>
            </transform>
        </animation>
    </shape>
    <shape name="temp33" type="ply">
        <string name="filename" value="meshes/Cube_029.ply"/>
        <boolean name="face_normals" value="true"/>
        <ref id="mat-Material" name="bsdf"/>
        <animation name="to_world">
            <transform time="0">
                <matrix value="-0.0018746620285908298 0.9778800766755038 0.20915617031999892 -1.5877529284640155 -0.998549936439213 -0.013073142089553486 0.05216402195450713 -1.815934326611125 0.0537441913241742 -0.20875625491476213 0.9764865838558063 -0.1081010794929177 0.0 0.0 0.0 1.0"/>
            </transform>
            <transform time="0.0015">
                <matrix value="-0.0018378997960057444 0.9778707052605197 0.20920028381286374 -1.5876125481901746 -0.998540537802592 -0.01307639430095544 0.0523432341362563 -1.815615424094753 0.053920205927077636 -0.20879992060236863 0.9764675631831812 -0.10778123364035405 0.0 0.0 0.0 1.0"/>
            </transform>
        </animation>
    </shape>
    <shape name="temp34" type="ply">
        <string name="filename" value="meshes/Cube_030.ply"/>
        <boolean name="face_normals" value="true"/>
        <ref id="mat-Material" name="bsdf"/>
        <animation name="to_world">
            <transform time="0">
                <matrix value="-0.03990406925922553 0.9793146409343505 -0.19836825234921798 -3.21750982717861 -0.9766443458806615 0.003716488297976262 0.2148184120774272 -1.9296046453899112 0.21111221184253637 0.20230810021453471 0.95629406251394 0.24290999654242407 0.0 0.0 0.0 1.0"/>
            </transform>
            <transform time="0.0015">
                <matrix value="-0.03989042245018905 0.9793046865415358 -0.19842015477103403 -3.217556622441885 -0.9766775888785995 0.0037095823455634298 0.21466742304355346 -1.9298610823395048 0.2109610307968785 0.20235642666539294 0.9563172150062746 0.24257252505542998 0.0 0.0 0.0 1.0"/>
            </transform>
        </animation>
    </shape>
    <shape name="temp35" type="ply">
        <string name="filename" value="meshes/Cube_031.ply"/>
        <boolean name="face_normals" value="true"/>
        <ref id="mat-Material" name="bsdf"/>
        <animation name="to_world">
            <transform time="0">
                <matrix value="0.1427223120524372 0.9779263823387698 0.15261084458850901 -1.8884242994469127 -0.7246044958840623 -0.0017963520732213515 0.6891597611650696 -0.9535989652930865 0.674221491169749 -0.20894168615189512 0.7083532890391522 0.6828447795349568 0.0 0.0 0.0 1.0"/>
            </transform>
            <transform time="0.0015">
                <matrix value="0.14275652532370853 0.97792189186909 0.1526076634129263 -1.88833499566692 -0.724500041766371 -0.0018011486908090365 0.6892695789545801 -0.9531484504635458 0.6743265037802786 -0.2089626892349966 0.7082471392182778 0.6829688858384275 0.0 0.0 0.0 1.0"/>
            </transform>
        </animation>
    </shape>
    <shape name="temp36" type="ply">
        <string name="filename" value="meshes/Cube_032.ply"/>
        <boolean name="face_normals" value="true"/>
        <ref id="mat-Material" name="bsdf"/>
        <animation name="to_world">
            <transform time="0">
                <matrix value="0.7182300226762195 0.6134974750898476 0.32786708530703734 -0.6576940420092605 -0.4146369322745188 -0.0007493247090773702 0.9097278333280538 -0.18313248479790967 0.5583471624585348 -0.7896954255427879 0.2538267676106247 -0.11641805764067992 0.0 0.0 0.0 1.0"/>
            </transform>
            <transform time="0.0015">
                <matrix value="0.71870504477056 0.6135201827492323 0.32678400480487957 -0.6575273811750122 -0.4132165764796645 -0.0008309595705714645 0.9103751404334444 -0.17807368631277215 0.5587908770400567 -0.7896777114659068 0.25290580110973676 -0.11615191321479515 0.0 0.0 0.0 1.0"/>
            </transform>
        </animation>
    </shape>
    <shape name="temp37" type="ply">
        <string name="filename" value="meshes/Cube_033.ply"/>
        <boolean name="face_normals" value="true"/>
        <ref id="mat-Material" name="bsdf"/>
        <animation name="to_world">
            <transform time="0">
                <matrix value="0.9768273504637189 0.16855704669988714 0.13189792118674237 -0.14128973269503797 -0.1500281458157145 0.09973885274590498 0.9836375426043484 0.30061378600643707 0.15264388938827397 -0.9806322391708366 0.12271593649664958 -0.3781763124982577 0.0 0.0 0.0 1.0"/>
            </transform>
            <transform time="0.0015">
                <matrix value="0.9768276376886071 0.16856564692551324 0.13188478713570767 -0.14130116258693357 -0.15002725222717328 0.0998111117620184 0.9836303513433334 0.3006113154529384 0.1526429160150416 -0.980623415923556 0.12278768911187904 -0.3781572575939079 0.0 0.0 0.0 1.0"/>
            </transform>
        </animation>
    </shape>
    <shape name="temp38" type="ply">
        <string name="filename" value="meshes/Cube_034.ply"/>
        <boolean name="face_normals" value="true"/>
        <ref id="mat-Material" name="bsdf"/>
        <animation name="to_world">
            <transform time="0">
                <matrix value="0.9999246489972998 0.002371157620723244 0.01205432979323446 -0.033829816816865144 -0.012284367592331574 0.18071230416563244 0.9834593005251285 0.3693817729409762 0.0001535717705003484 -0.9835331221071997 0.18072781157968343 -0.3614860346062701 0.0 0.0 0.0 1.0"/>
            </transform>
            <transform time="0.0015">
                <matrix value="0.9999246489972998 0.002368934387682892 0.012054800416588456 -0.03382322329524113 -0.012284426633003045 0.18070340657780015 0.983460926005429 0.36938189230559654 0.00015141153615892873 -0.9835347591011634 0.1807188884587673 -0.36150366151564384 0.0 0.0 0.0 1.0"/>
