
<scene version="2.1.0">
    <default name="spp" value="1024"/>
    <default name="resx" value="1280"/>
    <default name="resy" value="720"/>
    <integrator name="temp0" type="path">
        <integer name="max_depth" value="12"/>
    </integrator>
    <sensor name="temp44" type="perspective">
        <string name="fov_axis" value="x"/>
        <float name="fov" value="83.974423"/>
        <float name="principal_point_offset_x" value="0.000000"/>
        <float name="principal_point_offset_y" value="-0.000000"/>
        <float name="near_clip" value="0.100000"/>
        <float name="far_clip" value="1000.000000"/>
        <sampler name="sampler" type="correlated">
            <integer name="sample_count" value="1024"/>
        </sampler>
        <film name="film" type="hdrfilm">
            <integer name="width" value="$resx"/>
            <integer name="height" value="$resy"/>
        </film>
        <float name="shutter_open" value="0.0"/>
        <float name="shutter_close" value="0.0015"/>
        <animation name="to_world">
            <transform time="0">
                <rotate angle="-142.5518126578256" x="1"/>
                <rotate angle="3.976628485794621e-06" y="1"/>
                <rotate angle="-179.999991348578" z="1"/>
                <translate value="-0.000000 3.030926 4.073377"/>
                <translate x="43.949999999999996" y="0.0" z="0.0"/>
            </transform>
            <transform time="0.0015">
                <rotate angle="-142.5518126578256" x="1"/>
                <rotate angle="3.976628485794621e-06" y="1"/>
                <rotate angle="-179.999991348578" z="1"/>
                <translate value="-0.000000 3.030926 4.073377"/>
                <translate x="44.1" y="0.0" z="0.0"/>
            </transform>
        </animation>
    </sensor>
    <bsdf id="mat-Material" name="mat-Material" type="twosided">
        <bsdf name="bsdf" type="diffuse">
            <texture name="reflectance" type="bitmap">
                <string name="filename" value="textures/siggraph_2023_logo.jpg"/>
            </texture>
        </bsdf>
    </bsdf>
    <bsdf id="mat-Material.001" name="mat-Material.001" type="twosided">
        <bsdf name="bsdf" type="principled">
            <rgb name="base_color" value="0.433648 0.266232 0.084399"/>
            <float name="spec_tint" value="0.000000"/>
            <float name="spec_trans" value="0.000000"/>
            <float name="metallic" value="0.000000"/>
            <float name="anisotropic" value="0.000000"/>
            <float name="roughness" value="0.500000"/>
            <float name="sheen" value="0.000000"/>
            <float name="sheen_tint" value="0.500000"/>
            <float name="clearcoat" value="0.000000"/>
            <float name="clearcoat_gloss" value="0.173205"/>
            <float name="specular" value="0.500000"/>
        </bsdf>
    </bsdf>
    <bsdf id="mat-Material.002" name="mat-Material.002" type="twosided">
        <bsdf name="bsdf" type="principled">
            <rgb name="base_color" value="0.433648 0.266232 0.084399"/>
            <float name="spec_tint" value="0.000000"/>
            <float name="spec_trans" value="0.000000"/>
            <float name="metallic" value="0.000000"/>
            <float name="anisotropic" value="0.000000"/>
            <float name="roughness" value="0.500000"/>
            <float name="sheen" value="0.000000"/>
            <float name="sheen_tint" value="0.500000"/>
            <float name="clearcoat" value="0.000000"/>
            <float name="clearcoat_gloss" value="0.173205"/>
            <float name="specular" value="0.500000"/>
        </bsdf>
    </bsdf>
    <bsdf id="mat-Material.003" name="mat-Material.003" type="twosided">
        <bsdf name="bsdf" type="principled">
            <rgb name="base_color" value="0.433648 0.266232 0.084399"/>
            <float name="spec_tint" value="0.000000"/>
            <float name="spec_trans" value="0.000000"/>
            <float name="metallic" value="0.000000"/>
            <float name="anisotropic" value="0.000000"/>
            <float name="roughness" value="0.500000"/>
            <float name="sheen" value="0.000000"/>
            <float name="sheen_tint" value="0.500000"/>
            <float name="clearcoat" value="0.000000"/>
            <float name="clearcoat_gloss" value="0.173205"/>
            <float name="specular" value="0.500000"/>
        </bsdf>
    </bsdf>
    <bsdf id="mat-Material.004" name="mat-Material.004" type="twosided">
        <bsdf name="bsdf" type="principled">
            <rgb name="base_color" value="0.433648 0.266232 0.084399"/>
            <float name="spec_tint" value="0.000000"/>
            <float name="spec_trans" value="0.000000"/>
            <float name="metallic" value="0.000000"/>
            <float name="anisotropic" value="0.000000"/>
            <float name="roughness" value="0.500000"/>
            <float name="sheen" value="0.000000"/>
            <float name="sheen_tint" value="0.500000"/>
            <float name="clearcoat" value="0.000000"/>
            <float name="clearcoat_gloss" value="0.173205"/>
            <float name="specular" value="0.500000"/>
        </bsdf>
    </bsdf>
    <bsdf id="mat-Material.005" name="mat-Material.005" type="twosided">
        <bsdf name="bsdf" type="principled">
            <rgb name="base_color" value="0.433648 0.266232 0.084399"/>
            <float name="spec_tint" value="0.000000"/>
            <float name="spec_trans" value="0.000000"/>
            <float name="metallic" value="0.000000"/>
            <float name="anisotropic" value="0.000000"/>
            <float name="roughness" value="0.500000"/>
            <float name="sheen" value="0.000000"/>
            <float name="sheen_tint" value="0.500000"/>
            <float name="clearcoat" value="0.000000"/>
            <float name="clearcoat_gloss" value="0.173205"/>
            <float name="specular" value="0.500000"/>
        </bsdf>
    </bsdf>
    <emitter name="temp45" type="point">
        <point name="position" x="-6.815235034541981e-16" y="3.0693089962005615" z="4.109199523925781"/>
        <rgb name="intensity" value="7.957747 7.957747 7.957747"/>
    </emitter>
    <shape name="temp2" type="ply">
        <string name="filename" value="meshes/Cube.ply"/>
        <boolean name="face_normals" value="true"/>
        <ref id="mat-Material" name="bsdf"/>
        <animation name="to_world">
            <transform time="0">
                <matrix value="0.9369287729133534 -0.33224876570377304 -0.1023063437632529 0.44641473182922886 -0.13960934051029472 -0.0903130638288109 -0.9848050991418378 1.7941943116104047 0.3171927496378719 0.9386143343143738 -0.13109184856893358 1.9251109856975173 0.0 0.0 0.0 1.0"/>
            </transform>
            <transform time="0.0015">
                <matrix value="0.9365347482374977 -0.33257341614882524 -0.10486048053313565 0.451202773496574 -0.14284500706535821 -0.09179621790554654 -0.9842103861110889 1.8032891862673872 0.3169324664441454 0.9383567105120689 -0.13356624319004748 1.9293932334518813 0.0 0.0 0.0 1.0"/>
            </transform>
        </animation>
    </shape>
    <shape name="temp4" type="ply">
        <string name="filename" value="meshes/Plane.ply"/>
        <boolean name="face_normals" value="true"/>
        <ref id="mat-Material.001" name="bsdf"/>
    </shape>
    <shape name="temp5" type="ply">
        <string name="filename" value="meshes/Cube_001.ply"/>
        <boolean name="face_normals" value="true"/>
        <ref id="mat-Material" name="bsdf"/>
        <animation name="to_world">
            <transform time="0">
                <matrix value="0.9983888182657923 -0.016155838372376795 -0.05439223706101978 0.03749264076570724 -0.05439786127259865 9.17902353454048e-05 -0.9985194560448887 1.172492328571996 0.016136909225976773 0.999869322080918 -0.0007872460936853606 1.0986779993982787 0.0 0.0 0.0 1.0"/>
            </transform>
            <transform time="0.0015">
                <matrix value="0.9983898075959629 -0.016113413120700797 -0.05438680148893668 0.03747174720488228 -0.0543923896384776 9.194024556747092e-05 -0.998519762418139 1.1724791096327674 0.016094559192760285 0.9998700054132607 -0.0007846999617676798 1.0987983144815638 0.0 0.0 0.0 1.0"/>
            </transform>
        </animation>
    </shape>
    <shape name="temp6" type="ply">
        <string name="filename" value="meshes/Cube_002.ply"/>
        <boolean name="face_normals" value="true"/>
        <ref id="mat-Material" name="bsdf"/>
        <animation name="to_world">
            <transform time="0">
                <matrix value="0.9997407039024728 -0.02233433731798433 0.004485010408486404 -0.04569718483697005 0.009216635462486723 0.2165149565206509 -0.9762358866077789 0.6595062473028508 0.020832457931978434 0.9760236784634864 0.21666459426760237 0.5470455892574002 0.0 0.0 0.0 1.0"/>
            </transform>
            <transform time="0.0015">
                <matrix value="0.9997413421800023 -0.022306860599580057 0.004479863337880703 -0.045737556436492285 0.009205240772461947 0.21649563548639267 -0.9762402779577005 0.6595394987572716 0.020806933373145885 0.9760285894453772 0.21664490808419445 0.5471263856829243 0.0 0.0 0.0 1.0"/>
            </transform>
        </animation>
    </shape>
    <shape name="temp7" type="ply">
        <string name="filename" value="meshes/Cube_003.ply"/>
        <boolean name="face_normals" value="true"/>
        <ref id="mat-Material" name="bsdf"/>
        <animation name="to_world">
            <transform time="0">
                <matrix value="0.9952404760764999 -0.05700947806008473 0.07902893289729426 -0.07837740503835322 0.0896262058376638 0.21722497669073032 -0.9719982639126925 0.1343848978000007 0.03824609016944224 0.9744548133902629 0.22130087404809512 0.19111282278682512 0.0 0.0 0.0 1.0"/>
            </transform>
            <transform time="0.0015">
                <matrix value="0.9952369336362115 -0.05707103278768861 0.07902913629509101 -0.07836441182809674 0.08963930329256772 0.21720577580281808 -0.9720013446659321 0.13435227885326567 0.03830757001849329 0.9744554967226056 0.22128725575711752 0.19091519470221663 0.0 0.0 0.0 1.0"/>
            </transform>
        </animation>
    </shape>
    <shape name="temp8" type="ply">
        <string name="filename" value="meshes/Cube_004.ply"/>
        <boolean name="face_normals" value="true"/>
        <ref id="mat-Material" name="bsdf"/>
        <animation name="to_world">
            <transform time="0">
                <matrix value="0.9748411866807795 -0.18593320512365907 0.12293448397972484 0.05916311083365855 0.16313148572674713 0.21929131476796065 -0.9619249860881347 -0.3794591988852734 0.15189532150056645 0.9577783085083529 0.24410583702622238 -0.393891719025913 0.0 0.0 0.0 1.0"/>
            </transform>
            <transform time="0.0015">
                <matrix value="0.9748293147187321 -0.18599836424164146 0.12293007220491996 0.05920345789958742 0.16314290610744248 0.21928745506659697 -0.9619239308024947 -0.3794900612140647 0.15195924659083276 0.9577665416755963 0.2441122198022711 -0.3940658465460855 0.0 0.0 0.0 1.0"/>
            </transform>
        </animation>
    </shape>
    <shape name="temp9" type="ply">
        <string name="filename" value="meshes/Cube_005.ply"/>
        <boolean name="face_normals" value="true"/>
        <ref id="mat-Material" name="bsdf"/>
        <animation name="to_world">
            <transform time="0">
                <matrix value="0.9705760983073506 -0.2264385521762619 0.08189902042502935 0.1331847264007222 0.13252672301148705 0.21835956973278298 -0.9668277070456683 -0.634442431326325 0.20104363354945776 0.9492336621313537 0.24194376533319212 -0.8252245577479582 0.0 0.0 0.0 1.0"/>
            </transform>
            <transform time="0.0015">
                <matrix value="0.9705691570392181 -0.22647059370489764 0.08189272615680848 0.1332052840540251 0.13252805701152354 0.21835706167781124 -0.9668280900122312 -0.6344456288110176 0.2010762798493943 0.9492265960243826 0.24194436105895667 -0.8253137984512566 0.0 0.0 0.0 1.0"/>
            </transform>
        </animation>
    </shape>
    <shape name="temp10" type="ply">
        <string name="filename" value="meshes/Cube_006.ply"/>
        <boolean name="face_normals" value="true"/>
        <ref id="mat-Material" name="bsdf"/>
        <animation name="to_world">
            <transform time="0">
                <matrix value="0.9875837060991761 -0.14232713073840847 -0.06649565434463886 0.03411606777095755 -0.034122615140764534 0.21882961393174716 -0.9751664341324598 -0.5425406764560007 0.15334387804129945 0.965327174541063 0.21125596366320096 -1.0419481071410428 0.0 0.0 0.0 1.0"/>
            </transform>
            <transform time="0.0015">
                <matrix value="0.9875812327737497 -0.1423426356243534 -0.06649916997768651 0.034115777834681324 -0.03412285082474228 0.21882888554452484 -0.975166587319085 -0.5425413002343367 0.15335974083359963 0.9653250494525689 0.21125414755065589 -1.0419949688705312 0.0 0.0 0.0 1.0"/>
            </transform>
        </animation>
    </shape>
    <shape name="temp11" type="ply">
        <string name="filename" value="meshes/Cube_007.ply"/>
        <boolean name="face_normals" value="true"/>
        <ref id="mat-Material" name="bsdf"/>
        <animation name="to_world">
            <transform time="0">
                <matrix value="0.9247263428878405 -0.2474904207766419 -0.28918819952333247 0.17867711786193952 -0.2418497474411686 0.20464187158313224 -0.9484885118961222 -0.313977662458077 0.2939219000154248 0.9470322658695975 0.12938221389900528 -1.805002802406515 0.0 0.0 0.0 1.0"/>
            </transform>
            <transform time="0.0015">
                <matrix value="0.9247204228637549 -0.24749093139861222 -0.2892066925531377 0.17866560093398193 -0.24186635701817819 0.20464923355048037 -0.9484826908043658 -0.3139343660245556 0.29392685783613465 0.947030546275021 0.1293835755578957 -1.8050166424768301 0.0 0.0 0.0 1.0"/>
            </transform>
        </animation>
    </shape>
    <shape name="temp12" type="ply">
        <string name="filename" value="meshes/Cube_008.ply"/>
        <boolean name="face_normals" value="true"/>
        <ref id="mat-Material" name="bsdf"/>
        <animation name="to_world">
            <transform time="0">
                <matrix value="0.31010270784909233 0.890637599781404 -0.3325499586071776 1.7803318633196479 -0.5938252955975512 -0.09170251531528525 -0.7993335779237019 0.4659287077282781 -0.74241547833703 0.44536932938136053 0.5004480873490202 0.9846880096645526 0.0 0.0 0.0 1.0"/>
            </transform>
            <transform time="0.0015">
                <matrix value="0.3102724992460838 0.8906433142419832 -0.3323763215675478 1.7801560016646807 -0.593529517790413 -0.09162138424243801 -0.7995626174594348 0.46477927314004897 -0.7425811273128555 0.44537460080228913 0.500197635727236 0.9847296222049897 0.0 0.0 0.0 1.0"/>
            </transform>
        </animation>
    </shape>
    <shape name="temp13" type="ply">
        <string name="filename" value="meshes/Cube_009.ply"/>
        <boolean name="face_normals" value="true"/>
        <ref id="mat-Material" name="bsdf"/>
        <animation name="to_world">
            <transform time="0">
                <matrix value="-0.07477024592794318 0.9907176960638101 0.11352116281917507 2.618928214472839 -0.8348399101461454 6.564182360879641e-05 -0.5504532644067588 0.9363312594641782 -0.5453515523193039 -0.13593513452629516 0.8270856805419694 0.9305092992950251 0.0 0.0 0.0 1.0"/>
            </transform>
            <transform time="0.0015">
                <matrix value="-0.0747302817761317 0.9907148801338268 0.11357204375672517 2.6189195110314847 -0.8351013486222003 6.242461984839348e-05 -0.5500567578482434 0.9373796050943508 -0.5449568095812275 -0.1359556450093783 0.827342583022747 0.9300799987652422 0.0 0.0 0.0 1.0"/>
            </transform>
        </animation>
    </shape>
    <shape name="temp14" type="ply">
        <string name="filename" value="meshes/Cube_010.ply"/>
        <boolean name="face_normals" value="true"/>
        <ref id="mat-Material" name="bsdf"/>
        <animation name="to_world">
            <transform time="0">
                <matrix value="0.01960397507566127 0.9926400068415575 0.11942235855403596 1.9565823293189777 -0.9927813739413184 0.005203118123243983 0.11974527457554036 2.0412421953747537 0.11825123176727356 -0.12091629938488557 0.985591586406512 -0.3699666441054731 0.0 0.0 0.0 1.0"/>
            </transform>
            <transform time="0.0015">
                <matrix value="0.0193240302213488 0.9926271286551009 0.11957532050548869 1.9573458632688048 -0.9928007137504602 0.004922944879273723 0.11959720097950416 2.0410101325072967 0.11813537003443748 -0.12103404055117331 0.9855910502533239 -0.3698195760145154 0.0 0.0 0.0 1.0"/>
            </transform>
        </animation>
    </shape>
    <shape name="temp15" type="ply">
        <string name="filename" value="meshes/Cube_011.ply"/>
        <boolean name="face_normals" value="true"/>
        <ref id="mat-Material" name="bsdf"/>
        <animation name="to_world">
            <transform time="0">
                <matrix value="0.06417959601224764 0.9745478418849326 0.2147533143807317 1.6872338029314493 -0.9395622904577263 -0.013512705898548881 0.34208141833415995 2.0548798758411575 0.33628959695191896 -0.22372184897261918 0.9147924850870006 -0.8742409745911999 0.0 0.0 0.0 1.0"/>
            </transform>
            <transform time="0.0015">
                <matrix value="0.06399042331807499 0.9745068043986438 0.21499606582149083 1.6879045418141685 -0.9395126324659366 -0.013811587505504465 0.34220598459152707 2.055043026299554 0.3364644259543115 -0.2238825447103283 0.9146889139076497 -0.8747612147194676 0.0 0.0 0.0 1.0"/>
            </transform>
        </animation>
    </shape>
    <shape name="temp16" type="ply">
        <string name="filename" value="meshes/Cube_012.ply"/>
        <boolean name="face_normals" value="true"/>
        <ref id="mat-Material" name="bsdf"/>
        <animation name="to_world">
            <transform time="0">
                <matrix value="0.0913800669116904 0.9907928906206003 0.09989494591511233 1.095665914714247 -0.7382729461532871 8.479985315681559e-05 0.6745024232885333 1.8463703006177594 0.6682838321569713 -0.13538577623518272 0.7314832719572257 -1.8375779385804523 0.0 0.0 0.0 1.0"/>
            </transform>
            <transform time="0.0015">
                <matrix value="0.09137389795936846 0.9907940920840598 0.09988872653813044 1.095687671098473 -0.7382728025408429 8.440619365430797e-05 0.6745025849855266 1.846369118690106 0.6682848374440801 -0.13537702282296554 0.731483969807407 -1.8376133517760143 0.0 0.0 0.0 1.0"/>
            </transform>
        </animation>
    </shape>
    <shape name="temp17" type="ply">
        <string name="filename" value="meshes/Cube_013.ply"/>
        <boolean name="face_normals" value="true"/>
        <ref id="mat-Material" name="bsdf"/>
        <animation name="to_world">
            <transform time="0">
                <matrix value="0.908801130087744 0.16488954430638497 0.3832326446822161 0.6657685605494785 -0.4049595143494904 0.12776127761913803 0.9053482552369839 1.4711594365896272 0.10031049045524418 -0.9779999082230098 0.18288711744734648 -1.3941870839045178 0.0 0.0 0.0 1.0"/>
            </transform>
            <transform time="0.0015">
                <matrix value="0.9089503434171866 0.16478240680604206 0.3829248842418822 0.6652965984326602 -0.40462214956992215 0.1276558169112358 0.9055140372068897 1.4710775829770233 0.10032056566604623 -0.9780317545138333 0.1827113230294122 -1.3943629135707094 0.0 0.0 0.0 1.0"/>
            </transform>
        </animation>
    </shape>
    <shape name="temp18" type="ply">
        <string name="filename" value="meshes/Cube_014.ply"/>
        <boolean name="face_normals" value="true"/>
        <ref id="mat-Material" name="bsdf"/>
        <animation name="to_world">
            <transform time="0">
                <matrix value="0.9401325202516901 0.2949626947393012 0.1707281945401189 0.11298334420738498 -0.21630132511386868 0.12928034324594356 0.9677294370339762 1.025892560920449 0.26337236515273205 -0.9467222056513768 0.18534137376891222 -0.8665553117229567 0.0 0.0 0.0 1.0"/>
            </transform>
            <transform time="0.0015">
                <matrix value="0.9401389508977991 0.2949315768357 0.17074656587166076 0.11300363186806622 -0.21630151181004603 0.12923557972110097 0.9677353772708854 1.0258990584535177 0.2633492658889419 -0.9467380199141626 0.18529344422700705 -0.8665748443994133 0.0 0.0 0.0 1.0"/>
            </transform>
        </animation>
    </shape>
    <shape name="temp19" type="ply">
        <string name="filename" value="meshes/Cube_015.ply"/>
        <boolean name="face_normals" value="true"/>
        <ref id="mat-Material" name="bsdf"/>
        <animation name="to_world">
            <transform time="0">
                <matrix value="0.9833711418070412 0.12758378300582157 0.12924303614815558 0.01427128331384342 -0.14986244009595287 0.16810337635032113 0.9743113922219317 0.6400323387901946 0.10258015130481343 -0.9774779265909228 0.18442801313034224 -0.29211604674424935 0.0 0.0 0.0 1.0"/>
            </transform>
            <transform time="0.0015">
                <matrix value="0.9833759767593265 0.1275390630340294 0.1292503865530533 0.014287047920659088 -0.14986011517005193 0.16809149012213329 0.9743137921457261 0.6400321281628526 0.10253718884430746 -0.9774858111948759 0.18441013880429535 -0.29205388142898403 0.0 0.0 0.0 1.0"/>
            </transform>
        </animation>
    </shape>
    <shape name="temp20" type="ply">
        <string name="filename" value="meshes/Cube_016.ply"/>
        <boolean name="face_normals" value="true"/>
        <ref id="mat-Material" name="bsdf"/>
        <animation name="to_world">
            <transform time="0">
                <matrix value="0.9849940694328463 0.02253698716999393 0.17111043396981987 0.030233126346455252 -0.17245657122797314 0.16726098873020276 0.9707122733146076 0.32637605399431385 -0.006743130204759701 -0.985654734962653 0.168637608795041 0.20844713124992922 0.0 0.0 0.0 1.0"/>
            </transform>
            <transform time="0.0015">
                <matrix value="0.9849915801504816 0.022491585367688464 0.1711306971561826 0.030210955188984718 -0.17246894264218732 0.16725278048203035 0.9707114903607457 0.3263832877723274 -0.006789205225637945 -0.9856571604170119 0.16862155738983364 0.20853276178800353 0.0 0.0 0.0 1.0"/>
            </transform>
        </animation>
    </shape>
    <shape name="temp21" type="ply">
        <string name="filename" value="meshes/Cube_017.ply"/>
        <boolean name="face_normals" value="true"/>
        <ref id="mat-Material" name="bsdf"/>
        <animation name="to_world">
            <transform time="0">
                <matrix value="0.9391028709618512 -0.1626844873942218 0.30268400894330816 0.22125441742545965 -0.28275960193395 0.1346785406624213 0.9496846722686056 0.14964748581997656 -0.1952652754212121 -0.9774382956178573 0.08047519952947874 0.4762310126890048 0.0 0.0 0.0 1.0"/>
            </transform>
            <transform time="0.0015">
                <matrix value="0.9390711645255767 -0.1627815934255925 0.3027302117315329 0.22124411447297643 -0.2827586987712458 0.13487644422164202 0.9496568774065053 0.14944920991660807 -0.19541909871011107 -0.9773948627137962 0.08062946952450305 0.47632310155337804 0.0 0.0 0.0 1.0"/>
            </transform>
        </animation>
    </shape>
    <shape name="temp22" type="ply">
        <string name="filename" value="meshes/Cube_018.ply"/>
        <boolean name="face_normals" value="true"/>
        <ref id="mat-Material" name="bsdf"/>
        <animation name="to_world">
            <transform time="0">
                <matrix value="0.2149166174668943 0.9556021509189172 0.20151040068535736 0.8534199635141659 -0.5913723988390627 -0.036867870335799496 0.8055174433750445 0.006229614160904846 0.7771948417362998 -0.29232421056144575 0.5572071971976752 -0.14934259280400683 0.0 0.0 0.0 1.0"/>
            </transform>
            <transform time="0.0015">
                <matrix value="0.21520450616376868 0.9555922012996432 0.20125054000064038 0.8534086272012653 -0.5909662309332095 -0.03662759491493523 0.8058266335572133 0.005782672187310621 0.7774242865511919 -0.29238703959123136 0.556854204151076 -0.14927121296948462 0.0 0.0 0.0 1.0"/>
            </transform>
        </animation>
    </shape>
    <shape name="temp23" type="ply">
        <string name="filename" value="meshes/Cube_019.ply"/>
        <boolean name="face_normals" value="true"/>
        <ref id="mat-Material" name="bsdf"/>
        <animation name="to_world">
            <transform time="0">
                <matrix value="-0.08223886001911257 0.9831890626857702 -0.16302155310786576 0.5107110853608042 -0.9135506810844163 -0.00899179013105337 0.40662585380083505 -0.04631836907129812 0.3983242158620066 0.18236883712295823 0.8989323677687259 -0.05475609683068189 0.0 0.0 0.0 1.0"/>
            </transform>
            <transform time="0.0015">
                <matrix value="-0.08224463483506009 0.9831864269753059 -0.1630345229087968 0.5107272002951015 -0.9135555639075164 -0.008994058043516124 0.40661479883271856 -0.04630936505639371 0.39831179019420243 0.18238292202927697 0.898935014493194 -0.05475984752425163 0.0 0.0 0.0 1.0"/>
            </transform>
        </animation>
    </shape>
    <shape name="temp24" type="ply">
        <string name="filename" value="meshes/Cube_020.ply"/>
        <boolean name="face_normals" value="true"/>
        <ref id="mat-Material" name="bsdf"/>
        <animation name="to_world">
            <transform time="0">
                <matrix value="0.09909645483130027 0.9398890378301334 -0.32678498561047603 0.1436714916148945 -0.961719051919234 0.006143638551772533 -0.27396812333901344 0.13946143195970168 -0.25549191134496285 0.3414246819837745 0.9045182710219578 0.11932023489227411 0.0 0.0 0.0 1.0"/>
            </transform>
            <transform time="0.0015">
                <matrix value="0.0990975846967507 0.9398844293167733 -0.3267978958388297 0.14368348005486187 -0.9617205037675678 0.00614298906005697 -0.27396302562854363 0.13945614657355476 -0.25548599353293755 0.34143737154600845 0.9045151562272506 0.11933728255863407 0.0 0.0 0.0 1.0"/>
            </transform>
        </animation>
    </shape>
    <shape name="temp25" type="ply">
        <string name="filename" value="meshes/Cube_021.ply"/>
        <boolean name="face_normals" value="true"/>
        <ref id="mat-Material" name="bsdf"/>
        <animation name="to_world">
            <transform time="0">
                <matrix value="0.18856300318956362 0.9411878445548088 -0.28037349043851806 -0.17453975705505478 -0.7965786655603366 -0.020393192441747685 -0.6041911237335711 0.09119714918271192 -0.5743752072152575 0.33726750698235175 0.7458844754931325 0.31510724557966924 0.0 0.0 0.0 1.0"/>
            </transform>
            <transform time="0.0015">
                <matrix value="0.18857108059169855 0.9411793291825394 -0.2803966471500229 -0.17452818306425566 -0.7965918619482577 -0.020393575783682734 -0.6041737200308782 0.09117584711161272 -0.5743542557553539 0.3372912509039703 0.7458898710664856 0.31514751425902826 0.0 0.0 0.0 1.0"/>
            </transform>
        </animation>
    </shape>
    <shape name="temp26" type="ply">
        <string name="filename" value="meshes/Cube_022.ply"/>
        <boolean name="face_normals" value="true"/>
        <ref id="mat-Material" name="bsdf"/>
        <animation name="to_world">
            <transform time="0">
                <matrix value="0.6372460892829599 0.40209512267872005 -0.6574474457720931 -0.08730236321149315 -0.7116441234196236 -0.020384389151125417 -0.7022444791052531 -0.1953666047312714 -0.2957707698390325 0.9153708729034694 0.2731588231483981 0.6933265800121972 0.0 0.0 0.0 1.0"/>
            </transform>
            <transform time="0.0015">
                <matrix value="0.637244748900148 0.4020961514318072 -0.6574481180911702 -0.08731047255293933 -0.7116452404053001 -0.020384275162279697 -0.7022433557366686 -0.19536802692622574 -0.29577097727922963 0.9153704298638188 0.2731600997036079 0.693354346928144 0.0 0.0 0.0 1.0"/>
            </transform>
        </animation>
    </shape>
    <shape name="temp27" type="ply">
        <string name="filename" value="meshes/Cube_023.ply"/>
        <boolean name="face_normals" value="true"/>
        <ref id="mat-Material" name="bsdf"/>
        <animation name="to_world">
            <transform time="0">
                <matrix value="0.8558129752653685 0.286708814554162 -0.4305606446216989 -0.0664591758913004 -0.48043954456081006 0.1320385233916604 -0.867031763494982 -0.28711625770326654 -0.1917350144585277 0.948875106117145 0.25074641825614946 0.20921072367676202 0.0 0.0 0.0 1.0"/>
            </transform>
            <transform time="0.0015">
                <matrix value="0.8558113317007303 0.2867195676521246 -0.4305567553834932 -0.06646322905275967 -0.48043754994353055 0.13203381140215514 -0.867033593224116 -0.28711327813596194 -0.19174740342537394 0.9488725154615605 0.25074675867087204 0.2092047036500399 0.0 0.0 0.0 1.0"/>
            </transform>
        </animation>
    </shape>
    <shape name="temp28" type="ply">
        <string name="filename" value="meshes/Cube_024.ply"/>
        <boolean name="face_normals" value="true"/>
        <ref id="mat-Material" name="bsdf"/>
        <animation name="to_world">
            <transform time="0">
                <matrix value="0.8515720435369228 0.45352872098334873 -0.2629381528352547 -0.19705820730551254 -0.37448366833502655 0.17527007465223823 -0.9105176301273556 -0.5097408815745064 -0.3668608506330371 0.87383750883875 0.31909433639339213 -0.3581577161038681 0.0 0.0 0.0 1.0"/>
            </transform>
            <transform time="0.0015">
                <matrix value="0.8515587514073724 0.4535383627276113 -0.2629645605073603 -0.19707887689901088 -0.3745077824600884 0.1752512785073289 -0.9105113239446194 -0.5097608565894696 -0.3668670866044996 0.873836277338704 0.31909054927960323 -0.3581734739499509 0.0 0.0 0.0 1.0"/>
            </transform>
        </animation>
    </shape>
    <shape name="temp29" type="ply">
        <string name="filename" value="meshes/Cube_025.ply"/>
        <boolean name="face_normals" value="true"/>
        <ref id="mat-Material" name="bsdf"/>
        <animation name="to_world">
            <transform time="0">
                <matrix value="0.9033118095410326 0.3533091862509725 -0.24331225790163213 -0.25941952187956896 -0.3211648555831548 0.18096164556143532 -0.9295731031284086 -0.7932956401867433 -0.2843966467917316 0.9178372752245929 0.2769352385536199 -0.6921254491068581 0.0 0.0 0.0 1.0"/>
            </transform>
            <transform time="0.0015">
                <matrix value="0.9033178093498092 0.35328816814957775 -0.243320495937919 -0.2594150074017531 -0.3211677693200766 0.18096474758990483 -0.9295714861584762 -0.7932951757773901 -0.28437429909973244 0.9178447543346283 0.27693340031411784 -0.6921028869013829 0.0 0.0 0.0 1.0"/>
            </transform>
        </animation>
    </shape>
    <shape name="temp30" type="ply">
        <string name="filename" value="meshes/Cube_026.ply"/>
        <boolean name="face_normals" value="true"/>
        <ref id="mat-Material" name="bsdf"/>
        <animation name="to_world">
            <transform time="0">
                <matrix value="0.9234954620966727 0.23030184200591128 -0.3067853497303438 -0.33433372549149715 -0.35108432309091586 0.18514808425962043 -0.9178562867683386 -1.149215728714017 -0.1545833355495393 0.9553435066736473 0.2518388010785301 -0.8900266668458754 0.0 0.0 0.0 1.0"/>
            </transform>
            <transform time="0.0015">
                <matrix value="0.9234968184364227 0.2302728416816574 -0.30680306831665516 -0.33434322407134986 -0.35109551050031296 0.18515536963367302 -0.9178505422698948 -1.1492284262901942 -0.15454988342422182 0.9553490859695875 0.25183817131129327 -0.8899917987637197 0.0 0.0 0.0 1.0"/>
            </transform>
        </animation>
    </shape>
    <shape name="temp31" type="ply">
        <string name="filename" value="meshes/Cube_027.ply"/>
        <boolean name="face_normals" value="true"/>
        <ref id="mat-Material" name="bsdf"/>
        <animation name="to_world">
            <transform time="0">
                <matrix value="0.8717840635288736 0.17254109627614864 -0.4585000905394116 -0.6056300485744317 -0.48564230967666444 0.18139382132271503 -0.8551303223817681 -1.585676944374975 -0.06437606267075867 0.968155887389633 0.24192946341569502 -1.030773432297066 0.0 0.0 0.0 1.0"/>
            </transform>
            <transform time="0.0015">
                <matrix value="0.8717789253947617 0.17251807623626447 -0.45851850697590424 -0.6056637893114869 -0.4856553784090795 0.18140344204136702 -0.8551208588524798 -1.5856942657418336 -0.06434699391637458 0.9681581851884993 0.2419279911220198 -1.0307356278592017 0.0 0.0 0.0 1.0"/>
            </transform>
        </animation>
    </shape>
    <shape name="temp32" type="ply">
        <string name="filename" value="meshes/Cube_028.ply"/>
        <boolean name="face_normals" value="true"/>
        <ref id="mat-Material" name="bsdf"/>
        <animation name="to_world">
            <transform time="0">
                <matrix value="-0.10538777398954305 0.9846680280253556 0.13900408302014894 -1.4868142770415576 -0.7970637930453685 -5.7762143243023386e-05 -0.6038952749774125 -2.1221080450581375 -0.594628448638097 -0.1744382622444063 0.784849399626779 -1.3614672613356555 0.0 0.0 0.0 1.0"/>
            </transform>
            <transform time="0.0015">
                <matrix value="-0.10538650062587185 0.9846683884643934 0.13900247711369507 -1.486818129558758 -0.7970648781171685 -5.8031541387231446e-05 -0.6038938622563137 -2.122107782381045 -0.5946272359107911 -0.1744362129982932 0.7848507697960374 -1.361471272306571 0.0 0.0 0.0 1.0"/>
            </transform>
        </animation>
    </shape>
    <shape name="temp33" type="ply">
        <string name="filename" value="meshes/Cube_029.ply"/>
        <boolean name="face_normals" value="true"/>
        <ref id="mat-Material" name="bsdf"/>
        <animation name="to_world">
            <transform time="0">
                <matrix value="0.002154070195221151 0.9760329604545465 0.21761206675236783 -1.5682580711777172 -0.9986742655936685 -0.009093542654399142 0.05067190644796632 -1.8223436019156065 0.051436323083823995 -0.21743262213118686 0.9747192923647618 -0.1246536593897436 0.0 0.0 0.0 1.0"/>
            </transform>
            <transform time="0.0015">
                <matrix value="0.0021520754183722976 0.9760322170490309 0.21761543004982714 -1.5682557983103707 -0.9986748081295684 -0.00909337287259402 0.05066118168213084 -1.8223623709361036 0.051425810652914274 -0.21743597121058025 0.9747190966262963 -0.12468244753529152 0.0 0.0 0.0 1.0"/>
            </transform>
        </animation>
    </shape>
    <shape name="temp34" type="ply">
        <string name="filename" value="meshes/Cube_030.ply"/>
        <boolean name="face_normals" value="true"/>
        <ref id="mat-Material" name="bsdf"/>
        <animation name="to_world">
            <transform time="0">
                <matrix value="-0.041687290172612426 0.978442305821535 -0.2022690476406509 -3.227219004319306 -0.9758587997330628 0.00356575650529026 0.21837165457080054 -1.9233182156368935 0.21438526219082202 0.20648939829981244 0.9546733309143525 0.2396988019171885 0.0 0.0 0.0 1.0"/>
            </transform>
            <transform time="0.0015">
                <matrix value="-0.0416809794711373 0.9784421050976151 -0.2022713290234983 -3.2272050881084895 -0.9758626570245916 0.0035688221713698004 0.2183543672182468 -1.9233488887294556 0.21436893218795416 0.20649030515353983 0.9546768014547868 0.23965347755904676 0.0 0.0 0.0 1.0"/>
            </transform>
        </animation>
    </shape>
    <shape name="temp35" type="ply">
        <string name="filename" value="meshes/Cube_031.ply"/>
        <boolean name="face_normals" value="true"/>
        <ref id="mat-Material" name="bsdf"/>
        <animation name="to_world">
            <transform time="0">
                <matrix value="0.1370082903832618 0.976042659613744 0.16902456431158608 -1.8802901642717749 -0.7793037833295215 0.0008736095264515887 0.6266451342039931 -1.1845462862424612 0.6114849111833298 -0.21757717089084172 0.7607533871904935 0.5845451716524284 0.0 0.0 0.0 1.0"/>
            </transform>
            <transform time="0.0015">
                <matrix value="0.13699938002895093 0.9760421489917737 0.16903475547734387 -1.8803005233201695 -0.7793485744551493 0.0008758850231524297 0.6265894338450079 -1.1847208882542448 0.61142982783254 -0.217579468689708 0.7607970028268265 0.584450132059406 0.0 0.0 0.0 1.0"/>
            </transform>
        </animation>
    </shape>
    <shape name="temp36" type="ply">
        <string name="filename" value="meshes/Cube_032.ply"/>
        <boolean name="face_normals" value="true"/>
        <ref id="mat-Material" name="bsdf"/>
        <animation name="to_world">
            <transform time="0">
                <matrix value="0.7301669512275122 0.6101565840604226 0.3074376826449422 -0.645518508884579 -0.3864109563903856 -0.002293140921482699 0.9222808981698746 -0.08308251448763959 0.5634391172763005 -0.7922773834380078 0.23409577131304843 -0.12745937075674063 0.0 0.0 0.0 1.0"/>
            </transform>
            <transform time="0.0015">
                <matrix value="0.7299766328251742 0.6101536554932401 0.30789551491573397 -0.6455603501315097 -0.3870027050836145 -0.0022726908870298887 0.9220330166792459 -0.08514558322224428 0.5632799468173988 -0.7922796962551674 0.23447107173641962 -0.12750411663786143 0.0 0.0 0.0 1.0"/>
            </transform>
        </animation>
    </shape>
    <shape name="temp37" type="ply">
        <string name="filename" value="meshes/Cube_033.ply"/>
        <boolean name="face_normals" value="true"/>
        <ref id="mat-Material" name="bsdf"/>
        <animation name="to_world">
            <transform time="0">
                <matrix value="0.976304325856741 0.17198087075505347 0.1313488339327531 -0.147941342825185 -0.14981104627969938 0.09913307246419134 0.9837324553295563 0.3013213288558333 0.15616209419052635 -0.9800995154592083 0.122548745899132 -0.38511808104141476 0.0 0.0 0.0 1.0"/>
            </transform>
            <transform time="0.0015">
                <matrix value="0.9762986132728525 0.17200163730003643 0.13136406068329495 -0.1479504367326312 -0.14983087437115117 0.09914480700761741 0.9837282512077323 0.30126043815071396 0.15617874844696303 -0.9800946870779303 0.12256615896322975 -0.3850577278681921 0.0 0.0 0.0 1.0"/>
            </transform>
        </animation>
    </shape>
    <shape name="temp38" type="ply">
        <string name="filename" value="meshes/Cube_034.ply"/>
        <boolean name="face_normals" value="true"/>
        <ref id="mat-Material" name="bsdf"/>
        <animation name="to_world">
            <transform time="0">
                <matrix value="0.9999166706558373 -0.0014267630046952274 0.012840048773084596 -0.033394911760592505 -0.012384229832968989 0.17715767704094298 0.9841046597774764 0.3693760932534608 -0.0036788021672721346 -0.9841814013929244 0.17712524130053364 -0.3830023348822635 0.0 0.0 0.0 1.0"/>
            </transform>
            <transform time="0.0015">
