
<scene version="2.1.0">
    <default name="spp" value="1024"/>
    <default name="resx" value="1280"/>
    <default name="resy" value="720"/>
    <integrator name="temp0" type="path">
        <integer name="max_depth" value="12"/>
    </integrator>
    <sensor name="temp44" type="perspective">
        <string name="fov_axis" value="x"/>
        <float name="fov" value="83.974423"/>
        <float name="principal_point_offset_x" value="0.000000"/>
        <float name="principal_point_offset_y" value="-0.000000"/>
        <float name="near_clip" value="0.100000"/>
        <float name="far_clip" value="1000.000000"/>
        <sampler name="sampler" type="correlated">
            <integer name="sample_count" value="1024"/>
        </sampler>
        <film name="film" type="hdrfilm">
            <integer name="width" value="$resx"/>
            <integer name="height" value="$resy"/>
        </film>
        <float name="shutter_open" value="0.0"/>
        <float name="shutter_close" value="0.0015"/>
        <animation name="to_world">
            <transform time="0">
                <rotate angle="-142.5518126578256" x="1"/>
                <rotate angle="3.976628485794621e-06" y="1"/>
                <rotate angle="-179.999991348578" z="1"/>
                <translate value="-0.000000 3.030926 4.073377"/>
            </transform>
            <transform time="0.0015">
                <rotate angle="-142.5518126578256" x="1"/>
                <rotate angle="3.976628485794621e-06" y="1"/>
                <rotate angle="-179.999991348578" z="1"/>
                <translate value="-0.000000 3.030926 4.073377"/>
                <translate x="0.15" y="0.0" z="0.0"/>
            </transform>
        </animation>
    </sensor>
    <bsdf id="mat-Material" name="mat-Material" type="twosided">
        <bsdf name="bsdf" type="diffuse">
            <texture name="reflectance" type="bitmap">
                <string name="filename" value="textures/siggraph_2023_logo.jpg"/>
            </texture>
        </bsdf>
    </bsdf>
    <bsdf id="mat-Material.001" name="mat-Material.001" type="twosided">
        <bsdf name="bsdf" type="principled">
            <rgb name="base_color" value="0.433648 0.266232 0.084399"/>
            <float name="spec_tint" value="0.000000"/>
            <float name="spec_trans" value="0.000000"/>
            <float name="metallic" value="0.000000"/>
            <float name="anisotropic" value="0.000000"/>
            <float name="roughness" value="0.500000"/>
            <float name="sheen" value="0.000000"/>
            <float name="sheen_tint" value="0.500000"/>
            <float name="clearcoat" value="0.000000"/>
            <float name="clearcoat_gloss" value="0.173205"/>
            <float name="specular" value="0.500000"/>
        </bsdf>
    </bsdf>
    <bsdf id="mat-Material.002" name="mat-Material.002" type="twosided">
        <bsdf name="bsdf" type="principled">
            <rgb name="base_color" value="0.433648 0.266232 0.084399"/>
            <float name="spec_tint" value="0.000000"/>
            <float name="spec_trans" value="0.000000"/>
            <float name="metallic" value="0.000000"/>
            <float name="anisotropic" value="0.000000"/>
            <float name="roughness" value="0.500000"/>
            <float name="sheen" value="0.000000"/>
            <float name="sheen_tint" value="0.500000"/>
            <float name="clearcoat" value="0.000000"/>
            <float name="clearcoat_gloss" value="0.173205"/>
            <float name="specular" value="0.500000"/>
        </bsdf>
    </bsdf>
    <bsdf id="mat-Material.003" name="mat-Material.003" type="twosided">
        <bsdf name="bsdf" type="principled">
            <rgb name="base_color" value="0.433648 0.266232 0.084399"/>
            <float name="spec_tint" value="0.000000"/>
            <float name="spec_trans" value="0.000000"/>
            <float name="metallic" value="0.000000"/>
            <float name="anisotropic" value="0.000000"/>
            <float name="roughness" value="0.500000"/>
            <float name="sheen" value="0.000000"/>
            <float name="sheen_tint" value="0.500000"/>
            <float name="clearcoat" value="0.000000"/>
            <float name="clearcoat_gloss" value="0.173205"/>
            <float name="specular" value="0.500000"/>
        </bsdf>
    </bsdf>
    <bsdf id="mat-Material.004" name="mat-Material.004" type="twosided">
        <bsdf name="bsdf" type="principled">
            <rgb name="base_color" value="0.433648 0.266232 0.084399"/>
            <float name="spec_tint" value="0.000000"/>
            <float name="spec_trans" value="0.000000"/>
            <float name="metallic" value="0.000000"/>
            <float name="anisotropic" value="0.000000"/>
            <float name="roughness" value="0.500000"/>
            <float name="sheen" value="0.000000"/>
            <float name="sheen_tint" value="0.500000"/>
            <float name="clearcoat" value="0.000000"/>
            <float name="clearcoat_gloss" value="0.173205"/>
            <float name="specular" value="0.500000"/>
        </bsdf>
    </bsdf>
    <bsdf id="mat-Material.005" name="mat-Material.005" type="twosided">
        <bsdf name="bsdf" type="principled">
            <rgb name="base_color" value="0.433648 0.266232 0.084399"/>
            <float name="spec_tint" value="0.000000"/>
            <float name="spec_trans" value="0.000000"/>
            <float name="metallic" value="0.000000"/>
            <float name="anisotropic" value="0.000000"/>
            <float name="roughness" value="0.500000"/>
            <float name="sheen" value="0.000000"/>
            <float name="sheen_tint" value="0.500000"/>
            <float name="clearcoat" value="0.000000"/>
            <float name="clearcoat_gloss" value="0.173205"/>
            <float name="specular" value="0.500000"/>
        </bsdf>
    </bsdf>
    <emitter name="temp45" type="point">
        <point name="position" x="-6.815235034541981e-16" y="3.0693089962005615" z="4.109199523925781"/>
        <rgb name="intensity" value="7.957747 7.957747 7.957747"/>
    </emitter>
    <shape name="temp2" type="ply">
        <string name="filename" value="meshes/Cube.ply"/>
        <boolean name="face_normals" value="true"/>
        <ref id="mat-Material" name="bsdf"/>
        <animation name="to_world">
            <transform time="0">
                <matrix value="0.9999991135176153 0.00020798094793115894 0.0013941473716857966 -0.002311170411578134 -0.0002080800209919029 0.9999997914159312 7.321754374850183e-05 -0.017430355095921612 -0.0013941641978132253 -7.350815459416837e-05 0.9999989362210127 0.003124404979059414 0.0 0.0 0.0 1.0"/>
            </transform>
            <transform time="0.0015">
                <matrix value="0.9999991135176153 0.0002120177374996115 0.0013945762091325908 -0.0023136135192650255 -0.000212059968612791 0.9999997914159313 3.24039461008722e-05 -0.01736656255712411 -0.0013946012583515028 -3.2700222917597937e-05 0.9999989447313807 0.0031209032422772186 0.0 0.0 0.0 1.0"/>
            </transform>
        </animation>
    </shape>
    <shape name="temp4" type="ply">
        <string name="filename" value="meshes/Plane.ply"/>
        <boolean name="face_normals" value="true"/>
        <ref id="mat-Material.001" name="bsdf"/>
    </shape>
    <shape name="temp5" type="ply">
        <string name="filename" value="meshes/Cube_001.ply"/>
        <boolean name="face_normals" value="true"/>
        <ref id="mat-Material" name="bsdf"/>
        <animation name="to_world">
            <transform time="0">
                <matrix value="0.9999986702764229 -9.120056818300331e-05 -0.0016826040458588027 0.002257573835256821 9.46863580998782e-05 0.9999963497787966 0.002080540125507009 -0.019976781486430173 0.0016823019997269635 -0.0020806907470021256 0.9999951538957241 -0.0037626242903611717 0.0 0.0 0.0 1.0"/>
            </transform>
            <transform time="0.0015">
                <matrix value="0.9999986702764229 -8.654929012818564e-05 -0.0016832391746274924 0.002257214314730062 8.983645895039585e-05 0.9999965975806351 0.0019616980268040776 -0.01985228966671527 0.0016829579894578357 -0.00196184108049005 0.999995400696398 -0.0037729274010014574 0.0 0.0 0.0 1.0"/>
            </transform>
        </animation>
    </shape>
    <shape name="temp6" type="ply">
        <string name="filename" value="meshes/Cube_002.ply"/>
        <boolean name="face_normals" value="true"/>
        <ref id="mat-Material" name="bsdf"/>
        <animation name="to_world">
            <transform time="0">
                <matrix value="1.0 -2.1333196363128178e-05 0.0003701950876104735 -0.0008659372162143075 2.2401454185703876e-05 0.9999952025664185 -0.0028921881271863612 -0.015828539591386886 -0.0003701391954640469 0.0028921933240582953 0.9999951538957241 0.0007187035044511902 0.0 0.0 0.0 1.0"/>
            </transform>
            <transform time="0.0015">
                <matrix value="1.0 -2.1822593730492e-05 0.0003703464019546688 -0.0008661913899847557 2.2861856533232765e-05 0.9999954278408172 -0.0028126815454055337 -0.01588460277792545 -0.0003702908502050396 0.002812687080357117 0.9999953836756619 0.0007275666005042709 0.0 0.0 0.0 1.0"/>
            </transform>
        </animation>
    </shape>
    <shape name="temp7" type="ply">
        <string name="filename" value="meshes/Cube_003.ply"/>
        <boolean name="face_normals" value="true"/>
        <ref id="mat-Material" name="bsdf"/>
        <animation name="to_world">
            <transform time="0">
                <matrix value="0.9999991135176153 0.000496295546938716 0.0013399549241383743 -0.0012006964093185246 -0.0005014578202816532 0.9999915523452151 0.003859331067405292 -0.017605842741687805 -0.0013378193774411509 -0.003859987943840826 0.9999908987797745 0.003973038052693417 0.0 0.0 0.0 1.0"/>
            </transform>
            <transform time="0.0015">
                <matrix value="0.9999991135176153 0.0004845384009813068 0.0013402498934955067 -0.0011996237687516191 -0.0004895779755067553 0.9999919202933996 0.003766694859981174 -0.017609490034184286 -0.001338206333193368 -0.003767336037880379 0.9999912477048652 0.00396721641423267 0.0 0.0 0.0 1.0"/>
            </transform>
        </animation>
    </shape>
    <shape name="temp8" type="ply">
        <string name="filename" value="meshes/Cube_004.ply"/>
        <boolean name="face_normals" value="true"/>
        <ref id="mat-Material" name="bsdf"/>
        <animation name="to_world">
            <transform time="0">
                <matrix value="0.9999995567588077 -0.00010815355124806279 0.001072167475690286 -0.0005085552168739849 0.00010938372631097445 0.9999988527876218 -0.0011540315332459299 -0.018095072908524967 -0.0010717926624080054 0.0011541457126587587 0.9999984634303516 0.0033314792640731696 0.0 0.0 0.0 1.0"/>
            </transform>
            <transform time="0.0015">
                <matrix value="0.9999995567588076 -8.900917717328533e-05 0.0010726594600681226 -0.0005097729077465664 9.016759939749223e-05 0.9999989353882346 -0.0010865542971523758 -0.018045944282394456 -0.00107231413514955 0.0010866479460524252 0.9999985400236642 0.0033357580140514894 0.0 0.0 0.0 1.0"/>
            </transform>
        </animation>
    </shape>
    <shape name="temp9" type="ply">
        <string name="filename" value="meshes/Cube_005.ply"/>
        <boolean name="face_normals" value="true"/>
        <ref id="mat-Material" name="bsdf"/>
        <animation name="to_world">
            <transform time="0">
                <matrix value="0.9999995567588077 -0.0005828913089276067 0.0008042559196936695 -0.0006381810569409119 0.0005862835467096433 0.9999903008408024 -0.00422133505681289 -0.02059097388284084 -0.000801626074638271 0.004221810384566448 0.999990189593783 0.0018642296159364358 0.0 0.0 0.0 1.0"/>
            </transform>
            <transform time="0.0015">
                <matrix value="0.9999995567588076 -0.0005936203025295424 0.000804407659556268 -0.0006384392359127053 0.0005970758942298972 0.9999899629292044 -0.004299592997391223 -0.02064297000845805 -0.0008016865514341845 0.0043000767179774135 0.9999898576894285 0.001865526361042646 0.0 0.0 0.0 1.0"/>
            </transform>
        </animation>
    </shape>
    <shape name="temp10" type="ply">
        <string name="filename" value="meshes/Cube_006.ply"/>
        <boolean name="face_normals" value="true"/>
        <ref id="mat-Material" name="bsdf"/>
        <animation name="to_world">
            <transform time="0">
                <matrix value="0.9999991135176153 3.130992881025734e-05 -0.0013922479352049856 -0.0012015292216027706 -3.0779998120657344e-05 0.999999165663725 0.00039039625058094157 -0.017462441083695296 0.00139200561320646 -0.00039035152673109146 0.9999983452326863 -0.0033581119609510934 0.0 0.0 0.0 1.0"/>
            </transform>
            <transform time="0.0015">
                <matrix value="0.9999991135176153 4.647980168781104e-05 -0.0013930397398497513 -0.0012021828653822194 -4.606958528552653e-05 0.9999991957003115 0.0003042000939826362 -0.017482807632484963 0.001392800747438748 -0.00030413413341950305 0.9999983792741585 -0.0033616660406836 0.0 0.0 0.0 1.0"/>
            </transform>
        </animation>
    </shape>
    <shape name="temp11" type="ply">
        <string name="filename" value="meshes/Cube_007.ply"/>
        <boolean name="face_normals" value="true"/>
        <ref id="mat-Material" name="bsdf"/>
        <animation name="to_world">
            <transform time="0">
                <matrix value="0.9999980054146345 -0.0020372927456546726 -7.567688256967397e-05 0.0006215044070667641 0.002037659544667188 0.999983939026705 0.005215578357723815 -0.017308589405221397 6.478989481000023e-05 -0.005215722858519512 0.9999861708731641 4.117744477771801e-05 0.0 0.0 0.0 1.0"/>
            </transform>
            <transform time="0.0015">
                <matrix value="0.9999980532854491 -0.00201428877534428 -7.546438718945947e-05 0.0006202439442913612 0.002014650916286273 0.9999842994657429 0.005156946176940133 -0.017312348507823073 6.481686203561868e-05 -0.005157088212762499 0.9999864687360464 3.793398169091003e-05 0.0 0.0 0.0 1.0"/>
            </transform>
        </animation>
    </shape>
    <shape name="temp12" type="ply">
        <string name="filename" value="meshes/Cube_008.ply"/>
        <boolean name="face_normals" value="true"/>
        <ref id="mat-Material" name="bsdf"/>
        <animation name="to_world">
            <transform time="0">
                <matrix value="0.9999997783794039 0.0003039351470413392 0.00010045194059290786 0.0002169310032955618 -0.0003038817290661617 0.9999986442035531 -0.0005227374484717278 -0.01772477898879052 -0.00010164584319544986 0.0005227064617258663 0.9999992908140084 4.035527281809337e-05 0.0 0.0 0.0 1.0"/>
            </transform>
            <transform time="0.0015">
                <matrix value="0.9999997943363421 0.0002389799023897224 0.00010046930174376043 0.00021993856295822873 -0.00023893475647524367 0.9999987117858726 -0.00044011105086195915 -0.017767617451291358 -0.00010160413175890157 0.00044008670056084064 0.9999993418762168 4.237284301311874e-05 0.0 0.0 0.0 1.0"/>
            </transform>
        </animation>
    </shape>
    <shape name="temp13" type="ply">
        <string name="filename" value="meshes/Cube_009.ply"/>
        <boolean name="face_normals" value="true"/>
        <ref id="mat-Material" name="bsdf"/>
        <animation name="to_world">
            <transform time="0">
                <matrix value="0.9999993351382115 0.0007792794671928548 0.0009157186819920185 0.0016250673933675408 -0.0007790296386520504 0.9999995828318624 -0.00027435344695123304 -0.016596997022599758 -0.0009159468429702834 0.00027363904109731907 0.9999995272093389 0.0015486356420477687 0.0 0.0 0.0 1.0"/>
            </transform>
            <transform time="0.0015">
                <matrix value="0.9999993191812733 0.0007939510631371643 0.0009159117822434128 0.0016259723757773565 -0.0007936967775702188 0.9999995678135691 -0.00027927940968423695 -0.01657411761670097 -0.0009161477408226716 0.0002785513971618877 0.9999995272093389 0.0015502052997413084 0.0 0.0 0.0 1.0"/>
            </transform>
        </animation>
    </shape>
    <shape name="temp14" type="ply">
        <string name="filename" value="meshes/Cube_010.ply"/>
        <boolean name="face_normals" value="true"/>
        <ref id="mat-Material" name="bsdf"/>
        <animation name="to_world">
            <transform time="0">
                <matrix value="0.9999820487317097 -0.0005414435686231158 0.006015020086511235 0.012709370582811408 0.0005402201490354184 0.9999997914159312 0.0002050476549346816 -0.018421879451634815 -0.006015128708377436 -0.00020179340582325003 0.9999820339548797 0.009889628909600212 0.0 0.0 0.0 1.0"/>
            </transform>
            <transform time="0.0015">
                <matrix value="0.9999820327747715 -0.0005431030149350943 0.006018544229926944 0.012722897177762227 0.0005418775962099674 0.9999997914159313 0.000205270354246206 -0.018424439449998768 -0.006018652957756187 -0.0002020042176055139 0.9999820169341436 0.009895591165276472 0.0 0.0 0.0 1.0"/>
            </transform>
        </animation>
    </shape>
    <shape name="temp15" type="ply">
        <string name="filename" value="meshes/Cube_011.ply"/>
        <boolean name="face_normals" value="true"/>
        <ref id="mat-Material" name="bsdf"/>
        <animation name="to_world">
            <transform time="0">
                <matrix value="0.9998014279458254 0.01302555050550349 -0.0009470706127036013 0.002502191763249173 -0.013024912814457465 0.9998001764621223 0.000871422924957248 0.0031199482166584525 0.0009810722713628958 -0.0008608671256906742 0.9999981088373557 -0.006963141646828319 0.0 0.0 0.0 1.0"/>
            </transform>
            <transform time="0.0015">
                <matrix value="0.9997873220124249 0.014109857986519477 -0.0009363116351884919 0.0028527245295770663 -0.014109123897241073 0.9997859541384202 0.0009804850788872651 0.004903710174885037 0.0009726675924247358 -0.0009690086740284227 0.9999980237336751 -0.007346365962689429 0.0 0.0 0.0 1.0"/>
            </transform>
        </animation>
    </shape>
    <shape name="temp16" type="ply">
        <string name="filename" value="meshes/Cube_012.ply"/>
        <boolean name="face_normals" value="true"/>
        <ref id="mat-Material" name="bsdf"/>
        <animation name="to_world">
            <transform time="0">
                <matrix value="0.999139225604448 0.03956718805731056 0.005054758614364043 0.08788281410154164 -0.039727140721986715 0.9984455272275214 0.0358362082945448 0.0802056593454539 -0.003507540419164331 -0.0360125087866039 0.9992878590667774 -0.16388009460341457 0.0 0.0 0.0 1.0"/>
            </transform>
            <transform time="0.0015">
                <matrix value="0.9991065138810648 0.04038419071892227 0.005125220206758048 0.08872639530077493 -0.040548893680362276 0.99838535643564 0.036601499738640936 0.08226083370153715 -0.0035180289146666995 -0.036782922449829225 0.9992600556943091 -0.16630426013703561 0.0 0.0 0.0 1.0"/>
            </transform>
        </animation>
    </shape>
    <shape name="temp17" type="ply">
        <string name="filename" value="meshes/Cube_013.ply"/>
        <boolean name="face_normals" value="true"/>
        <ref id="mat-Material" name="bsdf"/>
        <animation name="to_world">
            <transform time="0">
                <matrix value="0.9950122068624374 0.0842538009231931 0.05128516321442805 0.11630145584453472 -0.09294989424265152 0.9751921580733507 0.19775308602284242 0.3055642999408395 -0.032901811438104916 -0.2016091009400884 0.9783546979553223 -0.23907008595836776 0.0 0.0 0.0 1.0"/>
            </transform>
            <transform time="0.0015">
                <matrix value="0.9949064123619342 0.08514535739612589 0.05187320071246679 0.11718621682294098 -0.09401904101832427 0.9746346414824061 0.19999985893554312 0.30926153621643293 -0.033081061150666266 -0.2039332358854289 0.9778697431415074 -0.24068488095512897 0.0 0.0 0.0 1.0"/>
            </transform>
        </animation>
    </shape>
    <shape name="temp18" type="ply">
        <string name="filename" value="meshes/Cube_014.ply"/>
        <boolean name="face_normals" value="true"/>
        <ref id="mat-Material" name="bsdf"/>
        <animation name="to_world">
            <transform time="0">
                <matrix value="0.9824644919480805 0.18548819101294683 -0.009208106374116414 0.00861233944911266 -0.13901821189411145 0.7684056668119803 0.6222402618125564 0.6431716741875573 0.1233457352218954 -0.6099969129557823 0.7809508860333383 -0.3514365816265134 0.0 0.0 0.0 1.0"/>
            </transform>
            <transform time="0.0015">
                <matrix value="0.9822670727082277 0.1865577916050294 -0.008725235749440684 0.009122888814451344 -0.13968165670652752 0.7658690996105351 0.6252244564160141 0.6463816374293864 0.12417041851240859 -0.6128669463404139 0.7785788592255309 -0.3540288163740521 0.0 0.0 0.0 1.0"/>
            </transform>
        </animation>
    </shape>
    <shape name="temp19" type="ply">
        <string name="filename" value="meshes/Cube_015.ply"/>
        <boolean name="face_normals" value="true"/>
        <ref id="mat-Material" name="bsdf"/>
        <animation name="to_world">
            <transform time="0">
                <matrix value="0.9784697807019878 0.20540024154035164 0.010910081835335525 0.0018420499541558777 -0.12605870374999778 0.5596841411446677 0.8177978262030985 0.5266009687171409 0.16238194270841644 -0.8014901245872643 0.573730285220422 -0.2993174175451189 0.0 0.0 0.0 1.0"/>
            </transform>
            <transform time="0.0015">
                <matrix value="0.9782194003841302 0.2065828870784246 0.011101002581468488 0.0017561791396357503 -0.12637765581853572 0.5569711840890734 0.8196053602971558 0.5278916633828543 0.16364311527881842 -0.8030815079942617 0.5711501969341619 -0.30108822827319714 0.0 0.0 0.0 1.0"/>
            </transform>
        </animation>
    </shape>
    <shape name="temp20" type="ply">
        <string name="filename" value="meshes/Cube_016.ply"/>
        <boolean name="face_normals" value="true"/>
        <ref id="mat-Material" name="bsdf"/>
        <animation name="to_world">
            <transform time="0">
                <matrix value="0.9785019156884334 0.1937374614901663 0.06990360034816304 0.08136013563360073 -0.1635389573548784 0.5263189292128246 0.8337530926419117 0.27862184055441563 0.12498827627046225 -0.827233987522501 0.5467877184115557 -0.2289306716032371 0.0 0.0 0.0 1.0"/>
            </transform>
            <transform time="0.0015">
                <matrix value="0.9783441653970346 0.19446109467176637 0.07010637093078968 0.08135162812954604 -0.1638132172308056 0.5242896574297164 0.834980304737618 0.27911732586447224 0.12586449568439548 -0.8283556137351242 0.5448905105691977 -0.229615749075624 0.0 0.0 0.0 1.0"/>
            </transform>
        </animation>
    </shape>
    <shape name="temp21" type="ply">
        <string name="filename" value="meshes/Cube_017.ply"/>
        <boolean name="face_normals" value="true"/>
        <ref id="mat-Material" name="bsdf"/>
        <animation name="to_world">
            <transform time="0">
                <matrix value="0.9493938233453363 0.21861372942057433 0.22536059743719095 0.20622841875978515 -0.308521533543607 0.5148558788376861 0.79930591967003 0.09242606207722522 0.0588212310758173 -0.8283868316705707 0.5562567697712781 -0.14478475587594056 0.0 0.0 0.0 1.0"/>
            </transform>
            <transform time="0.0015">
                <matrix value="0.9493447717171997 0.2182918348323324 0.22587951968306352 0.20627773335164495 -0.30865017199688843 0.5130742211644359 0.8004038848059334 0.09239878879876397 0.05893831511012222 -0.829579103934613 0.5544688350548744 -0.1438957257159006 0.0 0.0 0.0 1.0"/>
            </transform>
        </animation>
    </shape>
    <shape name="temp22" type="ply">
        <string name="filename" value="meshes/Cube_018.ply"/>
        <boolean name="face_normals" value="true"/>
        <ref id="mat-Material" name="bsdf"/>
        <animation name="to_world">
            <transform time="0">
                <matrix value="0.07276559898728252 0.9895106200578612 0.12350294383105109 0.8790336669200086 -0.6364854873968799 -0.049521216128554535 0.7692356062429169 0.04411516840866404 0.7672728876454495 -0.13489427916474594 0.6263852175380751 -0.34896140206372417 0.0 0.0 0.0 1.0"/>
            </transform>
            <transform time="0.0015">
                <matrix value="0.07405037984780428 0.9894256991187138 0.12342631477492041 0.8786880203439854 -0.6351096163544392 -0.04888784063660598 0.7704148198627367 0.04263320066658367 0.7682923923862708 -0.13574968660584083 0.6249521907010852 -0.3481121839787513 0.0 0.0 0.0 1.0"/>
            </transform>
        </animation>
    </shape>
    <shape name="temp23" type="ply">
        <string name="filename" value="meshes/Cube_019.ply"/>
        <boolean name="face_normals" value="true"/>
        <ref id="mat-Material" name="bsdf"/>
        <animation name="to_world">
            <transform time="0">
                <matrix value="-0.08124797217154497 0.9890252449298429 -0.12338341053216843 0.4535204365490758 -0.8670677556216281 -0.009115091474543358 0.4980146338165411 -0.09098879083296246 0.49142638561629143 0.14745835097606916 0.8582914007416194 -0.03496913815531849 0.0 0.0 0.0 1.0"/>
            </transform>
            <transform time="0.0015">
                <matrix value="-0.08121088186430978 0.9890101590542795 -0.12352871230132587 0.45363074547378 -0.8674119308224353 -0.009112567875638128 0.4974154783736623 -0.09069157667981058 0.4908252877529501 0.14755965011491357 0.8586181648338425 -0.03509184073078456 0.0 0.0 0.0 1.0"/>
            </transform>
        </animation>
    </shape>
    <shape name="temp24" type="ply">
        <string name="filename" value="meshes/Cube_020.ply"/>
        <boolean name="face_normals" value="true"/>
        <ref id="mat-Material" name="bsdf"/>
        <animation name="to_world">
            <transform time="0">
                <matrix value="0.09052018025768252 0.9958107334293809 0.007178451589084496 -0.1623373157584985 -0.9012713806543238 0.08499091312087995 -0.42467522900364146 0.2836021586290013 -0.4235531508435191 0.03192483242184059 0.9052961297243236 0.1335246169892888 0.0 0.0 0.0 1.0"/>
            </transform>
            <transform time="0.0015">
                <matrix value="0.08980414275042514 0.9958778784056799 0.006893335535519147 -0.16216907810821624 -0.9011979861918757 0.0842111074087219 -0.4249870829309479 0.28391479644875206 -0.4238623808017913 0.031906471025550914 0.9051521087653105 0.13369195443035287 0.0 0.0 0.0 1.0"/>
            </transform>
        </animation>
    </shape>
    <shape name="temp25" type="ply">
        <string name="filename" value="meshes/Cube_021.ply"/>
        <boolean name="face_normals" value="true"/>
        <ref id="mat-Material" name="bsdf"/>
        <animation name="to_world">
            <transform time="0">
                <matrix value="0.18513087582686644 0.9599536317615134 -0.20566147904993662 -0.24676594323262013 -0.7259918408161312 -0.00655694449369346 -0.6863970089371619 0.21350627709083936 -0.6606591971660931 0.2760623708082425 0.6974018025616744 0.19124926801011366 0.0 0.0 0.0 1.0"/>
            </transform>
            <transform time="0.0015">
                <matrix value="0.1820751971523271 0.9604063957570821 -0.206298767750041 -0.24786738558175764 -0.7255416317607473 -0.009503285826297048 -0.6868450287535748 0.21489245316520783 -0.6620101913418242 0.2744179803352409 0.6967729118927766 0.19211534806945862 0.0 0.0 0.0 1.0"/>
            </transform>
        </animation>
    </shape>
    <shape name="temp26" type="ply">
        <string name="filename" value="meshes/Cube_022.ply"/>
        <boolean name="face_normals" value="true"/>
        <ref id="mat-Material" name="bsdf"/>
        <animation name="to_world">
            <transform time="0">
                <matrix value="0.6749619255815769 0.4638391357944863 -0.5731452067773595 -0.09982391059040702 -0.6390784483721523 -0.01923498142558868 -0.7685683804224952 -0.09154790677535787 -0.3677591453955219 0.8854743097431705 0.2831272596438657 0.589235491196387 0.0 0.0 0.0 1.0"/>
            </transform>
            <transform time="0.0015">
                <matrix value="0.6745891395905128 0.46253620123667677 -0.5746386572276108 -0.0991168902277692 -0.6403308127126481 -0.019170087755939362 -0.7675286432248922 -0.09334165375153441 -0.3662670105054016 0.8861582353083486 0.28292644048863635 0.5905813078816049 0.0 0.0 0.0 1.0"/>
            </transform>
        </animation>
    </shape>
    <shape name="temp27" type="ply">
        <string name="filename" value="meshes/Cube_023.ply"/>
        <boolean name="face_normals" value="true"/>
        <ref id="mat-Material" name="bsdf"/>
        <animation name="to_world">
            <transform time="0">
                <matrix value="0.8550845083657344 0.31449043954920813 -0.4119235913556847 -0.1043024944175347 -0.4761571697808793 0.16325990826472658 -0.8638548466479852 -0.28156227172787207 -0.2046072262498072 0.9349682847923442 0.28952695403198236 0.15883523387343973 0.0 0.0 0.0 1.0"/>
            </transform>
            <transform time="0.0015">
                <matrix value="0.8545156116037528 0.31485186228526785 -0.4128286009164508 -0.10472843858948236 -0.4769355811418964 0.1621216830834956 -0.8636409045051996 -0.2823700341207711 -0.20517326671984448 0.9350454638013244 0.28887768954193693 0.15846519302575707 0.0 0.0 0.0 1.0"/>
            </transform>
        </animation>
    </shape>
    <shape name="temp28" type="ply">
        <string name="filename" value="meshes/Cube_024.ply"/>
        <boolean name="face_normals" value="true"/>
        <ref id="mat-Material" name="bsdf"/>
        <animation name="to_world">
            <transform time="0">
                <matrix value="0.892138142322974 0.31808674177083707 -0.3207123442332068 -0.13041351978937565 -0.38805582445521225 0.17629754934577607 -0.9045825707613961 -0.5192869523247913 -0.2312369797899746 0.9315051634986224 0.280722055353385 -0.2100833025799664 0.0 0.0 0.0 1.0"/>
            </transform>
            <transform time="0.0015">
                <matrix value="0.8919915938022167 0.3179919012490022 -0.3212140474513736 -0.13061563109602853 -0.3884312768506554 0.17587749068740444 -0.9045033732761835 -0.519537089169493 -0.23117226483126563 0.9316170497832891 0.28040409098174124 -0.21001199243407637 0.0 0.0 0.0 1.0"/>
            </transform>
        </animation>
    </shape>
    <shape name="temp29" type="ply">
        <string name="filename" value="meshes/Cube_025.ply"/>
        <boolean name="face_normals" value="true"/>
        <ref id="mat-Material" name="bsdf"/>
        <animation name="to_world">
            <transform time="0">
                <matrix value="0.8880971123722801 0.40140648237568916 -0.22395522719718822 -0.2866735203862 -0.32206131089469126 0.19576777709872073 -0.9262392197819396 -0.7924446554484954 -0.32795916684839554 0.8947162526620542 0.30313895175691374 -0.741896575908546 0.0 0.0 0.0 1.0"/>
            </transform>
            <transform time="0.0015">
                <matrix value="0.8881008782097036 0.401431232522955 -0.22389591418695934 -0.2866137772830539 -0.3221491953277185 0.19615244589997793 -0.9261273595040934 -0.79247221342439 -0.3278626529031704 0.8946209841188619 0.30352455653393795 -0.7415433232834368 0.0 0.0 0.0 1.0"/>
            </transform>
        </animation>
    </shape>
    <shape name="temp30" type="ply">
        <string name="filename" value="meshes/Cube_026.ply"/>
        <boolean name="face_normals" value="true"/>
        <ref id="mat-Material" name="bsdf"/>
        <animation name="to_world">
            <transform time="0">
                <matrix value="0.9232066904598539 0.253279358729139 -0.2890184676760117 -0.3052521519967929 -0.3432399956030474 0.2052364926171669 -0.9165473658231924 -1.1314986251335843 -0.17282767491627174 0.9453708937618763 0.276409731733851 -0.8486131181220692 0.0 0.0 0.0 1.0"/>
            </transform>
            <transform time="0.0015">
                <matrix value="0.9231668300281409 0.2532152080895479 -0.28920201078406915 -0.3055079604825669 -0.34339521831542963 0.20519069508283444 -0.9164994950028269 -1.1316611920156519 -0.17273231944476247 0.9453980243086213 0.27637655831913377 -0.8485143069110008 0.0 0.0 0.0 1.0"/>
            </transform>
        </animation>
    </shape>
    <shape name="temp31" type="ply">
        <string name="filename" value="meshes/Cube_027.ply"/>
        <boolean name="face_normals" value="true"/>
        <ref id="mat-Material" name="bsdf"/>
        <animation name="to_world">
            <transform time="0">
                <matrix value="0.8768159591650755 0.18239234454750816 -0.4448187107849696 -0.5251157761088905 -0.4760530081006761 0.20013758205175805 -0.8563250643822682 -1.5681776840749384 -0.06717725835819915 0.9626279923991965 0.262291493408589 -0.9745446674571134 0.0 0.0 0.0 1.0"/>
            </transform>
            <transform time="0.0015">
                <matrix value="0.8766709265534506 0.18204096529505526 -0.4452486886210847 -0.5257426915721963 -0.47637642332483854 0.20009461321295807 -0.8561553165808442 -1.5684210933918523 -0.06677846096211709 0.9627035043776265 0.2621165032204369 -0.9741430527001262 0.0 0.0 0.0 1.0"/>
            </transform>
        </animation>
    </shape>
    <shape name="temp32" type="ply">
        <string name="filename" value="meshes/Cube_028.ply"/>
        <boolean name="face_normals" value="true"/>
        <ref id="mat-Material" name="bsdf"/>
        <animation name="to_world">
            <transform time="0">
                <matrix value="-0.10933853787141395 0.9805952154986307 0.1627188488871217 -1.4544928882380335 -0.8360113966175379 -0.0021689238939308292 -0.5486857365203837 -2.098837204795623 -0.5376856958975369 -0.1960312396359791 0.8200259703910121 -1.1738209297076168 0.0 0.0 0.0 1.0"/>
            </transform>
            <transform time="0.0015">
                <matrix value="-0.10929095906867636 0.980595050297405 0.1627518384778888 -1.454355199033328 -0.8362060393501377 -0.0021808243894972513 -0.5483891246622149 -2.098689238876492 -0.5373927265115281 -0.19603195525765216 0.8202178877012455 -1.1731122556159388 0.0 0.0 0.0 1.0"/>
            </transform>
        </animation>
    </shape>
    <shape name="temp33" type="ply">
        <string name="filename" value="meshes/Cube_029.ply"/>
        <boolean name="face_normals" value="true"/>
        <ref id="mat-Material" name="bsdf"/>
        <animation name="to_world">
            <transform time="0">
                <matrix value="-0.006588946539793308 0.9863717426990362 0.16439035299023547 -1.6643943604338587 -0.9997568822059937 -0.003077947866497853 -0.02157250410264096 -1.922959425915181 -0.020771166539899685 -0.16449553942968945 0.9861524343281952 -0.22353376250401102 0.0 0.0 0.0 1.0"/>
            </transform>
            <transform time="0.0015">
                <matrix value="-0.006655874566266196 0.9863536306373841 0.16449631898715975 -1.664380290523417 -0.9997514728039318 -0.0031023533439337608 -0.021819314137930264 -1.9232861747955106 -0.021009883772031175 -0.1646036613791545 0.9861293712307392 -0.22410946395588946 0.0 0.0 0.0 1.0"/>
            </transform>
        </animation>
    </shape>
    <shape name="temp34" type="ply">
        <string name="filename" value="meshes/Cube_030.ply"/>
        <boolean name="face_normals" value="true"/>
        <ref id="mat-Material" name="bsdf"/>
        <animation name="to_world">
            <transform time="0">
                <matrix value="-0.04285904700392491 0.9821454196840171 -0.18317130035999923 -3.205694441369895 -0.9692065693017583 0.0036063906773813603 0.24611607001792557 -1.8615019899861251 0.24238242348778957 0.18808884126014425 0.9517473104848571 0.31732064925332004 0.0 0.0 0.0 1.0"/>
            </transform>
            <transform time="0.0015">
                <matrix value="-0.042765504819998676 0.9821448263644821 -0.18319636730668487 -3.205504236254538 -0.9693347715712928 0.003605233627820808 0.24561121444522094 -1.8626488976526985 0.24188631576482267 0.18809196080404145 0.9518730440691165 0.3163410979767983 0.0 0.0 0.0 1.0"/>
            </transform>
        </animation>
    </shape>
    <shape name="temp35" type="ply">
        <string name="filename" value="meshes/Cube_031.ply"/>
        <boolean name="face_normals" value="true"/>
        <ref id="mat-Material" name="bsdf"/>
        <animation name="to_world">
            <transform time="0">
                <matrix value="0.09951618007648569 0.9865169172108973 0.12991417431129765 -2.0284351690177798 -0.8011628875922607 0.0020239882108284337 0.5984103123207829 -1.270991409963535 0.5900796859015615 -0.16363906195572597 0.7905610654053872 0.5690936965598765 0.0 0.0 0.0 1.0"/>
            </transform>
            <transform time="0.0015">
                <matrix value="0.09953660336173364 0.9864980992894627 0.1300414434615622 -2.0282442571061843 -0.8014335172647393 0.002038434982922883 0.598047932338208 -1.2720763593568865 0.5897087987861476 -0.16375234343983494 0.7908144531041539 0.5684474801209877 0.0 0.0 0.0 1.0"/>
            </transform>
        </animation>
    </shape>
    <shape name="temp36" type="ply">
        <string name="filename" value="meshes/Cube_032.ply"/>
        <boolean name="face_normals" value="true"/>
        <ref id="mat-Material" name="bsdf"/>
        <animation name="to_world">
            <transform time="0">
                <matrix value="0.7727706297748158 0.5812461020852149 0.2549083944454662 -0.5490725424953786 -0.2894258608187197 -0.03471558519303413 0.9565707500492884 0.2747992340038818 0.564852170197526 -0.8129866527054397 0.14140059978223263 -0.1946268486085736 0.0 0.0 0.0 1.0"/>
            </transform>
            <transform time="0.0015">
                <matrix value="0.7727446837932443 0.5812745692600587 0.25492211315878693 -0.5491672672810973 -0.28944949942702214 -0.034714832776542616 0.9565636268712181 0.2747200214960082 0.5648755471120414 -0.8129663329546808 0.14142406116491418 -0.19454072628648555 0.0 0.0 0.0 1.0"/>
            </transform>
        </animation>
    </shape>
    <shape name="temp37" type="ply">
        <string name="filename" value="meshes/Cube_033.ply"/>
        <boolean name="face_normals" value="true"/>
        <ref id="mat-Material" name="bsdf"/>
        <animation name="to_world">
            <transform time="0">
                <matrix value="0.9784544888808515 0.15849547268278744 0.1323047811901181 -0.13040653658824564 -0.14973350123309698 0.10359799175258594 0.9832732574000013 0.3011858899199325 0.14214124501132036 -0.9818984487602807 0.12509923875975662 -0.39550833699961857 0.0 0.0 0.0 1.0"/>
            </transform>
            <transform time="0.0015">
                <matrix value="0.9784368405071627 0.1585659647967007 0.1323508180261656 -0.13043702349217742 -0.14974113981943044 0.10326881929943804 0.9833067797398092 0.30118859163086176 0.14225465097136197 -0.9819218022062748 0.12478709633090608 -0.39541153501255444 0.0 0.0 0.0 1.0"/>
            </transform>
        </animation>
    </shape>
    <shape name="temp38" type="ply">
        <string name="filename" value="meshes/Cube_034.ply"/>
        <boolean name="face_normals" value="true"/>
        <ref id="mat-Material" name="bsdf"/>
        <animation name="to_world">
            <transform time="0">
