
<scene version="2.1.0">
    <default name="spp" value="1024"/>
    <default name="resx" value="640"/>
    <default name="resy" value="360"/>
    <integrator name="temp0" type="path">
        <integer name="max_depth" value="12"/>
    </integrator>
    <sensor name="temp44" type="perspective">
        <string name="fov_axis" value="x"/>
        <float name="fov" value="83.974423"/>
        <float name="principal_point_offset_x" value="0.000000"/>
        <float name="principal_point_offset_y" value="-0.000000"/>
        <float name="near_clip" value="0.100000"/>
        <float name="far_clip" value="1000.000000"/>
        <sampler name="sampler" type="correlated">
            <integer name="sample_count" value="1024"/>
        </sampler>
        <film name="film" type="hdrfilm">
            <integer name="width" value="$resx"/>
            <integer name="height" value="$resy"/>
        </film>
        <float name="shutter_open" value="0.0"/>
        <float name="shutter_close" value="0.0015"/>
        <animation name="to_world">
            <transform time="0">
                <rotate angle="-142.5518126578256" x="1"/>
                <rotate angle="3.976628485794621e-06" y="1"/>
                <rotate angle="-179.999991348578" z="1"/>
                <translate value="-0.000000 3.030926 4.073377"/>
            </transform>
            <transform time="0.0015">
                <rotate angle="-142.5518126578256" x="1"/>
                <rotate angle="3.976628485794621e-06" y="1"/>
                <rotate angle="-179.999991348578" z="1"/>
                <translate value="-0.000000 3.030926 4.073377"/>
                <translate x="0.15" y="0.0" z="0.0"/>
            </transform>
        </animation>
    </sensor>
    <bsdf id="mat-Material" name="mat-Material" type="twosided">
        <bsdf name="bsdf" type="diffuse">
            <texture name="reflectance" type="bitmap">
                <string name="filename" value="textures/siggraph_2023_logo.jpg"/>
            </texture>
        </bsdf>
    </bsdf>
    <bsdf id="mat-Material.001" name="mat-Material.001" type="twosided">
        <bsdf name="bsdf" type="principled">
            <rgb name="base_color" value="0.433648 0.266232 0.084399"/>
            <float name="spec_tint" value="0.000000"/>
            <float name="spec_trans" value="0.000000"/>
            <float name="metallic" value="0.000000"/>
            <float name="anisotropic" value="0.000000"/>
            <float name="roughness" value="0.500000"/>
            <float name="sheen" value="0.000000"/>
            <float name="sheen_tint" value="0.500000"/>
            <float name="clearcoat" value="0.000000"/>
            <float name="clearcoat_gloss" value="0.173205"/>
            <float name="specular" value="0.500000"/>
        </bsdf>
    </bsdf>
    <bsdf id="mat-Material.002" name="mat-Material.002" type="twosided">
        <bsdf name="bsdf" type="principled">
            <rgb name="base_color" value="0.433648 0.266232 0.084399"/>
            <float name="spec_tint" value="0.000000"/>
            <float name="spec_trans" value="0.000000"/>
            <float name="metallic" value="0.000000"/>
            <float name="anisotropic" value="0.000000"/>
            <float name="roughness" value="0.500000"/>
            <float name="sheen" value="0.000000"/>
            <float name="sheen_tint" value="0.500000"/>
            <float name="clearcoat" value="0.000000"/>
            <float name="clearcoat_gloss" value="0.173205"/>
            <float name="specular" value="0.500000"/>
        </bsdf>
    </bsdf>
    <bsdf id="mat-Material.003" name="mat-Material.003" type="twosided">
        <bsdf name="bsdf" type="principled">
            <rgb name="base_color" value="0.433648 0.266232 0.084399"/>
            <float name="spec_tint" value="0.000000"/>
            <float name="spec_trans" value="0.000000"/>
            <float name="metallic" value="0.000000"/>
            <float name="anisotropic" value="0.000000"/>
            <float name="roughness" value="0.500000"/>
            <float name="sheen" value="0.000000"/>
            <float name="sheen_tint" value="0.500000"/>
            <float name="clearcoat" value="0.000000"/>
            <float name="clearcoat_gloss" value="0.173205"/>
            <float name="specular" value="0.500000"/>
        </bsdf>
    </bsdf>
    <bsdf id="mat-Material.004" name="mat-Material.004" type="twosided">
        <bsdf name="bsdf" type="principled">
            <rgb name="base_color" value="0.433648 0.266232 0.084399"/>
            <float name="spec_tint" value="0.000000"/>
            <float name="spec_trans" value="0.000000"/>
            <float name="metallic" value="0.000000"/>
            <float name="anisotropic" value="0.000000"/>
            <float name="roughness" value="0.500000"/>
            <float name="sheen" value="0.000000"/>
            <float name="sheen_tint" value="0.500000"/>
            <float name="clearcoat" value="0.000000"/>
            <float name="clearcoat_gloss" value="0.173205"/>
            <float name="specular" value="0.500000"/>
        </bsdf>
    </bsdf>
    <bsdf id="mat-Material.005" name="mat-Material.005" type="twosided">
        <bsdf name="bsdf" type="principled">
            <rgb name="base_color" value="0.433648 0.266232 0.084399"/>
            <float name="spec_tint" value="0.000000"/>
            <float name="spec_trans" value="0.000000"/>
            <float name="metallic" value="0.000000"/>
            <float name="anisotropic" value="0.000000"/>
            <float name="roughness" value="0.500000"/>
            <float name="sheen" value="0.000000"/>
            <float name="sheen_tint" value="0.500000"/>
            <float name="clearcoat" value="0.000000"/>
            <float name="clearcoat_gloss" value="0.173205"/>
            <float name="specular" value="0.500000"/>
        </bsdf>
    </bsdf>
    <emitter name="temp45" type="point">
        <point name="position" x="-6.815235034541981e-16" y="3.0693089962005615" z="4.109199523925781"/>
        <rgb name="intensity" value="7.957747 7.957747 7.957747"/>
    </emitter>
    <shape name="temp2" type="ply">
        <string name="filename" value="meshes/Cube.ply"/>
        <boolean name="face_normals" value="true"/>
        <ref id="mat-Material" name="bsdf"/>
        <animation name="to_world">
            <transform time="0">
                <matrix value="1.0 0.00023230216322537718 0.0006673936611064909 -0.0014815420426979031 -0.00023101199056073556 0.9999981227433812 -0.0019330329851860503 -0.014657831996469972 -0.0006678403693440208 0.0019328776466711027 0.9999978724420252 0.0014958188689813134 0.0 0.0 0.0 1.0"/>
                <scale value="1"/>
            </transform>
            <transform time="0.0015">
                <matrix value="1.0 0.0002317461860094901 0.0006680797669798896 -0.0014815673414215306 -0.00023050274083387935 0.9999981903257008 -0.0018630261230336773 -0.014752160303275315 -0.0006685102416111583 0.0018628710178597856 0.9999979405249697 0.001500093666820085 0.0 0.0 0.0 1.0"/>
                <scale value="1"/>
            </transform>
        </animation>
    </shape>
    <shape name="temp4" type="ply">
        <string name="filename" value="meshes/Plane.ply"/>
        <boolean name="face_normals" value="true"/>
        <ref id="mat-Material.001" name="bsdf"/>
        <transform name="to_world">
            <scale value="1"/>
        </transform>
    </shape>
    <shape name="temp5" type="ply">
        <string name="filename" value="meshes/Cube_001.ply"/>
        <boolean name="face_normals" value="true"/>
        <ref id="mat-Material" name="bsdf"/>
        <animation name="to_world">
            <transform time="0">
                <matrix value="1.0 7.12049693068543e-05 -0.0002753154577488262 0.0008384035947583968 -7.14513666898925e-05 0.9999995828318625 -0.0008954726039087494 -0.01670009617641044 0.000275251893969615 0.0008954910381854855 0.9999995272093389 -0.0006916247479755722 0.0 0.0 0.0 1.0"/>
                <scale value="1"/>
            </transform>
            <transform time="0.0015">
                <matrix value="1.0 7.683650637999091e-05 -0.00027663456479889813 0.0008410834459661537 -7.711791481148632e-05 0.9999993200117308 -0.0010041386853090225 -0.016573786321525185 0.00027654108692355895 0.0010041592780672957 0.9999992718982971 -0.0006924742141426146 0.0 0.0 0.0 1.0"/>
                <scale value="1"/>
            </transform>
        </animation>
    </shape>
    <shape name="temp6" type="ply">
        <string name="filename" value="meshes/Cube_002.ply"/>
        <boolean name="face_normals" value="true"/>
        <ref id="mat-Material" name="bsdf"/>
        <animation name="to_world">
            <transform time="0">
                <matrix value="1.0 -3.5169568418703316e-05 -4.506687860296033e-05 -0.0006294028454782996 3.515150870437054e-05 1.0 -0.0004011605119566395 -0.017576688552098874 4.5081175191967755e-05 0.0004011572244135138 1.0 0.00025495916865059254 0.0 0.0 0.0 1.0"/>
                <scale value="1"/>
            </transform>
            <transform time="0.0015">
                <matrix value="1.0 -3.077456251979857e-05 -4.5784021788692027e-05 -0.0006309861804821357 3.076613357956338e-05 0.9999997371798682 -0.00024891096341462756 -0.01766057812145089 4.5809753034874563e-05 0.00024890830046498844 0.99999973617859 0.0002531730489514942 0.0 0.0 0.0 1.0"/>
                <scale value="1"/>
            </transform>
        </animation>
    </shape>
    <shape name="temp7" type="ply">
        <string name="filename" value="meshes/Cube_003.ply"/>
        <boolean name="face_normals" value="true"/>
        <ref id="mat-Material" name="bsdf"/>
        <animation name="to_world">
            <transform time="0">
                <matrix value="1.0 0.00035900446995659367 0.0005543139547473147 -0.0008226766747601033 -0.00036080852512379726 0.9999945768142122 0.003257574933773848 -0.017796538576583754 -0.0005531384135865837 -0.0032577681921810175 0.9999945629073977 0.0015456416104497328 0.0 0.0 0.0 1.0"/>
                <scale value="1"/>
            </transform>
            <transform time="0.0015">
                <matrix value="1.0 0.00036431478826468434 0.0005544509716731609 -0.0008224469586129607 -0.0003661364989299046 0.9999944566678662 0.003288627564769348 -0.017791621913606157 -0.0005532424528238809 -0.003288824220414097 0.999994452272613 0.0015432822735303427 0.0 0.0 0.0 1.0"/>
                <scale value="1"/>
            </transform>
        </animation>
    </shape>
    <shape name="temp8" type="ply">
        <string name="filename" value="meshes/Cube_004.ply"/>
        <boolean name="face_normals" value="true"/>
        <ref id="mat-Material" name="bsdf"/>
        <animation name="to_world">
            <transform time="0">
                <matrix value="1.0 -0.0003720326308917178 0.00028882072298202306 -0.0005501997534809178 0.0003725016710192952 0.9999985399115188 -0.0016253904659872035 -0.018755369091119134 -0.0002882158123635925 0.001625497733734093 0.9999985816280168 0.000926561191731852 0.0 0.0 0.0 1.0"/>
                <scale value="1"/>
            </transform>
            <transform time="0.0015">
                <matrix value="1.0 -0.0003708181015170881 0.00028921968903690935 -0.0005510756543740062 0.00037129026813925064 0.9999985248932255 -0.0016337015212321022 -0.018752494748694826 -0.00028861393797257484 0.0016338085568493711 0.9999985731176487 0.0009292708721380993 0.0 0.0 0.0 1.0"/>
                <scale value="1"/>
            </transform>
        </animation>
    </shape>
    <shape name="temp9" type="ply">
        <string name="filename" value="meshes/Cube_005.ply"/>
        <boolean name="face_normals" value="true"/>
        <ref id="mat-Material" name="bsdf"/>
        <animation name="to_world">
            <transform time="0">
                <matrix value="1.0 0.00031738986239708984 0.0005082381408736509 -0.00043575585181443444 -0.00031898916186636454 0.9999949939823496 0.0031500150583825544 -0.015717999872970678 -0.0005072363557063758 -0.003150170100308079 0.9999950356980589 0.0012957527966722115 0.0 0.0 0.0 1.0"/>
                <scale value="1"/>
            </transform>
            <transform time="0.0015">
                <matrix value="1.0 0.0003019847655016045 0.0005083440098523793 -0.0004342022351607011 -0.000303511937064781 0.9999951591835753 0.003008147818465096 -0.015811137894933804 -0.000507375181069027 -0.0030082952126006712 0.9999951973950522 0.0012892708909400315 0.0 0.0 0.0 1.0"/>
                <scale value="1"/>
            </transform>
        </animation>
    </shape>
    <shape name="temp10" type="ply">
        <string name="filename" value="meshes/Cube_006.ply"/>
        <boolean name="face_normals" value="true"/>
        <ref id="mat-Material" name="bsdf"/>
        <animation name="to_world">
            <transform time="0">
                <matrix value="1.0 0.00023484480302363468 -0.00033743305875227707 -0.0006713000868709962 -0.00023501091259815575 0.9999997914159312 -0.0004945815826289146 -0.017541364533206705 0.00033731674192902114 0.0004946612907599343 1.0 -0.0008618457461722073 0.0 0.0 0.0 1.0"/>
                <scale value="1"/>
            </transform>
            <transform time="0.0015">
                <matrix value="1.0 0.00021803910760937503 -0.00033873667693247076 -0.0006714402577340246 -0.00021817503429048796 0.9999997388519049 -0.00041201305552198786 -0.017527831545953686 0.0003386094932801917 0.0004120867346575726 0.9999999404274236 -0.0008632528751985276 0.0 0.0 0.0 1.0"/>
                <scale value="1"/>
            </transform>
        </animation>
    </shape>
    <shape name="temp11" type="ply">
        <string name="filename" value="meshes/Cube_007.ply"/>
        <boolean name="face_normals" value="true"/>
        <ref id="mat-Material" name="bsdf"/>
        <animation name="to_world">
            <transform time="0">
                <matrix value="0.9999986702764229 -0.0016517960131241097 -2.948582597237673e-05 0.0004980638799088055 0.0016519067349612694 0.9999895707965618 0.004247007589708482 -0.017409323555229894 2.2470422515234202e-05 -0.0042470469710464455 0.9999910169774399 5.991689891593488e-05 0.0 0.0 0.0 1.0"/>
                <scale value="1"/>
            </transform>
            <transform time="0.0015">
                <matrix value="0.9999986862333612 -0.0016452155226649211 -2.9459571486896265e-05 0.0004971598439070803 0.001645325774494075 0.9999896533971747 0.004229803880665125 -0.017409518879704572 2.249738814515882e-05 -0.0042298431406782916 0.9999910850603844 5.762813286556437e-05 0.0 0.0 0.0 1.0"/>
                <scale value="1"/>
            </transform>
        </animation>
    </shape>
    <shape name="temp12" type="ply">
        <string name="filename" value="meshes/Cube_008.ply"/>
        <boolean name="face_normals" value="true"/>
        <ref id="mat-Material" name="bsdf"/>
        <animation name="to_world">
            <transform time="0">
                <matrix value="1.0 -0.000748987845806313 0.00011647481609625262 0.00012373594934933507 0.0007488870213659984 0.9999993742477937 0.0008659184596858495 -0.018292478221675568 -0.00011712338239126851 -0.0008658303836069609 0.9999997636046695 0.0003540163675908037 0.0 0.0 0.0 1.0"/>
                <scale value="1"/>
            </transform>
            <transform time="0.0015">
                <matrix value="1.0 -0.0006985104611161601 0.0001165543114443476 0.00012411274784156508 0.0006984176192670079 0.9999993667386472 0.0007979116829601881 -0.01826508271448883 -0.00011720358196284147 -0.000797829579268425 0.9999997550943014 0.00035237559350067177 0.0 0.0 0.0 1.0"/>
                <scale value="1"/>
            </transform>
        </animation>
    </shape>
    <shape name="temp13" type="ply">
        <string name="filename" value="meshes/Cube_009.ply"/>
        <boolean name="face_normals" value="true"/>
        <ref id="mat-Material" name="bsdf"/>
        <animation name="to_world">
            <transform time="0">
                <matrix value="1.0 -0.0007270781752231328 0.00037226354675261373 0.0009178156021825146 0.0007268402044582973 0.9999993742477937 0.0006414516375340941 -0.01830175141551904 -0.00037273082671574235 -0.0006411811698646081 0.9999997636046695 0.0006393637889268167 0.0 0.0 0.0 1.0"/>
                <scale value="1"/>
            </transform>
            <transform time="0.0015">
                <matrix value="0.999999936172247 -0.0007745036174517381 0.00037241613765201883 0.0009185755778062672 0.0007742605547991978 0.9999992991563276 0.0006546509630918368 -0.0183797122720557 -0.0003729407721521103 -0.0006543624254788647 0.9999997550943014 0.0006385911780388632 0.0 0.0 0.0 1.0"/>
                <scale value="1"/>
            </transform>
        </animation>
    </shape>
    <shape name="temp14" type="ply">
        <string name="filename" value="meshes/Cube_010.ply"/>
        <boolean name="face_normals" value="true"/>
        <ref id="mat-Material" name="bsdf"/>
        <animation name="to_world">
            <transform time="0">
                <matrix value="0.9999982270352306 -0.00035717935935489117 0.0020002543613756507 0.003642294253666245 0.0003566562416338225 0.9999997914159312 0.00026164471578425804 -0.01796405136052376 -0.002000347501094806 -0.0002609324125041978 0.9999981088373558 0.0033538718357344344 0.0 0.0 0.0 1.0"/>
                <scale value="1"/>
            </transform>
            <transform time="0.0015">
                <matrix value="0.9999982110782923 -0.0003626686957184484 0.002002496673153412 0.003647403745210768 0.0003621447103247052 0.9999997914159312 0.000261781051880659 -0.01797346704405771 -0.002002591365749519 -0.0002610566137893244 0.9999981003269878 0.00335767026679903 0.0 0.0 0.0 1.0"/>
                <scale value="1"/>
            </transform>
        </animation>
    </shape>
    <shape name="temp15" type="ply">
        <string name="filename" value="meshes/Cube_011.ply"/>
        <boolean name="face_normals" value="true"/>
        <ref id="mat-Material" name="bsdf"/>
        <animation name="to_world">
            <transform time="0">
                <matrix value="1.0 0.0006171209975324505 -0.0004061602731973556 -0.0007383721906242258 -0.0006169474156379038 0.9999995828318625 0.0004248307764026399 -0.016226245703080566 0.00040642291947016725 -0.00042458121533593506 1.0 -0.0006261468451167485 0.0 0.0 0.0 1.0"/>
                <scale value="1"/>
            </transform>
            <transform time="0.0015">
                <matrix value="0.9999999680861236 0.000544623115464978 -0.0004064758376452051 -0.0007378390011680957 -0.0005444606301612042 0.9999995603044227 0.00039765623503067036 -0.01637263197652263 0.0004067456006751709 -0.0003974364763038162 1.0 -0.0006275458670733202 0.0 0.0 0.0 1.0"/>
                <scale value="1"/>
            </transform>
        </animation>
    </shape>
    <shape name="temp16" type="ply">
        <string name="filename" value="meshes/Cube_012.ply"/>
        <boolean name="face_normals" value="true"/>
        <ref id="mat-Material" name="bsdf"/>
        <animation name="to_world">
            <transform time="0">
                <matrix value="0.9999982270352306 -0.0018980503647092442 -0.00014102990826442803 -0.00048416459899724984 0.001897737165064793 0.9999958283186247 -0.0021839264413377893 -0.022932078907387687 0.00014517434449060065 0.0021836541008670844 0.9999976360466947 -0.0001768985962766756 0.0 0.0 0.0 1.0"/>
                <scale value="1"/>
            </transform>
            <transform time="0.0015">
                <matrix value="0.9999982749060453 -0.001865988336103226 -0.00014119152015398202 -0.00048597372692892147 0.0018656803144266698 0.9999959334466774 -0.0021473035191327174 -0.022844434536470982 0.0001452290608318111 0.0021470356722738167 0.9999976956192711 -0.00017487785681730646 0.0 0.0 0.0 1.0"/>
                <scale value="1"/>
            </transform>
        </animation>
    </shape>
    <shape name="temp17" type="ply">
        <string name="filename" value="meshes/Cube_013.ply"/>
        <boolean name="face_normals" value="true"/>
        <ref id="mat-Material" name="bsdf"/>
        <animation name="to_world">
            <transform time="0">
                <matrix value="1.0 -0.0003555190301675139 0.0001725818294256397 -0.00026503048459380896 0.0003556687002572572 0.9999995828318625 -0.000872074194092859 -0.019070719736069497 -0.00017227189478517872 0.000872135880005757 0.9999995272093389 0.0001227483886598879 0.0 0.0 0.0 1.0"/>
                <scale value="1"/>
            </transform>
            <transform time="0.0015">
                <matrix value="0.9999999840430618 -0.00030463840430376373 0.00017279378865266612 -0.000266916700741853 0.00030476771084980394 0.9999994777038098 -0.0007565368415169207 -0.018888513424302165 -0.00017240598093717384 0.0007565895621841313 0.9999994506160264 0.00012616876588629236 0.0 0.0 0.0 1.0"/>
                <scale value="1"/>
            </transform>
        </animation>
    </shape>
    <shape name="temp18" type="ply">
        <string name="filename" value="meshes/Cube_014.ply"/>
        <boolean name="face_normals" value="true"/>
        <ref id="mat-Material" name="bsdf"/>
        <animation name="to_world">
            <transform time="0">
                <matrix value="1.0 -0.0002194137536163263 -3.809227077099392e-05 -0.0001716083165121951 0.0002193729200907049 0.9999993742477937 -0.001064793123354393 -0.01878942891166402 3.8325957799892556e-05 0.0010647862117587185 0.9999995272093389 2.954192986370785e-05 0.0 0.0 0.0 1.0"/>
                <scale value="1"/>
            </transform>
            <transform time="0.0015">
                <matrix value="1.0 -0.00018806509393939073 -3.807325009836869e-05 -0.00017228287361002558 0.00018803015839557042 0.9999992090465681 -0.0009137222607893808 -0.018636259803055534 3.8371948887275675e-05 0.0009137167494700985 0.9999993740227138 3.247570209872357e-05 0.0 0.0 0.0 1.0"/>
                <scale value="1"/>
            </transform>
        </animation>
    </shape>
    <shape name="temp19" type="ply">
        <string name="filename" value="meshes/Cube_015.ply"/>
        <boolean name="face_normals" value="true"/>
        <ref id="mat-Material" name="bsdf"/>
        <animation name="to_world">
            <transform time="0">
                <matrix value="1.0 -0.00022668499425350892 -5.2443831287489344e-05 0.0004178461098560682 0.00022667975114666497 1.0 -0.00010877565657621079 -0.018053893685108124 5.2468676144936325e-05 0.00010876365964920332 1.0 -0.00014707378498385326 0.0 0.0 0.0 1.0"/>
                <scale value="1"/>
            </transform>
            <transform time="0.0015">
                <matrix value="1.0 -0.00022664339358122347 -5.2506705886753416e-05 0.00041746755329043965 0.00022663811949480786 1.0 -0.00010919950694731908 -0.01805405183624354 5.253162626627642e-05 0.00010918749841198445 1.0 -0.00014739333167261762 0.0 0.0 0.0 1.0"/>
                <scale value="1"/>
            </transform>
        </animation>
    </shape>
    <shape name="temp20" type="ply">
        <string name="filename" value="meshes/Cube_016.ply"/>
        <boolean name="face_normals" value="true"/>
        <ref id="mat-Material" name="bsdf"/>
        <animation name="to_world">
            <transform time="0">
                <matrix value="1.0 0.00017397016830648508 0.00034724110101597985 0.000635064391354967 -0.00017463038116969577 0.9999981227433812 0.001902533259641029 -0.017326073497496097 -0.00034691025429633683 -0.0019025933257269677 0.9999983452326863 0.00043495872116489087 0.0 0.0 0.0 1.0"/>
                <scale value="1"/>
            </transform>
            <transform time="0.0015">
                <matrix value="1.0 0.00014338156192318055 0.0003473542889112441 0.000634570418301994 -0.00014398532064198192 0.9999980626702083 0.0017404362791073476 -0.017372525311467126 -0.0003469720395611857 -0.0017404854179041225 0.9999982856601098 0.0004302896966418807 0.0 0.0 0.0 1.0"/>
                <scale value="1"/>
            </transform>
        </animation>
    </shape>
    <shape name="temp21" type="ply">
        <string name="filename" value="meshes/Cube_017.ply"/>
        <boolean name="face_normals" value="true"/>
        <ref id="mat-Material" name="bsdf"/>
        <animation name="to_world">
            <transform time="0">
                <matrix value="0.9999995567588077 0.0008992956115997773 0.00017443044091038678 0.0003928141599605084 -0.0008996954046526142 0.9999968712389685 0.0023083838549553897 -0.017592788205296694 -0.00017235389440576425 -0.002308539640359349 0.9999973996513641 0.000135009349017029 0.0 0.0 0.0 1.0"/>
                <scale value="1"/>
            </transform>
            <transform time="0.0015">
                <matrix value="0.9999995727157459 0.0008911294146484374 0.00017461688605395438 0.0003936135123457366 -0.0008915259309840494 0.9999969238029949 0.0022869825770713416 -0.01759461609021059 -0.00017257358953139427 -0.002287137070657548 0.9999974422032045 0.0001328960905995927 0.0 0.0 0.0 1.0"/>
                <scale value="1"/>
            </transform>
        </animation>
    </shape>
    <shape name="temp22" type="ply">
        <string name="filename" value="meshes/Cube_018.ply"/>
        <boolean name="face_normals" value="true"/>
        <ref id="mat-Material" name="bsdf"/>
        <animation name="to_world">
            <transform time="0">
                <matrix value="1.0 -0.0008269190255786644 -0.0001993098674720498 0.0007574455921439127 0.0008269240656918907 0.9999995828318625 2.241214485738506e-05 -0.01775820235064446 0.0001992909913887101 -2.2576931019162618e-05 1.0 -0.00023326978767856943 0.0 0.0 0.0 1.0"/>
                <scale value="1"/>
            </transform>
            <transform time="0.0015">
                <matrix value="0.999999936172247 -0.000867124798787623 -0.00019896111258874694 0.0007573328855583685 0.0008671229440648132 0.999999515249543 -1.4061317412692982e-05 -0.01775912818153347 0.0001990122236777313 1.388912947999984e-05 0.9999999829792638 -0.00023332686773844762 0.0 0.0 0.0 1.0"/>
                <scale value="1"/>
            </transform>
        </animation>
    </shape>
    <shape name="temp23" type="ply">
        <string name="filename" value="meshes/Cube_019.ply"/>
        <boolean name="face_normals" value="true"/>
        <ref id="mat-Material" name="bsdf"/>
        <animation name="to_world">
            <transform time="0">
                <matrix value="0.9999782811815746 0.0026886882773667514 -0.0060264970798084815 0.0035219210181505756 -0.0026595490995998416 0.9999847733629801 0.004837806799769845 -0.017855877222802907 0.006039409460894603 -0.004821662707045761 0.9999702141883532 -0.0010095648701539117 0.0 0.0 0.0 1.0"/>
                <scale value="1"/>
            </transform>
            <transform time="0.0015">
                <matrix value="0.9999778822581187 0.0027879597213488214 -0.006025704764541632 0.0035148725106132848 -0.0027586443987234447 0.9999842176861301 0.004867752231880091 -0.017860469504989738 0.0060392569125650684 -0.0048510125820748744 0.999970061001728 -0.0010068904182985226 0.0 0.0 0.0 1.0"/>
                <scale value="1"/>
            </transform>
        </animation>
    </shape>
    <shape name="temp24" type="ply">
        <string name="filename" value="meshes/Cube_020.ply"/>
        <boolean name="face_normals" value="true"/>
        <ref id="mat-Material" name="bsdf"/>
        <animation name="to_world">
            <transform time="0">
                <matrix value="0.9999529785696831 -0.005318826541398548 0.008063138217866117 -0.006362527847026678 0.005246549066670674 0.999946103531707 0.008959312103212765 -0.015374209211644507 -0.008110351251383811 -0.008916600543063395 0.9999274266270639 -0.0006595786974843421 0.0 0.0 0.0 1.0"/>
                <scale value="1"/>
            </transform>
            <transform time="0.0015">
                <matrix value="0.9999532023219244 -0.005256578240919611 0.008070195866101993 -0.006371400929614866 0.005184418606954393 0.9999465629853661 0.008937545985799603 -0.015369377368066265 -0.008116776688195914 -0.008895312916811038 0.9999275542825795 -0.0006625094877658203 0.0 0.0 0.0 1.0"/>
                <scale value="1"/>
            </transform>
        </animation>
    </shape>
    <shape name="temp25" type="ply">
        <string name="filename" value="meshes/Cube_021.ply"/>
        <boolean name="face_normals" value="true"/>
        <ref id="mat-Material" name="bsdf"/>
        <animation name="to_world">
            <transform time="0">
                <matrix value="0.9994096027317841 0.021518888330347107 0.02678519843733231 -0.016406308886642407 -0.021821566166158716 0.9997006818613209 0.011059826457459952 -0.018874515045928797 -0.026539181634921732 -0.011637787507065785 0.999580161892978 -0.013308603254981732 0.0 0.0 0.0 1.0"/>
                <scale value="1"/>
            </transform>
            <transform time="0.0015">
                <matrix value="0.9994098261289195 0.021507001351244604 0.0267867949823813 -0.016407051395542004 -0.021809886644786433 0.9997008545716931 0.011067046653726282 -0.0188718196687934 -0.026540761371807074 -0.011644727385282298 0.9995800342374571 -0.013309171738409332 0.0 0.0 0.0 1.0"/>
                <scale value="1"/>
            </transform>
        </animation>
    </shape>
    <shape name="temp26" type="ply">
        <string name="filename" value="meshes/Cube_022.ply"/>
        <boolean name="face_normals" value="true"/>
        <ref id="mat-Material" name="bsdf"/>
        <animation name="to_world">
            <transform time="0">
                <matrix value="0.9993958622548211 0.030755992098835477 0.016193836606384283 -0.007709138531120985 -0.030882998508936627 0.999493766465105 0.007651975012067982 -0.02021120502577728 -0.015950282521936008 -0.008147452249892058 0.9998397239659004 -0.011678120362106192 0.0 0.0 0.0 1.0"/>
                <scale value="1"/>
            </transform>
            <transform time="0.0015">
                <matrix value="0.999393213403074 0.030838631759239052 0.0161944936067989 -0.007712595624201122 -0.030964123742496644 0.9994917690321036 0.0075564529388330295 -0.02023725520366537 -0.01595343178326622 -0.008053310153784491 0.9998403111812969 -0.011682149171886006 0.0 0.0 0.0 1.0"/>
                <scale value="1"/>
            </transform>
        </animation>
    </shape>
    <shape name="temp27" type="ply">
        <string name="filename" value="meshes/Cube_023.ply"/>
        <boolean name="face_normals" value="true"/>
        <ref id="mat-Material" name="bsdf"/>
        <animation name="to_world">
            <transform time="0">
                <matrix value="0.999472099739906 0.030915517194627713 0.010024698584133808 -0.0027561811341169085 -0.031002664766048436 0.9994818771731854 0.00865594598083023 -0.019891009714582852 -0.00975190903981547 -0.008962164935766537 0.9999122973323732 -0.008846757395211707 0.0 0.0 0.0 1.0"/>
                <scale value="1"/>
            </transform>
            <transform time="0.0015">
                <matrix value="0.9994712699791178 0.03094199820018992 0.010024220301448556 -0.002757536994444267 -0.03102842197704046 0.9994816293713469 0.008582268320344469 -0.019905514694016576 -0.009753531062587136 -0.008888763703360449 0.9999128675270336 -0.008849153416155352 0.0 0.0 0.0 1.0"/>
                <scale value="1"/>
            </transform>
        </animation>
    </shape>
    <shape name="temp28" type="ply">
        <string name="filename" value="meshes/Cube_024.ply"/>
        <boolean name="face_normals" value="true"/>
        <ref id="mat-Material" name="bsdf"/>
        <animation name="to_world">
            <transform time="0">
                <matrix value="0.9995288346125274 0.029579306791705864 0.008206298422628518 -0.0010751161310540436 -0.02967408918367383 0.9994912634562798 0.011677574735201769 -0.018006733782184536 -0.00785670278195902 -0.011915586027370403 0.9998981136125414 -0.007618992357703025 0.0 0.0 0.0 1.0"/>
                <scale value="1"/>
            </transform>
            <transform time="0.0015">
                <matrix value="0.9995297441580069 0.029548772348797145 0.008205419301607406 -0.0010753227096178715 -0.02964418524314248 0.9994910907459076 0.01175948107056956 -0.01795647287034183 -0.007853826065133877 -0.011997195883406246 0.9998970753476376 -0.0076176946676934885 0.0 0.0 0.0 1.0"/>
                <scale value="1"/>
            </transform>
        </animation>
    </shape>
    <shape name="temp29" type="ply">
        <string name="filename" value="meshes/Cube_025.ply"/>
        <boolean name="face_normals" value="true"/>
        <ref id="mat-Material" name="bsdf"/>
        <animation name="to_world">
            <transform time="0">
                <matrix value="0.9995239589594115 0.030550995676052253 0.004322110386217963 0.0010563011023181357 -0.030591150778242884 0.9994864660226982 0.009548929341908496 -0.019507469650920095 -0.004028171523703652 -0.009676609173944513 0.999945156283317 -0.004988933372578774 0.0 0.0 0.0 1.0"/>
                <scale value="1"/>
            </transform>
            <transform time="0.0015">
                <matrix value="0.9995232568541291 0.03057387604580925 0.004320816810272085 0.0010550396825834412 -0.030613681336754253 0.9994864660226982 0.009465338804700647 -0.019572553562969712 -0.00402926648880539 -0.00959311009171006 0.9999458626438664 -0.004989055604338305 0.0 0.0 0.0 1.0"/>
                <scale value="1"/>
            </transform>
        </animation>
    </shape>
    <shape name="temp30" type="ply">
        <string name="filename" value="meshes/Cube_026.ply"/>
        <boolean name="face_normals" value="true"/>
        <ref id="mat-Material" name="bsdf"/>
        <animation name="to_world">
            <transform time="0">
                <matrix value="0.9995292778537198 0.028340672016152754 0.011777522680949986 0.008003478137977638 -0.028513701471738054 0.9994839630138729 0.014792059575405619 -0.013014461090690821 -0.011352240229634396 -0.015120916184663649 0.999821285130119 -0.014773194650016253 0.0 0.0 0.0 1.0"/>
                <scale value="1"/>
            </transform>
            <transform time="0.0015">
                <matrix value="0.9995306501504081 0.02829074820575157 0.011777937986911558 0.008005297686363383 -0.028465018927582707 0.9994835425016622 0.014900716550712062 -0.012857751480509147 -0.011350459594896667 -0.015228984068273036 0.9998195149735616 -0.014773583435127942 0.0 0.0 0.0 1.0"/>
                <scale value="1"/>
            </transform>
        </animation>
    </shape>
    <shape name="temp31" type="ply">
        <string name="filename" value="meshes/Cube_027.ply"/>
        <boolean name="face_normals" value="true"/>
        <ref id="mat-Material" name="bsdf"/>
        <animation name="to_world">
            <transform time="0">
                <matrix value="0.9996932770948909 0.01780359932669063 0.017231139316751302 0.01874738218651273 -0.018293973515452273 0.999419719120693 0.02873191398424945 0.01749648772091833 -0.01670962117061772 -0.02903832315095438 0.999438797485321 -0.02536313369087706 0.0 0.0 0.0 1.0"/>
                <scale value="1"/>
            </transform>
            <transform time="0.0015">
                <matrix value="0.9996933409226438 0.01779985977167291 0.017231255057756984 0.01874698256833072 -0.018290318738318753 0.9994196440292268 0.02873671638494852 0.017506701040180588 -0.016709757602439635 -0.029043065177046124 0.999438652809064 -0.025364159203592807 0.0 0.0 0.0 1.0"/>
                <scale value="1"/>
            </transform>
        </animation>
    </shape>
    <shape name="temp32" type="ply">
        <string name="filename" value="meshes/Cube_028.ply"/>
        <boolean name="face_normals" value="true"/>
        <ref id="mat-Material" name="bsdf"/>
        <animation name="to_world">
            <transform time="0">
                <matrix value="0.9988870213659984 0.02976225587842052 0.03659184596858495 0.048294086187456786 -0.030408092165800572 0.9993890572625844 0.01722165986399704 -0.016053143494080935 -0.03605695294728799 -0.01831517052790542 0.9991820721563651 -0.06205922629780258 0.0 0.0 0.0 1.0"/>
                <scale value="1"/>
            </transform>
            <transform time="0.0015">
                <matrix value="0.9988815002653688 0.02992514053236994 0.03660001762400095 0.04829729024581188 -0.03056683928713094 0.9993857532380708 0.017101212624773373 -0.016478594516503985 -0.03606632238271188 -0.018200874633179275 0.9991836465744571 -0.06207446300647371 0.0 0.0 0.0 1.0"/>
                <scale value="1"/>
            </transform>
        </animation>
    </shape>
    <shape name="temp33" type="ply">
        <string name="filename" value="meshes/Cube_029.ply"/>
        <boolean name="face_normals" value="true"/>
        <ref id="mat-Material" name="bsdf"/>
        <animation name="to_world">
            <transform time="0">
                <matrix value="0.9948712561632688 0.051021915928105246 0.08734216474768818 0.2209012114286255 -0.05453435739778415 0.9977764938269544 0.03831119648659804 -0.03546670700369836 -0.08519330634880955 -0.04287785525517132 0.9954415888413839 -0.22208293412149938 0.0 0.0 0.0 1.0"/>
                <scale value="1"/>
            </transform>
            <transform time="0.0015">
                <matrix value="0.9946444282862473 0.05337111865761369 0.08765241532171787 0.221000427782333 -0.05684652891800332 0.9975940891463614 0.03767258016907552 -0.040991302672439334 -0.0854696182869939 -0.04247664305299137 0.9954319040425259 -0.22263573778352405 0.0 0.0 0.0 1.0"/>
                <scale value="1"/>
            </transform>
        </animation>
    </shape>
    <shape name="temp34" type="ply">
        <string name="filename" value="meshes/Cube_030.ply"/>
        <boolean name="face_normals" value="true"/>
        <ref id="mat-Material" name="bsdf"/>
        <animation name="to_world">
            <transform time="0">
                <matrix value="0.9280573330159511 0.36656220730908456 -0.06588718943300231 -0.2281414855566397 -0.3602603710293405 0.9284225060563578 0.09079596491388284 -0.6765556112695421 0.09445351487027694 -0.060527309961802674 0.9936876429610082 0.1400081657589094 0.0 0.0 0.0 1.0"/>
                <scale value="1"/>
            </transform>
            <transform time="0.0015">
                <matrix value="0.9268934317344799 0.3691467871519907 -0.06618937127921247 -0.2314183523230982 -0.36272300729686097 0.927248492940939 0.09175133916501879 -0.6807749640656361 0.09530032080600985 -0.060985595372646945 0.9935660722495915 0.14180048614079407 0.0 0.0 0.0 1.0"/>
                <scale value="1"/>
            </transform>
        </animation>
    </shape>
    <shape name="temp35" type="ply">
        <string name="filename" value="meshes/Cube_031.ply"/>
        <boolean name="face_normals" value="true"/>
        <ref id="mat-Material" name="bsdf"/>
        <animation name="to_world">
            <transform time="0">
                <matrix value="0.8724662117239069 0.4841611687382541 -0.06626172934531259 -0.3181875684118216 -0.42402695261042467 0.8174549406265449 0.38983150213630463 -0.5773617466621367 0.242907254439947 -0.31201798829009036 0.9184994002650465 -0.13424673986556535 0.0 0.0 0.0 1.0"/>
                <scale value="1"/>
            </transform>
            <transform time="0.0015">
                <matrix value="0.8696184248277846 0.48851145766902526 -0.06630484457200339 -0.3251511586974153 -0.42721226704688525 0.8140767557808612 0.3924401341970547 -0.5822214140189135 0.24598871314390008 -0.3127442579330694 0.9172630905858787 -0.1284121845425959 0.0 0.0 0.0 1.0"/>
                <scale value="1"/>
            </transform>
        </animation>
    </shape>
