
<scene version="2.1.0">
    <default name="spp" value="1024"/>
    <default name="resx" value="640"/>
    <default name="resy" value="360"/>
    <integrator name="temp0" type="path">
        <integer name="max_depth" value="12"/>
    </integrator>
    <sensor name="temp44" type="perspective">
        <string name="fov_axis" value="x"/>
        <float name="fov" value="83.974423"/>
        <float name="principal_point_offset_x" value="0.000000"/>
        <float name="principal_point_offset_y" value="-0.000000"/>
        <float name="near_clip" value="0.100000"/>
        <float name="far_clip" value="1000.000000"/>
        <sampler name="sampler" type="correlated">
            <integer name="sample_count" value="1024"/>
        </sampler>
        <film name="film" type="hdrfilm">
            <integer name="width" value="$resx"/>
            <integer name="height" value="$resy"/>
        </film>
        <float name="shutter_open" value="0.0"/>
        <float name="shutter_close" value="0.0015"/>
        <animation name="to_world">
            <transform time="0">
                <rotate angle="-142.5518126578256" x="1"/>
                <rotate angle="3.976628485794621e-06" y="1"/>
                <rotate angle="-179.999991348578" z="1"/>
                <translate value="-0.000000 3.030926 4.073377"/>
            </transform>
            <transform time="0.0015">
                <rotate angle="-142.5518126578256" x="1"/>
                <rotate angle="3.976628485794621e-06" y="1"/>
                <rotate angle="-179.999991348578" z="1"/>
                <translate value="-0.000000 3.030926 4.073377"/>
                <translate x="0.15" y="0.0" z="0.0"/>
            </transform>
        </animation>
    </sensor>
    <bsdf id="mat-Material" name="mat-Material" type="twosided">
        <bsdf name="bsdf" type="diffuse">
            <texture name="reflectance" type="bitmap">
                <string name="filename" value="textures/siggraph_2023_logo.jpg"/>
            </texture>
        </bsdf>
    </bsdf>
    <bsdf id="mat-Material.001" name="mat-Material.001" type="twosided">
        <bsdf name="bsdf" type="principled">
            <rgb name="base_color" value="0.433648 0.266232 0.084399"/>
            <float name="spec_tint" value="0.000000"/>
            <float name="spec_trans" value="0.000000"/>
            <float name="metallic" value="0.000000"/>
            <float name="anisotropic" value="0.000000"/>
            <float name="roughness" value="0.500000"/>
            <float name="sheen" value="0.000000"/>
            <float name="sheen_tint" value="0.500000"/>
            <float name="clearcoat" value="0.000000"/>
            <float name="clearcoat_gloss" value="0.173205"/>
            <float name="specular" value="0.500000"/>
        </bsdf>
    </bsdf>
    <bsdf id="mat-Material.002" name="mat-Material.002" type="twosided">
        <bsdf name="bsdf" type="principled">
            <rgb name="base_color" value="0.433648 0.266232 0.084399"/>
            <float name="spec_tint" value="0.000000"/>
            <float name="spec_trans" value="0.000000"/>
            <float name="metallic" value="0.000000"/>
            <float name="anisotropic" value="0.000000"/>
            <float name="roughness" value="0.500000"/>
            <float name="sheen" value="0.000000"/>
            <float name="sheen_tint" value="0.500000"/>
            <float name="clearcoat" value="0.000000"/>
            <float name="clearcoat_gloss" value="0.173205"/>
            <float name="specular" value="0.500000"/>
        </bsdf>
    </bsdf>
    <bsdf id="mat-Material.003" name="mat-Material.003" type="twosided">
        <bsdf name="bsdf" type="principled">
            <rgb name="base_color" value="0.433648 0.266232 0.084399"/>
            <float name="spec_tint" value="0.000000"/>
            <float name="spec_trans" value="0.000000"/>
            <float name="metallic" value="0.000000"/>
            <float name="anisotropic" value="0.000000"/>
            <float name="roughness" value="0.500000"/>
            <float name="sheen" value="0.000000"/>
            <float name="sheen_tint" value="0.500000"/>
            <float name="clearcoat" value="0.000000"/>
            <float name="clearcoat_gloss" value="0.173205"/>
            <float name="specular" value="0.500000"/>
        </bsdf>
    </bsdf>
    <bsdf id="mat-Material.004" name="mat-Material.004" type="twosided">
        <bsdf name="bsdf" type="principled">
            <rgb name="base_color" value="0.433648 0.266232 0.084399"/>
            <float name="spec_tint" value="0.000000"/>
            <float name="spec_trans" value="0.000000"/>
            <float name="metallic" value="0.000000"/>
            <float name="anisotropic" value="0.000000"/>
            <float name="roughness" value="0.500000"/>
            <float name="sheen" value="0.000000"/>
            <float name="sheen_tint" value="0.500000"/>
            <float name="clearcoat" value="0.000000"/>
            <float name="clearcoat_gloss" value="0.173205"/>
            <float name="specular" value="0.500000"/>
        </bsdf>
    </bsdf>
    <bsdf id="mat-Material.005" name="mat-Material.005" type="twosided">
        <bsdf name="bsdf" type="principled">
            <rgb name="base_color" value="0.433648 0.266232 0.084399"/>
            <float name="spec_tint" value="0.000000"/>
            <float name="spec_trans" value="0.000000"/>
            <float name="metallic" value="0.000000"/>
            <float name="anisotropic" value="0.000000"/>
            <float name="roughness" value="0.500000"/>
            <float name="sheen" value="0.000000"/>
            <float name="sheen_tint" value="0.500000"/>
            <float name="clearcoat" value="0.000000"/>
            <float name="clearcoat_gloss" value="0.173205"/>
            <float name="specular" value="0.500000"/>
        </bsdf>
    </bsdf>
    <emitter name="temp45" type="point">
        <point name="position" x="-6.815235034541981e-16" y="3.0693089962005615" z="4.109199523925781"/>
        <rgb name="intensity" value="7.957747 7.957747 7.957747"/>
    </emitter>
    <shape name="temp2" type="ply">
        <string name="filename" value="meshes/Cube.ply"/>
        <boolean name="face_normals" value="true"/>
        <ref id="mat-Material" name="bsdf"/>
        <animation name="to_world">
            <transform time="0">
                <matrix value="1.0 0.00010002941035369601 0.00029688416770641215 -0.001019013071352326 -9.959984185154256e-05 0.9999989570796561 -0.0014469285391099527 -0.015658042987992116 -0.00029702922023236477 0.0014468997106938967 0.999999054418678 0.0007047929997998637 0.0 0.0 0.0 1.0"/>
                <scale value="1"/>
            </transform>
            <transform time="0.0015">
                <matrix value="1.0 0.00010163331150811216 0.0002973661949536127 -0.0010201881523907198 -0.00010121430103448437 0.9999989871162426 -0.0014106521590924869 -0.015702161112170224 -0.0002975083113459554 0.0014106227229975276 0.9999990884601503 0.0007074936460612786 0.0 0.0 0.0 1.0"/>
                <scale value="1"/>
            </transform>
        </animation>
    </shape>
    <shape name="temp4" type="ply">
        <string name="filename" value="meshes/Plane.ply"/>
        <boolean name="face_normals" value="true"/>
        <ref id="mat-Material.001" name="bsdf"/>
        <transform name="to_world">
            <scale value="1"/>
        </transform>
    </shape>
    <shape name="temp5" type="ply">
        <string name="filename" value="meshes/Cube_001.ply"/>
        <boolean name="face_normals" value="true"/>
        <ref id="mat-Material" name="bsdf"/>
        <animation name="to_world">
            <transform time="0">
                <matrix value="1.0 -1.0819485089367843e-05 -4.535268055757149e-05 0.0006031794930616563 1.0865127024060905e-05 0.9999993742477937 0.0010065405860051127 -0.018718286063122813 4.5341801013072066e-05 -0.0010065411963965018 0.9999995272093389 -0.00028237780997231177 0.0 0.0 0.0 1.0"/>
                <scale value="1"/>
            </transform>
            <transform time="0.0015">
                <matrix value="1.0 -5.860308744696831e-06 -4.5769884331221026e-05 0.0006015171827118849 5.900063459943389e-06 0.9999993141746208 0.0008954380713315164 -0.01859610401732994 4.574988375151353e-05 -0.0008954384160883984 0.9999994676367625 -0.00028495134435558265 0.0 0.0 0.0 1.0"/>
                <scale value="1"/>
            </transform>
        </animation>
    </shape>
    <shape name="temp6" type="ply">
        <string name="filename" value="meshes/Cube_002.ply"/>
        <boolean name="face_normals" value="true"/>
        <ref id="mat-Material" name="bsdf"/>
        <animation name="to_world">
            <transform time="0">
                <matrix value="1.0 -5.149690356949917e-05 -0.0001753904423476704 -0.0005045750128997994 5.1526788611183504e-05 1.0 0.00017076418572919212 -0.018004115655985697 0.00017538167499073624 -0.0001707732002845087 1.0 -0.0005028027908853261 0.0 0.0 0.0 1.0"/>
                <scale value="1"/>
            </transform>
            <transform time="0.0015">
                <matrix value="1.0 -5.061945978672761e-05 -0.00017408857730329808 -0.0005050610580764014 5.063889829262464e-05 0.999999939926827 9.734254264592975e-05 -0.017951632816800206 0.00017408195045755668 -9.73514228532615e-05 0.9999999404274236 -0.0004988461347906593 0.0 0.0 0.0 1.0"/>
                <scale value="1"/>
            </transform>
        </animation>
    </shape>
    <shape name="temp7" type="ply">
        <string name="filename" value="meshes/Cube_003.ply"/>
        <boolean name="face_normals" value="true"/>
        <ref id="mat-Material" name="bsdf"/>
        <animation name="to_world">
            <transform time="0">
                <matrix value="1.0 2.960350254368272e-05 0.0003406882224536795 -0.000669108788435846 -2.9797997258996468e-05 0.9999997914159312 0.0005709467302034276 -0.017826985297602294 -0.00034067119127275823 -0.0005709550855924726 0.9999997636046695 0.0007617087356599495 0.0 0.0 0.0 1.0"/>
                <scale value="1"/>
            </transform>
            <transform time="0.0015">
                <matrix value="1.0 2.2292109298049235e-05 0.0003413966254914085 -0.000669304410426108 -2.2460031663428286e-05 0.9999997613793448 0.0004960673206432105 -0.017821041044619235 -0.00034137077535889066 -0.0004960731245640062 0.9999997295631973 0.0007624607691272874 0.0 0.0 0.0 1.0"/>
                <scale value="1"/>
            </transform>
        </animation>
    </shape>
    <shape name="temp8" type="ply">
        <string name="filename" value="meshes/Cube_004.ply"/>
        <boolean name="face_normals" value="true"/>
        <ref id="mat-Material" name="bsdf"/>
        <animation name="to_world">
            <transform time="0">
                <matrix value="1.0 0.0003929661280330731 2.171054715590414e-05 -0.0005784934936809982 -0.0003929816303120241 0.9999995828318625 0.0006972432994925538 -0.016812791640402225 -2.1436562434067875e-05 -0.0006972527392302831 0.9999997636046695 0.0001950979226394388 0.0 0.0 0.0 1.0"/>
                <scale value="1"/>
            </transform>
            <transform time="0.0015">
                <matrix value="1.0 0.0003965926703941302 2.1920310707969776e-05 -0.0005782537148536827 -0.0003966091370380989 0.9999995527952761 0.0007262102945863694 -0.016801559148467034 -2.162949298719504e-05 -0.0007262198730560762 0.9999997380735653 0.00019423654084275302 0.0 0.0 0.0 1.0"/>
                <scale value="1"/>
            </transform>
        </animation>
    </shape>
    <shape name="temp9" type="ply">
        <string name="filename" value="meshes/Cube_005.ply"/>
        <boolean name="face_normals" value="true"/>
        <ref id="mat-Material" name="bsdf"/>
        <animation name="to_world">
            <transform time="0">
                <matrix value="1.0 6.717345642574512e-05 0.00032502466785274087 -0.00046481448276569637 -6.74980984952848e-05 0.9999993742477937 0.0009986142505724314 -0.01720106862589066 -0.00032495740452141475 -0.0009986358601902705 0.9999995272093389 0.0007725476384009555 0.0 0.0 0.0 1.0"/>
                <scale value="1"/>
            </transform>
            <transform time="0.0015">
                <matrix value="1.0 5.7317153316769355e-05 0.0003259020016965597 -0.0004641280453653273 -5.761258377496933e-05 0.9999993592295006 0.0009125229417086865 -0.017256476269668235 -0.0003258267544734375 -0.0009125412414259504 0.9999995101886029 0.0007727082285497402 0.0 0.0 0.0 1.0"/>
                <scale value="1"/>
            </transform>
        </animation>
    </shape>
    <shape name="temp10" type="ply">
        <string name="filename" value="meshes/Cube_006.ply"/>
        <boolean name="face_normals" value="true"/>
        <ref id="mat-Material" name="bsdf"/>
        <animation name="to_world">
            <transform time="0">
                <matrix value="1.0 0.00021359217225706736 -0.00015082707634292642 -0.000754466133502163 -0.00021357665501828813 1.0 9.92661816149678e-05 -0.017213842798142698 0.0001508482749939276 -9.92338707154225e-05 1.0 -0.00047082858746538836 0.0 0.0 0.0 1.0"/>
                <scale value="1"/>
            </transform>
            <transform time="0.0015">
                <matrix value="1.0 0.00020858478043285167 -0.00015095596586727056 -0.0007527807950007089 -0.00020856643172326958 0.9999999924908534 0.00011767550343988302 -0.01721383235014449 0.00015097803681566083 -0.00011764389530545573 1.0 -0.00047122623515758686 0.0 0.0 0.0 1.0"/>
                <scale value="1"/>
            </transform>
        </animation>
    </shape>
    <shape name="temp11" type="ply">
        <string name="filename" value="meshes/Cube_007.ply"/>
        <boolean name="face_normals" value="true"/>
        <ref id="mat-Material" name="bsdf"/>
        <animation name="to_world">
            <transform time="0">
                <matrix value="1.0 -0.00036750218491812033 -3.464539045653139e-06 0.00038188730823884853 0.00036750589954027025 0.9999991656637249 0.0012747429082582819 -0.017341951689394786 2.9960622452471246e-06 -0.001274744849537882 0.9999992908140084 4.369826188610482e-05 0.0 0.0 0.0 1.0"/>
                <scale value="1"/>
            </transform>
            <transform time="0.0015">
                <matrix value="1.0 -0.00036665357625837694 -3.486242186292452e-06 0.0003822043143001639 0.0003666572776510158 0.9999991731728716 0.0012625900175578092 -0.017352032892987437 3.023027236894215e-06 -0.0012625918964620315 0.9999992993243765 4.134426391477182e-05 0.0 0.0 0.0 1.0"/>
                <scale value="1"/>
            </transform>
        </animation>
    </shape>
    <shape name="temp12" type="ply">
        <string name="filename" value="meshes/Cube_008.ply"/>
        <boolean name="face_normals" value="true"/>
        <ref id="mat-Material" name="bsdf"/>
        <animation name="to_world">
            <transform time="0">
                <matrix value="1.0 -0.0004753005174970746 1.8222675891127655e-05 -7.437320278480541e-05 0.00047528753056148024 0.9999995828318625 0.0005626232506154552 -0.0181325020391509 -1.8490072283773647e-05 -0.0005626158945232081 1.0 5.154140943752772e-05 0.0 0.0 0.0 1.0"/>
                <scale value="1"/>
            </transform>
            <transform time="0.0015">
                <matrix value="1.0 -0.0004547378908998148 1.839837158879237e-05 -7.512794237934436e-05 0.00045472545186474946 0.9999995978501558 0.0005387719824417564 -0.018115811245431792 -1.865648559694062e-05 -0.000538764967565329 1.0 5.040788854289059e-05 0.0 0.0 0.0 1.0"/>
                <scale value="1"/>
            </transform>
        </animation>
    </shape>
    <shape name="temp13" type="ply">
        <string name="filename" value="meshes/Cube_009.ply"/>
        <boolean name="face_normals" value="true"/>
        <ref id="mat-Material" name="bsdf"/>
        <animation name="to_world">
            <transform time="0">
                <matrix value="1.0 -0.00014310806949186837 0.00017636580948143847 0.00015701376642152098 0.00014306097048545548 1.0 0.000267313475810375 -0.017705111583891153 -0.00017640423242149756 -0.0002672879690794977 1.0 0.00023798369024996546 0.0 0.0 0.0 1.0"/>
                <scale value="1"/>
            </transform>
            <transform time="0.0015">
                <matrix value="0.9999999521291854 -7.486882722064661e-05 0.00017656741159052978 0.00015765196557081913 7.482860792423744e-05 0.9999999324176804 0.0002288034645905742 -0.01762163357800057 -0.00017665505953362557 -0.00022879037654409388 0.9999999914896319 0.0002378771800120251 0.0 0.0 0.0 1.0"/>
                <scale value="1"/>
            </transform>
        </animation>
    </shape>
    <shape name="temp14" type="ply">
        <string name="filename" value="meshes/Cube_010.ply"/>
        <boolean name="face_normals" value="true"/>
        <ref id="mat-Material" name="bsdf"/>
        <animation name="to_world">
            <transform time="0">
                <matrix value="0.9999964540704612 0.0026751762013920905 0.00039515843451447475 0.0006058980994327889 -0.0026749472986222294 0.9999962454867622 -0.0005733343230417839 -0.013999778039042565 -0.0003966906726096446 0.0005722733369070737 0.9999997636046695 0.0006636675023550254 0.0 0.0 0.0 1.0"/>
                <scale value="1"/>
            </transform>
            <transform time="0.0015">
                <matrix value="0.9999965817259671 0.002595869851173988 0.0003981580839463384 0.0006156408373843397 -0.0025956470600882403 0.9999963731422548 -0.0005570281344352949 -0.014115613352076024 -0.00039963716912569337 0.0005559972090400318 0.9999997721150375 0.0006684480430213636 0.0 0.0 0.0 1.0"/>
                <scale value="1"/>
            </transform>
        </animation>
    </shape>
    <shape name="temp15" type="ply">
        <string name="filename" value="meshes/Cube_011.ply"/>
        <boolean name="face_normals" value="true"/>
        <ref id="mat-Material" name="bsdf"/>
        <animation name="to_world">
            <transform time="0">
                <matrix value="1.0 -0.0008462505970718969 -0.000168544669970843 -0.00014450255556996972 0.0008462272196189189 0.9999995828318625 -0.00013875389402208217 -0.01920506846622677 0.0001686621385146456 0.00013861120555334224 1.0 -0.0002706950629920435 0.0 0.0 0.0 1.0"/>
                <scale value="1"/>
            </transform>
            <transform time="0.0015">
                <matrix value="0.9999999840430618 -0.0007820746516567031 -0.00016883689047909024 -0.0001484583392003811 0.0007820555946568767 0.999999575322716 -0.00011404185318081894 -0.019074581031308383 0.00016896859151346345 0.00011391028825274131 1.0 -0.0002709144069078719 0.0 0.0 0.0 1.0"/>
                <scale value="1"/>
            </transform>
        </animation>
    </shape>
    <shape name="temp16" type="ply">
        <string name="filename" value="meshes/Cube_012.ply"/>
        <boolean name="face_normals" value="true"/>
        <ref id="mat-Material" name="bsdf"/>
        <animation name="to_world">
            <transform time="0">
                <matrix value="1.0 0.0003393746232450258 -0.0001055732090335166 -0.0006036968996343539 -0.0003393441271428496 0.9999997914159312 0.0002870477580030457 -0.016964939236095822 0.00010567047322202661 -0.00028701167862201025 1.0 -4.7191343813812736e-05 0.0 0.0 0.0 1.0"/>
                <scale value="1"/>
            </transform>
            <transform time="0.0015">
                <matrix value="0.9999999840430618 0.0003598439562046549 -0.00010560319957057759 -0.0006035129316324391 -0.00035981118227238634 0.9999997688884914 0.0003077877802884448 -0.016911897154516065 0.00010572517360629882 -0.00030774953866483925 0.9999999914896319 -4.7342220654610166e-05 0.0 0.0 0.0 1.0"/>
                <scale value="1"/>
            </transform>
        </animation>
    </shape>
    <shape name="temp17" type="ply">
        <string name="filename" value="meshes/Cube_013.ply"/>
        <boolean name="face_normals" value="true"/>
        <ref id="mat-Material" name="bsdf"/>
        <animation name="to_world">
            <transform time="0">
                <matrix value="1.0 0.00035717727351420355 1.055318398506738e-05 -0.000423361056796856 -0.0003571872445822629 0.9999993742477937 0.00098008322061216 -0.016288700617969387 -1.0203101979160571e-05 -0.0009800885647955981 0.9999995272093389 0.000118266133341427 0.0 0.0 0.0 1.0"/>
                <scale value="1"/>
            </transform>
            <transform time="0.0015">
                <matrix value="1.0 0.0003646316033657853 1.0657794280358927e-05 -0.00042335867951734385 -0.0003646417995470507 0.9999993592295006 0.0009897864869688087 -0.016270354658272528 -1.0294932563013579e-05 -0.0009897919591519118 0.9999995186989709 0.00011770692996104644 0.0 0.0 0.0 1.0"/>
                <scale value="1"/>
            </transform>
        </animation>
    </shape>
    <shape name="temp18" type="ply">
        <string name="filename" value="meshes/Cube_014.ply"/>
        <boolean name="face_normals" value="true"/>
        <ref id="mat-Material" name="bsdf"/>
        <animation name="to_world">
            <transform time="0">
                <matrix value="1.0 -5.151567613568811e-05 -5.1147675690191626e-06 3.7499865500056906e-05 5.1516150822567e-05 1.0 9.014274022848081e-05 -0.017729300241105805 5.1101277066523415e-06 -9.014294266232535e-05 1.0 -1.4176723870718e-05 0.0 0.0 0.0 1.0"/>
                <scale value="1"/>
            </transform>
            <transform time="0.0015">
                <matrix value="1.0 -5.1979403485324895e-05 -5.1600112387630175e-06 3.783805637103887e-05 5.197981157688364e-05 1.0 7.78802189665951e-05 -0.017739543269742187 5.156118794035464e-06 -7.78803860823811e-05 1.0 -1.4167225179943443e-05 0.0 0.0 0.0 1.0"/>
                <scale value="1"/>
            </transform>
        </animation>
    </shape>
    <shape name="temp19" type="ply">
        <string name="filename" value="meshes/Cube_015.ply"/>
        <boolean name="face_normals" value="true"/>
        <ref id="mat-Material" name="bsdf"/>
        <animation name="to_world">
            <transform time="0">
                <matrix value="1.0 -0.0002567461302440642 -6.990446319111947e-06 0.000635773583780197 0.0002567465741888243 1.0 -2.0877797325044998e-05 -0.018046313304117045 6.995808711285098e-06 2.0875927938375925e-05 1.0 -2.2732969565009142e-05 0.0 0.0 0.0 1.0"/>
                <scale value="1"/>
            </transform>
            <transform time="0.0015">
                <matrix value="1.0 -0.00025670452957177875 -7.053361768142735e-06 0.0006355138092835065 0.0002567049425369672 1.0 -2.1065703698809346e-05 -0.018046356908311235 7.058771598175781e-06 2.1063821805149652e-05 1.0 -2.294027297669967e-05 0.0 0.0 0.0 1.0"/>
                <scale value="1"/>
            </transform>
        </animation>
    </shape>
    <shape name="temp20" type="ply">
        <string name="filename" value="meshes/Cube_016.ply"/>
        <boolean name="face_normals" value="true"/>
        <ref id="mat-Material" name="bsdf"/>
        <animation name="to_world">
            <transform time="0">
                <matrix value="1.0 -0.000496546890741579 0.0002439528892473693 0.0005492185237200298 0.0004968822414529801 0.9999989570796561 -0.0013791445420336902 -0.018341433466133983 -0.00024326760952933103 0.0013792642405558349 0.999999054418678 0.0002341916452177628 0.0 0.0 0.0 1.0"/>
                <scale value="1"/>
            </transform>
            <transform time="0.0015">
                <matrix value="1.0 -0.0004821033025252975 0.0002442537307584663 0.0005482883265301909 0.0004824216491433354 0.9999989871162426 -0.0013099203571563332 -0.018321070073437175 -0.00024359501398805246 0.0013100365918422092 0.9999990884601503 0.00023958228450344113 0.0 0.0 0.0 1.0"/>
                <scale value="1"/>
            </transform>
        </animation>
    </shape>
    <shape name="temp21" type="ply">
        <string name="filename" value="meshes/Cube_017.ply"/>
        <boolean name="face_normals" value="true"/>
        <ref id="mat-Material" name="bsdf"/>
        <animation name="to_world">
            <transform time="0">
                <matrix value="1.0 0.0004282293506986523 2.233049391021989e-05 0.00041691883656658213 -0.0004282529914348072 0.9999993742477937 0.0010351987919253029 -0.01767675816507175 -2.1887205754334457e-05 -0.0010352069049670125 0.9999995272093389 -2.0005657981603253e-05 0.0 0.0 0.0 1.0"/>
                <scale value="1"/>
            </transform>
            <transform time="0.0015">
                <matrix value="1.0 0.0003897879265799805 2.252990459953448e-05 0.0004186496215583247 -0.0003898099347606572 0.9999993742477938 0.0009691934835611635 -0.017690643380375095 -2.208419256116116e-05 -0.0009692006801541915 0.999999535719707 -2.1646416064696163e-05 0.0 0.0 0.0 1.0"/>
                <scale value="1"/>
            </transform>
        </animation>
    </shape>
    <shape name="temp22" type="ply">
        <string name="filename" value="meshes/Cube_018.ply"/>
        <boolean name="face_normals" value="true"/>
        <ref id="mat-Material" name="bsdf"/>
        <animation name="to_world">
            <transform time="0">
                <matrix value="0.9999915784173453 0.004154270863100018 -0.00019608023446634462 0.000290690971375962 -0.004153130080652167 0.9999762214161607 0.005494631225648326 -0.0179367462824096 0.00021890175470323228 -0.005493768550945616 0.999984870698846 2.290129192134005e-05 0.0 0.0 0.0 1.0"/>
                <scale value="1"/>
            </transform>
            <transform time="0.0015">
                <matrix value="0.9999915465034689 0.004160409965920771 -0.0001966791856603899 0.00029072661295107466 -0.0041592642468487595 0.9999761613429878 0.00550127697207027 -0.017935640362250923 0.00021956315383616653 -0.005500410165858308 0.9999848366573737 2.236880024329265e-05 0.0 0.0 0.0 1.0"/>
                <scale value="1"/>
            </transform>
        </animation>
    </shape>
    <shape name="temp23" type="ply">
        <string name="filename" value="meshes/Cube_019.ply"/>
        <boolean name="face_normals" value="true"/>
        <ref id="mat-Material" name="bsdf"/>
        <animation name="to_world">
            <transform time="0">
                <matrix value="0.9999414921626093 0.010792081314413367 -0.0009862862340852753 0.0005582606900032261 -0.010783996156212379 0.9999109346026369 0.00786882044876344 -0.018494535758496133 0.0010711189357956268 -0.00785772897837609 0.9999685594210395 0.00019407127659354373 0.0 0.0 0.0 1.0"/>
                <scale value="1"/>
            </transform>
            <transform time="0.0015">
                <matrix value="0.999940790057327 0.010849534245766488 -0.0010087039903310046 0.0005472992140874986 -0.01084115311112598 0.9999096655568578 0.007937633582863259 -0.0185120479307049 0.0010948371692198861 -0.007926197152000375 0.9999679211434347 0.00018819781104772163 0.0 0.0 0.0 1.0"/>
                <scale value="1"/>
            </transform>
        </animation>
    </shape>
    <shape name="temp24" type="ply">
        <string name="filename" value="meshes/Cube_020.ply"/>
        <boolean name="face_normals" value="true"/>
        <ref id="mat-Material" name="bsdf"/>
        <animation name="to_world">
            <transform time="0">
                <matrix value="0.9999726325595139 -0.007379620813618218 0.0001524583023798457 0.000348712339850038 0.0073765627854784225 0.9998637152736071 0.014773620736057782 -0.01766843940320778 -0.00026146123794750875 -0.014772086019729447 0.9998910217525552 0.000385365434945939 0.0 0.0 0.0 1.0"/>
                <scale value="1"/>
            </transform>
            <transform time="0.0015">
                <matrix value="0.9999698120611177 -0.007637160837693009 0.00015686943039693404 0.00035086203402680244 0.007634021855740958 0.9998612609794887 0.014748018996015796 -0.017612445356812476 -0.00026930382783812724 -0.014746342039373129 0.9998913876983754 0.0003803111163687442 0.0 0.0 0.0 1.0"/>
                <scale value="1"/>
            </transform>
        </animation>
    </shape>
    <shape name="temp25" type="ply">
        <string name="filename" value="meshes/Cube_021.ply"/>
        <boolean name="face_normals" value="true"/>
        <ref id="mat-Material" name="bsdf"/>
        <animation name="to_world">
            <transform time="0">
                <matrix value="0.9983710886180981 0.057036625276634625 0.0016169629724537976 -0.0019628677816431184 -0.05704372308417859 0.9983605292194992 0.004735991330910439 -0.029382025525402866 -0.00134418653716932 -0.004820511322986173 0.9999874710474819 -0.00028015115838153637 0.0 0.0 0.0 1.0"/>
                <scale value="1"/>
            </transform>
            <transform time="0.0015">
                <matrix value="0.9984129915379052 0.05607743842556615 0.0016500454964401572 -0.0019417282867090243 -0.05608432318304058 0.9984029108430335 0.004580833193874858 -0.028884689133403942 -0.001386580771104719 -0.004665078070321156 0.9999878114622045 -0.0002992947031796297 0.0 0.0 0.0 1.0"/>
                <scale value="1"/>
            </transform>
        </animation>
    </shape>
    <shape name="temp26" type="ply">
        <string name="filename" value="meshes/Cube_022.ply"/>
        <boolean name="face_normals" value="true"/>
        <ref id="mat-Material" name="bsdf"/>
        <animation name="to_world">
            <transform time="0">
                <matrix value="0.9993772461247423 0.035239777816249956 0.0019055993070780071 -0.0007421204929992653 -0.03524170385460271 0.9993782108910086 0.0009848134911760714 -0.020437139804840576 -0.0018697110244722326 -0.0010513575694115634 0.9999978724420252 -0.001329231967331257 0.0 0.0 0.0 1.0"/>
                <scale value="1"/>
            </transform>
            <transform time="0.0015">
                <matrix value="0.9993929158380899 0.03466047200964401 0.001944077489521245 -0.0007726235895928276 -0.03466222716386274 0.9993939800989147 0.0009142473063585477 -0.019871020799929376 -0.0019101336191192206 -0.000980452452434067 0.9999977788279765 -0.0013634741860785264 0.0 0.0 0.0 1.0"/>
                <scale value="1"/>
            </transform>
        </animation>
    </shape>
    <shape name="temp27" type="ply">
        <string name="filename" value="meshes/Cube_023.ply"/>
        <boolean name="face_normals" value="true"/>
        <ref id="mat-Material" name="bsdf"/>
        <animation name="to_world">
            <transform time="0">
                <matrix value="0.9996857419946208 0.025028231853707478 0.001555370169084124 -0.0007081002232538491 -0.025032374336689554 0.9996829522154758 0.0026995637560570393 -0.011847175137156163 -0.0014873135505924363 -0.0027376513016688815 0.9999952720933893 -0.0012582013476754028 0.0 0.0 0.0 1.0"/>
                <scale value="1"/>
            </transform>
            <transform time="0.0015">
                <matrix value="0.9996889812530826 0.024884720047127957 0.0015846030280762895 -0.0007437694957485224 -0.024889046564345794 0.999686106057057 0.002744550412685332 -0.01169535429555324 -0.0015159852963532244 -0.00278302877433929 0.9999950678445558 -0.0012894257265381954 0.0 0.0 0.0 1.0"/>
                <scale value="1"/>
            </transform>
        </animation>
    </shape>
    <shape name="temp28" type="ply">
        <string name="filename" value="meshes/Cube_024.ply"/>
        <boolean name="face_normals" value="true"/>
        <ref id="mat-Material" name="bsdf"/>
        <animation name="to_world">
            <transform time="0">
                <matrix value="0.9997376012141262 0.022859687582781806 0.0014478883041519055 -0.0004288530840794724 -0.022872938706834958 0.9996892097375387 0.00991172525567337 -0.009552923750916265 -0.0012208591078086686 -0.00994223055631457 0.9999498841899276 -0.0012746623659116996 0.0 0.0 0.0 1.0"/>
                <scale value="1"/>
            </transform>
            <transform time="0.0015">
                <matrix value="0.9997405532477 0.022717038802423543 0.0014716940163253525 -0.0004551654176723164 -0.02273069201705667 0.9996912597345664 0.009995147287593533 -0.009356299126525743 -0.0012444991522355725 -0.010025911660263138 0.9999489225183362 -0.0013014859364370024 0.0 0.0 0.0 1.0"/>
                <scale value="1"/>
            </transform>
        </animation>
    </shape>
    <shape name="temp29" type="ply">
        <string name="filename" value="meshes/Cube_025.ply"/>
        <boolean name="face_normals" value="true"/>
        <ref id="mat-Material" name="bsdf"/>
        <animation name="to_world">
            <transform time="0">
                <matrix value="0.9997429201084346 0.022633436443391327 0.0014821018003395583 -0.00015039919002690638 -0.022646832509791198 0.9996960930118081 0.009743388140802733 -0.00832291752291714 -0.0012611275701340538 -0.009774441359717828 0.9999515389572413 -0.0012694313048166594 0.0 0.0 0.0 1.0"/>
                <scale value="1"/>
            </transform>
            <transform time="0.0015">
                <matrix value="0.9997344310172931 0.022946157858119907 0.0015093305527561017 -0.0001658009891762099 -0.022960011198506065 0.9996864062126658 0.009852331915512966 -0.00868775428349569 -0.0012818671218978429 -0.009884566073678427 0.9999502624020316 -0.0013022227313589782 0.0 0.0 0.0 1.0"/>
                <scale value="1"/>
            </transform>
        </animation>
    </shape>
    <shape name="temp30" type="ply">
        <string name="filename" value="meshes/Cube_026.ply"/>
        <boolean name="face_normals" value="true"/>
        <ref id="mat-Material" name="bsdf"/>
        <animation name="to_world">
            <transform time="0">
                <matrix value="0.9996360989810772 0.026912100587581325 0.001893994660302274 0.0008077231641550053 -0.02693251386901691 0.9995684395617231 0.011731614707760999 -0.01296697051354695 -0.0015774555118815235 -0.011778356482688566 0.999929554191502 -0.0019417458487822614 0.0 0.0 0.0 1.0"/>
                <scale value="1"/>
            </transform>
            <transform time="0.0015">
                <matrix value="0.9996447316846627 0.026502638536556662 0.0019196340163790016 0.0008016373605438179 -0.02652367413342554 0.9995754906504012 0.011853887420934604 -0.012255257599312347 -0.0016060055062035725 -0.011900340467000631 0.999927852117889 -0.001982471335564394 0.0 0.0 0.0 1.0"/>
                <scale value="1"/>
            </transform>
        </animation>
    </shape>
    <shape name="temp31" type="ply">
        <string name="filename" value="meshes/Cube_027.ply"/>
        <boolean name="face_normals" value="true"/>
        <ref id="mat-Material" name="bsdf"/>
        <animation name="to_world">
            <transform time="0">
                <matrix value="0.999433094514979 0.03361000619494685 0.0020759386903982362 0.0018721734745370533 -0.03363210892386357 0.9993652786787451 0.011732158417021219 -0.02333716164446681 -0.0016803051981554074 -0.01179532479668268 0.9999290814008409 -0.002232140291646534 0.0 0.0 0.0 1.0"/>
                <scale value="1"/>
            </transform>
            <transform time="0.0015">
                <matrix value="0.9994489078407707 0.032964478200471235 0.002112980578023147 0.001899516223522103 -0.03298731745310635 0.9993800491701504 0.011820736029915149 -0.022240083151310486 -0.0017235544048414789 -0.011883320280822873 0.9999278388871035 -0.0022984018849787164 0.0 0.0 0.0 1.0"/>
                <scale value="1"/>
            </transform>
        </animation>
    </shape>
    <shape name="temp32" type="ply">
        <string name="filename" value="meshes/Cube_028.ply"/>
        <boolean name="face_normals" value="true"/>
        <ref id="mat-Material" name="bsdf"/>
        <animation name="to_world">
            <transform time="0">
                <matrix value="0.9976007354257864 0.0692110516182995 0.001717317518170527 -0.0013241458447301735 -0.06922798022080504 0.9975095062189341 0.013493681862000917 -0.08135100955880664 -0.0007791293679203301 -0.013580189102316743 0.9999075694257626 -0.001072105941047008 0.0 0.0 0.0 1.0"/>
                <scale value="1"/>
            </transform>
            <transform time="0.0015">
                <matrix value="0.9976570953316352 0.06818640152881043 0.0017480952642775285 -0.001154930214509695 -0.06820380951167423 0.9975661477119032 0.0134781598016872 -0.07979962108591285 -0.0008244352643756093 -0.013564936448606828 0.9999077141020197 -0.0011431017331417989 0.0 0.0 0.0 1.0"/>
                <scale value="1"/>
            </transform>
        </animation>
    </shape>
    <shape name="temp33" type="ply">
        <string name="filename" value="meshes/Cube_029.ply"/>
        <boolean name="face_normals" value="true"/>
        <ref id="mat-Material" name="bsdf"/>
        <animation name="to_world">
            <transform time="0">
                <matrix value="0.9986977573768632 0.05101532467153224 0.0004947919744730866 -0.0025209482705801367 -0.051011520725071674 0.998378676033482 0.025260684950742303 -0.05112146479329016 0.0007946915661838883 -0.025253022904616593 0.9996808663037842 0.0012972571592870796 0.0 0.0 0.0 1.0"/>
                <scale value="1"/>
            </transform>
            <transform time="0.0015">
                <matrix value="0.9986694018976182 0.05150492703859884 0.0005069477586987014 -0.0025461424301421176 -0.05150089768104907 0.9983400940381385 0.02560102648417616 -0.051475081417666456 0.000816946548371928 -0.025592964224934983 0.9996706453517381 0.0013216596924272358 0.0 0.0 0.0 1.0"/>
                <scale value="1"/>
            </transform>
        </animation>
    </shape>
    <shape name="temp34" type="ply">
        <string name="filename" value="meshes/Cube_030.ply"/>
        <boolean name="face_normals" value="true"/>
        <ref id="mat-Material" name="bsdf"/>
        <animation name="to_world">
            <transform time="0">
                <matrix value="0.999974645654759 -0.007093823494572964 0.00010543443418013932 0.0007432910425162476 0.007093949111236927 0.9999739023191319 -0.0012377154655581935 0.03679393805085962 -9.665141581861167e-05 0.0012384291486374666 0.9999993974832083 -0.00020213236904620402 0.0 0.0 0.0 1.0"/>
                <scale value="1"/>
            </transform>
            <transform time="0.0015">
                <matrix value="0.9999747834304682 -0.007073104467451584 0.00010488062653894339 0.0007421636227701333 0.0070732284644102325 0.9999740568008045 -0.0012286690546603148 0.03675890941042396 -9.618224333605753e-05 0.0012293770456780026 0.9999994009569503 -0.00020107800080261586 0.0 0.0 0.0 1.0"/>
                <scale value="1"/>
            </transform>
        </animation>
    </shape>
    <shape name="temp35" type="ply">
        <string name="filename" value="meshes/Cube_031.ply"/>
        <boolean name="face_normals" value="true"/>
        <ref id="mat-Material" name="bsdf"/>
        <animation name="to_world">
            <transform time="0">
                <matrix value="0.9985355311004614 -0.05406492804892548 -0.0019614949829819 -0.0063865775005016445 0.054082783271013624 0.9984800478909023 0.010617199840574989 0.17228874097308972 0.001384494891202017 -0.010707729917004399 0.9999418467486896 0.003967906870739668 0.0 0.0 0.0 1.0"/>
                <scale value="1"/>
            </transform>
            <transform time="0.0015">
                <matrix value="0.9985796999054981 -0.052896905822984064 -0.0019940852672793814 -0.006310133744344497 0.05291513128379323 0.998524464493171 0.010601396087078321 0.16912377154307665 0.0014299054651721228 -0.010690814212592128 0.9999419318523703 0.004095252341531844 0.0 0.0 0.0 1.0"/>
                <scale value="1"/>
            </transform>
        </animation>
    </shape>
    <shape name="temp36" type="ply">
