
<scene version="2.1.0">
    <default name="spp" value="1024"/>
    <default name="resx" value="1280"/>
    <default name="resy" value="720"/>
    <integrator name="temp0" type="path">
        <integer name="max_depth" value="12"/>
    </integrator>
    <sensor name="temp44" type="perspective">
        <string name="fov_axis" value="x"/>
        <float name="fov" value="83.974423"/>
        <float name="principal_point_offset_x" value="0.000000"/>
        <float name="principal_point_offset_y" value="-0.000000"/>
        <float name="near_clip" value="0.100000"/>
        <float name="far_clip" value="1000.000000"/>
        <sampler name="sampler" type="correlated">
            <integer name="sample_count" value="1024"/>
        </sampler>
        <film name="film" type="hdrfilm">
            <integer name="width" value="$resx"/>
            <integer name="height" value="$resy"/>
        </film>
        <float name="shutter_open" value="0.0"/>
        <float name="shutter_close" value="0.0015"/>
        <animation name="to_world">
            <transform time="0">
                <rotate angle="-142.5518126578256" x="1"/>
                <rotate angle="3.976628485794621e-06" y="1"/>
                <rotate angle="-179.999991348578" z="1"/>
                <translate value="-0.000000 3.030926 4.073377"/>
                <translate x="24.0" y="0.0" z="0.0"/>
            </transform>
            <transform time="0.0015">
                <rotate angle="-142.5518126578256" x="1"/>
                <rotate angle="3.976628485794621e-06" y="1"/>
                <rotate angle="-179.999991348578" z="1"/>
                <translate value="-0.000000 3.030926 4.073377"/>
                <translate x="24.15" y="0.0" z="0.0"/>
            </transform>
        </animation>
    </sensor>
    <bsdf id="mat-Material" name="mat-Material" type="twosided">
        <bsdf name="bsdf" type="diffuse">
            <texture name="reflectance" type="bitmap">
                <string name="filename" value="textures/siggraph_2023_logo.jpg"/>
            </texture>
        </bsdf>
    </bsdf>
    <bsdf id="mat-Material.001" name="mat-Material.001" type="twosided">
        <bsdf name="bsdf" type="principled">
            <rgb name="base_color" value="0.433648 0.266232 0.084399"/>
            <float name="spec_tint" value="0.000000"/>
            <float name="spec_trans" value="0.000000"/>
            <float name="metallic" value="0.000000"/>
            <float name="anisotropic" value="0.000000"/>
            <float name="roughness" value="0.500000"/>
            <float name="sheen" value="0.000000"/>
            <float name="sheen_tint" value="0.500000"/>
            <float name="clearcoat" value="0.000000"/>
            <float name="clearcoat_gloss" value="0.173205"/>
            <float name="specular" value="0.500000"/>
        </bsdf>
    </bsdf>
    <bsdf id="mat-Material.002" name="mat-Material.002" type="twosided">
        <bsdf name="bsdf" type="principled">
            <rgb name="base_color" value="0.433648 0.266232 0.084399"/>
            <float name="spec_tint" value="0.000000"/>
            <float name="spec_trans" value="0.000000"/>
            <float name="metallic" value="0.000000"/>
            <float name="anisotropic" value="0.000000"/>
            <float name="roughness" value="0.500000"/>
            <float name="sheen" value="0.000000"/>
            <float name="sheen_tint" value="0.500000"/>
            <float name="clearcoat" value="0.000000"/>
            <float name="clearcoat_gloss" value="0.173205"/>
            <float name="specular" value="0.500000"/>
        </bsdf>
    </bsdf>
    <bsdf id="mat-Material.003" name="mat-Material.003" type="twosided">
        <bsdf name="bsdf" type="principled">
            <rgb name="base_color" value="0.433648 0.266232 0.084399"/>
            <float name="spec_tint" value="0.000000"/>
            <float name="spec_trans" value="0.000000"/>
            <float name="metallic" value="0.000000"/>
            <float name="anisotropic" value="0.000000"/>
            <float name="roughness" value="0.500000"/>
            <float name="sheen" value="0.000000"/>
            <float name="sheen_tint" value="0.500000"/>
            <float name="clearcoat" value="0.000000"/>
            <float name="clearcoat_gloss" value="0.173205"/>
            <float name="specular" value="0.500000"/>
        </bsdf>
    </bsdf>
    <bsdf id="mat-Material.004" name="mat-Material.004" type="twosided">
        <bsdf name="bsdf" type="principled">
            <rgb name="base_color" value="0.433648 0.266232 0.084399"/>
            <float name="spec_tint" value="0.000000"/>
            <float name="spec_trans" value="0.000000"/>
            <float name="metallic" value="0.000000"/>
            <float name="anisotropic" value="0.000000"/>
            <float name="roughness" value="0.500000"/>
            <float name="sheen" value="0.000000"/>
            <float name="sheen_tint" value="0.500000"/>
            <float name="clearcoat" value="0.000000"/>
            <float name="clearcoat_gloss" value="0.173205"/>
            <float name="specular" value="0.500000"/>
        </bsdf>
    </bsdf>
    <bsdf id="mat-Material.005" name="mat-Material.005" type="twosided">
        <bsdf name="bsdf" type="principled">
            <rgb name="base_color" value="0.433648 0.266232 0.084399"/>
            <float name="spec_tint" value="0.000000"/>
            <float name="spec_trans" value="0.000000"/>
            <float name="metallic" value="0.000000"/>
            <float name="anisotropic" value="0.000000"/>
            <float name="roughness" value="0.500000"/>
            <float name="sheen" value="0.000000"/>
            <float name="sheen_tint" value="0.500000"/>
            <float name="clearcoat" value="0.000000"/>
            <float name="clearcoat_gloss" value="0.173205"/>
            <float name="specular" value="0.500000"/>
        </bsdf>
    </bsdf>
    <emitter name="temp45" type="point">
        <point name="position" x="-6.815235034541981e-16" y="3.0693089962005615" z="4.109199523925781"/>
        <rgb name="intensity" value="7.957747 7.957747 7.957747"/>
    </emitter>
    <shape name="temp2" type="ply">
        <string name="filename" value="meshes/Cube.ply"/>
        <boolean name="face_normals" value="true"/>
        <ref id="mat-Material" name="bsdf"/>
        <animation name="to_world">
            <transform time="0">
                <matrix value="0.9999991135176153 0.00015732244802606468 0.0013117245937664442 -0.0021934401288441485 -0.000158076652358841 0.9999997914159312 0.0005746841403791119 -0.018204534503083514 -0.0013116349040028226 -0.000574891066970087 0.999999054418678 0.002999997891259376 0.0 0.0 0.0 1.0"/>
            </transform>
            <transform time="0.0015">
                <matrix value="0.9999991135176153 0.00015491008961889257 0.001312218450425255 -0.0021928028465262703 -0.00015555799327076955 0.9999997463610515 0.0004942808211152774 -0.018104055335847545 -0.0013121372284184845 -0.0004944845516804067 0.9999990118668377 0.0029979438651962023 0.0 0.0 0.0 1.0"/>
            </transform>
        </animation>
    </shape>
    <shape name="temp4" type="ply">
        <string name="filename" value="meshes/Plane.ply"/>
        <boolean name="face_normals" value="true"/>
        <ref id="mat-Material.001" name="bsdf"/>
    </shape>
    <shape name="temp5" type="ply">
        <string name="filename" value="meshes/Cube_001.ply"/>
        <boolean name="face_normals" value="true"/>
        <ref id="mat-Material" name="bsdf"/>
        <animation name="to_world">
            <transform time="0">
                <matrix value="0.9999991135176153 6.784780872006558e-05 -0.001584470434272406 0.0021363252952433243 -6.932247924301495e-05 0.9999995828318625 -0.0009305607628193642 -0.016646423987399406 0.0015844055337776385 0.0009306687413828707 0.9999983452326863 -0.0033233484060669616 0.0 0.0 0.0 1.0"/>
            </transform>
            <transform time="0.0015">
                <matrix value="0.9999990975606771 5.99339190952222e-05 -0.0015850199487383618 0.0021370492642530437 -6.115771287122971e-05 0.9999993875940504 -0.000773410348619772 -0.016818099707310935 0.0015849383359453307 0.0007735056066105611 0.9999981494942207 -0.0033238730953743714 0.0 0.0 0.0 1.0"/>
            </transform>
        </animation>
    </shape>
    <shape name="temp6" type="ply">
        <string name="filename" value="meshes/Cube_002.ply"/>
        <boolean name="face_normals" value="true"/>
        <ref id="mat-Material" name="bsdf"/>
        <animation name="to_world">
            <transform time="0">
                <matrix value="1.0 6.94910340138041e-05 0.0003429410699536334 -0.0009412975419125225 -7.038404189870343e-05 0.999996454070831 0.0026051474610432317 -0.01917031381555534 -0.0003427588572887468 -0.0026051649587107836 0.9999966904653725 0.0010698749885221792 0.0 0.0 0.0 1.0"/>
            </transform>
            <transform time="0.0015">
                <matrix value="1.0 6.581451828197809e-05 0.00034308923546164474 -0.0009399487293073394 -6.664308134177235e-05 0.9999964615799777 0.0024182904156612966 -0.019057743371580862 -0.0003429105120297395 -0.002418307279079415 0.9999966904653727 0.0010607363937327648 0.0 0.0 0.0 1.0"/>
            </transform>
        </animation>
    </shape>
    <shape name="temp7" type="ply">
        <string name="filename" value="meshes/Cube_003.ply"/>
        <boolean name="face_normals" value="true"/>
        <ref id="mat-Material" name="bsdf"/>
        <animation name="to_world">
            <transform time="0">
                <matrix value="0.9999991135176153 0.0006471237299837514 0.0012685020715322813 -0.0012634043269104112 -0.0006535414084786721 0.9999868592036677 0.005064959072876425 -0.017564941503058262 -0.0012652098215156368 -0.005065781157766732 0.9999865254661597 0.003883771143989634 0.0 0.0 0.0 1.0"/>
            </transform>
            <transform time="0.0015">
                <matrix value="0.9999991135176153 0.0006314699376612946 0.0012688326142279252 -0.001262625520836779 -0.0006377314655579345 0.9999872797158785 0.004941219682870502 -0.01756967419605668 -0.0012656464033457672 -0.004942022011193244 0.9999869339638269 0.0038776238514897266 0.0 0.0 0.0 1.0"/>
            </transform>
        </animation>
    </shape>
    <shape name="temp8" type="ply">
        <string name="filename" value="meshes/Cube_004.ply"/>
        <boolean name="face_normals" value="true"/>
        <ref id="mat-Material" name="bsdf"/>
        <animation name="to_world">
            <transform time="0">
                <matrix value="0.9999995567588077 0.000372159867173665 0.0009617247592431757 -0.0005332405092173254 -0.0003725721463688795 0.9999997914159312 0.00042928682838313636 -0.016860202420140247 -0.0009615630102814228 -0.0004296456365255735 0.9999995272093389 0.003026523897475899 0.0 0.0 0.0 1.0"/>
            </transform>
            <transform time="0.0015">
                <matrix value="0.9999995567588077 0.00036461297207167483 0.0009623551222057487 -0.0005320775114788117 -0.0003650042333148648 0.9999997989250778 0.0004075208386756635 -0.016879498602207964 -0.0009622003303945592 -0.00040787246040139365 0.9999995272093389 0.0030264976312930196 0.0 0.0 0.0 1.0"/>
            </transform>
        </animation>
    </shape>
    <shape name="temp9" type="ply">
        <string name="filename" value="meshes/Cube_005.ply"/>
        <boolean name="face_normals" value="true"/>
        <ref id="mat-Material" name="bsdf"/>
        <animation name="to_world">
            <transform time="0">
                <matrix value="0.9999995567588077 -0.0006375559787494551 0.0007936524071427321 -0.0005975968891847039 0.0006412193033312235 0.9999891536284242 -0.004627202199800388 -0.020858262639991965 -0.0007906935306288528 0.004627706639022325 0.9999891258147956 0.0018716613493257594 0.0 0.0 0.0 1.0"/>
            </transform>
            <transform time="0.0015">
                <matrix value="0.9999995567588077 -0.0006401458083278897 0.0007937385320675497 -0.0005983107476975425 0.0006438247522063592 0.9999890560095182 -0.004646248403529813 -0.020870867180242135 -0.0007907541669941486 0.0046467550912581545 0.9999890322007469 0.0018751520274264996 0.0 0.0 0.0 1.0"/>
            </transform>
        </animation>
    </shape>
    <shape name="temp10" type="ply">
        <string name="filename" value="meshes/Cube_006.ply"/>
        <boolean name="face_normals" value="true"/>
        <ref id="mat-Material" name="bsdf"/>
        <animation name="to_world">
            <transform time="0">
                <matrix value="0.9999995567588077 9.376125050320906e-05 -0.0012523539065037556 -0.001190323769039825 -9.307533150008776e-05 0.9999997914159312 0.0005476901575858553 -0.017166017756578722 0.001252404583468522 -0.0005475728114838045 0.999999054418678 -0.002910611049051326 0.0 0.0 0.0 1.0"/>
            </transform>
            <transform time="0.0015">
                <matrix value="0.9999995408018695 9.906786680201511e-05 -0.0012531211161848138 -0.001190504458403215 -9.84380595176726e-05 0.9999997914159312 0.0005033329277796485 -0.017183603219692253 0.0012531641337285443 -0.0005032087732414906 0.9999990544186781 -0.002913130990623341 0.0 0.0 0.0 1.0"/>
            </transform>
        </animation>
    </shape>
    <shape name="temp11" type="ply">
        <string name="filename" value="meshes/Cube_007.ply"/>
        <boolean name="face_normals" value="true"/>
        <ref id="mat-Material" name="bsdf"/>
        <animation name="to_world">
            <transform time="0">
                <matrix value="0.9999991135176153 0.001522115125890915 -6.742940408046708e-05 0.0004844758808402183 -0.0015224271178507411 0.9999866506195991 -0.004932128536651441 -0.01883216771915125 5.9921333553180964e-05 0.004932222692695177 0.9999879438381429 -0.000245155790516538 0.0 0.0 0.0 1.0"/>
            </transform>
            <transform time="0.0015">
                <matrix value="0.9999990975606771 0.0015311293307702684 -6.755284696924962e-05 0.0004846067665308622 -0.0015314437453702427 0.9999864779092269 -0.004961468881592267 -0.0188400013264151 5.9948284821861174e-05 0.00496156363183981 0.9999877906515178 -0.00024459551862437653 0.0 0.0 0.0 1.0"/>
            </transform>
        </animation>
    </shape>
    <shape name="temp12" type="ply">
        <string name="filename" value="meshes/Cube_008.ply"/>
        <boolean name="face_normals" value="true"/>
        <ref id="mat-Material" name="bsdf"/>
        <animation name="to_world">
            <transform time="0">
                <matrix value="0.999997340552846 -0.0024612252645367454 0.00010229440579906112 0.00023683658165385424 0.0024609282888939715 0.9999931167257308 0.0027962967253100444 -0.01967612939458424 -0.00010917606781235649 -0.0027960277249944204 0.9999962176747115 0.00010945764931635793 0.0 0.0 0.0 1.0"/>
            </transform>
            <transform time="0.0015">
                <matrix value="0.9999973884236607 -0.002431807056273374 0.00010238952618292342 0.0002351143657057527 0.0024315135880889262 0.9999932518903699 0.0027631054388198148 -0.019653072003340818 -0.00010913437233274644 -0.002762839850035377 0.999996294268024 0.00010753028745388023 0.0 0.0 0.0 1.0"/>
            </transform>
        </animation>
    </shape>
    <shape name="temp13" type="ply">
        <string name="filename" value="meshes/Cube_009.ply"/>
        <boolean name="face_normals" value="true"/>
        <ref id="mat-Material" name="bsdf"/>
        <animation name="to_world">
            <transform time="0">
                <matrix value="0.9999986702764229 -0.0014620575149711216 0.0008785656098692214 0.0016203222361577119 0.0014614016704874058 0.9999985399115188 0.0007455057701736228 -0.019676070505190546 -0.0008796564703462777 -0.0007442196139943224 0.9999995272093389 0.0014964769708674108 0.0 0.0 0.0 1.0"/>
            </transform>
            <transform time="0.0015">
                <matrix value="0.9999987021902994 -0.0013933633911249836 0.0008788066234928216 0.001618976355071826 0.0013927297102347305 0.9999985849663985 0.0007203704661766479 -0.019572310056454253 -0.0008798573681986661 -0.0007191448313017091 0.9999995272093389 0.0014964266224501165 0.0 0.0 0.0 1.0"/>
            </transform>
        </animation>
    </shape>
    <shape name="temp14" type="ply">
        <string name="filename" value="meshes/Cube_010.ply"/>
        <boolean name="face_normals" value="true"/>
        <ref id="mat-Material" name="bsdf"/>
        <animation name="to_world">
            <transform time="0">
                <matrix value="0.9999849297994601 0.00028978584673659797 0.005499099097395349 0.011387676728948692 -0.00029115361498651657 1.0 0.0002477423063957702 -0.01688965437681772 -0.005499018664000128 -0.0002493393099621837 0.999984870698846 0.009065382716138881 0.0 0.0 0.0 1.0"/>
            </transform>
            <transform time="0.0015">
                <matrix value="0.9999849138425219 0.0002934651783984072 0.005501678589955845 0.011389779352073337 -0.0002948351199915812 0.9999999924908534 0.0002480120850634301 -0.01688277804043921 -0.0055015977839271745 -0.00024963028939378317 0.9999848536781099 0.009069728338458982 0.0 0.0 0.0 1.0"/>
            </transform>
        </animation>
    </shape>
    <shape name="temp15" type="ply">
        <string name="filename" value="meshes/Cube_011.ply"/>
        <boolean name="face_normals" value="true"/>
        <ref id="mat-Material" name="bsdf"/>
        <animation name="to_world">
            <transform time="0">
                <matrix value="0.999997340552846 -0.0022097875988427757 -0.000932477928949965 -0.001914270820380537 0.002209158426812901 0.9999972884071061 -0.000675246713986708 -0.022001080771715753 0.000933966813645446 0.0006731842235353748 0.9999995272093389 -0.001445215329578975 0.0 0.0 0.0 1.0"/>
            </transform>
            <transform time="0.0015">
                <matrix value="0.9999973724667224 -0.0021938278087954757 -0.0009333842831488854 -0.001917397837870448 0.0021932035629791064 0.9999973259528392 -0.0006695433206206001 -0.021968148150926865 0.000934852423717531 0.0006674941676826136 0.9999995272093389 -0.001444713189546601 0.0 0.0 0.0 1.0"/>
            </transform>
        </animation>
    </shape>
    <shape name="temp16" type="ply">
        <string name="filename" value="meshes/Cube_012.ply"/>
        <boolean name="face_normals" value="true"/>
        <ref id="mat-Material" name="bsdf"/>
        <animation name="to_world">
            <transform time="0">
                <matrix value="0.9999977837940383 0.0021528754356799737 -0.000193977734396608 -0.00045501280279713896 -0.0021524944727823315 0.9999958283186247 0.00194114134502324 -0.012463337922154982 0.00019815585069509086 -0.0019407204076567041 0.9999981088373558 -0.00031029346078792486 0.0 0.0 0.0 1.0"/>
            </transform>
            <transform time="0.0015">
                <matrix value="0.9999976720954706 0.0021964238304162144 -0.00019375397128907547 -0.0004547084206885476 -0.0021960353722993526 0.999995603044226 0.001981240327064453 -0.012355740110524246 0.0001981514146662613 -0.0019808112158308812 0.9999980152233071 -0.00031032228752420765 0.0 0.0 0.0 1.0"/>
            </transform>
        </animation>
    </shape>
    <shape name="temp17" type="ply">
        <string name="filename" value="meshes/Cube_013.ply"/>
        <boolean name="face_normals" value="true"/>
        <ref id="mat-Material" name="bsdf"/>
        <animation name="to_world">
            <transform time="0">
                <matrix value="0.9999968973116535 0.0025398009690815837 0.0003085124540151983 -0.00024546883972831335 -0.002541443051485124 0.9999818531860174 0.00544966883378146 -0.00890055158707359 -0.00029466674467711653 -0.005450433124818793 0.9999851070941767 0.0002684517272468767 0.0 0.0 0.0 1.0"/>
            </transform>
            <transform time="0.0015">
                <matrix value="0.999996865397777 0.0025508497021466806 0.00030868087419920427 -0.00024526334771019745 -0.0025524994544193036 0.9999816879847918 0.005472840012911982 -0.008862538561189364 -0.0002947088869509972 -0.005473608153489233 0.9999849794386557 0.00026759182637789896 0.0 0.0 0.0 1.0"/>
            </transform>
        </animation>
    </shape>
    <shape name="temp18" type="ply">
        <string name="filename" value="meshes/Cube_014.ply"/>
        <boolean name="face_normals" value="true"/>
        <ref id="mat-Material" name="bsdf"/>
        <animation name="to_world">
            <transform time="0">
                <matrix value="0.999823590005443 0.017721027151388232 0.006233295714956401 0.014783590909931421 -0.018172197430264863 0.9964761807422673 0.08188330013554908 0.0682487561604429 -0.004760268568703272 -0.08198211183026263 0.9966226199127134 -0.05613086107173204 0.0 0.0 0.0 1.0"/>
            </transform>
            <transform time="0.0015">
                <matrix value="0.9998104414883368 0.01826627169419154 0.006067437577256402 0.014704640895001356 -0.018697003257068363 0.9961949031281033 0.0842108441005177 0.07070829818228923 -0.004473392977837476 -0.08430515794934293 0.9963555475420982 -0.05691494889975444 0.0 0.0 0.0 1.0"/>
            </transform>
        </animation>
    </shape>
    <shape name="temp19" type="ply">
        <string name="filename" value="meshes/Cube_015.ply"/>
        <boolean name="face_normals" value="true"/>
        <ref id="mat-Material" name="bsdf"/>
        <animation name="to_world">
            <transform time="0">
                <matrix value="0.9959124297241089 0.08230650177400751 -0.03721120173457438 -0.01712813636091015 -0.06083002232162645 0.915668626661633 0.3973039585343679 0.24234756389840773 0.06677384238697794 -0.3934162524534701 0.9169325720142915 -0.09681075201696099 0.0 0.0 0.0 1.0"/>
            </transform>
            <transform time="0.0015">
                <matrix value="0.9958741330723431 0.08282313181251039 -0.036971711466857765 -0.016995428312380094 -0.061210043188486496 0.9144568381255203 0.3997696844945708 0.243985544717789 0.06696110663133759 -0.39585701796231293 0.9157601156267152 -0.09749653807791518 0.0 0.0 0.0 1.0"/>
            </transform>
        </animation>
    </shape>
    <shape name="temp20" type="ply">
        <string name="filename" value="meshes/Cube_016.ply"/>
        <boolean name="face_normals" value="true"/>
        <ref id="mat-Material" name="bsdf"/>
        <animation name="to_world">
            <transform time="0">
                <matrix value="0.9936164403477139 0.11221927191644958 0.01156349034868784 0.07265559837882285 -0.10190633604419647 0.8488524747456839 0.518714472736763 0.16225174156125588 0.04839404851186202 -0.516581181962484 0.8548695783321931 -0.14962275666500163 0.0 0.0 0.0 1.0"/>
            </transform>
            <transform time="0.0015">
                <matrix value="0.9935747129542274 0.11248153637136682 0.012131683370472643 0.0727701850808141 -0.10231684902433123 0.847418941109826 0.5208033595990486 0.1630026818018689 0.04833660991698856 -0.5187018025142479 0.8534872222266623 -0.14970403394439502 0.0 0.0 0.0 1.0"/>
            </transform>
        </animation>
    </shape>
    <shape name="temp21" type="ply">
        <string name="filename" value="meshes/Cube_017.ply"/>
        <boolean name="face_normals" value="true"/>
        <ref id="mat-Material" name="bsdf"/>
        <animation name="to_world">
            <transform time="0">
                <matrix value="0.9724840300198395 0.2120928699707774 0.09639409654668973 0.21610858776128772 -0.22960979704872284 0.802537842364676 0.5506474631707895 0.06821054285139139 0.03942851583346187 -0.5576284408549445 0.8291537850911139 -0.19391159162437943 0.0 0.0 0.0 1.0"/>
            </transform>
            <transform time="0.0015">
                <matrix value="0.9725288211454673 0.2117068728014828 0.09675133711799022 0.21598814217588855 -0.22941501229937267 0.8012252810808972 0.552509769993713 0.06778486504839273 0.0394438300262255 -0.5595278119106399 0.8277838030607495 -0.19363438742071812 0.0 0.0 0.0 1.0"/>
            </transform>
        </animation>
    </shape>
    <shape name="temp22" type="ply">
        <string name="filename" value="meshes/Cube_018.ply"/>
        <boolean name="face_normals" value="true"/>
        <ref id="mat-Material" name="bsdf"/>
        <animation name="to_world">
            <transform time="0">
                <matrix value="0.08538093034553311 0.9926484544963425 0.08578543057754688 0.8635183375677395 -0.861633840223961 0.030329145660512744 0.5066233243707984 0.2850605340491113 0.5002974148400697 -0.11717157916912622 0.8578890558890568 -0.3760043560692201 0.0 0.0 0.0 1.0"/>
            </transform>
            <transform time="0.0015">
                <matrix value="0.08381338136961682 0.9927268875328086 0.0860295828248895 0.8643793561134417 -0.8605276095238282 0.02863228209692334 0.5084066549780789 0.2837666630883882 0.5022609160899807 -0.11656000348073577 0.8567375860691289 -0.37612204088261336 0.0 0.0 0.0 1.0"/>
            </transform>
        </animation>
    </shape>
    <shape name="temp23" type="ply">
        <string name="filename" value="meshes/Cube_019.ply"/>
        <boolean name="face_normals" value="true"/>
        <ref id="mat-Material" name="bsdf"/>
        <animation name="to_world">
            <transform time="0">
                <matrix value="-0.06324648465410344 0.9921055101653447 -0.10828844579998781 0.4354168294385219 -0.8957275094986588 -0.008582827690786634 0.44452132545916245 -0.06520095107364235 0.440082611293431 0.12511131088829697 0.8891989082318055 -0.04176047026292695 0.0 0.0 0.0 1.0"/>
            </transform>
            <transform time="0.0015">
                <matrix value="-0.06344184864031156 0.9920933453478171 -0.10828085455167386 0.4354711880970724 -0.8951447621142886 -0.00859996176118267 0.4456451536036154 -0.06573483461369244 0.44118999248881047 0.12520554992748742 0.8886129268386912 -0.04168618789971148 0.0 0.0 0.0 1.0"/>
            </transform>
        </animation>
    </shape>
    <shape name="temp24" type="ply">
        <string name="filename" value="meshes/Cube_020.ply"/>
        <boolean name="face_normals" value="true"/>
        <ref id="mat-Material" name="bsdf"/>
        <animation name="to_world">
            <transform time="0">
                <matrix value="0.1028723348194872 0.9943337815509476 0.02679191213830828 -0.18790218295056238 -0.9458228444730505 0.10612146186834141 -0.3068508320015631 0.16939574070600782 -0.3079551832718589 0.006226063185149896 0.9513805721211297 0.10503429665537123 0.0 0.0 0.0 1.0"/>
            </transform>
            <transform time="0.0015">
                <matrix value="0.10343012729673899 0.9942716772988199 0.026791432154000365 -0.18772861562824128 -0.9454670801301589 0.1066403737466571 -0.30771614069502384 0.1702195622213319 -0.3088088936953069 0.006509626706872085 0.95108932179415 0.1051649186424551 0.0 0.0 0.0 1.0"/>
            </transform>
        </animation>
    </shape>
    <shape name="temp25" type="ply">
        <string name="filename" value="meshes/Cube_021.ply"/>
        <boolean name="face_normals" value="true"/>
        <ref id="mat-Material" name="bsdf"/>
        <animation name="to_world">
            <transform time="0">
                <matrix value="0.2717291459451409 0.9578001055435389 -0.09371297162641407 -0.27467408148364114 -0.7422734195348805 0.1466087776347818 -0.6538623923869357 0.15891662996878808 -0.6125305171560936 0.24723407095612854 0.7507875510436618 0.11219488350206963 0.0 0.0 0.0 1.0"/>
            </transform>
            <transform time="0.0015">
                <matrix value="0.27180174363133836 0.9577126239853935 -0.0943369747909322 -0.27413094112420805 -0.7422631113527802 0.14623791439958903 -0.6539541511754123 0.15900249093869767 -0.6125106826818666 0.2477686921590229 0.7506218882189089 0.1124470371109459 0.0 0.0 0.0 1.0"/>
            </transform>
        </animation>
    </shape>
    <shape name="temp26" type="ply">
        <string name="filename" value="meshes/Cube_022.ply"/>
        <boolean name="face_normals" value="true"/>
        <ref id="mat-Material" name="bsdf"/>
        <animation name="to_world">
            <transform time="0">
                <matrix value="0.6486125664196927 0.6737740992818451 -0.3540202099095977 -0.14393885211026042 -0.5112299588494877 0.041077670449686396 -0.8584618417749318 0.07495307174685131 -0.5638670666475187 0.7377945989241235 0.37109693579644665 0.34215519161659136 0.0 0.0 0.0 1.0"/>
            </transform>
            <transform time="0.0015">
                <matrix value="0.6494742091705475 0.6722814911895124 -0.35511846439801537 -0.1434016831452619 -0.5117510486245149 0.0411283744604216 -0.8581430178561135 0.0742098365991263 -0.5623195149065995 0.7390816966917073 0.3707328622506268 0.34385817132650104 0.0 0.0 0.0 1.0"/>
            </transform>
        </animation>
    </shape>
    <shape name="temp27" type="ply">
        <string name="filename" value="meshes/Cube_023.ply"/>
        <boolean name="face_normals" value="true"/>
        <ref id="mat-Material" name="bsdf"/>
        <animation name="to_world">
            <transform time="0">
                <matrix value="0.8657010214050037 0.4205167461719609 -0.2715291137397221 -0.11234524334601903 -0.3990295234093403 0.25223800276582475 -0.8815619206836931 -0.1925867479689419 -0.30222156918019877 0.8715168024896595 0.38616122823449095 0.0223126364646572 0.0 0.0 0.0 1.0"/>
            </transform>
            <transform time="0.0015">
                <matrix value="0.8657417913821961 0.41993873711988505 -0.272250469557646 -0.11238095061617105 -0.3992890693925203 0.25157677735088485 -0.8816256207886595 -0.19284788526033103 -0.30174862308352274 0.8719714888267635 0.38547267988545764 0.02304408372468567 0.0 0.0 0.0 1.0"/>
            </transform>
        </animation>
    </shape>
    <shape name="temp28" type="ply">
        <string name="filename" value="meshes/Cube_024.ply"/>
        <boolean name="face_normals" value="true"/>
        <ref id="mat-Material" name="bsdf"/>
        <animation name="to_world">
            <transform time="0">
                <matrix value="0.9003234774221801 0.3828733706976929 -0.2069434036483364 -0.11239907689093376 -0.31714310662432826 0.25151567613568815 -0.9144180348834405 -0.44662803196997153 -0.2980568306127189 0.888902493205374 0.3478710945718431 -0.27473327524087565 0.0 0.0 0.0 1.0"/>
            </transform>
            <transform time="0.0015">
                <matrix value="0.9004860467089261 0.3823495326293477 -0.20718133651869713 -0.1122146587509995 -0.3170005425510485 0.25095809196242397 -0.9146152286218742 -0.44646497428085835 -0.29770968103862455 0.8892745864387834 0.34718881836407367 -0.27435939620401517 0.0 0.0 0.0 1.0"/>
            </transform>
        </animation>
    </shape>
    <shape name="temp29" type="ply">
        <string name="filename" value="meshes/Cube_025.ply"/>
        <boolean name="face_normals" value="true"/>
        <ref id="mat-Material" name="bsdf"/>
        <animation name="to_world">
            <transform time="0">
                <matrix value="0.8847759061179695 0.4145182855223884 -0.21294642667182323 -0.28069994301363843 -0.3202824953415351 0.20896098017825596 -0.9239884998399605 -0.789634654832285 -0.33851269531423145 0.8857255492539992 0.31764653319155917 -0.7491022990505203 0.0 0.0 0.0 1.0"/>
            </transform>
            <transform time="0.0015">
                <matrix value="0.8848531217420924 0.41427088166863596 -0.21310127196772874 -0.280664217021298 -0.32027835770745056 0.20876434716664363 -0.9240337920188023 -0.7896520708431283 -0.3383129224259888 0.8858857568971779 0.31740734929709286 -0.7489185307485735 0.0 0.0 0.0 1.0"/>
            </transform>
        </animation>
    </shape>
    <shape name="temp30" type="ply">
        <string name="filename" value="meshes/Cube_026.ply"/>
        <boolean name="face_normals" value="true"/>
        <ref id="mat-Material" name="bsdf"/>
        <animation name="to_world">
            <transform time="0">
                <matrix value="0.9059202839580375 0.3109604670614468 -0.2874233901832584 -0.3235303872066314 -0.361565891349173 0.21474293056444935 -0.907279368692086 -1.1442398384705956 -0.22040580504124804 0.9258450262085883 0.3069728112274544 -0.8646783554991266 0.0 0.0 0.0 1.0"/>
            </transform>
            <transform time="0.0015">
                <matrix value="0.9062317633923995 0.31031081324145127 -0.28711481274759026 -0.3228033154906621 -0.3610200220447595 0.21462732725220487 -0.9075186206694968 -1.1438090250320219 -0.2199849727091562 0.9260826606625857 0.3065391824434394 -0.8646688592427874 0.0 0.0 0.0 1.0"/>
            </transform>
        </animation>
    </shape>
    <shape name="temp31" type="ply">
        <string name="filename" value="meshes/Cube_027.ply"/>
        <boolean name="face_normals" value="true"/>
        <ref id="mat-Material" name="bsdf"/>
        <animation name="to_world">
            <transform time="0">
                <matrix value="0.8530757392819848 0.2915999023826558 -0.43270274090929933 -0.5724202767335083 -0.4990301882711288 0.21371169092847028 -0.8398192332186502 -1.5848398661307928 -0.15241765908369634 0.9323607753487004 0.32782926205415247 -0.9990076656938367 0.0 0.0 0.0 1.0"/>
            </transform>
            <transform time="0.0015">
                <matrix value="0.8533721553666525 0.2909762377191187 -0.4325222785544814 -0.5716942907087472 -0.4986243554609786 0.21360186965912467 -0.8400842460801936 -1.584576368621594 -0.15205211115981612 0.9325743504969212 0.32737548922892773 -0.9991673658273647 0.0 0.0 0.0 1.0"/>
            </transform>
        </animation>
    </shape>
    <shape name="temp32" type="ply">
        <string name="filename" value="meshes/Cube_028.ply"/>
        <boolean name="face_normals" value="true"/>
        <ref id="mat-Material" name="bsdf"/>
        <animation name="to_world">
            <transform time="0">
                <matrix value="-0.12191898614782626 0.980827578151236 0.15202959574980107 -1.4907075349618735 -0.776698189980267 0.0010858010566868923 -0.6298722850587277 -2.115439643031034 -0.6179611082448181 -0.19487444281980631 0.7616745015959049 -1.383995837958333 0.0 0.0 0.0 1.0"/>
            </transform>
            <transform time="0.0015">
                <matrix value="-0.12190871626237773 0.9808272252213448 0.1520400779701467 -1.4906837780940452 -0.7767535286420686 0.001083179463418247 -0.6298038787202214 -2.115460620743718 -0.6178934029558838 -0.1948762247402997 0.7617288402959999 -1.3838399175807263 0.0 0.0 0.0 1.0"/>
            </transform>
        </animation>
    </shape>
    <shape name="temp33" type="ply">
        <string name="filename" value="meshes/Cube_029.ply"/>
        <boolean name="face_normals" value="true"/>
        <ref id="mat-Material" name="bsdf"/>
        <animation name="to_world">
            <transform time="0">
                <matrix value="0.011201764277242048 0.9887994526754036 0.14882856657909008 -1.650071483685083 -0.9978892854420089 0.0015329489824226206 0.06492259707692447 -1.7861876324575807 0.06396728348110994 -0.14924165090118746 0.9867297117253502 -0.03993953671298378 0.0 0.0 0.0 1.0"/>
            </transform>
            <transform time="0.0015">
                <matrix value="0.011075590373071115 0.988790884739108 0.14889314240093032 -1.650266215335424 -0.9979269757301219 0.0015048621458553153 0.06424520071420345 -1.787266581673519 0.06330121056096645 -0.14929836298013485 0.9867580086991662 -0.04141478148177138 0.0 0.0 0.0 1.0"/>
            </transform>
        </animation>
    </shape>
    <shape name="temp34" type="ply">
        <string name="filename" value="meshes/Cube_030.ply"/>
        <boolean name="face_normals" value="true"/>
        <ref id="mat-Material" name="bsdf"/>
        <animation name="to_world">
            <transform time="0">
                <matrix value="-0.03406138201453298 0.9820949146002184 -0.18528174707267456 -3.1876563200817456 -0.9798978266193855 0.0036459600881437433 0.1994658234941896 -1.9559710750665025 0.19656985767886315 0.18835126820828277 0.9622287610205895 0.22646599990769567 0.0 0.0 0.0 1.0"/>
            </transform>
            <transform time="0.0015">
                <matrix value="-0.034176948390060365 0.982095839442495 -0.18525453185767782 -3.187876273955765 -0.9797674236700176 0.0036452963141099643 0.20007908593367912 -1.9549138350054172 0.19717211869670148 0.1883464453400159 0.9621012021749377 0.2276893775367084 0.0 0.0 0.0 1.0"/>
            </transform>
        </animation>
    </shape>
    <shape name="temp35" type="ply">
        <string name="filename" value="meshes/Cube_031.ply"/>
        <boolean name="face_normals" value="true"/>
        <ref id="mat-Material" name="bsdf"/>
        <animation name="to_world">
            <transform time="0">
                <matrix value="0.10280917402890288 0.9890234719652583 0.10612575947909816 -2.050379937264897 -0.7057600965911207 -0.0026549185166335368 0.7084460742063854 -0.8731083511523171 0.7009518161364616 -0.14773404696896061 0.697740438872659 0.7379873247086048 0.0 0.0 0.0 1.0"/>
            </transform>
            <transform time="0.0015">
                <matrix value="0.1027728033795821 0.9890182981632358 0.10620816111788733 -2.0503703220082654 -0.7062624369637209 -0.0026322531337443266 0.7079356648816882 -0.8752485042432434 0.700441178155979 -0.14776893671691005 0.6982359380325064 0.7372601074164685 0.0 0.0 0.0 1.0"/>
            </transform>
        </animation>
    </shape>
    <shape name="temp36" type="ply">
        <string name="filename" value="meshes/Cube_032.ply"/>
        <boolean name="face_normals" value="true"/>
        <ref id="mat-Material" name="bsdf"/>
        <animation name="to_world">
            <transform time="0">
                <matrix value="0.7880442780221515 0.5679502234978296 0.23752742776822477 -0.5167845644090008 -0.2648606804284192 -0.035509164141061235 0.9636327059558858 0.3567098584320444 0.555730044838279 -0.8222965940307412 0.12244488561066352 -0.22960632315897422 0.0 0.0 0.0 1.0"/>
            </transform>
            <transform time="0.0015">
                <matrix value="0.7879824129726114 0.5679802751026106 0.23765950868059327 -0.5168510070436784 -0.2651544380871767 -0.03532166825905847 0.9635570487837881 0.3555751596644958 0.5556754242386981 -0.8222833178595136 0.12276956040752657 -0.229459633316287 0.0 0.0 0.0 1.0"/>
            </transform>
        </animation>
    </shape>
    <shape name="temp37" type="ply">
        <string name="filename" value="meshes/Cube_033.ply"/>
        <boolean name="face_normals" value="true"/>
        <ref id="mat-Material" name="bsdf"/>
        <animation name="to_world">
            <transform time="0">
                <matrix value="0.9785342722954752 0.15820135871662394 0.13207411844635314 -0.12960667261792924 -0.14980448631005255 0.10591888582733829 0.9830258696866012 0.3007648652142353 0.14152691271871737 -0.9817094715939787 0.12734450978936704 -0.3926600813236034 0.0 0.0 0.0 1.0"/>
            </transform>
            <transform time="0.0015">
                <matrix value="0.9785244906923367 0.15822281460126678 0.13212061058709212 -0.12959353073603597 -0.14981672847306704 0.10566206475280727 0.9830507369820871 0.3007479300568322 0.14158127960298045 -0.9817327724759465 0.12709739252979058 -0.39268525701909907 0.0 0.0 0.0 1.0"/>
            </transform>
        </animation>
    </shape>
    <shape name="temp38" type="ply">
        <string name="filename" value="meshes/Cube_034.ply"/>
        <boolean name="face_normals" value="true"/>
        <ref id="mat-Material" name="bsdf"/>
        <animation name="to_world">
            <transform time="0">
