
<scene version="2.1.0">
    <default name="spp" value="1024"/>
    <default name="resx" value="1280"/>
    <default name="resy" value="720"/>
    <integrator name="temp0" type="path">
        <integer name="max_depth" value="12"/>
    </integrator>
    <sensor name="temp44" type="perspective">
        <string name="fov_axis" value="x"/>
        <float name="fov" value="83.974423"/>
        <float name="principal_point_offset_x" value="0.000000"/>
        <float name="principal_point_offset_y" value="-0.000000"/>
        <float name="near_clip" value="0.100000"/>
        <float name="far_clip" value="1000.000000"/>
        <sampler name="sampler" type="correlated">
            <integer name="sample_count" value="1024"/>
        </sampler>
        <film name="film" type="hdrfilm">
            <integer name="width" value="$resx"/>
            <integer name="height" value="$resy"/>
        </film>
        <float name="shutter_open" value="0.0"/>
        <float name="shutter_close" value="0.0015"/>
        <animation name="to_world">
            <transform time="0">
                <rotate angle="-142.5518126578256" x="1"/>
                <rotate angle="3.976628485794621e-06" y="1"/>
                <rotate angle="-179.999991348578" z="1"/>
                <translate value="-0.000000 3.030926 4.073377"/>
                <translate x="25.05" y="0.0" z="0.0"/>
            </transform>
            <transform time="0.0015">
                <rotate angle="-142.5518126578256" x="1"/>
                <rotate angle="3.976628485794621e-06" y="1"/>
                <rotate angle="-179.999991348578" z="1"/>
                <translate value="-0.000000 3.030926 4.073377"/>
                <translate x="25.2" y="0.0" z="0.0"/>
            </transform>
        </animation>
    </sensor>
    <bsdf id="mat-Material" name="mat-Material" type="twosided">
        <bsdf name="bsdf" type="diffuse">
            <texture name="reflectance" type="bitmap">
                <string name="filename" value="textures/siggraph_2023_logo.jpg"/>
            </texture>
        </bsdf>
    </bsdf>
    <bsdf id="mat-Material.001" name="mat-Material.001" type="twosided">
        <bsdf name="bsdf" type="principled">
            <rgb name="base_color" value="0.433648 0.266232 0.084399"/>
            <float name="spec_tint" value="0.000000"/>
            <float name="spec_trans" value="0.000000"/>
            <float name="metallic" value="0.000000"/>
            <float name="anisotropic" value="0.000000"/>
            <float name="roughness" value="0.500000"/>
            <float name="sheen" value="0.000000"/>
            <float name="sheen_tint" value="0.500000"/>
            <float name="clearcoat" value="0.000000"/>
            <float name="clearcoat_gloss" value="0.173205"/>
            <float name="specular" value="0.500000"/>
        </bsdf>
    </bsdf>
    <bsdf id="mat-Material.002" name="mat-Material.002" type="twosided">
        <bsdf name="bsdf" type="principled">
            <rgb name="base_color" value="0.433648 0.266232 0.084399"/>
            <float name="spec_tint" value="0.000000"/>
            <float name="spec_trans" value="0.000000"/>
            <float name="metallic" value="0.000000"/>
            <float name="anisotropic" value="0.000000"/>
            <float name="roughness" value="0.500000"/>
            <float name="sheen" value="0.000000"/>
            <float name="sheen_tint" value="0.500000"/>
            <float name="clearcoat" value="0.000000"/>
            <float name="clearcoat_gloss" value="0.173205"/>
            <float name="specular" value="0.500000"/>
        </bsdf>
    </bsdf>
    <bsdf id="mat-Material.003" name="mat-Material.003" type="twosided">
        <bsdf name="bsdf" type="principled">
            <rgb name="base_color" value="0.433648 0.266232 0.084399"/>
            <float name="spec_tint" value="0.000000"/>
            <float name="spec_trans" value="0.000000"/>
            <float name="metallic" value="0.000000"/>
            <float name="anisotropic" value="0.000000"/>
            <float name="roughness" value="0.500000"/>
            <float name="sheen" value="0.000000"/>
            <float name="sheen_tint" value="0.500000"/>
            <float name="clearcoat" value="0.000000"/>
            <float name="clearcoat_gloss" value="0.173205"/>
            <float name="specular" value="0.500000"/>
        </bsdf>
    </bsdf>
    <bsdf id="mat-Material.004" name="mat-Material.004" type="twosided">
        <bsdf name="bsdf" type="principled">
            <rgb name="base_color" value="0.433648 0.266232 0.084399"/>
            <float name="spec_tint" value="0.000000"/>
            <float name="spec_trans" value="0.000000"/>
            <float name="metallic" value="0.000000"/>
            <float name="anisotropic" value="0.000000"/>
            <float name="roughness" value="0.500000"/>
            <float name="sheen" value="0.000000"/>
            <float name="sheen_tint" value="0.500000"/>
            <float name="clearcoat" value="0.000000"/>
            <float name="clearcoat_gloss" value="0.173205"/>
            <float name="specular" value="0.500000"/>
        </bsdf>
    </bsdf>
    <bsdf id="mat-Material.005" name="mat-Material.005" type="twosided">
        <bsdf name="bsdf" type="principled">
            <rgb name="base_color" value="0.433648 0.266232 0.084399"/>
            <float name="spec_tint" value="0.000000"/>
            <float name="spec_trans" value="0.000000"/>
            <float name="metallic" value="0.000000"/>
            <float name="anisotropic" value="0.000000"/>
            <float name="roughness" value="0.500000"/>
            <float name="sheen" value="0.000000"/>
            <float name="sheen_tint" value="0.500000"/>
            <float name="clearcoat" value="0.000000"/>
            <float name="clearcoat_gloss" value="0.173205"/>
            <float name="specular" value="0.500000"/>
        </bsdf>
    </bsdf>
    <emitter name="temp45" type="point">
        <point name="position" x="-6.815235034541981e-16" y="3.0693089962005615" z="4.109199523925781"/>
        <rgb name="intensity" value="7.957747 7.957747 7.957747"/>
    </emitter>
    <shape name="temp2" type="ply">
        <string name="filename" value="meshes/Cube.ply"/>
        <boolean name="face_normals" value="true"/>
        <ref id="mat-Material" name="bsdf"/>
        <animation name="to_world">
            <transform time="0">
                <matrix value="0.9999991135176153 0.0001207778934260559 0.0013577164872977698 -0.002227516669468743 -0.00012045943722552288 0.9999994785398281 -0.00023051381470672088 -0.017234985927428365 -0.0013577519338613224 0.00023034981634172748 0.999998699825682 0.0030871428503910225 0.0 0.0 0.0 1.0"/>
            </transform>
            <transform time="0.0015">
                <matrix value="0.9999991135176153 0.00012133570287371874 0.0013581451545372028 -0.0022282873058700574 -0.00012092520429568665 0.9999994560123882 -0.0002982270688378212 -0.017144070168521718 -0.0013581889943995997 0.0002980621943585153 0.999998691315314 0.003083521305566814 0.0 0.0 0.0 1.0"/>
            </transform>
        </animation>
    </shape>
    <shape name="temp4" type="ply">
        <string name="filename" value="meshes/Plane.ply"/>
        <boolean name="face_normals" value="true"/>
        <ref id="mat-Material.001" name="bsdf"/>
    </shape>
    <shape name="temp5" type="ply">
        <string name="filename" value="meshes/Cube_001.ply"/>
        <boolean name="face_normals" value="true"/>
        <ref id="mat-Material" name="bsdf"/>
        <animation name="to_world">
            <transform time="0">
                <matrix value="0.9999986702764229 0.00017828253963618766 -0.001636749261619185 0.002145388785476765 -0.0001832607304260257 0.9999953068584528 -0.003040634938946178 -0.014225199635324454 0.0016361960508982727 0.00304092732305292 0.9999940901167368 -0.003699063518019463 0.0 0.0 0.0 1.0"/>
            </transform>
            <transform time="0.0015">
                <matrix value="0.9999986702764229 0.00017901748234351502 -0.001637287967917698 0.0021461728605383186 -0.00018403081226528375 0.9999952392761332 -0.003061112586584134 -0.014203599600145576 0.001636728853065965 0.0030614066431775564 0.9999940220337922 -0.003695837311759948 0.0 0.0 0.0 1.0"/>
            </transform>
        </animation>
    </shape>
    <shape name="temp6" type="ply">
        <string name="filename" value="meshes/Cube_002.ply"/>
        <boolean name="face_normals" value="true"/>
        <ref id="mat-Material" name="bsdf"/>
        <animation name="to_world">
            <transform time="0">
                <matrix value="1.0 3.9526493305494314e-05 0.0003576838647421565 -0.0008836785574164452 -4.0588615438622616e-05 0.9999949939823497 0.002963401038531966 -0.019524191536967217 -0.0003575021674494306 -0.002963410182657069 0.9999950356980589 0.0009126621544109925 0.0 0.0 0.0 1.0"/>
            </transform>
            <transform time="0.0015">
                <matrix value="1.0 4.35923042238113e-05 0.00035785075305991076 -0.0008840195269004881 -4.468318812963354e-05 0.9999947536896578 0.0030425136753750655 -0.019560066681515373 -0.00035765380623348507 -0.0030425239983557857 0.9999947974077531 0.0009090369272506156 0.0 0.0 0.0 1.0"/>
            </transform>
        </animation>
    </shape>
    <shape name="temp7" type="ply">
        <string name="filename" value="meshes/Cube_003.ply"/>
        <boolean name="face_normals" value="true"/>
        <ref id="mat-Material" name="bsdf"/>
        <animation name="to_world">
            <transform time="0">
                <matrix value="0.9999991135176153 -0.000361511650463161 0.0013070664237783444 -0.0012637084541420318 0.000366010403757267 0.999992908141662 -0.0034501106566542216 -0.017444079331229823 -0.001305582445521225 0.0034505853911889917 0.9999921989540925 0.0038622578971482524 0.0 0.0 0.0 1.0"/>
            </transform>
            <transform time="0.0015">
                <matrix value="0.9999991135176153 -0.0003505933512748867 0.001307376116072229 -0.001264594353472933 0.0003549525327847698 0.9999932835989931 -0.003342319441091028 -0.017455282651961626 -0.0013059694012734423 0.003342779877162574 0.9999925734102874 0.003869981776179281 0.0 0.0 0.0 1.0"/>
            </transform>
        </animation>
    </shape>
    <shape name="temp8" type="ply">
        <string name="filename" value="meshes/Cube_004.ply"/>
        <boolean name="face_normals" value="true"/>
        <ref id="mat-Material" name="bsdf"/>
        <animation name="to_world">
            <transform time="0">
                <matrix value="0.9999995567588077 0.0001263788971325948 0.0010236922492117397 -0.0005342431763593058 -0.00012625814012449759 0.9999995828318625 -0.00012469735487808856 -0.01748613753770259 -0.0010235148317367785 0.00012456536294670886 0.9999991726163432 0.0032206782549526573 0.0 0.0 0.0 1.0"/>
            </transform>
            <transform time="0.0015">
                <matrix value="0.9999995567588076 0.0001440811170711923 0.0010243343564822424 -0.0005342815506858387 -0.00014401779750051032 0.9999995828318625 -6.851573457871736e-05 -0.017440827812426365 -0.001024152151849915 6.836548289038797e-05 0.9999991811267113 0.0032232168653731 0.0 0.0 0.0 1.0"/>
            </transform>
        </animation>
    </shape>
    <shape name="temp9" type="ply">
        <string name="filename" value="meshes/Cube_005.ply"/>
        <boolean name="face_normals" value="true"/>
        <ref id="mat-Material" name="bsdf"/>
        <animation name="to_world">
            <transform time="0">
                <matrix value="0.9999997783794039 0.00044364579922114705 0.000798649804430143 -0.0006882813863027248 -0.00044724100087407167 0.9999894665045274 0.004504004773294514 -0.014861435967973402 -0.0007965797736633176 -0.004504360449957553 0.9999894804077915 0.002232596808418724 0.0 0.0 0.0 1.0"/>
            </transform>
            <transform time="0.0015">
                <matrix value="0.9999997624224656 0.00045012589239000077 0.000798762311495962 -0.0006881426871496165 -0.00045376215473675837 0.999989233720982 0.004554919752316872 -0.014824414308836593 -0.0007966404100286134 -0.004555281174664264 0.9999892506278536 0.0022299092061112144 0.0 0.0 0.0 1.0"/>
            </transform>
        </animation>
    </shape>
    <shape name="temp10" type="ply">
        <string name="filename" value="meshes/Cube_006.ply"/>
        <boolean name="face_normals" value="true"/>
        <ref id="mat-Material" name="bsdf"/>
        <animation name="to_world">
            <transform time="0">
                <matrix value="0.9999991135176153 9.236936901233357e-05 -0.0013263787403060183 -0.0012003347912867834 -9.223405971699937e-05 0.9999994785398281 0.00011022641471967543 -0.0175167728186697 0.0013262419174968575 -0.00011010318653881853 0.999998699825682 -0.0031894706832264474 0.0 0.0 0.0 1.0"/>
            </transform>
            <transform time="0.0015">
                <matrix value="0.9999991135176153 0.00010324336423553853 -0.0013271434819803376 -0.001200552337407919 -0.0001032007208305409 0.9999994860489747 4.032327267809434e-05 -0.017536916469526383 0.0013270013081874976 -4.0185522342104664e-05 0.9999987083360502 -0.0031935478594524577 0.0 0.0 0.0 1.0"/>
            </transform>
        </animation>
    </shape>
    <shape name="temp11" type="ply">
        <string name="filename" value="meshes/Cube_007.ply"/>
        <boolean name="face_normals" value="true"/>
        <ref id="mat-Material" name="bsdf"/>
        <animation name="to_world">
            <transform time="0">
                <matrix value="0.9999997783794039 -0.00040188309697281955 -6.464537627281155e-05 0.000601396372912566 0.00040194817801275477 0.9999966626548997 0.0009862070416495475 -0.01768042758561908 6.25426619647641e-05 -0.0009862303227004127 0.9999971632560336 5.3343415677531425e-05 0.0 0.0 0.0 1.0"/>
            </transform>
            <transform time="0.0015">
                <matrix value="0.9999997624224656 -0.00045820139627136814 -6.47910056911395e-05 0.0006043155040210691 0.0004582765369945859 0.9999964824353809 0.0011432428211913042 -0.017657374314460607 6.256962919038254e-05 -0.0011432694814619941 0.9999970100694084 5.6606489110614775e-05 0.0 0.0 0.0 1.0"/>
            </transform>
        </animation>
    </shape>
    <shape name="temp12" type="ply">
        <string name="filename" value="meshes/Cube_008.ply"/>
        <boolean name="face_normals" value="true"/>
        <ref id="mat-Material" name="bsdf"/>
        <animation name="to_world">
            <transform time="0">
                <matrix value="0.9999982270352306 0.0019396983457197507 9.976213901842039e-05 0.00011045370028184287 -0.0019394239992057117 0.9999943682301433 -0.002681780917317896 -0.016708380028716108 -0.00010512129738469967 0.002681584946904926 0.999996454070042 -7.933378132385371e-05 0.0 0.0 0.0 1.0"/>
            </transform>
            <transform time="0.0015">
                <matrix value="0.9999981632074777 0.001964409745789036 9.958988916878518e-05 0.00010997636099997971 -0.0019641323606475 0.9999942330655042 -0.002714917311934107 -0.016695252619786514 -0.00010507958594815138 0.0027147192816485543 0.9999963689663613 -7.983000141362457e-05 0.0 0.0 0.0 1.0"/>
            </transform>
        </animation>
    </shape>
    <shape name="temp13" type="ply">
        <string name="filename" value="meshes/Cube_009.ply"/>
        <boolean name="face_normals" value="true"/>
        <ref id="mat-Material" name="bsdf"/>
        <animation name="to_world">
            <transform time="0">
                <matrix value="0.9999991135176153 -0.0006912022368555534 0.0008985906583184444 0.0016729777451556238 0.0006907925063871056 0.999999165663725 0.00045654155522596794 -0.01852026358747519 -0.0008991967583112156 -0.00045591815578309767 0.9999994090116737 0.0015483557495311606 0.0 0.0 0.0 1.0"/>
            </transform>
            <transform time="0.0015">
                <matrix value="0.9999990816037387 -0.000755792574527078 0.0008987460576393108 0.0016736078889581358 0.0007553618580346743 0.999999105590552 0.000479924251044377 -0.018618153734765833 -0.0008993976561636039 -0.0004792426690353402 0.9999994005013056 0.0015487648027030854 0.0 0.0 0.0 1.0"/>
            </transform>
        </animation>
    </shape>
    <shape name="temp14" type="ply">
        <string name="filename" value="meshes/Cube_010.ply"/>
        <boolean name="face_normals" value="true"/>
        <ref id="mat-Material" name="bsdf"/>
        <animation name="to_world">
            <transform time="0">
                <matrix value="0.9999838216964791 -2.9178929671709526e-05 0.0057492999152286344 0.011830617165947466 2.7984919161671345e-05 1.0 0.00020786926959989147 -0.017517496280393674 -0.005749299235674888 -0.0002076984208100154 0.9999835705245281 0.009453306393372607 0.0 0.0 0.0 1.0"/>
            </transform>
            <transform time="0.0015">
                <matrix value="0.9999838057395409 -4.195671132882369e-05 0.005751895577488454 0.011841043366901805 4.0769937214931275e-05 1.0 0.00020655263055655834 -0.017542105837087225 -0.005751897025219671 -0.00020630823747760577 0.9999835620141602 0.009456873355731954 0.0 0.0 0.0 1.0"/>
            </transform>
        </animation>
    </shape>
    <shape name="temp15" type="ply">
        <string name="filename" value="meshes/Cube_011.ply"/>
        <boolean name="face_normals" value="true"/>
        <ref id="mat-Material" name="bsdf"/>
        <animation name="to_world">
            <transform time="0">
                <matrix value="0.9999977837940383 0.0015017041318418183 -0.001021431127875217 -0.0022584324800650757 -0.0015010602329321116 0.9999979141593123 0.0006369695820672393 -0.014620762064059045 0.001022763537915738 -0.00063545240841595 0.9999992908140085 -0.0015206432119002633 0.0 0.0 0.0 1.0"/>
            </transform>
            <transform time="0.0015">
                <matrix value="0.9999979114495441 0.0014214230193007238 -0.001022599601410539 -0.0022568411170324227 -0.0014208033440370118 0.9999980493239515 0.0006124956357933301 -0.014776893051537482 0.0010238443013424465 -0.000611058870523171 0.9999993078347446 -0.0015234957870444953 0.0 0.0 0.0 1.0"/>
            </transform>
        </animation>
    </shape>
    <shape name="temp16" type="ply">
        <string name="filename" value="meshes/Cube_012.ply"/>
        <boolean name="face_normals" value="true"/>
        <ref id="mat-Material" name="bsdf"/>
        <animation name="to_world">
            <transform time="0">
                <matrix value="0.9999960108292689 0.0028488850138604117 -2.5614261446616515e-05 0.0024717093160334658 -0.002848764332203955 0.9999941596460746 0.0016897561865839975 -0.011877641261753086 3.0208660223712716e-05 -0.0016897593565598648 0.9999985816280168 -0.005478106001689298 0.0 0.0 0.0 1.0"/>
            </transform>
            <transform time="0.0015">
                <matrix value="0.9999959150876394 0.002884112523224901 -1.3580745678991362e-05 0.00267539811570786 -0.0028840132087667608 0.9999941145911948 0.0016574658076571264 -0.011873208902352193 1.8142757548985784e-05 -0.0016575023905075414 0.9999986326902253 -0.005843989668486857 0.0 0.0 0.0 1.0"/>
            </transform>
        </animation>
    </shape>
    <shape name="temp17" type="ply">
        <string name="filename" value="meshes/Cube_013.ply"/>
        <boolean name="face_normals" value="true"/>
        <ref id="mat-Material" name="bsdf"/>
        <animation name="to_world">
            <transform time="0">
                <matrix value="0.9995481156043948 0.024672129831067764 0.01477295883269877 0.046666915434670275 -0.02550243383738722 0.9980398312137716 0.054040055297595715 0.07040400142580153 -0.013279599203584225 -0.05442398466489927 0.998278451005413 -0.11188357675416838 0.0 0.0 0.0 1.0"/>
            </transform>
            <transform time="0.0015">
                <matrix value="0.9995299725656208 0.02521431327025065 0.01509600389407736 0.04757326103433147 -0.026077578219396172 0.9979598362748083 0.05524609104444593 0.07238521112330591 -0.013541774571046734 -0.05564522871843823 0.998208385145134 -0.11362341514613013 0.0 0.0 0.0 1.0"/>
            </transform>
        </animation>
    </shape>
    <shape name="temp18" type="ply">
        <string name="filename" value="meshes/Cube_014.ply"/>
        <boolean name="face_normals" value="true"/>
        <ref id="mat-Material" name="bsdf"/>
        <animation name="to_world">
            <transform time="0">
                <matrix value="0.994767537724258 0.09717795141242702 -0.027639353865370968 -0.012251950240704412 -0.08035222604591624 0.9281964987078217 0.3595639168058641 0.3622798119124143 0.06128370184406066 -0.3553778187529593 0.9313356667128425 -0.17878293504354692 0.0 0.0 0.0 1.0"/>
            </transform>
            <transform time="0.0015">
                <matrix value="0.9946592539413901 0.09826159410869256 -0.027726652369944732 -0.012296781665420142 -0.08111104547816747 0.9268140272689929 0.36296311099764245 0.36589327637603763 0.06204648657546348 -0.3586922959987026 0.9300207467638586 -0.18051069616394727 0.0 0.0 0.0 1.0"/>
            </transform>
        </animation>
    </shape>
    <shape name="temp19" type="ply">
        <string name="filename" value="meshes/Cube_015.ply"/>
        <boolean name="face_normals" value="true"/>
        <ref id="mat-Material" name="bsdf"/>
        <animation name="to_world">
            <transform time="0">
                <matrix value="0.9916101090905223 0.12889557864349438 -0.0017668151544536176 0.0020349379235358733 -0.09785963260624048 0.7627086101417746 0.6377150547420667 0.4030789156825086 0.08394507266496107 -0.6321692951735732 0.7690044116096584 -0.1724999931536691 0.0 0.0 0.0 1.0"/>
            </transform>
            <transform time="0.0015">
                <matrix value="0.9915264149494757 0.1295426110204042 -0.0015328648810362649 0.0021427468914457454 -0.09824010026737112 0.7606193778228905 0.6401553942743317 0.40473001496601047 0.08449011859136159 -0.6345580147871795 0.7669812418095705 -0.17380272347165118 0.0 0.0 0.0 1.0"/>
            </transform>
        </animation>
    </shape>
    <shape name="temp20" type="ply">
        <string name="filename" value="meshes/Cube_016.ply"/>
        <boolean name="face_normals" value="true"/>
        <ref id="mat-Material" name="bsdf"/>
        <animation name="to_world">
            <transform time="0">
                <matrix value="0.9884599939364604 0.13973701720609985 0.058092710466308706 0.08288461640523304 -0.13917299171848158 0.6895999983313275 0.7097590138721508 0.23162891325910973 0.059358461563010285 -0.7096480561007712 0.7011388581443628 -0.17000292212853843 0.0 0.0 0.0 1.0"/>
            </transform>
            <transform time="0.0015">
                <matrix value="0.9883893206570142 0.14011024582247855 0.058397395259623903 0.08294537792407185 -0.13949850687571588 0.6877030977848706 0.7115382084405517 0.23227559230895556 0.059772068593468966 -0.7114178718497987 0.6993125501783541 -0.17052171550275913 0.0 0.0 0.0 1.0"/>
            </transform>
        </animation>
    </shape>
    <shape name="temp21" type="ply">
        <string name="filename" value="meshes/Cube_017.ply"/>
        <boolean name="face_normals" value="true"/>
        <ref id="mat-Material" name="bsdf"/>
        <animation name="to_world">
            <transform time="0">
                <matrix value="0.9583964952032438 0.233727626751324 0.1633920436896394 0.20814592519082065 -0.27983709113216215 0.659109387743183 0.6973113813477465 0.0845056575361604 0.05560943890983942 -0.7140718113231947 0.6971681257774451 -0.18849746010607515 0.0 0.0 0.0 1.0"/>
            </transform>
            <transform time="0.0015">
                <matrix value="0.9582182242892738 0.23385980275016305 0.16424863010715263 0.20810903644371626 -0.2804201799950105 0.6573783191907245 0.6987136176730773 0.08476074557681398 0.05574761003802292 -0.7156263773843049 0.6955648405169473 -0.18831559757482694 0.0 0.0 0.0 1.0"/>
            </transform>
        </animation>
    </shape>
    <shape name="temp22" type="ply">
        <string name="filename" value="meshes/Cube_018.ply"/>
        <boolean name="face_normals" value="true"/>
        <ref id="mat-Material" name="bsdf"/>
        <animation name="to_world">
            <transform time="0">
                <matrix value="0.039345399245071605 0.9934576563911202 0.10705596328496841 0.8924955488048514 -0.7448193969437633 -0.04219919569983084 0.6653838280063221 0.15763210145260484 0.6655754068510905 -0.10577090585975225 0.7383272713690742 -0.3849692418035926 0.0 0.0 0.0 1.0"/>
            </transform>
            <transform time="0.0015">
                <matrix value="0.03902970941298657 0.9934417144728419 0.10731992171190866 0.8927550424029186 -0.7435716920292323 -0.04280909534669529 0.666741810417715 0.1566214156534766 0.6669903404783323 -0.1056773081016833 0.7370651752746695 -0.3849681394470075 0.0 0.0 0.0 1.0"/>
            </transform>
        </animation>
    </shape>
    <shape name="temp23" type="ply">
        <string name="filename" value="meshes/Cube_019.ply"/>
        <boolean name="face_normals" value="true"/>
        <ref id="mat-Material" name="bsdf"/>
        <animation name="to_world">
            <transform time="0">
                <matrix value="-0.07817487017465477 0.9905565648706883 -0.11260487087850651 0.4437833510868938 -0.8574545190212526 -0.009178306005343924 0.5144671578331248 -0.0991615997196631 0.5085745008660933 0.1367734964738863 0.8500753628313731 -0.030862859214704885 0.0 0.0 0.0 1.0"/>
            </transform>
            <transform time="0.0015">
                <matrix value="-0.07829417860614976 0.9905319498880616 -0.11273855429318164 0.4439041216208617 -0.8573296719364959 -0.009178877151035988 0.5146752022908413 -0.09926534562148248 0.5087666224024519 0.1369517110506644 0.8499317503702766 -0.030793947601342377 0.0 0.0 0.0 1.0"/>
            </transform>
        </animation>
    </shape>
    <shape name="temp24" type="ply">
        <string name="filename" value="meshes/Cube_020.ply"/>
        <boolean name="face_normals" value="true"/>
        <ref id="mat-Material" name="bsdf"/>
        <animation name="to_world">
            <transform time="0">
                <matrix value="0.12587399315890527 0.991755756774767 0.023881601963679416 -0.17465056217236316 -0.91328640044097 0.12523785379128607 -0.387455848000715 0.24680363858855858 -0.3872587714096672 0.02693745883938801 0.9215252601829075 0.12034821607669488 0.0 0.0 0.0 1.0"/>
            </transform>
            <transform time="0.0015">
                <matrix value="0.12573907591970232 0.9917755549832842 0.023770630168150175 -0.17450545451562083 -0.9130346482571835 0.125051544155674 -0.3881094868197408 0.24744898866029305 -0.38789634599751605 0.027074821983503264 0.921253319881243 0.12050789174614034 0.0 0.0 0.0 1.0"/>
            </transform>
        </animation>
    </shape>
    <shape name="temp25" type="ply">
        <string name="filename" value="meshes/Cube_021.ply"/>
        <boolean name="face_normals" value="true"/>
        <ref id="mat-Material" name="bsdf"/>
        <animation name="to_world">
            <transform time="0">
                <matrix value="0.2897351766848041 0.944160167534724 -0.15649237317745113 -0.2194206925064404 -0.7434923328138547 0.11905056703579095 -0.6580561637482087 0.16208461067315683 -0.6026777086912506 0.3070132221441191 0.7364707406407542 0.14008501013628755 0.0 0.0 0.0 1.0"/>
            </transform>
            <transform time="0.0015">
                <matrix value="0.2902344900262209 0.9439106385924776 -0.15707338366457857 -0.2188726701098179 -0.7433616774035803 0.1190043227072345 -0.6582121502844718 0.1622821002669394 -0.6025988495024894 0.3077985286978397 0.7362079064334355 0.14060214015529826 0.0 0.0 0.0 1.0"/>
            </transform>
        </animation>
    </shape>
    <shape name="temp26" type="ply">
        <string name="filename" value="meshes/Cube_022.ply"/>
        <boolean name="face_normals" value="true"/>
        <ref id="mat-Material" name="bsdf"/>
        <animation name="to_world">
            <transform time="0">
                <matrix value="0.697476805188404 0.5467427511821503 -0.4626649034726946 -0.12193805819498477 -0.5674242988367579 0.027604432828629417 -0.822910939004804 0.0021374454135832527 -0.43727363672306463 0.8365720876970859 0.3293469200761572 0.4948341765649062 0.0 0.0 0.0 1.0"/>
            </transform>
            <transform time="0.0015">
                <matrix value="0.6977933270152487 0.5454653026679755 -0.4636973472848658 -0.12202360319883113 -0.5679542127986295 0.027423522468214077 -0.8225516227547325 0.0014550132627397941 -0.4360811603674615 0.8374129318992223 0.32879434187769796 0.49640760872408707 0.0 0.0 0.0 1.0"/>
            </transform>
        </animation>
    </shape>
    <shape name="temp27" type="ply">
        <string name="filename" value="meshes/Cube_023.ply"/>
        <boolean name="face_normals" value="true"/>
        <ref id="mat-Material" name="bsdf"/>
        <animation name="to_world">
            <transform time="0">
                <matrix value="0.8729451338322456 0.3500146008848136 -0.33940920551784526 -0.10189805748938524 -0.4248902313187135 0.2044924732438786 -0.8818216009542807 -0.2213795174006618 -0.2393027949016625 0.9140414623411893 0.32716510937302756 0.1084338186625668 0.0 0.0 0.0 1.0"/>
            </transform>
            <transform time="0.0015">
                <matrix value="0.8730141475901154 0.34912660675103824 -0.34014745441637806 -0.10175926852932513 -0.42523720057940584 0.20419587621969126 -0.8817231955683453 -0.22179245074475934 -0.23843500075111776 0.9144478573563677 0.32666445293013285 0.10954002772754537 0.0 0.0 0.0 1.0"/>
            </transform>
        </animation>
    </shape>
    <shape name="temp28" type="ply">
        <string name="filename" value="meshes/Cube_024.ply"/>
        <boolean name="face_normals" value="true"/>
        <ref id="mat-Material" name="bsdf"/>
        <animation name="to_world">
            <transform time="0">
                <matrix value="0.9051419524242634 0.33921849806955445 -0.2559297404710224 -0.11245029273943996 -0.3378332065663523 0.20909426539819742 -0.9176437673661919 -0.466936543248085 -0.2578193730087389 0.9171440460720491 0.30381610618121785 -0.2369999264714509 0.0 0.0 0.0 1.0"/>
            </transform>
            <transform time="0.0015">
                <matrix value="0.9050841244800969 0.3387933527152611 -0.2566977416163104 -0.1126162125434051 -0.33839514291187534 0.20883149032130988 -0.9174967677786056 -0.4675914051636465 -0.2572860394750035 0.9173612030832086 0.30361315943397227 -0.2364668837626848 0.0 0.0 0.0 1.0"/>
            </transform>
        </animation>
    </shape>
    <shape name="temp29" type="ply">
        <string name="filename" value="meshes/Cube_025.ply"/>
        <boolean name="face_normals" value="true"/>
        <ref id="mat-Material" name="bsdf"/>
        <animation name="to_world">
            <transform time="0">
                <matrix value="0.8881230419820327 0.40137759348216506 -0.22389530098089877 -0.28493652863836055 -0.32057233075721553 0.19189965854787944 -0.9275811178756949 -0.7916128125238755 -0.3293444950330392 0.8955806250430205 0.2991015559067865 -0.7454486236385169 0.0 0.0 0.0 1.0"/>
            </transform>
            <transform time="0.0015">
                <matrix value="0.888180119950102 0.4012369396567898 -0.2239210899492461 -0.28492532847368446 -0.32052744069857064 0.19183775764861627 -0.927609431870247 -0.7915776804558572 -0.3292343043960521 0.8956569254818458 0.2989944273935845 -0.7453935611782565 0.0 0.0 0.0 1.0"/>
            </transform>
        </animation>
    </shape>
    <shape name="temp30" type="ply">
        <string name="filename" value="meshes/Cube_026.ply"/>
        <boolean name="face_normals" value="true"/>
        <ref id="mat-Material" name="bsdf"/>
        <animation name="to_world">
            <transform time="0">
                <matrix value="0.9195843018153386 0.2689211823379354 -0.2864112635755928 -0.3029789756578216 -0.3455018332455716 0.20647669177323574 -0.915418932712906 -1.1323759622628882 -0.1870350399892204 0.9407613944262165 0.2827898053095337 -0.8543686370946943 0.0 0.0 0.0 1.0"/>
            </transform>
            <transform time="0.0015">
                <matrix value="0.9196659534682909 0.268655643895091 -0.2863983873887105 -0.3028940556836832 -0.3453931266038404 0.20639401681984304 -0.9154786074137776 -1.13226975980016 -0.18683434159856005 0.9408554464876561 0.2826096578383342 -0.8543547229276957 0.0 0.0 0.0 1.0"/>
            </transform>
        </animation>
    </shape>
    <shape name="temp31" type="ply">
        <string name="filename" value="meshes/Cube_027.ply"/>
        <boolean name="face_normals" value="true"/>
        <ref id="mat-Material" name="bsdf"/>
        <animation name="to_world">
            <transform time="0">
                <matrix value="0.8778586840700888 0.23036566873095368 -0.41979390109503045 -0.508262978688911 -0.4654460247470422 0.20431291364828139 -0.8611678591235123 -1.5554548500124836 -0.1126056022140784 0.9513752990574087 0.2865912786197917 -1.0067770534135583 0.0 0.0 0.0 1.0"/>
            </transform>
            <transform time="0.0015">
                <matrix value="0.8779782653652277 0.22978271866040065 -0.4198637201546356 -0.5079647260755453 -0.46532945931323 0.2042047128527768 -0.8612565371587494 -1.5553257419785362 -0.11215516976155922 0.9515396892952557 0.2862225413922722 -1.0066087526236707 0.0 0.0 0.0 1.0"/>
            </transform>
        </animation>
    </shape>
    <shape name="temp32" type="ply">
        <string name="filename" value="meshes/Cube_028.ply"/>
        <boolean name="face_normals" value="true"/>
        <ref id="mat-Material" name="bsdf"/>
        <animation name="to_world">
            <transform time="0">
                <matrix value="-0.11602622746783399 0.9807127526213804 0.1572731278553601 -1.4741343560395324 -0.8080670340249669 -0.0011467639224651302 -0.5889783750279538 -2.116872168089893 -0.5774380038544255 -0.1954509900442824 0.7926152226300304 -1.2757649840367689 0.0 0.0 0.0 1.0"/>
            </transform>
            <transform time="0.0015">
                <matrix value="-0.11588271076534151 0.9807152832037919 0.15736320329303347 -1.4737765651439623 -0.808552108990396 -0.0011385238355110304 -0.5883128727556404 -2.1165990296200876 -0.576788029889268 -0.19543832211393122 0.7930918628142457 -1.2740507000630883 0.0 0.0 0.0 1.0"/>
            </transform>
        </animation>
    </shape>
    <shape name="temp33" type="ply">
        <string name="filename" value="meshes/Cube_029.ply"/>
        <boolean name="face_normals" value="true"/>
        <ref id="mat-Material" name="bsdf"/>
        <animation name="to_world">
            <transform time="0">
                <matrix value="-0.0005497338779881105 0.9877289992344965 0.1561687479699551 -1.664760523677015 -0.9999468110569174 -0.0017954280457967182 0.00789009721048782 -1.8833762513984698 0.008074750854125777 -0.15616122922763406 0.987677302407781 -0.15965476315960236 0.0 0.0 0.0 1.0"/>
            </transform>
            <transform time="0.0015">
                <matrix value="-0.0006069615540519712 0.9877138758132 0.15626421472579763 -1.6647448964443696 -0.9999504811527118 -0.001781244694565766 0.007428952789548861 -1.884005671878324 0.007617102354997615 -0.15625706471139633 0.9876658900042058 -0.1606327848877298 0.0 0.0 0.0 1.0"/>
            </transform>
        </animation>
    </shape>
    <shape name="temp34" type="ply">
        <string name="filename" value="meshes/Cube_030.ply"/>
        <boolean name="face_normals" value="true"/>
        <ref id="mat-Material" name="bsdf"/>
        <animation name="to_world">
            <transform time="0">
                <matrix value="-0.04479213191231801 0.9821470773470853 -0.18270247352722593 -3.2087533891947433 -0.9665914695009871 0.0035890811817060183 0.25626730891643523 -1.838329536252055 0.2523478519428562 0.1880801810471583 0.9491746074395699 0.337124720016576 0.0 0.0 0.0 1.0"/>
            </transform>
            <transform time="0.0015">
                <matrix value="-0.04484232281256842 0.9821470779296564 -0.18269015009504513 -3.2088651397344066 -0.9665208235570273 0.003589262494356019 0.25653378563188356 -1.837714498819619 0.2526095593240809 0.18808015962971097 0.9491050342929273 0.3376255287814696 0.0 0.0 0.0 1.0"/>
            </transform>
        </animation>
    </shape>
    <shape name="temp35" type="ply">
        <string name="filename" value="meshes/Cube_031.ply"/>
        <boolean name="face_normals" value="true"/>
        <ref id="mat-Material" name="bsdf"/>
        <animation name="to_world">
            <transform time="0">
                <matrix value="0.10029719321947353 0.9879236081706552 0.1180815596985676 -2.0403465962116716 -0.762863081022717 0.00020553665552132456 0.6464055380806875 -1.11884552435877 0.6385758128600226 -0.15493490091213813 0.7536689737274958 0.6472409718342078 0.0 0.0 0.0 1.0"/>
            </transform>
            <transform time="0.0015">
                <matrix value="0.10027170998911103 0.9879088602066897 0.1182265704131372 -2.0402173315546706 -0.7635205547488453 0.0002504760445778102 0.6456295967619947 -1.1215536307292915 0.6377943696807407 -0.1550288636147329 0.7543117618274437 0.6460546962306302 0.0 0.0 0.0 1.0"/>
            </transform>
        </animation>
    </shape>
    <shape name="temp36" type="ply">
        <string name="filename" value="meshes/Cube_032.ply"/>
        <boolean name="face_normals" value="true"/>
        <ref id="mat-Material" name="bsdf"/>
        <animation name="to_world">
            <transform time="0">
                <matrix value="0.7774785160994067 0.5770533537189497 0.25006524511122635 -0.5380698104752442 -0.28386309520643516 -0.03282337309640965 0.9583014002641008 0.2915448395616419 0.5611996411519307 -0.8160457466579618 0.13828662319198942 -0.20577539806726652 0.0 0.0 0.0 1.0"/>
            </transform>
            <transform time="0.0015">
                <matrix value="0.7774010451642721 0.5771124431937176 0.2501697609414324 -0.5382163533480104 -0.2839723938505748 -0.03286971354204285 0.9582674353851535 0.29122162306879973 0.5612516926844557 -0.8160021034977952 0.13833298001787617 -0.20562102057317133 0.0 0.0 0.0 1.0"/>
            </transform>
        </animation>
    </shape>
    <shape name="temp37" type="ply">
        <string name="filename" value="meshes/Cube_033.ply"/>
        <boolean name="face_normals" value="true"/>
        <ref id="mat-Material" name="bsdf"/>
        <animation name="to_world">
            <transform time="0">
                <matrix value="0.9789021624851293 0.15727018728763537 0.1304457210317616 -0.1295797234825533 -0.14861784098988168 0.10993540151390319 0.9827568518004578 0.3042519567709574 0.1402166252679393 -0.9814093191190244 0.1309887447455228 -0.39564701087585075 0.0 0.0 0.0 1.0"/>
            </transform>
            <transform time="0.0015">
                <matrix value="0.9789081942077824 0.15720785761610007 0.13047555923323423 -0.12954259600351284 -0.14867942200592116 0.1102152118408172 0.9827162403240517 0.3040291445107785 0.1401092015640423 -0.9813879631060316 0.13126373771569608 -0.39578784401501926 0.0 0.0 0.0 1.0"/>
            </transform>
        </animation>
    </shape>
    <shape name="temp38" type="ply">
        <string name="filename" value="meshes/Cube_034.ply"/>
        <boolean name="face_normals" value="true"/>
        <ref id="mat-Material" name="bsdf"/>
        <animation name="to_world">
            <transform time="0">
