
<scene version="2.1.0">
    <default name="spp" value="1024"/>
    <default name="resx" value="1280"/>
    <default name="resy" value="720"/>
    <integrator name="temp0" type="path">
        <integer name="max_depth" value="12"/>
    </integrator>
    <sensor name="temp44" type="perspective">
        <string name="fov_axis" value="x"/>
        <float name="fov" value="83.974423"/>
        <float name="principal_point_offset_x" value="0.000000"/>
        <float name="principal_point_offset_y" value="-0.000000"/>
        <float name="near_clip" value="0.100000"/>
        <float name="far_clip" value="1000.000000"/>
        <sampler name="sampler" type="correlated">
            <integer name="sample_count" value="1024"/>
        </sampler>
        <film name="film" type="hdrfilm">
            <integer name="width" value="$resx"/>
            <integer name="height" value="$resy"/>
        </film>
        <float name="shutter_open" value="0.0"/>
        <float name="shutter_close" value="0.0015"/>
        <animation name="to_world">
            <transform time="0">
                <rotate angle="-142.5518126578256" x="1"/>
                <rotate angle="3.976628485794621e-06" y="1"/>
                <rotate angle="-179.999991348578" z="1"/>
                <translate value="-0.000000 3.030926 4.073377"/>
                <translate x="33.15" y="0.0" z="0.0"/>
            </transform>
            <transform time="0.0015">
                <rotate angle="-142.5518126578256" x="1"/>
                <rotate angle="3.976628485794621e-06" y="1"/>
                <rotate angle="-179.999991348578" z="1"/>
                <translate value="-0.000000 3.030926 4.073377"/>
                <translate x="33.3" y="0.0" z="0.0"/>
            </transform>
        </animation>
    </sensor>
    <bsdf id="mat-Material" name="mat-Material" type="twosided">
        <bsdf name="bsdf" type="diffuse">
            <texture name="reflectance" type="bitmap">
                <string name="filename" value="textures/siggraph_2023_logo.jpg"/>
            </texture>
        </bsdf>
    </bsdf>
    <bsdf id="mat-Material.001" name="mat-Material.001" type="twosided">
        <bsdf name="bsdf" type="principled">
            <rgb name="base_color" value="0.433648 0.266232 0.084399"/>
            <float name="spec_tint" value="0.000000"/>
            <float name="spec_trans" value="0.000000"/>
            <float name="metallic" value="0.000000"/>
            <float name="anisotropic" value="0.000000"/>
            <float name="roughness" value="0.500000"/>
            <float name="sheen" value="0.000000"/>
            <float name="sheen_tint" value="0.500000"/>
            <float name="clearcoat" value="0.000000"/>
            <float name="clearcoat_gloss" value="0.173205"/>
            <float name="specular" value="0.500000"/>
        </bsdf>
    </bsdf>
    <bsdf id="mat-Material.002" name="mat-Material.002" type="twosided">
        <bsdf name="bsdf" type="principled">
            <rgb name="base_color" value="0.433648 0.266232 0.084399"/>
            <float name="spec_tint" value="0.000000"/>
            <float name="spec_trans" value="0.000000"/>
            <float name="metallic" value="0.000000"/>
            <float name="anisotropic" value="0.000000"/>
            <float name="roughness" value="0.500000"/>
            <float name="sheen" value="0.000000"/>
            <float name="sheen_tint" value="0.500000"/>
            <float name="clearcoat" value="0.000000"/>
            <float name="clearcoat_gloss" value="0.173205"/>
            <float name="specular" value="0.500000"/>
        </bsdf>
    </bsdf>
    <bsdf id="mat-Material.003" name="mat-Material.003" type="twosided">
        <bsdf name="bsdf" type="principled">
            <rgb name="base_color" value="0.433648 0.266232 0.084399"/>
            <float name="spec_tint" value="0.000000"/>
            <float name="spec_trans" value="0.000000"/>
            <float name="metallic" value="0.000000"/>
            <float name="anisotropic" value="0.000000"/>
            <float name="roughness" value="0.500000"/>
            <float name="sheen" value="0.000000"/>
            <float name="sheen_tint" value="0.500000"/>
            <float name="clearcoat" value="0.000000"/>
            <float name="clearcoat_gloss" value="0.173205"/>
            <float name="specular" value="0.500000"/>
        </bsdf>
    </bsdf>
    <bsdf id="mat-Material.004" name="mat-Material.004" type="twosided">
        <bsdf name="bsdf" type="principled">
            <rgb name="base_color" value="0.433648 0.266232 0.084399"/>
            <float name="spec_tint" value="0.000000"/>
            <float name="spec_trans" value="0.000000"/>
            <float name="metallic" value="0.000000"/>
            <float name="anisotropic" value="0.000000"/>
            <float name="roughness" value="0.500000"/>
            <float name="sheen" value="0.000000"/>
            <float name="sheen_tint" value="0.500000"/>
            <float name="clearcoat" value="0.000000"/>
            <float name="clearcoat_gloss" value="0.173205"/>
            <float name="specular" value="0.500000"/>
        </bsdf>
    </bsdf>
    <bsdf id="mat-Material.005" name="mat-Material.005" type="twosided">
        <bsdf name="bsdf" type="principled">
            <rgb name="base_color" value="0.433648 0.266232 0.084399"/>
            <float name="spec_tint" value="0.000000"/>
            <float name="spec_trans" value="0.000000"/>
            <float name="metallic" value="0.000000"/>
            <float name="anisotropic" value="0.000000"/>
            <float name="roughness" value="0.500000"/>
            <float name="sheen" value="0.000000"/>
            <float name="sheen_tint" value="0.500000"/>
            <float name="clearcoat" value="0.000000"/>
            <float name="clearcoat_gloss" value="0.173205"/>
            <float name="specular" value="0.500000"/>
        </bsdf>
    </bsdf>
    <emitter name="temp45" type="point">
        <point name="position" x="-6.815235034541981e-16" y="3.0693089962005615" z="4.109199523925781"/>
        <rgb name="intensity" value="7.957747 7.957747 7.957747"/>
    </emitter>
    <shape name="temp2" type="ply">
        <string name="filename" value="meshes/Cube.ply"/>
        <boolean name="face_normals" value="true"/>
        <ref id="mat-Material" name="bsdf"/>
        <animation name="to_world">
            <transform time="0">
                <matrix value="0.9999982270352306 0.00021728932487594463 0.0018522708844636734 -0.002864401337028477 -0.0002147284172566207 0.9999988527876218 -0.001380423440771859 -0.015459870897383293 -0.0018525731037698548 0.0013800224436457992 0.9999973996513642 0.004224124471122304 0.0 0.0 0.0 1.0"/>
            </transform>
            <transform time="0.0015">
                <matrix value="0.9999982270352306 0.0002178006226694313 0.0018531370697253272 -0.0028659816246954543 -0.00021519134399177847 0.9999988152418888 -0.0014059128441632819 -0.01542483559091988 -0.0018534454695832041 0.0014055106649331222 0.9999973656098919 0.004228003943097573 0.0 0.0 0.0 1.0"/>
            </transform>
        </animation>
    </shape>
    <shape name="temp4" type="ply">
        <string name="filename" value="meshes/Plane.ply"/>
        <boolean name="face_normals" value="true"/>
        <ref id="mat-Material.001" name="bsdf"/>
    </shape>
    <shape name="temp5" type="ply">
        <string name="filename" value="meshes/Cube_001.ply"/>
        <boolean name="face_normals" value="true"/>
        <ref id="mat-Material" name="bsdf"/>
        <animation name="to_world">
            <transform time="0">
                <matrix value="0.9999982270352306 3.316330255327759e-05 -0.0020430560999214692 0.0025426702939259638 -3.3827281318092925e-05 0.9999968712389685 -0.00031893985204489066 -0.017255064807983084 0.0020427257914957973 0.0003190105606114017 0.9999949175003936 -0.0046388246783420906 0.0 0.0 0.0 1.0"/>
            </transform>
            <transform time="0.0015">
                <matrix value="0.9999982270352306 4.221028485763586e-05 -0.0020434128545507536 0.00254250504729458 -4.324104511640623e-05 0.9999968111657955 -0.0004984119404347585 -0.017055440216333678 0.0020430736527493366 0.0004985015421322659 0.9999948579278172 -0.004643634636913548 0.0 0.0 0.0 1.0"/>
            </transform>
        </animation>
    </shape>
    <shape name="temp6" type="ply">
        <string name="filename" value="meshes/Cube_002.ply"/>
        <boolean name="face_normals" value="true"/>
        <ref id="mat-Material" name="bsdf"/>
        <animation name="to_world">
            <transform time="0">
                <matrix value="1.0 9.589162388955056e-05 0.00045823343660657343 -0.0008172896698119825 -9.699380526109565e-05 0.9999968712389686 0.002389939062011696 -0.018995985396498855 -0.0004579989078537021 -0.0023899823329293756 0.9999969268607031 0.0017396844539442347 0.0 0.0 0.0 1.0"/>
            </transform>
            <transform time="0.0015">
                <matrix value="1.0 9.636243987359844e-05 0.0004589539243669546 -0.0008177017174791413 -9.74899543416603e-05 0.9999967510926226 0.0024414961483045566 -0.01902649059956164 -0.0004587132999785173 -0.002441539607995227 0.9999968077155501 0.00173731354106024 0.0 0.0 0.0 1.0"/>
            </transform>
        </animation>
    </shape>
    <shape name="temp7" type="ply">
        <string name="filename" value="meshes/Cube_003.ply"/>
        <boolean name="face_normals" value="true"/>
        <ref id="mat-Material" name="bsdf"/>
        <animation name="to_world">
            <transform time="0">
                <matrix value="0.9999966756910573 -0.0006863490070355407 -0.00036659242277319135 -0.0019102346364197054 0.0006586253849549756 0.9999111431867057 -0.007063894348307717 -0.01680018063158001 0.00038507243447565443 0.007060913848522079 0.9999095787860721 0.01441675341518453 0.0 0.0 0.0 1.0"/>
            </transform>
            <transform time="0.0015">
                <matrix value="0.9999965639924897 -0.0007751327262966372 -0.0005268246114564743 -0.0019665838045322044 0.000745969516053614 0.9999053761621002 -0.007871982731329025 -0.01674532338643514 0.0005464703223857444 0.007868861305313883 0.9999038172668923 0.01502810832617501 0.0 0.0 0.0 1.0"/>
            </transform>
        </animation>
    </shape>
    <shape name="temp8" type="ply">
        <string name="filename" value="meshes/Cube_004.ply"/>
        <boolean name="face_normals" value="true"/>
        <ref id="mat-Material" name="bsdf"/>
        <animation name="to_world">
            <transform time="0">
                <matrix value="0.9982157325801779 -0.022368800620746192 0.053493060142281626 -0.006774930824768877 0.03248597584867391 0.9812011522183959 -0.18508159894019247 -0.09442724599748534 -0.048115630989296616 0.18655808127686824 0.9802037822307303 0.19527227500688735 0.0 0.0 0.0 1.0"/>
            </transform>
            <transform time="0.0015">
                <matrix value="0.9981573142292968 -0.02256505704865542 0.05450097111643186 -0.006710324316388358 0.03301850706755487 0.9806056017998113 -0.18814539867549313 -0.09567228915878001 -0.04896787957147332 0.18966683268535472 0.9795702704319732 0.19744645037213082 0.0 0.0 0.0 1.0"/>
            </transform>
        </animation>
    </shape>
    <shape name="temp9" type="ply">
        <string name="filename" value="meshes/Cube_005.ply"/>
        <boolean name="face_normals" value="true"/>
        <ref id="mat-Material" name="bsdf"/>
        <animation name="to_world">
            <transform time="0">
                <matrix value="0.9975659409921867 -0.053860765962417324 0.04380544947971751 0.022731207569047784 0.06827749380792053 0.8631758384558104 -0.49791558417304893 -0.3435724869764962 -0.010746305141420534 0.49967659040137835 0.8647967638424832 -0.010477793204116365 0.0 0.0 0.0 1.0"/>
            </transform>
            <transform time="0.0015">
                <matrix value="0.9975434895800889 -0.054326609389572164 0.04374369995111163 0.022789275980283852 0.06868766052249559 0.8614212287286923 -0.5009010978835566 -0.34549947239458856 -0.010223390690506122 0.5026574137352698 0.8630809544954303 -0.012565358118157753 0.0 0.0 0.0 1.0"/>
            </transform>
        </animation>
    </shape>
    <shape name="temp10" type="ply">
        <string name="filename" value="meshes/Cube_006.ply"/>
        <boolean name="face_normals" value="true"/>
        <ref id="mat-Material" name="bsdf"/>
        <animation name="to_world">
            <transform time="0">
                <matrix value="0.9973764553824551 -0.026075493874928822 -0.06486057876195983 -0.006751664867962859 -0.026947145260776524 0.7212318766517251 -0.6905286083265054 -0.3901443712114733 0.0647500695888672 0.6904759471281103 0.7186302214409619 -0.3638123080153635 0.0 0.0 0.0 1.0"/>
            </transform>
            <transform time="0.0015">
                <matrix value="0.9972873199254702 -0.0269725363051092 -0.06587072626083754 -0.006991017238996523 -0.027222428933860947 0.7188624930906702 -0.6929926066819911 -0.3909338864268418 0.06600862362570467 0.6929169979845247 0.7161714058996278 -0.3691841370945046 0.0 0.0 0.0 1.0"/>
            </transform>
        </animation>
    </shape>
    <shape name="temp11" type="ply">
        <string name="filename" value="meshes/Cube_007.ply"/>
        <boolean name="face_normals" value="true"/>
        <ref id="mat-Material" name="bsdf"/>
        <animation name="to_world">
            <transform time="0">
                <matrix value="0.9776892329622517 0.15856274104496448 -0.1370455595264718 0.05536276408378127 -0.20949074689686842 0.6990979781946215 -0.6825632676642865 -0.1579772003301815 -0.012755996166850168 0.6961116800820988 0.7167485146099406 -0.11903547174659307 0.0 0.0 0.0 1.0"/>
            </transform>
            <transform time="0.0015">
                <matrix value="0.9775704973848394 0.15842770781583576 -0.13804892681511213 0.054589008687754445 -0.21005880591959256 0.6971165922395213 -0.6844182981225144 -0.15832489019591517 -0.012528054974248054 0.6981323238557383 0.7147901087108274 -0.12172562485735933 0.0 0.0 0.0 1.0"/>
            </transform>
        </animation>
    </shape>
    <shape name="temp12" type="ply">
        <string name="filename" value="meshes/Cube_008.ply"/>
        <boolean name="face_normals" value="true"/>
        <ref id="mat-Material" name="bsdf"/>
        <animation name="to_world">
            <transform time="0">
                <matrix value="0.07493085437399273 0.9901506602728697 -0.11819076252150607 2.402931179691275 -0.8340704434362185 -0.0027692602357417143 -0.5511333737726946 1.3402908123504853 -0.5460294897230098 0.1398902326338119 0.8256476877463534 1.2568536071743388 0.0 0.0 0.0 1.0"/>
            </transform>
            <transform time="0.0015">
                <matrix value="0.07513186711633632 0.9901083237042152 -0.11841803360275499 2.4021763775694733 -0.8331276117836202 -0.0029681012293175974 -0.5525592093486694 1.3360754718724261 -0.5474420776803308 0.14018598412808958 0.8246633870863259 1.2587106185724333 0.0 0.0 0.0 1.0"/>
            </transform>
        </animation>
    </shape>
    <shape name="temp13" type="ply">
        <string name="filename" value="meshes/Cube_009.ply"/>
        <boolean name="face_normals" value="true"/>
        <ref id="mat-Material" name="bsdf"/>
        <animation name="to_world">
            <transform time="0">
                <matrix value="-0.061373325213154695 0.9937719925827506 0.0929418618779907 2.5498341016988455 -0.8333051875176188 0.0002429979058159496 -0.5522290661297025 0.9295052094975588 -0.5488070606548978 -0.11140695168984383 0.8281031260445719 0.9323246303934625 0.0 0.0 0.0 1.0"/>
            </transform>
            <transform time="0.0015">
                <matrix value="-0.061621236992667014 0.9937533173351019 0.09297783605483818 2.550429739554156 -0.8322942676095684 0.0002602131072848331 -0.5537545240742461 0.9255276026099802 -0.5503143211267717 -0.1115734978036861 0.8270818223041978 0.9339142559803131 0.0 0.0 0.0 1.0"/>
            </transform>
        </animation>
    </shape>
    <shape name="temp14" type="ply">
        <string name="filename" value="meshes/Cube_010.ply"/>
        <boolean name="face_normals" value="true"/>
        <ref id="mat-Material" name="bsdf"/>
        <animation name="to_world">
            <transform time="0">
                <matrix value="0.041097110599315284 0.9989945204965136 0.012109681759878133 1.724209178188027 -0.9866356131887304 0.038651472707817526 0.15727514903543613 2.0985807210125342 0.15663698280401472 -0.018573483124505918 0.9874010744640563 -0.4010086067688532 0.0 0.0 0.0 1.0"/>
            </transform>
            <transform time="0.0015">
                <matrix value="0.04204653821190285 0.9989551049858951 0.012139238268167811 1.7226245623045022 -0.9864577411982163 0.03956791223991139 0.15816576160654675 2.0998813159570955 0.15750826194987017 -0.018786413237031795 0.9872588491929544 -0.40287641141826847 0.0 0.0 0.0 1.0"/>
            </transform>
        </animation>
    </shape>
    <shape name="temp15" type="ply">
        <string name="filename" value="meshes/Cube_011.ply"/>
        <boolean name="face_normals" value="true"/>
        <ref id="mat-Material" name="bsdf"/>
        <animation name="to_world">
            <transform time="0">
                <matrix value="0.010286056784515635 0.9964321695037577 -0.08230540763774402 1.2165565487884338 -0.8160416079372087 0.05591141851767646 0.5751426291226754 2.274217189141681 0.5776877702663171 0.061238905934842505 0.8139019129582937 -1.2695389707533447 0.0 0.0 0.0 1.0"/>
            </transform>
            <transform time="0.0015">
                <matrix value="0.011408107033645861 0.9964226629241344 -0.08228022375656613 1.2151204092866021 -0.8159460577910529 0.05681925482048559 0.5751899382587486 2.273814065507054 0.577802755963244 0.06056466566697745 0.8138710288325859 -1.2695842170318246 0.0 0.0 0.0 1.0"/>
            </transform>
        </animation>
    </shape>
    <shape name="temp16" type="ply">
        <string name="filename" value="meshes/Cube_012.ply"/>
        <boolean name="face_normals" value="true"/>
        <ref id="mat-Material" name="bsdf"/>
        <animation name="to_world">
            <transform time="0">
                <matrix value="0.08118177409946686 0.9889986504610752 0.12365447323792103 1.1434191036297565 -0.8360823152083146 3.7450018042521947e-05 0.5485858594932346 1.8119073993493613 0.5425458355717014 -0.14792342044499326 0.826887581254985 -1.5242367847014342 0.0 0.0 0.0 1.0"/>
            </transform>
            <transform time="0.0015">
                <matrix value="0.08111977979872709 0.9890046878149592 0.12364683092739867 1.143496930201016 -0.836258862772955 3.741281773015695e-05 0.5483167956964922 1.8117912453358005 0.5422830567128348 -0.14788300922153275 0.8270672266144686 -1.5236823301938194 0.0 0.0 0.0 1.0"/>
            </transform>
        </animation>
    </shape>
    <shape name="temp17" type="ply">
        <string name="filename" value="meshes/Cube_013.ply"/>
        <boolean name="face_normals" value="true"/>
        <ref id="mat-Material" name="bsdf"/>
        <animation name="to_world">
            <transform time="0">
                <matrix value="0.9044294422075538 0.28812937635449276 0.3145988063926971 0.5325189285540223 -0.383769881583683 0.22741159685705525 0.8949840929582087 1.4380011231214411 0.1863348075535391 -0.9301871207680901 0.316249436788125 -1.3284079873359056 0.0 0.0 0.0 1.0"/>
            </transform>
            <transform time="0.0015">
                <matrix value="0.9044335431406805 0.28833891909097753 0.3143951107330618 0.5321624899188582 -0.3836757420308673 0.2275959689340633 0.8949776165681111 1.437915022758077 0.1865087972209804 -0.9300771418066653 0.3164704170053003 -1.3283166915260063 0.0 0.0 0.0 1.0"/>
            </transform>
        </animation>
    </shape>
    <shape name="temp18" type="ply">
        <string name="filename" value="meshes/Cube_014.ply"/>
        <boolean name="face_normals" value="true"/>
        <ref id="mat-Material" name="bsdf"/>
        <animation name="to_world">
            <transform time="0">
                <matrix value="0.943107776755368 0.28636798818579834 0.16893865824847135 0.10796104173347365 -0.21595940885808657 0.14127633634598258 0.9661276222743027 1.0238493842345475 0.2528010405530232 -0.9476460244919414 0.19508284710753765 -0.8417295376626466 0.0 0.0 0.0 1.0"/>
            </transform>
            <transform time="0.0015">
                <matrix value="0.9431306270909217 0.2862894725487195 0.16894417722216148 0.10792288972924835 -0.21595548504697443 0.14130249596006936 0.9661246776869523 1.0238435980838156 0.2527191479503034 -0.9476658486390233 0.19509266722124785 -0.8416700121718947 0.0 0.0 0.0 1.0"/>
            </transform>
        </animation>
    </shape>
    <shape name="temp19" type="ply">
        <string name="filename" value="meshes/Cube_015.ply"/>
        <boolean name="face_normals" value="true"/>
        <ref id="mat-Material" name="bsdf"/>
        <animation name="to_world">
            <transform time="0">
                <matrix value="0.9829134952759353 0.13476243317487896 0.1253728308955459 0.04744184635572957 -0.14954328427539815 0.18755566587335193 0.9708036401098576 0.6374121526112073 0.10731339102560693 -0.9729644802189299 0.20450424116862503 -0.3253023163441311 0.0 0.0 0.0 1.0"/>
            </transform>
            <transform time="0.0015">
                <matrix value="0.9829271863289417 0.1346640077864468 0.12537125988160108 0.04739185191836233 -0.14952029032740044 0.18754650171081455 0.9708089590898983 0.6373883146620836 0.10721999825750064 -0.9729798814786514 0.2044799840665294 -0.32519087465315777 0.0 0.0 0.0 1.0"/>
            </transform>
        </animation>
    </shape>
    <shape name="temp20" type="ply">
        <string name="filename" value="meshes/Cube_016.ply"/>
        <boolean name="face_normals" value="true"/>
        <ref id="mat-Material" name="bsdf"/>
        <animation name="to_world">
            <transform time="0">
                <matrix value="0.9845069473624489 0.05329073699009018 0.1670367396166897 0.08732100113807895 -0.17414738124238732 0.1866544158290278 0.9668676578565278 0.3387028899283377 0.020346896070578182 -0.980976507176335 0.19304324001548862 0.04383357699023796 0.0 0.0 0.0 1.0"/>
            </transform>
            <transform time="0.0015">
                <matrix value="0.9845118620994255 0.053123436957927074 0.16706115501163132 0.08735885262302023 -0.17413911235699353 0.1866585353468646 0.9668683471963411 0.3386636692033544 0.02017993048777887 -0.9809848122924987 0.19301863654141277 0.04408681058216772 0.0 0.0 0.0 1.0"/>
            </transform>
        </animation>
    </shape>
    <shape name="temp21" type="ply">
        <string name="filename" value="meshes/Cube_017.ply"/>
        <boolean name="face_normals" value="true"/>
        <ref id="mat-Material" name="bsdf"/>
        <animation name="to_world">
            <transform time="0">
                <matrix value="0.9496196547328408 0.028655738252023787 0.3120046040354574 0.1838982437952389 -0.31213884707646977 0.1732569150833398 0.934049248712 0.1593450621542159 -0.02734727238235049 -0.9844248190011744 0.17348263747215853 0.2506250665570928 0.0 0.0 0.0 1.0"/>
            </transform>
            <transform time="0.0015">
                <matrix value="0.9497691552871717 0.028373978550646713 0.31157545170504464 0.18401086846505255 -0.3116821962051201 0.1727410216921205 0.9342975472106638 0.1594382782244466 -0.027368019593444634 -0.9845238195902378 0.17291760349899946 0.2507805181292735 0.0 0.0 0.0 1.0"/>
            </transform>
        </animation>
    </shape>
    <shape name="temp22" type="ply">
        <string name="filename" value="meshes/Cube_018.ply"/>
        <boolean name="face_normals" value="true"/>
        <ref id="mat-Material" name="bsdf"/>
        <animation name="to_world">
            <transform time="0">
                <matrix value="0.16139590835190515 0.9772508828320711 0.13697601202022977 0.8668690424938904 -0.5648000893574243 -0.022385288148461798 0.8246555365441177 -0.021565535828308453 0.8090195593473362 -0.21069820388258387 0.5484363394466742 -0.20980325534187838 0.0 0.0 0.0 1.0"/>
            </transform>
            <transform time="0.0015">
                <matrix value="0.16064303447484055 0.9772971166478223 0.1375332845377136 0.8670308969802646 -0.565939414747458 -0.022989766642014013 0.8238588043962424 -0.02039726065766836 0.808374340549773 -0.21041956423162822 0.5494951568894787 -0.2099977037493695 0.0 0.0 0.0 1.0"/>
            </transform>
        </animation>
    </shape>
    <shape name="temp23" type="ply">
        <string name="filename" value="meshes/Cube_019.ply"/>
        <boolean name="face_normals" value="true"/>
        <ref id="mat-Material" name="bsdf"/>
        <animation name="to_world">
            <transform time="0">
                <matrix value="-0.07656938408976875 0.9873422843710042 -0.13889389915658873 0.47314897450257326 -0.9014577316334147 -0.009034737590812289 0.43273347230226833 -0.058984390351343056 0.42600123752940905 0.1583467000957401 0.8907390238102105 -0.04883693240508208 0.0 0.0 0.0 1.0"/>
            </transform>
            <transform time="0.0015">
                <matrix value="-0.07650899026993403 0.987342149206365 -0.13892816955774961 0.473200080531718 -0.9016407258011024 -0.009032384674809777 0.43235234397884625 -0.05880105866261771 0.4256248835669556 0.15834769130309417 0.8909188478874235 -0.04884752881491902 0.0 0.0 0.0 1.0"/>
            </transform>
        </animation>
    </shape>
    <shape name="temp24" type="ply">
        <string name="filename" value="meshes/Cube_020.ply"/>
        <boolean name="face_normals" value="true"/>
        <ref id="mat-Material" name="bsdf"/>
        <animation name="to_world">
            <transform time="0">
                <matrix value="0.10271500489684947 0.9684964364657775 -0.22672126524648242 0.04809061110913063 -0.9455162796646315 0.024286928277736625 -0.32458497330159 0.1875327054984045 -0.30889279376503254 0.24770826981255867 0.9182648958454032 0.10530468750703287 0.0 0.0 0.0 1.0"/>
            </transform>
            <transform time="0.0015">
                <matrix value="0.10231185338164085 0.9684472935216303 -0.22711385448290267 0.048339900980923056 -0.9455257303718925 0.023761238963480806 -0.32459678569246686 0.1875568378154094 -0.3089979338297557 0.2479519664306497 0.918163792672704 0.105461673283862 0.0 0.0 0.0 1.0"/>
            </transform>
        </animation>
    </shape>
    <shape name="temp25" type="ply">
        <string name="filename" value="meshes/Cube_021.ply"/>
        <boolean name="face_normals" value="true"/>
        <ref id="mat-Material" name="bsdf"/>
        <animation name="to_world">
            <transform time="0">
                <matrix value="0.1907905561258592 0.9311044735025229 -0.3107346883198486 -0.16142978978634104 -0.8059742707352662 -0.03209840787780311 -0.5910403332985044 0.09990754083187064 -0.5602850129515076 0.36322975743758645 0.7443817103769513 0.24810397722551664 0.0 0.0 0.0 1.0"/>
            </transform>
            <transform time="0.0015">
                <matrix value="0.19013665356250814 0.9312560230996465 -0.3106820687141028 -0.16184957647395593 -0.806083958728699 -0.032545319995409425 -0.5908665005204091 0.09981571874373918 -0.5603499098193125 0.36280178113501665 0.744541705296573 0.2485099308266458 0.0 0.0 0.0 1.0"/>
            </transform>
        </animation>
    </shape>
    <shape name="temp26" type="ply">
        <string name="filename" value="meshes/Cube_022.ply"/>
        <boolean name="face_normals" value="true"/>
        <ref id="mat-Material" name="bsdf"/>
        <animation name="to_world">
            <transform time="0">
                <matrix value="0.6423954438351356 0.3984377053249427 -0.6546081014570935 -0.07660753825265504 -0.7074246888890072 -0.020085822958014112 -0.7064518431980317 -0.1888247330567272 -0.2946285816104548 0.9169753015604174 0.26896327882214605 0.6669204734196008 0.0 0.0 0.0 1.0"/>
            </transform>
            <transform time="0.0015">
                <matrix value="0.6428034148750092 0.3984462807703849 -0.6542025228462207 -0.07648910161457834 -0.7069912824895855 -0.020055204187388827 -0.7068867230061522 -0.18824308537819606 -0.294779725729424 0.9169722453377424 0.26880813481232146 0.666877852119032 0.0 0.0 0.0 1.0"/>
            </transform>
        </animation>
    </shape>
    <shape name="temp27" type="ply">
        <string name="filename" value="meshes/Cube_023.ply"/>
        <boolean name="face_normals" value="true"/>
        <ref id="mat-Material" name="bsdf"/>
        <animation name="to_world">
            <transform time="0">
                <matrix value="0.8563931779861602 0.290994069954925 -0.42640883343159497 -0.06840736401395187 -0.4785008075854525 0.13728504890253493 -0.867286715858959 -0.28497639827527377 -0.1938399668810181 0.9467762289251871 0.2568059397636331 0.18274415425909846 0.0 0.0 0.0 1.0"/>
            </transform>
            <transform time="0.0015">
                <matrix value="0.8565007437068075 0.29036003515990305 -0.4266254818714251 -0.06824881986289769 -0.47851792938017945 0.13714778921143284 -0.8672989878097088 -0.2849889885267449 -0.19332243869460516 0.9469910055368673 0.2564047610130499 0.1834613507531052 0.0 0.0 0.0 1.0"/>
            </transform>
        </animation>
    </shape>
    <shape name="temp28" type="ply">
        <string name="filename" value="meshes/Cube_024.ply"/>
        <boolean name="face_normals" value="true"/>
        <ref id="mat-Material" name="bsdf"/>
        <animation name="to_world">
            <transform time="0">
                <matrix value="0.859451985454597 0.4278081151717794 -0.2798613399549241 -0.18740907429247522 -0.3835514523240909 0.17768559288978628 -0.9062649963287805 -0.516484508295423 -0.337980362642214 0.8862323042490661 0.3167984649432817 -0.3222757657912367 0.0 0.0 0.0 1.0"/>
            </transform>
            <transform time="0.0015">
                <matrix value="0.8594494802152941 0.42783906036500835 -0.27982174972268586 -0.1874287971945935 -0.38352461594536597 0.17769410826205556 -0.9062746811276384 -0.5164630646124444 -0.338017200829825 0.8862156564710053 0.3168057242872411 -0.32229375223951207 0.0 0.0 0.0 1.0"/>
            </transform>
        </animation>
    </shape>
    <shape name="temp29" type="ply">
        <string name="filename" value="meshes/Cube_025.ply"/>
        <boolean name="face_normals" value="true"/>
        <ref id="mat-Material" name="bsdf"/>
        <animation name="to_world">
            <transform time="0">
                <matrix value="0.8960136216883234 0.3733301280914767 -0.24038272876803518 -0.27395348904576633 -0.3250544300184211 0.18269813922152256 -0.9278799215734852 -0.7961939099347485 -0.30248804578504224 0.9095304146859872 0.2850529360063656 -0.717787264935414 0.0 0.0 0.0 1.0"/>
            </transform>
            <transform time="0.0015">
                <matrix value="0.8960351156841271 0.37328821954417973 -0.2403677079684005 -0.27390805640086135 -0.3250275808741456 0.18270507466934255 -0.9278879638713066 -0.7961784067127099 -0.3024532341285871 0.9095462289487729 0.2850394300522465 -0.7177609718715626 0.0 0.0 0.0 1.0"/>
            </transform>
        </animation>
    </shape>
    <shape name="temp30" type="ply">
        <string name="filename" value="meshes/Cube_026.ply"/>
        <boolean name="face_normals" value="true"/>
        <ref id="mat-Material" name="bsdf"/>
        <animation name="to_world">
            <transform time="0">
                <matrix value="0.9227266602485342 0.24153002671961923 -0.30039842069007583 -0.321357280028096 -0.350840429624823 0.2034844281563463 -0.9140595413646914 -1.146085025763791 -0.1596466126621598 0.9488185798345095 0.27249892558322275 -0.862097561636906 0.0 0.0 0.0 1.0"/>
            </transform>
            <transform time="0.0015">
                <matrix value="0.9227241709661694 0.24152417709440077 -0.30041076072377004 -0.3213826839209556 -0.3508430465626936 0.20343720088049705 -0.91406904744582 -1.1460934415128974 -0.15965523579158236 0.9488301964843335 0.2724534206451793 -0.8621703891842107 0.0 0.0 0.0 1.0"/>
            </transform>
        </animation>
    </shape>
    <shape name="temp31" type="ply">
        <string name="filename" value="meshes/Cube_027.ply"/>
        <boolean name="face_normals" value="true"/>
        <ref id="mat-Material" name="bsdf"/>
        <animation name="to_world">
            <transform time="0">
                <matrix value="0.8734617314419345 0.1795850115659866 -0.4525624308248164 -0.5677131446512622 -0.4828190849019639 0.19948908375276114 -0.8526953322796407 -1.5842474928090544 -0.0628504486487349 0.9633023446935172 0.2609529048494611 -0.9980341367024836 0.0 0.0 0.0 1.0"/>
            </transform>
            <transform time="0.0015">
                <matrix value="0.8734564337384403 0.1795076876304767 -0.4526033571848409 -0.5677818587087328 -0.48283504184019965 0.19943478586445268 -0.8526990002482766 -1.5842641543004987 -0.0628015821210817 0.9633280109566709 0.2608699542919317 -0.9980638409681415 0.0 0.0 0.0 1.0"/>
            </transform>
        </animation>
    </shape>
    <shape name="temp32" type="ply">
        <string name="filename" value="meshes/Cube_028.ply"/>
        <boolean name="face_normals" value="true"/>
        <ref id="mat-Material" name="bsdf"/>
        <animation name="to_world">
            <transform time="0">
                <matrix value="-0.10845152359727459 0.9841009922344153 0.140652113066941 -1.4885864611594493 -0.7926726025527147 -0.00022634187346038886 -0.6096303438937432 -2.121046638278985 -0.5999061215154594 -0.17760789532417093 0.7800941893554965 -1.3648316743472884 0.0 0.0 0.0 1.0"/>
            </transform>
            <transform time="0.0015">
                <matrix value="-0.10845176454704195 0.9841065264754756 0.14061324876909864 -1.4886311119846947 -0.7924713217338087 -0.00019101832211060522 -0.6098920802635815 -2.1209721028693074 -0.6001720598480966 -0.17757731056997986 0.7798966466919721 -1.3655584042893436 0.0 0.0 0.0 1.0"/>
            </transform>
        </animation>
    </shape>
    <shape name="temp33" type="ply">
        <string name="filename" value="meshes/Cube_029.ply"/>
        <boolean name="face_normals" value="true"/>
        <ref id="mat-Material" name="bsdf"/>
        <animation name="to_world">
            <transform time="0">
                <matrix value="-0.004669594717983359 0.9804796599245343 0.19652790812353643 -1.611839499866278 -0.9984743638159166 -0.015342982084714334 0.052816768560933966 -1.8109808179094262 0.054800656706150586 -0.19599580120269575 0.9790673116792059 -0.0970660744688352 0.0 0.0 0.0 1.0"/>
            </transform>
            <transform time="0.0015">
                <matrix value="-0.004943206742218205 0.9804802306196776 0.19651857310080595 -1.6123855995532022 -0.9984853741032993 -0.015566419070285071 0.05254368276424404 -1.8111555753772708 0.05457670107801162 -0.19597546868638757 0.9790839154073007 -0.09754227286290817 0.0 0.0 0.0 1.0"/>
            </transform>
        </animation>
    </shape>
    <shape name="temp34" type="ply">
        <string name="filename" value="meshes/Cube_030.ply"/>
        <boolean name="face_normals" value="true"/>
        <ref id="mat-Material" name="bsdf"/>
        <animation name="to_world">
            <transform time="0">
                <matrix value="-0.03818352794795099 0.9812512453036367 -0.18890991069594043 -3.1997447019020187 -0.9763343367107973 0.003628258743854267 0.21619219408583454 -1.9268396520215663 0.21282443363145884 0.19269801154697686 0.9578911063567728 0.25380199952312743 0.0 0.0 0.0 1.0"/>
            </transform>
            <transform time="0.0015">
                <matrix value="-0.038124387022262465 0.9812486998883136 -0.1889350815849108 -3.1996267267879386 -0.9764015984228043 0.0036315616368913606 0.21588843252202158 -1.9273921023180738 0.212526531887675 0.19271090689040912 0.9579546969264993 0.25320227960461283 0.0 0.0 0.0 1.0"/>
            </transform>
        </animation>
    </shape>
    <shape name="temp35" type="ply">
        <string name="filename" value="meshes/Cube_031.ply"/>
        <boolean name="face_normals" value="true"/>
        <ref id="mat-Material" name="bsdf"/>
        <animation name="to_world">
            <transform time="0">
                <matrix value="0.12020073950360532 0.9805867678438457 0.1549230509559591 -1.9434024430113221 -0.7952930444819131 0.00171179834926568 0.6062166771232201 -1.2475210853709076 0.5941829912397811 -0.1960781084762308 0.7800594392419086 0.568965653355398 0.0 0.0 0.0 1.0"/>
            </transform>
            <transform time="0.0015">
                <matrix value="0.12018595220894224 0.9805830958711476 0.15495775453485447 -1.9433931417917005 -0.795412625777052 0.001717802137264305 0.6060597799775742 -1.2479966406731782 0.5940259430536647 -0.19609641051929244 0.780174482397411 0.5687176060053744 0.0 0.0 0.0 1.0"/>
            </transform>
        </animation>
    </shape>
    <shape name="temp36" type="ply">
        <string name="filename" value="meshes/Cube_032.ply"/>
        <boolean name="face_normals" value="true"/>
        <ref id="mat-Material" name="bsdf"/>
        <animation name="to_world">
            <transform time="0">
                <matrix value="0.6732261930723175 0.6130564240764419 0.41320662701213795 -0.6899804988737583 -0.5248279337691282 0.0027319433986270998 0.8510183438048584 -0.5445284745365206 0.5205827912493551 -0.7900339574863952 0.3235922303473924 -0.1456077577578243 0.0 0.0 0.0 1.0"/>
            </transform>
            <transform time="0.0015">
                <matrix value="0.6726853486077544 0.6130927007637723 0.41403397946431114 -0.6906473699253426 -0.5259168831051514 0.0027688252480838646 0.8503466630053298 -0.5480145737798441 0.5201843784154846 -0.7900056855493636 0.3243022078032134 -0.14600556752240332 0.0 0.0 0.0 1.0"/>
            </transform>
        </animation>
    </shape>
    <shape name="temp37" type="ply">
        <string name="filename" value="meshes/Cube_033.ply"/>
        <boolean name="face_normals" value="true"/>
        <ref id="mat-Material" name="bsdf"/>
        <animation name="to_world">
            <transform time="0">
                <matrix value="0.9768858583011097 0.16811095838122075 0.13203342299020238 -0.13948610224040747 -0.1500755726232964 0.09952613871257741 0.9836512535335191 0.3004912526723937 0.15222223404198734 -0.9807298565150191 0.12245500333081022 -0.3745529438250889 0.0 0.0 0.0 1.0"/>
            </transform>
            <transform time="0.0015">
                <matrix value="0.9768858583011097 0.16812862590139283 0.13201097008613652 -0.13951031744770004 -0.15007142062796747 0.09963073812136214 0.9836413049132511 0.300496120373148 0.15222636369760276 -0.9807162123956071 0.12255913789652692 -0.37447371317414935 0.0 0.0 0.0 1.0"/>
            </transform>
        </animation>
    </shape>
    <shape name="temp38" type="ply">
        <string name="filename" value="meshes/Cube_034.ply"/>
        <boolean name="face_normals" value="true"/>
        <ref id="mat-Material" name="bsdf"/>
        <animation name="to_world">
            <transform time="0">
                <matrix value="0.999924870617896 0.002504872523846374 0.01201277149412723 -0.03439669904779219 -0.01226796323580254 0.18175700790325036 0.9832671111214075 0.3693460340225431 0.0002795544362237978 -0.9833402861356256 0.18177407367307755 -0.358227714649917 0.0 0.0 0.0 1.0"/>
            </transform>
            <transform time="0.0015">
