
<scene version="2.1.0">
    <default name="spp" value="1024"/>
    <default name="resx" value="1280"/>
    <default name="resy" value="720"/>
    <integrator name="temp0" type="path">
        <integer name="max_depth" value="12"/>
    </integrator>
    <sensor name="temp44" type="perspective">
        <string name="fov_axis" value="x"/>
        <float name="fov" value="83.974423"/>
        <float name="principal_point_offset_x" value="0.000000"/>
        <float name="principal_point_offset_y" value="-0.000000"/>
        <float name="near_clip" value="0.100000"/>
        <float name="far_clip" value="1000.000000"/>
        <sampler name="sampler" type="independent">
            <integer name="sample_count" value="$spp"/>
        </sampler>
        <film name="film" type="hdrfilm">
            <integer name="width" value="$resx"/>
            <integer name="height" value="$resy"/>
        </film>
        <float name="shutter_open" value="0.0"/>
        <float name="shutter_close" value="0.0015"/>
        <animation name="to_world">
            <transform time="0">
                <rotate angle="-142.5518126578256" x="1"/>
                <rotate angle="3.976628485794621e-06" y="1"/>
                <rotate angle="-179.999991348578" z="1"/>
                <translate value="-0.000000 3.030926 4.073377"/>
            </transform>
            <transform time="0.0015">
                <rotate angle="-142.5518126578256" x="1"/>
                <rotate angle="3.976628485794621e-06" y="1"/>
                <rotate angle="-179.999991348578" z="1"/>
                <translate value="-0.000000 3.030926 4.073377"/>
                <translate x="0.15" y="0.0" z="0.0"/>
            </transform>
        </animation>
    </sensor>
    <bsdf id="mat-Material" name="mat-Material" type="twosided">
        <bsdf name="bsdf" type="diffuse">
            <texture name="reflectance" type="bitmap">
                <string name="filename" value="textures/siggraph_2023_logo.jpg"/>
            </texture>
        </bsdf>
    </bsdf>
    <bsdf id="mat-Material.001" name="mat-Material.001" type="twosided">
        <bsdf name="bsdf" type="principled">
            <rgb name="base_color" value="0.433648 0.266232 0.084399"/>
            <float name="spec_tint" value="0.000000"/>
            <float name="spec_trans" value="0.000000"/>
            <float name="metallic" value="0.000000"/>
            <float name="anisotropic" value="0.000000"/>
            <float name="roughness" value="0.500000"/>
            <float name="sheen" value="0.000000"/>
            <float name="sheen_tint" value="0.500000"/>
            <float name="clearcoat" value="0.000000"/>
            <float name="clearcoat_gloss" value="0.173205"/>
            <float name="specular" value="0.500000"/>
        </bsdf>
    </bsdf>
    <bsdf id="mat-Material.002" name="mat-Material.002" type="twosided">
        <bsdf name="bsdf" type="principled">
            <rgb name="base_color" value="0.433648 0.266232 0.084399"/>
            <float name="spec_tint" value="0.000000"/>
            <float name="spec_trans" value="0.000000"/>
            <float name="metallic" value="0.000000"/>
            <float name="anisotropic" value="0.000000"/>
            <float name="roughness" value="0.500000"/>
            <float name="sheen" value="0.000000"/>
            <float name="sheen_tint" value="0.500000"/>
            <float name="clearcoat" value="0.000000"/>
            <float name="clearcoat_gloss" value="0.173205"/>
            <float name="specular" value="0.500000"/>
        </bsdf>
    </bsdf>
    <bsdf id="mat-Material.003" name="mat-Material.003" type="twosided">
        <bsdf name="bsdf" type="principled">
            <rgb name="base_color" value="0.433648 0.266232 0.084399"/>
            <float name="spec_tint" value="0.000000"/>
            <float name="spec_trans" value="0.000000"/>
            <float name="metallic" value="0.000000"/>
            <float name="anisotropic" value="0.000000"/>
            <float name="roughness" value="0.500000"/>
            <float name="sheen" value="0.000000"/>
            <float name="sheen_tint" value="0.500000"/>
            <float name="clearcoat" value="0.000000"/>
            <float name="clearcoat_gloss" value="0.173205"/>
            <float name="specular" value="0.500000"/>
        </bsdf>
    </bsdf>
    <bsdf id="mat-Material.004" name="mat-Material.004" type="twosided">
        <bsdf name="bsdf" type="principled">
            <rgb name="base_color" value="0.433648 0.266232 0.084399"/>
            <float name="spec_tint" value="0.000000"/>
            <float name="spec_trans" value="0.000000"/>
            <float name="metallic" value="0.000000"/>
            <float name="anisotropic" value="0.000000"/>
            <float name="roughness" value="0.500000"/>
            <float name="sheen" value="0.000000"/>
            <float name="sheen_tint" value="0.500000"/>
            <float name="clearcoat" value="0.000000"/>
            <float name="clearcoat_gloss" value="0.173205"/>
            <float name="specular" value="0.500000"/>
        </bsdf>
    </bsdf>
    <bsdf id="mat-Material.005" name="mat-Material.005" type="twosided">
        <bsdf name="bsdf" type="principled">
            <rgb name="base_color" value="0.433648 0.266232 0.084399"/>
            <float name="spec_tint" value="0.000000"/>
            <float name="spec_trans" value="0.000000"/>
            <float name="metallic" value="0.000000"/>
            <float name="anisotropic" value="0.000000"/>
            <float name="roughness" value="0.500000"/>
            <float name="sheen" value="0.000000"/>
            <float name="sheen_tint" value="0.500000"/>
            <float name="clearcoat" value="0.000000"/>
            <float name="clearcoat_gloss" value="0.173205"/>
            <float name="specular" value="0.500000"/>
        </bsdf>
    </bsdf>
    <emitter name="temp45" type="point">
        <point name="position" x="-6.815235034541981e-16" y="3.0693089962005615" z="4.109199523925781"/>
        <rgb name="intensity" value="7.957747 7.957747 7.957747"/>
    </emitter>
    <shape name="temp2" type="ply">
        <string name="filename" value="meshes/Cube.ply"/>
        <boolean name="face_normals" value="true"/>
        <ref id="mat-Material" name="bsdf"/>
        <transform name="to_world">
            <matrix value="0.9508777948573384 -0.30560465392774233 -0.048416245843579106 0.3329887401592124 0.03924556138269976 0.27419700348126813 -0.9607582569343024 1.2527302451052609 0.30681088848583493 0.9117629942660239 0.272777635677918 1.3807762206538068 0.0 0.0 0.0 1.0"/>
        </transform>
    </shape>
    <shape name="temp4" type="ply">
        <string name="filename" value="meshes/Plane.ply"/>
        <boolean name="face_normals" value="true"/>
        <ref id="mat-Material.001" name="bsdf"/>
    </shape>
    <shape name="temp5" type="ply">
        <string name="filename" value="meshes/Cube_001.ply"/>
        <boolean name="face_normals" value="true"/>
        <ref id="mat-Material" name="bsdf"/>
        <transform name="to_world">
            <matrix value="0.9982567323904707 -0.022735215039745696 -0.0544631674799454 0.04082883056465292 -0.05447565010185683 7.137569536713925e-05 -0.9985152009289391 1.1727189422261841 0.022705342563387923 0.9997413557547302 -0.0011672634072793686 1.0799454557075596 0.0 0.0 0.0 1.0"/>
        </transform>
    </shape>
    <shape name="temp6" type="ply">
        <string name="filename" value="meshes/Cube_002.ply"/>
        <boolean name="face_normals" value="true"/>
        <ref id="mat-Material" name="bsdf"/>
        <transform name="to_world">
            <matrix value="0.9997364931111454 -0.022113060908633922 0.0062091833912423094 -0.04072873713518521 0.010907746880911728 0.21919557468039708 -0.9756200767717476 0.654546611129827 0.020212928636395067 0.9754302567878471 0.21937900365041668 0.5437364678701015 0.0 0.0 0.0 1.0"/>
        </transform>
    </shape>
    <shape name="temp7" type="ply">
        <string name="filename" value="meshes/Cube_003.ply"/>
        <boolean name="face_normals" value="true"/>
        <ref id="mat-Material" name="bsdf"/>
        <transform name="to_world">
            <matrix value="0.9958115923528483 -0.04812845858459023 0.07773622867182228 -0.07806918058104784 0.08646310371666605 0.21932760839592597 -0.9718124571828957 0.1427285295652259 0.029722163123396574 0.9744633653370824 0.22257006875794583 0.21896608807129442 0.0 0.0 0.0 1.0"/>
        </transform>
    </shape>
    <shape name="temp8" type="ply">
        <string name="filename" value="meshes/Cube_004.ply"/>
        <boolean name="face_normals" value="true"/>
        <ref id="mat-Material" name="bsdf"/>
        <transform name="to_world">
            <matrix value="0.9774596340246122 -0.17016468755149422 0.12494534539958138 0.05003321906379021 0.16137449980231444 0.22068486493138628 -0.9619025285317344 -0.374775267935993 0.13610831130424608 0.9603836278192744 0.24317124808697077 -0.3520816999246599 0.0 0.0 0.0 1.0"/>
        </transform>
    </shape>
    <shape name="temp9" type="ply">
        <string name="filename" value="meshes/Cube_005.ply"/>
        <boolean name="face_normals" value="true"/>
        <ref id="mat-Material" name="bsdf"/>
        <transform name="to_world">
            <matrix value="0.9725405432718646 -0.21708720691331038 0.08388069884133192 0.12591949444271 0.13234147035514257 0.21939133082893397 -0.966619442759471 -0.633894325707397 0.19143806502170996 0.9511772484841153 0.24209659491437996 -0.7989927708480228 0.0 0.0 0.0 1.0"/>
        </transform>
    </shape>
    <shape name="temp10" type="ply">
        <string name="filename" value="meshes/Cube_006.ply"/>
        <boolean name="face_normals" value="true"/>
        <ref id="mat-Material" name="bsdf"/>
        <transform name="to_world">
            <matrix value="0.9873740530151924 -0.1435846945182021 -0.06690167514459121 0.03365866882337065 -0.034041754650043346 0.22013910471546005 -0.9748742495039243 -0.5426044203201748 0.1547047171500655 0.9648428423333884 0.212471803946951 -1.0410254458092543 0.0 0.0 0.0 1.0"/>
        </transform>
    </shape>
    <shape name="temp11" type="ply">
        <string name="filename" value="meshes/Cube_007.ply"/>
        <boolean name="face_normals" value="true"/>
        <ref id="mat-Material" name="bsdf"/>
        <transform name="to_world">
            <matrix value="0.918080827690873 -0.25223549975699955 -0.30576636765809295 0.18023238926940266 -0.255729291328252 0.2124584135512898 -0.9431083905685828 -0.27741594842347517 0.30285216842456125 0.9440527467393096 0.13054618904723697 -1.8204908880940143 0.0 0.0 0.0 1.0"/>
        </transform>
    </shape>
    <shape name="temp12" type="ply">
        <string name="filename" value="meshes/Cube_008.ply"/>
        <boolean name="face_normals" value="true"/>
        <ref id="mat-Material" name="bsdf"/>
        <transform name="to_world">
            <matrix value="0.3109551936343473 0.8889097936477808 -0.33635060453377874 1.7688333217370782 -0.5822959273226282 -0.10148021684399788 -0.8065777946301382 0.43871270270571405 -0.7511118705310207 0.4466881021561335 0.486043574278486 0.98370509214208 0.0 0.0 0.0 1.0"/>
        </transform>
    </shape>
    <shape name="temp13" type="ply">
        <string name="filename" value="meshes/Cube_009.ply"/>
        <boolean name="face_normals" value="true"/>
        <ref id="mat-Material" name="bsdf"/>
        <transform name="to_world">
            <matrix value="-0.06718361886930946 0.990760142921804 0.11781062701024679 2.6082133184926573 -0.8686649752582767 -5.5747951182984544e-06 -0.4953233911761188 1.0929401085837156 -0.4907460103860276 -0.13562587735673926 0.860639042769116 0.8662899532480903 0.0 0.0 0.0 1.0"/>
        </transform>
    </shape>
    <shape name="temp14" type="ply">
        <string name="filename" value="meshes/Cube_010.ply"/>
        <boolean name="face_normals" value="true"/>
        <ref id="mat-Material" name="bsdf"/>
        <transform name="to_world">
            <matrix value="0.013657074484022928 0.9944944235049216 0.10387188365945643 1.935729892204022 -0.9938043746132721 0.0020577725724464616 0.11084981284581683 2.026657075934721 0.1100285979217307 -0.10473053024156122 0.9883643854359674 -0.35028314836965446 0.0 0.0 0.0 1.0"/>
        </transform>
    </shape>
    <shape name="temp15" type="ply">
        <string name="filename" value="meshes/Cube_011.ply"/>
        <boolean name="face_normals" value="true"/>
        <ref id="mat-Material" name="bsdf"/>
        <transform name="to_world">
            <matrix value="0.05610961443335159 0.983742853388344 0.17047787552462035 1.6241904280514274 -0.9285058605350454 -0.011309021469558199 0.3710407919054457 2.0775293933939274 0.3669607350357341 -0.17914690158795052 0.9127830065798277 -0.927667424552442 0.0 0.0 0.0 1.0"/>
        </transform>
    </shape>
    <shape name="temp16" type="ply">
        <string name="filename" value="meshes/Cube_012.ply"/>
        <boolean name="face_normals" value="true"/>
        <ref id="mat-Material" name="bsdf"/>
        <transform name="to_world">
            <matrix value="0.0931698526843573 0.9904421565089703 0.10170340565296881 1.0956857196937086 -0.7383797672806444 0.00020939723375808006 0.6743854075999207 1.8461865586829913 0.6679186014144713 -0.1379280614405233 0.7313419075495686 -1.8347299761174627 0.0 0.0 0.0 1.0"/>
        </transform>
    </shape>
    <shape name="temp17" type="ply">
        <string name="filename" value="meshes/Cube_013.ply"/>
        <boolean name="face_normals" value="true"/>
        <ref id="mat-Material" name="bsdf"/>
        <transform name="to_world">
            <matrix value="0.898260189671771 0.17217672076642132 0.404323008688474 0.6989552712127898 -0.42785917163540044 0.13268471683669747 0.8940491494259613 1.4774775010307608 0.10028919271595155 -0.9760869837283568 0.19285730326826 -1.3854105677010682 0.0 0.0 0.0 1.0"/>
        </transform>
    </shape>
    <shape name="temp18" type="ply">
        <string name="filename" value="meshes/Cube_014.ply"/>
        <boolean name="face_normals" value="true"/>
        <ref id="mat-Material" name="bsdf"/>
        <transform name="to_world">
            <matrix value="0.9396174739861745 0.29758063338638324 0.16901099521961363 0.11108451448633189 -0.21615831334315555 0.13318549589819428 0.9672315884678793 1.0252289813340627 0.2653197010072213 -0.9453606731425067 0.18946800885631465 -0.8650453742543084 0.0 0.0 0.0 1.0"/>
        </transform>
    </shape>
    <shape name="temp19" type="ply">
        <string name="filename" value="meshes/Cube_015.ply"/>
        <boolean name="face_normals" value="true"/>
        <ref id="mat-Material" name="bsdf"/>
        <transform name="to_world">
            <matrix value="0.9831235916011113 0.13052184605244221 0.12819000132854175 0.017939395223730115 -0.14950022339356095 0.16932079812608075 0.9741561986874385 0.6395843771102923 0.10544344508330275 -0.9768800203578052 0.18597629616741707 -0.29601450256596995 0.0 0.0 0.0 1.0"/>
        </transform>
    </shape>
    <shape name="temp20" type="ply">
        <string name="filename" value="meshes/Cube_016.ply"/>
        <boolean name="face_normals" value="true"/>
        <ref id="mat-Material" name="bsdf"/>
        <transform name="to_world">
            <matrix value="0.9851808955954235 0.02527087770090296 0.1696483052109568 0.03756967253744231 -0.17147191091915814 0.1685718770271764 0.9706600299465604 0.3270431352708799 -0.004068513120825776 -0.9853653245672402 0.1704070278440604 0.19336658339535587 0.0 0.0 0.0 1.0"/>
        </transform>
    </shape>
    <shape name="temp21" type="ply">
        <string name="filename" value="meshes/Cube_017.ply"/>
        <boolean name="face_normals" value="true"/>
        <ref id="mat-Material" name="bsdf"/>
        <transform name="to_world">
            <matrix value="0.9430215663434551 -0.14148099903425576 0.30114070202794097 0.21874331435656946 -0.28446891726814494 0.12661294931615713 0.9502865347801358 0.16098560922189314 -0.17257746526318776 -0.9818056288496797 0.07915352505625027 0.4546911833279424 0.0 0.0 0.0 1.0"/>
        </transform>
    </shape>
    <shape name="temp22" type="ply">
        <string name="filename" value="meshes/Cube_018.ply"/>
        <boolean name="face_normals" value="true"/>
        <ref id="mat-Material" name="bsdf"/>
        <transform name="to_world">
            <matrix value="0.19685225618631733 0.9572616457700194 0.21188111111478838 0.8537065976175668 -0.6113980359096285 -0.04908402392042101 0.7897920713951722 0.028776810775689173 0.7664411455479968 -0.285023246694464 0.5756067913541718 -0.1552611531240335 0.0 0.0 0.0 1.0"/>
        </transform>
    </shape>
    <shape name="temp23" type="ply">
        <string name="filename" value="meshes/Cube_019.ply"/>
        <boolean name="face_normals" value="true"/>
        <ref id="mat-Material" name="bsdf"/>
        <transform name="to_world">
            <matrix value="-0.08104554391899679 0.9837501538307507 -0.16020966611050724 0.5075950649330905 -0.9135690755938989 -0.009049125719875768 0.4065835390366701 -0.04628472470757865 0.3985268435730913 0.17931430073233867 0.899457047204838 -0.05494822736215721 0.0 0.0 0.0 1.0"/>
        </transform>
    </shape>
    <shape name="temp24" type="ply">
        <string name="filename" value="meshes/Cube_020.ply"/>
        <boolean name="face_normals" value="true"/>
        <ref id="mat-Material" name="bsdf"/>
        <transform name="to_world">
            <matrix value="0.0987691906251417 0.9410852894400608 -0.3234239168012716 0.14068855785503545 -0.9612470717837986 0.006163222713856016 -0.2756182809433994 0.14099756231649968 -0.25738695805797235 0.3381129694980737 0.9052245020704186 0.11829677750356049 0.0 0.0 0.0 1.0"/>
        </transform>
    </shape>
    <shape name="temp25" type="ply">
        <string name="filename" value="meshes/Cube_021.ply"/>
        <boolean name="face_normals" value="true"/>
        <ref id="mat-Material" name="bsdf"/>
        <transform name="to_world">
            <matrix value="0.18815816884652686 0.9410829267682193 -0.2809967467274612 -0.1744022206185214 -0.7964421472730916 -0.021210861806796922 -0.6043425349427758 0.09221845766433406 -0.5746967787003104 0.3375097773782234 0.7455272821487012 0.3118317067555283 0.0 0.0 0.0 1.0"/>
        </transform>
    </shape>
    <shape name="temp26" type="ply">
        <string name="filename" value="meshes/Cube_022.ply"/>
        <boolean name="face_normals" value="true"/>
        <ref id="mat-Material" name="bsdf"/>
        <transform name="to_world">
            <matrix value="0.6374896503181585 0.40107942255586404 -0.6578317063818702 -0.08628858766131298 -0.7117312203139212 -0.020393047475819895 -0.7021559490539695 -0.19546333442067854 -0.29503549918709565 0.9158161998902848 0.2724603931443463 0.691172416761315 0.0 0.0 0.0 1.0"/>
        </transform>
    </shape>
    <shape name="temp27" type="ply">
        <string name="filename" value="meshes/Cube_023.ply"/>
        <boolean name="face_normals" value="true"/>
        <ref id="mat-Material" name="bsdf"/>
        <transform name="to_world">
            <matrix value="0.856146514262615 0.2853490550098765 -0.4308008222775177 -0.06641926428559092 -0.48034535580743476 0.13216709461164775 -0.8670643860505953 -0.28708003385372083 -0.19047833702996486 0.9492669312903219 0.2502204386457195 0.20665668780929253 0.0 0.0 0.0 1.0"/>
        </transform>
    </shape>
    <shape name="temp28" type="ply">
        <string name="filename" value="meshes/Cube_024.ply"/>
        <boolean name="face_normals" value="true"/>
        <ref id="mat-Material" name="bsdf"/>
        <transform name="to_world">
            <matrix value="0.8534611374987369 0.44855899696093016 -0.26532680945259823 -0.19489359430415776 -0.37556154226659366 0.17638081610602746 -0.9098587963411675 -0.5105196643175505 -0.3613271394809114 0.8761758405416511 0.3189954049475652 -0.3508753029918396 0.0 0.0 0.0 1.0"/>
        </transform>
    </shape>
    <shape name="temp29" type="ply">
        <string name="filename" value="meshes/Cube_025.ply"/>
        <boolean name="face_normals" value="true"/>
        <ref id="mat-Material" name="bsdf"/>
        <transform name="to_world">
            <matrix value="0.9021522905818338 0.3573367360347751 -0.24172663622210006 -0.26096359273789915 -0.32109615319833984 0.18194495257841198 -0.929404789653071 -0.7931280142564294 -0.2881295576275604 0.9160820402859271 0.278881481309876 -0.6957061626236821 0.0 0.0 0.0 1.0"/>
        </transform>
    </shape>
    <shape name="temp30" type="ply">
        <string name="filename" value="meshes/Cube_026.ply"/>
        <boolean name="face_normals" value="true"/>
        <ref id="mat-Material" name="bsdf"/>
        <transform name="to_world">
            <matrix value="0.9234054841346249 0.23229194260600763 -0.30555349366295037 -0.3336865135170731 -0.3505175284161929 0.18597493236661572 -0.9179056933924196 -1.1484062725503694 -0.15639683472599714 0.9547008591577792 0.2531525681279523 -0.8894921709362087 0.0 0.0 0.0 1.0"/>
        </transform>
    </shape>
    <shape name="temp31" type="ply">
        <string name="filename" value="meshes/Cube_027.ply"/>
        <boolean name="face_normals" value="true"/>
        <ref id="mat-Material" name="bsdf"/>
        <transform name="to_world">
            <matrix value="0.8723330177456043 0.17271678663727022 -0.45738855969525805 -0.6019357509183872 -0.4846403629613476 0.18207181340903544 -0.8555546520000699 -1.5848558908657777 -0.06449112808429383 0.9679972592053365 0.2425327442992084 -1.0296649900122943 0.0 0.0 0.0 1.0"/>
        </transform>
    </shape>
    <shape name="temp32" type="ply">
        <string name="filename" value="meshes/Cube_028.ply"/>
        <boolean name="face_normals" value="true"/>
        <ref id="mat-Material" name="bsdf"/>
        <transform name="to_world">
            <matrix value="-0.10547245521934234 0.9846433108132068 0.13911564979639268 -1.4865139706333115 -0.7969922095928033 -3.688923977364457e-05 -0.6039895967142941 -2.1221331730214112 -0.5947093401557018 -0.1745783368757861 0.7847569690525418 -1.3609314278141813 0.0 0.0 0.0 1.0"/>
        </transform>
    </shape>
    <shape name="temp33" type="ply">
        <string name="filename" value="meshes/Cube_029.ply"/>
        <boolean name="face_normals" value="true"/>
        <ref id="mat-Material" name="bsdf"/>
        <transform name="to_world">
            <matrix value="0.0022377408351018655 0.9762894145670943 0.2164575592371239 -1.5692402721960006 -0.9986139847915083 -0.009201086514414203 0.051823388102979484 -1.8202063469441163 0.05258626803326791 -0.21627352046105425 0.9749156186867671 -0.12053671850955483 0.0 0.0 0.0 1.0"/>
        </transform>
    </shape>
    <shape name="temp34" type="ply">
        <string name="filename" value="meshes/Cube_030.ply"/>
        <boolean name="face_normals" value="true"/>
        <ref id="mat-Material" name="bsdf"/>
        <transform name="to_world">
            <matrix value="-0.04100092844589122 0.9785429613055381 -0.20192194088572485 -3.2249117237250804 -0.9761898703347833 0.0038513722542484786 0.21688305142926018 -1.9267094602921784 0.21300703324237746 0.20600654649919958 0.9550861602672212 0.23742874552831228 0.0 0.0 0.0 1.0"/>
        </transform>
    </shape>
    <shape name="temp35" type="ply">
        <string name="filename" value="meshes/Cube_031.ply"/>
        <boolean name="face_normals" value="true"/>
        <ref id="mat-Material" name="bsdf"/>
        <transform name="to_world">
            <matrix value="0.1444237598554679 0.9761592581081843 0.16203087937644584 -1.8700880341822244 -0.7437824341742505 -0.0009036602332387056 0.668404251144508 -1.037186224819194 0.6526154776278441 -0.2170534162941703 0.7259193532601989 0.646833819283233 0.0 0.0 0.0 1.0"/>
        </transform>
    </shape>
    <shape name="temp36" type="ply">
        <string name="filename" value="meshes/Cube_032.ply"/>
        <boolean name="face_normals" value="true"/>
        <ref id="mat-Material" name="bsdf"/>
        <transform name="to_world">
            <matrix value="0.7074136078591983 0.6131693723496787 0.35116904582807157 -0.665489439053792 -0.4441773842386978 -0.0005165949485110226 0.8956796862182941 -0.28448332160105827 0.5493715283133609 -0.7899507324429575 0.27198216539068343 -0.12429966731862452 0.0 0.0 0.0 1.0"/>
        </transform>
    </shape>
    <shape name="temp37" type="ply">
        <string name="filename" value="meshes/Cube_033.ply"/>
        <boolean name="face_normals" value="true"/>
        <ref id="mat-Material" name="bsdf"/>
        <transform name="to_world">
            <matrix value="0.9765634003336721 0.1700604268047215 0.1319230736499108 -0.14592245842324658 -0.15008044827641231 0.09870465121614941 0.9837343464922006 0.3005340990375897 0.154272911580474 -0.9804777826679154 0.12191408353549074 -0.38913881406500067 0.0 0.0 0.0 1.0"/>
        </transform>
    </shape>
    <shape name="temp38" type="ply">
        <string name="filename" value="meshes/Cube_034.ply"/>
        <boolean name="face_normals" value="true"/>
        <ref id="mat-Material" name="bsdf"/>
        <transform name="to_world">
            <matrix value="0.9999153409322604 -0.001747346289185125 0.012913224947650254 -0.033554298405699345 -0.012399554897194638 0.1771364744703529 0.9841083239050996 0.36930740007039303 -0.004006982378503157 -0.9841847387380247 0.17709978152343553 -0.38165908423180506 0.0 0.0 0.0 1.0"/>
        </transform>
    </shape>
    <shape name="temp39" type="ply">
        <string name="filename" value="meshes/Cube_035.ply"/>
        <boolean name="face_normals" value="true"/>
        <ref id="mat-Material" name="bsdf"/>
        <transform name="to_world">
            <matrix value="0.9986733791112836 -0.051334938040102376 0.004076944788924973 0.008290025619556829 0.006424437571251022 0.20274876257501206 0.9792098580635157 0.09110803589397704 -0.051094273855684214 -0.977884248356879 0.2028095703231193 -0.16201670622233727 0.0 0.0 0.0 1.0"/>
        </transform>
    </shape>
    <shape name="temp40" type="ply">
        <string name="filename" value="meshes/Cube_036.ply"/>
        <boolean name="face_normals" value="true"/>
        <ref id="mat-Material" name="bsdf"/>
        <transform name="to_world">
            <matrix value="0.9986326009215871 -0.05210708497506378 0.00423015260264167 0.002891839372192395 0.006611206112473339 0.20614042296677465 0.9785001992812636 -0.23947990370288208 -0.05185879842631647 -0.9771340757535621 0.20620304893241503 0.17628965868026955 0.0 0.0 0.0 1.0"/>
        </transform>
    </shape>
    <shape name="temp41" type="ply">
        <string name="filename" value="meshes/Cube_037.ply"/>
        <boolean name="face_normals" value="true"/>
        <ref id="mat-Material" name="bsdf"/>
        <transform name="to_world">
            <matrix value="0.9986806925909575 -0.05119334074502058 0.004022219269907206 -0.006979246577365483 0.006639462738485924 0.20639827459258317 0.9784455919599112 -0.5705167195938299 -0.050920080067088994 -0.9771279225235335 0.2064658969004317 0.5189224795598197 0.0 0.0 0.0 1.0"/>
        </transform>
    </shape>
    <shape name="temp42" type="ply">
        <string name="filename" value="meshes/Cube_038.ply"/>
        <boolean name="face_normals" value="true"/>
        <ref id="mat-Material" name="bsdf"/>
        <transform name="to_world">
            <matrix value="0.9988861348836138 -0.04699144596733991 0.004313493776420133 0.01007548157243865 0.005488618009421535 0.20648392964042195 0.9784347177747068 -0.9047841021909357 -0.04686872259661328 -0.9773208627871421 0.2065118521526868 0.8687649011204475 0.0 0.0 0.0 1.0"/>
        </transform>
    </shape>
    <shape name="temp43" type="ply">
        <string name="filename" value="meshes/Cube_039.ply"/>
        <boolean name="face_normals" value="true"/>
        <ref id="mat-Material" name="bsdf"/>
        <transform name="to_world">
            <matrix value="0.9999175657458478 -0.012437008110770295 -0.0032218501059931024 0.02282357551267955 0.008290170167773572 0.43302052820357617 0.9013459192775288 -1.3192411099906152 -0.009814912518794013 -0.9012982572983657 0.43308784750339124 1.4767369857391002 0.0 0.0 0.0 1.0"/>
        </transform>
    </shape>
    <shape name="temp47" type="ply">
        <string name="filename" value="meshes/Plane_001.ply"/>
        <boolean name="face_normals" value="true"/>
        <ref id="mat-Material.002" name="bsdf"/>
    </shape>
    <shape name="temp49" type="ply">
        <string name="filename" value="meshes/Plane_002.ply"/>
        <boolean name="face_normals" value="true"/>
        <ref id="mat-Material.003" name="bsdf"/>
    </shape>
    <shape name="temp51" type="ply">
        <string name="filename" value="meshes/Plane_003.ply"/>
        <boolean name="face_normals" value="true"/>
        <ref id="mat-Material.004" name="bsdf"/>
    </shape>
    <shape name="temp53" type="ply">
        <string name="filename" value="meshes/Plane_004.ply"/>
        <boolean name="face_normals" value="true"/>
        <ref id="mat-Material.005" name="bsdf"/>
    </shape>
    <emitter type="point">
        <transform name="to_world">
            <rotate angle="-142.5518126578256" x="1"/>
            <rotate angle="3.976628485794621e-06" y="1"/>
            <rotate angle="-179.999991348578" z="1"/>
            <translate value="-0.000000 3.030926 4.073377"/>
        </transform>
        <rgb name="intensity" value="100"/>
    </emitter>
</scene>
