
<scene version="2.1.0">
    <default name="spp" value="1024"/>
    <default name="resx" value="1280"/>
    <default name="resy" value="720"/>
    <integrator name="temp0" type="path">
        <integer name="max_depth" value="12"/>
    </integrator>
    <sensor name="temp44" type="perspective">
        <string name="fov_axis" value="x"/>
        <float name="fov" value="83.974423"/>
        <float name="principal_point_offset_x" value="0.000000"/>
        <float name="principal_point_offset_y" value="-0.000000"/>
        <float name="near_clip" value="0.100000"/>
        <float name="far_clip" value="1000.000000"/>
        <sampler name="sampler" type="independent">
            <integer name="sample_count" value="$spp"/>
        </sampler>
        <film name="film" type="hdrfilm">
            <integer name="width" value="$resx"/>
            <integer name="height" value="$resy"/>
        </film>
        <float name="shutter_open" value="0.0"/>
        <float name="shutter_close" value="0.0015"/>
        <animation name="to_world">
            <transform time="0">
                <rotate angle="-142.5518126578256" x="1"/>
                <rotate angle="3.976628485794621e-06" y="1"/>
                <rotate angle="-179.999991348578" z="1"/>
                <translate value="-0.000000 3.030926 4.073377"/>
            </transform>
            <transform time="0.0015">
                <rotate angle="-142.5518126578256" x="1"/>
                <rotate angle="3.976628485794621e-06" y="1"/>
                <rotate angle="-179.999991348578" z="1"/>
                <translate value="-0.000000 3.030926 4.073377"/>
                <translate x="0.15" y="0.0" z="0.0"/>
            </transform>
        </animation>
    </sensor>
    <bsdf id="mat-Material" name="mat-Material" type="twosided">
        <bsdf name="bsdf" type="diffuse">
            <texture name="reflectance" type="bitmap">
                <string name="filename" value="textures/siggraph_2023_logo.jpg"/>
            </texture>
        </bsdf>
    </bsdf>
    <bsdf id="mat-Material.001" name="mat-Material.001" type="twosided">
        <bsdf name="bsdf" type="principled">
            <rgb name="base_color" value="0.433648 0.266232 0.084399"/>
            <float name="spec_tint" value="0.000000"/>
            <float name="spec_trans" value="0.000000"/>
            <float name="metallic" value="0.000000"/>
            <float name="anisotropic" value="0.000000"/>
            <float name="roughness" value="0.500000"/>
            <float name="sheen" value="0.000000"/>
            <float name="sheen_tint" value="0.500000"/>
            <float name="clearcoat" value="0.000000"/>
            <float name="clearcoat_gloss" value="0.173205"/>
            <float name="specular" value="0.500000"/>
        </bsdf>
    </bsdf>
    <bsdf id="mat-Material.002" name="mat-Material.002" type="twosided">
        <bsdf name="bsdf" type="principled">
            <rgb name="base_color" value="0.433648 0.266232 0.084399"/>
            <float name="spec_tint" value="0.000000"/>
            <float name="spec_trans" value="0.000000"/>
            <float name="metallic" value="0.000000"/>
            <float name="anisotropic" value="0.000000"/>
            <float name="roughness" value="0.500000"/>
            <float name="sheen" value="0.000000"/>
            <float name="sheen_tint" value="0.500000"/>
            <float name="clearcoat" value="0.000000"/>
            <float name="clearcoat_gloss" value="0.173205"/>
            <float name="specular" value="0.500000"/>
        </bsdf>
    </bsdf>
    <bsdf id="mat-Material.003" name="mat-Material.003" type="twosided">
        <bsdf name="bsdf" type="principled">
            <rgb name="base_color" value="0.433648 0.266232 0.084399"/>
            <float name="spec_tint" value="0.000000"/>
            <float name="spec_trans" value="0.000000"/>
            <float name="metallic" value="0.000000"/>
            <float name="anisotropic" value="0.000000"/>
            <float name="roughness" value="0.500000"/>
            <float name="sheen" value="0.000000"/>
            <float name="sheen_tint" value="0.500000"/>
            <float name="clearcoat" value="0.000000"/>
            <float name="clearcoat_gloss" value="0.173205"/>
            <float name="specular" value="0.500000"/>
        </bsdf>
    </bsdf>
    <bsdf id="mat-Material.004" name="mat-Material.004" type="twosided">
        <bsdf name="bsdf" type="principled">
            <rgb name="base_color" value="0.433648 0.266232 0.084399"/>
            <float name="spec_tint" value="0.000000"/>
            <float name="spec_trans" value="0.000000"/>
            <float name="metallic" value="0.000000"/>
            <float name="anisotropic" value="0.000000"/>
            <float name="roughness" value="0.500000"/>
            <float name="sheen" value="0.000000"/>
            <float name="sheen_tint" value="0.500000"/>
            <float name="clearcoat" value="0.000000"/>
            <float name="clearcoat_gloss" value="0.173205"/>
            <float name="specular" value="0.500000"/>
        </bsdf>
    </bsdf>
    <bsdf id="mat-Material.005" name="mat-Material.005" type="twosided">
        <bsdf name="bsdf" type="principled">
            <rgb name="base_color" value="0.433648 0.266232 0.084399"/>
            <float name="spec_tint" value="0.000000"/>
            <float name="spec_trans" value="0.000000"/>
            <float name="metallic" value="0.000000"/>
            <float name="anisotropic" value="0.000000"/>
            <float name="roughness" value="0.500000"/>
            <float name="sheen" value="0.000000"/>
            <float name="sheen_tint" value="0.500000"/>
            <float name="clearcoat" value="0.000000"/>
            <float name="clearcoat_gloss" value="0.173205"/>
            <float name="specular" value="0.500000"/>
        </bsdf>
    </bsdf>
    <emitter name="temp45" type="point">
        <point name="position" x="-6.815235034541981e-16" y="3.0693089962005615" z="4.109199523925781"/>
        <rgb name="intensity" value="7.957747 7.957747 7.957747"/>
    </emitter>
    <shape name="temp2" type="ply">
        <string name="filename" value="meshes/Cube.ply"/>
        <boolean name="face_normals" value="true"/>
        <ref id="mat-Material" name="bsdf"/>
        <transform name="to_world">
            <matrix value="0.9999982270352306 0.0002286498561812846 0.0018946518393211482 -0.002931709313116926 -0.00022758750910860652 0.9999990613716906 -0.0005798292847481042 -0.01648889013396246 -0.0018947785301058283 0.0005793964828554325 0.9999975178490295 0.00438410609098383 0.0 0.0 0.0 1.0"/>
        </transform>
    </shape>
    <shape name="temp4" type="ply">
        <string name="filename" value="meshes/Plane.ply"/>
        <boolean name="face_normals" value="true"/>
        <ref id="mat-Material.001" name="bsdf"/>
    </shape>
    <shape name="temp5" type="ply">
        <string name="filename" value="meshes/Cube_001.ply"/>
        <boolean name="face_normals" value="true"/>
        <ref id="mat-Material" name="bsdf"/>
        <transform name="to_world">
            <matrix value="0.9999982270352306 0.00015911074353962994 -0.0020528464125353823 0.0025550131201494963 -0.000164916750439252 0.9999959326106591 -0.0028282691937642694 -0.014474589129315735 0.00205238844948912 0.0028286002131729182 0.9999939719190716 -0.004643326435261497 0.0 0.0 0.0 1.0"/>
        </transform>
    </shape>
    <shape name="temp6" type="ply">
        <string name="filename" value="meshes/Cube_002.ply"/>
        <boolean name="face_normals" value="true"/>
        <ref id="mat-Material" name="bsdf"/>
        <transform name="to_world">
            <matrix value="1.0 -9.056094513613247e-06 0.0004780823705345513 -0.0008226754251663415 8.65849507204442e-06 0.9999971841150717 0.0008778363302745354 -0.018273439238401634 -0.00047784059982944083 -0.0008778302250830685 0.9999971632560336 0.0016029176864215677 0.0 0.0 0.0 1.0"/>
        </transform>
    </shape>
    <shape name="temp7" type="ply">
        <string name="filename" value="meshes/Cube_003.ply"/>
        <boolean name="face_normals" value="true"/>
        <ref id="mat-Material" name="bsdf"/>
        <transform name="to_world">
            <matrix value="0.9999742920108434 -0.0056130202347405116 -0.00262509922693999 -0.004583749905615164 0.0054629853712676885 0.9981738464779537 -0.05059351775636246 -0.01325000383254829 0.003023560928820783 0.050577079113851446 0.9981919303144389 0.0442751912686041 0.0 0.0 0.0 1.0"/>
        </transform>
    </shape>
    <shape name="temp8" type="ply">
        <string name="filename" value="meshes/Cube_004.ply"/>
        <boolean name="face_normals" value="true"/>
        <ref id="mat-Material" name="bsdf"/>
        <transform name="to_world">
            <matrix value="0.9966278210085688 -0.027954635050884087 0.07655620228064759 -0.004670476964972581 0.04860870578890726 0.9580316338598691 -0.27753302324569845 -0.13197075351492812 -0.06530715728147765 0.2803587854566844 0.9561962998457285 0.23979433319868038 0.0 0.0 0.0 1.0"/>
        </transform>
    </shape>
    <shape name="temp9" type="ply">
        <string name="filename" value="meshes/Cube_005.ply"/>
        <boolean name="face_normals" value="true"/>
        <ref id="mat-Material" name="bsdf"/>
        <transform name="to_world">
            <matrix value="0.9968241768567818 -0.06606874305154321 0.04406997585458094 0.024870106840454653 0.0791817368672067 0.8112427855985216 -0.5773937036576504 -0.39466743724111664 0.002645281165617958 0.5790389697615675 0.8139397362111787 -0.06536696597283458 0.0 0.0 0.0 1.0"/>
        </transform>
    </shape>
    <shape name="temp10" type="ply">
        <string name="filename" value="meshes/Cube_006.ply"/>
        <boolean name="face_normals" value="true"/>
        <ref id="mat-Material" name="bsdf"/>
        <transform name="to_world">
            <matrix value="0.9942923831660542 -0.05523130930305806 -0.08913694901567348 -0.007806421011119502 -0.031860429553904335 0.6561851433911181 -0.752721383045065 -0.4155491224689265 0.10020185203899815 0.7512243884836565 0.6507212894325141 -0.5157025330985175 0.0 0.0 0.0 1.0"/>
        </transform>
    </shape>
    <shape name="temp11" type="ply">
        <string name="filename" value="meshes/Cube_007.ply"/>
        <boolean name="face_normals" value="true"/>
        <ref id="mat-Material" name="bsdf"/>
        <transform name="to_world">
            <matrix value="0.9744407182634873 0.14911547839799094 -0.16706815655611718 0.032791578385246156 -0.224373434250488 0.645177744914199 -0.7295252094344431 -0.1653327779984564 -0.0012590731472074909 0.7484430242186962 0.6621342195951871 -0.20862577876565955 0.0 0.0 0.0 1.0"/>
        </transform>
    </shape>
    <shape name="temp12" type="ply">
        <string name="filename" value="meshes/Cube_008.ply"/>
        <boolean name="face_normals" value="true"/>
        <ref id="mat-Material" name="bsdf"/>
        <transform name="to_world">
            <matrix value="0.07718074666638298 0.9891891920078928 -0.1246458797948656 2.390836710788485 -0.8079325103230874 -0.01120057131176435 -0.5887283869659179 1.2289504912660483 -0.583771920493168 0.14609124927256306 0.7983415449191316 1.3059541077306605 0.0 0.0 0.0 1.0"/>
        </transform>
    </shape>
    <shape name="temp13" type="ply">
        <string name="filename" value="meshes/Cube_009.ply"/>
        <boolean name="face_normals" value="true"/>
        <ref id="mat-Material" name="bsdf"/>
        <transform name="to_world">
            <matrix value="-0.0683395032507309 0.9932061040041884 0.09411821232177565 2.5664158449146957 -0.8078983807512761 0.00027728686358393317 -0.5890062696769562 0.8312810674116375 -0.5850258498263381 -0.11633753491175852 0.8023947792564043 0.969130604350278 0.0 0.0 0.0 1.0"/>
        </transform>
    </shape>
    <shape name="temp14" type="ply">
        <string name="filename" value="meshes/Cube_010.ply"/>
        <boolean name="face_normals" value="true"/>
        <ref id="mat-Material" name="bsdf"/>
        <transform name="to_world">
            <matrix value="0.062303821448264005 0.9979375207280419 0.01318795178102606 1.689531580369594 -0.9813807672327743 0.05883487025028003 0.1822328815503373 2.134711378372045 0.18106974488809932 -0.0243952939262405 0.9830833137519202 -0.4534027318853344 0.0 0.0 0.0 1.0"/>
        </transform>
    </shape>
    <shape name="temp15" type="ply">
        <string name="filename" value="meshes/Cube_011.ply"/>
        <boolean name="face_normals" value="true"/>
        <ref id="mat-Material" name="bsdf"/>
        <transform name="to_world">
            <matrix value="0.03574444352841265 0.9959918485345927 -0.08139173968524435 1.184876475092506 -0.8143637184035517 0.07623627777557607 0.5752739467287851 2.2634128086324674 0.5791688607105688 0.045725006935420295 0.8139009673769716 -1.2690151520774104 0.0 0.0 0.0 1.0"/>
        </transform>
    </shape>
    <shape name="temp16" type="ply">
        <string name="filename" value="meshes/Cube_012.ply"/>
        <boolean name="face_normals" value="true"/>
        <ref id="mat-Material" name="bsdf"/>
        <transform name="to_world">
            <matrix value="0.08020362943617947 0.9891512297073775 0.12307263341088676 1.1440755394908595 -0.8379337336687782 3.673520043886088e-05 0.5457711002926101 1.8107032251383735 0.5398458318484753 -0.1468996689770829 0.8288459983707634 -1.5187061585216115 0.0 0.0 0.0 1.0"/>
        </transform>
    </shape>
    <shape name="temp17" type="ply">
        <string name="filename" value="meshes/Cube_013.ply"/>
        <boolean name="face_normals" value="true"/>
        <ref id="mat-Material" name="bsdf"/>
        <transform name="to_world">
            <matrix value="0.9029687408581504 0.29312632059788535 0.3141849963666038 0.5306646836610538 -0.38543662360135245 0.22934339820993155 0.8937729214822365 1.4376862766648273 0.18993128875036125 -0.9281560333984812 0.3200788047473856 -1.327511586748299 0.0 0.0 0.0 1.0"/>
        </transform>
    </shape>
    <shape name="temp18" type="ply">
        <string name="filename" value="meshes/Cube_014.ply"/>
        <boolean name="face_normals" value="true"/>
        <ref id="mat-Material" name="bsdf"/>
        <transform name="to_world">
            <matrix value="0.9435406017797021 0.28476335094478156 0.16923625633007594 0.10715406993435928 -0.21597376987271888 0.1414542898442503 0.9660984274509823 1.0238305518795208 0.2511703783684115 -0.9481034493547452 0.19496922369191827 -0.8406886541782737 0.0 0.0 0.0 1.0"/>
        </transform>
    </shape>
    <shape name="temp19" type="ply">
        <string name="filename" value="meshes/Cube_015.ply"/>
        <boolean name="face_normals" value="true"/>
        <ref id="mat-Material" name="bsdf"/>
        <transform name="to_world">
            <matrix value="0.9832242073517757 0.13236764819376626 0.12549094582244535 0.04631253447613465 -0.14913211158331072 0.1872670063805867 0.9709226651587797 0.6370223189968354 0.10501842110395423 -0.9733492135337687 0.2038657964796953 -0.3226155794779856 0.0 0.0 0.0 1.0"/>
        </transform>
    </shape>
    <shape name="temp20" type="ply">
        <string name="filename" value="meshes/Cube_016.ply"/>
        <boolean name="face_normals" value="true"/>
        <ref id="mat-Material" name="bsdf"/>
        <transform name="to_world">
            <matrix value="0.9847106166903357 0.04944726264697356 0.16702762657669773 0.08760815761842033 -0.17339495715630632 0.18652469739666225 0.9670275792976315 0.33763679595045454 0.016661793229756732 -0.9812039681033242 0.19224763971082232 0.0497520046423158 0.0 0.0 0.0 1.0"/>
        </transform>
    </shape>
    <shape name="temp21" type="ply">
        <string name="filename" value="meshes/Cube_017.ply"/>
        <boolean name="face_normals" value="true"/>
        <ref id="mat-Material" name="bsdf"/>
        <transform name="to_world">
            <matrix value="0.9533597239139262 0.020268865907559712 0.3010772298816936 0.18653873429774442 -0.3003140585468426 0.16171765851867767 0.9400019195300839 0.16181669194439946 -0.029669656771750288 -0.9866086942011544 0.16027934363418106 0.2563657268431654 0.0 0.0 0.0 1.0"/>
        </transform>
    </shape>
    <shape name="temp22" type="ply">
        <string name="filename" value="meshes/Cube_018.ply"/>
        <boolean name="face_normals" value="true"/>
        <ref id="mat-Material" name="bsdf"/>
        <transform name="to_world">
            <matrix value="0.14452488533350355 0.9776262298638154 0.15250478582346658 0.8694886102206099 -0.5942381747682293 -0.037456911745994664 0.8032064426237802 0.008645689890542235 0.7910026913605199 -0.20688007250382232 0.5755683771129605 -0.21318450983058446 0.0 0.0 0.0 1.0"/>
        </transform>
    </shape>
    <shape name="temp23" type="ply">
        <string name="filename" value="meshes/Cube_019.ply"/>
        <boolean name="face_normals" value="true"/>
        <ref id="mat-Material" name="bsdf"/>
        <transform name="to_world">
            <matrix value="-0.07407870101963204 0.9873403028223511 -0.14024311368582398 0.4745250116519812 -0.9088716054373283 -0.008987445324900974 0.4168160291163401 -0.05130952923261088 0.41027876325069546 0.15836190587435311 0.8980312287687444 -0.04961977948660218 0.0 0.0 0.0 1.0"/>
        </transform>
    </shape>
    <shape name="temp24" type="ply">
        <string name="filename" value="meshes/Cube_020.ply"/>
        <boolean name="face_normals" value="true"/>
        <ref id="mat-Material" name="bsdf"/>
        <transform name="to_world">
            <matrix value="0.09360422689672858 0.9668656514309537 -0.23741999784389778 0.056197899317802225 -0.945368322618821 0.011522656505105592 -0.3257525298388382 0.1888821396941497 -0.3122509224219252 0.25493620946454665 0.9151424681193132 0.10732553438053621 0.0 0.0 0.0 1.0"/>
        </transform>
    </shape>
    <shape name="temp25" type="ply">
        <string name="filename" value="meshes/Cube_021.ply"/>
        <boolean name="face_normals" value="true"/>
        <ref id="mat-Material" name="bsdf"/>
        <transform name="to_world">
            <matrix value="0.17656479654342788 0.9344332666559594 -0.3092425609935412 -0.1689622688621675 -0.8083360814287259 -0.0416045538073893 -0.5872381508022548 0.09656874601560339 -0.56159678526028 0.3536638834599091 0.7480081329449516 0.26022118848952086 0.0 0.0 0.0 1.0"/>
        </transform>
    </shape>
    <shape name="temp26" type="ply">
        <string name="filename" value="meshes/Cube_022.ply"/>
        <boolean name="face_normals" value="true"/>
        <ref id="mat-Material" name="bsdf"/>
        <transform name="to_world">
            <matrix value="0.6516596279965321 0.39894300023152834 -0.6451016996351474 -0.07510368252340477 -0.69729153037 -0.01959226194821692 -0.7164971081759216 -0.1746667151104593 -0.2984824086435578 0.916766300323514 0.2654107297949365 0.6666958219996602 0.0 0.0 0.0 1.0"/>
        </transform>
    </shape>
    <shape name="temp27" type="ply">
        <string name="filename" value="meshes/Cube_023.ply"/>
        <boolean name="face_normals" value="true"/>
        <ref id="mat-Material" name="bsdf"/>
        <transform name="to_world">
            <matrix value="0.8583558499859049 0.27629556779712283 -0.4322538261766223 -0.06439868944800425 -0.48005702741180833 0.13543681675680974 -0.8667179486937031 -0.2865445219562327 -0.1809314536360848 0.9514620700300153 0.248882913865579 0.199262524894059 0.0 0.0 0.0 1.0"/>
        </transform>
    </shape>
    <shape name="temp28" type="ply">
        <string name="filename" value="meshes/Cube_024.ply"/>
        <boolean name="face_normals" value="true"/>
        <ref id="mat-Material" name="bsdf"/>
        <transform name="to_world">
            <matrix value="0.8589950037852798 0.4290886127699338 -0.27930297418421157 -0.1880597650405837 -0.3835736143837086 0.17801833662548522 -0.9061901772066676 -0.5165056510948264 -0.3391146611775677 0.8855458540787573 0.31750410500491466 -0.32310887624474627 0.0 0.0 0.0 1.0"/>
        </transform>
    </shape>
    <shape name="temp29" type="ply">
        <string name="filename" value="meshes/Cube_025.ply"/>
        <boolean name="face_normals" value="true"/>
        <ref id="mat-Material" name="bsdf"/>
        <transform name="to_world">
            <matrix value="0.8966968779863376 0.3720721575727489 -0.23978405759346716 -0.27237732946670157 -0.324229602483569 0.18331050033060575 -0.9280475258628311 -0.7955046912291204 -0.30134590188058374 0.9099224484432329 0.2850113304281923 -0.7165231470741928 0.0 0.0 0.0 1.0"/>
        </transform>
    </shape>
    <shape name="temp30" type="ply">
        <string name="filename" value="meshes/Cube_026.ply"/>
        <boolean name="face_normals" value="true"/>
        <ref id="mat-Material" name="bsdf"/>
        <transform name="to_world">
            <matrix value="0.9227716492295581 0.24131049198724303 -0.3004363621406259 -0.32172088557746154 -0.35059057456469284 0.20214715397467373 -0.9144519576133717 -1.1459868342766173 -0.1599344091683554 0.9491602405391482 0.27113681568870707 -0.864339175096527 0.0 0.0 0.0 1.0"/>
        </transform>
    </shape>
    <shape name="temp31" type="ply">
        <string name="filename" value="meshes/Cube_027.ply"/>
        <boolean name="face_normals" value="true"/>
        <ref id="mat-Material" name="bsdf"/>
        <transform name="to_world">
            <matrix value="0.8739047510136926 0.17655284581674222 -0.4528970484151821 -0.5678641109158105 -0.48225217941694276 0.19797074817019628 -0.8533691771693173 -1.583641855298005 -0.0610029971969427 0.9641742261009589 0.2581517383803421 -0.9990442640947619 0.0 0.0 0.0 1.0"/>
        </transform>
    </shape>
    <shape name="temp32" type="ply">
        <string name="filename" value="meshes/Cube_028.ply"/>
        <boolean name="face_normals" value="true"/>
        <ref id="mat-Material" name="bsdf"/>
        <transform name="to_world">
            <matrix value="-0.10834787164444255 0.9841632545789418 0.14029778010600913 -1.4888166690502427 -0.7905071477074679 0.00028030987249255874 -0.6124521949542835 -2.1202035793621965 -0.6027925081600705 -0.1772644303673374 0.777957411962833 -1.3727537737083906 0.0 0.0 0.0 1.0"/>
        </transform>
    </shape>
    <shape name="temp33" type="ply">
        <string name="filename" value="meshes/Cube_029.ply"/>
        <boolean name="face_normals" value="true"/>
        <ref id="mat-Material" name="bsdf"/>
        <transform name="to_world">
            <matrix value="-0.008692041781687757 0.9804912363403508 0.19637019697877311 -1.6199953685229764 -0.998767567864659 -0.018092058578749876 0.04612546871284161 -1.818289178716898 0.048778360787692786 -0.1957278645371624 0.9794401071154522 -0.10963219780877065 0.0 0.0 0.0 1.0"/>
        </transform>
    </shape>
    <shape name="temp34" type="ply">
        <string name="filename" value="meshes/Cube_030.ply"/>
        <boolean name="face_normals" value="true"/>
        <ref id="mat-Material" name="bsdf"/>
        <transform name="to_world">
            <matrix value="-0.03723009525718734 0.9811576177696965 -0.18958739919624634 -3.1981947610071684 -0.9775167191923506 0.003644651257088056 0.21082297727779176 -1.9364757677688416 0.20754155989806383 0.19317401547550117 0.9589624208924292 0.2429852291011816 0.0 0.0 0.0 1.0"/>
        </transform>
    </shape>
    <shape name="temp35" type="ply">
        <string name="filename" value="meshes/Cube_031.ply"/>
        <boolean name="face_normals" value="true"/>
        <ref id="mat-Material" name="bsdf"/>
        <transform name="to_world">
            <matrix value="0.12038969322390594 0.9803968520492342 0.15597379274086676 -1.9414836500183994 -0.7970593606334448 0.0018007792700809099 0.6038984663143746 -1.2545458052798768 0.59177951587424 -0.1970234636218955 0.7816512072000343 0.565190014891171 0.0 0.0 0.0 1.0"/>
        </transform>
    </shape>
    <shape name="temp36" type="ply">
        <string name="filename" value="meshes/Cube_032.ply"/>
        <boolean name="face_normals" value="true"/>
        <ref id="mat-Material" name="bsdf"/>
        <transform name="to_world">
            <matrix value="0.6603693174262935 0.6136276315487577 0.432758766602635 -0.7060935126151273 -0.5504350855544149 0.0036400276999643323 0.8347756206441205 -0.6269724354829813 0.5106623885026781 -0.789587066119064 0.3401646067965549 -0.15648479499943946 0.0 0.0 0.0 1.0"/>
        </transform>
    </shape>
    <shape name="temp37" type="ply">
        <string name="filename" value="meshes/Cube_033.ply"/>
        <boolean name="face_normals" value="true"/>
        <ref id="mat-Material" name="bsdf"/>
        <transform name="to_world">
            <matrix value="0.9768805394068014 0.16848140368734918 0.13160067769813355 -0.13998553078428944 -0.14999062544878172 0.10148378363157379 0.9834652104083919 0.3006016319731895 0.15234033565769012 -0.9804666234202364 0.12440814883071778 -0.37294261719590677 0.0 0.0 0.0 1.0"/>
        </transform>
    </shape>
    <shape name="temp38" type="ply">
        <string name="filename" value="meshes/Cube_034.ply"/>
        <boolean name="face_normals" value="true"/>
        <ref id="mat-Material" name="bsdf"/>
        <transform name="to_world">
            <matrix value="0.999924870617896 0.002407107084975064 0.012032498684459986 -0.034396065463558 -0.012269603228214252 0.18183711461485996 0.9832522182155841 0.3693323859691476 0.00017883869034638415 -0.983325685250812 0.18185298243440856 -0.35885126821274765 0.0 0.0 0.0 1.0"/>
        </transform>
    </shape>
    <shape name="temp39" type="ply">
        <string name="filename" value="meshes/Cube_035.ply"/>
        <boolean name="face_normals" value="true"/>
        <ref id="mat-Material" name="bsdf"/>
        <transform name="to_world">
            <matrix value="0.9989111780109817 -0.04654700546281676 0.003205615240123285 0.008356819614818933 0.006532419990532368 0.2075545395193806 0.978201750176469 0.0913954537858002 -0.04619769975550816 -0.9771154074794075 0.2076325905949645 -0.14905374540082317 0.0 0.0 0.0 1.0"/>
        </transform>
    </shape>
    <shape name="temp40" type="ply">
        <string name="filename" value="meshes/Cube_036.ply"/>
        <boolean name="face_normals" value="true"/>
        <ref id="mat-Material" name="bsdf"/>
        <transform name="to_world">
            <matrix value="0.9993464408618736 -0.036007836503463536 0.003240507190909559 0.00291742364591685 0.004376477101273521 0.20946085189905367 0.9778073245674792 -0.24535398119697993 -0.03588748854221518 -0.9771536826560261 0.2094814857541082 0.21168301433001777 0.0 0.0 0.0 1.0"/>
        </transform>
    </shape>
    <shape name="temp41" type="ply">
        <string name="filename" value="meshes/Cube_037.ply"/>
        <boolean name="face_normals" value="true"/>
        <ref id="mat-Material" name="bsdf"/>
        <transform name="to_world">
            <matrix value="0.9988562161031298 -0.04770417773031332 0.0033430082062275044 -0.006020653219526606 0.0067322153903979776 0.20948400473068668 0.9777890039293631 -0.5698451466385521 -0.047344940933678706 -0.9766476577051998 0.2095655597534113 0.5132406749269478 0.0 0.0 0.0 1.0"/>
        </transform>
    </shape>
    <shape name="temp42" type="ply">
        <string name="filename" value="meshes/Cube_038.ply"/>
        <boolean name="face_normals" value="true"/>
        <ref id="mat-Material" name="bsdf"/>
        <transform name="to_world">
            <matrix value="0.9991223824391385 -0.0417539938634567 0.0034053338351218215 0.0073241998661734975 0.0054209018362596124 0.2094624162795694 0.9778017692772119 -0.9043469610095718 -0.041540424926466285 -0.9769247616405554 0.2095048416127646 0.8616463343424715 0.0 0.0 0.0 1.0"/>
        </transform>
    </shape>
    <shape name="temp43" type="ply">
        <string name="filename" value="meshes/Cube_039.ply"/>
        <boolean name="face_normals" value="true"/>
        <ref id="mat-Material" name="bsdf"/>
        <transform name="to_world">
            <matrix value="0.999956053182018 -0.007552457755593588 -0.0055601789274728145 0.021023259573779818 0.008282338254838801 0.4330111492307873 0.9013504970543392 -1.319264160190801 -0.004399785455291365 -0.9013569492229225 0.43305462146012563 1.4729680208309293 0.0 0.0 0.0 1.0"/>
        </transform>
    </shape>
    <shape name="temp47" type="ply">
        <string name="filename" value="meshes/Plane_001.ply"/>
        <boolean name="face_normals" value="true"/>
        <ref id="mat-Material.002" name="bsdf"/>
    </shape>
    <shape name="temp49" type="ply">
        <string name="filename" value="meshes/Plane_002.ply"/>
        <boolean name="face_normals" value="true"/>
        <ref id="mat-Material.003" name="bsdf"/>
    </shape>
    <shape name="temp51" type="ply">
        <string name="filename" value="meshes/Plane_003.ply"/>
        <boolean name="face_normals" value="true"/>
        <ref id="mat-Material.004" name="bsdf"/>
    </shape>
    <shape name="temp53" type="ply">
        <string name="filename" value="meshes/Plane_004.ply"/>
        <boolean name="face_normals" value="true"/>
        <ref id="mat-Material.005" name="bsdf"/>
    </shape>
    <emitter type="point">
        <transform name="to_world">
            <rotate angle="-142.5518126578256" x="1"/>
            <rotate angle="3.976628485794621e-06" y="1"/>
            <rotate angle="-179.999991348578" z="1"/>
            <translate value="-0.000000 3.030926 4.073377"/>
        </transform>
        <rgb name="intensity" value="100"/>
    </emitter>
</scene>
