
<scene version="2.1.0">
    <default name="spp" value="1024"/>
    <default name="resx" value="1280"/>
    <default name="resy" value="720"/>
    <integrator name="temp0" type="path">
        <integer name="max_depth" value="12"/>
    </integrator>
    <sensor name="temp44" type="perspective">
        <string name="fov_axis" value="x"/>
        <float name="fov" value="83.974423"/>
        <float name="principal_point_offset_x" value="0.000000"/>
        <float name="principal_point_offset_y" value="-0.000000"/>
        <float name="near_clip" value="0.100000"/>
        <float name="far_clip" value="1000.000000"/>
        <sampler name="sampler" type="independent">
            <integer name="sample_count" value="$spp"/>
        </sampler>
        <film name="film" type="hdrfilm">
            <integer name="width" value="$resx"/>
            <integer name="height" value="$resy"/>
        </film>
        <float name="shutter_open" value="0.0"/>
        <float name="shutter_close" value="0.0015"/>
        <animation name="to_world">
            <transform time="0">
                <rotate angle="-142.5518126578256" x="1"/>
                <rotate angle="3.976628485794621e-06" y="1"/>
                <rotate angle="-179.999991348578" z="1"/>
                <translate value="-0.000000 3.030926 4.073377"/>
            </transform>
            <transform time="0.0015">
                <rotate angle="-142.5518126578256" x="1"/>
                <rotate angle="3.976628485794621e-06" y="1"/>
                <rotate angle="-179.999991348578" z="1"/>
                <translate value="-0.000000 3.030926 4.073377"/>
                <translate x="0.15" y="0.0" z="0.0"/>
            </transform>
        </animation>
    </sensor>
    <bsdf id="mat-Material" name="mat-Material" type="twosided">
        <bsdf name="bsdf" type="diffuse">
            <texture name="reflectance" type="bitmap">
                <string name="filename" value="textures/siggraph_2023_logo.jpg"/>
            </texture>
        </bsdf>
    </bsdf>
    <bsdf id="mat-Material.001" name="mat-Material.001" type="twosided">
        <bsdf name="bsdf" type="principled">
            <rgb name="base_color" value="0.433648 0.266232 0.084399"/>
            <float name="spec_tint" value="0.000000"/>
            <float name="spec_trans" value="0.000000"/>
            <float name="metallic" value="0.000000"/>
            <float name="anisotropic" value="0.000000"/>
            <float name="roughness" value="0.500000"/>
            <float name="sheen" value="0.000000"/>
            <float name="sheen_tint" value="0.500000"/>
            <float name="clearcoat" value="0.000000"/>
            <float name="clearcoat_gloss" value="0.173205"/>
            <float name="specular" value="0.500000"/>
        </bsdf>
    </bsdf>
    <bsdf id="mat-Material.002" name="mat-Material.002" type="twosided">
        <bsdf name="bsdf" type="principled">
            <rgb name="base_color" value="0.433648 0.266232 0.084399"/>
            <float name="spec_tint" value="0.000000"/>
            <float name="spec_trans" value="0.000000"/>
            <float name="metallic" value="0.000000"/>
            <float name="anisotropic" value="0.000000"/>
            <float name="roughness" value="0.500000"/>
            <float name="sheen" value="0.000000"/>
            <float name="sheen_tint" value="0.500000"/>
            <float name="clearcoat" value="0.000000"/>
            <float name="clearcoat_gloss" value="0.173205"/>
            <float name="specular" value="0.500000"/>
        </bsdf>
    </bsdf>
    <bsdf id="mat-Material.003" name="mat-Material.003" type="twosided">
        <bsdf name="bsdf" type="principled">
            <rgb name="base_color" value="0.433648 0.266232 0.084399"/>
            <float name="spec_tint" value="0.000000"/>
            <float name="spec_trans" value="0.000000"/>
            <float name="metallic" value="0.000000"/>
            <float name="anisotropic" value="0.000000"/>
            <float name="roughness" value="0.500000"/>
            <float name="sheen" value="0.000000"/>
            <float name="sheen_tint" value="0.500000"/>
            <float name="clearcoat" value="0.000000"/>
            <float name="clearcoat_gloss" value="0.173205"/>
            <float name="specular" value="0.500000"/>
        </bsdf>
    </bsdf>
    <bsdf id="mat-Material.004" name="mat-Material.004" type="twosided">
        <bsdf name="bsdf" type="principled">
            <rgb name="base_color" value="0.433648 0.266232 0.084399"/>
            <float name="spec_tint" value="0.000000"/>
            <float name="spec_trans" value="0.000000"/>
            <float name="metallic" value="0.000000"/>
            <float name="anisotropic" value="0.000000"/>
            <float name="roughness" value="0.500000"/>
            <float name="sheen" value="0.000000"/>
            <float name="sheen_tint" value="0.500000"/>
            <float name="clearcoat" value="0.000000"/>
            <float name="clearcoat_gloss" value="0.173205"/>
            <float name="specular" value="0.500000"/>
        </bsdf>
    </bsdf>
    <bsdf id="mat-Material.005" name="mat-Material.005" type="twosided">
        <bsdf name="bsdf" type="principled">
            <rgb name="base_color" value="0.433648 0.266232 0.084399"/>
            <float name="spec_tint" value="0.000000"/>
            <float name="spec_trans" value="0.000000"/>
            <float name="metallic" value="0.000000"/>
            <float name="anisotropic" value="0.000000"/>
            <float name="roughness" value="0.500000"/>
            <float name="sheen" value="0.000000"/>
            <float name="sheen_tint" value="0.500000"/>
            <float name="clearcoat" value="0.000000"/>
            <float name="clearcoat_gloss" value="0.173205"/>
            <float name="specular" value="0.500000"/>
        </bsdf>
    </bsdf>
    <emitter name="temp45" type="point">
        <point name="position" x="-6.815235034541981e-16" y="3.0693089962005615" z="4.109199523925781"/>
        <rgb name="intensity" value="7.957747 7.957747 7.957747"/>
    </emitter>
    <shape name="temp2" type="ply">
        <string name="filename" value="meshes/Cube.ply"/>
        <boolean name="face_normals" value="true"/>
        <ref id="mat-Material" name="bsdf"/>
        <transform name="to_world">
            <matrix value="0.9986006875557376 -0.0434737663816713 0.015400269301560542 -0.08207318030897981 -0.017658826616456305 -0.6789897439213388 -0.7318276999538084 1.7158386707139741 0.04344678313272237 0.730675103196968 -0.6793475819830825 3.567886160502758 0.0 0.0 0.0 1.0"/>
        </transform>
    </shape>
    <shape name="temp4" type="ply">
        <string name="filename" value="meshes/Plane.ply"/>
        <boolean name="face_normals" value="true"/>
        <ref id="mat-Material.001" name="bsdf"/>
    </shape>
    <shape name="temp5" type="ply">
        <string name="filename" value="meshes/Cube_001.ply"/>
        <boolean name="face_normals" value="true"/>
        <ref id="mat-Material" name="bsdf"/>
        <transform name="to_world">
            <matrix value="0.9980302361411777 -0.031098893878683337 -0.054486948850196754 0.047779954704331384 -0.05451392397881662 -1.9326805347261187e-05 -0.9985130733709643 1.1728982904918128 0.03105160524230223 0.9995161892524973 -0.0017146119736126076 1.0498671519032439 0.0 0.0 0.0 1.0"/>
        </transform>
    </shape>
    <shape name="temp6" type="ply">
        <string name="filename" value="meshes/Cube_002.ply"/>
        <boolean name="face_normals" value="true"/>
        <ref id="mat-Material" name="bsdf"/>
        <transform name="to_world">
            <matrix value="0.9997540011382433 -0.02115609805954241 0.006680189267557436 -0.03540930431703715 0.011164627313940644 0.2195640384378722 -0.975534265266765 0.6536440229039031 0.01917177502140855 0.9753686201955267 0.21974611377896375 0.5325056435070454 0.0 0.0 0.0 1.0"/>
        </transform>
    </shape>
    <shape name="temp7" type="ply">
        <string name="filename" value="meshes/Cube_003.ply"/>
        <boolean name="face_normals" value="true"/>
        <ref id="mat-Material" name="bsdf"/>
        <transform name="to_world">
            <matrix value="0.9950906605534842 -0.061873627256097435 0.0772438408378607 -0.05884803226304092 0.089183053293548 0.22219209341228938 -0.9709152187058678 0.14066598391372517 0.04291074274813085 0.9730372760589292 0.2266194143920314 0.2013086410181607 0.0 0.0 0.0 1.0"/>
        </transform>
    </shape>
    <shape name="temp8" type="ply">
        <string name="filename" value="meshes/Cube_004.ply"/>
        <boolean name="face_normals" value="true"/>
        <ref id="mat-Material" name="bsdf"/>
        <transform name="to_world">
            <matrix value="0.982011056208302 -0.143505098837561 0.12270684709619067 0.03366776759077639 0.1530414324136965 0.2243479140550203 -0.9624164519803073 -0.3523858302479998 0.11058244995363697 0.9638828341568928 0.24227341862161667 -0.2786106165525428 0.0 0.0 0.0 1.0"/>
        </transform>
    </shape>
    <shape name="temp9" type="ply">
        <string name="filename" value="meshes/Cube_005.ply"/>
        <boolean name="face_normals" value="true"/>
        <ref id="mat-Material" name="bsdf"/>
        <transform name="to_world">
            <matrix value="0.9792509933035121 -0.1848721483950499 0.0829775268415078 0.09811038054324794 0.12354459538284515 0.22010802568921395 -0.9676199859959407 -0.6100059643202727 0.16062180977151805 0.9577947866497853 0.2383796329347866 -0.7193720924636386 0.0 0.0 0.0 1.0"/>
        </transform>
    </shape>
    <shape name="temp10" type="ply">
        <string name="filename" value="meshes/Cube_006.ply"/>
        <boolean name="face_normals" value="true"/>
        <ref id="mat-Material" name="bsdf"/>
        <transform name="to_world">
            <matrix value="0.9861030588961167 -0.15432745195787437 -0.06151155429457033 0.038901247115645354 -0.026241913064445496 0.22091159581413491 -0.9749404401964729 -0.5608882735480583 0.16404906148109932 0.9630059467318006 0.21379164635636785 -1.051554188224674 0.0 0.0 0.0 1.0"/>
        </transform>
    </shape>
    <shape name="temp11" type="ply">
        <string name="filename" value="meshes/Cube_007.ply"/>
        <boolean name="face_normals" value="true"/>
        <ref id="mat-Material" name="bsdf"/>
        <transform name="to_world">
            <matrix value="0.9216214383353989 -0.25535894189473596 -0.29211300075031876 0.18250366651550975 -0.24103225554805002 0.213134330226126 -0.9467849289466554 -0.3145401318706345 0.3040598677013689 0.9430548805543331 0.13487441025274916 -1.790587612279492 0.0 0.0 0.0 1.0"/>
        </transform>
    </shape>
    <shape name="temp12" type="ply">
        <string name="filename" value="meshes/Cube_008.ply"/>
        <boolean name="face_normals" value="true"/>
        <ref id="mat-Material" name="bsdf"/>
        <transform name="to_world">
            <matrix value="0.3931311798903244 0.8790327122395046 -0.2696994138814175 1.6567649070634998 -0.5032864118207108 -0.039763705537698445 -0.8631935307108265 0.14224252219666098 -0.7694981800516643 0.4750951664813745 0.42677808293788333 0.9412663241244617 0.0 0.0 0.0 1.0"/>
        </transform>
    </shape>
    <shape name="temp13" type="ply">
        <string name="filename" value="meshes/Cube_009.ply"/>
        <boolean name="face_normals" value="true"/>
        <ref id="mat-Material" name="bsdf"/>
        <transform name="to_world">
            <matrix value="-0.07584397555436176 0.9904961797827806 0.11473494646354948 2.6221812071308808 -0.8341475674036881 1.0937324659017193e-05 -0.5514964770003891 0.9335703713534307 -0.546256429213495 -0.1375403870903148 0.8262188188649147 0.9326337331867772 0.0 0.0 0.0 1.0"/>
        </transform>
    </shape>
    <shape name="temp14" type="ply">
        <string name="filename" value="meshes/Cube_010.ply"/>
        <boolean name="face_normals" value="true"/>
        <ref id="mat-Material" name="bsdf"/>
        <transform name="to_world">
            <matrix value="0.035604997633092036 0.9953611946026788 0.08937314341017286 1.8784908055176603 -0.9985368608240386 0.031805701854103786 0.043612279035374665 1.9331563438077541 0.04056740856377443 -0.09079520590376348 0.9950372346285119 -0.19283570841725084 0.0 0.0 0.0 1.0"/>
        </transform>
    </shape>
    <shape name="temp15" type="ply">
        <string name="filename" value="meshes/Cube_011.ply"/>
        <boolean name="face_normals" value="true"/>
        <ref id="mat-Material" name="bsdf"/>
        <transform name="to_world">
            <matrix value="0.0784736812244804 0.9932798384724972 0.08487351195049314 1.4462515139003587 -0.8664800178005663 0.025908081172576203 0.4984678036651678 2.1951556814483975 0.4929291948789686 -0.11267446492971761 0.8626866991221696 -1.1917061589288815 0.0 0.0 0.0 1.0"/>
        </transform>
    </shape>
    <shape name="temp16" type="ply">
        <string name="filename" value="meshes/Cube_012.ply"/>
        <boolean name="face_normals" value="true"/>
        <ref id="mat-Material" name="bsdf"/>
        <transform name="to_world">
            <matrix value="0.09549290193554563 0.9899976638584298 0.10385299567254708 1.0995688051112809 -0.7367346775952215 0.0001312978309342689 0.6761723199033994 1.8477107978021814 0.6693954810673957 -0.14108333350715338 0.729378053341188 -1.8307695940656046 0.0 0.0 0.0 1.0"/>
        </transform>
    </shape>
    <shape name="temp17" type="ply">
        <string name="filename" value="meshes/Cube_013.ply"/>
        <boolean name="face_normals" value="true"/>
        <ref id="mat-Material" name="bsdf"/>
        <transform name="to_world">
            <matrix value="0.9178665205743697 0.1757302632539532 0.35582260610722605 0.6282978455105137 -0.3794359356910219 0.1259127117389028 0.9165938175056416 1.4663497459148531 0.11627623766238142 -0.9763518854956896 0.1822540625719528 -1.4139552596026848 0.0 0.0 0.0 1.0"/>
        </transform>
    </shape>
    <shape name="temp18" type="ply">
        <string name="filename" value="meshes/Cube_014.ply"/>
        <boolean name="face_normals" value="true"/>
        <ref id="mat-Material" name="bsdf"/>
        <transform name="to_world">
            <matrix value="0.9392469243493663 0.29799748864781206 0.17033073125113174 0.11250828347750658 -0.21637738530247663 0.12882507722825146 0.9677723427864674 1.0259982253527578 0.26645129577130167 -0.9458326988901242 0.1854784003222541 -0.8697312794732841 0.0 0.0 0.0 1.0"/>
        </transform>
    </shape>
    <shape name="temp19" type="ply">
        <string name="filename" value="meshes/Cube_015.ply"/>
        <boolean name="face_normals" value="true"/>
        <ref id="mat-Material" name="bsdf"/>
        <transform name="to_world">
            <matrix value="0.983702464598326 0.12573165033801048 0.128532668179912 0.02626530691652801 -0.14906504919090752 0.17055611641494048 0.9740072696292045 0.6391634008980016 0.10054141911646074 -0.9772929125219274 0.1865185397765875 -0.2942384675019172 0.0 0.0 0.0 1.0"/>
        </transform>
    </shape>
    <shape name="temp20" type="ply">
        <string name="filename" value="meshes/Cube_016.ply"/>
        <boolean name="face_normals" value="true"/>
        <ref id="mat-Material" name="bsdf"/>
        <transform name="to_world">
            <matrix value="0.9851726956333651 0.02049406369740292 0.17033763399478322 0.056385394886858786 -0.17132103161728074 0.1704371609205232 0.9703594532837911 0.32908594038150374 -0.009145481953878095 -0.9851537160294772 0.17142097469577103 0.1775683642480812 0.0 0.0 0.0 1.0"/>
        </transform>
    </shape>
    <shape name="temp21" type="ply">
        <string name="filename" value="meshes/Cube_017.ply"/>
        <boolean name="face_normals" value="true"/>
        <ref id="mat-Material" name="bsdf"/>
        <transform name="to_world">
            <matrix value="0.9456147489393238 -0.10465863131305757 0.3079817464981578 0.20863117462882708 -0.28936715352279235 0.16182494373444747 0.9434366254850242 0.1336889766992804 -0.14858204926359908 -0.9812481879259026 0.12274146719234684 0.4263924349840458 0.0 0.0 0.0 1.0"/>
        </transform>
    </shape>
    <shape name="temp22" type="ply">
        <string name="filename" value="meshes/Cube_018.ply"/>
        <boolean name="face_normals" value="true"/>
        <ref id="mat-Material" name="bsdf"/>
        <transform name="to_world">
            <matrix value="0.2454044974797306 0.9569813087815979 0.15467348840551823 0.8507203061176677 -0.5125873850010727 -0.00733042219501359 0.8585256685141749 -0.062283960217482184 0.8227378742507008 -0.29003802487573604 0.4887544377313424 -0.14301333747189304 0.0 0.0 0.0 1.0"/>
        </transform>
    </shape>
    <shape name="temp23" type="ply">
        <string name="filename" value="meshes/Cube_019.ply"/>
        <boolean name="face_normals" value="true"/>
        <ref id="mat-Material" name="bsdf"/>
        <transform name="to_world">
            <matrix value="-0.08064175119276204 0.9839420511740156 -0.15923219505829744 0.5056485384126888 -0.9133419144828172 -0.008975061688738337 0.40709450754361143 -0.046601769436755036 0.3991283440331757 0.17826228612311049 0.8993992485465233 -0.058083751756576985 0.0 0.0 0.0 1.0"/>
        </transform>
    </shape>
    <shape name="temp24" type="ply">
        <string name="filename" value="meshes/Cube_020.ply"/>
        <boolean name="face_normals" value="true"/>
        <ref id="mat-Material" name="bsdf"/>
        <transform name="to_world">
            <matrix value="0.09643109517474147 0.9455090052553627 -0.3109858582896837 0.12731194563252687 -0.960827917482453 0.006865893667738907 -0.27705887408731944 0.14239827420103157 -0.25982709538522947 0.32552067655406763 0.9091340080448786 0.11496874677142127 0.0 0.0 0.0 1.0"/>
        </transform>
    </shape>
    <shape name="temp25" type="ply">
        <string name="filename" value="meshes/Cube_021.ply"/>
        <boolean name="face_normals" value="true"/>
        <ref id="mat-Material" name="bsdf"/>
        <transform name="to_world">
            <matrix value="0.18924743407673744 0.9384044987411951 -0.2891032154020068 -0.16736780580498256 -0.797557563733651 -0.024845543497078782 -0.6027292550095716 0.09361967011622946 -0.5727877388848406 0.34464293536188295 0.7437303230436749 0.3062236644449585 0.0 0.0 0.0 1.0"/>
        </transform>
    </shape>
    <shape name="temp26" type="ply">
        <string name="filename" value="meshes/Cube_022.ply"/>
        <boolean name="face_normals" value="true"/>
        <ref id="mat-Material" name="bsdf"/>
        <transform name="to_world">
            <matrix value="0.6378750485349105 0.4000808263266469 -0.6580662105497562 -0.08424110219088443 -0.711657199034798 -0.02041096693316758 -0.7022305317807518 -0.19536043817752707 -0.29438078762186914 0.9162525577621432 0.27170073674968714 0.6861034348675406 0.0 0.0 0.0 1.0"/>
        </transform>
    </shape>
    <shape name="temp27" type="ply">
        <string name="filename" value="meshes/Cube_023.ply"/>
        <boolean name="face_normals" value="true"/>
        <ref id="mat-Material" name="bsdf"/>
        <transform name="to_world">
            <matrix value="0.8565491988858689 0.28336635914422126 -0.4313087176451621 -0.06578811744092372 -0.48041605277761523 0.13259382632873268 -0.8669598993145008 -0.28712932228536026 -0.1884784106080028 0.9498012193824661 0.2497068697901424 0.20454747216160057 0.0 0.0 0.0 1.0"/>
        </transform>
    </shape>
    <shape name="temp28" type="ply">
        <string name="filename" value="meshes/Cube_024.ply"/>
        <boolean name="face_normals" value="true"/>
        <ref id="mat-Material" name="bsdf"/>
        <transform name="to_world">
            <matrix value="0.8545466351788125 0.4452552338957455 -0.2673898315021363 -0.1933074365595357 -0.3769073111748197 0.17742887804715252 -0.9090984307605168 -0.511527518336838 -0.35733816820825953 0.8776480268990015 0.31944148293627583 -0.3451731403221049 0.0 0.0 0.0 1.0"/>
        </transform>
    </shape>
    <shape name="temp29" type="ply">
        <string name="filename" value="meshes/Cube_025.ply"/>
        <boolean name="face_normals" value="true"/>
        <ref id="mat-Material" name="bsdf"/>
        <transform name="to_world">
            <matrix value="0.9009156476551654 0.3614767126316426 -0.2401791923884486 -0.2632414523435341 -0.3210893494460372 0.18283940278209432 -0.9292317482711228 -0.7930219442464279 -0.29198139007529783 0.91427799667517 0.28078919162725563 -0.6994173678652376 0.0 0.0 0.0 1.0"/>
        </transform>
    </shape>
    <shape name="temp30" type="ply">
        <string name="filename" value="meshes/Cube_026.ply"/>
        <boolean name="face_normals" value="true"/>
        <ref id="mat-Material" name="bsdf"/>
        <transform name="to_world">
            <matrix value="0.9232538956468397 0.23442711342593076 -0.3043784906725494 -0.3327313244925875 -0.350058264054735 0.18684926463686558 -0.9179034476367796 -1.147716292419657 -0.15830860047479994 0.9540078385893043 0.25457247668078264 -0.8892024790925191 0.0 0.0 0.0 1.0"/>
        </transform>
    </shape>
    <shape name="temp31" type="ply">
        <string name="filename" value="meshes/Cube_027.ply"/>
        <boolean name="face_normals" value="true"/>
        <ref id="mat-Material" name="bsdf"/>
        <transform name="to_world">
            <matrix value="0.8727002430734699 0.17324278351268088 -0.45648789348593755 -0.597564193305085 -0.4839347229831196 0.18279343085333827 -0.8558001485508258 -1.583975372469985 -0.0648182400842513 0.9677671909774875 0.24336213731637402 -1.0279565636594827 0.0 0.0 0.0 1.0"/>
        </transform>
    </shape>
    <shape name="temp32" type="ply">
        <string name="filename" value="meshes/Cube_028.ply"/>
        <boolean name="face_normals" value="true"/>
        <ref id="mat-Material" name="bsdf"/>
        <transform name="to_world">
            <matrix value="-0.10571360059004267 0.9845666561679353 0.13947473430346824 -1.4862374884854774 -0.7971138793001045 -4.7600855611850086e-05 -0.6038290842848639 -2.122133829243163 -0.5945034546218533 -0.17501015804414893 0.7848167770711658 -1.3587639488344005 0.0 0.0 0.0 1.0"/>
        </transform>
    </shape>
    <shape name="temp33" type="ply">
        <string name="filename" value="meshes/Cube_029.ply"/>
        <boolean name="face_normals" value="true"/>
        <ref id="mat-Material" name="bsdf"/>
        <transform name="to_world">
            <matrix value="-0.000852335304870157 0.9772105218147649 0.21226793661390164 -1.582666716490794 -0.9988110055015097 -0.011174897741660288 0.047432947646471726 -1.8260540943121617 0.04872368698661589 -0.21197627147633719 0.976058944702877 -0.12651583947752698 0.0 0.0 0.0 1.0"/>
        </transform>
    </shape>
    <shape name="temp34" type="ply">
        <string name="filename" value="meshes/Cube_030.ply"/>
        <boolean name="face_normals" value="true"/>
        <ref id="mat-Material" name="bsdf"/>
        <transform name="to_world">
            <matrix value="-0.04198600724557121 0.9785783366302561 -0.20154746315527625 -3.2263268308684525 -0.9755666541666332 0.0033834100247817304 0.2196571589835015 -1.9206415179677836 0.21563363389792578 0.20584672625655087 0.9545265824427744 0.24551327179229865 0.0 0.0 0.0 1.0"/>
        </transform>
    </shape>
    <shape name="temp35" type="ply">
        <string name="filename" value="meshes/Cube_031.ply"/>
        <boolean name="face_normals" value="true"/>
        <ref id="mat-Material" name="bsdf"/>
        <transform name="to_world">
            <matrix value="0.1375353928092095 0.9768525915527624 0.1638297769231824 -1.8868529925845732 -0.7666020421008215 0.0002489939990363416 0.6420621284751886 -1.135462000371295 0.6271588062273614 -0.21391266167872633 0.7488913058998128 0.6107730106864446 0.0 0.0 0.0 1.0"/>
        </transform>
    </shape>
    <shape name="temp36" type="ply">
        <string name="filename" value="meshes/Cube_032.ply"/>
        <boolean name="face_normals" value="true"/>
        <ref id="mat-Material" name="bsdf"/>
        <transform name="to_world">
            <matrix value="0.6697274687204691 0.6129939531478464 0.41910457231120407 -0.697464013162693 -0.5324022608846739 0.002970805530815168 0.8464319197995747 -0.568661280456451 0.5176106374340235 -0.7900818275301769 0.328347913409336 -0.15205161547730084 0.0 0.0 0.0 1.0"/>
        </transform>
    </shape>
    <shape name="temp37" type="ply">
        <string name="filename" value="meshes/Cube_033.ply"/>
        <boolean name="face_normals" value="true"/>
        <ref id="mat-Material" name="bsdf"/>
        <transform name="to_world">
            <matrix value="0.9766057298675418 0.1698110124044946 0.13193258856196466 -0.1443989976186273 -0.15005611433495206 0.09868766204374843 0.9837399017824682 0.30060117930068997 0.15402974946234843 -0.9805228368267689 0.12186009084199761 -0.38549945384430734 0.0 0.0 0.0 1.0"/>
        </transform>
    </shape>
    <shape name="temp38" type="ply">
        <string name="filename" value="meshes/Cube_034.ply"/>
        <boolean name="face_normals" value="true"/>
        <ref id="mat-Material" name="bsdf"/>
        <transform name="to_world">
            <matrix value="0.9999171138970298 -0.0013213779897918957 0.01281092486836326 -0.03395563204629437 -0.012371963132970586 0.177779622587986 0.9839926083908049 0.3693317622615803 -0.003577747607827285 -0.9840694960400315 0.17774855668830947 -0.3772377306845966 0.0 0.0 0.0 1.0"/>
        </transform>
    </shape>
    <shape name="temp39" type="ply">
        <string name="filename" value="meshes/Cube_035.ply"/>
        <boolean name="face_normals" value="true"/>
        <ref id="mat-Material" name="bsdf"/>
        <transform name="to_world">
            <matrix value="0.9987301139839051 -0.05023621102867405 0.0038612104102830076 0.008786030533653788 0.006493541089345014 0.2043339702100233 0.97887973198443 0.09125617794447075 -0.04996420827371739 -0.9776113161028988 0.2044006645545532 -0.15872066141956603 0.0 0.0 0.0 1.0"/>
        </transform>
    </shape>
    <shape name="temp40" type="ply">
        <string name="filename" value="meshes/Cube_036.ply"/>
        <boolean name="face_normals" value="true"/>
        <ref id="mat-Material" name="bsdf"/>
        <transform name="to_world">
            <matrix value="0.9987281193985393 -0.05027273409911498 0.003882344152832418 0.0031393029981696685 0.006616593709166405 0.20699804765311636 0.9783191204580775 -0.23942335901493567 -0.049986436819513966 -0.9770487648694369 0.20706739299919957 0.17945536979651044 0.0 0.0 0.0 1.0"/>
        </transform>
    </shape>
    <shape name="temp41" type="ply">
        <string name="filename" value="meshes/Cube_037.ply"/>
        <boolean name="face_normals" value="true"/>
        <ref id="mat-Material" name="bsdf"/>
        <transform name="to_world">
            <matrix value="0.9987161518863459 -0.05050932057911281 0.003941903956359531 -0.0061754829961686575 0.00661108200493948 0.20707022817011284 0.9783037547615929 -0.5705241180523852 -0.0502297097479376 -0.9770213360643941 0.20713826431929253 0.5172083065032453 0.0 0.0 0.0 1.0"/>
        </transform>
    </shape>
    <shape name="temp42" type="ply">
        <string name="filename" value="meshes/Cube_038.ply"/>
        <boolean name="face_normals" value="true"/>
        <ref id="mat-Material" name="bsdf"/>
        <transform name="to_world">
            <matrix value="0.9989286860380797 -0.046111377635198986 0.003959929100312468 0.010034599671333577 0.005681937655466849 0.20710401878925294 0.9783024545872749 -0.9041159832740957 -0.0459310015300686 -0.9772315888057101 0.20714412692348969 0.8665615339014521 0.0 0.0 0.0 1.0"/>
        </transform>
    </shape>
    <shape name="temp43" type="ply">
        <string name="filename" value="meshes/Cube_039.ply"/>
        <boolean name="face_normals" value="true"/>
        <ref id="mat-Material" name="bsdf"/>
        <transform name="to_world">
            <matrix value="0.9999267668248302 -0.011529593299456381 -0.003655868134829849 0.022243822122709922 0.008288343470626888 0.43301832188337175 0.9013469960145866 -1.319246488344426 -0.008809108542914678 -0.901311442407271 0.4330821894751432 1.4753950289798023 0.0 0.0 0.0 1.0"/>
        </transform>
    </shape>
    <shape name="temp47" type="ply">
        <string name="filename" value="meshes/Plane_001.ply"/>
        <boolean name="face_normals" value="true"/>
        <ref id="mat-Material.002" name="bsdf"/>
    </shape>
    <shape name="temp49" type="ply">
        <string name="filename" value="meshes/Plane_002.ply"/>
        <boolean name="face_normals" value="true"/>
        <ref id="mat-Material.003" name="bsdf"/>
    </shape>
    <shape name="temp51" type="ply">
        <string name="filename" value="meshes/Plane_003.ply"/>
        <boolean name="face_normals" value="true"/>
        <ref id="mat-Material.004" name="bsdf"/>
    </shape>
    <shape name="temp53" type="ply">
        <string name="filename" value="meshes/Plane_004.ply"/>
        <boolean name="face_normals" value="true"/>
        <ref id="mat-Material.005" name="bsdf"/>
    </shape>
    <emitter type="point">
        <transform name="to_world">
            <rotate angle="-142.5518126578256" x="1"/>
            <rotate angle="3.976628485794621e-06" y="1"/>
            <rotate angle="-179.999991348578" z="1"/>
            <translate value="-0.000000 3.030926 4.073377"/>
        </transform>
        <rgb name="intensity" value="100"/>
    </emitter>
</scene>
