
<scene version="2.1.0">
    <default name="spp" value="1024"/>
    <default name="resx" value="640"/>
    <default name="resy" value="360"/>
    <integrator name="temp0" type="path">
        <integer name="max_depth" value="12"/>
    </integrator>
    <sensor name="temp44" type="perspective">
        <string name="fov_axis" value="x"/>
        <float name="fov" value="83.974423"/>
        <float name="principal_point_offset_x" value="0.000000"/>
        <float name="principal_point_offset_y" value="-0.000000"/>
        <float name="near_clip" value="0.100000"/>
        <float name="far_clip" value="1000.000000"/>
        <sampler name="sampler" type="independent">
            <integer name="sample_count" value="$spp"/>
        </sampler>
        <film name="film" type="hdrfilm">
            <integer name="width" value="$resx"/>
            <integer name="height" value="$resy"/>
        </film>
        <float name="shutter_open" value="0.0"/>
        <float name="shutter_close" value="0.0015"/>
        <animation name="to_world">
            <transform time="0">
                <rotate angle="-142.5518126578256" x="1"/>
                <rotate angle="3.976628485794621e-06" y="1"/>
                <rotate angle="-179.999991348578" z="1"/>
                <translate value="-0.000000 3.030926 4.073377"/>
            </transform>
            <transform time="0.0015">
                <rotate angle="-142.5518126578256" x="1"/>
                <rotate angle="3.976628485794621e-06" y="1"/>
                <rotate angle="-179.999991348578" z="1"/>
                <translate value="-0.000000 3.030926 4.073377"/>
                <translate x="0.15" y="0.0" z="0.0"/>
            </transform>
        </animation>
    </sensor>
    <bsdf id="mat-Material" name="mat-Material" type="twosided">
        <bsdf name="bsdf" type="diffuse">
            <texture name="reflectance" type="bitmap">
                <string name="filename" value="textures/siggraph_2023_logo.jpg"/>
            </texture>
        </bsdf>
    </bsdf>
    <bsdf id="mat-Material.001" name="mat-Material.001" type="twosided">
        <bsdf name="bsdf" type="principled">
            <rgb name="base_color" value="0.433648 0.266232 0.084399"/>
            <float name="spec_tint" value="0.000000"/>
            <float name="spec_trans" value="0.000000"/>
            <float name="metallic" value="0.000000"/>
            <float name="anisotropic" value="0.000000"/>
            <float name="roughness" value="0.500000"/>
            <float name="sheen" value="0.000000"/>
            <float name="sheen_tint" value="0.500000"/>
            <float name="clearcoat" value="0.000000"/>
            <float name="clearcoat_gloss" value="0.173205"/>
            <float name="specular" value="0.500000"/>
        </bsdf>
    </bsdf>
    <bsdf id="mat-Material.002" name="mat-Material.002" type="twosided">
        <bsdf name="bsdf" type="principled">
            <rgb name="base_color" value="0.433648 0.266232 0.084399"/>
            <float name="spec_tint" value="0.000000"/>
            <float name="spec_trans" value="0.000000"/>
            <float name="metallic" value="0.000000"/>
            <float name="anisotropic" value="0.000000"/>
            <float name="roughness" value="0.500000"/>
            <float name="sheen" value="0.000000"/>
            <float name="sheen_tint" value="0.500000"/>
            <float name="clearcoat" value="0.000000"/>
            <float name="clearcoat_gloss" value="0.173205"/>
            <float name="specular" value="0.500000"/>
        </bsdf>
    </bsdf>
    <bsdf id="mat-Material.003" name="mat-Material.003" type="twosided">
        <bsdf name="bsdf" type="principled">
            <rgb name="base_color" value="0.433648 0.266232 0.084399"/>
            <float name="spec_tint" value="0.000000"/>
            <float name="spec_trans" value="0.000000"/>
            <float name="metallic" value="0.000000"/>
            <float name="anisotropic" value="0.000000"/>
            <float name="roughness" value="0.500000"/>
            <float name="sheen" value="0.000000"/>
            <float name="sheen_tint" value="0.500000"/>
            <float name="clearcoat" value="0.000000"/>
            <float name="clearcoat_gloss" value="0.173205"/>
            <float name="specular" value="0.500000"/>
        </bsdf>
    </bsdf>
    <bsdf id="mat-Material.004" name="mat-Material.004" type="twosided">
        <bsdf name="bsdf" type="principled">
            <rgb name="base_color" value="0.433648 0.266232 0.084399"/>
            <float name="spec_tint" value="0.000000"/>
            <float name="spec_trans" value="0.000000"/>
            <float name="metallic" value="0.000000"/>
            <float name="anisotropic" value="0.000000"/>
            <float name="roughness" value="0.500000"/>
            <float name="sheen" value="0.000000"/>
            <float name="sheen_tint" value="0.500000"/>
            <float name="clearcoat" value="0.000000"/>
            <float name="clearcoat_gloss" value="0.173205"/>
            <float name="specular" value="0.500000"/>
        </bsdf>
    </bsdf>
    <bsdf id="mat-Material.005" name="mat-Material.005" type="twosided">
        <bsdf name="bsdf" type="principled">
            <rgb name="base_color" value="0.433648 0.266232 0.084399"/>
            <float name="spec_tint" value="0.000000"/>
            <float name="spec_trans" value="0.000000"/>
            <float name="metallic" value="0.000000"/>
            <float name="anisotropic" value="0.000000"/>
            <float name="roughness" value="0.500000"/>
            <float name="sheen" value="0.000000"/>
            <float name="sheen_tint" value="0.500000"/>
            <float name="clearcoat" value="0.000000"/>
            <float name="clearcoat_gloss" value="0.173205"/>
            <float name="specular" value="0.500000"/>
        </bsdf>
    </bsdf>
    <emitter name="temp45" type="point">
        <point name="position" x="-6.815235034541981e-16" y="3.0693089962005615" z="4.109199523925781"/>
        <rgb name="intensity" value="7.957747 7.957747 7.957747"/>
    </emitter>
    <shape name="temp2" type="ply">
        <string name="filename" value="meshes/Cube.ply"/>
        <boolean name="face_normals" value="true"/>
        <ref id="mat-Material" name="bsdf"/>
        <transform name="to_world">
            <matrix value="0.9946669219735935 -0.07498359486299155 -0.07082302452696113 0.07983924570054102 -0.10249017334276551 -0.7956589483608422 -0.5970114429523696 1.8445430528794236 -0.011584910828736923 0.6010858886619957 -0.7991003739301339 3.9779965391310728 0.0 0.0 0.0 1.0"/>
            <scale value="1"/>
        </transform>
    </shape>
    <shape name="temp4" type="ply">
        <string name="filename" value="meshes/Plane.ply"/>
        <boolean name="face_normals" value="true"/>
        <ref id="mat-Material.001" name="bsdf"/>
        <transform name="to_world">
            <scale value="1"/>
        </transform>
    </shape>
    <shape name="temp5" type="ply">
        <string name="filename" value="meshes/Cube_001.ply"/>
        <boolean name="face_normals" value="true"/>
        <ref id="mat-Material" name="bsdf"/>
        <transform name="to_world">
            <matrix value="0.9978826368241237 -0.03554099406995492 -0.054477280281178056 0.05394642162851282 -0.05451126453166249 1.3168913464727392e-05 -0.9985133097662948 1.1729046671587293 0.03548887730551906 0.9993681988557078 -0.001924243806796933 1.0316855176507203 0.0 0.0 0.0 1.0"/>
            <scale value="1"/>
        </transform>
    </shape>
    <shape name="temp6" type="ply">
        <string name="filename" value="meshes/Cube_002.ply"/>
        <boolean name="face_normals" value="true"/>
        <ref id="mat-Material" name="bsdf"/>
        <transform name="to_world">
            <matrix value="0.9998555033712926 -0.01577927216675045 0.006327310137908308 -0.028077724690206196 0.009622376233761859 0.2184365372541576 -0.9758037559435695 0.6577541373946609 0.01401535742083269 0.9757235259885321 0.21855686796989837 0.5363595358708744 0.0 0.0 0.0 1.0"/>
            <scale value="1"/>
        </transform>
    </shape>
    <shape name="temp7" type="ply">
        <string name="filename" value="meshes/Cube_003.ply"/>
        <boolean name="face_normals" value="true"/>
        <ref id="mat-Material" name="bsdf"/>
        <transform name="to_world">
            <matrix value="0.995305632531776 -0.05865342296886049 0.0769867727356755 -0.048653715446851376 0.08828588879610373 0.22427084224161126 -0.9705196111202254 0.14647307701914175 0.039658416175112184 0.9727601721235736 0.22839625625442944 0.21970044638611141 0.0 0.0 0.0 1.0"/>
            <scale value="1"/>
        </transform>
    </shape>
    <shape name="temp8" type="ply">
        <string name="filename" value="meshes/Cube_004.ply"/>
        <boolean name="face_normals" value="true"/>
        <ref id="mat-Material" name="bsdf"/>
        <transform name="to_world">
            <matrix value="0.984550828240492 -0.12531386687747564 0.1222974694825448 0.02534748972112233 0.1483724183416751 0.2261649941700753 -0.9627228203286745 -0.33673017644671516 0.09298313733207808 0.9659947478531484 0.24126389236258694 -0.22159031677258806 0.0 0.0 0.0 1.0"/>
            <scale value="1"/>
        </transform>
    </shape>
    <shape name="temp9" type="ply">
        <string name="filename" value="meshes/Cube_005.ply"/>
        <boolean name="face_normals" value="true"/>
        <ref id="mat-Material" name="bsdf"/>
        <transform name="to_world">
            <matrix value="0.9827592473409961 -0.16562932942307734 0.08216773099724316 0.08133898769750658 0.11849787332875908 0.22310131136804034 -0.9675660878605797 -0.596207094939297 0.14192560817124003 0.9606209964895301 0.23888173661683296 -0.6641423298004708 0.0 0.0 0.0 1.0"/>
            <scale value="1"/>
        </transform>
    </shape>
    <shape name="temp10" type="ply">
        <string name="filename" value="meshes/Cube_006.ply"/>
        <boolean name="face_normals" value="true"/>
        <ref id="mat-Material" name="bsdf"/>
        <transform name="to_world">
            <matrix value="0.9862147556765899 -0.1559368031988453 -0.055358349317597595 0.042011347564496315 -0.01994597333106394 0.22008101405230873 -0.9752777763331397 -0.5758327626672421 0.16426505291413354 0.9629371139891079 0.2139368994672122 -1.0455848825606338 0.0 0.0 0.0 1.0"/>
            <scale value="1"/>
        </transform>
    </shape>
    <shape name="temp11" type="ply">
        <string name="filename" value="meshes/Cube_007.ply"/>
        <boolean name="face_normals" value="true"/>
        <ref id="mat-Material" name="bsdf"/>
        <transform name="to_world">
            <matrix value="0.9381612050486945 -0.2572484006816528 -0.2316831914882552 0.20084856372292847 -0.18462883869034638 0.19433646278964506 -0.9634031660899409 -0.4586212811271491 0.29285840926054957 0.9466026869799739 0.13482344341948682 -1.7590866102680929 0.0 0.0 0.0 1.0"/>
            <scale value="1"/>
        </transform>
    </shape>
    <shape name="temp12" type="ply">
        <string name="filename" value="meshes/Cube_008.ply"/>
        <boolean name="face_normals" value="true"/>
        <ref id="mat-Material" name="bsdf"/>
        <transform name="to_world">
            <matrix value="0.38459510803560826 0.8777367794202615 -0.28577027763685986 1.6529814815854762 -0.5019471585580123 -0.06095347949514312 -0.8627479255127769 0.15998580181461797 -0.7746845452434015 0.4752500401524332 0.417135162812556 0.9396125088676692 0.0 0.0 0.0 1.0"/>
            <scale value="1"/>
        </transform>
    </shape>
    <shape name="temp13" type="ply">
        <string name="filename" value="meshes/Cube_009.ply"/>
        <boolean name="face_normals" value="true"/>
        <ref id="mat-Material" name="bsdf"/>
        <transform name="to_world">
            <matrix value="-0.06517591356442155 0.9910223330962429 0.11673347986691889 2.6024512205405355 -0.872908123192684 6.05235877294164e-05 -0.4878852121009824 1.1149827433129504 -0.483512314126806 -0.1336959011144647 0.8650674364959403 0.8560481172677123 0.0 0.0 0.0 1.0"/>
            <scale value="1"/>
        </transform>
    </shape>
    <shape name="temp14" type="ply">
        <string name="filename" value="meshes/Cube_010.ply"/>
        <boolean name="face_normals" value="true"/>
        <ref id="mat-Material" name="bsdf"/>
        <transform name="to_world">
            <matrix value="0.028395706233921427 0.9965345842815219 0.0781836422941505 1.8759024806005693 -0.9926147152529932 0.018882362756897354 0.11983397010355533 2.0431065860764295 0.11794240346650071 -0.08100896285743488 0.9897106568433376 -0.31684010109574 0.0 0.0 0.0 1.0"/>
            <scale value="1"/>
        </transform>
    </shape>
    <shape name="temp15" type="ply">
        <string name="filename" value="meshes/Cube_011.ply"/>
        <boolean name="face_normals" value="true"/>
        <ref id="mat-Material" name="bsdf"/>
        <transform name="to_world">
            <matrix value="0.02015537819997979 0.9990945365574868 0.03747017281917034 1.4446166722564913 -0.835866456747638 -0.0037243311230374847 0.548920831676596 2.2452696338124163 0.5485632779991029 -0.042383740454671553 0.8350341189380555 -1.323027995220948 0.0 0.0 0.0 1.0"/>
            <scale value="1"/>
        </transform>
    </shape>
    <shape name="temp16" type="ply">
        <string name="filename" value="meshes/Cube_012.ply"/>
        <boolean name="face_normals" value="true"/>
        <ref id="mat-Material" name="bsdf"/>
        <transform name="to_world">
            <matrix value="0.09553979685369672 0.9899387388590035 0.10437094966150552 1.100902329452057 -0.7389668402399177 0.00028453161404438254 0.673741821312552 1.8461383686033992 0.666933497864464 -0.1414957980739347 0.7315591548583259 -1.822857587038258 0.0 0.0 0.0 1.0"/>
            <scale value="1"/>
        </transform>
    </shape>
    <shape name="temp17" type="ply">
        <string name="filename" value="meshes/Cube_013.ply"/>
        <boolean name="face_normals" value="true"/>
        <ref id="mat-Material" name="bsdf"/>
        <transform name="to_world">
            <matrix value="0.8864801685025717 0.1855900530429287 0.4239213635660898 0.7299077093682236 -0.4467086682020542 0.10395902991721298 0.8886190304860146 1.5033679216034699 0.120848425695933 -0.9771124873024448 0.17506232562889432 -1.4297602006774528 0.0 0.0 0.0 1.0"/>
            <scale value="1"/>
        </transform>
    </shape>
    <shape name="temp18" type="ply">
        <string name="filename" value="meshes/Cube_014.ply"/>
        <boolean name="face_normals" value="true"/>
        <ref id="mat-Material" name="bsdf"/>
        <transform name="to_world">
            <matrix value="0.9401819416446376 0.29969505009146413 0.1619913186178816 0.1054836995931544 -0.21548050891180742 0.1548453036253997 0.9641532484737136 1.0213384574559534 0.2638684406952149 -0.9413849564997925 0.21016119324798202 -0.8479195560527314 0.0 0.0 0.0 1.0"/>
            <scale value="1"/>
        </transform>
    </shape>
    <shape name="temp19" type="ply">
        <string name="filename" value="meshes/Cube_015.ply"/>
        <boolean name="face_normals" value="true"/>
        <ref id="mat-Material" name="bsdf"/>
        <transform name="to_world">
            <matrix value="0.98346976297234 0.12736451943273477 0.1287093382301838 0.03149854712172295 -0.14958920406292606 0.17093900376077079 0.9738598771406188 0.6394663518932894 0.10203376788699832 -0.9770148699582625 0.18716564835438118 -0.2957263389491083 0.0 0.0 0.0 1.0"/>
            <scale value="1"/>
        </transform>
    </shape>
    <shape name="temp20" type="ply">
        <string name="filename" value="meshes/Cube_016.ply"/>
        <boolean name="face_normals" value="true"/>
        <ref id="mat-Material" name="bsdf"/>
        <transform name="to_world">
            <matrix value="0.9847751082838233 0.029678300790742206 0.17128319167737144 0.06036001316834683 -0.1738349405258968 0.17042156926138297 0.9699165666320426 0.3328724277606134 -0.00040488265632673614 -0.9849241692618002 0.1729859945222474 0.15899414684129237 0.0 0.0 0.0 1.0"/>
            <scale value="1"/>
        </transform>
    </shape>
    <shape name="temp21" type="ply">
        <string name="filename" value="meshes/Cube_017.ply"/>
        <boolean name="face_normals" value="true"/>
        <ref id="mat-Material" name="bsdf"/>
        <transform name="to_world">
            <matrix value="0.9469697372643507 -0.0842399717994339 0.310084955753886 0.2043168965110358 -0.29375690348157096 0.16410689516356122 0.941687891027426 0.1366447743231559 -0.13021482127628642 -0.9828389543263465 0.13065813405600962 0.4039232529604755 0.0 0.0 0.0 1.0"/>
            <scale value="1"/>
        </transform>
    </shape>
    <shape name="temp22" type="ply">
        <string name="filename" value="meshes/Cube_018.ply"/>
        <boolean name="face_normals" value="true"/>
        <ref id="mat-Material" name="bsdf"/>
        <transform name="to_world">
            <matrix value="0.25956713951637067 0.9565669565289943 0.13268217451554323 0.8515138147849801 -0.44951305522607965 -0.001926165411338213 0.8932719997768428 -0.09758259775244309 0.8547299154118508 -0.2915062481357799 0.42948918278607023 -0.1359474544551465 0.0 0.0 0.0 1.0"/>
            <scale value="1"/>
        </transform>
    </shape>
    <shape name="temp23" type="ply">
        <string name="filename" value="meshes/Cube_019.ply"/>
        <boolean name="face_normals" value="true"/>
        <ref id="mat-Material" name="bsdf"/>
        <transform name="to_world">
            <matrix value="-0.08009359481017753 0.984048116172983 -0.15885281601209586 0.5040884602258947 -0.9138653823309877 -0.008854291512922828 0.4059210411228589 -0.045716764096121465 0.3980394112338594 0.1776817340845141 0.8999967377444386 -0.05601170494110452 0.0 0.0 0.0 1.0"/>
            <scale value="1"/>
        </transform>
    </shape>
    <shape name="temp24" type="ply">
        <string name="filename" value="meshes/Cube_020.ply"/>
        <boolean name="face_normals" value="true"/>
        <ref id="mat-Material" name="bsdf"/>
        <transform name="to_world">
            <matrix value="0.09494037073725713 0.9481274811408446 -0.3033817296937436 0.11929287471562919 -0.9597211312932372 0.0062239125138904864 -0.2808846961157223 0.14606501396591198 -0.2644261022385601 0.3178292079946129 0.910529331479694 0.11379245057701504 0.0 0.0 0.0 1.0"/>
            <scale value="1"/>
        </transform>
    </shape>
    <shape name="temp25" type="ply">
        <string name="filename" value="meshes/Cube_021.ply"/>
        <boolean name="face_normals" value="true"/>
        <ref id="mat-Material" name="bsdf"/>
        <transform name="to_world">
            <matrix value="0.1873054392786161 0.9374093441491127 -0.2935651772657665 -0.1664229805311375 -0.7987277204814662 -0.028621655615187425 -0.6010119611309341 0.09502619224253914 -0.5717966515787365 0.34705135131188947 0.7433734842922395 0.2994209650952976 0.0 0.0 0.0 1.0"/>
            <scale value="1"/>
        </transform>
    </shape>
    <shape name="temp26" type="ply">
        <string name="filename" value="meshes/Cube_022.ply"/>
        <boolean name="face_normals" value="true"/>
        <ref id="mat-Material" name="bsdf"/>
        <transform name="to_world">
            <matrix value="0.6376990817815459 0.39995765743404055 -0.6583113525075162 -0.08364448663982849 -0.7118976573816501 -0.020377651885704274 -0.7019877537762972 -0.19558018083744672 -0.29418024314438845 0.9163071024961256 0.2717340684912919 0.6825521947064169 0.0 0.0 0.0 1.0"/>
            <scale value="1"/>
        </transform>
    </shape>
    <shape name="temp27" type="ply">
        <string name="filename" value="meshes/Cube_023.ply"/>
        <boolean name="face_normals" value="true"/>
        <ref id="mat-Material" name="bsdf"/>
        <transform name="to_world">
            <matrix value="0.8576016750971142 0.2788330972856955 -0.43217108781093666 -0.06465287786110774 -0.48028374528169754 0.13359986900920484 -0.8668786975184636 -0.2870784963050435 -0.18397647630343938 0.9510010992380424 0.24849451633751768 0.20742829689349274 0.0 0.0 0.0 1.0"/>
            <scale value="1"/>
        </transform>
    </shape>
    <shape name="temp28" type="ply">
        <string name="filename" value="meshes/Cube_024.ply"/>
        <boolean name="face_normals" value="true"/>
        <ref id="mat-Material" name="bsdf"/>
        <transform name="to_world">
            <matrix value="0.8560622984360677 0.4414902914545193 -0.2687824363942904 -0.1910413122410728 -0.37715331003657626 0.177972145683457 -0.9088901664743196 -0.5116754818514145 -0.3534305095323451 0.8794386168373232 0.3188646783297819 -0.34121260808281934 0.0 0.0 0.0 1.0"/>
            <scale value="1"/>
        </transform>
    </shape>
    <shape name="temp29" type="ply">
        <string name="filename" value="meshes/Cube_025.ply"/>
        <boolean name="face_normals" value="true"/>
        <ref id="mat-Material" name="bsdf"/>
        <transform name="to_world">
            <matrix value="0.900179424034665 0.3638521722987842 -0.23935121774326615 -0.2654694380949011 -0.32106995764387164 0.18309054843009204 -0.9291889607162968 -0.7930010805269705 -0.294264503295055 0.9132849279237751 0.2816361960965458 -0.7028873335831686 0.0 0.0 0.0 1.0"/>
            <scale value="1"/>
        </transform>
    </shape>
    <shape name="temp30" type="ply">
        <string name="filename" value="meshes/Cube_026.ply"/>
        <boolean name="face_normals" value="true"/>
        <ref id="mat-Material" name="bsdf"/>
        <transform name="to_world">
            <matrix value="0.9231769932999662 0.2358977354027654 -0.30347510591692783 -0.3315509338212138 -0.3497968182374248 0.18832060622873745 -0.9177025116058288 -1.1471781260808422 -0.15933324113916533 0.9533560133744106 0.2563693175881436 -0.8874700127914672 0.0 0.0 0.0 1.0"/>
            <scale value="1"/>
        </transform>
    </shape>
    <shape name="temp31" type="ply">
        <string name="filename" value="meshes/Cube_027.ply"/>
        <boolean name="face_normals" value="true"/>
        <ref id="mat-Material" name="bsdf"/>
        <transform name="to_world">
            <matrix value="0.8732011056208302 0.1724790842325045 -0.45581960388652837 -0.5930694716892002 -0.48317678054419383 0.18408513984518893 -0.8559515597600303 -1.5833227956617102 -0.06372416568710364 0.9676588315537636 0.24408125191184724 -1.0248560965456943 0.0 0.0 0.0 1.0"/>
            <scale value="1"/>
        </transform>
    </shape>
    <shape name="temp32" type="ply">
        <string name="filename" value="meshes/Cube_028.ply"/>
        <boolean name="face_normals" value="true"/>
        <ref id="mat-Material" name="bsdf"/>
        <transform name="to_world">
            <matrix value="-0.105448010467584 0.9845616501502849 0.13970997129687895 -1.4861964416088993 -0.7985136349855592 -0.0001009943202558075 -0.6019771632654894 -2.1214346991751283 -0.5926697658090836 -0.17503755556158132 0.7861962620224755 -1.3527837135497798 0.0 0.0 0.0 1.0"/>
            <scale value="1"/>
        </transform>
    </shape>
    <shape name="temp33" type="ply">
        <string name="filename" value="meshes/Cube_029.ply"/>
        <boolean name="face_normals" value="true"/>
        <ref id="mat-Material" name="bsdf"/>
        <transform name="to_world">
            <matrix value="-0.0041400367358300225 0.9775724151740739 0.2105585028800043 -1.5914638130020244 -0.9988719511654585 -0.014002913919440661 0.04537220681187329 -1.8269710527335918 0.04730305464100123 -0.2101330140606521 0.9765278348409839 -0.12542568845342483 0.0 0.0 0.0 1.0"/>
            <scale value="1"/>
        </transform>
    </shape>
    <shape name="temp34" type="ply">
        <string name="filename" value="meshes/Cube_030.ply"/>
        <boolean name="face_normals" value="true"/>
        <ref id="mat-Material" name="bsdf"/>
        <transform name="to_world">
            <matrix value="-0.04133083197700014 0.9786367271527143 -0.20139975693084625 -3.224779966569828 -0.9759727034741018 0.003616971228384678 0.21786262923838484 -1.9242158193193928 0.21393677072857492 0.2055650815861587 0.9549735240678883 0.24429092234066618 0.0 0.0 0.0 1.0"/>
            <scale value="1"/>
        </transform>
    </shape>
    <shape name="temp35" type="ply">
        <string name="filename" value="meshes/Cube_031.ply"/>
        <boolean name="face_normals" value="true"/>
        <ref id="mat-Material" name="bsdf"/>
        <transform name="to_world">
            <matrix value="0.13229854244566305 0.9770640957984911 0.16686186617092988 -1.8966794243848786 -0.7872238385751037 0.001279750867188266 0.6166665327093127 -1.215574064613675 0.6023093752604042 -0.21294159854658623 0.769337256235045 0.57508254716919 0.0 0.0 0.0 1.0"/>
            <scale value="1"/>
        </transform>
    </shape>
    <shape name="temp36" type="ply">
        <string name="filename" value="meshes/Cube_032.ply"/>
        <boolean name="face_normals" value="true"/>
        <ref id="mat-Material" name="bsdf"/>
        <transform name="to_world">
            <matrix value="0.727768351515087 0.6136040615489871 0.30633856255564157 -0.6539252912750335 -0.38631554872373136 -0.002293473613072381 0.922363991128556 -0.08270173257816366 0.56666879422439 -0.7896104275347657 0.23537563927207258 -0.1126818267152947 0.0 0.0 0.0 1.0"/>
            <scale value="1"/>
        </transform>
    </shape>
    <shape name="temp37" type="ply">
        <string name="filename" value="meshes/Cube_033.ply"/>
        <boolean name="face_normals" value="true"/>
        <ref id="mat-Material" name="bsdf"/>
        <transform name="to_world">
            <matrix value="0.9766434053688918 0.16959974803044492 0.1319253548648504 -0.1429337734208178 -0.1500694558948419 0.09898790838153364 0.9837076338198507 0.30054911762960623 0.1537775673859585 -0.9805290943488318 0.12212759579802573 -0.3825014976198876 0.0 0.0 0.0 1.0"/>
            <scale value="1"/>
        </transform>
    </shape>
    <shape name="temp38" type="ply">
        <string name="filename" value="meshes/Cube_034.ply"/>
        <boolean name="face_normals" value="true"/>
        <ref id="mat-Material" name="bsdf"/>
        <transform name="to_world">
            <matrix value="0.9999211030677609 -0.0002998875731869352 0.01258441086264911 -0.033833011813173997 -0.012327410744521096 0.17903194047845014 0.9837660234664917 0.36938430595549254 -0.002548034048015432 -0.983843078033386 0.17901407545077044 -0.37378397019182275 0.0 0.0 0.0 1.0"/>
            <scale value="1"/>
        </transform>
    </shape>
    <shape name="temp39" type="ply">
        <string name="filename" value="meshes/Cube_035.ply"/>
        <boolean name="face_normals" value="true"/>
        <ref id="mat-Material" name="bsdf"/>
        <transform name="to_world">
            <matrix value="0.998820091945953 -0.048445110059383886 0.0034542794883081237 0.0088893800308667 0.006526097154923435 0.20434904040899166 0.9788764224498027 0.09139400408465345 -0.04812766055525711 -0.9776986085356774 0.2044240676922757 -0.15339337335164493 0.0 0.0 0.0 1.0"/>
            <scale value="1"/>
        </transform>
    </shape>
    <shape name="temp40" type="ply">
        <string name="filename" value="meshes/Cube_036.ply"/>
        <boolean name="face_normals" value="true"/>
        <ref id="mat-Material" name="bsdf"/>
        <transform name="to_world">
            <matrix value="0.9988262973226458 -0.04831862468008419 0.003468463208139942 0.002721823411434343 0.006640218464718887 0.20748389209528956 0.978215933896301 -0.2393338905223049 -0.04798573472546527 -0.9770444888960271 0.20756117556561127 0.18436310007509324 0.0 0.0 0.0 1.0"/>
            <scale value="1"/>
        </transform>
    </shape>
    <shape name="temp41" type="ply">
        <string name="filename" value="meshes/Cube_037.ply"/>
        <boolean name="face_normals" value="true"/>
        <ref id="mat-Material" name="bsdf"/>
        <transform name="to_world">
            <matrix value="0.9987992596099123 -0.048856458701397314 0.0035962348842915773 -0.00572873809781127 0.006633330496589702 0.20761135781971246 0.9781889848286205 -0.5703771340232102 -0.04853748136170786 -0.9769904656222168 0.20768618141639572 0.5196714820954375 0.0 0.0 0.0 1.0"/>
            <scale value="1"/>
        </transform>
    </shape>
    <shape name="temp42" type="ply">
        <string name="filename" value="meshes/Cube_038.ply"/>
        <boolean name="face_normals" value="true"/>
        <ref id="mat-Material" name="bsdf"/>
        <transform name="to_world">
            <matrix value="0.9989867506342782 -0.04485381385540536 0.003770670998689897 0.009566912679801476 0.005632797720676493 0.2076852800136831 0.9781795290153993 -0.9041361476480573 -0.044658190122104084 -0.977166719160324 0.2077274560411063 0.866434747974765 0.0 0.0 0.0 1.0"/>
            <scale value="1"/>
        </transform>
    </shape>
    <shape name="temp43" type="ply">
        <string name="filename" value="meshes/Cube_039.ply"/>
        <boolean name="face_normals" value="true"/>
        <ref id="mat-Material" name="bsdf"/>
        <transform name="to_world">
            <matrix value="0.9999377323109382 -0.010326435267775776 -0.004232689126201579 0.022261825647428513 0.008287167576094373 0.43301694188718604 0.9013476697924989 -1.3192499458640579 -0.007474890849919422 -0.901326623101349 0.43307550018847407 1.4760594213453768 0.0 0.0 0.0 1.0"/>
            <scale value="1"/>
        </transform>
    </shape>
    <shape name="temp47" type="ply">
        <string name="filename" value="meshes/Plane_001.ply"/>
        <boolean name="face_normals" value="true"/>
        <ref id="mat-Material.002" name="bsdf"/>
        <transform name="to_world">
            <scale value="1"/>
        </transform>
    </shape>
    <shape name="temp49" type="ply">
        <string name="filename" value="meshes/Plane_002.ply"/>
        <boolean name="face_normals" value="true"/>
        <ref id="mat-Material.003" name="bsdf"/>
        <transform name="to_world">
            <scale value="1"/>
        </transform>
    </shape>
    <shape name="temp51" type="ply">
        <string name="filename" value="meshes/Plane_003.ply"/>
        <boolean name="face_normals" value="true"/>
        <ref id="mat-Material.004" name="bsdf"/>
        <transform name="to_world">
            <scale value="1"/>
        </transform>
    </shape>
    <shape name="temp53" type="ply">
        <string name="filename" value="meshes/Plane_004.ply"/>
        <boolean name="face_normals" value="true"/>
        <ref id="mat-Material.005" name="bsdf"/>
        <transform name="to_world">
            <scale value="1"/>
        </transform>
    </shape>
    <emitter type="point">
        <transform name="to_world">
            <rotate angle="-142.5518126578256" x="1"/>
            <rotate angle="3.976628485794621e-06" y="1"/>
            <rotate angle="-179.999991348578" z="1"/>
            <translate value="-0.000000 3.030926 4.073377"/>
        </transform>
        <rgb name="intensity" value="100"/>
    </emitter>
</scene>
