
<scene version="2.1.0">
    <default name="spp" value="1024"/>
    <default name="resx" value="640"/>
    <default name="resy" value="360"/>
    <integrator name="temp0" type="path">
        <integer name="max_depth" value="12"/>
    </integrator>
    <sensor name="temp44" type="perspective">
        <string name="fov_axis" value="x"/>
        <float name="fov" value="83.974423"/>
        <float name="principal_point_offset_x" value="0.000000"/>
        <float name="principal_point_offset_y" value="-0.000000"/>
        <float name="near_clip" value="0.100000"/>
        <float name="far_clip" value="1000.000000"/>
        <sampler name="sampler" type="independent">
            <integer name="sample_count" value="$spp"/>
        </sampler>
        <film name="film" type="hdrfilm">
            <integer name="width" value="$resx"/>
            <integer name="height" value="$resy"/>
        </film>
        <float name="shutter_open" value="0.0"/>
        <float name="shutter_close" value="0.0015"/>
        <animation name="to_world">
            <transform time="0">
                <rotate angle="-142.5518126578256" x="1"/>
                <rotate angle="3.976628485794621e-06" y="1"/>
                <rotate angle="-179.999991348578" z="1"/>
                <translate value="-0.000000 3.030926 4.073377"/>
            </transform>
            <transform time="0.0015">
                <rotate angle="-142.5518126578256" x="1"/>
                <rotate angle="3.976628485794621e-06" y="1"/>
                <rotate angle="-179.999991348578" z="1"/>
                <translate value="-0.000000 3.030926 4.073377"/>
                <translate x="0.15" y="0.0" z="0.0"/>
            </transform>
        </animation>
    </sensor>
    <bsdf id="mat-Material" name="mat-Material" type="twosided">
        <bsdf name="bsdf" type="diffuse">
            <texture name="reflectance" type="bitmap">
                <string name="filename" value="textures/siggraph_2023_logo.jpg"/>
            </texture>
        </bsdf>
    </bsdf>
    <bsdf id="mat-Material.001" name="mat-Material.001" type="twosided">
        <bsdf name="bsdf" type="principled">
            <rgb name="base_color" value="0.433648 0.266232 0.084399"/>
            <float name="spec_tint" value="0.000000"/>
            <float name="spec_trans" value="0.000000"/>
            <float name="metallic" value="0.000000"/>
            <float name="anisotropic" value="0.000000"/>
            <float name="roughness" value="0.500000"/>
            <float name="sheen" value="0.000000"/>
            <float name="sheen_tint" value="0.500000"/>
            <float name="clearcoat" value="0.000000"/>
            <float name="clearcoat_gloss" value="0.173205"/>
            <float name="specular" value="0.500000"/>
        </bsdf>
    </bsdf>
    <bsdf id="mat-Material.002" name="mat-Material.002" type="twosided">
        <bsdf name="bsdf" type="principled">
            <rgb name="base_color" value="0.433648 0.266232 0.084399"/>
            <float name="spec_tint" value="0.000000"/>
            <float name="spec_trans" value="0.000000"/>
            <float name="metallic" value="0.000000"/>
            <float name="anisotropic" value="0.000000"/>
            <float name="roughness" value="0.500000"/>
            <float name="sheen" value="0.000000"/>
            <float name="sheen_tint" value="0.500000"/>
            <float name="clearcoat" value="0.000000"/>
            <float name="clearcoat_gloss" value="0.173205"/>
            <float name="specular" value="0.500000"/>
        </bsdf>
    </bsdf>
    <bsdf id="mat-Material.003" name="mat-Material.003" type="twosided">
        <bsdf name="bsdf" type="principled">
            <rgb name="base_color" value="0.433648 0.266232 0.084399"/>
            <float name="spec_tint" value="0.000000"/>
            <float name="spec_trans" value="0.000000"/>
            <float name="metallic" value="0.000000"/>
            <float name="anisotropic" value="0.000000"/>
            <float name="roughness" value="0.500000"/>
            <float name="sheen" value="0.000000"/>
            <float name="sheen_tint" value="0.500000"/>
            <float name="clearcoat" value="0.000000"/>
            <float name="clearcoat_gloss" value="0.173205"/>
            <float name="specular" value="0.500000"/>
        </bsdf>
    </bsdf>
    <bsdf id="mat-Material.004" name="mat-Material.004" type="twosided">
        <bsdf name="bsdf" type="principled">
            <rgb name="base_color" value="0.433648 0.266232 0.084399"/>
            <float name="spec_tint" value="0.000000"/>
            <float name="spec_trans" value="0.000000"/>
            <float name="metallic" value="0.000000"/>
            <float name="anisotropic" value="0.000000"/>
            <float name="roughness" value="0.500000"/>
            <float name="sheen" value="0.000000"/>
            <float name="sheen_tint" value="0.500000"/>
            <float name="clearcoat" value="0.000000"/>
            <float name="clearcoat_gloss" value="0.173205"/>
            <float name="specular" value="0.500000"/>
        </bsdf>
    </bsdf>
    <bsdf id="mat-Material.005" name="mat-Material.005" type="twosided">
        <bsdf name="bsdf" type="principled">
            <rgb name="base_color" value="0.433648 0.266232 0.084399"/>
            <float name="spec_tint" value="0.000000"/>
            <float name="spec_trans" value="0.000000"/>
            <float name="metallic" value="0.000000"/>
            <float name="anisotropic" value="0.000000"/>
            <float name="roughness" value="0.500000"/>
            <float name="sheen" value="0.000000"/>
            <float name="sheen_tint" value="0.500000"/>
            <float name="clearcoat" value="0.000000"/>
            <float name="clearcoat_gloss" value="0.173205"/>
            <float name="specular" value="0.500000"/>
        </bsdf>
    </bsdf>
    <emitter name="temp45" type="point">
        <point name="position" x="-6.815235034541981e-16" y="3.0693089962005615" z="4.109199523925781"/>
        <rgb name="intensity" value="7.957747 7.957747 7.957747"/>
    </emitter>
    <shape name="temp2" type="ply">
        <string name="filename" value="meshes/Cube.ply"/>
        <boolean name="face_normals" value="true"/>
        <ref id="mat-Material" name="bsdf"/>
        <transform name="to_world">
            <matrix value="0.9999982270352306 0.00023290914286548623 0.0019250026358079353 -0.0029770692005612887 -0.0002340171658448975 0.9999997914159312 0.000574778698511324 -0.018004503063576482 -0.0019248679584487978 -0.0005752268873208002 0.9999981088373558 0.004490207017738168 0.0 0.0 0.0 1.0"/>
            <scale value="1"/>
        </transform>
    </shape>
    <shape name="temp4" type="ply">
        <string name="filename" value="meshes/Plane.ply"/>
        <boolean name="face_normals" value="true"/>
        <ref id="mat-Material.001" name="bsdf"/>
        <transform name="to_world">
            <scale value="1"/>
        </transform>
    </shape>
    <shape name="temp5" type="ply">
        <string name="filename" value="meshes/Cube_001.ply"/>
        <boolean name="face_normals" value="true"/>
        <ref id="mat-Material" name="bsdf"/>
        <transform name="to_world">
            <matrix value="0.9999982270352306 0.00015940766296151834 -0.00205768187902138 0.002569651001754103 -0.00016526159208690364 0.9999958283186247 -0.002844970523866236 -0.014466632862536466 0.002057219778485782 0.002845299453718324 0.9999938537214063 -0.004581024280901458 0.0 0.0 0.0 1.0"/>
            <scale value="1"/>
        </transform>
    </shape>
    <shape name="temp6" type="ply">
        <string name="filename" value="meshes/Cube_002.ply"/>
        <boolean name="face_normals" value="true"/>
        <ref id="mat-Material" name="bsdf"/>
        <transform name="to_world">
            <matrix value="1.0 -0.00012054281918055664 0.00048792469012118094 -0.0008223383878207535 0.0001212016446021201 0.9999991656637249 -0.0013503255872887394 -0.017127216483366403 -0.0004877603377143293 0.0013503836903944952 0.999999054418678 0.0014990797376404075 0.0 0.0 0.0 1.0"/>
            <scale value="1"/>
        </transform>
    </shape>
    <shape name="temp7" type="ply">
        <string name="filename" value="meshes/Cube_003.ply"/>
        <boolean name="face_normals" value="true"/>
        <ref id="mat-Material" name="bsdf"/>
        <transform name="to_world">
            <matrix value="0.9999534596748029 -0.009306603980201202 -0.0026581945732142343 -0.006474650361952161 0.009054251835461779 0.9965166460516078 -0.0828998709754286 -0.010461721025585236 0.003420447957278641 0.08287193146761837 0.9965543016621902 0.06564272454824721 0.0 0.0 0.0 1.0"/>
            <scale value="1"/>
        </transform>
    </shape>
    <shape name="temp8" type="ply">
        <string name="filename" value="meshes/Cube_004.ply"/>
        <boolean name="face_normals" value="true"/>
        <ref id="mat-Material" name="bsdf"/>
        <transform name="to_world">
            <matrix value="0.9958512624395641 -0.03081472937259998 0.08562080486936557 -0.003463321364570504 0.05733528714050923 0.9431335167482578 -0.3274323542941921 -0.15222227157953627 -0.07066208709866725 0.3309830775745011 0.9409874516630649 0.25411999446772876 0.0 0.0 0.0 1.0"/>
            <scale value="1"/>
        </transform>
    </shape>
    <shape name="temp9" type="ply">
        <string name="filename" value="meshes/Cube_005.ply"/>
        <boolean name="face_normals" value="true"/>
        <ref id="mat-Material" name="bsdf"/>
        <transform name="to_world">
            <matrix value="0.9963942329001981 -0.07180677606205794 0.04519212084907529 0.02620251330434087 0.08438931114999813 0.7836789223712671 -0.6154070183882472 -0.4189991293623253 0.008774282968723129 0.6170016874451163 0.7869130126646434 -0.0912626455054033 0.0 0.0 0.0 1.0"/>
            <scale value="1"/>
        </transform>
    </shape>
    <shape name="temp10" type="ply">
        <string name="filename" value="meshes/Cube_006.ply"/>
        <boolean name="face_normals" value="true"/>
        <ref id="mat-Material" name="bsdf"/>
        <transform name="to_world">
            <matrix value="0.9924462835998986 -0.0719284014325554 -0.09938371737330748 -0.0055368918571132575 -0.03295039067278694 0.6240459886154816 -0.7806925059370686 -0.42998856007186487 0.11817399698950583 0.7780698881780808 0.6169620268724756 -0.5929852147111736 0.0 0.0 0.0 1.0"/>
            <scale value="1"/>
        </transform>
    </shape>
    <shape name="temp11" type="ply">
        <string name="filename" value="meshes/Cube_007.ply"/>
        <boolean name="face_normals" value="true"/>
        <ref id="mat-Material" name="bsdf"/>
        <transform name="to_world">
            <matrix value="0.972841282420877 0.14154364725930962 -0.18315531976959964 0.020966823463662188 -0.23136653919049976 0.6187763207021775 -0.7507232515137574 -0.16785940701817842 0.007072050628781956 0.7727103205311384 0.6347195713112518 -0.2608534459469971 0.0 0.0 0.0 1.0"/>
            <scale value="1"/>
        </transform>
    </shape>
    <shape name="temp12" type="ply">
        <string name="filename" value="meshes/Cube_008.ply"/>
        <boolean name="face_normals" value="true"/>
        <ref id="mat-Material" name="bsdf"/>
        <transform name="to_world">
            <matrix value="0.07663883998461066 0.9888157222327674 -0.12794450477778604 2.3892254369546877 -0.7948892517556784 -0.016870246108342736 -0.6065204451229516 1.1761556289678827 -0.6018953879867454 0.14818467199112267 0.7847060258588124 1.3292631959826489 0.0 0.0 0.0 1.0"/>
            <scale value="1"/>
        </transform>
    </shape>
    <shape name="temp13" type="ply">
        <string name="filename" value="meshes/Cube_009.ply"/>
        <boolean name="face_normals" value="true"/>
        <ref id="mat-Material" name="bsdf"/>
        <transform name="to_world">
            <matrix value="-0.07186251721992032 0.9928995897151368 0.09479492941471826 2.5747249725040953 -0.7965319036145433 7.247962655108328e-05 -0.6045968963184264 0.788300581518332 -0.6003108007240788 -0.11895501467388925 0.7908709796837126 0.9838587984065204 0.0 0.0 0.0 1.0"/>
            <scale value="1"/>
        </transform>
    </shape>
    <shape name="temp14" type="ply">
        <string name="filename" value="meshes/Cube_010.ply"/>
        <boolean name="face_normals" value="true"/>
        <ref id="mat-Material" name="bsdf"/>
        <transform name="to_world">
            <matrix value="0.07032424866185484 0.9974279498480465 0.013855721310708093 1.6768621843521427 -0.9785963260624049 0.06629014461133488 0.19482119293594016 2.1527785060781914 0.19340160134177972 -0.02725978937180736 0.9807408724216953 -0.4798555408276364 0.0 0.0 0.0 1.0"/>
            <scale value="1"/>
        </transform>
    </shape>
    <shape name="temp15" type="ply">
        <string name="filename" value="meshes/Cube_011.ply"/>
        <boolean name="face_normals" value="true"/>
        <ref id="mat-Material" name="bsdf"/>
        <transform name="to_world">
            <matrix value="0.045619048378889665 0.9956835612809565 -0.08082784226379733 1.1731424642243526 -0.8140128929998033 0.08395250123586061 0.5747482035136856 2.2582072779100444 0.5790529531387681 0.039575406269619945 0.8143289611228968 -1.2678629229217624 0.0 0.0 0.0 1.0"/>
            <scale value="1"/>
        </transform>
    </shape>
    <shape name="temp16" type="ply">
        <string name="filename" value="meshes/Cube_012.ply"/>
        <boolean name="face_normals" value="true"/>
        <ref id="mat-Material" name="bsdf"/>
        <transform name="to_world">
            <matrix value="0.08008650295109986 0.9892199581580358 0.1225969350872606 1.1436510680459269 -0.8373331418531382 3.653704557353319e-05 0.5466932784770089 1.8111122753037283 0.5407954761030944 -0.14643717552140803 0.8283093809704596 -1.5208761661798813 0.0 0.0 0.0 1.0"/>
            <scale value="1"/>
        </transform>
    </shape>
    <shape name="temp17" type="ply">
        <string name="filename" value="meshes/Cube_013.ply"/>
        <boolean name="face_normals" value="true"/>
        <ref id="mat-Material" name="bsdf"/>
        <transform name="to_world">
            <matrix value="0.9014510830155295 0.2952129956218204 0.31660024745863197 0.5337608961590006 -0.38841083848822844 0.22871451724260206 0.8926516984295312 1.4385672494548565 0.19111128545264677 -0.9276524071644456 0.32083905213037106 -1.3278831632324466 0.0 0.0 0.0 1.0"/>
            <scale value="1"/>
        </transform>
    </shape>
    <shape name="temp18" type="ply">
        <string name="filename" value="meshes/Cube_014.ply"/>
        <boolean name="face_normals" value="true"/>
        <ref id="mat-Material" name="bsdf"/>
        <transform name="to_world">
            <matrix value="0.9436560661103104 0.28424919121527337 0.1694572032257561 0.10687697860459533 -0.2160426273919511 0.14126892118233794 0.9661101290198435 1.0238920814432915 0.2506770952454404 -0.9482855432467779 0.1947192119903494 -0.8404745003931237 0.0 0.0 0.0 1.0"/>
            <scale value="1"/>
        </transform>
    </shape>
    <shape name="temp19" type="ply">
        <string name="filename" value="meshes/Cube_015.ply"/>
        <boolean name="face_normals" value="true"/>
        <ref id="mat-Material" name="bsdf"/>
        <transform name="to_world">
            <matrix value="0.9833447689560961 0.13133986062412525 0.1256308800383528 0.045877578672320785 -0.14904029417031453 0.18710562488658242 0.970967816666911 0.636963562711861 0.10402055220760707 -0.973520043886088 0.20356425059607083 -0.3214766191105381 0.0 0.0 0.0 1.0"/>
            <scale value="1"/>
        </transform>
    </shape>
    <shape name="temp20" type="ply">
        <string name="filename" value="meshes/Cube_016.ply"/>
        <boolean name="face_normals" value="true"/>
        <ref id="mat-Material" name="bsdf"/>
        <transform name="to_world">
            <matrix value="0.9848460268746 0.047927362683892936 0.1666794162548266 0.08736960744157374 -0.17275737686316434 0.18633776435423416 0.9671779267278489 0.33711542554828955 0.015295619713240678 -0.981316082040286 0.1917937488564376 0.05215335534727844 0.0 0.0 0.0 1.0"/>
            <scale value="1"/>
        </transform>
    </shape>
    <shape name="temp21" type="ply">
        <string name="filename" value="meshes/Cube_017.ply"/>
        <boolean name="face_normals" value="true"/>
        <ref id="mat-Material" name="bsdf"/>
        <transform name="to_world">
            <matrix value="0.9550234297294279 0.015795260135621363 0.29611020939425586 0.18761501830276484 -0.2948315417524338 0.1573434733001963 0.9425060552663915 0.16299367480717258 -0.03170389006200058 -0.9874175832198289 0.15492361830475235 0.25994737206041174 0.0 0.0 0.0 1.0"/>
            <scale value="1"/>
        </transform>
    </shape>
    <shape name="temp22" type="ply">
        <string name="filename" value="meshes/Cube_018.ply"/>
        <boolean name="face_normals" value="true"/>
        <ref id="mat-Material" name="bsdf"/>
        <transform name="to_world">
            <matrix value="0.13811027663569297 0.9773594508398638 0.16029378738887645 0.8698602349375737 -0.6078525496119868 -0.044133135039411964 0.7928228959279013 0.022631131189429568 0.7819470521801262 -0.20693187435730034 0.5879948522552824 -0.21386513520378242 0.0 0.0 0.0 1.0"/>
            <scale value="1"/>
        </transform>
    </shape>
    <shape name="temp23" type="ply">
        <string name="filename" value="meshes/Cube_019.ply"/>
        <boolean name="face_normals" value="true"/>
        <ref id="mat-Material" name="bsdf"/>
        <transform name="to_world">
            <matrix value="-0.07242680758190655 0.9873401985303166 -0.14111635803680297 0.4751912541979407 -0.9137439342442826 -0.008972831925043228 0.4061919501716466 -0.04618090082802219 0.39978334370517726 0.15836334510442762 0.9028259170602255 -0.05025545656403352 0.0 0.0 0.0 1.0"/>
            <scale value="1"/>
        </transform>
    </shape>
    <shape name="temp24" type="ply">
        <string name="filename" value="meshes/Cube_020.ply"/>
        <boolean name="face_normals" value="true"/>
        <ref id="mat-Material" name="bsdf"/>
        <transform name="to_world">
            <matrix value="0.09009268590750176 0.9659173963664096 -0.24266618939975143 0.06084288359377277 -0.945089107850099 0.006059508388402251 -0.32675602801666187 0.18989640818311956 -0.31414879576656646 0.25877952802007453 0.9134242286577847 0.10716605812825197 0.0 0.0 0.0 1.0"/>
            <scale value="1"/>
        </transform>
    </shape>
    <shape name="temp25" type="ply">
        <string name="filename" value="meshes/Cube_021.ply"/>
        <boolean name="face_normals" value="true"/>
        <ref id="mat-Material" name="bsdf"/>
        <transform name="to_world">
            <matrix value="0.1714208716958585 0.9356572379714783 -0.3084812498315683 -0.1706644705626067 -0.8091744721440641 -0.044903686306247304 -0.5858502738167114 0.09450523757403147 -0.5620072266044001 0.35004202968985637 0.7494124394059669 0.266700245505309 0.0 0.0 0.0 1.0"/>
            <scale value="1"/>
        </transform>
    </shape>
    <shape name="temp26" type="ply">
        <string name="filename" value="meshes/Cube_022.ply"/>
        <boolean name="face_normals" value="true"/>
        <ref id="mat-Material" name="bsdf"/>
        <transform name="to_world">
            <matrix value="0.6552576383754678 0.3993291936348486 -0.6412282439467429 -0.0752447537815224 -0.6931778088637601 -0.019523954837377434 -0.720502472458762 -0.16858700788875117 -0.30023704538967105 0.9165997459446044 0.26401292420551076 0.6670631236162181 0.0 0.0 0.0 1.0"/>
            <scale value="1"/>
        </transform>
    </shape>
    <shape name="temp27" type="ply">
        <string name="filename" value="meshes/Cube_023.ply"/>
        <boolean name="face_normals" value="true"/>
        <ref id="mat-Material" name="bsdf"/>
        <transform name="to_world">
            <matrix value="0.8588245775468195 0.2704029635624491 -0.4350898609569945 -0.06259198174799785 -0.48137544833846607 0.1354949387075714 -0.8659787404951348 -0.2879377838312591 -0.1752107168628452 0.9531649503674209 0.2465317259081245 0.20581999248925775 0.0 0.0 0.0 1.0"/>
            <scale value="1"/>
        </transform>
    </shape>
    <shape name="temp28" type="ply">
        <string name="filename" value="meshes/Cube_024.ply"/>
        <boolean name="face_normals" value="true"/>
        <ref id="mat-Material" name="bsdf"/>
        <transform name="to_world">
            <matrix value="0.8585728165495623 0.42993932289439596 -0.27929446395231244 -0.18843653097547253 -0.383968497961977 0.17823281319419387 -0.9059808491414831 -0.5168246180592257 -0.33973732640458704 0.8850906193486755 0.3181089224580765 -0.3236921789136423 0.0 0.0 0.0 1.0"/>
            <scale value="1"/>
        </transform>
    </shape>
    <shape name="temp29" type="ply">
        <string name="filename" value="meshes/Cube_025.ply"/>
        <boolean name="face_normals" value="true"/>
        <ref id="mat-Material" name="bsdf"/>
        <transform name="to_world">
            <matrix value="0.897081611341301 0.3713962408979127 -0.23939400529809213 -0.27143216874850673 -0.32377767376384464 0.18382653731673282 -0.9281034333585015 -0.7950307916066452 -0.30068724546874526 0.9100948431760679 0.2851573045447948 -0.7156242048124488 0.0 0.0 0.0 1.0"/>
            <scale value="1"/>
        </transform>
    </shape>
    <shape name="temp30" type="ply">
        <string name="filename" value="meshes/Cube_026.ply"/>
        <boolean name="face_normals" value="true"/>
        <ref id="mat-Material" name="bsdf"/>
        <transform name="to_world">
            <matrix value="0.9228512110235858 0.24117220074965115 -0.30030291697654155 -0.32173166492686445 -0.3503043737267897 0.20146580368484615 -0.9147123470699509 -1.1457717592553545 -0.16010244190437692 0.9493405614665963 0.27040670871036415 -0.865569311027482 0.0 0.0 0.0 1.0"/>
            <scale value="1"/>
        </transform>
    </shape>
    <shape name="temp31" type="ply">
        <string name="filename" value="meshes/Cube_027.ply"/>
        <boolean name="face_normals" value="true"/>
        <ref id="mat-Material" name="bsdf"/>
        <transform name="to_world">
            <matrix value="0.8744213486233815 0.17459460643314983 -0.45266325343328756 -0.5670607305408355 -0.48146365333574453 0.1972065378590514 -0.8539920788652645 -1.5828048118861162 -0.05983423665888336 0.9646896373348798 0.2565026445545627 -0.9996418388427409 0.0 0.0 0.0 1.0"/>
            <scale value="1"/>
        </transform>
    </shape>
    <shape name="temp32" type="ply">
        <string name="filename" value="meshes/Cube_028.ply"/>
        <boolean name="face_normals" value="true"/>
        <ref id="mat-Material" name="bsdf"/>
        <transform name="to_world">
            <matrix value="-0.10824087322060824 0.9841486536941282 0.14048322042304362 -1.488426736512811 -0.7911372150623995 0.0002963645882654775 -0.611638876819594 -2.1203957179052826 -0.6019853659487933 -0.17734574686654583 0.7785642387763043 -1.3705825631476032 0.0 0.0 0.0 1.0"/>
            <scale value="1"/>
        </transform>
    </shape>
    <shape name="temp33" type="ply">
        <string name="filename" value="meshes/Cube_029.ply"/>
        <boolean name="face_normals" value="true"/>
        <ref id="mat-Material" name="bsdf"/>
        <transform name="to_world">
            <matrix value="-0.008914382644802465 0.9804948865615543 0.19634213685303917 -1.6205666406612131 -0.998907853702039 -0.01773789325918865 0.04322696646637678 -1.823170391305967 0.04586650993658105 -0.19574231941312786 0.9795822989067662 -0.11558456038622467 0.0 0.0 0.0 1.0"/>
            <scale value="1"/>
        </transform>
    </shape>
    <shape name="temp34" type="ply">
        <string name="filename" value="meshes/Cube_030.ply"/>
        <boolean name="face_normals" value="true"/>
        <ref id="mat-Material" name="bsdf"/>
        <transform name="to_world">
            <matrix value="-0.037098051169669674 0.9810993426607054 -0.18991529760993925 -3.1982833371467403 -0.9777649261764081 0.0036151709898940045 0.2096726035756924 -1.9384390854980214 0.20639614418350108 0.19347092027754267 0.9591505472020126 0.24049776872084516 0.0 0.0 0.0 1.0"/>
            <scale value="1"/>
        </transform>
    </shape>
    <shape name="temp35" type="ply">
        <string name="filename" value="meshes/Cube_031.ply"/>
        <boolean name="face_normals" value="true"/>
        <ref id="mat-Material" name="bsdf"/>
        <transform name="to_world">
            <matrix value="0.12078402275068392 0.980257935059436 0.15654254808635618 -1.9396940385643933 -0.7971648520372252 0.0018063755806459014 0.6037593476623575 -1.254965696114046 0.5915572304162744 -0.1977146277921585 0.7816451791191058 0.5648594233889721 0.0 0.0 0.0 1.0"/>
            <scale value="1"/>
        </transform>
    </shape>
    <shape name="temp36" type="ply">
        <string name="filename" value="meshes/Cube_032.ply"/>
        <boolean name="face_normals" value="true"/>
        <ref id="mat-Material" name="bsdf"/>
        <transform name="to_world">
            <matrix value="0.6550240502670972 0.6136950042029691 0.44082008376904935 -0.7129445766113922 -0.5609181829947857 0.004035872288146376 0.8278616482144351 -0.660999126072004 0.5062754088013517 -0.7895328342611848 0.3468763430209716 -0.16183678502407162 0.0 0.0 0.0 1.0"/>
            <scale value="1"/>
        </transform>
    </shape>
    <shape name="temp37" type="ply">
        <string name="filename" value="meshes/Cube_033.ply"/>
        <boolean name="face_normals" value="true"/>
        <ref id="mat-Material" name="bsdf"/>
        <transform name="to_world">
            <matrix value="0.9768752205124932 0.16860647069498128 0.13147977330633384 -0.14014864238582092 -0.1499633439533923 0.10198868222842876 0.9834173403539594 0.30064440540077586 0.15240108186310228 -0.9803928889519277 0.12491500405890783 -0.3724326986674068 0.0 0.0 0.0 1.0"/>
            <scale value="1"/>
        </transform>
    </shape>
    <shape name="temp38" type="ply">
        <string name="filename" value="meshes/Cube_034.ply"/>
        <boolean name="face_normals" value="true"/>
        <ref id="mat-Material" name="bsdf"/>
        <transform name="to_world">
            <matrix value="0.9999250922384922 0.0022680451292491186 0.01205904588007854 -0.03446030589376914 -0.012270423224420108 0.18185410378726097 0.9832490268786218 0.3693377180042422 3.706595606238709e-05 -0.9833228693658836 0.18186826539252735 -0.35934868053219693 0.0 0.0 0.0 1.0"/>
            <scale value="1"/>
        </transform>
    </shape>
    <shape name="temp39" type="ply">
        <string name="filename" value="meshes/Cube_035.ply"/>
        <boolean name="face_normals" value="true"/>
        <ref id="mat-Material" name="bsdf"/>
        <transform name="to_world">
            <matrix value="0.9989056374960773 -0.046661820563469 0.003231902400878256 0.008192131621070242 0.006529860272646523 0.20753966747527758 0.978204823315766 0.09138765533914059 -0.046315557588555156 -0.9771131130546511 0.20761724853801308 -0.14945940136659558 0.0 0.0 0.0 1.0"/>
            <scale value="1"/>
        </transform>
    </shape>
    <shape name="temp40" type="ply">
        <string name="filename" value="meshes/Cube_036.ply"/>
        <boolean name="face_normals" value="true"/>
        <ref id="mat-Material" name="bsdf"/>
        <transform name="to_world">
            <matrix value="0.9993320355231221 -0.036404302672170506 0.003252776108564083 0.0028468178777001363 0.004445536295248277 0.2094035955721774 0.9778192625316711 -0.24517107547452213 -0.03627797073544352 -0.9771512839392353 0.20942543642123945 0.21062568548285832 0.0 0.0 0.0 1.0"/>
            <scale value="1"/>
        </transform>
    </shape>
    <shape name="temp41" type="ply">
        <string name="filename" value="meshes/Cube_037.ply"/>
        <boolean name="face_normals" value="true"/>
        <ref id="mat-Material" name="bsdf"/>
        <transform name="to_world">
            <matrix value="0.9988573242061107 -0.04768002369515022 0.0033327013698163824 -0.006057791067891838 0.006734478136684946 0.20942737415601673 0.9778010600912201 -0.5698411454468842 -0.0473195432133568 -0.9766609027935664 0.2095091676473133 0.5134389156541643 0.0 0.0 0.0 1.0"/>
            <scale value="1"/>
        </transform>
    </shape>
    <shape name="temp42" type="ply">
        <string name="filename" value="meshes/Cube_038.ply"/>
        <boolean name="face_normals" value="true"/>
        <ref id="mat-Material" name="bsdf"/>
        <transform name="to_world">
            <matrix value="0.9991152905800609 -0.04192598185735771 0.0033750634130474146 0.007313439015497192 0.005483350087850405 0.20938544875819476 0.9778178441596879 -0.9041910511587685 -0.0417026711487216 -0.9769339393395812 0.20943002249065176 0.8615968119337858 0.0 0.0 0.0 1.0"/>
            <scale value="1"/>
        </transform>
    </shape>
    <shape name="temp43" type="ply">
        <string name="filename" value="meshes/Cube_039.ply"/>
        <boolean name="face_normals" value="true"/>
        <ref id="mat-Material" name="bsdf"/>
        <transform name="to_world">
            <matrix value="0.9999553721713668 -0.007710691982028292 -0.005484300044041445 0.021023854902965322 0.008282468398688788 0.4330113144913194 0.9013504164647157 -1.319263774073954 -0.004575273777438558 -0.90135545095962 0.4330557188405461 1.4728067285243034 0.0 0.0 0.0 1.0"/>
            <scale value="1"/>
        </transform>
    </shape>
    <shape name="temp47" type="ply">
        <string name="filename" value="meshes/Plane_001.ply"/>
        <boolean name="face_normals" value="true"/>
        <ref id="mat-Material.002" name="bsdf"/>
        <transform name="to_world">
            <scale value="1"/>
        </transform>
    </shape>
    <shape name="temp49" type="ply">
        <string name="filename" value="meshes/Plane_002.ply"/>
        <boolean name="face_normals" value="true"/>
        <ref id="mat-Material.003" name="bsdf"/>
        <transform name="to_world">
            <scale value="1"/>
        </transform>
    </shape>
    <shape name="temp51" type="ply">
        <string name="filename" value="meshes/Plane_003.ply"/>
        <boolean name="face_normals" value="true"/>
        <ref id="mat-Material.004" name="bsdf"/>
        <transform name="to_world">
            <scale value="1"/>
        </transform>
    </shape>
    <shape name="temp53" type="ply">
        <string name="filename" value="meshes/Plane_004.ply"/>
        <boolean name="face_normals" value="true"/>
        <ref id="mat-Material.005" name="bsdf"/>
        <transform name="to_world">
            <scale value="1"/>
        </transform>
    </shape>
    <emitter type="point">
        <transform name="to_world">
            <rotate angle="-142.5518126578256" x="1"/>
            <rotate angle="3.976628485794621e-06" y="1"/>
            <rotate angle="-179.999991348578" z="1"/>
            <translate value="-0.000000 3.030926 4.073377"/>
        </transform>
        <rgb name="intensity" value="100"/>
    </emitter>
</scene>
