
<scene version="2.1.0">
    <default name="spp" value="1024"/>
    <default name="resx" value="640"/>
    <default name="resy" value="360"/>
    <integrator name="temp0" type="path">
        <integer name="max_depth" value="12"/>
    </integrator>
    <sensor name="temp44" type="perspective">
        <string name="fov_axis" value="x"/>
        <float name="fov" value="83.974423"/>
        <float name="principal_point_offset_x" value="0.000000"/>
        <float name="principal_point_offset_y" value="-0.000000"/>
        <float name="near_clip" value="0.100000"/>
        <float name="far_clip" value="1000.000000"/>
        <sampler name="sampler" type="independent">
            <integer name="sample_count" value="$spp"/>
        </sampler>
        <film name="film" type="hdrfilm">
            <integer name="width" value="$resx"/>
            <integer name="height" value="$resy"/>
        </film>
        <float name="shutter_open" value="0.0"/>
        <float name="shutter_close" value="0.0015"/>
        <animation name="to_world">
            <transform time="0">
                <rotate angle="-142.5518126578256" x="1"/>
                <rotate angle="3.976628485794621e-06" y="1"/>
                <rotate angle="-179.999991348578" z="1"/>
                <translate value="-0.000000 3.030926 4.073377"/>
            </transform>
            <transform time="0.0015">
                <rotate angle="-142.5518126578256" x="1"/>
                <rotate angle="3.976628485794621e-06" y="1"/>
                <rotate angle="-179.999991348578" z="1"/>
                <translate value="-0.000000 3.030926 4.073377"/>
                <translate x="0.15" y="0.0" z="0.0"/>
            </transform>
        </animation>
    </sensor>
    <bsdf id="mat-Material" name="mat-Material" type="twosided">
        <bsdf name="bsdf" type="diffuse">
            <texture name="reflectance" type="bitmap">
                <string name="filename" value="textures/siggraph_2023_logo.jpg"/>
            </texture>
        </bsdf>
    </bsdf>
    <bsdf id="mat-Material.001" name="mat-Material.001" type="twosided">
        <bsdf name="bsdf" type="principled">
            <rgb name="base_color" value="0.433648 0.266232 0.084399"/>
            <float name="spec_tint" value="0.000000"/>
            <float name="spec_trans" value="0.000000"/>
            <float name="metallic" value="0.000000"/>
            <float name="anisotropic" value="0.000000"/>
            <float name="roughness" value="0.500000"/>
            <float name="sheen" value="0.000000"/>
            <float name="sheen_tint" value="0.500000"/>
            <float name="clearcoat" value="0.000000"/>
            <float name="clearcoat_gloss" value="0.173205"/>
            <float name="specular" value="0.500000"/>
        </bsdf>
    </bsdf>
    <bsdf id="mat-Material.002" name="mat-Material.002" type="twosided">
        <bsdf name="bsdf" type="principled">
            <rgb name="base_color" value="0.433648 0.266232 0.084399"/>
            <float name="spec_tint" value="0.000000"/>
            <float name="spec_trans" value="0.000000"/>
            <float name="metallic" value="0.000000"/>
            <float name="anisotropic" value="0.000000"/>
            <float name="roughness" value="0.500000"/>
            <float name="sheen" value="0.000000"/>
            <float name="sheen_tint" value="0.500000"/>
            <float name="clearcoat" value="0.000000"/>
            <float name="clearcoat_gloss" value="0.173205"/>
            <float name="specular" value="0.500000"/>
        </bsdf>
    </bsdf>
    <bsdf id="mat-Material.003" name="mat-Material.003" type="twosided">
        <bsdf name="bsdf" type="principled">
            <rgb name="base_color" value="0.433648 0.266232 0.084399"/>
            <float name="spec_tint" value="0.000000"/>
            <float name="spec_trans" value="0.000000"/>
            <float name="metallic" value="0.000000"/>
            <float name="anisotropic" value="0.000000"/>
            <float name="roughness" value="0.500000"/>
            <float name="sheen" value="0.000000"/>
            <float name="sheen_tint" value="0.500000"/>
            <float name="clearcoat" value="0.000000"/>
            <float name="clearcoat_gloss" value="0.173205"/>
            <float name="specular" value="0.500000"/>
        </bsdf>
    </bsdf>
    <bsdf id="mat-Material.004" name="mat-Material.004" type="twosided">
        <bsdf name="bsdf" type="principled">
            <rgb name="base_color" value="0.433648 0.266232 0.084399"/>
            <float name="spec_tint" value="0.000000"/>
            <float name="spec_trans" value="0.000000"/>
            <float name="metallic" value="0.000000"/>
            <float name="anisotropic" value="0.000000"/>
            <float name="roughness" value="0.500000"/>
            <float name="sheen" value="0.000000"/>
            <float name="sheen_tint" value="0.500000"/>
            <float name="clearcoat" value="0.000000"/>
            <float name="clearcoat_gloss" value="0.173205"/>
            <float name="specular" value="0.500000"/>
        </bsdf>
    </bsdf>
    <bsdf id="mat-Material.005" name="mat-Material.005" type="twosided">
        <bsdf name="bsdf" type="principled">
            <rgb name="base_color" value="0.433648 0.266232 0.084399"/>
            <float name="spec_tint" value="0.000000"/>
            <float name="spec_trans" value="0.000000"/>
            <float name="metallic" value="0.000000"/>
            <float name="anisotropic" value="0.000000"/>
            <float name="roughness" value="0.500000"/>
            <float name="sheen" value="0.000000"/>
            <float name="sheen_tint" value="0.500000"/>
            <float name="clearcoat" value="0.000000"/>
            <float name="clearcoat_gloss" value="0.173205"/>
            <float name="specular" value="0.500000"/>
        </bsdf>
    </bsdf>
    <emitter name="temp45" type="point">
        <point name="position" x="-6.815235034541981e-16" y="3.0693089962005615" z="4.109199523925781"/>
        <rgb name="intensity" value="7.957747 7.957747 7.957747"/>
    </emitter>
    <shape name="temp2" type="ply">
        <string name="filename" value="meshes/Cube.ply"/>
        <boolean name="face_normals" value="true"/>
        <ref id="mat-Material" name="bsdf"/>
        <transform name="to_world">
            <matrix value="1.0 0.0006306643611174265 0.00011119847231881598 -0.0007372029959844539 -0.0006306524333054978 0.9999997914159312 -9.504510659301849e-05 -0.016257987499884607 -0.00011125841493403685 9.497479261528963e-05 1.0 0.00028592698387375215 0.0 0.0 0.0 1.0"/>
            <scale value="1"/>
        </transform>
    </shape>
    <shape name="temp4" type="ply">
        <string name="filename" value="meshes/Plane.ply"/>
        <boolean name="face_normals" value="true"/>
        <ref id="mat-Material.001" name="bsdf"/>
        <transform name="to_world">
            <scale value="1"/>
        </transform>
    </shape>
    <shape name="temp5" type="ply">
        <string name="filename" value="meshes/Cube_001.ply"/>
        <boolean name="face_normals" value="true"/>
        <ref id="mat-Material" name="bsdf"/>
        <transform name="to_world">
            <matrix value="1.0 -0.00029708837498409546 -1.1017511693295025e-05 0.0005797756312517777 0.0002970762037987543 0.9999993742477937 -0.001070298770602444 -0.017514541093302638 1.1335450253268016e-05 0.0010702949170148283 0.9999995272093389 -0.0001322369068370577 0.0 0.0 0.0 1.0"/>
            <scale value="1"/>
        </transform>
    </shape>
    <shape name="temp6" type="ply">
        <string name="filename" value="meshes/Cube_002.ply"/>
        <boolean name="face_normals" value="true"/>
        <ref id="mat-Material" name="bsdf"/>
        <transform name="to_world">
            <matrix value="1.0 0.00038829593073340244 -2.40425870915857e-05 -0.000598014577657402 -0.00038832183565680364 0.9999991656637249 -0.0011048621318792814 -0.016216217950835776 2.361358587443509e-05 0.0011048718980941675 0.9999995272093389 -0.00017477219756556472 0.0 0.0 0.0 1.0"/>
            <scale value="1"/>
        </transform>
    </shape>
    <shape name="temp7" type="ply">
        <string name="filename" value="meshes/Cube_003.ply"/>
        <boolean name="face_normals" value="true"/>
        <ref id="mat-Material" name="bsdf"/>
        <transform name="to_world">
            <matrix value="1.0 0.00033823366838887583 9.127129153643253e-05 -0.0005816304250574333 -0.0003381655488123795 0.9999995828318625 -0.0007575690238905849 -0.016815319358060465 -9.152753325638666e-05 0.0007575377067850313 0.9999997636046695 0.0001725346810139694 0.0 0.0 0.0 1.0"/>
            <scale value="1"/>
        </transform>
    </shape>
    <shape name="temp8" type="ply">
        <string name="filename" value="meshes/Cube_004.ply"/>
        <boolean name="face_normals" value="true"/>
        <ref id="mat-Material" name="bsdf"/>
        <transform name="to_world">
            <matrix value="1.0 0.0001358457979696427 5.170485948425157e-06 -0.00051359324346123 -0.00013583879849723507 0.9999989570796561 -0.0013887941994259376 -0.01761482647069723 -5.359140608516969e-06 0.0013887944466577534 0.999999054418678 -2.3575177876454523e-05 0.0 0.0 0.0 1.0"/>
            <scale value="1"/>
        </transform>
    </shape>
    <shape name="temp9" type="ply">
        <string name="filename" value="meshes/Cube_005.ply"/>
        <boolean name="face_normals" value="true"/>
        <ref id="mat-Material" name="bsdf"/>
        <transform name="to_world">
            <matrix value="1.0 0.0002888889352409042 7.198190535581988e-05 -0.0005363440320018675 -0.000288825712244272 0.9999995828318625 -0.0008699986430908027 -0.01745710919079102 -7.223324415320542e-05 0.0008699791207347165 0.9999997636046695 0.0001115731297033351 0.0 0.0 0.0 1.0"/>
            <scale value="1"/>
        </transform>
    </shape>
    <shape name="temp10" type="ply">
        <string name="filename" value="meshes/Cube_006.ply"/>
        <boolean name="face_normals" value="true"/>
        <ref id="mat-Material" name="bsdf"/>
        <transform name="to_world">
            <matrix value="1.0 0.0006583163511137347 -0.00014028620855457966 -0.0007125248721551181 -0.0006583683050634101 0.9999995828318625 -0.00038164607742136194 -0.016502538014788404 0.00014003496286525292 0.0003817380476113996 1.0 -0.0005130640139247022 0.0 0.0 0.0 1.0"/>
            <scale value="1"/>
        </transform>
    </shape>
    <shape name="temp11" type="ply">
        <string name="filename" value="meshes/Cube_007.ply"/>
        <boolean name="face_normals" value="true"/>
        <ref id="mat-Material" name="bsdf"/>
        <transform name="to_world">
            <matrix value="1.0 -0.0002340313251554473 -6.840666237687941e-07 0.00038521035164018613 0.00023403134956305284 1.0 -0.0002775186622293687 -0.018711644397274185 7.490155613117811e-07 0.00027751901765246976 1.0 5.858528770552596e-06 0.0 0.0 0.0 1.0"/>
            <scale value="1"/>
        </transform>
    </shape>
    <shape name="temp12" type="ply">
        <string name="filename" value="meshes/Cube_008.ply"/>
        <boolean name="face_normals" value="true"/>
        <ref id="mat-Material" name="bsdf"/>
        <transform name="to_world">
            <matrix value="1.0 -5.264599320433104e-06 4.623679909375486e-06 -5.3263224867539094e-05 5.265616716930218e-06 1.0 -0.00021853211737879187 -0.018096281639803147 -4.622518070943412e-06 0.00021853144300544613 1.0 -7.481619487492708e-06 0.0 0.0 0.0 1.0"/>
            <scale value="1"/>
        </transform>
    </shape>
    <shape name="temp13" type="ply">
        <string name="filename" value="meshes/Cube_009.ply"/>
        <boolean name="face_normals" value="true"/>
        <ref id="mat-Material" name="bsdf"/>
        <transform name="to_world">
            <matrix value="1.0 -0.0002697909779046896 4.304924445688409e-05 4.4291133577178954e-05 0.00026977077338496204 0.9999997914159312 0.0004596376248699235 -0.01772972122260763 -4.3173154831240346e-05 -0.00045962542472931 1.0 2.344086108885257e-05 0.0 0.0 0.0 1.0"/>
            <scale value="1"/>
        </transform>
    </shape>
    <shape name="temp14" type="ply">
        <string name="filename" value="meshes/Cube_010.ply"/>
        <boolean name="face_normals" value="true"/>
        <ref id="mat-Material" name="bsdf"/>
        <transform name="to_world">
            <matrix value="0.9999995567588077 0.001083625524849663 2.9958143842776303e-05 -2.86281808452582e-05 -0.0010836404994796348 0.9999991656637249 0.00045991893531325455 -0.01505516872804058 -2.9459759905110927e-05 -0.00045995081587658503 1.0 4.9462338441941256e-05 0.0 0.0 0.0 1.0"/>
            <scale value="1"/>
        </transform>
    </shape>
    <shape name="temp15" type="ply">
        <string name="filename" value="meshes/Cube_011.ply"/>
        <boolean name="face_normals" value="true"/>
        <ref id="mat-Material" name="bsdf"/>
        <transform name="to_world">
            <matrix value="1.0 -0.0008628872623966728 -3.487469392714579e-05 0.00014599315907215527 0.000862897520863363 0.9999995828318625 0.0003546804620677689 -0.01841710759633991 3.4568735184663146e-05 -0.0003547097239807018 1.0 -6.453595608579832e-05 0.0 0.0 0.0 1.0"/>
            <scale value="1"/>
        </transform>
    </shape>
    <shape name="temp16" type="ply">
        <string name="filename" value="meshes/Cube_012.ply"/>
        <boolean name="face_normals" value="true"/>
        <ref id="mat-Material" name="bsdf"/>
        <transform name="to_world">
            <matrix value="1.0 0.00024839859581204905 -1.6498077396776796e-05 -0.00047873073500537267 -0.0002484003425367935 1.0 -0.00010424915878721631 -0.01772898574085735 1.6472172431461614e-05 0.0001042534463302762 1.0 1.4396770222635524e-05 0.0 0.0 0.0 1.0"/>
            <scale value="1"/>
        </transform>
    </shape>
    <shape name="temp17" type="ply">
        <string name="filename" value="meshes/Cube_013.ply"/>
        <boolean name="face_normals" value="true"/>
        <ref id="mat-Material" name="bsdf"/>
        <transform name="to_world">
            <matrix value="1.0 0.0003421988515361174 2.4598116118331937e-06 -0.000425801252677771 -0.00034219904366280336 0.9999997914159312 -0.0002658383689478658 -0.01785144618041168 -2.550777710996105e-06 0.00026583622396088633 1.0 2.6860963489694356e-05 0.0 0.0 0.0 1.0"/>
            <scale value="1"/>
        </transform>
    </shape>
    <shape name="temp18" type="ply">
        <string name="filename" value="meshes/Cube_014.ply"/>
        <boolean name="face_normals" value="true"/>
        <ref id="mat-Material" name="bsdf"/>
        <transform name="to_world">
            <matrix value="1.0 -1.2879106759583917e-05 -1.2768160953070328e-06 9.37659714961292e-06 1.287903770564175e-05 1.0 -5.552713558359624e-05 -0.017833380058477732 1.2775319266630854e-06 5.552695636212698e-05 1.0 -1.8494615569020212e-06 0.0 0.0 0.0 1.0"/>
            <scale value="1"/>
        </transform>
    </shape>
    <shape name="temp19" type="ply">
        <string name="filename" value="meshes/Cube_015.ply"/>
        <boolean name="face_normals" value="true"/>
        <ref id="mat-Material" name="bsdf"/>
        <transform name="to_world">
            <matrix value="1.0 -0.0006435694574519787 -1.7455903997019526e-06 0.000644257633345191 0.0006435684816507012 0.9999997914159312 -5.219443421377986e-06 -0.01844058341628735 1.7489499616153127e-06 5.2183353739808065e-06 1.0 -5.757923124405373e-06 0.0 0.0 0.0 1.0"/>
            <scale value="1"/>
        </transform>
    </shape>
    <shape name="temp20" type="ply">
        <string name="filename" value="meshes/Cube_016.ply"/>
        <boolean name="face_normals" value="true"/>
        <ref id="mat-Material" name="bsdf"/>
        <transform name="to_world">
            <matrix value="1.0 -0.0004664878405917113 6.995079667590342e-05 0.0005146078254515407 0.00046644486877401263 0.9999995828318625 0.0005916644169711044 -0.018165904727720283 -7.022669127541766e-05 -0.0005916320243292459 1.0 6.299253831595908e-05 0.0 0.0 0.0 1.0"/>
            <scale value="1"/>
        </transform>
    </shape>
    <shape name="temp21" type="ply">
        <string name="filename" value="meshes/Cube_017.ply"/>
        <boolean name="face_normals" value="true"/>
        <ref id="mat-Material" name="bsdf"/>
        <transform name="to_world">
            <matrix value="1.0 -8.728951260160652e-05 5.402058814212655e-06 0.00039081643441618574 8.728527180436398e-05 0.9999995828318625 0.0007990682241651818 -0.018078038608098423 -5.471812519613423e-06 -0.000799066794876341 0.9999997636046695 2.4199327033513907e-05 0.0 0.0 0.0 1.0"/>
            <scale value="1"/>
        </transform>
    </shape>
    <shape name="temp22" type="ply">
        <string name="filename" value="meshes/Cube_018.ply"/>
        <boolean name="face_normals" value="true"/>
        <ref id="mat-Material" name="bsdf"/>
        <transform name="to_world">
            <matrix value="1.0 -0.0003135727739386721 -2.63086727300493e-05 0.0003516666957574799 0.00031358782469633546 0.9999997914159312 0.0005389742617492025 -0.017814765806545674 2.6139617429662056e-05 -0.0005389812336913331 1.0 -1.3518263575706957e-05 0.0 0.0 0.0 1.0"/>
            <scale value="1"/>
        </transform>
    </shape>
    <shape name="temp23" type="ply">
        <string name="filename" value="meshes/Cube_019.ply"/>
        <boolean name="face_normals" value="true"/>
        <ref id="mat-Material" name="bsdf"/>
        <transform name="to_world">
            <matrix value="0.999993794623307 -0.003579354766041679 -2.9503792017497036e-05 0.00031509679431707127 0.003579394248856881 0.9999924909735245 0.0014068973538379492 -0.0162732345789236 2.4467800300340234e-05 -0.0014069934066575863 0.999999054418678 0.00012642547448549202 0.0 0.0 0.0 1.0"/>
            <scale value="1"/>
        </transform>
    </shape>
    <shape name="temp24" type="ply">
        <string name="filename" value="meshes/Cube_020.ply"/>
        <boolean name="face_normals" value="true"/>
        <ref id="mat-Material" name="bsdf"/>
        <transform name="to_world">
            <matrix value="0.9999929133718233 -0.0037766307863799403 -3.220876554643404e-05 0.00025188328626085665 0.0037766737576578006 0.9999918430633649 0.0014664098718247334 -0.008936923151820764 2.6670234171487587e-05 -0.0014665217273860463 0.9999990544187134 0.00012471348602138832 0.0 0.0 0.0 1.0"/>
            <scale value="1"/>
        </transform>
    </shape>
    <shape name="temp25" type="ply">
        <string name="filename" value="meshes/Cube_021.ply"/>
        <boolean name="face_normals" value="true"/>
        <ref id="mat-Material" name="bsdf"/>
        <transform name="to_world">
            <matrix value="0.9998984977669509 0.014241744764018415 9.653794310531742e-05 -0.0010892382342727602 -0.014241871399773415 0.9998975852222359 0.0014409997442202524 -0.006990760563317322 -7.60056699413326e-05 -0.0014422274275535385 0.999999054418678 4.23855645600435e-05 0.0 0.0 0.0 1.0"/>
            <scale value="1"/>
        </transform>
    </shape>
    <shape name="temp26" type="ply">
        <string name="filename" value="meshes/Cube_022.ply"/>
        <boolean name="face_normals" value="true"/>
        <ref id="mat-Material" name="bsdf"/>
        <transform name="to_world">
            <matrix value="0.9998275791761742 0.01858213310583764 0.00010612495573497437 -0.0013849838345567633 -0.018582270884195264 0.999826249470718 0.0014229462328276521 -0.006788004918867274 -7.966506922540943e-05 -0.0014246729923261922 0.999999054418678 -1.567119517276172e-05 0.0 0.0 0.0 1.0"/>
            <scale value="1"/>
        </transform>
    </shape>
    <shape name="temp27" type="ply">
        <string name="filename" value="meshes/Cube_023.ply"/>
        <boolean name="face_normals" value="true"/>
        <ref id="mat-Material" name="bsdf"/>
        <transform name="to_world">
            <matrix value="0.9997841415393234 0.0207854504268673 8.187954144979364e-05 -0.0019251200835468385 -0.020785538635561773 0.9997832811525522 0.0012349173869238396 -0.008638716740063612 -5.619367512548158e-05 -0.0012363528658408127 0.9999992908140084 -8.532287715065645e-05 0.0 0.0 0.0 1.0"/>
            <scale value="1"/>
        </transform>
    </shape>
    <shape name="temp28" type="ply">
        <string name="filename" value="meshes/Cube_024.ply"/>
        <boolean name="face_normals" value="true"/>
        <ref id="mat-Material" name="bsdf"/>
        <transform name="to_world">
            <matrix value="0.999781038850977 0.02092673901752732 0.00011326338553099828 -0.0020643807909124234 -0.020926910413863166 0.9997795266393144 0.0016385293184580784 -0.009799908123619139 -7.894923469975729e-05 -0.0016405408167734965 0.9999985816280168 -5.589269693515031e-05 0.0 0.0 0.0 1.0"/>
            <scale value="1"/>
        </transform>
    </shape>
    <shape name="temp29" type="ply">
        <string name="filename" value="meshes/Cube_025.ply"/>
        <boolean name="face_normals" value="true"/>
        <ref id="mat-Material" name="bsdf"/>
        <transform name="to_world">
            <matrix value="0.999768628097591 0.02152291400287429 0.00011191120424036487 -0.0021997952510868224 -0.02152306538516773 0.9997670115951884 0.0016167927678158158 -0.012229676960060998 -7.708717845067701e-05 -0.0016188272152149563 0.9999988180233473 -1.71237419843151e-05 0.0 0.0 0.0 1.0"/>
            <scale value="1"/>
        </transform>
    </shape>
    <shape name="temp30" type="ply">
        <string name="filename" value="meshes/Cube_026.ply"/>
        <boolean name="face_normals" value="true"/>
        <ref id="mat-Material" name="bsdf"/>
        <transform name="to_world">
            <matrix value="0.9997743902330917 0.021238822501215 0.0001964790333889493 -0.00194365568298549 -0.021239213725584058 0.9997720176128388 0.0021734163049424117 -0.013219963161561099 -0.00015027339116744411 -0.002177098303585769 0.9999976360466947 -0.00011880378679618442 0.0 0.0 0.0 1.0"/>
            <scale value="1"/>
        </transform>
    </shape>
    <shape name="temp31" type="ply">
        <string name="filename" value="meshes/Cube_027.ply"/>
        <boolean name="face_normals" value="true"/>
        <ref id="mat-Material" name="bsdf"/>
        <transform name="to_world">
            <matrix value="0.999823590005443 0.01879394188430676 0.000169067103651315 -0.0015462593402768565 -0.01879431747061754 0.999819991948655 0.0025623599062172446 -0.011184109663946395 -0.00012087940825527855 -0.002565095959100836 0.9999969268607032 -9.838792689786935e-05 0.0 0.0 0.0 1.0"/>
            <scale value="1"/>
        </transform>
    </shape>
    <shape name="temp32" type="ply">
        <string name="filename" value="meshes/Cube_028.ply"/>
        <boolean name="face_normals" value="true"/>
        <ref id="mat-Material" name="bsdf"/>
        <transform name="to_world">
            <matrix value="0.999887416737142 0.015025912398862801 0.00012273267328605111 -0.0011161396133883006 -0.01502614679793698 0.9998848615940412 0.0021608991721908315 -0.007731134765058878 -9.024922565763697e-05 -0.0021624995046128368 0.9999978724420252 -0.00011162496882999307 0.0 0.0 0.0 1.0"/>
            <scale value="1"/>
        </transform>
    </shape>
    <shape name="temp33" type="ply">
        <string name="filename" value="meshes/Cube_029.ply"/>
        <boolean name="face_normals" value="true"/>
        <ref id="mat-Material" name="bsdf"/>
        <transform name="to_world">
            <matrix value="0.9999933513821148 0.003721965779697678 1.9824679767065498e-05 -0.00021895345552858103 -0.003721998237673019 0.999991030885043 0.002033063669299953 0.011949655343641896 -1.2257524905722598e-05 -0.00203312315012004 0.9999978724420252 1.3721104516806193e-05 0.0 0.0 0.0 1.0"/>
            <scale value="1"/>
        </transform>
    </shape>
    <shape name="temp34" type="ply">
        <string name="filename" value="meshes/Cube_030.ply"/>
        <boolean name="face_normals" value="true"/>
        <ref id="mat-Material" name="bsdf"/>
        <transform name="to_world">
            <matrix value="0.9999694531263033 -0.0077881952685490375 0.00022482257607681088 0.0009790111242238275 0.007788048076946707 0.9999693153496846 0.0006340383934912102 0.03917277303187927 -0.00022975382836466372 -0.0006322632576966849 0.9999999940580427 -0.0005583834806981436 0.0 0.0 0.0 1.0"/>
            <scale value="1"/>
        </transform>
    </shape>
    <shape name="temp35" type="ply">
        <string name="filename" value="meshes/Cube_031.ply"/>
        <boolean name="face_normals" value="true"/>
        <ref id="mat-Material" name="bsdf"/>
        <transform name="to_world">
            <matrix value="0.999813395458019 -0.019332407915348244 -0.00015627504313032805 0.0009263522652149803 0.019332704817322573 0.9998108142496293 0.002167482782146101 0.06758226556763086 0.00011434293039163019 -0.002170098222237982 0.9999976360466947 0.0003108182616247124 0.0 0.0 0.0 1.0"/>
            <scale value="1"/>
        </transform>
    </shape>
    <shape name="temp36" type="ply">
        <string name="filename" value="meshes/Cube_032.ply"/>
        <boolean name="face_normals" value="true"/>
        <ref id="mat-Material" name="bsdf"/>
        <transform name="to_world">
            <matrix value="0.9997650821680523 -0.021683586311044736 -0.00018438102955839933 0.0010311607469599693 0.02168400182969964 0.9997615884094004 0.0025580575112015926 0.07632648237970036 0.00012886927398865657 -0.0025614436520567433 0.9999969268607032 0.0004943086013933229 0.0 0.0 0.0 1.0"/>
            <scale value="1"/>
        </transform>
    </shape>
    <shape name="temp37" type="ply">
        <string name="filename" value="meshes/Cube_033.ply"/>
        <boolean name="face_normals" value="true"/>
        <ref id="mat-Material" name="bsdf"/>
        <transform name="to_world">
            <matrix value="0.9997469092791657 -0.022505699559679033 -8.013730786378523e-05 0.001232281570878957 0.022505810892031762 0.9997446930998305 0.0019951198547965322 0.07885473012998667 3.521520246371184e-05 -0.001996418611539288 0.9999981088373558 0.00024074398927698137 0.0 0.0 0.0 1.0"/>
            <scale value="1"/>
        </transform>
    </shape>
    <shape name="temp38" type="ply">
        <string name="filename" value="meshes/Cube_034.ply"/>
        <boolean name="face_normals" value="true"/>
        <ref id="mat-Material" name="bsdf"/>
        <transform name="to_world">
            <matrix value="0.9997584335501669 -0.021984239387764042 -2.0137359870757943e-05 0.0011567135106629323 0.02198425341340042 0.9997582510643003 0.0003470543487048609 0.0765829834759788 1.2502770257452213e-05 -0.0003474134532552673 1.0 3.322198486949146e-05 0.0 0.0 0.0 1.0"/>
            <scale value="1"/>
        </transform>
    </shape>
    <shape name="temp39" type="ply">
        <string name="filename" value="meshes/Cube_035.ply"/>
        <boolean name="face_normals" value="true"/>
        <ref id="mat-Material" name="bsdf"/>
        <transform name="to_world">
            <matrix value="0.9997602065149364 -0.021901619238125832 1.0279414552780222e-05 0.0013123785118818176 0.021901504715199804 0.9997557480554751 0.0029404505978674303 0.07634189285030063 -7.467771932903921e-05 -0.0029395252209426753 0.9999957448840504 -0.00020868168643909182 0.0 0.0 0.0 1.0"/>
            <scale value="1"/>
        </transform>
    </shape>
    <shape name="temp40" type="ply">
        <string name="filename" value="meshes/Cube_036.ply"/>
        <boolean name="face_normals" value="true"/>
        <ref id="mat-Material" name="bsdf"/>
        <transform name="to_world">
            <matrix value="0.9997602065149364 -0.021899262238148774 -1.0271778983604093e-05 0.0013154186424753078 0.021899142239644558 0.9997559566395439 -0.0029395286560783625 0.07721117518725928 7.464270327484322e-05 0.0029385907643146034 0.9999957448840504 0.00020991843496348528 0.0 0.0 0.0 1.0"/>
            <scale value="1"/>
        </transform>
    </shape>
    <shape name="temp41" type="ply">
        <string name="filename" value="meshes/Cube_037.ply"/>
        <boolean name="face_normals" value="true"/>
        <ref id="mat-Material" name="bsdf"/>
        <transform name="to_world">
            <matrix value="0.9997602065149364 -0.02189928309655565 -1.027300823932285e-05 0.0013199005903383743 0.021899173266528023 0.9997559566395439 -0.002939505016545309 0.07820625763319078 7.464358975722793e-05 0.002938580335111165 0.9999957448840504 0.00021136649560937748 0.0 0.0 0.0 1.0"/>
            <scale value="1"/>
        </transform>
    </shape>
    <shape name="temp42" type="ply">
        <string name="filename" value="meshes/Cube_038.ply"/>
        <boolean name="face_normals" value="true"/>
        <ref id="mat-Material" name="bsdf"/>
        <transform name="to_world">
            <matrix value="0.9997602065149364 -0.02189928309655565 1.0324329665580982e-05 0.0013028801422896308 0.021899155536880325 0.9997559566395439 0.0029400014467394226 0.07335064195095875 -7.470564352415753e-05 -0.002939070507672765 0.9999957448840504 -0.00020449393701127416 0.0 0.0 0.0 1.0"/>
            <scale value="1"/>
        </transform>
    </shape>
    <shape name="temp43" type="ply">
        <string name="filename" value="meshes/Cube_039.ply"/>
        <boolean name="face_normals" value="true"/>
        <ref id="mat-Material" name="bsdf"/>
        <transform name="to_world">
            <matrix value="0.9999987429332837 0.0016253901782252577 -9.364158051437358e-05 -5.121966992760463e-07 -0.0016236901551438634 0.9998727838722997 0.01586618404299349 -0.02857012423667704 0.00011943261784448078 -0.015866048517664377 0.9998741779193079 0.0015613331905024452 0.0 0.0 0.0 1.0"/>
            <scale value="1"/>
        </transform>
    </shape>
    <shape name="temp47" type="ply">
        <string name="filename" value="meshes/Plane_001.ply"/>
        <boolean name="face_normals" value="true"/>
        <ref id="mat-Material.002" name="bsdf"/>
        <transform name="to_world">
            <scale value="1"/>
        </transform>
    </shape>
    <shape name="temp49" type="ply">
        <string name="filename" value="meshes/Plane_002.ply"/>
        <boolean name="face_normals" value="true"/>
        <ref id="mat-Material.003" name="bsdf"/>
        <transform name="to_world">
            <scale value="1"/>
        </transform>
    </shape>
    <shape name="temp51" type="ply">
        <string name="filename" value="meshes/Plane_003.ply"/>
        <boolean name="face_normals" value="true"/>
        <ref id="mat-Material.004" name="bsdf"/>
        <transform name="to_world">
            <scale value="1"/>
        </transform>
    </shape>
    <shape name="temp53" type="ply">
        <string name="filename" value="meshes/Plane_004.ply"/>
        <boolean name="face_normals" value="true"/>
        <ref id="mat-Material.005" name="bsdf"/>
        <transform name="to_world">
            <scale value="1"/>
        </transform>
    </shape>
    <emitter type="point">
        <transform name="to_world">
            <rotate angle="-142.5518126578256" x="1"/>
            <rotate angle="3.976628485794621e-06" y="1"/>
            <rotate angle="-179.999991348578" z="1"/>
            <translate value="-0.000000 3.030926 4.073377"/>
        </transform>
        <rgb name="intensity" value="100"/>
    </emitter>
</scene>
