
<scene version="2.1.0">
    <default name="spp" value="1024"/>
    <default name="resx" value="640"/>
    <default name="resy" value="360"/>
    <integrator name="temp0" type="path">
        <integer name="max_depth" value="12"/>
    </integrator>
    <sensor name="temp44" type="perspective">
        <string name="fov_axis" value="x"/>
        <float name="fov" value="83.974423"/>
        <float name="principal_point_offset_x" value="0.000000"/>
        <float name="principal_point_offset_y" value="-0.000000"/>
        <float name="near_clip" value="0.100000"/>
        <float name="far_clip" value="1000.000000"/>
        <sampler name="sampler" type="independent">
            <integer name="sample_count" value="$spp"/>
        </sampler>
        <film name="film" type="hdrfilm">
            <integer name="width" value="$resx"/>
            <integer name="height" value="$resy"/>
        </film>
        <float name="shutter_open" value="0.0"/>
        <float name="shutter_close" value="0.0015"/>
        <animation name="to_world">
            <transform time="0">
                <rotate angle="-142.5518126578256" x="1"/>
                <rotate angle="3.976628485794621e-06" y="1"/>
                <rotate angle="-179.999991348578" z="1"/>
                <translate value="-0.000000 3.030926 4.073377"/>
            </transform>
            <transform time="0.0015">
                <rotate angle="-142.5518126578256" x="1"/>
                <rotate angle="3.976628485794621e-06" y="1"/>
                <rotate angle="-179.999991348578" z="1"/>
                <translate value="-0.000000 3.030926 4.073377"/>
                <translate x="0.15" y="0.0" z="0.0"/>
            </transform>
        </animation>
    </sensor>
    <bsdf id="mat-Material" name="mat-Material" type="twosided">
        <bsdf name="bsdf" type="diffuse">
            <texture name="reflectance" type="bitmap">
                <string name="filename" value="textures/siggraph_2023_logo.jpg"/>
            </texture>
        </bsdf>
    </bsdf>
    <bsdf id="mat-Material.001" name="mat-Material.001" type="twosided">
        <bsdf name="bsdf" type="principled">
            <rgb name="base_color" value="0.433648 0.266232 0.084399"/>
            <float name="spec_tint" value="0.000000"/>
            <float name="spec_trans" value="0.000000"/>
            <float name="metallic" value="0.000000"/>
            <float name="anisotropic" value="0.000000"/>
            <float name="roughness" value="0.500000"/>
            <float name="sheen" value="0.000000"/>
            <float name="sheen_tint" value="0.500000"/>
            <float name="clearcoat" value="0.000000"/>
            <float name="clearcoat_gloss" value="0.173205"/>
            <float name="specular" value="0.500000"/>
        </bsdf>
    </bsdf>
    <bsdf id="mat-Material.002" name="mat-Material.002" type="twosided">
        <bsdf name="bsdf" type="principled">
            <rgb name="base_color" value="0.433648 0.266232 0.084399"/>
            <float name="spec_tint" value="0.000000"/>
            <float name="spec_trans" value="0.000000"/>
            <float name="metallic" value="0.000000"/>
            <float name="anisotropic" value="0.000000"/>
            <float name="roughness" value="0.500000"/>
            <float name="sheen" value="0.000000"/>
            <float name="sheen_tint" value="0.500000"/>
            <float name="clearcoat" value="0.000000"/>
            <float name="clearcoat_gloss" value="0.173205"/>
            <float name="specular" value="0.500000"/>
        </bsdf>
    </bsdf>
    <bsdf id="mat-Material.003" name="mat-Material.003" type="twosided">
        <bsdf name="bsdf" type="principled">
            <rgb name="base_color" value="0.433648 0.266232 0.084399"/>
            <float name="spec_tint" value="0.000000"/>
            <float name="spec_trans" value="0.000000"/>
            <float name="metallic" value="0.000000"/>
            <float name="anisotropic" value="0.000000"/>
            <float name="roughness" value="0.500000"/>
            <float name="sheen" value="0.000000"/>
            <float name="sheen_tint" value="0.500000"/>
            <float name="clearcoat" value="0.000000"/>
            <float name="clearcoat_gloss" value="0.173205"/>
            <float name="specular" value="0.500000"/>
        </bsdf>
    </bsdf>
    <bsdf id="mat-Material.004" name="mat-Material.004" type="twosided">
        <bsdf name="bsdf" type="principled">
            <rgb name="base_color" value="0.433648 0.266232 0.084399"/>
            <float name="spec_tint" value="0.000000"/>
            <float name="spec_trans" value="0.000000"/>
            <float name="metallic" value="0.000000"/>
            <float name="anisotropic" value="0.000000"/>
            <float name="roughness" value="0.500000"/>
            <float name="sheen" value="0.000000"/>
            <float name="sheen_tint" value="0.500000"/>
            <float name="clearcoat" value="0.000000"/>
            <float name="clearcoat_gloss" value="0.173205"/>
            <float name="specular" value="0.500000"/>
        </bsdf>
    </bsdf>
    <bsdf id="mat-Material.005" name="mat-Material.005" type="twosided">
        <bsdf name="bsdf" type="principled">
            <rgb name="base_color" value="0.433648 0.266232 0.084399"/>
            <float name="spec_tint" value="0.000000"/>
            <float name="spec_trans" value="0.000000"/>
            <float name="metallic" value="0.000000"/>
            <float name="anisotropic" value="0.000000"/>
            <float name="roughness" value="0.500000"/>
            <float name="sheen" value="0.000000"/>
            <float name="sheen_tint" value="0.500000"/>
            <float name="clearcoat" value="0.000000"/>
            <float name="clearcoat_gloss" value="0.173205"/>
            <float name="specular" value="0.500000"/>
        </bsdf>
    </bsdf>
    <emitter name="temp45" type="point">
        <point name="position" x="-6.815235034541981e-16" y="3.0693089962005615" z="4.109199523925781"/>
        <rgb name="intensity" value="7.957747 7.957747 7.957747"/>
    </emitter>
    <shape name="temp2" type="ply">
        <string name="filename" value="meshes/Cube.ply"/>
        <boolean name="face_normals" value="true"/>
        <ref id="mat-Material" name="bsdf"/>
        <transform name="to_world">
            <matrix value="0.9999995567588077 0.0001604762391458065 0.0009251047585907246 -0.0017161153593776568 -0.0001602272586241439 1.0 -0.00026919045473478573 -0.017054861032848756 -0.0009251507463295197 0.0002690421610978197 0.9999995272093389 0.0021946460864878947 0.0 0.0 0.0 1.0"/>
            <scale value="1"/>
        </transform>
    </shape>
    <shape name="temp4" type="ply">
        <string name="filename" value="meshes/Plane.ply"/>
        <boolean name="face_normals" value="true"/>
        <ref id="mat-Material.001" name="bsdf"/>
        <transform name="to_world">
            <scale value="1"/>
        </transform>
    </shape>
    <shape name="temp5" type="ply">
        <string name="filename" value="meshes/Cube_001.ply"/>
        <boolean name="face_normals" value="true"/>
        <ref id="mat-Material" name="bsdf"/>
        <transform name="to_world">
            <matrix value="1.0 -6.319888699540906e-05 -0.0007058409976639413 0.001331312749158986 6.351557638198171e-05 0.9999997914159312 0.0004487256164126441 -0.01839997382207742 0.0007058128422930108 -0.0004487707097907276 0.9999997636046695 -0.0012817792250789939 0.0 0.0 0.0 1.0"/>
            <scale value="1"/>
        </transform>
    </shape>
    <shape name="temp6" type="ply">
        <string name="filename" value="meshes/Cube_002.ply"/>
        <boolean name="face_normals" value="true"/>
        <ref id="mat-Material" name="bsdf"/>
        <transform name="to_world">
            <matrix value="1.0 -5.029045331575665e-05 0.00024252269749766087 -0.0008021331551892885 5.1166433521799484e-05 0.9999935338938684 -0.0036123097667676387 -0.015399358043569455 -0.00024234034895492592 0.0036123277356322077 0.9999936173260756 0.00035073723238820964 0.0 0.0 0.0 1.0"/>
            <scale value="1"/>
        </transform>
    </shape>
    <shape name="temp7" type="ply">
        <string name="filename" value="meshes/Cube_003.ply"/>
        <boolean name="face_normals" value="true"/>
        <ref id="mat-Material" name="bsdf"/>
        <transform name="to_world">
            <matrix value="1.0 0.00012405892082774502 0.000602328210331327 -0.0009333335270711451 -0.00012448606183746523 0.9999997914159312 0.0007092876415830733 -0.017666253659667064 -0.0006022406728755892 -0.0007093631302628368 0.9999995272093389 0.0017210988735012478 0.0 0.0 0.0 1.0"/>
            <scale value="1"/>
        </transform>
    </shape>
    <shape name="temp8" type="ply">
        <string name="filename" value="meshes/Cube_004.ply"/>
        <boolean name="face_normals" value="true"/>
        <ref id="mat-Material" name="bsdf"/>
        <transform name="to_world">
            <matrix value="1.0 0.00037723054588536636 0.00045962816905670224 -0.000542480009752655 -0.00037752979910536194 0.9999995828318625 0.0006505481298529006 -0.016827785911403603 -0.0004593840365798091 -0.0006507218051699648 0.9999997636046695 0.0015671254308111879 0.0 0.0 0.0 1.0"/>
            <scale value="1"/>
        </transform>
    </shape>
    <shape name="temp9" type="ply">
        <string name="filename" value="meshes/Cube_005.ply"/>
        <boolean name="face_normals" value="true"/>
        <ref id="mat-Material" name="bsdf"/>
        <transform name="to_world">
            <matrix value="1.0 0.00029870490151703193 0.000563526280778081 -0.0004799904201391314 -0.0003003610642752918 0.999995619734556 0.002940970667594597 -0.01583611400397744 -0.0005626459371625827 -0.0029411334041128607 0.9999955084887199 0.0013465732335443126 0.0 0.0 0.0 1.0"/>
            <scale value="1"/>
        </transform>
    </shape>
    <shape name="temp10" type="ply">
        <string name="filename" value="meshes/Cube_006.ply"/>
        <boolean name="face_normals" value="true"/>
        <ref id="mat-Material" name="bsdf"/>
        <transform name="to_world">
            <matrix value="1.0 -0.00025298744532490096 -0.0006116634619339692 -0.0007979251412235655 0.00025413809977181944 0.9999981227433812 0.001882749334428947 -0.017134463923765275 0.0006111852801372984 -0.0018829050754761453 0.9999981088373558 -0.001363769390020586 0.0 0.0 0.0 1.0"/>
            <scale value="1"/>
        </transform>
    </shape>
    <shape name="temp11" type="ply">
        <string name="filename" value="meshes/Cube_007.ply"/>
        <boolean name="face_normals" value="true"/>
        <ref id="mat-Material" name="bsdf"/>
        <transform name="to_world">
            <matrix value="0.9999982270352306 -0.0020336612970174566 -4.5817670172724605e-05 0.0005328782592561865 0.0020338742648844826 0.9999843561948426 0.005218852433051661 -0.01732305500739728 3.520367819271064e-05 -0.005218934010258165 0.9999865254661597 0.00013765091916906336 0.0 0.0 0.0 1.0"/>
            <scale value="1"/>
        </transform>
    </shape>
    <shape name="temp12" type="ply">
        <string name="filename" value="meshes/Cube_008.ply"/>
        <boolean name="face_normals" value="true"/>
        <ref id="mat-Material" name="bsdf"/>
        <transform name="to_world">
            <matrix value="1.0 0.0005171299666474075 0.00015452689966105636 0.00028367554597119593 -0.0005169876619381696 0.9999993742477937 -0.0009080110122400775 -0.017673598475248964 -0.00015499612607197883 0.0009079309920466895 0.9999995272093389 0.000351412688011532 0.0 0.0 0.0 1.0"/>
            <scale value="1"/>
        </transform>
    </shape>
    <shape name="temp13" type="ply">
        <string name="filename" value="meshes/Cube_009.ply"/>
        <boolean name="face_normals" value="true"/>
        <ref id="mat-Material" name="bsdf"/>
        <transform name="to_world">
            <matrix value="0.9999991135176153 -0.0013999307500891696 0.0005364968386852448 0.0010969556652544732 0.0013995207676228266 0.9999987484955875 0.000764750714032096 -0.019541453107164042 -0.0005375673504991783 -0.0007639996412354018 0.9999995272093389 0.0009049942739960404 0.0 0.0 0.0 1.0"/>
            <scale value="1"/>
        </transform>
    </shape>
    <shape name="temp14" type="ply">
        <string name="filename" value="meshes/Cube_010.ply"/>
        <boolean name="face_normals" value="true"/>
        <ref id="mat-Material" name="bsdf"/>
        <transform name="to_world">
            <matrix value="0.9999951243468841 0.0002829004866266325 0.0031999890312566634 0.006141829401613785 -0.00028346072085201596 1.0 0.00017466399949695073 -0.016999511252833943 -0.003199939896494317 -0.00017557021669798904 0.9999950356980589 0.0052647129070604315 0.0 0.0 0.0 1.0"/>
            <scale value="1"/>
        </transform>
    </shape>
    <shape name="temp15" type="ply">
        <string name="filename" value="meshes/Cube_011.ply"/>
        <boolean name="face_normals" value="true"/>
        <ref id="mat-Material" name="bsdf"/>
        <transform name="to_world">
            <matrix value="1.0 -7.067266276336345e-05 -0.0005302323624261914 -0.000987374545323938 7.079448324282348e-05 1.0 0.00023007624694990926 -0.01754677642103819 0.0005302184115299445 -0.00023011411634402189 1.0 -0.0008250539347927077 0.0 0.0 0.0 1.0"/>
            <scale value="1"/>
        </transform>
    </shape>
    <shape name="temp16" type="ply">
        <string name="filename" value="meshes/Cube_012.ply"/>
        <boolean name="face_normals" value="true"/>
        <ref id="mat-Material" name="bsdf"/>
        <transform name="to_world">
            <matrix value="0.999997340552846 -0.0024583718344760265 -0.00016405694101605549 -0.000383210927729305 0.0024579009515501918 0.999992908141662 -0.002826295292754341 -0.02451240807027638 0.00017100422497504553 0.002825890706119648 0.9999962176747115 -0.0003091649745790015 0.0 0.0 0.0 1.0"/>
            <scale value="1"/>
        </transform>
    </shape>
    <shape name="temp17" type="ply">
        <string name="filename" value="meshes/Cube_013.ply"/>
        <boolean name="face_normals" value="true"/>
        <ref id="mat-Material" name="bsdf"/>
        <transform name="to_world">
            <matrix value="0.9999991135176153 -0.0013810851794761622 0.0002405346127679009 -0.0001926856716294445 0.0013819373895221328 0.9999926995575932 -0.003574746548746372 -0.023025100953288746 -0.00023559554773087103 0.0035750808784726644 0.9999936173260756 1.6136998170601657e-05 0.0 0.0 0.0 1.0"/>
            <scale value="1"/>
        </transform>
    </shape>
    <shape name="temp18" type="ply">
        <string name="filename" value="meshes/Cube_014.ply"/>
        <boolean name="face_normals" value="true"/>
        <ref id="mat-Material" name="bsdf"/>
        <transform name="to_world">
            <matrix value="0.9999995567588077 0.001019892662638213 -5.53559853642923e-05 -0.0002653155715846012 -0.0010196276064798316 0.9999889450443554 0.0045970617951577725 -0.012950400568637555 6.00441113634631e-05 -0.0045970051499406575 0.9999895986054567 5.507076778932252e-06 0.0 0.0 0.0 1.0"/>
            <scale value="1"/>
        </transform>
    </shape>
    <shape name="temp19" type="ply">
        <string name="filename" value="meshes/Cube_015.ply"/>
        <boolean name="face_normals" value="true"/>
        <ref id="mat-Material" name="bsdf"/>
        <transform name="to_world">
            <matrix value="1.0 -0.0002070167680732881 -8.221025851720555e-05 0.00023953751698746473 0.0002070206745421762 1.0 4.6730156148571634e-05 -0.01795541070184259 8.220085208686818e-05 -4.674702715555992e-05 1.0 -0.00011094056881866265 0.0 0.0 0.0 1.0"/>
            <scale value="1"/>
        </transform>
    </shape>
    <shape name="temp20" type="ply">
        <string name="filename" value="meshes/Cube_016.ply"/>
        <boolean name="face_normals" value="true"/>
        <ref id="mat-Material" name="bsdf"/>
        <transform name="to_world">
            <matrix value="0.9999991135176153 -0.0014035309111160709 0.0003835277842523832 0.0007289838007749072 0.001405544415426921 0.9999849819470489 -0.005300219705820195 -0.019450001144196594 -0.00037608217337113296 0.005300749025390939 0.9999860526754988 0.0004678858556468324 0.0 0.0 0.0 1.0"/>
            <scale value="1"/>
        </transform>
    </shape>
    <shape name="temp21" type="ply">
        <string name="filename" value="meshes/Cube_017.ply"/>
        <boolean name="face_normals" value="true"/>
        <ref id="mat-Material" name="bsdf"/>
        <transform name="to_world">
            <matrix value="1.0 -0.0003463434169824977 0.0004638832850062479 0.0003641817868778041 0.0003463956512720136 1.0 -0.00011450895252756252 -0.017992623099875926 -0.0004638430429748931 0.00011466950897224373 1.0 0.00012644137195366723 0.0 0.0 0.0 1.0"/>
            <scale value="1"/>
        </transform>
    </shape>
    <shape name="temp22" type="ply">
        <string name="filename" value="meshes/Cube_018.ply"/>
        <boolean name="face_normals" value="true"/>
        <ref id="mat-Material" name="bsdf"/>
        <transform name="to_world">
            <matrix value="0.9999902486937682 0.004468141912257025 -2.7550930191986105e-05 0.00042033835603394465 -0.004467906678226397 0.9999730926551292 0.005804309108643039 -0.01793681376892209 5.34845849578123e-05 -0.005804116615181166 0.9999832159315324 0.00010931912214229289 0.0 0.0 0.0 1.0"/>
            <scale value="1"/>
        </transform>
    </shape>
    <shape name="temp23" type="ply">
        <string name="filename" value="meshes/Cube_019.ply"/>
        <boolean name="face_normals" value="true"/>
        <ref id="mat-Material" name="bsdf"/>
        <transform name="to_world">
            <matrix value="0.9999383894742627 0.00940641980046848 -0.005891349869344301 0.0031377946824458214 -0.009365065856776359 0.9999315844254448 0.0070087669572280464 -0.01816981497473863 0.005956877950878238 -0.006953164533199284 0.9999581580264961 -0.000799853429158115 0.0 0.0 0.0 1.0"/>
            <scale value="1"/>
        </transform>
    </shape>
    <shape name="temp24" type="ply">
        <string name="filename" value="meshes/Cube_020.ply"/>
        <boolean name="face_normals" value="true"/>
        <ref id="mat-Material" name="bsdf"/>
        <transform name="to_world">
            <matrix value="0.9999587880470743 -0.0006943692154895062 0.009015905957996147 -0.007048055542017345 0.0006198220544293242 0.9999655543848809 0.008269865117985324 -0.015691140391459857 -0.009021334823289252 -0.008263926035441143 0.9999252990683474 -0.0007725705093074575 0.0 0.0 0.0 1.0"/>
            <scale value="1"/>
        </transform>
    </shape>
    <shape name="temp25" type="ply">
        <string name="filename" value="meshes/Cube_021.ply"/>
        <boolean name="face_normals" value="true"/>
        <ref id="mat-Material" name="bsdf"/>
        <transform name="to_world">
            <matrix value="0.999122825680331 0.03206569146661716 0.02693516763502074 -0.01675423143285476 -0.03222972038572622 0.9994643561114089 0.005677388455681312 -0.02090389310849594 -0.02673869779283616 -0.006540531013322265 0.99962105828516 -0.013526123072044371 0.0 0.0 0.0 1.0"/>
            <scale value="1"/>
        </transform>
    </shape>
    <shape name="temp26" type="ply">
        <string name="filename" value="meshes/Cube_022.ply"/>
        <boolean name="face_normals" value="true"/>
        <ref id="mat-Material" name="bsdf"/>
        <transform name="to_world">
            <matrix value="0.9991702524879128 0.037375365804310605 0.016181142177134802 -0.007713365806302774 -0.0373925539025614 0.9993004090333589 0.0007607012620201116 -0.022234458457942308 -0.016141394826843396 -0.001365124326534188 0.9998688005915557 -0.011750850643156618 0.0 0.0 0.0 1.0"/>
            <scale value="1"/>
        </transform>
    </shape>
    <shape name="temp27" type="ply">
        <string name="filename" value="meshes/Cube_023.ply"/>
        <boolean name="face_normals" value="true"/>
        <ref id="mat-Material" name="bsdf"/>
        <transform name="to_world">
            <matrix value="0.9994463917507495 0.031784123832189946 0.009856857899457283 -0.0027535488941109465 -0.031848985066317746 0.9994716565538158 0.006494039764531339 -0.02043165842782113 -0.009645234182051569 -0.006804364830222997 0.9999304997728241 -0.008654973857839726 0.0 0.0 0.0 1.0"/>
            <scale value="1"/>
        </transform>
    </shape>
    <shape name="temp28" type="ply">
        <string name="filename" value="meshes/Cube_024.ply"/>
        <boolean name="face_normals" value="true"/>
        <ref id="mat-Material" name="bsdf"/>
        <transform name="to_world">
            <matrix value="0.9994867266992538 0.03096993677816876 0.008205565597103873 -0.0013162215618991446 -0.031035823639648456 0.9994860488545606 0.008027536273681492 -0.02011074005751301 -0.007952735418694495 -0.008278082194638138 0.9999342820981126 -0.007815558903692982 0.0 0.0 0.0 1.0"/>
            <scale value="1"/>
        </transform>
    </shape>
    <shape name="temp29" type="ply">
        <string name="filename" value="meshes/Cube_025.ply"/>
        <boolean name="face_normals" value="true"/>
        <ref id="mat-Material" name="bsdf"/>
        <transform name="to_world">
            <matrix value="0.99467755976221 0.09247989771037268 0.045432582179290734 0.04599875849581969 -0.0846157187510527 0.9847552161660997 -0.15197763605615053 -0.15745560561987865 -0.0587948360628126 0.1473243878579042 0.9873393752827878 -0.014310753942593901 0.0 0.0 0.0 1.0"/>
            <scale value="1"/>
        </transform>
    </shape>
    <shape name="temp30" type="ply">
        <string name="filename" value="meshes/Cube_026.ply"/>
        <boolean name="face_normals" value="true"/>
        <ref id="mat-Material" name="bsdf"/>
        <transform name="to_world">
            <matrix value="0.9849156157417996 0.17134611814618822 0.024133504735707658 0.10604765944994976 -0.15625284782466087 0.940608189427708 -0.3013988457288801 -0.42432948096597545 -0.07434369276648105 0.29308126643903193 0.9531927789736755 -0.011458307087881758 0.0 0.0 0.0 1.0"/>
            <scale value="1"/>
        </transform>
    </shape>
    <shape name="temp31" type="ply">
        <string name="filename" value="meshes/Cube_027.ply"/>
        <boolean name="face_normals" value="true"/>
        <ref id="mat-Material" name="bsdf"/>
        <transform name="to_world">
            <matrix value="0.9122143088894681 0.4083062347863995 -0.033935093406886954 -0.021589440746171862 -0.3847528575759671 0.8252269916128346 -0.4134800182118962 -0.9755036448014043 -0.14082242516758947 0.39023889133395767 0.9098806629092417 -0.19542072335473726 0.0 0.0 0.0 1.0"/>
            <scale value="1"/>
        </transform>
    </shape>
    <shape name="temp32" type="ply">
        <string name="filename" value="meshes/Cube_028.ply"/>
        <boolean name="face_normals" value="true"/>
        <ref id="mat-Material" name="bsdf"/>
        <transform name="to_world">
            <matrix value="-0.038584606765278966 0.9960940547282879 0.0794220228726666 -1.4678809131114812 -0.9372636416341771 -0.008517184198505287 -0.3485181085915046 -1.9538744089820856 -0.346480443312111 -0.08788677222411108 0.9339312874420654 -0.6612307227242888 0.0 0.0 0.0 1.0"/>
            <scale value="1"/>
        </transform>
    </shape>
    <shape name="temp33" type="ply">
        <string name="filename" value="meshes/Cube_029.ply"/>
        <boolean name="face_normals" value="true"/>
        <ref id="mat-Material" name="bsdf"/>
        <transform name="to_world">
            <matrix value="0.02883398755733325 0.9903308769082836 0.1356955767124123 -1.6648484987367513 -0.9842933051077342 0.051783915248121176 -0.16877567548783723 -2.101334755941985 -0.17417065140498594 -0.12869776794188015 0.9762692183493838 -0.5248498943945261 0.0 0.0 0.0 1.0"/>
            <scale value="1"/>
        </transform>
    </shape>
    <shape name="temp34" type="ply">
        <string name="filename" value="meshes/Cube_030.ply"/>
        <boolean name="face_normals" value="true"/>
        <ref id="mat-Material" name="bsdf"/>
        <transform name="to_world">
            <matrix value="0.11388798396217054 0.9725660172045787 -0.20284108618015323 -2.8517569902695277 -0.9756891412542023 0.1479709168222797 0.16166475883158563 -1.9920547412249208 0.1872442088268828 0.17949810933232418 0.965774343339001 0.21833710807444962 0.0 0.0 0.0 1.0"/>
            <scale value="1"/>
        </transform>
    </shape>
    <shape name="temp35" type="ply">
        <string name="filename" value="meshes/Cube_031.ply"/>
        <boolean name="face_normals" value="true"/>
        <ref id="mat-Material" name="bsdf"/>
        <transform name="to_world">
            <matrix value="0.10143432849845842 0.9924580172415591 0.06883423061120958 -2.114453906302355 -0.48335053109159665 -0.011311303379270499 0.8753539429086364 -0.013450685755759334 0.8695306253069446 -0.12206195781178625 0.47855752514891725 0.8923391252374104 0.0 0.0 0.0 1.0"/>
            <scale value="1"/>
        </transform>
    </shape>
    <shape name="temp36" type="ply">
        <string name="filename" value="meshes/Cube_032.ply"/>
        <boolean name="face_normals" value="true"/>
        <ref id="mat-Material" name="bsdf"/>
        <transform name="to_world">
            <matrix value="0.9516951316160397 0.3041376821721111 0.04215507911915317 -0.04589136367925173 -0.019888201274052483 -0.0759441870748796 0.9969138589599268 1.1613658285414734 0.3064004471417149 -0.9495960769508347 -0.06622695559219158 -0.9900583417503439 0.0 0.0 0.0 1.0"/>
            <scale value="1"/>
        </transform>
    </shape>
    <shape name="temp37" type="ply">
        <string name="filename" value="meshes/Cube_033.ply"/>
        <boolean name="face_normals" value="true"/>
        <ref id="mat-Material" name="bsdf"/>
        <transform name="to_world">
            <matrix value="0.9818461704847463 0.15320068081840044 0.11183955281568114 -0.12366706985396991 -0.13250943660498524 0.1321117468290007 0.9823379592747581 0.3539849274724022 0.13571952229237252 -0.9793243127676394 0.15001392368496821 -0.3819894606203257 0.0 0.0 0.0 1.0"/>
            <scale value="1"/>
        </transform>
    </shape>
    <shape name="temp38" type="ply">
        <string name="filename" value="meshes/Cube_034.ply"/>
        <boolean name="face_normals" value="true"/>
        <ref id="mat-Material" name="bsdf"/>
        <transform name="to_world">
            <matrix value="0.9999242057561075 0.004824495278699604 0.011350805469809716 -0.03709709202127254 -0.012048838087538363 0.18550123794644813 0.9825703358846692 0.369668034318536 0.0026348162410664735 -0.9826322475141993 0.18554527656126116 -0.32640196477920647 0.0 0.0 0.0 1.0"/>
            <scale value="1"/>
        </transform>
    </shape>
    <shape name="temp39" type="ply">
        <string name="filename" value="meshes/Cube_035.ply"/>
        <boolean name="face_normals" value="true"/>
        <ref id="mat-Material" name="bsdf"/>
        <transform name="to_world">
            <matrix value="0.9993599597182405 -0.03577016538630813 0.0009559354375984882 0.0010880832520170358 0.006889670175363945 0.2185635649520361 0.975798555246298 0.09227311880876314 -0.035113407691475765 -0.9751668151089957 0.21867012497275543 -0.11119314734133684 0.0 0.0 0.0 1.0"/>
            <scale value="1"/>
        </transform>
    </shape>
    <shape name="temp40" type="ply">
        <string name="filename" value="meshes/Cube_036.ply"/>
        <boolean name="face_normals" value="true"/>
        <ref id="mat-Material" name="bsdf"/>
        <transform name="to_world">
            <matrix value="0.9997952225691323 -0.02022498294825238 0.0009618713243481045 0.0012301706969499726 0.0034996152666450365 0.21939831839523763 0.9756290597943077 -0.2394826340444621 -0.019943123290197103 -0.9754256679383342 0.219424155158548 0.2074504686206199 0.0 0.0 0.0 1.0"/>
            <scale value="1"/>
        </transform>
    </shape>
    <shape name="temp41" type="ply">
        <string name="filename" value="meshes/Cube_037.ply"/>
        <boolean name="face_normals" value="true"/>
        <ref id="mat-Material" name="bsdf"/>
        <transform name="to_world">
            <matrix value="0.9993590732358557 -0.035788124474628875 0.0008610085286707348 0.00018420641120941994 0.007018374120387854 0.2194548446778732 0.9755976192153472 -0.5676642559334836 -0.03510376276313014 -0.9749659486507739 0.2195652831708746 0.5108327374580144 0.0 0.0 0.0 1.0"/>
            <scale value="1"/>
        </transform>
    </shape>
    <shape name="temp42" type="ply">
        <string name="filename" value="meshes/Cube_038.ply"/>
        <boolean name="face_normals" value="true"/>
        <ref id="mat-Material" name="bsdf"/>
        <transform name="to_world">
            <matrix value="0.9995740452141476 -0.029181641264603493 0.0008604128124377984 -8.290892317086573e-05 0.0055668212691945594 0.21944858715581023 0.975608257005221 -0.9011286121855507 -0.02865867680093329 -0.9751874649318034 0.2195175549536405 0.8366964236684555 0.0 0.0 0.0 1.0"/>
            <scale value="1"/>
        </transform>
    </shape>
    <shape name="temp43" type="ply">
        <string name="filename" value="meshes/Cube_039.ply"/>
        <boolean name="face_normals" value="true"/>
        <ref id="mat-Material" name="bsdf"/>
        <transform name="to_world">
            <matrix value="0.9999309163719301 0.003979977900275581 -0.011081268432162918 0.01941624149322907 0.008265498474157387 0.4329910111931106 0.9013603264325041 -1.319313718307345 0.008385473041813207 -0.9013894383369498 0.4329280447524272 1.4582636701465022 0.0 0.0 0.0 1.0"/>
            <scale value="1"/>
        </transform>
    </shape>
    <shape name="temp47" type="ply">
        <string name="filename" value="meshes/Plane_001.ply"/>
        <boolean name="face_normals" value="true"/>
        <ref id="mat-Material.002" name="bsdf"/>
        <transform name="to_world">
            <scale value="1"/>
        </transform>
    </shape>
    <shape name="temp49" type="ply">
        <string name="filename" value="meshes/Plane_002.ply"/>
        <boolean name="face_normals" value="true"/>
        <ref id="mat-Material.003" name="bsdf"/>
        <transform name="to_world">
            <scale value="1"/>
        </transform>
    </shape>
    <shape name="temp51" type="ply">
        <string name="filename" value="meshes/Plane_003.ply"/>
        <boolean name="face_normals" value="true"/>
        <ref id="mat-Material.004" name="bsdf"/>
        <transform name="to_world">
            <scale value="1"/>
        </transform>
    </shape>
    <shape name="temp53" type="ply">
        <string name="filename" value="meshes/Plane_004.ply"/>
        <boolean name="face_normals" value="true"/>
        <ref id="mat-Material.005" name="bsdf"/>
        <transform name="to_world">
            <scale value="1"/>
        </transform>
    </shape>
    <emitter type="point">
        <transform name="to_world">
            <rotate angle="-142.5518126578256" x="1"/>
            <rotate angle="3.976628485794621e-06" y="1"/>
            <rotate angle="-179.999991348578" z="1"/>
            <translate value="-0.000000 3.030926 4.073377"/>
        </transform>
        <rgb name="intensity" value="100"/>
    </emitter>
</scene>
