
<scene version="2.1.0">
    <default name="spp" value="1024"/>
    <default name="resx" value="1280"/>
    <default name="resy" value="720"/>
    <integrator name="temp0" type="path">
        <integer name="max_depth" value="12"/>
    </integrator>
    <sensor name="temp44" type="perspective">
        <string name="fov_axis" value="x"/>
        <float name="fov" value="83.974423"/>
        <float name="principal_point_offset_x" value="0.000000"/>
        <float name="principal_point_offset_y" value="-0.000000"/>
        <float name="near_clip" value="0.100000"/>
        <float name="far_clip" value="1000.000000"/>
        <sampler name="sampler" type="independent">
            <integer name="sample_count" value="$spp"/>
        </sampler>
        <film name="film" type="hdrfilm">
            <integer name="width" value="$resx"/>
            <integer name="height" value="$resy"/>
        </film>
        <float name="shutter_open" value="0.0"/>
        <float name="shutter_close" value="0.0015"/>
        <animation name="to_world">
            <transform time="0">
                <rotate angle="-142.5518126578256" x="1"/>
                <rotate angle="3.976628485794621e-06" y="1"/>
                <rotate angle="-179.999991348578" z="1"/>
                <translate value="-0.000000 3.030926 4.073377"/>
            </transform>
            <transform time="0.0015">
                <rotate angle="-142.5518126578256" x="1"/>
                <rotate angle="3.976628485794621e-06" y="1"/>
                <rotate angle="-179.999991348578" z="1"/>
                <translate value="-0.000000 3.030926 4.073377"/>
                <translate x="0.15" y="0.0" z="0.0"/>
            </transform>
        </animation>
    </sensor>
    <bsdf id="mat-Material" name="mat-Material" type="twosided">
        <bsdf name="bsdf" type="diffuse">
            <texture name="reflectance" type="bitmap">
                <string name="filename" value="textures/siggraph_2023_logo.jpg"/>
            </texture>
        </bsdf>
    </bsdf>
    <bsdf id="mat-Material.001" name="mat-Material.001" type="twosided">
        <bsdf name="bsdf" type="principled">
            <rgb name="base_color" value="0.433648 0.266232 0.084399"/>
            <float name="spec_tint" value="0.000000"/>
            <float name="spec_trans" value="0.000000"/>
            <float name="metallic" value="0.000000"/>
            <float name="anisotropic" value="0.000000"/>
            <float name="roughness" value="0.500000"/>
            <float name="sheen" value="0.000000"/>
            <float name="sheen_tint" value="0.500000"/>
            <float name="clearcoat" value="0.000000"/>
            <float name="clearcoat_gloss" value="0.173205"/>
            <float name="specular" value="0.500000"/>
        </bsdf>
    </bsdf>
    <bsdf id="mat-Material.002" name="mat-Material.002" type="twosided">
        <bsdf name="bsdf" type="principled">
            <rgb name="base_color" value="0.433648 0.266232 0.084399"/>
            <float name="spec_tint" value="0.000000"/>
            <float name="spec_trans" value="0.000000"/>
            <float name="metallic" value="0.000000"/>
            <float name="anisotropic" value="0.000000"/>
            <float name="roughness" value="0.500000"/>
            <float name="sheen" value="0.000000"/>
            <float name="sheen_tint" value="0.500000"/>
            <float name="clearcoat" value="0.000000"/>
            <float name="clearcoat_gloss" value="0.173205"/>
            <float name="specular" value="0.500000"/>
        </bsdf>
    </bsdf>
    <bsdf id="mat-Material.003" name="mat-Material.003" type="twosided">
        <bsdf name="bsdf" type="principled">
            <rgb name="base_color" value="0.433648 0.266232 0.084399"/>
            <float name="spec_tint" value="0.000000"/>
            <float name="spec_trans" value="0.000000"/>
            <float name="metallic" value="0.000000"/>
            <float name="anisotropic" value="0.000000"/>
            <float name="roughness" value="0.500000"/>
            <float name="sheen" value="0.000000"/>
            <float name="sheen_tint" value="0.500000"/>
            <float name="clearcoat" value="0.000000"/>
            <float name="clearcoat_gloss" value="0.173205"/>
            <float name="specular" value="0.500000"/>
        </bsdf>
    </bsdf>
    <bsdf id="mat-Material.004" name="mat-Material.004" type="twosided">
        <bsdf name="bsdf" type="principled">
            <rgb name="base_color" value="0.433648 0.266232 0.084399"/>
            <float name="spec_tint" value="0.000000"/>
            <float name="spec_trans" value="0.000000"/>
            <float name="metallic" value="0.000000"/>
            <float name="anisotropic" value="0.000000"/>
            <float name="roughness" value="0.500000"/>
            <float name="sheen" value="0.000000"/>
            <float name="sheen_tint" value="0.500000"/>
            <float name="clearcoat" value="0.000000"/>
            <float name="clearcoat_gloss" value="0.173205"/>
            <float name="specular" value="0.500000"/>
        </bsdf>
    </bsdf>
    <bsdf id="mat-Material.005" name="mat-Material.005" type="twosided">
        <bsdf name="bsdf" type="principled">
            <rgb name="base_color" value="0.433648 0.266232 0.084399"/>
            <float name="spec_tint" value="0.000000"/>
            <float name="spec_trans" value="0.000000"/>
            <float name="metallic" value="0.000000"/>
            <float name="anisotropic" value="0.000000"/>
            <float name="roughness" value="0.500000"/>
            <float name="sheen" value="0.000000"/>
            <float name="sheen_tint" value="0.500000"/>
            <float name="clearcoat" value="0.000000"/>
            <float name="clearcoat_gloss" value="0.173205"/>
            <float name="specular" value="0.500000"/>
        </bsdf>
    </bsdf>
    <emitter name="temp45" type="point">
        <point name="position" x="-6.815235034541981e-16" y="3.0693089962005615" z="4.109199523925781"/>
        <rgb name="intensity" value="7.957747 7.957747 7.957747"/>
    </emitter>
    <shape name="temp2" type="ply">
        <string name="filename" value="meshes/Cube.ply"/>
        <boolean name="face_normals" value="true"/>
        <ref id="mat-Material" name="bsdf"/>
        <transform name="to_world">
            <matrix value="0.9054932210692042 -0.35459677570746506 -0.23097294171767685 0.7242698166698076 -0.27068365078267526 -0.06645828422916715 -0.9595999198147038 2.0856013260206305 0.32583568694406473 0.9320793954399351 -0.15661583063882056 1.9433858660156855 0.0 0.0 0.0 1.0"/>
        </transform>
    </shape>
    <shape name="temp4" type="ply">
        <string name="filename" value="meshes/Plane.ply"/>
        <boolean name="face_normals" value="true"/>
        <ref id="mat-Material.001" name="bsdf"/>
    </shape>
    <shape name="temp5" type="ply">
        <string name="filename" value="meshes/Cube_001.ply"/>
        <boolean name="face_normals" value="true"/>
        <ref id="mat-Material" name="bsdf"/>
        <transform name="to_world">
            <matrix value="0.99841098032541 -0.014366070255286042 -0.05449288237299306 0.037361887636799374 -0.0544976348649976 6.113891073227609e-05 -0.9985140189522864 1.1727665760512416 0.014348054259813803 0.9998967508859609 -0.0007218686010738967 1.1064225014615445 0.0 0.0 0.0 1.0"/>
        </transform>
    </shape>
    <shape name="temp6" type="ply">
        <string name="filename" value="meshes/Cube_002.ply"/>
        <boolean name="face_normals" value="true"/>
        <ref id="mat-Material" name="bsdf"/>
        <transform name="to_world">
            <matrix value="0.9997664118916293 -0.020740031245893503 0.006078515872291678 -0.04682543724351862 0.010406795685312938 0.21547777223871195 -0.9764532521142016 0.6565582254108675 0.018942007652115945 0.9762883716467504 0.2156434137187775 0.5513812738607957 0.0 0.0 0.0 1.0"/>
        </transform>
    </shape>
    <shape name="temp7" type="ply">
        <string name="filename" value="meshes/Cube_003.ply"/>
        <boolean name="face_normals" value="true"/>
        <ref id="mat-Material" name="bsdf"/>
        <transform name="to_world">
            <matrix value="0.9950268338217851 -0.06015232894541981 0.07939078322973703 -0.07742421291671708 0.09063473468468708 0.2162179328067281 -0.9721292269258064 0.13170860872856005 0.04131015004600844 0.97448995980585 0.22059478483533412 0.18227819195315326 0.0 0.0 0.0 1.0"/>
        </transform>
    </shape>
    <shape name="temp8" type="ply">
        <string name="filename" value="meshes/Cube_004.ply"/>
        <boolean name="face_normals" value="true"/>
        <ref id="mat-Material" name="bsdf"/>
        <transform name="to_world">
            <matrix value="0.9741953842635194 -0.18923815711803565 0.12301316816549185 0.061799152363687826 0.16394228467786115 0.218678181897823 -0.9619266408554485 -0.38160583449078045 0.1551329767901182 0.9572712406371826 0.24405950354143843 -0.4028285932637144 0.0 0.0 0.0 1.0"/>
        </transform>
    </shape>
    <shape name="temp9" type="ply">
        <string name="filename" value="meshes/Cube_005.ply"/>
        <boolean name="face_normals" value="true"/>
        <ref id="mat-Material" name="bsdf"/>
        <transform name="to_world">
            <matrix value="0.9702312566596989 -0.2279793626922363 0.0817132964335982 0.1344960833755946 0.13263848627813918 0.21791632858665522 -0.9669124547716634 -0.6347191627809174 0.2026295062115821 0.9489666745233334 0.24166789198246325 -0.8298452820230833 0.0 0.0 0.0 1.0"/>
        </transform>
    </shape>
    <shape name="temp10" type="ply">
        <string name="filename" value="meshes/Cube_006.ply"/>
        <boolean name="face_normals" value="true"/>
        <ref id="mat-Material" name="bsdf"/>
        <transform name="to_world">
            <matrix value="0.987588581752292 -0.1423188082340647 -0.06644031419776172 0.03419935213447722 -0.034135710701792644 0.21841411446676529 -0.9752589829043624 -0.5425703005865969 0.15330921658005736 0.9654223931684547 0.2108451322182723 -1.043383504644007 0.0 0.0 0.0 1.0"/>
        </transform>
    </shape>
    <shape name="temp11" type="ply">
        <string name="filename" value="meshes/Cube_007.ply"/>
        <boolean name="face_normals" value="true"/>
        <ref id="mat-Material" name="bsdf"/>
        <transform name="to_world">
            <matrix value="0.9238646820099038 -0.24616612052404663 -0.2930420343993029 0.1767141102222245 -0.24551821100762908 0.20615592076308395 -0.947215759436547 -0.30443750626982596 0.29358607832603756 0.94704874401103 0.1300225142912797 -1.8047008575538066 0.0 0.0 0.0 1.0"/>
        </transform>
    </shape>
    <shape name="temp12" type="ply">
        <string name="filename" value="meshes/Cube_008.ply"/>
        <boolean name="face_normals" value="true"/>
        <ref id="mat-Material" name="bsdf"/>
        <transform name="to_world">
            <matrix value="0.3264218734209533 0.8898873228860527 -0.3186421121260876 1.7619105505887145 -0.5745316713561585 -0.08086927410658229 -0.8144439674511996 0.39275792471813475 -0.7505378731869219 0.4489483191252819 0.484864552567466 0.9798553512363596 0.0 0.0 0.0 1.0"/>
        </transform>
    </shape>
    <shape name="temp13" type="ply">
        <string name="filename" value="meshes/Cube_009.ply"/>
        <boolean name="face_normals" value="true"/>
        <ref id="mat-Material" name="bsdf"/>
        <transform name="to_world">
            <matrix value="-0.07087300342004904 0.9905946314632381 0.1170356167388697 2.6163393029647457 -0.8551097731136985 6.158084822797406e-05 -0.5183617709036117 1.0234056791143478 -0.5134938132394371 -0.13682888597334714 0.8470626225414295 0.8941177441401181 0.0 0.0 0.0 1.0"/>
        </transform>
    </shape>
    <shape name="temp14" type="ply">
        <string name="filename" value="meshes/Cube_010.ply"/>
        <boolean name="face_normals" value="true"/>
        <ref id="mat-Material" name="bsdf"/>
        <transform name="to_world">
            <matrix value="0.01319972935692795 0.9917714627792158 0.12732530266876144 1.983070022295957 -0.9947178947107143 0.00010643132473827915 0.10238824292551515 2.012707918070573 0.10153354803936691 -0.12801014970078617 0.9865339763916711 -0.33708657351375215 0.0 0.0 0.0 1.0"/>
        </transform>
    </shape>
    <shape name="temp15" type="ply">
        <string name="filename" value="meshes/Cube_011.ply"/>
        <boolean name="face_normals" value="true"/>
        <ref id="mat-Material" name="bsdf"/>
        <transform name="to_world">
            <matrix value="0.06770655482804902 0.9715423540380834 0.22694407973898173 1.702742598890112 -0.9342063855099135 -0.018127820317339803 0.35622696032009815 2.0628897749141712 0.35019759692355157 -0.23614219593135916 0.9063969049232163 -0.9064342644308664 0.0 0.0 0.0 1.0"/>
        </transform>
    </shape>
    <shape name="temp16" type="ply">
        <string name="filename" value="meshes/Cube_012.ply"/>
        <boolean name="face_normals" value="true"/>
        <ref id="mat-Material" name="bsdf"/>
        <transform name="to_world">
            <matrix value="0.09107775425644518 0.9908560915934363 0.09954387520974176 1.0957696620381205 -0.7381572602020825 7.52071302378067e-05 0.6746287765927017 1.846511892844104 0.6684524854306619 -0.13492265702730158 0.7314143627183761 -1.8391911117176827 0.0 0.0 0.0 1.0"/>
        </transform>
    </shape>
    <shape name="temp17" type="ply">
        <string name="filename" value="meshes/Cube_013.ply"/>
        <boolean name="face_normals" value="true"/>
        <ref id="mat-Material" name="bsdf"/>
        <transform name="to_world">
            <matrix value="0.9142106672198317 0.16218734812472493 0.3713679630428996 0.6474356819454378 -0.3922602995955867 0.1240972272919739 0.911445009009026 1.4686145287717838 0.10173912330438081 -0.9789253957361246 0.17707064579894766 -1.4016376451289183 0.0 0.0 0.0 1.0"/>
        </transform>
    </shape>
    <shape name="temp18" type="ply">
        <string name="filename" value="meshes/Cube_014.ply"/>
        <boolean name="face_normals" value="true"/>
        <ref id="mat-Material" name="bsdf"/>
        <transform name="to_world">
            <matrix value="0.9406358206256084 0.2930294332979436 0.1712847873458525 0.11324018468704222 -0.21625121669707303 0.1284343262630287 0.9678534263848393 1.0260024287021206 0.26161065870960076 -0.9474378575913129 0.18417788323110812 -0.8660670132421733 0.0 0.0 0.0 1.0"/>
        </transform>
    </shape>
    <shape name="temp19" type="ply">
        <string name="filename" value="meshes/Cube_015.ply"/>
        <boolean name="face_normals" value="true"/>
        <ref id="mat-Material" name="bsdf"/>
        <transform name="to_world">
            <matrix value="0.9836364216606652 0.12494466264655639 0.1298008345700749 0.015099957771289807 -0.14987177032305193 0.16761032532857206 0.9743948397736089 0.6401220941174971 0.0999894951837412 -0.9779034380912055 0.18359327757870664 -0.2890505826498029 0.0 0.0 0.0 1.0"/>
        </transform>
    </shape>
    <shape name="temp20" type="ply">
        <string name="filename" value="meshes/Cube_016.ply"/>
        <boolean name="face_normals" value="true"/>
        <ref id="mat-Material" name="bsdf"/>
        <transform name="to_world">
            <matrix value="0.9849869775737686 0.020098086658337212 0.17145438917574146 0.02935175578920335 -0.17238888829790064 0.16681620406196618 0.9708010397612218 0.32640165172789987 -0.009090114480335162 -0.9857830141649442 0.16777644424545213 0.2122717689308566 0.0 0.0 0.0 1.0"/>
        </transform>
    </shape>
    <shape name="temp21" type="ply">
        <string name="filename" value="meshes/Cube_017.ply"/>
        <boolean name="face_normals" value="true"/>
        <ref id="mat-Material" name="bsdf"/>
        <transform name="to_world">
            <matrix value="0.937828995775025 -0.16743054671970264 0.3040441094775143 0.22045746519548287 -0.28130690108806844 0.1464849829899692 0.9483692504518697 0.1373152827244334 -0.20332402083588197 -0.9749376855094563 0.09027839568890564 0.4801766827986483 0.0 0.0 0.0 1.0"/>
        </transform>
    </shape>
    <shape name="temp22" type="ply">
        <string name="filename" value="meshes/Cube_018.ply"/>
        <boolean name="face_normals" value="true"/>
        <ref id="mat-Material" name="bsdf"/>
        <transform name="to_world">
            <matrix value="0.23102739319216986 0.9552762383114703 0.18451718144901827 0.853498971689718 -0.5640142227233803 -0.023025082234269113 0.8253865891037828 -0.02137260687674978 0.7927322184930863 -0.2948061523956923 0.5334765337447243 -0.1456887436747647 0.0 0.0 0.0 1.0"/>
        </transform>
    </shape>
    <shape name="temp23" type="ply">
        <string name="filename" value="meshes/Cube_019.ply"/>
        <boolean name="face_normals" value="true"/>
        <ref id="mat-Material" name="bsdf"/>
        <transform name="to_world">
            <matrix value="-0.08264274139358577 0.9830409679969464 -0.16370865977558519 0.5115855127747562 -0.9133995358378234 -0.009015003452066338 0.4069649629024808 -0.04660523707134204 0.3985874568061458 0.18316404302672173 0.8986541304646918 -0.054849074151905375 0.0 0.0 0.0 1.0"/>
        </transform>
    </shape>
    <shape name="temp24" type="ply">
        <string name="filename" value="meshes/Cube_020.ply"/>
        <boolean name="face_normals" value="true"/>
        <ref id="mat-Material" name="bsdf"/>
        <transform name="to_world">
            <matrix value="0.0990638098856216 0.9397062030141576 -0.3273204210341518 0.14408143142784163 -0.9618759600795795 0.0061642449623726114 -0.27341590384702147 0.13892885861916177 -0.2549128116485967 0.3419273031437722 0.9044916765477359 0.11988048525810308 0.0 0.0 0.0 1.0"/>
        </transform>
    </shape>
    <shape name="temp25" type="ply">
        <string name="filename" value="meshes/Cube_021.ply"/>
        <boolean name="face_normals" value="true"/>
        <ref id="mat-Material" name="bsdf"/>
        <transform name="to_world">
            <matrix value="0.188821944694137 0.9408736126552126 -0.28125276287042555 -0.17397261535973743 -0.7971238522269324 -0.020420698422895858 -0.60347070896378 0.09030933734569754 -0.5735330489497843 0.3381415785225156 0.7461368275084735 0.3164898765506661 0.0 0.0 0.0 1.0"/>
        </transform>
    </shape>
    <shape name="temp26" type="ply">
        <string name="filename" value="meshes/Cube_022.ply"/>
        <boolean name="face_normals" value="true"/>
        <ref id="mat-Material" name="bsdf"/>
        <transform name="to_world">
            <matrix value="0.637178716621722 0.40221318126164163 -0.6574405903075078 -0.08765130623683504 -0.711677144888454 -0.020378901304276182 -0.7022111473636483 -0.1954104500685765 -0.2958365468319779 0.9153191440544154 0.2732609459311872 0.6941056104579475 0.0 0.0 0.0 1.0"/>
        </transform>
    </shape>
    <shape name="temp27" type="ply">
        <string name="filename" value="meshes/Cube_023.ply"/>
        <boolean name="face_normals" value="true"/>
        <ref id="mat-Material" name="bsdf"/>
        <transform name="to_world">
            <matrix value="0.8556478679212165 0.28754158644871025 -0.4303332323137287 -0.06675387226791596 -0.48041671763940375 0.13196114913135165 -0.8670561122140267 -0.28713363685232274 -0.192527418900159 0.9486338786416172 0.2510520774185252 0.2087505886558294 0.0 0.0 0.0 1.0"/>
        </transform>
    </shape>
    <shape name="temp28" type="ply">
        <string name="filename" value="meshes/Cube_024.ply"/>
        <boolean name="face_normals" value="true"/>
        <ref id="mat-Material" name="bsdf"/>
        <transform name="to_world">
            <matrix value="0.8516753187347414 0.45371102345945025 -0.2622885384669573 -0.1969949832732818 -0.3738763392532627 0.1753084124040774 -0.9107599353411492 -0.5092698516486229 -0.3672405310384078 0.8737351983530203 0.31893772448691576 -0.3590302550903358 0.0 0.0 0.0 1.0"/>
        </transform>
    </shape>
    <shape name="temp29" type="ply">
        <string name="filename" value="meshes/Cube_025.ply"/>
        <boolean name="face_normals" value="true"/>
        <ref id="mat-Material" name="bsdf"/>
        <transform name="to_world">
            <matrix value="0.9035790839800222 0.35231059002175535 -0.24376708251757245 -0.25895753771465746 -0.32120532350401665 0.18058042688815512 -0.9296332657400285 -0.7933524212434557 -0.28350014715607585 0.9182961601758781 0.27633278505376335 -0.6914055813228266 0.0 0.0 0.0 1.0"/>
        </transform>
    </shape>
    <shape name="temp30" type="ply">
        <string name="filename" value="meshes/Cube_026.ply"/>
        <boolean name="face_normals" value="true"/>
        <ref id="mat-Material" name="bsdf"/>
        <transform name="to_world">
            <matrix value="0.9234396137064361 0.22984212271835103 -0.3072978548069336 -0.33463793062447555 -0.3514105486084886 0.18475907497137184 -0.9178098350858895 -1.149669821951956 -0.15417524338373872 0.9555294593709521 0.2513827944859371 -0.8911335874604562 0.0 0.0 0.0 1.0"/>
        </transform>
    </shape>
    <shape name="temp31" type="ply">
        <string name="filename" value="meshes/Cube_027.ply"/>
        <boolean name="face_normals" value="true"/>
        <ref id="mat-Material" name="bsdf"/>
        <transform name="to_world">
            <matrix value="0.8716692640600538 0.1727407946635852 -0.45864310971438244 -0.6070552632482179 -0.4858111845709514 0.1810892677239098 -0.8550990000004728 -1.5857615747226141 -0.06465519381164377 0.9681772672566815 0.24176930557926074 -1.0316123447179004 0.0 0.0 0.0 1.0"/>
        </transform>
    </shape>
    <shape name="temp32" type="ply">
        <string name="filename" value="meshes/Cube_028.ply"/>
        <boolean name="face_normals" value="true"/>
        <ref id="mat-Material" name="bsdf"/>
        <transform name="to_world">
            <matrix value="-0.10544025374671781 0.9846540528927482 0.1390640446957379 -1.4871276737450798 -0.7970950415494293 -7.26592174342908e-05 -0.6038539057945695 -2.122094494273521 -0.594577032659784 -0.17451773277460614 0.7848706752065268 -1.3616662411736362 0.0 0.0 0.0 1.0"/>
        </transform>
    </shape>
    <shape name="temp33" type="ply">
        <string name="filename" value="meshes/Cube_029.ply"/>
        <boolean name="face_normals" value="true"/>
        <ref id="mat-Material" name="bsdf"/>
        <transform name="to_world">
            <matrix value="0.002029896175183103 0.9760505858083572 0.21753402083399326 -1.5691409911370706 -0.998706178959518 -0.009074862908120804 0.05003720862502547 -1.8234740278923849 0.05081294867089696 -0.21735409022929647 0.9747694081748343 -0.12685166702493278 0.0 0.0 0.0 1.0"/>
        </transform>
    </shape>
    <shape name="temp34" type="ply">
        <string name="filename" value="meshes/Cube_030.ply"/>
        <boolean name="face_normals" value="true"/>
        <ref id="mat-Material" name="bsdf"/>
        <transform name="to_world">
            <matrix value="-0.042261161852697224 0.9783777683270936 -0.2024616849550142 -3.22873601780402 -0.9752935185796 0.0035806637820356736 0.22088285294767784 -1.9181225253258114 0.21683178005892806 0.20679436906269633 0.9540546788620088 0.24400737165400532 0.0 0.0 0.0 1.0"/>
        </transform>
    </shape>
    <shape name="temp35" type="ply">
        <string name="filename" value="meshes/Cube_031.ply"/>
        <boolean name="face_normals" value="true"/>
        <ref id="mat-Material" name="bsdf"/>
        <transform name="to_world">
            <matrix value="0.1379645389316469 0.9760137707202199 0.16841167395788664 -1.8788577773142054 -0.7755074225170071 0.0006862572300452836 0.6313256435508281 -1.1697936792133734 0.6160669170092921 -0.217707953101958 0.7570003749229943 0.5907400162153 0.0 0.0 0.0 1.0"/>
        </transform>
    </shape>
    <shape name="temp36" type="ply">
        <string name="filename" value="meshes/Cube_032.ply"/>
        <boolean name="face_normals" value="true"/>
        <ref id="mat-Material" name="bsdf"/>
        <transform name="to_world">
            <matrix value="0.7137344488827663 0.6100069249910831 0.3439513053986547 -0.6526207784466578 -0.433618403906196 -0.0006385158826339162 0.9009361727879661 -0.24947776335061933 0.549790834481328 -0.7923956506049981 0.26405098385372616 -0.13380595611667223 0.0 0.0 0.0 1.0"/>
        </transform>
    </shape>
    <shape name="temp37" type="ply">
        <string name="filename" value="meshes/Cube_033.ply"/>
        <boolean name="face_normals" value="true"/>
        <ref id="mat-Material" name="bsdf"/>
        <transform name="to_world">
            <matrix value="0.9761921858350753 0.17243188165774276 0.13159251023946372 -0.14826293280367442 -0.1500898228276306 0.09898583297004941 0.9837047970758843 0.30048636129501005 0.15659627110049695 -0.980035167273994 0.12250945699519786 -0.38442360058225455 0.0 0.0 0.0 1.0"/>
        </transform>
    </shape>
    <shape name="temp38" type="ply">
        <string name="filename" value="meshes/Cube_034.ply"/>
        <boolean name="face_normals" value="true"/>
        <ref id="mat-Material" name="bsdf"/>
        <transform name="to_world">
            <matrix value="0.9999151193116642 -0.001582288500968873 0.012943968160385722 -0.03331450352666243 -0.012458494894747946 0.17727143879204796 0.9840831478023981 0.36911098905047485 -0.003851697259173763 -0.9841607515701165 0.17723667805934562 -0.3844129366740213 0.0 0.0 0.0 1.0"/>
        </transform>
    </shape>
    <shape name="temp39" type="ply">
        <string name="filename" value="meshes/Cube_035.ply"/>
        <boolean name="face_normals" value="true"/>
        <ref id="mat-Material" name="bsdf"/>
        <transform name="to_world">
            <matrix value="0.9986478927427234 -0.05182292046898042 0.00414276906871114 0.0077405235829310914 0.006401393461660524 0.20165437411221404 0.9794358519995026 0.09105294126891728 -0.05159265425236735 -0.9780846976469632 0.2017134288149833 -0.16452352344913848 0.0 0.0 0.0 1.0"/>
        </transform>
    </shape>
    <shape name="temp40" type="ply">
        <string name="filename" value="meshes/Cube_036.ply"/>
        <boolean name="face_normals" value="true"/>
        <ref id="mat-Material" name="bsdf"/>
        <transform name="to_world">
            <matrix value="0.9986139847915082 -0.052460374241536184 0.004267786739262097 0.003280465455101078 0.00658316889085097 0.2049383738368831 0.9787527876919353 -0.23964665803425256 -0.052220372428979464 -0.9773678984946488 0.204999690322117 0.1769329880141658 0.0 0.0 0.0 1.0"/>
        </transform>
    </shape>
    <shape name="temp41" type="ply">
        <string name="filename" value="meshes/Cube_037.ply"/>
        <boolean name="face_normals" value="true"/>
        <ref id="mat-Material" name="bsdf"/>
        <transform name="to_world">
            <matrix value="0.9986432387102037 -0.05191054663626902 0.0041254767502828475 -0.007625590369963797 0.00662209211615756 0.20517447014431933 0.9787030264748586 -0.5707359809167949 -0.051651472358592763 -0.9773477701320129 0.2052398679779358 0.5214108266659929 0.0 0.0 0.0 1.0"/>
        </transform>
    </shape>
    <shape name="temp42" type="ply">
        <string name="filename" value="meshes/Cube_038.ply"/>
        <boolean name="face_normals" value="true"/>
        <ref id="mat-Material" name="bsdf"/>
        <transform name="to_world">
            <matrix value="0.9988681836153234 -0.04736112994161732 0.004416928553293672 0.011039662744597223 0.005405277584229123 0.2052729322539803 0.9786899065340142 -0.9052550914026404 -0.047258553225288866 -0.9775581271653634 0.20529660285726306 0.8749447690110215 0.0 0.0 0.0 1.0"/>
        </transform>
    </shape>
    <shape name="temp43" type="ply">
        <string name="filename" value="meshes/Cube_039.ply"/>
        <boolean name="face_normals" value="true"/>
        <ref id="mat-Material" name="bsdf"/>
        <transform name="to_world">
            <matrix value="0.9999137823873726 -0.012765439584049751 -0.0030660306383330964 0.02336305955609319 0.008291996865190372 0.43302273453319623 0.9013448425359454 -1.319235731634158 -0.010178399739414376 -0.9012926608874237 0.43309124628374784 1.4817304087551082 0.0 0.0 0.0 1.0"/>
        </transform>
    </shape>
    <shape name="temp47" type="ply">
        <string name="filename" value="meshes/Plane_001.ply"/>
        <boolean name="face_normals" value="true"/>
        <ref id="mat-Material.002" name="bsdf"/>
    </shape>
    <shape name="temp49" type="ply">
        <string name="filename" value="meshes/Plane_002.ply"/>
        <boolean name="face_normals" value="true"/>
        <ref id="mat-Material.003" name="bsdf"/>
    </shape>
    <shape name="temp51" type="ply">
        <string name="filename" value="meshes/Plane_003.ply"/>
        <boolean name="face_normals" value="true"/>
        <ref id="mat-Material.004" name="bsdf"/>
    </shape>
    <shape name="temp53" type="ply">
        <string name="filename" value="meshes/Plane_004.ply"/>
        <boolean name="face_normals" value="true"/>
        <ref id="mat-Material.005" name="bsdf"/>
    </shape>
    <emitter type="point">
        <transform name="to_world">
            <rotate angle="-142.5518126578256" x="1"/>
            <rotate angle="3.976628485794621e-06" y="1"/>
            <rotate angle="-179.999991348578" z="1"/>
            <translate value="-0.000000 3.030926 4.073377"/>
        </transform>
        <rgb name="intensity" value="100"/>
    </emitter>
</scene>
