
<scene version="2.1.0">
    <default name="spp" value="1024"/>
    <default name="resx" value="640"/>
    <default name="resy" value="360"/>
    <integrator name="temp0" type="path">
        <integer name="max_depth" value="12"/>
    </integrator>
    <sensor name="temp44" type="perspective">
        <string name="fov_axis" value="x"/>
        <float name="fov" value="83.974423"/>
        <float name="principal_point_offset_x" value="0.000000"/>
        <float name="principal_point_offset_y" value="-0.000000"/>
        <float name="near_clip" value="0.100000"/>
        <float name="far_clip" value="1000.000000"/>
        <sampler name="sampler" type="independent">
            <integer name="sample_count" value="$spp"/>
        </sampler>
        <film name="film" type="hdrfilm">
            <integer name="width" value="$resx"/>
            <integer name="height" value="$resy"/>
        </film>
        <float name="shutter_open" value="0.0"/>
        <float name="shutter_close" value="0.0015"/>
        <animation name="to_world">
            <transform time="0">
                <rotate angle="-142.5518126578256" x="1"/>
                <rotate angle="3.976628485794621e-06" y="1"/>
                <rotate angle="-179.999991348578" z="1"/>
                <translate value="-0.000000 3.030926 4.073377"/>
            </transform>
            <transform time="0.0015">
                <rotate angle="-142.5518126578256" x="1"/>
                <rotate angle="3.976628485794621e-06" y="1"/>
                <rotate angle="-179.999991348578" z="1"/>
                <translate value="-0.000000 3.030926 4.073377"/>
                <translate x="0.15" y="0.0" z="0.0"/>
            </transform>
        </animation>
    </sensor>
    <bsdf id="mat-Material" name="mat-Material" type="twosided">
        <bsdf name="bsdf" type="diffuse">
            <texture name="reflectance" type="bitmap">
                <string name="filename" value="textures/siggraph_2023_logo.jpg"/>
            </texture>
        </bsdf>
    </bsdf>
    <bsdf id="mat-Material.001" name="mat-Material.001" type="twosided">
        <bsdf name="bsdf" type="principled">
            <rgb name="base_color" value="0.433648 0.266232 0.084399"/>
            <float name="spec_tint" value="0.000000"/>
            <float name="spec_trans" value="0.000000"/>
            <float name="metallic" value="0.000000"/>
            <float name="anisotropic" value="0.000000"/>
            <float name="roughness" value="0.500000"/>
            <float name="sheen" value="0.000000"/>
            <float name="sheen_tint" value="0.500000"/>
            <float name="clearcoat" value="0.000000"/>
            <float name="clearcoat_gloss" value="0.173205"/>
            <float name="specular" value="0.500000"/>
        </bsdf>
    </bsdf>
    <bsdf id="mat-Material.002" name="mat-Material.002" type="twosided">
        <bsdf name="bsdf" type="principled">
            <rgb name="base_color" value="0.433648 0.266232 0.084399"/>
            <float name="spec_tint" value="0.000000"/>
            <float name="spec_trans" value="0.000000"/>
            <float name="metallic" value="0.000000"/>
            <float name="anisotropic" value="0.000000"/>
            <float name="roughness" value="0.500000"/>
            <float name="sheen" value="0.000000"/>
            <float name="sheen_tint" value="0.500000"/>
            <float name="clearcoat" value="0.000000"/>
            <float name="clearcoat_gloss" value="0.173205"/>
            <float name="specular" value="0.500000"/>
        </bsdf>
    </bsdf>
    <bsdf id="mat-Material.003" name="mat-Material.003" type="twosided">
        <bsdf name="bsdf" type="principled">
            <rgb name="base_color" value="0.433648 0.266232 0.084399"/>
            <float name="spec_tint" value="0.000000"/>
            <float name="spec_trans" value="0.000000"/>
            <float name="metallic" value="0.000000"/>
            <float name="anisotropic" value="0.000000"/>
            <float name="roughness" value="0.500000"/>
            <float name="sheen" value="0.000000"/>
            <float name="sheen_tint" value="0.500000"/>
            <float name="clearcoat" value="0.000000"/>
            <float name="clearcoat_gloss" value="0.173205"/>
            <float name="specular" value="0.500000"/>
        </bsdf>
    </bsdf>
    <bsdf id="mat-Material.004" name="mat-Material.004" type="twosided">
        <bsdf name="bsdf" type="principled">
            <rgb name="base_color" value="0.433648 0.266232 0.084399"/>
            <float name="spec_tint" value="0.000000"/>
            <float name="spec_trans" value="0.000000"/>
            <float name="metallic" value="0.000000"/>
            <float name="anisotropic" value="0.000000"/>
            <float name="roughness" value="0.500000"/>
            <float name="sheen" value="0.000000"/>
            <float name="sheen_tint" value="0.500000"/>
            <float name="clearcoat" value="0.000000"/>
            <float name="clearcoat_gloss" value="0.173205"/>
            <float name="specular" value="0.500000"/>
        </bsdf>
    </bsdf>
    <bsdf id="mat-Material.005" name="mat-Material.005" type="twosided">
        <bsdf name="bsdf" type="principled">
            <rgb name="base_color" value="0.433648 0.266232 0.084399"/>
            <float name="spec_tint" value="0.000000"/>
            <float name="spec_trans" value="0.000000"/>
            <float name="metallic" value="0.000000"/>
            <float name="anisotropic" value="0.000000"/>
            <float name="roughness" value="0.500000"/>
            <float name="sheen" value="0.000000"/>
            <float name="sheen_tint" value="0.500000"/>
            <float name="clearcoat" value="0.000000"/>
            <float name="clearcoat_gloss" value="0.173205"/>
            <float name="specular" value="0.500000"/>
        </bsdf>
    </bsdf>
    <emitter name="temp45" type="point">
        <point name="position" x="-6.815235034541981e-16" y="3.0693089962005615" z="4.109199523925781"/>
        <rgb name="intensity" value="7.957747 7.957747 7.957747"/>
    </emitter>
    <shape name="temp2" type="ply">
        <string name="filename" value="meshes/Cube.ply"/>
        <boolean name="face_normals" value="true"/>
        <ref id="mat-Material" name="bsdf"/>
        <transform name="to_world">
            <matrix value="1.0 0.00021182129351324407 0.0004232327439682549 -0.0012065404065659813 -0.0002118032470076787 1.0 -4.226299358754026e-05 -0.01722065380430926 -0.00042324170651404983 4.2173404279727924e-05 1.0 0.0010073476011378535 0.0 0.0 0.0 1.0"/>
            <scale value="1"/>
        </transform>
    </shape>
    <shape name="temp4" type="ply">
        <string name="filename" value="meshes/Plane.ply"/>
        <boolean name="face_normals" value="true"/>
        <ref id="mat-Material.001" name="bsdf"/>
        <transform name="to_world">
            <scale value="1"/>
        </transform>
    </shape>
    <shape name="temp5" type="ply">
        <string name="filename" value="meshes/Cube_001.ply"/>
        <boolean name="face_normals" value="true"/>
        <ref id="mat-Material" name="bsdf"/>
        <transform name="to_world">
            <matrix value="1.0 1.0575566879352888e-05 -2.32199313413402e-05 0.0006457784198543592 -1.056288085499453e-05 0.9999997914159312 0.0005464821774468453 -0.01826262267502199 2.3225705507005872e-05 -0.0005464819168041584 1.0 -9.554474027795301e-05 0.0 0.0 0.0 1.0"/>
            <scale value="1"/>
        </transform>
    </shape>
    <shape name="temp6" type="ply">
        <string name="filename" value="meshes/Cube_002.ply"/>
        <boolean name="face_normals" value="true"/>
        <ref id="mat-Material" name="bsdf"/>
        <transform name="to_world">
            <matrix value="1.0 -4.241223303846499e-05 -0.00011308963496305849 -0.0005065793201870505 4.206478590563927e-05 0.9999952025664184 -0.0030698770413327783 -0.01575305821145684 0.00011321931396901213 0.003069861062151795 0.9999955084887199 -0.0003490938554218115 0.0 0.0 0.0 1.0"/>
            <scale value="1"/>
        </transform>
    </shape>
    <shape name="temp7" type="ply">
        <string name="filename" value="meshes/Cube_003.ply"/>
        <boolean name="face_normals" value="true"/>
        <ref id="mat-Material" name="bsdf"/>
        <transform name="to_world">
            <matrix value="1.0 0.00018329742210949413 0.0005129944149239209 -0.0007394756892922238 -0.00018410244545030648 0.9999987484955875 0.0015693009459122754 -0.01773229068589577 -0.0005127059520200274 -0.0015693948767581032 0.9999985816280168 0.0011883033349178729 0.0 0.0 0.0 1.0"/>
            <scale value="1"/>
        </transform>
    </shape>
    <shape name="temp8" type="ply">
        <string name="filename" value="meshes/Cube_004.ply"/>
        <boolean name="face_normals" value="true"/>
        <ref id="mat-Material" name="bsdf"/>
        <transform name="to_world">
            <matrix value="1.0 -0.00032495312073054487 8.632093691979721e-05 -0.0005826111523847821 0.00032510456059727633 0.99999833132745 -0.001768589301409247 -0.018653402694471133 -8.574633838450996e-05 0.001768617692517881 0.9999985816280168 0.00039212871096871993 0.0 0.0 0.0 1.0"/>
            <scale value="1"/>
        </transform>
    </shape>
    <shape name="temp9" type="ply">
        <string name="filename" value="meshes/Cube_005.ply"/>
        <boolean name="face_normals" value="true"/>
        <ref id="mat-Material" name="bsdf"/>
        <transform name="to_world">
            <matrix value="1.0 5.674738174847682e-06 0.0004532502230389943 -0.0003831820845352496 -5.738289124456808e-06 1.0 0.00014020796170017413 -0.017704606946880197 -0.00045324957847762607 -0.00014021041960857116 1.0 0.0009301925902319708 0.0 0.0 0.0 1.0"/>
            <scale value="1"/>
        </transform>
    </shape>
    <shape name="temp10" type="ply">
        <string name="filename" value="meshes/Cube_006.ply"/>
        <boolean name="face_normals" value="true"/>
        <ref id="mat-Material" name="bsdf"/>
        <transform name="to_world">
            <matrix value="1.0 -5.932589800656206e-05 -0.00019416637787037123 -0.0006435109665106076 5.953660019821746e-05 0.9999993742477937 0.0010843477450958607 -0.017200454802539122 0.00019410196674981872 -0.0010843576549310317 0.9999995272093389 -0.0005979669601748894 0.0 0.0 0.0 1.0"/>
            <scale value="1"/>
        </transform>
    </shape>
    <shape name="temp11" type="ply">
        <string name="filename" value="meshes/Cube_007.ply"/>
        <boolean name="face_normals" value="true"/>
        <ref id="mat-Material" name="bsdf"/>
        <transform name="to_world">
            <matrix value="0.9999995567588077 -0.0010696107612692758 -1.4937537261813976e-05 0.00044594492581140344 0.0010696473750370107 0.999995619734556 0.0027610265419949214 -0.01753893385588645 1.1984222386516958e-05 -0.0027610440049809877 0.9999962176747115 2.384867430826887e-05 0.0 0.0 0.0 1.0"/>
            <scale value="1"/>
        </transform>
    </shape>
    <shape name="temp12" type="ply">
        <string name="filename" value="meshes/Cube_008.ply"/>
        <boolean name="face_normals" value="true"/>
        <ref id="mat-Material" name="bsdf"/>
        <transform name="to_world">
            <matrix value="1.0 -0.00022645346593717867 7.389765311443756e-05 -1.1486963078066736e-05 0.00022643286580252363 1.0 0.0002765352576543626 -0.017911663089199947 -7.396055507981001e-05 -0.00027651989996308065 1.0 0.00018692181726454038 0.0 0.0 0.0 1.0"/>
            <scale value="1"/>
        </transform>
    </shape>
    <shape name="temp13" type="ply">
        <string name="filename" value="meshes/Cube_009.ply"/>
        <boolean name="face_normals" value="true"/>
        <ref id="mat-Material" name="bsdf"/>
        <transform name="to_world">
            <matrix value="1.0 -0.00040117599697970266 0.0002598906624317231 0.00047537258955498984 0.00040109604682045364 0.9999997914159312 0.0003087866725986135 -0.01817978556388472 -0.00026001547798243705 -0.0003086835633667972 1.0 0.0004021354946917022 0.0 0.0 0.0 1.0"/>
            <scale value="1"/>
        </transform>
    </shape>
    <shape name="temp14" type="ply">
        <string name="filename" value="meshes/Cube_010.ply"/>
        <boolean name="face_normals" value="true"/>
        <ref id="mat-Material" name="bsdf"/>
        <transform name="to_world">
            <matrix value="0.9999995567588077 0.00033464393656541303 0.0011445292683422681 0.0019983092313211603 -0.00033494141237919465 0.9999997914159312 0.00025968499849416174 -0.016745026417749387 -0.0011444443262467934 -0.00026006887445950656 0.9999992908140084 0.0019157472890591887 0.0 0.0 0.0 1.0"/>
            <scale value="1"/>
        </transform>
    </shape>
    <shape name="temp15" type="ply">
        <string name="filename" value="meshes/Cube_011.ply"/>
        <boolean name="face_normals" value="true"/>
        <ref id="mat-Material" name="bsdf"/>
        <transform name="to_world">
            <matrix value="1.0 -0.00018887412577202177 -0.0002634058609967089 -0.00039151658111569176 0.00018891427183450436 1.0 0.0001514017533914456 -0.017843812372271284 0.00026337790566763645 -0.00015145143224250818 1.0 -0.0003707173454696733 0.0 0.0 0.0 1.0"/>
            <scale value="1"/>
        </transform>
    </shape>
    <shape name="temp16" type="ply">
        <string name="filename" value="meshes/Cube_012.ply"/>
        <boolean name="face_normals" value="true"/>
        <ref id="mat-Material" name="bsdf"/>
        <transform name="to_world">
            <matrix value="1.0 0.0003092780279627803 -0.0001237978706454207 -0.0006111679252800428 -0.00030923652591099363 0.9999997914159312 0.00034060312013468863 -0.016917857895192123 0.00012390319966951936 -0.00034056563827767965 1.0 -3.8276058214492537e-05 0.0 0.0 0.0 1.0"/>
            <scale value="1"/>
        </transform>
    </shape>
    <shape name="temp17" type="ply">
        <string name="filename" value="meshes/Cube_013.ply"/>
        <boolean name="face_normals" value="true"/>
        <ref id="mat-Material" name="bsdf"/>
        <transform name="to_world">
            <matrix value="0.9999995567588077 0.0010759600603225128 4.33565583865735e-05 -0.00047170841740851177 -0.001076061075090377 0.999996454070831 0.0023643551773650526 -0.013952553847907834 -4.0812452240761524e-05 -0.002364396368134195 0.9999971632560337 0.00018497326094557565 0.0 0.0 0.0 1.0"/>
            <scale value="1"/>
        </transform>
    </shape>
    <shape name="temp18" type="ply">
        <string name="filename" value="meshes/Cube_014.ply"/>
        <boolean name="face_normals" value="true"/>
        <ref id="mat-Material" name="bsdf"/>
        <transform name="to_world">
            <matrix value="1.0 -0.00044504539832256697 -1.943862255277644e-05 -7.331843811109184e-05 0.0004450008598879131 0.9999972884071061 -0.0022513227500719824 -0.01993380433618125 2.0440510826609366e-05 0.0022513146010933976 0.9999976360466947 -5.443225372159244e-05 0.0 0.0 0.0 1.0"/>
            <scale value="1"/>
        </transform>
    </shape>
    <shape name="temp19" type="ply">
        <string name="filename" value="meshes/Cube_015.ply"/>
        <boolean name="face_normals" value="true"/>
        <ref id="mat-Material" name="bsdf"/>
        <transform name="to_world">
            <matrix value="1.0 -0.00024287111798975019 -2.796769515971105e-05 0.0005501765733029185 0.0002428695789385969 1.0 -6.349909531507006e-05 -0.018050831743078588 2.7983190521021156e-05 6.349236478016282e-05 1.0 -8.110588330650925e-05 0.0 0.0 0.0 1.0"/>
            <scale value="1"/>
        </transform>
    </shape>
    <shape name="temp20" type="ply">
        <string name="filename" value="meshes/Cube_016.ply"/>
        <boolean name="face_normals" value="true"/>
        <ref id="mat-Material" name="bsdf"/>
        <transform name="to_world">
            <matrix value="1.0 0.000425023413561719 0.00032424456326199077 0.0004951229657391698 -0.00042605451512073007 0.9999947853982809 0.0031896112762463823 -0.016892492941697312 -0.0003228865816707356 -0.003189751013197114 0.9999950356980589 0.0005164569444147116 0.0 0.0 0.0 1.0"/>
            <scale value="1"/>
        </transform>
    </shape>
    <shape name="temp21" type="ply">
        <string name="filename" value="meshes/Cube_017.ply"/>
        <boolean name="face_normals" value="true"/>
        <ref id="mat-Material" name="bsdf"/>
        <transform name="to_world">
            <matrix value="1.0 -0.00047345246264780794 8.7715196579265e-05 0.0004910100226991343 0.0004734835389085984 0.9999997914159312 -0.00035167351346342325 -0.018017224278460642 -8.754855707262242e-05 0.0003517144567532221 1.0 -1.769976374865756e-05 0.0 0.0 0.0 1.0"/>
            <scale value="1"/>
        </transform>
    </shape>
    <shape name="temp22" type="ply">
        <string name="filename" value="meshes/Cube_018.ply"/>
        <boolean name="face_normals" value="true"/>
        <ref id="mat-Material" name="bsdf"/>
        <transform name="to_world">
            <matrix value="0.9999889189701912 0.004690709456993094 -0.00027896776560551955 0.0004460442922800678 -0.0046889333312057765 0.9999705896463041 0.006060585286470953 -0.01793715555456732 0.00030738732365649164 -0.0060592170171226666 0.9999817975595491 -6.976782402140502e-05 0.0 0.0 0.0 1.0"/>
            <scale value="1"/>
        </transform>
    </shape>
    <shape name="temp23" type="ply">
        <string name="filename" value="meshes/Cube_019.ply"/>
        <boolean name="face_normals" value="true"/>
        <ref id="mat-Material" name="bsdf"/>
        <transform name="to_world">
            <matrix value="0.9998563898536773 0.015887696251535702 -0.005942009388676947 0.003280274223873697 -0.015828869894526327 0.9998264580547866 0.009820074786026766 -0.018584971006739004 0.00609699535660527 -0.009724602282326881 0.9999342820981126 -0.0008679002418836568 0.0 0.0 0.0 1.0"/>
            <scale value="1"/>
        </transform>
    </shape>
    <shape name="temp24" type="ply">
        <string name="filename" value="meshes/Cube_020.ply"/>
        <boolean name="face_normals" value="true"/>
        <ref id="mat-Material" name="bsdf"/>
        <transform name="to_world">
            <matrix value="0.9999172699694279 -0.012394288182191952 0.003359887640272678 -0.002398845175657277 0.012359239786746247 0.9998709177078535 0.010259131833877163 -0.014751980329889003 -0.0034866065891440284 -0.010216764087033602 0.9999418467459718 4.139789848600639e-05 0.0 0.0 0.0 1.0"/>
            <scale value="1"/>
        </transform>
    </shape>
    <shape name="temp25" type="ply">
        <string name="filename" value="meshes/Cube_021.ply"/>
        <boolean name="face_normals" value="true"/>
        <ref id="mat-Material" name="bsdf"/>
        <transform name="to_world">
            <matrix value="0.9995855694851488 0.020399131873105797 0.02031108679916467 -0.013011843167625659 -0.020639220285553705 0.9997186200912347 0.011681758932552157 -0.018645420994266637 -0.02006708455446282 -0.012096111367205996 0.9997255450212543 -0.009122120950706747 0.0 0.0 0.0 1.0"/>
            <scale value="1"/>
        </transform>
    </shape>
    <shape name="temp26" type="ply">
        <string name="filename" value="meshes/Cube_022.ply"/>
        <boolean name="face_normals" value="true"/>
        <ref id="mat-Material" name="bsdf"/>
        <transform name="to_world">
            <matrix value="0.9994534836098272 0.029238668149004117 0.015436898758026212 -0.007435958560658484 -0.02938622175888743 0.9995238025710073 0.009419384700777881 -0.019731904229282726 -0.01515414155705312 -0.009867859906596055 0.9998366508266034 -0.0109108449444828 0.0 0.0 0.0 1.0"/>
            <scale value="1"/>
        </transform>
    </shape>
    <shape name="temp27" type="ply">
        <string name="filename" value="meshes/Cube_023.ply"/>
        <boolean name="face_normals" value="true"/>
        <ref id="mat-Material" name="bsdf"/>
        <transform name="to_world">
            <matrix value="0.9994814078049455 0.030620767047054482 0.009990090307744169 -0.00276267349783621 -0.030713334645327262 0.9994854231023543 0.009246059644433056 -0.019729493706183543 -0.009701840514727132 -0.009548098443337094 0.9999073330304321 -0.00878458000127283 0.0 0.0 0.0 1.0"/>
            <scale value="1"/>
        </transform>
    </shape>
    <shape name="temp28" type="ply">
        <string name="filename" value="meshes/Cube_024.ply"/>
        <boolean name="face_normals" value="true"/>
        <ref id="mat-Material" name="bsdf"/>
        <transform name="to_world">
            <matrix value="0.9995248454417962 0.02969984752504573 0.008267028383041755 -0.0010513840515011807 -0.029792447879268193 0.9994920977925548 0.011313833240114774 -0.018211818687835835 -0.00792680580894177 -0.011554741845927292 0.99990189593783 -0.00784919589164329 0.0 0.0 0.0 1.0"/>
            <scale value="1"/>
        </transform>
    </shape>
    <shape name="temp29" type="ply">
        <string name="filename" value="meshes/Cube_025.ply"/>
        <boolean name="face_normals" value="true"/>
        <ref id="mat-Material" name="bsdf"/>
        <transform name="to_world">
            <matrix value="0.9995164238591415 0.030784463824222036 0.004386669950985792 0.0010077373353449826 -0.030820656635232 0.9994893861996609 0.008435909207172613 -0.020294875434518023 -0.004124740482281877 -0.008567037876781047 0.9999548484918688 -0.004971069255168936 0.0 0.0 0.0 1.0"/>
            <scale value="1"/>
        </transform>
    </shape>
    <shape name="temp30" type="ply">
        <string name="filename" value="meshes/Cube_026.ply"/>
        <boolean name="face_normals" value="true"/>
        <ref id="mat-Material" name="bsdf"/>
        <transform name="to_world">
            <matrix value="0.999441959338826 0.031416473552583 0.011360190364431769 0.007512651381376356 -0.0315049102259289 0.9994739509785722 0.007692162218258135 -0.022583291905142355 -0.011112557554868828 -0.00804576334468726 0.999905914658449 -0.014409543110846745 0.0 0.0 0.0 1.0"/>
            <scale value="1"/>
        </transform>
    </shape>
    <shape name="temp31" type="ply">
        <string name="filename" value="meshes/Cube_027.ply"/>
        <boolean name="face_normals" value="true"/>
        <ref id="mat-Material" name="bsdf"/>
        <transform name="to_world">
            <matrix value="0.9995656236314929 0.025296491824547424 0.015130908642187774 0.01602876008389975 -0.02558707295927323 0.9994856316864231 0.019329171514740905 -0.004003853587667472 -0.014634179746714254 -0.019707917642666287 0.9996988323489043 -0.021851502724038907 0.0 0.0 0.0 1.0"/>
            <scale value="1"/>
        </transform>
    </shape>
    <shape name="temp32" type="ply">
        <string name="filename" value="meshes/Cube_028.ply"/>
        <boolean name="face_normals" value="true"/>
        <ref id="mat-Material" name="bsdf"/>
        <transform name="to_world">
            <matrix value="0.9995882289323028 -0.016971964215317163 0.023154638951047725 0.031105689550691373 0.01586056607219158 0.9987516243484356 0.047366461459760076 0.1040745013013964 -0.023929630141819452 -0.046979681825861506 0.9986092862704902 -0.04210116434639599 0.0 0.0 0.0 1.0"/>
            <scale value="1"/>
        </transform>
    </shape>
    <shape name="temp33" type="ply">
        <string name="filename" value="meshes/Cube_029.ply"/>
        <boolean name="face_normals" value="true"/>
        <ref id="mat-Material" name="bsdf"/>
        <transform name="to_world">
            <matrix value="0.9657981798743677 -0.2591638281851309 0.008255634128110194 -0.05561911120618612 0.2580797993713067 0.9638626015022225 0.0660594458609778 0.6372344831312473 -0.02507751845213084 -0.061669486027996157 0.9977816662183034 -0.05455982489346756 0.0 0.0 0.0 1.0"/>
            <scale value="1"/>
        </transform>
    </shape>
    <shape name="temp34" type="ply">
        <string name="filename" value="meshes/Cube_030.ply"/>
        <boolean name="face_normals" value="true"/>
        <ref id="mat-Material" name="bsdf"/>
        <transform name="to_world">
            <matrix value="0.9992459521403795 -0.038789872374974096 -0.001579592859075771 -0.00681627734390311 0.03876949487723395 0.9991837504320696 -0.011350382248997284 0.09773799427628949 0.00201857819315106 0.011280586896993322 0.9999343704600236 0.005322786594962103 0.0 0.0 0.0 1.0"/>
            <scale value="1"/>
        </transform>
    </shape>
    <shape name="temp35" type="ply">
        <string name="filename" value="meshes/Cube_031.ply"/>
        <boolean name="face_normals" value="true"/>
        <ref id="mat-Material" name="bsdf"/>
        <transform name="to_world">
            <matrix value="0.9998067468401335 0.0029820283966351217 -0.019449780412377472 -0.02603091921752121 -0.0021245569804282417 0.999031127000582 0.04395908280502917 0.06435826635237912 0.01956202008059898 -0.04390924089999854 0.9988440268337068 0.04982491050776883 0.0 0.0 0.0 1.0"/>
            <scale value="1"/>
        </transform>
    </shape>
    <shape name="temp36" type="ply">
        <string name="filename" value="meshes/Cube_032.ply"/>
        <boolean name="face_normals" value="true"/>
        <ref id="mat-Material" name="bsdf"/>
        <transform name="to_world">
            <matrix value="0.9994153648672848 -0.03272813361061109 -0.00989160801304524 -0.01152662115221137 0.032773577328744904 0.9994528839876269 0.004468202700485697 0.10933378462997961 0.009739950392445752 -0.00478976185956869 0.999941137562698 0.027314533620675707 0.0 0.0 0.0 1.0"/>
            <scale value="1"/>
        </transform>
    </shape>
    <shape name="temp37" type="ply">
        <string name="filename" value="meshes/Cube_033.ply"/>
        <boolean name="face_normals" value="true"/>
        <ref id="mat-Material" name="bsdf"/>
        <transform name="to_world">
            <matrix value="0.9995523263957222 -0.029607715941871792 0.004347570163316078 -0.0015087218656049117 0.029518298769385155 0.9993765422184585 0.019364276221324656 0.11192412747604302 -0.004918204270362944 -0.01922726277212399 0.9998030826896683 -0.03662258163477672 0.0 0.0 0.0 1.0"/>
            <scale value="1"/>
        </transform>
    </shape>
    <shape name="temp38" type="ply">
        <string name="filename" value="meshes/Cube_034.ply"/>
        <boolean name="face_normals" value="true"/>
        <ref id="mat-Material" name="bsdf"/>
        <transform name="to_world">
            <matrix value="0.9990146748293964 -0.03665218397949202 0.02502802466643437 0.0037774912543020456 0.030655912748857768 0.9776389534920102 0.20804330384222788 0.18505498087282973 -0.03209362761002576 -0.20707102078957415 0.9777994053239065 -0.1829914737035117 0.0 0.0 0.0 1.0"/>
            <scale value="1"/>
        </transform>
    </shape>
    <shape name="temp39" type="ply">
        <string name="filename" value="meshes/Cube_035.ply"/>
        <boolean name="face_normals" value="true"/>
        <ref id="mat-Material" name="bsdf"/>
        <transform name="to_world">
            <matrix value="0.9994610187100972 -0.03207105207718445 0.007019097433172221 0.0028217585600915918 0.02440442567465742 0.8687843511888249 0.4945889108841611 0.11433639370831172 -0.0219600746063575 -0.49415088554366393 0.8690986860674739 -0.11694377613469437 0.0 0.0 0.0 1.0"/>
            <scale value="1"/>
        </transform>
    </shape>
    <shape name="temp40" type="ply">
        <string name="filename" value="meshes/Cube_036.ply"/>
        <boolean name="face_normals" value="true"/>
        <ref id="mat-Material" name="bsdf"/>
        <transform name="to_world">
            <matrix value="0.9994131486613229 -0.034187387755698 0.0022544360765750665 0.0021998230489521653 0.02337955895728396 0.7286039676861561 0.6845361048952272 -0.10928948609450123 -0.0250450909264982 -0.6840812810399167 0.72897559029096 -0.036439137812746894 0.0 0.0 0.0 1.0"/>
            <scale value="1"/>
        </transform>
    </shape>
    <shape name="temp41" type="ply">
        <string name="filename" value="meshes/Cube_037.ply"/>
        <boolean name="face_normals" value="true"/>
        <ref id="mat-Material" name="bsdf"/>
        <transform name="to_world">
            <matrix value="0.999189311859184 -0.04021765747575732 0.0019717427205603894 -0.00024176466942016361 0.020281090266955307 0.5449688479693299 0.8382110357850523 -0.4438984002329955 -0.034785426938781304 -0.8374911091040689 0.5453427519536892 0.21740884083766587 0.0 0.0 0.0 1.0"/>
            <scale value="1"/>
        </transform>
    </shape>
    <shape name="temp42" type="ply">
        <string name="filename" value="meshes/Cube_038.ply"/>
        <boolean name="face_normals" value="true"/>
        <ref id="mat-Material" name="bsdf"/>
        <transform name="to_world">
            <matrix value="0.9994109324553613 -0.03428016594948511 0.001795327977245531 -0.006664923011761026 0.014200698725415626 0.46049271728723906 0.8875500508013565 -0.7929149880581892 -0.031252107611869646 -0.887001249418572 0.46070825932189524 0.44496567533737474 0.0 0.0 0.0 1.0"/>
            <scale value="1"/>
        </transform>
    </shape>
    <shape name="temp43" type="ply">
        <string name="filename" value="meshes/Cube_039.ply"/>
        <boolean name="face_normals" value="true"/>
        <ref id="mat-Material" name="bsdf"/>
        <transform name="to_world">
            <matrix value="0.9999190455408332 -0.0010238986848827383 -0.012697710012473667 0.02285481211582363 0.011839665614798432 0.4425541349476253 0.8966637519384093 -1.30211420547049 0.004701319647019653 -0.8967412125247957 0.44253023989083917 1.4162237814712206 0.0 0.0 0.0 1.0"/>
            <scale value="1"/>
        </transform>
    </shape>
    <shape name="temp47" type="ply">
        <string name="filename" value="meshes/Plane_001.ply"/>
        <boolean name="face_normals" value="true"/>
        <ref id="mat-Material.002" name="bsdf"/>
        <transform name="to_world">
            <scale value="1"/>
        </transform>
    </shape>
    <shape name="temp49" type="ply">
        <string name="filename" value="meshes/Plane_002.ply"/>
        <boolean name="face_normals" value="true"/>
        <ref id="mat-Material.003" name="bsdf"/>
        <transform name="to_world">
            <scale value="1"/>
        </transform>
    </shape>
    <shape name="temp51" type="ply">
        <string name="filename" value="meshes/Plane_003.ply"/>
        <boolean name="face_normals" value="true"/>
        <ref id="mat-Material.004" name="bsdf"/>
        <transform name="to_world">
            <scale value="1"/>
        </transform>
    </shape>
    <shape name="temp53" type="ply">
        <string name="filename" value="meshes/Plane_004.ply"/>
        <boolean name="face_normals" value="true"/>
        <ref id="mat-Material.005" name="bsdf"/>
        <transform name="to_world">
            <scale value="1"/>
        </transform>
    </shape>
    <emitter type="point">
        <transform name="to_world">
            <rotate angle="-142.5518126578256" x="1"/>
            <rotate angle="3.976628485794621e-06" y="1"/>
            <rotate angle="-179.999991348578" z="1"/>
            <translate value="-0.000000 3.030926 4.073377"/>
        </transform>
        <rgb name="intensity" value="100"/>
    </emitter>
</scene>
