
<scene version="2.1.0">
    <default name="spp" value="1024"/>
    <default name="resx" value="640"/>
    <default name="resy" value="360"/>
    <integrator name="temp0" type="path">
        <integer name="max_depth" value="12"/>
    </integrator>
    <sensor name="temp44" type="perspective">
        <string name="fov_axis" value="x"/>
        <float name="fov" value="83.974423"/>
        <float name="principal_point_offset_x" value="0.000000"/>
        <float name="principal_point_offset_y" value="-0.000000"/>
        <float name="near_clip" value="0.100000"/>
        <float name="far_clip" value="1000.000000"/>
        <sampler name="sampler" type="independent">
            <integer name="sample_count" value="$spp"/>
        </sampler>
        <film name="film" type="hdrfilm">
            <integer name="width" value="$resx"/>
            <integer name="height" value="$resy"/>
        </film>
        <float name="shutter_open" value="0.0"/>
        <float name="shutter_close" value="0.0015"/>
        <animation name="to_world">
            <transform time="0">
                <rotate angle="-142.5518126578256" x="1"/>
                <rotate angle="3.976628485794621e-06" y="1"/>
                <rotate angle="-179.999991348578" z="1"/>
                <translate value="-0.000000 3.030926 4.073377"/>
                <translate x="8.4" y="0.0" z="0.0"/>
            </transform>
            <transform time="0.0015">
                <rotate angle="-142.5518126578256" x="1"/>
                <rotate angle="3.976628485794621e-06" y="1"/>
                <rotate angle="-179.999991348578" z="1"/>
                <translate value="-0.000000 3.030926 4.073377"/>
                <translate x="8.549999999999999" y="0.0" z="0.0"/>
            </transform>
        </animation>
    </sensor>
    <bsdf id="mat-Material" name="mat-Material" type="twosided">
        <bsdf name="bsdf" type="diffuse">
            <texture name="reflectance" type="bitmap">
                <string name="filename" value="textures/siggraph_2023_logo.jpg"/>
            </texture>
        </bsdf>
    </bsdf>
    <bsdf id="mat-Material.001" name="mat-Material.001" type="twosided">
        <bsdf name="bsdf" type="principled">
            <rgb name="base_color" value="0.433648 0.266232 0.084399"/>
            <float name="spec_tint" value="0.000000"/>
            <float name="spec_trans" value="0.000000"/>
            <float name="metallic" value="0.000000"/>
            <float name="anisotropic" value="0.000000"/>
            <float name="roughness" value="0.500000"/>
            <float name="sheen" value="0.000000"/>
            <float name="sheen_tint" value="0.500000"/>
            <float name="clearcoat" value="0.000000"/>
            <float name="clearcoat_gloss" value="0.173205"/>
            <float name="specular" value="0.500000"/>
        </bsdf>
    </bsdf>
    <bsdf id="mat-Material.002" name="mat-Material.002" type="twosided">
        <bsdf name="bsdf" type="principled">
            <rgb name="base_color" value="0.433648 0.266232 0.084399"/>
            <float name="spec_tint" value="0.000000"/>
            <float name="spec_trans" value="0.000000"/>
            <float name="metallic" value="0.000000"/>
            <float name="anisotropic" value="0.000000"/>
            <float name="roughness" value="0.500000"/>
            <float name="sheen" value="0.000000"/>
            <float name="sheen_tint" value="0.500000"/>
            <float name="clearcoat" value="0.000000"/>
            <float name="clearcoat_gloss" value="0.173205"/>
            <float name="specular" value="0.500000"/>
        </bsdf>
    </bsdf>
    <bsdf id="mat-Material.003" name="mat-Material.003" type="twosided">
        <bsdf name="bsdf" type="principled">
            <rgb name="base_color" value="0.433648 0.266232 0.084399"/>
            <float name="spec_tint" value="0.000000"/>
            <float name="spec_trans" value="0.000000"/>
            <float name="metallic" value="0.000000"/>
            <float name="anisotropic" value="0.000000"/>
            <float name="roughness" value="0.500000"/>
            <float name="sheen" value="0.000000"/>
            <float name="sheen_tint" value="0.500000"/>
            <float name="clearcoat" value="0.000000"/>
            <float name="clearcoat_gloss" value="0.173205"/>
            <float name="specular" value="0.500000"/>
        </bsdf>
    </bsdf>
    <bsdf id="mat-Material.004" name="mat-Material.004" type="twosided">
        <bsdf name="bsdf" type="principled">
            <rgb name="base_color" value="0.433648 0.266232 0.084399"/>
            <float name="spec_tint" value="0.000000"/>
            <float name="spec_trans" value="0.000000"/>
            <float name="metallic" value="0.000000"/>
            <float name="anisotropic" value="0.000000"/>
            <float name="roughness" value="0.500000"/>
            <float name="sheen" value="0.000000"/>
            <float name="sheen_tint" value="0.500000"/>
            <float name="clearcoat" value="0.000000"/>
            <float name="clearcoat_gloss" value="0.173205"/>
            <float name="specular" value="0.500000"/>
        </bsdf>
    </bsdf>
    <bsdf id="mat-Material.005" name="mat-Material.005" type="twosided">
        <bsdf name="bsdf" type="principled">
            <rgb name="base_color" value="0.433648 0.266232 0.084399"/>
            <float name="spec_tint" value="0.000000"/>
            <float name="spec_trans" value="0.000000"/>
            <float name="metallic" value="0.000000"/>
            <float name="anisotropic" value="0.000000"/>
            <float name="roughness" value="0.500000"/>
            <float name="sheen" value="0.000000"/>
            <float name="sheen_tint" value="0.500000"/>
            <float name="clearcoat" value="0.000000"/>
            <float name="clearcoat_gloss" value="0.173205"/>
            <float name="specular" value="0.500000"/>
        </bsdf>
    </bsdf>
    <emitter name="temp45" type="point">
        <point name="position" x="-6.815235034541981e-16" y="3.0693089962005615" z="4.109199523925781"/>
        <rgb name="intensity" value="7.957747 7.957747 7.957747"/>
    </emitter>
    <shape name="temp2" type="ply">
        <string name="filename" value="meshes/Cube.ply"/>
        <boolean name="face_normals" value="true"/>
        <ref id="mat-Material" name="bsdf"/>
        <transform name="to_world">
            <matrix value="0.9999995567588077 0.00018395508767831334 0.0010246508322770403 -0.0018217185694395788 -0.00018212913566194528 0.99999833132745 -0.0017820260119965903 -0.015009699889309669 -0.0010249775276715476 0.0017818377507962699 0.9999978724420252 0.002242688805199622 0.0 0.0 0.0 1.0"/>
            <scale value="1"/>
        </transform>
    </shape>
    <shape name="temp4" type="ply">
        <string name="filename" value="meshes/Plane.ply"/>
        <boolean name="face_normals" value="true"/>
        <ref id="mat-Material.001" name="bsdf"/>
        <transform name="to_world">
            <scale value="1"/>
        </transform>
    </shape>
    <shape name="temp5" type="ply">
        <string name="filename" value="meshes/Cube_001.ply"/>
        <boolean name="face_normals" value="true"/>
        <ref id="mat-Material" name="bsdf"/>
        <transform name="to_world">
            <matrix value="0.9999995567588077 0.000209864774948219 -0.000901675617381865 0.0015490404905107447 -0.0002132513159831001 0.999992908141662 -0.0037567709532547143 -0.01339069464534498 0.0009008832910481235 0.0037569620147552374 0.9999926717447536 -0.001877152179878272 0.0 0.0 0.0 1.0"/>
            <scale value="1"/>
        </transform>
    </shape>
    <shape name="temp6" type="ply">
        <string name="filename" value="meshes/Cube_002.ply"/>
        <boolean name="face_normals" value="true"/>
        <ref id="mat-Material" name="bsdf"/>
        <transform name="to_world">
            <matrix value="1.0 -4.4898555138155655e-05 0.00033561045075388834 -0.000924359491532023 4.586438237885775e-05 0.9999958283186247 -0.0028774985213472076 -0.015894710052119843 -0.0003354795071867127 0.002877511091457857 0.999995981279381 0.0005054065534886298 0.0 0.0 0.0 1.0"/>
            <scale value="1"/>
        </transform>
    </shape>
    <shape name="temp7" type="ply">
        <string name="filename" value="meshes/Cube_003.ply"/>
        <boolean name="face_normals" value="true"/>
        <ref id="mat-Material" name="bsdf"/>
        <transform name="to_world">
            <matrix value="1.0 0.00019125719875767329 0.0007330051850951797 -0.0009962070923372757 -0.00019231171557389983 0.9999989570796561 0.001438460858370357 -0.01769801434298962 -0.0007327308799046855 -0.0014386001505976977 0.9999988180233473 0.0018102019903733502 0.0 0.0 0.0 1.0"/>
            <scale value="1"/>
        </transform>
    </shape>
    <shape name="temp8" type="ply">
        <string name="filename" value="meshes/Cube_004.ply"/>
        <boolean name="face_normals" value="true"/>
        <ref id="mat-Material" name="bsdf"/>
        <transform name="to_world">
            <matrix value="1.0 -0.00034083679756707544 0.0005692068605707245 -0.000562571298902359 0.00034194949887150793 0.9999979141593124 -0.0019572729623786285 -0.01869776573735943 -0.000568536612608971 0.001957467622537926 0.9999978724420252 0.001794282159901718 0.0 0.0 0.0 1.0"/>
            <scale value="1"/>
        </transform>
    </shape>
    <shape name="temp9" type="ply">
        <string name="filename" value="meshes/Cube_005.ply"/>
        <boolean name="face_normals" value="true"/>
        <ref id="mat-Material" name="bsdf"/>
        <transform name="to_world">
            <matrix value="1.0 -0.000478383390033436 0.0005906904682093196 -0.0005347997347411315 0.00048040253392124847 0.9999939510620058 -0.003423288060475599 -0.020070423372550328 -0.0005890498149911263 0.0034235674967617326 0.9999940901167368 0.0013158140269264873 0.0 0.0 0.0 1.0"/>
            <scale value="1"/>
        </transform>
    </shape>
    <shape name="temp10" type="ply">
        <string name="filename" value="meshes/Cube_006.ply"/>
        <boolean name="face_normals" value="true"/>
        <ref id="mat-Material" name="bsdf"/>
        <transform name="to_world">
            <matrix value="1.0 0.00015013297234383834 -0.0007239441520759528 -0.0008777239960529037 -0.0001496679236986882 0.9999997914159312 0.0006425437839611441 -0.016990510071089482 0.0007240389201226183 -0.0006424368459585794 0.9999995272093389 -0.0016674956575452038 0.0 0.0 0.0 1.0"/>
            <scale value="1"/>
        </transform>
    </shape>
    <shape name="temp11" type="ply">
        <string name="filename" value="meshes/Cube_007.ply"/>
        <boolean name="face_normals" value="true"/>
        <ref id="mat-Material" name="bsdf"/>
        <transform name="to_world">
            <matrix value="0.9999982270352306 -0.0020317777828764995 -5.256297453407663e-05 0.0005750155747552554 0.0020320259491123653 0.9999841476107738 0.00522570789763704 -0.0172656764989898 4.194480051486897e-05 -0.005225794340279879 0.9999865254661597 0.0001971515218786024 0.0 0.0 0.0 1.0"/>
            <scale value="1"/>
        </transform>
    </shape>
    <shape name="temp12" type="ply">
        <string name="filename" value="meshes/Cube_008.ply"/>
        <boolean name="face_normals" value="true"/>
        <ref id="mat-Material" name="bsdf"/>
        <transform name="to_world">
            <matrix value="0.9999991135176153 0.001302434384666568 0.00017268418860375936 0.0002943092913709755 -0.0013021185156029764 0.9999974969911749 -0.001814189960668545 -0.01705430881422343 -0.00017504658464931644 0.0018139638690676085 0.9999983452326863 0.00032889953797665683 0.0 0.0 0.0 1.0"/>
            <scale value="1"/>
        </transform>
    </shape>
    <shape name="temp13" type="ply">
        <string name="filename" value="meshes/Cube_009.ply"/>
        <boolean name="face_normals" value="true"/>
        <ref id="mat-Material" name="bsdf"/>
        <transform name="to_world">
            <matrix value="0.9999986702764229 -0.0014679228989848215 0.0006417613154170888 0.0012806481243203827 0.0014673898589961118 0.9999985399115188 0.0008325181634352213 -0.019570764128269358 -0.0006429834032767935 -0.0008315767078342091 0.9999995272093389 0.0011463333549150967 0.0 0.0 0.0 1.0"/>
            <scale value="1"/>
        </transform>
    </shape>
    <shape name="temp14" type="ply">
        <string name="filename" value="meshes/Cube_010.ply"/>
        <boolean name="face_normals" value="true"/>
        <ref id="mat-Material" name="bsdf"/>
        <transform name="to_world">
            <matrix value="0.99999246489973 -0.000251128961272196 0.003945698101414543 0.008045236753583929 0.00025029120946337674 1.0 0.00021261963376689814 -0.017878580563411517 -0.003945759688809224 -0.00021162939616997933 0.9999921989540925 0.006541493996845338 0.0 0.0 0.0 1.0"/>
            <scale value="1"/>
        </transform>
    </shape>
    <shape name="temp15" type="ply">
        <string name="filename" value="meshes/Cube_011.ply"/>
        <boolean name="face_normals" value="true"/>
        <ref id="mat-Material" name="bsdf"/>
        <transform name="to_world">
            <matrix value="0.9999991135176153 -0.0012300181676723895 -0.0005676088281363396 -0.0010736332542862215 0.0012298347419538427 0.9999991656637249 -0.0003240838144372302 -0.020042660370228338 0.0005680091555900693 0.0003233866543741122 0.9999997636046695 -0.0008934624496965693 0.0 0.0 0.0 1.0"/>
            <scale value="1"/>
        </transform>
    </shape>
    <shape name="temp16" type="ply">
        <string name="filename" value="meshes/Cube_012.ply"/>
        <boolean name="face_normals" value="true"/>
        <ref id="mat-Material" name="bsdf"/>
        <transform name="to_world">
            <matrix value="0.999997340552846 -0.00233995031527482 -0.00017836405921041123 -0.00035996476444921655 0.0023394624725412085 0.9999935338938684 -0.0026990909653959788 -0.02417581071771996 0.00018467865900036702 0.002698658595853766 0.999996454070042 -0.00037463650472724375 0.0 0.0 0.0 1.0"/>
            <scale value="1"/>
        </transform>
    </shape>
    <shape name="temp17" type="ply">
        <string name="filename" value="meshes/Cube_013.ply"/>
        <boolean name="face_normals" value="true"/>
        <ref id="mat-Material" name="bsdf"/>
        <transform name="to_world">
            <matrix value="0.9999982270352306 -0.0018397219157195214 0.00027533436937526856 -0.0001404889678429111 0.001841011157267294 0.9999868592036677 -0.00476485520076819 -0.024771862165856084 -0.00026656569632304834 0.004765355437682381 0.9999886530241345 -2.5973597724826547e-05 0.0 0.0 0.0 1.0"/>
            <scale value="1"/>
        </transform>
    </shape>
    <shape name="temp18" type="ply">
        <string name="filename" value="meshes/Cube_014.ply"/>
        <boolean name="face_normals" value="true"/>
        <ref id="mat-Material" name="bsdf"/>
        <transform name="to_world">
            <matrix value="1.0 -0.0001720899915106284 -6.988295121604122e-05 -0.000296721078320461 0.00017202811212938386 0.9999995828318625 -0.0008854754453806224 -0.01861175132340609 7.003521108032062e-05 0.000885464401999904 0.9999995272093389 8.737035022354789e-05 0.0 0.0 0.0 1.0"/>
            <scale value="1"/>
        </transform>
    </shape>
    <shape name="temp19" type="ply">
        <string name="filename" value="meshes/Cube_015.ply"/>
        <boolean name="face_normals" value="true"/>
        <ref id="mat-Material" name="bsdf"/>
        <transform name="to_world">
            <matrix value="1.0 -0.00019664200507693623 -9.788303253603491e-05 0.0001503344323332545 0.00019661292810450564 1.0 -0.0002961135189288833 -0.018109650556788925 9.794123330975291e-05 0.00029609551481676936 1.0 -0.0001920433466489624 0.0 0.0 0.0 1.0"/>
            <scale value="1"/>
        </transform>
    </shape>
    <shape name="temp20" type="ply">
        <string name="filename" value="meshes/Cube_016.ply"/>
        <boolean name="face_normals" value="true"/>
        <ref id="mat-Material" name="bsdf"/>
        <transform name="to_world">
            <matrix value="1.0 -0.0005790815209115958 0.00039248953123278746 0.0007122538613107965 0.0005797328851278396 0.99999833132745 -0.0016618875410677788 -0.0184329900304257 -0.000391526469477525 0.0016621146670059634 0.9999985816280168 0.0006458376991908543 0.0 0.0 0.0 1.0"/>
            <scale value="1"/>
        </transform>
    </shape>
    <shape name="temp21" type="ply">
        <string name="filename" value="meshes/Cube_017.ply"/>
        <boolean name="face_normals" value="true"/>
        <ref id="mat-Material" name="bsdf"/>
        <transform name="to_world">
            <matrix value="0.9999995567588077 0.000687451373838969 0.0005552477163029094 0.0002568419961328505 -0.0006884244903169528 0.9999981227433812 0.0017563392953811663 -0.017632998114764042 -0.0005540381932070628 -0.0017567200572354683 0.9999983452326863 0.00034636363565937467 0.0 0.0 0.0 1.0"/>
            <scale value="1"/>
        </transform>
    </shape>
    <shape name="temp22" type="ply">
        <string name="filename" value="meshes/Cube_018.ply"/>
        <boolean name="face_normals" value="true"/>
        <ref id="mat-Material" name="bsdf"/>
        <transform name="to_world">
            <matrix value="0.9999942378644994 0.0033804072812526724 4.9753416030723824e-05 0.00035237080503780494 -0.003380600574085993 0.999983939026705 0.004530611067745701 -0.017876301304119435 -3.443722552289163e-05 -0.004530754678019203 0.9999898350007872 0.00021814303559147818 0.0 0.0 0.0 1.0"/>
            <scale value="1"/>
        </transform>
    </shape>
    <shape name="temp23" type="ply">
        <string name="filename" value="meshes/Cube_019.ply"/>
        <boolean name="face_normals" value="true"/>
        <ref id="mat-Material" name="bsdf"/>
        <transform name="to_world">
            <matrix value="0.9999135679674909 0.011863690311061421 -0.005692541396368306 0.0029978019859036587 -0.011818166506213354 0.999898419558511 0.007965600697082551 -0.018318335502283678 0.005786465009653793 -0.007897629024890336 0.9999522481432328 -0.0007953621262961619 0.0 0.0 0.0 1.0"/>
            <scale value="1"/>
        </transform>
    </shape>
    <shape name="temp24" type="ply">
        <string name="filename" value="meshes/Cube_020.ply"/>
        <boolean name="face_normals" value="true"/>
        <ref id="mat-Material" name="bsdf"/>
        <transform name="to_world">
            <matrix value="0.999949421731692 -0.0008282633757175874 0.00999205319634869 -0.007845742005528539 0.0007448176475389662 0.9999649001949843 0.008352012495445534 -0.015746413118287006 -0.009998620458358367 -0.008344147057405011 0.9999153704636767 -0.0009582859173848934 0.0 0.0 0.0 1.0"/>
            <scale value="1"/>
        </transform>
    </shape>
    <shape name="temp25" type="ply">
        <string name="filename" value="meshes/Cube_021.ply"/>
        <boolean name="face_normals" value="true"/>
        <ref id="mat-Material" name="bsdf"/>
        <transform name="to_world">
            <matrix value="0.9993679380597028 0.023310854923522653 0.026848197792918638 -0.016344180181468382 -0.023590098523652236 0.9996704371713497 0.010131501994467404 -0.01919425197384228 -0.026603181230685766 -0.010758436704121414 0.9995881993342162 -0.0133393943079122 0.0 0.0 0.0 1.0"/>
            <scale value="1"/>
        </transform>
    </shape>
    <shape name="temp26" type="ply">
        <string name="filename" value="meshes/Cube_022.ply"/>
        <boolean name="face_normals" value="true"/>
        <ref id="mat-Material" name="bsdf"/>
        <transform name="to_world">
            <matrix value="0.998728784260328 0.04851648752771561 0.01369341227676598 0.0246437750052676 -0.04837450157527919 0.9987739428437935 -0.010516471790236022 -0.025255175366225735 -0.014186843005742633 0.00984069600332066 0.999851070941766 0.053005768790552354 0.0 0.0 0.0 1.0"/>
            <scale value="1"/>
        </transform>
    </shape>
    <shape name="temp27" type="ply">
        <string name="filename" value="meshes/Cube_023.ply"/>
        <boolean name="face_normals" value="true"/>
        <ref id="mat-Material" name="bsdf"/>
        <transform name="to_world">
            <matrix value="0.9944807606728047 0.10398120240372281 0.014005454113065996 0.07260335712471688 -0.10154385339708916 0.9874555455203443 -0.12091408400828141 -0.06364142700600706 -0.026402556969790453 0.11882454533887611 0.9925641848781689 0.13511603914727635 0.0 0.0 0.0 1.0"/>
            <scale value="1"/>
        </transform>
    </shape>
    <shape name="temp28" type="ply">
        <string name="filename" value="meshes/Cube_024.ply"/>
        <boolean name="face_normals" value="true"/>
        <ref id="mat-Material" name="bsdf"/>
        <transform name="to_world">
            <matrix value="0.9694460548874434 0.23081996483272602 0.08304818540580332 0.03808981676304268 -0.18065331978788252 0.9008101405230872 -0.39484875663148 -0.23618134161074011 -0.16594967971391442 0.367781478986198 0.9149849108860522 -0.0412865797984083 0.0 0.0 0.0 1.0"/>
            <scale value="1"/>
        </transform>
    </shape>
    <shape name="temp29" type="ply">
        <string name="filename" value="meshes/Cube_025.ply"/>
        <boolean name="face_normals" value="true"/>
        <ref id="mat-Material" name="bsdf"/>
        <transform name="to_world">
            <matrix value="0.9384417767234547 0.3453918564607873 0.005670367514364562 -0.05140422667417821 -0.2516295762436905 0.694748061732541 -0.6738009201451846 -0.5940760354374566 -0.23666482278330647 0.6308956808496882 0.7388911924300542 -0.35631094209170916 0.0 0.0 0.0 1.0"/>
            <scale value="1"/>
        </transform>
    </shape>
    <shape name="temp30" type="ply">
        <string name="filename" value="meshes/Cube_026.ply"/>
        <boolean name="face_normals" value="true"/>
        <ref id="mat-Material" name="bsdf"/>
        <transform name="to_world">
            <matrix value="0.926101941928312 0.3641531591100135 -0.09863136559436168 -0.08227440281998344 -0.3179340705320845 0.6125515463379939 -0.7236701698878683 -0.9616744336874701 -0.20311009047439219 0.7015504053831377 0.6830617072187096 -0.4228034725928914 0.0 0.0 0.0 1.0"/>
            <scale value="1"/>
        </transform>
    </shape>
    <shape name="temp31" type="ply">
        <string name="filename" value="meshes/Cube_027.ply"/>
        <boolean name="face_normals" value="true"/>
        <ref id="mat-Material" name="bsdf"/>
        <transform name="to_world">
            <matrix value="0.8331210208021956 0.48618547712562815 -0.26369142655598954 -0.40216105409575853 -0.5117286051908863 0.496671624014701 -0.7010357897802516 -1.4787481028479819 -0.20986548516294434 0.7189859476912873 0.6625825433395379 -0.5957441329820152 0.0 0.0 0.0 1.0"/>
            <scale value="1"/>
        </transform>
    </shape>
    <shape name="temp32" type="ply">
        <string name="filename" value="meshes/Cube_028.ply"/>
        <boolean name="face_normals" value="true"/>
        <ref id="mat-Material" name="bsdf"/>
        <transform name="to_world">
            <matrix value="-0.14580551994851312 0.9743969313111804 0.17114745347858093 -1.493175111978287 -0.7550759981348412 0.0021714331602780846 -0.6556339389939299 -2.106158851290535 -0.6392193990713211 -0.22482442436011624 0.7354270552564629 -1.4058613743779897 0.0 0.0 0.0 1.0"/>
            <scale value="1"/>
        </transform>
    </shape>
    <shape name="temp33" type="ply">
        <string name="filename" value="meshes/Cube_029.ply"/>
        <boolean name="face_normals" value="true"/>
        <ref id="mat-Material" name="bsdf"/>
        <transform name="to_world">
            <matrix value="0.07056811996588816 0.9893415626701264 0.12737117518265087 -1.5794741982068026 -0.9971628131277404 0.06661078004184197 0.03507106752821733 -1.846423607035927 0.02621297384699669 -0.129484630482893 0.991234933934597 -0.09782313359724437 0.0 0.0 0.0 1.0"/>
            <scale value="1"/>
        </transform>
    </shape>
    <shape name="temp34" type="ply">
        <string name="filename" value="meshes/Cube_030.ply"/>
        <boolean name="face_normals" value="true"/>
        <ref id="mat-Material" name="bsdf"/>
        <transform name="to_world">
            <matrix value="0.09373658906401011 0.9741795062311077 -0.20539603611783422 -2.9055745125300687 -0.9583726450480258 0.14417595100243308 0.24644431641482786 -1.8340641720392497 0.2696942634660123 0.17374508654093962 0.9471419218237925 0.3794991112998971 0.0 0.0 0.0 1.0"/>
            <scale value="1"/>
        </transform>
    </shape>
    <shape name="temp35" type="ply">
        <string name="filename" value="meshes/Cube_031.ply"/>
        <boolean name="face_normals" value="true"/>
        <ref id="mat-Material" name="bsdf"/>
        <transform name="to_world">
            <matrix value="0.12060987328620794 0.9866351843778876 0.10956346765473611 -2.0009501545047645 -0.6492437418776051 -0.005092830339804307 0.7605634435424123 -0.6402219550994932 0.7509569577342928 -0.16286483960928033 0.6399524183478709 0.8032009135126637 0.0 0.0 0.0 1.0"/>
            <scale value="1"/>
        </transform>
    </shape>
    <shape name="temp36" type="ply">
        <string name="filename" value="meshes/Cube_032.ply"/>
        <boolean name="face_normals" value="true"/>
        <ref id="mat-Material" name="bsdf"/>
        <transform name="to_world">
            <matrix value="0.9066121834593024 0.41004520016770163 0.09958685188083216 -0.21391328642305307 -0.10402693488077698 -0.011529989174486832 0.9945078272857892 0.8490663011388627 0.40894150457336265 -0.9119923324496322 0.03220252838989722 -0.6518600578521407 0.0 0.0 0.0 1.0"/>
            <scale value="1"/>
        </transform>
    </shape>
    <shape name="temp37" type="ply">
        <string name="filename" value="meshes/Cube_033.ply"/>
        <boolean name="face_normals" value="true"/>
        <ref id="mat-Material" name="bsdf"/>
        <transform name="to_world">
            <matrix value="0.9812947784414576 0.15380067289220584 0.11578562914962454 -0.1263214700740365 -0.13527379894934108 0.12294272490055755 0.9831511592117823 0.3460592409019585 0.13697433810792745 -0.9804235508100363 0.14144823344133448 -0.3867183780186563 0.0 0.0 0.0 1.0"/>
            <scale value="1"/>
        </transform>
    </shape>
    <shape name="temp38" type="ply">
        <string name="filename" value="meshes/Cube_034.ply"/>
        <boolean name="face_normals" value="true"/>
        <ref id="mat-Material" name="bsdf"/>
        <transform name="to_world">
            <matrix value="0.9999255354796844 0.004681444152658508 0.011287782474690334 -0.037871867097654555 -0.011958270614704615 0.18468461045882237 0.9827251748261666 0.36999917861878207 0.0025158946291578242 -0.9827865997250862 0.1847268286478991 -0.32843530070495697 0.0 0.0 0.0 1.0"/>
            <scale value="1"/>
        </transform>
    </shape>
    <shape name="temp39" type="ply">
        <string name="filename" value="meshes/Cube_035.ply"/>
        <boolean name="face_normals" value="true"/>
        <ref id="mat-Material" name="bsdf"/>
        <transform name="to_world">
            <matrix value="0.9992225549486107 -0.03939110138645831 0.00173714635849541 0.0018677423916120262 0.0068695337279952905 0.2173024656722769 0.9760801020849595 0.0921881098627051 -0.03882635937641283 -0.9753090694438941 0.21740415705916644 -0.1219895666411564 0.0 0.0 0.0 1.0"/>
            <scale value="1"/>
        </transform>
    </shape>
    <shape name="temp40" type="ply">
        <string name="filename" value="meshes/Cube_036.ply"/>
        <boolean name="face_normals" value="true"/>
        <ref id="mat-Material" name="bsdf"/>
        <transform name="to_world">
            <matrix value="0.9998630384715625 -0.01646004467870753 0.00191743562127766 -0.00027620369295178193 0.0017236630515915017 0.2183820968122097 0.97586190919488 -0.24781855940858016 -0.016481467199265284 -0.9757245689088759 0.21838044613472357 0.23337356653078062 0.0 0.0 0.0 1.0"/>
            <scale value="1"/>
        </transform>
    </shape>
    <shape name="temp41" type="ply">
        <string name="filename" value="meshes/Cube_037.ply"/>
        <boolean name="face_normals" value="true"/>
        <ref id="mat-Material" name="bsdf"/>
        <transform name="to_world">
            <matrix value="0.9991910848239535 -0.040175586069087214 0.0018409310004581343 -0.0011621009037416918 0.006967117708904007 0.21799517336464877 0.9759250267481315 -0.5680221641192849 -0.039609681806012834 -0.9751225952864172 0.21809880473792975 0.5032658211063269 0.0 0.0 0.0 1.0"/>
            <scale value="1"/>
        </transform>
    </shape>
    <shape name="temp42" type="ply">
        <string name="filename" value="meshes/Cube_038.ply"/>
        <boolean name="face_normals" value="true"/>
        <ref id="mat-Material" name="bsdf"/>
        <transform name="to_world">
            <matrix value="0.9994588025041354 -0.03284001810509717 0.002019142348285023 0.0005029297389911314 0.0051901371742842095 0.21796263424992127 0.9759434655839131 -0.9031468945547516 -0.032490097991762806 -0.9754043923633202 0.21801504987232287 0.8365238799147146 0.0 0.0 0.0 1.0"/>
            <scale value="1"/>
        </transform>
    </shape>
    <shape name="temp43" type="ply">
        <string name="filename" value="meshes/Cube_039.ply"/>
        <boolean name="face_normals" value="true"/>
        <ref id="mat-Material" name="bsdf"/>
        <transform name="to_world">
            <matrix value="0.999955346410915 0.0005215718077994625 -0.009422785440470928 0.018783405007922305 0.008267850337728474 0.43299377120657007 0.901358978865863 -1.319306803044304 0.004550137644442198 -0.9013968009298209 0.43297014722259586 1.4564367891991858 0.0 0.0 0.0 1.0"/>
            <scale value="1"/>
        </transform>
    </shape>
    <shape name="temp47" type="ply">
        <string name="filename" value="meshes/Plane_001.ply"/>
        <boolean name="face_normals" value="true"/>
        <ref id="mat-Material.002" name="bsdf"/>
        <transform name="to_world">
            <scale value="1"/>
        </transform>
    </shape>
    <shape name="temp49" type="ply">
        <string name="filename" value="meshes/Plane_002.ply"/>
        <boolean name="face_normals" value="true"/>
        <ref id="mat-Material.003" name="bsdf"/>
        <transform name="to_world">
            <scale value="1"/>
        </transform>
    </shape>
    <shape name="temp51" type="ply">
        <string name="filename" value="meshes/Plane_003.ply"/>
        <boolean name="face_normals" value="true"/>
        <ref id="mat-Material.004" name="bsdf"/>
        <transform name="to_world">
            <scale value="1"/>
        </transform>
    </shape>
    <shape name="temp53" type="ply">
        <string name="filename" value="meshes/Plane_004.ply"/>
        <boolean name="face_normals" value="true"/>
        <ref id="mat-Material.005" name="bsdf"/>
        <transform name="to_world">
            <scale value="1"/>
        </transform>
    </shape>
    <emitter type="point">
        <rgb name="intensity" value="100"/>
        <animation name="to_world">
            <transform time="0">
                <rotate angle="-142.5518126578256" x="1"/>
                <rotate angle="3.976628485794621e-06" y="1"/>
                <rotate angle="-179.999991348578" z="1"/>
                <translate value="-0.000000 3.030926 4.073377"/>
                <translate x="8.4" y="0.0" z="0.0"/>
            </transform>
            <transform time="0.0015">
                <rotate angle="-142.5518126578256" x="1"/>
                <rotate angle="3.976628485794621e-06" y="1"/>
                <rotate angle="-179.999991348578" z="1"/>
                <translate value="-0.000000 3.030926 4.073377"/>
                <translate x="8.549999999999999" y="0.0" z="0.0"/>
            </transform>
        </animation>
    </emitter>
</scene>
