
<scene version="2.1.0">
    <default name="spp" value="1024"/>
    <default name="resx" value="640"/>
    <default name="resy" value="360"/>
    <integrator name="temp0" type="path">
        <integer name="max_depth" value="12"/>
    </integrator>
    <sensor name="temp44" type="perspective">
        <string name="fov_axis" value="x"/>
        <float name="fov" value="83.974423"/>
        <float name="principal_point_offset_x" value="0.000000"/>
        <float name="principal_point_offset_y" value="-0.000000"/>
        <float name="near_clip" value="0.100000"/>
        <float name="far_clip" value="1000.000000"/>
        <sampler name="sampler" type="independent">
            <integer name="sample_count" value="$spp"/>
        </sampler>
        <film name="film" type="hdrfilm">
            <integer name="width" value="$resx"/>
            <integer name="height" value="$resy"/>
        </film>
        <float name="shutter_open" value="0.0"/>
        <float name="shutter_close" value="0.0015"/>
        <animation name="to_world">
            <transform time="0">
                <rotate angle="-142.5518126578256" x="1"/>
                <rotate angle="3.976628485794621e-06" y="1"/>
                <rotate angle="-179.999991348578" z="1"/>
                <translate value="-0.000000 3.030926 4.073377"/>
                <translate x="10.5" y="0.0" z="0.0"/>
            </transform>
            <transform time="0.0015">
                <rotate angle="-142.5518126578256" x="1"/>
                <rotate angle="3.976628485794621e-06" y="1"/>
                <rotate angle="-179.999991348578" z="1"/>
                <translate value="-0.000000 3.030926 4.073377"/>
                <translate x="10.65" y="0.0" z="0.0"/>
            </transform>
        </animation>
    </sensor>
    <bsdf id="mat-Material" name="mat-Material" type="twosided">
        <bsdf name="bsdf" type="diffuse">
            <texture name="reflectance" type="bitmap">
                <string name="filename" value="textures/siggraph_2023_logo.jpg"/>
            </texture>
        </bsdf>
    </bsdf>
    <bsdf id="mat-Material.001" name="mat-Material.001" type="twosided">
        <bsdf name="bsdf" type="principled">
            <rgb name="base_color" value="0.433648 0.266232 0.084399"/>
            <float name="spec_tint" value="0.000000"/>
            <float name="spec_trans" value="0.000000"/>
            <float name="metallic" value="0.000000"/>
            <float name="anisotropic" value="0.000000"/>
            <float name="roughness" value="0.500000"/>
            <float name="sheen" value="0.000000"/>
            <float name="sheen_tint" value="0.500000"/>
            <float name="clearcoat" value="0.000000"/>
            <float name="clearcoat_gloss" value="0.173205"/>
            <float name="specular" value="0.500000"/>
        </bsdf>
    </bsdf>
    <bsdf id="mat-Material.002" name="mat-Material.002" type="twosided">
        <bsdf name="bsdf" type="principled">
            <rgb name="base_color" value="0.433648 0.266232 0.084399"/>
            <float name="spec_tint" value="0.000000"/>
            <float name="spec_trans" value="0.000000"/>
            <float name="metallic" value="0.000000"/>
            <float name="anisotropic" value="0.000000"/>
            <float name="roughness" value="0.500000"/>
            <float name="sheen" value="0.000000"/>
            <float name="sheen_tint" value="0.500000"/>
            <float name="clearcoat" value="0.000000"/>
            <float name="clearcoat_gloss" value="0.173205"/>
            <float name="specular" value="0.500000"/>
        </bsdf>
    </bsdf>
    <bsdf id="mat-Material.003" name="mat-Material.003" type="twosided">
        <bsdf name="bsdf" type="principled">
            <rgb name="base_color" value="0.433648 0.266232 0.084399"/>
            <float name="spec_tint" value="0.000000"/>
            <float name="spec_trans" value="0.000000"/>
            <float name="metallic" value="0.000000"/>
            <float name="anisotropic" value="0.000000"/>
            <float name="roughness" value="0.500000"/>
            <float name="sheen" value="0.000000"/>
            <float name="sheen_tint" value="0.500000"/>
            <float name="clearcoat" value="0.000000"/>
            <float name="clearcoat_gloss" value="0.173205"/>
            <float name="specular" value="0.500000"/>
        </bsdf>
    </bsdf>
    <bsdf id="mat-Material.004" name="mat-Material.004" type="twosided">
        <bsdf name="bsdf" type="principled">
            <rgb name="base_color" value="0.433648 0.266232 0.084399"/>
            <float name="spec_tint" value="0.000000"/>
            <float name="spec_trans" value="0.000000"/>
            <float name="metallic" value="0.000000"/>
            <float name="anisotropic" value="0.000000"/>
            <float name="roughness" value="0.500000"/>
            <float name="sheen" value="0.000000"/>
            <float name="sheen_tint" value="0.500000"/>
            <float name="clearcoat" value="0.000000"/>
            <float name="clearcoat_gloss" value="0.173205"/>
            <float name="specular" value="0.500000"/>
        </bsdf>
    </bsdf>
    <bsdf id="mat-Material.005" name="mat-Material.005" type="twosided">
        <bsdf name="bsdf" type="principled">
            <rgb name="base_color" value="0.433648 0.266232 0.084399"/>
            <float name="spec_tint" value="0.000000"/>
            <float name="spec_trans" value="0.000000"/>
            <float name="metallic" value="0.000000"/>
            <float name="anisotropic" value="0.000000"/>
            <float name="roughness" value="0.500000"/>
            <float name="sheen" value="0.000000"/>
            <float name="sheen_tint" value="0.500000"/>
            <float name="clearcoat" value="0.000000"/>
            <float name="clearcoat_gloss" value="0.173205"/>
            <float name="specular" value="0.500000"/>
        </bsdf>
    </bsdf>
    <emitter name="temp45" type="point">
        <point name="position" x="-6.815235034541981e-16" y="3.0693089962005615" z="4.109199523925781"/>
        <rgb name="intensity" value="7.957747 7.957747 7.957747"/>
    </emitter>
    <shape name="temp2" type="ply">
        <string name="filename" value="meshes/Cube.ply"/>
        <boolean name="face_normals" value="true"/>
        <ref id="mat-Material" name="bsdf"/>
        <transform name="to_world">
            <matrix value="0.9999995567588077 0.00021294764748458042 0.0011741732427907696 -0.001953336172036302 -0.0002136679627039131 0.9999997914159312 0.0006139966838463034 -0.018100704951724333 -0.0011740439730722112 -0.0006142467090648552 0.9999992908140084 0.002748174341898668 0.0 0.0 0.0 1.0"/>
            <scale value="1"/>
        </transform>
    </shape>
    <shape name="temp4" type="ply">
        <string name="filename" value="meshes/Plane.ply"/>
        <boolean name="face_normals" value="true"/>
        <ref id="mat-Material.001" name="bsdf"/>
        <transform name="to_world">
            <scale value="1"/>
        </transform>
    </shape>
    <shape name="temp5" type="ply">
        <string name="filename" value="meshes/Cube_001.ply"/>
        <boolean name="face_normals" value="true"/>
        <ref id="mat-Material" name="bsdf"/>
        <transform name="to_world">
            <matrix value="0.9999991135176153 0.00020594860905713745 -0.0014071904840478066 0.002055133996798464 -0.00021097349949559152 0.9999935338938684 -0.0035715552117842127 -0.013586833567703571 0.0014064441950474003 0.003571849911247479 0.9999926717447536 -0.0030900232336368294 0.0 0.0 0.0 1.0"/>
            <scale value="1"/>
        </transform>
    </shape>
    <shape name="temp6" type="ply">
        <string name="filename" value="meshes/Cube_002.ply"/>
        <boolean name="face_normals" value="true"/>
        <ref id="mat-Material" name="bsdf"/>
        <transform name="to_world">
            <matrix value="1.0 3.060637474630963e-05 0.0003006712209015078 -0.0009156964318006722 -3.095148813797921e-05 0.9999993742477937 0.0011479948238878428 -0.01845693683082872 -0.0003006358738145515 -0.0011480029118336001 0.9999992908140084 0.0009386471208866487 0.0 0.0 0.0 1.0"/>
            <scale value="1"/>
        </transform>
    </shape>
    <shape name="temp7" type="ply">
        <string name="filename" value="meshes/Cube_003.ply"/>
        <boolean name="face_normals" value="true"/>
        <ref id="mat-Material" name="bsdf"/>
        <transform name="to_world">
            <matrix value="0.9999995567588077 -0.0004955477730521898 0.001138234060690246 -0.0013186577282753298 0.0005008935742437862 0.9999887364602866 -0.004701903124247967 -0.01733018703254524 -0.0011358897712343558 0.004702467340949434 0.9999884166288039 0.003116012862293238 0.0 0.0 0.0 1.0"/>
            <scale value="1"/>
        </transform>
    </shape>
    <shape name="temp8" type="ply">
        <string name="filename" value="meshes/Cube_004.ply"/>
        <boolean name="face_normals" value="true"/>
        <ref id="mat-Material" name="bsdf"/>
        <transform name="to_world">
            <matrix value="1.0 -1.4791113484334293e-05 0.0007781661490396912 -0.0005232345463523913 1.528566008364848e-05 0.9999997914159312 -0.0006355252065976991 -0.017840966292591576 -0.0007781586697090742 0.0006355368849638003 0.9999995272093389 0.002416995496457349 0.0 0.0 0.0 1.0"/>
            <scale value="1"/>
        </transform>
    </shape>
    <shape name="temp9" type="ply">
        <string name="filename" value="meshes/Cube_005.ply"/>
        <boolean name="face_normals" value="true"/>
        <ref id="mat-Material" name="bsdf"/>
        <transform name="to_world">
            <matrix value="1.0 0.00023703284990498998 0.000774577667922241 -0.0005919244728480599 -0.00023930547651087626 0.999995619734556 0.0029343988774058545 -0.015968013496538258 -0.000773876959790932 -0.002934581778512921 0.9999955084887199 0.002196631132790783 0.0 0.0 0.0 1.0"/>
            <scale value="1"/>
        </transform>
    </shape>
    <shape name="temp10" type="ply">
        <string name="filename" value="meshes/Cube_006.ply"/>
        <boolean name="face_normals" value="true"/>
        <ref id="mat-Material" name="bsdf"/>
        <transform name="to_world">
            <matrix value="0.9999995567588077 -0.00017401960273078263 -0.0010396713915789364 -0.0010333574308245552 0.00017564363053541762 0.9999987484955875 0.0015620530650782161 -0.01718715103213958 0.0010394005960707555 -0.0015622341856773663 0.9999983452326863 -0.0022298303410864806 0.0 0.0 0.0 1.0"/>
            <scale value="1"/>
        </transform>
    </shape>
    <shape name="temp11" type="ply">
        <string name="filename" value="meshes/Cube_007.ply"/>
        <boolean name="face_normals" value="true"/>
        <ref id="mat-Material" name="bsdf"/>
        <transform name="to_world">
            <matrix value="0.9999991135176153 0.0013508592620712816 -5.8342131179551235e-05 0.00045491250948348494 -0.0013511010997700466 0.999989362212493 -0.004375275696054231 -0.018711351530823317 5.243100064358621e-05 0.004375338688381659 0.9999905441867787 -0.00022229764912129468 0.0 0.0 0.0 1.0"/>
            <scale value="1"/>
        </transform>
    </shape>
    <shape name="temp12" type="ply">
        <string name="filename" value="meshes/Cube_008.ply"/>
        <boolean name="face_normals" value="true"/>
        <ref id="mat-Material" name="bsdf"/>
        <transform name="to_world">
            <matrix value="0.9999977837940383 -0.002214155349242736 0.00011518929828882876 0.00028863934850198447 0.002213856783451856 0.9999943682301434 0.0025168301655571056 -0.01952336483735173 -0.00012076150609811233 -0.002516558446298989 0.9999969268607032 0.0002532984710086339 0.0 0.0 0.0 1.0"/>
            <scale value="1"/>
        </transform>
    </shape>
    <shape name="temp13" type="ply">
        <string name="filename" value="meshes/Cube_009.ply"/>
        <boolean name="face_normals" value="true"/>
        <ref id="mat-Material" name="bsdf"/>
        <transform name="to_world">
            <matrix value="0.9999986702764229 -0.0014950555146499022 0.0007660059732372119 0.0014218162354810993 0.0014944364365535691 0.9999985399115188 0.0008100369675017883 -0.019651787344793226 -0.0007672150446698474 -0.0008088911045152193 0.9999995272093389 0.00134046888901862 0.0 0.0 0.0 1.0"/>
            <scale value="1"/>
        </transform>
    </shape>
    <shape name="temp14" type="ply">
        <string name="filename" value="meshes/Cube_010.ply"/>
        <boolean name="face_normals" value="true"/>
        <ref id="mat-Material" name="bsdf"/>
        <transform name="to_world">
            <matrix value="0.9999889189701912 0.0004395846674022732 0.004760576445285591 0.009708520670731247 -0.0004408423710212454 0.9999997914159312 0.0002631671017128733 -0.016594099328175793 -0.004760454730004061 -0.00026526261777177985 0.9999886530241345 0.007913407256536331 0.0 0.0 0.0 1.0"/>
            <scale value="1"/>
        </transform>
    </shape>
    <shape name="temp15" type="ply">
        <string name="filename" value="meshes/Cube_011.ply"/>
        <boolean name="face_normals" value="true"/>
        <ref id="mat-Material" name="bsdf"/>
        <transform name="to_world">
            <matrix value="0.999997340552846 -0.002205563771450264 -0.0007148831190567259 -0.0015105691485972628 0.0022050407161359298 0.9999972884071061 -0.0007317806572830328 -0.02202909466236025 0.0007164949550287487 0.0007302006787325598 0.9999995272093389 -0.0011268073443293503 0.0 0.0 0.0 1.0"/>
            <scale value="1"/>
        </transform>
    </shape>
    <shape name="temp16" type="ply">
        <string name="filename" value="meshes/Cube_012.ply"/>
        <boolean name="face_normals" value="true"/>
        <ref id="mat-Material" name="bsdf"/>
        <transform name="to_world">
            <matrix value="0.9999977837940383 0.0021331976146325895 -0.00019527578115655 -0.000511220193523565 -0.0021328189962537256 0.9999958283186247 0.001925366684616952 -0.012509251676956046 0.0001993822990743351 -0.0019249451945359318 0.9999983452326863 -0.00023606985147761606 0.0 0.0 0.0 1.0"/>
            <scale value="1"/>
        </transform>
    </shape>
    <shape name="temp17" type="ply">
        <string name="filename" value="meshes/Cube_013.ply"/>
        <boolean name="face_normals" value="true"/>
        <ref id="mat-Material" name="bsdf"/>
        <transform name="to_world">
            <matrix value="0.9999964540704612 0.0026465980981304612 0.000297966858320241 -0.0002532038592071295 -0.002648246449194808 0.9999803930975361 0.005668618188918638 -0.008575638901069715 -0.00028295764209869384 -0.005669396336846584 0.9999839251175239 0.0001836306608911098 0.0 0.0 0.0 1.0"/>
            <scale value="1"/>
        </transform>
    </shape>
    <shape name="temp18" type="ply">
        <string name="filename" value="meshes/Cube_014.ply"/>
        <boolean name="face_normals" value="true"/>
        <ref id="mat-Material" name="bsdf"/>
        <transform name="to_world">
            <matrix value="0.9999995567588077 0.0012375271941479655 -5.993638128864768e-05 -0.00043213531443475617 -0.0012371748160992294 0.9999837304426362 0.005572027056863951 -0.011925934127430149 6.683102050079163e-05 -0.005571950031600487 0.9999846343035155 0.0003824895563008246 0.0 0.0 0.0 1.0"/>
            <scale value="1"/>
        </transform>
    </shape>
    <shape name="temp19" type="ply">
        <string name="filename" value="meshes/Cube_015.ply"/>
        <boolean name="face_normals" value="true"/>
        <ref id="mat-Material" name="bsdf"/>
        <transform name="to_world">
            <matrix value="1.0 -0.00018053493470275727 -9.430235246449224e-05 2.8763909753926065e-05 0.00018042310031257368 0.9999991656637249 -0.00118329810254924 -0.01852103536108507 9.451586537523913e-05 0.0011832807353839927 0.9999992908140084 -0.0002574794398188529 0.0 0.0 0.0 1.0"/>
            <scale value="1"/>
        </transform>
    </shape>
    <shape name="temp20" type="ply">
        <string name="filename" value="meshes/Cube_016.ply"/>
        <boolean name="face_normals" value="true"/>
        <ref id="mat-Material" name="bsdf"/>
        <transform name="to_world">
            <matrix value="0.9998989410081432 0.0066938236171397705 -0.012541481470624807 0.053308801728571886 -0.006185275704886468 0.9991742156717555 0.04015855507609329 -0.005250064468718396 0.012799928017630363 -0.0400769258045609 0.999114699487164 -0.0945969745249915 0.0 0.0 0.0 1.0"/>
            <scale value="1"/>
        </transform>
    </shape>
    <shape name="temp21" type="ply">
        <string name="filename" value="meshes/Cube_017.ply"/>
        <boolean name="face_normals" value="true"/>
        <ref id="mat-Material" name="bsdf"/>
        <transform name="to_world">
            <matrix value="0.9933549280442249 0.11497929803117499 0.005147390124632346 0.19247786817687162 -0.11489981862570409 0.9880823406469861 0.10242610163769957 0.05957840891452365 0.006690836608885745 -0.10233685075601295 0.9947274385478518 -0.20784022981072073 0.0 0.0 0.0 1.0"/>
            <scale value="1"/>
        </transform>
    </shape>
    <shape name="temp22" type="ply">
        <string name="filename" value="meshes/Cube_018.ply"/>
        <boolean name="face_normals" value="true"/>
        <ref id="mat-Material" name="bsdf"/>
        <transform name="to_world">
            <matrix value="0.7347396489884349 0.6782659572027208 0.010641997710747619 0.40901085080967414 -0.6752775133105331 0.7298306505945689 0.10652373101804595 0.37092286110616157 0.06448459027670661 -0.08545345133629384 0.994253229514808 -0.18333778926530825 0.0 0.0 0.0 1.0"/>
            <scale value="1"/>
        </transform>
    </shape>
    <shape name="temp23" type="ply">
        <string name="filename" value="meshes/Cube_019.ply"/>
        <boolean name="face_normals" value="true"/>
        <ref id="mat-Material" name="bsdf"/>
        <transform name="to_world">
            <matrix value="0.2293833007994298 0.9721865659344672 -0.04729218604690746 0.2564692668525844 -0.9695200761665664 0.2325124159666933 0.07725995117963634 0.23703396306815097 0.0861070923909671 0.028128583735031486 0.9958888488067473 0.002496542898483667 0.0 0.0 0.0 1.0"/>
            <scale value="1"/>
        </transform>
    </shape>
    <shape name="temp24" type="ply">
        <string name="filename" value="meshes/Cube_020.ply"/>
        <boolean name="face_normals" value="true"/>
        <ref id="mat-Material" name="bsdf"/>
        <transform name="to_world">
            <matrix value="0.28188464800011936 0.9593298735235793 0.015071313597816834 -0.18403315641218537 -0.9581802923492003 0.28228474088510225 -0.046961067883751074 -0.07457322145927406 -0.049305556263725646 -0.001203424420333741 0.9987830367986325 0.09938255229800674 0.0 0.0 0.0 1.0"/>
            <scale value="1"/>
        </transform>
    </shape>
    <shape name="temp25" type="ply">
        <string name="filename" value="meshes/Cube_021.ply"/>
        <boolean name="face_normals" value="true"/>
        <ref id="mat-Material" name="bsdf"/>
        <transform name="to_world">
            <matrix value="0.277031640329275 0.9603763273768677 0.030505091719024293 -0.3320338417245528 -0.8334441436314219 0.25597249193301114 -0.48974351579428116 -0.007364474784877645 -0.4781468794933576 0.11025015487367107 0.8713328583363158 0.021032050589090856 0.0 0.0 0.0 1.0"/>
            <scale value="1"/>
        </transform>
    </shape>
    <shape name="temp26" type="ply">
        <string name="filename" value="meshes/Cube_022.ply"/>
        <boolean name="face_normals" value="true"/>
        <ref id="mat-Material" name="bsdf"/>
        <transform name="to_world">
            <matrix value="0.4851749118393268 0.8671286108509605 -0.11266532898428963 -0.26017432199379525 -0.5920080067088986 0.2309157049202896 -0.7721427960177789 -0.025228192479362227 -0.643530806149351 0.4413227984473002 0.6253817193599739 0.028612176504721032 0.0 0.0 0.0 1.0"/>
            <scale value="1"/>
        </transform>
    </shape>
    <shape name="temp27" type="ply">
        <string name="filename" value="meshes/Cube_023.ply"/>
        <boolean name="face_normals" value="true"/>
        <ref id="mat-Material" name="bsdf"/>
        <transform name="to_world">
            <matrix value="0.6984217954105034 0.7019339914855984 -0.13962730384979252 -0.24979750364698455 -0.43338013960324595 0.2595392795089097 -0.86303018153743 -0.22072900493772893 -0.5695516349394621 0.6632706399150646 0.48547208856692897 -0.2530562934294994 0.0 0.0 0.0 1.0"/>
            <scale value="1"/>
        </transform>
    </shape>
    <shape name="temp28" type="ply">
        <string name="filename" value="meshes/Cube_024.ply"/>
        <boolean name="face_normals" value="true"/>
        <ref id="mat-Material" name="bsdf"/>
        <transform name="to_world">
            <matrix value="0.8198676659096107 0.5558154281292303 -0.13742672335741887 -0.1821732923911461 -0.33910366879599735 0.2779868717187119 -0.8987391145860174 -0.4715995868587589 -0.46133030865543667 0.783449062727487 0.41639146310270764 -0.45092490335278856 0.0 0.0 0.0 1.0"/>
            <scale value="1"/>
        </transform>
    </shape>
    <shape name="temp29" type="ply">
        <string name="filename" value="meshes/Cube_025.ply"/>
        <boolean name="face_normals" value="true"/>
        <ref id="mat-Material" name="bsdf"/>
        <transform name="to_world">
            <matrix value="0.8616994399204293 0.4763405176639419 -0.1748541086217632 -0.28072716788033714 -0.3080935841723889 0.21735544602574344 -0.9261938318784776 -0.7735390152006727 -0.4031781279974186 0.8519720580781481 0.3340526055256936 -0.8291848780112536 0.0 0.0 0.0 1.0"/>
            <scale value="1"/>
        </transform>
    </shape>
    <shape name="temp30" type="ply">
        <string name="filename" value="meshes/Cube_026.ply"/>
        <boolean name="face_normals" value="true"/>
        <ref id="mat-Material" name="bsdf"/>
        <transform name="to_world">
            <matrix value="0.8789082792135837 0.41395594287299525 -0.236983245717344 -0.3064391395003232 -0.3473799569878747 0.21502639631390236 -0.9127382096646921 -1.1169702230934782 -0.3268757080778048 0.8845362028938955 0.3327883632980175 -0.9481843139977819 0.0 0.0 0.0 1.0"/>
            <scale value="1"/>
        </transform>
    </shape>
    <shape name="temp31" type="ply">
        <string name="filename" value="meshes/Cube_027.ply"/>
        <boolean name="face_normals" value="true"/>
        <ref id="mat-Material" name="bsdf"/>
        <transform name="to_world">
            <matrix value="0.8256293581690238 0.42284287570683926 -0.37355071932735123 -0.5603183722489542 -0.4915137041311852 0.2139405076519066 -0.8441823818342481 -1.5616579530946195 -0.2770389094848297 0.88058687213588 0.38446863766789385 -1.071939281179589 0.0 0.0 0.0 1.0"/>
            <scale value="1"/>
        </transform>
    </shape>
    <shape name="temp32" type="ply">
        <string name="filename" value="meshes/Cube_028.ply"/>
        <boolean name="face_normals" value="true"/>
        <ref id="mat-Material" name="bsdf"/>
        <transform name="to_world">
            <matrix value="-0.10965290668709123 0.9781474814516617 0.17664579611091857 -1.4321646802737196 -0.8581991642244078 -0.0035074099490429124 -0.5133052747835682 -2.0796635170779503 -0.501468901311462 -0.20788260054273575 0.839829871008524 -1.0681992265562013 0.0 0.0 0.0 1.0"/>
            <scale value="1"/>
        </transform>
    </shape>
    <shape name="temp33" type="ply">
        <string name="filename" value="meshes/Cube_029.ply"/>
        <boolean name="face_normals" value="true"/>
        <ref id="mat-Material" name="bsdf"/>
        <transform name="to_world">
            <matrix value="0.01708422646433593 0.9894193645277761 0.14407411277286522 -1.6444220918424661 -0.9772847753742285 -0.01391901097777954 0.2114737783207516 -1.5094081938065753 0.21124166041696585 -0.1444142437888879 0.9667065544387715 0.22523618789991984 0.0 0.0 0.0 1.0"/>
            <scale value="1"/>
        </transform>
    </shape>
    <shape name="temp34" type="ply">
        <string name="filename" value="meshes/Cube_030.ply"/>
        <boolean name="face_normals" value="true"/>
        <ref id="mat-Material" name="bsdf"/>
        <transform name="to_world">
            <matrix value="-0.044887545348765795 0.9824902883784294 -0.1808253154463192 -3.2085061720919725 -0.9657270772358643 0.003644782110409049 0.2595328777808777 -1.8309059133262664 0.2556475445398063 0.18627772414101462 0.9486542474293201 0.3476770546422274 0.0 0.0 0.0 1.0"/>
            <scale value="1"/>
        </transform>
    </shape>
    <shape name="temp35" type="ply">
        <string name="filename" value="meshes/Cube_031.ply"/>
        <boolean name="face_normals" value="true"/>
        <ref id="mat-Material" name="bsdf"/>
        <transform name="to_world">
            <matrix value="0.10083191939392973 0.9891425734685237 0.10691009554626468 -2.0546042957200847 -0.7175569609256294 -0.0021330495199437657 0.696496763038739 -0.9233130957061502 0.6891624869022227 -0.14694313789701371 0.7095512223766146 0.7227777759537903 0.0 0.0 0.0 1.0"/>
            <scale value="1"/>
        </transform>
    </shape>
    <shape name="temp36" type="ply">
        <string name="filename" value="meshes/Cube_032.ply"/>
        <boolean name="face_normals" value="true"/>
        <ref id="mat-Material" name="bsdf"/>
        <transform name="to_world">
            <matrix value="0.8266762938653647 0.5337511967510946 0.17809031341765713 -0.4475997084364862 -0.2062504986463414 -0.007033980430642669 0.97847407759724 0.522115559834364 0.5235143884955862 -0.8456121212374041 0.10427163998314974 -0.3300401100525605 0.0 0.0 0.0 1.0"/>
            <scale value="1"/>
        </transform>
    </shape>
    <shape name="temp37" type="ply">
        <string name="filename" value="meshes/Cube_033.ply"/>
        <boolean name="face_normals" value="true"/>
        <ref id="mat-Material" name="bsdf"/>
        <transform name="to_world">
            <matrix value="0.9805230955255689 0.14745690131679123 0.12973430110429715 -0.12342279946882728 -0.14681872499011572 0.11155378444505167 0.9828530646999837 0.3099611655753053 0.1304561217814041 -0.9827573979554589 0.13103050398066096 -0.4195697706807545 0.0 0.0 0.0 1.0"/>
            <scale value="1"/>
        </transform>
    </shape>
    <shape name="temp38" type="ply">
        <string name="filename" value="meshes/Cube_034.ply"/>
        <boolean name="face_normals" value="true"/>
        <ref id="mat-Material" name="bsdf"/>
        <transform name="to_world">
            <matrix value="0.9999188868617992 0.005933901794448744 0.011276553696490143 -0.03572658132716766 -0.012168561966005175 0.18206016398879488 0.9832121492070591 0.3695888242695148 0.0037812728823265556 -0.9832694718442795 0.18211759154763768 -0.33098838298204203 0.0 0.0 0.0 1.0"/>
            <scale value="1"/>
        </transform>
    </shape>
    <shape name="temp39" type="ply">
        <string name="filename" value="meshes/Cube_035.ply"/>
        <boolean name="face_normals" value="true"/>
        <ref id="mat-Material" name="bsdf"/>
        <transform name="to_world">
            <matrix value="0.9991551822873728 -0.041042899485423105 0.002124841792425043 0.010122723002355283 0.0067432321502339425 0.21472082065316014 0.9766521787848429 0.09183617120660212 -0.04054088279461799 -0.975812799969964 0.2148161718991197 -0.12761928410948203 0.0 0.0 0.0 1.0"/>
            <scale value="1"/>
        </transform>
    </shape>
    <shape name="temp40" type="ply">
        <string name="filename" value="meshes/Cube_036.ply"/>
        <boolean name="face_normals" value="true"/>
        <ref id="mat-Material" name="bsdf"/>
        <transform name="to_world">
            <matrix value="0.9998413196531372 -0.017683229632287148 0.002263064506139423 0.004998520038702825 0.0016067537546961405 0.2158106724124625 0.9764339858947635 -0.2524463962933784 -0.01775489914489909 -0.9762750222663493 0.21580484808999664 0.2527657423262775 0.0 0.0 0.0 1.0"/>
            <scale value="1"/>
        </transform>
    </shape>
    <shape name="temp41" type="ply">
        <string name="filename" value="meshes/Cube_037.ply"/>
        <boolean name="face_normals" value="true"/>
        <ref id="mat-Material" name="bsdf"/>
        <transform name="to_world">
            <matrix value="0.9990665340489019 -0.04313268241198274 0.002463830332452209 -0.003256853381755853 0.006906672907502655 0.21575185170507047 0.9764238208955506 -0.5684723364060894 -0.042647364399222024 -0.9754951264332333 0.21584834483081425 0.5036197411312655 0.0 0.0 0.0 1.0"/>
            <scale value="1"/>
        </transform>
    </shape>
    <shape name="temp42" type="ply">
        <string name="filename" value="meshes/Cube_038.ply"/>
        <boolean name="face_normals" value="true"/>
        <ref id="mat-Material" name="bsdf"/>
        <transform name="to_world">
            <matrix value="0.9993404571057768 -0.03621755735540431 0.0026766806880617047 0.0025149039225831338 0.005207667363441822 0.2158561437394535 0.9764112919430326 -0.9035585377128509 -0.03594100991619196 -0.9757531449262968 0.21590238480337345 0.84019249827132 0.0 0.0 0.0 1.0"/>
            <scale value="1"/>
        </transform>
    </shape>
    <shape name="temp43" type="ply">
        <string name="filename" value="meshes/Cube_039.ply"/>
        <boolean name="face_normals" value="true"/>
        <ref id="mat-Material" name="bsdf"/>
        <transform name="to_world">
            <matrix value="0.9999654147656245 -0.002605949195649891 -0.00792454232709961 0.01847813167467205 0.008271503724438778 0.43299818392200673 0.9013568253557735 -1.3192960463442946 0.0010824248038654811 -0.9013910119166287 0.4330046173326851 1.4578374310810172 0.0 0.0 0.0 1.0"/>
            <scale value="1"/>
        </transform>
    </shape>
    <shape name="temp47" type="ply">
        <string name="filename" value="meshes/Plane_001.ply"/>
        <boolean name="face_normals" value="true"/>
        <ref id="mat-Material.002" name="bsdf"/>
        <transform name="to_world">
            <scale value="1"/>
        </transform>
    </shape>
    <shape name="temp49" type="ply">
        <string name="filename" value="meshes/Plane_002.ply"/>
        <boolean name="face_normals" value="true"/>
        <ref id="mat-Material.003" name="bsdf"/>
        <transform name="to_world">
            <scale value="1"/>
        </transform>
    </shape>
    <shape name="temp51" type="ply">
        <string name="filename" value="meshes/Plane_003.ply"/>
        <boolean name="face_normals" value="true"/>
        <ref id="mat-Material.004" name="bsdf"/>
        <transform name="to_world">
            <scale value="1"/>
        </transform>
    </shape>
    <shape name="temp53" type="ply">
        <string name="filename" value="meshes/Plane_004.ply"/>
        <boolean name="face_normals" value="true"/>
        <ref id="mat-Material.005" name="bsdf"/>
        <transform name="to_world">
            <scale value="1"/>
        </transform>
    </shape>
    <emitter type="point">
        <rgb name="intensity" value="100"/>
        <animation name="to_world">
            <transform time="0">
                <rotate angle="-142.5518126578256" x="1"/>
                <rotate angle="3.976628485794621e-06" y="1"/>
                <rotate angle="-179.999991348578" z="1"/>
                <translate value="-0.000000 3.030926 4.073377"/>
                <translate x="10.5" y="0.0" z="0.0"/>
            </transform>
            <transform time="0.0015">
                <rotate angle="-142.5518126578256" x="1"/>
                <rotate angle="3.976628485794621e-06" y="1"/>
                <rotate angle="-179.999991348578" z="1"/>
                <translate value="-0.000000 3.030926 4.073377"/>
                <translate x="10.65" y="0.0" z="0.0"/>
            </transform>
        </animation>
    </emitter>
</scene>
