
<scene version="2.1.0">
    <default name="spp" value="1024"/>
    <default name="resx" value="1280"/>
    <default name="resy" value="720"/>
    <integrator name="temp0" type="path">
        <integer name="max_depth" value="12"/>
    </integrator>
    <sensor name="temp44" type="perspective">
        <string name="fov_axis" value="x"/>
        <float name="fov" value="83.974423"/>
        <float name="principal_point_offset_x" value="0.000000"/>
        <float name="principal_point_offset_y" value="-0.000000"/>
        <float name="near_clip" value="0.100000"/>
        <float name="far_clip" value="1000.000000"/>
        <sampler name="sampler" type="independent">
            <integer name="sample_count" value="$spp"/>
        </sampler>
        <film name="film" type="hdrfilm">
            <integer name="width" value="$resx"/>
            <integer name="height" value="$resy"/>
        </film>
        <float name="shutter_open" value="0.0"/>
        <float name="shutter_close" value="0.0015"/>
        <animation name="to_world">
            <transform time="0">
                <rotate angle="-142.5518126578256" x="1"/>
                <rotate angle="3.976628485794621e-06" y="1"/>
                <rotate angle="-179.999991348578" z="1"/>
                <translate value="-0.000000 3.030926 4.073377"/>
                <translate x="34.05" y="0.0" z="0.0"/>
            </transform>
            <transform time="0.0015">
                <rotate angle="-142.5518126578256" x="1"/>
                <rotate angle="3.976628485794621e-06" y="1"/>
                <rotate angle="-179.999991348578" z="1"/>
                <translate value="-0.000000 3.030926 4.073377"/>
                <translate x="34.199999999999996" y="0.0" z="0.0"/>
            </transform>
        </animation>
    </sensor>
    <bsdf id="mat-Material" name="mat-Material" type="twosided">
        <bsdf name="bsdf" type="diffuse">
            <texture name="reflectance" type="bitmap">
                <string name="filename" value="textures/siggraph_2023_logo.jpg"/>
            </texture>
        </bsdf>
    </bsdf>
    <bsdf id="mat-Material.001" name="mat-Material.001" type="twosided">
        <bsdf name="bsdf" type="principled">
            <rgb name="base_color" value="0.433648 0.266232 0.084399"/>
            <float name="spec_tint" value="0.000000"/>
            <float name="spec_trans" value="0.000000"/>
            <float name="metallic" value="0.000000"/>
            <float name="anisotropic" value="0.000000"/>
            <float name="roughness" value="0.500000"/>
            <float name="sheen" value="0.000000"/>
            <float name="sheen_tint" value="0.500000"/>
            <float name="clearcoat" value="0.000000"/>
            <float name="clearcoat_gloss" value="0.173205"/>
            <float name="specular" value="0.500000"/>
        </bsdf>
    </bsdf>
    <bsdf id="mat-Material.002" name="mat-Material.002" type="twosided">
        <bsdf name="bsdf" type="principled">
            <rgb name="base_color" value="0.433648 0.266232 0.084399"/>
            <float name="spec_tint" value="0.000000"/>
            <float name="spec_trans" value="0.000000"/>
            <float name="metallic" value="0.000000"/>
            <float name="anisotropic" value="0.000000"/>
            <float name="roughness" value="0.500000"/>
            <float name="sheen" value="0.000000"/>
            <float name="sheen_tint" value="0.500000"/>
            <float name="clearcoat" value="0.000000"/>
            <float name="clearcoat_gloss" value="0.173205"/>
            <float name="specular" value="0.500000"/>
        </bsdf>
    </bsdf>
    <bsdf id="mat-Material.003" name="mat-Material.003" type="twosided">
        <bsdf name="bsdf" type="principled">
            <rgb name="base_color" value="0.433648 0.266232 0.084399"/>
            <float name="spec_tint" value="0.000000"/>
            <float name="spec_trans" value="0.000000"/>
            <float name="metallic" value="0.000000"/>
            <float name="anisotropic" value="0.000000"/>
            <float name="roughness" value="0.500000"/>
            <float name="sheen" value="0.000000"/>
            <float name="sheen_tint" value="0.500000"/>
            <float name="clearcoat" value="0.000000"/>
            <float name="clearcoat_gloss" value="0.173205"/>
            <float name="specular" value="0.500000"/>
        </bsdf>
    </bsdf>
    <bsdf id="mat-Material.004" name="mat-Material.004" type="twosided">
        <bsdf name="bsdf" type="principled">
            <rgb name="base_color" value="0.433648 0.266232 0.084399"/>
            <float name="spec_tint" value="0.000000"/>
            <float name="spec_trans" value="0.000000"/>
            <float name="metallic" value="0.000000"/>
            <float name="anisotropic" value="0.000000"/>
            <float name="roughness" value="0.500000"/>
            <float name="sheen" value="0.000000"/>
            <float name="sheen_tint" value="0.500000"/>
            <float name="clearcoat" value="0.000000"/>
            <float name="clearcoat_gloss" value="0.173205"/>
            <float name="specular" value="0.500000"/>
        </bsdf>
    </bsdf>
    <bsdf id="mat-Material.005" name="mat-Material.005" type="twosided">
        <bsdf name="bsdf" type="principled">
            <rgb name="base_color" value="0.433648 0.266232 0.084399"/>
            <float name="spec_tint" value="0.000000"/>
            <float name="spec_trans" value="0.000000"/>
            <float name="metallic" value="0.000000"/>
            <float name="anisotropic" value="0.000000"/>
            <float name="roughness" value="0.500000"/>
            <float name="sheen" value="0.000000"/>
            <float name="sheen_tint" value="0.500000"/>
            <float name="clearcoat" value="0.000000"/>
            <float name="clearcoat_gloss" value="0.173205"/>
            <float name="specular" value="0.500000"/>
        </bsdf>
    </bsdf>
    <emitter name="temp45" type="point">
        <point name="position" x="-6.815235034541981e-16" y="3.0693089962005615" z="4.109199523925781"/>
        <rgb name="intensity" value="7.957747 7.957747 7.957747"/>
    </emitter>
    <shape name="temp2" type="ply">
        <string name="filename" value="meshes/Cube.ply"/>
        <boolean name="face_normals" value="true"/>
        <ref id="mat-Material" name="bsdf"/>
        <transform name="to_world">
            <matrix value="0.9999982270352306 0.00023772847777432454 0.001981540125034218 -0.0030619477745756907 -0.00023543199173089232 0.9999989570796561 -0.001151173159106823 -0.01570775063719143 -0.001981804505812665 0.0011507040755241197 0.9999971632560336 0.004617968037818998 0.0 0.0 0.0 1.0"/>
        </transform>
    </shape>
    <shape name="temp4" type="ply">
        <string name="filename" value="meshes/Plane.ply"/>
        <boolean name="face_normals" value="true"/>
        <ref id="mat-Material.001" name="bsdf"/>
    </shape>
    <shape name="temp5" type="ply">
        <string name="filename" value="meshes/Cube_001.ply"/>
        <boolean name="face_normals" value="true"/>
        <ref id="mat-Material" name="bsdf"/>
        <transform name="to_world">
            <matrix value="0.9999982270352306 -0.00016307874257179988 -0.002072190642432678 0.002541351413806847 0.00016909629326255658 0.9999953068584528 0.0029020883636289713 -0.02094137919427791 0.0020717137654757663 -0.0029024379305957375 0.9999933809307451 -0.004412851950908514 0.0 0.0 0.0 1.0"/>
        </transform>
    </shape>
    <shape name="temp6" type="ply">
        <string name="filename" value="meshes/Cube_002.ply"/>
        <boolean name="face_normals" value="true"/>
        <ref id="mat-Material" name="bsdf"/>
        <transform name="to_world">
            <matrix value="0.9997132229485468 -0.0020987812432862003 -0.018806489619171852 0.009576379229192966 0.0004914454449875626 0.9977347770132013 -0.05424712578737375 0.01860787115746873 0.018921139856779907 0.054206341790026764 0.9974508309532263 -0.018153794004917734 0.0 0.0 0.0 1.0"/>
        </transform>
    </shape>
    <shape name="temp7" type="ply">
        <string name="filename" value="meshes/Cube_003.ply"/>
        <boolean name="face_normals" value="true"/>
        <ref id="mat-Material" name="bsdf"/>
        <transform name="to_world">
            <matrix value="0.9994333161355751 -0.018332748950300674 0.023918124950061487 -0.02210761925018523 0.024148617885314 0.9711767061655365 -0.2299437828264466 0.005796845959882807 -0.018762913832139242 0.23045088575224804 0.9710788042745949 0.1582895897686712 0.0 0.0 0.0 1.0"/>
        </transform>
    </shape>
    <shape name="temp8" type="ply">
        <string name="filename" value="meshes/Cube_004.ply"/>
        <boolean name="face_normals" value="true"/>
        <ref id="mat-Material" name="bsdf"/>
        <transform name="to_world">
            <matrix value="0.9954000429057475 -0.056679362483652226 0.07583173333093786 0.0002960726786587209 0.08592370134763053 0.8640460511907022 -0.4922924484457244 -0.21757430340752248 -0.03720214635114986 0.49646523007865706 0.8650627085893299 0.1642691581664788 0.0 0.0 0.0 1.0"/>
        </transform>
    </shape>
    <shape name="temp9" type="ply">
        <string name="filename" value="meshes/Cube_005.ply"/>
        <boolean name="face_normals" value="true"/>
        <ref id="mat-Material" name="bsdf"/>
        <transform name="to_world">
            <matrix value="0.9946711327649209 -0.08808690863809204 0.05323226881364058 0.03364948337204554 0.09889167539851815 0.6804763225794341 -0.724510318892573 -0.4868815965522966 0.027843086412529895 0.7259007181549488 0.6856049663822201 -0.17823675125934818 0.0 0.0 0.0 1.0"/>
        </transform>
    </shape>
    <shape name="temp10" type="ply">
        <string name="filename" value="meshes/Cube_006.ply"/>
        <boolean name="face_normals" value="true"/>
        <ref id="mat-Material" name="bsdf"/>
        <transform name="to_world">
            <matrix value="0.9922813978763428 -0.09495810588978836 -0.07911749840787743 0.0076072275965712866 -0.016570955379795648 0.5304638075353081 -0.8467328510553396 -0.5103974188417661 0.12269680795422916 0.8415660074714814 0.5247748216279033 -0.6739800251728345 0.0 0.0 0.0 1.0"/>
        </transform>
    </shape>
    <shape name="temp11" type="ply">
        <string name="filename" value="meshes/Cube_007.ply"/>
        <boolean name="face_normals" value="true"/>
        <ref id="mat-Material" name="bsdf"/>
        <transform name="to_world">
            <matrix value="0.9663961122428536 0.10449192049609636 -0.23390646593235973 -0.013655935323309665 -0.25356835754316726 0.5319697845117985 -0.8071798935369989 -0.16436231206689236 0.039799889898887816 0.8394719277131051 0.5405590560450777 -0.44978641756871907 0.0 0.0 0.0 1.0"/>
        </transform>
    </shape>
    <shape name="temp12" type="ply">
        <string name="filename" value="meshes/Cube_008.ply"/>
        <boolean name="face_normals" value="true"/>
        <ref id="mat-Material" name="bsdf"/>
        <transform name="to_world">
            <matrix value="0.07437126236864547 0.9875679723334092 -0.13843062340758197 2.383723948789907 -0.7564899375384512 -0.03456967020772887 -0.6527812383427553 1.0303605735397317 -0.6494691300239173 0.15320317339802222 0.7445286300748759 1.3865228454442473 0.0 0.0 0.0 1.0"/>
        </transform>
    </shape>
    <shape name="temp13" type="ply">
        <string name="filename" value="meshes/Cube_009.ply"/>
        <boolean name="face_normals" value="true"/>
        <ref id="mat-Material" name="bsdf"/>
        <transform name="to_world">
            <matrix value="-0.0789229948211699 0.9921844592353726 0.09663330498165335 2.59191060054929 -0.7746362319534348 -1.8274363140692038e-05 -0.6323547906222917 0.7079954662439383 -0.627409680742234 -0.1247708286836468 0.7685841007119755 1.0086109727457357 0.0 0.0 0.0 1.0"/>
        </transform>
    </shape>
    <shape name="temp14" type="ply">
        <string name="filename" value="meshes/Cube_010.ply"/>
        <boolean name="face_normals" value="true"/>
        <ref id="mat-Material" name="bsdf"/>
        <transform name="to_world">
            <matrix value="0.0696916326700672 0.9974163734322301 0.016878614780097972 1.6843828368833043 -0.9701044896786857 0.06382583856010246 0.2337085675814063 2.2095492924773015 0.23203669771127977 -0.032603483771116534 0.9720650455935674 -0.5667748903323543 0.0 0.0 0.0 1.0"/>
        </transform>
    </shape>
    <shape name="temp15" type="ply">
        <string name="filename" value="meshes/Cube_011.ply"/>
        <boolean name="face_normals" value="true"/>
        <ref id="mat-Material" name="bsdf"/>
        <transform name="to_world">
            <matrix value="0.0497974387750941 0.9956999351303546 -0.07805818729223805 1.1744443679804277 -0.8182225762241878 0.0854857088625285 0.5684907009168829 2.250782286720519 0.5727216959471798 0.035549222711467744 0.8189698742518678 -1.2588752377363919 0.0 0.0 0.0 1.0"/>
        </transform>
    </shape>
    <shape name="temp16" type="ply">
        <string name="filename" value="meshes/Cube_012.ply"/>
        <boolean name="face_normals" value="true"/>
        <ref id="mat-Material" name="bsdf"/>
        <transform name="to_world">
            <matrix value="0.0822112460928289 0.98942802076663 0.11945895255120205 1.1370441983728667 -0.8238393286137011 3.6991967427511824e-05 0.5667085165200149 1.8192623964563852 0.560713405563918 -0.14502369515021182 0.8151321142583734 -1.5647129497480603 0.0 0.0 0.0 1.0"/>
        </transform>
    </shape>
    <shape name="temp17" type="ply">
        <string name="filename" value="meshes/Cube_013.ply"/>
        <boolean name="face_normals" value="true"/>
        <ref id="mat-Material" name="bsdf"/>
        <transform name="to_world">
            <matrix value="0.8915366640249491 0.2968599754287967 0.34190743137088964 0.5714199446678008 -0.4110019555801407 0.21367265442000072 0.8861538999792445 1.4492453617123175 0.19008970315250867 -0.9306748946128993 0.3125446491680539 -1.3382399647395444 0.0 0.0 0.0 1.0"/>
        </transform>
    </shape>
    <shape name="temp18" type="ply">
        <string name="filename" value="meshes/Cube_014.ply"/>
        <boolean name="face_normals" value="true"/>
        <ref id="mat-Material" name="bsdf"/>
        <transform name="to_world">
            <matrix value="0.9436514120777906 0.2841071454644437 0.1697220605540823 0.10680602292503444 -0.21590635288736176 0.13984036018296997 0.966348415513018 1.0240626328574243 0.25081254975382383 -0.9485398072266036 0.1933010645827315 -0.8425728732048755 0.0 0.0 0.0 1.0"/>
        </transform>
    </shape>
    <shape name="temp19" type="ply">
        <string name="filename" value="meshes/Cube_015.ply"/>
        <boolean name="face_normals" value="true"/>
        <ref id="mat-Material" name="bsdf"/>
        <transform name="to_world">
            <matrix value="0.9833485365062311 0.1309745777736988 0.12598232897625222 0.04387165592125242 -0.14913399535837824 0.18543444932762926 0.9712739486199476 0.6373108856271439 0.1038507908309354 -0.9738888205196663 0.2018794256160817 -0.31983538210640927 0.0 0.0 0.0 1.0"/>
        </transform>
    </shape>
    <shape name="temp20" type="ply">
        <string name="filename" value="meshes/Cube_016.ply"/>
        <boolean name="face_normals" value="true"/>
        <ref id="mat-Material" name="bsdf"/>
        <transform name="to_world">
            <matrix value="0.9846642979857347 0.04779838472497148 0.16778506085524994 0.08455431444229589 -0.1737923672093712 0.18464825425563647 0.9673164543915397 0.33755576900436113 0.015255018820021027 -0.9816414731875609 0.19012354492764172 0.059306189185804076 0.0 0.0 0.0 1.0"/>
        </transform>
    </shape>
    <shape name="temp21" type="ply">
        <string name="filename" value="meshes/Cube_017.ply"/>
        <boolean name="face_normals" value="true"/>
        <ref id="mat-Material" name="bsdf"/>
        <transform name="to_world">
            <matrix value="0.9594006581245225 0.006146876557862263 0.2818985949134344 0.18977242119005072 -0.2802214255700525 0.13273581993354513 0.9506813149821214 0.17859713079079353 -0.031609433147703925 -0.9910954418123452 0.12908540774175797 0.26721176068979724 0.0 0.0 0.0 1.0"/>
        </transform>
    </shape>
    <shape name="temp22" type="ply">
        <string name="filename" value="meshes/Cube_018.ply"/>
        <boolean name="face_normals" value="true"/>
        <ref id="mat-Material" name="bsdf"/>
        <transform name="to_world">
            <matrix value="0.11694841293058666 0.976331027088813 0.1815482806731215 0.8718041202425793 -0.6305349743895239 -0.06823513890656059 0.773056227574948 0.06524490062626578 0.7672219149083288 -0.20496140151807488 0.6077272432853089 -0.21499588625248972 0.0 0.0 0.0 1.0"/>
        </transform>
    </shape>
    <shape name="temp23" type="ply">
        <string name="filename" value="meshes/Cube_019.ply"/>
        <boolean name="face_normals" value="true"/>
        <ref id="mat-Material" name="bsdf"/>
        <transform name="to_world">
            <matrix value="-0.06930501554003621 0.9873356096808038 -0.1427048991986671 0.4754132334115976 -0.9225688663840561 -0.009009989091053203 0.38571396826912757 -0.02619053822117128 0.37954344384222743 0.15838891751125833 0.9115093085389303 -0.050450576528896396 0.0 0.0 0.0 1.0"/>
        </transform>
    </shape>
    <shape name="temp24" type="ply">
        <string name="filename" value="meshes/Cube_020.ply"/>
        <boolean name="face_normals" value="true"/>
        <ref id="mat-Material" name="bsdf"/>
        <transform name="to_world">
            <matrix value="0.09381790964334931 0.9628267227979057 -0.2532870770044456 0.07350171559505528 -0.9455020759494727 0.006492790607018379 -0.3255482842733201 0.18877895824259971 -0.3118029443045315 0.2700262175067083 0.9109638260594122 0.10642691231152773 0.0 0.0 0.0 1.0"/>
        </transform>
    </shape>
    <shape name="temp25" type="ply">
        <string name="filename" value="meshes/Cube_021.ply"/>
        <boolean name="face_normals" value="true"/>
        <ref id="mat-Material" name="bsdf"/>
        <transform name="to_world">
            <matrix value="0.17286162719160608 0.9362582729656275 -0.3058403593965489 -0.1692546489393319 -0.8098987282523709 -0.04159603314818021 -0.5850928631776922 0.0899982282173409 -0.5605203740246476 0.3488399597015579 0.751084108985812 0.2766094424804241 0.0 0.0 0.0 1.0"/>
        </transform>
    </shape>
    <shape name="temp26" type="ply">
        <string name="filename" value="meshes/Cube_022.ply"/>
        <boolean name="face_normals" value="true"/>
        <ref id="mat-Material" name="bsdf"/>
        <transform name="to_world">
            <matrix value="0.6587678869983175 0.3993109425288316 -0.6376330255623727 -0.07534211513993283 -0.6892132380187475 -0.019541315289420824 -0.7242950809441251 -0.16271351308566454 -0.30167919709517454 0.9166071506790455 0.26233723590504665 0.6686087033974794 0.0 0.0 0.0 1.0"/>
        </transform>
    </shape>
    <shape name="temp27" type="ply">
        <string name="filename" value="meshes/Cube_023.ply"/>
        <boolean name="face_normals" value="true"/>
        <ref id="mat-Material" name="bsdf"/>
        <transform name="to_world">
            <matrix value="0.8602717600398563 0.26680885147354216 -0.4344491114135921 -0.06136952425543485 -0.4800687733034057 0.13700435732119653 -0.8664664240620188 -0.2870300688844947 -0.1716595349158817 0.9539616372180726 0.24594759304638408 0.21033564303720143 0.0 0.0 0.0 1.0"/>
        </transform>
    </shape>
    <shape name="temp28" type="ply">
        <string name="filename" value="meshes/Cube_024.ply"/>
        <boolean name="face_normals" value="true"/>
        <ref id="mat-Material" name="bsdf"/>
        <transform name="to_world">
            <matrix value="0.8590548413462475 0.430661753816567 -0.2766859596775757 -0.1877744967868914 -0.3817988988115817 0.17903672748282834 -0.9067387325711632 -0.5151377547957573 -0.3409609823643195 0.8845767724952703 0.31822853849532484 -0.32541833547988447 0.0 0.0 0.0 1.0"/>
        </transform>
    </shape>
    <shape name="temp29" type="ply">
        <string name="filename" value="meshes/Cube_025.ply"/>
        <boolean name="face_normals" value="true"/>
        <ref id="mat-Material" name="bsdf"/>
        <transform name="to_world">
            <matrix value="0.8983663459373399 0.3695681058272131 -0.2373970557434373 -0.2686836596745456 -0.3213975128850215 0.18466651579085697 -0.9287636855166728 -0.7932153747383135 -0.2994021119556334 0.9106687622412776 0.2846765946401614 -0.7131872116575342 0.0 0.0 0.0 1.0"/>
        </transform>
    </shape>
    <shape name="temp30" type="ply">
        <string name="filename" value="meshes/Cube_026.ply"/>
        <boolean name="face_normals" value="true"/>
        <ref id="mat-Material" name="bsdf"/>
        <transform name="to_world">
            <matrix value="0.9233875328663343 0.24058441084386858 -0.2991223586958731 -0.32155235347868943 -0.3482712707015799 0.1973413561718983 -0.916385435021779 -1.1438876600149892 -0.16143819356165573 0.9503546972089367 0.266011410329814 -0.8718839977677761 0.0 0.0 0.0 1.0"/>
        </transform>
    </shape>
    <shape name="temp31" type="ply">
        <string name="filename" value="meshes/Cube_027.ply"/>
        <boolean name="face_normals" value="true"/>
        <ref id="mat-Material" name="bsdf"/>
        <transform name="to_world">
            <matrix value="0.8750458754634087 0.17342145662598585 -0.4519054882012727 -0.5678595711175911 -0.48013769730881684 0.19268344447387797 -0.8557677623905431 -1.5807851207237666 -0.061332480537279244 0.9658139054655284 0.25187331479678743 -1.006658532544019 0.0 0.0 0.0 1.0"/>
        </transform>
    </shape>
    <shape name="temp32" type="ply">
        <string name="filename" value="meshes/Cube_028.ply"/>
        <boolean name="face_normals" value="true"/>
        <ref id="mat-Material" name="bsdf"/>
        <transform name="to_world">
            <matrix value="-0.10619225675366604 0.984152408207366 0.14200853765375743 -1.4829331094631928 -0.801752619998688 -0.0002755711553262985 -0.5976294985440411 -2.119863008867976 -0.5881192301077786 -0.17732396026056324 0.7890757935436654 -1.3332445037928338 0.0 0.0 0.0 1.0"/>
        </transform>
    </shape>
    <shape name="temp33" type="ply">
        <string name="filename" value="meshes/Cube_029.ply"/>
        <boolean name="face_normals" value="true"/>
        <ref id="mat-Material" name="bsdf"/>
        <transform name="to_world">
            <matrix value="-0.010177733069516175 0.9801129691316437 0.19817589089126242 -1.6204783268503868 -0.9991259283686773 -0.017998172803557613 0.037706662707832864 -1.8351946850911065 0.0405240817372218 -0.19761947173998745 0.9794397525224563 -0.12717164367223077 0.0 0.0 0.0 1.0"/>
        </transform>
    </shape>
    <shape name="temp34" type="ply">
        <string name="filename" value="meshes/Cube_030.ply"/>
        <boolean name="face_normals" value="true"/>
        <ref id="mat-Material" name="bsdf"/>
        <transform name="to_world">
            <matrix value="-0.03892038605701234 0.9808876526430128 -0.1906393290450099 -3.2035052710779075 -0.9759945642880915 0.0035899010843842795 0.21771863929276045 -1.9237573019434646 0.2142415760287009 0.19454066321564006 0.9572017573658952 0.25526387430536734 0.0 0.0 0.0 1.0"/>
        </transform>
    </shape>
    <shape name="temp35" type="ply">
        <string name="filename" value="meshes/Cube_031.ply"/>
        <boolean name="face_normals" value="true"/>
        <ref id="mat-Material" name="bsdf"/>
        <transform name="to_world">
            <matrix value="0.12334943628585157 0.9798137552849988 0.15731838574139012 -1.932259365304772 -0.7915024458048995 0.0015153559591425526 0.6111458743577729 -1.2324930618946044 0.5985704141822998 -0.19990611631064845 0.7757121291134561 0.575245915428837 0.0 0.0 0.0 1.0"/>
        </transform>
    </shape>
    <shape name="temp36" type="ply">
        <string name="filename" value="meshes/Cube_032.ply"/>
        <boolean name="face_normals" value="true"/>
        <ref id="mat-Material" name="bsdf"/>
        <transform name="to_world">
            <matrix value="0.6474796419320352 0.6136340976548893 0.45190678837559056 -0.7230996950197914 -0.5752426302286948 0.004584886415545353 0.8179661396784361 -0.7079318442852092 0.4998597141626199 -0.7895771583757976 0.3559569968526326 -0.17091586580631657 0.0 0.0 0.0 1.0"/>
        </transform>
    </shape>
    <shape name="temp37" type="ply">
        <string name="filename" value="meshes/Cube_033.ply"/>
        <boolean name="face_normals" value="true"/>
        <ref id="mat-Material" name="bsdf"/>
        <transform name="to_world">
            <matrix value="0.9767546589081728 0.16890878201504728 0.1319876686739782 -0.14030450996888288 -0.15009401145689832 0.09929846920151933 0.9836719381249407 0.3004547784464666 0.15304495618117575 -0.9806162824895761 0.12234245551394472 -0.3731878927217031 0.0 0.0 0.0 1.0"/>
        </transform>
    </shape>
    <shape name="temp38" type="ply">
        <string name="filename" value="meshes/Cube_034.ply"/>
        <boolean name="face_normals" value="true"/>
        <ref id="mat-Material" name="bsdf"/>
        <transform name="to_world">
            <matrix value="0.999924870617896 0.0023201661163523655 0.01205195402016263 -0.034543018552527505 -0.012272883213037674 0.18160935124097094 0.9832942965844185 0.3693546270590433 9.266044666301437e-05 -0.983367923524737 0.18162417539398829 -0.3593659473510767 0.0 0.0 0.0 1.0"/>
        </transform>
    </shape>
    <shape name="temp39" type="ply">
        <string name="filename" value="meshes/Cube_035.ply"/>
        <boolean name="face_normals" value="true"/>
        <ref id="mat-Material" name="bsdf"/>
        <transform name="to_world">
            <matrix value="0.9989171617670785 -0.0464180796499125 0.0031857107532926327 0.00780892290423707 0.006522185551400908 0.20749304893590836 0.9782147519196482 0.0913653606783008 -0.04606787441026759 -0.977134597213734 0.20757108052996048 -0.14872038364956083 0.0 0.0 0.0 1.0"/>
        </transform>
    </shape>
    <shape name="temp40" type="ply">
        <string name="filename" value="meshes/Cube_036.ply"/>
        <boolean name="face_normals" value="true"/>
        <ref id="mat-Material" name="bsdf"/>
        <transform name="to_world">
            <matrix value="0.999288154645079 -0.03758764181109375 0.0032824910016117435 0.002589022928096263 0.004661000271263609 0.20930931557309518 0.9778385287511093 -0.24458944896291362 -0.03744170048596964 -0.977126671019121 0.20933552345727224 0.20748176477789493 0.0 0.0 0.0 1.0"/>
        </transform>
    </shape>
    <shape name="temp41" type="ply">
        <string name="filename" value="meshes/Cube_037.ply"/>
        <boolean name="face_normals" value="true"/>
        <ref id="mat-Material" name="bsdf"/>
        <transform name="to_world">
            <matrix value="0.9988446918321287 -0.04794404940939421 0.0033252312773716245 -0.006128989760665116 0.006791113280038012 0.20930180654661962 0.9778275363682396 -0.5696920748125143 -0.047576999859935784 -0.9766749822182081 0.20938561562781163 0.5130465274095924 0.0 0.0 0.0 1.0"/>
        </transform>
    </shape>
    <shape name="temp42" type="ply">
        <string name="filename" value="meshes/Cube_038.ply"/>
        <boolean name="face_normals" value="true"/>
        <ref id="mat-Material" name="bsdf"/>
        <transform name="to_world">
            <matrix value="0.9990924636586547 -0.042470146405157866 0.0033044403080514833 0.007291046937800694 0.005662406232325758 0.20928783141401225 0.9778378195651176 -0.9037276617366559 -0.04222050096892525 -0.9769313320387216 0.20933832474193903 0.8610463290984935 0.0 0.0 0.0 1.0"/>
        </transform>
    </shape>
    <shape name="temp43" type="ply">
        <string name="filename" value="meshes/Cube_039.ply"/>
        <boolean name="face_normals" value="true"/>
        <ref id="mat-Material" name="bsdf"/>
        <transform name="to_world">
            <matrix value="0.9999530122355658 -0.008124999127291515 -0.005285674166766742 0.02100257220109003 0.008282858873741163 0.4330118102930577 0.9013501746857684 -1.3192626255912157 -0.005034700840002778 -0.9013516385689189 0.4330587231704577 1.4723418347455461 0.0 0.0 0.0 1.0"/>
        </transform>
    </shape>
    <shape name="temp47" type="ply">
        <string name="filename" value="meshes/Plane_001.ply"/>
        <boolean name="face_normals" value="true"/>
        <ref id="mat-Material.002" name="bsdf"/>
    </shape>
    <shape name="temp49" type="ply">
        <string name="filename" value="meshes/Plane_002.ply"/>
        <boolean name="face_normals" value="true"/>
        <ref id="mat-Material.003" name="bsdf"/>
    </shape>
    <shape name="temp51" type="ply">
        <string name="filename" value="meshes/Plane_003.ply"/>
        <boolean name="face_normals" value="true"/>
        <ref id="mat-Material.004" name="bsdf"/>
    </shape>
    <shape name="temp53" type="ply">
        <string name="filename" value="meshes/Plane_004.ply"/>
        <boolean name="face_normals" value="true"/>
        <ref id="mat-Material.005" name="bsdf"/>
    </shape>
    <emitter type="point">
        <rgb name="intensity" value="100"/>
        <animation name="to_world">
            <transform time="0">
                <rotate angle="-142.5518126578256" x="1"/>
                <rotate angle="3.976628485794621e-06" y="1"/>
                <rotate angle="-179.999991348578" z="1"/>
                <translate value="-0.000000 3.030926 4.073377"/>
                <translate x="34.05" y="0.0" z="0.0"/>
            </transform>
            <transform time="0.0015">
                <rotate angle="-142.5518126578256" x="1"/>
                <rotate angle="3.976628485794621e-06" y="1"/>
                <rotate angle="-179.999991348578" z="1"/>
                <translate value="-0.000000 3.030926 4.073377"/>
                <translate x="34.199999999999996" y="0.0" z="0.0"/>
            </transform>
        </animation>
    </emitter>
</scene>
