
<scene version="2.1.0">
    <default name="spp" value="1024"/>
    <default name="resx" value="640"/>
    <default name="resy" value="360"/>
    <integrator name="temp0" type="path">
        <integer name="max_depth" value="12"/>
    </integrator>
    <sensor name="temp44" type="perspective">
        <string name="fov_axis" value="x"/>
        <float name="fov" value="83.974423"/>
        <float name="principal_point_offset_x" value="0.000000"/>
        <float name="principal_point_offset_y" value="-0.000000"/>
        <float name="near_clip" value="0.100000"/>
        <float name="far_clip" value="1000.000000"/>
        <sampler name="sampler" type="independent">
            <integer name="sample_count" value="$spp"/>
        </sampler>
        <film name="film" type="hdrfilm">
            <integer name="width" value="$resx"/>
            <integer name="height" value="$resy"/>
        </film>
        <float name="shutter_open" value="0.0"/>
        <float name="shutter_close" value="0.0015"/>
        <animation name="to_world">
            <transform time="0">
                <rotate angle="-142.5518126578256" x="1"/>
                <rotate angle="3.976628485794621e-06" y="1"/>
                <rotate angle="-179.999991348578" z="1"/>
                <translate value="-0.000000 3.030926 4.073377"/>
                <translate x="2.1" y="0.0" z="0.0"/>
            </transform>
            <transform time="0.0015">
                <rotate angle="-142.5518126578256" x="1"/>
                <rotate angle="3.976628485794621e-06" y="1"/>
                <rotate angle="-179.999991348578" z="1"/>
                <translate value="-0.000000 3.030926 4.073377"/>
                <translate x="2.25" y="0.0" z="0.0"/>
            </transform>
        </animation>
    </sensor>
    <bsdf id="mat-Material" name="mat-Material" type="twosided">
        <bsdf name="bsdf" type="diffuse">
            <texture name="reflectance" type="bitmap">
                <string name="filename" value="textures/siggraph_2023_logo.jpg"/>
            </texture>
        </bsdf>
    </bsdf>
    <bsdf id="mat-Material.001" name="mat-Material.001" type="twosided">
        <bsdf name="bsdf" type="principled">
            <rgb name="base_color" value="0.433648 0.266232 0.084399"/>
            <float name="spec_tint" value="0.000000"/>
            <float name="spec_trans" value="0.000000"/>
            <float name="metallic" value="0.000000"/>
            <float name="anisotropic" value="0.000000"/>
            <float name="roughness" value="0.500000"/>
            <float name="sheen" value="0.000000"/>
            <float name="sheen_tint" value="0.500000"/>
            <float name="clearcoat" value="0.000000"/>
            <float name="clearcoat_gloss" value="0.173205"/>
            <float name="specular" value="0.500000"/>
        </bsdf>
    </bsdf>
    <bsdf id="mat-Material.002" name="mat-Material.002" type="twosided">
        <bsdf name="bsdf" type="principled">
            <rgb name="base_color" value="0.433648 0.266232 0.084399"/>
            <float name="spec_tint" value="0.000000"/>
            <float name="spec_trans" value="0.000000"/>
            <float name="metallic" value="0.000000"/>
            <float name="anisotropic" value="0.000000"/>
            <float name="roughness" value="0.500000"/>
            <float name="sheen" value="0.000000"/>
            <float name="sheen_tint" value="0.500000"/>
            <float name="clearcoat" value="0.000000"/>
            <float name="clearcoat_gloss" value="0.173205"/>
            <float name="specular" value="0.500000"/>
        </bsdf>
    </bsdf>
    <bsdf id="mat-Material.003" name="mat-Material.003" type="twosided">
        <bsdf name="bsdf" type="principled">
            <rgb name="base_color" value="0.433648 0.266232 0.084399"/>
            <float name="spec_tint" value="0.000000"/>
            <float name="spec_trans" value="0.000000"/>
            <float name="metallic" value="0.000000"/>
            <float name="anisotropic" value="0.000000"/>
            <float name="roughness" value="0.500000"/>
            <float name="sheen" value="0.000000"/>
            <float name="sheen_tint" value="0.500000"/>
            <float name="clearcoat" value="0.000000"/>
            <float name="clearcoat_gloss" value="0.173205"/>
            <float name="specular" value="0.500000"/>
        </bsdf>
    </bsdf>
    <bsdf id="mat-Material.004" name="mat-Material.004" type="twosided">
        <bsdf name="bsdf" type="principled">
            <rgb name="base_color" value="0.433648 0.266232 0.084399"/>
            <float name="spec_tint" value="0.000000"/>
            <float name="spec_trans" value="0.000000"/>
            <float name="metallic" value="0.000000"/>
            <float name="anisotropic" value="0.000000"/>
            <float name="roughness" value="0.500000"/>
            <float name="sheen" value="0.000000"/>
            <float name="sheen_tint" value="0.500000"/>
            <float name="clearcoat" value="0.000000"/>
            <float name="clearcoat_gloss" value="0.173205"/>
            <float name="specular" value="0.500000"/>
        </bsdf>
    </bsdf>
    <bsdf id="mat-Material.005" name="mat-Material.005" type="twosided">
        <bsdf name="bsdf" type="principled">
            <rgb name="base_color" value="0.433648 0.266232 0.084399"/>
            <float name="spec_tint" value="0.000000"/>
            <float name="spec_trans" value="0.000000"/>
            <float name="metallic" value="0.000000"/>
            <float name="anisotropic" value="0.000000"/>
            <float name="roughness" value="0.500000"/>
            <float name="sheen" value="0.000000"/>
            <float name="sheen_tint" value="0.500000"/>
            <float name="clearcoat" value="0.000000"/>
            <float name="clearcoat_gloss" value="0.173205"/>
            <float name="specular" value="0.500000"/>
        </bsdf>
    </bsdf>
    <emitter name="temp45" type="point">
        <point name="position" x="-6.815235034541981e-16" y="3.0693089962005615" z="4.109199523925781"/>
        <rgb name="intensity" value="7.957747 7.957747 7.957747"/>
    </emitter>
    <shape name="temp2" type="ply">
        <string name="filename" value="meshes/Cube.ply"/>
        <boolean name="face_normals" value="true"/>
        <ref id="mat-Material" name="bsdf"/>
        <transform name="to_world">
            <matrix value="1.0 0.000234842717182947 0.0004057584011354541 -0.0011726599512331681 -0.00023409340332998242 0.99999833132745 -0.0018461978884223497 -0.014776623365079455 -0.00040619199080895065 0.001846102502383073 0.9999983452326863 0.0009871640365664014 0.0 0.0 0.0 1.0"/>
            <scale value="1"/>
        </transform>
    </shape>
    <shape name="temp4" type="ply">
        <string name="filename" value="meshes/Plane.ply"/>
        <boolean name="face_normals" value="true"/>
        <ref id="mat-Material.001" name="bsdf"/>
        <transform name="to_world">
            <scale value="1"/>
        </transform>
    </shape>
    <shape name="temp5" type="ply">
        <string name="filename" value="meshes/Cube_001.ply"/>
        <boolean name="face_normals" value="true"/>
        <ref id="mat-Material" name="bsdf"/>
        <transform name="to_world">
            <matrix value="1.0 -7.281586406993408e-05 -4.0442749542456836e-06 0.0006057549521387706 7.281787928592072e-05 0.9999997914159312 0.00046846226255862014 -0.01844445926006011 4.010171498882146e-06 -0.0004684631317229253 1.0 0.00019344197617443548 0.0 0.0 0.0 1.0"/>
            <scale value="1"/>
        </transform>
    </shape>
    <shape name="temp6" type="ply">
        <string name="filename" value="meshes/Cube_002.ply"/>
        <boolean name="face_normals" value="true"/>
        <ref id="mat-Material" name="bsdf"/>
        <transform name="to_world">
            <matrix value="1.0 4.79726671436289e-06 -0.00012293904640960408 -0.00044935038437277086 -4.418015449615001e-06 0.9999952025664184 0.0030846281099578695 -0.01964989138269846 0.00012295333379430418 -0.0030846350717424905 0.9999952720933893 -0.0001945051868280645 0.0 0.0 0.0 1.0"/>
            <scale value="1"/>
        </transform>
    </shape>
    <shape name="temp7" type="ply">
        <string name="filename" value="meshes/Cube_003.ply"/>
        <boolean name="face_normals" value="true"/>
        <ref id="mat-Material" name="bsdf"/>
        <transform name="to_world">
            <matrix value="1.0 -1.7431391485181146e-05 0.0004978225626104852 -0.0007761679620119644 1.7478285613986564e-05 1.0 -9.418580956654079e-05 -0.01778341212031287 -0.0004978219127807711 9.419447961403604e-05 1.0 0.0011563345964755167 0.0 0.0 0.0 1.0"/>
            <scale value="1"/>
        </transform>
    </shape>
    <shape name="temp8" type="ply">
        <string name="filename" value="meshes/Cube_004.ply"/>
        <boolean name="face_normals" value="true"/>
        <ref id="mat-Material" name="bsdf"/>
        <transform name="to_world">
            <matrix value="1.0 0.00028305901051889457 7.511816220596557e-05 -0.0005513943622572626 -0.00028308352259732246 0.9999997914159312 0.00031869163694783374 -0.01710016295060046 -7.502787987099908e-05 -0.00031871228539306624 1.0 0.00031502821906313414 0.0 0.0 0.0 1.0"/>
            <scale value="1"/>
        </transform>
    </shape>
    <shape name="temp9" type="ply">
        <string name="filename" value="meshes/Cube_005.ply"/>
        <boolean name="face_normals" value="true"/>
        <ref id="mat-Material" name="bsdf"/>
        <transform name="to_world">
            <matrix value="1.0 7.742140030828725e-05 0.00044095766585141796 -0.0003997668152324607 -7.756277625007313e-05 1.0 0.00032089720538168155 -0.017485489083649608 -0.00044093323546567806 -0.00032093161988473647 1.0 0.0010353680733352633 0.0 0.0 0.0 1.0"/>
            <scale value="1"/>
        </transform>
    </shape>
    <shape name="temp10" type="ply">
        <string name="filename" value="meshes/Cube_006.ply"/>
        <boolean name="face_normals" value="true"/>
        <ref id="mat-Material" name="bsdf"/>
        <transform name="to_world">
            <matrix value="1.0 0.00022791146857785294 -0.00018698705168216555 -0.0006435716560977411 -0.00022798819914649477 0.9999997914159312 -0.00041265405292702337 -0.01750646331824607 0.0001868930919973689 0.00041269818093833633 1.0 -0.0005727349242934388 0.0 0.0 0.0 1.0"/>
            <scale value="1"/>
        </transform>
    </shape>
    <shape name="temp11" type="ply">
        <string name="filename" value="meshes/Cube_007.ply"/>
        <boolean name="face_normals" value="true"/>
        <ref id="mat-Material" name="bsdf"/>
        <transform name="to_world">
            <matrix value="1.0 -0.00015188779011436667 -1.0539094823367772e-05 0.00044873994401184447 0.00015189166476072954 1.0 0.0003481748625715746 -0.017821657296623716 1.0486200128717242e-05 -0.0003481768709469508 1.0 5.472257027028249e-05 0.0 0.0 0.0 1.0"/>
            <scale value="1"/>
        </transform>
    </shape>
    <shape name="temp12" type="ply">
        <string name="filename" value="meshes/Cube_008.ply"/>
        <boolean name="face_normals" value="true"/>
        <ref id="mat-Material" name="bsdf"/>
        <transform name="to_world">
            <matrix value="0.9999995567588077 -0.0008789044330372135 6.382366610388818e-05 1.5133740753903169e-06 0.0008788409065523459 0.9999991656637249 0.001014504744690679 -0.01845051166813011 -6.471543028968472e-05 -0.0010144486184434204 0.9999995272093389 0.00021698673638881338 0.0 0.0 0.0 1.0"/>
            <scale value="1"/>
        </transform>
    </shape>
    <shape name="temp13" type="ply">
        <string name="filename" value="meshes/Cube_009.ply"/>
        <boolean name="face_normals" value="true"/>
        <ref id="mat-Material" name="bsdf"/>
        <transform name="to_world">
            <matrix value="0.9999982270352306 -0.001930812664390319 0.00024445641130139886 0.0005731833486297688 0.0019306079318897856 0.9999977055752436 0.0008408250953500565 -0.020498180163228186 -0.00024607997489481886 -0.0008403518396071946 0.9999997636046695 0.0004248563305317976 0.0 0.0 0.0 1.0"/>
            <scale value="1"/>
        </transform>
    </shape>
    <shape name="temp14" type="ply">
        <string name="filename" value="meshes/Cube_010.ply"/>
        <boolean name="face_normals" value="true"/>
        <ref id="mat-Material" name="bsdf"/>
        <transform name="to_world">
            <matrix value="0.9999995567588077 0.0007524461696664533 0.0010013635282664988 0.0018137639446378362 -0.0007526767335606275 0.9999995828318625 0.0002280006959478531 -0.016064032725748745 -0.0010011932052898177 -0.0002287541482156676 0.9999995272093389 0.0016587674072425784 0.0 0.0 0.0 1.0"/>
            <scale value="1"/>
        </transform>
    </shape>
    <shape name="temp15" type="ply">
        <string name="filename" value="meshes/Cube_011.ply"/>
        <boolean name="face_normals" value="true"/>
        <ref id="mat-Material" name="bsdf"/>
        <transform name="to_world">
            <matrix value="1.0 -0.00012463669869822682 -0.0002513378793731363 -0.00021043769866935236 0.0001246939419566794 1.0 0.00022810494628861693 -0.01762262239399509 0.0002513084479998298 -0.00022813673937212024 1.0 -0.000397058297169961 0.0 0.0 0.0 1.0"/>
            <scale value="1"/>
        </transform>
    </shape>
    <shape name="temp16" type="ply">
        <string name="filename" value="meshes/Cube_012.ply"/>
        <boolean name="face_normals" value="true"/>
        <ref id="mat-Material" name="bsdf"/>
        <transform name="to_world">
            <matrix value="0.9999991135176153 -0.0013074070288659494 -0.00011887422870113531 -0.0005222619043312449 0.0013072246541388976 0.9999979141593124 -0.0015223410135024283 -0.021386538238603925 0.00012086433805473853 0.0015221839586336077 0.9999988180233473 -0.00014022759294340936 0.0 0.0 0.0 1.0"/>
            <scale value="1"/>
        </transform>
    </shape>
    <shape name="temp17" type="ply">
        <string name="filename" value="meshes/Cube_013.ply"/>
        <boolean name="face_normals" value="true"/>
        <ref id="mat-Material" name="bsdf"/>
        <transform name="to_world">
            <matrix value="1.0 -0.0007593815899529226 3.718498549241857e-05 -0.00038302362638475973 0.0007594494589798006 0.9999977055752436 -0.0019410018717782272 -0.020633011505253485 -3.5710879089121615e-05 0.0019410291120784777 0.9999981088373558 6.322883812726054e-05 0.0 0.0 0.0 1.0"/>
            <scale value="1"/>
        </transform>
    </shape>
    <shape name="temp18" type="ply">
        <string name="filename" value="meshes/Cube_014.ply"/>
        <boolean name="face_normals" value="true"/>
        <ref id="mat-Material" name="bsdf"/>
        <transform name="to_world">
            <matrix value="1.0 0.0005290922629911372 -1.6584101657556778e-05 -9.97973501746241e-05 -0.0005290482547821292 0.9999968712389685 0.0024596697746348756 -0.015210075483216179 1.7885446973283194e-05 -0.0024596567123396254 0.9999969268607032 0.00013763273110611873 0.0 0.0 0.0 1.0"/>
            <scale value="1"/>
        </transform>
    </shape>
    <shape name="temp19" type="ply">
        <string name="filename" value="meshes/Cube_015.ply"/>
        <boolean name="face_normals" value="true"/>
        <ref id="mat-Material" name="bsdf"/>
        <transform name="to_world">
            <matrix value="1.0 -0.0002451843153123651 -2.446738950054867e-05 0.0005644117390568582 0.0002451824114803015 1.0 -7.307239701555623e-05 -0.018058125007755887 2.4485308327438227e-05 7.306637353652203e-05 1.0 -7.961568304926114e-05 0.0 0.0 0.0 1.0"/>
            <scale value="1"/>
        </transform>
    </shape>
    <shape name="temp20" type="ply">
        <string name="filename" value="meshes/Cube_016.ply"/>
        <boolean name="face_normals" value="true"/>
        <ref id="mat-Material" name="bsdf"/>
        <transform name="to_world">
            <matrix value="1.0 -0.0006389159468778093 0.0003206939053974255 0.0005368021561037439 0.0006395349868002773 0.9999979141593124 -0.0019382455022242436 -0.018501691306481882 -0.0003194541218771442 0.00193845101298853 0.9999981088373558 0.00034421325126771096 0.0 0.0 0.0 1.0"/>
            <scale value="1"/>
        </transform>
    </shape>
    <shape name="temp21" type="ply">
        <string name="filename" value="meshes/Cube_017.ply"/>
        <boolean name="face_normals" value="true"/>
        <ref id="mat-Material" name="bsdf"/>
        <transform name="to_world">
            <matrix value="0.9999995567588077 0.0009702746843601581 7.9028140972937e-05 0.00043224258404161997 -0.00097046772583582 0.999996454070831 0.0024970438763917183 -0.017541445164461378 -7.660493203339557e-05 -0.0024971204969306856 0.9999969268607032 0.00010518775764162269 0.0 0.0 0.0 1.0"/>
            <scale value="1"/>
        </transform>
    </shape>
    <shape name="temp22" type="ply">
        <string name="filename" value="meshes/Cube_018.ply"/>
        <boolean name="face_normals" value="true"/>
        <ref id="mat-Material" name="bsdf"/>
        <transform name="to_world">
            <matrix value="0.9999915784173453 0.00410861389628783 -0.00033674514834043385 0.0004215837352654628 -0.004106744889872294 0.9999770557524358 0.0053820597692497895 -0.01788432961999381 0.00035885117201836086 -0.0053806304662062515 0.9999855798848376 -7.745931330710443e-05 0.0 0.0 0.0 1.0"/>
            <scale value="1"/>
        </transform>
    </shape>
    <shape name="temp23" type="ply">
        <string name="filename" value="meshes/Cube_019.ply"/>
        <boolean name="face_normals" value="true"/>
        <ref id="mat-Material" name="bsdf"/>
        <transform name="to_world">
            <matrix value="0.9999162274146451 0.011622865402786267 -0.005754902484562203 0.00330225998958808 -0.011577251620933041 0.9999017569036113 0.007896786016365176 -0.018265292814885314 0.005846120841732754 -0.007829495038827924 0.9999522481432328 -0.0008283374490133388 0.0 0.0 0.0 1.0"/>
            <scale value="1"/>
        </transform>
    </shape>
    <shape name="temp24" type="ply">
        <string name="filename" value="meshes/Cube_020.ply"/>
        <boolean name="face_normals" value="true"/>
        <ref id="mat-Material" name="bsdf"/>
        <transform name="to_world">
            <matrix value="0.9999965508514413 0.00028600454843141077 0.0026008458734161385 -0.0014390281407233307 -0.00030864011648911463 0.999962006978767 0.008703035920899473 -0.01598025772237205 -0.002598256601480528 -0.008703800204007697 0.9999588672104728 -8.745388735587056e-05 0.0 0.0 0.0 1.0"/>
            <scale value="1"/>
        </transform>
    </shape>
    <shape name="temp25" type="ply">
        <string name="filename" value="meshes/Cube_021.ply"/>
        <boolean name="face_normals" value="true"/>
        <ref id="mat-Material" name="bsdf"/>
        <transform name="to_world">
            <matrix value="0.9995057860705251 0.026541613564639164 0.016850046404403383 -0.01091537050599034 -0.026688358890620486 0.9996072361985137 0.008544698338282664 -0.01984098193021866 -0.01661664689810949 -0.00899016943283906 0.9998217579207802 -0.007541384659175976 0.0 0.0 0.0 1.0"/>
            <scale value="1"/>
        </transform>
    </shape>
    <shape name="temp26" type="ply">
        <string name="filename" value="meshes/Cube_022.ply"/>
        <boolean name="face_normals" value="true"/>
        <ref id="mat-Material" name="bsdf"/>
        <transform name="to_world">
            <matrix value="0.999504456346948 0.02798459815236232 0.014438955870192486 -0.006969097563672366 -0.028142974538452947 0.9995446609778839 0.010884350203607299 -0.019375512727589694 -0.014127776684449504 -0.011285295031736066 0.9998366508266034 -0.010152048067557318 0.0 0.0 0.0 1.0"/>
            <scale value="1"/>
        </transform>
    </shape>
    <shape name="temp27" type="ply">
        <string name="filename" value="meshes/Cube_023.ply"/>
        <boolean name="face_normals" value="true"/>
        <ref id="mat-Material" name="bsdf"/>
        <transform name="to_world">
            <matrix value="0.9994769753930219 0.030900353132828424 0.009561623771157974 -0.0026714423841639467 -0.030984088527676867 0.9994816685891166 0.008736225835078324 -0.019922556478315256 -0.009286709678791973 -0.009027902290878827 0.9999163160529922 -0.008418524310410652 0.0 0.0 0.0 1.0"/>
            <scale value="1"/>
        </transform>
    </shape>
    <shape name="temp28" type="ply">
        <string name="filename" value="meshes/Cube_024.ply"/>
        <boolean name="face_normals" value="true"/>
        <ref id="mat-Material" name="bsdf"/>
        <transform name="to_world">
            <matrix value="0.9995585317724152 0.028532590217824345 0.008318704402295683 -0.0009864949856082106 -0.02865060981123244 0.9994852145182855 0.014429334580239905 -0.016302823892174634 -0.007902724514961164 -0.014661284502412275 0.9998614723363092 -0.0077996914738884815 0.0 0.0 0.0 1.0"/>
            <scale value="1"/>
        </transform>
    </shape>
    <shape name="temp29" type="ply">
        <string name="filename" value="meshes/Cube_025.ply"/>
        <boolean name="face_normals" value="true"/>
        <ref id="mat-Material" name="bsdf"/>
        <transform name="to_world">
            <matrix value="0.9995603047371846 0.029338246183433003 0.00437589032391361 0.0010533317722694058 -0.029393721399862065 0.9994806256687727 0.013199227838292355 -0.01617631827161553 -0.003986387176500416 -0.013322037115449195 0.999903314309813 -0.004787503345694721 0.0 0.0 0.0 1.0"/>
            <scale value="1"/>
        </transform>
    </shape>
    <shape name="temp30" type="ply">
        <string name="filename" value="meshes/Cube_026.ply"/>
        <boolean name="face_normals" value="true"/>
        <ref id="mat-Material" name="bsdf"/>
        <transform name="to_world">
            <matrix value="0.9994033973550911 0.032777422026060495 0.010885390343061631 0.007076093115860438 -0.03282762615974058 0.999451006731008 0.0044650350030565914 -0.02686280597389401 -0.010733072175622797 -0.004819716617684175 0.9999309725634852 -0.013895783336157597 0.0 0.0 0.0 1.0"/>
            <scale value="1"/>
        </transform>
    </shape>
    <shape name="temp31" type="ply">
        <string name="filename" value="meshes/Cube_027.ply"/>
        <boolean name="face_normals" value="true"/>
        <ref id="mat-Material" name="bsdf"/>
        <transform name="to_world">
            <matrix value="0.9997176553604703 0.01929134396973028 0.013871559797853624 0.014814213249149555 -0.019660242328824684 0.9994428719523262 0.026968026585964453 0.013514089028021148 -0.013343589934524412 -0.027233132327819067 0.9995402110821185 -0.02010261990790485 0.0 0.0 0.0 1.0"/>
            <scale value="1"/>
        </transform>
    </shape>
    <shape name="temp32" type="ply">
        <string name="filename" value="meshes/Cube_028.ply"/>
        <boolean name="face_normals" value="true"/>
        <ref id="mat-Material" name="bsdf"/>
        <transform name="to_world">
            <matrix value="0.9997508984498968 -0.011517490817086373 0.019127857251261288 0.0259978324462955 0.010663257255415077 0.9989668831074021 0.04417602279985684 0.09077468326257432 -0.01961688890780051 -0.04396103232427314 0.9988407172990794 -0.034566061575655116 0.0 0.0 0.0 1.0"/>
            <scale value="1"/>
        </transform>
    </shape>
    <shape name="temp33" type="ply">
        <string name="filename" value="meshes/Cube_029.ply"/>
        <boolean name="face_normals" value="true"/>
        <ref id="mat-Material" name="bsdf"/>
        <transform name="to_world">
            <matrix value="0.9735021550386773 -0.2285914526420301 0.006320289196591557 -0.04335697653186976 0.22807139551829966 0.9725582627450081 0.045975133102390854 0.5490780831374534 -0.016656379038592125 -0.043315381197814876 0.9989227464787733 -0.035634852309882836 0.0 0.0 0.0 1.0"/>
            <scale value="1"/>
        </transform>
    </shape>
    <shape name="temp34" type="ply">
        <string name="filename" value="meshes/Cube_030.ply"/>
        <boolean name="face_normals" value="true"/>
        <ref id="mat-Material" name="bsdf"/>
        <transform name="to_world">
            <matrix value="0.9998413243008633 -0.01780818838374651 2.917564629750213e-05 -0.0007502828454293287 0.017808203200188763 0.9998391774246921 -0.0021225182647537145 0.06160251139639805 8.627318738793088e-06 0.0021226965249360723 0.9999978671572484 0.0003959587450479418 0.0 0.0 0.0 1.0"/>
            <scale value="1"/>
        </transform>
    </shape>
    <shape name="temp35" type="ply">
        <string name="filename" value="meshes/Cube_031.ply"/>
        <boolean name="face_normals" value="true"/>
        <ref id="mat-Material" name="bsdf"/>
        <transform name="to_world">
            <matrix value="0.9998475250298302 0.0018210160964325867 -0.017378839119266645 -0.02309493708639243 -0.0010710036930856148 0.9990715923099226 0.043068912548384214 0.06590291319192315 0.01744113313724343 -0.04304372130665404 0.9989210917114597 0.0444746716373301 0.0 0.0 0.0 1.0"/>
            <scale value="1"/>
        </transform>
    </shape>
    <shape name="temp36" type="ply">
        <string name="filename" value="meshes/Cube_032.ply"/>
        <boolean name="face_normals" value="true"/>
        <ref id="mat-Material" name="bsdf"/>
        <transform name="to_world">
            <matrix value="0.9994104892141689 -0.032909560033623754 -0.009806883926583175 -0.01144947214226244 0.032950443861730024 0.9994489208903202 0.004035528327016063 0.10938136460904835 0.009668659479067492 -0.0043562803620185095 0.9999439743066644 0.02710582947668283 0.0 0.0 0.0 1.0"/>
            <scale value="1"/>
        </transform>
    </shape>
    <shape name="temp37" type="ply">
        <string name="filename" value="meshes/Cube_033.ply"/>
        <boolean name="face_normals" value="true"/>
        <ref id="mat-Material" name="bsdf"/>
        <transform name="to_world">
            <matrix value="0.9994827375285226 -0.032170567536392705 -0.00022411033799331568 -0.0006440601496540133 0.03217072055061194 0.9994820857572541 0.0006544486528066508 0.10612894930394984 0.00020294019612536278 -0.000661319961703965 0.9999997636046695 0.0007421032051083687 0.0 0.0 0.0 1.0"/>
            <scale value="1"/>
        </transform>
    </shape>
    <shape name="temp38" type="ply">
        <string name="filename" value="meshes/Cube_034.ply"/>
        <boolean name="face_normals" value="true"/>
        <ref id="mat-Material" name="bsdf"/>
        <transform name="to_world">
            <matrix value="0.9994774186342144 -0.0323272767472566 0.00039053926975591235 -0.0011419528630196574 0.03232600123752941 0.9994731166422971 0.0029192695762519138 0.10767816190312651 -0.0004847019734870848 -0.0029051088495962857 0.9999957448840504 -0.0065132022784101795 0.0 0.0 0.0 1.0"/>
            <scale value="1"/>
        </transform>
    </shape>
    <shape name="temp39" type="ply">
        <string name="filename" value="meshes/Cube_035.ply"/>
        <boolean name="face_normals" value="true"/>
        <ref id="mat-Material" name="bsdf"/>
        <transform name="to_world">
            <matrix value="0.998929129279272 -0.03823099851279559 0.026061237737583218 0.0017295880956167409 0.03168949802048483 0.9757245689088759 0.21669641307909174 0.11808452764966137 -0.033713106819354396 -0.21563838197166177 0.9758912222158658 -0.15495308883319278 0.0 0.0 0.0 1.0"/>
            <scale value="1"/>
        </transform>
    </shape>
    <shape name="temp40" type="ply">
        <string name="filename" value="meshes/Cube_036.ply"/>
        <boolean name="face_normals" value="true"/>
        <ref id="mat-Material" name="bsdf"/>
        <transform name="to_world">
            <matrix value="0.999483180769715 -0.03210046243088045 0.001836290560119824 0.0020278287882367074 0.027438890336810115 0.8813235910667615 0.47171553509737835 -0.03829608965670217 -0.016760660393917312 -0.47142127098616465 0.8817489093901426 -0.06328112228872007 0.0 0.0 0.0 1.0"/>
            <scale value="1"/>
        </transform>
    </shape>
    <shape name="temp41" type="ply">
        <string name="filename" value="meshes/Cube_037.ply"/>
        <boolean name="face_normals" value="true"/>
        <ref id="mat-Material" name="bsdf"/>
        <transform name="to_world">
            <matrix value="0.9993404571057768 -0.03609397129466045 0.003964987960385816 -0.0030071629653347642 0.022843587275077258 0.7098128375150963 0.7040198080375357 -0.3544903395854987 -0.028225271130637365 -0.7034649985503407 0.7101693961659514 0.10551538745378258 0.0 0.0 0.0 1.0"/>
            <scale value="1"/>
        </transform>
    </shape>
    <shape name="temp42" type="ply">
        <string name="filename" value="meshes/Cube_038.ply"/>
        <boolean name="face_normals" value="true"/>
        <ref id="mat-Material" name="bsdf"/>
        <transform name="to_world">
            <matrix value="0.9991361229161015 -0.04106642776837991 0.0064170930844437216 -0.010032045612631713 0.019083811590579883 0.5903905319519506 0.8068922004197435 -0.7018091915245904 -0.03692477044538648 -0.8060722994099158 0.5906639919323001 0.27753039954470715 0.0 0.0 0.0 1.0"/>
            <scale value="1"/>
        </transform>
    </shape>
    <shape name="temp43" type="ply">
        <string name="filename" value="meshes/Cube_039.ply"/>
        <boolean name="face_normals" value="true"/>
        <ref id="mat-Material" name="bsdf"/>
        <transform name="to_world">
            <matrix value="0.9994671961305548 -0.012534130640599642 -0.03014449068736247 0.04681160727978062 0.03264165931946372 0.3995865427198262 0.9161142773555192 -1.2332777375439106 0.0005626279243133356 -0.9166099032378376 0.3997826201457309 1.4376768531121877 0.0 0.0 0.0 1.0"/>
            <scale value="1"/>
        </transform>
    </shape>
    <shape name="temp47" type="ply">
        <string name="filename" value="meshes/Plane_001.ply"/>
        <boolean name="face_normals" value="true"/>
        <ref id="mat-Material.002" name="bsdf"/>
        <transform name="to_world">
            <scale value="1"/>
        </transform>
    </shape>
    <shape name="temp49" type="ply">
        <string name="filename" value="meshes/Plane_002.ply"/>
        <boolean name="face_normals" value="true"/>
        <ref id="mat-Material.003" name="bsdf"/>
        <transform name="to_world">
            <scale value="1"/>
        </transform>
    </shape>
    <shape name="temp51" type="ply">
        <string name="filename" value="meshes/Plane_003.ply"/>
        <boolean name="face_normals" value="true"/>
        <ref id="mat-Material.004" name="bsdf"/>
        <transform name="to_world">
            <scale value="1"/>
        </transform>
    </shape>
    <shape name="temp53" type="ply">
        <string name="filename" value="meshes/Plane_004.ply"/>
        <boolean name="face_normals" value="true"/>
        <ref id="mat-Material.005" name="bsdf"/>
        <transform name="to_world">
            <scale value="1"/>
        </transform>
    </shape>
    <emitter type="point">
        <rgb name="intensity" value="100"/>
        <animation name="to_world">
            <transform time="0">
                <rotate angle="-142.5518126578256" x="1"/>
                <rotate angle="3.976628485794621e-06" y="1"/>
                <rotate angle="-179.999991348578" z="1"/>
                <translate value="-0.000000 3.030926 4.073377"/>
                <translate x="2.1" y="0.0" z="0.0"/>
            </transform>
            <transform time="0.0015">
                <rotate angle="-142.5518126578256" x="1"/>
                <rotate angle="3.976628485794621e-06" y="1"/>
                <rotate angle="-179.999991348578" z="1"/>
                <translate value="-0.000000 3.030926 4.073377"/>
                <translate x="2.25" y="0.0" z="0.0"/>
            </transform>
        </animation>
    </emitter>
</scene>
