
<scene version="2.1.0">
    <default name="spp" value="1024"/>
    <default name="resx" value="1280"/>
    <default name="resy" value="720"/>
    <integrator name="temp0" type="path">
        <integer name="max_depth" value="12"/>
    </integrator>
    <sensor name="temp44" type="perspective">
        <string name="fov_axis" value="x"/>
        <float name="fov" value="83.974423"/>
        <float name="principal_point_offset_x" value="0.000000"/>
        <float name="principal_point_offset_y" value="-0.000000"/>
        <float name="near_clip" value="0.100000"/>
        <float name="far_clip" value="1000.000000"/>
        <sampler name="sampler" type="independent">
            <integer name="sample_count" value="$spp"/>
        </sampler>
        <film name="film" type="hdrfilm">
            <integer name="width" value="$resx"/>
            <integer name="height" value="$resy"/>
        </film>
        <float name="shutter_open" value="0.0"/>
        <float name="shutter_close" value="0.0015"/>
        <animation name="to_world">
            <transform time="0">
                <rotate angle="-142.5518126578256" x="1"/>
                <rotate angle="3.976628485794621e-06" y="1"/>
                <rotate angle="-179.999991348578" z="1"/>
                <translate value="-0.000000 3.030926 4.073377"/>
                <translate x="38.1" y="0.0" z="0.0"/>
            </transform>
            <transform time="0.0015">
                <rotate angle="-142.5518126578256" x="1"/>
                <rotate angle="3.976628485794621e-06" y="1"/>
                <rotate angle="-179.999991348578" z="1"/>
                <translate value="-0.000000 3.030926 4.073377"/>
                <translate x="38.25" y="0.0" z="0.0"/>
            </transform>
        </animation>
    </sensor>
    <bsdf id="mat-Material" name="mat-Material" type="twosided">
        <bsdf name="bsdf" type="diffuse">
            <texture name="reflectance" type="bitmap">
                <string name="filename" value="textures/siggraph_2023_logo.jpg"/>
            </texture>
        </bsdf>
    </bsdf>
    <bsdf id="mat-Material.001" name="mat-Material.001" type="twosided">
        <bsdf name="bsdf" type="principled">
            <rgb name="base_color" value="0.433648 0.266232 0.084399"/>
            <float name="spec_tint" value="0.000000"/>
            <float name="spec_trans" value="0.000000"/>
            <float name="metallic" value="0.000000"/>
            <float name="anisotropic" value="0.000000"/>
            <float name="roughness" value="0.500000"/>
            <float name="sheen" value="0.000000"/>
            <float name="sheen_tint" value="0.500000"/>
            <float name="clearcoat" value="0.000000"/>
            <float name="clearcoat_gloss" value="0.173205"/>
            <float name="specular" value="0.500000"/>
        </bsdf>
    </bsdf>
    <bsdf id="mat-Material.002" name="mat-Material.002" type="twosided">
        <bsdf name="bsdf" type="principled">
            <rgb name="base_color" value="0.433648 0.266232 0.084399"/>
            <float name="spec_tint" value="0.000000"/>
            <float name="spec_trans" value="0.000000"/>
            <float name="metallic" value="0.000000"/>
            <float name="anisotropic" value="0.000000"/>
            <float name="roughness" value="0.500000"/>
            <float name="sheen" value="0.000000"/>
            <float name="sheen_tint" value="0.500000"/>
            <float name="clearcoat" value="0.000000"/>
            <float name="clearcoat_gloss" value="0.173205"/>
            <float name="specular" value="0.500000"/>
        </bsdf>
    </bsdf>
    <bsdf id="mat-Material.003" name="mat-Material.003" type="twosided">
        <bsdf name="bsdf" type="principled">
            <rgb name="base_color" value="0.433648 0.266232 0.084399"/>
            <float name="spec_tint" value="0.000000"/>
            <float name="spec_trans" value="0.000000"/>
            <float name="metallic" value="0.000000"/>
            <float name="anisotropic" value="0.000000"/>
            <float name="roughness" value="0.500000"/>
            <float name="sheen" value="0.000000"/>
            <float name="sheen_tint" value="0.500000"/>
            <float name="clearcoat" value="0.000000"/>
            <float name="clearcoat_gloss" value="0.173205"/>
            <float name="specular" value="0.500000"/>
        </bsdf>
    </bsdf>
    <bsdf id="mat-Material.004" name="mat-Material.004" type="twosided">
        <bsdf name="bsdf" type="principled">
            <rgb name="base_color" value="0.433648 0.266232 0.084399"/>
            <float name="spec_tint" value="0.000000"/>
            <float name="spec_trans" value="0.000000"/>
            <float name="metallic" value="0.000000"/>
            <float name="anisotropic" value="0.000000"/>
            <float name="roughness" value="0.500000"/>
            <float name="sheen" value="0.000000"/>
            <float name="sheen_tint" value="0.500000"/>
            <float name="clearcoat" value="0.000000"/>
            <float name="clearcoat_gloss" value="0.173205"/>
            <float name="specular" value="0.500000"/>
        </bsdf>
    </bsdf>
    <bsdf id="mat-Material.005" name="mat-Material.005" type="twosided">
        <bsdf name="bsdf" type="principled">
            <rgb name="base_color" value="0.433648 0.266232 0.084399"/>
            <float name="spec_tint" value="0.000000"/>
            <float name="spec_trans" value="0.000000"/>
            <float name="metallic" value="0.000000"/>
            <float name="anisotropic" value="0.000000"/>
            <float name="roughness" value="0.500000"/>
            <float name="sheen" value="0.000000"/>
            <float name="sheen_tint" value="0.500000"/>
            <float name="clearcoat" value="0.000000"/>
            <float name="clearcoat_gloss" value="0.173205"/>
            <float name="specular" value="0.500000"/>
        </bsdf>
    </bsdf>
    <emitter name="temp45" type="point">
        <point name="position" x="-6.815235034541981e-16" y="3.0693089962005615" z="4.109199523925781"/>
        <rgb name="intensity" value="7.957747 7.957747 7.957747"/>
    </emitter>
    <shape name="temp2" type="ply">
        <string name="filename" value="meshes/Cube.ply"/>
        <boolean name="face_normals" value="true"/>
        <ref id="mat-Material" name="bsdf"/>
        <transform name="to_world">
            <matrix value="0.9758885656183126 -0.14886553210838863 -0.15962708163818182 0.3179636968946511 -0.2179998032009106 -0.6283828685732642 -0.7467336075203973 2.1940682807862166 0.01085596079620302 0.7635271983196468 -0.6456842959272394 3.5552349798632275 0.0 0.0 0.0 1.0"/>
        </transform>
    </shape>
    <shape name="temp4" type="ply">
        <string name="filename" value="meshes/Plane.ply"/>
        <boolean name="face_normals" value="true"/>
        <ref id="mat-Material.001" name="bsdf"/>
    </shape>
    <shape name="temp5" type="ply">
        <string name="filename" value="meshes/Cube_001.ply"/>
        <boolean name="face_normals" value="true"/>
        <ref id="mat-Material" name="bsdf"/>
        <transform name="to_world">
            <matrix value="0.9978489504935047 -0.03658278805981357 -0.054401373740544774 0.055218203900107454 -0.05443250057178114 0.0001454141749561452 -0.9985175648822444 1.1724593480324585 0.0365364645664126 0.99933065372333 -0.0018461907965624336 1.023478361735953 0.0 0.0 0.0 1.0"/>
        </transform>
    </shape>
    <shape name="temp6" type="ply">
        <string name="filename" value="meshes/Cube_002.ply"/>
        <boolean name="face_normals" value="true"/>
        <ref id="mat-Material" name="bsdf"/>
        <transform name="to_world">
            <matrix value="0.9995931045854188 -0.02118467407696335 0.019120316240217372 -0.03123997428451064 0.023290010939192626 0.21842089344900018 -0.9755768164262605 0.6273885122419691 0.016491005749724747 0.9756246571399371 0.2188253657863147 0.5266944732047435 0.0 0.0 0.0 1.0"/>
        </transform>
    </shape>
    <shape name="temp7" type="ply">
        <string name="filename" value="meshes/Cube_003.ply"/>
        <boolean name="face_normals" value="true"/>
        <ref id="mat-Material" name="bsdf"/>
        <transform name="to_world">
            <matrix value="0.993929368629516 -0.06292697680336572 0.0902518603130536 -0.04201331757048088 0.10310924831612672 0.2465311426443871 -0.9636343607231994 0.10607571424229974 0.03838869415825839 0.9670896056301012 0.2515229769169416 0.22522460927924837 0.0 0.0 0.0 1.0"/>
        </transform>
    </shape>
    <shape name="temp8" type="ply">
        <string name="filename" value="meshes/Cube_004.ply"/>
        <boolean name="face_normals" value="true"/>
        <ref id="mat-Material" name="bsdf"/>
        <transform name="to_world">
            <matrix value="0.9836643458557834 -0.11362177033642526 0.13962534176854913 0.0241511858630723 0.16400429412067155 0.24588265477459362 -0.9553243556690674 -0.3830218052818969 0.07421417769007513 0.9626171460276207 0.2605005623844913 -0.16367240226224988 0.0 0.0 0.0 1.0"/>
        </transform>
    </shape>
    <shape name="temp9" type="ply">
        <string name="filename" value="meshes/Cube_005.ply"/>
        <boolean name="face_normals" value="true"/>
        <ref id="mat-Material" name="bsdf"/>
        <transform name="to_world">
            <matrix value="0.9811693411840213 -0.16168527584200174 0.105664764945031 0.09115380990020627 0.1413277644509926 0.22807353839928415 -0.9633322474907817 -0.6547355625816726 0.13165730541268414 0.9601251921580733 0.2466293571796335 -0.6294176233176385 0.0 0.0 0.0 1.0"/>
        </transform>
    </shape>
    <shape name="temp10" type="ply">
        <string name="filename" value="meshes/Cube_006.ply"/>
        <boolean name="face_normals" value="true"/>
        <ref id="mat-Material" name="bsdf"/>
        <transform name="to_world">
            <matrix value="0.9858863139530555 -0.1579265909228385 -0.055567039115389766 0.043624956759134914 -0.018646970801043213 0.22625906558508874 -0.9738887173709435 -0.5782040128331745 0.16637550152740915 0.9611795846256854 0.22012076491855473 -1.0402900139065432 0.0 0.0 0.0 1.0"/>
        </transform>
    </shape>
    <shape name="temp11" type="ply">
        <string name="filename" value="meshes/Cube_007.ply"/>
        <boolean name="face_normals" value="true"/>
        <ref id="mat-Material" name="bsdf"/>
        <transform name="to_world">
            <matrix value="0.9322244325183014 -0.23773056361501224 -0.2728411078241654 0.16696646847944052 -0.22498732330189866 0.20978488724988165 -0.9515098806156302 -0.3530712943227099 0.28344095229483696 0.9484063134225934 0.14208014179937506 -1.7189470890036076 0.0 0.0 0.0 1.0"/>
        </transform>
    </shape>
    <shape name="temp12" type="ply">
        <string name="filename" value="meshes/Cube_008.ply"/>
        <boolean name="face_normals" value="true"/>
        <ref id="mat-Material" name="bsdf"/>
        <transform name="to_world">
            <matrix value="0.2827006508553669 0.9126850401420041 -0.29510411086751887 1.851883463821332 -0.5314723408631147 -0.10707189684266295 -0.8402813860898367 0.2957832873729884 -0.798509645814828 0.3943876284617134 0.4547976668726458 1.0813687650593 0.0 0.0 0.0 1.0"/>
        </transform>
    </shape>
    <shape name="temp13" type="ply">
        <string name="filename" value="meshes/Cube_009.ply"/>
        <boolean name="face_normals" value="true"/>
        <ref id="mat-Material" name="bsdf"/>
        <transform name="to_world">
            <matrix value="-0.057526457066771626 0.9915598542414528 0.11618747757199302 2.58039177722612 -0.896192026268246 -6.260317089501338e-06 -0.44366675633929537 1.242080677754199 -0.4399215817682487 -0.12964882786182558 0.8886284862992357 0.7971009587258326 0.0 0.0 0.0 1.0"/>
        </transform>
    </shape>
    <shape name="temp14" type="ply">
        <string name="filename" value="meshes/Cube_010.ply"/>
        <boolean name="face_normals" value="true"/>
        <ref id="mat-Material" name="bsdf"/>
        <transform name="to_world">
            <matrix value="0.015550864586269806 0.9973628716185915 0.070890728149625 1.8849256587129875 -0.97814732273455 0.00047318964672116273 0.2079128845383743 2.1782959303035057 0.20733107634918185 -0.07257478260325434 0.9755751616589469 -0.49902610278174997 0.0 0.0 0.0 1.0"/>
        </transform>
    </shape>
    <shape name="temp15" type="ply">
        <string name="filename" value="meshes/Cube_011.ply"/>
        <boolean name="face_normals" value="true"/>
        <ref id="mat-Material" name="bsdf"/>
        <transform name="to_world">
            <matrix value="-0.01824323569616348 0.99980393097536 0.007686937881453415 1.4440776205952646 -0.8264298517624156 -0.019406031834100574 0.5627057525858103 2.2629300234163603 0.5627447799484776 0.003912855661910255 0.8266217547058037 -1.375775555099112 0.0 0.0 0.0 1.0"/>
        </transform>
    </shape>
    <shape name="temp16" type="ply">
        <string name="filename" value="meshes/Cube_012.ply"/>
        <boolean name="face_normals" value="true"/>
        <ref id="mat-Material" name="bsdf"/>
        <transform name="to_world">
            <matrix value="0.09336773771468387 0.9899956823097766 0.10578761959830758 1.1062567546769437 -0.7504583113928943 0.00015321292470323703 0.6609178474219434 1.8446446234087315 0.6542895996113661 -0.14109759022825358 0.7429647567657525 -1.7915021035816332 0.0 0.0 0.0 1.0"/>
        </transform>
    </shape>
    <shape name="temp17" type="ply">
        <string name="filename" value="meshes/Cube_013.ply"/>
        <boolean name="face_normals" value="true"/>
        <ref id="mat-Material" name="bsdf"/>
        <transform name="to_world">
            <matrix value="0.8840902119933975 0.209036696195218 0.417957582167471 0.7109366982303157 -0.4481908667492868 0.12602659864044904 0.8850099829748083 1.490783034141712 0.1323258461031121 -0.9697530156041743 0.20510720291844217 -1.4110211421278436 0.0 0.0 0.0 1.0"/>
        </transform>
    </shape>
    <shape name="temp18" type="ply">
        <string name="filename" value="meshes/Cube_014.ply"/>
        <boolean name="face_normals" value="true"/>
        <ref id="mat-Material" name="bsdf"/>
        <transform name="to_world">
            <matrix value="0.9413999684412271 0.29276088130940736 0.16750344309798917 0.10941151857810594 -0.2160970574103722 0.1422047961820772 0.9659607271709483 1.0238130165430757 0.2589758114416508 -0.9455520490255995 0.19713635424502185 -0.8532829086058435 0.0 0.0 0.0 1.0"/>
        </transform>
    </shape>
    <shape name="temp19" type="ply">
        <string name="filename" value="meshes/Cube_015.ply"/>
        <boolean name="face_normals" value="true"/>
        <ref id="mat-Material" name="bsdf"/>
        <transform name="to_world">
            <matrix value="0.983404606517064 0.12799073052398405 0.12858463969332906 0.03374601948781464 -0.14963135630031896 0.17138424731395868 0.973775247612289 0.6393970788755792 0.10259681717364594 -0.9768548859775188 0.1876914861276128 -0.29715250810821553 0.0 0.0 0.0 1.0"/>
        </transform>
    </shape>
    <shape name="temp20" type="ply">
        <string name="filename" value="meshes/Cube_016.ply"/>
        <boolean name="face_normals" value="true"/>
        <ref id="mat-Material" name="bsdf"/>
        <transform name="to_world">
            <matrix value="0.9848606538339477 0.03669698783746295 0.16942068014718917 0.06160819295585951 -0.17327122637746065 0.17902879085901177 0.9684658084885781 0.32939460811068677 0.005208598169945765 -0.9831591308719023 0.18267692653920548 0.14765411102705206 0.0 0.0 0.0 1.0"/>
        </transform>
    </shape>
    <shape name="temp21" type="ply">
        <string name="filename" value="meshes/Cube_017.ply"/>
        <boolean name="face_normals" value="true"/>
        <ref id="mat-Material" name="bsdf"/>
        <transform name="to_world">
            <matrix value="0.9490175115730276 -0.071212624342178 0.3070749340102435 0.20270933190706386 -0.2914326353171036 0.17305584004104935 0.9408075548165313 0.13138867113475894 -0.12013848627813917 -0.9823341808799327 0.14347931848171788 0.3850963981799715 0.0 0.0 0.0 1.0"/>
        </transform>
    </shape>
    <shape name="temp22" type="ply">
        <string name="filename" value="meshes/Cube_018.ply"/>
        <boolean name="face_normals" value="true"/>
        <ref id="mat-Material" name="bsdf"/>
        <transform name="to_world">
            <matrix value="0.2553094975949733 0.9573643734238867 0.1351688169973916 0.8515674317829567 -0.46233602292088855 -0.0018966737098553886 0.8867028099367359 -0.09160126862885015 0.8491539412120342 -0.2888770459489845 0.4421398788994001 -0.13955864423578812 0.0 0.0 0.0 1.0"/>
        </transform>
    </shape>
    <shape name="temp23" type="ply">
        <string name="filename" value="meshes/Cube_019.ply"/>
        <boolean name="face_normals" value="true"/>
        <ref id="mat-Material" name="bsdf"/>
        <transform name="to_world">
            <matrix value="-0.07826744109767796 0.9841334270571083 -0.15923400348257602 0.5030952563460622 -0.9181040978534715 -0.008904161877924088 0.39623923396565935 -0.0363097596136068 0.3885345914291337 0.1772060163988795 0.904233887648864 -0.05378298925586478 0.0 0.0 0.0 1.0"/>
        </transform>
    </shape>
    <shape name="temp24" type="ply">
        <string name="filename" value="meshes/Cube_020.ply"/>
        <boolean name="face_normals" value="true"/>
        <ref id="mat-Material" name="bsdf"/>
        <transform name="to_world">
            <matrix value="0.09467918345860885 0.9501887687357178 -0.2969465760062779 0.1149879805323594 -0.9583653491580592 0.006279172990404312 -0.2854752570381964 0.15038831067770064 -0.26939061639305123 0.31161197012575803 0.9112226789801903 0.1145737252105552 0.0 0.0 0.0 1.0"/>
        </transform>
    </shape>
    <shape name="temp25" type="ply">
        <string name="filename" value="meshes/Cube_021.ply"/>
        <boolean name="face_normals" value="true"/>
        <ref id="mat-Material" name="bsdf"/>
        <transform name="to_world">
            <matrix value="0.1985520639969363 0.9350097930220286 -0.2938263941060025 -0.1592052789145696 -0.7912963386504547 -0.023960865457018126 -0.6109632589649383 0.10310412085228284 -0.5782972269058042 0.35381176956466426 0.7351121766761965 0.2970491206750423 0.0 0.0 0.0 1.0"/>
        </transform>
    </shape>
    <shape name="temp26" type="ply">
        <string name="filename" value="meshes/Cube_022.ply"/>
        <boolean name="face_normals" value="true"/>
        <ref id="mat-Material" name="bsdf"/>
        <transform name="to_world">
            <matrix value="0.640086378843566 0.3997995507099159 -0.6560866360518954 -0.0818878489443099 -0.7094190526340051 -0.020309793230612633 -0.7044942534659101 -0.19208771791042173 -0.29498153457192655 0.9163776039113686 0.27062537439110473 0.6797484456889643 0.0 0.0 0.0 1.0"/>
        </transform>
    </shape>
    <shape name="temp27" type="ply">
        <string name="filename" value="meshes/Cube_023.ply"/>
        <boolean name="face_normals" value="true"/>
        <ref id="mat-Material" name="bsdf"/>
        <transform name="to_world">
            <matrix value="0.85781177142229 0.27823967561005625 -0.4321365740926793 -0.06420934511049015 -0.48020351862588134 0.1341771254195147 -0.8668340188009934 -0.28703710916699143 -0.18320483771166984 0.9510937105645746 0.24871034527429184 0.20693334981263922 0.0 0.0 0.0 1.0"/>
        </transform>
    </shape>
    <shape name="temp28" type="ply">
        <string name="filename" value="meshes/Cube_024.ply"/>
        <boolean name="face_normals" value="true"/>
        <ref id="mat-Material" name="bsdf"/>
        <transform name="to_world">
            <matrix value="0.8566212255796265 0.4396806160739055 -0.26996488583760303 -0.19029220906319544 -0.3776625941665913 0.1778468075165355 -0.9087034141632008 -0.5120593897788221 -0.35152683293530274 0.8803699447043634 0.3183982703426456 -0.33920786974544515 0.0 0.0 0.0 1.0"/>
        </transform>
    </shape>
    <shape name="temp29" type="ply">
        <string name="filename" value="meshes/Cube_025.ply"/>
        <boolean name="face_normals" value="true"/>
        <ref id="mat-Material" name="bsdf"/>
        <transform name="to_world">
            <matrix value="0.8998545282406694 0.36482771998840274 -0.23908740055439434 -0.265784836178798 -0.3210654365837097 0.18295811840483248 -0.9292166189699689 -0.7930236717017478 -0.29526104246782514 0.912922200228191 0.2817692866676343 -0.7060856257043486 0.0 0.0 0.0 1.0"/>
        </transform>
    </shape>
    <shape name="temp30" type="ply">
        <string name="filename" value="meshes/Cube_026.ply"/>
        <boolean name="face_normals" value="true"/>
        <ref id="mat-Material" name="bsdf"/>
        <transform name="to_world">
            <matrix value="0.9232975549042864 0.2369656858348473 -0.3022730356611812 -0.3282891060794658 -0.3491710503220591 0.1900074047344412 -0.9175930605677933 -1.1461641141985275 -0.16000399803555504 0.9527561255926396 0.2581749051227341 -0.886061767972461 0.0 0.0 0.0 1.0"/>
        </transform>
    </shape>
    <shape name="temp31" type="ply">
        <string name="filename" value="meshes/Cube_027.ply"/>
        <boolean name="face_normals" value="true"/>
        <ref id="mat-Material" name="bsdf"/>
        <transform name="to_world">
            <matrix value="0.8737143789215764 0.1729079330778874 -0.4546719045568037 -0.5871198664342925 -0.482263703687944 0.18568850472338627 -0.8561201096306985 -1.5825966875510882 -0.0636026289521601 0.9672758712035092 0.24562585900153233 -1.0233096604774063 0.0 0.0 0.0 1.0"/>
        </transform>
    </shape>
    <shape name="temp32" type="ply">
        <string name="filename" value="meshes/Cube_028.ply"/>
        <boolean name="face_normals" value="true"/>
        <ref id="mat-Material" name="bsdf"/>
        <transform name="to_world">
            <matrix value="-0.10587245823338244 0.9845766682032361 0.13928306496947426 -1.4870457358742843 -0.7960252789316824 2.6237164257868313e-05 -0.6052635311505219 -2.1218366265460205 -0.595932020984811 -0.17495353789868237 0.7837450788402067 -1.3613443410125385 0.0 0.0 0.0 1.0"/>
        </transform>
    </shape>
    <shape name="temp33" type="ply">
        <string name="filename" value="meshes/Cube_029.ply"/>
        <boolean name="face_normals" value="true"/>
        <ref id="mat-Material" name="bsdf"/>
        <transform name="to_world">
            <matrix value="0.00015267043953569597 0.9773496473886317 0.2116309575760212 -1.5805169310220633 -0.9984628395449153 -0.01158133422885427 0.054204976499940195 -1.8137581325550864 0.05542819758628576 -0.21131380847393638 0.975845361521743 -0.10743559076242559 0.0 0.0 0.0 1.0"/>
        </transform>
    </shape>
    <shape name="temp34" type="ply">
        <string name="filename" value="meshes/Cube_030.ply"/>
        <boolean name="face_normals" value="true"/>
        <ref id="mat-Material" name="bsdf"/>
        <transform name="to_world">
            <matrix value="-0.042576088514150026 0.9787072068717014 -0.20079677177938304 -3.2272385442907976 -0.9745639018404868 0.0035776029975239064 0.22408012689909818 -1.911038413693405 0.22002716375199963 0.20522975408414035 0.9536607081320764 0.2572867890366888 0.0 0.0 0.0 1.0"/>
        </transform>
    </shape>
    <shape name="temp35" type="ply">
        <string name="filename" value="meshes/Cube_031.ply"/>
        <boolean name="face_normals" value="true"/>
        <ref id="mat-Material" name="bsdf"/>
        <transform name="to_world">
            <matrix value="0.13675613046893145 0.977417228626912 0.16109958815205516 -1.8921473077264161 -0.7649398876294929 0.000865315180957109 0.6441011563986779 -1.1301144730680195 0.6294162336200217 -0.21131631148276156 0.7477839119739434 0.6192992781586448 0.0 0.0 0.0 1.0"/>
        </transform>
    </shape>
    <shape name="temp36" type="ply">
        <string name="filename" value="meshes/Cube_032.ply"/>
        <boolean name="face_normals" value="true"/>
        <ref id="mat-Material" name="bsdf"/>
        <transform name="to_world">
            <matrix value="0.7468955386887508 0.6138472705731682 0.25561521648375185 -0.6551358008803922 -0.32046205234855774 -0.004528887850603747 0.9472507459454655 0.14377256520127607 0.5826250339079512 -0.7894118555013007 0.19333211510939666 -0.11340117880780687 0.0 0.0 0.0 1.0"/>
        </transform>
    </shape>
    <shape name="temp37" type="ply">
        <string name="filename" value="meshes/Cube_033.ply"/>
        <boolean name="face_normals" value="true"/>
        <ref id="mat-Material" name="bsdf"/>
        <transform name="to_world">
            <matrix value="0.9766673403932791 0.1693652786787451 0.13204880050645335 -0.1420434259248311 -0.15010540275554182 0.0986111638365285 0.9837400199801334 0.3004683983265324 0.15358994338923493 -0.9806075219586878 0.12173291015417231 -0.3812287729364161 0.0 0.0 0.0 1.0"/>
        </transform>
    </shape>
    <shape name="temp38" type="ply">
        <string name="filename" value="meshes/Cube_034.ply"/>
        <boolean name="face_normals" value="true"/>
        <ref id="mat-Material" name="bsdf"/>
        <transform name="to_world">
            <matrix value="0.9999242057561075 0.00185799596598411 0.012173579417720477 -0.0336598370962764 -0.012309197963927258 0.1799250557440924 0.9836033834790868 0.36936190793379453 -0.0003627995645598526 -0.9836785052031297 0.17993431519345884 -0.3669441988885812 0.0 0.0 0.0 1.0"/>
        </transform>
    </shape>
    <shape name="temp39" type="ply">
        <string name="filename" value="meshes/Cube_035.ply"/>
        <boolean name="face_normals" value="true"/>
        <ref id="mat-Material" name="bsdf"/>
        <transform name="to_world">
            <matrix value="0.9988808159893056 -0.04719116521318335 0.0032144564254851186 0.009045459307997383 0.006508394101700806 0.20443645799221147 0.9788582200093519 0.09133486937924795 -0.04685063835596523 -0.9777415768538431 0.20451479622013324 -0.14969030650414555 0.0 0.0 0.0 1.0"/>
        </transform>
    </shape>
    <shape name="temp40" type="ply">
        <string name="filename" value="meshes/Cube_036.ply"/>
        <boolean name="face_normals" value="true"/>
        <ref id="mat-Material" name="bsdf"/>
        <transform name="to_world">
            <matrix value="0.998891453777922 -0.046960700675603796 0.0032726805953947353 0.002988027537357496 0.006569472738007223 0.20790320864872983 0.9781275220426826 -0.23949434765191774 -0.046613947559248047 -0.9770215446484629 0.20798122642843062 0.18703285732349983 0.0 0.0 0.0 1.0"/>
        </transform>
    </shape>
    <shape name="temp41" type="ply">
        <string name="filename" value="meshes/Cube_037.ply"/>
        <boolean name="face_normals" value="true"/>
        <ref id="mat-Material" name="bsdf"/>
        <transform name="to_world">
            <matrix value="0.9988431404879553 -0.0479683077365917 0.0034084424337182955 -0.0054789665340302385 0.006648165779297799 0.2079359563475261 0.9781199573921057 -0.5702974120085433 -0.04762750719380455 -0.9769654355339649 0.20801432177470486 0.5205736994987579 0.0 0.0 0.0 1.0"/>
        </transform>
    </shape>
    <shape name="temp42" type="ply">
        <string name="filename" value="meshes/Cube_038.ply"/>
        <boolean name="face_normals" value="true"/>
        <ref id="mat-Material" name="bsdf"/>
        <transform name="to_world">
            <matrix value="0.9990222099296665 -0.04407354257096551 0.0035601373173195982 0.009196040424447105 0.005689018433514707 0.20796367717026512 0.9781201937874361 -0.9039298496391175 -0.043849607376951816 -0.9771431491605534 0.20801103587961045 0.8665295899694161 0.0 0.0 0.0 1.0"/>
        </transform>
    </shape>
    <shape name="temp43" type="ply">
        <string name="filename" value="meshes/Cube_039.ply"/>
        <boolean name="face_normals" value="true"/>
        <ref id="mat-Material" name="bsdf"/>
        <transform name="to_world">
            <matrix value="0.9999429426936475 -0.009699745992892009 -0.004532941121498523 0.021930165394532963 0.008286382119755452 0.4330160576727993 0.9013481018013823 -1.319252255013524 -0.0067799877702035116 -0.901334070506548 0.43307159127635636 1.476093899783617 0.0 0.0 0.0 1.0"/>
        </transform>
    </shape>
    <shape name="temp47" type="ply">
        <string name="filename" value="meshes/Plane_001.ply"/>
        <boolean name="face_normals" value="true"/>
        <ref id="mat-Material.002" name="bsdf"/>
    </shape>
    <shape name="temp49" type="ply">
        <string name="filename" value="meshes/Plane_002.ply"/>
        <boolean name="face_normals" value="true"/>
        <ref id="mat-Material.003" name="bsdf"/>
    </shape>
    <shape name="temp51" type="ply">
        <string name="filename" value="meshes/Plane_003.ply"/>
        <boolean name="face_normals" value="true"/>
        <ref id="mat-Material.004" name="bsdf"/>
    </shape>
    <shape name="temp53" type="ply">
        <string name="filename" value="meshes/Plane_004.ply"/>
        <boolean name="face_normals" value="true"/>
        <ref id="mat-Material.005" name="bsdf"/>
    </shape>
    <emitter type="point">
        <rgb name="intensity" value="100"/>
        <animation name="to_world">
            <transform time="0">
                <rotate angle="-142.5518126578256" x="1"/>
                <rotate angle="3.976628485794621e-06" y="1"/>
                <rotate angle="-179.999991348578" z="1"/>
                <translate value="-0.000000 3.030926 4.073377"/>
                <translate x="38.1" y="0.0" z="0.0"/>
            </transform>
            <transform time="0.0015">
                <rotate angle="-142.5518126578256" x="1"/>
                <rotate angle="3.976628485794621e-06" y="1"/>
                <rotate angle="-179.999991348578" z="1"/>
                <translate value="-0.000000 3.030926 4.073377"/>
                <translate x="38.25" y="0.0" z="0.0"/>
            </transform>
        </animation>
    </emitter>
</scene>
