
<scene version="2.1.0">
    <default name="spp" value="1024"/>
    <default name="resx" value="640"/>
    <default name="resy" value="360"/>
    <integrator name="temp0" type="path">
        <integer name="max_depth" value="12"/>
    </integrator>
    <sensor name="temp44" type="perspective">
        <string name="fov_axis" value="x"/>
        <float name="fov" value="83.974423"/>
        <float name="principal_point_offset_x" value="0.000000"/>
        <float name="principal_point_offset_y" value="-0.000000"/>
        <float name="near_clip" value="0.100000"/>
        <float name="far_clip" value="1000.000000"/>
        <sampler name="sampler" type="independent">
            <integer name="sample_count" value="$spp"/>
        </sampler>
        <film name="film" type="hdrfilm">
            <integer name="width" value="$resx"/>
            <integer name="height" value="$resy"/>
        </film>
        <float name="shutter_open" value="0.0"/>
        <float name="shutter_close" value="0.0015"/>
        <animation name="to_world">
            <transform time="0">
                <rotate angle="-142.5518126578256" x="1"/>
                <rotate angle="3.976628485794621e-06" y="1"/>
                <rotate angle="-179.999991348578" z="1"/>
                <translate value="-0.000000 3.030926 4.073377"/>
            </transform>
            <transform time="0.0015">
                <rotate angle="-142.5518126578256" x="1"/>
                <rotate angle="3.976628485794621e-06" y="1"/>
                <rotate angle="-179.999991348578" z="1"/>
                <translate value="-0.000000 3.030926 4.073377"/>
                <translate x="0.15" y="0.0" z="0.0"/>
            </transform>
        </animation>
    </sensor>
    <bsdf id="mat-Material" name="mat-Material" type="twosided">
        <bsdf name="bsdf" type="diffuse">
            <texture name="reflectance" type="bitmap">
                <string name="filename" value="textures/siggraph_2023_logo.jpg"/>
            </texture>
        </bsdf>
    </bsdf>
    <bsdf id="mat-Material.001" name="mat-Material.001" type="twosided">
        <bsdf name="bsdf" type="principled">
            <rgb name="base_color" value="0.433648 0.266232 0.084399"/>
            <float name="spec_tint" value="0.000000"/>
            <float name="spec_trans" value="0.000000"/>
            <float name="metallic" value="0.000000"/>
            <float name="anisotropic" value="0.000000"/>
            <float name="roughness" value="0.500000"/>
            <float name="sheen" value="0.000000"/>
            <float name="sheen_tint" value="0.500000"/>
            <float name="clearcoat" value="0.000000"/>
            <float name="clearcoat_gloss" value="0.173205"/>
            <float name="specular" value="0.500000"/>
        </bsdf>
    </bsdf>
    <bsdf id="mat-Material.002" name="mat-Material.002" type="twosided">
        <bsdf name="bsdf" type="principled">
            <rgb name="base_color" value="0.433648 0.266232 0.084399"/>
            <float name="spec_tint" value="0.000000"/>
            <float name="spec_trans" value="0.000000"/>
            <float name="metallic" value="0.000000"/>
            <float name="anisotropic" value="0.000000"/>
            <float name="roughness" value="0.500000"/>
            <float name="sheen" value="0.000000"/>
            <float name="sheen_tint" value="0.500000"/>
            <float name="clearcoat" value="0.000000"/>
            <float name="clearcoat_gloss" value="0.173205"/>
            <float name="specular" value="0.500000"/>
        </bsdf>
    </bsdf>
    <bsdf id="mat-Material.003" name="mat-Material.003" type="twosided">
        <bsdf name="bsdf" type="principled">
            <rgb name="base_color" value="0.433648 0.266232 0.084399"/>
            <float name="spec_tint" value="0.000000"/>
            <float name="spec_trans" value="0.000000"/>
            <float name="metallic" value="0.000000"/>
            <float name="anisotropic" value="0.000000"/>
            <float name="roughness" value="0.500000"/>
            <float name="sheen" value="0.000000"/>
            <float name="sheen_tint" value="0.500000"/>
            <float name="clearcoat" value="0.000000"/>
            <float name="clearcoat_gloss" value="0.173205"/>
            <float name="specular" value="0.500000"/>
        </bsdf>
    </bsdf>
    <bsdf id="mat-Material.004" name="mat-Material.004" type="twosided">
        <bsdf name="bsdf" type="principled">
            <rgb name="base_color" value="0.433648 0.266232 0.084399"/>
            <float name="spec_tint" value="0.000000"/>
            <float name="spec_trans" value="0.000000"/>
            <float name="metallic" value="0.000000"/>
            <float name="anisotropic" value="0.000000"/>
            <float name="roughness" value="0.500000"/>
            <float name="sheen" value="0.000000"/>
            <float name="sheen_tint" value="0.500000"/>
            <float name="clearcoat" value="0.000000"/>
            <float name="clearcoat_gloss" value="0.173205"/>
            <float name="specular" value="0.500000"/>
        </bsdf>
    </bsdf>
    <bsdf id="mat-Material.005" name="mat-Material.005" type="twosided">
        <bsdf name="bsdf" type="principled">
            <rgb name="base_color" value="0.433648 0.266232 0.084399"/>
            <float name="spec_tint" value="0.000000"/>
            <float name="spec_trans" value="0.000000"/>
            <float name="metallic" value="0.000000"/>
            <float name="anisotropic" value="0.000000"/>
            <float name="roughness" value="0.500000"/>
            <float name="sheen" value="0.000000"/>
            <float name="sheen_tint" value="0.500000"/>
            <float name="clearcoat" value="0.000000"/>
            <float name="clearcoat_gloss" value="0.173205"/>
            <float name="specular" value="0.500000"/>
        </bsdf>
    </bsdf>
    <emitter name="temp45" type="point">
        <point name="position" x="-6.815235034541981e-16" y="3.0693089962005615" z="4.109199523925781"/>
        <rgb name="intensity" value="7.957747 7.957747 7.957747"/>
    </emitter>
    <shape name="temp2" type="ply">
        <string name="filename" value="meshes/Cube.ply"/>
        <boolean name="face_normals" value="true"/>
        <ref id="mat-Material" name="bsdf"/>
        <transform name="to_world">
            <matrix value="1.0 0.00015090702782302894 0.00047983996981704424 -0.0013057350449905414 -0.0001505388926416643 0.9999995828318625 -0.0007674834440530262 -0.016463284032531056 -0.00047995486031697065 0.0007674099907597258 0.9999995272093389 0.0011592962265518647 0.0 0.0 0.0 1.0"/>
            <scale value="1"/>
        </transform>
    </shape>
    <shape name="temp4" type="ply">
        <string name="filename" value="meshes/Plane.ply"/>
        <boolean name="face_normals" value="true"/>
        <ref id="mat-Material.001" name="bsdf"/>
        <transform name="to_world">
            <scale value="1"/>
        </transform>
    </shape>
    <shape name="temp5" type="ply">
        <string name="filename" value="meshes/Cube_001.ply"/>
        <boolean name="face_normals" value="true"/>
        <ref id="mat-Material" name="bsdf"/>
        <transform name="to_world">
            <matrix value="1.0 0.00019821222594660666 -9.808396856698569e-05 0.0005997073823609256 -0.0001985108868901666 0.9999954111504872 -0.003052218310142164 -0.014184020403923525 9.747848950493504e-05 0.003052248223385194 0.9999955084887199 -0.00039372885589761264 0.0 0.0 0.0 1.0"/>
            <scale value="1"/>
        </transform>
    </shape>
    <shape name="temp6" type="ply">
        <string name="filename" value="meshes/Cube_002.ply"/>
        <boolean name="face_normals" value="true"/>
        <ref id="mat-Material" name="bsdf"/>
        <transform name="to_world">
            <matrix value="1.0 -4.352106594802503e-05 -8.886147753700651e-05 -0.0005818018440648665 4.34748691108759e-05 0.9999997914159312 -0.0005195354737196948 -0.017513395532495202 8.888404278518582e-05 0.0005195307692789041 1.0 -2.255098645143061e-05 0.0 0.0 0.0 1.0"/>
            <scale value="1"/>
        </transform>
    </shape>
    <shape name="temp7" type="ply">
        <string name="filename" value="meshes/Cube_003.ply"/>
        <boolean name="face_normals" value="true"/>
        <ref id="mat-Material" name="bsdf"/>
        <transform name="to_world">
            <matrix value="1.0 0.00010828454204324782 0.0005272561452148148 -0.0008261042219843695 -0.00010881305327581836 0.9999993742477937 0.0010024320351604958 -0.017781237112393822 -0.0005271467500669294 -0.0010024884079403785 0.9999995272093389 0.0012016389448939457 0.0 0.0 0.0 1.0"/>
            <scale value="1"/>
        </transform>
    </shape>
    <shape name="temp8" type="ply">
        <string name="filename" value="meshes/Cube_004.ply"/>
        <boolean name="face_normals" value="true"/>
        <ref id="mat-Material" name="bsdf"/>
        <transform name="to_world">
            <matrix value="1.0 0.0003939339581121473 0.0001272757187481827 -0.0006177299740697251 -0.000394025020078826 0.9999995828318625 0.0007081789474828862 -0.016809566483849014 -0.0001269965799509598 -0.0007082284329287498 0.9999997636046695 0.0006062361720752044 0.0 0.0 0.0 1.0"/>
            <scale value="1"/>
        </transform>
    </shape>
    <shape name="temp9" type="ply">
        <string name="filename" value="meshes/Cube_005.ply"/>
        <boolean name="face_normals" value="true"/>
        <ref id="mat-Material" name="bsdf"/>
        <transform name="to_world">
            <matrix value="1.0 -0.00027448203361123683 0.00047298923313827566 -0.0003266253975149347 0.00027527095334088615 0.9999985399115188 -0.001668298582431761 -0.018959071654146065 -0.0004725305703450367 0.0016684285067675103 0.9999985816280168 0.0009916101564895197 0.0 0.0 0.0 1.0"/>
            <scale value="1"/>
        </transform>
    </shape>
    <shape name="temp10" type="ply">
        <string name="filename" value="meshes/Cube_006.ply"/>
        <boolean name="face_normals" value="true"/>
        <ref id="mat-Material" name="bsdf"/>
        <transform name="to_world">
            <matrix value="1.0 5.645223529117294e-05 -0.00021207521532068684 -0.0005647788084988115 -5.626725316341239e-05 0.9999995828318625 0.0008719489045676778 -0.017038159317541157 0.00021212459687213557 -0.0008719356392997416 0.9999995272093389 -0.00046978975188960437 0.0 0.0 0.0 1.0"/>
            <scale value="1"/>
        </transform>
    </shape>
    <shape name="temp11" type="ply">
        <string name="filename" value="meshes/Cube_007.ply"/>
        <boolean name="face_normals" value="true"/>
        <ref id="mat-Material" name="bsdf"/>
        <transform name="to_world">
            <matrix value="1.0 -0.0003804343971816121 -1.6138520099040187e-05 0.0004762015294699218 0.00038045253152774606 0.9999993742477937 0.0010755443829869118 -0.017615434227267412 1.5729344517195098e-05 -0.0010755491497070437 0.9999995272093389 4.5270614586589986e-05 0.0 0.0 0.0 1.0"/>
            <scale value="1"/>
        </transform>
    </shape>
    <shape name="temp12" type="ply">
        <string name="filename" value="meshes/Cube_008.ply"/>
        <boolean name="face_normals" value="true"/>
        <ref id="mat-Material" name="bsdf"/>
        <transform name="to_world">
            <matrix value="0.9999991135176153 -0.0013656311858212895 9.493920148494091e-05 0.00010994212997905706 0.0013654798440500189 0.9999977055752436 0.001562551859225635 -0.01888166919048656 -9.707292381393089e-05 -0.0015624219113392558 0.9999988180233473 0.0003708590804247791 0.0 0.0 0.0 1.0"/>
            <scale value="1"/>
        </transform>
    </shape>
    <shape name="temp13" type="ply">
        <string name="filename" value="meshes/Cube_009.ply"/>
        <boolean name="face_normals" value="true"/>
        <ref id="mat-Material" name="bsdf"/>
        <transform name="to_world">
            <matrix value="0.9999991135176153 -0.001334036956925304 0.0003003166279057123 0.000665015086749321 0.0013338368553278477 0.9999989570796561 0.0006593727675415973 -0.01956056189069877 -0.0003011948009581102 -0.0006589713050896599 0.9999997636046695 0.0004843774062075479 0.0 0.0 0.0 1.0"/>
            <scale value="1"/>
        </transform>
    </shape>
    <shape name="temp14" type="ply">
        <string name="filename" value="meshes/Cube_010.ply"/>
        <boolean name="face_normals" value="true"/>
        <ref id="mat-Material" name="bsdf"/>
        <transform name="to_world">
            <matrix value="0.9999991135176153 -0.0005060583242773083 0.0014600366601878587 0.002725058803854541 0.0005057293356523712 0.9999997914159312 0.00022756005505174457 -0.018274966905080625 -0.0014601517303249668 -0.00022682057389820682 0.999999054418678 0.00243119267918801 0.0 0.0 0.0 1.0"/>
            <scale value="1"/>
        </transform>
    </shape>
    <shape name="temp15" type="ply">
        <string name="filename" value="meshes/Cube_011.ply"/>
        <boolean name="face_normals" value="true"/>
        <ref id="mat-Material" name="bsdf"/>
        <transform name="to_world">
            <matrix value="0.9999986702764229 0.0016982622861231105 -0.0002923359215470089 -0.0005462987414261988 -0.0016980525754972725 0.99999833132745 0.0007157388701532456 -0.014207450369426555 0.0002935511065959608 -0.0007152410293206626 0.9999997636046695 -0.00042078242290055634 0.0 0.0 0.0 1.0"/>
            <scale value="1"/>
        </transform>
    </shape>
    <shape name="temp16" type="ply">
        <string name="filename" value="meshes/Cube_012.ply"/>
        <boolean name="face_normals" value="true"/>
        <ref id="mat-Material" name="bsdf"/>
        <transform name="to_world">
            <matrix value="0.9999986702764229 -0.0016171981736378938 -0.0001284664420280639 -0.0004974687070300465 0.0016169527345322122 0.9999968712389685 -0.0018760735302947708 -0.022222625604992774 0.00013149991046527916 0.0018758632773146053 0.9999983452326863 -0.00018546048606626897 0.0 0.0 0.0 1.0"/>
            <scale value="1"/>
        </transform>
    </shape>
    <shape name="temp17" type="ply">
        <string name="filename" value="meshes/Cube_013.ply"/>
        <boolean name="face_normals" value="true"/>
        <ref id="mat-Material" name="bsdf"/>
        <transform name="to_world">
            <matrix value="0.9999995567588077 -0.0010087375866406076 5.618384181180946e-05 -0.0004037500546442141 0.0010088790075652406 0.9999960369026935 -0.0025945333107024204 -0.021659816989473668 -5.356614133720549e-05 0.002594593918105723 0.9999966904653725 6.242855559435156e-05 0.0 0.0 0.0 1.0"/>
            <scale value="1"/>
        </transform>
    </shape>
    <shape name="temp18" type="ply">
        <string name="filename" value="meshes/Cube_014.ply"/>
        <boolean name="face_normals" value="true"/>
        <ref id="mat-Material" name="bsdf"/>
        <transform name="to_world">
            <matrix value="1.0 -0.0001374135158304879 -2.6756169090743183e-05 -8.267371990300365e-05 0.00013739945073551444 0.9999997914159312 -0.0005245659663533799 -0.018293721816747266 2.6828148297865173e-05 0.0005245618170175399 1.0 -0.00013524776210416256 0.0 0.0 0.0 1.0"/>
            <scale value="1"/>
        </transform>
    </shape>
    <shape name="temp19" type="ply">
        <string name="filename" value="meshes/Cube_015.ply"/>
        <boolean name="face_normals" value="true"/>
        <ref id="mat-Material" name="bsdf"/>
        <transform name="to_world">
            <matrix value="1.0 -0.0002370891676035568 -3.671857750528225e-05 0.000508489113629107 0.0002370874975843355 1.0 -3.95659592615199e-05 -0.018032498638768324 3.672794032909772e-05 3.955734288926481e-05 1.0 -8.503141931909264e-05 0.0 0.0 0.0 1.0"/>
            <scale value="1"/>
        </transform>
    </shape>
    <shape name="temp20" type="ply">
        <string name="filename" value="meshes/Cube_016.ply"/>
        <boolean name="face_normals" value="true"/>
        <ref id="mat-Material" name="bsdf"/>
        <transform name="to_world">
            <matrix value="1.0 0.0001638183816796441 0.00033177375453938133 0.0005167156080126967 -0.00016444070939866353 0.9999981227433812 0.0018758087675245767 -0.01733960691926012 -0.0003314664014311372 -0.0018758632773146053 0.9999983452326863 0.0006064124971437712 0.0 0.0 0.0 1.0"/>
            <scale value="1"/>
        </transform>
    </shape>
    <shape name="temp21" type="ply">
        <string name="filename" value="meshes/Cube_017.ply"/>
        <boolean name="face_normals" value="true"/>
        <ref id="mat-Material" name="bsdf"/>
        <transform name="to_world">
            <matrix value="1.0 -3.477555311280435e-05 0.00011741921544172122 0.0004716920427157989 3.473601441065765e-05 1.0 0.0003368586180990884 -0.017858631219415777 -0.00011743099177876237 -0.0003368549276943325 1.0 1.7403800466164743e-05 0.0 0.0 0.0 1.0"/>
            <scale value="1"/>
        </transform>
    </shape>
    <shape name="temp22" type="ply">
        <string name="filename" value="meshes/Cube_018.ply"/>
        <boolean name="face_normals" value="true"/>
        <ref id="mat-Material" name="bsdf"/>
        <transform name="to_world">
            <matrix value="0.9999977837940383 -0.002089701578772817 -0.00026646481657377117 0.000690938787676787 0.002089403521462625 0.9999970798230373 -0.0011239203234266353 -0.01775329200235415 0.00026881292916828447 0.0011233607899495852 0.9999995272093389 -0.0002473812189403568 0.0 0.0 0.0 1.0"/>
            <scale value="1"/>
        </transform>
    </shape>
    <shape name="temp23" type="ply">
        <string name="filename" value="meshes/Cube_019.ply"/>
        <boolean name="face_normals" value="true"/>
        <ref id="mat-Material" name="bsdf"/>
        <transform name="to_world">
            <matrix value="0.9999809406287288 0.0014308804542126684 -0.006070655727551545 0.00362847825806753 -0.001403975341605987 0.9999891536284242 0.00443383081942659 -0.017782289961940312 0.0060769209630035445 -0.004425215310904984 0.9999718689556668 -0.0010590914431157783 0.0 0.0 0.0 1.0"/>
            <scale value="1"/>
        </transform>
    </shape>
    <shape name="temp24" type="ply">
        <string name="filename" value="meshes/Cube_020.ply"/>
        <boolean name="face_normals" value="true"/>
        <ref id="mat-Material" name="bsdf"/>
        <transform name="to_world">
            <matrix value="0.9999708549685423 -0.005594676799926605 0.005146610827465414 -0.003403849734324782 0.00554339811702999 0.9999353438623138 0.009924561517073924 -0.015719644367348684 -0.00520180860863304 -0.009895735161845248 0.9999375916286343 -0.00030192492968117435 0.0 0.0 0.0 1.0"/>
            <scale value="1"/>
        </transform>
    </shape>
    <shape name="temp25" type="ply">
        <string name="filename" value="meshes/Cube_021.ply"/>
        <boolean name="face_normals" value="true"/>
        <ref id="mat-Material" name="bsdf"/>
        <transform name="to_world">
            <matrix value="0.9991356796749092 0.03312640403151288 0.02511797308970115 -0.015818298860319158 -0.033268655578545 0.9994326513329566 0.005266060580558564 -0.02110958173684202 -0.02492926757052411 -0.006097139686665013 0.9996707013045713 -0.012327631839684106 0.0 0.0 0.0 1.0"/>
            <scale value="1"/>
        </transform>
    </shape>
    <shape name="temp26" type="ply">
        <string name="filename" value="meshes/Cube_022.ply"/>
        <boolean name="face_normals" value="true"/>
        <ref id="mat-Material" name="bsdf"/>
        <transform name="to_world">
            <matrix value="0.9991148473388686 0.038840627170577964 0.016174924979941857 -0.00794066583988473 -0.038835033606547206 0.9992453428392047 -0.0006601221407393785 -0.02265521303951884 -0.01618836509599718 3.13825160661879e-05 0.9998690369868861 -0.011835197309595757 0.0 0.0 0.0 1.0"/>
            <scale value="1"/>
        </transform>
    </shape>
    <shape name="temp27" type="ply">
        <string name="filename" value="meshes/Cube_023.ply"/>
        <boolean name="face_normals" value="true"/>
        <ref id="mat-Material" name="bsdf"/>
        <transform name="to_world">
            <matrix value="0.9994827375285226 0.030518331410883504 0.010136182622011904 -0.002718608564277303 -0.030613844727291423 0.9994870917749045 0.009405602853007965 -0.019643442025590485 -0.009843939208583986 -0.00971104640369778 0.9999044962864657 -0.008857281546901297 0.0 0.0 0.0 1.0"/>
            <scale value="1"/>
        </transform>
    </shape>
    <shape name="temp28" type="ply">
        <string name="filename" value="meshes/Cube_024.ply"/>
        <boolean name="face_normals" value="true"/>
        <ref id="mat-Material" name="bsdf"/>
        <transform name="to_world">
            <matrix value="0.9995159806179491 0.030010908946796463 0.008206842131888737 -0.0009980006060004154 -0.030098213383401858 0.9994893861996609 0.01072840020405645 -0.018689997390132662 -0.007880686562877309 -0.010970226710024341 0.9999087514024153 -0.00767349459889477 0.0 0.0 0.0 1.0"/>
            <scale value="1"/>
        </transform>
    </shape>
    <shape name="temp29" type="ply">
        <string name="filename" value="meshes/Cube_025.ply"/>
        <boolean name="face_normals" value="true"/>
        <ref id="mat-Material" name="bsdf"/>
        <transform name="to_world">
            <matrix value="0.9995580885312227 0.029413107005713122 0.004350454186348548 0.0011155606884698521 -0.029467405815679037 0.999481251420979 0.012989994331239974 -0.0163373548380355 -0.003966126621597902 -0.0131124560148345 0.99990638744911 -0.0047586027124873476 0.0 0.0 0.0 1.0"/>
            <scale value="1"/>
        </transform>
    </shape>
    <shape name="temp30" type="ply">
        <string name="filename" value="meshes/Cube_026.ply"/>
        <boolean name="face_normals" value="true"/>
        <ref id="mat-Material" name="bsdf"/>
        <transform name="to_world">
            <matrix value="0.9995962072737652 0.025905411296495998 0.011710150011748847 0.007977039379073458 -0.026136971279743702 0.9994568470849334 0.020073013061787593 -0.005386449620028766 -0.011183790846892082 -0.020370975109663073 0.9997300365325343 -0.01474976826643315 0.0 0.0 0.0 1.0"/>
            <scale value="1"/>
        </transform>
    </shape>
    <shape name="temp31" type="ply">
        <string name="filename" value="meshes/Cube_027.ply"/>
        <boolean name="face_normals" value="true"/>
        <ref id="mat-Material" name="bsdf"/>
        <transform name="to_world">
            <matrix value="0.9992815060271938 0.03398097296124716 0.016797188408496803 0.01763420689390638 -0.03409637747838313 0.99939656628906 0.006632047358494937 -0.03009526549376551 -0.016561680557845637 -0.0071999987484955875 0.9998368872219341 -0.024641397843400137 0.0 0.0 0.0 1.0"/>
            <scale value="1"/>
        </transform>
    </shape>
    <shape name="temp32" type="ply">
        <string name="filename" value="meshes/Cube_028.ply"/>
        <boolean name="face_normals" value="true"/>
        <ref id="mat-Material" name="bsdf"/>
        <transform name="to_world">
            <matrix value="0.9993967487372059 -0.0171137742661491 0.030222741136238882 0.04023653493399748 0.01567407234050852 0.9987601762952549 0.0472473182131728 0.10354698309521859 -0.030993857563556354 -0.046745108182127265 0.9984260798893292 -0.05413492832402711 0.0 0.0 0.0 1.0"/>
            <scale value="1"/>
        </transform>
    </shape>
    <shape name="temp33" type="ply">
        <string name="filename" value="meshes/Cube_029.ply"/>
        <boolean name="face_normals" value="true"/>
        <ref id="mat-Material" name="bsdf"/>
        <transform name="to_world">
            <matrix value="0.9279068200635785 -0.3721961608016303 0.021423728701371707 -0.07016872324450052 0.3686185235813179 0.9245478418849326 0.09660115521670123 0.9122289942810248 -0.05576182523177082 -0.08173965370872904 0.9950926693335213 -0.14373432846159506 0.0 0.0 0.0 1.0"/>
            <scale value="1"/>
        </transform>
    </shape>
    <shape name="temp34" type="ply">
        <string name="filename" value="meshes/Cube_030.ply"/>
        <boolean name="face_normals" value="true"/>
        <ref id="mat-Material" name="bsdf"/>
        <transform name="to_world">
            <matrix value="0.9942722908111148 -0.10649120031848681 -0.0090527255178875 -0.020666685666439477 0.10588299645644443 0.993016499913527 -0.05202781891358904 0.20135434409739433 0.014530004858184101 0.05077129096399046 0.998604646737376 -0.013044557718288052 0.0 0.0 0.0 1.0"/>
            <scale value="1"/>
        </transform>
    </shape>
    <shape name="temp35" type="ply">
        <string name="filename" value="meshes/Cube_031.ply"/>
        <boolean name="face_normals" value="true"/>
        <ref id="mat-Material" name="bsdf"/>
        <transform name="to_world">
            <matrix value="0.9996511691816172 0.007750908905079648 -0.025259526613622706 -0.014574578839921415 -0.006267412730241638 0.9982800157689556 0.058289060427847185 0.07422239081828647 0.02566786253140364 -0.05811039520423509 0.997980238295949 -0.08223467999685075 0.0 0.0 0.0 1.0"/>
            <scale value="1"/>
        </transform>
    </shape>
    <shape name="temp36" type="ply">
        <string name="filename" value="meshes/Cube_032.ply"/>
        <boolean name="face_normals" value="true"/>
        <ref id="mat-Material" name="bsdf"/>
        <transform name="to_world">
            <matrix value="0.9995385859187592 0.028854435435930276 0.009486710090912917 -0.001454495569079839 -0.02985430218766123 0.9908164606203708 0.1318760427989018 0.06726110642225924 -0.0055943820065351485 -0.13209841830700655 0.9912209866100957 -0.3645604848702977 0.0 0.0 0.0 1.0"/>
            <scale value="1"/>
        </transform>
    </shape>
    <shape name="temp37" type="ply">
        <string name="filename" value="meshes/Cube_033.ply"/>
        <boolean name="face_normals" value="true"/>
        <ref id="mat-Material" name="bsdf"/>
        <transform name="to_world">
            <matrix value="0.9980772197075671 0.012020601848472019 0.06080579603527207 -0.013022954072450244 -0.03981486701877747 0.8761915886388429 0.48031536082674064 0.2511616832263416 -0.04750384290113771 -0.4818127207080178 0.8749856389836702 -0.4561688469275257 0.0 0.0 0.0 1.0"/>
            <scale value="1"/>
        </transform>
    </shape>
    <shape name="temp38" type="ply">
        <string name="filename" value="meshes/Cube_034.ply"/>
        <boolean name="face_normals" value="true"/>
        <ref id="mat-Material" name="bsdf"/>
        <transform name="to_world">
            <matrix value="0.9999281949268386 0.005390242020094989 -0.010711497937923533 -0.02407972389088009 0.005165754476292801 0.6125019033296275 0.7904523235533433 0.3430029412114862 0.010821538685204786 -0.7904506041637552 0.6124300919908789 -0.1716568130068683 0.0 0.0 0.0 1.0"/>
            <scale value="1"/>
        </transform>
    </shape>
    <shape name="temp39" type="ply">
        <string name="filename" value="meshes/Cube_035.ply"/>
        <boolean name="face_normals" value="true"/>
        <ref id="mat-Material" name="bsdf"/>
        <transform name="to_world">
            <matrix value="0.9998772221897179 -0.009854921436810498 -0.012201639543454426 0.004244521129035839 0.015397742483959103 0.46872407039295155 0.8832105417188115 0.11128479300322477 -0.0029847728920778614 -0.8832897044989498 0.46881827392639874 -0.032389576089950134 0.0 0.0 0.0 1.0"/>
            <scale value="1"/>
        </transform>
    </shape>
    <shape name="temp40" type="ply">
        <string name="filename" value="meshes/Cube_036.ply"/>
        <boolean name="face_normals" value="true"/>
        <ref id="mat-Material" name="bsdf"/>
        <transform name="to_world">
            <matrix value="0.9998914059078732 -0.011044144732313636 -0.009776247091746447 0.008632837965294016 0.01346249824919729 0.41258241678017116 0.9108208071387607 -0.2008050935333379 -0.006025726605286627 -0.9108532548501012 0.4126862026919755 0.11918903399848771 0.0 0.0 0.0 1.0"/>
            <scale value="1"/>
        </transform>
    </shape>
    <shape name="temp41" type="ply">
        <string name="filename" value="meshes/Cube_037.ply"/>
        <boolean name="face_normals" value="true"/>
        <ref id="mat-Material" name="bsdf"/>
        <transform name="to_world">
            <matrix value="0.9999352867859163 -0.00892786954318003 -0.007071553557016899 0.0014384804927889405 0.009425887413191213 0.30021087849352246 0.9538263184594967 -0.5472450841550784 -0.006392681556024801 -0.9538309592989906 0.30027573151353054 0.5204864638226241 0.0 0.0 0.0 1.0"/>
            <scale value="1"/>
        </transform>
    </shape>
    <shape name="temp42" type="ply">
        <string name="filename" value="meshes/Cube_038.ply"/>
        <boolean name="face_normals" value="true"/>
        <ref id="mat-Material" name="bsdf"/>
        <transform name="to_world">
            <matrix value="0.9998178278699424 -0.018398518635943623 -0.00510687196497945 0.001074359136506775 0.010286604187388191 0.293682822893353 0.9558477349308614 -0.8693082967774134 -0.016086379730048384 -0.955725736979661 0.293818593060095 0.6999816927211886 0.0 0.0 0.0 1.0"/>
            <scale value="1"/>
        </transform>
    </shape>
    <shape name="temp43" type="ply">
        <string name="filename" value="meshes/Cube_039.ply"/>
        <boolean name="face_normals" value="true"/>
        <ref id="mat-Material" name="bsdf"/>
        <transform name="to_world">
            <matrix value="0.9999253838980439 0.0026155911167891534 -0.011923859353471036 0.020375474725280007 0.009615457283613228 0.4330239341818086 0.9013313037036482 -1.3150461120303907 0.0075208315887577044 -0.9013786112472162 0.43296637327771403 1.4382294189567029 0.0 0.0 0.0 1.0"/>
            <scale value="1"/>
        </transform>
    </shape>
    <shape name="temp47" type="ply">
        <string name="filename" value="meshes/Plane_001.ply"/>
        <boolean name="face_normals" value="true"/>
        <ref id="mat-Material.002" name="bsdf"/>
        <transform name="to_world">
            <scale value="1"/>
        </transform>
    </shape>
    <shape name="temp49" type="ply">
        <string name="filename" value="meshes/Plane_002.ply"/>
        <boolean name="face_normals" value="true"/>
        <ref id="mat-Material.003" name="bsdf"/>
        <transform name="to_world">
            <scale value="1"/>
        </transform>
    </shape>
    <shape name="temp51" type="ply">
        <string name="filename" value="meshes/Plane_003.ply"/>
        <boolean name="face_normals" value="true"/>
        <ref id="mat-Material.004" name="bsdf"/>
        <transform name="to_world">
            <scale value="1"/>
        </transform>
    </shape>
    <shape name="temp53" type="ply">
        <string name="filename" value="meshes/Plane_004.ply"/>
        <boolean name="face_normals" value="true"/>
        <ref id="mat-Material.005" name="bsdf"/>
        <transform name="to_world">
            <scale value="1"/>
        </transform>
    </shape>
    <emitter type="point">
        <transform name="to_world">
            <rotate angle="-142.5518126578256" x="1"/>
            <rotate angle="3.976628485794621e-06" y="1"/>
            <rotate angle="-179.999991348578" z="1"/>
            <translate value="-0.000000 3.030926 4.073377"/>
        </transform>
        <rgb name="intensity" value="100"/>
    </emitter>
</scene>
