
<scene version="2.1.0">
    <default name="spp" value="1024"/>
    <default name="resx" value="640"/>
    <default name="resy" value="360"/>
    <integrator name="temp0" type="path">
        <integer name="max_depth" value="12"/>
    </integrator>
    <sensor name="temp44" type="perspective">
        <string name="fov_axis" value="x"/>
        <float name="fov" value="83.974423"/>
        <float name="principal_point_offset_x" value="0.000000"/>
        <float name="principal_point_offset_y" value="-0.000000"/>
        <float name="near_clip" value="0.100000"/>
        <float name="far_clip" value="1000.000000"/>
        <sampler name="sampler" type="independent">
            <integer name="sample_count" value="$spp"/>
        </sampler>
        <film name="film" type="hdrfilm">
            <integer name="width" value="$resx"/>
            <integer name="height" value="$resy"/>
        </film>
        <float name="shutter_open" value="0.0"/>
        <float name="shutter_close" value="0.0015"/>
        <animation name="to_world">
            <transform time="0">
                <rotate angle="-142.5518126578256" x="1"/>
                <rotate angle="3.976628485794621e-06" y="1"/>
                <rotate angle="-179.999991348578" z="1"/>
                <translate value="-0.000000 3.030926 4.073377"/>
            </transform>
            <transform time="0.0015">
                <rotate angle="-142.5518126578256" x="1"/>
                <rotate angle="3.976628485794621e-06" y="1"/>
                <rotate angle="-179.999991348578" z="1"/>
                <translate value="-0.000000 3.030926 4.073377"/>
                <translate x="0.15" y="0.0" z="0.0"/>
            </transform>
        </animation>
    </sensor>
    <bsdf id="mat-Material" name="mat-Material" type="twosided">
        <bsdf name="bsdf" type="diffuse">
            <texture name="reflectance" type="bitmap">
                <string name="filename" value="textures/siggraph_2023_logo.jpg"/>
            </texture>
        </bsdf>
    </bsdf>
    <bsdf id="mat-Material.001" name="mat-Material.001" type="twosided">
        <bsdf name="bsdf" type="principled">
            <rgb name="base_color" value="0.433648 0.266232 0.084399"/>
            <float name="spec_tint" value="0.000000"/>
            <float name="spec_trans" value="0.000000"/>
            <float name="metallic" value="0.000000"/>
            <float name="anisotropic" value="0.000000"/>
            <float name="roughness" value="0.500000"/>
            <float name="sheen" value="0.000000"/>
            <float name="sheen_tint" value="0.500000"/>
            <float name="clearcoat" value="0.000000"/>
            <float name="clearcoat_gloss" value="0.173205"/>
            <float name="specular" value="0.500000"/>
        </bsdf>
    </bsdf>
    <bsdf id="mat-Material.002" name="mat-Material.002" type="twosided">
        <bsdf name="bsdf" type="principled">
            <rgb name="base_color" value="0.433648 0.266232 0.084399"/>
            <float name="spec_tint" value="0.000000"/>
            <float name="spec_trans" value="0.000000"/>
            <float name="metallic" value="0.000000"/>
            <float name="anisotropic" value="0.000000"/>
            <float name="roughness" value="0.500000"/>
            <float name="sheen" value="0.000000"/>
            <float name="sheen_tint" value="0.500000"/>
            <float name="clearcoat" value="0.000000"/>
            <float name="clearcoat_gloss" value="0.173205"/>
            <float name="specular" value="0.500000"/>
        </bsdf>
    </bsdf>
    <bsdf id="mat-Material.003" name="mat-Material.003" type="twosided">
        <bsdf name="bsdf" type="principled">
            <rgb name="base_color" value="0.433648 0.266232 0.084399"/>
            <float name="spec_tint" value="0.000000"/>
            <float name="spec_trans" value="0.000000"/>
            <float name="metallic" value="0.000000"/>
            <float name="anisotropic" value="0.000000"/>
            <float name="roughness" value="0.500000"/>
            <float name="sheen" value="0.000000"/>
            <float name="sheen_tint" value="0.500000"/>
            <float name="clearcoat" value="0.000000"/>
            <float name="clearcoat_gloss" value="0.173205"/>
            <float name="specular" value="0.500000"/>
        </bsdf>
    </bsdf>
    <bsdf id="mat-Material.004" name="mat-Material.004" type="twosided">
        <bsdf name="bsdf" type="principled">
            <rgb name="base_color" value="0.433648 0.266232 0.084399"/>
            <float name="spec_tint" value="0.000000"/>
            <float name="spec_trans" value="0.000000"/>
            <float name="metallic" value="0.000000"/>
            <float name="anisotropic" value="0.000000"/>
            <float name="roughness" value="0.500000"/>
            <float name="sheen" value="0.000000"/>
            <float name="sheen_tint" value="0.500000"/>
            <float name="clearcoat" value="0.000000"/>
            <float name="clearcoat_gloss" value="0.173205"/>
            <float name="specular" value="0.500000"/>
        </bsdf>
    </bsdf>
    <bsdf id="mat-Material.005" name="mat-Material.005" type="twosided">
        <bsdf name="bsdf" type="principled">
            <rgb name="base_color" value="0.433648 0.266232 0.084399"/>
            <float name="spec_tint" value="0.000000"/>
            <float name="spec_trans" value="0.000000"/>
            <float name="metallic" value="0.000000"/>
            <float name="anisotropic" value="0.000000"/>
            <float name="roughness" value="0.500000"/>
            <float name="sheen" value="0.000000"/>
            <float name="sheen_tint" value="0.500000"/>
            <float name="clearcoat" value="0.000000"/>
            <float name="clearcoat_gloss" value="0.173205"/>
            <float name="specular" value="0.500000"/>
        </bsdf>
    </bsdf>
    <emitter name="temp45" type="point">
        <point name="position" x="-6.815235034541981e-16" y="3.0693089962005615" z="4.109199523925781"/>
        <rgb name="intensity" value="7.957747 7.957747 7.957747"/>
    </emitter>
    <shape name="temp2" type="ply">
        <string name="filename" value="meshes/Cube.ply"/>
        <boolean name="face_normals" value="true"/>
        <ref id="mat-Material" name="bsdf"/>
        <transform name="to_world">
            <matrix value="0.9999995567588077 0.00016687351253485963 0.0010393262543963622 -0.0018238020832077595 -0.00016731202584273447 0.9999997914159312 0.0004219609370900018 -0.017966164234777926 -0.0010392543264772787 -0.00042213452420931 0.9999995272093389 0.002363533067751389 0.0 0.0 0.0 1.0"/>
            <scale value="1"/>
        </transform>
    </shape>
    <shape name="temp4" type="ply">
        <string name="filename" value="meshes/Plane.ply"/>
        <boolean name="face_normals" value="true"/>
        <ref id="mat-Material.001" name="bsdf"/>
        <transform name="to_world">
            <scale value="1"/>
        </transform>
    </shape>
    <shape name="temp5" type="ply">
        <string name="filename" value="meshes/Cube_001.ply"/>
        <boolean name="face_normals" value="true"/>
        <ref id="mat-Material" name="bsdf"/>
        <transform name="to_world">
            <matrix value="0.9999995567588077 -8.544834102660908e-05 -0.0009210340309989926 0.0015781959995178063 8.617229317036242e-05 0.9999995828318625 0.0007860593891260984 -0.018731696160338984 0.0009209665494736953 -0.0007861387542942245 0.9999992908140084 -0.0016756407396283368 0.0 0.0 0.0 1.0"/>
            <scale value="1"/>
        </transform>
    </shape>
    <shape name="temp6" type="ply">
        <string name="filename" value="meshes/Cube_002.ply"/>
        <boolean name="face_normals" value="true"/>
        <ref id="mat-Material" name="bsdf"/>
        <transform name="to_world">
            <matrix value="1.0 -5.8400410493447336e-05 0.0003822276099344665 -0.000954066915264562 5.754511752096974e-05 0.9999974969911749 0.0022372028569794065 -0.01931765838471816 -0.0003823571389312923 -0.002237180944593814 0.9999976360466947 0.000768833316832862 0.0 0.0 0.0 1.0"/>
            <scale value="1"/>
        </transform>
    </shape>
    <shape name="temp7" type="ply">
        <string name="filename" value="meshes/Cube_003.ply"/>
        <boolean name="face_normals" value="true"/>
        <ref id="mat-Material" name="bsdf"/>
        <transform name="to_world">
            <matrix value="1.0 -0.0004559877185700311 0.000750356602356105 -0.0009848251557205145 0.0004590471732736199 0.9999914480531806 -0.004082027288531375 -0.017451132500264477 -0.0007484881042928796 0.004082374020437067 0.9999914897681008 0.0017505820616558476 0.0 0.0 0.0 1.0"/>
            <scale value="1"/>
        </transform>
    </shape>
    <shape name="temp8" type="ply">
        <string name="filename" value="meshes/Cube_004.ply"/>
        <boolean name="face_normals" value="true"/>
        <ref id="mat-Material" name="bsdf"/>
        <transform name="to_world">
            <matrix value="1.0 -0.00018595394880929785 0.0005839981164020064 -0.0005693080701245634 0.00018658193668033625 0.9999993742477937 -0.0010753741783489298 -0.018287729361688265 -0.0005837974068617283 0.0010754824028050387 0.9999992908140084 0.001955323109915884 0.0 0.0 0.0 1.0"/>
            <scale value="1"/>
        </transform>
    </shape>
    <shape name="temp9" type="ply">
        <string name="filename" value="meshes/Cube_005.ply"/>
        <boolean name="face_normals" value="true"/>
        <ref id="mat-Material" name="bsdf"/>
        <transform name="to_world">
            <matrix value="1.0 0.00013277877782250747 0.00059221521809124 -0.0005403518759345971 -0.00013380166197717486 0.9999985399115188 0.0017277520080601352 -0.016813962660412796 -0.0005919840716845116 -0.0017278311637113782 0.9999983452326863 0.00151872968402178 0.0 0.0 0.0 1.0"/>
            <scale value="1"/>
        </transform>
    </shape>
    <shape name="temp10" type="ply">
        <string name="filename" value="meshes/Cube_006.ply"/>
        <boolean name="face_normals" value="true"/>
        <ref id="mat-Material" name="bsdf"/>
        <transform name="to_world">
            <matrix value="1.0 -0.00019958491770315567 -0.0007386621253547704 -0.0008932117066877687 0.00020103071306870062 0.9999981227433812 0.001957532997242212 -0.016980711287336248 0.0007382713948091138 -0.0019576803782880674 0.9999978724420252 -0.0016733328499848321 0.0 0.0 0.0 1.0"/>
            <scale value="1"/>
        </transform>
    </shape>
    <shape name="temp11" type="ply">
        <string name="filename" value="meshes/Cube_007.ply"/>
        <boolean name="face_normals" value="true"/>
        <ref id="mat-Material" name="bsdf"/>
        <transform name="to_world">
            <matrix value="0.999997340552846 -0.0023022383156419282 -5.6259961108240226e-05 0.0005692326548523141 0.0023025316163942508 0.9999799759293985 0.005892106334401998 -0.017267780002781785 4.269378948170921e-05 -0.005892222525827923 0.9999827431408712 0.0001686163129557272 0.0 0.0 0.0 1.0"/>
            <scale value="1"/>
        </transform>
    </shape>
    <shape name="temp12" type="ply">
        <string name="filename" value="meshes/Cube_008.ply"/>
        <boolean name="face_normals" value="true"/>
        <ref id="mat-Material" name="bsdf"/>
        <transform name="to_world">
            <matrix value="0.9999982270352306 0.0019768659409331634 0.00017189415540912705 0.0002881745480536324 -0.001976390314648058 0.9999943682301434 -0.0027220449519904724 -0.016692660965109907 -0.000177274314882089 0.0027216904487269073 0.999996454070042 0.00033188732055156045 0.0 0.0 0.0 1.0"/>
            <scale value="1"/>
        </transform>
    </shape>
    <shape name="temp13" type="ply">
        <string name="filename" value="meshes/Cube_009.ply"/>
        <boolean name="face_normals" value="true"/>
        <ref id="mat-Material" name="bsdf"/>
        <transform name="to_world">
            <matrix value="0.9999995567588077 -0.000838324402458789 0.0006511793053854166 0.0012512782658360422 0.0008380494196199827 0.9999995828318625 0.00042492060662824136 -0.018894842247504873 -0.0006515379582892308 -0.00042437471710785675 0.9999997636046695 0.0011005409931093002 0.0 0.0 0.0 1.0"/>
            <scale value="1"/>
        </transform>
    </shape>
    <shape name="temp14" type="ply">
        <string name="filename" value="meshes/Cube_010.ply"/>
        <boolean name="face_normals" value="true"/>
        <ref id="mat-Material" name="bsdf"/>
        <transform name="to_world">
            <matrix value="0.9999920216585376 -9.51658556222793e-06 0.00399550659755728 0.008114969059402677 8.652688612424584e-06 1.0 0.00021623009965008764 -0.01744990968312099 -0.003995504647827143 -0.00021619321559457932 0.999991962558762 0.006625502964878516 0.0 0.0 0.0 1.0"/>
            <scale value="1"/>
        </transform>
    </shape>
    <shape name="temp15" type="ply">
        <string name="filename" value="meshes/Cube_011.ply"/>
        <boolean name="face_normals" value="true"/>
        <ref id="mat-Material" name="bsdf"/>
        <transform name="to_world">
            <matrix value="0.9999991135176153 -0.0013363292958410425 -0.0005717410185140095 -0.0011961507756406142 0.0013361284122923194 0.9999989570796561 -0.0003487351195049315 -0.020228298262232214 0.0005722066496816643 0.0003479703727188725 0.9999997636046695 -0.0008884475272272763 0.0 0.0 0.0 1.0"/>
            <scale value="1"/>
        </transform>
    </shape>
    <shape name="temp16" type="ply">
        <string name="filename" value="meshes/Cube_012.ply"/>
        <boolean name="face_normals" value="true"/>
        <ref id="mat-Material" name="bsdf"/>
        <transform name="to_world">
            <matrix value="0.9999964540704612 -0.00264462072115856 -0.0001781721062020206 -0.0003700983247667544 0.002644066684750907 0.9999918652213181 -0.0030352924044761928 -0.024950213247658393 0.00018619764656656508 0.0030348022518736067 0.9999955084887199 -0.00036474939203068324 0.0 0.0 0.0 1.0"/>
            <scale value="1"/>
        </transform>
    </shape>
    <shape name="temp17" type="ply">
        <string name="filename" value="meshes/Cube_013.ply"/>
        <boolean name="face_normals" value="true"/>
        <ref id="mat-Material" name="bsdf"/>
        <transform name="to_world">
            <matrix value="0.9999995567588077 -0.001095894439774479 0.0002708334022819714 -0.00018703856735946545 0.001096654060887156 0.9999954111504872 -0.00282402589758125 -0.021926472431053556 -0.0002677371827944407 0.0028243138105597775 0.999995981279381 8.862990761460132e-05 0.0 0.0 0.0 1.0"/>
            <scale value="1"/>
        </transform>
    </shape>
    <shape name="temp18" type="ply">
        <string name="filename" value="meshes/Cube_014.ply"/>
        <boolean name="face_normals" value="true"/>
        <ref id="mat-Material" name="bsdf"/>
        <transform name="to_world">
            <matrix value="0.9999995567588077 -0.0009243319573737597 -6.543848260674076e-05 -0.0002787339893202123 0.0009240116164651692 0.9999883192921492 -0.004726370040957855 -0.022242218551286275 6.980649862506583e-05 0.004726298070805948 0.9999888894194651 1.1215951295162618e-05 0.0 0.0 0.0 1.0"/>
            <scale value="1"/>
        </transform>
    </shape>
    <shape name="temp19" type="ply">
        <string name="filename" value="meshes/Cube_015.ply"/>
        <boolean name="face_normals" value="true"/>
        <ref id="mat-Material" name="bsdf"/>
        <transform name="to_world">
            <matrix value="1.0 -0.0001954885351766603 -9.96271572846876e-05 0.00014072131227305107 0.00019545651183365336 1.0 -0.00032202953901492177 -0.018120909567665988 9.969026305478283e-05 0.00032200999952025665 1.0 -0.00019486354426467845 0.0 0.0 0.0 1.0"/>
            <scale value="1"/>
        </transform>
    </shape>
    <shape name="temp20" type="ply">
        <string name="filename" value="meshes/Cube_016.ply"/>
        <boolean name="face_normals" value="true"/>
        <ref id="mat-Material" name="bsdf"/>
        <transform name="to_world">
            <matrix value="1.0 0.0004453436735409023 0.00039471401129307775 0.0007204768169517539 -0.0004466452847115475 0.9999943682301434 0.0032976675818317896 -0.016856025108438255 -0.00039324225613312835 -0.003297851792675779 0.9999945629073977 0.0007767511552415063 0.0 0.0 0.0 1.0"/>
            <scale value="1"/>
        </transform>
    </shape>
    <shape name="temp21" type="ply">
        <string name="filename" value="meshes/Cube_017.ply"/>
        <boolean name="face_normals" value="true"/>
        <ref id="mat-Material" name="bsdf"/>
        <transform name="to_world">
            <matrix value="1.0 -0.00026157485143599705 0.0005675426374437911 0.00030679501669039766 0.0002615628329849458 1.0 2.0669509399314737e-05 -0.017948790297149797 -0.0005675481847500208 -2.0521063862184335e-05 1.0 0.0002909898178709014 0.0 0.0 0.0 1.0"/>
            <scale value="1"/>
        </transform>
    </shape>
    <shape name="temp22" type="ply">
        <string name="filename" value="meshes/Cube_018.ply"/>
        <boolean name="face_normals" value="true"/>
        <ref id="mat-Material" name="bsdf"/>
        <transform name="to_world">
            <matrix value="0.9999915784173453 0.004186365693761042 6.717835223944388e-05 0.0003561230303744112 -0.0041866745740895385 0.9999762214161607 0.005479383726829121 -0.017936191256636036 -4.423804179587147e-05 -0.005479622379401906 0.9999851070941767 0.0002252326983410713 0.0 0.0 0.0 1.0"/>
            <scale value="1"/>
        </transform>
    </shape>
    <shape name="temp23" type="ply">
        <string name="filename" value="meshes/Cube_019.ply"/>
        <boolean name="face_normals" value="true"/>
        <ref id="mat-Material" name="bsdf"/>
        <transform name="to_world">
            <matrix value="0.9999392759566474 0.009465705650333838 -0.005657271213053183 0.0030327828718811345 -0.009426423735033962 0.9999315844254448 0.006931063812082732 -0.01811306498146692 0.005722487575949378 -0.0068773045932297786 0.9999600491891403 -0.0008175358328325055 0.0 0.0 0.0 1.0"/>
            <scale value="1"/>
        </transform>
    </shape>
    <shape name="temp24" type="ply">
        <string name="filename" value="meshes/Cube_020.ply"/>
        <boolean name="face_normals" value="true"/>
        <ref id="mat-Material" name="bsdf"/>
        <transform name="to_world">
            <matrix value="0.9999487555059589 0.0007219215942737606 0.010084271014773265 -0.007776385464118157 -0.0008042582987064135 0.9999661899028967 0.008161974287981488 -0.015772409776407648 -0.01007804206934555 -0.00816965514117799 0.9999158432542722 -0.0009470584867476983 0.0 0.0 0.0 1.0"/>
            <scale value="1"/>
        </transform>
    </shape>
    <shape name="temp25" type="ply">
        <string name="filename" value="meshes/Cube_021.ply"/>
        <boolean name="face_normals" value="true"/>
        <ref id="mat-Material" name="bsdf"/>
        <transform name="to_world">
            <matrix value="0.9993320355231221 0.024824862386660634 0.026832855735967217 -0.016412155288782426 -0.025083391397929533 0.99964165256986 0.00934137424170288 -0.019481715330890548 -0.02659133782602606 -0.010008195268061817 0.9995964731707848 -0.013366175685201043 0.0 0.0 0.0 1.0"/>
            <scale value="1"/>
        </transform>
    </shape>
    <shape name="temp26" type="ply">
        <string name="filename" value="meshes/Cube_022.ply"/>
        <boolean name="face_normals" value="true"/>
        <ref id="mat-Material" name="bsdf"/>
        <transform name="to_world">
            <matrix value="0.9974535793499247 0.07046727003084959 0.010988293230441478 0.04878394990206436 -0.07010945398003997 0.9970846204708577 -0.030115157621314538 -0.032173205106655334 -0.013078385431903084 0.029268078502700124 0.9994860765514272 0.09704277681952478 0.0 0.0 0.0 1.0"/>
            <scale value="1"/>
        </transform>
    </shape>
    <shape name="temp27" type="ply">
        <string name="filename" value="meshes/Cube_023.ply"/>
        <boolean name="face_normals" value="true"/>
        <ref id="mat-Material" name="bsdf"/>
        <transform name="to_world">
            <matrix value="0.9899858517411401 0.13793549746257483 0.030040362138734747 0.07401456667344808 -0.1306503057477745 0.9758384558104222 -0.17512761801918678 -0.08143912912389961 -0.05347084448084932 0.16944902518235463 0.9840875211160129 0.13462372013028684 0.0 0.0 0.0 1.0"/>
            <scale value="1"/>
        </transform>
    </shape>
    <shape name="temp28" type="ply">
        <string name="filename" value="meshes/Cube_024.ply"/>
        <boolean name="face_normals" value="true"/>
        <ref id="mat-Material" name="bsdf"/>
        <transform name="to_world">
            <matrix value="0.9627331670292381 0.2636540174334565 0.060266365530534945 0.02851244250569862 -0.20636325920567633 0.8601518909188755 -0.46642571678610145 -0.27360627361037415 -0.17481326248566115 0.43660671265250106 0.882505138052509 -0.05586006244216804 0.0 0.0 0.0 1.0"/>
            <scale value="1"/>
        </transform>
    </shape>
    <shape name="temp29" type="ply">
        <string name="filename" value="meshes/Cube_025.ply"/>
        <boolean name="face_normals" value="true"/>
        <ref id="mat-Material" name="bsdf"/>
        <transform name="to_world">
            <matrix value="0.92684525740789 0.37531782997478225 -0.009711522050247246 -0.07635051793767211 -0.2661742257019611 0.6386331068805626 -0.7220104382722149 -0.6333312255214194 -0.2647813402549878 0.6717769068234106 0.6918142443315946 -0.4192933897085038 0.0 0.0 0.0 1.0"/>
            <scale value="1"/>
        </transform>
    </shape>
    <shape name="temp30" type="ply">
        <string name="filename" value="meshes/Cube_026.ply"/>
        <boolean name="face_normals" value="true"/>
        <ref id="mat-Material" name="bsdf"/>
        <transform name="to_world">
            <matrix value="0.9153161107535632 0.3887596131182693 -0.10517996540117941 -0.10609391304554405 -0.3276678244126611 0.5670130552768641 -0.7557315229863727 -0.9988025891303857 -0.2341595349158817 0.7261971161166653 0.6463800073849901 -0.4943786546609973 0.0 0.0 0.0 1.0"/>
            <scale value="1"/>
        </transform>
    </shape>
    <shape name="temp31" type="ply">
        <string name="filename" value="meshes/Cube_027.ply"/>
        <boolean name="face_normals" value="true"/>
        <ref id="mat-Material" name="bsdf"/>
        <transform name="to_world">
            <matrix value="0.8301127428296872 0.47581238280182636 -0.2907154315562236 -0.43593951635817496 -0.5167851007132637 0.4607223683469504 -0.7215733433060644 -1.5093171954510163 -0.20939445274782947 0.7492245887243625 0.6283442256421797 -0.6433016977739093 0.0 0.0 0.0 1.0"/>
            <scale value="1"/>
        </transform>
    </shape>
    <shape name="temp32" type="ply">
        <string name="filename" value="meshes/Cube_028.ply"/>
        <boolean name="face_normals" value="true"/>
        <ref id="mat-Material" name="bsdf"/>
        <transform name="to_world">
            <matrix value="-0.15064757538202958 0.9732294862782971 0.17357887401121744 -1.4978895847164044 -0.7483006132685137 0.002481215961687278 -0.6633553196750415 -2.1028459647713573 -0.6460275837858827 -0.2298220986477495 0.7278943180491144 -1.4268705241117137 0.0 0.0 0.0 1.0"/>
            <scale value="1"/>
        </transform>
    </shape>
    <shape name="temp33" type="ply">
        <string name="filename" value="meshes/Cube_029.ply"/>
        <boolean name="face_normals" value="true"/>
        <ref id="mat-Material" name="bsdf"/>
        <transform name="to_world">
            <matrix value="0.059916679520661244 0.9901642182373396 0.1264304163252724 -1.6014613678019967 -0.9968055607267029 0.05265016488570636 0.06005632827935876 -1.803394174477492 0.052809041056545165 -0.12962490326913811 0.9901560256460566 -0.04725199567561855 0.0 0.0 0.0 1.0"/>
            <scale value="1"/>
        </transform>
    </shape>
    <shape name="temp34" type="ply">
        <string name="filename" value="meshes/Cube_030.ply"/>
        <boolean name="face_normals" value="true"/>
        <ref id="mat-Material" name="bsdf"/>
        <transform name="to_world">
            <matrix value="0.09862700122084077 0.9735220116574013 -0.2062222847681346 -2.89597489562262 -0.9574329407414771 0.149325501037505 0.2470291980522739 -1.830823863359282 0.2712824411902466 0.1730803123921005 0.9468099788120059 0.38266555946661485 0.0 0.0 0.0 1.0"/>
            <scale value="1"/>
        </transform>
    </shape>
    <shape name="temp35" type="ply">
        <string name="filename" value="meshes/Cube_031.ply"/>
        <boolean name="face_normals" value="true"/>
        <ref id="mat-Material" name="bsdf"/>
        <transform name="to_world">
            <matrix value="0.11656622821247918 0.9868377195086594 0.11208753151740745 -2.008133878652053 -0.6753559670015797 -0.003991306216013834 0.7374813306787714 -0.7463378573290429 0.7282217872548654 -0.16166433400149763 0.6660015290049979 0.7765654554865153 0.0 0.0 0.0 1.0"/>
            <scale value="1"/>
        </transform>
    </shape>
    <shape name="temp36" type="ply">
        <string name="filename" value="meshes/Cube_032.ply"/>
        <boolean name="face_normals" value="true"/>
        <ref id="mat-Material" name="bsdf"/>
        <transform name="to_world">
            <matrix value="0.8963156905609129 0.4250772282514606 0.126204233273021 -0.22930500346223104 -0.13286921548081917 -0.014067850311728892 0.9910337615083157 0.7609360807741185 0.42304145014334416 -0.9050477344641371 0.0438704345560803 -0.6068404221575301 0.0 0.0 0.0 1.0"/>
            <scale value="1"/>
        </transform>
    </shape>
    <shape name="temp37" type="ply">
        <string name="filename" value="meshes/Cube_033.ply"/>
        <boolean name="face_normals" value="true"/>
        <ref id="mat-Material" name="bsdf"/>
        <transform name="to_world">
            <matrix value="0.9822459740402498 0.15326221311868643 0.10818395906389341 -0.1296787635654626 -0.12682296237591462 0.11755821059899087 0.984934525585303 0.3738500828335435 0.13823535930017533 -0.9811679873514622 0.1349082620640811 -0.38750007073260395 0.0 0.0 0.0 1.0"/>
            <scale value="1"/>
        </transform>
    </shape>
    <shape name="temp38" type="ply">
        <string name="filename" value="meshes/Cube_034.ply"/>
        <boolean name="face_normals" value="true"/>
        <ref id="mat-Material" name="bsdf"/>
        <transform name="to_world">
            <matrix value="0.9999281949268386 0.0032586567603139606 0.01152621080506321 -0.037830845013619996 -0.011931778088637601 0.18654328223718927 0.9823743641556596 0.3699406494989965 0.0010510888663131375 -0.9824413930912785 0.18656879742385823 -0.33222737261027135 0.0 0.0 0.0 1.0"/>
            <scale value="1"/>
        </transform>
    </shape>
    <shape name="temp39" type="ply">
        <string name="filename" value="meshes/Cube_035.ply"/>
        <boolean name="face_normals" value="true"/>
        <ref id="mat-Material" name="bsdf"/>
        <transform name="to_world">
            <matrix value="0.9992261008781494 -0.039296904821003585 0.0018178659080582912 0.0027922830487101535 0.006769183922046285 0.21727764416809373 0.9760864847588839 0.0918976829278231 -0.03875216080081273 -0.9753184557269885 0.21737538774744092 -0.12186852222399436 0.0 0.0 0.0 1.0"/>
            <scale value="1"/>
        </transform>
    </shape>
    <shape name="temp40" type="ply">
        <string name="filename" value="meshes/Cube_036.ply"/>
        <boolean name="face_normals" value="true"/>
        <ref id="mat-Material" name="bsdf"/>
        <transform name="to_world">
            <matrix value="0.9998665844011013 -0.01623896642422245 0.0019058735256614221 0.0003428715681885741 0.001682929186014145 0.2181587032745613 0.9759117886096219 -0.24829786592211517 -0.01626358755875162 -0.9757781750145488 0.218156863431108 0.23600327671644897 0.0 0.0 0.0 1.0"/>
            <scale value="1"/>
        </transform>
    </shape>
    <shape name="temp41" type="ply">
        <string name="filename" value="meshes/Cube_037.ply"/>
        <boolean name="face_normals" value="true"/>
        <ref id="mat-Material" name="bsdf"/>
        <transform name="to_world">
            <matrix value="0.9991866524120299 -0.04028108789106906 0.001875146860599092 -0.0013908481059248246 0.006955584573078949 0.21796680593129658 0.9759314094220559 -0.568056224757958 -0.03972030151038869 -0.9751244725430361 0.21806965719367538 0.5034680595279116 0.0 0.0 0.0 1.0"/>
            <scale value="1"/>
        </transform>
    </shape>
    <shape name="temp42" type="ply">
        <string name="filename" value="meshes/Cube_038.ply"/>
        <boolean name="face_normals" value="true"/>
        <ref id="mat-Material" name="bsdf"/>
        <transform name="to_world">
            <matrix value="0.9994503809214806 -0.0330936771911235 0.0019187948944282094 0.0010011797301405778 0.005340785990741578 0.21788191221530884 0.9759607224430418 -0.9027541781534443 -0.03271619532398272 -0.9754137786464145 0.2179390487735574 0.8368721252740183 0.0 0.0 0.0 1.0"/>
            <scale value="1"/>
        </transform>
    </shape>
    <shape name="temp43" type="ply">
        <string name="filename" value="meshes/Cube_039.ply"/>
        <boolean name="face_normals" value="true"/>
        <ref id="mat-Material" name="bsdf"/>
        <transform name="to_world">
            <matrix value="0.9999563859989103 0.0003381002852108776 -0.00933494984368242 0.018756816405792964 0.008268110621485983 0.43299410182158793 0.9013588176415162 -1.3193060308037716 0.004346739210723364 -0.9013968293692779 0.43297243329671387 1.4567896564897242 0.0 0.0 0.0 1.0"/>
            <scale value="1"/>
        </transform>
    </shape>
    <shape name="temp47" type="ply">
        <string name="filename" value="meshes/Plane_001.ply"/>
        <boolean name="face_normals" value="true"/>
        <ref id="mat-Material.002" name="bsdf"/>
        <transform name="to_world">
            <scale value="1"/>
        </transform>
    </shape>
    <shape name="temp49" type="ply">
        <string name="filename" value="meshes/Plane_002.ply"/>
        <boolean name="face_normals" value="true"/>
        <ref id="mat-Material.003" name="bsdf"/>
        <transform name="to_world">
            <scale value="1"/>
        </transform>
    </shape>
    <shape name="temp51" type="ply">
        <string name="filename" value="meshes/Plane_003.ply"/>
        <boolean name="face_normals" value="true"/>
        <ref id="mat-Material.004" name="bsdf"/>
        <transform name="to_world">
            <scale value="1"/>
        </transform>
    </shape>
    <shape name="temp53" type="ply">
        <string name="filename" value="meshes/Plane_004.ply"/>
        <boolean name="face_normals" value="true"/>
        <ref id="mat-Material.005" name="bsdf"/>
        <transform name="to_world">
            <scale value="1"/>
        </transform>
    </shape>
    <emitter type="point">
        <transform name="to_world">
            <rotate angle="-142.5518126578256" x="1"/>
            <rotate angle="3.976628485794621e-06" y="1"/>
            <rotate angle="-179.999991348578" z="1"/>
            <translate value="-0.000000 3.030926 4.073377"/>
        </transform>
        <rgb name="intensity" value="100"/>
    </emitter>
</scene>
