
<scene version="2.1.0">
    <default name="spp" value="1024"/>
    <default name="resx" value="640"/>
    <default name="resy" value="360"/>
    <integrator name="temp0" type="path">
        <integer name="max_depth" value="12"/>
    </integrator>
    <sensor name="temp44" type="perspective">
        <string name="fov_axis" value="x"/>
        <float name="fov" value="83.974423"/>
        <float name="principal_point_offset_x" value="0.000000"/>
        <float name="principal_point_offset_y" value="-0.000000"/>
        <float name="near_clip" value="0.100000"/>
        <float name="far_clip" value="1000.000000"/>
        <sampler name="sampler" type="independent">
            <integer name="sample_count" value="$spp"/>
        </sampler>
        <film name="film" type="hdrfilm">
            <integer name="width" value="$resx"/>
            <integer name="height" value="$resy"/>
        </film>
        <float name="shutter_open" value="0.0"/>
        <float name="shutter_close" value="0.0015"/>
        <animation name="to_world">
            <transform time="0">
                <rotate angle="-142.5518126578256" x="1"/>
                <rotate angle="3.976628485794621e-06" y="1"/>
                <rotate angle="-179.999991348578" z="1"/>
                <translate value="-0.000000 3.030926 4.073377"/>
                <translate x="11.7" y="0.0" z="0.0"/>
            </transform>
            <transform time="0.0015">
                <rotate angle="-142.5518126578256" x="1"/>
                <rotate angle="3.976628485794621e-06" y="1"/>
                <rotate angle="-179.999991348578" z="1"/>
                <translate value="-0.000000 3.030926 4.073377"/>
                <translate x="11.85" y="0.0" z="0.0"/>
            </transform>
        </animation>
    </sensor>
    <bsdf id="mat-Material" name="mat-Material" type="twosided">
        <bsdf name="bsdf" type="diffuse">
            <texture name="reflectance" type="bitmap">
                <string name="filename" value="textures/siggraph_2023_logo.jpg"/>
            </texture>
        </bsdf>
    </bsdf>
    <bsdf id="mat-Material.001" name="mat-Material.001" type="twosided">
        <bsdf name="bsdf" type="principled">
            <rgb name="base_color" value="0.433648 0.266232 0.084399"/>
            <float name="spec_tint" value="0.000000"/>
            <float name="spec_trans" value="0.000000"/>
            <float name="metallic" value="0.000000"/>
            <float name="anisotropic" value="0.000000"/>
            <float name="roughness" value="0.500000"/>
            <float name="sheen" value="0.000000"/>
            <float name="sheen_tint" value="0.500000"/>
            <float name="clearcoat" value="0.000000"/>
            <float name="clearcoat_gloss" value="0.173205"/>
            <float name="specular" value="0.500000"/>
        </bsdf>
    </bsdf>
    <bsdf id="mat-Material.002" name="mat-Material.002" type="twosided">
        <bsdf name="bsdf" type="principled">
            <rgb name="base_color" value="0.433648 0.266232 0.084399"/>
            <float name="spec_tint" value="0.000000"/>
            <float name="spec_trans" value="0.000000"/>
            <float name="metallic" value="0.000000"/>
            <float name="anisotropic" value="0.000000"/>
            <float name="roughness" value="0.500000"/>
            <float name="sheen" value="0.000000"/>
            <float name="sheen_tint" value="0.500000"/>
            <float name="clearcoat" value="0.000000"/>
            <float name="clearcoat_gloss" value="0.173205"/>
            <float name="specular" value="0.500000"/>
        </bsdf>
    </bsdf>
    <bsdf id="mat-Material.003" name="mat-Material.003" type="twosided">
        <bsdf name="bsdf" type="principled">
            <rgb name="base_color" value="0.433648 0.266232 0.084399"/>
            <float name="spec_tint" value="0.000000"/>
            <float name="spec_trans" value="0.000000"/>
            <float name="metallic" value="0.000000"/>
            <float name="anisotropic" value="0.000000"/>
            <float name="roughness" value="0.500000"/>
            <float name="sheen" value="0.000000"/>
            <float name="sheen_tint" value="0.500000"/>
            <float name="clearcoat" value="0.000000"/>
            <float name="clearcoat_gloss" value="0.173205"/>
            <float name="specular" value="0.500000"/>
        </bsdf>
    </bsdf>
    <bsdf id="mat-Material.004" name="mat-Material.004" type="twosided">
        <bsdf name="bsdf" type="principled">
            <rgb name="base_color" value="0.433648 0.266232 0.084399"/>
            <float name="spec_tint" value="0.000000"/>
            <float name="spec_trans" value="0.000000"/>
            <float name="metallic" value="0.000000"/>
            <float name="anisotropic" value="0.000000"/>
            <float name="roughness" value="0.500000"/>
            <float name="sheen" value="0.000000"/>
            <float name="sheen_tint" value="0.500000"/>
            <float name="clearcoat" value="0.000000"/>
            <float name="clearcoat_gloss" value="0.173205"/>
            <float name="specular" value="0.500000"/>
        </bsdf>
    </bsdf>
    <bsdf id="mat-Material.005" name="mat-Material.005" type="twosided">
        <bsdf name="bsdf" type="principled">
            <rgb name="base_color" value="0.433648 0.266232 0.084399"/>
            <float name="spec_tint" value="0.000000"/>
            <float name="spec_trans" value="0.000000"/>
            <float name="metallic" value="0.000000"/>
            <float name="anisotropic" value="0.000000"/>
            <float name="roughness" value="0.500000"/>
            <float name="sheen" value="0.000000"/>
            <float name="sheen_tint" value="0.500000"/>
            <float name="clearcoat" value="0.000000"/>
            <float name="clearcoat_gloss" value="0.173205"/>
            <float name="specular" value="0.500000"/>
        </bsdf>
    </bsdf>
    <emitter name="temp45" type="point">
        <point name="position" x="-6.815235034541981e-16" y="3.0693089962005615" z="4.109199523925781"/>
        <rgb name="intensity" value="7.957747 7.957747 7.957747"/>
    </emitter>
    <shape name="temp2" type="ply">
        <string name="filename" value="meshes/Cube.ply"/>
        <boolean name="face_normals" value="true"/>
        <ref id="mat-Material" name="bsdf"/>
        <transform name="to_world">
            <matrix value="0.9999991135176153 0.0001907910133639813 0.0012833642459627224 -0.0021522462067262715 -0.00018835534469094565 0.9999981227433812 -0.0018976635158321044 -0.014845476178357242 -0.0012837240061202744 0.0018974183549808833 0.9999973996513641 0.0028771165966776646 0.0 0.0 0.0 1.0"/>
            <scale value="1"/>
        </transform>
    </shape>
    <shape name="temp4" type="ply">
        <string name="filename" value="meshes/Plane.ply"/>
        <boolean name="face_normals" value="true"/>
        <ref id="mat-Material.001" name="bsdf"/>
        <transform name="to_world">
            <scale value="1"/>
        </transform>
    </shape>
    <shape name="temp5" type="ply">
        <string name="filename" value="meshes/Cube_001.ply"/>
        <boolean name="face_normals" value="true"/>
        <ref id="mat-Material" name="bsdf"/>
        <transform name="to_world">
            <matrix value="0.9999991135176153 5.218710825304585e-05 -0.0015419476422166127 0.0020549476624895924 -5.3358261217991336e-05 0.9999995828318625 -0.0007596729423323046 -0.01687542668389902 0.0015419075682547112 0.000759752869595326 0.9999985816280168 -0.003483548959886562 0.0 0.0 0.0 1.0"/>
            <scale value="1"/>
        </transform>
    </shape>
    <shape name="temp6" type="ply">
        <string name="filename" value="meshes/Cube_002.ply"/>
        <boolean name="face_normals" value="true"/>
        <ref id="mat-Material" name="bsdf"/>
        <transform name="to_world">
            <matrix value="1.0 -3.51856293919983e-05 0.0003344048345681837 -0.0008623441454824743 3.584921466525539e-05 0.9999979141593124 -0.0019847681032726097 -0.016438978690030637 -0.0003343341719456693 0.001984779620502145 0.9999981088373558 0.00103961217577897 0.0 0.0 0.0 1.0"/>
            <scale value="1"/>
        </transform>
    </shape>
    <shape name="temp7" type="ply">
        <string name="filename" value="meshes/Cube_003.ply"/>
        <boolean name="face_normals" value="true"/>
        <ref id="mat-Material" name="bsdf"/>
        <transform name="to_world">
            <matrix value="0.9999995567588077 -9.670541463384111e-05 0.0012410234783114375 -0.0013116512497739485 9.761057538025662e-05 0.9999995828318625 -0.000729130665627788 -0.01775082018017371 -0.001240955663470011 0.0007292516212196744 0.999999054418678 0.0037733375060914343 0.0 0.0 0.0 1.0"/>
            <scale value="1"/>
        </transform>
    </shape>
    <shape name="temp8" type="ply">
        <string name="filename" value="meshes/Cube_004.ply"/>
        <boolean name="face_normals" value="true"/>
        <ref id="mat-Material" name="bsdf"/>
        <transform name="to_world">
            <matrix value="0.9999995567588077 -0.0004076775624031388 0.0009187433602461537 -0.0005362368739709744 0.0004092960088790076 0.99999833132745 -0.0017616487345048768 -0.01884810501416212 -0.000918023427956463 0.0017620243501041879 0.9999981088373558 0.0027985184528144004 0.0 0.0 0.0 1.0"/>
            <scale value="1"/>
        </transform>
    </shape>
    <shape name="temp9" type="ply">
        <string name="filename" value="meshes/Cube_005.ply"/>
        <boolean name="face_normals" value="true"/>
        <ref id="mat-Material" name="bsdf"/>
        <transform name="to_world">
            <matrix value="0.9999995567588077 0.0004723073361102826 0.0007895154888584517 -0.0006490270694583522 -0.00047593909511424096 0.9999891536284242 0.00460670672464341 -0.014743014701881385 -0.0007873337623908076 -0.0046070714170993055 0.9999891258147956 0.002140160352732401 0.0 0.0 0.0 1.0"/>
            <scale value="1"/>
        </transform>
    </shape>
    <shape name="temp10" type="ply">
        <string name="filename" value="meshes/Cube_006.ply"/>
        <boolean name="face_normals" value="true"/>
        <ref id="mat-Material" name="bsdf"/>
        <transform name="to_world">
            <matrix value="0.9999995567588077 0.00022803036149704958 -0.001195377903939339 -0.0011357435141872152 -0.00022838667297842125 1.0 -0.00029773282694301595 -0.017398753819426238 0.0011953106854813687 0.0002980061448866659 0.9999992908140084 -0.002739923841899916 0.0 0.0 0.0 1.0"/>
            <scale value="1"/>
        </transform>
    </shape>
    <shape name="temp11" type="ply">
        <string name="filename" value="meshes/Cube_007.ply"/>
        <boolean name="face_normals" value="true"/>
        <ref id="mat-Material" name="bsdf"/>
        <transform name="to_world">
            <matrix value="0.9999995567588077 -0.0009268975414195816 -6.063563867635635e-05 0.0005418674439359172 0.0009270389538089489 0.9999966626548998 0.002386789094232379 -0.017538324137391037 5.842317832302354e-05 -0.0023868420997741036 0.9999971632560337 -5.112092426551307e-05 0.0 0.0 0.0 1.0"/>
            <scale value="1"/>
        </transform>
    </shape>
    <shape name="temp12" type="ply">
        <string name="filename" value="meshes/Cube_008.ply"/>
        <boolean name="face_normals" value="true"/>
        <ref id="mat-Material" name="bsdf"/>
        <transform name="to_world">
            <matrix value="0.9999995567588077 -0.001094171535366472 0.00011015076821390564 0.00022685137573308367 0.0010940345054403424 0.9999985399115188 0.0012272038072886355 -0.018644289192912444 -0.0001114933327659846 -0.001227083389824852 0.9999992908140084 0.00012158930663774825 0.0 0.0 0.0 1.0"/>
            <scale value="1"/>
        </transform>
    </shape>
    <shape name="temp13" type="ply">
        <string name="filename" value="meshes/Cube_009.ply"/>
        <boolean name="face_normals" value="true"/>
        <ref id="mat-Material" name="bsdf"/>
        <transform name="to_world">
            <matrix value="0.9999995567588077 0.000604726932166375 0.0008553421325979232 0.0015816022570676047 -0.0006046297429023788 0.9999997914159312 -0.00011287073288698743 -0.016715178374792583 -0.0008554111771244994 0.00011235360005673488 0.9999997636046695 0.001487844613198952 0.0 0.0 0.0 1.0"/>
            <scale value="1"/>
        </transform>
    </shape>
    <shape name="temp14" type="ply">
        <string name="filename" value="meshes/Cube_010.ply"/>
        <boolean name="face_normals" value="true"/>
        <ref id="mat-Material" name="bsdf"/>
        <transform name="to_world">
            <matrix value="0.9999858162818447 -0.0002302580393514704 0.005352013922739387 0.011199579666463899 0.00022901518898917961 1.0 0.00023275626081213142 -0.017824311645576518 -0.005352062046675071 -0.00023152831633025533 0.9999858162801681 0.008816716854549211 0.0 0.0 0.0 1.0"/>
            <scale value="1"/>
        </transform>
    </shape>
    <shape name="temp15" type="ply">
        <string name="filename" value="meshes/Cube_011.ply"/>
        <boolean name="face_normals" value="true"/>
        <ref id="mat-Material" name="bsdf"/>
        <transform name="to_world">
            <matrix value="0.9999964540704612 0.002562396881251004 -0.0008913333216711637 -0.001973360278614278 -0.002561579498853778 0.9999962454867622 0.0009170625894460832 -0.012700649785487461 0.0008936806216723667 -0.0009147767211835896 0.9999992908140084 -0.0013481199704061808 0.0 0.0 0.0 1.0"/>
            <scale value="1"/>
        </transform>
    </shape>
    <shape name="temp16" type="ply">
        <string name="filename" value="meshes/Cube_012.ply"/>
        <boolean name="face_normals" value="true"/>
        <ref id="mat-Material" name="bsdf"/>
        <transform name="to_world">
            <matrix value="0.9999982270352306 -0.0019293317175020808 -0.00019412500868752841 -0.0003502778834700848 0.0019288970208872981 0.999995619734556 -0.0022169745085459276 -0.023012706548525108 0.0001984014063156551 0.002216595782847298 0.9999976360466947 -0.0003775713931091218 0.0 0.0 0.0 1.0"/>
            <scale value="1"/>
        </transform>
    </shape>
    <shape name="temp17" type="ply">
        <string name="filename" value="meshes/Cube_013.ply"/>
        <boolean name="face_normals" value="true"/>
        <ref id="mat-Material" name="bsdf"/>
        <transform name="to_world">
            <matrix value="1.0 -0.0003964536536628406 0.0002927165180291627 -0.00019496127034990263 0.00039674341831153474 0.9999993742477937 -0.0009872601828470602 -0.019236916269877613 -0.00029232598794029366 0.0009873764921582819 0.9999995272093389 5.8729079194907996e-05 0.0 0.0 0.0 1.0"/>
            <scale value="1"/>
        </transform>
    </shape>
    <shape name="temp18" type="ply">
        <string name="filename" value="meshes/Cube_014.ply"/>
        <boolean name="face_normals" value="true"/>
        <ref id="mat-Material" name="bsdf"/>
        <transform name="to_world">
            <matrix value="0.9999964540704612 0.0022266349340770053 0.0016589633308291187 0.0015897328618201811 -0.0022432170800334027 0.9999468110624646 0.010062734592816135 -0.007203104775041935 -0.0016364686442315705 -0.01006642568253922 0.9999479930272833 -0.0073959427018917 0.0 0.0 0.0 1.0"/>
            <scale value="1"/>
        </transform>
    </shape>
    <shape name="temp19" type="ply">
        <string name="filename" value="meshes/Cube_015.ply"/>
        <boolean name="face_normals" value="true"/>
        <ref id="mat-Material" name="bsdf"/>
        <transform name="to_world">
            <matrix value="0.9983280942224397 0.051455040746897836 -0.026341602599592173 -0.011278299445535156 -0.0422043581246997 0.9601981965821414 0.27611281919870495 0.1623517468806276 0.03950056912169098 -0.2745393942301475 0.9607642850152309 -0.05875851392329512 0.0 0.0 0.0 1.0"/>
            <scale value="1"/>
        </transform>
    </shape>
    <shape name="temp20" type="ply">
        <string name="filename" value="meshes/Cube_016.ply"/>
        <boolean name="face_normals" value="true"/>
        <ref id="mat-Material" name="bsdf"/>
        <transform name="to_world">
            <matrix value="0.995399599664555 0.0946743481226391 -0.01473482826588423 0.067091003067695 -0.08037416648493778 0.9087765918614668 0.4094690986387884 0.12341385832159152 0.052156900290234336 -0.40640102790229093 0.9122051381943462 -0.14917404401053636 0.0 0.0 0.0 1.0"/>
            <scale value="1"/>
        </transform>
    </shape>
    <shape name="temp21" type="ply">
        <string name="filename" value="meshes/Cube_017.ply"/>
        <boolean name="face_normals" value="true"/>
        <ref id="mat-Material" name="bsdf"/>
        <transform name="to_world">
            <matrix value="0.9769151122198051 0.20076331339964917 0.07301819156626563 0.21803104234107584 -0.21168055784563505 0.8636379564601616 0.45751574038308335 0.07077988163212956 0.028791108404384896 -0.46241043921547365 0.8861985786967147 -0.2006511120380631 0.0 0.0 0.0 1.0"/>
            <scale value="1"/>
        </transform>
    </shape>
    <shape name="temp22" type="ply">
        <string name="filename" value="meshes/Cube_018.ply"/>
        <boolean name="face_normals" value="true"/>
        <ref id="mat-Material" name="bsdf"/>
        <transform name="to_world">
            <matrix value="0.05283541390749025 0.9949941909336849 0.08482200140797058 0.907016362572203 -0.9140794678268949 0.013987933411621889 0.40529388431096197 0.3635279879522424 0.4020787568680223 -0.09894790195714431 0.9102428205556142 -0.3469158668856308 0.0 0.0 0.0 1.0"/>
            <scale value="1"/>
        </transform>
    </shape>
    <shape name="temp23" type="ply">
        <string name="filename" value="meshes/Cube_019.ply"/>
        <boolean name="face_normals" value="true"/>
        <ref id="mat-Material" name="bsdf"/>
        <transform name="to_world">
            <matrix value="-0.04977115457238749 0.9931546880312375 -0.10567098214222394 0.42737794833663456 -0.9341152994448848 -0.008842508598878236 0.3568626273638942 0.0013113020172933823 0.3534854271160778 0.11647031952993495 0.928161113819151 -0.04300369639985846 0.0 0.0 0.0 1.0"/>
            <scale value="1"/>
        </transform>
    </shape>
    <shape name="temp24" type="ply">
        <string name="filename" value="meshes/Cube_020.ply"/>
        <boolean name="face_normals" value="true"/>
        <ref id="mat-Material" name="bsdf"/>
        <transform name="to_world">
            <matrix value="0.09539828834347727 0.9950934939932146 0.026234515582409114 -0.19607601507709072 -0.961121708258458 0.0989378328715647 -0.257790054301577 0.12265251960013102 -0.2591206908549553 -0.0006218447245471888 0.9658448932497818 0.1011823342671756 0.0 0.0 0.0 1.0"/>
            <scale value="1"/>
        </transform>
    </shape>
    <shape name="temp25" type="ply">
        <string name="filename" value="meshes/Cube_021.ply"/>
        <boolean name="face_normals" value="true"/>
        <ref id="mat-Material" name="bsdf"/>
        <transform name="to_world">
            <matrix value="0.27486250658213174 0.9593505109266764 -0.06400722707804497 -0.29793699605443424 -0.7526536850186251 0.17326102418949446 -0.6352112735987548 0.13770127875827204 -0.5983002586755598 0.22277091420311498 0.7696816842316276 0.09800830731523069 0.0 0.0 0.0 1.0"/>
            <scale value="1"/>
        </transform>
    </shape>
    <shape name="temp26" type="ply">
        <string name="filename" value="meshes/Cube_022.ply"/>
        <boolean name="face_normals" value="true"/>
        <ref id="mat-Material" name="bsdf"/>
        <transform name="to_world">
            <matrix value="0.6011033159760082 0.7470939024619178 -0.2837699003499124 -0.1787737187634797 -0.4728390662149152 0.04621342739084274 -0.8799359936003055 0.11842639711986463 -0.6442812134880068 0.6631100301821148 0.3810342863059495 0.2535874812876878 0.0 0.0 0.0 1.0"/>
            <scale value="1"/>
        </transform>
    </shape>
    <shape name="temp27" type="ply">
        <string name="filename" value="meshes/Cube_023.ply"/>
        <boolean name="face_normals" value="true"/>
        <ref id="mat-Material" name="bsdf"/>
        <transform name="to_world">
            <matrix value="0.8613922737741279 0.45019116729902403 -0.23522682841150377 -0.11751809647091027 -0.38726045029759215 0.28240217928635053 -0.8776550150560186 -0.1804723776730982 -0.32868408781849096 0.8470991170636369 0.4176003888230397 -0.015753462073129443 0.0 0.0 0.0 1.0"/>
            <scale value="1"/>
        </transform>
    </shape>
    <shape name="temp28" type="ply">
        <string name="filename" value="meshes/Cube_024.ply"/>
        <boolean name="face_normals" value="true"/>
        <ref id="mat-Material" name="bsdf"/>
        <transform name="to_world">
            <matrix value="0.8919377973040298 0.4014367270656602 -0.20807687197916316 -0.12245809379410832 -0.3376205394422608 0.2851826049230012 -0.8970415597174792 -0.4710504447396814 -0.30076556618743433 0.870355823562908 0.38989840201484466 -0.27573221638553636 0.0 0.0 0.0 1.0"/>
            <scale value="1"/>
        </transform>
    </shape>
    <shape name="temp29" type="ply">
        <string name="filename" value="meshes/Cube_025.ply"/>
        <boolean name="face_normals" value="true"/>
        <ref id="mat-Material" name="bsdf"/>
        <transform name="to_world">
            <matrix value="0.8807317734789293 0.42744465743195464 -0.20396687912303008 -0.2811854690033315 -0.31980113540663835 0.21906938131879367 -0.9218112988457761 -0.7880863285254752 -0.3493405457540153 0.8770972606654249 0.32963863191403153 -0.7592757172317165 0.0 0.0 0.0 1.0"/>
            <scale value="1"/>
        </transform>
    </shape>
    <shape name="temp30" type="ply">
        <string name="filename" value="meshes/Cube_026.ply"/>
        <boolean name="face_normals" value="true"/>
        <ref id="mat-Material" name="bsdf"/>
        <transform name="to_world">
            <matrix value="0.8983918323059003 0.33688016636665324 -0.2817872527127546 -0.329269645593977 -0.36731898472945446 0.22460186515874292 -0.9025691917312696 -1.1478052865991983 -0.2407676405562145 0.9143664363203268 0.32552298920949874 -0.8689739216517757 0.0 0.0 0.0 1.0"/>
            <scale value="1"/>
        </transform>
    </shape>
    <shape name="temp31" type="ply">
        <string name="filename" value="meshes/Cube_027.ply"/>
        <boolean name="face_normals" value="true"/>
        <ref id="mat-Material" name="bsdf"/>
        <transform name="to_world">
            <matrix value="0.8423413240855491 0.3172534484161169 -0.43567375742340436 -0.5938085442631766 -0.5129027511094327 0.22364029260173168 -0.8288041563972596 -1.5938876884336417 -0.16550670446627555 0.9215938743030685 0.3511016731588704 -0.9843815782004797 0.0 0.0 0.0 1.0"/>
            <scale value="1"/>
        </transform>
    </shape>
    <shape name="temp32" type="ply">
        <string name="filename" value="meshes/Cube_028.ply"/>
        <boolean name="face_normals" value="true"/>
        <ref id="mat-Material" name="bsdf"/>
        <transform name="to_world">
            <matrix value="-0.117251878012932 0.9807996278860214 0.15583345665289744 -1.4772058371951082 -0.7946450258586912 0.001456540466352261 -0.6070726646150704 -2.1231690669552266 -0.5956434709685884 -0.19501265062377066 0.7792169262838984 -1.320700618115662 0.0 0.0 0.0 1.0"/>
            <scale value="1"/>
        </transform>
    </shape>
    <shape name="temp33" type="ply">
        <string name="filename" value="meshes/Cube_029.ply"/>
        <boolean name="face_normals" value="true"/>
        <ref id="mat-Material" name="bsdf"/>
        <transform name="to_world">
            <matrix value="0.006088830853842103 0.9891959709901277 0.14647326534288435 -1.661439139977806 -0.9941806863855808 -0.009766198117320197 0.10728293826157712 -1.7180428246575312 0.10755433693777071 -0.14627406277963304 0.9833799898917356 0.05429040903065818 0.0 0.0 0.0 1.0"/>
            <scale value="1"/>
        </transform>
    </shape>
    <shape name="temp34" type="ply">
        <string name="filename" value="meshes/Cube_030.ply"/>
        <boolean name="face_normals" value="true"/>
        <ref id="mat-Material" name="bsdf"/>
        <transform name="to_world">
            <matrix value="-0.03212307148996932 0.9821843103232819 -0.1851546574350302 -3.183725373543269 -0.9817984499642222 0.003686167032077217 0.1898893422367027 -1.9722005095052555 0.18718877830751351 0.18788436008742482 0.9641887209771886 0.20756634855338052 0.0 0.0 0.0 1.0"/>
            <scale value="1"/>
        </transform>
    </shape>
    <shape name="temp35" type="ply">
        <string name="filename" value="meshes/Cube_031.ply"/>
        <boolean name="face_normals" value="true"/>
        <ref id="mat-Material" name="bsdf"/>
        <transform name="to_world">
            <matrix value="0.10501713570449642 0.989055802495917 0.10363408177670948 -2.0480161705367035 -0.6851950349894598 -0.003563754763538671 0.7283507974323685 -0.7869684054987371 0.7207491839929648 -0.14749886843142695 0.6773220285934336 0.7619161786585882 0.0 0.0 0.0 1.0"/>
            <scale value="1"/>
        </transform>
    </shape>
    <shape name="temp36" type="ply">
        <string name="filename" value="meshes/Cube_032.ply"/>
        <boolean name="face_normals" value="true"/>
        <ref id="mat-Material" name="bsdf"/>
        <transform name="to_world">
            <matrix value="0.7928441368941558 0.5663349484693058 0.22508506685969135 -0.5153992075046419 -0.25022091141026936 -0.034259307542608516 0.9675826355337168 0.40363021805802696 0.5556870504426207 -0.8234627875592119 0.11454653938511683 -0.23669680341958355 0.0 0.0 0.0 1.0"/>
            <scale value="1"/>
        </transform>
    </shape>
    <shape name="temp37" type="ply">
        <string name="filename" value="meshes/Cube_033.ply"/>
        <boolean name="face_normals" value="true"/>
        <ref id="mat-Material" name="bsdf"/>
        <transform name="to_world">
            <matrix value="0.9788427681653538 0.15677149406682617 0.13148963099161695 -0.12882233538041632 -0.1496004180650926 0.10991256155837331 0.9826185605320975 0.30105572869488206 0.13959424814769508 -0.9814998446048688 0.13104019618921273 -0.39524991650943486 0.0 0.0 0.0 1.0"/>
            <scale value="1"/>
        </transform>
    </shape>
    <shape name="temp38" type="ply">
        <string name="filename" value="meshes/Cube_034.ply"/>
        <boolean name="face_normals" value="true"/>
        <ref id="mat-Material" name="bsdf"/>
        <transform name="to_world">
            <matrix value="0.9999211030677609 0.004833987939669144 0.011596656613561246 -0.03549739477794933 -0.012281238309513552 0.1814049179951734 0.983332001639638 0.36934533438451045 0.0026497224423653477 -0.983396499542158 0.18144998749468702 -0.3387379062853718 0.0 0.0 0.0 1.0"/>
            <scale value="1"/>
        </transform>
    </shape>
    <shape name="temp39" type="ply">
        <string name="filename" value="meshes/Cube_035.ply"/>
        <boolean name="face_normals" value="true"/>
        <ref id="mat-Material" name="bsdf"/>
        <transform name="to_world">
            <matrix value="0.9990882528673273 -0.042633269576136314 0.002294916412975078 0.009470267978691993 0.006835741019490202 0.2127870377516306 0.9770748536358311 0.09208700053085558 -0.04214422802454493 -0.9761680186390724 0.21288453837429042 -0.13246771409311225 0.0 0.0 0.0 1.0"/>
            <scale value="1"/>
        </transform>
    </shape>
    <shape name="temp40" type="ply">
        <string name="filename" value="meshes/Cube_036.ply"/>
        <boolean name="face_normals" value="true"/>
        <ref id="mat-Material" name="bsdf"/>
        <transform name="to_world">
            <matrix value="0.9997925631219782 -0.020226159362400218 0.0024761938082389443 0.005376111963325325 0.0019206039781783496 0.21451244516846293 0.976719551454044 -0.2516617337073801 -0.02028646235020664 -0.9765117651843988 0.21450677769052162 0.24805352594758787 0.0 0.0 0.0 1.0"/>
            <scale value="1"/>
        </transform>
    </shape>
    <shape name="temp41" type="ply">
        <string name="filename" value="meshes/Cube_037.ply"/>
        <boolean name="face_normals" value="true"/>
        <ref id="mat-Material" name="bsdf"/>
        <transform name="to_world">
            <matrix value="0.9990244261356283 -0.04407921605763595 0.002666492049315848 -0.0019062919569234893 0.006858284266533341 0.21452120569935113 0.97669543913033 -0.5688105601235113 -0.04362399317763156 -0.9757241517407383 0.214614361205446 0.5058385935871731 0.0 0.0 0.0 1.0"/>
            <scale value="1"/>
        </transform>
    </shape>
    <shape name="temp42" type="ply">
        <string name="filename" value="meshes/Cube_038.ply"/>
        <boolean name="face_normals" value="true"/>
        <ref id="mat-Material" name="bsdf"/>
        <transform name="to_world">
            <matrix value="0.9993293760759681 -0.03652469739666224 0.002663111596089265 0.0027747104551938406 0.005237985060998853 0.21452725463734532 0.976703949362229 -0.9037612622691813 -0.036245144292737765 -0.9760347334191309 0.214574694068983 0.8475727320705126 0.0 0.0 0.0 1.0"/>
            <scale value="1"/>
        </transform>
    </shape>
    <shape name="temp43" type="ply">
        <string name="filename" value="meshes/Cube_039.ply"/>
        <boolean name="face_normals" value="true"/>
        <ref id="mat-Material" name="bsdf"/>
        <transform name="to_world">
            <matrix value="0.9999653195296486 -0.0028375089366515834 -0.00781562176148909 0.01823545819782435 0.008273590706282396 0.4330007207819985 0.9013555874305016 -1.3192898957619634 0.0008265790737702486 -0.9013891325663992 0.433009192061987 1.463980427914692 0.0 0.0 0.0 1.0"/>
            <scale value="1"/>
        </transform>
    </shape>
    <shape name="temp47" type="ply">
        <string name="filename" value="meshes/Plane_001.ply"/>
        <boolean name="face_normals" value="true"/>
        <ref id="mat-Material.002" name="bsdf"/>
        <transform name="to_world">
            <scale value="1"/>
        </transform>
    </shape>
    <shape name="temp49" type="ply">
        <string name="filename" value="meshes/Plane_002.ply"/>
        <boolean name="face_normals" value="true"/>
        <ref id="mat-Material.003" name="bsdf"/>
        <transform name="to_world">
            <scale value="1"/>
        </transform>
    </shape>
    <shape name="temp51" type="ply">
        <string name="filename" value="meshes/Plane_003.ply"/>
        <boolean name="face_normals" value="true"/>
        <ref id="mat-Material.004" name="bsdf"/>
        <transform name="to_world">
            <scale value="1"/>
        </transform>
    </shape>
    <shape name="temp53" type="ply">
        <string name="filename" value="meshes/Plane_004.ply"/>
        <boolean name="face_normals" value="true"/>
        <ref id="mat-Material.005" name="bsdf"/>
        <transform name="to_world">
            <scale value="1"/>
        </transform>
    </shape>
    <emitter type="point">
        <rgb name="intensity" value="100"/>
        <animation name="to_world">
            <transform time="0">
                <rotate angle="-142.5518126578256" x="1"/>
                <rotate angle="3.976628485794621e-06" y="1"/>
                <rotate angle="-179.999991348578" z="1"/>
                <translate value="-0.000000 3.030926 4.073377"/>
                <translate x="11.7" y="0.0" z="0.0"/>
            </transform>
            <transform time="0.0015">
                <rotate angle="-142.5518126578256" x="1"/>
                <rotate angle="3.976628485794621e-06" y="1"/>
                <rotate angle="-179.999991348578" z="1"/>
                <translate value="-0.000000 3.030926 4.073377"/>
                <translate x="11.85" y="0.0" z="0.0"/>
            </transform>
        </animation>
    </emitter>
</scene>
