
<scene version="2.1.0">
    <default name="spp" value="1024"/>
    <default name="resx" value="1280"/>
    <default name="resy" value="720"/>
    <integrator name="temp0" type="path">
        <integer name="max_depth" value="12"/>
    </integrator>
    <sensor name="temp44" type="perspective">
        <string name="fov_axis" value="x"/>
        <float name="fov" value="83.974423"/>
        <float name="principal_point_offset_x" value="0.000000"/>
        <float name="principal_point_offset_y" value="-0.000000"/>
        <float name="near_clip" value="0.100000"/>
        <float name="far_clip" value="1000.000000"/>
        <sampler name="sampler" type="independent">
            <integer name="sample_count" value="$spp"/>
        </sampler>
        <film name="film" type="hdrfilm">
            <integer name="width" value="$resx"/>
            <integer name="height" value="$resy"/>
        </film>
        <float name="shutter_open" value="0.0"/>
        <float name="shutter_close" value="0.0015"/>
        <animation name="to_world">
            <transform time="0">
                <rotate angle="-142.5518126578256" x="1"/>
                <rotate angle="3.976628485794621e-06" y="1"/>
                <rotate angle="-179.999991348578" z="1"/>
                <translate value="-0.000000 3.030926 4.073377"/>
                <translate x="32.1" y="0.0" z="0.0"/>
            </transform>
            <transform time="0.0015">
                <rotate angle="-142.5518126578256" x="1"/>
                <rotate angle="3.976628485794621e-06" y="1"/>
                <rotate angle="-179.999991348578" z="1"/>
                <translate value="-0.000000 3.030926 4.073377"/>
                <translate x="32.25" y="0.0" z="0.0"/>
            </transform>
        </animation>
    </sensor>
    <bsdf id="mat-Material" name="mat-Material" type="twosided">
        <bsdf name="bsdf" type="diffuse">
            <texture name="reflectance" type="bitmap">
                <string name="filename" value="textures/siggraph_2023_logo.jpg"/>
            </texture>
        </bsdf>
    </bsdf>
    <bsdf id="mat-Material.001" name="mat-Material.001" type="twosided">
        <bsdf name="bsdf" type="principled">
            <rgb name="base_color" value="0.433648 0.266232 0.084399"/>
            <float name="spec_tint" value="0.000000"/>
            <float name="spec_trans" value="0.000000"/>
            <float name="metallic" value="0.000000"/>
            <float name="anisotropic" value="0.000000"/>
            <float name="roughness" value="0.500000"/>
            <float name="sheen" value="0.000000"/>
            <float name="sheen_tint" value="0.500000"/>
            <float name="clearcoat" value="0.000000"/>
            <float name="clearcoat_gloss" value="0.173205"/>
            <float name="specular" value="0.500000"/>
        </bsdf>
    </bsdf>
    <bsdf id="mat-Material.002" name="mat-Material.002" type="twosided">
        <bsdf name="bsdf" type="principled">
            <rgb name="base_color" value="0.433648 0.266232 0.084399"/>
            <float name="spec_tint" value="0.000000"/>
            <float name="spec_trans" value="0.000000"/>
            <float name="metallic" value="0.000000"/>
            <float name="anisotropic" value="0.000000"/>
            <float name="roughness" value="0.500000"/>
            <float name="sheen" value="0.000000"/>
            <float name="sheen_tint" value="0.500000"/>
            <float name="clearcoat" value="0.000000"/>
            <float name="clearcoat_gloss" value="0.173205"/>
            <float name="specular" value="0.500000"/>
        </bsdf>
    </bsdf>
    <bsdf id="mat-Material.003" name="mat-Material.003" type="twosided">
        <bsdf name="bsdf" type="principled">
            <rgb name="base_color" value="0.433648 0.266232 0.084399"/>
            <float name="spec_tint" value="0.000000"/>
            <float name="spec_trans" value="0.000000"/>
            <float name="metallic" value="0.000000"/>
            <float name="anisotropic" value="0.000000"/>
            <float name="roughness" value="0.500000"/>
            <float name="sheen" value="0.000000"/>
            <float name="sheen_tint" value="0.500000"/>
            <float name="clearcoat" value="0.000000"/>
            <float name="clearcoat_gloss" value="0.173205"/>
            <float name="specular" value="0.500000"/>
        </bsdf>
    </bsdf>
    <bsdf id="mat-Material.004" name="mat-Material.004" type="twosided">
        <bsdf name="bsdf" type="principled">
            <rgb name="base_color" value="0.433648 0.266232 0.084399"/>
            <float name="spec_tint" value="0.000000"/>
            <float name="spec_trans" value="0.000000"/>
            <float name="metallic" value="0.000000"/>
            <float name="anisotropic" value="0.000000"/>
            <float name="roughness" value="0.500000"/>
            <float name="sheen" value="0.000000"/>
            <float name="sheen_tint" value="0.500000"/>
            <float name="clearcoat" value="0.000000"/>
            <float name="clearcoat_gloss" value="0.173205"/>
            <float name="specular" value="0.500000"/>
        </bsdf>
    </bsdf>
    <bsdf id="mat-Material.005" name="mat-Material.005" type="twosided">
        <bsdf name="bsdf" type="principled">
            <rgb name="base_color" value="0.433648 0.266232 0.084399"/>
            <float name="spec_tint" value="0.000000"/>
            <float name="spec_trans" value="0.000000"/>
            <float name="metallic" value="0.000000"/>
            <float name="anisotropic" value="0.000000"/>
            <float name="roughness" value="0.500000"/>
            <float name="sheen" value="0.000000"/>
            <float name="sheen_tint" value="0.500000"/>
            <float name="clearcoat" value="0.000000"/>
            <float name="clearcoat_gloss" value="0.173205"/>
            <float name="specular" value="0.500000"/>
        </bsdf>
    </bsdf>
    <emitter name="temp45" type="point">
        <point name="position" x="-6.815235034541981e-16" y="3.0693089962005615" z="4.109199523925781"/>
        <rgb name="intensity" value="7.957747 7.957747 7.957747"/>
    </emitter>
    <shape name="temp2" type="ply">
        <string name="filename" value="meshes/Cube.ply"/>
        <boolean name="face_normals" value="true"/>
        <ref id="mat-Material" name="bsdf"/>
        <transform name="to_world">
            <matrix value="0.9999986702764229 0.00017260185681538016 0.00176748060730906 -0.002736543691618465 -0.0001697219282055646 0.9999985399115188 -0.0016293595435868072 -0.015245939168599898 -0.001767761117818828 0.0016290582637879286 0.9999971632560337 0.0040156462068281495 0.0 0.0 0.0 1.0"/>
        </transform>
    </shape>
    <shape name="temp4" type="ply">
        <string name="filename" value="meshes/Plane.ply"/>
        <boolean name="face_normals" value="true"/>
        <ref id="mat-Material.001" name="bsdf"/>
    </shape>
    <shape name="temp5" type="ply">
        <string name="filename" value="meshes/Cube_001.ply"/>
        <boolean name="face_normals" value="true"/>
        <ref id="mat-Material" name="bsdf"/>
        <transform name="to_world">
            <matrix value="0.9999982270352306 0.00019480792536027684 -0.0020098449199352658 0.002553944202706937 -0.0002018139202555906 0.9999939510620058 -0.0034861928579297155 -0.013696702044310338 0.0020091547035868853 0.0034865828297766274 0.999991962558762 -0.004607683918754213 0.0 0.0 0.0 1.0"/>
        </transform>
    </shape>
    <shape name="temp6" type="ply">
        <string name="filename" value="meshes/Cube_002.ply"/>
        <boolean name="face_normals" value="true"/>
        <ref id="mat-Material" name="bsdf"/>
        <transform name="to_world">
            <matrix value="1.0 0.00010242228679057951 0.0003888537710492312 -0.0008533460770032697 -0.00010356818024669032 0.999995619734556 0.002947424260118075 -0.01933273361452542 -0.0003885492183884814 -0.0029474660164405964 0.9999957448840504 0.001432139530894272 0.0 0.0 0.0 1.0"/>
        </transform>
    </shape>
    <shape name="temp7" type="ply">
        <string name="filename" value="meshes/Cube_003.ply"/>
        <boolean name="face_normals" value="true"/>
        <ref id="mat-Material" name="bsdf"/>
        <transform name="to_world">
            <matrix value="0.9999982270352306 -0.00044353107798332584 0.0018050012741708315 -0.0011315432771241696 0.0004511752096974081 0.9999908223009742 -0.004236795311429573 -0.017373881137358826 -0.0018031051704971571 0.004237608541934784 0.9999895986054567 0.005449436602826374 0.0 0.0 0.0 1.0"/>
        </transform>
    </shape>
    <shape name="temp8" type="ply">
        <string name="filename" value="meshes/Cube_004.ply"/>
        <boolean name="face_normals" value="true"/>
        <ref id="mat-Material" name="bsdf"/>
        <transform name="to_world">
            <matrix value="0.9999991135176153 -0.00024125876313818903 0.001356240198458608 -0.00035757198022601244 0.00024295955690064482 0.9999991656637249 -0.001254557110984298 -0.01844134790665969 -0.0013559368611786315 0.0012548855603506715 0.9999983452326863 0.004158028833777368 0.0 0.0 0.0 1.0"/>
        </transform>
    </shape>
    <shape name="temp9" type="ply">
        <string name="filename" value="meshes/Cube_005.ply"/>
        <boolean name="face_normals" value="true"/>
        <ref id="mat-Material" name="bsdf"/>
        <transform name="to_world">
            <matrix value="0.9988754970949972 -0.021822711884911656 0.04209179608917021 0.017277560022877392 0.03071022752456886 0.9741702004284317 -0.2237170943609785 -0.16532217672188854 -0.03612245956310602 0.22475809462624863 0.9737449890099811 0.10037433894431219 0.0 0.0 0.0 1.0"/>
        </transform>
    </shape>
    <shape name="temp10" type="ply">
        <string name="filename" value="meshes/Cube_006.ply"/>
        <boolean name="face_normals" value="true"/>
        <ref id="mat-Material" name="bsdf"/>
        <transform name="to_world">
            <matrix value="0.9998164981463653 0.019026717533368237 0.002361490065959025 0.02310964372380475 -0.015925319177982615 0.8927329310441927 -0.45030497361591715 -0.26748935789768014 -0.010676004872107186 0.45018449260882354 0.8928717824822551 -0.024587739333844505 0.0 0.0 0.0 1.0"/>
        </transform>
    </shape>
    <shape name="temp11" type="ply">
        <string name="filename" value="meshes/Cube_007.ply"/>
        <boolean name="face_normals" value="true"/>
        <ref id="mat-Material" name="bsdf"/>
        <transform name="to_world">
            <matrix value="0.9883578268416228 0.14265725674404442 -0.052900783461404435 0.11861231455667065 -0.15018749102436585 0.8590793516372808 -0.48931209431606343 -0.12056323358423648 -0.024357960700462918 0.4915602714095903 0.870502874330824 0.07646326377717272 0.0 0.0 0.0 1.0"/>
        </transform>
    </shape>
    <shape name="temp12" type="ply">
        <string name="filename" value="meshes/Cube_008.ply"/>
        <boolean name="face_normals" value="true"/>
        <ref id="mat-Material" name="bsdf"/>
        <transform name="to_world">
            <matrix value="0.04548731709652197 0.9937028469639546 -0.10240005087227513 2.4943075896765707 -0.9148329778538971 0.0002623966726669351 -0.4038329611682846 1.7503989586365447 -0.40126310442585195 0.11204817040484082 0.909083774250024 1.038952335609606 0.0 0.0 0.0 1.0"/>
        </transform>
    </shape>
    <shape name="temp13" type="ply">
        <string name="filename" value="meshes/Cube_009.ply"/>
        <boolean name="face_normals" value="true"/>
        <ref id="mat-Material" name="bsdf"/>
        <transform name="to_world">
            <matrix value="-0.03232237109216403 0.9963877410971105 0.0785283539651298 2.459814157148891 -0.9245430626548019 4.21404479968629e-05 -0.38107778304676704 1.4116046730452085 -0.37970456201564823 -0.08492016444767982 0.9212018716836691 0.7129731394527181 0.0 0.0 0.0 1.0"/>
        </transform>
    </shape>
    <shape name="temp14" type="ply">
        <string name="filename" value="meshes/Cube_010.ply"/>
        <boolean name="face_normals" value="true"/>
        <ref id="mat-Material" name="bsdf"/>
        <transform name="to_world">
            <matrix value="0.0743216193551018 0.9971818206469026 0.010236863393284765 1.6616193322252784 -0.9947125758164059 0.073400212338582 0.07182917033276424 1.95388683055587 0.07087537476042814 -0.01552119318430697 0.9973644284599175 -0.22586351406053717 0.0 0.0 0.0 1.0"/>
        </transform>
    </shape>
    <shape name="temp15" type="ply">
        <string name="filename" value="meshes/Cube_011.ply"/>
        <boolean name="face_normals" value="true"/>
        <ref id="mat-Material" name="bsdf"/>
        <transform name="to_world">
            <matrix value="0.03925326269841692 0.9953552499567189 -0.08790485655294948 1.1657355269277958 -0.8276146354695786 0.08168145875354334 0.5553221808320264 2.241490579875922 0.5599231065179504 0.05095310404381934 0.8269763477015992 -1.2010891371173198 0.0 0.0 0.0 1.0"/>
        </transform>
    </shape>
    <shape name="temp16" type="ply">
        <string name="filename" value="meshes/Cube_012.ply"/>
        <boolean name="face_normals" value="true"/>
        <ref id="mat-Material" name="bsdf"/>
        <transform name="to_world">
            <matrix value="0.09600768225634589 0.9883852047148344 0.11780127757492431 1.1150018788349134 -0.776848448744475 0.0004101263393704516 0.629687896700914 1.8386660480734576 0.6223257042659306 -0.15196855386579283 0.7678647497211717 -1.7021161222523573 0.0 0.0 0.0 1.0"/>
        </transform>
    </shape>
    <shape name="temp17" type="ply">
        <string name="filename" value="meshes/Cube_013.ply"/>
        <boolean name="face_normals" value="true"/>
        <ref id="mat-Material" name="bsdf"/>
        <transform name="to_world">
            <matrix value="0.8828420447957278 0.2663447519205378 0.38684701108835934 0.645216499957488 -0.4379882080113186 0.16949143032353478 0.8828585490716518 1.475381837121316 0.1695775202250956 -0.9488587322677469 0.2662901204245093 -1.371246893868745 0.0 0.0 0.0 1.0"/>
        </transform>
    </shape>
    <shape name="temp18" type="ply">
        <string name="filename" value="meshes/Cube_014.ply"/>
        <boolean name="face_normals" value="true"/>
        <ref id="mat-Material" name="bsdf"/>
        <transform name="to_world">
            <matrix value="0.9394616747070619 0.29989946247885485 0.16574697851308282 0.10589248614992519 -0.21579317124889413 0.14208123097974024 0.9660467750712615 1.0235819613459214 0.2661673997875988 -0.9433308372773105 0.19819611451178928 -0.8505601688450868 0.0 0.0 0.0 1.0"/>
        </transform>
    </shape>
    <shape name="temp19" type="ply">
        <string name="filename" value="meshes/Cube_015.ply"/>
        <boolean name="face_normals" value="true"/>
        <ref id="mat-Material" name="bsdf"/>
        <transform name="to_world">
            <matrix value="0.9829680139425949 0.13857885416427665 0.12070572516395198 0.0458167517589263 -0.14626715565035006 0.1922778006061453 0.9703789558985599 0.634849645250591 0.11126497490368369 -0.97150658187029 0.20927248864238635 -0.33715948388818895 0.0 0.0 0.0 1.0"/>
        </transform>
    </shape>
    <shape name="temp20" type="ply">
        <string name="filename" value="meshes/Cube_016.ply"/>
        <boolean name="face_normals" value="true"/>
        <ref id="mat-Material" name="bsdf"/>
        <transform name="to_world">
            <matrix value="0.9847077356225854 0.06830394036164307 0.16026735839092318 0.0853699129908504 -0.17079727566233532 0.19715524703654183 0.9653799038438354 0.33636951697235773 0.03434171147835122 -0.9779900004797434 0.2058064366666178 0.005409078776132725 0.0 0.0 0.0 1.0"/>
        </transform>
    </shape>
    <shape name="temp21" type="ply">
        <string name="filename" value="meshes/Cube_017.ply"/>
        <boolean name="face_normals" value="true"/>
        <ref id="mat-Material" name="bsdf"/>
        <transform name="to_world">
            <matrix value="0.9495174876380031 0.05515774170200429 0.3088268598048036 0.1780906428008927 -0.31356708100853325 0.19699046562221673 0.9289083594589573 0.1462439471638302 -0.009599491691000607 -0.9788524956040908 0.2043415657219206 0.20773994302468482 0.0 0.0 0.0 1.0"/>
        </transform>
    </shape>
    <shape name="temp22" type="ply">
        <string name="filename" value="meshes/Cube_018.ply"/>
        <boolean name="face_normals" value="true"/>
        <ref id="mat-Material" name="bsdf"/>
        <transform name="to_world">
            <matrix value="0.19984211748728342 0.9747690452898589 0.09944090140376276 0.8616942044852135 -0.4380136057316405 -0.0019086526929246199 0.8989662904986571 -0.10293383822665512 0.8764744418263665 -0.22320768924311102 0.4265805746392253 -0.19447844552001442 0.0 0.0 0.0 1.0"/>
        </transform>
    </shape>
    <shape name="temp23" type="ply">
        <string name="filename" value="meshes/Cube_019.ply"/>
        <boolean name="face_normals" value="true"/>
        <ref id="mat-Material" name="bsdf"/>
        <transform name="to_world">
            <matrix value="-0.07282643384093314 0.9873460388842422 -0.1408691594396674 0.47102785901949745 -0.9124820265696499 -0.008947780978384433 0.4090194747201198 -0.04862623296773095 0.40258338696551765 0.15832794838795802 0.901586969132916 -0.05176246895041736 0.0 0.0 0.0 1.0"/>
        </transform>
    </shape>
    <shape name="temp24" type="ply">
        <string name="filename" value="meshes/Cube_020.ply"/>
        <boolean name="face_normals" value="true"/>
        <ref id="mat-Material" name="bsdf"/>
        <transform name="to_world">
            <matrix value="0.07636211981097805 0.9788091340834701 -0.1900038579194617 0.012829610400039826 -0.9419409596607204 0.008325452227453057 -0.3356752238350505 0.19848414136950088 -0.326980130697742 0.20460525971858762 0.9226162246802815 0.09686487864497817 0.0 0.0 0.0 1.0"/>
        </transform>
    </shape>
    <shape name="temp25" type="ply">
        <string name="filename" value="meshes/Cube_021.ply"/>
        <boolean name="face_normals" value="true"/>
        <ref id="mat-Material" name="bsdf"/>
        <transform name="to_world">
            <matrix value="0.1946499458359263 0.9293828205989283 -0.31362261187527213 -0.15136133390940135 -0.7811040074322684 -0.04652565688337856 -0.6226655370121805 0.13953419831112132 -0.5932863143076483 0.36617350440008095 0.716888224250284 0.2221356784670263 0.0 0.0 0.0 1.0"/>
        </transform>
    </shape>
    <shape name="temp26" type="ply">
        <string name="filename" value="meshes/Cube_022.ply"/>
        <boolean name="face_normals" value="true"/>
        <ref id="mat-Material" name="bsdf"/>
        <transform name="to_world">
            <matrix value="0.6170923555078037 0.39686039259693423 -0.679484573077125 -0.08359830951685354 -0.7338979339641543 -0.021262058766475533 -0.678927389283065 -0.21452692899836137 -0.28388663131374914 0.9176326542531335 0.2781342356700697 0.6700085080083628 0.0 0.0 0.0 1.0"/>
        </transform>
    </shape>
    <shape name="temp27" type="ply">
        <string name="filename" value="meshes/Cube_023.ply"/>
        <boolean name="face_normals" value="true"/>
        <ref id="mat-Material" name="bsdf"/>
        <transform name="to_world">
            <matrix value="0.8506578585776922 0.32109723563533665 -0.4162671191588487 -0.0760971772300254 -0.4797381153739094 0.15027065868763076 -0.8644480807299509 -0.28706852619064166 -0.21501927212704355 0.9350481724906815 0.28187140945042344 0.1516879757848678 0.0 0.0 0.0 1.0"/>
        </transform>
    </shape>
    <shape name="temp28" type="ply">
        <string name="filename" value="meshes/Cube_024.ply"/>
        <boolean name="face_normals" value="true"/>
        <ref id="mat-Material" name="bsdf"/>
        <transform name="to_world">
            <matrix value="0.8603980837796773 0.42682286832296323 -0.2784552605289298 -0.1841732491143756 -0.3825223349236827 0.17985253106338245 -0.9062725609793575 -0.5156371507633619 -0.3367370710976602 0.886270370841616 0.3180141279305338 -0.32097886254437225 0.0 0.0 0.0 1.0"/>
        </transform>
    </shape>
    <shape name="temp29" type="ply">
        <string name="filename" value="meshes/Cube_025.ply"/>
        <boolean name="face_normals" value="true"/>
        <ref id="mat-Material" name="bsdf"/>
        <transform name="to_world">
            <matrix value="0.89515351215456 0.37770757765063423 -0.23672250166776904 -0.27360509880291994 -0.32328536577149675 0.18447279333699051 -0.928146930099319 -0.7946770228139417 -0.3068993151037096 0.9073626004593022 0.28723876543011423 -0.7204043728791796 0.0 0.0 0.0 1.0"/>
        </transform>
    </shape>
    <shape name="temp30" type="ply">
        <string name="filename" value="meshes/Cube_026.ply"/>
        <boolean name="face_normals" value="true"/>
        <ref id="mat-Material" name="bsdf"/>
        <transform name="to_world">
            <matrix value="0.9234788405519594 0.24235320374700423 -0.2974084925495284 -0.31572150300241053 -0.3479634840176091 0.2026096995763658 -0.9153529784156879 -1.1425645658538324 -0.1615809172255938 0.9487961570471172 0.27143597397949315 -0.8610700180237532 0.0 0.0 0.0 1.0"/>
        </transform>
    </shape>
    <shape name="temp31" type="ply">
        <string name="filename" value="meshes/Cube_027.ply"/>
        <boolean name="face_normals" value="true"/>
        <ref id="mat-Material" name="bsdf"/>
        <transform name="to_world">
            <matrix value="0.8738079028131632 0.18307258934177126 -0.4504940898803414 -0.5592017242490941 -0.4816502578777257 0.1984215609180202 -0.8536053361045169 -1.5812528003598811 -0.0668840321473972 0.9628672383260711 0.26155914067460606 -0.9966640375569685 0.0 0.0 0.0 1.0"/>
        </transform>
    </shape>
    <shape name="temp32" type="ply">
        <string name="filename" value="meshes/Cube_028.ply"/>
        <boolean name="face_normals" value="true"/>
        <ref id="mat-Material" name="bsdf"/>
        <transform name="to_world">
            <matrix value="-0.1082738503653194 0.9824714291971808 0.15174514124857394 -1.470037326661326 -0.8174271799045082 -0.0011156786386969336 -0.5760308845771431 -2.1114408378492464 -0.5657645821919872 -0.1864096632827378 0.8032197989599551 -1.2686970710337182 0.0 0.0 0.0 1.0"/>
        </transform>
    </shape>
    <shape name="temp33" type="ply">
        <string name="filename" value="meshes/Cube_029.ply"/>
        <boolean name="face_normals" value="true"/>
        <ref id="mat-Material" name="bsdf"/>
        <transform name="to_world">
            <matrix value="0.00575992372705562 0.9804973895703795 0.1964480183215837 -1.591661841813597 -0.9968299389922823 -0.009959939343752803 0.07893873625893041 -1.7710129117687359 0.07935581984550386 -0.19627986141674472 0.9773315789647871 -0.048943447364336645 0.0 0.0 0.0 1.0"/>
        </transform>
    </shape>
    <shape name="temp34" type="ply">
        <string name="filename" value="meshes/Cube_030.ply"/>
        <boolean name="face_normals" value="true"/>
        <ref id="mat-Material" name="bsdf"/>
        <transform name="to_world">
            <matrix value="-0.04251129038196225 0.9814471751302176 -0.18696001977977694 -3.2078194107616955 -0.9708974721773206 0.00356289168474557 0.23946797306151021 -1.8765802836998977 0.23569113162237484 0.1916991262933616 0.9527336979342319 0.29970766826225126 0.0 0.0 0.0 1.0"/>
        </transform>
    </shape>
    <shape name="temp35" type="ply">
        <string name="filename" value="meshes/Cube_031.ply"/>
        <boolean name="face_normals" value="true"/>
        <ref id="mat-Material" name="bsdf"/>
        <transform name="to_world">
            <matrix value="0.12748910956390386 0.9805119904551931 0.14947413858723532 -1.9316612786224243 -0.764010410849126 0.0009808603258500324 0.6452034678249408 -1.126909698251035 0.6324834626711132 -0.196456114954852 0.7492464898839347 0.6279519673334595 0.0 0.0 0.0 1.0"/>
        </transform>
    </shape>
    <shape name="temp36" type="ply">
        <string name="filename" value="meshes/Cube_032.ply"/>
        <boolean name="face_normals" value="true"/>
        <ref id="mat-Material" name="bsdf"/>
        <transform name="to_world">
            <matrix value="0.7361571343215839 0.6064431618841817 0.3004986523102206 -0.627391807685842 -0.37605340701774914 -0.0026482938866095283 0.926594285568396 -0.0470024966715866 0.5627226178888599 -0.7951224701359759 0.22610539638532628 -0.1261509201104687 0.0 0.0 0.0 1.0"/>
        </transform>
    </shape>
    <shape name="temp37" type="ply">
        <string name="filename" value="meshes/Cube_033.ply"/>
        <boolean name="face_normals" value="true"/>
        <ref id="mat-Material" name="bsdf"/>
        <transform name="to_world">
            <matrix value="0.9772156297482213 0.16592007475653026 0.1323654993307648 -0.13740667411760388 -0.15010753031326515 0.09934909255500883 0.9836653190556858 0.30040894681559704 0.15005948296801397 -0.9811218902722649 0.12199131388997499 -0.3805896351620479 0.0 0.0 0.0 1.0"/>
        </transform>
    </shape>
    <shape name="temp38" type="ply">
        <string name="filename" value="meshes/Cube_034.ply"/>
        <boolean name="face_normals" value="true"/>
        <ref id="mat-Material" name="bsdf"/>
        <transform name="to_world">
            <matrix value="0.9999250922384922 0.0023045848864155457 0.01204401113705681 -0.035104537220948195 -0.012262223262361554 0.18119781487329562 0.9833702976831838 0.36941251953366583 8.391309281293272e-05 -0.9834438481257679 0.18121248110610322 -0.3565503600734893 0.0 0.0 0.0 1.0"/>
        </transform>
    </shape>
    <shape name="temp39" type="ply">
        <string name="filename" value="meshes/Cube_035.ply"/>
        <boolean name="face_normals" value="true"/>
        <ref id="mat-Material" name="bsdf"/>
        <transform name="to_world">
            <matrix value="0.9989286860380797 -0.046174484745204136 0.003123207827900417 0.009458451602980755 0.006555448586681134 0.20797771487809305 0.978111683555537 0.09145592968206943 -0.045813365317617774 -0.9770430288075458 0.2080575821201919 -0.14592310899868827 0.0 0.0 0.0 1.0"/>
        </transform>
    </shape>
    <shape name="temp40" type="ply">
        <string name="filename" value="meshes/Cube_036.ply"/>
        <boolean name="face_normals" value="true"/>
        <ref id="mat-Material" name="bsdf"/>
        <transform name="to_world">
            <matrix value="0.9993958622548211 -0.034601385415384746 0.003340266020393352 0.003896799695551678 0.004016310389396253 0.21037789175738336 0.9776119438267961 -0.24627009755809512 -0.034529450717784786 -0.9770075695158555 0.21038976389307176 0.21513161583779997 0.0 0.0 0.0 1.0"/>
        </transform>
    </shape>
    <shape name="temp41" type="ply">
        <string name="filename" value="meshes/Cube_037.ply"/>
        <boolean name="face_normals" value="true"/>
        <ref id="mat-Material" name="bsdf"/>
        <transform name="to_world">
            <matrix value="0.9988537782765718 -0.04774718776529287 0.003374708820051619 -0.0051567471022706535 0.006752039352726022 0.21034597839486216 0.9776039063855579 -0.5696765661141714 -0.04738771370874089 -0.9764602449194135 0.21042720891342778 0.5112237833704834 0.0 0.0 0.0 1.0"/>
        </transform>
    </shape>
    <shape name="temp42" type="ply">
        <string name="filename" value="meshes/Cube_038.ply"/>
        <boolean name="face_normals" value="true"/>
        <ref id="mat-Material" name="bsdf"/>
        <transform name="to_world">
            <matrix value="0.9991631606288353 -0.040756242399718 0.0034470457911938953 0.0067170663917845985 0.005207357094607174 0.21034493547451832 0.9776135985941097 -0.9047364793984826 -0.04056892666485824 -0.976777292703938 0.21038106454490826 0.8603347017356485 0.0 0.0 0.0 1.0"/>
        </transform>
    </shape>
    <shape name="temp43" type="ply">
        <string name="filename" value="meshes/Cube_039.ply"/>
        <boolean name="face_normals" value="true"/>
        <ref id="mat-Material" name="bsdf"/>
        <transform name="to_world">
            <matrix value="0.9999607254597572 -0.006516371857501057 -0.00605666110997941 0.0212433608383229 0.008281162322659012 0.4330097692334529 0.9013511708331498 -1.3192676178216376 -0.0032509642209480227 -0.9013656460139468 0.43304653513856955 1.4731431470561078 0.0 0.0 0.0 1.0"/>
        </transform>
    </shape>
    <shape name="temp47" type="ply">
        <string name="filename" value="meshes/Plane_001.ply"/>
        <boolean name="face_normals" value="true"/>
        <ref id="mat-Material.002" name="bsdf"/>
    </shape>
    <shape name="temp49" type="ply">
        <string name="filename" value="meshes/Plane_002.ply"/>
        <boolean name="face_normals" value="true"/>
        <ref id="mat-Material.003" name="bsdf"/>
    </shape>
    <shape name="temp51" type="ply">
        <string name="filename" value="meshes/Plane_003.ply"/>
        <boolean name="face_normals" value="true"/>
        <ref id="mat-Material.004" name="bsdf"/>
    </shape>
    <shape name="temp53" type="ply">
        <string name="filename" value="meshes/Plane_004.ply"/>
        <boolean name="face_normals" value="true"/>
        <ref id="mat-Material.005" name="bsdf"/>
    </shape>
    <emitter type="point">
        <rgb name="intensity" value="100"/>
        <animation name="to_world">
            <transform time="0">
                <rotate angle="-142.5518126578256" x="1"/>
                <rotate angle="3.976628485794621e-06" y="1"/>
                <rotate angle="-179.999991348578" z="1"/>
                <translate value="-0.000000 3.030926 4.073377"/>
                <translate x="32.1" y="0.0" z="0.0"/>
            </transform>
            <transform time="0.0015">
                <rotate angle="-142.5518126578256" x="1"/>
                <rotate angle="3.976628485794621e-06" y="1"/>
                <rotate angle="-179.999991348578" z="1"/>
                <translate value="-0.000000 3.030926 4.073377"/>
                <translate x="32.25" y="0.0" z="0.0"/>
            </transform>
        </animation>
    </emitter>
</scene>
