
<scene version="2.1.0">
    <default name="spp" value="1024"/>
    <default name="resx" value="1280"/>
    <default name="resy" value="720"/>
    <integrator name="temp0" type="path">
        <integer name="max_depth" value="12"/>
    </integrator>
    <sensor name="temp44" type="perspective">
        <string name="fov_axis" value="x"/>
        <float name="fov" value="83.974423"/>
        <float name="principal_point_offset_x" value="0.000000"/>
        <float name="principal_point_offset_y" value="-0.000000"/>
        <float name="near_clip" value="0.100000"/>
        <float name="far_clip" value="1000.000000"/>
        <sampler name="sampler" type="independent">
            <integer name="sample_count" value="$spp"/>
        </sampler>
        <film name="film" type="hdrfilm">
            <integer name="width" value="$resx"/>
            <integer name="height" value="$resy"/>
        </film>
        <float name="shutter_open" value="0.0"/>
        <float name="shutter_close" value="0.0015"/>
        <animation name="to_world">
            <transform time="0">
                <rotate angle="-142.5518126578256" x="1"/>
                <rotate angle="3.976628485794621e-06" y="1"/>
                <rotate angle="-179.999991348578" z="1"/>
                <translate value="-0.000000 3.030926 4.073377"/>
                <translate x="24.599999999999998" y="0.0" z="0.0"/>
            </transform>
            <transform time="0.0015">
                <rotate angle="-142.5518126578256" x="1"/>
                <rotate angle="3.976628485794621e-06" y="1"/>
                <rotate angle="-179.999991348578" z="1"/>
                <translate value="-0.000000 3.030926 4.073377"/>
                <translate x="24.75" y="0.0" z="0.0"/>
            </transform>
        </animation>
    </sensor>
    <bsdf id="mat-Material" name="mat-Material" type="twosided">
        <bsdf name="bsdf" type="diffuse">
            <texture name="reflectance" type="bitmap">
                <string name="filename" value="textures/siggraph_2023_logo.jpg"/>
            </texture>
        </bsdf>
    </bsdf>
    <bsdf id="mat-Material.001" name="mat-Material.001" type="twosided">
        <bsdf name="bsdf" type="principled">
            <rgb name="base_color" value="0.433648 0.266232 0.084399"/>
            <float name="spec_tint" value="0.000000"/>
            <float name="spec_trans" value="0.000000"/>
            <float name="metallic" value="0.000000"/>
            <float name="anisotropic" value="0.000000"/>
            <float name="roughness" value="0.500000"/>
            <float name="sheen" value="0.000000"/>
            <float name="sheen_tint" value="0.500000"/>
            <float name="clearcoat" value="0.000000"/>
            <float name="clearcoat_gloss" value="0.173205"/>
            <float name="specular" value="0.500000"/>
        </bsdf>
    </bsdf>
    <bsdf id="mat-Material.002" name="mat-Material.002" type="twosided">
        <bsdf name="bsdf" type="principled">
            <rgb name="base_color" value="0.433648 0.266232 0.084399"/>
            <float name="spec_tint" value="0.000000"/>
            <float name="spec_trans" value="0.000000"/>
            <float name="metallic" value="0.000000"/>
            <float name="anisotropic" value="0.000000"/>
            <float name="roughness" value="0.500000"/>
            <float name="sheen" value="0.000000"/>
            <float name="sheen_tint" value="0.500000"/>
            <float name="clearcoat" value="0.000000"/>
            <float name="clearcoat_gloss" value="0.173205"/>
            <float name="specular" value="0.500000"/>
        </bsdf>
    </bsdf>
    <bsdf id="mat-Material.003" name="mat-Material.003" type="twosided">
        <bsdf name="bsdf" type="principled">
            <rgb name="base_color" value="0.433648 0.266232 0.084399"/>
            <float name="spec_tint" value="0.000000"/>
            <float name="spec_trans" value="0.000000"/>
            <float name="metallic" value="0.000000"/>
            <float name="anisotropic" value="0.000000"/>
            <float name="roughness" value="0.500000"/>
            <float name="sheen" value="0.000000"/>
            <float name="sheen_tint" value="0.500000"/>
            <float name="clearcoat" value="0.000000"/>
            <float name="clearcoat_gloss" value="0.173205"/>
            <float name="specular" value="0.500000"/>
        </bsdf>
    </bsdf>
    <bsdf id="mat-Material.004" name="mat-Material.004" type="twosided">
        <bsdf name="bsdf" type="principled">
            <rgb name="base_color" value="0.433648 0.266232 0.084399"/>
            <float name="spec_tint" value="0.000000"/>
            <float name="spec_trans" value="0.000000"/>
            <float name="metallic" value="0.000000"/>
            <float name="anisotropic" value="0.000000"/>
            <float name="roughness" value="0.500000"/>
            <float name="sheen" value="0.000000"/>
            <float name="sheen_tint" value="0.500000"/>
            <float name="clearcoat" value="0.000000"/>
            <float name="clearcoat_gloss" value="0.173205"/>
            <float name="specular" value="0.500000"/>
        </bsdf>
    </bsdf>
    <bsdf id="mat-Material.005" name="mat-Material.005" type="twosided">
        <bsdf name="bsdf" type="principled">
            <rgb name="base_color" value="0.433648 0.266232 0.084399"/>
            <float name="spec_tint" value="0.000000"/>
            <float name="spec_trans" value="0.000000"/>
            <float name="metallic" value="0.000000"/>
            <float name="anisotropic" value="0.000000"/>
            <float name="roughness" value="0.500000"/>
            <float name="sheen" value="0.000000"/>
            <float name="sheen_tint" value="0.500000"/>
            <float name="clearcoat" value="0.000000"/>
            <float name="clearcoat_gloss" value="0.173205"/>
            <float name="specular" value="0.500000"/>
        </bsdf>
    </bsdf>
    <emitter name="temp45" type="point">
        <point name="position" x="-6.815235034541981e-16" y="3.0693089962005615" z="4.109199523925781"/>
        <rgb name="intensity" value="7.957747 7.957747 7.957747"/>
    </emitter>
    <shape name="temp2" type="ply">
        <string name="filename" value="meshes/Cube.ply"/>
        <boolean name="face_normals" value="true"/>
        <ref id="mat-Material" name="bsdf"/>
        <transform name="to_world">
            <matrix value="0.9999991135176153 0.00010246629802908914 0.001339437218364513 -0.0021982729571830006 -0.00010105278648007985 0.9999993742477937 -0.0010553916810592022 -0.016184880419227 -0.0013395458018853708 0.0010552560056568 0.9999985816280168 0.003108317057805454 0.0 0.0 0.0 1.0"/>
        </transform>
    </shape>
    <shape name="temp4" type="ply">
        <string name="filename" value="meshes/Plane.ply"/>
        <boolean name="face_normals" value="true"/>
        <ref id="mat-Material.001" name="bsdf"/>
    </shape>
    <shape name="temp5" type="ply">
        <string name="filename" value="meshes/Cube_001.ply"/>
        <boolean name="face_normals" value="true"/>
        <ref id="mat-Material" name="bsdf"/>
        <transform name="to_world">
            <matrix value="0.9999986702764229 -9.816529453113431e-05 -0.0016142302424328673 0.0021583521850203624 0.00010188209075097469 0.9999972884071061 0.0023026749077230827 -0.020177871835824868 0.0016140007481911327 -0.0023028348660785987 0.9999962176747115 -0.0035520878929731214 0.0 0.0 0.0 1.0"/>
        </transform>
    </shape>
    <shape name="temp6" type="ply">
        <string name="filename" value="meshes/Cube_002.ply"/>
        <boolean name="face_normals" value="true"/>
        <ref id="mat-Material" name="bsdf"/>
        <transform name="to_world">
            <matrix value="1.0 -2.3787135786142927e-05 0.0003512621855883005 -0.0009219113010145996 2.4904703143643832e-05 0.9999947853982809 -0.0031819520675372007 -0.015633793131223706 -0.0003511835426318244 0.003181954140706641 0.9999950356980589 0.0008112530969545118 0.0 0.0 0.0 1.0"/>
        </transform>
    </shape>
    <shape name="temp7" type="ply">
        <string name="filename" value="meshes/Cube_003.ply"/>
        <boolean name="face_normals" value="true"/>
        <ref id="mat-Material" name="bsdf"/>
        <transform name="to_world">
            <matrix value="0.9999991135176153 -0.00039657880410410017 0.0012909312604929978 -0.0012349424596029834 0.0004013260889992855 0.9999931167257308 -0.0036789732499771877 -0.017450962449625462 -0.0012894639795612622 0.0036794980632969218 0.999992435349423 0.0036619629897684525 0.0 0.0 0.0 1.0"/>
        </transform>
    </shape>
    <shape name="temp8" type="ply">
        <string name="filename" value="meshes/Cube_004.ply"/>
        <boolean name="face_normals" value="true"/>
        <ref id="mat-Material" name="bsdf"/>
        <transform name="to_world">
            <matrix value="0.9999995567588077 -0.0003646904716711547 0.0009977135843631108 -0.0005026696227461436 0.0003667306706948426 0.9999977055752436 -0.002046070140385731 -0.018750337608209156 -0.000996964684314758 0.002046434985388686 0.9999976360466947 0.0030226680211288444 0.0 0.0 0.0 1.0"/>
        </transform>
    </shape>
    <shape name="temp9" type="ply">
        <string name="filename" value="meshes/Cube_005.ply"/>
        <boolean name="face_normals" value="true"/>
        <ref id="mat-Material" name="bsdf"/>
        <transform name="to_world">
            <matrix value="1.0 -0.00022370224207015517 0.000794406508247124 -0.0006546685150832232 0.00022493382408998153 0.9999987484955875 -0.0015508077392048889 -0.018832264901696982 -0.0007940577312788218 0.0015509873326895037 0.9999985816280168 0.0021887070146893173 0.0 0.0 0.0 1.0"/>
        </transform>
    </shape>
    <shape name="temp10" type="ply">
        <string name="filename" value="meshes/Cube_006.ply"/>
        <boolean name="face_normals" value="true"/>
        <ref id="mat-Material" name="bsdf"/>
        <transform name="to_world">
            <matrix value="0.9999991135176153 -0.00017013660170663486 -0.0012948814264661594 -0.0011630980836678795 0.00017228075960902582 0.9999985399115188 0.0016557270787541589 -0.01710976791288249 0.0012945967125687246 -0.001655946836092553 0.9999978724420252 -0.00298780055433967 0.0 0.0 0.0 1.0"/>
        </transform>
    </shape>
    <shape name="temp11" type="ply">
        <string name="filename" value="meshes/Cube_007.ply"/>
        <boolean name="face_normals" value="true"/>
        <ref id="mat-Material" name="bsdf"/>
        <transform name="to_world">
            <matrix value="0.9999991135176153 0.0013912870262795067 -6.768683859541459e-05 0.0005134502461712209 -0.001391577885455838 0.9999889450443554 -0.004504300267457677 -0.01873747122635072 6.141904554214603e-05 0.004504387565886493 0.9999900713961177 -0.00014363975880993252 0.0 0.0 0.0 1.0"/>
        </transform>
    </shape>
    <shape name="temp12" type="ply">
        <string name="filename" value="meshes/Cube_008.ply"/>
        <boolean name="face_normals" value="true"/>
        <ref id="mat-Material" name="bsdf"/>
        <transform name="to_world">
            <matrix value="1.0 0.00015936636331590268 0.00010683177777326 0.00011388654501942597 -0.00015934786809851303 1.0 -0.0001722376378243876 -0.01763981927459507 -0.00010685924609992076 0.0001722207737217447 1.0 -3.240109939439684e-05 0.0 0.0 0.0 1.0"/>
        </transform>
    </shape>
    <shape name="temp13" type="ply">
        <string name="filename" value="meshes/Cube_009.ply"/>
        <boolean name="face_normals" value="true"/>
        <ref id="mat-Material" name="bsdf"/>
        <transform name="to_world">
            <matrix value="0.9999991135176153 0.001046747861491835 0.0008904066519754849 0.0015999081300677176 -0.0010463949420861057 0.9999993742477937 -0.0003958841681792028 -0.016232931612983947 -0.0008908217159816818 0.0003949518483677254 0.9999995272093389 0.001492334188465616 0.0 0.0 0.0 1.0"/>
        </transform>
    </shape>
    <shape name="temp14" type="ply">
        <string name="filename" value="meshes/Cube_010.ply"/>
        <boolean name="face_normals" value="true"/>
        <ref id="mat-Material" name="bsdf"/>
        <transform name="to_world">
            <matrix value="0.9999840433170752 0.00033942468342152966 0.005644576783803704 0.011583086272396681 -0.00034091408744616836 0.9999997914159312 0.00026272740639808693 -0.01677891657035585 -0.005644485990918874 -0.00026464729476892017 0.9999841615128545 0.00931060209836887 0.0 0.0 0.0 1.0"/>
        </transform>
    </shape>
    <shape name="temp15" type="ply">
        <string name="filename" value="meshes/Cube_011.ply"/>
        <boolean name="face_normals" value="true"/>
        <ref id="mat-Material" name="bsdf"/>
        <transform name="to_world">
            <matrix value="0.9999991135176153 0.000837312769725274 -0.0009826599297149403 -0.002188541197133409 -0.0008367241284548435 0.9999993742477937 0.0005994654628786049 -0.015642162635445322 0.0009831621535848461 -0.0005986425348804709 0.9999995272093389 -0.001423037361156343 0.0 0.0 0.0 1.0"/>
        </transform>
    </shape>
    <shape name="temp16" type="ply">
        <string name="filename" value="meshes/Cube_012.ply"/>
        <boolean name="face_normals" value="true"/>
        <ref id="mat-Material" name="bsdf"/>
        <transform name="to_world">
            <matrix value="0.9999942378644994 0.0034283816170688516 -0.0001872317208492644 -0.00041063097253424274 -0.0034277835990121045 0.9999891536284242 0.0031153122238607046 -0.00928436646766273 0.0001979102950745266 -0.003114658662600668 0.9999952720933893 -0.00034067840667351135 0.0 0.0 0.0 1.0"/>
        </transform>
    </shape>
    <shape name="temp17" type="ply">
        <string name="filename" value="meshes/Cube_013.ply"/>
        <boolean name="face_normals" value="true"/>
        <ref id="mat-Material" name="bsdf"/>
        <transform name="to_world">
            <matrix value="0.9999729622872664 0.006493326352719832 0.0034780135794933668 0.010701151792187669 -0.006543871126736841 0.9998702607092276 0.014723575848150986 0.0058537137316233 -0.003381943594898826 -0.014745930003358205 0.9998855846600232 -0.03608686053739696 0.0 0.0 0.0 1.0"/>
        </transform>
    </shape>
    <shape name="temp18" type="ply">
        <string name="filename" value="meshes/Cube_014.ply"/>
        <boolean name="face_normals" value="true"/>
        <ref id="mat-Material" name="bsdf"/>
        <transform name="to_world">
            <matrix value="0.9983888182657923 0.054851915740379585 -0.014536279827771819 -0.0027382976741864296 -0.050193696401058814 0.9731414638012779 0.2246690819965571 0.2191336394237809 0.026469388876773633 -0.22357750879703311 0.9743267579184162 -0.11175483013462528 0.0 0.0 0.0 1.0"/>
        </transform>
    </shape>
    <shape name="temp19" type="ply">
        <string name="filename" value="meshes/Cube_015.ply"/>
        <boolean name="face_normals" value="true"/>
        <ref id="mat-Material" name="bsdf"/>
        <transform name="to_world">
            <matrix value="0.9943539936917914 0.10538526520421423 -0.012411085806304284 -0.0036690135997716755 -0.08229118464186999 0.8396724812952236 0.5368223550553851 0.33521722074086313 0.06699444352841265 -0.5327700172916193 0.843604158855771 -0.12637412632701472 0.0 0.0 0.0 1.0"/>
        </transform>
    </shape>
    <shape name="temp20" type="ply">
        <string name="filename" value="meshes/Cube_016.ply"/>
        <boolean name="face_normals" value="true"/>
        <ref id="mat-Material" name="bsdf"/>
        <transform name="to_world">
            <matrix value="0.9909131123155452 0.12855424124416226 0.03956588834292074 0.07816364768960482 -0.12440924813883024 0.7641706801717899 0.6329026368007958 0.20352410971376625 0.051127206676276134 -0.6320735550860096 0.773219813143675 -0.15708355185483924 0.0 0.0 0.0 1.0"/>
        </transform>
    </shape>
    <shape name="temp21" type="ply">
        <string name="filename" value="meshes/Cube_017.ply"/>
        <boolean name="face_normals" value="true"/>
        <ref id="mat-Material" name="bsdf"/>
        <transform name="to_world">
            <matrix value="0.9685843940095067 0.21492398153613826 0.12510932102060374 0.20923559283625726 -0.24416455240617915 0.7263746211591852 0.6424667190833913 0.06472996167347012 0.047205275633967876 -0.6528303815211202 0.7560319814514768 -0.18786955940920308 0.0 0.0 0.0 1.0"/>
        </transform>
    </shape>
    <shape name="temp22" type="ply">
        <string name="filename" value="meshes/Cube_018.ply"/>
        <boolean name="face_normals" value="true"/>
        <ref id="mat-Material" name="bsdf"/>
        <transform name="to_world">
            <matrix value="0.04592497344985257 0.9941602718267585 0.09765292532129671 0.8860724207542262 -0.7968022807418793 -0.022503154834040084 0.6038208104482954 0.20774042341365118 0.6024924338728465 -0.10554053518500364 0.7911158852461418 -0.3829344435920621 0.0 0.0 0.0 1.0"/>
        </transform>
    </shape>
    <shape name="temp23" type="ply">
        <string name="filename" value="meshes/Cube_019.ply"/>
        <boolean name="face_normals" value="true"/>
        <ref id="mat-Material" name="bsdf"/>
        <transform name="to_world">
            <matrix value="-0.07272346891194925 0.9914420042426001 -0.1084166429877344 0.4389334905556674 -0.8672005063587382 -0.009166324936434007 0.497875042373863 -0.09090932262917016 0.49262047738849385 0.13022612598894923 0.8604454349934116 -0.035168500232313216 0.0 0.0 0.0 1.0"/>
        </transform>
    </shape>
    <shape name="temp24" type="ply">
        <string name="filename" value="meshes/Cube_020.ply"/>
        <boolean name="face_normals" value="true"/>
        <ref id="mat-Material" name="bsdf"/>
        <transform name="to_world">
            <matrix value="0.1270293320204129 0.9915461435023977 0.026449919033160837 -0.17926307049723256 -0.9261563495547972 0.1281142322778847 -0.35471190339572267 0.21523698864698393 -0.3551018319684204 0.020562065064716716 0.9346014679172159 0.11240088328956443 0.0 0.0 0.0 1.0"/>
        </transform>
    </shape>
    <shape name="temp25" type="ply">
        <string name="filename" value="meshes/Cube_021.ply"/>
        <boolean name="face_normals" value="true"/>
        <ref id="mat-Material" name="bsdf"/>
        <transform name="to_world">
            <matrix value="0.2767195542057384 0.9521854395804957 -0.12949592005299038 -0.24363030523059226 -0.743380192792189 0.12671953577529657 -0.6567561076279572 0.16096250457757083 -0.6089438094275628 0.278001889771663 0.7429014028171704 0.12584995308163915 0.0 0.0 0.0 1.0"/>
        </transform>
    </shape>
    <shape name="temp26" type="ply">
        <string name="filename" value="meshes/Cube_022.ply"/>
        <boolean name="face_normals" value="true"/>
        <ref id="mat-Material" name="bsdf"/>
        <transform name="to_world">
            <matrix value="0.6849197822090077 0.5975134693162406 -0.41696874049986266 -0.12228547231254255 -0.543229756731504 0.037380914140539775 -0.8387516719059752 0.03258477674593144 -0.4855787045655616 0.8009870198134007 0.3501901327643455 0.43188655581961455 0.0 0.0 0.0 1.0"/>
        </transform>
    </shape>
    <shape name="temp27" type="ply">
        <string name="filename" value="meshes/Cube_023.ply"/>
        <boolean name="face_normals" value="true"/>
        <ref id="mat-Material" name="bsdf"/>
        <transform name="to_world">
            <matrix value="0.8707730303691136 0.38376110449436096 -0.3073798839866276 -0.10742398962908861 -0.40897443739395456 0.21828301937954583 -0.8860546139404217 -0.20251945135393984 -0.2729374657596179 0.8972625426815152 0.34702338091656143 0.06539827399656639 0.0 0.0 0.0 1.0"/>
        </transform>
    </shape>
    <shape name="temp28" type="ply">
        <string name="filename" value="meshes/Cube_024.ply"/>
        <boolean name="face_normals" value="true"/>
        <ref id="mat-Material" name="bsdf"/>
        <transform name="to_world">
            <matrix value="0.9055045237196091 0.35691445758755835 -0.22950821261017795 -0.10917843580789555 -0.32184789026057264 0.22519132373707562 -0.9196210961084127 -0.4497779621378448 -0.27654283394234674 0.9065875020597677 0.3187838311267405 -0.25358428595813176 0.0 0.0 0.0 1.0"/>
        </transform>
    </shape>
    <shape name="temp29" type="ply">
        <string name="filename" value="meshes/Cube_025.ply"/>
        <boolean name="face_normals" value="true"/>
        <ref id="mat-Material" name="bsdf"/>
        <transform name="to_world">
            <matrix value="0.887530206887259 0.4044165590720512 -0.2207669042754932 -0.2816602070413764 -0.32056076216209506 0.19782015047254722 -0.9263413425647287 -0.7910676457222278 -0.3309556546051874 0.8929246198033887 0.305211429619673 -0.7442943900176339 0.0 0.0 0.0 1.0"/>
        </transform>
    </shape>
    <shape name="temp30" type="ply">
        <string name="filename" value="meshes/Cube_026.ply"/>
        <boolean name="face_normals" value="true"/>
        <ref id="mat-Material" name="bsdf"/>
        <transform name="to_world">
            <matrix value="0.9184795231433956 0.2804863346147348 -0.2787885779449776 -0.2971022979370255 -0.342001668359848 0.20938795176701994 -0.9160739841738054 -1.127202862765858 -0.1985711676923268 0.9367412493768551 0.2882453367475123 -0.8593204845719506 0.0 0.0 0.0 1.0"/>
        </transform>
    </shape>
    <shape name="temp31" type="ply">
        <string name="filename" value="meshes/Cube_027.ply"/>
        <boolean name="face_normals" value="true"/>
        <ref id="mat-Material" name="bsdf"/>
        <transform name="to_world">
            <matrix value="0.8703829781198418 0.25526080309038157 -0.42104135925423897 -0.5271166639812978 -0.4747073278406885 0.20801941083343936 -0.8552080964455125 -1.5650802261183325 -0.1307163930095545 0.9442296260296232 0.30223072089701625 -1.0084265802339951 0.0 0.0 0.0 1.0"/>
        </transform>
    </shape>
    <shape name="temp32" type="ply">
        <string name="filename" value="meshes/Cube_028.ply"/>
        <boolean name="face_normals" value="true"/>
        <ref id="mat-Material" name="bsdf"/>
        <transform name="to_world">
            <matrix value="-0.11995228065323114 0.9808025480629841 0.15374514030299263 -1.485768479506453 -0.7867415921578222 0.0005431091124122122 -0.6172821061500137 -2.1189933953391606 -0.605515782045895 -0.19500207541148423 0.7715733196665313 -1.350612738754435 0.0 0.0 0.0 1.0"/>
        </transform>
    </shape>
    <shape name="temp33" type="ply">
        <string name="filename" value="meshes/Cube_029.ply"/>
        <boolean name="face_normals" value="true"/>
        <ref id="mat-Material" name="bsdf"/>
        <transform name="to_world">
            <matrix value="0.004417297398883387 0.9882967650696776 0.15248016524979185 -1.6601702877613462 -0.9995731587317629 -3.971065217980781e-05 0.02921468052825846 -1.846424656397026 0.028878834701175655 -0.15254409988673884 0.9878748107064391 -0.11513078024164902 0.0 0.0 0.0 1.0"/>
        </transform>
    </shape>
    <shape name="temp34" type="ply">
        <string name="filename" value="meshes/Cube_030.ply"/>
        <boolean name="face_normals" value="true"/>
        <ref id="mat-Material" name="bsdf"/>
        <transform name="to_world">
            <matrix value="-0.04146584964902563 0.9821425419927253 -0.1835115949811008 -3.201895834690558 -0.9714641154800993 0.0032986247698748084 0.2371638833992819 -1.8818778958579594 0.2335340141090381 0.18810909175603685 0.9539795759407822 0.3007211244142869 0.0 0.0 0.0 1.0"/>
        </transform>
    </shape>
    <shape name="temp35" type="ply">
        <string name="filename" value="meshes/Cube_031.ply"/>
        <boolean name="face_normals" value="true"/>
        <ref id="mat-Material" name="bsdf"/>
        <transform name="to_world">
            <matrix value="0.10146761591200422 0.9885018032092745 0.11210998907380783 -2.04557766473343 -0.7357812657904674 -0.0012796945494896992 0.6772182510433308 -1.0020830146119086 0.6695747721297031 -0.15120411411217236 0.7271910419407868 0.693782176701192 0.0 0.0 0.0 1.0"/>
        </transform>
    </shape>
    <shape name="temp36" type="ply">
        <string name="filename" value="meshes/Cube_032.ply"/>
        <boolean name="face_normals" value="true"/>
        <ref id="mat-Material" name="bsdf"/>
        <transform name="to_world">
            <matrix value="0.7811860070528539 0.574228812551755 0.2449698619593107 -0.5309498025905408 -0.2783633141675842 -0.030846350717424906 0.9599803980991923 0.30802516059403745 0.5588048089896406 -0.8181134405316391 0.13574748912699677 -0.21271873156776788 0.0 0.0 0.0 1.0"/>
        </transform>
    </shape>
    <shape name="temp37" type="ply">
        <string name="filename" value="meshes/Cube_033.ply"/>
        <boolean name="face_normals" value="true"/>
        <ref id="mat-Material" name="bsdf"/>
        <transform name="to_world">
            <matrix value="0.9782293223551355 0.15910928345114858 0.13323711255396314 -0.12938514926262057 -0.15007251425906917 0.09891304755925352 0.9837147256797667 0.30046325695809584 0.14333928163013474 -0.9822935069865235 0.12063754875062704 -0.39287199731793143 0.0 0.0 0.0 1.0"/>
        </transform>
    </shape>
    <shape name="temp38" type="ply">
        <string name="filename" value="meshes/Cube_034.ply"/>
        <boolean name="face_normals" value="true"/>
        <ref id="mat-Material" name="bsdf"/>
        <transform name="to_world">
            <matrix value="0.9999219895501457 0.0047229815841125684 0.011586704370145919 -0.03570420976622213 -0.012251381582796567 0.18142969778254275 0.983327510128358 0.36942174580383347 0.00254206358915442 -0.9833925364448515 0.18147339063240953 -0.3405900682429178 0.0 0.0 0.0 1.0"/>
        </transform>
    </shape>
    <shape name="temp39" type="ply">
        <string name="filename" value="meshes/Cube_035.ply"/>
        <boolean name="face_normals" value="true"/>
        <ref id="mat-Material" name="bsdf"/>
        <transform name="to_world">
            <matrix value="0.9990767285963261 -0.04290278105138886 0.002364520654096424 0.009519334235704946 0.006804421596838449 0.21231000598636277 0.9771788675812645 0.092079901288462 -0.042425690614101806 -0.9762600042133982 0.21240579055090042 -0.1342734349105027 0.0 0.0 0.0 1.0"/>
        </transform>
    </shape>
    <shape name="temp40" type="ply">
        <string name="filename" value="meshes/Cube_036.ply"/>
        <boolean name="face_normals" value="true"/>
        <ref id="mat-Material" name="bsdf"/>
        <transform name="to_world">
            <matrix value="0.9997704010623606 -0.021304651633317552 0.0023599724079370206 0.005439773462377229 0.0022425211913614067 0.21345492393981932 0.9769505096919722 -0.2508700591130244 -0.0213173349857365 -0.9767205578372335 0.21345358921394297 0.24690112892207397 0.0 0.0 0.0 1.0"/>
        </transform>
    </shape>
    <shape name="temp41" type="ply">
        <string name="filename" value="meshes/Cube_037.ply"/>
        <boolean name="face_normals" value="true"/>
        <ref id="mat-Material" name="bsdf"/>
        <transform name="to_world">
            <matrix value="0.9990027073172029 -0.04456546723874324 0.0027639814836265503 -0.0015914411540363105 0.00683408772984272 0.2137819837596444 0.9768576063270737 -0.5689851495057145 -0.04412501529182113 -0.9758643202349491 0.21387330912329955 0.5070207311630088 0.0 0.0 0.0 1.0"/>
        </transform>
    </shape>
    <shape name="temp42" type="ply">
        <string name="filename" value="meshes/Cube_038.ply"/>
        <boolean name="face_normals" value="true"/>
        <ref id="mat-Material" name="bsdf"/>
        <transform name="to_world">
            <matrix value="0.9993116464282739 -0.03699910100266362 0.0027363941485536625 0.0037528317047974546 0.0052416506656596225 0.21381869455574726 0.976859497489718 -0.9038929892037958 -0.03672802011251234 -0.9761723989045166 0.2138654371587929 0.8503260095383076 0.0 0.0 0.0 1.0"/>
        </transform>
    </shape>
    <shape name="temp43" type="ply">
        <string name="filename" value="meshes/Cube_039.ply"/>
        <boolean name="face_normals" value="true"/>
        <ref id="mat-Material" name="bsdf"/>
        <transform name="to_world">
            <matrix value="0.9999658173990905 -0.003241075361632653 -0.007622918568581738 0.01832219426010706 0.008274636494612199 0.43300193551880073 0.9013549942413147 -1.3192868242479738 0.00037938746356187434 -0.9013871432673214 0.43301384053370373 1.4660915674513393 0.0 0.0 0.0 1.0"/>
        </transform>
    </shape>
    <shape name="temp47" type="ply">
        <string name="filename" value="meshes/Plane_001.ply"/>
        <boolean name="face_normals" value="true"/>
        <ref id="mat-Material.002" name="bsdf"/>
    </shape>
    <shape name="temp49" type="ply">
        <string name="filename" value="meshes/Plane_002.ply"/>
        <boolean name="face_normals" value="true"/>
        <ref id="mat-Material.003" name="bsdf"/>
    </shape>
    <shape name="temp51" type="ply">
        <string name="filename" value="meshes/Plane_003.ply"/>
        <boolean name="face_normals" value="true"/>
        <ref id="mat-Material.004" name="bsdf"/>
    </shape>
    <shape name="temp53" type="ply">
        <string name="filename" value="meshes/Plane_004.ply"/>
        <boolean name="face_normals" value="true"/>
        <ref id="mat-Material.005" name="bsdf"/>
    </shape>
    <emitter type="point">
        <rgb name="intensity" value="100"/>
        <animation name="to_world">
            <transform time="0">
                <rotate angle="-142.5518126578256" x="1"/>
                <rotate angle="3.976628485794621e-06" y="1"/>
                <rotate angle="-179.999991348578" z="1"/>
                <translate value="-0.000000 3.030926 4.073377"/>
                <translate x="24.599999999999998" y="0.0" z="0.0"/>
            </transform>
            <transform time="0.0015">
                <rotate angle="-142.5518126578256" x="1"/>
                <rotate angle="3.976628485794621e-06" y="1"/>
                <rotate angle="-179.999991348578" z="1"/>
                <translate value="-0.000000 3.030926 4.073377"/>
                <translate x="24.75" y="0.0" z="0.0"/>
            </transform>
        </animation>
    </emitter>
</scene>
