
<scene version="2.1.0">
    <default name="spp" value="1024"/>
    <default name="resx" value="640"/>
    <default name="resy" value="360"/>
    <integrator name="temp0" type="path">
        <integer name="max_depth" value="12"/>
    </integrator>
    <sensor name="temp44" type="perspective">
        <string name="fov_axis" value="x"/>
        <float name="fov" value="83.974423"/>
        <float name="principal_point_offset_x" value="0.000000"/>
        <float name="principal_point_offset_y" value="-0.000000"/>
        <float name="near_clip" value="0.100000"/>
        <float name="far_clip" value="1000.000000"/>
        <sampler name="sampler" type="independent">
            <integer name="sample_count" value="$spp"/>
        </sampler>
        <film name="film" type="hdrfilm">
            <integer name="width" value="$resx"/>
            <integer name="height" value="$resy"/>
        </film>
        <float name="shutter_open" value="0.0"/>
        <float name="shutter_close" value="0.0015"/>
        <animation name="to_world">
            <transform time="0">
                <rotate angle="-142.5518126578256" x="1"/>
                <rotate angle="3.976628485794621e-06" y="1"/>
                <rotate angle="-179.999991348578" z="1"/>
                <translate value="-0.000000 3.030926 4.073377"/>
                <translate x="17.7" y="0.0" z="0.0"/>
            </transform>
            <transform time="0.0015">
                <rotate angle="-142.5518126578256" x="1"/>
                <rotate angle="3.976628485794621e-06" y="1"/>
                <rotate angle="-179.999991348578" z="1"/>
                <translate value="-0.000000 3.030926 4.073377"/>
                <translate x="17.849999999999998" y="0.0" z="0.0"/>
            </transform>
        </animation>
    </sensor>
    <bsdf id="mat-Material" name="mat-Material" type="twosided">
        <bsdf name="bsdf" type="diffuse">
            <texture name="reflectance" type="bitmap">
                <string name="filename" value="textures/siggraph_2023_logo.jpg"/>
            </texture>
        </bsdf>
    </bsdf>
    <bsdf id="mat-Material.001" name="mat-Material.001" type="twosided">
        <bsdf name="bsdf" type="principled">
            <rgb name="base_color" value="0.433648 0.266232 0.084399"/>
            <float name="spec_tint" value="0.000000"/>
            <float name="spec_trans" value="0.000000"/>
            <float name="metallic" value="0.000000"/>
            <float name="anisotropic" value="0.000000"/>
            <float name="roughness" value="0.500000"/>
            <float name="sheen" value="0.000000"/>
            <float name="sheen_tint" value="0.500000"/>
            <float name="clearcoat" value="0.000000"/>
            <float name="clearcoat_gloss" value="0.173205"/>
            <float name="specular" value="0.500000"/>
        </bsdf>
    </bsdf>
    <bsdf id="mat-Material.002" name="mat-Material.002" type="twosided">
        <bsdf name="bsdf" type="principled">
            <rgb name="base_color" value="0.433648 0.266232 0.084399"/>
            <float name="spec_tint" value="0.000000"/>
            <float name="spec_trans" value="0.000000"/>
            <float name="metallic" value="0.000000"/>
            <float name="anisotropic" value="0.000000"/>
            <float name="roughness" value="0.500000"/>
            <float name="sheen" value="0.000000"/>
            <float name="sheen_tint" value="0.500000"/>
            <float name="clearcoat" value="0.000000"/>
            <float name="clearcoat_gloss" value="0.173205"/>
            <float name="specular" value="0.500000"/>
        </bsdf>
    </bsdf>
    <bsdf id="mat-Material.003" name="mat-Material.003" type="twosided">
        <bsdf name="bsdf" type="principled">
            <rgb name="base_color" value="0.433648 0.266232 0.084399"/>
            <float name="spec_tint" value="0.000000"/>
            <float name="spec_trans" value="0.000000"/>
            <float name="metallic" value="0.000000"/>
            <float name="anisotropic" value="0.000000"/>
            <float name="roughness" value="0.500000"/>
            <float name="sheen" value="0.000000"/>
            <float name="sheen_tint" value="0.500000"/>
            <float name="clearcoat" value="0.000000"/>
            <float name="clearcoat_gloss" value="0.173205"/>
            <float name="specular" value="0.500000"/>
        </bsdf>
    </bsdf>
    <bsdf id="mat-Material.004" name="mat-Material.004" type="twosided">
        <bsdf name="bsdf" type="principled">
            <rgb name="base_color" value="0.433648 0.266232 0.084399"/>
            <float name="spec_tint" value="0.000000"/>
            <float name="spec_trans" value="0.000000"/>
            <float name="metallic" value="0.000000"/>
            <float name="anisotropic" value="0.000000"/>
            <float name="roughness" value="0.500000"/>
            <float name="sheen" value="0.000000"/>
            <float name="sheen_tint" value="0.500000"/>
            <float name="clearcoat" value="0.000000"/>
            <float name="clearcoat_gloss" value="0.173205"/>
            <float name="specular" value="0.500000"/>
        </bsdf>
    </bsdf>
    <bsdf id="mat-Material.005" name="mat-Material.005" type="twosided">
        <bsdf name="bsdf" type="principled">
            <rgb name="base_color" value="0.433648 0.266232 0.084399"/>
            <float name="spec_tint" value="0.000000"/>
            <float name="spec_trans" value="0.000000"/>
            <float name="metallic" value="0.000000"/>
            <float name="anisotropic" value="0.000000"/>
            <float name="roughness" value="0.500000"/>
            <float name="sheen" value="0.000000"/>
            <float name="sheen_tint" value="0.500000"/>
            <float name="clearcoat" value="0.000000"/>
            <float name="clearcoat_gloss" value="0.173205"/>
            <float name="specular" value="0.500000"/>
        </bsdf>
    </bsdf>
    <emitter name="temp45" type="point">
        <point name="position" x="-6.815235034541981e-16" y="3.0693089962005615" z="4.109199523925781"/>
        <rgb name="intensity" value="7.957747 7.957747 7.957747"/>
    </emitter>
    <shape name="temp2" type="ply">
        <string name="filename" value="meshes/Cube.ply"/>
        <boolean name="face_normals" value="true"/>
        <ref id="mat-Material" name="bsdf"/>
        <transform name="to_world">
            <matrix value="0.9991188365095998 0.00878651837729938 -0.041050781972113856 0.04661331454910078 -0.013855147891856242 0.9920763083957174 -0.12487051445770203 0.18687019282106937 0.03962833782779902 0.12532919780652993 0.9913235821835458 0.04527703909448011 0.0 0.0 0.0 1.0"/>
            <scale value="1"/>
        </transform>
    </shape>
    <shape name="temp4" type="ply">
        <string name="filename" value="meshes/Plane.ply"/>
        <boolean name="face_normals" value="true"/>
        <ref id="mat-Material.001" name="bsdf"/>
        <transform name="to_world">
            <scale value="1"/>
        </transform>
    </shape>
    <shape name="temp5" type="ply">
        <string name="filename" value="meshes/Cube_001.ply"/>
        <boolean name="face_normals" value="true"/>
        <ref id="mat-Material" name="bsdf"/>
        <transform name="to_world">
            <matrix value="0.9970528893120365 -0.009177223454027028 -0.0761651334853513 0.07466826583538788 -0.02128942408785395 0.9207244959044518 -0.3896322208726676 0.43744125412343304 0.07370285465057523 0.3901053975299475 0.9178157449691527 0.01373274300538374 0.0 0.0 0.0 1.0"/>
            <scale value="1"/>
        </transform>
    </shape>
    <shape name="temp6" type="ply">
        <string name="filename" value="meshes/Cube_002.ply"/>
        <boolean name="face_normals" value="true"/>
        <ref id="mat-Material" name="bsdf"/>
        <transform name="to_world">
            <matrix value="0.9993573002710863 -0.028763722224423943 -0.021400774714777214 0.0052213015854087885 0.007467630095722368 0.7508369435759237 -0.6604452931562133 0.4285929994185831 0.03506537364346033 0.6598609161429468 0.7505691217582517 0.11740718852584842 0.0 0.0 0.0 1.0"/>
            <scale value="1"/>
        </transform>
    </shape>
    <shape name="temp7" type="ply">
        <string name="filename" value="meshes/Cube_003.ply"/>
        <boolean name="face_normals" value="true"/>
        <ref id="mat-Material" name="bsdf"/>
        <transform name="to_world">
            <matrix value="0.996725777312079 -0.06801895194848809 0.04372197828850726 -0.026285459589973748 0.07765962445060255 0.6546753076093554 -0.7519104288636808 0.06992461976537784 0.022520473310674846 0.7528437309015212 0.6578139767320804 0.14862532401121298 0.0 0.0 0.0 1.0"/>
            <scale value="1"/>
        </transform>
    </shape>
    <shape name="temp8" type="ply">
        <string name="filename" value="meshes/Cube_004.ply"/>
        <boolean name="face_normals" value="true"/>
        <ref id="mat-Material" name="bsdf"/>
        <transform name="to_world">
            <matrix value="0.9878924235896509 -0.11678158953575445 0.10213327874177167 0.021904147076698077 0.14806401112003503 0.5131157662440059 -0.845452297549857 -0.3544196187693872 0.04632708185955637 0.8503378018993666 0.5241941164984557 -0.06233796808986147 0.0 0.0 0.0 1.0"/>
            <scale value="1"/>
        </transform>
    </shape>
    <shape name="temp9" type="ply">
        <string name="filename" value="meshes/Cube_005.ply"/>
        <boolean name="face_normals" value="true"/>
        <ref id="mat-Material" name="bsdf"/>
        <transform name="to_world">
            <matrix value="0.9879433963267716 -0.13324319025161496 0.07883186192999767 0.06306791547254331 0.12520428986555607 0.3881380325933466 -0.9130568705702471 -0.6041342561761616 0.09106097757731457 0.9119182851052202 0.40014093889606217 -0.4519409320391635 0.0 0.0 0.0 1.0"/>
            <scale value="1"/>
        </transform>
    </shape>
    <shape name="temp10" type="ply">
        <string name="filename" value="meshes/Cube_006.ply"/>
        <boolean name="face_normals" value="true"/>
        <ref id="mat-Material" name="bsdf"/>
        <transform name="to_world">
            <matrix value="0.9897983607167743 -0.11964129797694312 -0.07736377600880526 0.00983004888784933 -0.033579208087556094 0.33180823615053934 -0.9427490696661768 -0.5263382525201363 0.13846167825299144 0.9357291994752025 0.3244057848774125 -0.860513021929007 0.0 0.0 0.0 1.0"/>
            <scale value="1"/>
        </transform>
    </shape>
    <shape name="temp11" type="ply">
        <string name="filename" value="meshes/Cube_007.ply"/>
        <boolean name="face_normals" value="true"/>
        <ref id="mat-Material" name="bsdf"/>
        <transform name="to_world">
            <matrix value="0.9364489643226299 -0.005687328309238397 -0.35075866353427093 -0.03368074135286303 -0.32961440675712333 0.32797863264799565 -0.885316114927845 -0.03409072186105605 0.12007643251120957 0.9446680697421693 0.3052605998484233 -0.977235477882145 0.0 0.0 0.0 1.0"/>
            <scale value="1"/>
        </transform>
    </shape>
    <shape name="temp12" type="ply">
        <string name="filename" value="meshes/Cube_008.ply"/>
        <boolean name="face_normals" value="true"/>
        <ref id="mat-Material" name="bsdf"/>
        <transform name="to_world">
            <matrix value="0.08085570371631144 0.9793683240061491 -0.18520212509946332 2.340532777409204 -0.6542802915463267 -0.08802130894846513 -0.7511123582278104 0.683553999082743 -0.7519174613981245 0.1819057700610943 0.633664538951095 1.4129933240543007 0.0 0.0 0.0 1.0"/>
            <scale value="1"/>
        </transform>
    </shape>
    <shape name="temp13" type="ply">
        <string name="filename" value="meshes/Cube_009.ply"/>
        <boolean name="face_normals" value="true"/>
        <ref id="mat-Material" name="bsdf"/>
        <transform name="to_world">
            <matrix value="-0.07889409549542842 0.9917805361862073 0.10073296736184228 2.5987686157828933 -0.7872584113881073 4.309972612911771e-06 -0.6166235087591562 0.7539945640387343 -0.6115553865329142 -0.12795080753322222 0.7807870640692809 0.9967134504126542 0.0 0.0 0.0 1.0"/>
            <scale value="1"/>
        </transform>
    </shape>
    <shape name="temp14" type="ply">
        <string name="filename" value="meshes/Cube_010.ply"/>
        <boolean name="face_normals" value="true"/>
        <ref id="mat-Material" name="bsdf"/>
        <transform name="to_world">
            <matrix value="0.01941963771237902 0.9989791895674593 0.040785073620597787 1.818709435341094 -0.9467268410909406 0.00525783702492371 0.32199573448265595 2.332563224867387 0.3214526077652311 -0.044865348554408116 0.9458623961692609 -0.7818001143078808 0.0 0.0 0.0 1.0"/>
            <scale value="1"/>
        </transform>
    </shape>
    <shape name="temp15" type="ply">
        <string name="filename" value="meshes/Cube_011.ply"/>
        <boolean name="face_normals" value="true"/>
        <ref id="mat-Material" name="bsdf"/>
        <transform name="to_world">
            <matrix value="0.006160839817951978 0.997688679934004 -0.06766995996881472 1.2720567331614419 -0.8348035643683724 0.04238603487942798 0.5489139762120107 2.2548867736784124 0.5505135392454616 0.053109341854687825 0.8331351552479054 -1.3189741307528444 0.0 0.0 0.0 1.0"/>
            <scale value="1"/>
        </transform>
    </shape>
    <shape name="temp16" type="ply">
        <string name="filename" value="meshes/Cube_012.ply"/>
        <boolean name="face_normals" value="true"/>
        <ref id="mat-Material" name="bsdf"/>
        <transform name="to_world">
            <matrix value="0.10133765759440594 0.9896629907200948 0.10147865279246714 1.0895160307404008 -0.706409888179112 -0.0002435427586911767 0.7078033153026735 1.8676466061506607 0.7005116776324537 -0.14341260223226673 0.6990826915594102 -1.9004314054256515 0.0 0.0 0.0 1.0"/>
            <scale value="1"/>
        </transform>
    </shape>
    <shape name="temp17" type="ply">
        <string name="filename" value="meshes/Cube_013.ply"/>
        <boolean name="face_normals" value="true"/>
        <ref id="mat-Material" name="bsdf"/>
        <transform name="to_world">
            <matrix value="0.8854066383346897 0.27680023695150213 0.3734129008496521 0.6175195228761775 -0.4158112554895422 0.11262807583282405 0.9024500484846824 1.5058811090766897 0.20774173931389808 -0.9543042365510208 0.21481832309662754 -1.4718660248941635 0.0 0.0 0.0 1.0"/>
            <scale value="1"/>
        </transform>
    </shape>
    <shape name="temp18" type="ply">
        <string name="filename" value="meshes/Cube_014.ply"/>
        <boolean name="face_normals" value="true"/>
        <ref id="mat-Material" name="bsdf"/>
        <transform name="to_world">
            <matrix value="0.9449006873784411 0.28382555697160966 0.16311386548443785 0.09942943429356355 -0.21538104558824314 0.16377720718446967 0.96269847160963 1.0196822126892977 0.2465241468936771 -0.9447857111569533 0.21588385140945987 -0.826906001263697 0.0 0.0 0.0 1.0"/>
            <scale value="1"/>
        </transform>
    </shape>
    <shape name="temp19" type="ply">
        <string name="filename" value="meshes/Cube_015.ply"/>
        <boolean name="face_normals" value="true"/>
        <ref id="mat-Material" name="bsdf"/>
        <transform name="to_world">
            <matrix value="0.9832955691837447 0.12870300340200616 0.12870886543952273 0.035267798369660874 -0.1504913328617247 0.17709446563890346 0.9726202200273178 0.6395806441763207 0.10238552409725066 -0.975742298554721 0.19350484917741514 -0.3116391109971971 0.0 0.0 0.0 1.0"/>
            <scale value="1"/>
        </transform>
    </shape>
    <shape name="temp20" type="ply">
        <string name="filename" value="meshes/Cube_016.ply"/>
        <boolean name="face_normals" value="true"/>
        <ref id="mat-Material" name="bsdf"/>
        <transform name="to_world">
            <matrix value="0.9843079320670819 0.04508598878234878 0.17060426428808836 0.06908562953611752 -0.1759453448150532 0.1768828779595472 0.9683778694256209 0.33828274205290276 0.013483308423178323 -0.9831985532608991 0.18203984112342625 0.09301494571671431 0.0 0.0 0.0 1.0"/>
            <scale value="1"/>
        </transform>
    </shape>
    <shape name="temp21" type="ply">
        <string name="filename" value="meshes/Cube_017.ply"/>
        <boolean name="face_normals" value="true"/>
        <ref id="mat-Material" name="bsdf"/>
        <transform name="to_world">
            <matrix value="0.9568473672359656 -0.03810042488574808 0.288083405946099 0.20238230960807957 -0.2813990287698993 0.12589967523460494 0.9512959428415002 0.17801394717396918 -0.07251443636563498 -0.9913110134474149 0.10974532658251308 0.32301828661036025 0.0 0.0 0.0 1.0"/>
            <scale value="1"/>
        </transform>
    </shape>
    <shape name="temp22" type="ply">
        <string name="filename" value="meshes/Cube_018.ply"/>
        <boolean name="face_normals" value="true"/>
        <ref id="mat-Material" name="bsdf"/>
        <transform name="to_world">
            <matrix value="0.1436077528203437 0.9664922208571555 0.21276662438342187 0.8608822555000478 -0.6426066482632924 -0.07243465582585734 0.7627647568603108 0.07105767082490015 0.7526177824820443 -0.24626415503636664 0.6106722563130554 -0.18997351680086627 0.0 0.0 0.0 1.0"/>
            <scale value="1"/>
        </transform>
    </shape>
    <shape name="temp23" type="ply">
        <string name="filename" value="meshes/Cube_019.ply"/>
        <boolean name="face_normals" value="true"/>
        <ref id="mat-Material" name="bsdf"/>
        <transform name="to_world">
            <matrix value="-0.07753108450481981 0.9862653648239655 -0.14584019864772416 0.4859268061265899 -0.9070053383969208 -0.009043345855330261 0.42102221123246597 -0.05335816906471992 0.41392092045238965 0.16492014358927296 0.8952492103213983 -0.04800888818195659 0.0 0.0 0.0 1.0"/>
            <scale value="1"/>
        </transform>
    </shape>
    <shape name="temp24" type="ply">
        <string name="filename" value="meshes/Cube_020.ply"/>
        <boolean name="face_normals" value="true"/>
        <ref id="mat-Material" name="bsdf"/>
        <transform name="to_world">
            <matrix value="0.10708176501932198 0.9567295784207248 -0.27055871083054944 0.09691617226644345 -0.9524365810502436 0.020620702464797535 -0.3040382003634391 0.16789044089661923 -0.28530323098006805 0.2902469167184927 0.9134325025173434 0.10520113947892362 0.0 0.0 0.0 1.0"/>
            <scale value="1"/>
        </transform>
    </shape>
    <shape name="temp25" type="ply">
        <string name="filename" value="meshes/Cube_021.ply"/>
        <boolean name="face_normals" value="true"/>
        <ref id="mat-Material" name="bsdf"/>
        <transform name="to_world">
            <matrix value="0.19516587858382667 0.9340828454204325 -0.2989980147520142 -0.15765537835864282 -0.7988176984435142 -0.025485781866952568 -0.6010334731060124 0.09568036466724968 -0.5690352589503694 0.35614603387822447 0.7411877730661561 0.28793955409073013 0.0 0.0 0.0 1.0"/>
            <scale value="1"/>
        </transform>
    </shape>
    <shape name="temp26" type="ply">
        <string name="filename" value="meshes/Cube_022.ply"/>
        <boolean name="face_normals" value="true"/>
        <ref id="mat-Material" name="bsdf"/>
        <transform name="to_world">
            <matrix value="0.6319396057280945 0.39877289992344966 -0.6645543167914912 -0.08302991603360799 -0.718267033315781 -0.020734353587541693 -0.6954585147470499 -0.2010413669166076 -0.2911091578949235 0.9168152132876396 0.27332264511245563 0.6748408184066323 0.0 0.0 0.0 1.0"/>
            <scale value="1"/>
        </transform>
    </shape>
    <shape name="temp27" type="ply">
        <string name="filename" value="meshes/Cube_023.ply"/>
        <boolean name="face_normals" value="true"/>
        <ref id="mat-Material" name="bsdf"/>
        <transform name="to_world">
            <matrix value="0.8603488840073259 0.2676594573059699 -0.433772429779949 -0.06064921782571164 -0.48017071877764717 0.14012698598106477 -0.8659104222446115 -0.28725672377202466 -0.17098583046556282 0.9532696595699415 0.2490803039665718 0.21171629919494506 0.0 0.0 0.0 1.0"/>
            <scale value="1"/>
        </transform>
    </shape>
    <shape name="temp28" type="ply">
        <string name="filename" value="meshes/Cube_024.ply"/>
        <boolean name="face_normals" value="true"/>
        <ref id="mat-Material" name="bsdf"/>
        <transform name="to_world">
            <matrix value="0.8579115006905698 0.4346906593968166 -0.2739200161127057 -0.18916207587775213 -0.3805557180773261 0.1794056396960513 -0.9071885928851624 -0.514159455976811 -0.34520359840929604 0.882529206984229 0.31933817817683413 -0.33067875260323504 0.0 0.0 0.0 1.0"/>
            <scale value="1"/>
        </transform>
    </shape>
    <shape name="temp29" type="ply">
        <string name="filename" value="meshes/Cube_025.ply"/>
        <boolean name="face_normals" value="true"/>
        <ref id="mat-Material" name="bsdf"/>
        <transform name="to_world">
            <matrix value="0.8990739805009335 0.3673993529722187 -0.23808413877162365 -0.2678366463997863 -0.32142632356252454 0.1847231776531372 -0.9287424099369249 -0.7932307104934561 -0.2972398484469715 0.911534490418691 0.2841715360164834 -0.7078886672693675 0.0 0.0 0.0 1.0"/>
            <scale value="1"/>
        </transform>
    </shape>
    <shape name="temp30" type="ply">
        <string name="filename" value="meshes/Cube_026.ply"/>
        <boolean name="face_normals" value="true"/>
        <ref id="mat-Material" name="bsdf"/>
        <transform name="to_world">
            <matrix value="0.9233622681183702 0.23820258936262967 -0.3011009876124119 -0.32596141985947724 -0.34898005769227364 0.19380096490990212 -0.9168720548096757 -1.1453521627695897 -0.16004765729300194 0.9516829605588385 0.2620763736578064 -0.8768779103447579 0.0 0.0 0.0 1.0"/>
            <scale value="1"/>
        </transform>
    </shape>
    <shape name="temp31" type="ply">
        <string name="filename" value="meshes/Cube_027.ply"/>
        <boolean name="face_normals" value="true"/>
        <ref id="mat-Material" name="bsdf"/>
        <transform name="to_world">
            <matrix value="0.8736310495774138 0.17508173366734597 -0.45399959623677544 -0.5786079974803866 -0.482397562528035 0.1894300648905038 -0.8552246441186496 -1.5823571870971371 -0.06373307483506996 0.9661586949311987 0.24995094796891495 -1.0135553516066218 0.0 0.0 0.0 1.0"/>
            <scale value="1"/>
        </transform>
    </shape>
    <shape name="temp32" type="ply">
        <string name="filename" value="meshes/Cube_028.ply"/>
        <boolean name="face_normals" value="true"/>
        <ref id="mat-Material" name="bsdf"/>
        <transform name="to_world">
            <matrix value="-0.10502267621940084 0.9841780640478243 0.1427020033558681 -1.4797537240438001 -0.8072499188868617 -0.0005644410051249106 -0.5902094037116904 -2.117147941911742 -0.5807904586127969 -0.1771815286292064 0.7945369984695766 -1.3159052217480027 0.0 0.0 0.0 1.0"/>
            <scale value="1"/>
        </transform>
    </shape>
    <shape name="temp33" type="ply">
        <string name="filename" value="meshes/Cube_029.ply"/>
        <boolean name="face_normals" value="true"/>
        <ref id="mat-Material" name="bsdf"/>
        <transform name="to_world">
            <matrix value="-0.0073378490746010385 0.9786405741902245 0.20544718668281087 -1.6044853992360881 -0.9989867506342782 -0.016296954881180086 0.041949722495521494 -1.830748919876424 0.044401863740565616 -0.20493119854491756 0.9777689103262681 -0.12573574051844205 0.0 0.0 0.0 1.0"/>
            <scale value="1"/>
        </transform>
    </shape>
    <shape name="temp34" type="ply">
        <string name="filename" value="meshes/Cube_030.ply"/>
        <boolean name="face_normals" value="true"/>
        <ref id="mat-Material" name="bsdf"/>
        <transform name="to_world">
            <matrix value="-0.04246460936353164 0.9800483662333908 -0.19416993494787596 -3.216948447201475 -0.9729920535097566 0.0035700621844823306 0.23081111355185094 -1.8960388401075685 0.2268991927695989 0.19872706082069888 0.9534276831188979 0.27691698657260333 0.0 0.0 0.0 1.0"/>
            <scale value="1"/>
        </transform>
    </shape>
    <shape name="temp35" type="ply">
        <string name="filename" value="meshes/Cube_031.ply"/>
        <boolean name="face_normals" value="true"/>
        <ref id="mat-Material" name="bsdf"/>
        <transform name="to_world">
            <matrix value="0.13890239297054927 0.9781166110094843 0.15489976601590183 -1.8955544345343907 -0.7411759543426113 -0.0010578195038619342 0.6713100225473866 -1.025718919625121 0.6567837178007435 -0.20805451553221269 0.7248095953810243 0.6600629767234452 0.0 0.0 0.0 1.0"/>
            <scale value="1"/>
        </transform>
    </shape>
    <shape name="temp36" type="ply">
        <string name="filename" value="meshes/Cube_032.ply"/>
        <boolean name="face_normals" value="true"/>
        <ref id="mat-Material" name="bsdf"/>
        <transform name="to_world">
            <matrix value="0.6778359014728019 0.613395477480221 0.4053198877973203 -0.6887273092643387 -0.5147399858517411 0.0023000523546012606 0.8573434554661928 -0.5120179792455063 0.5249584683002764 -0.7897724973561969 0.317298322869688 -0.14279342816090823 0.0 0.0 0.0 1.0"/>
            <scale value="1"/>
        </transform>
    </shape>
    <shape name="temp37" type="ply">
        <string name="filename" value="meshes/Cube_033.ply"/>
        <boolean name="face_normals" value="true"/>
        <ref id="mat-Material" name="bsdf"/>
        <transform name="to_world">
            <matrix value="0.9767683993851358 0.1687520832333868 0.1320851108292228 -0.14091917694308487 -0.15009019958264408 0.09877052206506572 0.9837263090509626 0.30050004655776574 0.1529597430619456 -0.9806972131082573 0.12180397059052972 -0.3765671754093596 0.0 0.0 0.0 1.0"/>
            <scale value="1"/>
        </transform>
    </shape>
    <shape name="temp38" type="ply">
        <string name="filename" value="meshes/Cube_034.ply"/>
        <boolean name="face_normals" value="true"/>
        <ref id="mat-Material" name="bsdf"/>
        <transform name="to_world">
            <matrix value="0.9999246489972998 0.002268812718622177 0.01206895084442776 -0.03429640282268753 -0.012280267611302296 0.1808572388058145 0.983432706050444 0.3693984030612648 4.84662081779773e-05 -0.9835066319304664 0.18087145720228018 -0.36053402502664567 0.0 0.0 0.0 1.0"/>
            <scale value="1"/>
        </transform>
    </shape>
    <shape name="temp39" type="ply">
        <string name="filename" value="meshes/Cube_035.ply"/>
        <boolean name="face_normals" value="true"/>
        <ref id="mat-Material" name="bsdf"/>
        <transform name="to_world">
            <matrix value="0.9989029780489231 -0.04671772109389829 0.0032533434573573552 0.00758658381891264 0.006499156955252142 0.20709014794868 0.9783003270293001 0.09130669449033404 -0.046377700003723224 -0.9772057243811832 0.20716658447989006 -0.14957772945860803 0.0 0.0 0.0 1.0"/>
            <scale value="1"/>
        </transform>
    </shape>
    <shape name="temp40" type="ply">
        <string name="filename" value="meshes/Cube_036.ply"/>
        <boolean name="face_normals" value="true"/>
        <ref id="mat-Material" name="bsdf"/>
        <transform name="to_world">
            <matrix value="0.9992132468835712 -0.039540447579694764 0.0031767986493316394 0.002663621669657168 0.005151065463178181 0.2087430098263955 0.9779570810093702 -0.24329391006452755 -0.03933200892865058 -0.9771708908416994 0.20878239384313088 0.20397316920885974 0.0 0.0 0.0 1.0"/>
            <scale value="1"/>
        </transform>
    </shape>
    <shape name="temp41" type="ply">
        <string name="filename" value="meshes/Cube_037.ply"/>
        <boolean name="face_normals" value="true"/>
        <ref id="mat-Material" name="bsdf"/>
        <transform name="to_world">
            <matrix value="0.9988604268944572 -0.0476182619523886 0.0033309047653043516 -0.0063950397357914746 0.006692662762598244 0.20879494725951822 0.9779367510109447 -0.5700537068993851 -0.04726311860957011 -0.9767994026152271 0.20887562816149205 0.5166296060905888 0.0 0.0 0.0 1.0"/>
            <scale value="1"/>
        </transform>
    </shape>
    <shape name="temp42" type="ply">
        <string name="filename" value="meshes/Cube_038.ply"/>
        <boolean name="face_normals" value="true"/>
        <ref id="mat-Material" name="bsdf"/>
        <transform name="to_world">
            <matrix value="0.9990598854310166 -0.04322009999520257 0.003475744184320276 0.007157379128797103 0.0056307410815439685 0.20880349920633764 0.9779414789175552 -0.9039087484727886 -0.042992489721236746 -0.9770021463300677 0.2088504284192575 0.8621313469815535 0.0 0.0 0.0 1.0"/>
            <scale value="1"/>
        </transform>
    </shape>
    <shape name="temp43" type="ply">
        <string name="filename" value="meshes/Cube_039.ply"/>
        <boolean name="face_normals" value="true"/>
        <ref id="mat-Material" name="bsdf"/>
        <transform name="to_world">
            <matrix value="0.9999484299922474 -0.008888443967529558 -0.00492016514535947 0.02117129632831949 0.008284034805920952 0.43301319029039204 0.9013495009069579 -1.3192591679603787 -0.005881084894235118 -0.9013437775654086 0.43306443583243026 1.4726735786429308 0.0 0.0 0.0 1.0"/>
            <scale value="1"/>
        </transform>
    </shape>
    <shape name="temp47" type="ply">
        <string name="filename" value="meshes/Plane_001.ply"/>
        <boolean name="face_normals" value="true"/>
        <ref id="mat-Material.002" name="bsdf"/>
        <transform name="to_world">
            <scale value="1"/>
        </transform>
    </shape>
    <shape name="temp49" type="ply">
        <string name="filename" value="meshes/Plane_002.ply"/>
        <boolean name="face_normals" value="true"/>
        <ref id="mat-Material.003" name="bsdf"/>
        <transform name="to_world">
            <scale value="1"/>
        </transform>
    </shape>
    <shape name="temp51" type="ply">
        <string name="filename" value="meshes/Plane_003.ply"/>
        <boolean name="face_normals" value="true"/>
        <ref id="mat-Material.004" name="bsdf"/>
        <transform name="to_world">
            <scale value="1"/>
        </transform>
    </shape>
    <shape name="temp53" type="ply">
        <string name="filename" value="meshes/Plane_004.ply"/>
        <boolean name="face_normals" value="true"/>
        <ref id="mat-Material.005" name="bsdf"/>
        <transform name="to_world">
            <scale value="1"/>
        </transform>
    </shape>
    <emitter type="point">
        <rgb name="intensity" value="100"/>
        <animation name="to_world">
            <transform time="0">
                <rotate angle="-142.5518126578256" x="1"/>
                <rotate angle="3.976628485794621e-06" y="1"/>
                <rotate angle="-179.999991348578" z="1"/>
                <translate value="-0.000000 3.030926 4.073377"/>
                <translate x="17.7" y="0.0" z="0.0"/>
            </transform>
            <transform time="0.0015">
                <rotate angle="-142.5518126578256" x="1"/>
                <rotate angle="3.976628485794621e-06" y="1"/>
                <rotate angle="-179.999991348578" z="1"/>
                <translate value="-0.000000 3.030926 4.073377"/>
                <translate x="17.849999999999998" y="0.0" z="0.0"/>
            </transform>
        </animation>
    </emitter>
</scene>
