
<scene version="2.1.0">
    <default name="spp" value="1024"/>
    <default name="resx" value="640"/>
    <default name="resy" value="360"/>
    <integrator name="temp0" type="path">
        <integer name="max_depth" value="12"/>
    </integrator>
    <sensor name="temp44" type="perspective">
        <string name="fov_axis" value="x"/>
        <float name="fov" value="83.974423"/>
        <float name="principal_point_offset_x" value="0.000000"/>
        <float name="principal_point_offset_y" value="-0.000000"/>
        <float name="near_clip" value="0.100000"/>
        <float name="far_clip" value="1000.000000"/>
        <sampler name="sampler" type="independent">
            <integer name="sample_count" value="$spp"/>
        </sampler>
        <film name="film" type="hdrfilm">
            <integer name="width" value="$resx"/>
            <integer name="height" value="$resy"/>
        </film>
        <float name="shutter_open" value="0.0"/>
        <float name="shutter_close" value="0.0015"/>
        <animation name="to_world">
            <transform time="0">
                <rotate angle="-142.5518126578256" x="1"/>
                <rotate angle="3.976628485794621e-06" y="1"/>
                <rotate angle="-179.999991348578" z="1"/>
                <translate value="-0.000000 3.030926 4.073377"/>
                <translate x="15.6" y="0.0" z="0.0"/>
            </transform>
            <transform time="0.0015">
                <rotate angle="-142.5518126578256" x="1"/>
                <rotate angle="3.976628485794621e-06" y="1"/>
                <rotate angle="-179.999991348578" z="1"/>
                <translate value="-0.000000 3.030926 4.073377"/>
                <translate x="15.75" y="0.0" z="0.0"/>
            </transform>
        </animation>
    </sensor>
    <bsdf id="mat-Material" name="mat-Material" type="twosided">
        <bsdf name="bsdf" type="diffuse">
            <texture name="reflectance" type="bitmap">
                <string name="filename" value="textures/siggraph_2023_logo.jpg"/>
            </texture>
        </bsdf>
    </bsdf>
    <bsdf id="mat-Material.001" name="mat-Material.001" type="twosided">
        <bsdf name="bsdf" type="principled">
            <rgb name="base_color" value="0.433648 0.266232 0.084399"/>
            <float name="spec_tint" value="0.000000"/>
            <float name="spec_trans" value="0.000000"/>
            <float name="metallic" value="0.000000"/>
            <float name="anisotropic" value="0.000000"/>
            <float name="roughness" value="0.500000"/>
            <float name="sheen" value="0.000000"/>
            <float name="sheen_tint" value="0.500000"/>
            <float name="clearcoat" value="0.000000"/>
            <float name="clearcoat_gloss" value="0.173205"/>
            <float name="specular" value="0.500000"/>
        </bsdf>
    </bsdf>
    <bsdf id="mat-Material.002" name="mat-Material.002" type="twosided">
        <bsdf name="bsdf" type="principled">
            <rgb name="base_color" value="0.433648 0.266232 0.084399"/>
            <float name="spec_tint" value="0.000000"/>
            <float name="spec_trans" value="0.000000"/>
            <float name="metallic" value="0.000000"/>
            <float name="anisotropic" value="0.000000"/>
            <float name="roughness" value="0.500000"/>
            <float name="sheen" value="0.000000"/>
            <float name="sheen_tint" value="0.500000"/>
            <float name="clearcoat" value="0.000000"/>
            <float name="clearcoat_gloss" value="0.173205"/>
            <float name="specular" value="0.500000"/>
        </bsdf>
    </bsdf>
    <bsdf id="mat-Material.003" name="mat-Material.003" type="twosided">
        <bsdf name="bsdf" type="principled">
            <rgb name="base_color" value="0.433648 0.266232 0.084399"/>
            <float name="spec_tint" value="0.000000"/>
            <float name="spec_trans" value="0.000000"/>
            <float name="metallic" value="0.000000"/>
            <float name="anisotropic" value="0.000000"/>
            <float name="roughness" value="0.500000"/>
            <float name="sheen" value="0.000000"/>
            <float name="sheen_tint" value="0.500000"/>
            <float name="clearcoat" value="0.000000"/>
            <float name="clearcoat_gloss" value="0.173205"/>
            <float name="specular" value="0.500000"/>
        </bsdf>
    </bsdf>
    <bsdf id="mat-Material.004" name="mat-Material.004" type="twosided">
        <bsdf name="bsdf" type="principled">
            <rgb name="base_color" value="0.433648 0.266232 0.084399"/>
            <float name="spec_tint" value="0.000000"/>
            <float name="spec_trans" value="0.000000"/>
            <float name="metallic" value="0.000000"/>
            <float name="anisotropic" value="0.000000"/>
            <float name="roughness" value="0.500000"/>
            <float name="sheen" value="0.000000"/>
            <float name="sheen_tint" value="0.500000"/>
            <float name="clearcoat" value="0.000000"/>
            <float name="clearcoat_gloss" value="0.173205"/>
            <float name="specular" value="0.500000"/>
        </bsdf>
    </bsdf>
    <bsdf id="mat-Material.005" name="mat-Material.005" type="twosided">
        <bsdf name="bsdf" type="principled">
            <rgb name="base_color" value="0.433648 0.266232 0.084399"/>
            <float name="spec_tint" value="0.000000"/>
            <float name="spec_trans" value="0.000000"/>
            <float name="metallic" value="0.000000"/>
            <float name="anisotropic" value="0.000000"/>
            <float name="roughness" value="0.500000"/>
            <float name="sheen" value="0.000000"/>
            <float name="sheen_tint" value="0.500000"/>
            <float name="clearcoat" value="0.000000"/>
            <float name="clearcoat_gloss" value="0.173205"/>
            <float name="specular" value="0.500000"/>
        </bsdf>
    </bsdf>
    <emitter name="temp45" type="point">
        <point name="position" x="-6.815235034541981e-16" y="3.0693089962005615" z="4.109199523925781"/>
        <rgb name="intensity" value="7.957747 7.957747 7.957747"/>
    </emitter>
    <shape name="temp2" type="ply">
        <string name="filename" value="meshes/Cube.ply"/>
        <boolean name="face_normals" value="true"/>
        <ref id="mat-Material" name="bsdf"/>
        <transform name="to_world">
            <matrix value="0.9999986702764229 0.00019037905982816845 0.0017036467762059587 -0.002667579891361349 -0.00018714042058270262 0.9999981227433812 -0.0019008595807008743 -0.014848701145984411 -0.00170400530471059 0.001900536686808935 0.9999969268607032 0.003962042458252046 0.0 0.0 0.0 1.0"/>
            <scale value="1"/>
        </transform>
    </shape>
    <shape name="temp4" type="ply">
        <string name="filename" value="meshes/Plane.ply"/>
        <boolean name="face_normals" value="true"/>
        <ref id="mat-Material.001" name="bsdf"/>
        <transform name="to_world">
            <scale value="1"/>
        </transform>
    </shape>
    <shape name="temp5" type="ply">
        <string name="filename" value="meshes/Cube_001.ply"/>
        <boolean name="face_normals" value="true"/>
        <ref id="mat-Material" name="bsdf"/>
        <transform name="to_world">
            <matrix value="0.9999982270352306 -0.00012320518623428582 -0.0019807564745135103 0.002532317893252145 0.00012861042113232167 0.9999962454867622 0.0027289240561089046 -0.020684378333040765 0.0019804149446746343 -0.0027291765309549187 0.9999945629073977 -0.004292907147161573 0.0 0.0 0.0 1.0"/>
            <scale value="1"/>
        </transform>
    </shape>
    <shape name="temp6" type="ply">
        <string name="filename" value="meshes/Cube_002.ply"/>
        <boolean name="face_normals" value="true"/>
        <ref id="mat-Material" name="bsdf"/>
        <transform name="to_world">
            <matrix value="1.0 -6.643360873383213e-05 0.0002906906100465179 -0.0008215528349331258 6.750208766601599e-05 0.9999933253097996 -0.0036770348082668393 -0.015398174114115537 -0.0002904453155611345 0.003677055543851672 0.9999933809307451 0.0009240552820570791 0.0 0.0 0.0 1.0"/>
            <scale value="1"/>
        </transform>
    </shape>
    <shape name="temp7" type="ply">
        <string name="filename" value="meshes/Cube_003.ply"/>
        <boolean name="face_normals" value="true"/>
        <ref id="mat-Material" name="bsdf"/>
        <transform name="to_world">
            <matrix value="0.9999986702764229 0.0006227319089822557 0.0016818345790579267 -0.0011346475542470813 -0.0006307721084274334 0.9999883192921492 0.00478575254798707 -0.01754695102346321 -0.0016788336373967914 -0.004786814566677027 0.9999872346521514 0.005324742543783734 0.0 0.0 0.0 1.0"/>
            <scale value="1"/>
        </transform>
    </shape>
    <shape name="temp8" type="ply">
        <string name="filename" value="meshes/Cube_004.ply"/>
        <boolean name="face_normals" value="true"/>
        <ref id="mat-Material" name="bsdf"/>
        <transform name="to_world">
            <matrix value="0.9999991135176153 -0.00035918802393710775 0.0013329647142145931 -0.00038816005701480805 0.0003618386176548286 0.9999979141593124 -0.001988122553012835 -0.018750052406819595 -0.0013322456194472959 0.001988602966482626 0.9999971632560337 0.004135622197674993 0.0 0.0 0.0 1.0"/>
            <scale value="1"/>
        </transform>
    </shape>
    <shape name="temp9" type="ply">
        <string name="filename" value="meshes/Cube_005.ply"/>
        <boolean name="face_normals" value="true"/>
        <ref id="mat-Material" name="bsdf"/>
        <transform name="to_world">
            <matrix value="0.9999109085203368 -0.004439098666522049 0.012608546825896258 0.0049362464554847385 0.004877918078389864 0.9993757078821834 -0.03498851827879614 -0.041160606889694695 -0.01244536165821849 0.03504690012786204 0.9993083072628682 0.04879674669090395 0.0 0.0 0.0 1.0"/>
            <scale value="1"/>
        </transform>
    </shape>
    <shape name="temp10" type="ply">
        <string name="filename" value="meshes/Cube_006.ply"/>
        <boolean name="face_normals" value="true"/>
        <ref id="mat-Material" name="bsdf"/>
        <transform name="to_world">
            <matrix value="0.9996445205637319 0.015553169122048797 0.021657523683266188 0.03595874506247965 -0.009346870805830217 0.9651132715785434 -0.26166551857334475 -0.16350961869538255 -0.024971703482280106 0.2613700218804688 0.9649156234146739 0.06738776489786469 0.0 0.0 0.0 1.0"/>
            <scale value="1"/>
        </transform>
    </shape>
    <shape name="temp11" type="ply">
        <string name="filename" value="meshes/Cube_007.ply"/>
        <boolean name="face_normals" value="true"/>
        <ref id="mat-Material" name="bsdf"/>
        <transform name="to_world">
            <matrix value="0.994295929095593 0.10631809487654952 -0.008517465596205571 0.15150914838692087 -0.10299746288741496 0.9363543259292942 -0.33560714121926094 -0.08932005188121722 -0.027705756993902774 0.33457009780506985 0.9419635279828245 0.14825764010709186 0.0 0.0 0.0 1.0"/>
            <scale value="1"/>
        </transform>
    </shape>
    <shape name="temp12" type="ply">
        <string name="filename" value="meshes/Cube_008.ply"/>
        <boolean name="face_normals" value="true"/>
        <ref id="mat-Material" name="bsdf"/>
        <transform name="to_world">
            <matrix value="-0.00041975871722453004 0.9970645964002561 -0.07656336505916266 2.5935170001120045 -0.9618285117556429 -0.021354315500090735 -0.27281865026776503 2.071920781661249 -0.27365272407172 0.07352630140815106 0.959014250383315 0.7852542403118787 0.0 0.0 0.0 1.0"/>
            <scale value="1"/>
        </transform>
    </shape>
    <shape name="temp13" type="ply">
        <string name="filename" value="meshes/Cube_009.ply"/>
        <boolean name="face_normals" value="true"/>
        <ref id="mat-Material" name="bsdf"/>
        <transform name="to_world">
            <matrix value="-0.015182278507943769 0.9982700037336549 0.056803197577798885 2.3756855395240324 -0.9699814902478073 -0.000914822609678718 -0.2431779853538909 1.7476120264142276 -0.24270522510447196 -0.05879002467549534 0.9683171158256746 0.4985490020599468 0.0 0.0 0.0 1.0"/>
            <scale value="1"/>
        </transform>
    </shape>
    <shape name="temp14" type="ply">
        <string name="filename" value="meshes/Cube_010.ply"/>
        <boolean name="face_normals" value="true"/>
        <ref id="mat-Material" name="bsdf"/>
        <transform name="to_world">
            <matrix value="0.12824957847762608 0.9917079489302767 0.008203461678662155 1.5597051125342583 -0.9917419733452476 0.12824591227371235 0.0009692326749408185 1.81526354066383 -9.086533091500939e-05 -0.008260018814283003 0.9999659590724036 -0.09032440831245614 0.0 0.0 0.0 1.0"/>
            <scale value="1"/>
        </transform>
    </shape>
    <shape name="temp15" type="ply">
        <string name="filename" value="meshes/Cube_011.ply"/>
        <boolean name="face_normals" value="true"/>
        <ref id="mat-Material" name="bsdf"/>
        <transform name="to_world">
            <matrix value="0.10540217932829457 0.9900907966451339 -0.0927928028023248 1.068694769520885 -0.8477103046485364 0.13824228291091584 0.512129680804841 2.164404119005787 0.5198829134066277 0.024681815432300913 0.8538809730599154 -1.0734715481725758 0.0 0.0 0.0 1.0"/>
            <scale value="1"/>
        </transform>
    </shape>
    <shape name="temp16" type="ply">
        <string name="filename" value="meshes/Cube_012.ply"/>
        <boolean name="face_normals" value="true"/>
        <ref id="mat-Material" name="bsdf"/>
        <transform name="to_world">
            <matrix value="0.1138253576513181 0.9883268011755798 0.10126232742549882 1.0702106630318784 -0.6645896384392946 -1.713491008983716e-05 0.7472087621347633 1.8890738536340104 0.738488139752175 -0.15234915721607017 0.6568298629710827 -1.9937967673258545 0.0 0.0 0.0 1.0"/>
            <scale value="1"/>
        </transform>
    </shape>
    <shape name="temp17" type="ply">
        <string name="filename" value="meshes/Cube_013.ply"/>
        <boolean name="face_normals" value="true"/>
        <ref id="mat-Material" name="bsdf"/>
        <transform name="to_world">
            <matrix value="0.8495665987621159 0.341062694113549 0.4023845669781254 0.6582537463674424 -0.437895659250355 0.030723369550480474 0.8985008280928428 1.5781948417311638 0.2940825084614744 -0.9395383617390072 0.1754513850638811 -1.5938180953866696 0.0 0.0 0.0 1.0"/>
            <scale value="1"/>
        </transform>
    </shape>
    <shape name="temp18" type="ply">
        <string name="filename" value="meshes/Cube_014.ply"/>
        <boolean name="face_normals" value="true"/>
        <ref id="mat-Material" name="bsdf"/>
        <transform name="to_world">
            <matrix value="0.9393592859916281 0.28945524098760383 0.1839034164325959 0.11992720881501384 -0.2505538741939659 0.2131261954474441 0.9443515936118417 1.0411807297090347 0.23415293062211562 -0.9331627810931057 0.2727262196935276 -0.7618103767594335 0.0 0.0 0.0 1.0"/>
            <scale value="1"/>
        </transform>
    </shape>
    <shape name="temp19" type="ply">
        <string name="filename" value="meshes/Cube_015.ply"/>
        <boolean name="face_normals" value="true"/>
        <ref id="mat-Material" name="bsdf"/>
        <transform name="to_world">
            <matrix value="0.9839803768259321 0.13091046946016358 0.12101927993036739 0.041870962334093265 -0.14830096786146765 0.22429837533868838 0.9631703166893684 0.6311902780594556 0.09894468704512373 -0.9656875035198562 0.24011926617215915 -0.3158528717807404 0.0 0.0 0.0 1.0"/>
            <scale value="1"/>
        </transform>
    </shape>
    <shape name="temp20" type="ply">
        <string name="filename" value="meshes/Cube_016.ply"/>
        <boolean name="face_normals" value="true"/>
        <ref id="mat-Material" name="bsdf"/>
        <transform name="to_world">
            <matrix value="0.9855215264517478 0.05743894222847048 0.15952554984371906 0.08782352844635977 -0.16852074457428456 0.2282591782204859 0.9589047993452795 0.32438719324411147 0.018665307689170907 -0.9719045602734955 0.23463409075973204 0.00460827936581687 0.0 0.0 0.0 1.0"/>
            <scale value="1"/>
        </transform>
    </shape>
    <shape name="temp21" type="ply">
        <string name="filename" value="meshes/Cube_017.ply"/>
        <boolean name="face_normals" value="true"/>
        <ref id="mat-Material" name="bsdf"/>
        <transform name="to_world">
            <matrix value="0.9591566538481314 0.05488147210292372 0.277500932579579 0.17908928107267108 -0.28261404152638087 0.22812380715985675 0.9317129536603689 0.11413896382857763 -0.012170795901614639 -0.972084151156703 0.23431665910989594 0.18454358160180095 0.0 0.0 0.0 1.0"/>
            <scale value="1"/>
        </transform>
    </shape>
    <shape name="temp22" type="ply">
        <string name="filename" value="meshes/Cube_018.ply"/>
        <boolean name="face_normals" value="true"/>
        <ref id="mat-Material" name="bsdf"/>
        <transform name="to_world">
            <matrix value="0.20332222570905292 0.975822603421196 0.08018964578996464 0.8653567349830456 -0.3590037356367692 -0.0018961731080903504 0.9333343892324764 -0.13809505536033523 0.9109209310901782 -0.21855584734149178 0.3499383717373307 -0.18645076844475017 0.0 0.0 0.0 1.0"/>
            <scale value="1"/>
        </transform>
    </shape>
    <shape name="temp23" type="ply">
        <string name="filename" value="meshes/Cube_019.ply"/>
        <boolean name="face_normals" value="true"/>
        <ref id="mat-Material" name="bsdf"/>
        <transform name="to_world">
            <matrix value="-0.060914415444650705 0.9875206237497992 -0.1452317643460052 0.46913441560066355 -0.9418924094059327 -0.008714485954991729 0.3358016945762874 0.02113001774573068 0.3303455331039117 0.15724781664626022 0.9306692682760775 -0.050860917915690584 0.0 0.0 0.0 1.0"/>
            <scale value="1"/>
        </transform>
    </shape>
    <shape name="temp24" type="ply">
        <string name="filename" value="meshes/Cube_020.ply"/>
        <boolean name="face_normals" value="true"/>
        <ref id="mat-Material" name="bsdf"/>
        <transform name="to_world">
            <matrix value="0.07182189545546197 0.9847246481126534 -0.15861599512136013 -0.014839615632382841 -0.9302405658814324 0.00875793592412189 -0.36684536652801303 0.22848000196912552 -0.359852338163873 0.17389859350603876 0.9166600079059914 0.09772396861258537 0.0 0.0 0.0 1.0"/>
            <scale value="1"/>
        </transform>
    </shape>
    <shape name="temp25" type="ply">
        <string name="filename" value="meshes/Cube_021.ply"/>
        <boolean name="face_normals" value="true"/>
        <ref id="mat-Material" name="bsdf"/>
        <transform name="to_world">
            <matrix value="0.2331746086623513 0.9215023058968802 -0.31058516827328814 -0.12651604758722268 -0.7502260530081006 -0.0327376659025537 -0.6603708286270963 0.1752413596763387 -0.6187013210360497 0.38699061163106485 0.6837011565877942 0.2141437547777918 0.0 0.0 0.0 1.0"/>
            <scale value="1"/>
        </transform>
    </shape>
    <shape name="temp26" type="ply">
        <string name="filename" value="meshes/Cube_022.ply"/>
        <boolean name="face_normals" value="true"/>
        <ref id="mat-Material" name="bsdf"/>
        <transform name="to_world">
            <matrix value="0.6482916597964281 0.39288039998081026 -0.6521988784459938 -0.07164926530724591 -0.7030390389112579 -0.019992286561137034 -0.7108703083209739 -0.18279819760519989 -0.2923258992920552 0.9193722453866419 0.26324936728789783 0.6675965808371876 0.0 0.0 0.0 1.0"/>
            <scale value="1"/>
        </transform>
    </shape>
    <shape name="temp27" type="ply">
        <string name="filename" value="meshes/Cube_023.ply"/>
        <boolean name="face_normals" value="true"/>
        <ref id="mat-Material" name="bsdf"/>
        <transform name="to_world">
            <matrix value="0.847947438686446 0.32319100251760974 -0.42015842269470816 -0.08162142135618955 -0.4803821448264002 0.133432834886937 -0.866849857288139 -0.2871609741586852 -0.2240953004022857 0.936879540614447 0.26839923956350076 0.14287312621529413 0.0 0.0 0.0 1.0"/>
            <scale value="1"/>
        </transform>
    </shape>
    <shape name="temp28" type="ply">
        <string name="filename" value="meshes/Cube_024.ply"/>
        <boolean name="face_normals" value="true"/>
        <ref id="mat-Material" name="bsdf"/>
        <transform name="to_world">
            <matrix value="0.8643070278550495 0.41724635655777886 -0.28085490952914305 -0.18110258027296844 -0.38217017979635726 0.1817813496640754 -0.9060361656488272 -0.5153650852375021 -0.3269861194588203 0.8904274513321222 0.3165740075769431 -0.30948900084579195 0.0 0.0 0.0 1.0"/>
            <scale value="1"/>
        </transform>
    </shape>
    <shape name="temp29" type="ply">
        <string name="filename" value="meshes/Cube_025.ply"/>
        <boolean name="face_normals" value="true"/>
        <ref id="mat-Material" name="bsdf"/>
        <transform name="to_world">
            <matrix value="0.8959415949945659 0.3776418736689729 -0.23382784084542535 -0.27238405783097086 -0.32101512870837745 0.1866949854304028 -0.9284904125145798 -0.7927212612704716 -0.3069824671513952 0.9069352117024007 0.288496624983866 -0.7187528132382215 0.0 0.0 0.0 1.0"/>
            <scale value="1"/>
        </transform>
    </shape>
    <shape name="temp30" type="ply">
        <string name="filename" value="meshes/Cube_026.ply"/>
        <boolean name="face_normals" value="true"/>
        <ref id="mat-Material" name="bsdf"/>
        <transform name="to_world">
            <matrix value="0.9238981467199265 0.24389401426297863 -0.29483651135335853 -0.311333573515297 -0.3460023190379184 0.20348925687753822 -0.9159009427918573 -1.140109861923313 -0.1633868148156028 0.9482129559908473 0.2723912475101662 -0.8567260962019704 0.0 0.0 0.0 1.0"/>
            <scale value="1"/>
        </transform>
    </shape>
    <shape name="temp31" type="ply">
        <string name="filename" value="meshes/Cube_027.ply"/>
        <boolean name="face_normals" value="true"/>
        <ref id="mat-Material" name="bsdf"/>
        <transform name="to_world">
            <matrix value="0.8735556985747136 0.19172353016021346 -0.44737343512201067 -0.5543891006213819 -0.4810244013141215 0.1998060376744545 -0.8536353583114943 -1.5800692489852184 -0.07427405957516219 0.9608952845399574 0.2667652750388752 -0.9944216370869807 0.0 0.0 0.0 1.0"/>
            <scale value="1"/>
        </transform>
    </shape>
    <shape name="temp32" type="ply">
        <string name="filename" value="meshes/Cube_028.ply"/>
        <boolean name="face_normals" value="true"/>
        <ref id="mat-Material" name="bsdf"/>
        <transform name="to_world">
            <matrix value="-0.11128008942834298 0.9811122954051016 0.1582261792699261 -1.4634425330291425 -0.8219331698659815 -0.0013677942026143928 -0.5695822563556067 -2.108638577389323 -0.5586080099002353 -0.19343448270108027 0.8065610105616706 -1.2446866810967936 0.0 0.0 0.0 1.0"/>
            <scale value="1"/>
        </transform>
    </shape>
    <shape name="temp33" type="ply">
        <string name="filename" value="meshes/Cube_029.ply"/>
        <boolean name="face_normals" value="true"/>
        <ref id="mat-Material" name="bsdf"/>
        <transform name="to_world">
            <matrix value="0.005937379770826574 0.9805931296579431 0.19596331333586436 -1.5922151620839184 -0.9967271070356561 -0.009996575049590863 0.08022174827585066 -1.7686490386340528 0.08062388857271018 -0.19579817822674342 0.9773244871048711 -0.04671710825091657 0.0 0.0 0.0 1.0"/>
            <scale value="1"/>
        </transform>
    </shape>
    <shape name="temp34" type="ply">
        <string name="filename" value="meshes/Cube_030.ply"/>
        <boolean name="face_normals" value="true"/>
        <ref id="mat-Material" name="bsdf"/>
        <transform name="to_world">
            <matrix value="-0.04069419935239057 0.9814677637291678 -0.1872563747599049 -3.205239836248233 -0.9731357194862853 0.0035723676457682504 0.230203981745574 -1.8973974118487604 0.2266066729776031 0.19159381410099563 0.9549561846852485 0.2815847589482099 0.0 0.0 0.0 1.0"/>
            <scale value="1"/>
        </transform>
    </shape>
    <shape name="temp35" type="ply">
        <string name="filename" value="meshes/Cube_031.ply"/>
        <boolean name="face_normals" value="true"/>
        <ref id="mat-Material" name="bsdf"/>
        <transform name="to_world">
            <matrix value="0.13356071606501108 0.9806488216043036 0.14314122587999342 -1.9241760196784068 -0.7250601478298024 -0.0017737488606095245 0.6886831881787205 -0.9555613022057147 0.6756103874459911 -0.19576697405005603 0.7107925342572293 0.6885820407305796 0.0 0.0 0.0 1.0"/>
            <scale value="1"/>
        </transform>
    </shape>
    <shape name="temp36" type="ply">
        <string name="filename" value="meshes/Cube_032.ply"/>
        <boolean name="face_normals" value="true"/>
        <ref id="mat-Material" name="bsdf"/>
        <transform name="to_world">
            <matrix value="0.767039521157675 0.6012638108726532 0.22390294836984145 -0.6178254639558367 -0.27586786625462967 -0.0060021129566166 0.9611770312623368 0.2937582637791857 0.5792648224287136 -0.7990279982395505 0.16126549039502133 -0.14689727766290606 0.0 0.0 0.0 1.0"/>
            <scale value="1"/>
        </transform>
    </shape>
    <shape name="temp37" type="ply">
        <string name="filename" value="meshes/Cube_033.ply"/>
        <boolean name="face_normals" value="true"/>
        <ref id="mat-Material" name="bsdf"/>
        <transform name="to_world">
            <matrix value="0.9772767970327662 0.16544683922131398 0.1325066273430914 -0.1366559076369489 -0.15008177799998937 0.09863696568583484 0.9837409655614555 0.300533827424492 0.14968680577348248 -0.9812737394743265 0.12122614948411448 -0.3812271688953295 0.0 0.0 0.0 1.0"/>
            <scale value="1"/>
        </transform>
    </shape>
    <shape name="temp38" type="ply">
        <string name="filename" value="meshes/Cube_034.ply"/>
        <boolean name="face_normals" value="true"/>
        <ref id="mat-Material" name="bsdf"/>
        <transform name="to_world">
            <matrix value="0.9999250922384922 0.0018958790045533905 0.012114220550224316 -0.035504988730127085 -0.012257298852714498 0.18094250797312605 0.9834173403539594 0.3694199317314736 -0.00032753751150210893 -0.9834918224615841 0.18095216256812321 -0.3561398651002653 0.0 0.0 0.0 1.0"/>
            <scale value="1"/>
        </transform>
    </shape>
    <shape name="temp39" type="ply">
        <string name="filename" value="meshes/Cube_035.ply"/>
        <boolean name="face_normals" value="true"/>
        <ref id="mat-Material" name="bsdf"/>
        <transform name="to_world">
            <matrix value="0.9989295725204644 -0.04615210367462554 0.003127226548519432 0.009834798538787215 0.006570802461584286 0.20848872498816287 0.9780027053081625 0.0914936749908733 -0.045788898403799815 -0.9769351908439937 0.2085688343015298 -0.1451027073578327 0.0 0.0 0.0 1.0"/>
            <scale value="1"/>
        </transform>
    </shape>
    <shape name="temp40" type="ply">
        <string name="filename" value="meshes/Cube_036.ply"/>
        <boolean name="face_normals" value="true"/>
        <ref id="mat-Material" name="bsdf"/>
        <transform name="to_world">
            <matrix value="0.9994947050407161 -0.03163600828495921 0.003085999202874945 0.004038627608311529 0.0036510574848367186 0.21070620308162102 0.9775426799949506 -0.24724139200592998 -0.031575780060174426 -0.9770373970376891 0.21071520934461288 0.22357985291461951 0.0 0.0 0.0 1.0"/>
            <scale value="1"/>
        </transform>
    </shape>
    <shape name="temp41" type="ply">
        <string name="filename" value="meshes/Cube_037.ply"/>
        <boolean name="face_normals" value="true"/>
        <ref id="mat-Material" name="bsdf"/>
        <transform name="to_world">
            <matrix value="0.9988927835014991 -0.046940384587306 0.003172070742721033 -0.00496994055107125 0.006798752541988238 0.21073477909904198 0.9775197496478892 -0.5694870036220813 -0.046553622432968636 -0.9764156079286976 0.21082064166202938 0.512699976890775 0.0 0.0 0.0 1.0"/>
            <scale value="1"/>
        </transform>
    </shape>
    <shape name="temp42" type="ply">
        <string name="filename" value="meshes/Cube_038.ply"/>
        <boolean name="face_normals" value="true"/>
        <ref id="mat-Material" name="bsdf"/>
        <transform name="to_world">
            <matrix value="0.9992008361301853 -0.03983790932016194 0.003315255394423245 0.0069886422673182125 0.005158418834559339 0.21073019024952913 0.9775306238330936 -0.9047897691902602 -0.03964141344297347 -0.9767322385450845 0.21076723995686256 0.8610704663386484 0.0 0.0 0.0 1.0"/>
            <scale value="1"/>
        </transform>
    </shape>
    <shape name="temp43" type="ply">
        <string name="filename" value="meshes/Cube_039.ply"/>
        <boolean name="face_normals" value="true"/>
        <ref id="mat-Material" name="bsdf"/>
        <transform name="to_world">
            <matrix value="0.9999627005838361 -0.005844284845794092 -0.00637868693461616 0.02124107547120202 0.00828038141684517 0.4330087776313276 0.9013516543899875 -1.3192699246562851 -0.0025057215507121268 -0.9013708530465282 0.4330409635739213 1.4736816246636575 0.0 0.0 0.0 1.0"/>
            <scale value="1"/>
        </transform>
    </shape>
    <shape name="temp47" type="ply">
        <string name="filename" value="meshes/Plane_001.ply"/>
        <boolean name="face_normals" value="true"/>
        <ref id="mat-Material.002" name="bsdf"/>
        <transform name="to_world">
            <scale value="1"/>
        </transform>
    </shape>
    <shape name="temp49" type="ply">
        <string name="filename" value="meshes/Plane_002.ply"/>
        <boolean name="face_normals" value="true"/>
        <ref id="mat-Material.003" name="bsdf"/>
        <transform name="to_world">
            <scale value="1"/>
        </transform>
    </shape>
    <shape name="temp51" type="ply">
        <string name="filename" value="meshes/Plane_003.ply"/>
        <boolean name="face_normals" value="true"/>
        <ref id="mat-Material.004" name="bsdf"/>
        <transform name="to_world">
            <scale value="1"/>
        </transform>
    </shape>
    <shape name="temp53" type="ply">
        <string name="filename" value="meshes/Plane_004.ply"/>
        <boolean name="face_normals" value="true"/>
        <ref id="mat-Material.005" name="bsdf"/>
        <transform name="to_world">
            <scale value="1"/>
        </transform>
    </shape>
    <emitter type="point">
        <rgb name="intensity" value="100"/>
        <animation name="to_world">
            <transform time="0">
                <rotate angle="-142.5518126578256" x="1"/>
                <rotate angle="3.976628485794621e-06" y="1"/>
                <rotate angle="-179.999991348578" z="1"/>
                <translate value="-0.000000 3.030926 4.073377"/>
                <translate x="15.6" y="0.0" z="0.0"/>
            </transform>
            <transform time="0.0015">
                <rotate angle="-142.5518126578256" x="1"/>
                <rotate angle="3.976628485794621e-06" y="1"/>
                <rotate angle="-179.999991348578" z="1"/>
                <translate value="-0.000000 3.030926 4.073377"/>
                <translate x="15.75" y="0.0" z="0.0"/>
            </transform>
        </animation>
    </emitter>
</scene>
