
<scene version="2.1.0">
    <default name="spp" value="1024"/>
    <default name="resx" value="1280"/>
    <default name="resy" value="720"/>
    <integrator name="temp0" type="path">
        <integer name="max_depth" value="12"/>
    </integrator>
    <sensor name="temp44" type="perspective">
        <string name="fov_axis" value="x"/>
        <float name="fov" value="83.974423"/>
        <float name="principal_point_offset_x" value="0.000000"/>
        <float name="principal_point_offset_y" value="-0.000000"/>
        <float name="near_clip" value="0.100000"/>
        <float name="far_clip" value="1000.000000"/>
        <sampler name="sampler" type="independent">
            <integer name="sample_count" value="$spp"/>
        </sampler>
        <film name="film" type="hdrfilm">
            <integer name="width" value="$resx"/>
            <integer name="height" value="$resy"/>
        </film>
        <float name="shutter_open" value="0.0"/>
        <float name="shutter_close" value="0.0015"/>
        <animation name="to_world">
            <transform time="0">
                <rotate angle="-142.5518126578256" x="1"/>
                <rotate angle="3.976628485794621e-06" y="1"/>
                <rotate angle="-179.999991348578" z="1"/>
                <translate value="-0.000000 3.030926 4.073377"/>
            </transform>
            <transform time="0.0015">
                <rotate angle="-142.5518126578256" x="1"/>
                <rotate angle="3.976628485794621e-06" y="1"/>
                <rotate angle="-179.999991348578" z="1"/>
                <translate value="-0.000000 3.030926 4.073377"/>
                <translate x="0.15" y="0.0" z="0.0"/>
            </transform>
        </animation>
    </sensor>
    <bsdf id="mat-Material" name="mat-Material" type="twosided">
        <bsdf name="bsdf" type="diffuse">
            <texture name="reflectance" type="bitmap">
                <string name="filename" value="textures/siggraph_2023_logo.jpg"/>
            </texture>
        </bsdf>
    </bsdf>
    <bsdf id="mat-Material.001" name="mat-Material.001" type="twosided">
        <bsdf name="bsdf" type="principled">
            <rgb name="base_color" value="0.433648 0.266232 0.084399"/>
            <float name="spec_tint" value="0.000000"/>
            <float name="spec_trans" value="0.000000"/>
            <float name="metallic" value="0.000000"/>
            <float name="anisotropic" value="0.000000"/>
            <float name="roughness" value="0.500000"/>
            <float name="sheen" value="0.000000"/>
            <float name="sheen_tint" value="0.500000"/>
            <float name="clearcoat" value="0.000000"/>
            <float name="clearcoat_gloss" value="0.173205"/>
            <float name="specular" value="0.500000"/>
        </bsdf>
    </bsdf>
    <bsdf id="mat-Material.002" name="mat-Material.002" type="twosided">
        <bsdf name="bsdf" type="principled">
            <rgb name="base_color" value="0.433648 0.266232 0.084399"/>
            <float name="spec_tint" value="0.000000"/>
            <float name="spec_trans" value="0.000000"/>
            <float name="metallic" value="0.000000"/>
            <float name="anisotropic" value="0.000000"/>
            <float name="roughness" value="0.500000"/>
            <float name="sheen" value="0.000000"/>
            <float name="sheen_tint" value="0.500000"/>
            <float name="clearcoat" value="0.000000"/>
            <float name="clearcoat_gloss" value="0.173205"/>
            <float name="specular" value="0.500000"/>
        </bsdf>
    </bsdf>
    <bsdf id="mat-Material.003" name="mat-Material.003" type="twosided">
        <bsdf name="bsdf" type="principled">
            <rgb name="base_color" value="0.433648 0.266232 0.084399"/>
            <float name="spec_tint" value="0.000000"/>
            <float name="spec_trans" value="0.000000"/>
            <float name="metallic" value="0.000000"/>
            <float name="anisotropic" value="0.000000"/>
            <float name="roughness" value="0.500000"/>
            <float name="sheen" value="0.000000"/>
            <float name="sheen_tint" value="0.500000"/>
            <float name="clearcoat" value="0.000000"/>
            <float name="clearcoat_gloss" value="0.173205"/>
            <float name="specular" value="0.500000"/>
        </bsdf>
    </bsdf>
    <bsdf id="mat-Material.004" name="mat-Material.004" type="twosided">
        <bsdf name="bsdf" type="principled">
            <rgb name="base_color" value="0.433648 0.266232 0.084399"/>
            <float name="spec_tint" value="0.000000"/>
            <float name="spec_trans" value="0.000000"/>
            <float name="metallic" value="0.000000"/>
            <float name="anisotropic" value="0.000000"/>
            <float name="roughness" value="0.500000"/>
            <float name="sheen" value="0.000000"/>
            <float name="sheen_tint" value="0.500000"/>
            <float name="clearcoat" value="0.000000"/>
            <float name="clearcoat_gloss" value="0.173205"/>
            <float name="specular" value="0.500000"/>
        </bsdf>
    </bsdf>
    <bsdf id="mat-Material.005" name="mat-Material.005" type="twosided">
        <bsdf name="bsdf" type="principled">
            <rgb name="base_color" value="0.433648 0.266232 0.084399"/>
            <float name="spec_tint" value="0.000000"/>
            <float name="spec_trans" value="0.000000"/>
            <float name="metallic" value="0.000000"/>
            <float name="anisotropic" value="0.000000"/>
            <float name="roughness" value="0.500000"/>
            <float name="sheen" value="0.000000"/>
            <float name="sheen_tint" value="0.500000"/>
            <float name="clearcoat" value="0.000000"/>
            <float name="clearcoat_gloss" value="0.173205"/>
            <float name="specular" value="0.500000"/>
        </bsdf>
    </bsdf>
    <emitter name="temp45" type="point">
        <point name="position" x="-6.815235034541981e-16" y="3.0693089962005615" z="4.109199523925781"/>
        <rgb name="intensity" value="7.957747 7.957747 7.957747"/>
    </emitter>
    <shape name="temp2" type="ply">
        <string name="filename" value="meshes/Cube.ply"/>
        <boolean name="face_normals" value="true"/>
        <ref id="mat-Material" name="bsdf"/>
        <transform name="to_world">
            <matrix value="0.9995323805420662 -0.019051374256137066 0.023920843496362587 -0.11892646953622066 0.0030133752462204824 -0.7170600909843708 -0.6970047766040487 1.657489505148896 0.03043159724623112 0.6967508859608321 -0.7166674310115687 3.680926108256255 0.0 0.0 0.0 1.0"/>
        </transform>
    </shape>
    <shape name="temp4" type="ply">
        <string name="filename" value="meshes/Plane.ply"/>
        <boolean name="face_normals" value="true"/>
        <ref id="mat-Material.001" name="bsdf"/>
    </shape>
    <shape name="temp5" type="ply">
        <string name="filename" value="meshes/Cube_001.ply"/>
        <boolean name="face_normals" value="true"/>
        <ref id="mat-Material" name="bsdf"/>
        <transform name="to_world">
            <matrix value="0.9980169389054071 -0.03152885864883412 -0.05448602690840769 0.04827976949437485 -0.05451361370998197 -1.5755877377597655e-05 -0.9985130733709643 1.1728989579606057 0.03148112590354717 0.999502735580062 -0.0017344774552137225 1.0479013432943862 0.0 0.0 0.0 1.0"/>
        </transform>
    </shape>
    <shape name="temp6" type="ply">
        <string name="filename" value="meshes/Cube_002.ply"/>
        <boolean name="face_normals" value="true"/>
        <ref id="mat-Material" name="bsdf"/>
        <transform name="to_world">
            <matrix value="0.9997571038265899 -0.020936542468759322 0.006925697638079695 -0.03500685199932807 0.011355267566978177 0.2195309778629728 -0.9755394659640366 0.6531879891740847 0.0189040152333133 0.9753808223635495 0.21971527600809607 0.5319890418655587 0.0 0.0 0.0 1.0"/>
        </transform>
    </shape>
    <shape name="temp7" type="ply">
        <string name="filename" value="meshes/Cube_003.ply"/>
        <boolean name="face_normals" value="true"/>
        <ref id="mat-Material" name="bsdf"/>
        <transform name="to_world">
            <matrix value="0.9950481093990181 -0.062125012775774216 0.07759099920051099 -0.057928287956654057 0.08961423832547023 0.2229936819885571 -0.9706921797115126 0.1396923704197344 0.043001975082753136 0.9728381825652921 0.22745663209463757 0.20186409526673266 0.0 0.0 0.0 1.0"/>
        </transform>
    </shape>
    <shape name="temp8" type="ply">
        <string name="filename" value="meshes/Cube_004.ply"/>
        <boolean name="face_normals" value="true"/>
        <ref id="mat-Material" name="bsdf"/>
        <transform name="to_world">
            <matrix value="0.9821706230375495 -0.14166573151475836 0.12358057605759726 0.03283454471601699 0.15353941389330653 0.2251742198434368 -0.9621445973501974 -0.35375238064435743 0.108475791052556 0.9639643905277804 0.2429106222350611 -0.27246470684628227 0.0 0.0 0.0 1.0"/>
        </transform>
    </shape>
    <shape name="temp9" type="ply">
        <string name="filename" value="meshes/Cube_005.ply"/>
        <boolean name="face_normals" value="true"/>
        <ref id="mat-Material" name="bsdf"/>
        <transform name="to_world">
            <matrix value="0.9795142785717704 -0.18297269843123923 0.08410023918479544 0.09711961007722492 0.12427481308518917 0.2206327189141948 -0.9674074665937938 -0.6119698580787065 0.15845389493765372 0.9580408115588949 0.23885171440985561 -0.7130415891595963 0.0 0.0 0.0 1.0"/>
        </transform>
    </shape>
    <shape name="temp10" type="ply">
        <string name="filename" value="meshes/Cube_006.ply"/>
        <boolean name="face_normals" value="true"/>
        <ref id="mat-Material" name="bsdf"/>
        <transform name="to_world">
            <matrix value="0.9860449942999183 -0.1544773613280965 -0.062065357635403696 0.03855723886921503 -0.026650155932251472 0.2215360965160203 -0.9747879652082808 -0.5598425349440249 0.1643324255753714 0.9628386623086502 0.214327731867178 -1.051133004261167 0.0 0.0 0.0 1.0"/>
        </transform>
    </shape>
    <shape name="temp11" type="ply">
        <string name="filename" value="meshes/Cube_007.ply"/>
        <boolean name="face_normals" value="true"/>
        <ref id="mat-Material" name="bsdf"/>
        <transform name="to_world">
            <matrix value="0.9241233132456425 -0.2558529732616082 -0.2837878663950327 0.18459870355204666 -0.23353500807585453 0.20963616680885147 -0.9494811358890191 -0.3341142978874512 0.30241983096553887 0.9437117117868772 0.13397908657789864 -1.787285382014585 0.0 0.0 0.0 1.0"/>
        </transform>
    </shape>
    <shape name="temp12" type="ply">
        <string name="filename" value="meshes/Cube_008.ply"/>
        <boolean name="face_normals" value="true"/>
        <ref id="mat-Material" name="bsdf"/>
        <transform name="to_world">
            <matrix value="0.3961838263061875 0.8780229567626084 -0.2685408403664884 1.6523987940216778 -0.4995837965203794 -0.039249514520579946 -0.8653761687976129 0.13117566337430864 -0.7703602841707933 0.4770065265955117 0.4230958710718779 0.9371513941596592 0.0 0.0 0.0 1.0"/>
        </transform>
    </shape>
    <shape name="temp13" type="ply">
        <string name="filename" value="meshes/Cube_009.ply"/>
        <boolean name="face_normals" value="true"/>
        <ref id="mat-Material" name="bsdf"/>
        <transform name="to_world">
            <matrix value="-0.07665133938623506 0.99049711841109 0.11419244281951546 2.6237721930425297 -0.8302412827754699 1.2467820692791127e-05 -0.5574048236939985 0.9179442038971991 -0.552109207537937 -0.1375330345018908 0.8223503274784514 0.9383394567684669 0.0 0.0 0.0 1.0"/>
        </transform>
    </shape>
    <shape name="temp14" type="ply">
        <string name="filename" value="meshes/Cube_010.ply"/>
        <boolean name="face_normals" value="true"/>
        <ref id="mat-Material" name="bsdf"/>
        <transform name="to_world">
            <matrix value="0.03557927634669971 0.9954447325222195 0.08845222994079242 1.8781593026742083 -0.9984034452251399 0.03151959751618091 0.046877761392954756 1.9415845107689558 0.043876255037436154 -0.08997887043383401 0.9949768356215614 -0.19698425376269624 0.0 0.0 0.0 1.0"/>
        </transform>
    </shape>
    <shape name="temp15" type="ply">
        <string name="filename" value="meshes/Cube_011.ply"/>
        <boolean name="face_normals" value="true"/>
        <ref id="mat-Material" name="bsdf"/>
        <transform name="to_world">
            <matrix value="0.07748277121485318 0.9938434326263029 0.07919385409963875 1.438174659240605 -0.8622734372645281 0.026926618038767437 0.505727149672758 2.203321632203249 0.5004813599348967 -0.10747187765292862 0.8590509389386133 -1.2086284390597417 0.0 0.0 0.0 1.0"/>
        </transform>
    </shape>
    <shape name="temp16" type="ply">
        <string name="filename" value="meshes/Cube_012.ply"/>
        <boolean name="face_normals" value="true"/>
        <ref id="mat-Material" name="bsdf"/>
        <transform name="to_world">
            <matrix value="0.0958929714357646 0.9899814985931005 0.1036388569623862 1.099027115853777 -0.7342693700833471 5.572844857255493e-05 0.6788583618465501 1.8492889402411 0.6720516039125787 -0.141196563368883 0.7269184781246852 -1.8368805729149102 0.0 0.0 0.0 1.0"/>
        </transform>
    </shape>
    <shape name="temp17" type="ply">
        <string name="filename" value="meshes/Cube_013.ply"/>
        <boolean name="face_normals" value="true"/>
        <ref id="mat-Material" name="bsdf"/>
        <transform name="to_world">
            <matrix value="0.9158116544066153 0.1761450118162875 0.3609182256544723 0.6364799955442981 -0.3844542016605588 0.12467288803415773 0.9146868163742535 1.4689379301649617 0.11612081513828239 -0.9764370920877805 0.18189656191359183 -1.4143242671757388 0.0 0.0 0.0 1.0"/>
        </transform>
    </shape>
    <shape name="temp18" type="ply">
        <string name="filename" value="meshes/Cube_014.ply"/>
        <boolean name="face_normals" value="true"/>
        <ref id="mat-Material" name="bsdf"/>
        <transform name="to_world">
            <matrix value="0.939132789742335 0.2985616042617897 0.1699741052554937 0.11234967754604952 -0.2164895474862019 0.13012298116694443 0.9675745980924788 1.0258516109137488 0.2667631159501229 -0.9454782102652565 0.1868381935425306 -0.8685117316926707 0.0 0.0 0.0 1.0"/>
        </transform>
    </shape>
    <shape name="temp19" type="ply">
        <string name="filename" value="meshes/Cube_015.ply"/>
        <boolean name="face_normals" value="true"/>
        <ref id="mat-Material" name="bsdf"/>
        <transform name="to_world">
            <matrix value="0.9837423563056379 0.12509766949019968 0.1288465420800236 0.026566001837915687 -0.14931435019954717 0.17112310005986364 0.9738698057445011 0.6391550505642657 0.09978024101683075 -0.9772756000442199 0.18701995791217535 -0.2931874865081219 0.0 0.0 0.0 1.0"/>
        </transform>
    </shape>
    <shape name="temp20" type="ply">
        <string name="filename" value="meshes/Cube_016.ply"/>
        <boolean name="face_normals" value="true"/>
        <ref id="mat-Material" name="bsdf"/>
        <transform name="to_world">
            <matrix value="0.9851434417146697 0.01999664388233356 0.17056618100033993 0.05745154148223208 -0.1714451169890803 0.17213600515619817 0.9700392558085879 0.32826268655949925 -0.009963051414205348 -0.9848701459879898 0.17300698642759849 0.17800116630636653 0.0 0.0 0.0 1.0"/>
        </transform>
    </shape>
    <shape name="temp21" type="ply">
        <string name="filename" value="meshes/Cube_017.ply"/>
        <boolean name="face_normals" value="true"/>
        <ref id="mat-Material" name="bsdf"/>
        <transform name="to_world">
            <matrix value="0.9455371817306618 -0.10227412952653502 0.3090306325797208 0.20790686072110443 -0.29035591381263665 0.16417124334877553 0.9427308672257259 0.1324925746872539 -0.14715093426378525 -0.9811156327502019 0.12553409979003366 0.42564795322977306 0.0 0.0 0.0 1.0"/>
        </transform>
    </shape>
    <shape name="temp22" type="ply">
        <string name="filename" value="meshes/Cube_018.ply"/>
        <boolean name="face_normals" value="true"/>
        <ref id="mat-Material" name="bsdf"/>
        <transform name="to_world">
            <matrix value="0.24979025826777795 0.9565803059093952 0.15019613720574101 0.8503752439402363 -0.5029719321947353 -0.004365420515911836 0.8642920598118009 -0.06983146018050419 0.8274204958273275 -0.2914361638886745 0.48004232421997817 -0.1409145280672533 0.0 0.0 0.0 1.0"/>
        </transform>
    </shape>
    <shape name="temp23" type="ply">
        <string name="filename" value="meshes/Cube_019.ply"/>
        <boolean name="face_normals" value="true"/>
        <ref id="mat-Material" name="bsdf"/>
        <transform name="to_world">
            <matrix value="-0.08075335932499685 0.9839477872359066 -0.15914072188514874 0.5054841902850484 -0.9130724238378659 -0.008996543761980547 0.4076989704037774 -0.04695323340336278 0.39972279695830165 0.17822997645085864 0.8991419322292411 -0.05816306541706939 0.0 0.0 0.0 1.0"/>
        </transform>
    </shape>
    <shape name="temp24" type="ply">
        <string name="filename" value="meshes/Cube_020.ply"/>
        <boolean name="face_normals" value="true"/>
        <ref id="mat-Material" name="bsdf"/>
        <transform name="to_world">
            <matrix value="0.09664510036842566 0.9458666801652306 -0.30983201268119587 0.12588487588248629 -0.9609182782488723 0.007536591235812481 -0.27672910260130895 0.14207268961208994 -0.2594136988421697 0.3244676075819336 0.9096291380650182 0.11472200180799774 0.0 0.0 0.0 1.0"/>
        </transform>
    </shape>
    <shape name="temp25" type="ply">
        <string name="filename" value="meshes/Cube_021.ply"/>
        <boolean name="face_normals" value="true"/>
        <ref id="mat-Material" name="bsdf"/>
        <transform name="to_world">
            <matrix value="0.1882526900307964 0.9383321200693333 -0.2899892251008344 -0.1672586120311488 -0.7983061981075374 -0.02579369366926493 -0.6016993987521163 0.09326968125400603 -0.5720736773239579 0.34477152744027717 0.7442204887615296 0.3055160487699634 0.0 0.0 0.0 1.0"/>
        </transform>
    </shape>
    <shape name="temp26" type="ply">
        <string name="filename" value="meshes/Cube_022.ply"/>
        <boolean name="face_normals" value="true"/>
        <ref id="mat-Material" name="bsdf"/>
        <transform name="to_world">
            <matrix value="0.6378440216514457 0.40006674690200517 -0.6581049793839632 -0.08407092859991105 -0.7116950961567442 -0.020410979448211703 -0.7021919993418754 -0.1954056522102812 -0.29435625422187234 0.9162587109921718 0.2717064102376199 0.6856091639739919 0.0 0.0 0.0 1.0"/>
        </transform>
    </shape>
    <shape name="temp27" type="ply">
        <string name="filename" value="meshes/Cube_023.ply"/>
        <boolean name="face_normals" value="true"/>
        <ref id="mat-Material" name="bsdf"/>
        <transform name="to_world">
            <matrix value="0.8565866527666228 0.28320230777413685 -0.4313422857820974 -0.06584902481615162 -0.48044198238736796 0.13277433498184274 -0.8669179391433316 -0.2871679711642193 -0.18824200791806067 0.9498248936742709 0.24979492705076492 0.20459917500213376 0.0 0.0 0.0 1.0"/>
        </transform>
    </shape>
    <shape name="temp28" type="ply">
        <string name="filename" value="meshes/Cube_024.ply"/>
        <boolean name="face_normals" value="true"/>
        <ref id="mat-Material" name="bsdf"/>
        <transform name="to_world">
            <matrix value="0.8549462171137198 0.4445746240793621 -0.26724610314117386 -0.1927611757593547 -0.37659340776239436 0.17768050343850839 -0.9091795143588888 -0.5112690863780204 -0.35671373001647083 0.8779424433120647 0.3193310863169182 -0.3445148664771964 0.0 0.0 0.0 1.0"/>
        </transform>
    </shape>
    <shape name="temp29" type="ply">
        <string name="filename" value="meshes/Cube_025.ply"/>
        <boolean name="face_normals" value="true"/>
        <ref id="mat-Material" name="bsdf"/>
        <transform name="to_world">
            <matrix value="0.9009067828313183 0.3615333432063126 -0.24012683082273611 -0.2632926484744045 -0.32102576649699394 0.18275289253957364 -0.9292707535006604 -0.7929832085194707 -0.292078482058483 0.9142727820734508 0.28070479849425634 -0.6998214430488265 0.0 0.0 0.0 1.0"/>
        </transform>
    </shape>
    <shape name="temp30" type="ply">
        <string name="filename" value="meshes/Cube_026.ply"/>
        <boolean name="face_normals" value="true"/>
        <ref id="mat-Material" name="bsdf"/>
        <transform name="to_world">
            <matrix value="0.9232430362376269 0.23467292975097148 -0.30422235155673416 -0.33242549096936624 -0.34999197733441845 0.18699240545405624 -0.9178996653114909 -1.1476142648950016 -0.15851900706881053 0.9539193989441475 0.25477317631640284 -0.8893128492441111 0.0 0.0 0.0 1.0"/>
        </transform>
    </shape>
    <shape name="temp31" type="ply">
        <string name="filename" value="meshes/Cube_027.ply"/>
        <boolean name="face_normals" value="true"/>
        <ref id="mat-Material" name="bsdf"/>
        <transform name="to_world">
            <matrix value="0.8727795832469013 0.17338325445379135 -0.45628293873436776 -0.5968526421304415 -0.48377781560102623 0.18293490299797882 -0.855858656395132 -1.58381040784346 -0.06492149312001022 0.9677153578363992 0.24354085218625496 -1.0279445980244526 0.0 0.0 0.0 1.0"/>
        </transform>
    </shape>
    <shape name="temp32" type="ply">
        <string name="filename" value="meshes/Cube_028.ply"/>
        <boolean name="face_normals" value="true"/>
        <ref id="mat-Material" name="bsdf"/>
        <transform name="to_world">
            <matrix value="-0.10569839741714492 0.9845733308581357 0.13943906224809124 -1.4862995805421886 -0.7971927762323435 -8.04164589516982e-05 -0.6037248339441 -2.122136354055468 -0.5944001794240347 -0.17497253990734699 0.7849034159598053 -1.3584766351970432 0.0 0.0 0.0 1.0"/>
        </transform>
    </shape>
    <shape name="temp33" type="ply">
        <string name="filename" value="meshes/Cube_029.ply"/>
        <boolean name="face_normals" value="true"/>
        <ref id="mat-Material" name="bsdf"/>
        <transform name="to_world">
            <matrix value="-0.001867401737860067 0.9772879065042771 0.2119075164732086 -1.5852429666181358 -0.9988582106884955 -0.01193863873865042 0.046257058173581306 -1.8273887234036161 0.04773636723064676 -0.21157912740940674 0.9761945174249361 -0.12800908488888219 0.0 0.0 0.0 1.0"/>
        </transform>
    </shape>
    <shape name="temp34" type="ply">
        <string name="filename" value="meshes/Cube_030.ply"/>
        <boolean name="face_normals" value="true"/>
        <ref id="mat-Material" name="bsdf"/>
        <transform name="to_world">
            <matrix value="-0.04237130774833727 0.9785967698770843 -0.2013778589854053 -3.2270744687694193 -0.9749221649887695 0.0035777529827668896 0.22251664960197626 -1.9145061494805407 0.21847450501303997 0.20575605686498002 0.9539042905605728 0.25137937582663006 0.0 0.0 0.0 1.0"/>
        </transform>
    </shape>
    <shape name="temp35" type="ply">
        <string name="filename" value="meshes/Cube_031.ply"/>
        <boolean name="face_normals" value="true"/>
        <ref id="mat-Material" name="bsdf"/>
        <transform name="to_world">
            <matrix value="0.1360996902630548 0.9769212157113865 0.1646260154952411 -1.8897324260745412 -0.7722640050919548 0.0005298827966117604 0.6353018130103479 -1.1572142041343838 0.6205527394965135 -0.21359905553133665 0.7545131414528194 0.6008789085652531 0.0 0.0 0.0 1.0"/>
        </transform>
    </shape>
    <shape name="temp36" type="ply">
        <string name="filename" value="meshes/Cube_032.ply"/>
        <boolean name="face_normals" value="true"/>
        <ref id="mat-Material" name="bsdf"/>
        <transform name="to_world">
            <matrix value="0.6736579099936705 0.6129885299620585 0.41283158582025165 -0.6928786484426794 -0.5242705579697425 0.0026643673749486363 0.8515477511475812 -0.5425036181651405 0.5208890709132719 -0.7900872507159649 0.32316683695010306 -0.14798626981461727 0.0 0.0 0.0 1.0"/>
        </transform>
    </shape>
    <shape name="temp37" type="ply">
        <string name="filename" value="meshes/Cube_033.ply"/>
        <boolean name="face_normals" value="true"/>
        <ref id="mat-Material" name="bsdf"/>
        <transform name="to_world">
            <matrix value="0.9766026271791953 0.1698019494267067 0.1319673386755526 -0.14424617732265776 -0.15010097034361833 0.09875758985280222 0.9837260726556321 0.3004710406681629 0.15400583660002093 -0.980517413640981 0.12193431897578413 -0.38522736163173876 0.0 0.0 0.0 1.0"/>
        </transform>
    </shape>
    <shape name="temp38" type="ply">
        <string name="filename" value="meshes/Cube_034.ply"/>
        <boolean name="face_normals" value="true"/>
        <ref id="mat-Material" name="bsdf"/>
        <transform name="to_world">
            <matrix value="0.9999175571382221 -0.0013078158536407307 0.012787899963169607 -0.03394784299403497 -0.012351691497038263 0.1777847746144845 0.9839920174024785 0.36940389266334683 -0.0035603747692929595 -0.9840685574117221 0.17775394650184553 -0.37713017508063995 0.0 0.0 0.0 1.0"/>
        </transform>
    </shape>
    <shape name="temp39" type="ply">
        <string name="filename" value="meshes/Cube_035.ply"/>
        <boolean name="face_normals" value="true"/>
        <ref id="mat-Material" name="bsdf"/>
        <transform name="to_world">
            <matrix value="0.9987394220489445 -0.050054461300354805 0.003821543273820021 0.008831574286825017 0.006497157937474625 0.20437288156805158 0.9788714581478615 0.09125417007971627 -0.04977793616263051 -0.977612463315277 0.20444042624914838 -0.15818397022523378 0.0 0.0 0.0 1.0"/>
        </transform>
    </shape>
    <shape name="temp40" type="ply">
        <string name="filename" value="meshes/Cube_036.ply"/>
        <boolean name="face_normals" value="true"/>
        <ref id="mat-Material" name="bsdf"/>
        <transform name="to_world">
            <matrix value="0.9987416382549062 -0.050002961893776475 0.0038609030963533187 0.0031016654399578236 0.006583488024509465 0.20703522776337388 0.9783114376098352 -0.23951220557768763 -0.04971783265694728 -0.9770547095153967 0.2071039160777665 0.18011873178526985 0.0 0.0 0.0 1.0"/>
        </transform>
    </shape>
    <shape name="temp41" type="ply">
        <string name="filename" value="meshes/Cube_037.ply"/>
        <boolean name="face_normals" value="true"/>
        <ref id="mat-Material" name="bsdf"/>
        <transform name="to_world">
            <matrix value="0.9987216924012503 -0.05040242124387024 0.00391792165007723 -0.0061383664517356 0.006613553074586855 0.20709302640882896 0.9782989086573171 -0.5705041893690054 -0.0501199853907703 -0.9770219618166004 0.20716159653841587 0.5174212282787084 0.0 0.0 0.0 1.0"/>
        </transform>
    </shape>
    <shape name="temp42" type="ply">
        <string name="filename" value="meshes/Cube_038.ply"/>
        <boolean name="face_normals" value="true"/>
        <ref id="mat-Material" name="bsdf"/>
        <transform name="to_world">
            <matrix value="0.9989331184500032 -0.046013958445881825 0.0039466200432036105 0.009956350639374278 0.005676479140183006 0.20714075044376262 0.9782946535413675 -0.9041184366416752 -0.04583273495772366 -0.9772284600446787 0.20718095731598632 0.8665856158315485 0.0 0.0 0.0 1.0"/>
        </transform>
    </shape>
    <shape name="temp43" type="ply">
        <string name="filename" value="meshes/Cube_039.ply"/>
        <boolean name="face_normals" value="true"/>
        <ref id="mat-Material" name="bsdf"/>
        <transform name="to_world">
            <matrix value="0.9999277751495511 -0.011421434935036128 -0.003707695425939015 0.022229855704688717 0.008288213315704175 0.4330181566225018 0.9013470766044743 -1.3192468744939807 -0.008689182794249857 -0.9013128492688899 0.4330815573093128 1.4755185510125994 0.0 0.0 0.0 1.0"/>
        </transform>
    </shape>
    <shape name="temp47" type="ply">
        <string name="filename" value="meshes/Plane_001.ply"/>
        <boolean name="face_normals" value="true"/>
        <ref id="mat-Material.002" name="bsdf"/>
    </shape>
    <shape name="temp49" type="ply">
        <string name="filename" value="meshes/Plane_002.ply"/>
        <boolean name="face_normals" value="true"/>
        <ref id="mat-Material.003" name="bsdf"/>
    </shape>
    <shape name="temp51" type="ply">
        <string name="filename" value="meshes/Plane_003.ply"/>
        <boolean name="face_normals" value="true"/>
        <ref id="mat-Material.004" name="bsdf"/>
    </shape>
    <shape name="temp53" type="ply">
        <string name="filename" value="meshes/Plane_004.ply"/>
        <boolean name="face_normals" value="true"/>
        <ref id="mat-Material.005" name="bsdf"/>
    </shape>
    <emitter type="point">
        <transform name="to_world">
            <rotate angle="-142.5518126578256" x="1"/>
            <rotate angle="3.976628485794621e-06" y="1"/>
            <rotate angle="-179.999991348578" z="1"/>
            <translate value="-0.000000 3.030926 4.073377"/>
        </transform>
        <rgb name="intensity" value="100"/>
    </emitter>
</scene>
