
<scene version="2.1.0">
    <default name="spp" value="1024"/>
    <default name="resx" value="1280"/>
    <default name="resy" value="720"/>
    <integrator name="temp0" type="path">
        <integer name="max_depth" value="12"/>
    </integrator>
    <sensor name="temp44" type="perspective">
        <string name="fov_axis" value="x"/>
        <float name="fov" value="83.974423"/>
        <float name="principal_point_offset_x" value="0.000000"/>
        <float name="principal_point_offset_y" value="-0.000000"/>
        <float name="near_clip" value="0.100000"/>
        <float name="far_clip" value="1000.000000"/>
        <sampler name="sampler" type="independent">
            <integer name="sample_count" value="$spp"/>
        </sampler>
        <film name="film" type="hdrfilm">
            <integer name="width" value="$resx"/>
            <integer name="height" value="$resy"/>
        </film>
        <float name="shutter_open" value="0.0"/>
        <float name="shutter_close" value="0.0015"/>
        <animation name="to_world">
            <transform time="0">
                <rotate angle="-142.5518126578256" x="1"/>
                <rotate angle="3.976628485794621e-06" y="1"/>
                <rotate angle="-179.999991348578" z="1"/>
                <translate value="-0.000000 3.030926 4.073377"/>
            </transform>
            <transform time="0.0015">
                <rotate angle="-142.5518126578256" x="1"/>
                <rotate angle="3.976628485794621e-06" y="1"/>
                <rotate angle="-179.999991348578" z="1"/>
                <translate value="-0.000000 3.030926 4.073377"/>
                <translate x="0.15" y="0.0" z="0.0"/>
            </transform>
        </animation>
    </sensor>
    <bsdf id="mat-Material" name="mat-Material" type="twosided">
        <bsdf name="bsdf" type="diffuse">
            <texture name="reflectance" type="bitmap">
                <string name="filename" value="textures/siggraph_2023_logo.jpg"/>
            </texture>
        </bsdf>
    </bsdf>
    <bsdf id="mat-Material.001" name="mat-Material.001" type="twosided">
        <bsdf name="bsdf" type="principled">
            <rgb name="base_color" value="0.433648 0.266232 0.084399"/>
            <float name="spec_tint" value="0.000000"/>
            <float name="spec_trans" value="0.000000"/>
            <float name="metallic" value="0.000000"/>
            <float name="anisotropic" value="0.000000"/>
            <float name="roughness" value="0.500000"/>
            <float name="sheen" value="0.000000"/>
            <float name="sheen_tint" value="0.500000"/>
            <float name="clearcoat" value="0.000000"/>
            <float name="clearcoat_gloss" value="0.173205"/>
            <float name="specular" value="0.500000"/>
        </bsdf>
    </bsdf>
    <bsdf id="mat-Material.002" name="mat-Material.002" type="twosided">
        <bsdf name="bsdf" type="principled">
            <rgb name="base_color" value="0.433648 0.266232 0.084399"/>
            <float name="spec_tint" value="0.000000"/>
            <float name="spec_trans" value="0.000000"/>
            <float name="metallic" value="0.000000"/>
            <float name="anisotropic" value="0.000000"/>
            <float name="roughness" value="0.500000"/>
            <float name="sheen" value="0.000000"/>
            <float name="sheen_tint" value="0.500000"/>
            <float name="clearcoat" value="0.000000"/>
            <float name="clearcoat_gloss" value="0.173205"/>
            <float name="specular" value="0.500000"/>
        </bsdf>
    </bsdf>
    <bsdf id="mat-Material.003" name="mat-Material.003" type="twosided">
        <bsdf name="bsdf" type="principled">
            <rgb name="base_color" value="0.433648 0.266232 0.084399"/>
            <float name="spec_tint" value="0.000000"/>
            <float name="spec_trans" value="0.000000"/>
            <float name="metallic" value="0.000000"/>
            <float name="anisotropic" value="0.000000"/>
            <float name="roughness" value="0.500000"/>
            <float name="sheen" value="0.000000"/>
            <float name="sheen_tint" value="0.500000"/>
            <float name="clearcoat" value="0.000000"/>
            <float name="clearcoat_gloss" value="0.173205"/>
            <float name="specular" value="0.500000"/>
        </bsdf>
    </bsdf>
    <bsdf id="mat-Material.004" name="mat-Material.004" type="twosided">
        <bsdf name="bsdf" type="principled">
            <rgb name="base_color" value="0.433648 0.266232 0.084399"/>
            <float name="spec_tint" value="0.000000"/>
            <float name="spec_trans" value="0.000000"/>
            <float name="metallic" value="0.000000"/>
            <float name="anisotropic" value="0.000000"/>
            <float name="roughness" value="0.500000"/>
            <float name="sheen" value="0.000000"/>
            <float name="sheen_tint" value="0.500000"/>
            <float name="clearcoat" value="0.000000"/>
            <float name="clearcoat_gloss" value="0.173205"/>
            <float name="specular" value="0.500000"/>
        </bsdf>
    </bsdf>
    <bsdf id="mat-Material.005" name="mat-Material.005" type="twosided">
        <bsdf name="bsdf" type="principled">
            <rgb name="base_color" value="0.433648 0.266232 0.084399"/>
            <float name="spec_tint" value="0.000000"/>
            <float name="spec_trans" value="0.000000"/>
            <float name="metallic" value="0.000000"/>
            <float name="anisotropic" value="0.000000"/>
            <float name="roughness" value="0.500000"/>
            <float name="sheen" value="0.000000"/>
            <float name="sheen_tint" value="0.500000"/>
            <float name="clearcoat" value="0.000000"/>
            <float name="clearcoat_gloss" value="0.173205"/>
            <float name="specular" value="0.500000"/>
        </bsdf>
    </bsdf>
    <emitter name="temp45" type="point">
        <point name="position" x="-6.815235034541981e-16" y="3.0693089962005615" z="4.109199523925781"/>
        <rgb name="intensity" value="7.957747 7.957747 7.957747"/>
    </emitter>
    <shape name="temp2" type="ply">
        <string name="filename" value="meshes/Cube.ply"/>
        <boolean name="face_normals" value="true"/>
        <ref id="mat-Material" name="bsdf"/>
        <transform name="to_world">
            <matrix value="0.9885794474377999 -0.03254380786904258 -0.147144438965326 0.22928079348960928 -0.06874498029349659 0.7715099192153901 -0.6324924909023256 1.0217708629018136 0.13410709948282618 0.6353844100095323 0.7604617935502844 0.4241160336993568 0.0 0.0 0.0 1.0"/>
        </transform>
    </shape>
    <shape name="temp4" type="ply">
        <string name="filename" value="meshes/Plane.ply"/>
        <boolean name="face_normals" value="true"/>
        <ref id="mat-Material.001" name="bsdf"/>
    </shape>
    <shape name="temp5" type="ply">
        <string name="filename" value="meshes/Cube_001.ply"/>
        <boolean name="face_normals" value="true"/>
        <ref id="mat-Material" name="bsdf"/>
        <transform name="to_world">
            <matrix value="0.9979052421249338 -0.01790125838768687 -0.062168095046052176 0.056914830991432463 -0.05012379726502454 0.39360564678790966 -0.9179119578686786 1.0673457228337595 0.04090149053148165 0.9191050491945526 0.3918838863959688 0.6164125183999766 0.0 0.0 0.0 1.0"/>
        </transform>
    </shape>
    <shape name="temp6" type="ply">
        <string name="filename" value="meshes/Cube_002.ply"/>
        <boolean name="face_normals" value="true"/>
        <ref id="mat-Material" name="bsdf"/>
        <transform name="to_world">
            <matrix value="0.999082933973019 -0.04272608948673719 -0.0029005234265408603 -0.007110602257901277 0.010687901465709975 0.3143603873823325 -0.949243558581836 0.6339122620008222 0.04146928693129939 0.9483416523612761 0.31452871517719483 0.385482069180607 0.0 0.0 0.0 1.0"/>
        </transform>
    </shape>
    <shape name="temp7" type="ply">
        <string name="filename" value="meshes/Cube_003.ply"/>
        <boolean name="face_normals" value="true"/>
        <ref id="mat-Material" name="bsdf"/>
        <transform name="to_world">
            <matrix value="0.9939843305373679 -0.07827943173356305 0.07660322131189007 -0.03137701253532743 0.09754856593744626 0.3147206120690914 -0.9441584586267984 0.09997292193788054 0.04979961065693664 0.9459508617650801 0.3204631835548279 0.19491877632839494 0.0 0.0 0.0 1.0"/>
        </transform>
    </shape>
    <shape name="temp8" type="ply">
        <string name="filename" value="meshes/Cube_004.ply"/>
        <boolean name="face_normals" value="true"/>
        <ref id="mat-Material" name="bsdf"/>
        <transform name="to_world">
            <matrix value="0.9832055912216969 -0.12737440631759428 0.1307019381107569 0.03424994291146577 0.16195612089492167 0.2788270483477013 -0.9465864750666753 -0.3789780972063076 0.08412766587415142 0.9518567110881206 0.2947733938001069 -0.1578466844196703 0.0 0.0 0.0 1.0"/>
        </transform>
    </shape>
    <shape name="temp9" type="ply">
        <string name="filename" value="meshes/Cube_005.ply"/>
        <boolean name="face_normals" value="true"/>
        <ref id="mat-Material" name="bsdf"/>
        <transform name="to_world">
            <matrix value="0.9859855999801428 -0.13709542512561976 0.09506709135875781 0.07259051272813766 0.12677141342524384 0.24524751628520117 -0.9611361348701551 -0.6177947181546802 0.10845243224171892 0.9597178274717734 0.2591902230673618 -0.5443856408697331 0.0 0.0 0.0 1.0"/>
        </transform>
    </shape>
    <shape name="temp10" type="ply">
        <string name="filename" value="meshes/Cube_006.ply"/>
        <boolean name="face_normals" value="true"/>
        <ref id="mat-Material" name="bsdf"/>
        <transform name="to_world">
            <matrix value="0.9900417001313767 -0.12424172390561154 -0.06619289102506216 0.014618141856211686 -0.03410865082699942 0.24448639301827405 -0.9690527780942848 -0.5394233065435996 0.13658007506732833 0.9616601623201224 0.23781393890882752 -0.9122889332251675 0.0 0.0 0.0 1.0"/>
        </transform>
    </shape>
    <shape name="temp11" type="ply">
        <string name="filename" value="meshes/Cube_007.ply"/>
        <boolean name="face_normals" value="true"/>
        <ref id="mat-Material" name="bsdf"/>
        <transform name="to_world">
            <matrix value="0.9253174050178449 -0.10584189744755676 -0.3641223279644802 0.01919689911616551 -0.3308312368024935 0.2439244675370185 -0.9116205325419449 -0.050437229315286075 0.185305978259906 0.9640011013238831 0.19069181566270357 -1.3440237441054377 0.0 0.0 0.0 1.0"/>
        </transform>
    </shape>
    <shape name="temp12" type="ply">
        <string name="filename" value="meshes/Cube_008.ply"/>
        <boolean name="face_normals" value="true"/>
        <ref id="mat-Material" name="bsdf"/>
        <transform name="to_world">
            <matrix value="0.111289885058694 0.9656900065286814 -0.23464302650322608 2.251396640451155 -0.6043185875853462 -0.12167734964738863 -0.787396913906239 0.5378844152930173 -0.7889320901304371 0.2294282919259193 0.5700429908548102 1.3385371012934442 0.0 0.0 0.0 1.0"/>
        </transform>
    </shape>
    <shape name="temp13" type="ply">
        <string name="filename" value="meshes/Cube_009.ply"/>
        <boolean name="face_normals" value="true"/>
        <ref id="mat-Material" name="bsdf"/>
        <transform name="to_world">
            <matrix value="-0.06932868461970793 0.9918235045043731 0.10714410328395667 2.5886792576164788 -0.839482418394864 2.0704826426767176e-05 -0.5433872897795424 0.9550087156772842 -0.5389462738485923 -0.12761788650106481 0.8326167402880524 0.9218194462770135 0.0 0.0 0.0 1.0"/>
        </transform>
    </shape>
    <shape name="temp14" type="ply">
        <string name="filename" value="meshes/Cube_010.ply"/>
        <boolean name="face_normals" value="true"/>
        <ref id="mat-Material" name="bsdf"/>
        <transform name="to_world">
            <matrix value="0.021578155832965445 0.9978378175431717 0.06208157435507808 1.8552345366707774 -0.9454201660558803 0.0001712913231113234 0.3258537062769106 2.337349900468842 0.3251384242243722 -0.06572448547524838 0.9433797724080315 -0.7771965993514593 0.0 0.0 0.0 1.0"/>
        </transform>
    </shape>
    <shape name="temp15" type="ply">
        <string name="filename" value="meshes/Cube_011.ply"/>
        <boolean name="face_normals" value="true"/>
        <ref id="mat-Material" name="bsdf"/>
        <transform name="to_world">
            <matrix value="-0.009533559563637911 0.9986838345260866 -0.05039657680649765 1.328831374251212 -0.8331409666558517 0.019937698024500284 0.5527015021977674 2.260040972133135 0.5529788467573361 0.047256639752369 0.8318541289517617 -1.3576755572686037 0.0 0.0 0.0 1.0"/>
        </transform>
    </shape>
    <shape name="temp16" type="ply">
        <string name="filename" value="meshes/Cube_012.ply"/>
        <boolean name="face_normals" value="true"/>
        <ref id="mat-Material" name="bsdf"/>
        <transform name="to_world">
            <matrix value="0.10057594760534513 0.9896755057642207 0.10211091574350349 1.0929249836419432 -0.7123143041024632 -2.6218808859816906e-05 0.7018605730884719 1.8643058075252972 0.6946170130153344 -0.14332533065789502 0.7049575883137496 -1.8908035050827172 0.0 0.0 0.0 1.0"/>
        </transform>
    </shape>
    <shape name="temp17" type="ply">
        <string name="filename" value="meshes/Cube_013.ply"/>
        <boolean name="face_normals" value="true"/>
        <ref id="mat-Material" name="bsdf"/>
        <transform name="to_world">
            <matrix value="0.9180181090621548 0.22964876528660494 0.323271560081528 0.5481222101395501 -0.3514240453027958 0.09351174224015119 0.931534711581149 1.489175944506173 0.1836960376010368 -0.9687707932243551 0.16654954066023325 -1.5023983690370804 0.0 0.0 0.0 1.0"/>
        </transform>
    </shape>
    <shape name="temp18" type="ply">
        <string name="filename" value="meshes/Cube_014.ply"/>
        <boolean name="face_normals" value="true"/>
        <ref id="mat-Material" name="bsdf"/>
        <transform name="to_world">
            <matrix value="0.9444219868906986 0.28488120094363434 0.1640417880753685 0.10321013901779474 -0.21528397576711752 0.15886490635618233 0.9635428757302843 1.0205354430887323 0.24843487102567788 -0.9453065455766619 0.2113659111314306 -0.8312242999638957 0.0 0.0 0.0 1.0"/>
        </transform>
    </shape>
    <shape name="temp19" type="ply">
        <string name="filename" value="meshes/Cube_015.ply"/>
        <boolean name="face_normals" value="true"/>
        <ref id="mat-Material" name="bsdf"/>
        <transform name="to_world">
            <matrix value="0.9835433410102709 0.1259024702611264 0.12958078597665076 0.03418520174629658 -0.1504903134069823 0.17401384581048468 0.9731762218447252 0.6399687045401125 0.09997641956856676 -0.9766615285457727 0.19009725776688677 -0.30196257459301257 0.0 0.0 0.0 1.0"/>
        </transform>
    </shape>
    <shape name="temp20" type="ply">
        <string name="filename" value="meshes/Cube_016.ply"/>
        <boolean name="face_normals" value="true"/>
        <ref id="mat-Material" name="bsdf"/>
        <transform name="to_world">
            <matrix value="0.9842729160128859 0.04140606520755158 0.17173309927043673 0.06493506929856485 -0.1763509991542958 0.17337157374594042 0.9689390719402998 0.3378284490599053 0.010346317640822158 -0.9839855409523531 0.1779469869287566 0.11852951957770419 0.0 0.0 0.0 1.0"/>
        </transform>
    </shape>
    <shape name="temp21" type="ply">
        <string name="filename" value="meshes/Cube_017.ply"/>
        <boolean name="face_normals" value="true"/>
        <ref id="mat-Material" name="bsdf"/>
        <transform name="to_world">
            <matrix value="0.9470082992480856 -0.05247900079887699 0.31689337766848963 0.2044153986898396 -0.30681155334762344 0.14427417958671154 0.9407718591216211 0.1712743530876687 -0.09509030596053027 -0.9881451244516847 0.12052767220099654 0.3585968189749257 0.0 0.0 0.0 1.0"/>
        </transform>
    </shape>
    <shape name="temp22" type="ply">
        <string name="filename" value="meshes/Cube_018.ply"/>
        <boolean name="face_normals" value="true"/>
        <ref id="mat-Material" name="bsdf"/>
        <transform name="to_world">
            <matrix value="0.20298939589771411 0.9584905188111543 0.20022753050563544 0.8457887466485962 -0.5956895680525933 -0.0414121141455458 0.8021465641593474 0.012866089867920621 0.7771418744138135 -0.28210056672291484 0.5625568235275762 -0.16192529762151187 0.0 0.0 0.0 1.0"/>
        </transform>
    </shape>
    <shape name="temp23" type="ply">
        <string name="filename" value="meshes/Cube_019.ply"/>
        <boolean name="face_normals" value="true"/>
        <ref id="mat-Material" name="bsdf"/>
        <transform name="to_world">
            <matrix value="-0.07699919507399469 0.9849231263414564 -0.15491153850336226 0.49663638225428014 -0.9169990975609325 -0.008966309501212917 0.3987892303960898 -0.03872131972029985 0.3913876906601989 0.17276008868994602 0.9038639289565842 -0.05225865625750559 0.0 0.0 0.0 1.0"/>
        </transform>
    </shape>
    <shape name="temp24" type="ply">
        <string name="filename" value="meshes/Cube_020.ply"/>
        <boolean name="face_normals" value="true"/>
        <ref id="mat-Material" name="bsdf"/>
        <transform name="to_world">
            <matrix value="0.09696579904095598 0.9543681650552596 -0.2824522327083358 0.10729762631522652 -0.9522275480492516 0.006386162624740987 -0.3053218270079143 0.16939107180599577 -0.28958549159735364 0.29856449152174186 0.9093951066636794 0.10708747761267456 0.0 0.0 0.0 1.0"/>
        </transform>
    </shape>
    <shape name="temp25" type="ply">
        <string name="filename" value="meshes/Cube_021.ply"/>
        <boolean name="face_normals" value="true"/>
        <ref id="mat-Material" name="bsdf"/>
        <transform name="to_world">
            <matrix value="0.20801956289326576 0.9332303623313859 -0.29293163777994524 -0.15327696278833425 -0.7841761121364758 -0.019885779363943742 -0.6202197909225139 0.11095067083252198 -0.5846333597505085 0.3587276788973412 0.7276803802749845 0.29340572073857174 0.0 0.0 0.0 1.0"/>
        </transform>
    </shape>
    <shape name="temp26" type="ply">
        <string name="filename" value="meshes/Cube_022.ply"/>
        <boolean name="face_normals" value="true"/>
        <ref id="mat-Material" name="bsdf"/>
        <transform name="to_world">
            <matrix value="0.6453866570217383 0.3991625349639045 -0.651264644099738 -0.07863255855603402 -0.7039764940330872 -0.02009509139110973 -0.7099389107186843 -0.18413692939643717 -0.2964682541793212 0.916659818156409 0.2680318812198566 0.6761037639730128 0.0 0.0 0.0 1.0"/>
        </transform>
    </shape>
    <shape name="temp27" type="ply">
        <string name="filename" value="meshes/Cube_023.ply"/>
        <boolean name="face_normals" value="true"/>
        <ref id="mat-Material" name="bsdf"/>
        <transform name="to_world">
            <matrix value="0.858263434197299 0.27580341368686945 -0.43280108136679996 -0.06433191415162176 -0.4803635286963213 0.13486595344820754 -0.8666385198626448 -0.28728054975215583 -0.18065172411959002 0.9517056962223339 0.2482363726365786 0.20517819100439005 0.0 0.0 0.0 1.0"/>
        </transform>
    </shape>
    <shape name="temp28" type="ply">
        <string name="filename" value="meshes/Cube_024.ply"/>
        <boolean name="face_normals" value="true"/>
        <ref id="mat-Material" name="bsdf"/>
        <transform name="to_world">
            <matrix value="0.8575316429887222 0.4363084374341657 -0.2725340302898065 -0.18958641026486933 -0.37943170273763493 0.17870052125158783 -0.9077982564426 -0.513341141493296 -0.34737822834722454 0.8818734186720287 0.31879068659132587 -0.33383876699998016 0.0 0.0 0.0 1.0"/>
        </transform>
    </shape>
    <shape name="temp29" type="ply">
        <string name="filename" value="meshes/Cube_025.ply"/>
        <boolean name="face_normals" value="true"/>
        <ref id="mat-Material" name="bsdf"/>
        <transform name="to_world">
            <matrix value="0.8993204226038825 0.3662227302403097 -0.23896376579652698 -0.2675197634734662 -0.321631632882823 0.18372376794605183 -0.9288698270200808 -0.7935070701250029 -0.29626999239398116 0.9122096770492863 0.2830153264548596 -0.7073536522384308 0.0 0.0 0.0 1.0"/>
        </transform>
    </shape>
    <shape name="temp30" type="ply">
        <string name="filename" value="meshes/Cube_026.ply"/>
        <boolean name="face_normals" value="true"/>
        <ref id="mat-Material" name="bsdf"/>
        <transform name="to_world">
            <matrix value="0.9235506456251208 0.2370172060998325 -0.30145936293349584 -0.3260776870390292 -0.34895638861260186 0.1934672303998765 -0.916951483640734 -1.1453610217972612 -0.15901082749584683 0.9520467311747663 0.2613853901066663 -0.8768677204099182 0.0 0.0 0.0 1.0"/>
        </transform>
    </shape>
    <shape name="temp31" type="ply">
        <string name="filename" value="meshes/Cube_027.ply"/>
        <boolean name="face_normals" value="true"/>
        <ref id="mat-Material" name="bsdf"/>
        <transform name="to_world">
            <matrix value="0.8736678385963793 0.1750003024468997 -0.4539596454259158 -0.5800543512840726 -0.4823230980077195 0.1892086737599156 -0.8553154199255734 -1.5825104187750871 -0.06378737188113336 0.9662168898863843 0.24971218868507933 -1.0146693326100578 0.0 0.0 0.0 1.0"/>
        </transform>
    </shape>
    <shape name="temp32" type="ply">
        <string name="filename" value="meshes/Cube_028.ply"/>
        <boolean name="face_normals" value="true"/>
        <ref id="mat-Material" name="bsdf"/>
        <transform name="to_world">
            <matrix value="-0.10754609265159291 0.9841832786495434 0.1407727810634102 -1.4859656373419812 -0.792975779528285 0.0004926129952046523 -0.609253175143882 -2.1211657848055245 -0.5996862738840516 -0.17715213913391722 0.7803804641007687 -1.3671165394798594 0.0 0.0 0.0 1.0"/>
        </transform>
    </shape>
    <shape name="temp33" type="ply">
        <string name="filename" value="meshes/Cube_029.ply"/>
        <boolean name="face_normals" value="true"/>
        <ref id="mat-Material" name="bsdf"/>
        <transform name="to_world">
            <matrix value="-0.001364083634294103 0.9777499202165938 0.20976884791790087 -1.5858032336340637 -0.9984194019080647 -0.013118310969644761 0.05465304020942735 -1.8115051958620743 0.056188799472365686 -0.20936271309469925 0.9762224120739388 -0.10365884706194528 0.0 0.0 0.0 1.0"/>
        </transform>
    </shape>
    <shape name="temp34" type="ply">
        <string name="filename" value="meshes/Cube_030.ply"/>
        <boolean name="face_normals" value="true"/>
        <ref id="mat-Material" name="bsdf"/>
        <transform name="to_world">
            <matrix value="-0.039714533277454236 0.9791763876906786 -0.1990891077850136 -3.2181597509918083 -0.9771060467980209 0.003620573826898575 0.21272137571563296 -1.9331662127038325 0.20901250869307658 0.20297929018168748 0.9566156197624769 0.2382229675500589 0.0 0.0 0.0 1.0"/>
        </transform>
    </shape>
    <shape name="temp35" type="ply">
        <string name="filename" value="meshes/Cube_031.ply"/>
        <boolean name="face_normals" value="true"/>
        <ref id="mat-Material" name="bsdf"/>
        <transform name="to_world">
            <matrix value="0.1431974887727006 0.9778640157022088 0.1525666623012329 -1.8871839890145172 -0.7231537674614867 -0.001862970696024179 0.6906849838376512 -0.9473419149972054 0.6756799763131908 -0.20923339097206436 0.7068790095602999 0.6845684506150937 0.0 0.0 0.0 1.0"/>
        </transform>
    </shape>
    <shape name="temp36" type="ply">
        <string name="filename" value="meshes/Cube_032.ply"/>
        <boolean name="face_normals" value="true"/>
        <ref id="mat-Material" name="bsdf"/>
        <transform name="to_world">
            <matrix value="0.7248274462038166 0.6138128542018217 0.3128245412394018 -0.6553793452359975 -0.394910084091719 -0.0018831240887483497 0.9187180659457871 -0.112872518903996 0.5645097663764322 -0.7894494006336784 0.24103577086862518 -0.11272166642437487 0.0 0.0 0.0 1.0"/>
        </transform>
    </shape>
    <shape name="temp37" type="ply">
        <string name="filename" value="meshes/Cube_033.ply"/>
        <boolean name="face_normals" value="true"/>
        <ref id="mat-Material" name="bsdf"/>
        <transform name="to_world">
            <matrix value="0.9768313396344501 0.168676492366866 0.13171550672993865 -0.14144847865361188 -0.15001573506232857 0.10074243413436569 0.9835376655771993 0.3005794733124111 0.15263037053190717 -0.9805096960304367 0.12371248465203316 -0.3779116652833776 0.0 0.0 0.0 1.0"/>
        </transform>
    </shape>
    <shape name="temp38" type="ply">
        <string name="filename" value="meshes/Cube_034.ply"/>
        <boolean name="face_normals" value="true"/>
        <ref id="mat-Material" name="bsdf"/>
        <transform name="to_world">
            <matrix value="0.9999246489972998 0.00234027987810347 0.012060866124123625 -0.033738241592869755 -0.012285187588537428 0.18058872853409205 0.9834818762791941 0.3693834307563996 0.00012356899581048426 -0.9835558577706952 0.18060388132765293 -0.3617308488749259 0.0 0.0 0.0 1.0"/>
        </transform>
    </shape>
    <shape name="temp39" type="ply">
        <string name="filename" value="meshes/Cube_035.ply"/>
        <boolean name="face_normals" value="true"/>
        <ref id="mat-Material" name="bsdf"/>
        <transform name="to_world">
            <matrix value="0.9989109563903856 -0.046550123794644814 0.0031857343928256856 0.00821620885793628 0.00648380308034899 0.20610064598486097 0.9785093005014891 0.09127372631333519 -0.04620634295875907 -0.9774228603967686 0.2061780264866784 -0.1486082043659233 0.0 0.0 0.0 1.0"/>
        </transform>
    </shape>
    <shape name="temp40" type="ply">
        <string name="filename" value="meshes/Cube_036.ply"/>
        <boolean name="face_normals" value="true"/>
        <ref id="mat-Material" name="bsdf"/>
        <transform name="to_world">
            <matrix value="0.9990988906559438 -0.04232806936671791 0.003241831004760529 0.0028857694697488334 0.005660123540185133 0.208503409306604 0.9780053056567984 -0.2419269360369987 -0.04207300802975744 -0.977105186860038 0.20855505245375988 0.19750298406736058 0.0 0.0 0.0 1.0"/>
        </transform>
    </shape>
    <shape name="temp41" type="ply">
        <string name="filename" value="meshes/Cube_037.ply"/>
        <boolean name="face_normals" value="true"/>
        <ref id="mat-Material" name="bsdf"/>
        <transform name="to_world">
            <matrix value="0.9988573242061107 -0.0476824432703479 0.003346506857119353 -0.006035740052733551 0.006677827479890147 0.2085265829966439 0.9779939586809329 -0.570135100334617 -0.047330978836119544 -0.9768536344731064 0.20860665755441465 0.5181600205065651 0.0 0.0 0.0 1.0"/>
        </transform>
    </shape>
    <shape name="temp42" type="ply">
        <string name="filename" value="meshes/Cube_038.ply"/>
        <boolean name="face_normals" value="true"/>
        <ref id="mat-Material" name="bsdf"/>
        <transform name="to_world">
            <matrix value="0.9990443719892842 -0.04356674585908478 0.0034943721363660646 0.007713434064898106 0.005673145966416502 0.20853546867797332 0.9779984501922131 -0.9038542054762645 -0.04333691472216755 -0.9770438631438209 0.20858337261435744 0.863505649192139 0.0 0.0 0.0 1.0"/>
        </transform>
    </shape>
    <shape name="temp43" type="ply">
        <string name="filename" value="meshes/Cube_039.ply"/>
        <boolean name="face_normals" value="true"/>
        <ref id="mat-Material" name="bsdf"/>
        <transform name="to_world">
            <matrix value="0.9999464252486198 -0.009200488652343358 -0.004771097580387885 0.02129622429670963 0.0082848157120975 0.43301418188387364 0.9013490173542692 -1.3192568611263604 -0.006226898968748979 -0.9013401152250542 0.43306708400548766 1.4737612467771715 0.0 0.0 0.0 1.0"/>
        </transform>
    </shape>
    <shape name="temp47" type="ply">
        <string name="filename" value="meshes/Plane_001.ply"/>
        <boolean name="face_normals" value="true"/>
        <ref id="mat-Material.002" name="bsdf"/>
    </shape>
    <shape name="temp49" type="ply">
        <string name="filename" value="meshes/Plane_002.ply"/>
        <boolean name="face_normals" value="true"/>
        <ref id="mat-Material.003" name="bsdf"/>
    </shape>
    <shape name="temp51" type="ply">
        <string name="filename" value="meshes/Plane_003.ply"/>
        <boolean name="face_normals" value="true"/>
        <ref id="mat-Material.004" name="bsdf"/>
    </shape>
    <shape name="temp53" type="ply">
        <string name="filename" value="meshes/Plane_004.ply"/>
        <boolean name="face_normals" value="true"/>
        <ref id="mat-Material.005" name="bsdf"/>
    </shape>
    <emitter type="point">
        <transform name="to_world">
            <rotate angle="-142.5518126578256" x="1"/>
            <rotate angle="3.976628485794621e-06" y="1"/>
            <rotate angle="-179.999991348578" z="1"/>
            <translate value="-0.000000 3.030926 4.073377"/>
        </transform>
        <rgb name="intensity" value="100"/>
    </emitter>
</scene>
