
<scene version="2.1.0">
    <default name="spp" value="1024"/>
    <default name="resx" value="1280"/>
    <default name="resy" value="720"/>
    <integrator name="temp0" type="path">
        <integer name="max_depth" value="12"/>
    </integrator>
    <sensor name="temp44" type="perspective">
        <string name="fov_axis" value="x"/>
        <float name="fov" value="83.974423"/>
        <float name="principal_point_offset_x" value="0.000000"/>
        <float name="principal_point_offset_y" value="-0.000000"/>
        <float name="near_clip" value="0.100000"/>
        <float name="far_clip" value="1000.000000"/>
        <sampler name="sampler" type="independent">
            <integer name="sample_count" value="$spp"/>
        </sampler>
        <film name="film" type="hdrfilm">
            <integer name="width" value="$resx"/>
            <integer name="height" value="$resy"/>
        </film>
        <float name="shutter_open" value="0.0"/>
        <float name="shutter_close" value="0.0015"/>
        <animation name="to_world">
            <transform time="0">
                <rotate angle="-142.5518126578256" x="1"/>
                <rotate angle="3.976628485794621e-06" y="1"/>
                <rotate angle="-179.999991348578" z="1"/>
                <translate value="-0.000000 3.030926 4.073377"/>
                <translate x="29.849999999999998" y="0.0" z="0.0"/>
            </transform>
            <transform time="0.0015">
                <rotate angle="-142.5518126578256" x="1"/>
                <rotate angle="3.976628485794621e-06" y="1"/>
                <rotate angle="-179.999991348578" z="1"/>
                <translate value="-0.000000 3.030926 4.073377"/>
                <translate x="30.0" y="0.0" z="0.0"/>
            </transform>
        </animation>
    </sensor>
    <bsdf id="mat-Material" name="mat-Material" type="twosided">
        <bsdf name="bsdf" type="diffuse">
            <texture name="reflectance" type="bitmap">
                <string name="filename" value="textures/siggraph_2023_logo.jpg"/>
            </texture>
        </bsdf>
    </bsdf>
    <bsdf id="mat-Material.001" name="mat-Material.001" type="twosided">
        <bsdf name="bsdf" type="principled">
            <rgb name="base_color" value="0.433648 0.266232 0.084399"/>
            <float name="spec_tint" value="0.000000"/>
            <float name="spec_trans" value="0.000000"/>
            <float name="metallic" value="0.000000"/>
            <float name="anisotropic" value="0.000000"/>
            <float name="roughness" value="0.500000"/>
            <float name="sheen" value="0.000000"/>
            <float name="sheen_tint" value="0.500000"/>
            <float name="clearcoat" value="0.000000"/>
            <float name="clearcoat_gloss" value="0.173205"/>
            <float name="specular" value="0.500000"/>
        </bsdf>
    </bsdf>
    <bsdf id="mat-Material.002" name="mat-Material.002" type="twosided">
        <bsdf name="bsdf" type="principled">
            <rgb name="base_color" value="0.433648 0.266232 0.084399"/>
            <float name="spec_tint" value="0.000000"/>
            <float name="spec_trans" value="0.000000"/>
            <float name="metallic" value="0.000000"/>
            <float name="anisotropic" value="0.000000"/>
            <float name="roughness" value="0.500000"/>
            <float name="sheen" value="0.000000"/>
            <float name="sheen_tint" value="0.500000"/>
            <float name="clearcoat" value="0.000000"/>
            <float name="clearcoat_gloss" value="0.173205"/>
            <float name="specular" value="0.500000"/>
        </bsdf>
    </bsdf>
    <bsdf id="mat-Material.003" name="mat-Material.003" type="twosided">
        <bsdf name="bsdf" type="principled">
            <rgb name="base_color" value="0.433648 0.266232 0.084399"/>
            <float name="spec_tint" value="0.000000"/>
            <float name="spec_trans" value="0.000000"/>
            <float name="metallic" value="0.000000"/>
            <float name="anisotropic" value="0.000000"/>
            <float name="roughness" value="0.500000"/>
            <float name="sheen" value="0.000000"/>
            <float name="sheen_tint" value="0.500000"/>
            <float name="clearcoat" value="0.000000"/>
            <float name="clearcoat_gloss" value="0.173205"/>
            <float name="specular" value="0.500000"/>
        </bsdf>
    </bsdf>
    <bsdf id="mat-Material.004" name="mat-Material.004" type="twosided">
        <bsdf name="bsdf" type="principled">
            <rgb name="base_color" value="0.433648 0.266232 0.084399"/>
            <float name="spec_tint" value="0.000000"/>
            <float name="spec_trans" value="0.000000"/>
            <float name="metallic" value="0.000000"/>
            <float name="anisotropic" value="0.000000"/>
            <float name="roughness" value="0.500000"/>
            <float name="sheen" value="0.000000"/>
            <float name="sheen_tint" value="0.500000"/>
            <float name="clearcoat" value="0.000000"/>
            <float name="clearcoat_gloss" value="0.173205"/>
            <float name="specular" value="0.500000"/>
        </bsdf>
    </bsdf>
    <bsdf id="mat-Material.005" name="mat-Material.005" type="twosided">
        <bsdf name="bsdf" type="principled">
            <rgb name="base_color" value="0.433648 0.266232 0.084399"/>
            <float name="spec_tint" value="0.000000"/>
            <float name="spec_trans" value="0.000000"/>
            <float name="metallic" value="0.000000"/>
            <float name="anisotropic" value="0.000000"/>
            <float name="roughness" value="0.500000"/>
            <float name="sheen" value="0.000000"/>
            <float name="sheen_tint" value="0.500000"/>
            <float name="clearcoat" value="0.000000"/>
            <float name="clearcoat_gloss" value="0.173205"/>
            <float name="specular" value="0.500000"/>
        </bsdf>
    </bsdf>
    <emitter name="temp45" type="point">
        <point name="position" x="-6.815235034541981e-16" y="3.0693089962005615" z="4.109199523925781"/>
        <rgb name="intensity" value="7.957747 7.957747 7.957747"/>
    </emitter>
    <shape name="temp2" type="ply">
        <string name="filename" value="meshes/Cube.ply"/>
        <boolean name="face_normals" value="true"/>
        <ref id="mat-Material" name="bsdf"/>
        <transform name="to_world">
            <matrix value="0.9999988918970191 0.00024075398969177535 0.0015823960652470025 -0.0025434841999134594 -0.00024093062034264318 0.9999998957079657 0.00011534910153226724 -0.017396322848746648 -0.0015823710567047324 -0.00011573078471412515 0.999998699825682 0.0036718292438180367 0.0 0.0 0.0 1.0"/>
        </transform>
    </shape>
    <shape name="temp4" type="ply">
        <string name="filename" value="meshes/Plane.ply"/>
        <boolean name="face_normals" value="true"/>
        <ref id="mat-Material.001" name="bsdf"/>
    </shape>
    <shape name="temp5" type="ply">
        <string name="filename" value="meshes/Cube_001.ply"/>
        <boolean name="face_normals" value="true"/>
        <ref id="mat-Material" name="bsdf"/>
        <transform name="to_world">
            <matrix value="0.9999982270352306 -0.0001182550691143312 -0.0019347752187720585 0.0025548985305015037 0.00012256261668324388 0.999996454070831 0.0022206989169784325 -0.020180846831838933 0.001934459697851344 -0.0022209343314776304 0.9999946811050631 -0.004272222967324268 0.0 0.0 0.0 1.0"/>
        </transform>
    </shape>
    <shape name="temp6" type="ply">
        <string name="filename" value="meshes/Cube_002.ply"/>
        <boolean name="face_normals" value="true"/>
        <ref id="mat-Material" name="bsdf"/>
        <transform name="to_world">
            <matrix value="1.0 -7.925548002494666e-05 0.00024216219461860213 -0.0008466761632308639 7.984391704652437e-05 0.9999963497787967 -0.0024052633893133237 -0.01629356284943978 -0.00024200902616364108 0.002405288231895424 0.9999965722677073 0.0007839960397368895 0.0 0.0 0.0 1.0"/>
        </transform>
    </shape>
    <shape name="temp7" type="ply">
        <string name="filename" value="meshes/Cube_003.ply"/>
        <boolean name="face_normals" value="true"/>
        <ref id="mat-Material" name="bsdf"/>
        <transform name="to_world">
            <matrix value="0.9999988918970191 0.00022367554330935316 0.001562677148750816 -0.0011134673396813177 -0.00022638521737434553 0.9999952025664184 0.001752272113719392 -0.017673732150098265 -0.001561476666897152 -0.0017526140798418098 0.999994208314402 0.00472631408734539 0.0 0.0 0.0 1.0"/>
        </transform>
    </shape>
    <shape name="temp8" type="ply">
        <string name="filename" value="meshes/Cube_004.ply"/>
        <boolean name="face_normals" value="true"/>
        <ref id="mat-Material" name="bsdf"/>
        <transform name="to_world">
            <matrix value="0.9999991135176153 -2.3330128091476616e-05 0.0012913390424381626 -0.00042695549670934696 2.4102126316647972e-05 0.9999992699557594 -0.0005902590467311016 -0.017878962730668885 -0.0012909998102927697 0.0005902918716874242 0.9999985816280168 0.004006507497186491 0.0 0.0 0.0 1.0"/>
        </transform>
    </shape>
    <shape name="temp9" type="ply">
        <string name="filename" value="meshes/Cube_005.ply"/>
        <boolean name="face_normals" value="true"/>
        <ref id="mat-Material" name="bsdf"/>
        <transform name="to_world">
            <matrix value="0.9999995567588077 -0.0006324905146394728 0.0008264558051837712 -0.0007159606000073371 0.0006362727316245498 0.9999890493363899 -0.004583279947387856 -0.020831652193652628 -0.0008234867302451833 0.004583802821308114 0.9999888894194651 0.001823789220260219 0.0 0.0 0.0 1.0"/>
        </transform>
    </shape>
    <shape name="temp10" type="ply">
        <string name="filename" value="meshes/Cube_006.ply"/>
        <boolean name="face_normals" value="true"/>
        <ref id="mat-Material" name="bsdf"/>
        <transform name="to_world">
            <matrix value="0.9999767298374014 0.001286852841853645 0.0037848358068952735 0.010433332611880175 -0.0011174629051446119 0.9996643882333556 -0.017658012548809724 -0.026469021164895135 -0.0038305590867103887 0.0176464062007872 0.9996442250275519 0.024075738472857267 0.0 0.0 0.0 1.0"/>
        </transform>
    </shape>
    <shape name="temp11" type="ply">
        <string name="filename" value="meshes/Cube_007.ply"/>
        <boolean name="face_normals" value="true"/>
        <ref id="mat-Material" name="bsdf"/>
        <transform name="to_world">
            <matrix value="0.9993065491545617 0.03381409527703093 0.011273019586298717 0.12706560179913495 -0.0326269132506068 0.9948119927496177 -0.09255868868673411 -0.026490525369938123 -0.01460997877761171 0.09213238622260508 0.9953374566982853 0.16379239641179322 0.0 0.0 0.0 1.0"/>
        </transform>
    </shape>
    <shape name="temp12" type="ply">
        <string name="filename" value="meshes/Cube_008.ply"/>
        <boolean name="face_normals" value="true"/>
        <ref id="mat-Material" name="bsdf"/>
        <transform name="to_world">
            <matrix value="0.8855342917980877 0.45681360719031 -0.0023289786161511906 0.4676622391915852 -0.4541883189989132 0.880010658645914 -0.10921698301877783 0.9782006936952411 -0.04919597599051109 0.09760642480648614 0.993884098206185 0.24839586275489933 0.0 0.0 0.0 1.0"/>
        </transform>
    </shape>
    <shape name="temp13" type="ply">
        <string name="filename" value="meshes/Cube_009.ply"/>
        <boolean name="face_normals" value="true"/>
        <ref id="mat-Material" name="bsdf"/>
        <transform name="to_world">
            <matrix value="0.47852110803206227 0.8731098633148597 0.03073736195103685 1.2141006755017318 -0.8675435750416204 0.47909122007079347 -0.10098087514496942 1.7486160253694045 -0.10301142498497412 0.02095171800268239 0.9943799374119723 0.22366894365168977 0.0 0.0 0.0 1.0"/>
        </transform>
    </shape>
    <shape name="temp14" type="ply">
        <string name="filename" value="meshes/Cube_010.ply"/>
        <boolean name="face_normals" value="true"/>
        <ref id="mat-Material" name="bsdf"/>
        <transform name="to_world">
            <matrix value="0.4017369957466575 0.9144812618501825 0.006981711511648853 1.0448758214164477 -0.9129543000601035 0.4014852228616482 -0.05518755369128944 1.5593391281298503 -0.053282422649979524 0.015830930097221033 0.9984513741896959 0.04080494472967078 0.0 0.0 0.0 1.0"/>
        </transform>
    </shape>
    <shape name="temp15" type="ply">
        <string name="filename" value="meshes/Cube_011.ply"/>
        <boolean name="face_normals" value="true"/>
        <ref id="mat-Material" name="bsdf"/>
        <transform name="to_world">
            <matrix value="0.34052645086139494 0.9357261750062055 -0.08523154449834783 0.779329987480866 -0.8511097429732974 0.34584364955373437 0.3934764817377515 1.9041687189027399 0.3977788297368743 -0.06088502220377412 0.9151824191847103 -0.7660004328137233 0.0 0.0 0.0 1.0"/>
        </transform>
    </shape>
    <shape name="temp16" type="ply">
        <string name="filename" value="meshes/Cube_012.ply"/>
        <boolean name="face_normals" value="true"/>
        <ref id="mat-Material" name="bsdf"/>
        <transform name="to_world">
            <matrix value="0.07005699638492484 0.994912530270763 0.06834509321304277 1.0666674074292168 -0.6561410180718299 -0.005859014899160032 0.7544227202388917 1.897031534174602 0.750925930850828 -0.09785789375979043 0.6526771061996567 -2.0099573571062046 0.0 0.0 0.0 1.0"/>
        </transform>
    </shape>
    <shape name="temp17" type="ply">
        <string name="filename" value="meshes/Cube_013.ply"/>
        <boolean name="face_normals" value="true"/>
        <ref id="mat-Material" name="bsdf"/>
        <transform name="to_world">
            <matrix value="0.8043134459875148 0.5091991831847867 0.3058920117762698 0.5006860488088813 -0.38254343320443884 0.0498315954804004 0.921899001513403 1.5546887441303339 0.4546171991766351 -0.8584352440329313 0.23492673635916206 -1.665849696826937 0.0 0.0 0.0 1.0"/>
        </transform>
    </shape>
    <shape name="temp18" type="ply">
        <string name="filename" value="meshes/Cube_014.ply"/>
        <boolean name="face_normals" value="true"/>
        <ref id="mat-Material" name="bsdf"/>
        <transform name="to_world">
            <matrix value="0.9472183955732616 0.2872257901685985 0.14132047358494937 0.07296191425043336 -0.21255735541029064 0.2351312932420848 0.9482001095928752 1.0049314054757614 0.23933240341331177 -0.928248853309082 0.28399624887889513 -0.7641426323270646 0.0 0.0 0.0 1.0"/>
        </transform>
    </shape>
    <shape name="temp19" type="ply">
        <string name="filename" value="meshes/Cube_015.ply"/>
        <boolean name="face_normals" value="true"/>
        <ref id="mat-Material" name="bsdf"/>
        <transform name="to_world">
            <matrix value="0.9834396225712598 0.13370801984886 0.12184129741322046 0.04341279547435328 -0.14937392181579962 0.22146830669367135 0.9635633239263752 0.6329882362039239 0.10191996571086136 -0.9658190157752131 0.2378451903715236 -0.3250291226993191 0.0 0.0 0.0 1.0"/>
        </transform>
    </shape>
    <shape name="temp20" type="ply">
        <string name="filename" value="meshes/Cube_016.ply"/>
        <boolean name="face_normals" value="true"/>
        <ref id="mat-Material" name="bsdf"/>
        <transform name="to_world">
            <matrix value="0.9779764532548973 0.11526397356822682 0.17343382183640405 0.0800867031071722 -0.19526917594370485 0.2210902793566433 0.9553860548503358 0.35301111815542746 0.07177424573646297 -0.9682123093802342 0.23872477011736082 -0.058648230609826685 0.0 0.0 0.0 1.0"/>
        </transform>
    </shape>
    <shape name="temp21" type="ply">
        <string name="filename" value="meshes/Cube_017.ply"/>
        <boolean name="face_normals" value="true"/>
        <ref id="mat-Material" name="bsdf"/>
        <transform name="to_world">
            <matrix value="0.9406032423979703 0.11587097406674274 0.3189877220993229 0.18284102866353608 -0.3368976573816502 0.2061005208344197 0.9186700776936894 0.17005647848469946 0.04072251417042092 -0.9715937700110342 0.2329543955584154 0.14071765442906647 0.0 0.0 0.0 1.0"/>
        </transform>
    </shape>
    <shape name="temp22" type="ply">
        <string name="filename" value="meshes/Cube_018.ply"/>
        <boolean name="face_normals" value="true"/>
        <ref id="mat-Material" name="bsdf"/>
        <transform name="to_world">
            <matrix value="0.1981302978403516 0.9777545090661066 0.06884478566271776 0.86835985959652 -0.3199287888700364 -0.0018816274980549537 0.9474387984309023 -0.15471157434183772 0.9264922157981799 -0.2097421275157846 0.3124392168506374 -0.18659018409531017 0.0 0.0 0.0 1.0"/>
        </transform>
    </shape>
    <shape name="temp23" type="ply">
        <string name="filename" value="meshes/Cube_019.ply"/>
        <boolean name="face_normals" value="true"/>
        <ref id="mat-Material" name="bsdf"/>
        <transform name="to_world">
            <matrix value="-0.050758607300714326 0.9876697613589669 -0.14809317616510986 0.4667612418297685 -0.9620419323897615 -0.008546321307071208 0.2727393396343721 0.07966898034357071 0.26811076863341643 0.15631818873938047 0.9506137059175896 -0.04538584519594552 0.0 0.0 0.0 1.0"/>
        </transform>
    </shape>
    <shape name="temp24" type="ply">
        <string name="filename" value="meshes/Cube_020.ply"/>
        <boolean name="face_normals" value="true"/>
        <ref id="mat-Material" name="bsdf"/>
        <transform name="to_world">
            <matrix value="0.0643677514127594 0.9906315094348086 -0.12038668598333246 -0.05036608268630227 -0.9054411997640984 0.007282844815731282 -0.42436342356529866 0.2843816846998101 -0.4195140268429458 0.1363245575060318 0.8974265291732364 0.10906507801521848 0.0 0.0 0.0 1.0"/>
        </transform>
    </shape>
    <shape name="temp25" type="ply">
        <string name="filename" value="meshes/Cube_021.ply"/>
        <boolean name="face_normals" value="true"/>
        <ref id="mat-Material" name="bsdf"/>
        <transform name="to_world">
            <matrix value="0.27933350265146883 0.9136945870348314 -0.2951700651647368 -0.10556544088369245 -0.6997741242883763 -0.016766651787669763 -0.7141310273126438 0.23316035583026498 -0.6574476931068903 0.4060554041003457 0.6346964045688599 0.21273790470604154 0.0 0.0 0.0 1.0"/>
        </transform>
    </shape>
    <shape name="temp26" type="ply">
        <string name="filename" value="meshes/Cube_022.ply"/>
        <boolean name="face_normals" value="true"/>
        <ref id="mat-Material" name="bsdf"/>
        <transform name="to_world">
            <matrix value="0.693382807915224 0.3958735813676023 -0.602083068373567 -0.06319650694294349 -0.6496504156715901 -0.018031836186415753 -0.7600189068985358 -0.10700280569100812 -0.31172787384291883 0.918127832832384 0.2446767317494531 0.6593796707757724 0.0 0.0 0.0 1.0"/>
        </transform>
    </shape>
    <shape name="temp27" type="ply">
        <string name="filename" value="meshes/Cube_023.ply"/>
        <boolean name="face_normals" value="true"/>
        <ref id="mat-Material" name="bsdf"/>
        <transform name="to_world">
            <matrix value="0.8546689697479022 0.3086728212872557 -0.41744330412590225 -0.07734387344792476 -0.47601555421992214 0.1449499502526996 -0.8674088140471778 -0.28218031213050976 -0.20723770759201243 0.9400576317782 0.27081602722517745 0.15666972753923875 0.0 0.0 0.0 1.0"/>
        </transform>
    </shape>
    <shape name="temp28" type="ply">
        <string name="filename" value="meshes/Cube_024.ply"/>
        <boolean name="face_normals" value="true"/>
        <ref id="mat-Material" name="bsdf"/>
        <transform name="to_world">
            <matrix value="0.8624709012157219 0.40749984877655016 -0.3001439411167599 -0.1845002460975818 -0.39422888886524937 0.16903245150941862 -0.9033336942302046 -0.5249013036624852 -0.3173745006887968 0.8974241953348088 0.30643359347851473 -0.3017510718253035 0.0 0.0 0.0 1.0"/>
        </transform>
    </shape>
    <shape name="temp29" type="ply">
        <string name="filename" value="meshes/Cube_025.ply"/>
        <boolean name="face_normals" value="true"/>
        <ref id="mat-Material" name="bsdf"/>
        <transform name="to_world">
            <matrix value="0.8921554287294757 0.38279004136222083 -0.23985462159963047 -0.2822832558408666 -0.3299413857847231 0.18951756590735114 -0.9247820789645507 -0.7992818285495638 -0.3085407258872359 0.9041871165964086 0.29537726567194666 -0.717207160538401 0.0 0.0 0.0 1.0"/>
        </transform>
    </shape>
    <shape name="temp30" type="ply">
        <string name="filename" value="meshes/Cube_026.ply"/>
        <boolean name="face_normals" value="true"/>
        <ref id="mat-Material" name="bsdf"/>
        <transform name="to_world">
            <matrix value="0.9223886888393641 0.2453804886290395 -0.29830821317752676 -0.3148681376969366 -0.3520722633845543 0.2164210936897062 -0.9106080513412834 -1.1454332094570954 -0.15888523510399324 0.9449605046065792 0.2860160105829461 -0.8346714317873399 0.0 0.0 0.0 1.0"/>
        </transform>
    </shape>
    <shape name="temp31" type="ply">
        <string name="filename" value="meshes/Cube_027.ply"/>
        <boolean name="face_normals" value="true"/>
        <ref id="mat-Material" name="bsdf"/>
        <transform name="to_world">
            <matrix value="0.8719418573933517 0.19377110610045828 -0.4496334926795458 -0.5529015185074138 -0.4847917298285366 0.21317646420801672 -0.8482527548329843 -1.5850462857460461 -0.06851562513851288 0.9576054966073801 0.27981618844679285 -0.9654684687540227 0.0 0.0 0.0 1.0"/>
        </transform>
    </shape>
    <shape name="temp32" type="ply">
        <string name="filename" value="meshes/Cube_028.ply"/>
        <boolean name="face_normals" value="true"/>
        <ref id="mat-Material" name="bsdf"/>
        <transform name="to_world">
            <matrix value="-0.11946391750749522 0.9805314930656227 0.15583483956558103 -1.4780392922191452 -0.7929988280702874 0.00019608039247178378 -0.609169372999209 -2.1205550789327106 -0.5973406414941129 -0.19636137607081847 0.7775362736814933 -1.3406557072436929 0.0 0.0 0.0 1.0"/>
        </transform>
    </shape>
    <shape name="temp33" type="ply">
        <string name="filename" value="meshes/Cube_029.ply"/>
        <boolean name="face_normals" value="true"/>
        <ref id="mat-Material" name="bsdf"/>
        <transform name="to_world">
            <matrix value="-0.0019439118162782988 0.9810578549631537 0.19368705087842142 -1.6111369120672312 -0.9992128036423789 -0.00944871126333113 0.03780386846774693 -1.8399729344222833 0.0389162531226342 -0.19348002703249534 0.9803067323971763 -0.12319856803312479 0.0 0.0 0.0 1.0"/>
        </transform>
    </shape>
    <shape name="temp34" type="ply">
        <string name="filename" value="meshes/Cube_030.ply"/>
        <boolean name="face_normals" value="true"/>
        <ref id="mat-Material" name="bsdf"/>
        <transform name="to_world">
            <matrix value="-0.03627978349906851 0.9818342079920936 -0.1862382069113135 -3.1958354808569043 -0.9775561184495225 0.0038224513769154833 0.21059225344061935 -1.9370781766755663 0.20747875182446462 0.18970142314001043 0.9596595062620477 0.24401287230304347 0.0 0.0 0.0 1.0"/>
        </transform>
    </shape>
    <shape name="temp35" type="ply">
        <string name="filename" value="meshes/Cube_031.ply"/>
        <boolean name="face_normals" value="true"/>
        <ref id="mat-Material" name="bsdf"/>
        <transform name="to_world">
            <matrix value="0.1314111292544506 0.9819469445562687 0.13604207316813713 -1.9404047885099878 -0.7103955129807615 -0.0024400007926194613 0.7037951142758667 -0.8927745775395943 0.6914210223978638 -0.18913089276067274 0.6972506277478002 0.7094133057254339 0.0 0.0 0.0 1.0"/>
        </transform>
    </shape>
    <shape name="temp36" type="ply">
        <string name="filename" value="meshes/Cube_032.ply"/>
        <boolean name="face_normals" value="true"/>
        <ref id="mat-Material" name="bsdf"/>
        <transform name="to_world">
            <matrix value="0.7808050412480254 0.5950717842072658 0.1903483568869761 -0.6106810540670555 -0.2309012245867662 -0.008248032530771365 0.9729417176768391 0.44311002350090356 0.5805402489597129 -0.8036293627965284 0.13096268216033183 -0.17355214031876876 0.0 0.0 0.0 1.0"/>
        </transform>
    </shape>
    <shape name="temp37" type="ply">
        <string name="filename" value="meshes/Cube_033.ply"/>
        <boolean name="face_normals" value="true"/>
        <ref id="mat-Material" name="bsdf"/>
        <transform name="to_world">
            <matrix value="0.9775301093741966 0.16424616674627623 0.13212943495369722 -0.13580377722614068 -0.14994685538103672 0.10124030344810324 0.9834949962200387 0.30073772671164134 0.14815926365227197 -0.9812081397846995 0.12359364871937557 -0.3830624262598088 0.0 0.0 0.0 1.0"/>
        </transform>
    </shape>
    <shape name="temp38" type="ply">
        <string name="filename" value="meshes/Cube_034.ply"/>
        <boolean name="face_normals" value="true"/>
        <ref id="mat-Material" name="bsdf"/>
        <transform name="to_world">
            <matrix value="0.9999246489972998 0.0009898951447886314 0.012241306679917414 -0.03680263999050726 -0.012218889787191038 0.18051684003479182 0.983496059999026 0.3696098037183752 -0.0012362019016820117 -0.9835712929917839 0.1805153394566028 -0.3567537935271449 0.0 0.0 0.0 1.0"/>
        </transform>
    </shape>
    <shape name="temp39" type="ply">
        <string name="filename" value="meshes/Cube_035.ply"/>
        <boolean name="face_normals" value="true"/>
        <ref id="mat-Material" name="bsdf"/>
        <transform name="to_world">
            <matrix value="0.9989331184500033 -0.04607563675501593 0.0031761367424061543 0.008872371767486564 0.006600883025103408 0.21049636750844244 0.9775724658065974 0.09155077612540598 -0.045710843629826234 -0.9765081149631953 0.21057593703563093 -0.14585355600392338 0.0 0.0 0.0 1.0"/>
        </transform>
    </shape>
    <shape name="temp40" type="ply">
        <string name="filename" value="meshes/Cube_036.ply"/>
        <boolean name="face_normals" value="true"/>
        <ref id="mat-Material" name="bsdf"/>
        <transform name="to_world">
            <matrix value="0.9996088396477474 -0.027821089100856657 0.0028971902523803822 0.0042659806157419045 0.0030349677409060205 0.21084188701835332 0.977515612729605 -0.24890662354529897 -0.0278064015552447 -0.9771240637182612 0.2108438793230205 0.23223693646906235 0.0 0.0 0.0 1.0"/>
        </transform>
    </shape>
    <shape name="temp41" type="ply">
        <string name="filename" value="meshes/Cube_037.ply"/>
        <boolean name="face_normals" value="true"/>
        <ref id="mat-Material" name="bsdf"/>
        <transform name="to_world">
            <matrix value="0.9988985456369996 -0.04682184626102627 0.0031565159299721387 -0.0052180782118758096 0.006804186679006502 0.21105568568883848 0.9774504858160438 -0.5694318044820159 -0.04643226299450204 -0.9763518854956896 0.21114183199762093 0.5102819478983953 0.0 0.0 0.0 1.0"/>
        </transform>
    </shape>
    <shape name="temp42" type="ply">
        <string name="filename" value="meshes/Cube_038.ply"/>
        <boolean name="face_normals" value="true"/>
        <ref id="mat-Material" name="bsdf"/>
        <transform name="to_world">
            <matrix value="0.9992378467697468 -0.03890388028943126 0.0032133099081320467 0.006290343698959644 0.005074486682375135 0.2110714337860303 0.9774575776759596 -0.904867247485194 -0.0387051351265099 -0.976696153501188 0.2111079920060555 0.8602043890478047 0.0 0.0 0.0 1.0"/>
        </transform>
    </shape>
    <shape name="temp43" type="ply">
        <string name="filename" value="meshes/Cube_039.ply"/>
        <boolean name="face_normals" value="true"/>
        <ref id="mat-Material" name="bsdf"/>
        <transform name="to_world">
            <matrix value="0.9999647088153438 -0.005035344896354191 -0.006766017677153998 0.02116818798739839 0.00827920548466538 0.4330073976339933 0.9013523281687981 -1.3192733822871219 -0.0016088861937103558 -0.9013764188650277 0.43303369268141845 1.473076043943677 0.0 0.0 0.0 1.0"/>
        </transform>
    </shape>
    <shape name="temp47" type="ply">
        <string name="filename" value="meshes/Plane_001.ply"/>
        <boolean name="face_normals" value="true"/>
        <ref id="mat-Material.002" name="bsdf"/>
    </shape>
    <shape name="temp49" type="ply">
        <string name="filename" value="meshes/Plane_002.ply"/>
        <boolean name="face_normals" value="true"/>
        <ref id="mat-Material.003" name="bsdf"/>
    </shape>
    <shape name="temp51" type="ply">
        <string name="filename" value="meshes/Plane_003.ply"/>
        <boolean name="face_normals" value="true"/>
        <ref id="mat-Material.004" name="bsdf"/>
    </shape>
    <shape name="temp53" type="ply">
        <string name="filename" value="meshes/Plane_004.ply"/>
        <boolean name="face_normals" value="true"/>
        <ref id="mat-Material.005" name="bsdf"/>
    </shape>
    <emitter type="point">
        <rgb name="intensity" value="100"/>
        <animation name="to_world">
            <transform time="0">
                <rotate angle="-142.5518126578256" x="1"/>
                <rotate angle="3.976628485794621e-06" y="1"/>
                <rotate angle="-179.999991348578" z="1"/>
                <translate value="-0.000000 3.030926 4.073377"/>
                <translate x="29.849999999999998" y="0.0" z="0.0"/>
            </transform>
            <transform time="0.0015">
                <rotate angle="-142.5518126578256" x="1"/>
                <rotate angle="3.976628485794621e-06" y="1"/>
                <rotate angle="-179.999991348578" z="1"/>
                <translate value="-0.000000 3.030926 4.073377"/>
                <translate x="30.0" y="0.0" z="0.0"/>
            </transform>
        </animation>
    </emitter>
</scene>
