
<scene version="2.1.0">
    <default name="spp" value="1024"/>
    <default name="resx" value="1280"/>
    <default name="resy" value="720"/>
    <integrator name="temp0" type="path">
        <integer name="max_depth" value="12"/>
    </integrator>
    <sensor name="temp44" type="perspective">
        <string name="fov_axis" value="x"/>
        <float name="fov" value="83.974423"/>
        <float name="principal_point_offset_x" value="0.000000"/>
        <float name="principal_point_offset_y" value="-0.000000"/>
        <float name="near_clip" value="0.100000"/>
        <float name="far_clip" value="1000.000000"/>
        <sampler name="sampler" type="independent">
            <integer name="sample_count" value="$spp"/>
        </sampler>
        <film name="film" type="hdrfilm">
            <integer name="width" value="$resx"/>
            <integer name="height" value="$resy"/>
        </film>
        <float name="shutter_open" value="0.0"/>
        <float name="shutter_close" value="0.0015"/>
        <animation name="to_world">
            <transform time="0">
                <rotate angle="-142.5518126578256" x="1"/>
                <rotate angle="3.976628485794621e-06" y="1"/>
                <rotate angle="-179.999991348578" z="1"/>
                <translate value="-0.000000 3.030926 4.073377"/>
            </transform>
            <transform time="0.0015">
                <rotate angle="-142.5518126578256" x="1"/>
                <rotate angle="3.976628485794621e-06" y="1"/>
                <rotate angle="-179.999991348578" z="1"/>
                <translate value="-0.000000 3.030926 4.073377"/>
                <translate x="0.15" y="0.0" z="0.0"/>
            </transform>
        </animation>
    </sensor>
    <bsdf id="mat-Material" name="mat-Material" type="twosided">
        <bsdf name="bsdf" type="diffuse">
            <texture name="reflectance" type="bitmap">
                <string name="filename" value="textures/siggraph_2023_logo.jpg"/>
            </texture>
        </bsdf>
    </bsdf>
    <bsdf id="mat-Material.001" name="mat-Material.001" type="twosided">
        <bsdf name="bsdf" type="principled">
            <rgb name="base_color" value="0.433648 0.266232 0.084399"/>
            <float name="spec_tint" value="0.000000"/>
            <float name="spec_trans" value="0.000000"/>
            <float name="metallic" value="0.000000"/>
            <float name="anisotropic" value="0.000000"/>
            <float name="roughness" value="0.500000"/>
            <float name="sheen" value="0.000000"/>
            <float name="sheen_tint" value="0.500000"/>
            <float name="clearcoat" value="0.000000"/>
            <float name="clearcoat_gloss" value="0.173205"/>
            <float name="specular" value="0.500000"/>
        </bsdf>
    </bsdf>
    <bsdf id="mat-Material.002" name="mat-Material.002" type="twosided">
        <bsdf name="bsdf" type="principled">
            <rgb name="base_color" value="0.433648 0.266232 0.084399"/>
            <float name="spec_tint" value="0.000000"/>
            <float name="spec_trans" value="0.000000"/>
            <float name="metallic" value="0.000000"/>
            <float name="anisotropic" value="0.000000"/>
            <float name="roughness" value="0.500000"/>
            <float name="sheen" value="0.000000"/>
            <float name="sheen_tint" value="0.500000"/>
            <float name="clearcoat" value="0.000000"/>
            <float name="clearcoat_gloss" value="0.173205"/>
            <float name="specular" value="0.500000"/>
        </bsdf>
    </bsdf>
    <bsdf id="mat-Material.003" name="mat-Material.003" type="twosided">
        <bsdf name="bsdf" type="principled">
            <rgb name="base_color" value="0.433648 0.266232 0.084399"/>
            <float name="spec_tint" value="0.000000"/>
            <float name="spec_trans" value="0.000000"/>
            <float name="metallic" value="0.000000"/>
            <float name="anisotropic" value="0.000000"/>
            <float name="roughness" value="0.500000"/>
            <float name="sheen" value="0.000000"/>
            <float name="sheen_tint" value="0.500000"/>
            <float name="clearcoat" value="0.000000"/>
            <float name="clearcoat_gloss" value="0.173205"/>
            <float name="specular" value="0.500000"/>
        </bsdf>
    </bsdf>
    <bsdf id="mat-Material.004" name="mat-Material.004" type="twosided">
        <bsdf name="bsdf" type="principled">
            <rgb name="base_color" value="0.433648 0.266232 0.084399"/>
            <float name="spec_tint" value="0.000000"/>
            <float name="spec_trans" value="0.000000"/>
            <float name="metallic" value="0.000000"/>
            <float name="anisotropic" value="0.000000"/>
            <float name="roughness" value="0.500000"/>
            <float name="sheen" value="0.000000"/>
            <float name="sheen_tint" value="0.500000"/>
            <float name="clearcoat" value="0.000000"/>
            <float name="clearcoat_gloss" value="0.173205"/>
            <float name="specular" value="0.500000"/>
        </bsdf>
    </bsdf>
    <bsdf id="mat-Material.005" name="mat-Material.005" type="twosided">
        <bsdf name="bsdf" type="principled">
            <rgb name="base_color" value="0.433648 0.266232 0.084399"/>
            <float name="spec_tint" value="0.000000"/>
            <float name="spec_trans" value="0.000000"/>
            <float name="metallic" value="0.000000"/>
            <float name="anisotropic" value="0.000000"/>
            <float name="roughness" value="0.500000"/>
            <float name="sheen" value="0.000000"/>
            <float name="sheen_tint" value="0.500000"/>
            <float name="clearcoat" value="0.000000"/>
            <float name="clearcoat_gloss" value="0.173205"/>
            <float name="specular" value="0.500000"/>
        </bsdf>
    </bsdf>
    <emitter name="temp45" type="point">
        <point name="position" x="-6.815235034541981e-16" y="3.0693089962005615" z="4.109199523925781"/>
        <rgb name="intensity" value="7.957747 7.957747 7.957747"/>
    </emitter>
    <shape name="temp2" type="ply">
        <string name="filename" value="meshes/Cube.ply"/>
        <boolean name="face_normals" value="true"/>
        <ref id="mat-Material" name="bsdf"/>
        <transform name="to_world">
            <matrix value="0.9999991135176153 0.00020798094793115894 0.0013941473716857966 -0.002311170411578134 -0.0002080800209919029 0.9999997914159312 7.321754374850183e-05 -0.017430355095921612 -0.0013941641978132253 -7.350815459416837e-05 0.9999989362210127 0.003124404979059414 0.0 0.0 0.0 1.0"/>
        </transform>
    </shape>
    <shape name="temp4" type="ply">
        <string name="filename" value="meshes/Plane.ply"/>
        <boolean name="face_normals" value="true"/>
        <ref id="mat-Material.001" name="bsdf"/>
    </shape>
    <shape name="temp5" type="ply">
        <string name="filename" value="meshes/Cube_001.ply"/>
        <boolean name="face_normals" value="true"/>
        <ref id="mat-Material" name="bsdf"/>
        <transform name="to_world">
            <matrix value="0.9999986702764229 -9.120056818300331e-05 -0.0016826040458588027 0.002257573835256821 9.46863580998782e-05 0.9999963497787966 0.002080540125507009 -0.019976781486430173 0.0016823019997269635 -0.0020806907470021256 0.9999951538957241 -0.0037626242903611717 0.0 0.0 0.0 1.0"/>
        </transform>
    </shape>
    <shape name="temp6" type="ply">
        <string name="filename" value="meshes/Cube_002.ply"/>
        <boolean name="face_normals" value="true"/>
        <ref id="mat-Material" name="bsdf"/>
        <transform name="to_world">
            <matrix value="1.0 -2.1333196363128178e-05 0.0003701950876104735 -0.0008659372162143075 2.2401454185703876e-05 0.9999952025664185 -0.0028921881271863612 -0.015828539591386886 -0.0003701391954640469 0.0028921933240582953 0.9999951538957241 0.0007187035044511902 0.0 0.0 0.0 1.0"/>
        </transform>
    </shape>
    <shape name="temp7" type="ply">
        <string name="filename" value="meshes/Cube_003.ply"/>
        <boolean name="face_normals" value="true"/>
        <ref id="mat-Material" name="bsdf"/>
        <transform name="to_world">
            <matrix value="0.9999991135176153 0.000496295546938716 0.0013399549241383743 -0.0012006964093185246 -0.0005014578202816532 0.9999915523452151 0.003859331067405292 -0.017605842741687805 -0.0013378193774411509 -0.003859987943840826 0.9999908987797745 0.003973038052693417 0.0 0.0 0.0 1.0"/>
        </transform>
    </shape>
    <shape name="temp8" type="ply">
        <string name="filename" value="meshes/Cube_004.ply"/>
        <boolean name="face_normals" value="true"/>
        <ref id="mat-Material" name="bsdf"/>
        <transform name="to_world">
            <matrix value="0.9999995567588077 -0.00010815355124806279 0.001072167475690286 -0.0005085552168739849 0.00010938372631097445 0.9999988527876218 -0.0011540315332459299 -0.018095072908524967 -0.0010717926624080054 0.0011541457126587587 0.9999984634303516 0.0033314792640731696 0.0 0.0 0.0 1.0"/>
        </transform>
    </shape>
    <shape name="temp9" type="ply">
        <string name="filename" value="meshes/Cube_005.ply"/>
        <boolean name="face_normals" value="true"/>
        <ref id="mat-Material" name="bsdf"/>
        <transform name="to_world">
            <matrix value="0.9999995567588077 -0.0005828913089276067 0.0008042559196936695 -0.0006381810569409119 0.0005862835467096433 0.9999903008408024 -0.00422133505681289 -0.02059097388284084 -0.000801626074638271 0.004221810384566448 0.999990189593783 0.0018642296159364358 0.0 0.0 0.0 1.0"/>
        </transform>
    </shape>
    <shape name="temp10" type="ply">
        <string name="filename" value="meshes/Cube_006.ply"/>
        <boolean name="face_normals" value="true"/>
        <ref id="mat-Material" name="bsdf"/>
        <transform name="to_world">
            <matrix value="0.9999991135176153 3.130992881025734e-05 -0.0013922479352049856 -0.0012015292216027706 -3.0779998120657344e-05 0.999999165663725 0.00039039625058094157 -0.017462441083695296 0.00139200561320646 -0.00039035152673109146 0.9999983452326863 -0.0033581119609510934 0.0 0.0 0.0 1.0"/>
        </transform>
    </shape>
    <shape name="temp11" type="ply">
        <string name="filename" value="meshes/Cube_007.ply"/>
        <boolean name="face_normals" value="true"/>
        <ref id="mat-Material" name="bsdf"/>
        <transform name="to_world">
            <matrix value="0.9999980054146345 -0.0020372927456546726 -7.567688256967397e-05 0.0006215044070667641 0.002037659544667188 0.999983939026705 0.005215578357723815 -0.017308589405221397 6.478989481000023e-05 -0.005215722858519512 0.9999861708731641 4.117744477771801e-05 0.0 0.0 0.0 1.0"/>
        </transform>
    </shape>
    <shape name="temp12" type="ply">
        <string name="filename" value="meshes/Cube_008.ply"/>
        <boolean name="face_normals" value="true"/>
        <ref id="mat-Material" name="bsdf"/>
        <transform name="to_world">
            <matrix value="0.9999997783794039 0.0003039351470413392 0.00010045194059290786 0.0002169310032955618 -0.0003038817290661617 0.9999986442035531 -0.0005227374484717278 -0.01772477898879052 -0.00010164584319544986 0.0005227064617258663 0.9999992908140084 4.035527281809337e-05 0.0 0.0 0.0 1.0"/>
        </transform>
    </shape>
    <shape name="temp13" type="ply">
        <string name="filename" value="meshes/Cube_009.ply"/>
        <boolean name="face_normals" value="true"/>
        <ref id="mat-Material" name="bsdf"/>
        <transform name="to_world">
            <matrix value="0.9999993351382115 0.0007792794671928548 0.0009157186819920185 0.0016250673933675408 -0.0007790296386520504 0.9999995828318624 -0.00027435344695123304 -0.016596997022599758 -0.0009159468429702834 0.00027363904109731907 0.9999995272093389 0.0015486356420477687 0.0 0.0 0.0 1.0"/>
        </transform>
    </shape>
    <shape name="temp14" type="ply">
        <string name="filename" value="meshes/Cube_010.ply"/>
        <boolean name="face_normals" value="true"/>
        <ref id="mat-Material" name="bsdf"/>
        <transform name="to_world">
            <matrix value="0.9999820487317097 -0.0005414435686231158 0.006015020086511235 0.012709370582811408 0.0005402201490354184 0.9999997914159312 0.0002050476549346816 -0.018421879451634815 -0.006015128708377436 -0.00020179340582325003 0.9999820339548797 0.009889628909600212 0.0 0.0 0.0 1.0"/>
        </transform>
    </shape>
    <shape name="temp15" type="ply">
        <string name="filename" value="meshes/Cube_011.ply"/>
        <boolean name="face_normals" value="true"/>
        <ref id="mat-Material" name="bsdf"/>
        <transform name="to_world">
            <matrix value="0.9998014279458254 0.01302555050550349 -0.0009470706127036013 0.002502191763249173 -0.013024912814457465 0.9998001764621223 0.000871422924957248 0.0031199482166584525 0.0009810722713628958 -0.0008608671256906742 0.9999981088373557 -0.006963141646828319 0.0 0.0 0.0 1.0"/>
        </transform>
    </shape>
    <shape name="temp16" type="ply">
        <string name="filename" value="meshes/Cube_012.ply"/>
        <boolean name="face_normals" value="true"/>
        <ref id="mat-Material" name="bsdf"/>
        <transform name="to_world">
            <matrix value="0.999139225604448 0.03956718805731056 0.005054758614364043 0.08788281410154164 -0.039727140721986715 0.9984455272275214 0.0358362082945448 0.0802056593454539 -0.003507540419164331 -0.0360125087866039 0.9992878590667774 -0.16388009460341457 0.0 0.0 0.0 1.0"/>
        </transform>
    </shape>
    <shape name="temp17" type="ply">
        <string name="filename" value="meshes/Cube_013.ply"/>
        <boolean name="face_normals" value="true"/>
        <ref id="mat-Material" name="bsdf"/>
        <transform name="to_world">
            <matrix value="0.9950122068624374 0.0842538009231931 0.05128516321442805 0.11630145584453472 -0.09294989424265152 0.9751921580733507 0.19775308602284242 0.3055642999408395 -0.032901811438104916 -0.2016091009400884 0.9783546979553223 -0.23907008595836776 0.0 0.0 0.0 1.0"/>
        </transform>
    </shape>
    <shape name="temp18" type="ply">
        <string name="filename" value="meshes/Cube_014.ply"/>
        <boolean name="face_normals" value="true"/>
        <ref id="mat-Material" name="bsdf"/>
        <transform name="to_world">
            <matrix value="0.9824644919480805 0.18548819101294683 -0.009208106374116414 0.00861233944911266 -0.13901821189411145 0.7684056668119803 0.6222402618125564 0.6431716741875573 0.1233457352218954 -0.6099969129557823 0.7809508860333383 -0.3514365816265134 0.0 0.0 0.0 1.0"/>
        </transform>
    </shape>
    <shape name="temp19" type="ply">
        <string name="filename" value="meshes/Cube_015.ply"/>
        <boolean name="face_normals" value="true"/>
        <ref id="mat-Material" name="bsdf"/>
        <transform name="to_world">
            <matrix value="0.9784697807019878 0.20540024154035164 0.010910081835335525 0.0018420499541558777 -0.12605870374999778 0.5596841411446677 0.8177978262030985 0.5266009687171409 0.16238194270841644 -0.8014901245872643 0.573730285220422 -0.2993174175451189 0.0 0.0 0.0 1.0"/>
        </transform>
    </shape>
    <shape name="temp20" type="ply">
        <string name="filename" value="meshes/Cube_016.ply"/>
        <boolean name="face_normals" value="true"/>
        <ref id="mat-Material" name="bsdf"/>
        <transform name="to_world">
            <matrix value="0.9785019156884334 0.1937374614901663 0.06990360034816304 0.08136013563360073 -0.1635389573548784 0.5263189292128246 0.8337530926419117 0.27862184055441563 0.12498827627046225 -0.827233987522501 0.5467877184115557 -0.2289306716032371 0.0 0.0 0.0 1.0"/>
        </transform>
    </shape>
    <shape name="temp21" type="ply">
        <string name="filename" value="meshes/Cube_017.ply"/>
        <boolean name="face_normals" value="true"/>
        <ref id="mat-Material" name="bsdf"/>
        <transform name="to_world">
            <matrix value="0.9493938233453363 0.21861372942057433 0.22536059743719095 0.20622841875978515 -0.308521533543607 0.5148558788376861 0.79930591967003 0.09242606207722522 0.0588212310758173 -0.8283868316705707 0.5562567697712781 -0.14478475587594056 0.0 0.0 0.0 1.0"/>
        </transform>
    </shape>
    <shape name="temp22" type="ply">
        <string name="filename" value="meshes/Cube_018.ply"/>
        <boolean name="face_normals" value="true"/>
        <ref id="mat-Material" name="bsdf"/>
        <transform name="to_world">
            <matrix value="0.07276559898728252 0.9895106200578612 0.12350294383105109 0.8790336669200086 -0.6364854873968799 -0.049521216128554535 0.7692356062429169 0.04411516840866404 0.7672728876454495 -0.13489427916474594 0.6263852175380751 -0.34896140206372417 0.0 0.0 0.0 1.0"/>
        </transform>
    </shape>
    <shape name="temp23" type="ply">
        <string name="filename" value="meshes/Cube_019.ply"/>
        <boolean name="face_normals" value="true"/>
        <ref id="mat-Material" name="bsdf"/>
        <transform name="to_world">
            <matrix value="-0.08124797217154497 0.9890252449298429 -0.12338341053216843 0.4535204365490758 -0.8670677556216281 -0.009115091474543358 0.4980146338165411 -0.09098879083296246 0.49142638561629143 0.14745835097606916 0.8582914007416194 -0.03496913815531849 0.0 0.0 0.0 1.0"/>
        </transform>
    </shape>
    <shape name="temp24" type="ply">
        <string name="filename" value="meshes/Cube_020.ply"/>
        <boolean name="face_normals" value="true"/>
        <ref id="mat-Material" name="bsdf"/>
        <transform name="to_world">
            <matrix value="0.09052018025768252 0.9958107334293809 0.007178451589084496 -0.1623373157584985 -0.9012713806543238 0.08499091312087995 -0.42467522900364146 0.2836021586290013 -0.4235531508435191 0.03192483242184059 0.9052961297243236 0.1335246169892888 0.0 0.0 0.0 1.0"/>
        </transform>
    </shape>
    <shape name="temp25" type="ply">
        <string name="filename" value="meshes/Cube_021.ply"/>
        <boolean name="face_normals" value="true"/>
        <ref id="mat-Material" name="bsdf"/>
        <transform name="to_world">
            <matrix value="0.18513087582686644 0.9599536317615134 -0.20566147904993662 -0.24676594323262013 -0.7259918408161312 -0.00655694449369346 -0.6863970089371619 0.21350627709083936 -0.6606591971660931 0.2760623708082425 0.6974018025616744 0.19124926801011366 0.0 0.0 0.0 1.0"/>
        </transform>
    </shape>
    <shape name="temp26" type="ply">
        <string name="filename" value="meshes/Cube_022.ply"/>
        <boolean name="face_normals" value="true"/>
        <ref id="mat-Material" name="bsdf"/>
        <transform name="to_world">
            <matrix value="0.6749619255815769 0.4638391357944863 -0.5731452067773595 -0.09982391059040702 -0.6390784483721523 -0.01923498142558868 -0.7685683804224952 -0.09154790677535787 -0.3677591453955219 0.8854743097431705 0.2831272596438657 0.589235491196387 0.0 0.0 0.0 1.0"/>
        </transform>
    </shape>
    <shape name="temp27" type="ply">
        <string name="filename" value="meshes/Cube_023.ply"/>
        <boolean name="face_normals" value="true"/>
        <ref id="mat-Material" name="bsdf"/>
        <transform name="to_world">
            <matrix value="0.8550845083657344 0.31449043954920813 -0.4119235913556847 -0.1043024944175347 -0.4761571697808793 0.16325990826472658 -0.8638548466479852 -0.28156227172787207 -0.2046072262498072 0.9349682847923442 0.28952695403198236 0.15883523387343973 0.0 0.0 0.0 1.0"/>
        </transform>
    </shape>
    <shape name="temp28" type="ply">
        <string name="filename" value="meshes/Cube_024.ply"/>
        <boolean name="face_normals" value="true"/>
        <ref id="mat-Material" name="bsdf"/>
        <transform name="to_world">
            <matrix value="0.892138142322974 0.31808674177083707 -0.3207123442332068 -0.13041351978937565 -0.38805582445521225 0.17629754934577607 -0.9045825707613961 -0.5192869523247913 -0.2312369797899746 0.9315051634986224 0.280722055353385 -0.2100833025799664 0.0 0.0 0.0 1.0"/>
        </transform>
    </shape>
    <shape name="temp29" type="ply">
        <string name="filename" value="meshes/Cube_025.ply"/>
        <boolean name="face_normals" value="true"/>
        <ref id="mat-Material" name="bsdf"/>
        <transform name="to_world">
            <matrix value="0.8880971123722801 0.40140648237568916 -0.22395522719718822 -0.2866735203862 -0.32206131089469126 0.19576777709872073 -0.9262392197819396 -0.7924446554484954 -0.32795916684839554 0.8947162526620542 0.30313895175691374 -0.741896575908546 0.0 0.0 0.0 1.0"/>
        </transform>
    </shape>
    <shape name="temp30" type="ply">
        <string name="filename" value="meshes/Cube_026.ply"/>
        <boolean name="face_normals" value="true"/>
        <ref id="mat-Material" name="bsdf"/>
        <transform name="to_world">
            <matrix value="0.9232066904598539 0.253279358729139 -0.2890184676760117 -0.3052521519967929 -0.3432399956030474 0.2052364926171669 -0.9165473658231924 -1.1314986251335843 -0.17282767491627174 0.9453708937618763 0.276409731733851 -0.8486131181220692 0.0 0.0 0.0 1.0"/>
        </transform>
    </shape>
    <shape name="temp31" type="ply">
        <string name="filename" value="meshes/Cube_027.ply"/>
        <boolean name="face_normals" value="true"/>
        <ref id="mat-Material" name="bsdf"/>
        <transform name="to_world">
            <matrix value="0.8768159591650755 0.18239234454750816 -0.4448187107849696 -0.5251157761088905 -0.4760530081006761 0.20013758205175805 -0.8563250643822682 -1.5681776840749384 -0.06717725835819915 0.9626279923991965 0.262291493408589 -0.9745446674571134 0.0 0.0 0.0 1.0"/>
        </transform>
    </shape>
    <shape name="temp32" type="ply">
        <string name="filename" value="meshes/Cube_028.ply"/>
        <boolean name="face_normals" value="true"/>
        <ref id="mat-Material" name="bsdf"/>
        <transform name="to_world">
            <matrix value="-0.10933853787141395 0.9805952154986307 0.1627188488871217 -1.4544928882380335 -0.8360113966175379 -0.0021689238939308292 -0.5486857365203837 -2.098837204795623 -0.5376856958975369 -0.1960312396359791 0.8200259703910121 -1.1738209297076168 0.0 0.0 0.0 1.0"/>
        </transform>
    </shape>
    <shape name="temp33" type="ply">
        <string name="filename" value="meshes/Cube_029.ply"/>
        <boolean name="face_normals" value="true"/>
        <ref id="mat-Material" name="bsdf"/>
        <transform name="to_world">
            <matrix value="-0.006588946539793308 0.9863717426990362 0.16439035299023547 -1.6643943604338587 -0.9997568822059937 -0.003077947866497853 -0.02157250410264096 -1.922959425915181 -0.020771166539899685 -0.16449553942968945 0.9861524343281952 -0.22353376250401102 0.0 0.0 0.0 1.0"/>
        </transform>
    </shape>
    <shape name="temp34" type="ply">
        <string name="filename" value="meshes/Cube_030.ply"/>
        <boolean name="face_normals" value="true"/>
        <ref id="mat-Material" name="bsdf"/>
        <transform name="to_world">
            <matrix value="-0.04285904700392491 0.9821454196840171 -0.18317130035999923 -3.205694441369895 -0.9692065693017583 0.0036063906773813603 0.24611607001792557 -1.8615019899861251 0.24238242348778957 0.18808884126014425 0.9517473104848571 0.31732064925332004 0.0 0.0 0.0 1.0"/>
        </transform>
    </shape>
    <shape name="temp35" type="ply">
        <string name="filename" value="meshes/Cube_031.ply"/>
        <boolean name="face_normals" value="true"/>
        <ref id="mat-Material" name="bsdf"/>
        <transform name="to_world">
            <matrix value="0.09951618007648569 0.9865169172108973 0.12991417431129765 -2.0284351690177798 -0.8011628875922607 0.0020239882108284337 0.5984103123207829 -1.270991409963535 0.5900796859015615 -0.16363906195572597 0.7905610654053872 0.5690936965598765 0.0 0.0 0.0 1.0"/>
        </transform>
    </shape>
    <shape name="temp36" type="ply">
        <string name="filename" value="meshes/Cube_032.ply"/>
        <boolean name="face_normals" value="true"/>
        <ref id="mat-Material" name="bsdf"/>
        <transform name="to_world">
            <matrix value="0.7727706297748158 0.5812461020852149 0.2549083944454662 -0.5490725424953786 -0.2894258608187197 -0.03471558519303413 0.9565707500492884 0.2747992340038818 0.564852170197526 -0.8129866527054397 0.14140059978223263 -0.1946268486085736 0.0 0.0 0.0 1.0"/>
        </transform>
    </shape>
    <shape name="temp37" type="ply">
        <string name="filename" value="meshes/Cube_033.ply"/>
        <boolean name="face_normals" value="true"/>
        <ref id="mat-Material" name="bsdf"/>
        <transform name="to_world">
            <matrix value="0.9784544888808515 0.15849547268278744 0.1323047811901181 -0.13040653658824564 -0.14973350123309698 0.10359799175258594 0.9832732574000013 0.3011858899199325 0.14214124501132036 -0.9818984487602807 0.12509923875975662 -0.39550833699961857 0.0 0.0 0.0 1.0"/>
        </transform>
    </shape>
    <shape name="temp38" type="ply">
        <string name="filename" value="meshes/Cube_034.ply"/>
        <boolean name="face_normals" value="true"/>
        <ref id="mat-Material" name="bsdf"/>
        <transform name="to_world">
            <matrix value="0.9999242057561075 0.003717019208506893 0.011767570437534661 -0.03599873861109937 -0.012245555177323071 0.1807003627276956 0.9834620190714298 0.36952898348502594 0.00152914443812087 -0.9835311405585465 0.18073214943399868 -0.344303452161877 0.0 0.0 0.0 1.0"/>
        </transform>
    </shape>
    <shape name="temp39" type="ply">
        <string name="filename" value="meshes/Cube_035.ply"/>
        <boolean name="face_normals" value="true"/>
        <ref id="mat-Material" name="bsdf"/>
        <transform name="to_world">
            <matrix value="0.9990457017128612 -0.043607920354259186 0.002551001110585263 0.009236247435103762 0.006771369101124591 0.21229415359713655 0.9771824135112224 0.09191999214128813 -0.043154461133952805 -0.9762322625322524 0.21238678436632577 -0.13656403131136718 0.0 0.0 0.0 1.0"/>
        </transform>
    </shape>
    <shape name="temp40" type="ply">
        <string name="filename" value="meshes/Cube_036.ply"/>
        <boolean name="face_normals" value="true"/>
        <ref id="mat-Material" name="bsdf"/>
        <transform name="to_world">
            <matrix value="0.9997382660759148 -0.022723138022164142 0.002705863691615672 0.005089084481025408 0.002196065081990756 0.2129669415109413 0.9770570057883761 -0.251018461944834 -0.02277806736202345 -0.9767951266418174 0.21296113046138224 0.24321893381720497 0.0 0.0 0.0 1.0"/>
        </transform>
    </shape>
    <shape name="temp41" type="ply">
        <string name="filename" value="meshes/Cube_037.ply"/>
        <boolean name="face_normals" value="true"/>
        <ref id="mat-Material" name="bsdf"/>
        <transform name="to_world">
            <matrix value="0.998975226363277 -0.045170976361167486 0.0028889636948779274 -0.002402959382182157 0.006805090891038904 0.21298487974085514 0.9770318296856746 -0.569167169101112 -0.044748788621821294 -0.9760107462512229 0.21307393831311128 0.5081759838183046 0.0 0.0 0.0 1.0"/>
        </transform>
    </shape>
    <shape name="temp42" type="ply">
        <string name="filename" value="meshes/Cube_038.ply"/>
        <boolean name="face_normals" value="true"/>
        <ref id="mat-Material" name="bsdf"/>
        <transform name="to_world">
            <matrix value="0.9992954681247529 -0.03741417287030451 0.0030112628191277862 0.003875536055346629 0.005032081797502602 0.2130379643863561 0.9770311204996831 -0.9046270545674554 -0.03719631994567636 -0.9763272725755752 0.21307611315015215 0.8533930708309897 0.0 0.0 0.0 1.0"/>
        </transform>
    </shape>
    <shape name="temp43" type="ply">
        <string name="filename" value="meshes/Cube_039.ply"/>
        <boolean name="face_normals" value="true"/>
        <ref id="mat-Material" name="bsdf"/>
        <transform name="to_world">
            <matrix value="0.9999658137106522 -0.0037173196227858994 -0.007395439964484239 0.018738864664099353 0.008275812404646534 0.43300331551545945 0.9013543204630324 -1.3192833666825516 -0.00014835761977727353 -0.9013847100211834 0.43301922037391094 1.4681570614743449 0.0 0.0 0.0 1.0"/>
        </transform>
    </shape>
    <shape name="temp47" type="ply">
        <string name="filename" value="meshes/Plane_001.ply"/>
        <boolean name="face_normals" value="true"/>
        <ref id="mat-Material.002" name="bsdf"/>
    </shape>
    <shape name="temp49" type="ply">
        <string name="filename" value="meshes/Plane_002.ply"/>
        <boolean name="face_normals" value="true"/>
        <ref id="mat-Material.003" name="bsdf"/>
    </shape>
    <shape name="temp51" type="ply">
        <string name="filename" value="meshes/Plane_003.ply"/>
        <boolean name="face_normals" value="true"/>
        <ref id="mat-Material.004" name="bsdf"/>
    </shape>
    <shape name="temp53" type="ply">
        <string name="filename" value="meshes/Plane_004.ply"/>
        <boolean name="face_normals" value="true"/>
        <ref id="mat-Material.005" name="bsdf"/>
    </shape>
    <emitter type="point">
        <transform name="to_world">
            <rotate angle="-142.5518126578256" x="1"/>
            <rotate angle="3.976628485794621e-06" y="1"/>
            <rotate angle="-179.999991348578" z="1"/>
            <translate value="-0.000000 3.030926 4.073377"/>
        </transform>
        <rgb name="intensity" value="100"/>
    </emitter>
</scene>
