
<scene version="2.1.0">
    <default name="spp" value="1024"/>
    <default name="resx" value="1280"/>
    <default name="resy" value="720"/>
    <integrator name="temp0" type="path">
        <integer name="max_depth" value="12"/>
    </integrator>
    <sensor name="temp44" type="perspective">
        <string name="fov_axis" value="x"/>
        <float name="fov" value="83.974423"/>
        <float name="principal_point_offset_x" value="0.000000"/>
        <float name="principal_point_offset_y" value="-0.000000"/>
        <float name="near_clip" value="0.100000"/>
        <float name="far_clip" value="1000.000000"/>
        <sampler name="sampler" type="independent">
            <integer name="sample_count" value="$spp"/>
        </sampler>
        <film name="film" type="hdrfilm">
            <integer name="width" value="$resx"/>
            <integer name="height" value="$resy"/>
        </film>
        <float name="shutter_open" value="0.0"/>
        <float name="shutter_close" value="0.0015"/>
        <animation name="to_world">
            <transform time="0">
                <rotate angle="-142.5518126578256" x="1"/>
                <rotate angle="3.976628485794621e-06" y="1"/>
                <rotate angle="-179.999991348578" z="1"/>
                <translate value="-0.000000 3.030926 4.073377"/>
                <translate x="31.95" y="0.0" z="0.0"/>
            </transform>
            <transform time="0.0015">
                <rotate angle="-142.5518126578256" x="1"/>
                <rotate angle="3.976628485794621e-06" y="1"/>
                <rotate angle="-179.999991348578" z="1"/>
                <translate value="-0.000000 3.030926 4.073377"/>
                <translate x="32.1" y="0.0" z="0.0"/>
            </transform>
        </animation>
    </sensor>
    <bsdf id="mat-Material" name="mat-Material" type="twosided">
        <bsdf name="bsdf" type="diffuse">
            <texture name="reflectance" type="bitmap">
                <string name="filename" value="textures/siggraph_2023_logo.jpg"/>
            </texture>
        </bsdf>
    </bsdf>
    <bsdf id="mat-Material.001" name="mat-Material.001" type="twosided">
        <bsdf name="bsdf" type="principled">
            <rgb name="base_color" value="0.433648 0.266232 0.084399"/>
            <float name="spec_tint" value="0.000000"/>
            <float name="spec_trans" value="0.000000"/>
            <float name="metallic" value="0.000000"/>
            <float name="anisotropic" value="0.000000"/>
            <float name="roughness" value="0.500000"/>
            <float name="sheen" value="0.000000"/>
            <float name="sheen_tint" value="0.500000"/>
            <float name="clearcoat" value="0.000000"/>
            <float name="clearcoat_gloss" value="0.173205"/>
            <float name="specular" value="0.500000"/>
        </bsdf>
    </bsdf>
    <bsdf id="mat-Material.002" name="mat-Material.002" type="twosided">
        <bsdf name="bsdf" type="principled">
            <rgb name="base_color" value="0.433648 0.266232 0.084399"/>
            <float name="spec_tint" value="0.000000"/>
            <float name="spec_trans" value="0.000000"/>
            <float name="metallic" value="0.000000"/>
            <float name="anisotropic" value="0.000000"/>
            <float name="roughness" value="0.500000"/>
            <float name="sheen" value="0.000000"/>
            <float name="sheen_tint" value="0.500000"/>
            <float name="clearcoat" value="0.000000"/>
            <float name="clearcoat_gloss" value="0.173205"/>
            <float name="specular" value="0.500000"/>
        </bsdf>
    </bsdf>
    <bsdf id="mat-Material.003" name="mat-Material.003" type="twosided">
        <bsdf name="bsdf" type="principled">
            <rgb name="base_color" value="0.433648 0.266232 0.084399"/>
            <float name="spec_tint" value="0.000000"/>
            <float name="spec_trans" value="0.000000"/>
            <float name="metallic" value="0.000000"/>
            <float name="anisotropic" value="0.000000"/>
            <float name="roughness" value="0.500000"/>
            <float name="sheen" value="0.000000"/>
            <float name="sheen_tint" value="0.500000"/>
            <float name="clearcoat" value="0.000000"/>
            <float name="clearcoat_gloss" value="0.173205"/>
            <float name="specular" value="0.500000"/>
        </bsdf>
    </bsdf>
    <bsdf id="mat-Material.004" name="mat-Material.004" type="twosided">
        <bsdf name="bsdf" type="principled">
            <rgb name="base_color" value="0.433648 0.266232 0.084399"/>
            <float name="spec_tint" value="0.000000"/>
            <float name="spec_trans" value="0.000000"/>
            <float name="metallic" value="0.000000"/>
            <float name="anisotropic" value="0.000000"/>
            <float name="roughness" value="0.500000"/>
            <float name="sheen" value="0.000000"/>
            <float name="sheen_tint" value="0.500000"/>
            <float name="clearcoat" value="0.000000"/>
            <float name="clearcoat_gloss" value="0.173205"/>
            <float name="specular" value="0.500000"/>
        </bsdf>
    </bsdf>
    <bsdf id="mat-Material.005" name="mat-Material.005" type="twosided">
        <bsdf name="bsdf" type="principled">
            <rgb name="base_color" value="0.433648 0.266232 0.084399"/>
            <float name="spec_tint" value="0.000000"/>
            <float name="spec_trans" value="0.000000"/>
            <float name="metallic" value="0.000000"/>
            <float name="anisotropic" value="0.000000"/>
            <float name="roughness" value="0.500000"/>
            <float name="sheen" value="0.000000"/>
            <float name="sheen_tint" value="0.500000"/>
            <float name="clearcoat" value="0.000000"/>
            <float name="clearcoat_gloss" value="0.173205"/>
            <float name="specular" value="0.500000"/>
        </bsdf>
    </bsdf>
    <emitter name="temp45" type="point">
        <point name="position" x="-6.815235034541981e-16" y="3.0693089962005615" z="4.109199523925781"/>
        <rgb name="intensity" value="7.957747 7.957747 7.957747"/>
    </emitter>
    <shape name="temp2" type="ply">
        <string name="filename" value="meshes/Cube.ply"/>
        <boolean name="face_normals" value="true"/>
        <ref id="mat-Material" name="bsdf"/>
        <transform name="to_world">
            <matrix value="0.9999986702764229 0.00016421594291471207 0.0017570413895128412 -0.0027195756163276297 -0.00016329249308986982 0.999999165663725 -0.0005190154039925279 -0.016736059683223753 -0.0017571344102321343 0.000518727720614155 0.99999775424436 0.004040117868350679 0.0 0.0 0.0 1.0"/>
        </transform>
    </shape>
    <shape name="temp4" type="ply">
        <string name="filename" value="meshes/Plane.ply"/>
        <boolean name="face_normals" value="true"/>
        <ref id="mat-Material.001" name="bsdf"/>
    </shape>
    <shape name="temp5" type="ply">
        <string name="filename" value="meshes/Cube_001.ply"/>
        <boolean name="face_normals" value="true"/>
        <ref id="mat-Material" name="bsdf"/>
        <transform name="to_world">
            <matrix value="0.9999982270352306 0.0001732751661893568 -0.002004806153465012 0.002521032405791823 -0.00017804311673022744 0.9999965583628654 -0.0023755839555652425 -0.014893939706499021 0.0020043654825034974 0.002375932110057298 0.9999945629073979 -0.0046326420172703164 0.0 0.0 0.0 1.0"/>
        </transform>
    </shape>
    <shape name="temp6" type="ply">
        <string name="filename" value="meshes/Cube_002.ply"/>
        <boolean name="face_normals" value="true"/>
        <ref id="mat-Material" name="bsdf"/>
        <transform name="to_world">
            <matrix value="1.0 0.0001118094042213244 0.0003670581215743362 -0.0008367713562289492 -0.00011292522343788508 0.9999953068584528 0.0030466984791742806 -0.01936890105350325 -0.00036671404915012936 -0.003046742646890116 0.9999953902910547 0.0014207833802460934 0.0 0.0 0.0 1.0"/>
        </transform>
    </shape>
    <shape name="temp7" type="ply">
        <string name="filename" value="meshes/Cube_003.ply"/>
        <boolean name="face_normals" value="true"/>
        <ref id="mat-Material" name="bsdf"/>
        <transform name="to_world">
            <matrix value="0.9999984486558267 -0.00018728075207071837 0.00178272574217496 -0.0011334375518885498 0.00019067260964457375 0.9999953068584527 -0.0018740771717284425 -0.017555717883041333 -0.0017817608908793374 0.001874423004319776 0.9999939719190715 0.00541986829475033 0.0 0.0 0.0 1.0"/>
        </transform>
    </shape>
    <shape name="temp8" type="ply">
        <string name="filename" value="meshes/Cube_004.ply"/>
        <boolean name="face_normals" value="true"/>
        <ref id="mat-Material" name="bsdf"/>
        <transform name="to_world">
            <matrix value="0.9999991135176153 4.882014421502513e-05 0.0013522262057462033 -0.0003830914188380774 -4.831351158721124e-05 0.9999994785398281 -0.00037267842055769434 -0.017698568972558393 -0.001351987582154755 0.00037261353752323105 0.9999986998256821 0.0041987133145013865 0.0 0.0 0.0 1.0"/>
        </transform>
    </shape>
    <shape name="temp9" type="ply">
        <string name="filename" value="meshes/Cube_005.ply"/>
        <boolean name="face_normals" value="true"/>
        <ref id="mat-Material" name="bsdf"/>
        <transform name="to_world">
            <matrix value="0.9990889177291158 -0.018596069650392243 0.03806989595295922 0.015319149073640181 0.025473567754735145 0.9815065192950694 -0.1856489950125313 -0.14028029482968374 -0.03376116967804733 0.18646249762735623 0.9811044484400508 0.0973938150825783 0.0 0.0 0.0 1.0"/>
        </transform>
    </shape>
    <shape name="temp10" type="ply">
        <string name="filename" value="meshes/Cube_006.ply"/>
        <boolean name="face_normals" value="true"/>
        <ref id="mat-Material" name="bsdf"/>
        <transform name="to_world">
            <matrix value="0.9998138386992113 0.018399515667792327 0.005106668664995194 0.024881025966184245 -0.014692723043400406 0.9088631542500047 -0.41502474349924656 -0.24812795208046087 -0.012343925911348214 0.41487579861625334 0.9089649855964326 -0.008341678591577861 0.0 0.0 0.0 1.0"/>
        </transform>
    </shape>
    <shape name="temp11" type="ply">
        <string name="filename" value="meshes/Cube_007.ply"/>
        <boolean name="face_normals" value="true"/>
        <ref id="mat-Material" name="bsdf"/>
        <transform name="to_world">
            <matrix value="0.9895785130853665 0.1368251106017025 -0.043469165302271615 0.12570388781592845 -0.14147292594148864 0.8754033494429764 -0.4609877968002474 -0.11491149289561703 -0.02534081480141908 0.46238071598567443 0.8857078219905339 0.0926050959029101 0.0 0.0 0.0 1.0"/>
        </transform>
    </shape>
    <shape name="temp12" type="ply">
        <string name="filename" value="meshes/Cube_008.ply"/>
        <boolean name="face_normals" value="true"/>
        <ref id="mat-Material" name="bsdf"/>
        <transform name="to_world">
            <matrix value="0.032836353578818034 0.994359991072602 -0.10001960899266749 2.5265400838134946 -0.9235705914787766 -0.00813840700175002 -0.3825602181645226 1.8106266388438237 -0.3811825940956727 0.10518531651589516 0.9182061518575235 1.0039649138353377 0.0 0.0 0.0 1.0"/>
        </transform>
    </shape>
    <shape name="temp13" type="ply">
        <string name="filename" value="meshes/Cube_009.ply"/>
        <boolean name="face_normals" value="true"/>
        <ref id="mat-Material" name="bsdf"/>
        <transform name="to_world">
            <matrix value="-0.02880540293283832 0.99679604441172 0.07442025227164092 2.4444656186991547 -0.933680258214589 -0.00018281027401689115 -0.3571939354196324 1.4726673303523985 -0.35602710508539487 -0.07982027353714778 0.9306969265297497 0.6775388133126709 0.0 0.0 0.0 1.0"/>
        </transform>
    </shape>
    <shape name="temp14" type="ply">
        <string name="filename" value="meshes/Cube_010.ply"/>
        <boolean name="face_normals" value="true"/>
        <ref id="mat-Material" name="bsdf"/>
        <transform name="to_world">
            <matrix value="0.08111896682251027 0.9966325145018073 0.009833951191928897 1.6481400556132186 -0.9948694831984994 0.08038508790775578 0.05983858454040729 1.9316394510952661 0.05885598118529787 -0.014555970406092324 0.9980873253806792 -0.20198461905918907 0.0 0.0 0.0 1.0"/>
        </transform>
    </shape>
    <shape name="temp15" type="ply">
        <string name="filename" value="meshes/Cube_011.ply"/>
        <boolean name="face_normals" value="true"/>
        <ref id="mat-Material" name="bsdf"/>
        <transform name="to_world">
            <matrix value="0.048843140487955364 0.9948101154929989 -0.08873669626178607 1.151264721400625 -0.8305579786074071 0.08982564457691852 0.5495423150005603 2.231230543205071 0.5546711416297447 0.04691745076894517 0.8307111575286477 -1.182483141410183 0.0 0.0 0.0 1.0"/>
        </transform>
    </shape>
    <shape name="temp16" type="ply">
        <string name="filename" value="meshes/Cube_012.ply"/>
        <boolean name="face_normals" value="true"/>
        <ref id="mat-Material" name="bsdf"/>
        <transform name="to_world">
            <matrix value="0.10136012992285831 0.9880496972402242 0.11598192001233038 1.1057606684462127 -0.7603266332994697 0.0017582677510257123 0.6490388638651298 1.8403935036363304 0.64107458508192 -0.1541043817255326 0.7514314919240264 -1.747030465270551 0.0 0.0 0.0 1.0"/>
        </transform>
    </shape>
    <shape name="temp17" type="ply">
        <string name="filename" value="meshes/Cube_013.ply"/>
        <boolean name="face_normals" value="true"/>
        <ref id="mat-Material" name="bsdf"/>
        <transform name="to_world">
            <matrix value="0.8760489302817063 0.27697544756926556 0.39446922392831363 0.657180819930002 -0.4422524763885417 0.138588094438523 0.8855651574085588 1.4885402413431637 0.19087541465213545 -0.9502671961920892 0.2441583640686662 -1.416911179303959 0.0 0.0 0.0 1.0"/>
        </transform>
    </shape>
    <shape name="temp18" type="ply">
        <string name="filename" value="meshes/Cube_014.ply"/>
        <boolean name="face_normals" value="true"/>
        <ref id="mat-Material" name="bsdf"/>
        <transform name="to_world">
            <matrix value="0.9396575873140824 0.2986292897921043 0.16691715903874094 0.10695825524567487 -0.21763339786925096 0.1453583995761572 0.9651383078160334 1.0247367035600483 0.2639531219250142 -0.9432280053314088 0.20157713508716604 -0.8465194407880133 0.0 0.0 0.0 1.0"/>
        </transform>
    </shape>
    <shape name="temp19" type="ply">
        <string name="filename" value="meshes/Cube_015.ply"/>
        <boolean name="face_normals" value="true"/>
        <ref id="mat-Material" name="bsdf"/>
        <transform name="to_world">
            <matrix value="0.9829629166688829 0.13736541634423047 0.12211171003181409 0.04673882336399693 -0.14763251581927817 0.19439628470056713 0.9697463619940607 0.6352406884590245 0.10946936050933731 -0.9712541951470832 0.2113622942828735 -0.3367962880058062 0.0 0.0 0.0 1.0"/>
        </transform>
    </shape>
    <shape name="temp20" type="ply">
        <string name="filename" value="meshes/Cube_016.ply"/>
        <boolean name="face_normals" value="true"/>
        <ref id="mat-Material" name="bsdf"/>
        <transform name="to_world">
            <matrix value="0.9845379742459137 0.06709843916541344 0.16180005115594953 0.0866116132623691 -0.1722670856182417 0.20414765249059807 0.9636357790951826 0.33443852120494755 0.031618754509979134 -0.9766111554931658 0.21254698948182615 0.004009564230259166 0.0 0.0 0.0 1.0"/>
        </transform>
    </shape>
    <shape name="temp21" type="ply">
        <string name="filename" value="meshes/Cube_017.ply"/>
        <boolean name="face_normals" value="true"/>
        <ref id="mat-Material" name="bsdf"/>
        <transform name="to_world">
            <matrix value="0.9522106211227477 0.05447548407147759 0.3004146137702171 0.17894704806064277 -0.30513304327629703 0.20373142298137553 0.9301986051729918 0.13709815015787474 -0.010475079207201074 -0.9774855399094329 0.21064141854218782 0.20254289962949956 0.0 0.0 0.0 1.0"/>
        </transform>
    </shape>
    <shape name="temp22" type="ply">
        <string name="filename" value="meshes/Cube_018.ply"/>
        <boolean name="face_normals" value="true"/>
        <ref id="mat-Material" name="bsdf"/>
        <transform name="to_world">
            <matrix value="0.2010882457754682 0.9748639510411474 0.09586113145424262 0.8622109228763515 -0.4226873004306531 -0.0019052705022495793 0.906115830875216 -0.10988632779578729 0.8835230848877802 -0.22279218977812915 0.4116779766072637 -0.19284644774826634 0.0 0.0 0.0 1.0"/>
        </transform>
    </shape>
    <shape name="temp23" type="ply">
        <string name="filename" value="meshes/Cube_019.ply"/>
        <boolean name="face_normals" value="true"/>
        <ref id="mat-Material" name="bsdf"/>
        <transform name="to_world">
            <matrix value="-0.07063103805314284 0.9873775350786258 -0.14174381034286304 0.4707593781410504 -0.9182926969808183 -0.008907507566387095 0.3955299297764031 -0.03565446589383706 0.38927440530329227 0.1581336314694956 0.9073309028741416 -0.05193410863403419 0.0 0.0 0.0 1.0"/>
        </transform>
    </shape>
    <shape name="temp24" type="ply">
        <string name="filename" value="meshes/Cube_020.ply"/>
        <boolean name="face_normals" value="true"/>
        <ref id="mat-Material" name="bsdf"/>
        <transform name="to_world">
            <matrix value="0.07609299278048828 0.9798442984093058 -0.1846207461912182 0.008461227170090874 -0.9402958593243799 0.008945406089773643 -0.3402057403433416 0.20283334481663381 -0.33170513684212066 0.19949302487714327 0.9220225178038883 0.09667336270198851 0.0 0.0 0.0 1.0"/>
        </transform>
    </shape>
    <shape name="temp25" type="ply">
        <string name="filename" value="meshes/Cube_021.ply"/>
        <boolean name="face_normals" value="true"/>
        <ref id="mat-Material" name="bsdf"/>
        <transform name="to_world">
            <matrix value="0.20122726837545013 0.9280546615410609 -0.3133323184093809 -0.1467205440151933 -0.7760534956659877 -0.044146974592374585 -0.6290629856446572 0.14545040436295598 -0.5976298563721241 0.3697906650285865 0.7113588192715147 0.22054763086075696 0.0 0.0 0.0 1.0"/>
        </transform>
    </shape>
    <shape name="temp26" type="ply">
        <string name="filename" value="meshes/Cube_022.ply"/>
        <boolean name="face_normals" value="true"/>
        <ref id="mat-Material" name="bsdf"/>
        <transform name="to_world">
            <matrix value="0.6185297866946087 0.39620804592186853 -0.6785550666374798 -0.08286603259916298 -0.7326703774819291 -0.021225097669490198 -0.6802504939480432 -0.21345734067738537 -0.2839223122297337 0.9179150770822426 0.27716229626859423 0.6698704545488219 0.0 0.0 0.0 1.0"/>
        </transform>
    </shape>
    <shape name="temp27" type="ply">
        <string name="filename" value="meshes/Cube_023.ply"/>
        <boolean name="face_normals" value="true"/>
        <ref id="mat-Material" name="bsdf"/>
        <transform name="to_world">
            <matrix value="0.8510297379380773 0.31903798941644435 -0.4170833922351699 -0.0757576038335554 -0.4797784503224136 0.14955962688481778 -0.8645486669430915 -0.2871056390991077 -0.21344543346329165 0.935863840491591 0.2803467777661681 0.1533531521537988 0.0 0.0 0.0 1.0"/>
        </transform>
    </shape>
    <shape name="temp28" type="ply">
        <string name="filename" value="meshes/Cube_024.ply"/>
        <boolean name="face_normals" value="true"/>
        <ref id="mat-Material" name="bsdf"/>
        <transform name="to_world">
            <matrix value="0.8610073187985683 0.4257858926250931 -0.2781566932264701 -0.18361518619187756 -0.3820793596760439 0.18054709515396633 -0.906320903824451 -0.5152810023551186 -0.3356785446441394 0.8866269453071713 0.3181372898977401 -0.3197210179296812 0.0 0.0 0.0 1.0"/>
        </transform>
    </shape>
    <shape name="temp29" type="ply">
        <string name="filename" value="meshes/Cube_025.ply"/>
        <boolean name="face_normals" value="true"/>
        <ref id="mat-Material" name="bsdf"/>
        <transform name="to_world">
            <matrix value="0.8955484400569476 0.3776189294214087 -0.23536146737200728 -0.2727931258290584 -0.322074076241031 0.18514893945430239 -0.9284322592632692 -0.7936180449216486 -0.30701759401588935 0.9072614371859506 0.2874314276244964 -0.7202715061551279 0.0 0.0 0.0 1.0"/>
        </transform>
    </shape>
    <shape name="temp30" type="ply">
        <string name="filename" value="meshes/Cube_026.ply"/>
        <boolean name="face_normals" value="true"/>
        <ref id="mat-Material" name="bsdf"/>
        <transform name="to_world">
            <matrix value="0.9238808603134248 0.24199850653806765 -0.2964452997752826 -0.3142153703495936 -0.34681223150664775 0.20204617842698414 -0.9159132353490447 -1.141262546069022 -0.16175327156324076 0.949006618372502 0.27059487939346627 -0.8607895171414355 0.0 0.0 0.0 1.0"/>
        </transform>
    </shape>
    <shape name="temp31" type="ply">
        <string name="filename" value="meshes/Cube_027.ply"/>
        <boolean name="face_normals" value="true"/>
        <ref id="mat-Material" name="bsdf"/>
        <transform name="to_world">
            <matrix value="0.8745281697507389 0.183860567807552 -0.4487675765838132 -0.5553718141413793 -0.48012595141721937 0.1977742098314015 -0.854611434631254 -1.5796348169650583 -0.06837438633256919 0.9628497172642948 0.26123362430446584 -0.9978698274124254 0.0 0.0 0.0 1.0"/>
        </transform>
    </shape>
    <shape name="temp32" type="ply">
        <string name="filename" value="meshes/Cube_028.ply"/>
        <boolean name="face_normals" value="true"/>
        <ref id="mat-Material" name="bsdf"/>
        <transform name="to_world">
            <matrix value="-0.10876032973598782 0.9821789943327709 0.15327406350807832 -1.4682593573192033 -0.8191839663704044 -0.0012151356943659358 -0.5735214299458986 -2.1103612797274227 -0.5631151079646897 -0.18793746858202465 0.8047171269835341 -1.2607926300170766 0.0 0.0 0.0 1.0"/>
        </transform>
    </shape>
    <shape name="temp33" type="ply">
        <string name="filename" value="meshes/Cube_029.ply"/>
        <boolean name="face_normals" value="true"/>
        <ref id="mat-Material" name="bsdf"/>
        <transform name="to_world">
            <matrix value="0.006000246885344142 0.9805148063401214 0.19635346018937158 -1.5913834429650404 -0.9967104854909429 -0.010003795187131197 0.08041360672610906 -1.7682919461775768 0.08081102500412216 -0.19619035799283724 0.9772292197866674 -0.04634668124184993 0.0 0.0 0.0 1.0"/>
        </transform>
    </shape>
    <shape name="temp34" type="ply">
        <string name="filename" value="meshes/Cube_030.ply"/>
        <boolean name="face_normals" value="true"/>
        <ref id="mat-Material" name="bsdf"/>
        <transform name="to_world">
            <matrix value="-0.04249588689318515 0.9814693515354458 -0.18684700121943368 -3.2076639706108816 -0.9708804070551513 0.003564430299278787 0.23953745971848078 -1.8764227501630009 0.23576451618503919 0.19158544985341136 0.9527383362884243 0.2999151754141929 0.0 0.0 0.0 1.0"/>
        </transform>
    </shape>
    <shape name="temp35" type="ply">
        <string name="filename" value="meshes/Cube_031.ply"/>
        <boolean name="face_normals" value="true"/>
        <ref id="mat-Material" name="bsdf"/>
        <transform name="to_world">
            <matrix value="0.1284224203805846 0.9805685167378286 0.14829217375435028 -1.9307598783111675 -0.7564128135709816 0.00016513392140135125 0.6539911096444094 -1.0931529383858836 0.6412583085561506 -0.19617432830715256 0.7417346736633381 0.6405950273419863 0.0 0.0 0.0 1.0"/>
        </transform>
    </shape>
    <shape name="temp36" type="ply">
        <string name="filename" value="meshes/Cube_032.ply"/>
        <boolean name="face_normals" value="true"/>
        <ref id="mat-Material" name="bsdf"/>
        <transform name="to_world">
            <matrix value="0.742690731117482 0.6055064108313536 0.2854883762052025 -0.6241751744777273 -0.35638214128047063 -0.0033174128066446543 0.9340970005687671 0.020727735148294783 0.5665318326959525 -0.7958323860140211 0.21334188060050088 -0.12867717553382074 0.0 0.0 0.0 1.0"/>
        </transform>
    </shape>
    <shape name="temp37" type="ply">
        <string name="filename" value="meshes/Cube_033.ply"/>
        <boolean name="face_normals" value="true"/>
        <ref id="mat-Material" name="bsdf"/>
        <transform name="to_world">
            <matrix value="0.977218954057164 0.1659003739912353 0.13236453010990964 -0.1372921177416535 -0.1501032308736993 0.09934347121435559 0.9836666192300036 0.3004219428419887 0.15004113278265047 -0.9811258533695715 0.12198249634414621 -0.38047132311590043 0.0 0.0 0.0 1.0"/>
        </transform>
    </shape>
    <shape name="temp38" type="ply">
        <string name="filename" value="meshes/Cube_034.ply"/>
        <boolean name="face_normals" value="true"/>
        <ref id="mat-Material" name="bsdf"/>
        <transform name="to_world">
            <matrix value="0.9999250922384922 0.0022196682261802214 0.01205880948474801 -0.03526409271178976 -0.012261403266155699 0.18111452725463734 0.9833856633796684 0.36942080988402654 -1.2359780648798705e-06 -0.983459387638891 0.18112814707193653 -0.35642060320474134 0.0 0.0 0.0 1.0"/>
        </transform>
    </shape>
    <shape name="temp39" type="ply">
        <string name="filename" value="meshes/Cube_035.ply"/>
        <boolean name="face_normals" value="true"/>
        <ref id="mat-Material" name="bsdf"/>
        <transform name="to_world">
            <matrix value="0.9989289076586758 -0.046170771948780095 0.0031236096999623184 0.009579894238464615 0.00655800830456698 0.2080573522755479 0.9780946630917389 0.09146387974315955 -0.04580928749864811 -0.9770262377900101 0.20813727098611368 -0.14567884197362072 0.0 0.0 0.0 1.0"/>
        </transform>
    </shape>
    <shape name="temp40" type="ply">
        <string name="filename" value="meshes/Cube_036.ply"/>
        <boolean name="face_normals" value="true"/>
        <ref id="mat-Material" name="bsdf"/>
        <transform name="to_world">
            <matrix value="0.9993996298049561 -0.03448971993417087 0.0033343797766631476 0.0040126711727841435 0.004001025216877916 0.21044849746466066 0.9775968145256421 -0.24630734231045776 -0.03441875787861219 -0.9769963059761422 0.21046019788180326 0.2154107043269935 0.0 0.0 0.0 1.0"/>
        </transform>
    </shape>
    <shape name="temp41" type="ply">
        <string name="filename" value="meshes/Cube_037.ply"/>
        <boolean name="face_normals" value="true"/>
        <ref id="mat-Material" name="bsdf"/>
        <transform name="to_world">
            <matrix value="0.9988593187914763 -0.047632977558440044 0.0033456794734624965 -0.005068188038088062 0.0067598248842697245 0.2104177313145177 0.977588304293743 -0.5696457438496016 -0.04726945695862077 -0.9764504414681816 0.21049967590200186 0.511332279321153 0.0 0.0 0.0 1.0"/>
        </transform>
    </shape>
    <shape name="temp42" type="ply">
        <string name="filename" value="meshes/Cube_038.ply"/>
        <boolean name="face_normals" value="true"/>
        <ref id="mat-Material" name="bsdf"/>
        <transform name="to_world">
            <matrix value="0.9991709173497014 -0.040576620228900157 0.003349284502253084 0.006843641079058438 0.005268610811184571 0.2104290991462654 0.9775950415606631 -0.904553550840003 -0.040372291574694116 -0.9767666549164309 0.21046838898000614 0.860670597463912 0.0 0.0 0.0 1.0"/>
        </transform>
    </shape>
    <shape name="temp43" type="ply">
        <string name="filename" value="meshes/Cube_039.ply"/>
        <boolean name="face_normals" value="true"/>
        <ref id="mat-Material" name="bsdf"/>
        <transform name="to_world">
            <matrix value="0.9999610157102496 -0.006401668059692098 -0.006111623762083488 0.021244060333005077 0.008281032179203273 0.4330096039635255 0.9013512514272832 -1.3192680039391687 -0.0031237732892239 -0.9013665482624167 0.4330455955893005 1.4733446825085417 0.0 0.0 0.0 1.0"/>
        </transform>
    </shape>
    <shape name="temp47" type="ply">
        <string name="filename" value="meshes/Plane_001.ply"/>
        <boolean name="face_normals" value="true"/>
        <ref id="mat-Material.002" name="bsdf"/>
    </shape>
    <shape name="temp49" type="ply">
        <string name="filename" value="meshes/Plane_002.ply"/>
        <boolean name="face_normals" value="true"/>
        <ref id="mat-Material.003" name="bsdf"/>
    </shape>
    <shape name="temp51" type="ply">
        <string name="filename" value="meshes/Plane_003.ply"/>
        <boolean name="face_normals" value="true"/>
        <ref id="mat-Material.004" name="bsdf"/>
    </shape>
    <shape name="temp53" type="ply">
        <string name="filename" value="meshes/Plane_004.ply"/>
        <boolean name="face_normals" value="true"/>
        <ref id="mat-Material.005" name="bsdf"/>
    </shape>
    <emitter type="point">
        <rgb name="intensity" value="100"/>
        <animation name="to_world">
            <transform time="0">
                <rotate angle="-142.5518126578256" x="1"/>
                <rotate angle="3.976628485794621e-06" y="1"/>
                <rotate angle="-179.999991348578" z="1"/>
                <translate value="-0.000000 3.030926 4.073377"/>
                <translate x="31.95" y="0.0" z="0.0"/>
            </transform>
            <transform time="0.0015">
                <rotate angle="-142.5518126578256" x="1"/>
                <rotate angle="3.976628485794621e-06" y="1"/>
                <rotate angle="-179.999991348578" z="1"/>
                <translate value="-0.000000 3.030926 4.073377"/>
                <translate x="32.1" y="0.0" z="0.0"/>
            </transform>
        </animation>
    </emitter>
</scene>
