
<scene version="2.1.0">
    <default name="spp" value="1024"/>
    <default name="resx" value="640"/>
    <default name="resy" value="360"/>
    <integrator name="temp0" type="path">
        <integer name="max_depth" value="12"/>
    </integrator>
    <sensor name="temp44" type="perspective">
        <string name="fov_axis" value="x"/>
        <float name="fov" value="83.974423"/>
        <float name="principal_point_offset_x" value="0.000000"/>
        <float name="principal_point_offset_y" value="-0.000000"/>
        <float name="near_clip" value="0.100000"/>
        <float name="far_clip" value="1000.000000"/>
        <sampler name="sampler" type="independent">
            <integer name="sample_count" value="$spp"/>
        </sampler>
        <film name="film" type="hdrfilm">
            <integer name="width" value="$resx"/>
            <integer name="height" value="$resy"/>
        </film>
        <float name="shutter_open" value="0.0"/>
        <float name="shutter_close" value="0.0015"/>
        <animation name="to_world">
            <transform time="0">
                <rotate angle="-142.5518126578256" x="1"/>
                <rotate angle="3.976628485794621e-06" y="1"/>
                <rotate angle="-179.999991348578" z="1"/>
                <translate value="-0.000000 3.030926 4.073377"/>
                <translate x="16.65" y="0.0" z="0.0"/>
            </transform>
            <transform time="0.0015">
                <rotate angle="-142.5518126578256" x="1"/>
                <rotate angle="3.976628485794621e-06" y="1"/>
                <rotate angle="-179.999991348578" z="1"/>
                <translate value="-0.000000 3.030926 4.073377"/>
                <translate x="16.8" y="0.0" z="0.0"/>
            </transform>
        </animation>
    </sensor>
    <bsdf id="mat-Material" name="mat-Material" type="twosided">
        <bsdf name="bsdf" type="diffuse">
            <texture name="reflectance" type="bitmap">
                <string name="filename" value="textures/siggraph_2023_logo.jpg"/>
            </texture>
        </bsdf>
    </bsdf>
    <bsdf id="mat-Material.001" name="mat-Material.001" type="twosided">
        <bsdf name="bsdf" type="principled">
            <rgb name="base_color" value="0.433648 0.266232 0.084399"/>
            <float name="spec_tint" value="0.000000"/>
            <float name="spec_trans" value="0.000000"/>
            <float name="metallic" value="0.000000"/>
            <float name="anisotropic" value="0.000000"/>
            <float name="roughness" value="0.500000"/>
            <float name="sheen" value="0.000000"/>
            <float name="sheen_tint" value="0.500000"/>
            <float name="clearcoat" value="0.000000"/>
            <float name="clearcoat_gloss" value="0.173205"/>
            <float name="specular" value="0.500000"/>
        </bsdf>
    </bsdf>
    <bsdf id="mat-Material.002" name="mat-Material.002" type="twosided">
        <bsdf name="bsdf" type="principled">
            <rgb name="base_color" value="0.433648 0.266232 0.084399"/>
            <float name="spec_tint" value="0.000000"/>
            <float name="spec_trans" value="0.000000"/>
            <float name="metallic" value="0.000000"/>
            <float name="anisotropic" value="0.000000"/>
            <float name="roughness" value="0.500000"/>
            <float name="sheen" value="0.000000"/>
            <float name="sheen_tint" value="0.500000"/>
            <float name="clearcoat" value="0.000000"/>
            <float name="clearcoat_gloss" value="0.173205"/>
            <float name="specular" value="0.500000"/>
        </bsdf>
    </bsdf>
    <bsdf id="mat-Material.003" name="mat-Material.003" type="twosided">
        <bsdf name="bsdf" type="principled">
            <rgb name="base_color" value="0.433648 0.266232 0.084399"/>
            <float name="spec_tint" value="0.000000"/>
            <float name="spec_trans" value="0.000000"/>
            <float name="metallic" value="0.000000"/>
            <float name="anisotropic" value="0.000000"/>
            <float name="roughness" value="0.500000"/>
            <float name="sheen" value="0.000000"/>
            <float name="sheen_tint" value="0.500000"/>
            <float name="clearcoat" value="0.000000"/>
            <float name="clearcoat_gloss" value="0.173205"/>
            <float name="specular" value="0.500000"/>
        </bsdf>
    </bsdf>
    <bsdf id="mat-Material.004" name="mat-Material.004" type="twosided">
        <bsdf name="bsdf" type="principled">
            <rgb name="base_color" value="0.433648 0.266232 0.084399"/>
            <float name="spec_tint" value="0.000000"/>
            <float name="spec_trans" value="0.000000"/>
            <float name="metallic" value="0.000000"/>
            <float name="anisotropic" value="0.000000"/>
            <float name="roughness" value="0.500000"/>
            <float name="sheen" value="0.000000"/>
            <float name="sheen_tint" value="0.500000"/>
            <float name="clearcoat" value="0.000000"/>
            <float name="clearcoat_gloss" value="0.173205"/>
            <float name="specular" value="0.500000"/>
        </bsdf>
    </bsdf>
    <bsdf id="mat-Material.005" name="mat-Material.005" type="twosided">
        <bsdf name="bsdf" type="principled">
            <rgb name="base_color" value="0.433648 0.266232 0.084399"/>
            <float name="spec_tint" value="0.000000"/>
            <float name="spec_trans" value="0.000000"/>
            <float name="metallic" value="0.000000"/>
            <float name="anisotropic" value="0.000000"/>
            <float name="roughness" value="0.500000"/>
            <float name="sheen" value="0.000000"/>
            <float name="sheen_tint" value="0.500000"/>
            <float name="clearcoat" value="0.000000"/>
            <float name="clearcoat_gloss" value="0.173205"/>
            <float name="specular" value="0.500000"/>
        </bsdf>
    </bsdf>
    <emitter name="temp45" type="point">
        <point name="position" x="-6.815235034541981e-16" y="3.0693089962005615" z="4.109199523925781"/>
        <rgb name="intensity" value="7.957747 7.957747 7.957747"/>
    </emitter>
    <shape name="temp2" type="ply">
        <string name="filename" value="meshes/Cube.ply"/>
        <boolean name="face_normals" value="true"/>
        <ref id="mat-Material" name="bsdf"/>
        <transform name="to_world">
            <matrix value="0.9999982270352306 0.00022439056949708297 0.0018643010428343611 -0.002886349425672563 -0.0002211578523723155 0.99999833132745 -0.0017344372680075325 -0.014973277204348434 -0.0018646891017628589 0.0017340198530316653 0.9999969268607032 0.0042780051642294925 0.0 0.0 0.0 1.0"/>
            <scale value="1"/>
        </transform>
    </shape>
    <shape name="temp4" type="ply">
        <string name="filename" value="meshes/Plane.ply"/>
        <boolean name="face_normals" value="true"/>
        <ref id="mat-Material.001" name="bsdf"/>
        <transform name="to_world">
            <scale value="1"/>
        </transform>
    </shape>
    <shape name="temp5" type="ply">
        <string name="filename" value="meshes/Cube_001.ply"/>
        <boolean name="face_normals" value="true"/>
        <ref id="mat-Material" name="bsdf"/>
        <transform name="to_world">
            <matrix value="0.9999982270352306 0.00015881382411774155 -0.002048010946049385 0.0025403752385448897 -0.0001645719087916004 0.9999960369026935 -0.0028115678636623028 -0.014482545396095003 0.0020475571204924587 0.002811900972627513 0.9999940901167368 -0.0047056285896215355 0.0 0.0 0.0 1.0"/>
            <scale value="1"/>
        </transform>
    </shape>
    <shape name="temp6" type="ply">
        <string name="filename" value="meshes/Cube_002.ply"/>
        <boolean name="face_normals" value="true"/>
        <ref id="mat-Material" name="bsdf"/>
        <transform name="to_world">
            <matrix value="1.0 0.00010243063015333014 0.00046824005094792164 -0.0008230124625119295 -0.00010388465445803126 0.9999952025664184 0.00310599824783781 -0.019419661993436865 -0.00046792086194455233 -0.0031060441405606322 0.9999952720933893 0.001706755635202728 0.0 0.0 0.0 1.0"/>
            <scale value="1"/>
        </transform>
    </shape>
    <shape name="temp7" type="ply">
        <string name="filename" value="meshes/Cube_003.ply"/>
        <boolean name="face_normals" value="true"/>
        <ref id="mat-Material" name="bsdf"/>
        <transform name="to_world">
            <matrix value="0.9999951243468841 -0.001919436489279822 -0.002592003880665746 -0.0026928494492781674 0.0018717189070735975 0.9998310469042996 -0.018287164537296327 -0.016038286639511345 0.0026266739003629257 0.018282226760084522 0.9998295589666877 0.022907657988960994 0.0 0.0 0.0 1.0"/>
            <scale value="1"/>
        </transform>
    </shape>
    <shape name="temp8" type="ply">
        <string name="filename" value="meshes/Cube_004.ply"/>
        <boolean name="face_normals" value="true"/>
        <ref id="mat-Material" name="bsdf"/>
        <transform name="to_world">
            <matrix value="0.9974043795775734 -0.02509454072916819 0.06749159969192961 -0.0058776325653746575 0.0398821244373053 0.9729297509714804 -0.22763369219720478 -0.11171923545031998 -0.05995222746428806 0.22973449333886778 0.9714051480283921 0.22546867192963202 0.0 0.0 0.0 1.0"/>
            <scale value="1"/>
        </transform>
    </shape>
    <shape name="temp9" type="ply">
        <string name="filename" value="meshes/Cube_005.ply"/>
        <boolean name="face_normals" value="true"/>
        <ref id="mat-Material" name="bsdf"/>
        <transform name="to_world">
            <matrix value="0.9972541208133654 -0.06033071004102849 0.042947830860086585 0.023537700376568438 0.07397416258441528 0.8388066488257759 -0.5393803889270536 -0.3703357451199079 -0.003483720637487213 0.5410762520780188 0.8409664597577138 -0.03947128644026585 0.0 0.0 0.0 1.0"/>
            <scale value="1"/>
        </transform>
    </shape>
    <shape name="temp10" type="ply">
        <string name="filename" value="meshes/Cube_006.ply"/>
        <boolean name="face_normals" value="true"/>
        <ref id="mat-Material" name="bsdf"/>
        <transform name="to_world">
            <matrix value="0.9961384827322097 -0.038534217173560724 -0.07889018065803949 -0.010075950165125747 -0.03077046843502173 0.6883242981667546 -0.7247502601530612 -0.4011096848659882 0.08222970708849045 0.7243788887892321 0.6844805519925526 -0.43841985148586154 0.0 0.0 0.0 1.0"/>
            <scale value="1"/>
        </transform>
    </shape>
    <shape name="temp11" type="ply">
        <string name="filename" value="meshes/Cube_007.ply"/>
        <boolean name="face_normals" value="true"/>
        <ref id="mat-Material" name="bsdf"/>
        <transform name="to_world">
            <matrix value="0.9760401541060977 0.15668730953667223 -0.1509809933426347 0.044616333306830125 -0.21738032931047627 0.6715791691262205 -0.7083271673551287 -0.16280614897873436 -0.009590196923196938 0.7241757279062541 0.6895488678791226 -0.15639811158432199 0.0 0.0 0.0 1.0"/>
            <scale value="1"/>
        </transform>
    </shape>
    <shape name="temp12" type="ply">
        <string name="filename" value="meshes/Cube_008.ply"/>
        <boolean name="face_normals" value="true"/>
        <ref id="mat-Material" name="bsdf"/>
        <transform name="to_world">
            <matrix value="0.07772265334815531 0.9895626617830183 -0.12134725481194517 2.392447984622283 -0.8209757688904964 -0.005530896515185963 -0.5709363288088843 1.2817453535642138 -0.5656484529995904 0.14399782655400345 0.8119770639794506 1.282645019478672 0.0 0.0 0.0 1.0"/>
            <scale value="1"/>
        </transform>
    </shape>
    <shape name="temp13" type="ply">
        <string name="filename" value="meshes/Cube_009.ply"/>
        <boolean name="face_normals" value="true"/>
        <ref id="mat-Material" name="bsdf"/>
        <transform name="to_world">
            <matrix value="-0.06481648928154149 0.99351261829324 0.09344149522883305 2.5581067173252965 -0.819264857888009 0.0004820941006167831 -0.5734156430354862 0.8742615533049429 -0.5697408989285975 -0.11372005514962778 0.8139185788290961 0.9544024102940356 0.0 0.0 0.0 1.0"/>
            <scale value="1"/>
        </transform>
    </shape>
    <shape name="temp14" type="ply">
        <string name="filename" value="meshes/Cube_010.ply"/>
        <boolean name="face_normals" value="true"/>
        <ref id="mat-Material" name="bsdf"/>
        <transform name="to_world">
            <matrix value="0.05428339423467316 0.9984470916080372 0.012520182251344025 1.7022009763870454 -0.9841652084031438 0.05137959588922518 0.16964457016473444 2.1166442506658987 0.16873788843441892 -0.021530798480673644 0.985425755082145 -0.42694992294303247 0.0 0.0 0.0 1.0"/>
            <scale value="1"/>
        </transform>
    </shape>
    <shape name="temp15" type="ply">
        <string name="filename" value="meshes/Cube_011.ply"/>
        <boolean name="face_normals" value="true"/>
        <ref id="mat-Material" name="bsdf"/>
        <transform name="to_world">
            <matrix value="0.02586983867793563 0.9963001357882288 -0.08195563710669136 1.1966104859606594 -0.8147145438073 0.06852005431529151 0.5757996899438844 2.26861833935489 0.5792847682823695 0.05187460760122064 0.8134729736310464 -1.2701673812330585 0.0 0.0 0.0 1.0"/>
            <scale value="1"/>
        </transform>
    </shape>
    <shape name="temp16" type="ply">
        <string name="filename" value="meshes/Cube_012.ply"/>
        <boolean name="face_normals" value="true"/>
        <ref id="mat-Material" name="bsdf"/>
        <transform name="to_world">
            <matrix value="0.08032075592125908 0.9890825012567191 0.1235483317345129 1.1445000109357923 -0.8385343254844183 3.693335530418858e-05 0.5448489221082113 1.8102941749730184 0.5388961875938564 -0.14736216243275774 0.8293826157710672 -1.5165361508633417 0.0 0.0 0.0 1.0"/>
            <scale value="1"/>
        </transform>
    </shape>
    <shape name="temp17" type="ply">
        <string name="filename" value="meshes/Cube_013.ply"/>
        <boolean name="face_normals" value="true"/>
        <ref id="mat-Material" name="bsdf"/>
        <transform name="to_world">
            <matrix value="0.9044863987007714 0.29103964557395035 0.31176974527457557 0.527568471163107 -0.3824624087144764 0.229972279177261 0.8948941445349419 1.4368053038747979 0.1887512920480757 -0.9286596596325167 0.3193185573644001 -1.3271400102641513 0.0 0.0 0.0 1.0"/>
            <scale value="1"/>
        </transform>
    </shape>
    <shape name="temp18" type="ply">
        <string name="filename" value="meshes/Cube_014.ply"/>
        <boolean name="face_normals" value="true"/>
        <ref id="mat-Material" name="bsdf"/>
        <transform name="to_world">
            <matrix value="0.9434251374490937 0.2852775106742897 0.1690153094343958 0.10743116126412322 -0.21590491235348663 0.1416396585061626 0.9660867258821211 1.02376902231575 0.25166366149138253 -0.9479213554627125 0.19521923539348712 -0.8409028079634236 0.0 0.0 0.0 1.0"/>
            <scale value="1"/>
        </transform>
    </shape>
    <shape name="temp19" type="ply">
        <string name="filename" value="meshes/Cube_015.ply"/>
        <boolean name="face_normals" value="true"/>
        <ref id="mat-Material" name="bsdf"/>
        <transform name="to_world">
            <matrix value="0.9831036457474553 0.13339543576340726 0.12535101160653794 0.04674749027994851 -0.1492239289963069 0.18742838787459093 0.9708775136506484 0.6370810752818096 0.1060162900003014 -0.9731783831814493 0.20416734236331976 -0.3237545398454331 0.0 0.0 0.0 1.0"/>
            <scale value="1"/>
        </transform>
    </shape>
    <shape name="temp20" type="ply">
        <string name="filename" value="meshes/Cube_016.ply"/>
        <boolean name="face_normals" value="true"/>
        <ref id="mat-Material" name="bsdf"/>
        <transform name="to_world">
            <matrix value="0.9845752065060714 0.05096716261005418 0.16737583689856889 0.08784670779526693 -0.17403253744944833 0.18671163043909034 0.9668772318674143 0.3381581663526195 0.018027966746272786 -0.9810918541663626 0.19270153056520703 0.04735065393735316 0.0 0.0 0.0 1.0"/>
            <scale value="1"/>
        </transform>
    </shape>
    <shape name="temp21" type="ply">
        <string name="filename" value="meshes/Cube_017.ply"/>
        <boolean name="face_normals" value="true"/>
        <ref id="mat-Material" name="bsdf"/>
        <transform name="to_world">
            <matrix value="0.9516960180984244 0.024742471679498064 0.3060442503691313 0.185462450292724 -0.30579657534125143 0.16609184373715905 0.9374977837937762 0.16063970908162634 -0.0276354234815 -0.9857998051824799 0.16563506896360977 0.2527840816259191 0.0 0.0 0.0 1.0"/>
            <scale value="1"/>
        </transform>
    </shape>
    <shape name="temp22" type="ply">
        <string name="filename" value="meshes/Cube_018.ply"/>
        <boolean name="face_normals" value="true"/>
        <ref id="mat-Material" name="bsdf"/>
        <transform name="to_world">
            <matrix value="0.1509394940313141 0.9778930088877672 0.1447157842580567 0.8691169855036459 -0.5806237999244717 -0.03078068845257737 0.813589989319659 -0.0053397514083450975 0.8000583305409138 -0.2068282706503443 0.5631419019706387 -0.2125038844573865 0.0 0.0 0.0 1.0"/>
            <scale value="1"/>
        </transform>
    </shape>
    <shape name="temp23" type="ply">
        <string name="filename" value="meshes/Cube_019.ply"/>
        <boolean name="face_normals" value="true"/>
        <ref id="mat-Material" name="bsdf"/>
        <transform name="to_world">
            <matrix value="-0.07573059445735754 0.9873404071143854 -0.139369869334845 0.47385876910602165 -0.903999276630374 -0.009002058724758722 0.4274401080610335 -0.056438157637199574 0.42077418279621365 0.15836046664427864 0.8932365404772633 -0.04898410240917084 0.0 0.0 0.0 1.0"/>
            <scale value="1"/>
        </transform>
    </shape>
    <shape name="temp24" type="ply">
        <string name="filename" value="meshes/Cube_020.ply"/>
        <boolean name="face_normals" value="true"/>
        <ref id="mat-Material" name="bsdf"/>
        <transform name="to_world">
            <matrix value="0.0971157678859554 0.9678139064954977 -0.23217380628804413 0.05155291504183168 -0.9456475373875429 0.01698580462180893 -0.3247490316610145 0.18786787120517978 -0.310353049077284 0.2510928909090188 0.9168607075808418 0.10748501063282045 0.0 0.0 0.0 1.0"/>
            <scale value="1"/>
        </transform>
    </shape>
    <shape name="temp25" type="ply">
        <string name="filename" value="meshes/Cube_021.ply"/>
        <boolean name="face_normals" value="true"/>
        <ref id="mat-Material" name="bsdf"/>
        <transform name="to_world">
            <matrix value="0.18170872139099725 0.9332092953404406 -0.3100038721555141 -0.1672600671617283 -0.8074976907133878 -0.0383054213085313 -0.5886260277877983 0.09863225445717533 -0.56118634391616 0.3572857372299619 0.7466038264839363 0.2537421314737327 0.0 0.0 0.0 1.0"/>
            <scale value="1"/>
        </transform>
    </shape>
    <shape name="temp26" type="ply">
        <string name="filename" value="meshes/Cube_022.ply"/>
        <boolean name="face_normals" value="true"/>
        <ref id="mat-Material" name="bsdf"/>
        <transform name="to_world">
            <matrix value="0.6480616176175963 0.3985568068282081 -0.6489751553235519 -0.07496261126528714 -0.70140525187624 -0.01966056905905641 -0.7124917438930812 -0.18074642233216745 -0.2967277718974446 0.9169328547024236 0.2668085353843622 0.6663285203831022 0.0 0.0 0.0 1.0"/>
            <scale value="1"/>
        </transform>
    </shape>
    <shape name="temp27" type="ply">
        <string name="filename" value="meshes/Cube_023.ply"/>
        <boolean name="face_normals" value="true"/>
        <ref id="mat-Material" name="bsdf"/>
        <transform name="to_world">
            <matrix value="0.8578871224249902 0.2821881720317966 -0.4294177913962501 -0.06620539714801066 -0.47873860648515054 0.1353786948060481 -0.8674571568922714 -0.28515126008120634 -0.18665219040932438 0.9497591896926096 0.2512341018230335 0.19270505729886023 0.0 0.0 0.0 1.0"/>
            <scale value="1"/>
        </transform>
    </shape>
    <shape name="temp28" type="ply">
        <string name="filename" value="meshes/Cube_024.ply"/>
        <boolean name="face_normals" value="true"/>
        <ref id="mat-Material" name="bsdf"/>
        <transform name="to_world">
            <matrix value="0.8594171910209972 0.42823790264547174 -0.27931148441611064 -0.18768299910569486 -0.3831787308054402 0.1778038600567766 -0.9063995052718522 -0.516186684130427 -0.33849199595054846 0.886001088808839 0.31689928755175284 -0.3225255735758502 0.0 0.0 0.0 1.0"/>
            <scale value="1"/>
        </transform>
    </shape>
    <shape name="temp29" type="ply">
        <string name="filename" value="meshes/Cube_025.ply"/>
        <boolean name="face_normals" value="true"/>
        <ref id="mat-Material" name="bsdf"/>
        <transform name="to_world">
            <matrix value="0.896312144631374 0.37274807424758516 -0.2401741098888422 -0.2733224901848964 -0.32468153120329346 0.18279446334447869 -0.9279916183671607 -0.7959785908515955 -0.30200455829242223 0.9097500537103977 0.2848653563115898 -0.7174220893359369 0.0 0.0 0.0 1.0"/>
            <scale value="1"/>
        </transform>
    </shape>
    <shape name="temp30" type="ply">
        <string name="filename" value="meshes/Cube_026.ply"/>
        <boolean name="face_normals" value="true"/>
        <ref id="mat-Material" name="bsdf"/>
        <transform name="to_world">
            <matrix value="0.9226920874355306 0.24144878322483487 -0.3005698073047103 -0.3217101062280586 -0.350876775402596 0.2028285042645013 -0.9141915681567926 -1.14620190929788 -0.1597663764323339 0.9489799196116999 0.2718669226670499 -0.8631090391655721 0.0 0.0 0.0 1.0"/>
            <scale value="1"/>
        </transform>
    </shape>
    <shape name="temp31" type="ply">
        <string name="filename" value="meshes/Cube_027.ply"/>
        <boolean name="face_normals" value="true"/>
        <ref id="mat-Material" name="bsdf"/>
        <transform name="to_world">
            <matrix value="0.8733881534040037 0.1785110852003346 -0.45313084339707654 -0.5686674912907853 -0.48304070549814104 0.19873495848134112 -0.8527462754733699 -1.584478898709894 -0.062171757735002046 0.9636588148670382 0.2598008322061216 -0.9984466893467827 0.0 0.0 0.0 1.0"/>
            <scale value="1"/>
        </transform>
    </shape>
    <shape name="temp32" type="ply">
        <string name="filename" value="meshes/Cube_028.ply"/>
        <boolean name="face_normals" value="true"/>
        <ref id="mat-Material" name="bsdf"/>
        <transform name="to_world">
            <matrix value="-0.10845487006827687 0.9841778554637555 0.1401123397889746 -1.4892066015876742 -0.7898770803525363 0.00026425515671964006 -0.613265513088973 -2.120011440819111 -0.6035996503713476 -0.177183113868129 0.7773505851493617 -1.374924984269178 0.0 0.0 0.0 1.0"/>
            <scale value="1"/>
        </transform>
    </shape>
    <shape name="temp33" type="ply">
        <string name="filename" value="meshes/Cube_029.ply"/>
        <boolean name="face_normals" value="true"/>
        <ref id="mat-Material" name="bsdf"/>
        <transform name="to_world">
            <matrix value="-0.008469700918573048 0.9804875861191474 0.19639825710450706 -1.61942409638474 -0.9986272820272789 -0.018446223898311097 0.04902397095930643 -1.813407966127829 0.05169021163880452 -0.1957134096611969 0.9792979153241382 -0.10367983523131663 0.0 0.0 0.0 1.0"/>
            <scale value="1"/>
        </transform>
    </shape>
    <shape name="temp34" type="ply">
        <string name="filename" value="meshes/Cube_030.ply"/>
        <boolean name="face_normals" value="true"/>
        <ref id="mat-Material" name="bsdf"/>
        <transform name="to_world">
            <matrix value="-0.037362139344705 0.9812158928786875 -0.18925950078255344 -3.1981061848675965 -0.977268512208293 0.0036741315242821084 0.2119733509798911 -1.9345124500396618 0.20868697561262656 0.1928771106734597 0.9587742945828458 0.245472689481518 0.0 0.0 0.0 1.0"/>
            <scale value="1"/>
        </transform>
    </shape>
    <shape name="temp35" type="ply">
        <string name="filename" value="meshes/Cube_031.ply"/>
        <boolean name="face_normals" value="true"/>
        <ref id="mat-Material" name="bsdf"/>
        <transform name="to_world">
            <matrix value="0.11999536369712797 0.9805357690390324 0.15540503739537734 -1.9432732614724058 -0.7969538692296645 0.0017951829595159183 0.6040375849663917 -1.2541259144457078 0.5920018013322057 -0.1963322994516325 0.781657235280963 0.56552060639337 0.0 0.0 0.0 1.0"/>
            <scale value="1"/>
        </transform>
    </shape>
    <shape name="temp36" type="ply">
        <string name="filename" value="meshes/Cube_032.ply"/>
        <boolean name="face_normals" value="true"/>
        <ref id="mat-Material" name="bsdf"/>
        <transform name="to_world">
            <matrix value="0.6657145845854897 0.6135602588945461 0.42469744943622073 -0.6992424486188624 -0.5399519881140442 0.0032441831117822886 0.8416895930738059 -0.5929457448939586 0.5150493682040045 -0.7896412979769432 0.3334528705721382 -0.1511328049748073 0.0 0.0 0.0 1.0"/>
            <scale value="1"/>
        </transform>
    </shape>
    <shape name="temp37" type="ply">
        <string name="filename" value="meshes/Cube_033.ply"/>
        <boolean name="face_normals" value="true"/>
        <ref id="mat-Material" name="bsdf"/>
        <transform name="to_world">
            <matrix value="0.9768858583011097 0.16835633667971708 0.1317215820899333 -0.13982241918275795 -0.1500179069441711 0.10097888503471882 0.9835130804628242 0.30055885854560316 0.15227958945227799 -0.9805403578885452 0.12390129360252773 -0.37345253572440673 0.0 0.0 0.0 1.0"/>
            <scale value="1"/>
        </transform>
    </shape>
    <shape name="temp38" type="ply">
        <string name="filename" value="meshes/Cube_034.ply"/>
        <boolean name="face_normals" value="true"/>
        <ref id="mat-Material" name="bsdf"/>
        <transform name="to_world">
            <matrix value="0.9999246489972998 0.0025461690407010094 0.012005951488841432 -0.03433182503334686 -0.012268783232008395 0.18182012544245896 0.9832554095525462 0.36932705393405296 0.0003206114246303812 -0.9833285011357403 0.18183769947628978 -0.3583538558932984 0.0 0.0 0.0 1.0"/>
            <scale value="1"/>
        </transform>
    </shape>
    <shape name="temp39" type="ply">
        <string name="filename" value="meshes/Cube_035.ply"/>
        <boolean name="face_normals" value="true"/>
        <ref id="mat-Material" name="bsdf"/>
        <transform name="to_world">
            <matrix value="0.9989167185258861 -0.046432190362164526 0.003179328079368314 0.008521507608567624 0.006534979708418214 0.20756941156348363 0.9781986770371721 0.09140325223245982 -0.04607984192246116 -0.977117701904164 0.20764793265191592 -0.14864808943505076 0.0 0.0 0.0 1.0"/>
            <scale value="1"/>
        </transform>
    </shape>
    <shape name="temp40" type="ply">
        <string name="filename" value="meshes/Cube_036.ply"/>
        <boolean name="face_normals" value="true"/>
        <ref id="mat-Material" name="bsdf"/>
        <transform name="to_world">
            <matrix value="0.9993608462006252 -0.03561137033475657 0.003228238273255036 0.002988029414133564 0.004307417907298764 0.20951810822592995 0.9777953866032875 -0.2455368869194377 -0.03549700634898684 -0.9771560813728168 0.20953753508697695 0.21274034317717722 0.0 0.0 0.0 1.0"/>
            <scale value="1"/>
        </transform>
    </shape>
    <shape name="temp41" type="ply">
        <string name="filename" value="meshes/Cube_037.ply"/>
        <boolean name="face_normals" value="true"/>
        <ref id="mat-Material" name="bsdf"/>
        <transform name="to_world">
            <matrix value="0.998855108000149 -0.04772833176547642 0.003353315042638626 -0.005983515371161374 0.0067299526441110084 0.20954063530535666 0.9777769477675061 -0.56984914783022 -0.04737033865400061 -0.9766344126168331 0.2096219518595093 0.5130424341997313 0.0 0.0 0.0 1.0"/>
            <scale value="1"/>
        </transform>
    </shape>
    <shape name="temp42" type="ply">
        <string name="filename" value="meshes/Cube_038.ply"/>
        <boolean name="face_normals" value="true"/>
        <ref id="mat-Material" name="bsdf"/>
        <transform name="to_world">
            <matrix value="0.9991294742982162 -0.0415820058695557 0.003435604257196229 0.007334960716849803 0.0053584535846688194 0.20953938380094408 0.9777856943947357 -0.9045028708603751 -0.04137817870421097 -0.9769155839415298 0.2095796607348774 0.8616958567511572 0.0 0.0 0.0 1.0"/>
            <scale value="1"/>
        </transform>
    </shape>
    <shape name="temp43" type="ply">
        <string name="filename" value="meshes/Cube_039.ply"/>
        <boolean name="face_normals" value="true"/>
        <ref id="mat-Material" name="bsdf"/>
        <transform name="to_world">
            <matrix value="0.9999567341926691 -0.007394223529158885 -0.005636057810904185 0.021022664244594313 0.008282208110988815 0.43301098397025517 0.9013505776439628 -1.319264546307648 -0.004224297133144173 -0.9013584474862252 0.4330535240797052 1.473129313137555 0.0 0.0 0.0 1.0"/>
            <scale value="1"/>
        </transform>
    </shape>
    <shape name="temp47" type="ply">
        <string name="filename" value="meshes/Plane_001.ply"/>
        <boolean name="face_normals" value="true"/>
        <ref id="mat-Material.002" name="bsdf"/>
        <transform name="to_world">
            <scale value="1"/>
        </transform>
    </shape>
    <shape name="temp49" type="ply">
        <string name="filename" value="meshes/Plane_002.ply"/>
        <boolean name="face_normals" value="true"/>
        <ref id="mat-Material.003" name="bsdf"/>
        <transform name="to_world">
            <scale value="1"/>
        </transform>
    </shape>
    <shape name="temp51" type="ply">
        <string name="filename" value="meshes/Plane_003.ply"/>
        <boolean name="face_normals" value="true"/>
        <ref id="mat-Material.004" name="bsdf"/>
        <transform name="to_world">
            <scale value="1"/>
        </transform>
    </shape>
    <shape name="temp53" type="ply">
        <string name="filename" value="meshes/Plane_004.ply"/>
        <boolean name="face_normals" value="true"/>
        <ref id="mat-Material.005" name="bsdf"/>
        <transform name="to_world">
            <scale value="1"/>
        </transform>
    </shape>
    <emitter type="point">
        <rgb name="intensity" value="100"/>
        <animation name="to_world">
            <transform time="0">
                <rotate angle="-142.5518126578256" x="1"/>
                <rotate angle="3.976628485794621e-06" y="1"/>
                <rotate angle="-179.999991348578" z="1"/>
                <translate value="-0.000000 3.030926 4.073377"/>
                <translate x="16.65" y="0.0" z="0.0"/>
            </transform>
            <transform time="0.0015">
                <rotate angle="-142.5518126578256" x="1"/>
                <rotate angle="3.976628485794621e-06" y="1"/>
                <rotate angle="-179.999991348578" z="1"/>
                <translate value="-0.000000 3.030926 4.073377"/>
                <translate x="16.8" y="0.0" z="0.0"/>
            </transform>
        </animation>
    </emitter>
</scene>
