
<scene version="2.1.0">
    <default name="spp" value="1024"/>
    <default name="resx" value="640"/>
    <default name="resy" value="360"/>
    <integrator name="temp0" type="path">
        <integer name="max_depth" value="12"/>
    </integrator>
    <sensor name="temp44" type="perspective">
        <string name="fov_axis" value="x"/>
        <float name="fov" value="83.974423"/>
        <float name="principal_point_offset_x" value="0.000000"/>
        <float name="principal_point_offset_y" value="-0.000000"/>
        <float name="near_clip" value="0.100000"/>
        <float name="far_clip" value="1000.000000"/>
        <sampler name="sampler" type="independent">
            <integer name="sample_count" value="$spp"/>
        </sampler>
        <film name="film" type="hdrfilm">
            <integer name="width" value="$resx"/>
            <integer name="height" value="$resy"/>
        </film>
        <float name="shutter_open" value="0.0"/>
        <float name="shutter_close" value="0.0015"/>
        <animation name="to_world">
            <transform time="0">
                <rotate angle="-142.5518126578256" x="1"/>
                <rotate angle="3.976628485794621e-06" y="1"/>
                <rotate angle="-179.999991348578" z="1"/>
                <translate value="-0.000000 3.030926 4.073377"/>
                <translate x="1.5" y="0.0" z="0.0"/>
            </transform>
            <transform time="0.0015">
                <rotate angle="-142.5518126578256" x="1"/>
                <rotate angle="3.976628485794621e-06" y="1"/>
                <rotate angle="-179.999991348578" z="1"/>
                <translate value="-0.000000 3.030926 4.073377"/>
                <translate x="1.65" y="0.0" z="0.0"/>
            </transform>
        </animation>
    </sensor>
    <bsdf id="mat-Material" name="mat-Material" type="twosided">
        <bsdf name="bsdf" type="diffuse">
            <texture name="reflectance" type="bitmap">
                <string name="filename" value="textures/siggraph_2023_logo.jpg"/>
            </texture>
        </bsdf>
    </bsdf>
    <bsdf id="mat-Material.001" name="mat-Material.001" type="twosided">
        <bsdf name="bsdf" type="principled">
            <rgb name="base_color" value="0.433648 0.266232 0.084399"/>
            <float name="spec_tint" value="0.000000"/>
            <float name="spec_trans" value="0.000000"/>
            <float name="metallic" value="0.000000"/>
            <float name="anisotropic" value="0.000000"/>
            <float name="roughness" value="0.500000"/>
            <float name="sheen" value="0.000000"/>
            <float name="sheen_tint" value="0.500000"/>
            <float name="clearcoat" value="0.000000"/>
            <float name="clearcoat_gloss" value="0.173205"/>
            <float name="specular" value="0.500000"/>
        </bsdf>
    </bsdf>
    <bsdf id="mat-Material.002" name="mat-Material.002" type="twosided">
        <bsdf name="bsdf" type="principled">
            <rgb name="base_color" value="0.433648 0.266232 0.084399"/>
            <float name="spec_tint" value="0.000000"/>
            <float name="spec_trans" value="0.000000"/>
            <float name="metallic" value="0.000000"/>
            <float name="anisotropic" value="0.000000"/>
            <float name="roughness" value="0.500000"/>
            <float name="sheen" value="0.000000"/>
            <float name="sheen_tint" value="0.500000"/>
            <float name="clearcoat" value="0.000000"/>
            <float name="clearcoat_gloss" value="0.173205"/>
            <float name="specular" value="0.500000"/>
        </bsdf>
    </bsdf>
    <bsdf id="mat-Material.003" name="mat-Material.003" type="twosided">
        <bsdf name="bsdf" type="principled">
            <rgb name="base_color" value="0.433648 0.266232 0.084399"/>
            <float name="spec_tint" value="0.000000"/>
            <float name="spec_trans" value="0.000000"/>
            <float name="metallic" value="0.000000"/>
            <float name="anisotropic" value="0.000000"/>
            <float name="roughness" value="0.500000"/>
            <float name="sheen" value="0.000000"/>
            <float name="sheen_tint" value="0.500000"/>
            <float name="clearcoat" value="0.000000"/>
            <float name="clearcoat_gloss" value="0.173205"/>
            <float name="specular" value="0.500000"/>
        </bsdf>
    </bsdf>
    <bsdf id="mat-Material.004" name="mat-Material.004" type="twosided">
        <bsdf name="bsdf" type="principled">
            <rgb name="base_color" value="0.433648 0.266232 0.084399"/>
            <float name="spec_tint" value="0.000000"/>
            <float name="spec_trans" value="0.000000"/>
            <float name="metallic" value="0.000000"/>
            <float name="anisotropic" value="0.000000"/>
            <float name="roughness" value="0.500000"/>
            <float name="sheen" value="0.000000"/>
            <float name="sheen_tint" value="0.500000"/>
            <float name="clearcoat" value="0.000000"/>
            <float name="clearcoat_gloss" value="0.173205"/>
            <float name="specular" value="0.500000"/>
        </bsdf>
    </bsdf>
    <bsdf id="mat-Material.005" name="mat-Material.005" type="twosided">
        <bsdf name="bsdf" type="principled">
            <rgb name="base_color" value="0.433648 0.266232 0.084399"/>
            <float name="spec_tint" value="0.000000"/>
            <float name="spec_trans" value="0.000000"/>
            <float name="metallic" value="0.000000"/>
            <float name="anisotropic" value="0.000000"/>
            <float name="roughness" value="0.500000"/>
            <float name="sheen" value="0.000000"/>
            <float name="sheen_tint" value="0.500000"/>
            <float name="clearcoat" value="0.000000"/>
            <float name="clearcoat_gloss" value="0.173205"/>
            <float name="specular" value="0.500000"/>
        </bsdf>
    </bsdf>
    <emitter name="temp45" type="point">
        <point name="position" x="-6.815235034541981e-16" y="3.0693089962005615" z="4.109199523925781"/>
        <rgb name="intensity" value="7.957747 7.957747 7.957747"/>
    </emitter>
    <shape name="temp2" type="ply">
        <string name="filename" value="meshes/Cube.ply"/>
        <boolean name="face_normals" value="true"/>
        <ref id="mat-Material" name="bsdf"/>
        <transform name="to_world">
            <matrix value="1.0 0.00013950561404021085 0.00037194204910309247 -0.0010929811155482305 -0.000139105486084886 0.9999993742477937 -0.001076062088760773 -0.016039975886979918 -0.00037209300263994457 0.0010760101204990167 0.9999995272093389 0.0008994965818578393 0.0 0.0 0.0 1.0"/>
            <scale value="1"/>
        </transform>
    </shape>
    <shape name="temp4" type="ply">
        <string name="filename" value="meshes/Plane.ply"/>
        <boolean name="face_normals" value="true"/>
        <ref id="mat-Material.001" name="bsdf"/>
        <transform name="to_world">
            <scale value="1"/>
        </transform>
    </shape>
    <shape name="temp5" type="ply">
        <string name="filename" value="meshes/Cube_001.ply"/>
        <boolean name="face_normals" value="true"/>
        <ref id="mat-Material" name="bsdf"/>
        <transform name="to_world">
            <matrix value="1.0 -7.3564680876804e-05 3.434280443345259e-05 0.0005101467125854242 7.352795167607225e-05 0.9999993742477937 0.0010630674374415216 -0.01901800535297332 -3.4420914247012994e-05 -0.001063063307350711 0.9999995272093389 0.00026206079907342694 0.0 0.0 0.0 1.0"/>
            <scale value="1"/>
        </transform>
    </shape>
    <shape name="temp6" type="ply">
        <string name="filename" value="meshes/Cube_002.ply"/>
        <boolean name="face_normals" value="true"/>
        <ref id="mat-Material" name="bsdf"/>
        <transform name="to_world">
            <matrix value="1.0 4.123060428890562e-05 -4.2757059828348626e-05 -0.0005554199678745597 -4.111062059085824e-05 0.9999960369026935 0.0028038140968209085 -0.019393991979834435 4.287241568222798e-05 -0.002803820425803518 0.9999962176747115 -0.00012395436688350525 0.0 0.0 0.0 1.0"/>
            <scale value="1"/>
        </transform>
    </shape>
    <shape name="temp7" type="ply">
        <string name="filename" value="meshes/Cube_003.ply"/>
        <boolean name="face_normals" value="true"/>
        <ref id="mat-Material" name="bsdf"/>
        <transform name="to_world">
            <matrix value="1.0 0.00011392194366978639 0.0004499548721314018 -0.0006946911812932832 -0.00011441030305286804 0.9999993742477937 0.0010859221379971925 -0.017830051992824114 -0.0004498321888845747 -0.0010859741814639682 0.9999992908140084 0.000986019419955575 0.0 0.0 0.0 1.0"/>
            <scale value="1"/>
        </transform>
    </shape>
    <shape name="temp8" type="ply">
        <string name="filename" value="meshes/Cube_004.ply"/>
        <boolean name="face_normals" value="true"/>
        <ref id="mat-Material" name="bsdf"/>
        <transform name="to_world">
            <matrix value="1.0 0.0002476101480321136 5.362911747476834e-05 -0.0005474440128425684 -0.0002476189083146729 1.0 0.00015252132167683718 -0.017195633165957513 -5.359140608516968e-05 -0.00015253460931161 1.0 0.00018837355611198495 0.0 0.0 0.0 1.0"/>
            <scale value="1"/>
        </transform>
    </shape>
    <shape name="temp9" type="ply">
        <string name="filename" value="meshes/Cube_005.ply"/>
        <boolean name="face_normals" value="true"/>
        <ref id="mat-Material" name="bsdf"/>
        <transform name="to_world">
            <matrix value="1.0 9.915752894625415e-05 0.0004071342219591405 -0.0004404246459515093 -9.932281610632115e-05 1.0 0.00040588605461394043 -0.017405564828994524 -0.00040709354339419924 -0.00040592545622550444 1.0 0.0011192329045833227 0.0 0.0 0.0 1.0"/>
            <scale value="1"/>
        </transform>
    </shape>
    <shape name="temp10" type="ply">
        <string name="filename" value="meshes/Cube_006.ply"/>
        <boolean name="face_normals" value="true"/>
        <ref id="mat-Material" name="bsdf"/>
        <transform name="to_world">
            <matrix value="1.0 0.00022390039693548288 -0.00017250169140858995 -0.0006905575349094306 -0.00022392057472425968 1.0 -0.00011823052421610127 -0.017322934657583666 0.0001724753424924693 0.00011826904424693851 1.0 -0.0005862898716717524 0.0 0.0 0.0 1.0"/>
            <scale value="1"/>
        </transform>
    </shape>
    <shape name="temp11" type="ply">
        <string name="filename" value="meshes/Cube_007.ply"/>
        <boolean name="face_normals" value="true"/>
        <ref id="mat-Material" name="bsdf"/>
        <transform name="to_world">
            <matrix value="1.0 -0.0007175396257584638 -8.828349095385988e-06 0.00040724560277816124 0.0007175543014784753 0.9999979141593124 0.0018649534939466246 -0.017573187183282324 7.490155613117812e-06 -0.001864958502199519 0.9999983452326863 -9.71322913367878e-06 0.0 0.0 0.0 1.0"/>
            <scale value="1"/>
        </transform>
    </shape>
    <shape name="temp12" type="ply">
        <string name="filename" value="meshes/Cube_008.ply"/>
        <boolean name="face_normals" value="true"/>
        <ref id="mat-Material" name="bsdf"/>
        <transform name="to_world">
            <matrix value="1.0 -0.00014282126639731513 4.619921223620055e-05 -3.640445805963566e-05 0.0001428127554177371 1.0 0.0001817263099965439 -0.017823246658984215 -4.622518070943412e-05 -0.00018171969221334814 1.0 0.00014444324291651434 0.0 0.0 0.0 1.0"/>
            <scale value="1"/>
        </transform>
    </shape>
    <shape name="temp13" type="ply">
        <string name="filename" value="meshes/Cube_009.ply"/>
        <boolean name="face_normals" value="true"/>
        <ref id="mat-Material" name="bsdf"/>
        <transform name="to_world">
            <matrix value="0.9999995567588077 -0.0009793877223245443 0.000217695041513384 0.00034671349852644084 0.0009792749283278992 0.9999993742477937 0.0005256557488271245 -0.01903438892609588 -0.0002182098552019673 -0.0005254420417877323 1.0 0.0003436551829336665 0.0 0.0 0.0 1.0"/>
            <scale value="1"/>
        </transform>
    </shape>
    <shape name="temp14" type="ply">
        <string name="filename" value="meshes/Cube_010.ply"/>
        <boolean name="face_normals" value="true"/>
        <ref id="mat-Material" name="bsdf"/>
        <transform name="to_world">
            <matrix value="0.9999995567588077 0.0006894078924039941 0.0008749724008451606 0.0016331362053549903 -0.0006895857822409211 0.9999997914159312 0.00020522967933918996 -0.01629303791540887 -0.0008748295737615398 -0.00020583284489897232 0.9999995272093389 0.0014801060820222034 0.0 0.0 0.0 1.0"/>
            <scale value="1"/>
        </transform>
    </shape>
    <shape name="temp15" type="ply">
        <string name="filename" value="meshes/Cube_011.ply"/>
        <boolean name="face_normals" value="true"/>
        <ref id="mat-Material" name="bsdf"/>
        <transform name="to_world">
            <matrix value="1.0 4.383206479455512e-05 -0.00021972402263532571 -0.000173759799929174 -4.3769269910837604e-05 1.0 0.00028540481045586004 -0.017279907586699228 0.00021973682110962772 -0.0002853951520890738 1.0 -0.0003484608953403523 0.0 0.0 0.0 1.0"/>
            <scale value="1"/>
        </transform>
    </shape>
    <shape name="temp16" type="ply">
        <string name="filename" value="meshes/Cube_012.ply"/>
        <boolean name="face_normals" value="true"/>
        <ref id="mat-Material" name="bsdf"/>
        <transform name="to_world">
            <matrix value="0.9999995567588077 0.001079503903650847 -0.00011372861154148194 -0.0006133654516267129 -0.0010793942488568809 0.9999989570796561 0.000980340891522438 -0.015091841214191382 0.00011478661482517681 -0.0009802158010775452 0.9999995272093389 -4.068582601779447e-05 0.0 0.0 0.0 1.0"/>
            <scale value="1"/>
        </transform>
    </shape>
    <shape name="temp17" type="ply">
        <string name="filename" value="meshes/Cube_013.ply"/>
        <boolean name="face_normals" value="true"/>
        <ref id="mat-Material" name="bsdf"/>
        <transform name="to_world">
            <matrix value="0.9999995567588077 0.00096325791628687 2.7527527054263605e-05 -0.00044674845137238073 -0.000963313812991222 0.9999972884071061 0.0020966634690258294 -0.014403010906723801 -2.550777710996105e-05 -0.0020966891450764774 0.9999978724420252 0.00015098822841852488 0.0 0.0 0.0 1.0"/>
            <scale value="1"/>
        </transform>
    </shape>
    <shape name="temp18" type="ply">
        <string name="filename" value="meshes/Cube_014.ply"/>
        <boolean name="face_normals" value="true"/>
        <ref id="mat-Material" name="bsdf"/>
        <transform name="to_world">
            <matrix value="1.0 0.0002550858010566869 -1.2459830523459635e-05 -4.307203748332711e-05 -0.0002550702359993405 0.9999991656637249 0.0012368298251478299 -0.016493235316643873 1.2775319266630852e-05 -0.0012368263516769117 0.9999992908140084 3.7477186634715665e-05 0.0 0.0 0.0 1.0"/>
            <scale value="1"/>
        </transform>
    </shape>
    <shape name="temp19" type="ply">
        <string name="filename" value="meshes/Cube_015.ply"/>
        <boolean name="face_normals" value="true"/>
        <ref id="mat-Material" name="bsdf"/>
        <transform name="to_world">
            <matrix value="1.0 -0.0002498086241169072 -1.7476470390775664e-05 0.0005928763409681626 0.00024980807656371063 1.0 -5.219443421377986e-05 -0.018053480266622013 1.7489499616153128e-05 5.2190237014077344e-05 1.0 -5.688261106540082e-05 0.0 0.0 0.0 1.0"/>
            <scale value="1"/>
        </transform>
    </shape>
    <shape name="temp20" type="ply">
        <string name="filename" value="meshes/Cube_016.ply"/>
        <boolean name="face_normals" value="true"/>
        <ref id="mat-Material" name="bsdf"/>
        <transform name="to_world">
            <matrix value="1.0 0.00015857082367762916 0.00029812760714500157 0.0005393161775691935 -0.00015912403129637412 0.99999833132745 0.0018558877330207872 -0.017334481048003336 -0.00029783370299648774 -0.0018559351553847022 0.9999983452326863 0.00046933711030733294 0.0 0.0 0.0 1.0"/>
            <scale value="1"/>
        </transform>
    </shape>
    <shape name="temp21" type="ply">
        <string name="filename" value="meshes/Cube_017.ply"/>
        <boolean name="face_normals" value="true"/>
        <ref id="mat-Material" name="bsdf"/>
        <transform name="to_world">
            <matrix value="1.0 -5.742507138789754e-05 5.47002247174012e-05 0.0004685204385554975 5.7408155992532276e-05 1.0 0.00030708462621879525 -0.01789723684018174 -5.471812519613423e-05 -0.0003070816377186743 1.0 1.0429853197602146e-05 0.0 0.0 0.0 1.0"/>
            <scale value="1"/>
        </transform>
    </shape>
    <shape name="temp22" type="ply">
        <string name="filename" value="meshes/Cube_018.ply"/>
        <boolean name="face_normals" value="true"/>
        <ref id="mat-Material" name="bsdf"/>
        <transform name="to_world">
            <matrix value="0.9999977837940383 -0.0022166541863865527 -0.0003265328700615242 0.0005727107666784748 0.002216250285890569 0.9999966626548998 -0.0012351608741142858 -0.01780822954268524 0.000329269254840637 0.0012344338924081657 0.9999992908140084 -0.00030379948292191816 0.0 0.0 0.0 1.0"/>
            <scale value="1"/>
        </transform>
    </shape>
    <shape name="temp23" type="ply">
        <string name="filename" value="meshes/Cube_019.ply"/>
        <boolean name="face_normals" value="true"/>
        <ref id="mat-Material" name="bsdf"/>
        <transform name="to_world">
            <matrix value="0.9999844865582677 0.0030591732144682254 -0.0047160868440797865 0.0027189046543844575 -0.003036454815106369 0.9999837304426362 0.004817193126947603 -0.0177719273755782 0.0047307442728805535 -0.004802792106344502 0.9999773060482691 -0.000892804933516067 0.0 0.0 0.0 1.0"/>
            <scale value="1"/>
        </transform>
    </shape>
    <shape name="temp24" type="ply">
        <string name="filename" value="meshes/Cube_020.ply"/>
        <boolean name="face_normals" value="true"/>
        <ref id="mat-Material" name="bsdf"/>
        <transform name="to_world">
            <matrix value="0.9997328901930155 0.023066347951980083 0.0014413882395210532 -0.0018495233107871656 -0.023079040780685563 0.9996884880539157 0.009501602968581848 -0.01920233171793273 -0.0012217707579111209 -0.009532327177706187 0.9999539029096509 3.392321032125167e-05 0.0 0.0 0.0 1.0"/>
            <scale value="1"/>
        </transform>
    </shape>
    <shape name="temp25" type="ply">
        <string name="filename" value="meshes/Cube_021.ply"/>
        <boolean name="face_normals" value="true"/>
        <ref id="mat-Material" name="bsdf"/>
        <transform name="to_world">
            <matrix value="0.9991489769106798 0.04017249902486948 0.00936525017008644 -0.006228459721907664 -0.04015900834534517 0.9991919453176006 -0.0016248585764935101 -0.019033047289662153 -0.009422953156497826 0.0012473765338750957 0.9999548484918688 -0.00430163509610082 0.0 0.0 0.0 1.0"/>
            <scale value="1"/>
        </transform>
    </shape>
    <shape name="temp26" type="ply">
        <string name="filename" value="meshes/Cube_022.ply"/>
        <boolean name="face_normals" value="true"/>
        <ref id="mat-Material" name="bsdf"/>
        <transform name="to_world">
            <matrix value="0.9993227274580827 0.03524344889586024 0.010592992958728686 -0.005390373708462737 -0.03527497797091274 0.9993736220414958 0.002804476003746393 -0.021543918671109608 -0.01048751212264661 -0.003176238937222453 0.9999399555860453 -0.007645762395451505 0.0 0.0 0.0 1.0"/>
            <scale value="1"/>
        </transform>
    </shape>
    <shape name="temp27" type="ply">
        <string name="filename" value="meshes/Cube_023.ply"/>
        <boolean name="face_normals" value="true"/>
        <ref id="mat-Material" name="bsdf"/>
        <transform name="to_world">
            <matrix value="0.9994889429052155 0.03106390390114784 0.007548031985233803 -0.0023387440121699354 -0.0311274061348127 0.9994795827484289 0.008447232543505014 -0.020029912963186958 -0.007281708145177448 -0.00867786693587917 0.9999359368654263 -0.006563299953571994 0.0 0.0 0.0 1.0"/>
            <scale value="1"/>
        </transform>
    </shape>
    <shape name="temp28" type="ply">
        <string name="filename" value="meshes/Cube_024.ply"/>
        <boolean name="face_normals" value="true"/>
        <ref id="mat-Material" name="bsdf"/>
        <transform name="to_world">
            <matrix value="0.9994716564987136 0.03156677923253578 0.007783268978644518 -0.0007318469908659253 -0.03161795445962693 0.9994785398280851 0.006540467807447493 -0.020949228762283667 -0.007572749176901106 -0.006783091341049553 0.9999484658179444 -0.007769673911941971 0.0 0.0 0.0 1.0"/>
            <scale value="1"/>
        </transform>
    </shape>
    <shape name="temp29" type="ply">
        <string name="filename" value="meshes/Cube_025.ply"/>
        <boolean name="face_normals" value="true"/>
        <ref id="mat-Material" name="bsdf"/>
        <transform name="to_world">
            <matrix value="0.9994920455935621 0.031561084887458464 0.0044114205420923164 0.00100097402966548 -0.03158774313995607 0.9994822943413229 0.006110181026816213 -0.02230348983693292 -0.004216291950562651 -0.006246431648043586 0.9999716325603364 -0.004971284447559232 0.0 0.0 0.0 1.0"/>
            <scale value="1"/>
        </transform>
    </shape>
    <shape name="temp30" type="ply">
        <string name="filename" value="meshes/Cube_026.ply"/>
        <boolean name="face_normals" value="true"/>
        <ref id="mat-Material" name="bsdf"/>
        <transform name="to_world">
            <matrix value="0.9995727154905705 0.027939251975812592 0.00859129185793019 0.005643886093569028 -0.028072468161985154 0.9994810428369102 0.015796408776696715 -0.011575650379769098 -0.008145492148425519 -0.016030832897044992 0.9998383055939173 -0.010683982087072774 0.0 0.0 0.0 1.0"/>
            <scale value="1"/>
        </transform>
    </shape>
    <shape name="temp31" type="ply">
        <string name="filename" value="meshes/Cube_027.ply"/>
        <boolean name="face_normals" value="true"/>
        <ref id="mat-Material" name="bsdf"/>
        <transform name="to_world">
            <matrix value="0.999813395458019 0.016411225577412848 0.010199560210127082 0.010814509990929144 -0.016717962969857825 0.9993871800059655 0.03075330681608112 0.02216442920487799 -0.00968861419754728 -0.03091808277867353 0.9994749659708921 -0.01473477590970318 0.0 0.0 0.0 1.0"/>
            <scale value="1"/>
        </transform>
    </shape>
    <shape name="temp32" type="ply">
        <string name="filename" value="meshes/Cube_028.ply"/>
        <boolean name="face_normals" value="true"/>
        <ref id="mat-Material" name="bsdf"/>
        <transform name="to_world">
            <matrix value="0.9998843140487955 0.011443579052319143 0.010044532152365301 0.014452846856925605 -0.011745133654949141 0.9994660247839591 0.030494595766348744 0.033247165101921605 -0.009690192136192061 -0.030609023763982956 0.9994846581794439 -0.01648268380049389 0.0 0.0 0.0 1.0"/>
            <scale value="1"/>
        </transform>
    </shape>
    <shape name="temp33" type="ply">
        <string name="filename" value="meshes/Cube_029.ply"/>
        <boolean name="face_normals" value="true"/>
        <ref id="mat-Material" name="bsdf"/>
        <transform name="to_world">
            <matrix value="0.9977700535612657 -0.06665276801488457 0.003608527441479154 0.0032006973917422243 0.06643170451059967 0.9968301479069631 0.04377743663304968 0.21315442133374846 -0.006514976233407266 -0.04344007275412319 0.9990347978654447 -0.014602917041778296 0.0 0.0 0.0 1.0"/>
            <scale value="1"/>
        </transform>
    </shape>
    <shape name="temp34" type="ply">
        <string name="filename" value="meshes/Cube_030.ply"/>
        <boolean name="face_normals" value="true"/>
        <ref id="mat-Material" name="bsdf"/>
        <transform name="to_world">
            <matrix value="0.9999787551069933 -0.00647178574264961 3.2100641501615935e-05 0.000655336998476308 0.006471814123529691 0.9999785021470667 -0.0010181102425842017 0.03569133684509834 -2.5510876900909912e-05 0.001018295543619667 0.9999994577946675 -6.449437688416104e-05 0.0 0.0 0.0 1.0"/>
            <scale value="1"/>
        </transform>
    </shape>
    <shape name="temp35" type="ply">
        <string name="filename" value="meshes/Cube_031.ply"/>
        <boolean name="face_normals" value="true"/>
        <ref id="mat-Material" name="bsdf"/>
        <transform name="to_world">
            <matrix value="0.9998763357073331 -0.011358912692966338 -0.010906925957672942 -0.014089825692253921 0.011718871614302151 0.9993692417760517 0.03352650771759835 0.08688875799573104 0.010519221597547635 -0.033650158628184296 0.9993785166760357 0.027486011847983827 0.0 0.0 0.0 1.0"/>
            <scale value="1"/>
        </transform>
    </shape>
    <shape name="temp36" type="ply">
        <string name="filename" value="meshes/Cube_032.ply"/>
        <boolean name="face_normals" value="true"/>
        <ref id="mat-Material" name="bsdf"/>
        <transform name="to_world">
            <matrix value="0.9996192558157677 -0.026248260930326665 -0.008510326457223555 -0.009372914138208621 0.026404821932283384 0.9994737423945035 0.018838131134163334 0.10589568495774115 0.008011376228442965 -0.019055679431316395 0.9997865350165311 0.022336069164942574 0.0 0.0 0.0 1.0"/>
            <scale value="1"/>
        </transform>
    </shape>
    <shape name="temp37" type="ply">
        <string name="filename" value="meshes/Cube_033.ply"/>
        <boolean name="face_normals" value="true"/>
        <ref id="mat-Material" name="bsdf"/>
        <transform name="to_world">
            <matrix value="0.9995204130298727 -0.030973065539200248 -0.00021487697277813213 -0.000522823600344946 0.0309737211161877 0.999474993898916 0.009509002170581924 0.10885065445563286 -7.975903635818852e-05 -0.009511091457856632 0.9999548484918688 -0.0002784056960429826 0.0 0.0 0.0 1.0"/>
            <scale value="1"/>
        </transform>
    </shape>
    <shape name="temp38" type="ply">
        <string name="filename" value="meshes/Cube_034.ply"/>
        <boolean name="face_normals" value="true"/>
        <ref id="mat-Material" name="bsdf"/>
        <transform name="to_world">
            <matrix value="0.999485840216869 -0.03203484188284667 -0.0015736057048812324 -0.0007622345736546521 0.032033089727974015 0.9994860488545606 -0.0011276175463961295 0.10537412121011641 0.0016089212041267527 0.0010766317010239392 0.9999983452326863 0.00445153124595582 0.0 0.0 0.0 1.0"/>
            <scale value="1"/>
        </transform>
    </shape>
    <shape name="temp39" type="ply">
        <string name="filename" value="meshes/Cube_035.ply"/>
        <boolean name="face_normals" value="true"/>
        <ref id="mat-Material" name="bsdf"/>
        <transform name="to_world">
            <matrix value="0.9994884996640232 -0.031906875556658734 -0.002231645202758639 -0.0011438741318339218 0.03191407946782689 0.9994852145182855 0.0032713095024776598 0.10560020116743835 0.002126117189425329 -0.003340865999336703 0.9999921989540925 0.005972020085600792 0.0 0.0 0.0 1.0"/>
            <scale value="1"/>
        </transform>
    </shape>
    <shape name="temp40" type="ply">
        <string name="filename" value="meshes/Cube_036.ply"/>
        <boolean name="face_normals" value="true"/>
        <ref id="mat-Material" name="bsdf"/>
        <transform name="to_world">
            <matrix value="0.9994091594905917 -0.032349449233766425 0.01162292013478316 -0.0031963329355630954 0.03209991277013335 0.999262863900981 0.021051595172050883 0.10014099786663322 -0.012295368838725805 -0.020666054820064953 0.9997108885107614 -0.054193447099577685 0.0 0.0 0.0 1.0"/>
            <scale value="1"/>
        </transform>
    </shape>
    <shape name="temp41" type="ply">
        <string name="filename" value="meshes/Cube_037.ply"/>
        <boolean name="face_normals" value="true"/>
        <ref id="mat-Material" name="bsdf"/>
        <transform name="to_world">
            <matrix value="0.9994552565745966 -0.032901425254941885 0.00271048522032754 -0.0035207253940225947 0.030532022403182826 0.9524528443566537 0.30315242629075395 -0.08530404554872356 -0.012555768606822013 -0.30290432457349775 0.9529384175980249 -0.01863553941994911 0.0 0.0 0.0 1.0"/>
            <scale value="1"/>
        </transform>
    </shape>
    <shape name="temp42" type="ply">
        <string name="filename" value="meshes/Cube_038.ply"/>
        <boolean name="face_normals" value="true"/>
        <ref id="mat-Material" name="bsdf"/>
        <transform name="to_world">
            <matrix value="0.9992965762277337 -0.036716490447892575 0.0076588541161864135 -0.010760422445879936 0.02675224767608643 0.8408657907526339 0.5405819863921392 -0.42549047422687314 -0.026288342579344606 -0.539996620938086 0.8412565168282745 0.06647240078721894 0.0 0.0 0.0 1.0"/>
            <scale value="1"/>
        </transform>
    </shape>
    <shape name="temp43" type="ply">
        <string name="filename" value="meshes/Cube_039.ply"/>
        <boolean name="face_normals" value="true"/>
        <ref id="mat-Material" name="bsdf"/>
        <transform name="to_world">
            <matrix value="0.9999843014038792 -0.005607660671016053 -0.0002807017093866748 0.003947571465118926 0.00437354100172418 0.7466073949225243 0.665250709617864 -0.9808389236351136 -0.0035209177319126452 -0.6652414574975948 0.7466200329855252 0.5472308721374806 0.0 0.0 0.0 1.0"/>
            <scale value="1"/>
        </transform>
    </shape>
    <shape name="temp47" type="ply">
        <string name="filename" value="meshes/Plane_001.ply"/>
        <boolean name="face_normals" value="true"/>
        <ref id="mat-Material.002" name="bsdf"/>
        <transform name="to_world">
            <scale value="1"/>
        </transform>
    </shape>
    <shape name="temp49" type="ply">
        <string name="filename" value="meshes/Plane_002.ply"/>
        <boolean name="face_normals" value="true"/>
        <ref id="mat-Material.003" name="bsdf"/>
        <transform name="to_world">
            <scale value="1"/>
        </transform>
    </shape>
    <shape name="temp51" type="ply">
        <string name="filename" value="meshes/Plane_003.ply"/>
        <boolean name="face_normals" value="true"/>
        <ref id="mat-Material.004" name="bsdf"/>
        <transform name="to_world">
            <scale value="1"/>
        </transform>
    </shape>
    <shape name="temp53" type="ply">
        <string name="filename" value="meshes/Plane_004.ply"/>
        <boolean name="face_normals" value="true"/>
        <ref id="mat-Material.005" name="bsdf"/>
        <transform name="to_world">
            <scale value="1"/>
        </transform>
    </shape>
    <emitter type="point">
        <rgb name="intensity" value="100"/>
        <animation name="to_world">
            <transform time="0">
                <rotate angle="-142.5518126578256" x="1"/>
                <rotate angle="3.976628485794621e-06" y="1"/>
                <rotate angle="-179.999991348578" z="1"/>
                <translate value="-0.000000 3.030926 4.073377"/>
                <translate x="1.5" y="0.0" z="0.0"/>
            </transform>
            <transform time="0.0015">
                <rotate angle="-142.5518126578256" x="1"/>
                <rotate angle="3.976628485794621e-06" y="1"/>
                <rotate angle="-179.999991348578" z="1"/>
                <translate value="-0.000000 3.030926 4.073377"/>
                <translate x="1.65" y="0.0" z="0.0"/>
            </transform>
        </animation>
    </emitter>
</scene>
