
<scene version="2.1.0">
    <default name="spp" value="1024"/>
    <default name="resx" value="1280"/>
    <default name="resy" value="720"/>
    <integrator name="temp0" type="path">
        <integer name="max_depth" value="12"/>
    </integrator>
    <sensor name="temp44" type="perspective">
        <string name="fov_axis" value="x"/>
        <float name="fov" value="83.974423"/>
        <float name="principal_point_offset_x" value="0.000000"/>
        <float name="principal_point_offset_y" value="-0.000000"/>
        <float name="near_clip" value="0.100000"/>
        <float name="far_clip" value="1000.000000"/>
        <sampler name="sampler" type="independent">
            <integer name="sample_count" value="$spp"/>
        </sampler>
        <film name="film" type="hdrfilm">
            <integer name="width" value="$resx"/>
            <integer name="height" value="$resy"/>
        </film>
        <float name="shutter_open" value="0.0"/>
        <float name="shutter_close" value="0.0015"/>
        <animation name="to_world">
            <transform time="0">
                <rotate angle="-142.5518126578256" x="1"/>
                <rotate angle="3.976628485794621e-06" y="1"/>
                <rotate angle="-179.999991348578" z="1"/>
                <translate value="-0.000000 3.030926 4.073377"/>
                <translate x="40.05" y="0.0" z="0.0"/>
            </transform>
            <transform time="0.0015">
                <rotate angle="-142.5518126578256" x="1"/>
                <rotate angle="3.976628485794621e-06" y="1"/>
                <rotate angle="-179.999991348578" z="1"/>
                <translate value="-0.000000 3.030926 4.073377"/>
                <translate x="40.199999999999996" y="0.0" z="0.0"/>
            </transform>
        </animation>
    </sensor>
    <bsdf id="mat-Material" name="mat-Material" type="twosided">
        <bsdf name="bsdf" type="diffuse">
            <texture name="reflectance" type="bitmap">
                <string name="filename" value="textures/siggraph_2023_logo.jpg"/>
            </texture>
        </bsdf>
    </bsdf>
    <bsdf id="mat-Material.001" name="mat-Material.001" type="twosided">
        <bsdf name="bsdf" type="principled">
            <rgb name="base_color" value="0.433648 0.266232 0.084399"/>
            <float name="spec_tint" value="0.000000"/>
            <float name="spec_trans" value="0.000000"/>
            <float name="metallic" value="0.000000"/>
            <float name="anisotropic" value="0.000000"/>
            <float name="roughness" value="0.500000"/>
            <float name="sheen" value="0.000000"/>
            <float name="sheen_tint" value="0.500000"/>
            <float name="clearcoat" value="0.000000"/>
            <float name="clearcoat_gloss" value="0.173205"/>
            <float name="specular" value="0.500000"/>
        </bsdf>
    </bsdf>
    <bsdf id="mat-Material.002" name="mat-Material.002" type="twosided">
        <bsdf name="bsdf" type="principled">
            <rgb name="base_color" value="0.433648 0.266232 0.084399"/>
            <float name="spec_tint" value="0.000000"/>
            <float name="spec_trans" value="0.000000"/>
            <float name="metallic" value="0.000000"/>
            <float name="anisotropic" value="0.000000"/>
            <float name="roughness" value="0.500000"/>
            <float name="sheen" value="0.000000"/>
            <float name="sheen_tint" value="0.500000"/>
            <float name="clearcoat" value="0.000000"/>
            <float name="clearcoat_gloss" value="0.173205"/>
            <float name="specular" value="0.500000"/>
        </bsdf>
    </bsdf>
    <bsdf id="mat-Material.003" name="mat-Material.003" type="twosided">
        <bsdf name="bsdf" type="principled">
            <rgb name="base_color" value="0.433648 0.266232 0.084399"/>
            <float name="spec_tint" value="0.000000"/>
            <float name="spec_trans" value="0.000000"/>
            <float name="metallic" value="0.000000"/>
            <float name="anisotropic" value="0.000000"/>
            <float name="roughness" value="0.500000"/>
            <float name="sheen" value="0.000000"/>
            <float name="sheen_tint" value="0.500000"/>
            <float name="clearcoat" value="0.000000"/>
            <float name="clearcoat_gloss" value="0.173205"/>
            <float name="specular" value="0.500000"/>
        </bsdf>
    </bsdf>
    <bsdf id="mat-Material.004" name="mat-Material.004" type="twosided">
        <bsdf name="bsdf" type="principled">
            <rgb name="base_color" value="0.433648 0.266232 0.084399"/>
            <float name="spec_tint" value="0.000000"/>
            <float name="spec_trans" value="0.000000"/>
            <float name="metallic" value="0.000000"/>
            <float name="anisotropic" value="0.000000"/>
            <float name="roughness" value="0.500000"/>
            <float name="sheen" value="0.000000"/>
            <float name="sheen_tint" value="0.500000"/>
            <float name="clearcoat" value="0.000000"/>
            <float name="clearcoat_gloss" value="0.173205"/>
            <float name="specular" value="0.500000"/>
        </bsdf>
    </bsdf>
    <bsdf id="mat-Material.005" name="mat-Material.005" type="twosided">
        <bsdf name="bsdf" type="principled">
            <rgb name="base_color" value="0.433648 0.266232 0.084399"/>
            <float name="spec_tint" value="0.000000"/>
            <float name="spec_trans" value="0.000000"/>
            <float name="metallic" value="0.000000"/>
            <float name="anisotropic" value="0.000000"/>
            <float name="roughness" value="0.500000"/>
            <float name="sheen" value="0.000000"/>
            <float name="sheen_tint" value="0.500000"/>
            <float name="clearcoat" value="0.000000"/>
            <float name="clearcoat_gloss" value="0.173205"/>
            <float name="specular" value="0.500000"/>
        </bsdf>
    </bsdf>
    <emitter name="temp45" type="point">
        <point name="position" x="-6.815235034541981e-16" y="3.0693089962005615" z="4.109199523925781"/>
        <rgb name="intensity" value="7.957747 7.957747 7.957747"/>
    </emitter>
    <shape name="temp2" type="ply">
        <string name="filename" value="meshes/Cube.ply"/>
        <boolean name="face_normals" value="true"/>
        <ref id="mat-Material" name="bsdf"/>
        <transform name="to_world">
            <matrix value="0.9996338827751153 -0.006174606766884359 0.022968524907321212 -0.12969845120127999 0.011156334271231697 -0.741176789599164 -0.6701984917032331 1.624980846579252 0.021484173186744608 0.6701987597591271 -0.740943813085049 3.759720387939968 0.0 0.0 0.0 1.0"/>
        </transform>
    </shape>
    <shape name="temp4" type="ply">
        <string name="filename" value="meshes/Plane.ply"/>
        <boolean name="face_normals" value="true"/>
        <ref id="mat-Material.001" name="bsdf"/>
    </shape>
    <shape name="temp5" type="ply">
        <string name="filename" value="meshes/Cube_001.ply"/>
        <boolean name="face_normals" value="true"/>
        <ref id="mat-Material" name="bsdf"/>
        <transform name="to_world">
            <matrix value="0.9980018687048671 -0.032000050060176505 -0.05448502222825293 0.04890002628963086 -0.054513325603206944 -1.212539865630143e-05 -0.9985130733709643 1.1728996446985915 0.03195181702294394 0.9994877175271109 -0.0017565307755988957 1.0459765621487183 0.0 0.0 0.0 1.0"/>
        </transform>
    </shape>
    <shape name="temp6" type="ply">
        <string name="filename" value="meshes/Cube_002.ply"/>
        <boolean name="face_normals" value="true"/>
        <ref id="mat-Material" name="bsdf"/>
        <transform name="to_world">
            <matrix value="0.9997677416152064 -0.020444341427090482 0.006835678296213751 -0.034236568251428734 0.011159558850906073 0.21954776888050848 -0.9755379293943882 0.6536335519968646 0.018443474337221447 0.9753872884696813 0.21972499185618088 0.5320851228213146 0.0 0.0 0.0 1.0"/>
        </transform>
    </shape>
    <shape name="temp7" type="ply">
        <string name="filename" value="meshes/Cube_003.ply"/>
        <boolean name="face_normals" value="true"/>
        <ref id="mat-Material" name="bsdf"/>
        <transform name="to_world">
            <matrix value="0.9950848984179835 -0.06189973155230351 0.07729700614769697 -0.056683842636251036 0.0892932873780865 0.22338602862190593 -0.9706313079139011 0.14074234046018466 0.0428148829754604 0.97276246654833 0.22781536200871733 0.20321762003748678 0.0 0.0 0.0 1.0"/>
        </transform>
    </shape>
    <shape name="temp8" type="ply">
        <string name="filename" value="meshes/Cube_004.ply"/>
        <boolean name="face_normals" value="true"/>
        <ref id="mat-Material" name="bsdf"/>
        <transform name="to_world">
            <matrix value="0.9825444969833004 -0.1395533067875342 0.12299091154512243 0.03172257179860649 0.152467767500492 0.2254158644871022 -0.9622578307135214 -0.35089146315134173 0.10656209720456644 0.9642136484899557 0.2427607475955049 -0.26687402911093094 0.0 0.0 0.0 1.0"/>
        </transform>
    </shape>
    <shape name="temp9" type="ply">
        <string name="filename" value="meshes/Cube_005.ply"/>
        <boolean name="face_normals" value="true"/>
        <ref id="mat-Material" name="bsdf"/>
        <transform name="to_world">
            <matrix value="0.9799322550161605 -0.18103648552530854 0.08339183329779523 0.0951430485018101 0.12310483363385086 0.22066473656875038 -0.9675490673967815 -0.6087955894650263 0.15675978277635647 0.9583991589890348 0.23852525245839323 -0.7082651162171036 0.0 0.0 0.0 1.0"/>
        </transform>
    </shape>
    <shape name="temp10" type="ply">
        <string name="filename" value="meshes/Cube_006.ply"/>
        <boolean name="face_normals" value="true"/>
        <ref id="mat-Material" name="bsdf"/>
        <transform name="to_world">
            <matrix value="0.9860518645383998 -0.15450671953577533 -0.06188264768443682 0.03869123227955673 -0.026472296538995476 0.22148196895017552 -0.9748051038697443 -0.5602509667994494 0.16431988184962776 0.9628463799191945 0.21430262668307565 -1.050446783775807 0.0 0.0 0.0 1.0"/>
        </transform>
    </shape>
    <shape name="temp11" type="ply">
        <string name="filename" value="meshes/Cube_007.ply"/>
        <boolean name="face_normals" value="true"/>
        <ref id="mat-Material" name="bsdf"/>
        <transform name="to_world">
            <matrix value="0.9264359241667508 -0.25596154126940096 -0.27592240275996277 0.18660076425050764 -0.22649491956945322 0.2063148201066699 -0.9518761751802869 -0.3523611455280942 0.300597001561982 0.9444078611163838 0.13315658448461798 -1.783308515096754 0.0 0.0 0.0 1.0"/>
        </transform>
    </shape>
    <shape name="temp12" type="ply">
        <string name="filename" value="meshes/Cube_008.ply"/>
        <boolean name="face_normals" value="true"/>
        <ref id="mat-Material" name="bsdf"/>
        <transform name="to_world">
            <matrix value="0.3987968217833544 0.8769467672598104 -0.26817407301117063 1.6480090559339877 -0.4971787698106651 -0.0389727026029206 -0.8667680645037754 0.12406475848534829 -0.7705597427073527 0.47899923449646764 0.4204604177294607 0.9326164364470234 0.0 0.0 0.0 1.0"/>
        </transform>
    </shape>
    <shape name="temp13" type="ply">
        <string name="filename" value="meshes/Cube_009.ply"/>
        <boolean name="face_normals" value="true"/>
        <ref id="mat-Material" name="bsdf"/>
        <transform name="to_world">
            <matrix value="-0.07656439762635478 0.9904990999597433 0.11423372926399258 2.6243140526976965 -0.8307909018539892 -2.856062391666649e-05 -0.5565841773040625 0.9201230900742465 -0.5512929788822166 -0.1375189237896388 0.8228997102266038 0.936802328938936 0.0 0.0 0.0 1.0"/>
        </transform>
    </shape>
    <shape name="temp14" type="ply">
        <string name="filename" value="meshes/Cube_010.ply"/>
        <boolean name="face_normals" value="true"/>
        <ref id="mat-Material" name="bsdf"/>
        <transform name="to_world">
            <matrix value="0.03311076420100456 0.9956197345559141 0.08739405352273957 1.881684387543555 -0.9981917975557908 0.0285954261685401 0.05249430169055756 1.9512873018946562 0.04976319174436685 -0.08896050043489778 0.9947734174396401 -0.2067503250982765 0.0 0.0 0.0 1.0"/>
        </transform>
    </shape>
    <shape name="temp15" type="ply">
        <string name="filename" value="meshes/Cube_011.ply"/>
        <boolean name="face_normals" value="true"/>
        <ref id="mat-Material" name="bsdf"/>
        <transform name="to_world">
            <matrix value="0.07331160565008413 0.9945605446547204 0.07366370447557824 1.4343667814611722 -0.8584077092054103 0.025386276836947747 0.5122810920140457 2.2091709526452097 0.5076208674407431 -0.10078366077555728 0.8556029948451633 -1.2252024230219756 0.0 0.0 0.0 1.0"/>
        </transform>
    </shape>
    <shape name="temp16" type="ply">
        <string name="filename" value="meshes/Cube_012.ply"/>
        <boolean name="face_normals" value="true"/>
        <ref id="mat-Material" name="bsdf"/>
        <transform name="to_world">
            <matrix value="0.09546480044395037 0.9900138291237592 0.10372486940339964 1.0997897391606042 -0.7366010403757267 0.00016929465211306093 0.6763188850083282 1.8476844976360074 0.6695475127963733 -0.14096974905250687 0.7292613922455713 -1.8306818362900161 0.0 0.0 0.0 1.0"/>
        </transform>
    </shape>
    <shape name="temp17" type="ply">
        <string name="filename" value="meshes/Cube_013.ply"/>
        <boolean name="face_normals" value="true"/>
        <ref id="mat-Material" name="bsdf"/>
        <transform name="to_world">
            <matrix value="0.9132224609814779 0.17650514264021544 0.3671845930761699 0.6471775176242311 -0.390801238238595 0.12486001923145115 0.9119412028078091 1.470211033958964 0.11511350520453809 -0.9763481309824518 0.1830052087347129 -1.4127192337960657 0.0 0.0 0.0 1.0"/>
        </transform>
    </shape>
    <shape name="temp18" type="ply">
        <string name="filename" value="meshes/Cube_014.ply"/>
        <boolean name="face_normals" value="true"/>
        <ref id="mat-Material" name="bsdf"/>
        <transform name="to_world">
            <matrix value="0.9383143448806529 0.30109141613981805 0.17000995460736862 0.11334792857585979 -0.21691873793275854 0.12968746806056447 0.9675366566419288 1.0263356297716295 0.26926882489668047 -0.9447316878831429 0.18700141269849524 -0.8708683262105252 0.0 0.0 0.0 1.0"/>
        </transform>
    </shape>
    <shape name="temp19" type="ply">
        <string name="filename" value="meshes/Cube_015.ply"/>
        <boolean name="face_normals" value="true"/>
        <ref id="mat-Material" name="bsdf"/>
        <transform name="to_world">
            <matrix value="0.983717534798866 0.12524754757281148 0.1288914217335248 0.027472454081744035 -0.14939435523476713 0.17119311130254494 0.973845220630126 0.6392401300740399 0.0999064096222344 -0.9772441038498362 0.18711696273605846 -0.2933031369554556 0.0 0.0 0.0 1.0"/>
        </transform>
    </shape>
    <shape name="temp20" type="ply">
        <string name="filename" value="meshes/Cube_016.ply"/>
        <boolean name="face_normals" value="true"/>
        <ref id="mat-Material" name="bsdf"/>
        <transform name="to_world">
            <matrix value="0.98512371748161 0.020603768488370394 0.1706071364913543 0.05836652479563509 -0.17159098766548408 0.1720827745018491 0.970022826333116 0.3286911660055584 -0.00937243474159925 -0.9848668086428896 0.17305830785385662 0.17590231500514406 0.0 0.0 0.0 1.0"/>
        </transform>
    </shape>
    <shape name="temp21" type="ply">
        <string name="filename" value="meshes/Cube_017.ply"/>
        <boolean name="face_normals" value="true"/>
        <ref id="mat-Material" name="bsdf"/>
        <transform name="to_world">
            <matrix value="0.9458527694596182 -0.09987001040834503 0.308841279919966 0.2073072043124357 -0.2904048033161533 0.1646572233705934 0.9426308720009116 0.1321525158133638 -0.1449936572185374 -0.9812787454919769 0.1267390186095132 0.4236429445671792 0.0 0.0 0.0 1.0"/>
        </transform>
    </shape>
    <shape name="temp22" type="ply">
        <string name="filename" value="meshes/Cube_018.ply"/>
        <boolean name="face_normals" value="true"/>
        <ref id="mat-Material" name="bsdf"/>
        <transform name="to_world">
            <matrix value="0.25299963476925746 0.9562516817090545 0.1468061336078041 0.8502474172806544 -0.4930003350903414 -0.0031342582646222646 0.8699472271064124 -0.0758165790762915 0.8323511108510764 -0.2925237212232204 0.47064655541272027 -0.13925716638563454 0.0 0.0 0.0 1.0"/>
        </transform>
    </shape>
    <shape name="temp23" type="ply">
        <string name="filename" value="meshes/Cube_019.ply"/>
        <boolean name="face_normals" value="true"/>
        <ref id="mat-Material" name="bsdf"/>
        <transform name="to_world">
            <matrix value="-0.08032753751150211 0.9839994117929262 -0.15903614059092214 0.504821905488569 -0.9136284699136743 -0.00889098562230014 0.40645115765157314 -0.04602247436696285 0.3985336694874536 0.17794958731641997 0.8997240557306719 -0.05798342428999809 0.0 0.0 0.0 1.0"/>
        </transform>
    </shape>
    <shape name="temp24" type="ply">
        <string name="filename" value="meshes/Cube_020.ply"/>
        <boolean name="face_normals" value="true"/>
        <ref id="mat-Material" name="bsdf"/>
        <transform name="to_world">
            <matrix value="0.09601118020553925 0.9462388327371123 -0.3088889135105606 0.12475063596666745 -0.9606828035440855 0.006871563391950532 -0.27756062317625285 0.14291481887590035 -0.2605157910382718 0.32339281544616477 0.909695683349683 0.11431963129979089 0.0 0.0 0.0 1.0"/>
        </transform>
    </shape>
    <shape name="temp25" type="ply">
        <string name="filename" value="meshes/Cube_021.ply"/>
        <boolean name="face_normals" value="true"/>
        <ref id="mat-Material" name="bsdf"/>
        <transform name="to_world">
            <matrix value="0.187563073221672 0.9382582813089901 -0.29067252580373226 -0.167123922609405 -0.798854930703672 -0.026475627994485038 -0.6009398605551224 0.09293096762955502 -0.5715331446898819 0.3449201435892729 0.7445668079207565 0.3051301988717596 0.0 0.0 0.0 1.0"/>
        </transform>
    </shape>
    <shape name="temp26" type="ply">
        <string name="filename" value="meshes/Cube_022.ply"/>
        <boolean name="face_normals" value="true"/>
        <ref id="mat-Material" name="bsdf"/>
        <transform name="to_world">
            <matrix value="0.6378229676948088 0.40005287606143225 -0.6581337014166226 -0.08397197631198738 -0.7117221338694779 -0.020411270422987633 -0.7021645774835339 -0.19543762843771045 -0.29433635269233566 0.9162647599301661 0.27170771041193775 0.6852772035601471 0.0 0.0 0.0 1.0"/>
        </transform>
    </shape>
    <shape name="temp27" type="ply">
        <string name="filename" value="meshes/Cube_023.ply"/>
        <boolean name="face_normals" value="true"/>
        <ref id="mat-Material" name="bsdf"/>
        <transform name="to_world">
            <matrix value="0.856674414522709 0.28304712122697495 -0.43126983061328983 -0.06567883979180889 -0.4803571016990321 0.13292358731224824 -0.8669420514670457 -0.2871386942712333 -0.18805956984328764 0.9498502366386261 0.24983594164061196 0.20455574385705572 0.0 0.0 0.0 1.0"/>
        </transform>
    </shape>
    <shape name="temp28" type="ply">
        <string name="filename" value="meshes/Cube_024.ply"/>
        <boolean name="face_normals" value="true"/>
        <ref id="mat-Material" name="bsdf"/>
        <transform name="to_world">
            <matrix value="0.8548145744795905 0.4445228952303081 -0.26775198914850873 -0.19294158319562582 -0.3769899091710148 0.17738153989274608 -0.9090733728554807 -0.5115869575411952 -0.35660978995686377 0.878029109992637 0.31920898812869924 -0.3444753338516495 0.0 0.0 0.0 1.0"/>
        </transform>
    </shape>
    <shape name="temp29" type="ply">
        <string name="filename" value="meshes/Cube_025.ply"/>
        <boolean name="face_normals" value="true"/>
        <ref id="mat-Material" name="bsdf"/>
        <transform name="to_world">
            <matrix value="0.9007975238774031 0.36182567377868813 -0.24009586303443664 -0.26344788919711437 -0.3211344713994188 0.18290307306908515 -0.9292036172267897 -0.793085421062634 -0.2922954486221404 0.9141270861014177 0.28095336818430894 -0.6999716618682881 0.0 0.0 0.0 1.0"/>
        </transform>
    </shape>
    <shape name="temp30" type="ply">
        <string name="filename" value="meshes/Cube_026.ply"/>
        <boolean name="face_normals" value="true"/>
        <ref id="mat-Material" name="bsdf"/>
        <transform name="to_world">
            <matrix value="0.9231523934137905 0.23482811629813338 -0.3043773086958968 -0.3326729769950224 -0.3501816402406268 0.18695856268889893 -0.9178341838049341 -1.1478495176169647 -0.15862737954034115 0.9538879027497638 0.2548238831148016 -0.8893700368760312 0.0 0.0 0.0 1.0"/>
        </transform>
    </shape>
    <shape name="temp31" type="ply">
        <string name="filename" value="meshes/Cube_027.ply"/>
        <boolean name="face_normals" value="true"/>
        <ref id="mat-Material" name="bsdf"/>
        <transform name="to_world">
            <matrix value="0.8727255078214341 0.17312504823506591 -0.4564844657536449 -0.5969268642769139 -0.48390702040859745 0.18286192986152106 -0.8558012123298131 -1.5839316056681985 -0.06468701852925482 0.9677753257561694 0.2433646194673446 -1.0278296111789702 0.0 0.0 0.0 1.0"/>
        </transform>
    </shape>
    <shape name="temp32" type="ply">
        <string name="filename" value="meshes/Cube_028.ply"/>
        <boolean name="face_normals" value="true"/>
        <ref id="mat-Material" name="bsdf"/>
        <transform name="to_world">
            <matrix value="-0.10564775711091845 0.9845777111235798 0.13944636686380463 -1.4862782809078863 -0.7972865217445264 -6.252286602853848e-05 -0.6036009627909023 -2.1220464521004727 -0.5942833853698493 -0.17494778097838445 0.7849972649060257 -1.3581502178858489 0.0 0.0 0.0 1.0"/>
        </transform>
    </shape>
    <shape name="temp33" type="ply">
        <string name="filename" value="meshes/Cube_029.ply"/>
        <boolean name="face_normals" value="true"/>
        <ref id="mat-Material" name="bsdf"/>
        <transform name="to_world">
            <matrix value="-0.0027104354046880736 0.9773485001762536 0.21161684477478854 -1.5873284339365175 -0.9988861348836138 -0.01261312869845627 0.04545853838658295 -1.8281442935598773 0.04709776748276235 -0.2112585336957134 0.9762946308474159 -0.1289468430733518 0.0 0.0 0.0 1.0"/>
        </transform>
    </shape>
    <shape name="temp34" type="ply">
        <string name="filename" value="meshes/Cube_030.ply"/>
        <boolean name="face_normals" value="true"/>
        <ref id="mat-Material" name="bsdf"/>
        <transform name="to_world">
            <matrix value="-0.042730021470338254 0.9786006310036224 -0.2012830070058771 -3.2278024279791797 -0.9745188953252168 0.003576838972242927 0.22426908977482027 -1.910615692886077 0.2201897776108318 0.20573777556881007 0.9535121842358918 0.2550535786374225 0.0 0.0 0.0 1.0"/>
        </transform>
    </shape>
    <shape name="temp35" type="ply">
        <string name="filename" value="meshes/Cube_031.ply"/>
        <boolean name="face_normals" value="true"/>
        <ref id="mat-Material" name="bsdf"/>
        <transform name="to_world">
            <matrix value="0.1350170736507295 0.9769731531445092 0.16520375386329067 -1.8920389254696395 -0.7764116345494099 0.0007341147587829537 0.6301916551502742 -1.173328358740775 0.615558740982258 -0.21336064394073712 0.7586323300873101 0.593280302167486 0.0 0.0 0.0 1.0"/>
        </transform>
    </shape>
    <shape name="temp36" type="ply">
        <string name="filename" value="meshes/Cube_032.ply"/>
        <boolean name="face_normals" value="true"/>
        <ref id="mat-Material" name="bsdf"/>
        <transform name="to_world">
            <matrix value="0.6794049752937359 0.6130547554038918 0.4030432825666481 -0.6867802594418473 -0.5115723626705814 0.002132189110660106 0.8591103923642417 -0.5020932343269663 0.5258176913516551 -0.7900372948314954 0.31506663275181657 -0.14234890089413677 0.0 0.0 0.0 1.0"/>
        </transform>
    </shape>
    <shape name="temp37" type="ply">
        <string name="filename" value="meshes/Cube_033.ply"/>
        <boolean name="face_normals" value="true"/>
        <ref id="mat-Material" name="bsdf"/>
        <transform name="to_world">
            <matrix value="0.976608610935292 0.1697769506260651 0.13195402961844377 -0.14405503376291606 -0.15010254384985117 0.09887295770123669 0.9837142528891055 0.30045771833453994 0.15396532435503973 -0.9805100089065397 0.12204411278704894 -0.38491971998110275 0.0 0.0 0.0 1.0"/>
        </transform>
    </shape>
    <shape name="temp38" type="ply">
        <string name="filename" value="meshes/Cube_034.ply"/>
        <boolean name="face_normals" value="true"/>
        <ref id="mat-Material" name="bsdf"/>
        <transform name="to_world">
            <matrix value="0.9999175571382221 -0.0012895699622254252 0.012781990079906349 -0.03389587137702299 -0.012348657511076597 0.17791462862649476 0.9839686142647561 0.36940295640864795 -0.003542999714552672 -0.9840450917039858 0.17788403485223636 -0.3770912964459657 0.0 0.0 0.0 1.0"/>
        </transform>
    </shape>
    <shape name="temp39" type="ply">
        <string name="filename" value="meshes/Cube_035.ply"/>
        <boolean name="face_normals" value="true"/>
        <ref id="mat-Material" name="bsdf"/>
        <transform name="to_world">
            <matrix value="0.9987524976641189 -0.049794899285182395 0.003763425481809143 0.008865355049608503 0.006500774785604235 0.20436989881586826 0.9788721673338531 0.09127161320907969 -0.04951199144721795 -0.9776263341558499 0.20443862964463635 -0.15740983206945006 0.0 0.0 0.0 1.0"/>
        </transform>
    </shape>
    <shape name="temp40" type="ply">
        <string name="filename" value="meshes/Cube_036.ply"/>
        <boolean name="face_normals" value="true"/>
        <ref id="mat-Material" name="bsdf"/>
        <transform name="to_world">
            <matrix value="0.9987531625259074 -0.04977560525882154 0.003841849632712575 0.002987508272951356 0.006557556198550779 0.20708686274959692 0.9783006816222961 -0.23957915829944842 -0.049491114787058074 -0.9770554395596374 0.20715507202729325 0.18058832742546682 0.0 0.0 0.0 1.0"/>
        </transform>
    </shape>
    <shape name="temp41" type="ply">
        <string name="filename" value="meshes/Cube_037.ply"/>
        <boolean name="face_normals" value="true"/>
        <ref id="mat-Material" name="bsdf"/>
        <transform name="to_world">
            <matrix value="0.9987332166722516 -0.050175335768204696 0.0038689523573578752 -0.00601830758787969 0.006616026360440192 0.20712578453682867 0.9782919349950664 -0.5704854502404308 -0.04988748322332087 -0.977026759250182 0.20719534197184908 0.5178771270418494 0.0 0.0 0.0 1.0"/>
        </transform>
    </shape>
    <shape name="temp42" type="ply">
        <string name="filename" value="meshes/Cube_038.ply"/>
        <boolean name="face_normals" value="true"/>
        <ref id="mat-Material" name="bsdf"/>
        <transform name="to_world">
            <matrix value="0.9989406535502733 -0.045852587381081014 0.003920273783616007 0.00991713561350216 0.005671018408693201 0.2071891002309026 0.9782844885421547 -0.9041239019741085 -0.045669134633625694 -0.9772257484517848 0.20722964293430907 0.8667076244847527 0.0 0.0 0.0 1.0"/>
        </transform>
    </shape>
    <shape name="temp43" type="ply">
        <string name="filename" value="meshes/Cube_039.ply"/>
        <boolean name="face_normals" value="true"/>
        <ref id="mat-Material" name="bsdf"/>
        <transform name="to_world">
            <matrix value="0.9999293051486753 -0.011272864125611853 -0.0037789389733310407 0.02222736337948561 0.008288080905844077 0.43301804504671393 0.9013471314244192 -1.319247256742755 -0.008524421736353028 -0.9013147438088582 0.43308081330096837 1.4756930570097988 0.0 0.0 0.0 1.0"/>
        </transform>
    </shape>
    <shape name="temp47" type="ply">
        <string name="filename" value="meshes/Plane_001.ply"/>
        <boolean name="face_normals" value="true"/>
        <ref id="mat-Material.002" name="bsdf"/>
    </shape>
    <shape name="temp49" type="ply">
        <string name="filename" value="meshes/Plane_002.ply"/>
        <boolean name="face_normals" value="true"/>
        <ref id="mat-Material.003" name="bsdf"/>
    </shape>
    <shape name="temp51" type="ply">
        <string name="filename" value="meshes/Plane_003.ply"/>
        <boolean name="face_normals" value="true"/>
        <ref id="mat-Material.004" name="bsdf"/>
    </shape>
    <shape name="temp53" type="ply">
        <string name="filename" value="meshes/Plane_004.ply"/>
        <boolean name="face_normals" value="true"/>
        <ref id="mat-Material.005" name="bsdf"/>
    </shape>
    <emitter type="point">
        <rgb name="intensity" value="100"/>
        <animation name="to_world">
            <transform time="0">
                <rotate angle="-142.5518126578256" x="1"/>
                <rotate angle="3.976628485794621e-06" y="1"/>
                <rotate angle="-179.999991348578" z="1"/>
                <translate value="-0.000000 3.030926 4.073377"/>
                <translate x="40.05" y="0.0" z="0.0"/>
            </transform>
            <transform time="0.0015">
                <rotate angle="-142.5518126578256" x="1"/>
                <rotate angle="3.976628485794621e-06" y="1"/>
                <rotate angle="-179.999991348578" z="1"/>
                <translate value="-0.000000 3.030926 4.073377"/>
                <translate x="40.199999999999996" y="0.0" z="0.0"/>
            </transform>
        </animation>
    </emitter>
</scene>
