
<scene version="2.1.0">
    <default name="spp" value="1024"/>
    <default name="resx" value="1280"/>
    <default name="resy" value="720"/>
    <integrator name="temp0" type="path">
        <integer name="max_depth" value="12"/>
    </integrator>
    <sensor name="temp44" type="perspective">
        <string name="fov_axis" value="x"/>
        <float name="fov" value="83.974423"/>
        <float name="principal_point_offset_x" value="0.000000"/>
        <float name="principal_point_offset_y" value="-0.000000"/>
        <float name="near_clip" value="0.100000"/>
        <float name="far_clip" value="1000.000000"/>
        <sampler name="sampler" type="independent">
            <integer name="sample_count" value="$spp"/>
        </sampler>
        <film name="film" type="hdrfilm">
            <integer name="width" value="$resx"/>
            <integer name="height" value="$resy"/>
        </film>
        <float name="shutter_open" value="0.0"/>
        <float name="shutter_close" value="0.0015"/>
        <animation name="to_world">
            <transform time="0">
                <rotate angle="-142.5518126578256" x="1"/>
                <rotate angle="3.976628485794621e-06" y="1"/>
                <rotate angle="-179.999991348578" z="1"/>
                <translate value="-0.000000 3.030926 4.073377"/>
            </transform>
            <transform time="0.0015">
                <rotate angle="-142.5518126578256" x="1"/>
                <rotate angle="3.976628485794621e-06" y="1"/>
                <rotate angle="-179.999991348578" z="1"/>
                <translate value="-0.000000 3.030926 4.073377"/>
                <translate x="0.15" y="0.0" z="0.0"/>
            </transform>
        </animation>
    </sensor>
    <bsdf id="mat-Material" name="mat-Material" type="twosided">
        <bsdf name="bsdf" type="diffuse">
            <texture name="reflectance" type="bitmap">
                <string name="filename" value="textures/siggraph_2023_logo.jpg"/>
            </texture>
        </bsdf>
    </bsdf>
    <bsdf id="mat-Material.001" name="mat-Material.001" type="twosided">
        <bsdf name="bsdf" type="principled">
            <rgb name="base_color" value="0.433648 0.266232 0.084399"/>
            <float name="spec_tint" value="0.000000"/>
            <float name="spec_trans" value="0.000000"/>
            <float name="metallic" value="0.000000"/>
            <float name="anisotropic" value="0.000000"/>
            <float name="roughness" value="0.500000"/>
            <float name="sheen" value="0.000000"/>
            <float name="sheen_tint" value="0.500000"/>
            <float name="clearcoat" value="0.000000"/>
            <float name="clearcoat_gloss" value="0.173205"/>
            <float name="specular" value="0.500000"/>
        </bsdf>
    </bsdf>
    <bsdf id="mat-Material.002" name="mat-Material.002" type="twosided">
        <bsdf name="bsdf" type="principled">
            <rgb name="base_color" value="0.433648 0.266232 0.084399"/>
            <float name="spec_tint" value="0.000000"/>
            <float name="spec_trans" value="0.000000"/>
            <float name="metallic" value="0.000000"/>
            <float name="anisotropic" value="0.000000"/>
            <float name="roughness" value="0.500000"/>
            <float name="sheen" value="0.000000"/>
            <float name="sheen_tint" value="0.500000"/>
            <float name="clearcoat" value="0.000000"/>
            <float name="clearcoat_gloss" value="0.173205"/>
            <float name="specular" value="0.500000"/>
        </bsdf>
    </bsdf>
    <bsdf id="mat-Material.003" name="mat-Material.003" type="twosided">
        <bsdf name="bsdf" type="principled">
            <rgb name="base_color" value="0.433648 0.266232 0.084399"/>
            <float name="spec_tint" value="0.000000"/>
            <float name="spec_trans" value="0.000000"/>
            <float name="metallic" value="0.000000"/>
            <float name="anisotropic" value="0.000000"/>
            <float name="roughness" value="0.500000"/>
            <float name="sheen" value="0.000000"/>
            <float name="sheen_tint" value="0.500000"/>
            <float name="clearcoat" value="0.000000"/>
            <float name="clearcoat_gloss" value="0.173205"/>
            <float name="specular" value="0.500000"/>
        </bsdf>
    </bsdf>
    <bsdf id="mat-Material.004" name="mat-Material.004" type="twosided">
        <bsdf name="bsdf" type="principled">
            <rgb name="base_color" value="0.433648 0.266232 0.084399"/>
            <float name="spec_tint" value="0.000000"/>
            <float name="spec_trans" value="0.000000"/>
            <float name="metallic" value="0.000000"/>
            <float name="anisotropic" value="0.000000"/>
            <float name="roughness" value="0.500000"/>
            <float name="sheen" value="0.000000"/>
            <float name="sheen_tint" value="0.500000"/>
            <float name="clearcoat" value="0.000000"/>
            <float name="clearcoat_gloss" value="0.173205"/>
            <float name="specular" value="0.500000"/>
        </bsdf>
    </bsdf>
    <bsdf id="mat-Material.005" name="mat-Material.005" type="twosided">
        <bsdf name="bsdf" type="principled">
            <rgb name="base_color" value="0.433648 0.266232 0.084399"/>
            <float name="spec_tint" value="0.000000"/>
            <float name="spec_trans" value="0.000000"/>
            <float name="metallic" value="0.000000"/>
            <float name="anisotropic" value="0.000000"/>
            <float name="roughness" value="0.500000"/>
            <float name="sheen" value="0.000000"/>
            <float name="sheen_tint" value="0.500000"/>
            <float name="clearcoat" value="0.000000"/>
            <float name="clearcoat_gloss" value="0.173205"/>
            <float name="specular" value="0.500000"/>
        </bsdf>
    </bsdf>
    <emitter name="temp45" type="point">
        <point name="position" x="-6.815235034541981e-16" y="3.0693089962005615" z="4.109199523925781"/>
        <rgb name="intensity" value="7.957747 7.957747 7.957747"/>
    </emitter>
    <shape name="temp2" type="ply">
        <string name="filename" value="meshes/Cube.ply"/>
        <boolean name="face_normals" value="true"/>
        <ref id="mat-Material" name="bsdf"/>
        <transform name="to_world">
            <matrix value="0.9234613325248614 -0.3424605202503843 -0.16976591188789564 0.5826167205651843 -0.21716130167527442 -0.10473940549368721 -0.9699098293651225 1.9929377003620585 0.31453432193848874 0.9336368926814108 -0.17132731486581493 1.991435910011354 0.0 0.0 0.0 1.0"/>
        </transform>
    </shape>
    <shape name="temp4" type="ply">
        <string name="filename" value="meshes/Plane.ply"/>
        <boolean name="face_normals" value="true"/>
        <ref id="mat-Material.001" name="bsdf"/>
    </shape>
    <shape name="temp5" type="ply">
        <string name="filename" value="meshes/Cube_001.ply"/>
        <boolean name="face_normals" value="true"/>
        <ref id="mat-Material" name="bsdf"/>
        <transform name="to_world">
            <matrix value="0.9984074343958711 -0.015020794788735626 -0.054376977742434045 0.037140268381433916 -0.05438168296907772 9.589683849126972e-05 -0.9985204016262108 1.1724455904784112 0.015003785279782706 0.9998869474347288 -0.0007210790406699254 1.102608787231555 0.0 0.0 0.0 1.0"/>
        </transform>
    </shape>
    <shape name="temp6" type="ply">
        <string name="filename" value="meshes/Cube_002.ply"/>
        <boolean name="face_normals" value="true"/>
        <ref id="mat-Material" name="bsdf"/>
        <transform name="to_world">
            <matrix value="0.9997630875826866 -0.02118256320618744 0.00497633446346061 -0.046631872181826406 0.009435858123813222 0.21596565037555565 -0.976355384447362 0.659028298964254 0.01960709992606737 0.9761707302319664 0.21611398226373113 0.5501771245034057 0.0 0.0 0.0 1.0"/>
        </transform>
    </shape>
    <shape name="temp7" type="ply">
        <string name="filename" value="meshes/Cube_003.ply"/>
        <boolean name="face_normals" value="true"/>
        <ref id="mat-Material" name="bsdf"/>
        <transform name="to_world">
            <matrix value="0.9951400819464317 -0.0585629391998298 0.07915954131741226 -0.07791200850745184 0.0900762286202611 0.21667890359870096 -0.9720785201274076 0.13322990923027714 0.03977562465981239 0.9744844323280277 0.220901212282534 0.1865005896333748 0.0 0.0 0.0 1.0"/>
        </transform>
    </shape>
    <shape name="temp8" type="ply">
        <string name="filename" value="meshes/Cube_004.ply"/>
        <boolean name="face_normals" value="true"/>
        <ref id="mat-Material" name="bsdf"/>
        <transform name="to_world">
            <matrix value="0.9745001125832629 -0.18772291900889193 0.12291904736464121 0.06048327324931879 0.1635325968437681 0.2190788718939225 -0.9619052470780356 -0.38052873871724024 0.15364271125318468 0.9574777388652611 0.24419141213587434 -0.39861703298944373 0.0 0.0 0.0 1.0"/>
        </transform>
    </shape>
    <shape name="temp9" type="ply">
        <string name="filename" value="meshes/Cube_005.ply"/>
        <boolean name="face_normals" value="true"/>
        <ref id="mat-Material" name="bsdf"/>
        <transform name="to_world">
            <matrix value="0.9703810721827146 -0.2273229486278297 0.08176163927869165 0.13387591361510776 0.13258283734643908 0.21821105787582157 -0.9668535923343614 -0.6345785198432294 0.20194673747887956 0.9490563656729027 0.2418869122561996 -0.8277350246288651 0.0 0.0 0.0 1.0"/>
        </transform>
    </shape>
    <shape name="temp10" type="ply">
        <string name="filename" value="meshes/Cube_006.ply"/>
        <boolean name="face_normals" value="true"/>
        <ref id="mat-Material" name="bsdf"/>
        <transform name="to_world">
            <matrix value="0.9875529008363075 -0.14252691255947256 -0.06652466005169494 0.03413205190172075 -0.03412916402938157 0.21869695446401197 -0.9751958653511108 -0.5425549018551337 0.15354041118598932 0.9653276960012349 0.21111055689539177 -1.0430017072096116 0.0 0.0 0.0 1.0"/>
        </transform>
    </shape>
    <shape name="temp11" type="ply">
        <string name="filename" value="meshes/Cube_007.ply"/>
        <boolean name="face_normals" value="true"/>
        <ref id="mat-Material" name="bsdf"/>
        <transform name="to_world">
            <matrix value="0.9244338037008867 -0.24710109861229018 -0.29045161436735173 0.17799148063307113 -0.24304789487028103 0.20513248217127672 -0.948075647451351 -0.3108632517662253 0.2938521116896886 0.9470276770200846 0.12957432056436075 -1.805056181405202 0.0 0.0 0.0 1.0"/>
        </transform>
    </shape>
    <shape name="temp12" type="ply">
        <string name="filename" value="meshes/Cube_008.ply"/>
        <boolean name="face_normals" value="true"/>
        <ref id="mat-Material" name="bsdf"/>
        <transform name="to_world">
            <matrix value="0.3190848133156746 0.8897453814272573 -0.3263104220554952 1.768373054460128 -0.5851395411921769 -0.085887327057734 -0.8063360804046709 0.4305575475580926 -0.7454740641848706 0.4482693779814486 0.4932552866269743 0.9802028838730127 0.0 0.0 0.0 1.0"/>
        </transform>
    </shape>
    <shape name="temp13" type="ply">
        <string name="filename" value="meshes/Cube_009.ply"/>
        <boolean name="face_normals" value="true"/>
        <ref id="mat-Material" name="bsdf"/>
        <transform name="to_world">
            <matrix value="-0.07307954672382705 0.9906484461529798 0.11520699247931895 2.6181089431462636 -0.8443469904809522 7.832383928180333e-06 -0.5356847025272079 0.9748824317965494 -0.5306765013022426 -0.13643851045944813 0.8364502451655973 0.9141310311083869 0.0 0.0 0.0 1.0"/>
        </transform>
    </shape>
    <shape name="temp14" type="ply">
        <string name="filename" value="meshes/Cube_010.ply"/>
        <boolean name="face_normals" value="true"/>
        <ref id="mat-Material" name="bsdf"/>
        <transform name="to_world">
            <matrix value="0.014776734978999232 0.9922237773323349 0.12356578952967257 1.9727783009876965 -0.9935109489439335 0.0006487259163619602 0.11366175894200797 2.0314073194340754 0.11270005691216911 -0.12444819084607955 0.9857953591814291 -0.35993309808587415 0.0 0.0 0.0 1.0"/>
        </transform>
    </shape>
    <shape name="temp15" type="ply">
        <string name="filename" value="meshes/Cube_011.ply"/>
        <boolean name="face_normals" value="true"/>
        <ref id="mat-Material" name="bsdf"/>
        <transform name="to_world">
            <matrix value="0.06309635886225304 0.9731849535796155 0.2211729368952121 1.6994785374713173 -0.937548867341457 -0.01817086059700932 0.3473582349022576 2.0589482230878495 0.34206150592081586 -0.22927884144064847 0.9112621572208608 -0.8892404112533031 0.0 0.0 0.0 1.0"/>
        </transform>
    </shape>
    <shape name="temp16" type="ply">
        <string name="filename" value="meshes/Cube_012.ply"/>
        <boolean name="face_normals" value="true"/>
        <ref id="mat-Material" name="bsdf"/>
        <transform name="to_world">
            <matrix value="0.09119115751550902 0.9908311657972189 0.09968817091949747 1.095855967218362 -0.7380535417630716 4.049634247835419e-05 0.6747424827466868 1.846564375213486 0.6685517714577494 -0.13510569997684718 0.7312899005768518 -1.8389859803057753 0.0 0.0 0.0 1.0"/>
        </transform>
    </shape>
    <shape name="temp17" type="ply">
        <string name="filename" value="meshes/Cube_013.ply"/>
        <boolean name="face_normals" value="true"/>
        <ref id="mat-Material" name="bsdf"/>
        <transform name="to_world">
            <matrix value="0.9125028589056907 0.1627534557165593 0.3752777054145404 0.6535126717392878 -0.39637331191591896 0.12519057283442808 0.9095030213687194 1.4693423604027323 0.10103827033103026 -0.978691364410969 0.17874859167481838 -1.3990943711080832 0.0 0.0 0.0 1.0"/>
        </transform>
    </shape>
    <shape name="temp18" type="ply">
        <string name="filename" value="meshes/Cube_014.ply"/>
        <boolean name="face_normals" value="true"/>
        <ref id="mat-Material" name="bsdf"/>
        <transform name="to_world">
            <matrix value="0.9404066649291613 0.2938354021396554 0.17116104621008643 0.11329855098891167 -0.21630651103581922 0.12851059502777296 0.967830968828439 1.0260105051797925 0.26238695133389 -0.9471775446734929 0.1844106498933148 -0.8665005019643738 0.0 0.0 0.0 1.0"/>
        </transform>
    </shape>
    <shape name="temp19" type="ply">
        <string name="filename" value="meshes/Cube_015.ply"/>
        <boolean name="face_normals" value="true"/>
        <ref id="mat-Material" name="bsdf"/>
        <transform name="to_world">
            <matrix value="0.9835123141268061 0.12620868210327832 0.1295171838129716 0.014726026676745663 -0.14984402342441056 0.16778323109237564 0.9743693090779116 0.6400686079537234 0.10124309208601716 -0.977711332163872 0.18392845069809904 -0.2903842789492448 0.0 0.0 0.0 1.0"/>
        </transform>
    </shape>
    <shape name="temp20" type="ply">
        <string name="filename" value="meshes/Cube_016.ply"/>
        <boolean name="face_normals" value="true"/>
        <ref id="mat-Material" name="bsdf"/>
        <transform name="to_world">
            <matrix value="0.9849818803000565 0.021233548453036252 0.17134601373645986 0.0296457243867167 -0.1724711538632016 0.16701245038306467 0.9707525787184631 0.3264307506633403 -0.00800443950378262 -0.9857257578380678 0.16816652018036019 0.21063358123762108 0.0 0.0 0.0 1.0"/>
        </transform>
    </shape>
    <shape name="temp21" type="ply">
        <string name="filename" value="meshes/Cube_017.ply"/>
        <boolean name="face_normals" value="true"/>
        <ref id="mat-Material" name="bsdf"/>
        <transform name="to_world">
            <matrix value="0.9383659824795622 -0.16520811475461128 0.30360264119774893 0.22080500444784762 -0.2822066142223688 0.14093119228739548 0.9489389631984477 0.14317631980847845 -0.1995600831165884 -0.9761302649226258 0.0856217977297538 0.4787479416737753 0.0 0.0 0.0 1.0"/>
        </transform>
    </shape>
    <shape name="temp22" type="ply">
        <string name="filename" value="meshes/Cube_018.ply"/>
        <boolean name="face_normals" value="true"/>
        <ref id="mat-Material" name="bsdf"/>
        <transform name="to_world">
            <matrix value="0.2235006480186232 0.9553103418067136 0.19335985610143439 0.8532316842518235 -0.5787369221686196 -0.02955438099548833 0.8149230225885196 -0.007446628364905145 0.7842361713180397 -0.2940954021813722 0.5462871512991578 -0.14725269468711213 0.0 0.0 0.0 1.0"/>
        </transform>
    </shape>
    <shape name="temp23" type="ply">
        <string name="filename" value="meshes/Cube_019.ply"/>
        <boolean name="face_normals" value="true"/>
        <ref id="mat-Material" name="bsdf"/>
        <transform name="to_world">
            <matrix value="-0.08245250227382732 0.9831055247662295 -0.16341643968775013 0.5111981050398181 -0.9135358325044722 -0.00902101380200783 0.406658358158783 -0.04637390247426833 0.3983139105042844 0.18281672969381946 0.898845965275417 -0.054843099501804715 0.0 0.0 0.0 1.0"/>
        </transform>
    </shape>
    <shape name="temp24" type="ply">
        <string name="filename" value="meshes/Cube_020.ply"/>
        <boolean name="face_normals" value="true"/>
        <ref id="mat-Material" name="bsdf"/>
        <transform name="to_world">
            <matrix value="0.09909932685786907 0.939789969377393 -0.3270691327977702 0.14393279217299387 -0.9617855611325532 0.00615284099930162 -0.27373421015950744 0.13923134272072935 -0.25524019053974334 0.3416971755811939 0.9044863576525368 0.11967103940373514 0.0 0.0 0.0 1.0"/>
        </transform>
    </shape>
    <shape name="temp25" type="ply">
        <string name="filename" value="meshes/Cube_021.ply"/>
        <boolean name="face_normals" value="true"/>
        <ref id="mat-Material" name="bsdf"/>
        <transform name="to_world">
            <matrix value="0.1887542839261241 0.9409788433179052 -0.28094580353373194 -0.17421618207185527 -0.7969128694193717 -0.020404567573937837 -0.6037500100468015 0.09065112778359131 -0.5738486366787405 0.33784956082624323 0.746026430889116 0.31592759971677054 0.0 0.0 0.0 1.0"/>
        </transform>
    </shape>
    <shape name="temp26" type="ply">
        <string name="filename" value="meshes/Cube_022.ply"/>
        <boolean name="face_normals" value="true"/>
        <ref id="mat-Material" name="bsdf"/>
        <transform name="to_world">
            <matrix value="0.637208857022802 0.40212369869614095 -0.6574660028055398 -0.08749131904009239 -0.7116749286824922 -0.02038122388788189 -0.7022132749216231 -0.19540593743910084 -0.29577655413659276 0.9153584621513777 0.2731942824479777 0.6938964023487777 0.0 0.0 0.0 1.0"/>
        </transform>
    </shape>
    <shape name="temp27" type="ply">
        <string name="filename" value="meshes/Cube_023.ply"/>
        <boolean name="face_normals" value="true"/>
        <ref id="mat-Material" name="bsdf"/>
        <transform name="to_world">
            <matrix value="0.8557628890106325 0.2871382891517512 -0.43037389231058 -0.06654874687564988 -0.4803646367993022 0.13203396582975785 -0.8670739600614816 -0.2870743221089578 -0.19214612066443626 0.9487458882865445 0.2509207598124156 0.20894947781353507 0.0 0.0 0.0 1.0"/>
        </transform>
    </shape>
    <shape name="temp28" type="ply">
        <string name="filename" value="meshes/Cube_024.ply"/>
        <boolean name="face_normals" value="true"/>
        <ref id="mat-Material" name="bsdf"/>
        <transform name="to_world">
            <matrix value="0.8515286059000722 0.4536113202745801 -0.2629363798702757 -0.19712378714915174 -0.37443047939194407 0.17507102287541484 -0.9105777927389755 -0.5097063967540789 -0.3670159850503611 0.8738345886617873 0.318924013557745 -0.35859947062699876 0.0 0.0 0.0 1.0"/>
        </transform>
    </shape>
    <shape name="temp29" type="ply">
        <string name="filename" value="meshes/Cube_025.ply"/>
        <boolean name="face_normals" value="true"/>
        <ref id="mat-Material" name="bsdf"/>
        <transform name="to_world">
            <matrix value="0.9035101599746111 0.35270669116834197 -0.24344960358867024 -0.25904930504868406 -0.3210937596959011 0.18087925485427275 -0.9296136449275945 -0.7931911512572203 -0.28384607474464874 0.9180851773903214 0.27667815863166817 -0.6916354230520518 0.0 0.0 0.0 1.0"/>
        </transform>
    </shape>
    <shape name="temp30" type="ply">
        <string name="filename" value="meshes/Cube_026.ply"/>
        <boolean name="face_normals" value="true"/>
        <ref id="mat-Material" name="bsdf"/>
        <transform name="to_world">
            <matrix value="0.9234546839069762 0.22997467789405182 -0.3071536536553101 -0.33458132883091696 -0.3513539910323442 0.1850821508354835 -0.9177664565427373 -1.149555278141138 -0.15421442590514284 0.9554350750798355 0.25171753027396804 -0.8902733105347433 0.0 0.0 0.0 1.0"/>
        </transform>
    </shape>
    <shape name="temp31" type="ply">
        <string name="filename" value="meshes/Cube_027.ply"/>
        <boolean name="face_normals" value="true"/>
        <ref id="mat-Material" name="bsdf"/>
        <transform name="to_world">
            <matrix value="0.8717186854530015 0.17258683876242903 -0.4586071776241418 -0.6064048092055743 -0.48575999021323446 0.18141441899950567 -0.8550591673872785 -1.5857999353062002 -0.06437402376127384 0.9681437895136447 0.241978042656119 -1.0308220617046608 0.0 0.0 0.0 1.0"/>
        </transform>
    </shape>
    <shape name="temp32" type="ply">
        <string name="filename" value="meshes/Cube_028.ply"/>
        <boolean name="face_normals" value="true"/>
        <ref id="mat-Material" name="bsdf"/>
        <transform name="to_world">
            <matrix value="-0.10539369125946099 0.9846666722289086 0.13900948465345153 -1.4869893767298454 -0.7970841821402167 -6.521026317051956e-05 -0.6038684441073973 -2.1221010278344776 -0.5946000812017864 -0.1744461258637988 0.7848691386368783 -1.361564286479474 0.0 0.0 0.0 1.0"/>
        </transform>
    </shape>
    <shape name="temp33" type="ply">
        <string name="filename" value="meshes/Cube_029.ply"/>
        <boolean name="face_normals" value="true"/>
        <ref id="mat-Material" name="bsdf"/>
        <transform name="to_world">
            <matrix value="0.0020885126066659933 0.9760337947908215 0.21760914727003577 -1.5685989097425828 -0.9986913303795741 -0.009084546423513265 0.050331497172002665 -1.8229468688134594 0.05110211922478888 -0.21742938907812098 0.9747374948052127 -0.12572603463511 0.0 0.0 0.0 1.0"/>
        </transform>
    </shape>
    <shape name="temp34" type="ply">
        <string name="filename" value="meshes/Cube_030.ply"/>
        <boolean name="face_normals" value="true"/>
        <ref id="mat-Material" name="bsdf"/>
        <transform name="to_world">
            <matrix value="-0.04191047862189527 0.9784323076278951 -0.20227112841314615 -3.2276910696493406 -0.9755972931781403 0.003594794193662452 0.21953199970351867 -1.9208787888397207 0.21552426389794543 0.20653632282784887 0.9544056936401728 0.24169552133428496 0.0 0.0 0.0 1.0"/>
        </transform>
    </shape>
    <shape name="temp35" type="ply">
        <string name="filename" value="meshes/Cube_031.ply"/>
        <boolean name="face_normals" value="true"/>
        <ref id="mat-Material" name="bsdf"/>
        <transform name="to_world">
            <matrix value="0.1371270346986935 0.9760272243926553 0.1690177561260668 -1.880091273744136 -0.7789764497089678 0.0008564420146718035 0.6270509067888483 -1.1832712488182358 0.6118740769502169 -0.21764683796980955 0.7604195969837847 0.5847289785088707 0.0 0.0 0.0 1.0"/>
        </transform>
    </shape>
    <shape name="temp36" type="ply">
        <string name="filename" value="meshes/Cube_032.ply"/>
        <boolean name="face_normals" value="true"/>
        <ref id="mat-Material" name="bsdf"/>
        <transform name="to_world">
            <matrix value="0.723468025466866 0.6100773221142917 0.3229544357456216 -0.6476822162205875 -0.4064707451948222 -0.0015946940384587308 0.913570439425824 -0.1533739587830538 0.5578602620087336 -0.792340062950672 0.24682284675767258 -0.12950276800701577 0.0 0.0 0.0 1.0"/>
        </transform>
    </shape>
    <shape name="temp37" type="ply">
        <string name="filename" value="meshes/Cube_033.ply"/>
        <boolean name="face_normals" value="true"/>
        <ref id="mat-Material" name="bsdf"/>
        <transform name="to_world">
            <matrix value="0.9762065911738268 0.1723625378840815 0.13157567889192998 -0.14814634764748935 -0.1500875622975496 0.09913256143322285 0.9836903769607219 0.3004828531365437 0.15650793313086075 -0.9800325599731343 0.12264333949064371 -0.38418810607923803 0.0 0.0 0.0 1.0"/>
        </transform>
    </shape>
    <shape name="temp38" type="ply">
        <string name="filename" value="meshes/Cube_034.ply"/>
        <boolean name="face_normals" value="true"/>
        <ref id="mat-Material" name="bsdf"/>
        <transform name="to_world">
            <matrix value="0.9999155625528566 -0.0015025561977627271 0.012926758580323116 -0.033326129104171986 -0.012455899717566712 0.17721823942530918 0.9840928400109499 0.3691406585960435 -0.003769511477287435 -0.9841704507293143 0.17718454106919718 -0.3836373292383289 0.0 0.0 0.0 1.0"/>
        </transform>
    </shape>
    <shape name="temp39" type="ply">
        <string name="filename" value="meshes/Cube_035.ply"/>
        <boolean name="face_normals" value="true"/>
        <ref id="mat-Material" name="bsdf"/>
        <transform name="to_world">
            <matrix value="0.9986532116370316 -0.05171958792131375 0.004109543705005104 0.007941219727958249 0.0064204550491377185 0.20179451131881448 0.9794068935715126 0.0910974500605157 -0.05148381637758476 -0.9780613362312613 0.20185480504240694 -0.16390986796175305 0.0 0.0 0.0 1.0"/>
        </transform>
    </shape>
    <shape name="temp40" type="ply">
        <string name="filename" value="meshes/Cube_036.ply"/>
        <boolean name="face_normals" value="true"/>
        <ref id="mat-Material" name="bsdf"/>
        <transform name="to_world">
            <matrix value="0.9986173091004509 -0.052396620520917855 0.004263921675607926 0.00305499497802586 0.006587175791229853 0.20518817411763726 0.9787004261262229 -0.23962190091965774 -0.05215550408047842 -0.9773188812384888 0.2052496192853202 0.17678626153638577 0.0 0.0 0.0 1.0"/>
        </transform>
    </shape>
    <shape name="temp41" type="ply">
        <string name="filename" value="meshes/Cube_037.ply"/>
        <boolean name="face_normals" value="true"/>
        <ref id="mat-Material" name="bsdf"/>
        <transform name="to_world">
            <matrix value="0.9986478927427234 -0.05181927024777702 0.0041453221382808676 -0.007637633436061275 0.006591971660931126 0.20532835304105146 0.9786709949075718 -0.5708007470172884 -0.05156517329844139 -0.9773203413269702 0.20539233114636132 0.5210166727018015 0.0 0.0 0.0 1.0"/>
        </transform>
    </shape>
    <shape name="temp42" type="ply">
        <string name="filename" value="meshes/Cube_038.ply"/>
        <boolean name="face_normals" value="true"/>
        <ref id="mat-Material" name="bsdf"/>
        <transform name="to_world">
            <matrix value="0.9988717295448621 -0.04728802122551484 0.004412602518744967 0.010780599569268023 0.005401791492251258 0.2054247188808213 0.9786581113620578 -0.9052361223812074 -0.047185263294133084 -0.9775297597320112 0.20544838047923009 0.8742269103763285 0.0 0.0 0.0 1.0"/>
        </transform>
    </shape>
    <shape name="temp43" type="ply">
        <string name="filename" value="meshes/Cube_039.ply"/>
        <boolean name="face_normals" value="true"/>
        <ref id="mat-Material" name="bsdf"/>
        <transform name="to_world">
            <matrix value="0.9999148541151299 -0.01267984880849143 -0.003106875187221041 0.023274156644271793 0.008291736552195918 0.4330224040019529 0.9013450037203152 -1.3192365039444174 -0.010083561465165022 -0.9012939728190164 0.4330905932115884 1.4812337703272185 0.0 0.0 0.0 1.0"/>
        </transform>
    </shape>
    <shape name="temp47" type="ply">
        <string name="filename" value="meshes/Plane_001.ply"/>
        <boolean name="face_normals" value="true"/>
        <ref id="mat-Material.002" name="bsdf"/>
    </shape>
    <shape name="temp49" type="ply">
        <string name="filename" value="meshes/Plane_002.ply"/>
        <boolean name="face_normals" value="true"/>
        <ref id="mat-Material.003" name="bsdf"/>
    </shape>
    <shape name="temp51" type="ply">
        <string name="filename" value="meshes/Plane_003.ply"/>
        <boolean name="face_normals" value="true"/>
        <ref id="mat-Material.004" name="bsdf"/>
    </shape>
    <shape name="temp53" type="ply">
        <string name="filename" value="meshes/Plane_004.ply"/>
        <boolean name="face_normals" value="true"/>
        <ref id="mat-Material.005" name="bsdf"/>
    </shape>
    <emitter type="point">
        <transform name="to_world">
            <rotate angle="-142.5518126578256" x="1"/>
            <rotate angle="3.976628485794621e-06" y="1"/>
            <rotate angle="-179.999991348578" z="1"/>
            <translate value="-0.000000 3.030926 4.073377"/>
        </transform>
        <rgb name="intensity" value="100"/>
    </emitter>
</scene>
