
<scene version="2.1.0">
    <default name="spp" value="1024"/>
    <default name="resx" value="1280"/>
    <default name="resy" value="720"/>
    <integrator name="temp0" type="path">
        <integer name="max_depth" value="12"/>
    </integrator>
    <sensor name="temp44" type="perspective">
        <string name="fov_axis" value="x"/>
        <float name="fov" value="83.974423"/>
        <float name="principal_point_offset_x" value="0.000000"/>
        <float name="principal_point_offset_y" value="-0.000000"/>
        <float name="near_clip" value="0.100000"/>
        <float name="far_clip" value="1000.000000"/>
        <sampler name="sampler" type="independent">
            <integer name="sample_count" value="$spp"/>
        </sampler>
        <film name="film" type="hdrfilm">
            <integer name="width" value="$resx"/>
            <integer name="height" value="$resy"/>
        </film>
        <float name="shutter_open" value="0.0"/>
        <float name="shutter_close" value="0.0015"/>
        <animation name="to_world">
            <transform time="0">
                <rotate angle="-142.5518126578256" x="1"/>
                <rotate angle="3.976628485794621e-06" y="1"/>
                <rotate angle="-179.999991348578" z="1"/>
                <translate value="-0.000000 3.030926 4.073377"/>
                <translate x="32.25" y="0.0" z="0.0"/>
            </transform>
            <transform time="0.0015">
                <rotate angle="-142.5518126578256" x="1"/>
                <rotate angle="3.976628485794621e-06" y="1"/>
                <rotate angle="-179.999991348578" z="1"/>
                <translate value="-0.000000 3.030926 4.073377"/>
                <translate x="32.4" y="0.0" z="0.0"/>
            </transform>
        </animation>
    </sensor>
    <bsdf id="mat-Material" name="mat-Material" type="twosided">
        <bsdf name="bsdf" type="diffuse">
            <texture name="reflectance" type="bitmap">
                <string name="filename" value="textures/siggraph_2023_logo.jpg"/>
            </texture>
        </bsdf>
    </bsdf>
    <bsdf id="mat-Material.001" name="mat-Material.001" type="twosided">
        <bsdf name="bsdf" type="principled">
            <rgb name="base_color" value="0.433648 0.266232 0.084399"/>
            <float name="spec_tint" value="0.000000"/>
            <float name="spec_trans" value="0.000000"/>
            <float name="metallic" value="0.000000"/>
            <float name="anisotropic" value="0.000000"/>
            <float name="roughness" value="0.500000"/>
            <float name="sheen" value="0.000000"/>
            <float name="sheen_tint" value="0.500000"/>
            <float name="clearcoat" value="0.000000"/>
            <float name="clearcoat_gloss" value="0.173205"/>
            <float name="specular" value="0.500000"/>
        </bsdf>
    </bsdf>
    <bsdf id="mat-Material.002" name="mat-Material.002" type="twosided">
        <bsdf name="bsdf" type="principled">
            <rgb name="base_color" value="0.433648 0.266232 0.084399"/>
            <float name="spec_tint" value="0.000000"/>
            <float name="spec_trans" value="0.000000"/>
            <float name="metallic" value="0.000000"/>
            <float name="anisotropic" value="0.000000"/>
            <float name="roughness" value="0.500000"/>
            <float name="sheen" value="0.000000"/>
            <float name="sheen_tint" value="0.500000"/>
            <float name="clearcoat" value="0.000000"/>
            <float name="clearcoat_gloss" value="0.173205"/>
            <float name="specular" value="0.500000"/>
        </bsdf>
    </bsdf>
    <bsdf id="mat-Material.003" name="mat-Material.003" type="twosided">
        <bsdf name="bsdf" type="principled">
            <rgb name="base_color" value="0.433648 0.266232 0.084399"/>
            <float name="spec_tint" value="0.000000"/>
            <float name="spec_trans" value="0.000000"/>
            <float name="metallic" value="0.000000"/>
            <float name="anisotropic" value="0.000000"/>
            <float name="roughness" value="0.500000"/>
            <float name="sheen" value="0.000000"/>
            <float name="sheen_tint" value="0.500000"/>
            <float name="clearcoat" value="0.000000"/>
            <float name="clearcoat_gloss" value="0.173205"/>
            <float name="specular" value="0.500000"/>
        </bsdf>
    </bsdf>
    <bsdf id="mat-Material.004" name="mat-Material.004" type="twosided">
        <bsdf name="bsdf" type="principled">
            <rgb name="base_color" value="0.433648 0.266232 0.084399"/>
            <float name="spec_tint" value="0.000000"/>
            <float name="spec_trans" value="0.000000"/>
            <float name="metallic" value="0.000000"/>
            <float name="anisotropic" value="0.000000"/>
            <float name="roughness" value="0.500000"/>
            <float name="sheen" value="0.000000"/>
            <float name="sheen_tint" value="0.500000"/>
            <float name="clearcoat" value="0.000000"/>
            <float name="clearcoat_gloss" value="0.173205"/>
            <float name="specular" value="0.500000"/>
        </bsdf>
    </bsdf>
    <bsdf id="mat-Material.005" name="mat-Material.005" type="twosided">
        <bsdf name="bsdf" type="principled">
            <rgb name="base_color" value="0.433648 0.266232 0.084399"/>
            <float name="spec_tint" value="0.000000"/>
            <float name="spec_trans" value="0.000000"/>
            <float name="metallic" value="0.000000"/>
            <float name="anisotropic" value="0.000000"/>
            <float name="roughness" value="0.500000"/>
            <float name="sheen" value="0.000000"/>
            <float name="sheen_tint" value="0.500000"/>
            <float name="clearcoat" value="0.000000"/>
            <float name="clearcoat_gloss" value="0.173205"/>
            <float name="specular" value="0.500000"/>
        </bsdf>
    </bsdf>
    <emitter name="temp45" type="point">
        <point name="position" x="-6.815235034541981e-16" y="3.0693089962005615" z="4.109199523925781"/>
        <rgb name="intensity" value="7.957747 7.957747 7.957747"/>
    </emitter>
    <shape name="temp2" type="ply">
        <string name="filename" value="meshes/Cube.ply"/>
        <boolean name="face_normals" value="true"/>
        <ref id="mat-Material" name="bsdf"/>
        <transform name="to_world">
            <matrix value="0.9999986702764229 0.0001786087651197377 0.001779632509274971 -0.0027541159657478165 -0.00017615136332125946 0.9999989570796562 -0.0013825214493303154 -0.015556998063112837 -0.001779877115811832 0.0013822063188457792 0.9999975178490295 0.00407245772223086 0.0 0.0 0.0 1.0"/>
        </transform>
    </shape>
    <shape name="temp4" type="ply">
        <string name="filename" value="meshes/Plane.ply"/>
        <boolean name="face_normals" value="true"/>
        <ref id="mat-Material.001" name="bsdf"/>
    </shape>
    <shape name="temp5" type="ply">
        <string name="filename" value="meshes/Cube_001.ply"/>
        <boolean name="face_normals" value="true"/>
        <ref id="mat-Material" name="bsdf"/>
        <transform name="to_world">
            <matrix value="0.9999982270352306 0.00010140079845981525 -0.002014290334125888 0.0025752067050206495 -0.0001049628164963734 0.999996975531003 -0.0017723255296082786 -0.015696042220701534 0.0020139439246702733 0.0017725286438072434 0.9999950356980589 -0.004504253915078527 0.0 0.0 0.0 1.0"/>
        </transform>
    </shape>
    <shape name="temp6" type="ply">
        <string name="filename" value="meshes/Cube_002.ply"/>
        <boolean name="face_normals" value="true"/>
        <ref id="mat-Material" name="bsdf"/>
        <transform name="to_world">
            <matrix value="1.0 2.931753378540454e-05 0.00039867245110280787 -0.00083133994459339 -2.9431436792919488e-05 0.9999965583628654 0.0003497232519865483 -0.017826972789194234 -0.00039847050761754316 -0.00034973603686097674 0.9999965722677073 0.0013910580754553092 0.0 0.0 0.0 1.0"/>
        </transform>
    </shape>
    <shape name="temp7" type="ply">
        <string name="filename" value="meshes/Cube_003.ply"/>
        <boolean name="face_normals" value="true"/>
        <ref id="mat-Material" name="bsdf"/>
        <transform name="to_world">
            <matrix value="0.9999982270352306 -0.00046363649637168016 0.001814097766489638 -0.001142016661550338 0.00047171500655110487 0.9999898836726648 -0.004454373573649675 -0.01734632313392198 -0.0018120098860515545 0.004455225343798691 0.9999885348264692 0.00550135518646877 0.0 0.0 0.0 1.0"/>
        </transform>
    </shape>
    <shape name="temp8" type="ply">
        <string name="filename" value="meshes/Cube_004.ply"/>
        <boolean name="face_normals" value="true"/>
        <ref id="mat-Material" name="bsdf"/>
        <transform name="to_world">
            <matrix value="0.9999745136314396 -0.0023908396134520037 0.005156239583830749 -0.0019823585441034464 0.002506549553478823 0.9998275009751305 -0.013525598777552467 -0.02385337064722487 -0.005095981663998356 0.013546472530521065 0.99981277489822 0.029103994296874026 0.0 0.0 0.0 1.0"/>
        </transform>
    </shape>
    <shape name="temp9" type="ply">
        <string name="filename" value="meshes/Cube_005.ply"/>
        <boolean name="face_normals" value="true"/>
        <ref id="mat-Material" name="bsdf"/>
        <transform name="to_world">
            <matrix value="0.9987622489703507 -0.025473266822826607 0.042564527651398204 0.018328433262812194 0.035648541647828914 0.9642504635780929 -0.2598495887430435 -0.18892938782461158 -0.03428705319071605 0.26104348352081563 0.9639842258123843 0.09047004591690913 0.0 0.0 0.0 1.0"/>
        </transform>
    </shape>
    <shape name="temp10" type="ply">
        <string name="filename" value="meshes/Cube_006.ply"/>
        <boolean name="face_normals" value="true"/>
        <ref id="mat-Material" name="bsdf"/>
        <transform name="to_world">
            <matrix value="0.9998238116260392 0.016785581834830622 -0.004431327392876274 0.019874473814548432 -0.0170887962810291 0.874347288302814 -0.48351107110251473 -0.2856092976566523 -0.004291970951745218 0.4835096563994635 0.874477270825365 -0.05702059306075091 0.0 0.0 0.0 1.0"/>
        </transform>
    </shape>
    <shape name="temp11" type="ply">
        <string name="filename" value="meshes/Cube_007.ply"/>
        <boolean name="face_normals" value="true"/>
        <ref id="mat-Material" name="bsdf"/>
        <transform name="to_world">
            <matrix value="0.9870010655518264 0.14710594819188902 -0.0636545961634929 0.11015810264154813 -0.15881905919397477 0.8401251087244459 -0.5174373469635729 -0.12614222500767838 -0.02296924393690373 0.5208753021861696 0.8526316237380627 0.05277518209762533 0.0 0.0 0.0 1.0"/>
        </transform>
    </shape>
    <shape name="temp12" type="ply">
        <string name="filename" value="meshes/Cube_008.ply"/>
        <boolean name="face_normals" value="true"/>
        <ref id="mat-Material" name="bsdf"/>
        <transform name="to_world">
            <matrix value="0.049367583466748924 0.9932924578086575 -0.10446778900865727 2.4822631060015086 -0.9046725600015602 0.00013358669692526226 -0.42543854879743326 1.6942015842491704 -0.42256241722470733 0.11557479511829846 0.8986144160491627 1.0741110425172704 0.0 0.0 0.0 1.0"/>
        </transform>
    </shape>
    <shape name="temp13" type="ply">
        <string name="filename" value="meshes/Cube_009.ply"/>
        <boolean name="face_normals" value="true"/>
        <ref id="mat-Material" name="bsdf"/>
        <transform name="to_world">
            <matrix value="-0.03641325459596793 0.9959698429153379 0.08179521923539348 2.4747203438641736 -0.913643096873022 3.475302603337763e-05 -0.4056292110873192 1.3455939309769425 -0.40398706533552475 -0.08956671874315583 0.9099642286585843 0.7483119994896985 0.0 0.0 0.0 1.0"/>
        </transform>
    </shape>
    <shape name="temp14" type="ply">
        <string name="filename" value="meshes/Cube_010.ply"/>
        <boolean name="face_normals" value="true"/>
        <ref id="mat-Material" name="bsdf"/>
        <transform name="to_world">
            <matrix value="0.06688693537720712 0.9976776249783594 0.010480929752290789 1.6751726838795624 -0.9941981944126788 0.06577692351013614 0.08390109975835669 1.9755264228565583 0.08302470449109706 -0.015942127307200533 0.9963453281900012 -0.249675493450482 0.0 0.0 0.0 1.0"/>
        </transform>
    </shape>
    <shape name="temp15" type="ply">
        <string name="filename" value="meshes/Cube_011.ply"/>
        <boolean name="face_normals" value="true"/>
        <ref id="mat-Material" name="bsdf"/>
        <transform name="to_world">
            <matrix value="0.03205528724688712 0.9956603041572891 -0.08706618501906055 1.1771202842167252 -0.8251528738872429 0.07553209795942206 0.5597807149634935 2.249037055768669 0.5639342176881603 0.05393310291746537 0.8240362989757937 -1.2155538425837367 0.0 0.0 0.0 1.0"/>
        </transform>
    </shape>
    <shape name="temp16" type="ply">
        <string name="filename" value="meshes/Cube_012.ply"/>
        <boolean name="face_normals" value="true"/>
        <ref id="mat-Material" name="bsdf"/>
        <transform name="to_world">
            <matrix value="0.09324318693963232 0.9884095047588456 0.11975315835981354 1.121297430068902 -0.7903593267698177 0.0003782745091495402 0.6122462946213916 1.8339081992132806 0.6051042325987941 -0.1518103637080407 0.7812343240346442 -1.6626072082147527 0.0 0.0 0.0 1.0"/>
        </transform>
    </shape>
    <shape name="temp17" type="ply">
        <string name="filename" value="meshes/Cube_013.ply"/>
        <boolean name="face_normals" value="true"/>
        <ref id="mat-Material" name="bsdf"/>
        <transform name="to_world">
            <matrix value="0.8878389243777337 0.2692193532642364 0.37287368310071245 0.6241015356678761 -0.4271840044891468 0.18220705931922335 0.8854544061962053 1.4654759265792405 0.1706263618585635 -0.9455902199101838 0.2768092398424472 -1.361058463262567 0.0 0.0 0.0 1.0"/>
        </transform>
    </shape>
    <shape name="temp18" type="ply">
        <string name="filename" value="meshes/Cube_014.ply"/>
        <boolean name="face_normals" value="true"/>
        <ref id="mat-Material" name="bsdf"/>
        <transform name="to_world">
            <matrix value="0.9396948195742403 0.2984337422276362 0.16705438652811377 0.10787087067461287 -0.2160118221290825 0.1391817977026551 0.9664155517868886 1.024219413619274 0.26516336983867794 -0.9442214912509412 0.19525262623392453 -0.8522222489114907 0.0 0.0 0.0 1.0"/>
        </transform>
    </shape>
    <shape name="temp19" type="ply">
        <string name="filename" value="meshes/Cube_015.ply"/>
        <boolean name="face_normals" value="true"/>
        <ref id="mat-Material" name="bsdf"/>
        <transform name="to_world">
            <matrix value="0.9822278011513633 0.14033671726220895 0.12456290503384944 0.04794667611657227 -0.15036314750889584 0.19152825375503468 0.9698919815176675 0.6382300203714708 0.11225617302008592 -0.9714004125792881 0.2092336016105141 -0.3355895958985169 0.0 0.0 0.0 1.0"/>
        </transform>
    </shape>
    <shape name="temp20" type="ply">
        <string name="filename" value="meshes/Cube_016.ply"/>
        <boolean name="face_normals" value="true"/>
        <ref id="mat-Material" name="bsdf"/>
        <transform name="to_world">
            <matrix value="0.9837917776985854 0.06884664482096187 0.165486730893702 0.08572252684175291 -0.17591059470557263 0.19381545107347792 0.9651185688059342 0.3406809263422958 0.03438858423444268 -0.9786132496772162 0.20279074143504258 0.011026670742121075 0.0 0.0 0.0 1.0"/>
        </transform>
    </shape>
    <shape name="temp21" type="ply">
        <string name="filename" value="meshes/Cube_017.ply"/>
        <boolean name="face_normals" value="true"/>
        <ref id="mat-Material" name="bsdf"/>
        <transform name="to_world">
            <matrix value="0.9478411494485193 0.05305684124457942 0.3142384217113036 0.17816265785518548 -0.3184939284821471 0.19289384322404224 0.9280690378379094 0.15110844904703452 -0.011350329860095348 -0.9797727685154864 0.19972751892226426 0.2172472297832324 0.0 0.0 0.0 1.0"/>
        </transform>
    </shape>
    <shape name="temp22" type="ply">
        <string name="filename" value="meshes/Cube_018.ply"/>
        <boolean name="face_normals" value="true"/>
        <ref id="mat-Material" name="bsdf"/>
        <transform name="to_world">
            <matrix value="0.19800018438833603 0.9747246168832118 0.1033870959353714 0.8612532992310039 -0.45530976353968866 -0.001920913264486685 0.8901190770558947 -0.09484389792484522 0.8678201575456495 -0.22340135955096024 0.44342055060254804 -0.19585062584312488 0.0 0.0 0.0 1.0"/>
        </transform>
    </shape>
    <shape name="temp23" type="ply">
        <string name="filename" value="meshes/Cube_019.ply"/>
        <boolean name="face_normals" value="true"/>
        <ref id="mat-Material" name="bsdf"/>
        <transform name="to_world">
            <matrix value="-0.07452200869816517 0.9873341495923225 -0.1400505933286401 0.47106824879611253 -0.9078045022667354 -0.00906467461928193 0.4191477144590259 -0.0530408125106312 0.4125694337327823 0.15839523760854193 0.8969819880941856 -0.05132082395460019 0.0 0.0 0.0 1.0"/>
        </transform>
    </shape>
    <shape name="temp24" type="ply">
        <string name="filename" value="meshes/Cube_020.ply"/>
        <boolean name="face_normals" value="true"/>
        <ref id="mat-Material" name="bsdf"/>
        <transform name="to_world">
            <matrix value="0.08723967417244832 0.9767894537891086 -0.1952475554929504 0.019278907168012727 -0.9428787263010922 0.017793820594376057 -0.33250906297644006 0.19539655939823192 -0.3212738553757175 0.21307321738932866 0.9226476652637685 0.09725493185433426 0.0 0.0 0.0 1.0"/>
        </transform>
    </shape>
    <shape name="temp25" type="ply">
        <string name="filename" value="meshes/Cube_021.ply"/>
        <boolean name="face_normals" value="true"/>
        <ref id="mat-Material" name="bsdf"/>
        <transform name="to_world">
            <matrix value="0.19356017087834448 0.9296128888267772 -0.3136131560620509 -0.15265581337370648 -0.7858872447595595 -0.04442847965158117 -0.6167213764259958 0.13278309017316614 -0.5872442719940711 0.36584352440329315 0.7219698964730289 0.22395604996381419 0.0 0.0 0.0 1.0"/>
        </transform>
    </shape>
    <shape name="temp26" type="ply">
        <string name="filename" value="meshes/Cube_022.ply"/>
        <boolean name="face_normals" value="true"/>
        <ref id="mat-Material" name="bsdf"/>
        <transform name="to_world">
            <matrix value="0.6184023548518067 0.39719975887681647 -0.6780910226036487 -0.08339092874187443 -0.7324895350754486 -0.021223230842074746 -0.6804444563167432 -0.21329149411800197 -0.28466425366161546 0.9174866454049972 0.27781971168279906 0.6697869092338331 0.0 0.0 0.0 1.0"/>
        </transform>
    </shape>
    <shape name="temp27" type="ply">
        <string name="filename" value="meshes/Cube_023.ply"/>
        <boolean name="face_normals" value="true"/>
        <ref id="mat-Material" name="bsdf"/>
        <transform name="to_world">
            <matrix value="0.85111306728224 0.31932458392692886 -0.4166953493001043 -0.0756311900308741 -0.4796206564579355 0.15021954516157965 -0.864522072468407 -0.2869637151734096 -0.21346735174025355 0.9356614096528535 0.2810086846916531 0.1537769827796081 0.0 0.0 0.0 1.0"/>
        </transform>
    </shape>
    <shape name="temp28" type="ply">
        <string name="filename" value="meshes/Cube_024.ply"/>
        <boolean name="face_normals" value="true"/>
        <ref id="mat-Material" name="bsdf"/>
        <transform name="to_world">
            <matrix value="0.8600909176333758 0.4270789052673735 -0.2790105531603455 -0.1848767737338654 -0.3829214736173977 0.1791092104467245 -0.9062508126089487 -0.5159648428578708 -0.3370677511892161 0.8862971738944524 0.3175882617425835 -0.3216346971189085 0.0 0.0 0.0 1.0"/>
        </transform>
    </shape>
    <shape name="temp29" type="ply">
        <string name="filename" value="meshes/Cube_025.ply"/>
        <boolean name="face_normals" value="true"/>
        <ref id="mat-Material" name="bsdf"/>
        <transform name="to_world">
            <matrix value="0.8951127339648635 0.3771556642046794 -0.23775141234390224 -0.27430344510136456 -0.3239788609410542 0.1839024202009499 -0.9280178582488495 -0.795247759324683 -0.30628482767668924 0.9077073899249724 0.28680344342894265 -0.7201664636784944 0.0 0.0 0.0 1.0"/>
        </transform>
    </shape>
    <shape name="temp30" type="ply">
        <string name="filename" value="meshes/Cube_026.ply"/>
        <boolean name="face_normals" value="true"/>
        <ref id="mat-Material" name="bsdf"/>
        <transform name="to_world">
            <matrix value="0.9232986630072674 0.24233411830471213 -0.2979823422143907 -0.316930832279978 -0.34864984300396973 0.203334967241872 -0.9149301853670344 -1.143374712157146 -0.16112814634760392 0.9486456636415024 0.27222860752276135 -0.8606553964438963 0.0 0.0 0.0 1.0"/>
        </transform>
    </shape>
    <shape name="temp31" type="ply">
        <string name="filename" value="meshes/Cube_027.ply"/>
        <boolean name="face_normals" value="true"/>
        <ref id="mat-Material" name="bsdf"/>
        <transform name="to_world">
            <matrix value="0.8738154379134333 0.18274030449102358 -0.4506141787082508 -0.5602907247630771 -0.48173868449560037 0.19928761240074006 -0.8533532204845065 -1.5819068695043113 -0.0661402069404479 0.9627510569997685 0.26217353213865435 -0.9962649602068263 0.0 0.0 0.0 1.0"/>
        </transform>
    </shape>
    <shape name="temp32" type="ply">
        <string name="filename" value="meshes/Cube_028.ply"/>
        <boolean name="face_normals" value="true"/>
        <ref id="mat-Material" name="bsdf"/>
        <transform name="to_world">
            <matrix value="-0.1078201708428852 0.9828064152116189 0.14987467501551935 -1.472553633904286 -0.8147296140078402 -0.0009687447202157593 -0.5798216018998621 -2.113000572299547 -0.5697083207009593 -0.1846271038310636 0.8008252324593483 -1.2802786477666657 0.0 0.0 0.0 1.0"/>
        </transform>
    </shape>
    <shape name="temp33" type="ply">
        <string name="filename" value="meshes/Cube_029.ply"/>
        <boolean name="face_normals" value="true"/>
        <ref id="mat-Material" name="bsdf"/>
        <transform name="to_world">
            <matrix value="0.005312081691124716 0.9804872732430443 0.19651032031094495 -1.5924111687410905 -0.9970378191114965 -0.009876044745454431 0.07622887748622878 -1.775994487629285 0.07668221113528254 -0.19633432271709952 0.977530387437763 -0.053733980421481586 0.0 0.0 0.0 1.0"/>
        </transform>
    </shape>
    <shape name="temp34" type="ply">
        <string name="filename" value="meshes/Cube_030.ply"/>
        <boolean name="face_normals" value="true"/>
        <ref id="mat-Material" name="bsdf"/>
        <transform name="to_world">
            <matrix value="-0.04223668872150285 0.9814113441568866 -0.18720987283146806 -3.2075597376216485 -0.971298964908871 0.0035652369208644652 0.2378280203817523 -1.880277658215035 0.23407452213538107 0.19188241057106287 0.9530937780336988 0.2964239963320686 0.0 0.0 0.0 1.0"/>
        </transform>
    </shape>
    <shape name="temp35" type="ply">
        <string name="filename" value="meshes/Cube_031.ply"/>
        <boolean name="face_normals" value="true"/>
        <ref id="mat-Material" name="bsdf"/>
        <transform name="to_world">
            <matrix value="0.12565227373866855 0.9805832219146766 0.15054349650442225 -1.9350438050965462 -0.7706687800406719 0.0009319442329633748 0.637149951704434 -1.151957900997584 0.6246378719458465 -0.19610033310875785 0.755822535188627 0.6161291050157343 0.0 0.0 0.0 1.0"/>
        </transform>
    </shape>
    <shape name="temp36" type="ply">
        <string name="filename" value="meshes/Cube_032.ply"/>
        <boolean name="face_normals" value="true"/>
        <ref id="mat-Material" name="bsdf"/>
        <transform name="to_world">
            <matrix value="0.7280198908917481 0.6072052237794182 0.317689675339381 -0.6327096147449887 -0.3985415148565583 -0.001867349918547921 0.9168202842322896 -0.1258125738507735 0.5572705296023063 -0.7945418763805658 0.2406477870323923 -0.12632601162934542 0.0 0.0 0.0 1.0"/>
        </transform>
    </shape>
    <shape name="temp37" type="ply">
        <string name="filename" value="meshes/Cube_033.ply"/>
        <boolean name="face_normals" value="true"/>
        <ref id="mat-Material" name="bsdf"/>
        <transform name="to_world">
            <matrix value="0.9771905866208532 0.16606496767989853 0.13236746141200822 -0.13755129485226636 -0.15011180759077136 0.09924583301176623 0.9836751294619028 0.30040324365122756 0.15021709953601514 -0.9811078108476232 0.12191040758810098 -0.38033293319600825 0.0 0.0 0.0 1.0"/>
        </transform>
    </shape>
    <shape name="temp38" type="ply">
        <string name="filename" value="meshes/Cube_034.ply"/>
        <boolean name="face_normals" value="true"/>
        <ref id="mat-Material" name="bsdf"/>
        <transform name="to_world">
            <matrix value="0.9999250922384922 0.0023474812430776164 0.0120369192771409 -0.034950351210522035 -0.012263043258567408 0.18128192639902552 0.9833548137890342 0.36940605705795615 0.00012633105330063987 -0.9834283086126449 0.18129709881466655 -0.3567914347611267 0.0 0.0 0.0 1.0"/>
        </transform>
    </shape>
    <shape name="temp39" type="ply">
        <string name="filename" value="meshes/Cube_035.ply"/>
        <boolean name="face_normals" value="true"/>
        <ref id="mat-Material" name="bsdf"/>
        <transform name="to_world">
            <matrix value="0.9989266914527142 -0.04621915302353037 0.0031315880423677164 0.009360899865999084 0.006552891085001251 0.2078996522903574 0.9781283494263394 0.09145010269817697 -0.04585932942926491 -0.977057525400325 0.20797934708555288 -0.14630892121985545 0.0 0.0 0.0 1.0"/>
        </transform>
    </shape>
    <shape name="temp40" type="ply">
        <string name="filename" value="meshes/Cube_036.ply"/>
        <boolean name="face_normals" value="true"/>
        <ref id="mat-Material" name="bsdf"/>
        <transform name="to_world">
            <matrix value="0.9993918730840899 -0.03471534532135505 0.0033459867873921858 0.0037948922990334033 0.004031597778120551 0.21028997357239848 0.9776308554532385 -0.24623841620717024 -0.034642426249098 -0.9770224832767723 0.21030202576614543 0.21485306121109982 0.0 0.0 0.0 1.0"/>
        </transform>
    </shape>
    <shape name="temp41" type="ply">
        <string name="filename" value="meshes/Cube_037.ply"/>
        <boolean name="face_normals" value="true"/>
        <ref id="mat-Material" name="bsdf"/>
        <transform name="to_world">
            <matrix value="0.9988535566559757 -0.04775435262805498 0.003380086813821184 -0.005298620903580353 0.006744253821182319 0.2102629619354933 0.977621754233013 -0.5697123187902482 -0.047396423398170656 -0.9764777659811898 0.21034393865824846 0.5113863258524389 0.0 0.0 0.0 1.0"/>
        </transform>
    </shape>
    <shape name="temp42" type="ply">
        <string name="filename" value="meshes/Cube_038.ply"/>
        <boolean name="face_normals" value="true"/>
        <ref id="mat-Material" name="bsdf"/>
        <transform name="to_world">
            <matrix value="0.9991618309052581 -0.040789970443637455 0.0034731083763848624 0.006735807315657372 0.005185800059217024 0.2102689065814531 0.9776300280695815 -0.9048109155129509 -0.0406077878363979 -0.9767922064648547 0.2103040942252876 0.8605478774000146 0.0 0.0 0.0 1.0"/>
        </transform>
    </shape>
    <shape name="temp43" type="ply">
        <string name="filename" value="meshes/Cube_039.ply"/>
        <boolean name="face_normals" value="true"/>
        <ref id="mat-Material" name="bsdf"/>
        <transform name="to_world">
            <matrix value="0.9999599543343858 -0.0066618901828680134 -0.005986890598503326 0.02118818946408041 0.008281292488654453 0.4330099344946607 0.901351090242998 -1.3192672316393759 -0.00341231926581703 -0.9013645632839133 0.4330477019357031 1.4728919363443234 0.0 0.0 0.0 1.0"/>
        </transform>
    </shape>
    <shape name="temp47" type="ply">
        <string name="filename" value="meshes/Plane_001.ply"/>
        <boolean name="face_normals" value="true"/>
        <ref id="mat-Material.002" name="bsdf"/>
    </shape>
    <shape name="temp49" type="ply">
        <string name="filename" value="meshes/Plane_002.ply"/>
        <boolean name="face_normals" value="true"/>
        <ref id="mat-Material.003" name="bsdf"/>
    </shape>
    <shape name="temp51" type="ply">
        <string name="filename" value="meshes/Plane_003.ply"/>
        <boolean name="face_normals" value="true"/>
        <ref id="mat-Material.004" name="bsdf"/>
    </shape>
    <shape name="temp53" type="ply">
        <string name="filename" value="meshes/Plane_004.ply"/>
        <boolean name="face_normals" value="true"/>
        <ref id="mat-Material.005" name="bsdf"/>
    </shape>
    <emitter type="point">
        <rgb name="intensity" value="100"/>
        <animation name="to_world">
            <transform time="0">
                <rotate angle="-142.5518126578256" x="1"/>
                <rotate angle="3.976628485794621e-06" y="1"/>
                <rotate angle="-179.999991348578" z="1"/>
                <translate value="-0.000000 3.030926 4.073377"/>
                <translate x="32.25" y="0.0" z="0.0"/>
            </transform>
            <transform time="0.0015">
                <rotate angle="-142.5518126578256" x="1"/>
                <rotate angle="3.976628485794621e-06" y="1"/>
                <rotate angle="-179.999991348578" z="1"/>
                <translate value="-0.000000 3.030926 4.073377"/>
                <translate x="32.4" y="0.0" z="0.0"/>
            </transform>
        </animation>
    </emitter>
</scene>
