
<scene version="2.1.0">
    <default name="spp" value="1024"/>
    <default name="resx" value="1280"/>
    <default name="resy" value="720"/>
    <integrator name="temp0" type="path">
        <integer name="max_depth" value="12"/>
    </integrator>
    <sensor name="temp44" type="perspective">
        <string name="fov_axis" value="x"/>
        <float name="fov" value="83.974423"/>
        <float name="principal_point_offset_x" value="0.000000"/>
        <float name="principal_point_offset_y" value="-0.000000"/>
        <float name="near_clip" value="0.100000"/>
        <float name="far_clip" value="1000.000000"/>
        <sampler name="sampler" type="independent">
            <integer name="sample_count" value="$spp"/>
        </sampler>
        <film name="film" type="hdrfilm">
            <integer name="width" value="$resx"/>
            <integer name="height" value="$resy"/>
        </film>
        <float name="shutter_open" value="0.0"/>
        <float name="shutter_close" value="0.0015"/>
        <animation name="to_world">
            <transform time="0">
                <rotate angle="-142.5518126578256" x="1"/>
                <rotate angle="3.976628485794621e-06" y="1"/>
                <rotate angle="-179.999991348578" z="1"/>
                <translate value="-0.000000 3.030926 4.073377"/>
                <translate x="39.449999999999996" y="0.0" z="0.0"/>
            </transform>
            <transform time="0.0015">
                <rotate angle="-142.5518126578256" x="1"/>
                <rotate angle="3.976628485794621e-06" y="1"/>
                <rotate angle="-179.999991348578" z="1"/>
                <translate value="-0.000000 3.030926 4.073377"/>
                <translate x="39.6" y="0.0" z="0.0"/>
            </transform>
        </animation>
    </sensor>
    <bsdf id="mat-Material" name="mat-Material" type="twosided">
        <bsdf name="bsdf" type="diffuse">
            <texture name="reflectance" type="bitmap">
                <string name="filename" value="textures/siggraph_2023_logo.jpg"/>
            </texture>
        </bsdf>
    </bsdf>
    <bsdf id="mat-Material.001" name="mat-Material.001" type="twosided">
        <bsdf name="bsdf" type="principled">
            <rgb name="base_color" value="0.433648 0.266232 0.084399"/>
            <float name="spec_tint" value="0.000000"/>
            <float name="spec_trans" value="0.000000"/>
            <float name="metallic" value="0.000000"/>
            <float name="anisotropic" value="0.000000"/>
            <float name="roughness" value="0.500000"/>
            <float name="sheen" value="0.000000"/>
            <float name="sheen_tint" value="0.500000"/>
            <float name="clearcoat" value="0.000000"/>
            <float name="clearcoat_gloss" value="0.173205"/>
            <float name="specular" value="0.500000"/>
        </bsdf>
    </bsdf>
    <bsdf id="mat-Material.002" name="mat-Material.002" type="twosided">
        <bsdf name="bsdf" type="principled">
            <rgb name="base_color" value="0.433648 0.266232 0.084399"/>
            <float name="spec_tint" value="0.000000"/>
            <float name="spec_trans" value="0.000000"/>
            <float name="metallic" value="0.000000"/>
            <float name="anisotropic" value="0.000000"/>
            <float name="roughness" value="0.500000"/>
            <float name="sheen" value="0.000000"/>
            <float name="sheen_tint" value="0.500000"/>
            <float name="clearcoat" value="0.000000"/>
            <float name="clearcoat_gloss" value="0.173205"/>
            <float name="specular" value="0.500000"/>
        </bsdf>
    </bsdf>
    <bsdf id="mat-Material.003" name="mat-Material.003" type="twosided">
        <bsdf name="bsdf" type="principled">
            <rgb name="base_color" value="0.433648 0.266232 0.084399"/>
            <float name="spec_tint" value="0.000000"/>
            <float name="spec_trans" value="0.000000"/>
            <float name="metallic" value="0.000000"/>
            <float name="anisotropic" value="0.000000"/>
            <float name="roughness" value="0.500000"/>
            <float name="sheen" value="0.000000"/>
            <float name="sheen_tint" value="0.500000"/>
            <float name="clearcoat" value="0.000000"/>
            <float name="clearcoat_gloss" value="0.173205"/>
            <float name="specular" value="0.500000"/>
        </bsdf>
    </bsdf>
    <bsdf id="mat-Material.004" name="mat-Material.004" type="twosided">
        <bsdf name="bsdf" type="principled">
            <rgb name="base_color" value="0.433648 0.266232 0.084399"/>
            <float name="spec_tint" value="0.000000"/>
            <float name="spec_trans" value="0.000000"/>
            <float name="metallic" value="0.000000"/>
            <float name="anisotropic" value="0.000000"/>
            <float name="roughness" value="0.500000"/>
            <float name="sheen" value="0.000000"/>
            <float name="sheen_tint" value="0.500000"/>
            <float name="clearcoat" value="0.000000"/>
            <float name="clearcoat_gloss" value="0.173205"/>
            <float name="specular" value="0.500000"/>
        </bsdf>
    </bsdf>
    <bsdf id="mat-Material.005" name="mat-Material.005" type="twosided">
        <bsdf name="bsdf" type="principled">
            <rgb name="base_color" value="0.433648 0.266232 0.084399"/>
            <float name="spec_tint" value="0.000000"/>
            <float name="spec_trans" value="0.000000"/>
            <float name="metallic" value="0.000000"/>
            <float name="anisotropic" value="0.000000"/>
            <float name="roughness" value="0.500000"/>
            <float name="sheen" value="0.000000"/>
            <float name="sheen_tint" value="0.500000"/>
            <float name="clearcoat" value="0.000000"/>
            <float name="clearcoat_gloss" value="0.173205"/>
            <float name="specular" value="0.500000"/>
        </bsdf>
    </bsdf>
    <emitter name="temp45" type="point">
        <point name="position" x="-6.815235034541981e-16" y="3.0693089962005615" z="4.109199523925781"/>
        <rgb name="intensity" value="7.957747 7.957747 7.957747"/>
    </emitter>
    <shape name="temp2" type="ply">
        <string name="filename" value="meshes/Cube.ply"/>
        <boolean name="face_normals" value="true"/>
        <ref id="mat-Material" name="bsdf"/>
        <transform name="to_world">
            <matrix value="0.9997107851219889 -0.006352926330192753 -0.010729664919074788 -0.08116788380977136 -0.011483045137910063 -0.7991401121765123 -0.6006210814519023 1.6338075819700584 -0.004953625890249935 0.6008841878674991 -0.7992510759533469 3.964720771856759 0.0 0.0 0.0 1.0"/>
        </transform>
    </shape>
    <shape name="temp4" type="ply">
        <string name="filename" value="meshes/Plane.ply"/>
        <boolean name="face_normals" value="true"/>
        <ref id="mat-Material.001" name="bsdf"/>
    </shape>
    <shape name="temp5" type="ply">
        <string name="filename" value="meshes/Cube_001.ply"/>
        <boolean name="face_normals" value="true"/>
        <ref id="mat-Material" name="bsdf"/>
        <transform name="to_world">
            <matrix value="0.9979435824880724 -0.03377300421548403 -0.054481109885532654 0.051470941231083644 -0.0545121510140472 2.2774783437590606e-06 -0.9985133097662948 1.1729026454540206 0.03372291131452927 0.9994294182798906 -0.0018387644372538238 1.0384167764168608 0.0 0.0 0.0 1.0"/>
        </transform>
    </shape>
    <shape name="temp6" type="ply">
        <string name="filename" value="meshes/Cube_002.ply"/>
        <boolean name="face_normals" value="true"/>
        <ref id="mat-Material" name="bsdf"/>
        <transform name="to_world">
            <matrix value="0.9998007630840368 -0.018493104210686596 0.007518447109617933 -0.03169051212545959 0.011398636501444081 0.21965133087065075 -0.9755119259080299 0.6530281297964131 0.01638881427662151 0.9754031408589076 0.21981832073267424 0.5329106541158464 0.0 0.0 0.0 1.0"/>
        </transform>
    </shape>
    <shape name="temp7" type="ply">
        <string name="filename" value="meshes/Cube_003.ply"/>
        <boolean name="face_normals" value="true"/>
        <ref id="mat-Material" name="bsdf"/>
        <transform name="to_world">
            <matrix value="0.9949975799030897 -0.061083781962901235 0.07905205236062013 -0.05214229925862246 0.09094930295890091 0.226446478370875 -0.9697679921668043 0.13722761164451824 0.04133601981820019 0.9721062610679922 0.23086922326640666 0.2104044525355036 0.0 0.0 0.0 1.0"/>
        </transform>
    </shape>
    <shape name="temp8" type="ply">
        <string name="filename" value="meshes/Cube_004.ply"/>
        <boolean name="face_normals" value="true"/>
        <ref id="mat-Material" name="bsdf"/>
        <transform name="to_world">
            <matrix value="0.9835315951186734 -0.13065330616178197 0.12485140189522864 0.028074121728154156 0.15236602148478706 0.22803568039080313 -0.9616570319809787 -0.3506891221464565 0.09717309632340296 0.964842738041354 0.24418833899657746 -0.23954646674950553 0.0 0.0 0.0 1.0"/>
        </transform>
    </shape>
    <shape name="temp9" type="ply">
        <string name="filename" value="meshes/Cube_005.ply"/>
        <boolean name="face_normals" value="true"/>
        <ref id="mat-Material" name="bsdf"/>
        <transform name="to_world">
            <matrix value="0.9811378710593642 -0.17330828933947684 0.08561139633521048 0.08978387422008272 0.12360376808202445 0.22198017199842313 -0.9671850185877648 -0.6101025745831606 0.14861715396603353 0.9595235314117179 0.23921458124221961 -0.6849742351319431 0.0 0.0 0.0 1.0"/>
        </transform>
    </shape>
    <shape name="temp10" type="ply">
        <string name="filename" value="meshes/Cube_006.ply"/>
        <boolean name="face_normals" value="true"/>
        <ref id="mat-Material" name="bsdf"/>
        <transform name="to_world">
            <matrix value="0.9864408086846906 -0.1543634639973468 -0.055738390270724664 0.040402556547598945 -0.020671202353788026 0.2200577569286413 -0.975267729531592 -0.5741242075175773 0.16281135477556927 0.963195862526412 0.21388323772718182 -1.0435419971395365 0.0 0.0 0.0 1.0"/>
        </transform>
    </shape>
    <shape name="temp11" type="ply">
        <string name="filename" value="meshes/Cube_007.ply"/>
        <boolean name="face_normals" value="true"/>
        <ref id="mat-Material" name="bsdf"/>
        <transform name="to_world">
            <matrix value="0.9344510546480931 -0.257356030061136 -0.24599853624011336 0.19597566260402566 -0.19876331274921238 0.19612041975458 -0.9601974090126192 -0.4233155312663809 0.2953696808840711 0.9462036656564246 0.13210733199029268 -1.7691850450172857 0.0 0.0 0.0 1.0"/>
        </transform>
    </shape>
    <shape name="temp12" type="ply">
        <string name="filename" value="meshes/Cube_008.ply"/>
        <boolean name="face_normals" value="true"/>
        <ref id="mat-Material" name="bsdf"/>
        <transform name="to_world">
            <matrix value="0.405873411201946 0.8719782947418042 -0.2736748741549458 1.626809280913653 -0.4951529359410099 -0.04188208534008589 -0.8677820822740853 0.12178561274229296 -0.7681675699922167 0.4877273305619464 0.41477629200685917 0.9145549149276574 0.0 0.0 0.0 1.0"/>
        </transform>
    </shape>
    <shape name="temp13" type="ply">
        <string name="filename" value="meshes/Cube_009.ply"/>
        <boolean name="face_normals" value="true"/>
        <ref id="mat-Material" name="bsdf"/>
        <transform name="to_world">
            <matrix value="-0.07235389440576426 0.9906258147815187 0.11583483483767443 2.6184059429522013 -0.8493682483285374 -0.00033489204731521017 -0.5275576674589062 0.9987855712195595 -0.522572057720641 -0.13659857787381918 0.8414325131518541 0.9032338759616261 0.0 0.0 0.0 1.0"/>
        </transform>
    </shape>
    <shape name="temp14" type="ply">
        <string name="filename" value="meshes/Cube_010.ply"/>
        <boolean name="face_normals" value="true"/>
        <ref id="mat-Material" name="bsdf"/>
        <transform name="to_world">
            <matrix value="0.019998789951544874 0.9963857595484572 0.0825266382078208 1.8981566336129552 -0.9963053630411309 0.013031874774468476 0.08424753711524888 1.9957414749197353 0.08286965872201155 -0.08392512457683507 0.9929664115330663 -0.2614727539063866 0.0 0.0 0.0 1.0"/>
        </transform>
    </shape>
    <shape name="temp15" type="ply">
        <string name="filename" value="meshes/Cube_011.ply"/>
        <boolean name="face_normals" value="true"/>
        <ref id="mat-Material" name="bsdf"/>
        <transform name="to_world">
            <matrix value="0.03903223826164351 0.9977956835612809 0.05261606892531373 1.4441960217717238 -0.844529384231606 0.004860962031441963 0.5354264406286036 2.2333975591056623 0.5339657941907037 -0.06530435544393991 0.8429059652470496 -1.2875241928908852 0.0 0.0 0.0 1.0"/>
        </transform>
    </shape>
    <shape name="temp16" type="ply">
        <string name="filename" value="meshes/Cube_012.ply"/>
        <boolean name="face_normals" value="true"/>
        <ref id="mat-Material" name="bsdf"/>
        <transform name="to_world">
            <matrix value="0.0942041781687756 0.9900303072651917 0.1047165832742739 1.10301315398453 -0.744089600320552 0.00013872957701236696 0.6680797985533551 1.8456000544199158 0.6614049504722292 -0.14085439163327584 0.7366844420195537 -1.8106926924165268 0.0 0.0 0.0 1.0"/>
        </transform>
    </shape>
    <shape name="temp17" type="ply">
        <string name="filename" value="meshes/Cube_013.ply"/>
        <boolean name="face_normals" value="true"/>
        <ref id="mat-Material" name="bsdf"/>
        <transform name="to_world">
            <matrix value="0.9043665019582396 0.15520368234315002 0.3973533651584487 0.6975015766034208 -0.41859873286207927 0.14345279638231792 0.8966851937567046 1.4715288048798145 0.08221370608144646 -0.9773988732288605 0.1947390455585809 -1.3723127257642984 0.0 0.0 0.0 1.0"/>
        </transform>
    </shape>
    <shape name="temp18" type="ply">
        <string name="filename" value="meshes/Cube_014.ply"/>
        <boolean name="face_normals" value="true"/>
        <ref id="mat-Material" name="bsdf"/>
        <transform name="to_world">
            <matrix value="0.936933205325277 0.3058753960490006 0.16910153463120675 0.11449845869569975 -0.2176034569267074 0.13189356789307147 0.9670841959792937 1.0267049128348127 0.2735035512484332 -0.9428899948479734 0.1901352346767365 -0.8725615562911828 0.0 0.0 0.0 1.0"/>
        </transform>
    </shape>
    <shape name="temp19" type="ply">
        <string name="filename" value="meshes/Cube_015.ply"/>
        <boolean name="face_normals" value="true"/>
        <ref id="mat-Material" name="bsdf"/>
        <transform name="to_world">
            <matrix value="0.9835457788368287 0.1268593705349973 0.1286252287715811 0.03052134247017102 -0.14943934421579108 0.17122020637307764 0.9738335190612647 0.6393237450536147 0.10151668271199783 -0.9770313480996948 0.18736063904276912 -0.2947766117795605 0.0 0.0 0.0 1.0"/>
        </transform>
    </shape>
    <shape name="temp20" type="ply">
        <string name="filename" value="meshes/Cube_016.ply"/>
        <boolean name="face_normals" value="true"/>
        <ref id="mat-Material" name="bsdf"/>
        <transform name="to_world">
            <matrix value="0.9850093612539825 0.0243264820419546 0.17077548542599147 0.06070770923197999 -0.17241029684749135 0.17061168321085973 0.9701372416730927 0.33110702377500606 -0.005536310761718854 -0.9850375347031745 0.17224795648056523 0.1667142071448064 0.0 0.0 0.0 1.0"/>
        </transform>
    </shape>
    <shape name="temp21" type="ply">
        <string name="filename" value="meshes/Cube_017.ply"/>
        <boolean name="face_normals" value="true"/>
        <ref id="mat-Material" name="bsdf"/>
        <transform name="to_world">
            <matrix value="0.946699803378207 -0.09102203064934306 0.3089847718855979 0.20547265335424297 -0.29178390396204434 0.16401853895203194 0.942316348013641 0.13441862504178198 -0.13645071512533974 -0.9822473056152917 0.12871693834006037 0.4127261708442895 0.0 0.0 0.0 1.0"/>
        </transform>
    </shape>
    <shape name="temp22" type="ply">
        <string name="filename" value="meshes/Cube_018.ply"/>
        <boolean name="face_normals" value="true"/>
        <ref id="mat-Material" name="bsdf"/>
        <transform name="to_world">
            <matrix value="0.2593497297115209 0.9560309997643001 0.13689015323618114 0.850843357570096 -0.46122526049284873 -0.0019208068866116146 0.8872586935564779 -0.0921214627564113 0.8485101333801396 -0.29325918864968936 0.44044669734447667 -0.13618482151751327 0.0 0.0 0.0 1.0"/>
        </transform>
    </shape>
    <shape name="temp23" type="ply">
        <string name="filename" value="meshes/Cube_019.ply"/>
        <boolean name="face_normals" value="true"/>
        <ref id="mat-Material" name="bsdf"/>
        <transform name="to_world">
            <matrix value="-0.08045747366704076 0.984039981394301 -0.15871896897594961 0.5040994414813098 -0.9132530446237502 -0.008976417485185316 0.4072913066562779 -0.046492476082883635 0.39936620941905265 0.17772058286732179 0.8993998395348497 -0.057676727318991594 0.0 0.0 0.0 1.0"/>
        </transform>
    </shape>
    <shape name="temp24" type="ply">
        <string name="filename" value="meshes/Cube_020.ply"/>
        <boolean name="face_normals" value="true"/>
        <ref id="mat-Material" name="bsdf"/>
        <transform name="to_world">
            <matrix value="0.0957266795894552 0.9472660141155902 -0.30581541962091013 0.12086341248168203 -0.9596317678784149 0.006196806583982462 -0.28119070987102135 0.14633275209577035 -0.2644672872642756 0.3203877149014755 0.9096199186430862 0.11438542066430823 0.0 0.0 0.0 1.0"/>
        </transform>
    </shape>
    <shape name="temp25" type="ply">
        <string name="filename" value="meshes/Cube_021.ply"/>
        <boolean name="face_normals" value="true"/>
        <ref id="mat-Material" name="bsdf"/>
        <transform name="to_world">
            <matrix value="0.18571382664305078 0.9380520959570151 -0.2925207826954836 -0.1672485888617719 -0.8002500323566071 -0.028357963635453454 -0.5989957453568411 0.09249297198717103 -0.5701848049827403 0.3453314713728795 0.7454097936694276 0.30292393386821853 0.0 0.0 0.0 1.0"/>
        </transform>
    </shape>
    <shape name="temp26" type="ply">
        <string name="filename" value="meshes/Cube_022.ply"/>
        <boolean name="face_normals" value="true"/>
        <ref id="mat-Material" name="bsdf"/>
        <transform name="to_world">
            <matrix value="0.6378491189251578 0.39994159646074556 -0.6581758979831223 -0.08374367442397784 -0.7117309986933249 -0.020415489035778427 -0.7021555944609738 -0.19544468156726863 -0.2942582757563025 0.9163131514341198 0.27162875437154066 0.6840979621872767 0.0 0.0 0.0 1.0"/>
        </transform>
    </shape>
    <shape name="temp27" type="ply">
        <string name="filename" value="meshes/Cube_023.ply"/>
        <boolean name="face_normals" value="true"/>
        <ref id="mat-Material" name="bsdf"/>
        <transform name="to_world">
            <matrix value="0.8569773698776832 0.28138303752635985 -0.4317558594128602 -0.06521401076057154 -0.4804231446366929 0.1330062074618865 -0.8668927630406302 -0.2871600067586285 -0.18650270731720292 0.9503326915896819 0.24916623366921958 0.20539840893386918 0.0 0.0 0.0 1.0"/>
        </transform>
    </shape>
    <shape name="temp28" type="ply">
        <string name="filename" value="meshes/Cube_024.ply"/>
        <boolean name="face_normals" value="true"/>
        <ref id="mat-Material" name="bsdf"/>
        <transform name="to_world">
            <matrix value="0.855398323129921 0.442917632237085 -0.268547341238078 -0.19190873708460066 -0.3773133644311354 0.1776231949656149 -0.9088918212416334 -0.5118339046259595 -0.3548643504654919 0.8787909633038049 0.3190572223264988 -0.34247319038593815 0.0 0.0 0.0 1.0"/>
        </transform>
    </shape>
    <shape name="temp29" type="ply">
        <string name="filename" value="meshes/Cube_025.ply"/>
        <boolean name="face_normals" value="true"/>
        <ref id="mat-Material" name="bsdf"/>
        <transform name="to_world">
            <matrix value="0.9004546768151169 0.3629068692991367 -0.23975001666587079 -0.26456169627981974 -0.3211459513463008 0.18298204299751994 -0.9291841146120209 -0.7930508896967736 -0.2933373313688884 0.9136826977429118 0.2813130436797108 -0.7016277812934488 0.0 0.0 0.0 1.0"/>
        </transform>
    </shape>
    <shape name="temp30" type="ply">
        <string name="filename" value="meshes/Cube_026.ply"/>
        <boolean name="face_normals" value="true"/>
        <ref id="mat-Material" name="bsdf"/>
        <transform name="to_world">
            <matrix value="0.9233542897769078 0.23495337103142738 -0.3036676499136448 -0.3316865543274686 -0.34961435800059215 0.18758918533320262 -0.9179216500772304 -1.147065592435693 -0.15870403810455885 0.9537331333707395 0.25535435423651165 -0.888419568266028 0.0 0.0 0.0 1.0"/>
        </transform>
    </shape>
    <shape name="temp31" type="ply">
        <string name="filename" value="meshes/Cube_027.ply"/>
        <boolean name="face_normals" value="true"/>
        <ref id="mat-Material" name="bsdf"/>
        <transform name="to_world">
            <matrix value="0.8731246465151491 0.1723371636321161 -0.45601912154549595 -0.5947045941969038 -0.4832904719100327 0.18337468164856507 -0.8560397352183182 -1.5833530718234248 -0.06390509674182265 0.9678189198265414 0.2433978330112841 -1.0262980550106358 0.0 0.0 0.0 1.0"/>
        </transform>
    </shape>
    <shape name="temp32" type="ply">
        <string name="filename" value="meshes/Cube_028.ply"/>
        <boolean name="face_normals" value="true"/>
        <ref id="mat-Material" name="bsdf"/>
        <transform name="to_world">
            <matrix value="-0.10567014079113234 0.9845714536015169 0.13947277222222484 -1.4866616154079346 -0.7970775335223315 -3.0318841607515697e-06 -0.6038762451533047 -2.1219335891520688 -0.5945588597708975 -0.1749824372214099 0.784780253992599 -1.3584001435981627 0.0 0.0 0.0 1.0"/>
        </transform>
    </shape>
    <shape name="temp33" type="ply">
        <string name="filename" value="meshes/Cube_029.ply"/>
        <boolean name="face_normals" value="true"/>
        <ref id="mat-Material" name="bsdf"/>
        <transform name="to_world">
            <matrix value="-0.0048043821483723295 0.9775263180948766 0.21075817419593673 -1.5926945501744636 -0.9989231455231753 -0.01441810989460247 0.04410224381719832 -1.8287949723649273 0.04614980754467428 -0.2103192796340601 0.9765429641421378 -0.12896705179609536 0.0 0.0 0.0 1.0"/>
        </transform>
    </shape>
    <shape name="temp34" type="ply">
        <string name="filename" value="meshes/Cube_030.ply"/>
        <boolean name="face_normals" value="true"/>
        <ref id="mat-Material" name="bsdf"/>
        <transform name="to_world">
            <matrix value="-0.04292156554122979 0.9786079195432138 -0.20120655230689757 -3.228186599496193 -0.9743345470551992 0.00354172186005274 0.22507190312542918 -1.9088361220247148 0.220969700624791 0.20570328199026408 0.9533398081197768 0.2576177577650418 0.0 0.0 0.0 1.0"/>
        </transform>
    </shape>
    <shape name="temp35" type="ply">
        <string name="filename" value="meshes/Cube_031.ply"/>
        <boolean name="face_normals" value="true"/>
        <ref id="mat-Material" name="bsdf"/>
        <transform name="to_world">
            <matrix value="0.13240201710201815 0.9770467833207835 0.16688052958227526 -1.896688286089946 -0.7869984504287915 0.0012721208619528059 0.6169513890826017 -1.2146917279787672 0.6025782010435672 -0.2130208604927173 0.7691026338694937 0.5743354681132811 0.0 0.0 0.0 1.0"/>
        </transform>
    </shape>
    <shape name="temp36" type="ply">
        <string name="filename" value="meshes/Cube_032.ply"/>
        <boolean name="face_normals" value="true"/>
        <ref id="mat-Material" name="bsdf"/>
        <transform name="to_world">
            <matrix value="0.7073486730245184 0.6137186784947739 0.35025419589891926 -0.6643867222963664 -0.4430775920301687 -0.0007899892162036449 0.8961830900746584 -0.2808283021765352 0.5502752971045712 -0.7895243866063999 0.2713673011359741 -0.12030125572816419 0.0 0.0 0.0 1.0"/>
        </transform>
    </shape>
    <shape name="temp37" type="ply">
        <string name="filename" value="meshes/Cube_033.ply"/>
        <boolean name="face_normals" value="true"/>
        <ref id="mat-Material" name="bsdf"/>
        <transform name="to_world">
            <matrix value="0.9766165892767544 0.16972048691865013 0.1319659675826355 -0.14344405136097627 -0.1501088600368422 0.09888177037814207 0.9837123617264613 0.30041811711259725 0.15390712678648363 -0.9805188737294623 0.12204613396712498 -0.38352701857514176 0.0 0.0 0.0 1.0"/>
        </transform>
    </shape>
    <shape name="temp38" type="ply">
        <string name="filename" value="meshes/Cube_034.ply"/>
        <boolean name="face_normals" value="true"/>
        <ref id="mat-Material" name="bsdf"/>
        <transform name="to_world">
            <matrix value="0.9999188868617992 -0.0009402104196085712 0.012708435672811842 -0.033806383890049085 -0.012336514918612053 0.1785119612534234 0.9838604634010386 0.36939610598191663 -0.0031936414391509627 -0.9839372537404338 0.17848587372423352 -0.3759036907343529 0.0 0.0 0.0 1.0"/>
        </transform>
    </shape>
    <shape name="temp39" type="ply">
        <string name="filename" value="meshes/Cube_035.ply"/>
        <boolean name="face_normals" value="true"/>
        <ref id="mat-Material" name="bsdf"/>
        <transform name="to_world">
            <matrix value="0.9987968217833544 -0.04891648919638816 0.003564368793736091 0.008951583251069817 0.006515246610534603 0.20435796780713483 0.9788746494848235 0.09134154148741716 -0.048611524802890646 -0.9776732655713223 0.2044307458603632 -0.1547936524114923 0.0 0.0 0.0 1.0"/>
        </transform>
    </shape>
    <shape name="temp40" type="ply">
        <string name="filename" value="meshes/Cube_036.ply"/>
        <boolean name="face_normals" value="true"/>
        <ref id="mat-Material" name="bsdf"/>
        <transform name="to_world">
            <matrix value="0.9987952704391811 -0.04894078924039939 0.0036390460786506177 0.0027704260881105114 0.006594863809711237 0.20732868468972077 0.9782492656379057 -0.2394709582092791 -0.048630761470638814 -0.9770463661526461 0.20740163235703635 0.18262746993156154 0.0 0.0 0.0 1.0"/>
        </transform>
    </shape>
    <shape name="temp41" type="ply">
        <string name="filename" value="meshes/Cube_037.ply"/>
        <boolean name="face_normals" value="true"/>
        <ref id="mat-Material" name="bsdf"/>
        <transform name="to_world">
            <matrix value="0.998771335414794 -0.04941990684635489 0.003710721142867409 -0.005687554266606609 0.006625915071441615 0.2073609422159554 0.9782421737779898 -0.5704330661098823 -0.04911409382884153 -0.9770152871264 0.20743362846502367 0.5190097687808879 0.0 0.0 0.0 1.0"/>
        </transform>
    </shape>
    <shape name="temp42" type="ply">
        <string name="filename" value="meshes/Cube_038.ply"/>
        <boolean name="face_normals" value="true"/>
        <ref id="mat-Material" name="bsdf"/>
        <transform name="to_world">
            <matrix value="0.9989656966776413 -0.04531112399697136 0.003839722074737802 0.00971116206155842 0.005649177698939944 0.20744288446737016 0.9782309449997897 -0.9041360339163145 -0.0451212663578162 -0.9771970681423294 0.2074842879843563 0.8666238389888345 0.0 0.0 0.0 1.0"/>
        </transform>
    </shape>
    <shape name="temp43" type="ply">
        <string name="filename" value="meshes/Cube_039.ply"/>
        <boolean name="face_normals" value="true"/>
        <ref id="mat-Material" name="bsdf"/>
        <transform name="to_world">
            <matrix value="0.9999339274897261 -0.010780286160987078 -0.004015047723226054 0.02221950720480592 0.00828755802939554 0.43301743767885337 0.90134742801859 -1.3192487974474179 -0.007978189690562253 -0.9013210434657658 0.4330780625340944 1.475864542177467 0.0 0.0 0.0 1.0"/>
        </transform>
    </shape>
    <shape name="temp47" type="ply">
        <string name="filename" value="meshes/Plane_001.ply"/>
        <boolean name="face_normals" value="true"/>
        <ref id="mat-Material.002" name="bsdf"/>
    </shape>
    <shape name="temp49" type="ply">
        <string name="filename" value="meshes/Plane_002.ply"/>
        <boolean name="face_normals" value="true"/>
        <ref id="mat-Material.003" name="bsdf"/>
    </shape>
    <shape name="temp51" type="ply">
        <string name="filename" value="meshes/Plane_003.ply"/>
        <boolean name="face_normals" value="true"/>
        <ref id="mat-Material.004" name="bsdf"/>
    </shape>
    <shape name="temp53" type="ply">
        <string name="filename" value="meshes/Plane_004.ply"/>
        <boolean name="face_normals" value="true"/>
        <ref id="mat-Material.005" name="bsdf"/>
    </shape>
    <emitter type="point">
        <rgb name="intensity" value="100"/>
        <animation name="to_world">
            <transform time="0">
                <rotate angle="-142.5518126578256" x="1"/>
                <rotate angle="3.976628485794621e-06" y="1"/>
                <rotate angle="-179.999991348578" z="1"/>
                <translate value="-0.000000 3.030926 4.073377"/>
                <translate x="39.449999999999996" y="0.0" z="0.0"/>
            </transform>
            <transform time="0.0015">
                <rotate angle="-142.5518126578256" x="1"/>
                <rotate angle="3.976628485794621e-06" y="1"/>
                <rotate angle="-179.999991348578" z="1"/>
                <translate value="-0.000000 3.030926 4.073377"/>
                <translate x="39.6" y="0.0" z="0.0"/>
            </transform>
        </animation>
    </emitter>
</scene>
