
<scene version="2.1.0">
    <default name="spp" value="1024"/>
    <default name="resx" value="640"/>
    <default name="resy" value="360"/>
    <integrator name="temp0" type="path">
        <integer name="max_depth" value="12"/>
    </integrator>
    <sensor name="temp44" type="perspective">
        <string name="fov_axis" value="x"/>
        <float name="fov" value="83.974423"/>
        <float name="principal_point_offset_x" value="0.000000"/>
        <float name="principal_point_offset_y" value="-0.000000"/>
        <float name="near_clip" value="0.100000"/>
        <float name="far_clip" value="1000.000000"/>
        <sampler name="sampler" type="independent">
            <integer name="sample_count" value="$spp"/>
        </sampler>
        <film name="film" type="hdrfilm">
            <integer name="width" value="$resx"/>
            <integer name="height" value="$resy"/>
        </film>
        <float name="shutter_open" value="0.0"/>
        <float name="shutter_close" value="0.0015"/>
        <animation name="to_world">
            <transform time="0">
                <rotate angle="-142.5518126578256" x="1"/>
                <rotate angle="3.976628485794621e-06" y="1"/>
                <rotate angle="-179.999991348578" z="1"/>
                <translate value="-0.000000 3.030926 4.073377"/>
            </transform>
            <transform time="0.0015">
                <rotate angle="-142.5518126578256" x="1"/>
                <rotate angle="3.976628485794621e-06" y="1"/>
                <rotate angle="-179.999991348578" z="1"/>
                <translate value="-0.000000 3.030926 4.073377"/>
                <translate x="0.15" y="0.0" z="0.0"/>
            </transform>
        </animation>
    </sensor>
    <bsdf id="mat-Material" name="mat-Material" type="twosided">
        <bsdf name="bsdf" type="diffuse">
            <texture name="reflectance" type="bitmap">
                <string name="filename" value="textures/siggraph_2023_logo.jpg"/>
            </texture>
        </bsdf>
    </bsdf>
    <bsdf id="mat-Material.001" name="mat-Material.001" type="twosided">
        <bsdf name="bsdf" type="principled">
            <rgb name="base_color" value="0.433648 0.266232 0.084399"/>
            <float name="spec_tint" value="0.000000"/>
            <float name="spec_trans" value="0.000000"/>
            <float name="metallic" value="0.000000"/>
            <float name="anisotropic" value="0.000000"/>
            <float name="roughness" value="0.500000"/>
            <float name="sheen" value="0.000000"/>
            <float name="sheen_tint" value="0.500000"/>
            <float name="clearcoat" value="0.000000"/>
            <float name="clearcoat_gloss" value="0.173205"/>
            <float name="specular" value="0.500000"/>
        </bsdf>
    </bsdf>
    <bsdf id="mat-Material.002" name="mat-Material.002" type="twosided">
        <bsdf name="bsdf" type="principled">
            <rgb name="base_color" value="0.433648 0.266232 0.084399"/>
            <float name="spec_tint" value="0.000000"/>
            <float name="spec_trans" value="0.000000"/>
            <float name="metallic" value="0.000000"/>
            <float name="anisotropic" value="0.000000"/>
            <float name="roughness" value="0.500000"/>
            <float name="sheen" value="0.000000"/>
            <float name="sheen_tint" value="0.500000"/>
            <float name="clearcoat" value="0.000000"/>
            <float name="clearcoat_gloss" value="0.173205"/>
            <float name="specular" value="0.500000"/>
        </bsdf>
    </bsdf>
    <bsdf id="mat-Material.003" name="mat-Material.003" type="twosided">
        <bsdf name="bsdf" type="principled">
            <rgb name="base_color" value="0.433648 0.266232 0.084399"/>
            <float name="spec_tint" value="0.000000"/>
            <float name="spec_trans" value="0.000000"/>
            <float name="metallic" value="0.000000"/>
            <float name="anisotropic" value="0.000000"/>
            <float name="roughness" value="0.500000"/>
            <float name="sheen" value="0.000000"/>
            <float name="sheen_tint" value="0.500000"/>
            <float name="clearcoat" value="0.000000"/>
            <float name="clearcoat_gloss" value="0.173205"/>
            <float name="specular" value="0.500000"/>
        </bsdf>
    </bsdf>
    <bsdf id="mat-Material.004" name="mat-Material.004" type="twosided">
        <bsdf name="bsdf" type="principled">
            <rgb name="base_color" value="0.433648 0.266232 0.084399"/>
            <float name="spec_tint" value="0.000000"/>
            <float name="spec_trans" value="0.000000"/>
            <float name="metallic" value="0.000000"/>
            <float name="anisotropic" value="0.000000"/>
            <float name="roughness" value="0.500000"/>
            <float name="sheen" value="0.000000"/>
            <float name="sheen_tint" value="0.500000"/>
            <float name="clearcoat" value="0.000000"/>
            <float name="clearcoat_gloss" value="0.173205"/>
            <float name="specular" value="0.500000"/>
        </bsdf>
    </bsdf>
    <bsdf id="mat-Material.005" name="mat-Material.005" type="twosided">
        <bsdf name="bsdf" type="principled">
            <rgb name="base_color" value="0.433648 0.266232 0.084399"/>
            <float name="spec_tint" value="0.000000"/>
            <float name="spec_trans" value="0.000000"/>
            <float name="metallic" value="0.000000"/>
            <float name="anisotropic" value="0.000000"/>
            <float name="roughness" value="0.500000"/>
            <float name="sheen" value="0.000000"/>
            <float name="sheen_tint" value="0.500000"/>
            <float name="clearcoat" value="0.000000"/>
            <float name="clearcoat_gloss" value="0.173205"/>
            <float name="specular" value="0.500000"/>
        </bsdf>
    </bsdf>
    <emitter name="temp45" type="point">
        <point name="position" x="-6.815235034541981e-16" y="3.0693089962005615" z="4.109199523925781"/>
        <rgb name="intensity" value="7.957747 7.957747 7.957747"/>
    </emitter>
    <shape name="temp2" type="ply">
        <string name="filename" value="meshes/Cube.ply"/>
        <boolean name="face_normals" value="true"/>
        <ref id="mat-Material" name="bsdf"/>
        <transform name="to_world">
            <matrix value="1.0 0.00024548884805276346 0.0003975129320065566 -0.0011559475730651414 -0.0002452382598705381 0.9999997914159312 -0.0006325111661334376 -0.016362719660095282 -0.0003976675761975934 0.0006324122956136856 0.9999997636046695 0.0009524208428659531 0.0 0.0 0.0 1.0"/>
            <scale value="1"/>
        </transform>
    </shape>
    <shape name="temp4" type="ply">
        <string name="filename" value="meshes/Plane.ply"/>
        <boolean name="face_normals" value="true"/>
        <ref id="mat-Material.001" name="bsdf"/>
        <transform name="to_world">
            <scale value="1"/>
        </transform>
    </shape>
    <shape name="temp5" type="ply">
        <string name="filename" value="meshes/Cube_001.ply"/>
        <boolean name="face_normals" value="true"/>
        <ref id="mat-Material" name="bsdf"/>
        <transform name="to_world">
            <matrix value="1.0 0.0001782713803885087 5.051366341370932e-06 0.0005564680494249963 -0.000178255207640769 0.9999952025664184 -0.0030642035534000503 -0.014187267964817007 -5.597604370003564e-06 0.003064193833003423 0.9999955084887199 -2.161962593572042e-05 0.0 0.0 0.0 1.0"/>
            <scale value="1"/>
        </transform>
    </shape>
    <shape name="temp6" type="ply">
        <string name="filename" value="meshes/Cube_002.ply"/>
        <boolean name="face_normals" value="true"/>
        <ref id="mat-Material" name="bsdf"/>
        <transform name="to_world">
            <matrix value="1.0 2.7685780615448156e-05 -0.00010292605412223813 -0.00048261296145035715 -2.76594471541256e-05 1.0 0.0002563281848006313 -0.017891701219579337 0.00010293301561804666 -0.0002563247904251569 1.0 -0.0001989237954412859 0.0 0.0 0.0 1.0"/>
            <scale value="1"/>
        </transform>
    </shape>
    <shape name="temp7" type="ply">
        <string name="filename" value="meshes/Cube_003.ply"/>
        <boolean name="face_normals" value="true"/>
        <ref id="mat-Material" name="bsdf"/>
        <transform name="to_world">
            <matrix value="1.0 -0.0002761298477544882 0.00048654650534418926 -0.0007306146903354183 0.0002773980678229943 0.999996454070831 -0.0026089297863317166 -0.017526263729540192 -0.0004858233737037411 0.002609052965752582 0.999996454070042 0.0009281414226851026 0.0 0.0 0.0 1.0"/>
            <scale value="1"/>
        </transform>
    </shape>
    <shape name="temp8" type="ply">
        <string name="filename" value="meshes/Cube_004.ply"/>
        <boolean name="face_normals" value="true"/>
        <ref id="mat-Material" name="bsdf"/>
        <transform name="to_world">
            <matrix value="1.0 0.0004052705022495792 6.995930690780252e-05 -0.0005705119560852623 -0.0004053201353835898 0.9999995828318625 0.0007169113909926759 -0.016788708402212082 -6.966865061424364e-05 -0.0007169409894811055 0.9999997636046695 0.0003490213117220975 0.0 0.0 0.0 1.0"/>
            <scale value="1"/>
        </transform>
    </shape>
    <shape name="temp9" type="ply">
        <string name="filename" value="meshes/Cube_005.ply"/>
        <boolean name="face_normals" value="true"/>
        <ref id="mat-Material" name="bsdf"/>
        <transform name="to_world">
            <matrix value="1.0 -0.00030907570141607726 0.00043314243622408574 -0.0003907585211062603 0.00031001264123880595 0.9999977055752436 -0.002163646085931594 -0.019241548625757332 -0.0004324735340684045 0.00216378021079506 0.9999976360466947 0.0009400473368467166 0.0 0.0 0.0 1.0"/>
            <scale value="1"/>
        </transform>
    </shape>
    <shape name="temp10" type="ply">
        <string name="filename" value="meshes/Cube_006.ply"/>
        <boolean name="face_normals" value="true"/>
        <ref id="mat-Material" name="bsdf"/>
        <transform name="to_world">
            <matrix value="1.0 5.443585309841205e-05 -0.0001832524782504476 -0.000658802126562108 -5.4314332469899486e-05 0.9999997914159312 0.000662715397515296 -0.017208659198710452 0.00018328865462114403 -0.0006627070457612589 0.9999997636046695 -0.0005953105608528242 0.0 0.0 0.0 1.0"/>
            <scale value="1"/>
        </transform>
    </shape>
    <shape name="temp11" type="ply">
        <string name="filename" value="meshes/Cube_007.ply"/>
        <boolean name="face_normals" value="true"/>
        <ref id="mat-Material" name="bsdf"/>
        <transform name="to_world">
            <matrix value="1.0 0.0006288809673294773 -1.099907285751366e-05 0.0003928941514685924 -0.0006289016305956984 0.9999977055752436 -0.0020065070178681777 -0.018180086928436423 9.737211161877003e-06 0.0020065119946268747 0.9999981088373558 -6.054656775456024e-05 0.0 0.0 0.0 1.0"/>
            <scale value="1"/>
        </transform>
    </shape>
    <shape name="temp12" type="ply">
        <string name="filename" value="meshes/Cube_008.ply"/>
        <boolean name="face_normals" value="true"/>
        <ref id="mat-Material" name="bsdf"/>
        <transform name="to_world">
            <matrix value="1.0 0.00018512211554305908 6.0035194536809354e-05 -2.9022365644060244e-05 -0.0001851032840626424 1.0 -0.0003107913050015106 -0.01772026873965188 -6.009286789462207e-05 0.0003107798332578954 1.0 0.0002010813920185761 0.0 0.0 0.0 1.0"/>
            <scale value="1"/>
        </transform>
    </shape>
    <shape name="temp13" type="ply">
        <string name="filename" value="meshes/Cube_009.ply"/>
        <boolean name="face_normals" value="true"/>
        <ref id="mat-Material" name="bsdf"/>
        <transform name="to_world">
            <matrix value="1.0 0.0007097406674273032 0.00023898622335292736 0.00046944449894592566 -0.0007096956351380342 0.9999997914159312 -0.0001790219474152771 -0.016575725050987644 -0.00023911266659220216 0.000178852287020022 1.0 0.00038728958825062776 0.0 0.0 0.0 1.0"/>
            <scale value="1"/>
        </transform>
    </shape>
    <shape name="temp14" type="ply">
        <string name="filename" value="meshes/Cube_010.ply"/>
        <boolean name="face_normals" value="true"/>
        <ref id="mat-Material" name="bsdf"/>
        <transform name="to_world">
            <matrix value="0.9999977837940383 -0.0018713370030223832 0.0009558054201666966 0.0018336547723805108 0.001871142693523537 0.9999981227433812 0.0002044408281212103 -0.02069887630166234 -0.0009561864946181654 -0.0002026517292662221 0.9999995272093389 0.0015710926451286689 0.0 0.0 0.0 1.0"/>
            <scale value="1"/>
        </transform>
    </shape>
    <shape name="temp15" type="ply">
        <string name="filename" value="meshes/Cube_011.ply"/>
        <boolean name="face_normals" value="true"/>
        <ref id="mat-Material" name="bsdf"/>
        <transform name="to_world">
            <matrix value="0.9999986702764229 0.0015830696483064017 -0.00024418692062459427 -0.0003264541070442384 -0.0015829029461355572 0.9999985399115188 0.0006870002898206752 -0.014466815867390848 0.00024527327592473413 -0.0006866128658825297 0.9999997636046695 -0.0003558189731716066 0.0 0.0 0.0 1.0"/>
            <scale value="1"/>
        </transform>
    </shape>
    <shape name="temp16" type="ply">
        <string name="filename" value="meshes/Cube_012.ply"/>
        <boolean name="face_normals" value="true"/>
        <ref id="mat-Material" name="bsdf"/>
        <transform name="to_world">
            <matrix value="1.0 -0.0006665658510334297 -0.00011873120952616446 -0.0005347122196961429 0.0006664574568238755 0.9999993742477937 -0.0009210127554192448 -0.019794703654528067 0.00011934490724734809 0.0009209341228935616 0.9999995272093389 -0.00014828244029163606 0.0 0.0 0.0 1.0"/>
            <scale value="1"/>
        </transform>
    </shape>
    <shape name="temp17" type="ply">
        <string name="filename" value="meshes/Cube_013.ply"/>
        <boolean name="face_normals" value="true"/>
        <ref id="mat-Material" name="bsdf"/>
        <transform name="to_world">
            <matrix value="0.9999995567588077 -0.0008980962532043728 3.52295233182718e-05 -0.00035304221849330464 0.0008981750873628389 0.9999968712389685 -0.0023041925657450875 -0.021185483730605248 -3.316011467536129e-05 0.0023042240359765803 0.9999973996513641 2.6869835891840665e-06 0.0 0.0 0.0 1.0"/>
            <scale value="1"/>
        </transform>
    </shape>
    <shape name="temp18" type="ply">
        <string name="filename" value="meshes/Cube_014.ply"/>
        <boolean name="face_normals" value="true"/>
        <ref id="mat-Material" name="bsdf"/>
        <transform name="to_world">
            <matrix value="1.0 0.0001681711140266529 -1.6441437075581735e-05 -8.316111760686695e-05 -0.00016815462734939994 0.9999993742477937 0.0009899598175217164 -0.01681812335111227 1.6607892884560493e-05 -0.0009899587629296051 0.9999995272093389 0.0001553004000709457 0.0 0.0 0.0 1.0"/>
            <scale value="1"/>
        </transform>
    </shape>
    <shape name="temp19" type="ply">
        <string name="filename" value="meshes/Cube_015.ply"/>
        <boolean name="face_normals" value="true"/>
        <ref id="mat-Material" name="bsdf"/>
        <transform name="to_world">
            <matrix value="1.0 -0.0002463398710533287 -2.2719624263805844e-05 0.0005715276507024525 0.0002463388277511538 1.0 -6.785278811744687e-05 -0.01805701376508939 2.2736367230646758e-05 6.784718296785929e-05 1.0 -7.395734708159907e-05 0.0 0.0 0.0 1.0"/>
            <scale value="1"/>
        </transform>
    </shape>
    <shape name="temp20" type="ply">
        <string name="filename" value="meshes/Cube_016.ply"/>
        <boolean name="face_normals" value="true"/>
        <ref id="mat-Material" name="bsdf"/>
        <transform name="to_world">
            <matrix value="1.0 -0.0007950411223491572 0.0003199067089467595 0.0005516438843579108 0.0007959104794628627 0.9999958283186247 -0.0027271747306629804 -0.018716047776735134 -0.0003177383352215408 0.002727432768140035 0.9999962176747115 0.0002719425976593637 0.0 0.0 0.0 1.0"/>
            <scale value="1"/>
        </transform>
    </shape>
    <shape name="temp21" type="ply">
        <string name="filename" value="meshes/Cube_017.ply"/>
        <boolean name="face_normals" value="true"/>
        <ref id="mat-Material" name="bsdf"/>
        <transform name="to_world">
            <matrix value="1.0 0.00065499569273898 7.217976824747376e-05 0.00043571558320232295 -0.0006551104822996062 0.9999985399115188 0.0015973114286268126 -0.017606908111903796 -7.11335627549745e-05 -0.0015973576570168725 0.9999988180233473 0.00012333821996052263 0.0 0.0 0.0 1.0"/>
            <scale value="1"/>
        </transform>
    </shape>
    <shape name="temp22" type="ply">
        <string name="filename" value="meshes/Cube_018.ply"/>
        <boolean name="face_normals" value="true"/>
        <ref id="mat-Material" name="bsdf"/>
        <transform name="to_world">
            <matrix value="0.9999968973116535 0.002568873416586188 -0.00037553289417384796 0.00045723891272070327 -0.002567532228067096 0.9999904051328369 0.0035250562502688993 -0.01783182979689868 0.0003845848691640648 -0.00352407164445594 0.9999938537214063 -0.0001279569275176029 0.0 0.0 0.0 1.0"/>
            <scale value="1"/>
        </transform>
    </shape>
    <shape name="temp23" type="ply">
        <string name="filename" value="meshes/Cube_019.ply"/>
        <boolean name="face_normals" value="true"/>
        <ref id="mat-Material" name="bsdf"/>
        <transform name="to_world">
            <matrix value="0.9999676433929582 0.005807297522229847 -0.0056311495290295825 0.003378989688409384 -0.0057744044168098335 0.99996620938086 0.005840430315148071 -0.01804303654756506 0.005664866220943324 -0.00580773137709288 0.9999671410490563 -0.0008334149091121512 0.0 0.0 0.0 1.0"/>
            <scale value="1"/>
        </transform>
    </shape>
    <shape name="temp24" type="ply">
        <string name="filename" value="meshes/Cube_020.ply"/>
        <boolean name="face_normals" value="true"/>
        <ref id="mat-Material" name="bsdf"/>
        <transform name="to_world">
            <matrix value="0.9998783928717335 0.015421876934181832 0.0023413759944332126 -0.0018758005905722963 -0.015441569192074933 0.9998433622477785 0.008640036553096036 -0.017845907264702143 -0.002207765439527769 -0.00867513689634895 0.9999600491874404 4.491675271012241e-05 0.0 0.0 0.0 1.0"/>
            <scale value="1"/>
        </transform>
    </shape>
    <shape name="temp25" type="ply">
        <string name="filename" value="meshes/Cube_021.ply"/>
        <boolean name="face_normals" value="true"/>
        <ref id="mat-Material" name="bsdf"/>
        <transform name="to_world">
            <matrix value="0.9994370836857102 0.030080951477088086 0.014869006255493238 -0.009821343880264288 -0.030164947777322718 0.9995300600930702 0.005457540798288119 -0.01961721345459866 -0.014697851343995944 -0.005902979206254185 0.999874710474819 -0.006625542625748215 0.0 0.0 0.0 1.0"/>
            <scale value="1"/>
        </transform>
    </shape>
    <shape name="temp26" type="ply">
        <string name="filename" value="meshes/Cube_022.ply"/>
        <boolean name="face_normals" value="true"/>
        <ref id="mat-Material" name="bsdf"/>
        <transform name="to_world">
            <matrix value="0.9994960347642933 0.028584235633250805 0.0138113262676345 -0.00673991371402638 -0.028726271082767315 0.9995352746947894 0.01019705441962346 -0.019521015148612153 -0.013513439959434565 -0.010588672216393457 0.9998527257090796 -0.009688021930882806 0.0 0.0 0.0 1.0"/>
            <scale value="1"/>
        </transform>
    </shape>
    <shape name="temp27" type="ply">
        <string name="filename" value="meshes/Cube_023.ply"/>
        <boolean name="face_normals" value="true"/>
        <ref id="mat-Material" name="bsdf"/>
        <transform name="to_world">
            <matrix value="0.9994641213984437 0.03142402429587233 0.00920920561240338 -0.002618577352570095 -0.03149033645552429 0.9994785398280851 0.0071450015862126685 -0.020190100001752087 -0.008979884828208579 -0.0074311662143868775 0.9999321545401378 -0.008142309761916017 0.0 0.0 0.0 1.0"/>
            <scale value="1"/>
        </transform>
    </shape>
    <shape name="temp28" type="ply">
        <string name="filename" value="meshes/Cube_024.ply"/>
        <boolean name="face_normals" value="true"/>
        <ref id="mat-Material" name="bsdf"/>
        <transform name="to_world">
            <matrix value="0.999547007501414 0.0289242068069325 0.008321848460191735 -0.0009890411957851342 -0.029032821123811448 0.9994906377040735 0.01324106981179622 -0.017040028294316445 -0.007934633448398747 -0.013476681344032305 0.9998777836141157 -0.007814026328523488 0.0 0.0 0.0 1.0"/>
            <scale value="1"/>
        </transform>
    </shape>
    <shape name="temp29" type="ply">
        <string name="filename" value="meshes/Cube_025.ply"/>
        <boolean name="face_normals" value="true"/>
        <ref id="mat-Material" name="bsdf"/>
        <transform name="to_world">
            <matrix value="0.9995563155664534 0.02946934127065243 0.004400097205759914 0.0010771602217460874 -0.029523595501633786 0.9994818771731854 0.012822602797691457 -0.016494653452940378 -0.00401993610234971 -0.012946811062464673 0.9999080422164238 -0.004776135557710948 0.0 0.0 0.0 1.0"/>
            <scale value="1"/>
        </transform>
    </shape>
    <shape name="temp30" type="ply">
        <string name="filename" value="meshes/Cube_026.ply"/>
        <boolean name="face_normals" value="true"/>
        <ref id="mat-Material" name="bsdf"/>
        <transform name="to_world">
            <matrix value="0.9994162513496694 0.03249925431195416 0.010533374056368939 0.0067942200585144885 -0.032554558558366885 0.9994568470849334 0.00512207218473255 -0.02594125278897985 -0.010361188382825645 -0.005461990768069117 0.9999314453541462 -0.013409618415845426 0.0 0.0 0.0 1.0"/>
            <scale value="1"/>
        </transform>
    </shape>
    <shape name="temp31" type="ply">
        <string name="filename" value="meshes/Cube_027.ply"/>
        <boolean name="face_normals" value="true"/>
        <ref id="mat-Material" name="bsdf"/>
        <transform name="to_world">
            <matrix value="0.9997615362385135 0.017462047085767686 0.013120366356027443 0.014027586763988076 -0.017840608694264636 0.9994111671738736 0.02931214632303611 0.01889109104008685 -0.012600797479553283 -0.029539216933689043 0.9994841853887828 -0.01905906794695822 0.0 0.0 0.0 1.0"/>
            <scale value="1"/>
        </transform>
    </shape>
    <shape name="temp32" type="ply">
        <string name="filename" value="meshes/Cube_028.ply"/>
        <boolean name="face_normals" value="true"/>
        <ref id="mat-Material" name="bsdf"/>
        <transform name="to_world">
            <matrix value="0.9998315683469053 -0.007459435613226734 0.016781208084152954 0.0227816232510778 0.006753608426546956 0.999106008681269 0.041731269570578426 0.08066032959922043 -0.01707749806303599 -0.041610873904672906 0.9989879915899997 -0.030148798591351333 0.0 0.0 0.0 1.0"/>
            <scale value="1"/>
        </transform>
    </shape>
    <shape name="temp33" type="ply">
        <string name="filename" value="meshes/Cube_029.ply"/>
        <boolean name="face_normals" value="true"/>
        <ref id="mat-Material" name="bsdf"/>
        <transform name="to_world">
            <matrix value="0.9806534084361209 -0.1956739038385726 0.005553706418747852 -0.030306363534217784 0.1952937979919401 0.9799018820540526 0.040653425061025456 0.47453469096924406 -0.013396902985140782 -0.03878230706495099 0.9991579598326511 -0.028311417650012327 0.0 0.0 0.0 1.0"/>
            <scale value="1"/>
        </transform>
    </shape>
    <shape name="temp34" type="ply">
        <string name="filename" value="meshes/Cube_030.ply"/>
        <boolean name="face_normals" value="true"/>
        <ref id="mat-Material" name="bsdf"/>
        <transform name="to_world">
            <matrix value="0.9999776115047803 -0.006659729452972793 4.158128613547319e-06 0.0006705627875915887 0.0066597255583435485 0.9999771090576377 -0.0010427058239977874 0.03606303439724329 2.7862133731072316e-06 0.0010427085211051237 0.9999996375034447 -3.6724840890345334e-05 0.0 0.0 0.0 1.0"/>
            <scale value="1"/>
        </transform>
    </shape>
    <shape name="temp35" type="ply">
        <string name="filename" value="meshes/Cube_031.ply"/>
        <boolean name="face_normals" value="true"/>
        <ref id="mat-Material" name="bsdf"/>
        <transform name="to_world">
            <matrix value="0.9998696870894478 9.27268821061985e-05 -0.016153933074590763 -0.02134222684374576 0.0005809872577022023 0.9991302044332458 0.04169621214306078 0.06841779196056408 0.01614373957275095 -0.04170014788610476 0.9989998113565262 0.04126718934932083 0.0 0.0 0.0 1.0"/>
            <scale value="1"/>
        </transform>
    </shape>
    <shape name="temp36" type="ply">
        <string name="filename" value="meshes/Cube_032.ply"/>
        <boolean name="face_normals" value="true"/>
        <ref id="mat-Material" name="bsdf"/>
        <transform name="to_world">
            <matrix value="0.9994384134092871 -0.03209182705043354 -0.00965417254306059 -0.011171822166935907 0.032150938696197166 0.9994647732795465 0.006031815974745414 0.10910718236436118 0.009455429438661624 -0.0063388093604186705 0.9999352276794348 0.02651025128783302 0.0 0.0 0.0 1.0"/>
            <scale value="1"/>
        </transform>
    </shape>
    <shape name="temp37" type="ply">
        <string name="filename" value="meshes/Cube_033.ply"/>
        <boolean name="face_normals" value="true"/>
        <ref id="mat-Material" name="bsdf"/>
        <transform name="to_world">
            <matrix value="0.9994783051165991 -0.03229559282721105 -0.00020506112946852182 -0.0006331959316403513 0.03229548851384774 0.9994781226599475 -0.0005746888682857226 0.10568643800296124 0.00022351412255087078 0.0005677658351810406 1.0 0.0006968095148995879 0.0 0.0 0.0 1.0"/>
            <scale value="1"/>
        </transform>
    </shape>
    <shape name="temp38" type="ply">
        <string name="filename" value="meshes/Cube_034.ply"/>
        <boolean name="face_normals" value="true"/>
        <ref id="mat-Material" name="bsdf"/>
        <transform name="to_world">
            <matrix value="0.9994862834580615 -0.03201310742288126 -0.0016026705107699349 -0.0008053773939327158 0.032013055226079605 0.999487508943042 -6.395888423295152e-05 0.10565885527366536 0.0016038948490054556 1.2619649036445894e-05 0.9999988180233473 0.004416555562112845 0.0 0.0 0.0 1.0"/>
            <scale value="1"/>
        </transform>
    </shape>
    <shape name="temp39" type="ply">
        <string name="filename" value="meshes/Cube_035.ply"/>
        <boolean name="face_normals" value="true"/>
        <ref id="mat-Material" name="bsdf"/>
        <transform name="to_world">
            <matrix value="0.9992105874364171 -0.033507466266741476 0.021353613846336418 0.001073375959530054 0.03150538006159279 0.9956178572992953 0.08804804120465169 0.10950362192597085 -0.02421029932964202 -0.08730574044215651 0.9958874304347641 -0.11370197179622255 0.0 0.0 0.0 1.0"/>
            <scale value="1"/>
        </transform>
    </shape>
    <shape name="temp40" type="ply">
        <string name="filename" value="meshes/Cube_036.ply"/>
        <boolean name="face_normals" value="true"/>
        <ref id="mat-Material" name="bsdf"/>
        <transform name="to_world">
            <matrix value="0.9995270616477581 -0.030440654703675043 -0.0044354146681411435 0.003297036603882919 0.030095957285732777 0.9378206719327191 0.34581303682424624 0.004202678930969095 -0.006367155295757118 -0.34578274300565476 0.9382930176856803 -0.04980084303931534 0.0 0.0 0.0 1.0"/>
            <scale value="1"/>
        </transform>
    </shape>
    <shape name="temp41" type="ply">
        <string name="filename" value="meshes/Cube_037.ply"/>
        <boolean name="face_normals" value="true"/>
        <ref id="mat-Material" name="bsdf"/>
        <transform name="to_world">
            <matrix value="0.9989938424933558 -0.0427193939381298 0.013663791941850531 -0.009024504145368706 0.025355882785753164 0.7892080688661162 0.6136023764349787 -0.2915189273995146 -0.036996305141420535 -0.6126383173106005 0.7894970500226703 0.02623447325112732 0.0 0.0 0.0 1.0"/>
            <scale value="1"/>
        </transform>
    </shape>
    <shape name="temp42" type="ply">
        <string name="filename" value="meshes/Cube_038.ply"/>
        <boolean name="face_normals" value="true"/>
        <ref id="mat-Material" name="bsdf"/>
        <transform name="to_world">
            <matrix value="0.9992597872087684 -0.038084739363776876 0.005450047066310308 -0.008952987312931704 0.02113936034977049 0.6618791755923267 0.7493124441811525 -0.6409747646310268 -0.032144653536089585 -0.7486422220043678 0.6621943822068072 0.21996388519393506 0.0 0.0 0.0 1.0"/>
            <scale value="1"/>
        </transform>
    </shape>
    <shape name="temp43" type="ply">
        <string name="filename" value="meshes/Cube_039.ply"/>
        <boolean name="face_normals" value="true"/>
        <ref id="mat-Material" name="bsdf"/>
        <transform name="to_world">
            <matrix value="0.9999791698301077 0.004897572528213705 -0.004203779136135023 0.00520818295097536 0.0014805668628090063 0.4598856404024054 0.8879770560268362 -1.3181051755202833 0.006282189685628032 -0.8879646865135776 0.45986871133869583 1.295300592971664 0.0 0.0 0.0 1.0"/>
            <scale value="1"/>
        </transform>
    </shape>
    <shape name="temp47" type="ply">
        <string name="filename" value="meshes/Plane_001.ply"/>
        <boolean name="face_normals" value="true"/>
        <ref id="mat-Material.002" name="bsdf"/>
        <transform name="to_world">
            <scale value="1"/>
        </transform>
    </shape>
    <shape name="temp49" type="ply">
        <string name="filename" value="meshes/Plane_002.ply"/>
        <boolean name="face_normals" value="true"/>
        <ref id="mat-Material.003" name="bsdf"/>
        <transform name="to_world">
            <scale value="1"/>
        </transform>
    </shape>
    <shape name="temp51" type="ply">
        <string name="filename" value="meshes/Plane_003.ply"/>
        <boolean name="face_normals" value="true"/>
        <ref id="mat-Material.004" name="bsdf"/>
        <transform name="to_world">
            <scale value="1"/>
        </transform>
    </shape>
    <shape name="temp53" type="ply">
        <string name="filename" value="meshes/Plane_004.ply"/>
        <boolean name="face_normals" value="true"/>
        <ref id="mat-Material.005" name="bsdf"/>
        <transform name="to_world">
            <scale value="1"/>
        </transform>
    </shape>
    <emitter type="point">
        <transform name="to_world">
            <rotate angle="-142.5518126578256" x="1"/>
            <rotate angle="3.976628485794621e-06" y="1"/>
            <rotate angle="-179.999991348578" z="1"/>
            <translate value="-0.000000 3.030926 4.073377"/>
        </transform>
        <rgb name="intensity" value="100"/>
    </emitter>
</scene>
