
<scene version="2.1.0">
    <default name="spp" value="1024"/>
    <default name="resx" value="1280"/>
    <default name="resy" value="720"/>
    <integrator name="temp0" type="path">
        <integer name="max_depth" value="12"/>
    </integrator>
    <sensor name="temp44" type="perspective">
        <string name="fov_axis" value="x"/>
        <float name="fov" value="83.974423"/>
        <float name="principal_point_offset_x" value="0.000000"/>
        <float name="principal_point_offset_y" value="-0.000000"/>
        <float name="near_clip" value="0.100000"/>
        <float name="far_clip" value="1000.000000"/>
        <sampler name="sampler" type="independent">
            <integer name="sample_count" value="$spp"/>
        </sampler>
        <film name="film" type="hdrfilm">
            <integer name="width" value="$resx"/>
            <integer name="height" value="$resy"/>
        </film>
        <float name="shutter_open" value="0.0"/>
        <float name="shutter_close" value="0.0015"/>
        <animation name="to_world">
            <transform time="0">
                <rotate angle="-142.5518126578256" x="1"/>
                <rotate angle="3.976628485794621e-06" y="1"/>
                <rotate angle="-179.999991348578" z="1"/>
                <translate value="-0.000000 3.030926 4.073377"/>
                <translate x="32.85" y="0.0" z="0.0"/>
            </transform>
            <transform time="0.0015">
                <rotate angle="-142.5518126578256" x="1"/>
                <rotate angle="3.976628485794621e-06" y="1"/>
                <rotate angle="-179.999991348578" z="1"/>
                <translate value="-0.000000 3.030926 4.073377"/>
                <translate x="33.0" y="0.0" z="0.0"/>
            </transform>
        </animation>
    </sensor>
    <bsdf id="mat-Material" name="mat-Material" type="twosided">
        <bsdf name="bsdf" type="diffuse">
            <texture name="reflectance" type="bitmap">
                <string name="filename" value="textures/siggraph_2023_logo.jpg"/>
            </texture>
        </bsdf>
    </bsdf>
    <bsdf id="mat-Material.001" name="mat-Material.001" type="twosided">
        <bsdf name="bsdf" type="principled">
            <rgb name="base_color" value="0.433648 0.266232 0.084399"/>
            <float name="spec_tint" value="0.000000"/>
            <float name="spec_trans" value="0.000000"/>
            <float name="metallic" value="0.000000"/>
            <float name="anisotropic" value="0.000000"/>
            <float name="roughness" value="0.500000"/>
            <float name="sheen" value="0.000000"/>
            <float name="sheen_tint" value="0.500000"/>
            <float name="clearcoat" value="0.000000"/>
            <float name="clearcoat_gloss" value="0.173205"/>
            <float name="specular" value="0.500000"/>
        </bsdf>
    </bsdf>
    <bsdf id="mat-Material.002" name="mat-Material.002" type="twosided">
        <bsdf name="bsdf" type="principled">
            <rgb name="base_color" value="0.433648 0.266232 0.084399"/>
            <float name="spec_tint" value="0.000000"/>
            <float name="spec_trans" value="0.000000"/>
            <float name="metallic" value="0.000000"/>
            <float name="anisotropic" value="0.000000"/>
            <float name="roughness" value="0.500000"/>
            <float name="sheen" value="0.000000"/>
            <float name="sheen_tint" value="0.500000"/>
            <float name="clearcoat" value="0.000000"/>
            <float name="clearcoat_gloss" value="0.173205"/>
            <float name="specular" value="0.500000"/>
        </bsdf>
    </bsdf>
    <bsdf id="mat-Material.003" name="mat-Material.003" type="twosided">
        <bsdf name="bsdf" type="principled">
            <rgb name="base_color" value="0.433648 0.266232 0.084399"/>
            <float name="spec_tint" value="0.000000"/>
            <float name="spec_trans" value="0.000000"/>
            <float name="metallic" value="0.000000"/>
            <float name="anisotropic" value="0.000000"/>
            <float name="roughness" value="0.500000"/>
            <float name="sheen" value="0.000000"/>
            <float name="sheen_tint" value="0.500000"/>
            <float name="clearcoat" value="0.000000"/>
            <float name="clearcoat_gloss" value="0.173205"/>
            <float name="specular" value="0.500000"/>
        </bsdf>
    </bsdf>
    <bsdf id="mat-Material.004" name="mat-Material.004" type="twosided">
        <bsdf name="bsdf" type="principled">
            <rgb name="base_color" value="0.433648 0.266232 0.084399"/>
            <float name="spec_tint" value="0.000000"/>
            <float name="spec_trans" value="0.000000"/>
            <float name="metallic" value="0.000000"/>
            <float name="anisotropic" value="0.000000"/>
            <float name="roughness" value="0.500000"/>
            <float name="sheen" value="0.000000"/>
            <float name="sheen_tint" value="0.500000"/>
            <float name="clearcoat" value="0.000000"/>
            <float name="clearcoat_gloss" value="0.173205"/>
            <float name="specular" value="0.500000"/>
        </bsdf>
    </bsdf>
    <bsdf id="mat-Material.005" name="mat-Material.005" type="twosided">
        <bsdf name="bsdf" type="principled">
            <rgb name="base_color" value="0.433648 0.266232 0.084399"/>
            <float name="spec_tint" value="0.000000"/>
            <float name="spec_trans" value="0.000000"/>
            <float name="metallic" value="0.000000"/>
            <float name="anisotropic" value="0.000000"/>
            <float name="roughness" value="0.500000"/>
            <float name="sheen" value="0.000000"/>
            <float name="sheen_tint" value="0.500000"/>
            <float name="clearcoat" value="0.000000"/>
            <float name="clearcoat_gloss" value="0.173205"/>
            <float name="specular" value="0.500000"/>
        </bsdf>
    </bsdf>
    <emitter name="temp45" type="point">
        <point name="position" x="-6.815235034541981e-16" y="3.0693089962005615" z="4.109199523925781"/>
        <rgb name="intensity" value="7.957747 7.957747 7.957747"/>
    </emitter>
    <shape name="temp2" type="ply">
        <string name="filename" value="meshes/Cube.ply"/>
        <boolean name="face_normals" value="true"/>
        <ref id="mat-Material" name="bsdf"/>
        <transform name="to_world">
            <matrix value="0.9999984486558267 0.00020211671112983732 0.0018283074898078153 -0.0028246983385196156 -0.00020186954702523108 0.9999994785398281 -0.00012937798242258877 -0.01715331263452116 -0.0018283411077838472 0.0001290082036114245 0.9999979906396905 0.004190466509715329 0.0 0.0 0.0 1.0"/>
        </transform>
    </shape>
    <shape name="temp4" type="ply">
        <string name="filename" value="meshes/Plane.ply"/>
        <boolean name="face_normals" value="true"/>
        <ref id="mat-Material.001" name="bsdf"/>
    </shape>
    <shape name="temp5" type="ply">
        <string name="filename" value="meshes/Cube_001.ply"/>
        <boolean name="face_normals" value="true"/>
        <ref id="mat-Material" name="bsdf"/>
        <transform name="to_world">
            <matrix value="0.9999982270352306 -0.00013425722170192086 -0.0020335565535641088 0.002546479203934915 0.0001403995287459643 0.999995098274384 0.0030226145228998517 -0.02096167435395571 0.002033105241415748 -0.0030228983590691308 0.9999931445354145 -0.0044673003375559905 0.0 0.0 0.0 1.0"/>
        </transform>
    </shape>
    <shape name="temp6" type="ply">
        <string name="filename" value="meshes/Cube_002.ply"/>
        <boolean name="face_normals" value="true"/>
        <ref id="mat-Material" name="bsdf"/>
        <transform name="to_world">
            <matrix value="1.0 2.3625378840814898e-05 0.0004382970364062993 -0.0008248315176597742 -2.333908660401009e-05 0.9999968712389686 -0.000707348017896072 -0.017176886742582692 -0.00043815566453379005 0.0007073346501940877 0.9999969268607031 0.001662505359860622 0.0 0.0 0.0 1.0"/>
        </transform>
    </shape>
    <shape name="temp7" type="ply">
        <string name="filename" value="meshes/Cube_003.ply"/>
        <boolean name="face_normals" value="true"/>
        <ref id="mat-Material" name="bsdf"/>
        <transform name="to_world">
            <matrix value="0.9999984486558267 0.00022066671811740365 0.0018488147847313201 -0.0011574213761176289 -0.0002237598997920312 0.9999954111504872 0.0016601122121354958 -0.017648585367573077 -0.0018476243158572197 -0.0016605262993223105 0.9999938537214063 0.005854542130657503 0.0 0.0 0.0 1.0"/>
        </transform>
    </shape>
    <shape name="temp8" type="ply">
        <string name="filename" value="meshes/Cube_004.ply"/>
        <boolean name="face_normals" value="true"/>
        <ref id="mat-Material" name="bsdf"/>
        <transform name="to_world">
            <matrix value="0.9993635056477792 -0.015311776865106597 0.030695910029828362 -0.007189705263469737 0.018821284264760374 0.993362542055763 -0.10776804511935838 -0.06240537900724244 -0.02865726064532372 0.10832060622873746 0.9930467859454466 0.13791796358056868 0.0 0.0 0.0 1.0"/>
        </transform>
    </shape>
    <shape name="temp9" type="ply">
        <string name="filename" value="meshes/Cube_005.ply"/>
        <boolean name="face_normals" value="true"/>
        <ref id="mat-Material" name="bsdf"/>
        <transform name="to_world">
            <matrix value="0.9981126790029555 -0.042466610905192284 0.04408612165565616 0.021185706853704023 0.05683112244626587 0.9070705827630298 -0.4145117656319958 -0.28961782726049123 -0.022168522074297863 0.41622825771813204 0.9078047573141897 0.03635437929452211 0.0 0.0 0.0 1.0"/>
        </transform>
    </shape>
    <shape name="temp10" type="ply">
        <string name="filename" value="meshes/Cube_006.ply"/>
        <boolean name="face_normals" value="true"/>
        <ref id="mat-Material" name="bsdf"/>
        <transform name="to_world">
            <matrix value="0.9990804961464611 -0.004857344140769216 -0.04034660756153016 0.001386024103001482 -0.021883903607451415 0.782434718401078 -0.6206815892007048 -0.35998706925686597 0.034598855639889584 0.6209901277160254 0.78161137458684 -0.23335888635867474 0.0 0.0 0.0 1.0"/>
        </transform>
    </shape>
    <shape name="temp11" type="ply">
        <string name="filename" value="meshes/Cube_007.ply"/>
        <boolean name="face_normals" value="true"/>
        <ref id="mat-Material" name="bsdf"/>
        <transform name="to_world">
            <matrix value="0.9810219634875634 0.15872415382657903 -0.11064135944335518 0.0750650738719787 -0.1929548585440059 0.7523507424549929 -0.6286556764901534 -0.14779439357760463 -0.016910839374710787 0.6381339652040057 0.768757260291589 -0.052756155905284347 0.0 0.0 0.0 1.0"/>
        </transform>
    </shape>
    <shape name="temp12" type="ply">
        <string name="filename" value="meshes/Cube_008.ply"/>
        <boolean name="face_normals" value="true"/>
        <ref id="mat-Material" name="bsdf"/>
        <transform name="to_world">
            <matrix value="0.06699900891269389 0.9913624294203658 -0.11260016661142896 2.4290382349679946 -0.8595537093082424 -4.260423467376409e-06 -0.5104698309915224 1.4597233890527108 -0.5060482476902702 0.13106388304274097 0.8521364937182669 1.2028530734426064 0.0 0.0 0.0 1.0"/>
        </transform>
    </shape>
    <shape name="temp13" type="ply">
        <string name="filename" value="meshes/Cube_009.ply"/>
        <boolean name="face_normals" value="true"/>
        <ref id="mat-Material" name="bsdf"/>
        <transform name="to_world">
            <matrix value="-0.053688874823368385 0.9943749048335186 0.09119356475175418 2.5296981651278387 -0.8622612481317384 -9.139009809708755e-05 -0.5056049332868737 1.061185476922096 -0.5027438846012691 -0.10586727169952213 0.8574205203439458 0.8794020919971033 0.0 0.0 0.0 1.0"/>
        </transform>
    </shape>
    <shape name="temp14" type="ply">
        <string name="filename" value="meshes/Cube_010.ply"/>
        <boolean name="face_normals" value="true"/>
        <ref id="mat-Material" name="bsdf"/>
        <transform name="to_world">
            <matrix value="0.03557423447813668 0.9992722501840755 0.011421641330603124 1.7318612455091875 -0.9904840548413463 0.03375479482628076 0.132619896165715 2.0600452426417024 0.13214334154216023 -0.01593626400902752 0.9910237147067682 -0.3491062598339979 0.0 0.0 0.0 1.0"/>
        </transform>
    </shape>
    <shape name="temp15" type="ply">
        <string name="filename" value="meshes/Cube_011.ply"/>
        <boolean name="face_normals" value="true"/>
        <ref id="mat-Material" name="bsdf"/>
        <transform name="to_world">
            <matrix value="0.0018220005425272192 0.9964751378219234 -0.0835616951625478 1.2244772424901824 -0.818349121584605 0.04951434328348869 0.572547126591118 2.274809228572996 0.5746721788141349 0.06735413194611023 0.8155987586408404 -1.2608555747747223 0.0 0.0 0.0 1.0"/>
        </transform>
    </shape>
    <shape name="temp16" type="ply">
        <string name="filename" value="meshes/Cube_012.ply"/>
        <boolean name="face_normals" value="true"/>
        <ref id="mat-Material" name="bsdf"/>
        <transform name="to_world">
            <matrix value="0.08369960569263528 0.9888052930293291 0.12351411351041866 1.13954392547295 -0.8279588122554418 3.881374068411403e-05 0.560697928845951 1.8169016536008966 0.5544153914617562 -0.1492100191271591 0.8186938827034738 -1.5496583686609917 0.0 0.0 0.0 1.0"/>
        </transform>
    </shape>
    <shape name="temp17" type="ply">
        <string name="filename" value="meshes/Cube_013.ply"/>
        <boolean name="face_normals" value="true"/>
        <ref id="mat-Material" name="bsdf"/>
        <transform name="to_world">
            <matrix value="0.9026471693730974 0.2816064310640082 0.32534202858397776 0.5501500578693971 -0.3906422697849571 0.21918629268933698 0.8940313015785062 1.4423147085165087 0.18050310534779365 -0.934132801304902 0.3078448736017807 -1.3331608953545677 0.0 0.0 0.0 1.0"/>
        </transform>
    </shape>
    <shape name="temp18" type="ply">
        <string name="filename" value="meshes/Cube_014.ply"/>
        <boolean name="face_normals" value="true"/>
        <ref id="mat-Material" name="bsdf"/>
        <transform name="to_world">
            <matrix value="0.9420061007717715 0.28920087271574374 0.17024153929292266 0.11042636533289957 -0.21737407960966407 0.13935377526735263 0.9660874350681126 1.025400580124923 0.25567151483882866 -0.9470680380373908 0.1941404689421451 -0.8445189252536814 0.0 0.0 0.0 1.0"/>
        </transform>
    </shape>
    <shape name="temp19" type="ply">
        <string name="filename" value="meshes/Cube_015.ply"/>
        <boolean name="face_normals" value="true"/>
        <ref id="mat-Material" name="bsdf"/>
        <transform name="to_world">
            <matrix value="0.98248887021366 0.1376348965318727 0.12557933403653065 0.04841620540633479 -0.1504566714004826 0.18853818027086727 0.9704716228681278 0.6381509906033038 0.10989374178895692 -0.972371684295497 0.20594543712096963 -0.3281965703340875 0.0 0.0 0.0 1.0"/>
        </transform>
    </shape>
    <shape name="temp20" type="ply">
        <string name="filename" value="meshes/Cube_016.ply"/>
        <boolean name="face_normals" value="true"/>
        <ref id="mat-Material" name="bsdf"/>
        <transform name="to_world">
            <matrix value="0.9841844893950112 0.05844399413461599 0.1672047930571637 0.08654471208850056 -0.1753429357105245 0.18776769157925255 0.9664345816109964 0.33987430742708113 0.02508484079662853 -0.9804682920927865 0.19504852250554466 0.035477514943344 0.0 0.0 0.0 1.0"/>
        </transform>
    </shape>
    <shape name="temp21" type="ply">
        <string name="filename" value="meshes/Cube_017.ply"/>
        <boolean name="face_normals" value="true"/>
        <ref id="mat-Material" name="bsdf"/>
        <transform name="to_world">
            <matrix value="0.9465768039473288 0.03693811102095644 0.3203167366475643 0.18137019105001606 -0.32150147510668814 0.18442839621795368 0.9287596667960537 0.15702281532027895 -0.024786346664255436 -0.9821332101296767 0.18646059928107453 0.24554441073993283 0.0 0.0 0.0 1.0"/>
        </transform>
    </shape>
    <shape name="temp22" type="ply">
        <string name="filename" value="meshes/Cube_018.ply"/>
        <boolean name="face_normals" value="true"/>
        <ref id="mat-Material" name="bsdf"/>
        <transform name="to_world">
            <matrix value="0.1820765450944724 0.9754983594862991 0.12290270062753506 0.862283856178969 -0.5300803418985262 -0.007962975284873693 0.847595103023449 -0.05296707955357641 0.8278313804126398 -0.21971651339214016 0.5157251355845418 -0.2033917451271077 0.0 0.0 0.0 1.0"/>
        </transform>
    </shape>
    <shape name="temp23" type="ply">
        <string name="filename" value="meshes/Cube_019.ply"/>
        <boolean name="face_normals" value="true"/>
        <ref id="mat-Material" name="bsdf"/>
        <transform name="to_world">
            <matrix value="-0.07739895430537899 0.9873498976895143 -0.1383819732485588 0.4720170025960846 -0.8988703111730467 -0.009058060418461359 0.4381215128733805 -0.061599497041360855 0.43132584964904164 0.15829753683073194 0.8882004925533107 -0.049497388805115616 0.0 0.0 0.0 1.0"/>
        </transform>
    </shape>
    <shape name="temp24" type="ply">
        <string name="filename" value="meshes/Cube_020.ply"/>
        <boolean name="face_normals" value="true"/>
        <ref id="mat-Material" name="bsdf"/>
        <transform name="to_world">
            <matrix value="0.10824009421031103 0.9703517198595248 -0.21603861935420687 0.040495180531787384 -0.9450698743584064 0.033021960719642085 -0.32519156371945357 0.18789493444780797 -0.30842455143097824 0.23937198368227158 0.9206242394422184 0.10144716520929176 0.0 0.0 0.0 1.0"/>
        </transform>
    </shape>
    <shape name="temp25" type="ply">
        <string name="filename" value="meshes/Cube_021.ply"/>
        <boolean name="face_normals" value="true"/>
        <ref id="mat-Material" name="bsdf"/>
        <transform name="to_world">
            <matrix value="0.20177143558730343 0.928385267290055 -0.31206535763540366 -0.15302155239597287 -0.8016544420745815 -0.0265153736887884 -0.5971810566020253 0.10563771066014352 -0.5626869369728754 0.37066786532978185 0.7388946201623469 0.23795826522980984 0.0 0.0 0.0 1.0"/>
        </transform>
    </shape>
    <shape name="temp26" type="ply">
        <string name="filename" value="meshes/Cube_022.ply"/>
        <boolean name="face_normals" value="true"/>
        <ref id="mat-Material" name="bsdf"/>
        <transform name="to_world">
            <matrix value="0.6315202995601275 0.39813463267302573 -0.6652958889433649 -0.07977296086264368 -0.7188787061612298 -0.020720065578831222 -0.6947825422993985 -0.20155673217785153 -0.2904040719681859 0.9170929429752015 0.2731254914067933 0.6681350799463452 0.0 0.0 0.0 1.0"/>
        </transform>
    </shape>
    <shape name="temp27" type="ply">
        <string name="filename" value="meshes/Cube_023.ply"/>
        <boolean name="face_normals" value="true"/>
        <ref id="mat-Material" name="bsdf"/>
        <transform name="to_world">
            <matrix value="0.853624028636927 0.3060129572423518 -0.4214717169534693 -0.0725131809788942 -0.47857571534696036 0.14139162076078954 -0.8665845035296187 -0.2853043041657476 -0.20559445735753784 0.9414432557470125 0.26714468954437637 0.16640277656857566 0.0 0.0 0.0 1.0"/>
        </transform>
    </shape>
    <shape name="temp28" type="ply">
        <string name="filename" value="meshes/Cube_024.ply"/>
        <boolean name="face_normals" value="true"/>
        <ref id="mat-Material" name="bsdf"/>
        <transform name="to_world">
            <matrix value="0.8599049779531831 0.42670992004972647 -0.28014536894455633 -0.18639847607506077 -0.38354487019238437 0.1779688291967636 -0.9062121619724071 -0.5164842413599089 -0.336832678222851 0.8867045385807524 0.31669906070679366 -0.32159508716087143 0.0 0.0 0.0 1.0"/>
        </transform>
    </shape>
    <shape name="temp29" type="ply">
        <string name="filename" value="meshes/Cube_025.ply"/>
        <boolean name="face_normals" value="true"/>
        <ref id="mat-Material" name="bsdf"/>
        <transform name="to_world">
            <matrix value="0.8956200235095129 0.3744789048502054 -0.24006205850217083 -0.274645494851019 -0.32515181010838135 0.1828665082818305 -0.9278125489042841 -0.7962028757676478 -0.3035471927762323 0.9090240768590577 0.2855413287592413 -0.7185405023415531 0.0 0.0 0.0 1.0"/>
        </transform>
    </shape>
    <shape name="temp30" type="ply">
        <string name="filename" value="meshes/Cube_026.ply"/>
        <boolean name="face_normals" value="true"/>
        <ref id="mat-Material" name="bsdf"/>
        <transform name="to_world">
            <matrix value="0.922743946655036 0.242035634502308 -0.29993709520254586 -0.32059522830005216 -0.3506126923001913 0.20399051568239324 -0.9140343652619898 -1.145743121334259 -0.16004464325289391 0.9485812111642538 0.2730916868745275 -0.8611919033951729 0.0 0.0 0.0 1.0"/>
        </transform>
    </shape>
    <shape name="temp31" type="ply">
        <string name="filename" value="meshes/Cube_027.ply"/>
        <boolean name="face_normals" value="true"/>
        <ref id="mat-Material" name="bsdf"/>
        <transform name="to_world">
            <matrix value="0.8732068677563308 0.18183633242460207 -0.4521546488796516 -0.5668530174680546 -0.48305488921629636 0.2000512699641027 -0.8524302149164509 -1.5842684452858224 -0.06454848349458447 0.9627634677518602 0.26252363362316977 -0.9978320918812799 0.0 0.0 0.0 1.0"/>
        </transform>
    </shape>
    <shape name="temp32" type="ply">
        <string name="filename" value="meshes/Cube_028.ply"/>
        <boolean name="face_normals" value="true"/>
        <ref id="mat-Material" name="bsdf"/>
        <transform name="to_world">
            <matrix value="-0.10770124923097653 0.9838826047144171 0.14273160005125052 -1.4843534265893203 -0.8000904655273595 -0.0005712888201024983 -0.5998298662806173 -2.120263249089658 -0.5900816804869271 -0.17881229102483612 0.7872560222892429 -1.337982546955482 0.0 0.0 0.0 1.0"/>
        </transform>
    </shape>
    <shape name="temp33" type="ply">
        <string name="filename" value="meshes/Cube_029.ply"/>
        <boolean name="face_normals" value="true"/>
        <ref id="mat-Material" name="bsdf"/>
        <transform name="to_world">
            <matrix value="0.0013403525008554556 0.9804655804998926 0.19667324397274644 -1.599850726189941 -0.9980599333010653 -0.010896628864280604 0.06112111194689994 -1.801960413379447 0.06207016685371444 -0.19638350684051453 0.9785517334633194 -0.08154487317898873 0.0 0.0 0.0 1.0"/>
        </transform>
    </shape>
    <shape name="temp34" type="ply">
        <string name="filename" value="meshes/Cube_030.ply"/>
        <boolean name="face_normals" value="true"/>
        <ref id="mat-Material" name="bsdf"/>
        <transform name="to_world">
            <matrix value="-0.03990968558157147 0.9812955174128635 -0.1883224228314539 -3.2033369016910767 -0.9743111738191899 0.0035782508027459355 0.22512420764910474 -1.9086920252831825 0.2215872732211489 0.192473830369862 0.9559449220460992 0.2713793923767238 0.0 0.0 0.0 1.0"/>
        </transform>
    </shape>
    <shape name="temp35" type="ply">
        <string name="filename" value="meshes/Cube_031.ply"/>
        <boolean name="face_normals" value="true"/>
        <ref id="mat-Material" name="bsdf"/>
        <transform name="to_world">
            <matrix value="0.12105898742436089 0.980649238772441 0.1538542485677989 -1.9426189250058687 -0.7903808239676469 0.0014615235397550806 0.6125913136063006 -1.2280693263851237 0.6005122538460039 -0.19576771452350014 0.7752629779854485 0.5789959792301917 0.0 0.0 0.0 1.0"/>
        </transform>
    </shape>
    <shape name="temp36" type="ply">
        <string name="filename" value="meshes/Cube_032.ply"/>
        <boolean name="face_normals" value="true"/>
        <ref id="mat-Material" name="bsdf"/>
        <transform name="to_world">
            <matrix value="0.6904066649291611 0.6113056736952546 0.3864128710638405 -0.6692398522068939 -0.4896376857845458 0.0019991875650521565 0.8716199604652448 -0.4335036638596709 0.5320363652803856 -0.7913903796855805 0.30072145490924546 -0.13624845936424146 0.0 0.0 0.0 1.0"/>
        </transform>
    </shape>
    <shape name="temp37" type="ply">
        <string name="filename" value="meshes/Cube_033.ply"/>
        <boolean name="face_normals" value="true"/>
        <ref id="mat-Material" name="bsdf"/>
        <transform name="to_world">
            <matrix value="0.9769643119921565 0.16740525590136476 0.13234838430883444 -0.1387836919931631 -0.15012896102491546 0.09839595722357919 0.9837578678275883 0.3004130121801475 0.15166372797756134 -0.9809655565127248 0.12126173880112581 -0.3769282845638201 0.0 0.0 0.0 1.0"/>
        </transform>
    </shape>
    <shape name="temp38" type="ply">
        <string name="filename" value="meshes/Cube_034.ply"/>
        <boolean name="face_normals" value="true"/>
        <ref id="mat-Material" name="bsdf"/>
        <transform name="to_world">
            <matrix value="0.9999250922384922 0.0024452883987626794 0.012022156388749285 -0.03456172450632233 -0.012266323243390831 0.18161284502412273 0.9832937055960921 0.36937390147071403 0.00022106033930999758 -0.983367089188462 0.181629175155229 -0.3578543282779381 0.0 0.0 0.0 1.0"/>
        </transform>
    </shape>
    <shape name="temp39" type="ply">
        <string name="filename" value="meshes/Cube_035.ply"/>
        <boolean name="face_normals" value="true"/>
        <ref id="mat-Material" name="bsdf"/>
        <transform name="to_world">
            <matrix value="0.9989213725584059 -0.046331944858715585 0.00315325367441082 0.008860832023667164 0.006542656645869789 0.20763340515578102 0.9781849661080015 0.09143506442140636 -0.04597594618697332 -0.9771088370812415 0.20771255131551636 -0.1476129216768498 0.0 0.0 0.0 1.0"/>
        </transform>
    </shape>
    <shape name="temp40" type="ply">
        <string name="filename" value="meshes/Cube_036.ply"/>
        <boolean name="face_normals" value="true"/>
        <ref id="mat-Material" name="bsdf"/>
        <transform name="to_world">
            <matrix value="0.999375694780569 -0.03517602409563163 0.0033312829978332003 0.0032898073813028006 0.0041274442535552385 0.20985757879784658 0.9777232860274758 -0.2460043679471697 -0.03509152265760327 -0.977098929337975 0.20987178626458028 0.2137704606571168 0.0 0.0 0.0 1.0"/>
        </transform>
    </shape>
    <shape name="temp41" type="ply">
        <string name="filename" value="meshes/Cube_037.ply"/>
        <boolean name="face_normals" value="true"/>
        <ref id="mat-Material" name="bsdf"/>
        <transform name="to_world">
            <matrix value="0.9988520053118024 -0.047785452512707986 0.0033870959353714076 -0.005850907973801611 0.006723159972838179 0.2098346345502823 0.9777138302142545 -0.5698296514226939 -0.04743121783177046 -0.9765683957590687 0.20991504661006732 0.5123382097664128 0.0 0.0 0.0 1.0"/>
        </transform>
    </shape>
    <shape name="temp42" type="ply">
        <string name="filename" value="meshes/Cube_038.ply"/>
        <boolean name="face_normals" value="true"/>
        <ref id="mat-Material" name="bsdf"/>
        <transform name="to_world">
            <matrix value="0.9991472039459104 -0.04113826412166292 0.0035566504861942764 0.007178117685466168 0.005160969687621337 0.20987687282420747 0.9777143030049156 -0.904962435124329 -0.04096793460242151 -0.9768619778358569 0.2099102241453245 0.8613642270432578 0.0 0.0 0.0 1.0"/>
        </transform>
    </shape>
    <shape name="temp43" type="ply">
        <string name="filename" value="meshes/Cube_039.ply"/>
        <boolean name="face_normals" value="true"/>
        <ref id="mat-Material" name="bsdf"/>
        <transform name="to_world">
            <matrix value="0.9999585675412666 -0.007046629586504365 -0.005802625959220863 0.02102428230766651 0.008281815360673898 0.4330105418623862 0.9013507936489327 -1.3192657009477957 -0.003838890203422463 -0.9013613880650901 0.4330508478245114 1.4730720887734716 0.0 0.0 0.0 1.0"/>
        </transform>
    </shape>
    <shape name="temp47" type="ply">
        <string name="filename" value="meshes/Plane_001.ply"/>
        <boolean name="face_normals" value="true"/>
        <ref id="mat-Material.002" name="bsdf"/>
    </shape>
    <shape name="temp49" type="ply">
        <string name="filename" value="meshes/Plane_002.ply"/>
        <boolean name="face_normals" value="true"/>
        <ref id="mat-Material.003" name="bsdf"/>
    </shape>
    <shape name="temp51" type="ply">
        <string name="filename" value="meshes/Plane_003.ply"/>
        <boolean name="face_normals" value="true"/>
        <ref id="mat-Material.004" name="bsdf"/>
    </shape>
    <shape name="temp53" type="ply">
        <string name="filename" value="meshes/Plane_004.ply"/>
        <boolean name="face_normals" value="true"/>
        <ref id="mat-Material.005" name="bsdf"/>
    </shape>
    <emitter type="point">
        <rgb name="intensity" value="100"/>
        <animation name="to_world">
            <transform time="0">
                <rotate angle="-142.5518126578256" x="1"/>
                <rotate angle="3.976628485794621e-06" y="1"/>
                <rotate angle="-179.999991348578" z="1"/>
                <translate value="-0.000000 3.030926 4.073377"/>
                <translate x="32.85" y="0.0" z="0.0"/>
            </transform>
            <transform time="0.0015">
                <rotate angle="-142.5518126578256" x="1"/>
                <rotate angle="3.976628485794621e-06" y="1"/>
                <rotate angle="-179.999991348578" z="1"/>
                <translate value="-0.000000 3.030926 4.073377"/>
                <translate x="33.0" y="0.0" z="0.0"/>
            </transform>
        </animation>
    </emitter>
</scene>
