
<scene version="2.1.0">
    <default name="spp" value="1024"/>
    <default name="resx" value="1280"/>
    <default name="resy" value="720"/>
    <integrator name="temp0" type="path">
        <integer name="max_depth" value="12"/>
    </integrator>
    <sensor name="temp44" type="perspective">
        <string name="fov_axis" value="x"/>
        <float name="fov" value="83.974423"/>
        <float name="principal_point_offset_x" value="0.000000"/>
        <float name="principal_point_offset_y" value="-0.000000"/>
        <float name="near_clip" value="0.100000"/>
        <float name="far_clip" value="1000.000000"/>
        <sampler name="sampler" type="independent">
            <integer name="sample_count" value="$spp"/>
        </sampler>
        <film name="film" type="hdrfilm">
            <integer name="width" value="$resx"/>
            <integer name="height" value="$resy"/>
        </film>
        <float name="shutter_open" value="0.0"/>
        <float name="shutter_close" value="0.0015"/>
        <animation name="to_world">
            <transform time="0">
                <rotate angle="-142.5518126578256" x="1"/>
                <rotate angle="3.976628485794621e-06" y="1"/>
                <rotate angle="-179.999991348578" z="1"/>
                <translate value="-0.000000 3.030926 4.073377"/>
            </transform>
            <transform time="0.0015">
                <rotate angle="-142.5518126578256" x="1"/>
                <rotate angle="3.976628485794621e-06" y="1"/>
                <rotate angle="-179.999991348578" z="1"/>
                <translate value="-0.000000 3.030926 4.073377"/>
                <translate x="0.15" y="0.0" z="0.0"/>
            </transform>
        </animation>
    </sensor>
    <bsdf id="mat-Material" name="mat-Material" type="twosided">
        <bsdf name="bsdf" type="diffuse">
            <texture name="reflectance" type="bitmap">
                <string name="filename" value="textures/siggraph_2023_logo.jpg"/>
            </texture>
        </bsdf>
    </bsdf>
    <bsdf id="mat-Material.001" name="mat-Material.001" type="twosided">
        <bsdf name="bsdf" type="principled">
            <rgb name="base_color" value="0.433648 0.266232 0.084399"/>
            <float name="spec_tint" value="0.000000"/>
            <float name="spec_trans" value="0.000000"/>
            <float name="metallic" value="0.000000"/>
            <float name="anisotropic" value="0.000000"/>
            <float name="roughness" value="0.500000"/>
            <float name="sheen" value="0.000000"/>
            <float name="sheen_tint" value="0.500000"/>
            <float name="clearcoat" value="0.000000"/>
            <float name="clearcoat_gloss" value="0.173205"/>
            <float name="specular" value="0.500000"/>
        </bsdf>
    </bsdf>
    <bsdf id="mat-Material.002" name="mat-Material.002" type="twosided">
        <bsdf name="bsdf" type="principled">
            <rgb name="base_color" value="0.433648 0.266232 0.084399"/>
            <float name="spec_tint" value="0.000000"/>
            <float name="spec_trans" value="0.000000"/>
            <float name="metallic" value="0.000000"/>
            <float name="anisotropic" value="0.000000"/>
            <float name="roughness" value="0.500000"/>
            <float name="sheen" value="0.000000"/>
            <float name="sheen_tint" value="0.500000"/>
            <float name="clearcoat" value="0.000000"/>
            <float name="clearcoat_gloss" value="0.173205"/>
            <float name="specular" value="0.500000"/>
        </bsdf>
    </bsdf>
    <bsdf id="mat-Material.003" name="mat-Material.003" type="twosided">
        <bsdf name="bsdf" type="principled">
            <rgb name="base_color" value="0.433648 0.266232 0.084399"/>
            <float name="spec_tint" value="0.000000"/>
            <float name="spec_trans" value="0.000000"/>
            <float name="metallic" value="0.000000"/>
            <float name="anisotropic" value="0.000000"/>
            <float name="roughness" value="0.500000"/>
            <float name="sheen" value="0.000000"/>
            <float name="sheen_tint" value="0.500000"/>
            <float name="clearcoat" value="0.000000"/>
            <float name="clearcoat_gloss" value="0.173205"/>
            <float name="specular" value="0.500000"/>
        </bsdf>
    </bsdf>
    <bsdf id="mat-Material.004" name="mat-Material.004" type="twosided">
        <bsdf name="bsdf" type="principled">
            <rgb name="base_color" value="0.433648 0.266232 0.084399"/>
            <float name="spec_tint" value="0.000000"/>
            <float name="spec_trans" value="0.000000"/>
            <float name="metallic" value="0.000000"/>
            <float name="anisotropic" value="0.000000"/>
            <float name="roughness" value="0.500000"/>
            <float name="sheen" value="0.000000"/>
            <float name="sheen_tint" value="0.500000"/>
            <float name="clearcoat" value="0.000000"/>
            <float name="clearcoat_gloss" value="0.173205"/>
            <float name="specular" value="0.500000"/>
        </bsdf>
    </bsdf>
    <bsdf id="mat-Material.005" name="mat-Material.005" type="twosided">
        <bsdf name="bsdf" type="principled">
            <rgb name="base_color" value="0.433648 0.266232 0.084399"/>
            <float name="spec_tint" value="0.000000"/>
            <float name="spec_trans" value="0.000000"/>
            <float name="metallic" value="0.000000"/>
            <float name="anisotropic" value="0.000000"/>
            <float name="roughness" value="0.500000"/>
            <float name="sheen" value="0.000000"/>
            <float name="sheen_tint" value="0.500000"/>
            <float name="clearcoat" value="0.000000"/>
            <float name="clearcoat_gloss" value="0.173205"/>
            <float name="specular" value="0.500000"/>
        </bsdf>
    </bsdf>
    <emitter name="temp45" type="point">
        <point name="position" x="-6.815235034541981e-16" y="3.0693089962005615" z="4.109199523925781"/>
        <rgb name="intensity" value="7.957747 7.957747 7.957747"/>
    </emitter>
    <shape name="temp2" type="ply">
        <string name="filename" value="meshes/Cube.ply"/>
        <boolean name="face_normals" value="true"/>
        <ref id="mat-Material" name="bsdf"/>
        <transform name="to_world">
            <matrix value="0.9782022846424019 -0.1924569743212153 -0.0779802004726961 0.23914701637256863 -0.1434030640377145 -0.3544871647793285 -0.9239991376298342 1.9729704524495537 0.15018713643141196 0.9150405800305785 -0.3743589549624344 2.713883046959294 0.0 0.0 0.0 1.0"/>
        </transform>
    </shape>
    <shape name="temp4" type="ply">
        <string name="filename" value="meshes/Plane.ply"/>
        <boolean name="face_normals" value="true"/>
        <ref id="mat-Material.001" name="bsdf"/>
    </shape>
    <shape name="temp5" type="ply">
        <string name="filename" value="meshes/Cube_001.ply"/>
        <boolean name="face_normals" value="true"/>
        <ref id="mat-Material" name="bsdf"/>
        <transform name="to_world">
            <matrix value="0.998103370937916 -0.028720858198292534 -0.05445463360851326 0.04516824195808811 -0.054477400904566625 -1.0280420422049006e-05 -0.9985149645336086 1.1727916853627758 0.028677660821201822 0.9995874207119809 -0.0015748987873392334 1.0597447909656732 0.0 0.0 0.0 1.0"/>
        </transform>
    </shape>
    <shape name="temp6" type="ply">
        <string name="filename" value="meshes/Cube_002.ply"/>
        <boolean name="face_normals" value="true"/>
        <ref id="mat-Material" name="bsdf"/>
        <transform name="to_world">
            <matrix value="0.9997420336260497 -0.021719671354941253 0.006656372438006507 -0.0379357593794758 0.01126436323083824 0.21951908857105312 -0.9755432482893251 0.6535444051139221 0.01972728699158019 0.9753664300628048 0.21970707309012666 0.5365428365264215 0.0 0.0 0.0 1.0"/>
        </transform>
    </shape>
    <shape name="temp7" type="ply">
        <string name="filename" value="meshes/Cube_003.ply"/>
        <boolean name="face_normals" value="true"/>
        <ref id="mat-Material" name="bsdf"/>
        <transform name="to_world">
            <matrix value="0.9951912763041486 -0.05993102124845909 0.07747710393026148 -0.06419787002063426 0.08890443188003412 0.22065357732107138 -0.9712919146650679 0.13983885577641694 0.041114915598012156 0.9735091975145123 0.22492074846543972 0.20096293292068923 0.0 0.0 0.0 1.0"/>
        </transform>
    </shape>
    <shape name="temp8" type="ply">
        <string name="filename" value="meshes/Cube_004.ply"/>
        <boolean name="face_normals" value="true"/>
        <ref id="mat-Material" name="bsdf"/>
        <transform name="to_world">
            <matrix value="0.9805164469076835 -0.1523786092865799 0.12396984824838152 0.039179319773676724 0.15625670402303435 0.22256587606351802 -0.9623140928021877 -0.36101568389957683 0.11904461133952807 0.9629356539006264 0.2420397418373874 -0.30444060286414554 0.0 0.0 0.0 1.0"/>
        </transform>
    </shape>
    <shape name="temp9" type="ply">
        <string name="filename" value="meshes/Cube_005.ply"/>
        <boolean name="face_normals" value="true"/>
        <ref id="mat-Material" name="bsdf"/>
        <transform name="to_world">
            <matrix value="0.9760587702361766 -0.1989762693904965 0.08785128937105131 0.11289286063590431 0.13222332441532056 0.22209572757251947 -0.9660179348409367 -0.6335188041741717 0.1727032571135779 0.9545061459295863 0.24308791873295885 -0.7496264662219284 0.0 0.0 0.0 1.0"/>
        </transform>
    </shape>
    <shape name="temp10" type="ply">
        <string name="filename" value="meshes/Cube_006.ply"/>
        <boolean name="face_normals" value="true"/>
        <ref id="mat-Material" name="bsdf"/>
        <transform name="to_world">
            <matrix value="0.9866300726738259 -0.14770219618166006 -0.06889013810688 0.03289653487275768 -0.034385193439321164 0.2245319894957063 -0.9738598771406188 -0.5412333054338321 0.1593093061147782 0.963207856110366 0.21645127112133178 -1.0438353356135086 0.0 0.0 0.0 1.0"/>
        </transform>
    </shape>
    <shape name="temp11" type="ply">
        <string name="filename" value="meshes/Cube_007.ply"/>
        <boolean name="face_normals" value="true"/>
        <ref id="mat-Material" name="bsdf"/>
        <transform name="to_world">
            <matrix value="0.9119660938217496 -0.24957897305719584 -0.32561991129501616 0.17395331415084492 -0.272354027378122 0.22527809470968227 -0.9354534369753501 -0.23253890936085167 0.3068245846386786 0.9417854379118232 0.1374722058190129 -1.8078566988072136 0.0 0.0 0.0 1.0"/>
        </transform>
    </shape>
    <shape name="temp12" type="ply">
        <string name="filename" value="meshes/Cube_008.ply"/>
        <boolean name="face_normals" value="true"/>
        <ref id="mat-Material" name="bsdf"/>
        <transform name="to_world">
            <matrix value="0.35506208036140113 0.8900369819553922 -0.2859459193674439 1.7194343907269822 -0.5298239268687492 -0.060420422049004746 -0.8459527464645896 0.24117970399751293 -0.7702064794770463 0.4518667231234213 0.4501099474682297 0.9848463901824809 0.0 0.0 0.0 1.0"/>
        </transform>
    </shape>
    <shape name="temp13" type="ply">
        <string name="filename" value="meshes/Cube_009.ply"/>
        <boolean name="face_normals" value="true"/>
        <ref id="mat-Material" name="bsdf"/>
        <transform name="to_world">
            <matrix value="-0.0683793949580428 0.9905544790300007 0.11885349683064782 2.6103774762937766 -0.8671255985972303 -9.466859120234116e-05 -0.49808992572931504 1.0846095509739166 -0.4933739874154961 -0.13711993375369977 0.8589414879005778 0.8736292168913795 0.0 0.0 0.0 1.0"/>
        </transform>
    </shape>
    <shape name="temp14" type="ply">
        <string name="filename" value="meshes/Cube_010.ply"/>
        <boolean name="face_normals" value="true"/>
        <ref id="mat-Material" name="bsdf"/>
        <transform name="to_world">
            <matrix value="0.027997090564813386 0.9952373999578661 0.09337409892009886 1.8932945465835942 -0.9988161027752218 0.024135012296030857 0.04223722649651246 1.9202283205064867 0.03978249711449983 -0.09444605285937471 0.9947347668030982 -0.2033813482870639 0.0 0.0 0.0 1.0"/>
        </transform>
    </shape>
    <shape name="temp15" type="ply">
        <string name="filename" value="meshes/Cube_011.ply"/>
        <boolean name="face_normals" value="true"/>
        <ref id="mat-Material" name="bsdf"/>
        <transform name="to_world">
            <matrix value="0.07632187820795813 0.9903702992972804 0.11550618622940464 1.5012729187489953 -0.8888891843830171 0.015099876309647223 0.4578734065181757 2.1524504811053182 0.4517199531228115 -0.13761792821787858 0.8814820190619738 -1.1012909233335466 0.0 0.0 0.0 1.0"/>
        </transform>
    </shape>
    <shape name="temp16" type="ply">
        <string name="filename" value="meshes/Cube_012.ply"/>
        <boolean name="face_normals" value="true"/>
        <ref id="mat-Material" name="bsdf"/>
        <transform name="to_world">
            <matrix value="0.09382250317803936 0.99033317133304 0.10216318275108376 1.0978544119512574 -0.7365502892592022 3.598826088860985e-06 0.6763828299452367 1.8477317774126654 0.6698442627746545 -0.13870821800372532 0.729430651302231 -1.8329107177454054 0.0 0.0 0.0 1.0"/>
        </transform>
    </shape>
    <shape name="temp17" type="ply">
        <string name="filename" value="meshes/Cube_013.ply"/>
        <boolean name="face_normals" value="true"/>
        <ref id="mat-Material" name="bsdf"/>
        <transform name="to_world">
            <matrix value="0.918832786373702 0.17456511264582633 0.3539398354972174 0.6247986781844087 -0.377428695789386 0.12667381414742304 0.917333971285532 1.4646100707995415 0.11529962218120764 -0.9764633736804451 0.18227793850033638 -1.4132663944501056 0.0 0.0 0.0 1.0"/>
        </transform>
    </shape>
    <shape name="temp18" type="ply">
        <string name="filename" value="meshes/Cube_014.ply"/>
        <boolean name="face_normals" value="true"/>
        <ref id="mat-Material" name="bsdf"/>
        <transform name="to_world">
            <matrix value="0.9392391676285 0.2978695223216241 0.1705984016838912 0.11260735620994056 -0.21624572050628782 0.12747292057327245 0.967981670851652 1.0261887217681849 0.2665855092043466 -0.9460572396401509 0.18414054458865084 -0.8717393350685769 0.0 0.0 0.0 1.0"/>
        </transform>
    </shape>
    <shape name="temp19" type="ply">
        <string name="filename" value="meshes/Cube_015.ply"/>
        <boolean name="face_normals" value="true"/>
        <ref id="mat-Material" name="bsdf"/>
        <transform name="to_world">
            <matrix value="0.9829197006526283 0.13243419694090608 0.1277911078478049 0.02399418757640359 -0.1495297210949121 0.16990058883282613 0.9740506481723568 0.6395766840242813 0.10728586574756173 -0.9765217772196996 0.18680145770816617 -0.2996785110520847 0.0 0.0 0.0 1.0"/>
        </transform>
    </shape>
    <shape name="temp20" type="ply">
        <string name="filename" value="meshes/Cube_016.ply"/>
        <boolean name="face_normals" value="true"/>
        <ref id="mat-Material" name="bsdf"/>
        <transform name="to_world">
            <matrix value="0.9851820036984046 0.026915938534446616 0.16938871949850148 0.0469307262595009 -0.171495513512651 0.16903859431024376 0.970574691232239 0.3290915510051754 -0.0025092992002155924 -0.9852418427985308 0.17114969923422096 0.17692020837141198 0.0 0.0 0.0 1.0"/>
        </transform>
    </shape>
    <shape name="temp21" type="ply">
        <string name="filename" value="meshes/Cube_017.ply"/>
        <boolean name="face_normals" value="true"/>
        <ref id="mat-Material" name="bsdf"/>
        <transform name="to_world">
            <matrix value="0.944996870717182 -0.11706922696658274 0.3054116564646322 0.21209952331386683 -0.28710637965912983 0.1504181484826552 0.9460151075527835 0.14192248683164024 -0.15668873121322208 -0.9816665032758128 0.10853332772288415 0.43357553891999245 0.0 0.0 0.0 1.0"/>
        </transform>
    </shape>
    <shape name="temp22" type="ply">
        <string name="filename" value="meshes/Cube_018.ply"/>
        <boolean name="face_normals" value="true"/>
        <ref id="mat-Material" name="bsdf"/>
        <transform name="to_world">
            <matrix value="0.22526678687367804 0.9580282965147688 0.17730387343204887 0.8514796188139988 -0.5592245583988 -0.021880239371077317 0.8287275643101677 -0.024967947507215857 0.797823951690256 -0.28583735031485763 0.5308240599385089 -0.151087559133937 0.0 0.0 0.0 1.0"/>
        </transform>
    </shape>
    <shape name="temp23" type="ply">
        <string name="filename" value="meshes/Cube_019.ply"/>
        <boolean name="face_normals" value="true"/>
        <ref id="mat-Material" name="bsdf"/>
        <transform name="to_world">
            <matrix value="-0.08080561746157541 0.9838774944047324 -0.15954810195825164 0.5067403937200172 -0.9133840223960911 -0.009015958767101288 0.4069992402254076 -0.04652738614040031 0.39899889544294864 0.17861648273028202 0.89938660139634 -0.05696500685327388 0.0 0.0 0.0 1.0"/>
        </transform>
    </shape>
    <shape name="temp24" type="ply">
        <string name="filename" value="meshes/Cube_020.ply"/>
        <boolean name="face_normals" value="true"/>
        <ref id="mat-Material" name="bsdf"/>
        <transform name="to_world">
            <matrix value="0.09731701824894134 0.9435008901194253 -0.3167576866791775 0.13445070161386719 -0.9608973122996257 0.006170285563631456 -0.2768364260813398 0.14221789778504296 -0.2592407578590138 0.3313124134158365 0.9072079770898012 0.11636882577949048 0.0 0.0 0.0 1.0"/>
        </transform>
    </shape>
    <shape name="temp25" type="ply">
        <string name="filename" value="meshes/Cube_021.ply"/>
        <boolean name="face_normals" value="true"/>
        <ref id="mat-Material" name="bsdf"/>
        <transform name="to_world">
            <matrix value="0.1931403106588869 0.939435946961243 -0.28312004958628456 -0.16975285230910803 -0.7933569669537097 -0.02025333786656043 -0.6084201179990932 0.09637543592014369 -0.5773061395997 0.34212542994391176 0.7413960373523535 0.30892668434091797 0.0 0.0 0.0 1.0"/>
        </transform>
    </shape>
    <shape name="temp26" type="ply">
        <string name="filename" value="meshes/Cube_022.ply"/>
        <boolean name="face_normals" value="true"/>
        <ref id="mat-Material" name="bsdf"/>
        <transform name="to_world">
            <matrix value="0.6378692863994099 0.40017521061776345 -0.6580144399723701 -0.08506298792989953 -0.7116325991486223 -0.02040603809162264 -0.702255589685788 -0.1953351353318686 -0.29445274782944786 0.916211362408562 0.2717612539543029 0.6886593495372535 0.0 0.0 0.0 1.0"/>
        </transform>
    </shape>
    <shape name="temp27" type="ply">
        <string name="filename" value="meshes/Cube_023.ply"/>
        <boolean name="face_normals" value="true"/>
        <ref id="mat-Material" name="bsdf"/>
        <transform name="to_world">
            <matrix value="0.8560733794658766 0.28539515208907373 -0.43091535581515966 -0.06631470295903452 -0.4804477445228686 0.13203922214829075 -0.8670269173907061 -0.2871423096984854 -0.19054757130421063 0.9492708943876286 0.25015282958118784 0.20352248565026965 0.0 0.0 0.0 1.0"/>
        </transform>
    </shape>
    <shape name="temp28" type="ply">
        <string name="filename" value="meshes/Cube_024.ply"/>
        <boolean name="face_normals" value="true"/>
        <ref id="mat-Material" name="bsdf"/>
        <transform name="to_world">
            <matrix value="0.854232155552837 0.44612502946249977 -0.26694564467606985 -0.19382746421416108 -0.37655870197703306 0.17690755345488224 -0.909344518299599 -0.5113180965415332 -0.35845664303304625 0.8773118936721852 0.3191124206361777 -0.34716370949938574 0.0 0.0 0.0 1.0"/>
        </transform>
    </shape>
    <shape name="temp29" type="ply">
        <string name="filename" value="meshes/Cube_025.ply"/>
        <boolean name="face_normals" value="true"/>
        <ref id="mat-Material" name="bsdf"/>
        <transform name="to_world">
            <matrix value="0.9012932891510513 0.36012206339704184 -0.2407965387941285 -0.26249731550002353 -0.3212147202172946 0.18257960089524283 -0.9292395493170301 -0.7931430111609435 -0.290675091795251 0.9148643264924713 0.2802341353911705 -0.6976496239954422 0.0 0.0 0.0 1.0"/>
        </transform>
    </shape>
    <shape name="temp30" type="ply">
        <string name="filename" value="meshes/Cube_026.ply"/>
        <boolean name="face_normals" value="true"/>
        <ref id="mat-Material" name="bsdf"/>
        <transform name="to_world">
            <matrix value="0.9232137823189316 0.2336458617963677 -0.30510008741899325 -0.3339337707393645 -0.3504568043728403 0.1861732540991984 -0.9178887911262867 -1.1483017737086785 -0.1576595180727164 0.9543317696480978 0.253760458720411 -0.8896610027239367 0.0 0.0 0.0 1.0"/>
        </transform>
    </shape>
    <shape name="temp31" type="ply">
        <string name="filename" value="meshes/Cube_027.ply"/>
        <boolean name="face_normals" value="true"/>
        <ref id="mat-Material" name="bsdf"/>
        <transform name="to_world">
            <matrix value="0.8724125795396319 0.17312521510232093 -0.4570824277422213 -0.600048361894981 -0.48444710980148115 0.1821690448726907 -0.8556433002490189 -1.5844401481771053 -0.06486715174982759 0.9679060036752514 0.24279644329041497 -1.029028741787867 0.0 0.0 0.0 1.0"/>
        </transform>
    </shape>
    <shape name="temp32" type="ply">
        <string name="filename" value="meshes/Cube_028.ply"/>
        <boolean name="face_normals" value="true"/>
        <ref id="mat-Material" name="bsdf"/>
        <transform name="to_world">
            <matrix value="-0.10562663666810276 0.9846016982914879 0.13929306449195572 -1.4862726235772779 -0.7968248860426894 -3.6277775576057057e-06 -0.6042106263483399 -2.1220723981936724 -0.5949063608657033 -0.17481286880270658 0.7845554420332647 -1.3603630536833315 0.0 0.0 0.0 1.0"/>
        </transform>
    </shape>
    <shape name="temp33" type="ply">
        <string name="filename" value="meshes/Cube_029.ply"/>
        <boolean name="face_normals" value="true"/>
        <ref id="mat-Material" name="bsdf"/>
        <transform name="to_world">
            <matrix value="0.002505881810622541 0.9765616167768338 0.21522385928615229 -1.5704900944132811 -0.9985390770300003 -0.009173621207159439 0.05325071946918847 -1.8177215066288643 0.053976981598398664 -0.21504287445533485 0.9751118268111073 -0.11642039388177094 0.0 0.0 0.0 1.0"/>
        </transform>
    </shape>
    <shape name="temp34" type="ply">
        <string name="filename" value="meshes/Cube_030.ply"/>
        <boolean name="face_normals" value="true"/>
        <ref id="mat-Material" name="bsdf"/>
        <transform name="to_world">
            <matrix value="-0.041947701999092 0.9785550347204804 -0.20166884104066643 -3.2259505073180015 -0.97543163970441 0.0035815937935277423 0.22027168468280622 -1.9194743877963245 0.21627020139336647 0.20595409993348476 0.9543639352310761 0.24614374882677081 0.0 0.0 0.0 1.0"/>
        </transform>
    </shape>
    <shape name="temp35" type="ply">
        <string name="filename" value="meshes/Cube_031.ply"/>
        <boolean name="face_normals" value="true"/>
        <ref id="mat-Material" name="bsdf"/>
        <transform name="to_world">
            <matrix value="0.143666172009496 0.9765025874853731 0.1606318799906009 -1.874171253511755 -0.7423997432747014 -0.0009817301214167864 0.6699566592801006 -1.0310796183906419 0.6543720424731441 -0.21550301091103263 0.724814323287635 0.6501909287503245 0.0 0.0 0.0 1.0"/>
        </transform>
    </shape>
    <shape name="temp36" type="ply">
        <string name="filename" value="meshes/Cube_032.ply"/>
        <boolean name="face_normals" value="true"/>
        <ref id="mat-Material" name="bsdf"/>
        <transform name="to_world">
            <matrix value="0.662240460119817 0.6131003310229172 0.4307498790837884 -0.7071674503192171 -0.5475442664978805 0.0035357460947847727 0.836769260664148 -0.6175022094135739 0.5115007792180162 -0.7899971423982579 0.33804106754240104 -0.15985437816739134 0.0 0.0 0.0 1.0"/>
        </transform>
    </shape>
    <shape name="temp37" type="ply">
        <string name="filename" value="meshes/Cube_033.ply"/>
        <boolean name="face_normals" value="true"/>
        <ref id="mat-Material" name="bsdf"/>
        <transform name="to_world">
            <matrix value="0.9766039569027725 0.16982843960344 0.131920697876839 -0.14484594289966246 -0.15004450141571238 0.09867611691554222 0.9837428567240998 0.30064350424561814 0.15405007207101787 -0.9805209595701501 0.12184931121492544 -0.3866762036694973 0.0 0.0 0.0 1.0"/>
        </transform>
    </shape>
    <shape name="temp38" type="ply">
        <string name="filename" value="meshes/Cube_034.ply"/>
        <boolean name="face_normals" value="true"/>
        <ref id="mat-Material" name="bsdf"/>
        <transform name="to_world">
            <matrix value="0.9999162274146451 -0.0015286229488364138 0.01287042557305774 -0.03397336713723753 -0.012394486434160067 0.17757116366966125 0.984030077050694 0.3692976875544257 -0.003789627978802433 -0.9841067282963062 0.17753733746048062 -0.37877815005499327 0.0 0.0 0.0 1.0"/>
        </transform>
    </shape>
    <shape name="temp39" type="ply">
        <string name="filename" value="meshes/Cube_035.ply"/>
        <boolean name="face_normals" value="true"/>
        <ref id="mat-Material" name="bsdf"/>
        <transform name="to_world">
            <matrix value="0.9987004168240173 -0.050812831257574215 0.003980282738271127 0.008556694153241118 0.006475452416285036 0.20395571343051963 0.9789589244201578 0.09118278187276113 -0.05055546986225837 -0.9776604376510931 0.20401966620033746 -0.16044765849274623 0.0 0.0 0.0 1.0"/>
        </transform>
    </shape>
    <shape name="temp40" type="ply">
        <string name="filename" value="meshes/Cube_036.ply"/>
        <boolean name="face_normals" value="true"/>
        <ref id="mat-Material" name="bsdf"/>
        <transform name="to_world">
            <matrix value="0.9986654007698214 -0.051487934454542236 0.004115406309202256 0.003161033151549031 0.006629230515560425 0.20678150610212695 0.9783648629545351 -0.2394070343101109 -0.051224985683309486 -0.9770313480996948 0.20684681251628173 0.17618807278557513 0.0 0.0 0.0 1.0"/>
        </transform>
    </shape>
    <shape name="temp41" type="ply">
        <string name="filename" value="meshes/Cube_037.ply"/>
        <boolean name="face_normals" value="true"/>
        <ref id="mat-Material" name="bsdf"/>
        <transform name="to_world">
            <matrix value="0.9986902222765931 -0.051008941999027994 0.004045504209964441 -0.006492265158301702 0.006598722224290681 0.20678807650029307 0.9783636809778824 -0.5705841654485563 -0.05074185278364334 -0.9770551266835342 0.2068537861785324 0.5169011502099324 0.0 0.0 0.0 1.0"/>
        </transform>
    </shape>
    <shape name="temp42" type="ply">
        <string name="filename" value="meshes/Cube_038.ply"/>
        <boolean name="face_normals" value="true"/>
        <ref id="mat-Material" name="bsdf"/>
        <transform name="to_world">
            <matrix value="0.998905194254885 -0.046593968165899426 0.004171266525806569 0.010077815909584231 0.005563869282853481 0.20686692127828663 0.978353279583339 -0.9044988675372962 -0.04644826400154603 -0.9772589133187186 0.2068997177912544 0.8666416107018691 0.0 0.0 0.0 1.0"/>
        </transform>
    </shape>
    <shape name="temp43" type="ply">
        <string name="filename" value="meshes/Cube_039.ply"/>
        <boolean name="face_normals" value="true"/>
        <ref id="mat-Material" name="bsdf"/>
        <transform name="to_world">
            <matrix value="0.9999222298490261 -0.012008431346181228 -0.003426499190613197 0.022423314298026575 0.008288994253310148 0.4330191482067824 0.9013465930559167 -1.3192445675691202 -0.00934002815871547 -0.9013047574717523 0.4330848866574496 1.4751828945623677 0.0 0.0 0.0 1.0"/>
        </transform>
    </shape>
    <shape name="temp47" type="ply">
        <string name="filename" value="meshes/Plane_001.ply"/>
        <boolean name="face_normals" value="true"/>
        <ref id="mat-Material.002" name="bsdf"/>
    </shape>
    <shape name="temp49" type="ply">
        <string name="filename" value="meshes/Plane_002.ply"/>
        <boolean name="face_normals" value="true"/>
        <ref id="mat-Material.003" name="bsdf"/>
    </shape>
    <shape name="temp51" type="ply">
        <string name="filename" value="meshes/Plane_003.ply"/>
        <boolean name="face_normals" value="true"/>
        <ref id="mat-Material.004" name="bsdf"/>
    </shape>
    <shape name="temp53" type="ply">
        <string name="filename" value="meshes/Plane_004.ply"/>
        <boolean name="face_normals" value="true"/>
        <ref id="mat-Material.005" name="bsdf"/>
    </shape>
    <emitter type="point">
        <transform name="to_world">
            <rotate angle="-142.5518126578256" x="1"/>
            <rotate angle="3.976628485794621e-06" y="1"/>
            <rotate angle="-179.999991348578" z="1"/>
            <translate value="-0.000000 3.030926 4.073377"/>
        </transform>
        <rgb name="intensity" value="100"/>
    </emitter>
</scene>
