
<scene version="2.1.0">
    <default name="spp" value="1024"/>
    <default name="resx" value="1280"/>
    <default name="resy" value="720"/>
    <integrator name="temp0" type="path">
        <integer name="max_depth" value="12"/>
    </integrator>
    <sensor name="temp44" type="perspective">
        <string name="fov_axis" value="x"/>
        <float name="fov" value="83.974423"/>
        <float name="principal_point_offset_x" value="0.000000"/>
        <float name="principal_point_offset_y" value="-0.000000"/>
        <float name="near_clip" value="0.100000"/>
        <float name="far_clip" value="1000.000000"/>
        <sampler name="sampler" type="independent">
            <integer name="sample_count" value="$spp"/>
        </sampler>
        <film name="film" type="hdrfilm">
            <integer name="width" value="$resx"/>
            <integer name="height" value="$resy"/>
        </film>
        <float name="shutter_open" value="0.0"/>
        <float name="shutter_close" value="0.0015"/>
        <animation name="to_world">
            <transform time="0">
                <rotate angle="-142.5518126578256" x="1"/>
                <rotate angle="3.976628485794621e-06" y="1"/>
                <rotate angle="-179.999991348578" z="1"/>
                <translate value="-0.000000 3.030926 4.073377"/>
            </transform>
            <transform time="0.0015">
                <rotate angle="-142.5518126578256" x="1"/>
                <rotate angle="3.976628485794621e-06" y="1"/>
                <rotate angle="-179.999991348578" z="1"/>
                <translate value="-0.000000 3.030926 4.073377"/>
                <translate x="0.15" y="0.0" z="0.0"/>
            </transform>
        </animation>
    </sensor>
    <bsdf id="mat-Material" name="mat-Material" type="twosided">
        <bsdf name="bsdf" type="diffuse">
            <texture name="reflectance" type="bitmap">
                <string name="filename" value="textures/siggraph_2023_logo.jpg"/>
            </texture>
        </bsdf>
    </bsdf>
    <bsdf id="mat-Material.001" name="mat-Material.001" type="twosided">
        <bsdf name="bsdf" type="principled">
            <rgb name="base_color" value="0.433648 0.266232 0.084399"/>
            <float name="spec_tint" value="0.000000"/>
            <float name="spec_trans" value="0.000000"/>
            <float name="metallic" value="0.000000"/>
            <float name="anisotropic" value="0.000000"/>
            <float name="roughness" value="0.500000"/>
            <float name="sheen" value="0.000000"/>
            <float name="sheen_tint" value="0.500000"/>
            <float name="clearcoat" value="0.000000"/>
            <float name="clearcoat_gloss" value="0.173205"/>
            <float name="specular" value="0.500000"/>
        </bsdf>
    </bsdf>
    <bsdf id="mat-Material.002" name="mat-Material.002" type="twosided">
        <bsdf name="bsdf" type="principled">
            <rgb name="base_color" value="0.433648 0.266232 0.084399"/>
            <float name="spec_tint" value="0.000000"/>
            <float name="spec_trans" value="0.000000"/>
            <float name="metallic" value="0.000000"/>
            <float name="anisotropic" value="0.000000"/>
            <float name="roughness" value="0.500000"/>
            <float name="sheen" value="0.000000"/>
            <float name="sheen_tint" value="0.500000"/>
            <float name="clearcoat" value="0.000000"/>
            <float name="clearcoat_gloss" value="0.173205"/>
            <float name="specular" value="0.500000"/>
        </bsdf>
    </bsdf>
    <bsdf id="mat-Material.003" name="mat-Material.003" type="twosided">
        <bsdf name="bsdf" type="principled">
            <rgb name="base_color" value="0.433648 0.266232 0.084399"/>
            <float name="spec_tint" value="0.000000"/>
            <float name="spec_trans" value="0.000000"/>
            <float name="metallic" value="0.000000"/>
            <float name="anisotropic" value="0.000000"/>
            <float name="roughness" value="0.500000"/>
            <float name="sheen" value="0.000000"/>
            <float name="sheen_tint" value="0.500000"/>
            <float name="clearcoat" value="0.000000"/>
            <float name="clearcoat_gloss" value="0.173205"/>
            <float name="specular" value="0.500000"/>
        </bsdf>
    </bsdf>
    <bsdf id="mat-Material.004" name="mat-Material.004" type="twosided">
        <bsdf name="bsdf" type="principled">
            <rgb name="base_color" value="0.433648 0.266232 0.084399"/>
            <float name="spec_tint" value="0.000000"/>
            <float name="spec_trans" value="0.000000"/>
            <float name="metallic" value="0.000000"/>
            <float name="anisotropic" value="0.000000"/>
            <float name="roughness" value="0.500000"/>
            <float name="sheen" value="0.000000"/>
            <float name="sheen_tint" value="0.500000"/>
            <float name="clearcoat" value="0.000000"/>
            <float name="clearcoat_gloss" value="0.173205"/>
            <float name="specular" value="0.500000"/>
        </bsdf>
    </bsdf>
    <bsdf id="mat-Material.005" name="mat-Material.005" type="twosided">
        <bsdf name="bsdf" type="principled">
            <rgb name="base_color" value="0.433648 0.266232 0.084399"/>
            <float name="spec_tint" value="0.000000"/>
            <float name="spec_trans" value="0.000000"/>
            <float name="metallic" value="0.000000"/>
            <float name="anisotropic" value="0.000000"/>
            <float name="roughness" value="0.500000"/>
            <float name="sheen" value="0.000000"/>
            <float name="sheen_tint" value="0.500000"/>
            <float name="clearcoat" value="0.000000"/>
            <float name="clearcoat_gloss" value="0.173205"/>
            <float name="specular" value="0.500000"/>
        </bsdf>
    </bsdf>
    <emitter name="temp45" type="point">
        <point name="position" x="-6.815235034541981e-16" y="3.0693089962005615" z="4.109199523925781"/>
        <rgb name="intensity" value="7.957747 7.957747 7.957747"/>
    </emitter>
    <shape name="temp2" type="ply">
        <string name="filename" value="meshes/Cube.ply"/>
        <boolean name="face_normals" value="true"/>
        <ref id="mat-Material" name="bsdf"/>
        <transform name="to_world">
            <matrix value="0.9999991135176153 0.0001207778934260559 0.0013577164872977698 -0.002227516669468743 -0.00012045943722552288 0.9999994785398281 -0.00023051381470672088 -0.017234985927428365 -0.0013577519338613224 0.00023034981634172748 0.999998699825682 0.0030871428503910225 0.0 0.0 0.0 1.0"/>
        </transform>
    </shape>
    <shape name="temp4" type="ply">
        <string name="filename" value="meshes/Plane.ply"/>
        <boolean name="face_normals" value="true"/>
        <ref id="mat-Material.001" name="bsdf"/>
    </shape>
    <shape name="temp5" type="ply">
        <string name="filename" value="meshes/Cube_001.ply"/>
        <boolean name="face_normals" value="true"/>
        <ref id="mat-Material" name="bsdf"/>
        <transform name="to_world">
            <matrix value="0.9999986702764229 0.00017828253963618766 -0.001636749261619185 0.002145388785476765 -0.0001832607304260257 0.9999953068584528 -0.003040634938946178 -0.014225199635324454 0.0016361960508982727 0.00304092732305292 0.9999940901167368 -0.003699063518019463 0.0 0.0 0.0 1.0"/>
        </transform>
    </shape>
    <shape name="temp6" type="ply">
        <string name="filename" value="meshes/Cube_002.ply"/>
        <boolean name="face_normals" value="true"/>
        <ref id="mat-Material" name="bsdf"/>
        <transform name="to_world">
            <matrix value="1.0 3.9526493305494314e-05 0.0003576838647421565 -0.0008836785574164452 -4.0588615438622616e-05 0.9999949939823497 0.002963401038531966 -0.019524191536967217 -0.0003575021674494306 -0.002963410182657069 0.9999950356980589 0.0009126621544109925 0.0 0.0 0.0 1.0"/>
        </transform>
    </shape>
    <shape name="temp7" type="ply">
        <string name="filename" value="meshes/Cube_003.ply"/>
        <boolean name="face_normals" value="true"/>
        <ref id="mat-Material" name="bsdf"/>
        <transform name="to_world">
            <matrix value="0.9999991135176153 -0.000361511650463161 0.0013070664237783444 -0.0012637084541420318 0.000366010403757267 0.999992908141662 -0.0034501106566542216 -0.017444079331229823 -0.001305582445521225 0.0034505853911889917 0.9999921989540925 0.0038622578971482524 0.0 0.0 0.0 1.0"/>
        </transform>
    </shape>
    <shape name="temp8" type="ply">
        <string name="filename" value="meshes/Cube_004.ply"/>
        <boolean name="face_normals" value="true"/>
        <ref id="mat-Material" name="bsdf"/>
        <transform name="to_world">
            <matrix value="0.9999995567588077 0.0001263788971325948 0.0010236922492117397 -0.0005342431763593058 -0.00012625814012449759 0.9999995828318625 -0.00012469735487808856 -0.01748613753770259 -0.0010235148317367785 0.00012456536294670886 0.9999991726163432 0.0032206782549526573 0.0 0.0 0.0 1.0"/>
        </transform>
    </shape>
    <shape name="temp9" type="ply">
        <string name="filename" value="meshes/Cube_005.ply"/>
        <boolean name="face_normals" value="true"/>
        <ref id="mat-Material" name="bsdf"/>
        <transform name="to_world">
            <matrix value="0.9999997783794039 0.00044364579922114705 0.000798649804430143 -0.0006882813863027248 -0.00044724100087407167 0.9999894665045274 0.004504004773294514 -0.014861435967973402 -0.0007965797736633176 -0.004504360449957553 0.9999894804077915 0.002232596808418724 0.0 0.0 0.0 1.0"/>
        </transform>
    </shape>
    <shape name="temp10" type="ply">
        <string name="filename" value="meshes/Cube_006.ply"/>
        <boolean name="face_normals" value="true"/>
        <ref id="mat-Material" name="bsdf"/>
        <transform name="to_world">
            <matrix value="0.9999991135176153 9.236936901233357e-05 -0.0013263787403060183 -0.0012003347912867834 -9.223405971699937e-05 0.9999994785398281 0.00011022641471967543 -0.0175167728186697 0.0013262419174968575 -0.00011010318653881853 0.999998699825682 -0.0031894706832264474 0.0 0.0 0.0 1.0"/>
        </transform>
    </shape>
    <shape name="temp11" type="ply">
        <string name="filename" value="meshes/Cube_007.ply"/>
        <boolean name="face_normals" value="true"/>
        <ref id="mat-Material" name="bsdf"/>
        <transform name="to_world">
            <matrix value="0.9999997783794039 -0.00040188309697281955 -6.464537627281155e-05 0.000601396372912566 0.00040194817801275477 0.9999966626548997 0.0009862070416495475 -0.01768042758561908 6.25426619647641e-05 -0.0009862303227004127 0.9999971632560336 5.3343415677531425e-05 0.0 0.0 0.0 1.0"/>
        </transform>
    </shape>
    <shape name="temp12" type="ply">
        <string name="filename" value="meshes/Cube_008.ply"/>
        <boolean name="face_normals" value="true"/>
        <ref id="mat-Material" name="bsdf"/>
        <transform name="to_world">
            <matrix value="0.9999982270352306 0.0019396983457197507 9.976213901842039e-05 0.00011045370028184287 -0.0019394239992057117 0.9999943682301433 -0.002681780917317896 -0.016708380028716108 -0.00010512129738469967 0.002681584946904926 0.999996454070042 -7.933378132385371e-05 0.0 0.0 0.0 1.0"/>
        </transform>
    </shape>
    <shape name="temp13" type="ply">
        <string name="filename" value="meshes/Cube_009.ply"/>
        <boolean name="face_normals" value="true"/>
        <ref id="mat-Material" name="bsdf"/>
        <transform name="to_world">
            <matrix value="0.9999991135176153 -0.0006912022368555534 0.0008985906583184444 0.0016729777451556238 0.0006907925063871056 0.999999165663725 0.00045654155522596794 -0.01852026358747519 -0.0008991967583112156 -0.00045591815578309767 0.9999994090116737 0.0015483557495311606 0.0 0.0 0.0 1.0"/>
        </transform>
    </shape>
    <shape name="temp14" type="ply">
        <string name="filename" value="meshes/Cube_010.ply"/>
        <boolean name="face_normals" value="true"/>
        <ref id="mat-Material" name="bsdf"/>
        <transform name="to_world">
            <matrix value="0.9999838216964791 -2.9178929671709526e-05 0.0057492999152286344 0.011830617165947466 2.7984919161671345e-05 1.0 0.00020786926959989147 -0.017517496280393674 -0.005749299235674888 -0.0002076984208100154 0.9999835705245281 0.009453306393372607 0.0 0.0 0.0 1.0"/>
        </transform>
    </shape>
    <shape name="temp15" type="ply">
        <string name="filename" value="meshes/Cube_011.ply"/>
        <boolean name="face_normals" value="true"/>
        <ref id="mat-Material" name="bsdf"/>
        <transform name="to_world">
            <matrix value="0.9999977837940383 0.0015017041318418183 -0.001021431127875217 -0.0022584324800650757 -0.0015010602329321116 0.9999979141593123 0.0006369695820672393 -0.014620762064059045 0.001022763537915738 -0.00063545240841595 0.9999992908140085 -0.0015206432119002633 0.0 0.0 0.0 1.0"/>
        </transform>
    </shape>
    <shape name="temp16" type="ply">
        <string name="filename" value="meshes/Cube_012.ply"/>
        <boolean name="face_normals" value="true"/>
        <ref id="mat-Material" name="bsdf"/>
        <transform name="to_world">
            <matrix value="0.9999960108292689 0.0028488850138604117 -2.5614261446616515e-05 0.0024717093160334658 -0.002848764332203955 0.9999941596460746 0.0016897561865839975 -0.011877641261753086 3.0208660223712716e-05 -0.0016897593565598648 0.9999985816280168 -0.005478106001689298 0.0 0.0 0.0 1.0"/>
        </transform>
    </shape>
    <shape name="temp17" type="ply">
        <string name="filename" value="meshes/Cube_013.ply"/>
        <boolean name="face_normals" value="true"/>
        <ref id="mat-Material" name="bsdf"/>
        <transform name="to_world">
            <matrix value="0.9995481156043948 0.024672129831067764 0.01477295883269877 0.046666915434670275 -0.02550243383738722 0.9980398312137716 0.054040055297595715 0.07040400142580153 -0.013279599203584225 -0.05442398466489927 0.998278451005413 -0.11188357675416838 0.0 0.0 0.0 1.0"/>
        </transform>
    </shape>
    <shape name="temp18" type="ply">
        <string name="filename" value="meshes/Cube_014.ply"/>
        <boolean name="face_normals" value="true"/>
        <ref id="mat-Material" name="bsdf"/>
        <transform name="to_world">
            <matrix value="0.994767537724258 0.09717795141242702 -0.027639353865370968 -0.012251950240704412 -0.08035222604591624 0.9281964987078217 0.3595639168058641 0.3622798119124143 0.06128370184406066 -0.3553778187529593 0.9313356667128425 -0.17878293504354692 0.0 0.0 0.0 1.0"/>
        </transform>
    </shape>
    <shape name="temp19" type="ply">
        <string name="filename" value="meshes/Cube_015.ply"/>
        <boolean name="face_normals" value="true"/>
        <ref id="mat-Material" name="bsdf"/>
        <transform name="to_world">
            <matrix value="0.9916101090905223 0.12889557864349438 -0.0017668151544536176 0.0020349379235358733 -0.09785963260624048 0.7627086101417746 0.6377150547420667 0.4030789156825086 0.08394507266496107 -0.6321692951735732 0.7690044116096584 -0.1724999931536691 0.0 0.0 0.0 1.0"/>
        </transform>
    </shape>
    <shape name="temp20" type="ply">
        <string name="filename" value="meshes/Cube_016.ply"/>
        <boolean name="face_normals" value="true"/>
        <ref id="mat-Material" name="bsdf"/>
        <transform name="to_world">
            <matrix value="0.9884599939364604 0.13973701720609985 0.058092710466308706 0.08288461640523304 -0.13917299171848158 0.6895999983313275 0.7097590138721508 0.23162891325910973 0.059358461563010285 -0.7096480561007712 0.7011388581443628 -0.17000292212853843 0.0 0.0 0.0 1.0"/>
        </transform>
    </shape>
    <shape name="temp21" type="ply">
        <string name="filename" value="meshes/Cube_017.ply"/>
        <boolean name="face_normals" value="true"/>
        <ref id="mat-Material" name="bsdf"/>
        <transform name="to_world">
            <matrix value="0.9583964952032438 0.233727626751324 0.1633920436896394 0.20814592519082065 -0.27983709113216215 0.659109387743183 0.6973113813477465 0.0845056575361604 0.05560943890983942 -0.7140718113231947 0.6971681257774451 -0.18849746010607515 0.0 0.0 0.0 1.0"/>
        </transform>
    </shape>
    <shape name="temp22" type="ply">
        <string name="filename" value="meshes/Cube_018.ply"/>
        <boolean name="face_normals" value="true"/>
        <ref id="mat-Material" name="bsdf"/>
        <transform name="to_world">
            <matrix value="0.039345399245071605 0.9934576563911202 0.10705596328496841 0.8924955488048514 -0.7448193969437633 -0.04219919569983084 0.6653838280063221 0.15763210145260484 0.6655754068510905 -0.10577090585975225 0.7383272713690742 -0.3849692418035926 0.0 0.0 0.0 1.0"/>
        </transform>
    </shape>
    <shape name="temp23" type="ply">
        <string name="filename" value="meshes/Cube_019.ply"/>
        <boolean name="face_normals" value="true"/>
        <ref id="mat-Material" name="bsdf"/>
        <transform name="to_world">
            <matrix value="-0.07817487017465477 0.9905565648706883 -0.11260487087850651 0.4437833510868938 -0.8574545190212526 -0.009178306005343924 0.5144671578331248 -0.0991615997196631 0.5085745008660933 0.1367734964738863 0.8500753628313731 -0.030862859214704885 0.0 0.0 0.0 1.0"/>
        </transform>
    </shape>
    <shape name="temp24" type="ply">
        <string name="filename" value="meshes/Cube_020.ply"/>
        <boolean name="face_normals" value="true"/>
        <ref id="mat-Material" name="bsdf"/>
        <transform name="to_world">
            <matrix value="0.12587399315890527 0.991755756774767 0.023881601963679416 -0.17465056217236316 -0.91328640044097 0.12523785379128607 -0.387455848000715 0.24680363858855858 -0.3872587714096672 0.02693745883938801 0.9215252601829075 0.12034821607669488 0.0 0.0 0.0 1.0"/>
        </transform>
    </shape>
    <shape name="temp25" type="ply">
        <string name="filename" value="meshes/Cube_021.ply"/>
        <boolean name="face_normals" value="true"/>
        <ref id="mat-Material" name="bsdf"/>
        <transform name="to_world">
            <matrix value="0.2897351766848041 0.944160167534724 -0.15649237317745113 -0.2194206925064404 -0.7434923328138547 0.11905056703579095 -0.6580561637482087 0.16208461067315683 -0.6026777086912506 0.3070132221441191 0.7364707406407542 0.14008501013628755 0.0 0.0 0.0 1.0"/>
        </transform>
    </shape>
    <shape name="temp26" type="ply">
        <string name="filename" value="meshes/Cube_022.ply"/>
        <boolean name="face_normals" value="true"/>
        <ref id="mat-Material" name="bsdf"/>
        <transform name="to_world">
            <matrix value="0.697476805188404 0.5467427511821503 -0.4626649034726946 -0.12193805819498477 -0.5674242988367579 0.027604432828629417 -0.822910939004804 0.0021374454135832527 -0.43727363672306463 0.8365720876970859 0.3293469200761572 0.4948341765649062 0.0 0.0 0.0 1.0"/>
        </transform>
    </shape>
    <shape name="temp27" type="ply">
        <string name="filename" value="meshes/Cube_023.ply"/>
        <boolean name="face_normals" value="true"/>
        <ref id="mat-Material" name="bsdf"/>
        <transform name="to_world">
            <matrix value="0.8729451338322456 0.3500146008848136 -0.33940920551784526 -0.10189805748938524 -0.4248902313187135 0.2044924732438786 -0.8818216009542807 -0.2213795174006618 -0.2393027949016625 0.9140414623411893 0.32716510937302756 0.1084338186625668 0.0 0.0 0.0 1.0"/>
        </transform>
    </shape>
    <shape name="temp28" type="ply">
        <string name="filename" value="meshes/Cube_024.ply"/>
        <boolean name="face_normals" value="true"/>
        <ref id="mat-Material" name="bsdf"/>
        <transform name="to_world">
            <matrix value="0.9051419524242634 0.33921849806955445 -0.2559297404710224 -0.11245029273943996 -0.3378332065663523 0.20909426539819742 -0.9176437673661919 -0.466936543248085 -0.2578193730087389 0.9171440460720491 0.30381610618121785 -0.2369999264714509 0.0 0.0 0.0 1.0"/>
        </transform>
    </shape>
    <shape name="temp29" type="ply">
        <string name="filename" value="meshes/Cube_025.ply"/>
        <boolean name="face_normals" value="true"/>
        <ref id="mat-Material" name="bsdf"/>
        <transform name="to_world">
            <matrix value="0.8881230419820327 0.40137759348216506 -0.22389530098089877 -0.28493652863836055 -0.32057233075721553 0.19189965854787944 -0.9275811178756949 -0.7916128125238755 -0.3293444950330392 0.8955806250430205 0.2991015559067865 -0.7454486236385169 0.0 0.0 0.0 1.0"/>
        </transform>
    </shape>
    <shape name="temp30" type="ply">
        <string name="filename" value="meshes/Cube_026.ply"/>
        <boolean name="face_normals" value="true"/>
        <ref id="mat-Material" name="bsdf"/>
        <transform name="to_world">
            <matrix value="0.9195843018153386 0.2689211823379354 -0.2864112635755928 -0.3029789756578216 -0.3455018332455716 0.20647669177323574 -0.915418932712906 -1.1323759622628882 -0.1870350399892204 0.9407613944262165 0.2827898053095337 -0.8543686370946943 0.0 0.0 0.0 1.0"/>
        </transform>
    </shape>
    <shape name="temp31" type="ply">
        <string name="filename" value="meshes/Cube_027.ply"/>
        <boolean name="face_normals" value="true"/>
        <ref id="mat-Material" name="bsdf"/>
        <transform name="to_world">
            <matrix value="0.8778586840700888 0.23036566873095368 -0.41979390109503045 -0.508262978688911 -0.4654460247470422 0.20431291364828139 -0.8611678591235123 -1.5554548500124836 -0.1126056022140784 0.9513752990574087 0.2865912786197917 -1.0067770534135583 0.0 0.0 0.0 1.0"/>
        </transform>
    </shape>
    <shape name="temp32" type="ply">
        <string name="filename" value="meshes/Cube_028.ply"/>
        <boolean name="face_normals" value="true"/>
        <ref id="mat-Material" name="bsdf"/>
        <transform name="to_world">
            <matrix value="-0.11602622746783399 0.9807127526213804 0.1572731278553601 -1.4741343560395324 -0.8080670340249669 -0.0011467639224651302 -0.5889783750279538 -2.116872168089893 -0.5774380038544255 -0.1954509900442824 0.7926152226300304 -1.2757649840367689 0.0 0.0 0.0 1.0"/>
        </transform>
    </shape>
    <shape name="temp33" type="ply">
        <string name="filename" value="meshes/Cube_029.ply"/>
        <boolean name="face_normals" value="true"/>
        <ref id="mat-Material" name="bsdf"/>
        <transform name="to_world">
            <matrix value="-0.0005497338779881105 0.9877289992344965 0.1561687479699551 -1.664760523677015 -0.9999468110569174 -0.0017954280457967182 0.00789009721048782 -1.8833762513984698 0.008074750854125777 -0.15616122922763406 0.987677302407781 -0.15965476315960236 0.0 0.0 0.0 1.0"/>
        </transform>
    </shape>
    <shape name="temp34" type="ply">
        <string name="filename" value="meshes/Cube_030.ply"/>
        <boolean name="face_normals" value="true"/>
        <ref id="mat-Material" name="bsdf"/>
        <transform name="to_world">
            <matrix value="-0.04479213191231801 0.9821470773470853 -0.18270247352722593 -3.2087533891947433 -0.9665914695009871 0.0035890811817060183 0.25626730891643523 -1.838329536252055 0.2523478519428562 0.1880801810471583 0.9491746074395699 0.337124720016576 0.0 0.0 0.0 1.0"/>
        </transform>
    </shape>
    <shape name="temp35" type="ply">
        <string name="filename" value="meshes/Cube_031.ply"/>
        <boolean name="face_normals" value="true"/>
        <ref id="mat-Material" name="bsdf"/>
        <transform name="to_world">
            <matrix value="0.10029719321947353 0.9879236081706552 0.1180815596985676 -2.0403465962116716 -0.762863081022717 0.00020553665552132456 0.6464055380806875 -1.11884552435877 0.6385758128600226 -0.15493490091213813 0.7536689737274958 0.6472409718342078 0.0 0.0 0.0 1.0"/>
        </transform>
    </shape>
    <shape name="temp36" type="ply">
        <string name="filename" value="meshes/Cube_032.ply"/>
        <boolean name="face_normals" value="true"/>
        <ref id="mat-Material" name="bsdf"/>
        <transform name="to_world">
            <matrix value="0.7774785160994067 0.5770533537189497 0.25006524511122635 -0.5380698104752442 -0.28386309520643516 -0.03282337309640965 0.9583014002641008 0.2915448395616419 0.5611996411519307 -0.8160457466579618 0.13828662319198942 -0.20577539806726652 0.0 0.0 0.0 1.0"/>
        </transform>
    </shape>
    <shape name="temp37" type="ply">
        <string name="filename" value="meshes/Cube_033.ply"/>
        <boolean name="face_normals" value="true"/>
        <ref id="mat-Material" name="bsdf"/>
        <transform name="to_world">
            <matrix value="0.9789021624851293 0.15727018728763537 0.1304457210317616 -0.1295797234825533 -0.14861784098988168 0.10993540151390319 0.9827568518004578 0.3042519567709574 0.1402166252679393 -0.9814093191190244 0.1309887447455228 -0.39564701087585075 0.0 0.0 0.0 1.0"/>
        </transform>
    </shape>
    <shape name="temp38" type="ply">
        <string name="filename" value="meshes/Cube_034.ply"/>
        <boolean name="face_normals" value="true"/>
        <ref id="mat-Material" name="bsdf"/>
        <transform name="to_world">
            <matrix value="0.999922432791338 0.0045016384278601575 0.01161604103066473 -0.035791878315679204 -0.0122401853102777 0.18145346593717865 0.9833233732100736 0.36945488625308215 0.0023187941357417285 -0.9833890948077169 0.1814945007354259 -0.34144849505266855 0.0 0.0 0.0 1.0"/>
        </transform>
    </shape>
    <shape name="temp39" type="ply">
        <string name="filename" value="meshes/Cube_035.ply"/>
        <boolean name="face_normals" value="true"/>
        <ref id="mat-Material" name="bsdf"/>
        <transform name="to_world">
            <matrix value="0.9990782799404994 -0.042864505874770295 0.002366722676600314 0.00953075486814492 0.0067926757052410615 0.21227673682739462 0.9771861958365109 0.09203751908890992 -0.04238899024337488 -0.9762689733283552 0.21237222241396508 -0.13418614283059743 0.0 0.0 0.0 1.0"/>
        </transform>
    </shape>
    <shape name="temp40" type="ply">
        <string name="filename" value="meshes/Cube_036.ply"/>
        <boolean name="face_normals" value="true"/>
        <ref id="mat-Material" name="bsdf"/>
        <transform name="to_world">
            <matrix value="0.999755995723609 -0.021951220529678385 0.0025245721126319737 0.005424532209931554 0.002217083579332195 0.21333665677282904 0.9769762767829999 -0.2509505909058888 -0.021984408547817746 -0.97673213425305 0.21333322853140346 0.2450862609736601 0.0 0.0 0.0 1.0"/>
        </transform>
    </shape>
    <shape name="temp41" type="ply">
        <string name="filename" value="meshes/Cube_037.ply"/>
        <boolean name="face_normals" value="true"/>
        <ref id="mat-Material" name="bsdf"/>
        <transform name="to_world">
            <matrix value="0.9989905181844132 -0.04483674124937686 0.002820172653693606 -0.0017453043973651994 0.006825014582635228 0.21351228455872998 0.9769165869620411 -0.5690400787400205 -0.04440390265005044 -0.9759109387743183 0.21360276648727414 0.5072942827910596 0.0 0.0 0.0 1.0"/>
        </transform>
    </shape>
    <shape name="temp42" type="ply">
        <string name="filename" value="meshes/Cube_038.ply"/>
        <boolean name="face_normals" value="true"/>
        <ref id="mat-Material" name="bsdf"/>
        <transform name="to_world">
            <matrix value="0.9993043329486 -0.037181163607086024 0.002899116874324205 0.0037545376354084503 0.005111295647194194 0.21354763955838582 0.9769193055083422 -0.9042976522560724 -0.036942103392213495 -0.9762247535057768 0.2135892564941343 0.8512508573395139 0.0 0.0 0.0 1.0"/>
        </transform>
    </shape>
    <shape name="temp43" type="ply">
        <string name="filename" value="meshes/Cube_039.ply"/>
        <boolean name="face_normals" value="true"/>
        <ref id="mat-Material" name="bsdf"/>
        <transform name="to_world">
            <matrix value="0.99996587632794 -0.0034805213609330685 -0.007508324927554629 0.018364406023920088 0.008275026947913365 0.433002431310468 0.9013547524674057 -1.3192856758313338 0.00011393637103627325 -0.9013860684561201 0.43301637301669127 1.4665659540254004 0.0 0.0 0.0 1.0"/>
        </transform>
    </shape>
    <shape name="temp47" type="ply">
        <string name="filename" value="meshes/Plane_001.ply"/>
        <boolean name="face_normals" value="true"/>
        <ref id="mat-Material.002" name="bsdf"/>
    </shape>
    <shape name="temp49" type="ply">
        <string name="filename" value="meshes/Plane_002.ply"/>
        <boolean name="face_normals" value="true"/>
        <ref id="mat-Material.003" name="bsdf"/>
    </shape>
    <shape name="temp51" type="ply">
        <string name="filename" value="meshes/Plane_003.ply"/>
        <boolean name="face_normals" value="true"/>
        <ref id="mat-Material.004" name="bsdf"/>
    </shape>
    <shape name="temp53" type="ply">
        <string name="filename" value="meshes/Plane_004.ply"/>
        <boolean name="face_normals" value="true"/>
        <ref id="mat-Material.005" name="bsdf"/>
    </shape>
    <emitter type="point">
        <transform name="to_world">
            <rotate angle="-142.5518126578256" x="1"/>
            <rotate angle="3.976628485794621e-06" y="1"/>
            <rotate angle="-179.999991348578" z="1"/>
            <translate value="-0.000000 3.030926 4.073377"/>
        </transform>
        <rgb name="intensity" value="100"/>
    </emitter>
</scene>
