
<scene version="2.1.0">
    <default name="spp" value="1024"/>
    <default name="resx" value="1280"/>
    <default name="resy" value="720"/>
    <integrator name="temp0" type="path">
        <integer name="max_depth" value="12"/>
    </integrator>
    <sensor name="temp44" type="perspective">
        <string name="fov_axis" value="x"/>
        <float name="fov" value="83.974423"/>
        <float name="principal_point_offset_x" value="0.000000"/>
        <float name="principal_point_offset_y" value="-0.000000"/>
        <float name="near_clip" value="0.100000"/>
        <float name="far_clip" value="1000.000000"/>
        <sampler name="sampler" type="independent">
            <integer name="sample_count" value="$spp"/>
        </sampler>
        <film name="film" type="hdrfilm">
            <integer name="width" value="$resx"/>
            <integer name="height" value="$resy"/>
        </film>
        <float name="shutter_open" value="0.0"/>
        <float name="shutter_close" value="0.0015"/>
        <animation name="to_world">
            <transform time="0">
                <rotate angle="-142.5518126578256" x="1"/>
                <rotate angle="3.976628485794621e-06" y="1"/>
                <rotate angle="-179.999991348578" z="1"/>
                <translate value="-0.000000 3.030926 4.073377"/>
                <translate x="37.65" y="0.0" z="0.0"/>
            </transform>
            <transform time="0.0015">
                <rotate angle="-142.5518126578256" x="1"/>
                <rotate angle="3.976628485794621e-06" y="1"/>
                <rotate angle="-179.999991348578" z="1"/>
                <translate value="-0.000000 3.030926 4.073377"/>
                <translate x="37.8" y="0.0" z="0.0"/>
            </transform>
        </animation>
    </sensor>
    <bsdf id="mat-Material" name="mat-Material" type="twosided">
        <bsdf name="bsdf" type="diffuse">
            <texture name="reflectance" type="bitmap">
                <string name="filename" value="textures/siggraph_2023_logo.jpg"/>
            </texture>
        </bsdf>
    </bsdf>
    <bsdf id="mat-Material.001" name="mat-Material.001" type="twosided">
        <bsdf name="bsdf" type="principled">
            <rgb name="base_color" value="0.433648 0.266232 0.084399"/>
            <float name="spec_tint" value="0.000000"/>
            <float name="spec_trans" value="0.000000"/>
            <float name="metallic" value="0.000000"/>
            <float name="anisotropic" value="0.000000"/>
            <float name="roughness" value="0.500000"/>
            <float name="sheen" value="0.000000"/>
            <float name="sheen_tint" value="0.500000"/>
            <float name="clearcoat" value="0.000000"/>
            <float name="clearcoat_gloss" value="0.173205"/>
            <float name="specular" value="0.500000"/>
        </bsdf>
    </bsdf>
    <bsdf id="mat-Material.002" name="mat-Material.002" type="twosided">
        <bsdf name="bsdf" type="principled">
            <rgb name="base_color" value="0.433648 0.266232 0.084399"/>
            <float name="spec_tint" value="0.000000"/>
            <float name="spec_trans" value="0.000000"/>
            <float name="metallic" value="0.000000"/>
            <float name="anisotropic" value="0.000000"/>
            <float name="roughness" value="0.500000"/>
            <float name="sheen" value="0.000000"/>
            <float name="sheen_tint" value="0.500000"/>
            <float name="clearcoat" value="0.000000"/>
            <float name="clearcoat_gloss" value="0.173205"/>
            <float name="specular" value="0.500000"/>
        </bsdf>
    </bsdf>
    <bsdf id="mat-Material.003" name="mat-Material.003" type="twosided">
        <bsdf name="bsdf" type="principled">
            <rgb name="base_color" value="0.433648 0.266232 0.084399"/>
            <float name="spec_tint" value="0.000000"/>
            <float name="spec_trans" value="0.000000"/>
            <float name="metallic" value="0.000000"/>
            <float name="anisotropic" value="0.000000"/>
            <float name="roughness" value="0.500000"/>
            <float name="sheen" value="0.000000"/>
            <float name="sheen_tint" value="0.500000"/>
            <float name="clearcoat" value="0.000000"/>
            <float name="clearcoat_gloss" value="0.173205"/>
            <float name="specular" value="0.500000"/>
        </bsdf>
    </bsdf>
    <bsdf id="mat-Material.004" name="mat-Material.004" type="twosided">
        <bsdf name="bsdf" type="principled">
            <rgb name="base_color" value="0.433648 0.266232 0.084399"/>
            <float name="spec_tint" value="0.000000"/>
            <float name="spec_trans" value="0.000000"/>
            <float name="metallic" value="0.000000"/>
            <float name="anisotropic" value="0.000000"/>
            <float name="roughness" value="0.500000"/>
            <float name="sheen" value="0.000000"/>
            <float name="sheen_tint" value="0.500000"/>
            <float name="clearcoat" value="0.000000"/>
            <float name="clearcoat_gloss" value="0.173205"/>
            <float name="specular" value="0.500000"/>
        </bsdf>
    </bsdf>
    <bsdf id="mat-Material.005" name="mat-Material.005" type="twosided">
        <bsdf name="bsdf" type="principled">
            <rgb name="base_color" value="0.433648 0.266232 0.084399"/>
            <float name="spec_tint" value="0.000000"/>
            <float name="spec_trans" value="0.000000"/>
            <float name="metallic" value="0.000000"/>
            <float name="anisotropic" value="0.000000"/>
            <float name="roughness" value="0.500000"/>
            <float name="sheen" value="0.000000"/>
            <float name="sheen_tint" value="0.500000"/>
            <float name="clearcoat" value="0.000000"/>
            <float name="clearcoat_gloss" value="0.173205"/>
            <float name="specular" value="0.500000"/>
        </bsdf>
    </bsdf>
    <emitter name="temp45" type="point">
        <point name="position" x="-6.815235034541981e-16" y="3.0693089962005615" z="4.109199523925781"/>
        <rgb name="intensity" value="7.957747 7.957747 7.957747"/>
    </emitter>
    <shape name="temp2" type="ply">
        <string name="filename" value="meshes/Cube.ply"/>
        <boolean name="face_normals" value="true"/>
        <ref id="mat-Material" name="bsdf"/>
        <transform name="to_world">
            <matrix value="0.9777987135367634 -0.1304563297964428 -0.16351254620937722 0.3014622175345927 -0.20453096660266262 -0.43176234765541077 -0.8737276612322532 2.1415516382115483 0.042587260893538786 0.8879131789672168 -0.44883045774173436 3.044930708409219 0.0 0.0 0.0 1.0"/>
        </transform>
    </shape>
    <shape name="temp4" type="ply">
        <string name="filename" value="meshes/Plane.ply"/>
        <boolean name="face_normals" value="true"/>
        <ref id="mat-Material.001" name="bsdf"/>
    </shape>
    <shape name="temp5" type="ply">
        <string name="filename" value="meshes/Cube_001.ply"/>
        <boolean name="face_normals" value="true"/>
        <ref id="mat-Material" name="bsdf"/>
        <transform name="to_world">
            <matrix value="0.9980953925964537 -0.0366759521341279 -0.04936433295620398 0.04988533066779488 -0.04939980710143309 -6.138650002190134e-05 -0.9987671983512845 1.1619069182504935 0.036628266465967056 0.9993271077941609 -0.0018725287823134688 1.0226770052572363 0.0 0.0 0.0 1.0"/>
        </transform>
    </shape>
    <shape name="temp6" type="ply">
        <string name="filename" value="meshes/Cube_002.ply"/>
        <boolean name="face_normals" value="true"/>
        <ref id="mat-Material" name="bsdf"/>
        <transform name="to_world">
            <matrix value="0.9996383151870389 -0.026833203663570584 0.001795928421385078 -0.015519604633332795 0.007530461750944547 0.21517553392307004 -0.9765462736767654 0.6640754792600897 0.02581749189311859 0.9762066066917942 0.21529962398958724 0.504727047389057 0.0 0.0 0.0 1.0"/>
        </transform>
    </shape>
    <shape name="temp7" type="ply">
        <string name="filename" value="meshes/Cube_003.ply"/>
        <boolean name="face_normals" value="true"/>
        <ref id="mat-Material" name="bsdf"/>
        <transform name="to_world">
            <matrix value="0.9962191526292181 -0.05816339641610853 0.061091574350350175 -0.03341154578902161 0.07318135922571083 0.2359139006680948 -0.9687891973007435 0.18857705199787564 0.04190992186544261 0.9700224019289855 0.23936268291679688 0.2261922506191884 0.0 0.0 0.0 1.0"/>
        </transform>
    </shape>
    <shape name="temp8" type="ply">
        <string name="filename" value="meshes/Cube_004.ply"/>
        <boolean name="face_normals" value="true"/>
        <ref id="mat-Material" name="bsdf"/>
        <transform name="to_world">
            <matrix value="0.9884251995028608 -0.10213482665620965 0.10969763382457859 0.013898562364281775 0.13135466032654464 0.23790900728584152 -0.9620749789253564 -0.2917875206743581 0.07214539374888082 0.9658901429426623 0.24868457818326406 -0.1512445829711599 0.0 0.0 0.0 1.0"/>
        </transform>
    </shape>
    <shape name="temp9" type="ply">
        <string name="filename" value="meshes/Cube_005.ply"/>
        <boolean name="face_normals" value="true"/>
        <ref id="mat-Material" name="bsdf"/>
        <transform name="to_world">
            <matrix value="0.9875568900070387 -0.14554839880439613 0.05868220950205215 0.05618089137634197 0.09133244064557193 0.228886599099334 -0.9691025393113615 -0.5221226890426447 0.12759043450047605 0.9624919955863611 0.23938166546183848 -0.6160015688781939 0.0 0.0 0.0 1.0"/>
        </transform>
    </shape>
    <shape name="temp10" type="ply">
        <string name="filename" value="meshes/Cube_006.ply"/>
        <boolean name="face_normals" value="true"/>
        <ref id="mat-Material" name="bsdf"/>
        <transform name="to_world">
            <matrix value="0.9861476046359483 -0.14439710860763877 -0.08083489866441365 0.023352099624034395 -0.045870179973653745 0.23070420067456088 -0.9718868035143475 -0.506167441253268 0.1589779833234934 0.9622194805005184 0.22096110303952388 -1.0087968778858731 0.0 0.0 0.0 1.0"/>
        </transform>
    </shape>
    <shape name="temp11" type="ply">
        <string name="filename" value="meshes/Cube_007.ply"/>
        <boolean name="face_normals" value="true"/>
        <ref id="mat-Material" name="bsdf"/>
        <transform name="to_world">
            <matrix value="0.9290523769252181 -0.20946787075296763 -0.3047696067469119 0.1230698357572948 -0.25813518235829136 0.22269546934544235 -0.9399522765106725 -0.26164325665117 0.2649058467059201 0.9520054315291506 0.15280096553308803 -1.638305524895812 0.0 0.0 0.0 1.0"/>
        </transform>
    </shape>
    <shape name="temp12" type="ply">
        <string name="filename" value="meshes/Cube_008.ply"/>
        <boolean name="face_normals" value="true"/>
        <ref id="mat-Material" name="bsdf"/>
        <transform name="to_world">
            <matrix value="0.23182119384355715 0.9291001891857504 -0.2880207611835085 1.9590118787447883 -0.5496804674244318 -0.11924183862684937 -0.8267502355679468 0.3650500088657376 -0.8024815301395146 0.3499723626108885 0.4830635747418208 1.1603613691561758 0.0 0.0 0.0 1.0"/>
        </transform>
    </shape>
    <shape name="temp13" type="ply">
        <string name="filename" value="meshes/Cube_009.ply"/>
        <boolean name="face_normals" value="true"/>
        <ref id="mat-Material" name="bsdf"/>
        <transform name="to_world">
            <matrix value="-0.05742258349334341 0.9916403676919965 0.11554988390625318 2.5787071563647306 -0.8955457806097935 -9.466045642365928e-06 -0.444964212110911 1.238446940720719 -0.4412434821382664 -0.1290318153280089 0.8880598373316451 0.7989385683542429 0.0 0.0 0.0 1.0"/>
        </transform>
    </shape>
    <shape name="temp14" type="ply">
        <string name="filename" value="meshes/Cube_010.ply"/>
        <boolean name="face_normals" value="true"/>
        <ref id="mat-Material" name="bsdf"/>
        <transform name="to_world">
            <matrix value="0.018023376983725956 0.9973924905563563 0.06987368451908443 1.87834747870107 -0.9682147308550832 1.8649345150316111e-06 0.24975083932162107 2.2378349501283346 0.24909957767979196 -0.07216743877536122 0.9656901727151563 -0.59342450447481 0.0 0.0 0.0 1.0"/>
        </transform>
    </shape>
    <shape name="temp15" type="ply">
        <string name="filename" value="meshes/Cube_011.ply"/>
        <boolean name="face_normals" value="true"/>
        <ref id="mat-Material" name="bsdf"/>
        <transform name="to_world">
            <matrix value="-0.027788357206303956 0.9995663537210355 -0.007939065321230523 1.4287797756031677 -0.8267146342285032 -0.0185219743316445 0.562315109302109 2.2666714491187507 0.5619287729133535 0.022190050331335795 0.826868906023873 -1.375627472462574 0.0 0.0 0.0 1.0"/>
        </transform>
    </shape>
    <shape name="temp16" type="ply">
        <string name="filename" value="meshes/Cube_012.ply"/>
        <boolean name="face_normals" value="true"/>
        <ref id="mat-Material" name="bsdf"/>
        <transform name="to_world">
            <matrix value="0.09148948100002305 0.98982015881591 0.10901886009226036 1.112473941493669 -0.7662206330548005 5.159087069247825e-05 0.6425610408202729 1.8417291647189673 0.6360143220094074 -0.14232309463667786 0.7584251295801004 -1.747021429587715 0.0 0.0 0.0 1.0"/>
        </transform>
    </shape>
    <shape name="temp17" type="ply">
        <string name="filename" value="meshes/Cube_013.ply"/>
        <boolean name="face_normals" value="true"/>
        <ref id="mat-Material" name="bsdf"/>
        <transform name="to_world">
            <matrix value="0.9062134880067798 0.1956880041216212 0.374332478685415 0.6396247095812968 -0.40539728151311905 0.15412208008376738 0.9008533162246153 1.464345692305224 0.11860465013199722 -0.9684761682272232 0.21904531982160663 -1.380765396117058 0.0 0.0 0.0 1.0"/>
        </transform>
    </shape>
    <shape name="temp18" type="ply">
        <string name="filename" value="meshes/Cube_014.ply"/>
        <boolean name="face_normals" value="true"/>
        <ref id="mat-Material" name="bsdf"/>
        <transform name="to_world">
            <matrix value="0.9414518276607325 0.2906722247368191 0.17081540077755153 0.11194964871759794 -0.21611325787595276 0.1314169845835515 0.9674837040878899 1.0254267455191712 0.2587726740031949 -0.9477545924997341 0.18654092641438874 -0.861248707997796 0.0 0.0 0.0 1.0"/>
        </transform>
    </shape>
    <shape name="temp19" type="ply">
        <string name="filename" value="meshes/Cube_015.ply"/>
        <boolean name="face_normals" value="true"/>
        <ref id="mat-Material" name="bsdf"/>
        <transform name="to_world">
            <matrix value="0.9835428977690784 0.12693525341921436 0.12857116515948883 0.03367413452634338 -0.14946354518489363 0.17182987674767375 0.9737224132559155 0.6392360068061409 0.10150735248489878 -0.9769144367291516 0.1879743095010593 -0.2965186952946389 0.0 0.0 0.0 1.0"/>
        </transform>
    </shape>
    <shape name="temp20" type="ply">
        <string name="filename" value="meshes/Cube_016.ply"/>
        <boolean name="face_normals" value="true"/>
        <ref id="mat-Material" name="bsdf"/>
        <transform name="to_world">
            <matrix value="0.9850490313406983 0.03538277262459248 0.16859846172830517 0.06301522144502208 -0.1722389398025272 0.1834961088641972 0.9678133573763144 0.3271003901857019 0.0033068408072663186 -0.9823824680918521 0.18684725930345644 0.1470157967950333 0.0 0.0 0.0 1.0"/>
        </transform>
    </shape>
    <shape name="temp21" type="ply">
        <string name="filename" value="meshes/Cube_017.ply"/>
        <boolean name="face_normals" value="true"/>
        <ref id="mat-Material" name="bsdf"/>
        <transform name="to_world">
            <matrix value="0.9497184975187358 -0.06754594585574744 0.3057259440565722 0.2037111276478502 -0.2901120203465437 0.17740201241909548 0.9404054463592991 0.12830140564655443 -0.11775810377871981 -0.9818155365929462 0.1488875944931235 0.3827232705444827 0.0 0.0 0.0 1.0"/>
        </transform>
    </shape>
    <shape name="temp22" type="ply">
        <string name="filename" value="meshes/Cube_018.ply"/>
        <boolean name="face_normals" value="true"/>
        <ref id="mat-Material" name="bsdf"/>
        <transform name="to_world">
            <matrix value="0.2539723940520578 0.9565202336975906 0.14335722029349898 0.8494734909036799 -0.4874161609284662 -0.0014047959734931365 0.8730906940141393 -0.08001927309184817 0.8353332375932357 -0.2916498582671253 0.4658590771788203 -0.14248955811533004 0.0 0.0 0.0 1.0"/>
        </transform>
    </shape>
    <shape name="temp23" type="ply">
        <string name="filename" value="meshes/Cube_019.ply"/>
        <boolean name="face_normals" value="true"/>
        <ref id="mat-Material" name="bsdf"/>
        <transform name="to_world">
            <matrix value="-0.07923317500757943 0.9841514695790565 -0.1586425069062896 0.5023706452656806 -0.9153695213172419 -0.008813271369959304 0.40250359202704744 -0.04249177191871184 0.394726427103667 0.17711043274936747 0.9015606110535619 -0.05172298926513652 0.0 0.0 0.0 1.0"/>
        </transform>
    </shape>
    <shape name="temp24" type="ply">
        <string name="filename" value="meshes/Cube_020.ply"/>
        <boolean name="face_normals" value="true"/>
        <ref id="mat-Material" name="bsdf"/>
        <transform name="to_world">
            <matrix value="0.09441885681365578 0.9514014885070944 -0.29311945380287907 0.11256349959790059 -0.9577383285329572 0.006452669698814027 -0.28756522815491026 0.15241685068786598 -0.2716987772896584 0.30788364483078 0.9118029113171489 0.11388274391848535 0.0 0.0 0.0 1.0"/>
        </transform>
    </shape>
    <shape name="temp25" type="ply">
        <string name="filename" value="meshes/Cube_021.ply"/>
        <boolean name="face_normals" value="true"/>
        <ref id="mat-Material" name="bsdf"/>
        <transform name="to_world">
            <matrix value="0.2050556312020524 0.9338441209537298 -0.29305633631679995 -0.15528713563266683 -0.7863869992039388 -0.021066454884308847 -0.617367444864335 0.108461350053789 -0.582698611945882 0.35705608617025053 0.7300461065452666 0.2946223934000395 0.0 0.0 0.0 1.0"/>
        </transform>
    </shape>
    <shape name="temp26" type="ply">
        <string name="filename" value="meshes/Cube_022.ply"/>
        <boolean name="face_normals" value="true"/>
        <ref id="mat-Material" name="bsdf"/>
        <transform name="to_world">
            <matrix value="0.6384705430768385 0.3997890172144432 -0.6576611471508926 -0.08184953743475315 -0.7111275258099348 -0.020375483654309454 -0.7027627758674408 -0.1941909487296692 -0.2943574066489725 0.9163806283803657 0.27129189102553497 0.6786356081620715 0.0 0.0 0.0 1.0"/>
        </transform>
    </shape>
    <shape name="temp27" type="ply">
        <string name="filename" value="meshes/Cube_023.ply"/>
        <boolean name="face_normals" value="true"/>
        <ref id="mat-Material" name="bsdf"/>
        <transform name="to_world">
            <matrix value="0.8578494469236402 0.2779176218078816 -0.4322689554777762 -0.06384741756740275 -0.48031211271800817 0.1344891567571852 -0.8667253951466147 -0.2870862330583138 -0.18274275876864052 0.951143666449044 0.24885868334419964 0.20623349158539056 0.0 0.0 0.0 1.0"/>
        </transform>
    </shape>
    <shape name="temp28" type="ply">
        <string name="filename" value="meshes/Cube_024.ply"/>
        <boolean name="face_normals" value="true"/>
        <ref id="mat-Material" name="bsdf"/>
        <transform name="to_world">
            <matrix value="0.8563384376989045 0.4397289032858248 -0.2707825772859074 -0.19082400714724151 -0.3785089632233918 0.1777477092254648 -0.9083704513401487 -0.5126843753538054 -0.3513057885526757 0.8803657730229881 0.31865345910195303 -0.338542539570458 0.0 0.0 0.0 1.0"/>
        </transform>
    </shape>
    <shape name="temp29" type="ply">
        <string name="filename" value="meshes/Cube_025.ply"/>
        <boolean name="face_normals" value="true"/>
        <ref id="mat-Material" name="bsdf"/>
        <transform name="to_world">
            <matrix value="0.8997124694385197 0.36524822547103497 -0.23898066806265988 -0.26600319496235925 -0.32113881516310394 0.18311082280157606 -0.9291611842649594 -0.7930373527553921 -0.2956144829946084 0.9127234196106571 0.2820424414720621 -0.7072461981179143 0.0 0.0 0.0 1.0"/>
        </transform>
    </shape>
    <shape name="temp30" type="ply">
        <string name="filename" value="meshes/Cube_026.ply"/>
        <boolean name="face_normals" value="true"/>
        <ref id="mat-Material" name="bsdf"/>
        <transform name="to_world">
            <matrix value="0.9232627604706867 0.2372480043719221 -0.30215802933287816 -0.327293325968738 -0.34932053341418057 0.19112409083419027 -0.9173040672762199 -1.1461767537585437 -0.1598789596951919 0.952462439223817 0.2593333604399979 -0.8837915991645935 0.0 0.0 0.0 1.0"/>
        </transform>
    </shape>
    <shape name="temp31" type="ply">
        <string name="filename" value="meshes/Cube_027.ply"/>
        <boolean name="face_normals" value="true"/>
        <ref id="mat-Material" name="bsdf"/>
        <transform name="to_world">
            <matrix value="0.8736893357942084 0.1733586832504907 -0.4545483879966016 -0.5848505650024587 -0.4823308547285857 0.18683885629183417 -0.8558320619204471 -1.5827191029015104 -0.06343865187304863 0.966973528595833 0.24685535111562049 -1.0208779219565451 0.0 0.0 0.0 1.0"/>
        </transform>
    </shape>
    <shape name="temp32" type="ply">
        <string name="filename" value="meshes/Cube_028.ply"/>
        <boolean name="face_normals" value="true"/>
        <ref id="mat-Material" name="bsdf"/>
        <transform name="to_world">
            <matrix value="-0.1051706301294087 0.9845089826729214 0.14028853704858538 -1.4839189382665543 -0.8008419809689962 -0.0002138753251304172 -0.5988729379826306 -2.1203405891966267 -0.5895659693596229 -0.17533325476666745 0.7884584471379854 -1.3435213029377997 0.0 0.0 0.0 1.0"/>
        </transform>
    </shape>
    <shape name="temp33" type="ply">
        <string name="filename" value="meshes/Cube_029.ply"/>
        <boolean name="face_normals" value="true"/>
        <ref id="mat-Material" name="bsdf"/>
        <transform name="to_world">
            <matrix value="0.0037524954479129543 0.9773556963266259 0.21156943569125067 -1.5728980757336855 -0.9980789926723366 -0.009416516312317099 0.0612031174870609 -1.803395503451486 0.0618094967084909 -0.21139338329617063 0.9754426620761845 -0.09318957771824332 0.0 0.0 0.0 1.0"/>
        </transform>
    </shape>
    <shape name="temp34" type="ply">
        <string name="filename" value="meshes/Cube_030.ply"/>
        <boolean name="face_normals" value="true"/>
        <ref id="mat-Material" name="bsdf"/>
        <transform name="to_world">
            <matrix value="-0.04351443455170895 0.9787160012521335 -0.20055262707535843 -3.229121284160117 -0.9734968712528251 0.003575466357210455 0.2286709572384215 -1.9008230106196464 0.22452093731501566 0.20518790955704896 0.9526218491582099 0.26688005397752146 0.0 0.0 0.0 1.0"/>
        </transform>
    </shape>
    <shape name="temp35" type="ply">
        <string name="filename" value="meshes/Cube_031.ply"/>
        <boolean name="face_normals" value="true"/>
        <ref id="mat-Material" name="bsdf"/>
        <transform name="to_world">
            <matrix value="0.13971844432979272 0.9775277781833579 0.15784807675850943 -1.8887985464452413 -0.7464075301359687 -0.0007682026102210366 0.6654378443393483 -1.04882119968801 0.6506051571999213 -0.21080507193021614 0.7295262732134304 0.6496314447304352 0.0 0.0 0.0 1.0"/>
        </transform>
    </shape>
    <shape name="temp36" type="ply">
        <string name="filename" value="meshes/Cube_032.ply"/>
        <boolean name="face_normals" value="true"/>
        <ref id="mat-Material" name="bsdf"/>
        <transform name="to_world">
            <matrix value="0.7485796335991008 0.6139458265456601 0.2503984443296089 -0.6561476590420297 -0.3137092727830405 -0.004754348456373599 0.9495072575730426 0.16665490650822787 0.5841364863738793 -0.7893338450595822 0.1890414571219058 -0.11384375895693188 0.0 0.0 0.0 1.0"/>
        </transform>
    </shape>
    <shape name="temp37" type="ply">
        <string name="filename" value="meshes/Cube_033.ply"/>
        <boolean name="face_normals" value="true"/>
        <ref id="mat-Material" name="bsdf"/>
        <transform name="to_world">
            <matrix value="0.9767090050653604 0.1691149777962259 0.13206101032527523 -0.14172461637125333 -0.15012118214198966 0.0988335561706468 0.9837153166680928 0.3004035465841978 0.15330895063534192 -0.9806283803655644 0.12191935515136157 -0.3806598003808598 0.0 0.0 0.0 1.0"/>
        </transform>
    </shape>
    <shape name="temp38" type="ply">
        <string name="filename" value="meshes/Cube_034.ply"/>
        <boolean name="face_normals" value="true"/>
        <ref id="mat-Material" name="bsdf"/>
        <transform name="to_world">
            <matrix value="0.9999246489972998 0.001989804410718718 0.01214025949588223 -0.03353174060559927 -0.01230009157363034 0.18015999440994696 0.9835604777265956 0.36937911857527655 -0.00023009625425733166 -0.9836352240088606 0.18017086418095402 -0.36588178231088725 0.0 0.0 0.0 1.0"/>
        </transform>
    </shape>
    <shape name="temp39" type="ply">
        <string name="filename" value="meshes/Cube_035.ply"/>
        <boolean name="face_normals" value="true"/>
        <ref id="mat-Material" name="bsdf"/>
        <transform name="to_world">
            <matrix value="0.9989025348077308 -0.04673123734155433 0.003191738834221155 0.009055777455875047 0.006448638540353565 0.20469557155163604 0.9788044400716561 0.09118498663910299 -0.04639407776578072 -0.9777094549072531 0.20477228983391338 -0.14839010103212655 0.0 0.0 0.0 1.0"/>
        </transform>
    </shape>
    <shape name="temp40" type="ply">
        <string name="filename" value="meshes/Cube_036.ply"/>
        <boolean name="face_normals" value="true"/>
        <ref id="mat-Material" name="bsdf"/>
        <transform name="to_world">
            <matrix value="0.9989233671437715 -0.04627481368228058 0.003319226835976154 0.003041537707741737 0.006384995753749377 0.20799025078062588 0.9781101469858886 -0.23999112448823995 -0.04595223278318237 -0.9770356240731046 0.20806180177684186 0.1881956298684853 0.0 0.0 0.0 1.0"/>
        </transform>
    </shape>
    <shape name="temp41" type="ply">
        <string name="filename" value="meshes/Cube_037.ply"/>
        <boolean name="face_normals" value="true"/>
        <ref id="mat-Material" name="bsdf"/>
        <transform name="to_world">
            <matrix value="0.998850232347033 -0.047825458937097304 0.0033752170700122597 -0.005393832480071747 0.006655581204445886 0.2080320301695997 0.9780995091960147 -0.5702512532069217 -0.04748021814558523 -0.9769519818615295 0.20811112566255702 0.5202224927193397 0.0 0.0 0.0 1.0"/>
        </transform>
    </shape>
    <shape name="temp42" type="ply">
        <string name="filename" value="meshes/Cube_038.ply"/>
        <boolean name="face_normals" value="true"/>
        <ref id="mat-Material" name="bsdf"/>
        <transform name="to_world">
            <matrix value="0.9990270855827824 -0.043955984589809004 0.0035638250844758712 0.00890338548874392 0.005665750487122071 0.20807195316036153 0.9780972634403747 -0.9039648058660694 -0.04373477023263071 -0.977125315222674 0.20811859575500177 0.8657738627722218 0.0 0.0 0.0 1.0"/>
        </transform>
    </shape>
    <shape name="temp43" type="ply">
        <string name="filename" value="meshes/Cube_039.ply"/>
        <boolean name="face_normals" value="true"/>
        <ref id="mat-Material" name="bsdf"/>
        <transform name="to_world">
            <matrix value="0.9999436885699665 -0.009564032961042971 -0.004597716622780435 0.021745456014417464 0.008285991644190555 0.43301556188327495 0.9013483435744665 -1.3192534034953733 -0.0066296602937023965 -0.9013357442056328 0.4330703985114307 1.4755525361722213 0.0 0.0 0.0 1.0"/>
        </transform>
    </shape>
    <shape name="temp47" type="ply">
        <string name="filename" value="meshes/Plane_001.ply"/>
        <boolean name="face_normals" value="true"/>
        <ref id="mat-Material.002" name="bsdf"/>
    </shape>
    <shape name="temp49" type="ply">
        <string name="filename" value="meshes/Plane_002.ply"/>
        <boolean name="face_normals" value="true"/>
        <ref id="mat-Material.003" name="bsdf"/>
    </shape>
    <shape name="temp51" type="ply">
        <string name="filename" value="meshes/Plane_003.ply"/>
        <boolean name="face_normals" value="true"/>
        <ref id="mat-Material.004" name="bsdf"/>
    </shape>
    <shape name="temp53" type="ply">
        <string name="filename" value="meshes/Plane_004.ply"/>
        <boolean name="face_normals" value="true"/>
        <ref id="mat-Material.005" name="bsdf"/>
    </shape>
    <emitter type="point">
        <rgb name="intensity" value="100"/>
        <animation name="to_world">
            <transform time="0">
                <rotate angle="-142.5518126578256" x="1"/>
                <rotate angle="3.976628485794621e-06" y="1"/>
                <rotate angle="-179.999991348578" z="1"/>
                <translate value="-0.000000 3.030926 4.073377"/>
                <translate x="37.65" y="0.0" z="0.0"/>
            </transform>
            <transform time="0.0015">
                <rotate angle="-142.5518126578256" x="1"/>
                <rotate angle="3.976628485794621e-06" y="1"/>
                <rotate angle="-179.999991348578" z="1"/>
                <translate value="-0.000000 3.030926 4.073377"/>
                <translate x="37.8" y="0.0" z="0.0"/>
            </transform>
        </animation>
    </emitter>
</scene>
