
<scene version="2.1.0">
    <default name="spp" value="1024"/>
    <default name="resx" value="1280"/>
    <default name="resy" value="720"/>
    <integrator name="temp0" type="path">
        <integer name="max_depth" value="12"/>
    </integrator>
    <sensor name="temp44" type="perspective">
        <string name="fov_axis" value="x"/>
        <float name="fov" value="83.974423"/>
        <float name="principal_point_offset_x" value="0.000000"/>
        <float name="principal_point_offset_y" value="-0.000000"/>
        <float name="near_clip" value="0.100000"/>
        <float name="far_clip" value="1000.000000"/>
        <sampler name="sampler" type="independent">
            <integer name="sample_count" value="$spp"/>
        </sampler>
        <film name="film" type="hdrfilm">
            <integer name="width" value="$resx"/>
            <integer name="height" value="$resy"/>
        </film>
        <float name="shutter_open" value="0.0"/>
        <float name="shutter_close" value="0.0015"/>
        <animation name="to_world">
            <transform time="0">
                <rotate angle="-142.5518126578256" x="1"/>
                <rotate angle="3.976628485794621e-06" y="1"/>
                <rotate angle="-179.999991348578" z="1"/>
                <translate value="-0.000000 3.030926 4.073377"/>
            </transform>
            <transform time="0.0015">
                <rotate angle="-142.5518126578256" x="1"/>
                <rotate angle="3.976628485794621e-06" y="1"/>
                <rotate angle="-179.999991348578" z="1"/>
                <translate value="-0.000000 3.030926 4.073377"/>
                <translate x="0.15" y="0.0" z="0.0"/>
            </transform>
        </animation>
    </sensor>
    <bsdf id="mat-Material" name="mat-Material" type="twosided">
        <bsdf name="bsdf" type="diffuse">
            <texture name="reflectance" type="bitmap">
                <string name="filename" value="textures/siggraph_2023_logo.jpg"/>
            </texture>
        </bsdf>
    </bsdf>
    <bsdf id="mat-Material.001" name="mat-Material.001" type="twosided">
        <bsdf name="bsdf" type="principled">
            <rgb name="base_color" value="0.433648 0.266232 0.084399"/>
            <float name="spec_tint" value="0.000000"/>
            <float name="spec_trans" value="0.000000"/>
            <float name="metallic" value="0.000000"/>
            <float name="anisotropic" value="0.000000"/>
            <float name="roughness" value="0.500000"/>
            <float name="sheen" value="0.000000"/>
            <float name="sheen_tint" value="0.500000"/>
            <float name="clearcoat" value="0.000000"/>
            <float name="clearcoat_gloss" value="0.173205"/>
            <float name="specular" value="0.500000"/>
        </bsdf>
    </bsdf>
    <bsdf id="mat-Material.002" name="mat-Material.002" type="twosided">
        <bsdf name="bsdf" type="principled">
            <rgb name="base_color" value="0.433648 0.266232 0.084399"/>
            <float name="spec_tint" value="0.000000"/>
            <float name="spec_trans" value="0.000000"/>
            <float name="metallic" value="0.000000"/>
            <float name="anisotropic" value="0.000000"/>
            <float name="roughness" value="0.500000"/>
            <float name="sheen" value="0.000000"/>
            <float name="sheen_tint" value="0.500000"/>
            <float name="clearcoat" value="0.000000"/>
            <float name="clearcoat_gloss" value="0.173205"/>
            <float name="specular" value="0.500000"/>
        </bsdf>
    </bsdf>
    <bsdf id="mat-Material.003" name="mat-Material.003" type="twosided">
        <bsdf name="bsdf" type="principled">
            <rgb name="base_color" value="0.433648 0.266232 0.084399"/>
            <float name="spec_tint" value="0.000000"/>
            <float name="spec_trans" value="0.000000"/>
            <float name="metallic" value="0.000000"/>
            <float name="anisotropic" value="0.000000"/>
            <float name="roughness" value="0.500000"/>
            <float name="sheen" value="0.000000"/>
            <float name="sheen_tint" value="0.500000"/>
            <float name="clearcoat" value="0.000000"/>
            <float name="clearcoat_gloss" value="0.173205"/>
            <float name="specular" value="0.500000"/>
        </bsdf>
    </bsdf>
    <bsdf id="mat-Material.004" name="mat-Material.004" type="twosided">
        <bsdf name="bsdf" type="principled">
            <rgb name="base_color" value="0.433648 0.266232 0.084399"/>
            <float name="spec_tint" value="0.000000"/>
            <float name="spec_trans" value="0.000000"/>
            <float name="metallic" value="0.000000"/>
            <float name="anisotropic" value="0.000000"/>
            <float name="roughness" value="0.500000"/>
            <float name="sheen" value="0.000000"/>
            <float name="sheen_tint" value="0.500000"/>
            <float name="clearcoat" value="0.000000"/>
            <float name="clearcoat_gloss" value="0.173205"/>
            <float name="specular" value="0.500000"/>
        </bsdf>
    </bsdf>
    <bsdf id="mat-Material.005" name="mat-Material.005" type="twosided">
        <bsdf name="bsdf" type="principled">
            <rgb name="base_color" value="0.433648 0.266232 0.084399"/>
            <float name="spec_tint" value="0.000000"/>
            <float name="spec_trans" value="0.000000"/>
            <float name="metallic" value="0.000000"/>
            <float name="anisotropic" value="0.000000"/>
            <float name="roughness" value="0.500000"/>
            <float name="sheen" value="0.000000"/>
            <float name="sheen_tint" value="0.500000"/>
            <float name="clearcoat" value="0.000000"/>
            <float name="clearcoat_gloss" value="0.173205"/>
            <float name="specular" value="0.500000"/>
        </bsdf>
    </bsdf>
    <emitter name="temp45" type="point">
        <point name="position" x="-6.815235034541981e-16" y="3.0693089962005615" z="4.109199523925781"/>
        <rgb name="intensity" value="7.957747 7.957747 7.957747"/>
    </emitter>
    <shape name="temp2" type="ply">
        <string name="filename" value="meshes/Cube.ply"/>
        <boolean name="face_normals" value="true"/>
        <ref id="mat-Material" name="bsdf"/>
        <transform name="to_world">
            <matrix value="0.9999986702764229 0.0002096397127380205 0.0016618142585153144 -0.002625535154080705 -0.00020984877496999258 1.0 0.00012498646636732713 -0.017484975711619694 -0.0016617887973448082 -0.00012533462099231785 0.9999985816280168 0.003881045904278513 0.0 0.0 0.0 1.0"/>
        </transform>
    </shape>
    <shape name="temp4" type="ply">
        <string name="filename" value="meshes/Plane.ply"/>
        <boolean name="face_normals" value="true"/>
        <ref id="mat-Material.001" name="bsdf"/>
    </shape>
    <shape name="temp5" type="ply">
        <string name="filename" value="meshes/Cube_001.ply"/>
        <boolean name="face_normals" value="true"/>
        <ref id="mat-Material" name="bsdf"/>
        <transform name="to_world">
            <matrix value="0.9999982270352306 0.0001735861650358869 -0.0019665869384015234 0.0025685698426605175 -0.0001794043104319474 0.9999954111504872 -0.0029601659684336586 -0.014282419161710996 0.001966042849012547 0.0029605108641012215 0.9999936173260757 -0.004529966935665319 0.0 0.0 0.0 1.0"/>
        </transform>
    </shape>
    <shape name="temp6" type="ply">
        <string name="filename" value="meshes/Cube_002.ply"/>
        <boolean name="face_normals" value="true"/>
        <ref id="mat-Material" name="bsdf"/>
        <transform name="to_world">
            <matrix value="1.0 8.390763480266904e-05 0.00027456490257439243 -0.0008348791443184567 -8.452820077762234e-05 0.9999962454867622 0.0022885148274243167 -0.01896829397042943 -0.000274299811888438 -0.0022885322564833144 0.9999963358723768 0.0010436692902913713 0.0 0.0 0.0 1.0"/>
        </transform>
    </shape>
    <shape name="temp7" type="ply">
        <string name="filename" value="meshes/Cube_003.ply"/>
        <boolean name="face_normals" value="true"/>
        <ref id="mat-Material" name="bsdf"/>
        <transform name="to_world">
            <matrix value="0.9999986702764229 -0.0001619656336888301 0.001629663311586539 -0.001163025882841895 0.00016488040466147897 0.9999955154425215 -0.0018041975300470286 -0.017543500673499524 -0.0016287340854249884 0.0018044586930539418 0.9999944447097326 0.004998694909683854 0.0 0.0 0.0 1.0"/>
        </transform>
    </shape>
    <shape name="temp8" type="ply">
        <string name="filename" value="meshes/Cube_004.ply"/>
        <boolean name="face_normals" value="true"/>
        <ref id="mat-Material" name="bsdf"/>
        <transform name="to_world">
            <matrix value="0.9999991135176153 0.00022701549571046864 0.0013204523093696234 -0.00043576259346633783 -0.0002270157279704695 0.9999998957079657 8.80572606225434e-07 -0.017244404998806945 -0.00132040221478759 -1.180585829215527e-06 0.999999054418678 0.004161748622203013 0.0 0.0 0.0 1.0"/>
        </transform>
    </shape>
    <shape name="temp9" type="ply">
        <string name="filename" value="meshes/Cube_005.ply"/>
        <boolean name="face_normals" value="true"/>
        <ref id="mat-Material" name="bsdf"/>
        <transform name="to_world">
            <matrix value="0.9999980054146345 0.00012553276542844212 0.0018482994429107641 -0.00010263508837393687 -0.00012532677956906318 0.999997288407106 0.0010271979919635045 -0.017031512185228748 -0.0018479434495157147 -0.0010273151267252512 0.9999952720933893 0.008678526208622694 0.0 0.0 0.0 1.0"/>
        </transform>
    </shape>
    <shape name="temp10" type="ply">
        <string name="filename" value="meshes/Cube_006.ply"/>
        <boolean name="face_normals" value="true"/>
        <ref id="mat-Material" name="bsdf"/>
        <transform name="to_world">
            <matrix value="0.9994720997399061 0.012259171962963812 0.030027573151353057 0.04127689622971786 -0.006569011767167175 0.9827487417166052 -0.18238127871907772 -0.11944065963783176 -0.03180512635033429 0.18208731120534477 0.9823126649743913 0.10084154878524054 0.0 0.0 0.0 1.0"/>
        </transform>
    </shape>
    <shape name="temp11" type="ply">
        <string name="filename" value="meshes/Cube_007.ply"/>
        <boolean name="face_normals" value="true"/>
        <ref id="mat-Material" name="bsdf"/>
        <transform name="to_world">
            <matrix value="0.9965582321413691 0.08234105372499859 0.0015708481533505962 0.15871377671247355 -0.07911305664445142 0.9624428740381668 -0.257855925083483 -0.07314272474844091 -0.02302327947066364 0.2568433304201092 0.9657305963166771 0.17010625876235302 0.0 0.0 0.0 1.0"/>
        </transform>
    </shape>
    <shape name="temp12" type="ply">
        <string name="filename" value="meshes/Cube_008.ply"/>
        <boolean name="face_normals" value="true"/>
        <ref id="mat-Material" name="bsdf"/>
        <transform name="to_world">
            <matrix value="0.4317118905655225 0.8904074272615207 -0.045988075746737384 1.5412233814544112 -0.87456695335507 0.4136589191590725 -0.2122705369625375 1.9081635896409854 -0.17227426612555785 0.12996562534546735 0.9758808208213224 0.5441433931972517 0.0 0.0 0.0 1.0"/>
        </transform>
    </shape>
    <shape name="temp13" type="ply">
        <string name="filename" value="meshes/Cube_009.ply"/>
        <boolean name="face_normals" value="true"/>
        <ref id="mat-Material" name="bsdf"/>
        <transform name="to_world">
            <matrix value="-0.01232858090126891 0.9987994943922174 0.0471632914929358 2.3449557678586457 -0.9834890439642074 -0.003587024402250205 -0.1798078791509247 1.8872887755479515 -0.1794374205490163 -0.04852958660723411 0.9823670359004133 0.3795576678191017 0.0 0.0 0.0 1.0"/>
        </transform>
    </shape>
    <shape name="temp14" type="ply">
        <string name="filename" value="meshes/Cube_010.ply"/>
        <boolean name="face_normals" value="true"/>
        <ref id="mat-Material" name="bsdf"/>
        <transform name="to_world">
            <matrix value="0.18738110055015098 0.9820292309713969 0.006450389366748917 1.4505395335150513 -0.9816272093357233 0.18746918691844155 -0.02692572364156605 1.7456147080952387 -0.027600376400420547 -0.001108946587877511 0.9995799254976476 -0.04149138158551269 0.0 0.0 0.0 1.0"/>
        </transform>
    </shape>
    <shape name="temp15" type="ply">
        <string name="filename" value="meshes/Cube_011.ply"/>
        <boolean name="face_normals" value="true"/>
        <ref id="mat-Material" name="bsdf"/>
        <transform name="to_world">
            <matrix value="0.19205117840103397 0.976601143457865 -0.09378727067879974 0.9552266131136011 -0.8506452262037101 0.2134981008420539 0.4798513167929096 2.079750603096897 0.488699565800928 -0.012098974183549807 0.8722178042561561 -0.9826342457575754 0.0 0.0 0.0 1.0"/>
        </transform>
    </shape>
    <shape name="temp16" type="ply">
        <string name="filename" value="meshes/Cube_012.ply"/>
        <boolean name="face_normals" value="true"/>
        <ref id="mat-Material" name="bsdf"/>
        <transform name="to_world">
            <matrix value="0.1097068048160815 0.9897530990378017 0.09129315810450658 1.0582634624367542 -0.6384579107028564 -0.0002026698552217979 0.7696427971997555 1.8988683851663124 0.7617773617220454 -0.14272578703983746 0.6318908647861261 -2.0505481902155793 0.0 0.0 0.0 1.0"/>
        </transform>
    </shape>
    <shape name="temp17" type="ply">
        <string name="filename" value="meshes/Cube_013.ply"/>
        <boolean name="face_normals" value="true"/>
        <ref id="mat-Material" name="bsdf"/>
        <transform name="to_world">
            <matrix value="0.8309673118485463 0.40161402352411124 0.38404229868928247 0.6267892770443382 -0.41424384382307944 -0.011962668666292607 0.9099252234290467 1.601191537465685 0.3700297370515951 -0.9152699182141868 0.15626046935820087 -1.6786415438759672 0.0 0.0 0.0 1.0"/>
        </transform>
    </shape>
    <shape name="temp18" type="ply">
        <string name="filename" value="meshes/Cube_014.ply"/>
        <boolean name="face_normals" value="true"/>
        <ref id="mat-Material" name="bsdf"/>
        <transform name="to_world">
            <matrix value="0.9509682160605787 0.2716644800103457 0.1468148802350337 0.07714397975507681 -0.21888692828534806 0.25782680430434085 0.9408858016709367 1.004256891333411 0.21792502841176042 -0.9271110272139635 0.3048087301741146 -0.725045711508511 0.0 0.0 0.0 1.0"/>
        </transform>
    </shape>
    <shape name="temp19" type="ply">
        <string name="filename" value="meshes/Cube_015.ply"/>
        <boolean name="face_normals" value="true"/>
        <ref id="mat-Material" name="bsdf"/>
        <transform name="to_world">
            <matrix value="0.9853832351997334 0.11880706599391352 0.12195266325343329 0.04026206392564796 -0.14729292657975593 0.23593183889800867 0.9605267077080479 0.6287289007115981 0.08535103372710881 -0.9644485141513862 0.2499913715704356 -0.3014145420254486 0.0 0.0 0.0 1.0"/>
        </transform>
    </shape>
    <shape name="temp20" type="ply">
        <string name="filename" value="meshes/Cube_016.ply"/>
        <boolean name="face_normals" value="true"/>
        <ref id="mat-Material" name="bsdf"/>
        <transform name="to_world">
            <matrix value="0.9854867320181481 0.058218785915569345 0.15940211602188264 0.0873541449707938 -0.16872237499268652 0.2351261829324 0.9571902240129431 0.32364015647501776 0.018265488620225628 -0.9702079374581529 0.2415374017600105 -0.0021629970174903423 0.0 0.0 0.0 1.0"/>
        </transform>
    </shape>
    <shape name="temp21" type="ply">
        <string name="filename" value="meshes/Cube_017.ply"/>
        <boolean name="face_normals" value="true"/>
        <ref id="mat-Material" name="bsdf"/>
        <transform name="to_world">
            <matrix value="0.9557111184393655 0.06589534711517804 0.28670238442514095 0.17867371677211302 -0.294139398468513 0.22997655515067073 0.9276519182771887 0.12358094813630457 -0.004813851774826383 -0.9709425705483467 0.23921919095116495 0.16996953904834358 0.0 0.0 0.0 1.0"/>
        </transform>
    </shape>
    <shape name="temp22" type="ply">
        <string name="filename" value="meshes/Cube_018.ply"/>
        <boolean name="face_normals" value="true"/>
        <ref id="mat-Material" name="bsdf"/>
        <transform name="to_world">
            <matrix value="0.2032372563724786 0.9763023467793577 0.07433201771452048 0.8666091070024798 -0.3353896178729032 -0.0018995573846060788 0.9420535946037565 -0.14815722481304208 0.9198710788667919 -0.21640033957486396 0.32705423996300886 -0.18458574959247856 0.0 0.0 0.0 1.0"/>
        </transform>
    </shape>
    <shape name="temp23" type="ply">
        <string name="filename" value="meshes/Cube_019.ply"/>
        <boolean name="face_normals" value="true"/>
        <ref id="mat-Material" name="bsdf"/>
        <transform name="to_world">
            <matrix value="-0.05651134608804188 0.9875945668021768 -0.14649815777118919 0.46797840910934063 -0.9511078370361703 -0.008642866529140238 0.30862095947191176 0.046523992992187346 0.30352605017135703 0.15678755504012115 0.9397970829761794 -0.048589779694366175 0.0 0.0 0.0 1.0"/>
        </transform>
    </shape>
    <shape name="temp24" type="ply">
        <string name="filename" value="meshes/Cube_020.ply"/>
        <boolean name="face_normals" value="true"/>
        <ref id="mat-Material" name="bsdf"/>
        <transform name="to_world">
            <matrix value="0.06815082114085069 0.9871656886338993 -0.14435199543828037 -0.027778829491905604 -0.9221858643374443 0.007164975703225461 -0.38660955272347736 0.247670755095762 -0.3806178769342473 0.1594752421583501 0.9108368817124095 0.10071146313457119 0.0 0.0 0.0 1.0"/>
        </transform>
    </shape>
    <shape name="temp25" type="ply">
        <string name="filename" value="meshes/Cube_021.ply"/>
        <boolean name="face_normals" value="true"/>
        <ref id="mat-Material" name="bsdf"/>
        <transform name="to_world">
            <matrix value="0.25184330714664366 0.9176957509339352 -0.30719750498912346 -0.11540096503899197 -0.7332547909940481 -0.026223616722601963 -0.6793928516888792 0.1944376475728654 -0.631527391419205 0.3963995260969958 0.6663200717128874 0.21196823327734793 0.0 0.0 0.0 1.0"/>
        </transform>
    </shape>
    <shape name="temp26" type="ply">
        <string name="filename" value="meshes/Cube_022.ply"/>
        <boolean name="face_normals" value="true"/>
        <ref id="mat-Material" name="bsdf"/>
        <transform name="to_world">
            <matrix value="0.6725828284816152 0.39364663355742213 -0.626557313338701 -0.06589550152607188 -0.6754809610178236 -0.019026555880714942 -0.7370532187351809 -0.14314400651202125 -0.30206306612981293 0.9190647924692807 0.25310528906184626 0.6638676155313747 0.0 0.0 0.0 1.0"/>
        </transform>
    </shape>
    <shape name="temp27" type="ply">
        <string name="filename" value="meshes/Cube_023.ply"/>
        <boolean name="face_normals" value="true"/>
        <ref id="mat-Material" name="bsdf"/>
        <transform name="to_world">
            <matrix value="0.8495340205344779 0.3181501513277419 -0.4207983448544538 -0.08089800707119787 -0.4805007118453549 0.13743161049845337 -0.8661586373416683 -0.28729179540232896 -0.21773764819769267 0.9380259186563848 0.26962364917798254 0.14806498204014407 0.0 0.0 0.0 1.0"/>
        </transform>
    </shape>
    <shape name="temp28" type="ply">
        <string name="filename" value="meshes/Cube_024.ply"/>
        <boolean name="face_normals" value="true"/>
        <ref id="mat-Material" name="bsdf"/>
        <transform name="to_world">
            <matrix value="0.8649326627980576 0.4118315141326136 -0.28682932871763567 -0.17997481709953883 -0.3854076799514917 0.17897764604535038 -0.9052155192588911 -0.5176981464058151 -0.3214677887760692 0.8935084466118647 0.31352580798742 -0.3031194654318796 0.0 0.0 0.0 1.0"/>
        </transform>
    </shape>
    <shape name="temp29" type="ply">
        <string name="filename" value="meshes/Cube_025.ply"/>
        <boolean name="face_normals" value="true"/>
        <ref id="mat-Material" name="bsdf"/>
        <transform name="to_world">
            <matrix value="0.8939177557102763 0.37919874515824237 -0.23899532457315276 -0.27758174969148686 -0.3263625455873566 0.18514678060919065 -0.9269333946700418 -0.7970549798482505 -0.30724171892480323 0.9066018943605125 0.2892626640524495 -0.7185435157992337 0.0 0.0 0.0 1.0"/>
        </transform>
    </shape>
    <shape name="temp30" type="ply">
        <string name="filename" value="meshes/Cube_026.ply"/>
        <boolean name="face_normals" value="true"/>
        <ref id="mat-Material" name="bsdf"/>
        <transform name="to_world">
            <matrix value="0.9229870644490423 0.24410113824326327 -0.2975048236467195 -0.31375565005725053 -0.3498779978618045 0.2103585977310225 -0.9128695272708017 -1.1437426127449175 -0.16024853420137689 0.9466576488820937 0.279563954629117 -0.844620470738584 0.0 0.0 0.0 1.0"/>
        </transform>
    </shape>
    <shape name="temp31" type="ply">
        <string name="filename" value="meshes/Cube_027.ply"/>
        <boolean name="face_normals" value="true"/>
        <ref id="mat-Material" name="bsdf"/>
        <transform name="to_world">
            <matrix value="0.8723702500057622 0.19320909718557516 -0.4490421497602242 -0.5552610217922069 -0.4836096055685277 0.20703003402006165 -0.8504441395470004 -1.583530725413462 -0.0713460304205295 0.9590646464604327 0.27404459645189516 -0.9793868677658426 0.0 0.0 0.0 1.0"/>
        </transform>
    </shape>
    <shape name="temp32" type="ply">
        <string name="filename" value="meshes/Cube_028.ply"/>
        <boolean name="face_normals" value="true"/>
        <ref id="mat-Material" name="bsdf"/>
        <transform name="to_world">
            <matrix value="-0.11327485209041412 0.9808070326204625 0.1586997027565114 -1.4652957516843208 -0.817133089373381 -0.0010993193901836166 -0.5764344114063584 -2.1115979730552015 -0.565196125362793 -0.19497689931438417 0.8015743692617988 -1.2596255809578678 0.0 0.0 0.0 1.0"/>
        </transform>
    </shape>
    <shape name="temp33" type="ply">
        <string name="filename" value="meshes/Cube_029.ply"/>
        <boolean name="face_normals" value="true"/>
        <ref id="mat-Material" name="bsdf"/>
        <transform name="to_world">
            <matrix value="0.004515027649385579 0.980669888595249 0.1956160013162492 -1.5955973129864898 -0.9973620500437036 -0.009738848574223597 0.071839760843572 -1.7840405218582396 0.07235608844966643 -0.1954265127038127 0.9780388737937338 -0.061609551043679156 0.0 0.0 0.0 1.0"/>
        </transform>
    </shape>
    <shape name="temp34" type="ply">
        <string name="filename" value="meshes/Cube_030.ply"/>
        <boolean name="face_normals" value="true"/>
        <ref id="mat-Material" name="bsdf"/>
        <transform name="to_world">
            <matrix value="-0.037737179271898166 0.9814836175975148 -0.18778887224750687 -3.2000382864553334 -0.9765323634715894 0.0036421730427575348 0.21527148313337469 -1.9284396307857539 0.211969227325559 0.19151109550539575 0.9583133021241788 0.2521617894157522 0.0 0.0 0.0 1.0"/>
        </transform>
    </shape>
    <shape name="temp35" type="ply">
        <string name="filename" value="meshes/Cube_031.ply"/>
        <boolean name="face_normals" value="true"/>
        <ref id="mat-Material" name="bsdf"/>
        <transform name="to_world">
            <matrix value="0.13494797234884148 0.9807859656295173 0.14088045913646677 -1.9236202409911618 -0.714213370991105 -0.002264514843885254 0.6999137393438895 -0.9090434688788318 0.6867849411464344 -0.19507309828689906 0.7001846483926772 0.7031541053389732 0.0 0.0 0.0 1.0"/>
        </transform>
    </shape>
    <shape name="temp36" type="ply">
        <string name="filename" value="meshes/Cube_032.ply"/>
        <boolean name="face_normals" value="true"/>
        <ref id="mat-Material" name="bsdf"/>
        <transform name="to_world">
            <matrix value="0.7745624322949078 0.5993579782363383 0.2019574833542228 -0.6187096148329281 -0.24727005533423044 -0.006926958030799524 0.9688916746765285 0.38853828810680374 0.5821097660218395 -0.8004508544646377 0.14284073195558983 -0.15759548960198733 0.0 0.0 0.0 1.0"/>
        </transform>
    </shape>
    <shape name="temp37" type="ply">
        <string name="filename" value="meshes/Cube_033.ply"/>
        <boolean name="face_normals" value="true"/>
        <ref id="mat-Material" name="bsdf"/>
        <transform name="to_world">
            <matrix value="0.9773310940788296 0.16528637549721228 0.13230498212614905 -0.13661345935794822 -0.15002606258211043 0.09973692334326889 0.9836365970230263 0.3006179051394674 0.149386709324199 -0.9811875942539261 0.12227338079836376 -0.3808806009242183 0.0 0.0 0.0 1.0"/>
        </transform>
    </shape>
    <shape name="temp38" type="ply">
        <string name="filename" value="meshes/Cube_034.ply"/>
        <boolean name="face_normals" value="true"/>
        <ref id="mat-Material" name="bsdf"/>
        <transform name="to_world">
            <matrix value="0.9999250922384922 0.0017435093852401743 0.01213971578662201 -0.035777619314570464 -0.012254841080302893 0.18088071494275412 0.983428687329825 0.3694319044035645 -0.0004812240814712771 -0.9835033988774007 0.18088851312537796 -0.35593571099436294 0.0 0.0 0.0 1.0"/>
        </transform>
    </shape>
    <shape name="temp39" type="ply">
        <string name="filename" value="meshes/Cube_035.ply"/>
        <boolean name="face_normals" value="true"/>
        <ref id="mat-Material" name="bsdf"/>
        <transform name="to_world">
            <matrix value="0.9989269130733103 -0.04621189429793732 0.003160298255260623 0.009383279881725715 0.006578479399035862 0.20907528424793975 0.9778774157829815 0.09150735129706258 -0.0458503094710005 -0.9768069116417026 0.20915495288404667 -0.14572894407960021 0.0 0.0 0.0 1.0"/>
        </transform>
    </shape>
    <shape name="temp40" type="ply">
        <string name="filename" value="meshes/Cube_036.ply"/>
        <boolean name="face_normals" value="true"/>
        <ref id="mat-Material" name="bsdf"/>
        <transform name="to_world">
            <matrix value="0.9995405805041249 -0.03015943123296129 0.003037999131010765 0.004152334189298612 0.003387091841348021 0.21072320268322547 0.9775400796463147 -0.24794185158292123 -0.030122228191203613 -0.9770801567717862 0.21072854204125474 0.22701531056613228 0.0 0.0 0.0 1.0"/>
        </transform>
    </shape>
    <shape name="temp41" type="ply">
        <string name="filename" value="meshes/Cube_037.ply"/>
        <boolean name="face_normals" value="true"/>
        <ref id="mat-Material" name="bsdf"/>
        <transform name="to_world">
            <matrix value="0.9988717295448621 -0.04738050740160568 0.003235377412237052 -0.0050084772335941 0.0068350495632301285 0.21084418144310973 0.9774958737195056 -0.569367469973886 -0.04699639822207093 -0.976370762353913 0.2109301281593645 0.5104789774774408 0.0 0.0 0.0 1.0"/>
        </transform>
    </shape>
    <shape name="temp42" type="ply">
        <string name="filename" value="meshes/Cube_038.ply"/>
        <boolean name="face_normals" value="true"/>
        <ref id="mat-Material" name="bsdf"/>
        <transform name="to_world">
            <matrix value="0.9992174576748986 -0.039418102594160065 0.003279240565816951 0.006850882856003215 0.005109207981178206 0.21083448228391213 0.977508520869689 -0.9048937075973567 -0.03922290732535853 -0.9767266067752277 0.21087092294883317 0.8612303678536058 0.0 0.0 0.0 1.0"/>
        </transform>
    </shape>
    <shape name="temp43" type="ply">
        <string name="filename" value="meshes/Cube_039.ply"/>
        <boolean name="face_normals" value="true"/>
        <ref id="mat-Material" name="bsdf"/>
        <transform name="to_world">
            <matrix value="0.9999635199591626 -0.005509514142816587 -0.006539080869644455 0.021244178943946146 0.008279986412624677 0.4330083892367943 0.901351844611432 -1.3192710753870598 -0.0021345345176863907 -0.901373072287577 0.43303813902076854 1.4738065336173687 0.0 0.0 0.0 1.0"/>
        </transform>
    </shape>
    <shape name="temp47" type="ply">
        <string name="filename" value="meshes/Plane_001.ply"/>
        <boolean name="face_normals" value="true"/>
        <ref id="mat-Material.002" name="bsdf"/>
    </shape>
    <shape name="temp49" type="ply">
        <string name="filename" value="meshes/Plane_002.ply"/>
        <boolean name="face_normals" value="true"/>
        <ref id="mat-Material.003" name="bsdf"/>
    </shape>
    <shape name="temp51" type="ply">
        <string name="filename" value="meshes/Plane_003.ply"/>
        <boolean name="face_normals" value="true"/>
        <ref id="mat-Material.004" name="bsdf"/>
    </shape>
    <shape name="temp53" type="ply">
        <string name="filename" value="meshes/Plane_004.ply"/>
        <boolean name="face_normals" value="true"/>
        <ref id="mat-Material.005" name="bsdf"/>
    </shape>
    <emitter type="point">
        <transform name="to_world">
            <rotate angle="-142.5518126578256" x="1"/>
            <rotate angle="3.976628485794621e-06" y="1"/>
            <rotate angle="-179.999991348578" z="1"/>
            <translate value="-0.000000 3.030926 4.073377"/>
        </transform>
        <rgb name="intensity" value="100"/>
    </emitter>
</scene>
