
<scene version="2.1.0">
    <default name="spp" value="1024"/>
    <default name="resx" value="1280"/>
    <default name="resy" value="720"/>
    <integrator name="temp0" type="path">
        <integer name="max_depth" value="12"/>
    </integrator>
    <sensor name="temp44" type="perspective">
        <string name="fov_axis" value="x"/>
        <float name="fov" value="83.974423"/>
        <float name="principal_point_offset_x" value="0.000000"/>
        <float name="principal_point_offset_y" value="-0.000000"/>
        <float name="near_clip" value="0.100000"/>
        <float name="far_clip" value="1000.000000"/>
        <sampler name="sampler" type="independent">
            <integer name="sample_count" value="$spp"/>
        </sampler>
        <film name="film" type="hdrfilm">
            <integer name="width" value="$resx"/>
            <integer name="height" value="$resy"/>
        </film>
        <float name="shutter_open" value="0.0"/>
        <float name="shutter_close" value="0.0015"/>
        <animation name="to_world">
            <transform time="0">
                <rotate angle="-142.5518126578256" x="1"/>
                <rotate angle="3.976628485794621e-06" y="1"/>
                <rotate angle="-179.999991348578" z="1"/>
                <translate value="-0.000000 3.030926 4.073377"/>
                <translate x="37.35" y="0.0" z="0.0"/>
            </transform>
            <transform time="0.0015">
                <rotate angle="-142.5518126578256" x="1"/>
                <rotate angle="3.976628485794621e-06" y="1"/>
                <rotate angle="-179.999991348578" z="1"/>
                <translate value="-0.000000 3.030926 4.073377"/>
                <translate x="37.5" y="0.0" z="0.0"/>
            </transform>
        </animation>
    </sensor>
    <bsdf id="mat-Material" name="mat-Material" type="twosided">
        <bsdf name="bsdf" type="diffuse">
            <texture name="reflectance" type="bitmap">
                <string name="filename" value="textures/siggraph_2023_logo.jpg"/>
            </texture>
        </bsdf>
    </bsdf>
    <bsdf id="mat-Material.001" name="mat-Material.001" type="twosided">
        <bsdf name="bsdf" type="principled">
            <rgb name="base_color" value="0.433648 0.266232 0.084399"/>
            <float name="spec_tint" value="0.000000"/>
            <float name="spec_trans" value="0.000000"/>
            <float name="metallic" value="0.000000"/>
            <float name="anisotropic" value="0.000000"/>
            <float name="roughness" value="0.500000"/>
            <float name="sheen" value="0.000000"/>
            <float name="sheen_tint" value="0.500000"/>
            <float name="clearcoat" value="0.000000"/>
            <float name="clearcoat_gloss" value="0.173205"/>
            <float name="specular" value="0.500000"/>
        </bsdf>
    </bsdf>
    <bsdf id="mat-Material.002" name="mat-Material.002" type="twosided">
        <bsdf name="bsdf" type="principled">
            <rgb name="base_color" value="0.433648 0.266232 0.084399"/>
            <float name="spec_tint" value="0.000000"/>
            <float name="spec_trans" value="0.000000"/>
            <float name="metallic" value="0.000000"/>
            <float name="anisotropic" value="0.000000"/>
            <float name="roughness" value="0.500000"/>
            <float name="sheen" value="0.000000"/>
            <float name="sheen_tint" value="0.500000"/>
            <float name="clearcoat" value="0.000000"/>
            <float name="clearcoat_gloss" value="0.173205"/>
            <float name="specular" value="0.500000"/>
        </bsdf>
    </bsdf>
    <bsdf id="mat-Material.003" name="mat-Material.003" type="twosided">
        <bsdf name="bsdf" type="principled">
            <rgb name="base_color" value="0.433648 0.266232 0.084399"/>
            <float name="spec_tint" value="0.000000"/>
            <float name="spec_trans" value="0.000000"/>
            <float name="metallic" value="0.000000"/>
            <float name="anisotropic" value="0.000000"/>
            <float name="roughness" value="0.500000"/>
            <float name="sheen" value="0.000000"/>
            <float name="sheen_tint" value="0.500000"/>
            <float name="clearcoat" value="0.000000"/>
            <float name="clearcoat_gloss" value="0.173205"/>
            <float name="specular" value="0.500000"/>
        </bsdf>
    </bsdf>
    <bsdf id="mat-Material.004" name="mat-Material.004" type="twosided">
        <bsdf name="bsdf" type="principled">
            <rgb name="base_color" value="0.433648 0.266232 0.084399"/>
            <float name="spec_tint" value="0.000000"/>
            <float name="spec_trans" value="0.000000"/>
            <float name="metallic" value="0.000000"/>
            <float name="anisotropic" value="0.000000"/>
            <float name="roughness" value="0.500000"/>
            <float name="sheen" value="0.000000"/>
            <float name="sheen_tint" value="0.500000"/>
            <float name="clearcoat" value="0.000000"/>
            <float name="clearcoat_gloss" value="0.173205"/>
            <float name="specular" value="0.500000"/>
        </bsdf>
    </bsdf>
    <bsdf id="mat-Material.005" name="mat-Material.005" type="twosided">
        <bsdf name="bsdf" type="principled">
            <rgb name="base_color" value="0.433648 0.266232 0.084399"/>
            <float name="spec_tint" value="0.000000"/>
            <float name="spec_trans" value="0.000000"/>
            <float name="metallic" value="0.000000"/>
            <float name="anisotropic" value="0.000000"/>
            <float name="roughness" value="0.500000"/>
            <float name="sheen" value="0.000000"/>
            <float name="sheen_tint" value="0.500000"/>
            <float name="clearcoat" value="0.000000"/>
            <float name="clearcoat_gloss" value="0.173205"/>
            <float name="specular" value="0.500000"/>
        </bsdf>
    </bsdf>
    <emitter name="temp45" type="point">
        <point name="position" x="-6.815235034541981e-16" y="3.0693089962005615" z="4.109199523925781"/>
        <rgb name="intensity" value="7.957747 7.957747 7.957747"/>
    </emitter>
    <shape name="temp2" type="ply">
        <string name="filename" value="meshes/Cube.ply"/>
        <boolean name="face_normals" value="true"/>
        <ref id="mat-Material" name="bsdf"/>
        <transform name="to_world">
            <matrix value="0.9839542255955832 -0.1008240739388807 -0.14533857957610535 0.24507107695628494 -0.16677736615445712 -0.24545917696898148 -0.9481372284349542 1.961476831666407 0.05781545032418661 0.9576516979786118 -0.258366751753226 2.6106511922228464 0.0 0.0 0.0 1.0"/>
        </transform>
    </shape>
    <shape name="temp4" type="ply">
        <string name="filename" value="meshes/Plane.ply"/>
        <boolean name="face_normals" value="true"/>
        <ref id="mat-Material.001" name="bsdf"/>
    </shape>
    <shape name="temp5" type="ply">
        <string name="filename" value="meshes/Cube_001.ply"/>
        <boolean name="face_normals" value="true"/>
        <ref id="mat-Material" name="bsdf"/>
        <transform name="to_world">
            <matrix value="0.9985291041031724 -0.03576607713856031 -0.040544423174117925 0.03990943696809546 -0.04062606488696463 -0.0015955070991587805 -0.9991646970995711 1.1430768322848697 0.03567696892170055 0.9993572481920976 -0.003050445345163186 1.0251828909637584 0.0 0.0 0.0 1.0"/>
        </transform>
    </shape>
    <shape name="temp6" type="ply">
        <string name="filename" value="meshes/Cube_002.ply"/>
        <boolean name="face_normals" value="true"/>
        <ref id="mat-Material" name="bsdf"/>
        <transform name="to_world">
            <matrix value="0.9995875640705144 -0.02833387217551098 -0.0025404909741898844 -0.011581512149015483 0.0037194930384538325 0.21850370132430025 -0.9758177032680708 0.673456011491157 0.02821517188006957 0.9754186803720306 0.2185151205545267 0.49703276798028145 0.0 0.0 0.0 1.0"/>
        </transform>
    </shape>
    <shape name="temp7" type="ply">
        <string name="filename" value="meshes/Cube_003.ply"/>
        <boolean name="face_normals" value="true"/>
        <ref id="mat-Material" name="bsdf"/>
        <transform name="to_world">
            <matrix value="0.9981184411384563 -0.05261526877100181 0.029291059859552805 -0.02775812906545494 0.04087055008004936 0.23470703324621472 -0.9711382577002232 0.2745076933788162 0.04421762389034568 0.9706400193566016 0.23643207818444603 0.22565094952003556 0.0 0.0 0.0 1.0"/>
        </transform>
    </shape>
    <shape name="temp8" type="ply">
        <string name="filename" value="meshes/Cube_004.ply"/>
        <boolean name="face_normals" value="true"/>
        <ref id="mat-Material" name="bsdf"/>
        <transform name="to_world">
            <matrix value="0.9928862004833103 -0.0945864507960611 0.07032528233876302 0.002203310864169028 0.09108327260928997 0.2371449638419517 -0.9670456635404172 -0.1850253777223969 0.07477642914257651 0.9668546356766363 0.24411753859508362 -0.15562684958795314 0.0 0.0 0.0 1.0"/>
        </transform>
    </shape>
    <shape name="temp9" type="ply">
        <string name="filename" value="meshes/Cube_005.ply"/>
        <boolean name="face_normals" value="true"/>
        <ref id="mat-Material" name="bsdf"/>
        <transform name="to_world">
            <matrix value="0.9896068805216771 -0.13540923151371545 0.04811120130906278 0.04524408301774585 0.07944041242706466 0.23689163849043537 -0.9682214939144751 -0.48941563236074037 0.1197412756836109 0.9619822161222971 0.2452034914644738 -0.591192969427875 0.0 0.0 0.0 1.0"/>
        </transform>
    </shape>
    <shape name="temp10" type="ply">
        <string name="filename" value="meshes/Cube_006.ply"/>
        <boolean name="face_normals" value="true"/>
        <ref id="mat-Material" name="bsdf"/>
        <transform name="to_world">
            <matrix value="0.9873323883431113 -0.1319177636450483 -0.08800492269636295 0.007199671069067604 -0.0546147391880176 0.23843474343116622 -0.9695772211350664 -0.4810747490738514 0.14888613488361374 0.9621015262096312 0.22820892477475072 -0.9701955830050389 0.0 0.0 0.0 1.0"/>
        </transform>
    </shape>
    <shape name="temp11" type="ply">
        <string name="filename" value="meshes/Cube_007.ply"/>
        <boolean name="face_normals" value="true"/>
        <ref id="mat-Material" name="bsdf"/>
        <transform name="to_world">
            <matrix value="0.9239114439556972 -0.2060681068701335 -0.3222590788808667 0.11576267786906591 -0.26824411774613627 0.2513813479954028 -0.9298388114799246 -0.2373766354189199 0.2727426612555782 0.9455792692465735 0.17694561630863018 -1.625621263914061 0.0 0.0 0.0 1.0"/>
        </transform>
    </shape>
    <shape name="temp12" type="ply">
        <string name="filename" value="meshes/Cube_008.ply"/>
        <boolean name="face_normals" value="true"/>
        <ref id="mat-Material" name="bsdf"/>
        <transform name="to_world">
            <matrix value="0.2139214080177013 0.9361741092938805 -0.2786609244664912 2.009446365046874 -0.56539514065816 -0.11406071465073642 -0.8168497627300066 0.4106551015479244 -0.7964833687039805 0.3323147825615375 0.5049258876999254 1.1840231648246833 0.0 0.0 0.0 1.0"/>
        </transform>
    </shape>
    <shape name="temp13" type="ply">
        <string name="filename" value="meshes/Cube_009.ply"/>
        <boolean name="face_normals" value="true"/>
        <ref id="mat-Material" name="bsdf"/>
        <transform name="to_world">
            <matrix value="-0.058274714685644484 0.9917103476470674 0.11451431870156556 2.5783410098773216 -0.8912456761821687 -1.1819718703524862e-05 -0.4534630970341369 1.214405937775466 -0.44970298407700343 -0.12849258379343503 0.8838579103314688 0.8103504052402748 0.0 0.0 0.0 1.0"/>
        </transform>
    </shape>
    <shape name="temp14" type="ply">
        <string name="filename" value="meshes/Cube_010.ply"/>
        <boolean name="face_normals" value="true"/>
        <ref id="mat-Material" name="bsdf"/>
        <transform name="to_world">
            <matrix value="0.019667360782373897 0.9974281584321153 0.06891576336070948 1.8732650613956723 -0.9615472752190941 5.757201886434319e-06 0.2743811052049051 2.2713835964119493 0.2736753293725301 -0.07167231234212794 0.9590744129949349 -0.6506714294203846 0.0 0.0 0.0 1.0"/>
        </transform>
    </shape>
    <shape name="temp15" type="ply">
        <string name="filename" value="meshes/Cube_011.ply"/>
        <boolean name="face_normals" value="true"/>
        <ref id="mat-Material" name="bsdf"/>
        <transform name="to_world">
            <matrix value="-0.02572478134911981 0.9994802085006352 -0.01818677926018663 1.407224921448854 -0.8282054759789867 -0.011124052246137545 0.5602737174253145 2.2653240421003296 0.5598140691846312 0.0294858611288987 0.828090715289719 -1.3710943961495095 0.0 0.0 0.0 1.0"/>
        </transform>
    </shape>
    <shape name="temp16" type="ply">
        <string name="filename" value="meshes/Cube_012.ply"/>
        <boolean name="face_normals" value="true"/>
        <ref id="mat-Material" name="bsdf"/>
        <transform name="to_world">
            <matrix value="0.09143482936100576 0.9897649883297214 0.1095667180905309 1.1131882029889226 -0.7680184193309894 5.467655911376801e-05 0.6404252090089315 1.8413166398962013 0.633864380605893 -0.1427068997524107 0.7601627534571636 -1.741791040835242 0.0 0.0 0.0 1.0"/>
        </transform>
    </shape>
    <shape name="temp17" type="ply">
        <string name="filename" value="meshes/Cube_013.ply"/>
        <boolean name="face_normals" value="true"/>
        <ref id="mat-Material" name="bsdf"/>
        <transform name="to_world">
            <matrix value="0.9190304719454919 0.19242728237902645 0.3437260206486593 0.592216025458232 -0.3741622519843908 0.15361296808872332 0.9144259541270134 1.45757328510817 0.12312486813574527 -0.9692102798572451 0.2131806708048457 -1.3912380124165797 0.0 0.0 0.0 1.0"/>
        </transform>
    </shape>
    <shape name="temp18" type="ply">
        <string name="filename" value="meshes/Cube_014.ply"/>
        <boolean name="face_normals" value="true"/>
        <ref id="mat-Material" name="bsdf"/>
        <transform name="to_world">
            <matrix value="0.9416874103544688 0.28974976169270145 0.1710846786985586 0.11187615123472322 -0.21618328998434472 0.13134160230109945 0.9674782669952877 1.0254822091566687 0.2578562063518236 -0.9480474445322815 0.18632171702438793 -0.8605596093051189 0.0 0.0 0.0 1.0"/>
        </transform>
    </shape>
    <shape name="temp19" type="ply">
        <string name="filename" value="meshes/Cube_015.ply"/>
        <boolean name="face_normals" value="true"/>
        <ref id="mat-Material" name="bsdf"/>
        <transform name="to_world">
            <matrix value="0.9836689998883033 0.12582923639458266 0.12869393707439974 0.034067037691758284 -0.14943508910034448 0.17242164017996633 0.9736220634381052 0.6391303140315687 0.10032052986825099 -0.9769530247818732 0.18840914689180327 -0.29679143601934055 0.0 0.0 0.0 1.0"/>
        </transform>
    </shape>
    <shape name="temp20" type="ply">
        <string name="filename" value="meshes/Cube_016.ply"/>
        <boolean name="face_normals" value="true"/>
        <ref id="mat-Material" name="bsdf"/>
        <transform name="to_world">
            <matrix value="0.9849750100615751 0.033648312659175714 0.16938578819640293 0.06528102681564485 -0.17268508422469137 0.18056428248123266 0.9682787015844634 0.3293179564718367 0.001998448212585568 -0.9829810000771761 0.18366195042222572 0.14340965309228185 0.0 0.0 0.0 1.0"/>
        </transform>
    </shape>
    <shape name="temp21" type="ply">
        <string name="filename" value="meshes/Cube_017.ply"/>
        <boolean name="face_normals" value="true"/>
        <ref id="mat-Material" name="bsdf"/>
        <transform name="to_world">
            <matrix value="0.9498953507544852 -0.06437869063436674 0.3058639989296019 0.2045615708126834 -0.2909941811296268 0.1750407886146472 0.9405710412883357 0.13057832076871653 -0.11409212236293652 -0.9824484849496166 0.14753603965011602 0.3792503058983568 0.0 0.0 0.0 1.0"/>
        </transform>
    </shape>
    <shape name="temp22" type="ply">
        <string name="filename" value="meshes/Cube_018.ply"/>
        <boolean name="face_normals" value="true"/>
        <ref id="mat-Material" name="bsdf"/>
        <transform name="to_world">
            <matrix value="0.2504540119533285 0.9558525560934708 0.15349363931084142 0.8475677932389969 -0.5097012199770579 -0.004589749553108632 0.860216486115793 -0.06615978651715287 0.8229670299471479 -0.29378784497197674 0.48606650462554746 -0.1451667244924164 0.0 0.0 0.0 1.0"/>
        </transform>
    </shape>
    <shape name="temp23" type="ply">
        <string name="filename" value="meshes/Cube_019.ply"/>
        <boolean name="face_normals" value="true"/>
        <ref id="mat-Material" name="bsdf"/>
        <transform name="to_world">
            <matrix value="-0.08043947807463117 0.9841600215258759 -0.15798133280632934 0.5019963275939974 -0.9124953238054208 -0.008932097542253919 0.40897396861899266 -0.04734652023264506 0.4010848106562275 0.17705737939147687 0.898759917375104 -0.051038543570342654 0.0 0.0 0.0 1.0"/>
        </transform>
    </shape>
    <shape name="temp24" type="ply">
        <string name="filename" value="meshes/Cube_020.ply"/>
        <boolean name="face_normals" value="true"/>
        <ref id="mat-Material" name="bsdf"/>
        <transform name="to_world">
            <matrix value="0.09471252252479437 0.9520442710794803 -0.29092948746061525 0.11206721952941986 -0.956989528544085 0.00657300820221815 -0.29004383319491717 0.1561889683092961 -0.27422287043707483 0.30588817985274397 0.9117192273681222 0.11108492294679567 0.0 0.0 0.0 1.0"/>
        </transform>
    </shape>
    <shape name="temp25" type="ply">
        <string name="filename" value="meshes/Cube_021.ply"/>
        <boolean name="face_normals" value="true"/>
        <ref id="mat-Material" name="bsdf"/>
        <transform name="to_world">
            <matrix value="0.2080287601480071 0.9334894237447933 -0.2920972804608385 -0.15401987265236622 -0.7832419813235891 -0.019894172786870883 -0.6213945575175843 0.11247231858854329 -0.585876429674466 0.3580527008508144 0.7270094903269395 0.2938890845496461 0.0 0.0 0.0 1.0"/>
        </transform>
    </shape>
    <shape name="temp26" type="ply">
        <string name="filename" value="meshes/Cube_022.ply"/>
        <boolean name="face_normals" value="true"/>
        <ref id="mat-Material" name="bsdf"/>
        <transform name="to_world">
            <matrix value="0.636511860247825 0.3995687524378263 -0.6596950925747753 -0.08242546020554281 -0.7132497646389269 -0.020514887687908174 -0.7006099235923013 -0.19673728040226668 -0.2934755118106048 0.9164735525830009 0.2719342953362511 0.6787746289372472 0.0 0.0 0.0 1.0"/>
        </transform>
    </shape>
    <shape name="temp27" type="ply">
        <string name="filename" value="meshes/Cube_023.ply"/>
        <boolean name="face_normals" value="true"/>
        <ref id="mat-Material" name="bsdf"/>
        <transform name="to_world">
            <matrix value="0.8580384892921793 0.2772083316820428 -0.4323485025064997 -0.0634797070660818 -0.48035266928710857 0.1352618147231151 -0.8665826123669744 -0.28717139763364374 -0.1817436709590144 0.9512407623330545 0.24921776785127517 0.20684452451693358 0.0 0.0 0.0 1.0"/>
        </transform>
    </shape>
    <shape name="temp28" type="ply">
        <string name="filename" value="meshes/Cube_024.ply"/>
        <boolean name="face_normals" value="true"/>
        <ref id="mat-Material" name="bsdf"/>
        <transform name="to_world">
            <matrix value="0.856540555682618 0.4393211214313873 -0.27080550763296884 -0.19046245561043307 -0.3784257446895273 0.17787086768886767 -0.9083809709323574 -0.5125970233122467 -0.350902572039991 0.8805446338619549 0.31860393428020695 -0.337971564684046 0.0 0.0 0.0 1.0"/>
        </transform>
    </shape>
    <shape name="temp29" type="ply">
        <string name="filename" value="meshes/Cube_025.ply"/>
        <boolean name="face_normals" value="true"/>
        <ref id="mat-Material" name="bsdf"/>
        <transform name="to_world">
            <matrix value="0.8996337941268768 0.3655081212207174 -0.23887866347753606 -0.26624024296745097 -0.3211174066135132 0.1831137221201319 -0.9291680397295449 -0.7930025962545362 -0.29587650502546864 0.9126189189922052 0.28210638640897057 -0.7074190459836349 0.0 0.0 0.0 1.0"/>
        </transform>
    </shape>
    <shape name="temp30" type="ply">
        <string name="filename" value="meshes/Cube_026.ply"/>
        <boolean name="face_normals" value="true"/>
        <ref id="mat-Material" name="bsdf"/>
        <transform name="to_world">
            <matrix value="0.9234814999991134 0.23694159437490486 -0.3017294445986267 -0.3263306266546385 -0.3488887500066486 0.19158282977662733 -0.9173727401197389 -1.145583947237031 -0.15955767631691392 0.9524465868345908 0.25958961297829275 -0.8819887391891152 0.0 0.0 0.0 1.0"/>
        </transform>
    </shape>
    <shape name="temp31" type="ply">
        <string name="filename" value="meshes/Cube_027.ply"/>
        <boolean name="face_normals" value="true"/>
        <ref id="mat-Material" name="bsdf"/>
        <transform name="to_world">
            <matrix value="0.8737830813063914 0.17408414907086228 -0.4540897810553728 -0.5832568809860729 -0.482097266620215 0.1873499289771246 -0.8558519191282118 -1.5824433509860083 -0.06391670966106233 0.9667441904122247 0.24762860024178512 -1.0197353313048663 0.0 0.0 0.0 1.0"/>
        </transform>
    </shape>
    <shape name="temp32" type="ply">
        <string name="filename" value="meshes/Cube_028.ply"/>
        <boolean name="face_normals" value="true"/>
        <ref id="mat-Material" name="bsdf"/>
        <transform name="to_world">
            <matrix value="-0.10527166695920587 0.9844079236916043 0.1409207763600887 -1.4829140309749378 -0.8020724185189716 -0.0002781478986197992 -0.5972270354938133 -2.119754864827025 -0.587875890693176 -0.17589968566380837 0.7895956268755013 -1.3381645823141928 0.0 0.0 0.0 1.0"/>
        </transform>
    </shape>
    <shape name="temp33" type="ply">
        <string name="filename" value="meshes/Cube_029.ply"/>
        <boolean name="face_normals" value="true"/>
        <ref id="mat-Material" name="bsdf"/>
        <transform name="to_world">
            <matrix value="0.00425308761814594 0.9773968916802073 0.21136953979975426 -1.5722356795550967 -0.9979041340219528 -0.00949981748893983 0.06400801900240224 -1.7983204820273853 0.06456922718238665 -0.21119877436001194 0.9753079167377823 -0.08819967209797352 0.0 0.0 0.0 1.0"/>
        </transform>
    </shape>
    <shape name="temp34" type="ply">
        <string name="filename" value="meshes/Cube_030.ply"/>
        <boolean name="face_normals" value="true"/>
        <ref id="mat-Material" name="bsdf"/>
        <transform name="to_world">
            <matrix value="-0.043374635677978585 0.9787249315541561 -0.20053907969669074 -3.228800598080521 -0.9736407635612108 0.0035789913078805146 0.22805597038412506 -1.9021949959100972 0.2239217388946681 0.2051451020972388 0.9527714707494522 0.2659141931886435 0.0 0.0 0.0 1.0"/>
        </transform>
    </shape>
    <shape name="temp35" type="ply">
        <string name="filename" value="meshes/Cube_031.ply"/>
        <boolean name="face_normals" value="true"/>
        <ref id="mat-Material" name="bsdf"/>
        <transform name="to_world">
            <matrix value="0.14160931125637602 0.9775442563247905 0.156053469787022 -1.8862788692535384 -0.7366823751345237 -0.001231138264121663 0.6762089611796316 -1.0060655704768666 0.6612163513448825 -0.21072633144425695 0.7199649094771361 0.6645232029639938 0.0 0.0 0.0 1.0"/>
        </transform>
    </shape>
    <shape name="temp36" type="ply">
        <string name="filename" value="meshes/Cube_032.ply"/>
        <boolean name="face_normals" value="true"/>
        <ref id="mat-Material" name="bsdf"/>
        <transform name="to_world">
            <matrix value="0.7473633797672806 0.6139870218992414 0.253883029699291 -0.6558018838686861 -0.3182539133764873 -0.004602718267584158 0.9479840442607705 0.15124978622730129 0.583217869002725 -0.7893026617413015 0.1919638116572211 -0.11324372831933549 0.0 0.0 0.0 1.0"/>
        </transform>
    </shape>
    <shape name="temp37" type="ply">
        <string name="filename" value="meshes/Cube_033.ply"/>
        <boolean name="face_normals" value="true"/>
        <ref id="mat-Material" name="bsdf"/>
        <transform name="to_world">
            <matrix value="0.9767218590599387 0.16900892322646183 0.1321003937873416 -0.1416350484674973 -0.15013173128236768 0.09873201744597151 0.9837238268999919 0.3003809541070771 0.15321558187817252 -0.9806568520909511 0.12180732740422326 -0.3802937328566157 0.0 0.0 0.0 1.0"/>
        </transform>
    </shape>
    <shape name="temp38" type="ply">
        <string name="filename" value="meshes/Cube_034.ply"/>
        <boolean name="face_normals" value="true"/>
        <ref id="mat-Material" name="bsdf"/>
        <transform name="to_world">
            <matrix value="0.9999246489972998 0.0019579744818250273 0.01213991672265296 -0.033447692400692564 -0.01229402138550105 0.18016129806037676 0.983560241331265 0.3693941000452366 -0.00026135716907169337 -0.9836351197168263 0.18017177430297654 -0.3652275955249219 0.0 0.0 0.0 1.0"/>
        </transform>
    </shape>
    <shape name="temp39" type="ply">
        <string name="filename" value="meshes/Cube_035.ply"/>
        <boolean name="face_normals" value="true"/>
        <ref id="mat-Material" name="bsdf"/>
        <transform name="to_world">
            <matrix value="0.9989129509757512 -0.046508208826026284 0.0031854034393629426 0.00892569307896074 0.00642890101005803 0.20511464823339726 0.9787168556016947 0.0911209190976715 -0.04617174798369582 -0.9776322788018097 0.20519066228988592 -0.14785626076496985 0.0 0.0 0.0 1.0"/>
        </transform>
    </shape>
    <shape name="temp40" type="ply">
        <string name="filename" value="meshes/Cube_036.ply"/>
        <boolean name="face_normals" value="true"/>
        <ref id="mat-Material" name="bsdf"/>
        <transform name="to_world">
            <matrix value="0.9989656966776412 -0.04534903415146958 0.003273685275549489 0.0029601153366629607 0.00624164268731816 0.20810039359813778 0.9780875712318231 -0.24037270820893356 -0.04503658512801693 -0.977055335267603 0.2081682624139462 0.19042989715528835 0.0 0.0 0.0 1.0"/>
        </transform>
    </shape>
    <shape name="temp41" type="ply">
        <string name="filename" value="meshes/Cube_037.ply"/>
        <boolean name="face_normals" value="true"/>
        <ref id="mat-Material" name="bsdf"/>
        <transform name="to_world">
            <matrix value="0.998853999897168 -0.047746509867069374 0.0033586457573420844 -0.005458365963831424 0.006660525559946598 0.20813895036324914 0.9780766970466186 -0.5702328040851035 -0.04739881690060937 -0.9769331050033061 0.20821843732285122 0.5199139384081017 0.0 0.0 0.0 1.0"/>
        </transform>
    </shape>
    <shape name="temp42" type="ply">
        <string name="filename" value="meshes/Cube_038.ply"/>
        <boolean name="face_normals" value="true"/>
        <ref id="mat-Material" name="bsdf"/>
        <transform name="to_world">
            <matrix value="0.9990317396153021 -0.043856865440331405 0.003532916395009033 0.008679011191303099 0.005680018421103954 0.20817681880093364 0.9780748058839743 -0.903902637811044 -0.04363078141649247 -0.9771073769927601 0.2082243472061145 0.8652703836946378 0.0 0.0 0.0 1.0"/>
        </transform>
    </shape>
    <shape name="temp43" type="ply">
        <string name="filename" value="meshes/Cube_039.ply"/>
        <boolean name="face_normals" value="true"/>
        <ref id="mat-Material" name="bsdf"/>
        <transform name="to_world">
            <matrix value="0.9999445392013759 -0.009457319025217719 -0.004648704577317624 0.02166104857539941 0.008285731334739376 0.43301523135213976 0.901348504758752 -1.319254175795166 -0.0065113915787258295 -0.9013370931628402 0.43306954948112597 1.4751924578243134 0.0 0.0 0.0 1.0"/>
        </transform>
    </shape>
    <shape name="temp47" type="ply">
        <string name="filename" value="meshes/Plane_001.ply"/>
        <boolean name="face_normals" value="true"/>
        <ref id="mat-Material.002" name="bsdf"/>
    </shape>
    <shape name="temp49" type="ply">
        <string name="filename" value="meshes/Plane_002.ply"/>
        <boolean name="face_normals" value="true"/>
        <ref id="mat-Material.003" name="bsdf"/>
    </shape>
    <shape name="temp51" type="ply">
        <string name="filename" value="meshes/Plane_003.ply"/>
        <boolean name="face_normals" value="true"/>
        <ref id="mat-Material.004" name="bsdf"/>
    </shape>
    <shape name="temp53" type="ply">
        <string name="filename" value="meshes/Plane_004.ply"/>
        <boolean name="face_normals" value="true"/>
        <ref id="mat-Material.005" name="bsdf"/>
    </shape>
    <emitter type="point">
        <rgb name="intensity" value="100"/>
        <animation name="to_world">
            <transform time="0">
                <rotate angle="-142.5518126578256" x="1"/>
                <rotate angle="3.976628485794621e-06" y="1"/>
                <rotate angle="-179.999991348578" z="1"/>
                <translate value="-0.000000 3.030926 4.073377"/>
                <translate x="37.35" y="0.0" z="0.0"/>
            </transform>
            <transform time="0.0015">
                <rotate angle="-142.5518126578256" x="1"/>
                <rotate angle="3.976628485794621e-06" y="1"/>
                <rotate angle="-179.999991348578" z="1"/>
                <translate value="-0.000000 3.030926 4.073377"/>
                <translate x="37.5" y="0.0" z="0.0"/>
            </transform>
        </animation>
    </emitter>
</scene>
