
<scene version="2.1.0">
    <default name="spp" value="1024"/>
    <default name="resx" value="1280"/>
    <default name="resy" value="720"/>
    <integrator name="temp0" type="path">
        <integer name="max_depth" value="12"/>
    </integrator>
    <sensor name="temp44" type="perspective">
        <string name="fov_axis" value="x"/>
        <float name="fov" value="83.974423"/>
        <float name="principal_point_offset_x" value="0.000000"/>
        <float name="principal_point_offset_y" value="-0.000000"/>
        <float name="near_clip" value="0.100000"/>
        <float name="far_clip" value="1000.000000"/>
        <sampler name="sampler" type="independent">
            <integer name="sample_count" value="$spp"/>
        </sampler>
        <film name="film" type="hdrfilm">
            <integer name="width" value="$resx"/>
            <integer name="height" value="$resy"/>
        </film>
        <float name="shutter_open" value="0.0"/>
        <float name="shutter_close" value="0.0015"/>
        <animation name="to_world">
            <transform time="0">
                <rotate angle="-142.5518126578256" x="1"/>
                <rotate angle="3.976628485794621e-06" y="1"/>
                <rotate angle="-179.999991348578" z="1"/>
                <translate value="-0.000000 3.030926 4.073377"/>
                <translate x="33.0" y="0.0" z="0.0"/>
            </transform>
            <transform time="0.0015">
                <rotate angle="-142.5518126578256" x="1"/>
                <rotate angle="3.976628485794621e-06" y="1"/>
                <rotate angle="-179.999991348578" z="1"/>
                <translate value="-0.000000 3.030926 4.073377"/>
                <translate x="33.15" y="0.0" z="0.0"/>
            </transform>
        </animation>
    </sensor>
    <bsdf id="mat-Material" name="mat-Material" type="twosided">
        <bsdf name="bsdf" type="diffuse">
            <texture name="reflectance" type="bitmap">
                <string name="filename" value="textures/siggraph_2023_logo.jpg"/>
            </texture>
        </bsdf>
    </bsdf>
    <bsdf id="mat-Material.001" name="mat-Material.001" type="twosided">
        <bsdf name="bsdf" type="principled">
            <rgb name="base_color" value="0.433648 0.266232 0.084399"/>
            <float name="spec_tint" value="0.000000"/>
            <float name="spec_trans" value="0.000000"/>
            <float name="metallic" value="0.000000"/>
            <float name="anisotropic" value="0.000000"/>
            <float name="roughness" value="0.500000"/>
            <float name="sheen" value="0.000000"/>
            <float name="sheen_tint" value="0.500000"/>
            <float name="clearcoat" value="0.000000"/>
            <float name="clearcoat_gloss" value="0.173205"/>
            <float name="specular" value="0.500000"/>
        </bsdf>
    </bsdf>
    <bsdf id="mat-Material.002" name="mat-Material.002" type="twosided">
        <bsdf name="bsdf" type="principled">
            <rgb name="base_color" value="0.433648 0.266232 0.084399"/>
            <float name="spec_tint" value="0.000000"/>
            <float name="spec_trans" value="0.000000"/>
            <float name="metallic" value="0.000000"/>
            <float name="anisotropic" value="0.000000"/>
            <float name="roughness" value="0.500000"/>
            <float name="sheen" value="0.000000"/>
            <float name="sheen_tint" value="0.500000"/>
            <float name="clearcoat" value="0.000000"/>
            <float name="clearcoat_gloss" value="0.173205"/>
            <float name="specular" value="0.500000"/>
        </bsdf>
    </bsdf>
    <bsdf id="mat-Material.003" name="mat-Material.003" type="twosided">
        <bsdf name="bsdf" type="principled">
            <rgb name="base_color" value="0.433648 0.266232 0.084399"/>
            <float name="spec_tint" value="0.000000"/>
            <float name="spec_trans" value="0.000000"/>
            <float name="metallic" value="0.000000"/>
            <float name="anisotropic" value="0.000000"/>
            <float name="roughness" value="0.500000"/>
            <float name="sheen" value="0.000000"/>
            <float name="sheen_tint" value="0.500000"/>
            <float name="clearcoat" value="0.000000"/>
            <float name="clearcoat_gloss" value="0.173205"/>
            <float name="specular" value="0.500000"/>
        </bsdf>
    </bsdf>
    <bsdf id="mat-Material.004" name="mat-Material.004" type="twosided">
        <bsdf name="bsdf" type="principled">
            <rgb name="base_color" value="0.433648 0.266232 0.084399"/>
            <float name="spec_tint" value="0.000000"/>
            <float name="spec_trans" value="0.000000"/>
            <float name="metallic" value="0.000000"/>
            <float name="anisotropic" value="0.000000"/>
            <float name="roughness" value="0.500000"/>
            <float name="sheen" value="0.000000"/>
            <float name="sheen_tint" value="0.500000"/>
            <float name="clearcoat" value="0.000000"/>
            <float name="clearcoat_gloss" value="0.173205"/>
            <float name="specular" value="0.500000"/>
        </bsdf>
    </bsdf>
    <bsdf id="mat-Material.005" name="mat-Material.005" type="twosided">
        <bsdf name="bsdf" type="principled">
            <rgb name="base_color" value="0.433648 0.266232 0.084399"/>
            <float name="spec_tint" value="0.000000"/>
            <float name="spec_trans" value="0.000000"/>
            <float name="metallic" value="0.000000"/>
            <float name="anisotropic" value="0.000000"/>
            <float name="roughness" value="0.500000"/>
            <float name="sheen" value="0.000000"/>
            <float name="sheen_tint" value="0.500000"/>
            <float name="clearcoat" value="0.000000"/>
            <float name="clearcoat_gloss" value="0.173205"/>
            <float name="specular" value="0.500000"/>
        </bsdf>
    </bsdf>
    <emitter name="temp45" type="point">
        <point name="position" x="-6.815235034541981e-16" y="3.0693089962005615" z="4.109199523925781"/>
        <rgb name="intensity" value="7.957747 7.957747 7.957747"/>
    </emitter>
    <shape name="temp2" type="ply">
        <string name="filename" value="meshes/Cube.ply"/>
        <boolean name="face_normals" value="true"/>
        <ref id="mat-Material" name="bsdf"/>
        <transform name="to_world">
            <matrix value="0.9999982270352306 0.00021018808025480631 0.0018402407260929858 -0.002842453248384391 -0.00020829898214092587 0.9999993742477937 -0.0010264096135361857 -0.015946464590418152 -0.001840457105776851 0.0010260250342599333 0.9999978724420252 0.004170243778015115 0.0 0.0 0.0 1.0"/>
        </transform>
    </shape>
    <shape name="temp4" type="ply">
        <string name="filename" value="meshes/Plane.ply"/>
        <boolean name="face_normals" value="true"/>
        <ref id="mat-Material.001" name="bsdf"/>
    </shape>
    <shape name="temp5" type="ply">
        <string name="filename" value="meshes/Cube_001.ply"/>
        <boolean name="face_normals" value="true"/>
        <ref id="mat-Material" name="bsdf"/>
        <transform name="to_world">
            <matrix value="0.9999982270352306 -9.248721901118637e-05 -0.002038101253793554 0.002544965349307038 9.691734615541455e-05 0.9999977055752436 0.0021736881595725214 -0.020027584219871164 0.0020378944624991355 -0.0021738798514047094 0.9999957448840504 -0.004572020767062646 0.0 0.0 0.0 1.0"/>
        </transform>
    </shape>
    <shape name="temp6" type="ply">
        <string name="filename" value="meshes/Cube_002.ply"/>
        <boolean name="face_normals" value="true"/>
        <ref id="mat-Material" name="bsdf"/>
        <transform name="to_world">
            <matrix value="1.0 8.935261762577098e-05 0.0004482268222652252 -0.0008115668771120355 -9.010295606416005e-05 0.9999985399115188 0.0016738798761855816 -0.018572308799560844 -0.0004480769537628518 -0.0016739205252981188 0.9999985816280168 0.0017726132726857413 0.0 0.0 0.0 1.0"/>
        </transform>
    </shape>
    <shape name="temp7" type="ply">
        <string name="filename" value="meshes/Cube_003.ply"/>
        <boolean name="face_normals" value="true"/>
        <ref id="mat-Material" name="bsdf"/>
        <transform name="to_world">
            <matrix value="0.9999982270352306 0.0005467384752087406 0.0018588190351193632 -0.0011276198235612434 -0.0005544681371636463 0.9999912394691118 0.004159375840680894 -0.01756207462364867 -0.0018565290314116168 -0.004160399063040363 0.9999895986054567 0.005925848841408066 0.0 0.0 0.0 1.0"/>
        </transform>
    </shape>
    <shape name="temp8" type="ply">
        <string name="filename" value="meshes/Cube_004.ply"/>
        <boolean name="face_normals" value="true"/>
        <ref id="mat-Material" name="bsdf"/>
        <transform name="to_world">
            <matrix value="0.9990270855827823 -0.01964306051232419 0.039494520592633635 -0.007672229084163096 0.025089827260042514 0.9894725534653115 -0.14252950568318015 -0.0771352565446507 -0.03627903451430517 0.1433816692148687 0.9890024164330686 0.16507587808414267 0.0 0.0 0.0 1.0"/>
        </transform>
    </shape>
    <shape name="temp9" type="ply">
        <string name="filename" value="meshes/Cube_005.ply"/>
        <boolean name="face_normals" value="true"/>
        <ref id="mat-Material" name="bsdf"/>
        <transform name="to_world">
            <matrix value="0.9978777611710078 -0.04739082188380616 0.044663068099348446 0.02192471476152713 0.0625808250314258 0.8875450280858449 -0.4564507794190443 -0.31680922883308454 -0.018008889645353857 0.4582769287247379 0.8886270679272527 0.018515700032033122 0.0 0.0 0.0 1.0"/>
        </transform>
    </shape>
    <shape name="temp10" type="ply">
        <string name="filename" value="meshes/Cube_006.ply"/>
        <boolean name="face_normals" value="true"/>
        <ref id="mat-Material" name="bsdf"/>
        <transform name="to_world">
            <matrix value="0.9986144280327006 -0.013616770576296924 -0.050830976865880166 -0.003427379570799971 -0.02312382208653132 0.7541394551366956 -0.6563069564999496 -0.37917905755695835 0.04727043208924396 0.6565730054669885 0.7527798908893713 -0.2892047645448655 0.0 0.0 0.0 1.0"/>
        </transform>
    </shape>
    <shape name="temp11" type="ply">
        <string name="filename" value="meshes/Cube_007.ply"/>
        <boolean name="face_normals" value="true"/>
        <ref id="mat-Material" name="bsdf"/>
        <transform name="to_world">
            <matrix value="0.9793383118184058 0.1604381725532567 -0.12311012571030887 0.06610919486073241 -0.20160116448326057 0.7266167872630225 -0.6567993679734443 -0.15314825168162866 -0.015921795410503398 0.6680476322579434 0.7439481613407587 -0.08167283190886415 0.0 0.0 0.0 1.0"/>
        </transform>
    </shape>
    <shape name="temp12" type="ply">
        <string name="filename" value="meshes/Cube_008.ply"/>
        <boolean name="face_normals" value="true"/>
        <ref id="mat-Material" name="bsdf"/>
        <transform name="to_world">
            <matrix value="0.07213905539983015 0.990738658762721 -0.11503427023106698 2.4134143747602663 -0.8471651179819406 -7.6239562974659125e-06 -0.5313304187365048 1.3988362711367568 -0.526410526446429 0.13578263871362034 0.8393183115132563 1.2310621948700058 0.0 0.0 0.0 1.0"/>
        </transform>
    </shape>
    <shape name="temp13" type="ply">
        <string name="filename" value="meshes/Cube_009.ply"/>
        <boolean name="face_normals" value="true"/>
        <ref id="mat-Material" name="bsdf"/>
        <transform name="to_world">
            <matrix value="-0.05793016114476789 0.9940313668722611 0.09244222852714835 2.5415614860723945 -0.8473455171472287 3.901711015116088e-06 -0.5310424892239188 0.9847488656901746 -0.527873222381198 -0.10909384823005988 0.8422876732600476 0.9102468504928893 0.0 0.0 0.0 1.0"/>
        </transform>
    </shape>
    <shape name="temp14" type="ply">
        <string name="filename" value="meshes/Cube_010.ply"/>
        <boolean name="face_normals" value="true"/>
        <ref id="mat-Material" name="bsdf"/>
        <transform name="to_world">
            <matrix value="0.0279108269639574 0.99954194938499 0.011699181268412242 1.7462173799890088 -0.9891060179743169 0.025923349526409872 0.14490572790613782 2.08051719135917 0.1445360771736105 -0.015616167768338192 0.9893763938459676 -0.3750672905946739 0.0 0.0 0.0 1.0"/>
        </transform>
    </shape>
    <shape name="temp15" type="ply">
        <string name="filename" value="meshes/Cube_011.ply"/>
        <boolean name="face_normals" value="true"/>
        <ref id="mat-Material" name="bsdf"/>
        <transform name="to_world">
            <matrix value="-0.005297725108904361 0.9965642032192865 -0.08265517816879667 1.2365026116162081 -0.8173686720671174 0.04330278272006141 0.5744855683014665 2.2798160389284723 0.5760907722502647 0.07060320426846438 0.814330852285541 -1.2689105602736308 0.0 0.0 0.0 1.0"/>
        </transform>
    </shape>
    <shape name="temp16" type="ply">
        <string name="filename" value="meshes/Cube_012.ply"/>
        <boolean name="face_normals" value="true"/>
        <ref id="mat-Material" name="bsdf"/>
        <transform name="to_world">
            <matrix value="0.08204279227767465 0.9889147996654312 0.12376061474132914 1.1423381963237205 -0.8336303049322107 3.796668078085532e-05 0.5523227968782578 1.8135206237257044 0.5461954835495464 -0.1484846784572288 0.8243925467389027 -1.5319374185395267 0.0 0.0 0.0 1.0"/>
        </transform>
    </shape>
    <shape name="temp17" type="ply">
        <string name="filename" value="meshes/Cube_013.ply"/>
        <boolean name="face_normals" value="true"/>
        <ref id="mat-Material" name="bsdf"/>
        <transform name="to_world">
            <matrix value="0.9043724857143364 0.28521910713503523 0.31742786751081864 0.5374693859449375 -0.38507735445288965 0.22485091453684952 0.8950740413814754 1.4391969423680844 0.18391832305900252 -0.9317145819036634 0.31318031621184994 -1.32967596440766 0.0 0.0 0.0 1.0"/>
        </transform>
    </shape>
    <shape name="temp18" type="ply">
        <string name="filename" value="meshes/Cube_014.ply"/>
        <boolean name="face_normals" value="true"/>
        <ref id="mat-Material" name="bsdf"/>
        <transform name="to_world">
            <matrix value="0.9427904160616424 0.287458465697307 0.1688620070625469 0.10849092220282408 -0.21601390536268653 0.14091301418580252 0.9661685186664845 1.0239297461533448 0.25393841961466385 -0.9473706935211703 0.1949464588215882 -0.8425562673618695 0.0 0.0 0.0 1.0"/>
        </transform>
    </shape>
    <shape name="temp19" type="ply">
        <string name="filename" value="meshes/Cube_015.ply"/>
        <boolean name="face_normals" value="true"/>
        <ref id="mat-Material" name="bsdf"/>
        <transform name="to_world">
            <matrix value="0.9827233448044154 0.13612943058635069 0.12539465018455384 0.04813620243151062 -0.14986263955448942 0.18768294387211293 0.970729766569067 0.6377432299406052 0.10861049205091246 -0.9727505772564105 0.2048411399739303 -0.32685009284282907 0.0 0.0 0.0 1.0"/>
        </transform>
    </shape>
    <shape name="temp20" type="ply">
        <string name="filename" value="meshes/Cube_016.ply"/>
        <boolean name="face_normals" value="true"/>
        <ref id="mat-Material" name="bsdf"/>
        <transform name="to_world">
            <matrix value="0.9844386882188264 0.05561431137012618 0.1666976423348105 0.08679529448089096 -0.17426222503532632 0.1865972012189653 0.9668580838456414 0.33924761350405586 0.022665825394883578 -0.9808611601863073 0.19338494946577017 0.04031650004312276 0.0 0.0 0.0 1.0"/>
        </transform>
    </shape>
    <shape name="temp21" type="ply">
        <string name="filename" value="meshes/Cube_017.ply"/>
        <boolean name="face_normals" value="true"/>
        <ref id="mat-Material" name="bsdf"/>
        <transform name="to_world">
            <matrix value="0.9475432913672572 0.03256900482454951 0.3179649577017835 0.18233403729775377 -0.3184811188116881 0.1804219864295205 0.9306007136302238 0.1580504152268055 -0.027059121283200982 -0.9830498328198689 0.18133020598070732 0.24846605148826653 0.0 0.0 0.0 1.0"/>
        </transform>
    </shape>
    <shape name="temp22" type="ply">
        <string name="filename" value="meshes/Cube_018.ply"/>
        <boolean name="face_normals" value="true"/>
        <ref id="mat-Material" name="bsdf"/>
        <transform name="to_world">
            <matrix value="0.17185232267249617 0.9766087567763749 0.12923623978240284 0.8646210994841349 -0.5489763787903771 -0.013989887844346226 0.8357210837685766 -0.03779132024827181 0.8179807881537586 -0.21456813711482345 0.5337307769227096 -0.20710262622637027 0.0 0.0 0.0 1.0"/>
        </transform>
    </shape>
    <shape name="temp23" type="ply">
        <string name="filename" value="meshes/Cube_019.ply"/>
        <boolean name="face_normals" value="true"/>
        <ref id="mat-Material" name="bsdf"/>
        <transform name="to_world">
            <matrix value="-0.07740817372217997 0.9873441616276232 -0.13841792897833247 0.4724391798991249 -0.8989161866364553 -0.009067416456865858 0.43802683654350316 -0.06153062306548654 0.43122829226260445 0.15833293354720154 0.8882415071431577 -0.04868976240099332 0.0 0.0 0.0 1.0"/>
        </transform>
    </shape>
    <shape name="temp24" type="ply">
        <string name="filename" value="meshes/Cube_020.ply"/>
        <boolean name="face_normals" value="true"/>
        <ref id="mat-Material" name="bsdf"/>
        <transform name="to_world">
            <matrix value="0.10831424190774354 0.9691789664360573 -0.22126872420492072 0.04462830717642957 -0.94538502194172 0.03158805193366432 -0.3244209149421655 0.18719753979162926 -0.30743253845278107 0.24432364871609855 0.9196690841099644 0.10312436438124528 0.0 0.0 0.0 1.0"/>
        </transform>
    </shape>
    <shape name="temp25" type="ply">
        <string name="filename" value="meshes/Cube_021.ply"/>
        <boolean name="face_normals" value="true"/>
        <ref id="mat-Material" name="bsdf"/>
        <transform name="to_world">
            <matrix value="0.1998723908607212 0.9289996516646052 -0.31146550448418303 -0.15559951241095374 -0.8044508507571446 -0.025891394447074924 -0.5934546388092106 0.10118282720656598 -0.5593836819868553 0.36917377764521103 0.7421595942699664 0.24246582297730057 0.0 0.0 0.0 1.0"/>
        </transform>
    </shape>
    <shape name="temp26" type="ply">
        <string name="filename" value="meshes/Cube_022.ply"/>
        <boolean name="face_normals" value="true"/>
        <ref id="mat-Material" name="bsdf"/>
        <transform name="to_world">
            <matrix value="0.6367292700526748 0.39831860382167733 -0.6602410475906352 -0.07825246524002294 -0.7134441259017743 -0.020511076856971816 -0.7004119425029821 -0.19690304378128695 -0.292529391323465 0.9170177484184113 0.27111802225992987 0.6675124264560993 0.0 0.0 0.0 1.0"/>
        </transform>
    </shape>
    <shape name="temp27" type="ply">
        <string name="filename" value="meshes/Cube_023.ply"/>
        <boolean name="face_normals" value="true"/>
        <ref id="mat-Material" name="bsdf"/>
        <transform name="to_world">
            <matrix value="0.8548992335473302 0.2997999678780534 -0.42339987546693986 -0.07060933087989307 -0.47826300868575444 0.13919140299902175 -0.8671162748256467 -0.2848015364693412 -0.2010277433527118 0.9437932681577647 0.2623777777042326 0.1727832512193367 0.0 0.0 0.0 1.0"/>
        </transform>
    </shape>
    <shape name="temp28" type="ply">
        <string name="filename" value="meshes/Cube_024.ply"/>
        <boolean name="face_normals" value="true"/>
        <ref id="mat-Material" name="bsdf"/>
        <transform name="to_world">
            <matrix value="0.8594867798881969 0.4273783276980871 -0.28041119549373766 -0.18713514947925558 -0.3839241738427416 0.17756732572279596 -0.9061304873857088 -0.5167823324604192 -0.33746872933387945 0.8864635196892933 0.31669764233481046 -0.32202595800662315 0.0 0.0 0.0 1.0"/>
        </transform>
    </shape>
    <shape name="temp29" type="ply">
        <string name="filename" value="meshes/Cube_025.ply"/>
        <boolean name="face_normals" value="true"/>
        <ref id="mat-Material" name="bsdf"/>
        <transform name="to_world">
            <matrix value="0.8957150987452729 0.3739121819353682 -0.2405913476472282 -0.27458448790663625 -0.32542732883354875 0.18260181509856643 -0.9277682247798096 -0.7964092290179015 -0.30297153327766224 0.9093107756615766 0.28524051570114145 -0.7181524405348911 0.0 0.0 0.0 1.0"/>
        </transform>
    </shape>
    <shape name="temp30" type="ply">
        <string name="filename" value="meshes/Cube_026.ply"/>
        <boolean name="face_normals" value="true"/>
        <ref id="mat-Material" name="bsdf"/>
        <transform name="to_world">
            <matrix value="0.9227612330615379 0.2416112702144036 -0.3002270340754413 -0.32100445382813336 -0.3508040838470499 0.20414035204819128 -0.9139275145725901 -1.145968142229702 -0.15952684889198565 0.9486572400573189 0.2731309284993955 -0.86108608410824 0.0 0.0 0.0 1.0"/>
        </transform>
    </shape>
    <shape name="temp31" type="ply">
        <string name="filename" value="meshes/Cube_027.ply"/>
        <boolean name="face_normals" value="true"/>
        <ref id="mat-Material" name="bsdf"/>
        <transform name="to_world">
            <matrix value="0.8735353094798654 0.18065893793163865 -0.45199401825255625 -0.566758798011739 -0.48259746430578676 0.20024320902418116 -0.8526443890859113 -1.584016086908215 -0.06352913956246775 0.962945874519996 0.2621049774928006 -0.9976215840581847 0.0 0.0 0.0 1.0"/>
        </transform>
    </shape>
    <shape name="temp32" type="ply">
        <string name="filename" value="meshes/Cube_028.ply"/>
        <boolean name="face_normals" value="true"/>
        <ref id="mat-Material" name="bsdf"/>
        <transform name="to_world">
            <matrix value="-0.10844817712627232 0.984024129005075 0.1411918863449074 -1.4879663207312244 -0.795468124752893 -0.0007169389036404178 -0.6059951746985132 -2.122081835738859 -0.5962125926595713 -0.1780326767802129 0.7828377935616313 -1.354738364425399 0.0 0.0 0.0 1.0"/>
        </transform>
    </shape>
    <shape name="temp33" type="ply">
        <string name="filename" value="meshes/Cube_029.ply"/>
        <boolean name="face_normals" value="true"/>
        <ref id="mat-Material" name="bsdf"/>
        <transform name="to_world">
            <matrix value="-0.000869488517393671 0.9804717337299212 0.19665755914256577 -1.604254903347816 -0.9983214456045544 -0.012239740271117574 0.056609566162561506 -1.8085536696910236 0.057911101773496655 -0.19627819274419459 0.9788367080342736 -0.09045231370635376 0.0 0.0 0.0 1.0"/>
        </transform>
    </shape>
    <shape name="temp34" type="ply">
        <string name="filename" value="meshes/Cube_030.ply"/>
        <boolean name="face_normals" value="true"/>
        <ref id="mat-Material" name="bsdf"/>
        <transform name="to_world">
            <matrix value="-0.03900491655119698 0.981286597728586 -0.1885603206093274 -3.201383218936441 -0.9754001612133014 0.003582385963426426 0.220411037191778 -1.9191668540034708 0.21696189165029112 0.19251891242049404 0.9570079181306999 0.26213130956473685 0.0 0.0 0.0 1.0"/>
        </transform>
    </shape>
    <shape name="temp35" type="ply">
        <string name="filename" value="meshes/Cube_031.ply"/>
        <boolean name="face_normals" value="true"/>
        <ref id="mat-Material" name="bsdf"/>
        <transform name="to_world">
            <matrix value="0.12040611531008266 0.980637766648659 0.15444106451654083 -1.9435316245502383 -0.7936322197341616 0.0016284137390154417 0.6083957692800486 -1.2409162562961076 0.5963641811473565 -0.19582391750082914 0.7784616432028542 0.5724107003174259 0.0 0.0 0.0 1.0"/>
        </transform>
    </shape>
    <shape name="temp36" type="ply">
        <string name="filename" value="meshes/Cube_032.ply"/>
        <boolean name="face_normals" value="true"/>
        <ref id="mat-Material" name="bsdf"/>
        <transform name="to_world">
            <matrix value="0.6807378015591452 0.6125525892583377 0.40171580458805517 -0.6807185491286543 -0.509703879424212 0.002219703685471911 0.860347094535911 -0.49611120417908283 0.5261162142947058 -0.7904266169958472 0.3137315901226466 -0.14008271054084132 0.0 0.0 0.0 1.0"/>
        </transform>
    </shape>
    <shape name="temp37" type="ply">
        <string name="filename" value="meshes/Cube_033.ply"/>
        <boolean name="face_normals" value="true"/>
        <ref id="mat-Material" name="bsdf"/>
        <transform name="to_world">
            <matrix value="0.9768858583011097 0.16786558008272445 0.13234526389047144 -0.139149785298057 -0.1501332383024217 0.09807339239043601 0.9837894266042141 0.3004236467991842 0.1521648786316967 -0.9809193551414931 0.12100871305909269 -0.3756533519257711 0.0 0.0 0.0 1.0"/>
        </transform>
    </shape>
    <shape name="temp38" type="ply">
        <string name="filename" value="meshes/Cube_034.ply"/>
        <boolean name="face_normals" value="true"/>
        <ref id="mat-Material" name="bsdf"/>
        <transform name="to_world">
            <matrix value="0.9999250922384922 0.0024635760069917382 0.01201959149941303 -0.034461573062237516 -0.012267143239596686 0.18169389036404177 0.9832788126902687 0.3693650141110333 0.00023849744781721444 -0.9833520711355109 0.18171044786986532 -0.3581015734065356 0.0 0.0 0.0 1.0"/>
        </transform>
    </shape>
    <shape name="temp39" type="ply">
        <string name="filename" value="meshes/Cube_035.ply"/>
        <boolean name="face_normals" value="true"/>
        <ref id="mat-Material" name="bsdf"/>
        <transform name="to_world">
            <matrix value="0.9989198212142326 -0.0463618766725835 0.00316058192965726 0.008738756644552925 0.006540099144189905 0.20759913479328276 0.978192294363248 0.09141875396316129 -0.04600697307043812 -0.9771147817272013 0.20767809669609158 -0.14795780798257624 0.0 0.0 0.0 1.0"/>
        </transform>
    </shape>
    <shape name="temp40" type="ply">
        <string name="filename" value="meshes/Cube_036.ply"/>
        <boolean name="face_normals" value="true"/>
        <ref id="mat-Material" name="bsdf"/>
        <transform name="to_world">
            <matrix value="0.999371927230434 -0.03528775215206613 0.0032999842560709866 0.003189296632499783 0.004177432995228952 0.20974296185205965 0.9777476347465204 -0.24587615308638697 -0.035194671531681994 -0.977119579160783 0.20975873019775415 0.21352174928245773 0.0 0.0 0.0 1.0"/>
        </transform>
    </shape>
    <shape name="temp41" type="ply">
        <string name="filename" value="meshes/Cube_037.ply"/>
        <boolean name="face_normals" value="true"/>
        <ref id="mat-Material" name="bsdf"/>
        <transform name="to_world">
            <matrix value="0.9988515620706101 -0.047794786649785266 0.003381800679967529 -0.0059099199394054835 0.006725422719125148 0.20973399273710272 0.9777353421893329 -0.5698372132555902 -0.04743992752120022 -0.9765895670420485 0.20981466133295765 0.5125007733722786 0.0 0.0 0.0 1.0"/>
        </transform>
    </shape>
    <shape name="temp42" type="ply">
        <string name="filename" value="meshes/Cube_038.ply"/>
        <boolean name="face_normals" value="true"/>
        <ref id="mat-Material" name="bsdf"/>
        <transform name="to_world">
            <matrix value="0.9991427715339868 -0.04125081608516905 0.0035052699611035124 0.007317712743941218 0.005229993422300705 0.2097594399934922 0.9777391245146213 -0.9048000319268361 -0.04106779905926489 -0.9768824190745959 0.20979541875305247 0.861618103291111 0.0 0.0 0.0 1.0"/>
        </transform>
    </shape>
    <shape name="temp43" type="ply">
        <string name="filename" value="meshes/Cube_039.ply"/>
        <boolean name="face_normals" value="true"/>
        <ref id="mat-Material" name="bsdf"/>
        <transform name="to_world">
            <matrix value="0.9999581980361656 -0.007122455900687025 -0.005766341847895762 0.021031990832682812 0.008281947779786426 0.43301065342904893 0.9013507388332864 -1.3192653186735395 -0.003922941205679172 -0.9013607003012387 0.4330514281732355 1.4732537691912522 0.0 0.0 0.0 1.0"/>
        </transform>
    </shape>
    <shape name="temp47" type="ply">
        <string name="filename" value="meshes/Plane_001.ply"/>
        <boolean name="face_normals" value="true"/>
        <ref id="mat-Material.002" name="bsdf"/>
    </shape>
    <shape name="temp49" type="ply">
        <string name="filename" value="meshes/Plane_002.ply"/>
        <boolean name="face_normals" value="true"/>
        <ref id="mat-Material.003" name="bsdf"/>
    </shape>
    <shape name="temp51" type="ply">
        <string name="filename" value="meshes/Plane_003.ply"/>
        <boolean name="face_normals" value="true"/>
        <ref id="mat-Material.004" name="bsdf"/>
    </shape>
    <shape name="temp53" type="ply">
        <string name="filename" value="meshes/Plane_004.ply"/>
        <boolean name="face_normals" value="true"/>
        <ref id="mat-Material.005" name="bsdf"/>
    </shape>
    <emitter type="point">
        <rgb name="intensity" value="100"/>
        <animation name="to_world">
            <transform time="0">
                <rotate angle="-142.5518126578256" x="1"/>
                <rotate angle="3.976628485794621e-06" y="1"/>
                <rotate angle="-179.999991348578" z="1"/>
                <translate value="-0.000000 3.030926 4.073377"/>
                <translate x="33.0" y="0.0" z="0.0"/>
            </transform>
            <transform time="0.0015">
                <rotate angle="-142.5518126578256" x="1"/>
                <rotate angle="3.976628485794621e-06" y="1"/>
                <rotate angle="-179.999991348578" z="1"/>
                <translate value="-0.000000 3.030926 4.073377"/>
                <translate x="33.15" y="0.0" z="0.0"/>
            </transform>
        </animation>
    </emitter>
</scene>
