
<scene version="2.1.0">
    <default name="spp" value="1024"/>
    <default name="resx" value="1280"/>
    <default name="resy" value="720"/>
    <integrator name="temp0" type="path">
        <integer name="max_depth" value="12"/>
    </integrator>
    <sensor name="temp44" type="perspective">
        <string name="fov_axis" value="x"/>
        <float name="fov" value="83.974423"/>
        <float name="principal_point_offset_x" value="0.000000"/>
        <float name="principal_point_offset_y" value="-0.000000"/>
        <float name="near_clip" value="0.100000"/>
        <float name="far_clip" value="1000.000000"/>
        <sampler name="sampler" type="independent">
            <integer name="sample_count" value="$spp"/>
        </sampler>
        <film name="film" type="hdrfilm">
            <integer name="width" value="$resx"/>
            <integer name="height" value="$resy"/>
        </film>
        <float name="shutter_open" value="0.0"/>
        <float name="shutter_close" value="0.0015"/>
        <animation name="to_world">
            <transform time="0">
                <rotate angle="-142.5518126578256" x="1"/>
                <rotate angle="3.976628485794621e-06" y="1"/>
                <rotate angle="-179.999991348578" z="1"/>
                <translate value="-0.000000 3.030926 4.073377"/>
                <translate x="28.05" y="0.0" z="0.0"/>
            </transform>
            <transform time="0.0015">
                <rotate angle="-142.5518126578256" x="1"/>
                <rotate angle="3.976628485794621e-06" y="1"/>
                <rotate angle="-179.999991348578" z="1"/>
                <translate value="-0.000000 3.030926 4.073377"/>
                <translate x="28.2" y="0.0" z="0.0"/>
            </transform>
        </animation>
    </sensor>
    <bsdf id="mat-Material" name="mat-Material" type="twosided">
        <bsdf name="bsdf" type="diffuse">
            <texture name="reflectance" type="bitmap">
                <string name="filename" value="textures/siggraph_2023_logo.jpg"/>
            </texture>
        </bsdf>
    </bsdf>
    <bsdf id="mat-Material.001" name="mat-Material.001" type="twosided">
        <bsdf name="bsdf" type="principled">
            <rgb name="base_color" value="0.433648 0.266232 0.084399"/>
            <float name="spec_tint" value="0.000000"/>
            <float name="spec_trans" value="0.000000"/>
            <float name="metallic" value="0.000000"/>
            <float name="anisotropic" value="0.000000"/>
            <float name="roughness" value="0.500000"/>
            <float name="sheen" value="0.000000"/>
            <float name="sheen_tint" value="0.500000"/>
            <float name="clearcoat" value="0.000000"/>
            <float name="clearcoat_gloss" value="0.173205"/>
            <float name="specular" value="0.500000"/>
        </bsdf>
    </bsdf>
    <bsdf id="mat-Material.002" name="mat-Material.002" type="twosided">
        <bsdf name="bsdf" type="principled">
            <rgb name="base_color" value="0.433648 0.266232 0.084399"/>
            <float name="spec_tint" value="0.000000"/>
            <float name="spec_trans" value="0.000000"/>
            <float name="metallic" value="0.000000"/>
            <float name="anisotropic" value="0.000000"/>
            <float name="roughness" value="0.500000"/>
            <float name="sheen" value="0.000000"/>
            <float name="sheen_tint" value="0.500000"/>
            <float name="clearcoat" value="0.000000"/>
            <float name="clearcoat_gloss" value="0.173205"/>
            <float name="specular" value="0.500000"/>
        </bsdf>
    </bsdf>
    <bsdf id="mat-Material.003" name="mat-Material.003" type="twosided">
        <bsdf name="bsdf" type="principled">
            <rgb name="base_color" value="0.433648 0.266232 0.084399"/>
            <float name="spec_tint" value="0.000000"/>
            <float name="spec_trans" value="0.000000"/>
            <float name="metallic" value="0.000000"/>
            <float name="anisotropic" value="0.000000"/>
            <float name="roughness" value="0.500000"/>
            <float name="sheen" value="0.000000"/>
            <float name="sheen_tint" value="0.500000"/>
            <float name="clearcoat" value="0.000000"/>
            <float name="clearcoat_gloss" value="0.173205"/>
            <float name="specular" value="0.500000"/>
        </bsdf>
    </bsdf>
    <bsdf id="mat-Material.004" name="mat-Material.004" type="twosided">
        <bsdf name="bsdf" type="principled">
            <rgb name="base_color" value="0.433648 0.266232 0.084399"/>
            <float name="spec_tint" value="0.000000"/>
            <float name="spec_trans" value="0.000000"/>
            <float name="metallic" value="0.000000"/>
            <float name="anisotropic" value="0.000000"/>
            <float name="roughness" value="0.500000"/>
            <float name="sheen" value="0.000000"/>
            <float name="sheen_tint" value="0.500000"/>
            <float name="clearcoat" value="0.000000"/>
            <float name="clearcoat_gloss" value="0.173205"/>
            <float name="specular" value="0.500000"/>
        </bsdf>
    </bsdf>
    <bsdf id="mat-Material.005" name="mat-Material.005" type="twosided">
        <bsdf name="bsdf" type="principled">
            <rgb name="base_color" value="0.433648 0.266232 0.084399"/>
            <float name="spec_tint" value="0.000000"/>
            <float name="spec_trans" value="0.000000"/>
            <float name="metallic" value="0.000000"/>
            <float name="anisotropic" value="0.000000"/>
            <float name="roughness" value="0.500000"/>
            <float name="sheen" value="0.000000"/>
            <float name="sheen_tint" value="0.500000"/>
            <float name="clearcoat" value="0.000000"/>
            <float name="clearcoat_gloss" value="0.173205"/>
            <float name="specular" value="0.500000"/>
        </bsdf>
    </bsdf>
    <emitter name="temp45" type="point">
        <point name="position" x="-6.815235034541981e-16" y="3.0693089962005615" z="4.109199523925781"/>
        <rgb name="intensity" value="7.957747 7.957747 7.957747"/>
    </emitter>
    <shape name="temp2" type="ply">
        <string name="filename" value="meshes/Cube.ply"/>
        <boolean name="face_normals" value="true"/>
        <ref id="mat-Material" name="bsdf"/>
        <transform name="to_world">
            <matrix value="0.9999991135176153 0.00016053140963199512 0.0014784152151599381 -0.002381675739659972 -0.00015975143920415159 0.999999165663725 -0.0005232267868059257 -0.01669991521558198 -0.0014785085643063188 0.000522990136059388 0.999998227035021 0.003348822955160813 0.0 0.0 0.0 1.0"/>
        </transform>
    </shape>
    <shape name="temp4" type="ply">
        <string name="filename" value="meshes/Plane.ply"/>
        <boolean name="face_normals" value="true"/>
        <ref id="mat-Material.001" name="bsdf"/>
    </shape>
    <shape name="temp5" type="ply">
        <string name="filename" value="meshes/Cube_001.ply"/>
        <boolean name="face_normals" value="true"/>
        <ref id="mat-Material" name="bsdf"/>
        <transform name="to_world">
            <matrix value="0.9999984486558267 0.00016547401772547417 -0.0018367302554346105 0.002447052151937079 -0.0001705410379290353 0.9999948896903152 -0.002771159627838103 -0.0145081952049248 0.001836135504151397 0.002771470079658256 0.9999933809307451 -0.004164952232278307 0.0 0.0 0.0 1.0"/>
        </transform>
    </shape>
    <shape name="temp6" type="ply">
        <string name="filename" value="meshes/Cube_002.ply"/>
        <boolean name="face_normals" value="true"/>
        <ref id="mat-Material" name="bsdf"/>
        <transform name="to_world">
            <matrix value="1.0 5.318221069911123e-05 0.00031177707352982194 -0.0009035089697879695 -5.402137220381293e-05 0.9999950982743839 0.00264264448837195 -0.01925880479972797 -0.0003115630989296612 -0.0026426610738325028 0.9999952720933893 0.0008364334340337232 0.0 0.0 0.0 1.0"/>
        </transform>
    </shape>
    <shape name="temp7" type="ply">
        <string name="filename" value="meshes/Cube_003.ply"/>
        <boolean name="face_normals" value="true"/>
        <ref id="mat-Material" name="bsdf"/>
        <transform name="to_world">
            <matrix value="0.9999991135176153 6.590422236730403e-05 0.00142218740381665 -0.0010945896388807608 -6.695136048451579e-05 0.9999959326106591 0.0007489134088632175 -0.017730922920404346 -0.001421108829896441 -0.0007490087042131897 0.9999951538957241 0.004111962662858321 0.0 0.0 0.0 1.0"/>
        </transform>
    </shape>
    <shape name="temp8" type="ply">
        <string name="filename" value="meshes/Cube_004.ply"/>
        <boolean name="face_normals" value="true"/>
        <ref id="mat-Material" name="bsdf"/>
        <transform name="to_world">
            <matrix value="0.9999995567588077 -0.00026634381329222837 0.001179332570879594 -0.0004521080882788908 0.0002681474025179646 0.9999986442035531 -0.001532349991797082 -0.01850168496834828 -0.001178890815510605 0.001532664265168755 0.9999981088373557 0.0036412287241257817 0.0 0.0 0.0 1.0"/>
        </transform>
    </shape>
    <shape name="temp9" type="ply">
        <string name="filename" value="meshes/Cube_005.ply"/>
        <boolean name="face_normals" value="true"/>
        <ref id="mat-Material" name="bsdf"/>
        <transform name="to_world">
            <matrix value="0.9999995567588077 -0.0006756882752809106 0.0008167198634958803 -0.0006781994916043033 0.000679681557797765 0.9999876935399428 -0.004898205806720341 -0.021040762502094107 -0.0008133963445012384 0.004898756421782018 0.9999878256404777 0.0018890200085961983 0.0 0.0 0.0 1.0"/>
        </transform>
    </shape>
    <shape name="temp10" type="ply">
        <string name="filename" value="meshes/Cube_006.ply"/>
        <boolean name="face_normals" value="true"/>
        <ref id="mat-Material" name="bsdf"/>
        <transform name="to_world">
            <matrix value="0.9999991135176153 0.00020694105205632606 -0.0015313583133855072 -0.0013067310212633299 -0.00020718578188632815 0.9999998957079657 -0.0001574551286203354 -0.017367099843643763 0.0015313141037574442 0.0001577729896145992 0.9999988180233473 -0.0037195340204743688 0.0 0.0 0.0 1.0"/>
        </transform>
    </shape>
    <shape name="temp11" type="ply">
        <string name="filename" value="meshes/Cube_007.ply"/>
        <boolean name="face_normals" value="true"/>
        <ref id="mat-Material" name="bsdf"/>
        <transform name="to_world">
            <matrix value="0.9999995567588076 -0.0007806060618702065 -0.0001879041473669579 0.00045013421379103136 0.0007809941944268627 0.9999955154425215 0.002006592474780164 -0.017584519724470976 0.00018487390674559907 -0.0020067412285184483 0.9999960994770463 -0.00046226296335694084 0.0 0.0 0.0 1.0"/>
        </transform>
    </shape>
    <shape name="temp12" type="ply">
        <string name="filename" value="meshes/Cube_008.ply"/>
        <boolean name="face_normals" value="true"/>
        <ref id="mat-Material" name="bsdf"/>
        <transform name="to_world">
            <matrix value="0.999997562173442 0.0022216018004976817 8.67354561318821e-05 8.42582783224799e-05 -0.002221327613748987 0.9999928038496276 -0.0030573835481142505 -0.016498897163316595 -9.353608071954001e-05 0.0030571812366115107 0.9999953902910547 -0.00011729570312279947 0.0 0.0 0.0 1.0"/>
        </transform>
    </shape>
    <shape name="temp13" type="ply">
        <string name="filename" value="meshes/Cube_009.ply"/>
        <boolean name="face_normals" value="true"/>
        <ref id="mat-Material" name="bsdf"/>
        <transform name="to_world">
            <matrix value="0.9907573130364327 0.12440854944381058 0.0054279086436061445 0.0572142283575221 -0.12434595329656203 0.9907337570371051 -0.008895284433225648 0.2428445523412796 -0.006716114654085709 0.007998317769485402 0.99993310012146 0.030271475408397253 0.0 0.0 0.0 1.0"/>
        </transform>
    </shape>
    <shape name="temp14" type="ply">
        <string name="filename" value="meshes/Cube_010.ply"/>
        <boolean name="face_normals" value="true"/>
        <ref id="mat-Material" name="bsdf"/>
        <transform name="to_world">
            <matrix value="0.9197256957556996 0.3873507320257894 0.01252165972215984 0.1595027508391439 -0.38701726601740694 0.9196736493660087 -0.022456669917890446 0.6471579345332128 -0.02042826407246462 0.01569149999061372 0.9996618364796763 0.02428856680081648 0.0 0.0 0.0 1.0"/>
        </transform>
    </shape>
    <shape name="temp15" type="ply">
        <string name="filename" value="meshes/Cube_011.ply"/>
        <boolean name="face_normals" value="true"/>
        <ref id="mat-Material" name="bsdf"/>
        <transform name="to_world">
            <matrix value="0.8448633664700449 0.5306505945688881 -0.025589179902047232 0.2208266529541496 -0.5204662188157659 0.8367486541112963 0.15775246666707643 0.9985966924673537 0.10599776251846099 -0.11907836086295401 0.986938685197539 -0.25076611828322826 0.0 0.0 0.0 1.0"/>
        </transform>
    </shape>
    <shape name="temp16" type="ply">
        <string name="filename" value="meshes/Cube_012.ply"/>
        <boolean name="face_normals" value="true"/>
        <ref id="mat-Material" name="bsdf"/>
        <transform name="to_world">
            <matrix value="0.884596393435066 0.46267096071736236 0.001976247233583644 0.2126029444154608 -0.42570599457118186 0.8142604756133937 0.38891854336979653 1.0451619795153997 0.18023126552452276 -0.3438631438208013 0.9203989549435228 -0.7767596749705225 0.0 0.0 0.0 1.0"/>
        </transform>
    </shape>
    <shape name="temp17" type="ply">
        <string name="filename" value="meshes/Cube_013.ply"/>
        <boolean name="face_normals" value="true"/>
        <ref id="mat-Material" name="bsdf"/>
        <transform name="to_world">
            <matrix value="0.9359992961329866 0.3186658754377658 0.14768314846430503 0.2636991897098106 -0.32459111000005325 0.6279665347720073 0.7053479952021203 1.1393010525675726 0.13298784898595278 -0.7080075423999267 0.6918237001448158 -0.8416894652102841 0.0 0.0 0.0 1.0"/>
        </transform>
    </shape>
    <shape name="temp18" type="ply">
        <string name="filename" value="meshes/Cube_014.ply"/>
        <boolean name="face_normals" value="true"/>
        <ref id="mat-Material" name="bsdf"/>
        <transform name="to_world">
            <matrix value="0.9438014492214025 0.3037835064233464 0.12998772871839218 0.09222055503708648 -0.2112747483719751 0.2527154516992301 0.9439259638192219 0.9973769156298616 0.2540450634455443 -0.918335061104703 0.302749017659204 -0.7740232380255069 0.0 0.0 0.0 1.0"/>
        </transform>
    </shape>
    <shape name="temp19" type="ply">
        <string name="filename" value="meshes/Cube_015.ply"/>
        <boolean name="face_normals" value="true"/>
        <ref id="mat-Material" name="bsdf"/>
        <transform name="to_world">
            <matrix value="0.9735597763936833 0.2051881324008235 0.1001503119709177 0.03960128099055377 -0.147978620704328 0.23261556078869808 0.9611780950413242 0.6295289125785206 0.17395392862398434 -0.9505875813217138 0.2568179959254901 -0.40682385413595684 0.0 0.0 0.0 1.0"/>
        </transform>
    </shape>
    <shape name="temp20" type="ply">
        <string name="filename" value="meshes/Cube_016.ply"/>
        <boolean name="face_normals" value="true"/>
        <ref id="mat-Material" name="bsdf"/>
        <transform name="to_world">
            <matrix value="0.9682302442968156 0.2068425690882582 0.1402633609458839 0.06399132673404068 -0.18800212578475853 0.23254714521414283 0.954175001572029 0.34781283304925487 0.1647698603081058 -0.9502330926968461 0.26403502716891536 -0.18973025597206944 0.0 0.0 0.0 1.0"/>
        </transform>
    </shape>
    <shape name="temp21" type="ply">
        <string name="filename" value="meshes/Cube_017.ply"/>
        <boolean name="face_normals" value="true"/>
        <ref id="mat-Material" name="bsdf"/>
        <transform name="to_world">
            <matrix value="0.9449341520884639 0.187964626227778 0.2677978498426316 0.17594835308828 -0.30770947135509474 0.2318561061943211 0.9227305220885433 0.1370945293304224 0.1113709538727756 -0.9543250949578973 0.2769221186127755 0.03051285024381095 0.0 0.0 0.0 1.0"/>
        </transform>
    </shape>
    <shape name="temp22" type="ply">
        <string name="filename" value="meshes/Cube_018.ply"/>
        <boolean name="face_normals" value="true"/>
        <ref id="mat-Material" name="bsdf"/>
        <transform name="to_world">
            <matrix value="0.17748864416065188 0.9799440160359433 0.09053651575031169 0.8649583639914561 -0.4139593716258264 -0.009140919396858307 0.9101600821899285 -0.10695117922871059 0.8927314206589401 -0.19905177682338981 0.4040388615011765 -0.21572676556527373 0.0 0.0 0.0 1.0"/>
        </transform>
    </shape>
    <shape name="temp23" type="ply">
        <string name="filename" value="meshes/Cube_019.ply"/>
        <boolean name="face_normals" value="true"/>
        <ref id="mat-Material" name="bsdf"/>
        <transform name="to_world">
            <matrix value="-0.05364907176429497 0.988056997682631 -0.14443765333192127 0.4635104078011534 -0.955170142564097 -0.008633588709761525 0.29575242506149824 0.058464301091695606 0.29097383635889773 0.15384603992716245 0.944225594900669 -0.046490414995435325 0.0 0.0 0.0 1.0"/>
        </transform>
    </shape>
    <shape name="temp24" type="ply">
        <string name="filename" value="meshes/Cube_020.ply"/>
        <boolean name="face_normals" value="true"/>
        <ref id="mat-Material" name="bsdf"/>
        <transform name="to_world">
            <matrix value="0.048687683989131654 0.9958413497398747 -0.07673871126575732 -0.09500962636171109 -0.885784551599887 0.007549605219297635 -0.4640349333260322 0.32312284938056823 -0.4615249453122725 0.09056672511101774 0.8824690873911083 0.14450257815258166 0.0 0.0 0.0 1.0"/>
        </transform>
    </shape>
    <shape name="temp25" type="ply">
        <string name="filename" value="meshes/Cube_021.ply"/>
        <boolean name="face_normals" value="true"/>
        <ref id="mat-Material" name="bsdf"/>
        <transform name="to_world">
            <matrix value="0.27777112177253926 0.9211925585547628 -0.2724380537856112 -0.13104324784220384 -0.6731078476739588 -0.015707966659922447 -0.7393766302412981 0.268005442271075 -0.6853862935639605 0.38875804873775355 0.6157001485981048 0.22619550326183202 0.0 0.0 0.0 1.0"/>
        </transform>
    </shape>
    <shape name="temp26" type="ply">
        <string name="filename" value="meshes/Cube_022.ply"/>
        <boolean name="face_normals" value="true"/>
        <ref id="mat-Material" name="bsdf"/>
        <transform name="to_world">
            <matrix value="0.604883941726194 0.39224828596041494 -0.6929491783134706 -0.08839518052476047 -0.7469997003689539 -0.021788045212682745 -0.6643993596523287 -0.22599634884120512 -0.27571124697931126 0.9196011664021125 0.2798297811782984 0.6681971580285568 0.0 0.0 0.0 1.0"/>
        </transform>
    </shape>
    <shape name="temp27" type="ply">
        <string name="filename" value="meshes/Cube_023.ply"/>
        <boolean name="face_normals" value="true"/>
        <ref id="mat-Material" name="bsdf"/>
        <transform name="to_world">
            <matrix value="0.861623867297133 0.2915074996401925 -0.415389974284916 -0.07616538382002397 -0.4731076703774819 0.16558167839256774 -0.8652777101424471 -0.2794672391467894 -0.18345848248399454 0.942065044856004 0.2806087037923958 0.1767633055368768 0.0 0.0 0.0 1.0"/>
        </transform>
    </shape>
    <shape name="temp28" type="ply">
        <string name="filename" value="meshes/Cube_024.ply"/>
        <boolean name="face_normals" value="true"/>
        <ref id="mat-Material" name="bsdf"/>
        <transform name="to_world">
            <matrix value="0.896897666246474 0.3355030943446602 -0.2879707635711013 -0.12539330347887556 -0.36376975304373727 0.1897551118740653 -0.9119527861790051 -0.4946872907790557 -0.25132362901066796 0.9226913393808809 0.2922205606257101 -0.23140016394281843 0.0 0.0 0.0 1.0"/>
        </transform>
    </shape>
    <shape name="temp29" type="ply">
        <string name="filename" value="meshes/Cube_025.ply"/>
        <boolean name="face_normals" value="true"/>
        <ref id="mat-Material" name="bsdf"/>
        <transform name="to_world">
            <matrix value="0.8929732087293694 0.3846887821401977 -0.23365790806207365 -0.28166564953215595 -0.3230874585791106 0.18642851928255424 -0.9278188133805432 -0.7941531838720445 -0.3133626581706195 0.9040173291644331 0.2907750031795172 -0.7293552586133845 0.0 0.0 0.0 1.0"/>
        </transform>
    </shape>
    <shape name="temp30" type="ply">
        <string name="filename" value="meshes/Cube_026.ply"/>
        <boolean name="face_normals" value="true"/>
        <ref id="mat-Material" name="bsdf"/>
        <transform name="to_world">
            <matrix value="0.9274915030663426 0.23324830056129975 -0.2921313213884349 -0.2964322843152226 -0.3419647463685249 0.21377218030841244 -0.9150677674494032 -1.1333178223480413 -0.15098672138035946 0.9486182348364598 0.2780305763176321 -0.8259043262383652 0.0 0.0 0.0 1.0"/>
        </transform>
    </shape>
    <shape name="temp31" type="ply">
        <string name="filename" value="meshes/Cube_027.ply"/>
        <boolean name="face_normals" value="true"/>
        <ref id="mat-Material" name="bsdf"/>
        <transform name="to_world">
            <matrix value="0.8784233733491482 0.18090606833631262 -0.4422334914502901 -0.5230186648780333 -0.4738399048272512 0.2111422063605626 -0.8549133114683412 -1.5726023191426317 -0.061284654812624226 0.9605224405170383 0.27119827847464495 -0.960114570552703 0.0 0.0 0.0 1.0"/>
        </transform>
    </shape>
    <shape name="temp32" type="ply">
        <string name="filename" value="meshes/Cube_028.ply"/>
        <boolean name="face_normals" value="true"/>
        <ref id="mat-Material" name="bsdf"/>
        <transform name="to_world">
            <matrix value="-0.11205514097729363 0.9806554962945041 0.16048992459461747 -1.4599363095631293 -0.8242072188033551 -0.001510526195030276 -0.5662379716145942 -2.1071084296182914 -0.5550416912665528 -0.19573583244858925 0.8084321978004834 -1.2247593326125759 0.0 0.0 0.0 1.0"/>
        </transform>
    </shape>
    <shape name="temp33" type="ply">
        <string name="filename" value="meshes/Cube_029.ply"/>
        <boolean name="face_normals" value="true"/>
        <ref id="mat-Material" name="bsdf"/>
        <transform name="to_world">
            <matrix value="-0.011489199541865903 0.9830741328638801 0.18284383346232638 -1.6457330785438988 -0.9996642447967916 -0.00707805320145258 -0.02477596814525642 -1.9277987039779103 -0.023062767828490482 -0.18306790662942746 0.9828252882486463 -0.24076811926287767 0.0 0.0 0.0 1.0"/>
        </transform>
    </shape>
    <shape name="temp34" type="ply">
        <string name="filename" value="meshes/Cube_030.ply"/>
        <boolean name="face_normals" value="true"/>
        <ref id="mat-Material" name="bsdf"/>
        <transform name="to_world">
            <matrix value="-0.041065378534139586 0.9819150542545039 -0.18481021846513712 -3.2029743293205737 -0.9719347013034426 0.0036057571758488166 0.235125845110345 -1.8863617932721117 0.23153993087120828 0.1892874856079067 0.9542093962920861 0.2937692101996411 0.0 0.0 0.0 1.0"/>
        </transform>
    </shape>
    <shape name="temp35" type="ply">
        <string name="filename" value="meshes/Cube_031.ply"/>
        <boolean name="face_normals" value="true"/>
        <ref id="mat-Material" name="bsdf"/>
        <transform name="to_world">
            <matrix value="0.11312355170940397 0.9837580800253638 0.13935633570217215 -1.9847297985022183 -0.779443182684517 0.0008944314311161543 0.626374461550536 -1.1852041891002092 0.616075560212543 -0.1794961860403026 0.7668847728784582 0.6065501329962446 0.0 0.0 0.0 1.0"/>
        </transform>
    </shape>
    <shape name="temp36" type="ply">
        <string name="filename" value="meshes/Cube_032.ply"/>
        <boolean name="face_normals" value="true"/>
        <ref id="mat-Material" name="bsdf"/>
        <transform name="to_world">
            <matrix value="0.7731081579427934 0.5892794046176342 0.23461144408706724 -0.5777375668472124 -0.2729182955780486 -0.024831411926419886 0.9617112847093354 0.320629153583886 0.5725479453997769 -0.8075456329796443 0.14162570723573012 -0.18037722956015845 0.0 0.0 0.0 1.0"/>
        </transform>
    </shape>
    <shape name="temp37" type="ply">
        <string name="filename" value="meshes/Cube_033.ply"/>
        <boolean name="face_normals" value="true"/>
        <ref id="mat-Material" name="bsdf"/>
        <transform name="to_world">
            <matrix value="0.9779884207670909 0.16069896521443489 0.13309678828576033 -0.13219565372245667 -0.1501358977495758 0.09896660151890921 0.9836995963786126 0.3003345629201917 0.1449074246445649 -0.9820292309713969 0.12091486411287217 -0.39300827718576875 0.0 0.0 0.0 1.0"/>
        </transform>
    </shape>
    <shape name="temp38" type="ply">
        <string name="filename" value="meshes/Cube_034.ply"/>
        <boolean name="face_normals" value="true"/>
        <ref id="mat-Material" name="bsdf"/>
        <transform name="to_world">
            <matrix value="0.9999257571002806 0.0021861988265060293 0.012004273081994667 -0.036448774694615826 -0.012201700893751541 0.18063452316638962 0.9834746662216132 0.3696056615553637 -1.8313839585693583e-05 -0.9835478272840478 0.18064776812076588 -0.35130058266037606 0.0 0.0 0.0 1.0"/>
        </transform>
    </shape>
    <shape name="temp39" type="ply">
        <string name="filename" value="meshes/Cube_035.ply"/>
        <boolean name="face_normals" value="true"/>
        <ref id="mat-Material" name="bsdf"/>
        <transform name="to_world">
            <matrix value="0.9990007127318374 -0.04460342953925865 0.002865087766494366 0.008980905692168362 0.006648504858809951 0.21168748683313066 0.9773147948963193 0.09168078629559112 -0.04419810798064632 -0.976319033504859 0.21177248746040966 -0.14153001265236254 0.0 0.0 0.0 1.0"/>
        </transform>
    </shape>
    <shape name="temp40" type="ply">
        <string name="filename" value="meshes/Cube_036.ply"/>
        <boolean name="face_normals" value="true"/>
        <ref id="mat-Material" name="bsdf"/>
        <transform name="to_world">
            <matrix value="0.9996828609268706 -0.025018793424595814 0.0029002515719107505 0.004565710165778114 0.0024646315690560914 0.21177436209777167 0.9773155040823109 -0.25039458486931737 -0.02506546007549284 -0.9769982875247955 0.21176882333278646 0.23772725280129411 0.0 0.0 0.0 1.0"/>
        </transform>
    </shape>
    <shape name="temp41" type="ply">
        <string name="filename" value="meshes/Cube_037.ply"/>
        <boolean name="face_normals" value="true"/>
        <ref id="mat-Material" name="bsdf"/>
        <transform name="to_world">
            <matrix value="0.9989393238266963 -0.045946606650077285 0.0030709408203201645 -0.004667022146782163 0.006737875580424341 0.21180940422132438 0.9772878458286389 -0.5695197225621664 -0.04555351516860008 -0.9762302809835991 0.2118943492532981 0.5093418195436319 0.0 0.0 0.0 1.0"/>
        </transform>
    </shape>
    <shape name="temp42" type="ply">
        <string name="filename" value="meshes/Cube_038.ply"/>
        <boolean name="face_normals" value="true"/>
        <ref id="mat-Material" name="bsdf"/>
        <transform name="to_world">
            <matrix value="0.9992688736532116 -0.03811070808033824 0.0031036697538320865 0.0049586980285010185 0.00504325147554993 0.21182390081410363 0.9772949376885549 -0.9047592040899477 -0.037902824244229444 -0.9765644326617622 0.21186126572679034 0.8572027515885515 0.0 0.0 0.0 1.0"/>
        </transform>
    </shape>
    <shape name="temp43" type="ply">
        <string name="filename" value="meshes/Cube_039.ply"/>
        <boolean name="face_normals" value="true"/>
        <ref id="mat-Material" name="bsdf"/>
        <transform name="to_world">
            <matrix value="0.999965459197667 -0.004312436091647059 -0.007111572083729234 0.020242108217864763 0.008277639099184424 0.43300552184499164 0.9013532437215176 -1.3192779883345986 -0.0008076691420193431 -0.9013810012629716 0.43302621750786563 1.4708571036402964 0.0 0.0 0.0 1.0"/>
        </transform>
    </shape>
    <shape name="temp47" type="ply">
        <string name="filename" value="meshes/Plane_001.ply"/>
        <boolean name="face_normals" value="true"/>
        <ref id="mat-Material.002" name="bsdf"/>
    </shape>
    <shape name="temp49" type="ply">
        <string name="filename" value="meshes/Plane_002.ply"/>
        <boolean name="face_normals" value="true"/>
        <ref id="mat-Material.003" name="bsdf"/>
    </shape>
    <shape name="temp51" type="ply">
        <string name="filename" value="meshes/Plane_003.ply"/>
        <boolean name="face_normals" value="true"/>
        <ref id="mat-Material.004" name="bsdf"/>
    </shape>
    <shape name="temp53" type="ply">
        <string name="filename" value="meshes/Plane_004.ply"/>
        <boolean name="face_normals" value="true"/>
        <ref id="mat-Material.005" name="bsdf"/>
    </shape>
    <emitter type="point">
        <rgb name="intensity" value="100"/>
        <animation name="to_world">
            <transform time="0">
                <rotate angle="-142.5518126578256" x="1"/>
                <rotate angle="3.976628485794621e-06" y="1"/>
                <rotate angle="-179.999991348578" z="1"/>
                <translate value="-0.000000 3.030926 4.073377"/>
                <translate x="28.05" y="0.0" z="0.0"/>
            </transform>
            <transform time="0.0015">
                <rotate angle="-142.5518126578256" x="1"/>
                <rotate angle="3.976628485794621e-06" y="1"/>
                <rotate angle="-179.999991348578" z="1"/>
                <translate value="-0.000000 3.030926 4.073377"/>
                <translate x="28.2" y="0.0" z="0.0"/>
            </transform>
        </animation>
    </emitter>
</scene>
