
<scene version="2.1.0">
    <default name="spp" value="1024"/>
    <default name="resx" value="1280"/>
    <default name="resy" value="720"/>
    <integrator name="temp0" type="path">
        <integer name="max_depth" value="12"/>
    </integrator>
    <sensor name="temp44" type="perspective">
        <string name="fov_axis" value="x"/>
        <float name="fov" value="83.974423"/>
        <float name="principal_point_offset_x" value="0.000000"/>
        <float name="principal_point_offset_y" value="-0.000000"/>
        <float name="near_clip" value="0.100000"/>
        <float name="far_clip" value="1000.000000"/>
        <sampler name="sampler" type="independent">
            <integer name="sample_count" value="$spp"/>
        </sampler>
        <film name="film" type="hdrfilm">
            <integer name="width" value="$resx"/>
            <integer name="height" value="$resy"/>
        </film>
        <float name="shutter_open" value="0.0"/>
        <float name="shutter_close" value="0.0015"/>
        <animation name="to_world">
            <transform time="0">
                <rotate angle="-142.5518126578256" x="1"/>
                <rotate angle="3.976628485794621e-06" y="1"/>
                <rotate angle="-179.999991348578" z="1"/>
                <translate value="-0.000000 3.030926 4.073377"/>
                <translate x="41.55" y="0.0" z="0.0"/>
            </transform>
            <transform time="0.0015">
                <rotate angle="-142.5518126578256" x="1"/>
                <rotate angle="3.976628485794621e-06" y="1"/>
                <rotate angle="-179.999991348578" z="1"/>
                <translate value="-0.000000 3.030926 4.073377"/>
                <translate x="41.699999999999996" y="0.0" z="0.0"/>
            </transform>
        </animation>
    </sensor>
    <bsdf id="mat-Material" name="mat-Material" type="twosided">
        <bsdf name="bsdf" type="diffuse">
            <texture name="reflectance" type="bitmap">
                <string name="filename" value="textures/siggraph_2023_logo.jpg"/>
            </texture>
        </bsdf>
    </bsdf>
    <bsdf id="mat-Material.001" name="mat-Material.001" type="twosided">
        <bsdf name="bsdf" type="principled">
            <rgb name="base_color" value="0.433648 0.266232 0.084399"/>
            <float name="spec_tint" value="0.000000"/>
            <float name="spec_trans" value="0.000000"/>
            <float name="metallic" value="0.000000"/>
            <float name="anisotropic" value="0.000000"/>
            <float name="roughness" value="0.500000"/>
            <float name="sheen" value="0.000000"/>
            <float name="sheen_tint" value="0.500000"/>
            <float name="clearcoat" value="0.000000"/>
            <float name="clearcoat_gloss" value="0.173205"/>
            <float name="specular" value="0.500000"/>
        </bsdf>
    </bsdf>
    <bsdf id="mat-Material.002" name="mat-Material.002" type="twosided">
        <bsdf name="bsdf" type="principled">
            <rgb name="base_color" value="0.433648 0.266232 0.084399"/>
            <float name="spec_tint" value="0.000000"/>
            <float name="spec_trans" value="0.000000"/>
            <float name="metallic" value="0.000000"/>
            <float name="anisotropic" value="0.000000"/>
            <float name="roughness" value="0.500000"/>
            <float name="sheen" value="0.000000"/>
            <float name="sheen_tint" value="0.500000"/>
            <float name="clearcoat" value="0.000000"/>
            <float name="clearcoat_gloss" value="0.173205"/>
            <float name="specular" value="0.500000"/>
        </bsdf>
    </bsdf>
    <bsdf id="mat-Material.003" name="mat-Material.003" type="twosided">
        <bsdf name="bsdf" type="principled">
            <rgb name="base_color" value="0.433648 0.266232 0.084399"/>
            <float name="spec_tint" value="0.000000"/>
            <float name="spec_trans" value="0.000000"/>
            <float name="metallic" value="0.000000"/>
            <float name="anisotropic" value="0.000000"/>
            <float name="roughness" value="0.500000"/>
            <float name="sheen" value="0.000000"/>
            <float name="sheen_tint" value="0.500000"/>
            <float name="clearcoat" value="0.000000"/>
            <float name="clearcoat_gloss" value="0.173205"/>
            <float name="specular" value="0.500000"/>
        </bsdf>
    </bsdf>
    <bsdf id="mat-Material.004" name="mat-Material.004" type="twosided">
        <bsdf name="bsdf" type="principled">
            <rgb name="base_color" value="0.433648 0.266232 0.084399"/>
            <float name="spec_tint" value="0.000000"/>
            <float name="spec_trans" value="0.000000"/>
            <float name="metallic" value="0.000000"/>
            <float name="anisotropic" value="0.000000"/>
            <float name="roughness" value="0.500000"/>
            <float name="sheen" value="0.000000"/>
            <float name="sheen_tint" value="0.500000"/>
            <float name="clearcoat" value="0.000000"/>
            <float name="clearcoat_gloss" value="0.173205"/>
            <float name="specular" value="0.500000"/>
        </bsdf>
    </bsdf>
    <bsdf id="mat-Material.005" name="mat-Material.005" type="twosided">
        <bsdf name="bsdf" type="principled">
            <rgb name="base_color" value="0.433648 0.266232 0.084399"/>
            <float name="spec_tint" value="0.000000"/>
            <float name="spec_trans" value="0.000000"/>
            <float name="metallic" value="0.000000"/>
            <float name="anisotropic" value="0.000000"/>
            <float name="roughness" value="0.500000"/>
            <float name="sheen" value="0.000000"/>
            <float name="sheen_tint" value="0.500000"/>
            <float name="clearcoat" value="0.000000"/>
            <float name="clearcoat_gloss" value="0.173205"/>
            <float name="specular" value="0.500000"/>
        </bsdf>
    </bsdf>
    <emitter name="temp45" type="point">
        <point name="position" x="-6.815235034541981e-16" y="3.0693089962005615" z="4.109199523925781"/>
        <rgb name="intensity" value="7.957747 7.957747 7.957747"/>
    </emitter>
    <shape name="temp2" type="ply">
        <string name="filename" value="meshes/Cube.ply"/>
        <boolean name="face_normals" value="true"/>
        <ref id="mat-Material" name="bsdf"/>
        <transform name="to_world">
            <matrix value="0.9604252101406494 -0.2543779710193295 -0.11238321479683476 0.3879878532004466 -0.11923682288259249 -0.021296548142245998 -0.9863378864649962 1.7182383796366643 0.2484196678527801 0.9607288344530822 -0.05076114568524151 1.9692250623601582 0.0 0.0 0.0 1.0"/>
        </transform>
    </shape>
    <shape name="temp4" type="ply">
        <string name="filename" value="meshes/Plane.ply"/>
        <boolean name="face_normals" value="true"/>
        <ref id="mat-Material.001" name="bsdf"/>
    </shape>
    <shape name="temp5" type="ply">
        <string name="filename" value="meshes/Cube_001.ply"/>
        <boolean name="face_normals" value="true"/>
        <ref id="mat-Material" name="bsdf"/>
        <transform name="to_world">
            <matrix value="0.9981523490896713 -0.026940634888188514 -0.05445756491061183 0.04382576128808768 -0.054476824691016563 1.959667141543063e-05 -0.9985150827312739 1.1727662308119418 0.026901704173736364 0.9996368551362784 -0.0014480797843696353 1.0660935617416119 0.0 0.0 0.0 1.0"/>
        </transform>
    </shape>
    <shape name="temp6" type="ply">
        <string name="filename" value="meshes/Cube_002.ply"/>
        <boolean name="face_normals" value="true"/>
        <ref id="mat-Material" name="bsdf"/>
        <transform name="to_world">
            <matrix value="0.9997371579729339 -0.022004451184027468 0.006468272673503535 -0.03859377552358412 0.011142454173293122 0.21947247003168394 -0.975555186253517 0.6539022470869471 0.020046945890888204 0.9753704974521457 0.21965986494261974 0.5386477556148721 0.0 0.0 0.0 1.0"/>
        </transform>
    </shape>
    <shape name="temp7" type="ply">
        <string name="filename" value="meshes/Cube_003.ply"/>
        <boolean name="face_normals" value="true"/>
        <ref id="mat-Material" name="bsdf"/>
        <transform name="to_world">
            <matrix value="0.9953335567268944 -0.05679145556220708 0.07800205522100363 -0.06786543469922135 0.08870455226434196 0.22054042046376582 -0.9713358841965467 0.13909661141933638 0.03796103289381537 0.973722057556688 0.22454945413954225 0.20518104480794463 0.0 0.0 0.0 1.0"/>
        </transform>
    </shape>
    <shape name="temp8" type="ply">
        <string name="filename" value="meshes/Cube_004.ply"/>
        <boolean name="face_normals" value="true"/>
        <ref id="mat-Material" name="bsdf"/>
        <transform name="to_world">
            <matrix value="0.9794240789891264 -0.1576411331955288 0.12598619403990635 0.04295805343921355 0.15954694988005894 0.22262261093022237 -0.9617589183684372 -0.36991239845092966 0.12356389853677219 0.9620729501922103 0.24319654238733754 -0.31774725718652874 0.0 0.0 0.0 1.0"/>
        </transform>
    </shape>
    <shape name="temp9" type="ply">
        <string name="filename" value="meshes/Cube_005.ply"/>
        <boolean name="face_normals" value="true"/>
        <ref id="mat-Material" name="bsdf"/>
        <transform name="to_world">
            <matrix value="0.9746197877051985 -0.2067837275224593 0.08574124829027077 0.11863600220930581 0.1318429126619825 0.2207000915684062 -0.9663895483005304 -0.6325178235350704 0.1809104440035672 0.953166619039971 0.2423628942542224 -0.771181615227339 0.0 0.0 0.0 1.0"/>
        </transform>
    </shape>
    <shape name="temp10" type="ply">
        <string name="filename" value="meshes/Cube_006.ply"/>
        <boolean name="face_normals" value="true"/>
        <ref id="mat-Material" name="bsdf"/>
        <transform name="to_world">
            <matrix value="0.9872080591886558 -0.14441710139063 -0.06755847593093663 0.03310514557810085 -0.034204546058965266 0.22202731199796422 -0.9744403458747359 -0.541985501017483 0.15572567891253433 0.9642858185777488 0.21424734563503114 -1.03922865254405 0.0 0.0 0.0 1.0"/>
        </transform>
    </shape>
    <shape name="temp11" type="ply">
        <string name="filename" value="meshes/Cube_007.ply"/>
        <boolean name="face_normals" value="true"/>
        <ref id="mat-Material" name="bsdf"/>
        <transform name="to_world">
            <matrix value="0.9112174594478633 -0.25064264751586807 -0.3268892360222987 0.17591981083556085 -0.2738139530554389 0.22431130755095186 -0.9352560468743573 -0.2290568289632407 0.30774444308517146 0.9417315189300473 0.13576761818939143 -1.820466079952824 0.0 0.0 0.0 1.0"/>
        </transform>
    </shape>
    <shape name="temp12" type="ply">
        <string name="filename" value="meshes/Cube_008.ply"/>
        <boolean name="face_normals" value="true"/>
        <ref id="mat-Material" name="bsdf"/>
        <transform name="to_world">
            <matrix value="0.32069688153226705 0.8967243957840988 -0.3048964328417414 1.7763008717366424 -0.5457130155116687 -0.0881634172745154 -0.8332695459933119 0.3152187879942058 -0.7741340396824974 0.43367339489344486 0.461117341441378 1.0144604890384255 0.0 0.0 0.0 1.0"/>
        </transform>
    </shape>
    <shape name="temp13" type="ply">
        <string name="filename" value="meshes/Cube_009.ply"/>
        <boolean name="face_normals" value="true"/>
        <ref id="mat-Material" name="bsdf"/>
        <transform name="to_world">
            <matrix value="-0.0650288239747388 0.9907988352665601 0.11869492284292806 2.6025161065243796 -0.8768383428452893 4.665243428037453e-05 -0.480772431198321 1.1357962547367144 -0.4763544121114769 -0.1353420883019797 0.8687676144070661 0.8515600255268639 0.0 0.0 0.0 1.0"/>
        </transform>
    </shape>
    <shape name="temp14" type="ply">
        <string name="filename" value="meshes/Cube_010.ply"/>
        <boolean name="face_normals" value="true"/>
        <ref id="mat-Material" name="bsdf"/>
        <transform name="to_world">
            <matrix value="0.029594281390784485 0.9949767741639429 0.09562646180962517 1.892580370289625 -0.9979754958539219 0.024062028730369632 0.05842998750414283 1.9423165542839995 0.055836023807370926 -0.09715857395243865 0.9936750065363309 -0.2398097279563255 0.0 0.0 0.0 1.0"/>
        </transform>
    </shape>
    <shape name="temp15" type="ply">
        <string name="filename" value="meshes/Cube_011.ply"/>
        <boolean name="face_normals" value="true"/>
        <ref id="mat-Material" name="bsdf"/>
        <transform name="to_world">
            <matrix value="0.07896869298810164 0.987744121579482 0.1344801383007242 1.5306449507092665 -0.9030573890966214 0.013830774702089804 0.42915137385874247 2.1186213900409214 0.4220484347380533 -0.15536663864687345 0.8930781556058078 -1.0371891369736994 0.0 0.0 0.0 1.0"/>
        </transform>
    </shape>
    <shape name="temp16" type="ply">
        <string name="filename" value="meshes/Cube_012.ply"/>
        <boolean name="face_normals" value="true"/>
        <ref id="mat-Material" name="bsdf"/>
        <transform name="to_world">
            <matrix value="0.09303222629413133 0.9904546715530962 0.10170768440845142 1.0971770775627454 -0.7386528038551345 0.00016029143366087984 0.6740862493091346 1.8462124152812547 0.6676355919131531 -0.13783838072015736 0.7316168353189754 -1.8287266806572622 0.0 0.0 0.0 1.0"/>
        </transform>
    </shape>
    <shape name="temp17" type="ply">
        <string name="filename" value="meshes/Cube_013.ply"/>
        <boolean name="face_normals" value="true"/>
        <ref id="mat-Material" name="bsdf"/>
        <transform name="to_world">
            <matrix value="0.911238291783904 0.17232968589325084 0.374006607722279 0.6549294501472813 -0.3971617271868191 0.1278170738575329 0.9087673591001093 1.4697385113028372 0.10880146251863829 -0.9767112758461735 0.18491033052322323 -1.4042866255083288 0.0 0.0 0.0 1.0"/>
        </transform>
    </shape>
    <shape name="temp18" type="ply">
        <string name="filename" value="meshes/Cube_014.ply"/>
        <boolean name="face_normals" value="true"/>
        <ref id="mat-Material" name="bsdf"/>
        <transform name="to_world">
            <matrix value="0.9392329622518071 0.298115651522768 0.17020204945295758 0.11263121789700514 -0.2162310713848805 0.12869500420296898 0.9678226949918702 1.025945869883103 0.266619284183204 -0.9458136134478321 0.1853365513041694 -0.8703341273747522 0.0 0.0 0.0 1.0"/>
        </transform>
    </shape>
    <shape name="temp19" type="ply">
        <string name="filename" value="meshes/Cube_015.ply"/>
        <boolean name="face_normals" value="true"/>
        <ref id="mat-Material" name="bsdf"/>
        <transform name="to_world">
            <matrix value="0.9829059601756653 0.1323774829326086 0.12795464613746577 0.022806844976306695 -0.14965932481955652 0.16970267383917753 0.9740654228805149 0.639630707601194 0.10723008384350394 -0.9765639112015903 0.18661328702506408 -0.2983376136374425 0.0 0.0 0.0 1.0"/>
        </transform>
    </shape>
    <shape name="temp20" type="ply">
        <string name="filename" value="meshes/Cube_016.ply"/>
        <boolean name="face_normals" value="true"/>
        <ref id="mat-Material" name="bsdf"/>
        <transform name="to_world">
            <matrix value="0.985112636451801 0.027759661092605067 0.16965421509422007 0.04377934514295295 -0.1719022537928149 0.16862998854873462 0.9705739820462475 0.3289112592374687 -0.0016659840752304411 -0.9852884613379 0.17089147279491618 0.1814024206191478 0.0 0.0 0.0 1.0"/>
        </transform>
    </shape>
    <shape name="temp21" type="ply">
        <string name="filename" value="meshes/Cube_017.ply"/>
        <boolean name="face_normals" value="true"/>
        <ref id="mat-Material" name="bsdf"/>
        <transform name="to_world">
            <matrix value="0.944583991546504 -0.1244848494961652 0.3037370319431555 0.21469210674920403 -0.2860023766592734 0.1420823886213219 0.947629451264975 0.14893357469179525 -0.16112442312158815 -0.9819849068567841 0.09860698141601748 0.43883259993802315 0.0 0.0 0.0 1.0"/>
        </transform>
    </shape>
    <shape name="temp22" type="ply">
        <string name="filename" value="meshes/Cube_018.ply"/>
        <boolean name="face_normals" value="true"/>
        <ref id="mat-Material" name="bsdf"/>
        <transform name="to_world">
            <matrix value="0.21248047522547678 0.958232291734022 0.19131586387600402 0.8524610850735763 -0.5837535259836852 -0.0325276113161029 0.8112229628750589 -0.0019694007359119664 0.7835823905593171 -0.2841054767918936 0.5524776358197552 -0.15409318042563505 0.0 0.0 0.0 1.0"/>
        </transform>
    </shape>
    <shape name="temp23" type="ply">
        <string name="filename" value="meshes/Cube_019.ply"/>
        <boolean name="face_normals" value="true"/>
        <ref id="mat-Material" name="bsdf"/>
        <transform name="to_world">
            <matrix value="-0.08092504880085527 0.983837341971495 -0.15973415690314552 0.5069990301818169 -0.9133173145966418 -0.009020382835199812 0.4071492330626292 -0.046664031166842646 0.3991278786299237 0.17883648677681296 0.8992856605902034 -0.056208854875048286 0.0 0.0 0.0 1.0"/>
        </transform>
    </shape>
    <shape name="temp24" type="ply">
        <string name="filename" value="meshes/Cube_020.ply"/>
        <boolean name="face_normals" value="true"/>
        <ref id="mat-Material" name="bsdf"/>
        <transform name="to_world">
            <matrix value="0.09778038894228683 0.9425787124786336 -0.3193483431060763 0.13635609865829168 -0.961283062249395 0.006385407814256741 -0.2754873179303168 0.14097868652781131 -0.2576290857116251 0.33392142886364096 0.9067098921296503 0.11747666757931141 0.0 0.0 0.0 1.0"/>
        </transform>
    </shape>
    <shape name="temp25" type="ply">
        <string name="filename" value="meshes/Cube_021.ply"/>
        <boolean name="face_normals" value="true"/>
        <ref id="mat-Material" name="bsdf"/>
        <transform name="to_world">
            <matrix value="0.19178689584009279 0.9400894408486868 -0.2818672725321391 -0.17184113967354478 -0.793621360324949 -0.020411760595549232 -0.6080687163402598 0.09606777109421914 -0.5773921283910166 0.34031585885533233 0.7421605398512885 0.3090940795461773 0.0 0.0 0.0 1.0"/>
        </transform>
    </shape>
    <shape name="temp26" type="ply">
        <string name="filename" value="meshes/Cube_022.ply"/>
        <boolean name="face_normals" value="true"/>
        <ref id="mat-Material" name="bsdf"/>
        <transform name="to_world">
            <matrix value="0.6377943786379021 0.40028982756355036 -0.6580171585186712 -0.0853903148780204 -0.7116744854412997 -0.020401415868658783 -0.7022132749216232 -0.19538883179082184 -0.2945133167383831 0.9161614065240926 0.2718640859230836 0.6894952861778532 0.0 0.0 0.0 1.0"/>
        </transform>
    </shape>
    <shape name="temp27" type="ply">
        <string name="filename" value="meshes/Cube_023.ply"/>
        <boolean name="face_normals" value="true"/>
        <ref id="mat-Material" name="bsdf"/>
        <transform name="to_world">
            <matrix value="0.8560634065390487 0.28564336713090527 -0.43077080007054036 -0.06660199653806975 -0.48036375031691747 0.13201970910865768 -0.8670765604101174 -0.28703993024959906 -0.19080447389929917 0.94919882859187 0.2502298944589407 0.20366128948443007 0.0 0.0 0.0 1.0"/>
        </transform>
    </shape>
    <shape name="temp28" type="ply">
        <string name="filename" value="meshes/Cube_024.ply"/>
        <boolean name="face_normals" value="true"/>
        <ref id="mat-Material" name="bsdf"/>
        <transform name="to_world">
            <matrix value="0.8544730571408816 0.4459073719867424 -0.2665380991262356 -0.19396130279602236 -0.3761140424128632 0.17708706090446225 -0.9094935655554982 -0.5109138832461692 -0.35834957812303314 0.8773862538927002 0.3190282638985089 -0.3473744039388344 0.0 0.0 0.0 1.0"/>
        </transform>
    </shape>
    <shape name="temp29" type="ply">
        <string name="filename" value="meshes/Cube_025.ply"/>
        <boolean name="face_normals" value="true"/>
        <ref id="mat-Material" name="bsdf"/>
        <transform name="to_world">
            <matrix value="0.9017026223921905 0.3587436355786018 -0.24132062724191422 -0.261882126760431 -0.32129441498367983 0.18249824267922066 -0.929227847748169 -0.7932750471531034 -0.28931405322794834 0.9154218717082827 0.2798215073417298 -0.6966253696111593 0.0 0.0 0.0 1.0"/>
        </transform>
    </shape>
    <shape name="temp30" type="ply">
        <string name="filename" value="meshes/Cube_026.ply"/>
        <boolean name="face_normals" value="true"/>
        <ref id="mat-Material" name="bsdf"/>
        <transform name="to_world">
            <matrix value="0.9232683009855911 0.23328866157860595 -0.3052089474687024 -0.33376132263681757 -0.3504817145278506 0.18624019915606888 -0.91786574258156 -1.1483218905060268 -0.15728548899254824 0.9544060255765785 0.25371306145663963 -0.8897616251864336 0.0 0.0 0.0 1.0"/>
        </transform>
    </shape>
    <shape name="temp31" type="ply">
        <string name="filename" value="meshes/Cube_027.ply"/>
        <boolean name="face_normals" value="true"/>
        <ref id="mat-Material" name="bsdf"/>
        <transform name="to_world">
            <matrix value="0.8724726387211961 0.1728447529634582 -0.4570739175103222 -0.6004417644199772 -0.4843755263489159 0.18225553425680452 -0.8556655214100886 -1.5845202380193069 -0.0645930292344161 0.9679397942943915 0.2427346259114813 -1.0295253701403544 0.0 0.0 0.0 1.0"/>
        </transform>
    </shape>
    <shape name="temp32" type="ply">
        <string name="filename" value="meshes/Cube_028.ply"/>
        <boolean name="face_normals" value="true"/>
        <ref id="mat-Material" name="bsdf"/>
        <transform name="to_world">
            <matrix value="-0.10548389084210508 0.9846235996187084 0.1392463882339425 -1.4863392249218297 -0.797092160481679 4.7243811832139885e-06 -0.6038579245151887 -2.1221490165389936 -0.5945734867302452 -0.17468944960921776 0.7848352159069472 -1.3603194584613405 0.0 0.0 0.0 1.0"/>
        </transform>
    </shape>
    <shape name="temp33" type="ply">
        <string name="filename" value="meshes/Cube_029.ply"/>
        <boolean name="face_normals" value="true"/>
        <ref id="mat-Material" name="bsdf"/>
        <transform name="to_world">
            <matrix value="0.0022910339398645807 0.9763185120446871 0.21632549698572312 -1.5690469793952175 -0.9985884984229478 -0.009245678659555341 0.05230349519952002 -1.819314139523827 0.053064990683070135 -0.21613992236500962 0.9749192828143904 -0.11841244936603479 0.0 0.0 0.0 1.0"/>
        </transform>
    </shape>
    <shape name="temp34" type="ply">
        <string name="filename" value="meshes/Cube_030.ply"/>
        <boolean name="face_normals" value="true"/>
        <ref id="mat-Material" name="bsdf"/>
        <transform name="to_world">
            <matrix value="-0.042736362150883264 0.9785531258879818 -0.20151236199471817 -3.2274928525344775 -0.9745692226504854 0.003577653916038909 0.22405810588334069 -1.9110878443539656 0.21997367063325862 0.20596314758331363 0.9535150299671695 0.25272904983437117 0.0 0.0 0.0 1.0"/>
        </transform>
    </shape>
    <shape name="temp35" type="ply">
        <string name="filename" value="meshes/Cube_031.ply"/>
        <boolean name="face_normals" value="true"/>
        <ref id="mat-Material" name="bsdf"/>
        <transform name="to_world">
            <matrix value="0.14537934354206447 0.9763320700091569 0.16012582850653467 -1.8702060324646985 -0.7366034782022847 -0.001239596348110124 0.6763226673336167 -1.005681028509183 0.660514035675597 -0.21627289470884792 0.7189894241457027 0.6584440214386345 0.0 0.0 0.0 1.0"/>
        </transform>
    </shape>
    <shape name="temp36" type="ply">
        <string name="filename" value="meshes/Cube_032.ply"/>
        <boolean name="face_normals" value="true"/>
        <ref id="mat-Material" name="bsdf"/>
        <transform name="to_world">
            <matrix value="0.6705470216851321 0.6131072142971864 0.41762237358877896 -0.6980708520844143 -0.5305362154648625 0.002891459108136239 0.8476000673253901 -0.5626543645230485 0.5184601091791705 -0.7899942222212952 0.3272132158227905 -0.15205224638541948 0.0 0.0 0.0 1.0"/>
        </transform>
    </shape>
    <shape name="temp37" type="ply">
        <string name="filename" value="meshes/Cube_033.ply"/>
        <boolean name="face_normals" value="true"/>
        <ref id="mat-Material" name="bsdf"/>
        <transform name="to_world">
            <matrix value="0.9766112703824461 0.16979795504178985 0.131906443238408 -0.14524406627545194 -0.1500694337327823 0.09895061355003827 0.9837115343428045 0.3005282691073308 0.1539799513143874 -0.9804984324907232 0.12211777357204218 -0.38795174996372567 0.0 0.0 0.0 1.0"/>
        </transform>
    </shape>
    <shape name="temp38" type="ply">
        <string name="filename" value="meshes/Cube_034.ply"/>
        <boolean name="face_normals" value="true"/>
        <ref id="mat-Material" name="bsdf"/>
        <transform name="to_world">
            <matrix value="0.9999160057940489 -0.0015830300173333362 0.012880980624565918 -0.03387415304163577 -0.012396175183102936 0.17732617125169214 0.9840741647798379 0.36930313449774377 -0.0038419548177658163 -0.9841508438268503 0.17729163997369393 -0.379640216255806 0.0 0.0 0.0 1.0"/>
        </transform>
    </shape>
    <shape name="temp39" type="ply">
        <string name="filename" value="meshes/Cube_035.ply"/>
        <boolean name="face_normals" value="true"/>
        <ref id="mat-Material" name="bsdf"/>
        <transform name="to_world">
            <matrix value="0.9986919952413625 -0.05097650717633489 0.004007231805951583 0.008434145089747824 0.006464599655690241 0.20361046507989813 0.9790306704029736 0.09117012655076387 -0.050723480436220256 -0.9777239515000324 0.2036736779945733 -0.16093424148473595 0.0 0.0 0.0 1.0"/>
        </transform>
    </shape>
    <shape name="temp40" type="ply">
        <string name="filename" value="meshes/Cube_036.ply"/>
        <boolean name="face_normals" value="true"/>
        <ref id="mat-Material" name="bsdf"/>
        <transform name="to_world">
            <matrix value="0.998654984601801 -0.051685953740225235 0.004153135003954894 0.0030599523900314285 0.0066232201649921016 0.20658923330753842 0.978405404753721 -0.2394343548872624 -0.0514278128529308 -0.9770616970817003 0.20665367753123848 0.17617027860514642 0.0 0.0 0.0 1.0"/>
        </transform>
    </shape>
    <shape name="temp41" type="ply">
        <string name="filename" value="meshes/Cube_037.ply"/>
        <boolean name="face_normals" value="true"/>
        <ref id="mat-Material" name="bsdf"/>
        <transform name="to_world">
            <matrix value="0.9986780331438034 -0.051246331527690585 0.00405680390676379 -0.006752278163377534 0.006629593973338156 0.2066485859043058 0.9783928758012028 -0.5705104315916201 -0.050977368991200776 -0.9770722305771731 0.2067151284974098 0.5170042928912949 0.0 0.0 0.0 1.0"/>
        </transform>
    </shape>
    <shape name="temp42" type="ply">
        <string name="filename" value="meshes/Cube_038.ply"/>
        <boolean name="face_normals" value="true"/>
        <ref id="mat-Material" name="bsdf"/>
        <transform name="to_world">
            <matrix value="0.9988938916044799 -0.0468300749025391 0.004240234863488788 0.010020092321793683 0.005538784047572191 0.20673102875748559 0.9783821198136637 -0.9045862411737566 -0.046694307187421874 -0.9772763300884606 0.20676176929612344 0.8670392004106464 0.0 0.0 0.0 1.0"/>
        </transform>
    </shape>
    <shape name="temp43" type="ply">
        <string name="filename" value="meshes/Cube_039.ply"/>
        <boolean name="face_normals" value="true"/>
        <ref id="mat-Material" name="bsdf"/>
        <transform name="to_world">
            <matrix value="0.9999197034449879 -0.012244386307718978 -0.003313547317638341 0.022561575314319127 0.008289384721718886 0.433019644008318 0.901346351277128 -1.319243414106006 -0.00960160977100707 -0.9013013035434978 0.4330862490159766 1.4753781440416978 0.0 0.0 0.0 1.0"/>
        </transform>
    </shape>
    <shape name="temp47" type="ply">
        <string name="filename" value="meshes/Plane_001.ply"/>
        <boolean name="face_normals" value="true"/>
        <ref id="mat-Material.002" name="bsdf"/>
    </shape>
    <shape name="temp49" type="ply">
        <string name="filename" value="meshes/Plane_002.ply"/>
        <boolean name="face_normals" value="true"/>
        <ref id="mat-Material.003" name="bsdf"/>
    </shape>
    <shape name="temp51" type="ply">
        <string name="filename" value="meshes/Plane_003.ply"/>
        <boolean name="face_normals" value="true"/>
        <ref id="mat-Material.004" name="bsdf"/>
    </shape>
    <shape name="temp53" type="ply">
        <string name="filename" value="meshes/Plane_004.ply"/>
        <boolean name="face_normals" value="true"/>
        <ref id="mat-Material.005" name="bsdf"/>
    </shape>
    <emitter type="point">
        <rgb name="intensity" value="100"/>
        <animation name="to_world">
            <transform time="0">
                <rotate angle="-142.5518126578256" x="1"/>
                <rotate angle="3.976628485794621e-06" y="1"/>
                <rotate angle="-179.999991348578" z="1"/>
                <translate value="-0.000000 3.030926 4.073377"/>
                <translate x="41.55" y="0.0" z="0.0"/>
            </transform>
            <transform time="0.0015">
                <rotate angle="-142.5518126578256" x="1"/>
                <rotate angle="3.976628485794621e-06" y="1"/>
                <rotate angle="-179.999991348578" z="1"/>
                <translate value="-0.000000 3.030926 4.073377"/>
                <translate x="41.699999999999996" y="0.0" z="0.0"/>
            </transform>
        </animation>
    </emitter>
</scene>
