
<scene version="2.1.0">
    <default name="spp" value="1024"/>
    <default name="resx" value="640"/>
    <default name="resy" value="360"/>
    <integrator name="temp0" type="path">
        <integer name="max_depth" value="12"/>
    </integrator>
    <sensor name="temp44" type="perspective">
        <string name="fov_axis" value="x"/>
        <float name="fov" value="83.974423"/>
        <float name="principal_point_offset_x" value="0.000000"/>
        <float name="principal_point_offset_y" value="-0.000000"/>
        <float name="near_clip" value="0.100000"/>
        <float name="far_clip" value="1000.000000"/>
        <sampler name="sampler" type="independent">
            <integer name="sample_count" value="$spp"/>
        </sampler>
        <film name="film" type="hdrfilm">
            <integer name="width" value="$resx"/>
            <integer name="height" value="$resy"/>
        </film>
        <float name="shutter_open" value="0.0"/>
        <float name="shutter_close" value="0.0015"/>
        <animation name="to_world">
            <transform time="0">
                <rotate angle="-142.5518126578256" x="1"/>
                <rotate angle="3.976628485794621e-06" y="1"/>
                <rotate angle="-179.999991348578" z="1"/>
                <translate value="-0.000000 3.030926 4.073377"/>
            </transform>
            <transform time="0.0015">
                <rotate angle="-142.5518126578256" x="1"/>
                <rotate angle="3.976628485794621e-06" y="1"/>
                <rotate angle="-179.999991348578" z="1"/>
                <translate value="-0.000000 3.030926 4.073377"/>
                <translate x="0.15" y="0.0" z="0.0"/>
            </transform>
        </animation>
    </sensor>
    <bsdf id="mat-Material" name="mat-Material" type="twosided">
        <bsdf name="bsdf" type="diffuse">
            <texture name="reflectance" type="bitmap">
                <string name="filename" value="textures/siggraph_2023_logo.jpg"/>
            </texture>
        </bsdf>
    </bsdf>
    <bsdf id="mat-Material.001" name="mat-Material.001" type="twosided">
        <bsdf name="bsdf" type="principled">
            <rgb name="base_color" value="0.433648 0.266232 0.084399"/>
            <float name="spec_tint" value="0.000000"/>
            <float name="spec_trans" value="0.000000"/>
            <float name="metallic" value="0.000000"/>
            <float name="anisotropic" value="0.000000"/>
            <float name="roughness" value="0.500000"/>
            <float name="sheen" value="0.000000"/>
            <float name="sheen_tint" value="0.500000"/>
            <float name="clearcoat" value="0.000000"/>
            <float name="clearcoat_gloss" value="0.173205"/>
            <float name="specular" value="0.500000"/>
        </bsdf>
    </bsdf>
    <bsdf id="mat-Material.002" name="mat-Material.002" type="twosided">
        <bsdf name="bsdf" type="principled">
            <rgb name="base_color" value="0.433648 0.266232 0.084399"/>
            <float name="spec_tint" value="0.000000"/>
            <float name="spec_trans" value="0.000000"/>
            <float name="metallic" value="0.000000"/>
            <float name="anisotropic" value="0.000000"/>
            <float name="roughness" value="0.500000"/>
            <float name="sheen" value="0.000000"/>
            <float name="sheen_tint" value="0.500000"/>
            <float name="clearcoat" value="0.000000"/>
            <float name="clearcoat_gloss" value="0.173205"/>
            <float name="specular" value="0.500000"/>
        </bsdf>
    </bsdf>
    <bsdf id="mat-Material.003" name="mat-Material.003" type="twosided">
        <bsdf name="bsdf" type="principled">
            <rgb name="base_color" value="0.433648 0.266232 0.084399"/>
            <float name="spec_tint" value="0.000000"/>
            <float name="spec_trans" value="0.000000"/>
            <float name="metallic" value="0.000000"/>
            <float name="anisotropic" value="0.000000"/>
            <float name="roughness" value="0.500000"/>
            <float name="sheen" value="0.000000"/>
            <float name="sheen_tint" value="0.500000"/>
            <float name="clearcoat" value="0.000000"/>
            <float name="clearcoat_gloss" value="0.173205"/>
            <float name="specular" value="0.500000"/>
        </bsdf>
    </bsdf>
    <bsdf id="mat-Material.004" name="mat-Material.004" type="twosided">
        <bsdf name="bsdf" type="principled">
            <rgb name="base_color" value="0.433648 0.266232 0.084399"/>
            <float name="spec_tint" value="0.000000"/>
            <float name="spec_trans" value="0.000000"/>
            <float name="metallic" value="0.000000"/>
            <float name="anisotropic" value="0.000000"/>
            <float name="roughness" value="0.500000"/>
            <float name="sheen" value="0.000000"/>
            <float name="sheen_tint" value="0.500000"/>
            <float name="clearcoat" value="0.000000"/>
            <float name="clearcoat_gloss" value="0.173205"/>
            <float name="specular" value="0.500000"/>
        </bsdf>
    </bsdf>
    <bsdf id="mat-Material.005" name="mat-Material.005" type="twosided">
        <bsdf name="bsdf" type="principled">
            <rgb name="base_color" value="0.433648 0.266232 0.084399"/>
            <float name="spec_tint" value="0.000000"/>
            <float name="spec_trans" value="0.000000"/>
            <float name="metallic" value="0.000000"/>
            <float name="anisotropic" value="0.000000"/>
            <float name="roughness" value="0.500000"/>
            <float name="sheen" value="0.000000"/>
            <float name="sheen_tint" value="0.500000"/>
            <float name="clearcoat" value="0.000000"/>
            <float name="clearcoat_gloss" value="0.173205"/>
            <float name="specular" value="0.500000"/>
        </bsdf>
    </bsdf>
    <emitter name="temp45" type="point">
        <point name="position" x="-6.815235034541981e-16" y="3.0693089962005615" z="4.109199523925781"/>
        <rgb name="intensity" value="7.957747 7.957747 7.957747"/>
    </emitter>
    <shape name="temp2" type="ply">
        <string name="filename" value="meshes/Cube.ply"/>
        <boolean name="face_normals" value="true"/>
        <ref id="mat-Material" name="bsdf"/>
        <transform name="to_world">
            <matrix value="0.9999995567588077 0.00018427484705573158 0.001102885866916048 -0.0018836753961060104 -0.000183767798350079 0.9999997914159312 -0.0004600324050719091 -0.016734497280907035 -0.0011029702478782043 0.0004598277512760131 0.9999992908140084 0.002482305202934798 0.0 0.0 0.0 1.0"/>
            <scale value="1"/>
        </transform>
    </shape>
    <shape name="temp4" type="ply">
        <string name="filename" value="meshes/Plane.ply"/>
        <boolean name="face_normals" value="true"/>
        <ref id="mat-Material.001" name="bsdf"/>
        <transform name="to_world">
            <scale value="1"/>
        </transform>
    </shape>
    <shape name="temp5" type="ply">
        <string name="filename" value="meshes/Cube_001.ply"/>
        <boolean name="face_normals" value="true"/>
        <ref id="mat-Material" name="bsdf"/>
        <transform name="to_world">
            <matrix value="0.9999991135176153 -0.00016369635999941595 -0.0013218848650726372 0.002037244883201783 0.00016897019114333177 0.9999920738053869 0.003990376818884772 -0.0219686192475535 0.0013212222109934455 -0.003990601201861404 0.9999912533727704 -0.002730944166538851 0.0 0.0 0.0 1.0"/>
            <scale value="1"/>
        </transform>
    </shape>
    <shape name="temp6" type="ply">
        <string name="filename" value="meshes/Cube_002.ply"/>
        <boolean name="face_normals" value="true"/>
        <ref id="mat-Material" name="bsdf"/>
        <transform name="to_world">
            <matrix value="1.0 3.6202685311301295e-05 0.0003332464974485852 -0.0009316433735904184 -3.67563077654084e-05 0.9999985399115188 0.0016615778631847839 -0.018699172884811155 -0.000333186620498664 -0.001661591120993361 0.9999985816280168 0.0006227793626347733 0.0 0.0 0.0 1.0"/>
            <scale value="1"/>
        </transform>
    </shape>
    <shape name="temp7" type="ply">
        <string name="filename" value="meshes/Cube_003.ply"/>
        <boolean name="face_normals" value="true"/>
        <ref id="mat-Material" name="bsdf"/>
        <transform name="to_world">
            <matrix value="0.9999995567588077 -0.0002811212645200585 0.0009995598318945525 -0.00120756569550462 0.00028301659317727697 0.9999981227433812 -0.0018955950566899643 -0.017781379857760515 -0.0009990257558592053 0.0018958769187127026 0.9999978724420252 0.002705043810534047 0.0 0.0 0.0 1.0"/>
            <scale value="1"/>
        </transform>
    </shape>
    <shape name="temp8" type="ply">
        <string name="filename" value="meshes/Cube_004.ply"/>
        <boolean name="face_normals" value="true"/>
        <ref id="mat-Material" name="bsdf"/>
        <transform name="to_world">
            <matrix value="1.0 -0.0003582014212918446 0.000713800428442897 -0.0005309785090945596 0.0003593347481592193 0.9999987484955875 -0.001587701958440755 -0.018711547158564268 -0.0007132326998530212 0.0015879588588782767 0.9999985816280168 0.002172930897215569 0.0 0.0 0.0 1.0"/>
            <scale value="1"/>
        </transform>
    </shape>
    <shape name="temp9" type="ply">
        <string name="filename" value="meshes/Cube_005.ply"/>
        <boolean name="face_normals" value="true"/>
        <ref id="mat-Material" name="bsdf"/>
        <transform name="to_world">
            <matrix value="1.0 -3.911869059264991e-06 0.000748664011789508 -0.000557798189786407 3.925281945722457e-06 1.0 -1.7907064485336633e-05 -0.017791140442195597 -0.0007486654007698212 1.7909987630964723e-05 0.9999997636046695 0.002156010186821211 0.0 0.0 0.0 1.0"/>
            <scale value="1"/>
        </transform>
    </shape>
    <shape name="temp10" type="ply">
        <string name="filename" value="meshes/Cube_006.ply"/>
        <boolean name="face_normals" value="true"/>
        <ref id="mat-Material" name="bsdf"/>
        <transform name="to_world">
            <matrix value="0.9999995567588077 -0.0002622506638187988 -0.0009519687239521895 -0.0009712184758869924 0.0002640755673044021 0.9999981227433812 0.0019174450770908812 -0.017116889689809955 0.0009514659759195925 -0.0019176968981463136 0.9999978724420252 -0.0020344085527341793 0.0 0.0 0.0 1.0"/>
            <scale value="1"/>
        </transform>
    </shape>
    <shape name="temp11" type="ply">
        <string name="filename" value="meshes/Cube_007.ply"/>
        <boolean name="face_normals" value="true"/>
        <ref id="mat-Material" name="bsdf"/>
        <transform name="to_world">
            <matrix value="0.9999995567588077 0.001206558717458278 -5.189870365528643e-05 0.0005002851405242481 -0.0012067507406560325 0.9999916566372494 -0.003903974325575942 -0.01860762419436479 4.7187900579227587e-05 0.0039040346416421407 0.999992435349423 -2.0813496345528648e-05 0.0 0.0 0.0 1.0"/>
            <scale value="1"/>
        </transform>
    </shape>
    <shape name="temp12" type="ply">
        <string name="filename" value="meshes/Cube_008.ply"/>
        <boolean name="face_normals" value="true"/>
        <ref id="mat-Material" name="bsdf"/>
        <transform name="to_world">
            <matrix value="0.9999991135176153 -0.0013899374873545909 0.00018843520947699424 0.0003792724033204742 0.0013896364890333263 0.9999977055752436 0.0015875412096159947 -0.018836273000099935 -0.00019064113951991658 -0.0015872788748140995 0.9999988180233473 0.0004411120134721891 0.0 0.0 0.0 1.0"/>
            <scale value="1"/>
        </transform>
    </shape>
    <shape name="temp13" type="ply">
        <string name="filename" value="meshes/Cube_009.ply"/>
        <boolean name="face_normals" value="true"/>
        <ref id="mat-Material" name="bsdf"/>
        <transform name="to_world">
            <matrix value="0.9999995567588077 0.0010392304916535086 0.0007024581804840525 0.0012919549108048045 -0.0010389573548784013 0.9999993742477937 -0.00038520855505245376 -0.01624562410010133 -0.0007028564235400078 0.00038447884227498473 0.9999997636046695 0.0011730682230772782 0.0 0.0 0.0 1.0"/>
            <scale value="1"/>
        </transform>
    </shape>
    <shape name="temp14" type="ply">
        <string name="filename" value="meshes/Cube_010.ply"/>
        <boolean name="face_normals" value="true"/>
        <ref id="mat-Material" name="bsdf"/>
        <transform name="to_world">
            <matrix value="0.9999906919349606 -0.00039479749615683855 0.004301591271527932 0.00871602647786407 0.00039377724825229995 0.9999997914159312 0.00023789407692587729 -0.018093175606168077 -0.004301691231093547 -0.00023619642778923832 0.9999907805821093 0.007140846133530054 0.0 0.0 0.0 1.0"/>
            <scale value="1"/>
        </transform>
    </shape>
    <shape name="temp15" type="ply">
        <string name="filename" value="meshes/Cube_011.ply"/>
        <boolean name="face_normals" value="true"/>
        <ref id="mat-Material" name="bsdf"/>
        <transform name="to_world">
            <matrix value="0.9999982270352306 0.0019128494043881917 -0.0005958580701347122 -0.0013135208659260655 -0.0019123685568244073 0.9999977055752436 0.0008070489305238851 -0.013741829301007535 0.0005974004790550808 -0.0008059062664911779 0.9999995272093389 -0.0008927530344977619 0.0 0.0 0.0 1.0"/>
            <scale value="1"/>
        </transform>
    </shape>
    <shape name="temp16" type="ply">
        <string name="filename" value="meshes/Cube_012.ply"/>
        <boolean name="face_normals" value="true"/>
        <ref id="mat-Material" name="bsdf"/>
        <transform name="to_world">
            <matrix value="0.999997340552846 0.0022782448902117754 -0.00019061311965717 -0.0004272301000192158 -0.0022778475143920415 0.9999952025664184 0.002063880164587885 -0.012141328566914411 0.00019531423141090764 -0.0020634408445151776 0.9999978724420252 -0.0002931994453958531 0.0 0.0 0.0 1.0"/>
            <scale value="1"/>
        </transform>
    </shape>
    <shape name="temp17" type="ply">
        <string name="filename" value="meshes/Cube_013.ply"/>
        <boolean name="face_normals" value="true"/>
        <ref id="mat-Material" name="bsdf"/>
        <transform name="to_world">
            <matrix value="1.0 -0.0003507007381790194 0.00027505778683854814 -0.00010790712833064209 0.0003509326681169518 0.9999995828318625 -0.0008419077859638855 -0.01903053427809248 -0.00027476255569325585 0.0008420038254318212 0.9999995272093389 -7.735809808795402e-05 0.0 0.0 0.0 1.0"/>
            <scale value="1"/>
        </transform>
    </shape>
    <shape name="temp18" type="ply">
        <string name="filename" value="meshes/Cube_014.ply"/>
        <boolean name="face_normals" value="true"/>
        <ref id="mat-Material" name="bsdf"/>
        <transform name="to_world">
            <matrix value="1.0 0.0007300317256368593 -6.602048791050641e-05 -0.000368012027634923 -0.0007298099204470709 0.9999941596460746 0.0033054213486731843 -0.014308275279187044 6.843333741115231e-05 -0.0033053837633989194 0.9999945629073977 0.00023414539553756608 0.0 0.0 0.0 1.0"/>
            <scale value="1"/>
        </transform>
    </shape>
    <shape name="temp19" type="ply">
        <string name="filename" value="meshes/Cube_015.ply"/>
        <boolean name="face_normals" value="true"/>
        <ref id="mat-Material" name="bsdf"/>
        <transform name="to_world">
            <matrix value="1.0 -0.0001885716788723111 -9.719795886815808e-05 8.990433763289563e-05 0.00018851801420853966 0.9999997914159312 -0.0005516946944850387 -0.01822416906420221 9.730207951037806e-05 0.0005516756601164316 1.0 -0.00022272812717327728 0.0 0.0 0.0 1.0"/>
            <scale value="1"/>
        </transform>
    </shape>
    <shape name="temp20" type="ply">
        <string name="filename" value="meshes/Cube_016.ply"/>
        <boolean name="face_normals" value="true"/>
        <ref id="mat-Material" name="bsdf"/>
        <transform name="to_world">
            <matrix value="0.9999995567588077 -0.0011706363691353983 0.00040852422650265876 0.0008383685313878564 0.0011723640889531885 0.9999901965487681 -0.004256652519194119 -0.019161367478275126 -0.0004035383057903257 0.004257138268293345 0.9999910169774399 0.0005587504504263874 0.0 0.0 0.0 1.0"/>
            <scale value="1"/>
        </transform>
    </shape>
    <shape name="temp21" type="ply">
        <string name="filename" value="meshes/Cube_017.ply"/>
        <boolean name="face_normals" value="true"/>
        <ref id="mat-Material" name="bsdf"/>
        <transform name="to_world">
            <matrix value="1.0 -0.000531069639963039 0.0006561554270930797 0.0002253709490178668 0.0005314639192804599 0.9999995828318625 -0.0005997254977421881 -0.018008651321462343 -0.0006558373978550672 0.0006000734215922056 0.9999995272093389 0.0004420975303672803 0.0 0.0 0.0 1.0"/>
            <scale value="1"/>
        </transform>
    </shape>
    <shape name="temp22" type="ply">
        <string name="filename" value="meshes/Cube_018.ply"/>
        <boolean name="face_normals" value="true"/>
        <ref id="mat-Material" name="bsdf"/>
        <transform name="to_world">
            <matrix value="0.9999991135176153 -0.0014039459934129153 0.00010154077748533048 0.0004819535415486187 0.0014039930712536812 0.9999989570796561 -0.0004439457028293211 -0.017781711814305434 -0.0001009175979164118 0.00044408799744693106 1.0 8.151635658842915e-05 0.0 0.0 0.0 1.0"/>
            <scale value="1"/>
        </transform>
    </shape>
    <shape name="temp23" type="ply">
        <string name="filename" value="meshes/Cube_019.ply"/>
        <boolean name="face_normals" value="true"/>
        <ref id="mat-Material" name="bsdf"/>
        <transform name="to_world">
            <matrix value="0.9990266423415901 0.04366480122981167 -0.0062921345127253964 0.012910052487404539 -0.04360803649470681 0.9990090170892928 0.008894870741397219 -0.009292482295246707 0.006674294847587084 -0.008611816704663731 0.9999406647720368 -0.003089538517751067 0.0 0.0 0.0 1.0"/>
            <scale value="1"/>
        </transform>
    </shape>
    <shape name="temp24" type="ply">
        <string name="filename" value="meshes/Cube_020.ply"/>
        <boolean name="face_normals" value="true"/>
        <ref id="mat-Material" name="bsdf"/>
        <transform name="to_world">
            <matrix value="0.9604505273193653 0.2783642413483103 0.006896409029438027 -0.015502644913629455 -0.2784023650488146 0.9604495660113814 0.005364566280863225 -0.0481831741883727 -0.005130341504668712 -0.007072377853531881 0.9999619403477097 0.00889626754468098 0.0 0.0 0.0 1.0"/>
            <scale value="1"/>
        </transform>
    </shape>
    <shape name="temp25" type="ply">
        <string name="filename" value="meshes/Cube_021.ply"/>
        <boolean name="face_normals" value="true"/>
        <ref id="mat-Material" name="bsdf"/>
        <transform name="to_world">
            <matrix value="0.9023544085655475 0.42990928678849366 0.030567665563015666 -0.009438201995716516 -0.4248783302926987 0.899214680981096 -0.10436109197622241 -0.11451817446997642 -0.07235274197866415 0.08118315141326136 0.9940697867383165 0.05590883261067303 0.0 0.0 0.0 1.0"/>
            <scale value="1"/>
        </transform>
    </shape>
    <shape name="temp26" type="ply">
        <string name="filename" value="meshes/Cube_022.ply"/>
        <boolean name="face_normals" value="true"/>
        <ref id="mat-Material" name="bsdf"/>
        <transform name="to_world">
            <matrix value="0.9347642045504914 0.35496106778356484 -0.01479978970271396 0.10131321388337361 -0.34235612834137374 0.8888753772764344 -0.3044552009573065 -0.10883155618833973 -0.09491464947600026 0.28966069629533836 0.9524117288016034 0.2275322162963329 0.0 0.0 0.0 1.0"/>
            <scale value="1"/>
        </transform>
    </shape>
    <shape name="temp27" type="ply">
        <string name="filename" value="meshes/Cube_023.ply"/>
        <boolean name="face_normals" value="true"/>
        <ref id="mat-Material" name="bsdf"/>
        <transform name="to_world">
            <matrix value="0.8813000086875273 0.471901431512464 0.024886305665781445 -0.033082018170274896 -0.36018430855260475 0.7048877504833936 -0.6110649089570663 -0.2202525862917496 -0.30590454889570895 0.5295680432519925 0.7911891677986064 -0.03143778372483885 0.0 0.0 0.0 1.0"/>
            <scale value="1"/>
        </transform>
    </shape>
    <shape name="temp28" type="ply">
        <string name="filename" value="meshes/Cube_024.ply"/>
        <boolean name="face_normals" value="true"/>
        <ref id="mat-Material" name="bsdf"/>
        <transform name="to_world">
            <matrix value="0.8837458135869382 0.4663781253715404 -0.03853943617822506 -0.08061127315887939 -0.3158683449551174 0.5337186576363672 -0.7844563923897724 -0.4347259880979381 -0.34528409100982754 0.7054331978232168 0.618985570901815 -0.28338995131731426 0.0 0.0 0.0 1.0"/>
            <scale value="1"/>
        </transform>
    </shape>
    <shape name="temp29" type="ply">
        <string name="filename" value="meshes/Cube_025.ply"/>
        <boolean name="face_normals" value="true"/>
        <ref id="mat-Material" name="bsdf"/>
        <transform name="to_world">
            <matrix value="0.8820801131860709 0.451161917555061 -0.1356028388242453 -0.22925606584516256 -0.3120318708146951 0.3438654382455577 -0.8856595973431056 -0.762406399550157 -0.3529468447432481 0.8235345404788673 0.44409368630623314 -0.7100628170292664 0.0 0.0 0.0 1.0"/>
            <scale value="1"/>
        </transform>
    </shape>
    <shape name="temp30" type="ply">
        <string name="filename" value="meshes/Cube_026.ply"/>
        <boolean name="face_normals" value="true"/>
        <ref id="mat-Material" name="bsdf"/>
        <transform name="to_world">
            <matrix value="0.8751500371436118 0.4434457670992005 -0.19356697387027855 -0.2617478465688974 -0.36557017660502067 0.3439198786875056 -0.8649149615077483 -1.12893212085139 -0.31697135066229104 0.8276926638897175 0.4630920698349629 -0.7862404489452812 0.0 0.0 0.0 1.0"/>
            <scale value="1"/>
        </transform>
    </shape>
    <shape name="temp31" type="ply">
        <string name="filename" value="meshes/Cube_027.ply"/>
        <boolean name="face_normals" value="true"/>
        <ref id="mat-Material" name="bsdf"/>
        <transform name="to_world">
            <matrix value="0.8274648199465628 0.4272984399997497 -0.36430553434564117 -0.5232003566572697 -0.5142976311417716 0.3163041823191628 -0.7971510580345808 -1.5860125781675982 -0.2253900079251525 0.8469756352949275 0.4814890636428237 -0.8621235966761978 0.0 0.0 0.0 1.0"/>
            <scale value="1"/>
        </transform>
    </shape>
    <shape name="temp32" type="ply">
        <string name="filename" value="meshes/Cube_028.ply"/>
        <boolean name="face_normals" value="true"/>
        <ref id="mat-Material" name="bsdf"/>
        <transform name="to_world">
            <matrix value="-0.13060221407840406 0.9742828358255654 0.18361856005930685 -1.4488476385745832 -0.8179471018231397 -0.0012227427553538318 -0.5752926219598969 -2.111161950017874 -0.5602732670599103 -0.22532460895701711 0.7970713928081922 -1.2021373976161256 0.0 0.0 0.0 1.0"/>
            <scale value="1"/>
        </transform>
    </shape>
    <shape name="temp33" type="ply">
        <string name="filename" value="meshes/Cube_029.ply"/>
        <boolean name="face_normals" value="true"/>
        <ref id="mat-Material" name="bsdf"/>
        <transform name="to_world">
            <matrix value="0.012870403367214692 0.9900839133708647 0.13988551846933078 -1.6600784001677225 -0.9830225326092545 -0.013079614453207294 0.1830197470475405 -1.5685399898209749 0.18303458876968653 -0.13986608902785225 0.9731062488268881 0.17955618802853057 0.0 0.0 0.0 1.0"/>
            <scale value="1"/>
        </transform>
    </shape>
    <shape name="temp34" type="ply">
        <string name="filename" value="meshes/Cube_030.ply"/>
        <boolean name="face_normals" value="true"/>
        <ref id="mat-Material" name="bsdf"/>
        <transform name="to_world">
            <matrix value="0.015073684241924375 0.9810677403236673 -0.19307734543727922 -3.086553563907632 -0.9810394003999816 0.05182627607539573 0.1867500831632476 -1.96329724102043 0.19322090660580563 0.18660144297507494 0.9632474391190153 0.22353860336398568 0.0 0.0 0.0 1.0"/>
            <scale value="1"/>
        </transform>
    </shape>
    <shape name="temp35" type="ply">
        <string name="filename" value="meshes/Cube_031.ply"/>
        <boolean name="face_normals" value="true"/>
        <ref id="mat-Material" name="bsdf"/>
        <transform name="to_world">
            <matrix value="0.09081032468303822 0.9883662235645766 0.12200587584233566 -2.0642434504354994 -0.8122629767723886 0.0026281342363632955 0.5832858572711185 -1.3158045779420438 0.5761794204887355 -0.15206919567897245 0.8030519582752786 0.5556928259746501 0.0 0.0 0.0 1.0"/>
            <scale value="1"/>
        </transform>
    </shape>
    <shape name="temp36" type="ply">
        <string name="filename" value="meshes/Cube_032.ply"/>
        <boolean name="face_normals" value="true"/>
        <ref id="mat-Material" name="bsdf"/>
        <transform name="to_world">
            <matrix value="0.8255650881961324 0.49587170411098347 0.26935829541946227 -0.33209834792924964 -0.275559724977705 -0.062300619703268306 0.9592631746663635 0.37478827603451126 0.4924529322177839 -0.8661580691789923 0.08520905148264787 -0.40291844609788297 0.0 0.0 0.0 1.0"/>
            <scale value="1"/>
        </transform>
    </shape>
    <shape name="temp37" type="ply">
        <string name="filename" value="meshes/Cube_033.ply"/>
        <boolean name="face_normals" value="true"/>
        <ref id="mat-Material" name="bsdf"/>
        <transform name="to_world">
            <matrix value="0.9810549849563939 0.1441970869148956 0.12937724959706415 -0.12070376942783101 -0.14863113822565233 0.1318893753532893 0.9800581627071236 0.30205090532785595 0.1242580585681182 -0.9807203659398902 0.150822892145576 -0.4180440464569407 0.0 0.0 0.0 1.0"/>
            <scale value="1"/>
        </transform>
    </shape>
    <shape name="temp38" type="ply">
        <string name="filename" value="meshes/Cube_034.ply"/>
        <boolean name="face_normals" value="true"/>
        <ref id="mat-Material" name="bsdf"/>
        <transform name="to_world">
            <matrix value="0.9999242057561075 0.004362771498238507 0.011509615852859981 -0.03818034634418854 -0.012112257037340412 0.18235445525141683 0.9831582510716983 0.3696793963163959 0.0021904669457313212 -0.9832231661810135 0.1823935358169657 -0.33127190376633087 0.0 0.0 0.0 1.0"/>
            <scale value="1"/>
        </transform>
    </shape>
    <shape name="temp39" type="ply">
        <string name="filename" value="meshes/Cube_035.ply"/>
        <boolean name="face_normals" value="true"/>
        <ref id="mat-Material" name="bsdf"/>
        <transform name="to_world">
            <matrix value="0.9991352364337168 -0.04152485383471381 0.0022767470678705178 0.008630848444395323 0.0067812001907710095 0.21668797700569226 0.9762174477719977 0.0919812157435918 -0.041030633285285986 -0.975357252363779 0.21678205910734286 -0.1289373978668268 0.0 0.0 0.0 1.0"/>
            <scale value="1"/>
        </transform>
    </shape>
    <shape name="temp40" type="ply">
        <string name="filename" value="meshes/Cube_036.ply"/>
        <boolean name="face_normals" value="true"/>
        <ref id="mat-Material" name="bsdf"/>
        <transform name="to_world">
            <matrix value="0.9998506277181767 -0.017137824009277818 0.0023135750964138357 0.003931093976306421 0.0014570800688619517 0.21679602355331307 0.976215793004684 -0.2515775802351209 -0.017231790322094508 -0.9760664381975834 0.2167885836184655 0.24695388402496626 0.0 0.0 0.0 1.0"/>
            <scale value="1"/>
        </transform>
    </shape>
    <shape name="temp41" type="ply">
        <string name="filename" value="meshes/Cube_037.ply"/>
        <boolean name="face_normals" value="true"/>
        <ref id="mat-Material" name="bsdf"/>
        <transform name="to_world">
            <matrix value="0.9990824907318266 -0.04276715968987721 0.002397852395701198 -0.0031095338053783728 0.00693860843541178 0.21682501673887153 0.9761860071930372 -0.5682879936518892 -0.04226862366517915 -0.9752731929840663 0.21692273796854147 0.5006356318352472 0.0 0.0 0.0 1.0"/>
            <scale value="1"/>
        </transform>
    </shape>
    <shape name="temp42" type="ply">
        <string name="filename" value="meshes/Cube_038.ply"/>
        <boolean name="face_normals" value="true"/>
        <ref id="mat-Material" name="bsdf"/>
        <transform name="to_world">
            <matrix value="0.9993763596423576 -0.03523160132075433 0.0024680381693356485 0.002428591991760154 0.005231349740349309 0.21677704240305537 0.9762072827727848 -0.9032933147522115 -0.034928350061255935 -0.9755850261668715 0.2168261704760198 0.837275418179357 0.0 0.0 0.0 1.0"/>
            <scale value="1"/>
        </transform>
    </shape>
    <shape name="temp43" type="ply">
        <string name="filename" value="meshes/Cube_039.ply"/>
        <boolean name="face_normals" value="true"/>
        <ref id="mat-Material" name="bsdf"/>
        <transform name="to_world">
            <matrix value="0.9999636865714483 -0.0016229928449012212 -0.00839469119537655 0.018472423421112882 0.008269677029506642 0.43299597760186986 0.9013579020927783 -1.319301424691564 0.0021719764045099958 -0.9013943806958961 0.43299351787527635 1.456142219767139 0.0 0.0 0.0 1.0"/>
            <scale value="1"/>
        </transform>
    </shape>
    <shape name="temp47" type="ply">
        <string name="filename" value="meshes/Plane_001.ply"/>
        <boolean name="face_normals" value="true"/>
        <ref id="mat-Material.002" name="bsdf"/>
        <transform name="to_world">
            <scale value="1"/>
        </transform>
    </shape>
    <shape name="temp49" type="ply">
        <string name="filename" value="meshes/Plane_002.ply"/>
        <boolean name="face_normals" value="true"/>
        <ref id="mat-Material.003" name="bsdf"/>
        <transform name="to_world">
            <scale value="1"/>
        </transform>
    </shape>
    <shape name="temp51" type="ply">
        <string name="filename" value="meshes/Plane_003.ply"/>
        <boolean name="face_normals" value="true"/>
        <ref id="mat-Material.004" name="bsdf"/>
        <transform name="to_world">
            <scale value="1"/>
        </transform>
    </shape>
    <shape name="temp53" type="ply">
        <string name="filename" value="meshes/Plane_004.ply"/>
        <boolean name="face_normals" value="true"/>
        <ref id="mat-Material.005" name="bsdf"/>
        <transform name="to_world">
            <scale value="1"/>
        </transform>
    </shape>
    <emitter type="point">
        <transform name="to_world">
            <rotate angle="-142.5518126578256" x="1"/>
            <rotate angle="3.976628485794621e-06" y="1"/>
            <rotate angle="-179.999991348578" z="1"/>
            <translate value="-0.000000 3.030926 4.073377"/>
        </transform>
        <rgb name="intensity" value="100"/>
    </emitter>
</scene>
