
<scene version="2.1.0">
    <default name="spp" value="1024"/>
    <default name="resx" value="640"/>
    <default name="resy" value="360"/>
    <integrator name="temp0" type="path">
        <integer name="max_depth" value="12"/>
    </integrator>
    <sensor name="temp44" type="perspective">
        <string name="fov_axis" value="x"/>
        <float name="fov" value="83.974423"/>
        <float name="principal_point_offset_x" value="0.000000"/>
        <float name="principal_point_offset_y" value="-0.000000"/>
        <float name="near_clip" value="0.100000"/>
        <float name="far_clip" value="1000.000000"/>
        <sampler name="sampler" type="independent">
            <integer name="sample_count" value="$spp"/>
        </sampler>
        <film name="film" type="hdrfilm">
            <integer name="width" value="$resx"/>
            <integer name="height" value="$resy"/>
        </film>
        <float name="shutter_open" value="0.0"/>
        <float name="shutter_close" value="0.0015"/>
        <animation name="to_world">
            <transform time="0">
                <rotate angle="-142.5518126578256" x="1"/>
                <rotate angle="3.976628485794621e-06" y="1"/>
                <rotate angle="-179.999991348578" z="1"/>
                <translate value="-0.000000 3.030926 4.073377"/>
                <translate x="8.7" y="0.0" z="0.0"/>
            </transform>
            <transform time="0.0015">
                <rotate angle="-142.5518126578256" x="1"/>
                <rotate angle="3.976628485794621e-06" y="1"/>
                <rotate angle="-179.999991348578" z="1"/>
                <translate value="-0.000000 3.030926 4.073377"/>
                <translate x="8.85" y="0.0" z="0.0"/>
            </transform>
        </animation>
    </sensor>
    <bsdf id="mat-Material" name="mat-Material" type="twosided">
        <bsdf name="bsdf" type="diffuse">
            <texture name="reflectance" type="bitmap">
                <string name="filename" value="textures/siggraph_2023_logo.jpg"/>
            </texture>
        </bsdf>
    </bsdf>
    <bsdf id="mat-Material.001" name="mat-Material.001" type="twosided">
        <bsdf name="bsdf" type="principled">
            <rgb name="base_color" value="0.433648 0.266232 0.084399"/>
            <float name="spec_tint" value="0.000000"/>
            <float name="spec_trans" value="0.000000"/>
            <float name="metallic" value="0.000000"/>
            <float name="anisotropic" value="0.000000"/>
            <float name="roughness" value="0.500000"/>
            <float name="sheen" value="0.000000"/>
            <float name="sheen_tint" value="0.500000"/>
            <float name="clearcoat" value="0.000000"/>
            <float name="clearcoat_gloss" value="0.173205"/>
            <float name="specular" value="0.500000"/>
        </bsdf>
    </bsdf>
    <bsdf id="mat-Material.002" name="mat-Material.002" type="twosided">
        <bsdf name="bsdf" type="principled">
            <rgb name="base_color" value="0.433648 0.266232 0.084399"/>
            <float name="spec_tint" value="0.000000"/>
            <float name="spec_trans" value="0.000000"/>
            <float name="metallic" value="0.000000"/>
            <float name="anisotropic" value="0.000000"/>
            <float name="roughness" value="0.500000"/>
            <float name="sheen" value="0.000000"/>
            <float name="sheen_tint" value="0.500000"/>
            <float name="clearcoat" value="0.000000"/>
            <float name="clearcoat_gloss" value="0.173205"/>
            <float name="specular" value="0.500000"/>
        </bsdf>
    </bsdf>
    <bsdf id="mat-Material.003" name="mat-Material.003" type="twosided">
        <bsdf name="bsdf" type="principled">
            <rgb name="base_color" value="0.433648 0.266232 0.084399"/>
            <float name="spec_tint" value="0.000000"/>
            <float name="spec_trans" value="0.000000"/>
            <float name="metallic" value="0.000000"/>
            <float name="anisotropic" value="0.000000"/>
            <float name="roughness" value="0.500000"/>
            <float name="sheen" value="0.000000"/>
            <float name="sheen_tint" value="0.500000"/>
            <float name="clearcoat" value="0.000000"/>
            <float name="clearcoat_gloss" value="0.173205"/>
            <float name="specular" value="0.500000"/>
        </bsdf>
    </bsdf>
    <bsdf id="mat-Material.004" name="mat-Material.004" type="twosided">
        <bsdf name="bsdf" type="principled">
            <rgb name="base_color" value="0.433648 0.266232 0.084399"/>
            <float name="spec_tint" value="0.000000"/>
            <float name="spec_trans" value="0.000000"/>
            <float name="metallic" value="0.000000"/>
            <float name="anisotropic" value="0.000000"/>
            <float name="roughness" value="0.500000"/>
            <float name="sheen" value="0.000000"/>
            <float name="sheen_tint" value="0.500000"/>
            <float name="clearcoat" value="0.000000"/>
            <float name="clearcoat_gloss" value="0.173205"/>
            <float name="specular" value="0.500000"/>
        </bsdf>
    </bsdf>
    <bsdf id="mat-Material.005" name="mat-Material.005" type="twosided">
        <bsdf name="bsdf" type="principled">
            <rgb name="base_color" value="0.433648 0.266232 0.084399"/>
            <float name="spec_tint" value="0.000000"/>
            <float name="spec_trans" value="0.000000"/>
            <float name="metallic" value="0.000000"/>
            <float name="anisotropic" value="0.000000"/>
            <float name="roughness" value="0.500000"/>
            <float name="sheen" value="0.000000"/>
            <float name="sheen_tint" value="0.500000"/>
            <float name="clearcoat" value="0.000000"/>
            <float name="clearcoat_gloss" value="0.173205"/>
            <float name="specular" value="0.500000"/>
        </bsdf>
    </bsdf>
    <emitter name="temp45" type="point">
        <point name="position" x="-6.815235034541981e-16" y="3.0693089962005615" z="4.109199523925781"/>
        <rgb name="intensity" value="7.957747 7.957747 7.957747"/>
    </emitter>
    <shape name="temp2" type="ply">
        <string name="filename" value="meshes/Cube.ply"/>
        <boolean name="face_normals" value="true"/>
        <ref id="mat-Material" name="bsdf"/>
        <transform name="to_world">
            <matrix value="0.9999995567588077 0.00024844031262580225 0.0010534508753955484 -0.0018765930574131673 -0.0002480878574961837 1.0 -0.0003339745950666186 -0.016761455800407776 -0.001053535557694933 0.0003337136516187167 0.9999995272093389 0.002279254973071909 0.0 0.0 0.0 1.0"/>
            <scale value="1"/>
        </transform>
    </shape>
    <shape name="temp4" type="ply">
        <string name="filename" value="meshes/Plane.ply"/>
        <boolean name="face_normals" value="true"/>
        <ref id="mat-Material.001" name="bsdf"/>
        <transform name="to_world">
            <scale value="1"/>
        </transform>
    </shape>
    <shape name="temp5" type="ply">
        <string name="filename" value="meshes/Cube_001.ply"/>
        <boolean name="face_normals" value="true"/>
        <ref id="mat-Material" name="bsdf"/>
        <transform name="to_world">
            <matrix value="0.9999995567588077 -0.00016468400556502295 -0.0010111526589037592 0.001633255625359542 0.00016861293874229424 0.9999924909735245 0.0038868829431786 -0.021869276134309834 0.0010105057027411809 -0.0038870579842852767 0.999991962558762 -0.0019022699228161688 0.0 0.0 0.0 1.0"/>
            <scale value="1"/>
        </transform>
    </shape>
    <shape name="temp6" type="ply">
        <string name="filename" value="meshes/Cube_002.ply"/>
        <boolean name="face_normals" value="true"/>
        <ref id="mat-Material" name="bsdf"/>
        <transform name="to_world">
            <matrix value="1.0 9.059995035699165e-05 0.00037450457448604105 -0.0009562030406469191 -9.200712022651398e-05 0.999992908141662 0.003758236604304002 -0.019848796778909106 -0.00037416205252585426 -0.0037582719227070875 0.9999929081400841 0.0007724596478179135 0.0 0.0 0.0 1.0"/>
            <scale value="1"/>
        </transform>
    </shape>
    <shape name="temp7" type="ply">
        <string name="filename" value="meshes/Cube_003.ply"/>
        <boolean name="face_normals" value="true"/>
        <ref id="mat-Material" name="bsdf"/>
        <transform name="to_world">
            <matrix value="0.9999995567588077 -0.0005833512367992358 0.0007675118114926899 -0.0010045764965029846 0.0005876181459398221 0.9999843561948426 -0.005571436068537626 -0.017232886397109404 -0.0007642497610929974 0.005571891628061232 0.999984397908185 0.0018599219357859909 0.0 0.0 0.0 1.0"/>
            <scale value="1"/>
        </transform>
    </shape>
    <shape name="temp8" type="ply">
        <string name="filename" value="meshes/Cube_004.ply"/>
        <boolean name="face_normals" value="true"/>
        <ref id="mat-Material" name="bsdf"/>
        <transform name="to_world">
            <matrix value="1.0 0.0003690102477352985 0.0005992692547542647 -0.0005744822877029598 -0.00036935554503596463 0.9999997914159312 0.0005765658472101332 -0.016865173587228777 -0.0005990582011144856 -0.0005767870961551699 0.9999997636046695 0.0020043383773471583 0.0 0.0 0.0 1.0"/>
            <scale value="1"/>
        </transform>
    </shape>
    <shape name="temp9" type="ply">
        <string name="filename" value="meshes/Cube_005.ply"/>
        <boolean name="face_normals" value="true"/>
        <ref id="mat-Material" name="bsdf"/>
        <transform name="to_world">
            <matrix value="1.0 0.00048253629884256706 0.0006754003709515527 -0.00053361380855943 -0.00048582780611566465 0.9999879021240116 0.004884140284553787 -0.01461111416769173 -0.0006730351561184128 -0.004884471541832578 0.9999879438381429 0.0018122024335002207 0.0 0.0 0.0 1.0"/>
            <scale value="1"/>
        </transform>
    </shape>
    <shape name="temp10" type="ply">
        <string name="filename" value="meshes/Cube_006.ply"/>
        <boolean name="face_normals" value="true"/>
        <ref id="mat-Material" name="bsdf"/>
        <transform name="to_world">
            <matrix value="1.0 0.00022611138806440242 -0.0007585051493994849 -0.0008969965480853936 -0.000226412033466483 0.9999997914159312 -0.00039560758564248234 -0.01752048487532465 0.0007584167070016152 0.00039577784128003873 0.9999997636046695 -0.0017840778069589946 0.0 0.0 0.0 1.0"/>
            <scale value="1"/>
        </transform>
    </shape>
    <shape name="temp11" type="ply">
        <string name="filename" value="meshes/Cube_007.ply"/>
        <boolean name="face_normals" value="true"/>
        <ref id="mat-Material" name="bsdf"/>
        <transform name="to_world">
            <matrix value="0.9999986702764229 -0.0017660333359058704 -5.14337140401333e-05 0.0005425822644378187 0.0017662496653528998 0.9999881107080804 0.004524417510085807 -0.017349392568712874 4.344286709678792e-05 -0.0045244971559562225 0.9999898350007872 9.445639845417908e-05 0.0 0.0 0.0 1.0"/>
            <scale value="1"/>
        </transform>
    </shape>
    <shape name="temp12" type="ply">
        <string name="filename" value="meshes/Cube_008.ply"/>
        <boolean name="face_normals" value="true"/>
        <ref id="mat-Material" name="bsdf"/>
        <transform name="to_world">
            <matrix value="0.9999986702764229 0.0018262724149654898 0.00017490819587338857 0.00030909137453472013 -0.001825825714017237 0.9999952025664184 -0.0025158845842349845 -0.016781855495966558 -0.00017950204511486153 0.002515557242768912 0.9999969268607032 0.0003709469692276812 0.0 0.0 0.0 1.0"/>
            <scale value="1"/>
        </transform>
    </shape>
    <shape name="temp13" type="ply">
        <string name="filename" value="meshes/Cube_009.ply"/>
        <boolean name="face_normals" value="true"/>
        <ref id="mat-Material" name="bsdf"/>
        <transform name="to_world">
            <matrix value="0.9999995567588077 0.0008369018591098049 0.0006598526500625738 0.0012141722782885722 -0.0008367152636309964 0.9999995828318625 -0.0002844332256473804 -0.016513365250668266 -0.0006600880808897446 0.0002838829175905203 0.9999997636046695 0.0011245483956094926 0.0 0.0 0.0 1.0"/>
            <scale value="1"/>
        </transform>
    </shape>
    <shape name="temp14" type="ply">
        <string name="filename" value="meshes/Cube_010.ply"/>
        <boolean name="face_normals" value="true"/>
        <ref id="mat-Material" name="bsdf"/>
        <transform name="to_world">
            <matrix value="0.9999920216585376 0.00026308500009386283 0.004045315093700017 0.00816570844221065 -0.0002639762812773147 1.0 0.00021984056553327715 -0.016967039259432548 -0.004045249606845063 -0.00022090721554869083 0.999991962558762 0.006709977663311273 0.0 0.0 0.0 1.0"/>
            <scale value="1"/>
        </transform>
    </shape>
    <shape name="temp15" type="ply">
        <string name="filename" value="meshes/Cube_011.ply"/>
        <boolean name="face_normals" value="true"/>
        <ref id="mat-Material" name="bsdf"/>
        <transform name="to_world">
            <matrix value="0.9999995567588077 0.0007743933853820114 -0.000575986678650334 -0.00130908300431809 -0.000774080850739415 0.9999995828318625 0.0005423168917229012 -0.01580244026177996 0.0005764085761851826 -0.0005418722088844299 0.9999997636046695 -0.0008584381623730764 0.0 0.0 0.0 1.0"/>
            <scale value="1"/>
        </transform>
    </shape>
    <shape name="temp16" type="ply">
        <string name="filename" value="meshes/Cube_012.ply"/>
        <boolean name="face_normals" value="true"/>
        <ref id="mat-Material" name="bsdf"/>
        <transform name="to_world">
            <matrix value="0.9999982270352306 -0.0020608210286114765 -0.00018283855002668902 -0.0004154581737030316 0.002060384520599191 0.9999949939823496 -0.00236792474685606 -0.023369591546744062 0.00018771752061514787 0.0023675334725284354 0.9999971632560337 -0.0003214231086885455 0.0 0.0 0.0 1.0"/>
            <scale value="1"/>
        </transform>
    </shape>
    <shape name="temp17" type="ply">
        <string name="filename" value="meshes/Cube_013.ply"/>
        <boolean name="face_normals" value="true"/>
        <ref id="mat-Material" name="bsdf"/>
        <transform name="to_world">
            <matrix value="1.0 0.0003866752325190907 0.00026921882217444934 -0.0002575787611409641 -0.00038689149632907646 0.9999995828318625 0.0008034202622002447 -0.016491641315785677 -0.0002689082260246407 -0.0008035242364258703 0.9999997636046695 0.00023341024660017418 0.0 0.0 0.0 1.0"/>
            <scale value="1"/>
        </transform>
    </shape>
    <shape name="temp18" type="ply">
        <string name="filename" value="meshes/Cube_014.ply"/>
        <boolean name="face_normals" value="true"/>
        <ref id="mat-Material" name="bsdf"/>
        <transform name="to_world">
            <matrix value="0.9999995567588077 -0.0010649280489254793 -6.37692951778662e-05 -0.00029682947996811926 0.0010645633985607071 0.9999845647789114 -0.005455082286850605 -0.022929623956120027 6.957734292861866e-05 0.005455015716809582 0.9999851070941767 6.629375284838979e-05 0.0 0.0 0.0 1.0"/>
            <scale value="1"/>
        </transform>
    </shape>
    <shape name="temp19" type="ply">
        <string name="filename" value="meshes/Cube_015.ply"/>
        <boolean name="face_normals" value="true"/>
        <ref id="mat-Material" name="bsdf"/>
        <transform name="to_world">
            <matrix value="1.0 -0.00019433506527638433 -9.922363045547234e-05 0.00013225084183243752 0.00019430009556280106 1.0 -0.00035212030063812554 -0.01813419534709365 9.92922324640487e-05 0.00035210033728043925 1.0 -0.00019802086519782325 0.0 0.0 0.0 1.0"/>
            <scale value="1"/>
        </transform>
    </shape>
    <shape name="temp20" type="ply">
        <string name="filename" value="meshes/Cube_016.ply"/>
        <boolean name="face_normals" value="true"/>
        <ref id="mat-Material" name="bsdf"/>
        <transform name="to_world">
            <matrix value="0.9999995567588077 0.0008769792020825035 0.0003997988748527848 0.0007329331971680508 -0.0008791689050346881 0.9999843561948426 0.005512148119640622 -0.016109551163697333 -0.00039495848602992415 -0.005512503572002178 0.999984870698846 0.0007677062343928176 0.0 0.0 0.0 1.0"/>
            <scale value="1"/>
        </transform>
    </shape>
    <shape name="temp21" type="ply">
        <string name="filename" value="meshes/Cube_017.ply"/>
        <boolean name="face_normals" value="true"/>
        <ref id="mat-Material" name="bsdf"/>
        <transform name="to_world">
            <matrix value="1.0 -0.000566364150238933 0.0005814332270657524 0.0002729350967834998 0.0005667547830157067 0.9999995828318625 -0.0006684243447476031 -0.018025645670895707 -0.0005810537438810554 0.0006687518120740974 0.9999995272093389 0.00032989453702556015 0.0 0.0 0.0 1.0"/>
            <scale value="1"/>
        </transform>
    </shape>
    <shape name="temp22" type="ply">
        <string name="filename" value="meshes/Cube_018.ply"/>
        <boolean name="face_normals" value="true"/>
        <ref id="mat-Material" name="bsdf"/>
        <transform name="to_world">
            <matrix value="0.9999915784173453 0.004137338008397594 7.648027210048125e-05 0.0003869580806903361 -0.004137691989922468 0.9999766385842983 0.0054236889869561785 -0.01793525098411941 -5.4039079689447494e-05 -0.005423955463129637 0.9999853434895072 0.0002023185726484633 0.0 0.0 0.0 1.0"/>
            <scale value="1"/>
        </transform>
    </shape>
    <shape name="temp23" type="ply">
        <string name="filename" value="meshes/Cube_019.ply"/>
        <boolean name="face_normals" value="true"/>
        <ref id="mat-Material" name="bsdf"/>
        <transform name="to_world">
            <matrix value="0.9999711893224971 0.005119458182022973 -0.005661975480130736 0.003073156538964089 -0.00508695505711606 0.9999705896463041 0.005740506008932907 -0.018101207271757624 0.00569118588294532 -0.005711536576259379 0.9999676138397174 -0.0008685818390534727 0.0 0.0 0.0 1.0"/>
            <scale value="1"/>
        </transform>
    </shape>
    <shape name="temp24" type="ply">
        <string name="filename" value="meshes/Cube_020.ply"/>
        <boolean name="face_normals" value="true"/>
        <ref id="mat-Material" name="bsdf"/>
        <transform name="to_world">
            <matrix value="0.9999416211815829 -0.003582870997860342 0.010169704287262157 -0.00781378527295326 0.0034977534564182376 0.9999587821446708 0.008375226519126373 -0.015250061646319868 -0.010199284991339104 -0.00833916829498111 0.9999132429055398 -0.0009911794653305606 0.0 0.0 0.0 1.0"/>
            <scale value="1"/>
        </transform>
    </shape>
    <shape name="temp25" type="ply">
        <string name="filename" value="meshes/Cube_021.ply"/>
        <boolean name="face_normals" value="true"/>
        <ref id="mat-Material" name="bsdf"/>
        <transform name="to_world">
            <matrix value="0.9987367626017903 0.04264528401849724 0.026587713778207282 -0.00950953028047552 -0.04283433239898091 0.999060537354278 0.006581718792625033 -0.025095677196408372 -0.026282052986825098 -0.007712270792181435 0.9996248406104484 -0.0005458000751469294 0.0 0.0 0.0 1.0"/>
            <scale value="1"/>
        </transform>
    </shape>
    <shape name="temp26" type="ply">
        <string name="filename" value="meshes/Cube_022.ply"/>
        <boolean name="face_normals" value="true"/>
        <ref id="mat-Material" name="bsdf"/>
        <transform name="to_world">
            <matrix value="0.9952675137892335 0.09685549087131823 0.007850972601308402 0.0701674260211903 -0.09625651786173357 0.9937270427159315 -0.056930827416752205 -0.039770685176418186 -0.013315794279351876 0.055905682455785394 0.9983473602442626 0.14075857402038244 0.0 0.0 0.0 1.0"/>
            <scale value="1"/>
        </transform>
    </shape>
    <shape name="temp27" type="ply">
        <string name="filename" value="meshes/Cube_023.ply"/>
        <boolean name="face_normals" value="true"/>
        <ref id="mat-Material" name="bsdf"/>
        <transform name="to_world">
            <matrix value="0.9826369127719062 0.1801606305913567 0.04435024615845768 0.06955554373543138 -0.1647111751742381 0.957077987497471 -0.23847820978761772 -0.10232631904948236 -0.08541102642249396 0.22703249531207306 0.970134759522122 0.12786927072359489 0.0 0.0 0.0 1.0"/>
            <scale value="1"/>
        </transform>
    </shape>
    <shape name="temp28" type="ply">
        <string name="filename" value="meshes/Cube_024.ply"/>
        <boolean name="face_normals" value="true"/>
        <ref id="mat-Material" name="bsdf"/>
        <transform name="to_world">
            <matrix value="0.9521370430848168 0.3019911435204402 0.04729294251196515 0.013454437655778917 -0.23105387685341305 0.8123369133312336 -0.5354652094628105 -0.309607418884966 -0.2001236199685476 0.4989088967362851 0.8432323090008468 -0.09000970477967421 0.0 0.0 0.0 1.0"/>
            <scale value="1"/>
        </transform>
    </shape>
    <shape name="temp29" type="ply">
        <string name="filename" value="meshes/Cube_025.ply"/>
        <boolean name="face_normals" value="true"/>
        <ref id="mat-Material" name="bsdf"/>
        <transform name="to_world">
            <matrix value="0.9197068580050246 0.39065585088742094 -0.039086525891671366 -0.10034784134766594 -0.2792758591344031 0.5809986170876241 -0.7644904427731819 -0.668126076640385 -0.2759434832020453 0.7140228983590692 0.6434489416817447 -0.46806950503703093 0.0 0.0 0.0 1.0"/>
            <scale value="1"/>
        </transform>
    </shape>
    <shape name="temp30" type="ply">
        <string name="filename" value="meshes/Cube_026.ply"/>
        <boolean name="face_normals" value="true"/>
        <ref id="mat-Material" name="bsdf"/>
        <transform name="to_world">
            <matrix value="0.905020061096366 0.40917686468942877 -0.11624596177676622 -0.13271580822306406 -0.3366387158770768 0.521916136689312 -0.7837587897693775 -1.03199891596601 -0.26002527361278804 0.7484503246611031 0.6100893054279677 -0.5590493515959386 0.0 0.0 0.0 1.0"/>
            <scale value="1"/>
        </transform>
    </shape>
    <shape name="temp31" type="ply">
        <string name="filename" value="meshes/Cube_027.ply"/>
        <boolean name="face_normals" value="true"/>
        <ref id="mat-Material" name="bsdf"/>
        <transform name="to_world">
            <matrix value="0.8316299574311159 0.45902428544312646 -0.3125522138186309 -0.4588252771896183 -0.5161681089735066 0.4313180635889392 -0.7399566261847543 -1.530536142532102 -0.20484874837552103 0.7766990736781507 0.5956304214314115 -0.6798905460443355 0.0 0.0 0.0 1.0"/>
            <scale value="1"/>
        </transform>
    </shape>
    <shape name="temp32" type="ply">
        <string name="filename" value="meshes/Cube_028.ply"/>
        <boolean name="face_normals" value="true"/>
        <ref id="mat-Material" name="bsdf"/>
        <transform name="to_world">
            <matrix value="-0.15262199327337167 0.9724435415071868 0.17623874699127842 -1.496170518438405 -0.7492948032629644 0.0024187533764546136 -0.662232205459692 -2.1033360830275316 -0.6444097534337896 -0.23312607029700289 0.7282777512752346 -1.4234641640831482 0.0 0.0 0.0 1.0"/>
            <scale value="1"/>
        </transform>
    </shape>
    <shape name="temp33" type="ply">
        <string name="filename" value="meshes/Cube_029.ply"/>
        <boolean name="face_normals" value="true"/>
        <ref id="mat-Material" name="bsdf"/>
        <transform name="to_world">
            <matrix value="0.03507961055055875 0.9913861037121706 0.12618555804190912 -1.6490543945004532 -0.9960387534639299 0.024359198453140548 0.08551903667957227 -1.7586531021865832 0.08170863274275876 -0.12868564920748482 0.9883135604399034 0.005490352253073372 0.0 0.0 0.0 1.0"/>
            <scale value="1"/>
        </transform>
    </shape>
    <shape name="temp34" type="ply">
        <string name="filename" value="meshes/Cube_030.ply"/>
        <boolean name="face_normals" value="true"/>
        <ref id="mat-Material" name="bsdf"/>
        <transform name="to_world">
            <matrix value="0.10380591529842953 0.9729768797939032 -0.2062530712906325 -2.884439947340926 -0.9583722961433154 0.15330816067848405 0.24087202370800284 -1.8433283926136566 0.26598312749945224 0.17266322338249152 0.9483884113740217 0.37251346293586307 0.0 0.0 0.0 1.0"/>
            <scale value="1"/>
        </transform>
    </shape>
    <shape name="temp35" type="ply">
        <string name="filename" value="meshes/Cube_031.ply"/>
        <boolean name="face_normals" value="true"/>
        <ref id="mat-Material" name="bsdf"/>
        <transform name="to_world">
            <matrix value="0.11181494857515686 0.9871307801252756 0.11432527335574046 -2.0184551550179632 -0.7027824022608847 -0.002785225156073029 0.7113995974660312 -0.8605315995887857 0.7025629978706693 -0.15989084795681477 0.6934266968811419 0.7450018383253405 0.0 0.0 0.0 1.0"/>
            <scale value="1"/>
        </transform>
    </shape>
    <shape name="temp36" type="ply">
        <string name="filename" value="meshes/Cube_032.ply"/>
        <boolean name="face_normals" value="true"/>
        <ref id="mat-Material" name="bsdf"/>
        <transform name="to_world">
            <matrix value="0.8846571174784186 0.44023482394461677 0.15354184031873655 -0.24654317133826753 -0.1625092415788606 -0.017517899641861154 0.9865517060414609 0.6708021685970933 0.43700407959193444 -0.897711832765637 0.05604488863652374 -0.5622167455675373 0.0 0.0 0.0 1.0"/>
            <scale value="1"/>
        </transform>
    </shape>
    <shape name="temp37" type="ply">
        <string name="filename" value="meshes/Cube_033.ply"/>
        <boolean name="face_normals" value="true"/>
        <ref id="mat-Material" name="bsdf"/>
        <transform name="to_world">
            <matrix value="0.9825349672976648 0.15303798524476298 0.10585326658159587 -0.1311895659910136 -0.12340056415738963 0.1101009964060965 0.9862304447872702 0.385597843434474 0.13927617826806163 -0.9820678190241187 0.12706303386930456 -0.3901049156097852 0.0 0.0 0.0 1.0"/>
            <scale value="1"/>
        </transform>
    </shape>
    <shape name="temp38" type="ply">
        <string name="filename" value="meshes/Cube_034.ply"/>
        <boolean name="face_normals" value="true"/>
        <ref id="mat-Material" name="bsdf"/>
        <transform name="to_world">
            <matrix value="0.9999344003035315 0.0027327308034866913 0.011127246405727197 -0.038229336952770865 -0.011442657000462745 0.1880804633903672 0.9820871438290654 0.37133217315274636 0.0005909601845301732 -0.9821497925631436 0.18809940990997592 -0.33317398991177694 0.0 0.0 0.0 1.0"/>
            <scale value="1"/>
        </transform>
    </shape>
    <shape name="temp39" type="ply">
        <string name="filename" value="meshes/Cube_035.ply"/>
        <boolean name="face_normals" value="true"/>
        <ref id="mat-Material" name="bsdf"/>
        <transform name="to_world">
            <matrix value="0.9991839929648758 -0.04033947057191666 0.0020411696651838375 0.0038427114846806276 0.0067770159939151845 0.2172526140798418 0.9760919218514861 0.09192308797728428 -0.03981849716414285 -0.9752815363468169 0.21734865143555793 -0.1251836625921866 0.0 0.0 0.0 1.0"/>
            <scale value="1"/>
        </transform>
    </shape>
    <shape name="temp40" type="ply">
        <string name="filename" value="meshes/Cube_036.ply"/>
        <boolean name="face_normals" value="true"/>
        <ref id="mat-Material" name="bsdf"/>
        <transform name="to_world">
            <matrix value="0.9998581628184466 -0.016730413434482703 0.0020416140884052347 0.001276738093682006 0.0016518092218989516 0.21781683398585383 0.9759883806967138 -0.24880008578346208 -0.016773385848549805 -0.9758461734209665 0.21781359377164494 0.2367798420002984 0.0 0.0 0.0 1.0"/>
            <scale value="1"/>
        </transform>
    </shape>
    <shape name="temp41" type="ply">
        <string name="filename" value="meshes/Cube_037.ply"/>
        <boolean name="face_normals" value="true"/>
        <ref id="mat-Material" name="bsdf"/>
        <transform name="to_world">
            <matrix value="0.9991751281410287 -0.0405616543219662 0.0019399593683705886 -0.001556647055380278 0.006944051437253891 0.2177348604468288 0.9759834163947727 -0.5681158628608263 -0.04000989757582527 -0.975164729268308 0.21783699690936745 0.5034631078042351 0.0 0.0 0.0 1.0"/>
            <scale value="1"/>
        </transform>
    </shape>
    <shape name="temp42" type="ply">
        <string name="filename" value="meshes/Cube_038.ply"/>
        <boolean name="face_normals" value="true"/>
        <ref id="mat-Material" name="bsdf"/>
        <transform name="to_world">
            <matrix value="0.9994353107209407 -0.03355218669108491 0.0020057978318765864 0.0013530790732021458 0.005348378712366606 0.2176618560227607 0.9760096562764615 -0.9027781358081322 -0.03318385024121186 -0.975447360681486 0.2177183500929743 0.8367593900189377 0.0 0.0 0.0 1.0"/>
            <scale value="1"/>
        </transform>
    </shape>
    <shape name="temp43" type="ply">
        <string name="filename" value="meshes/Cube_039.ply"/>
        <boolean name="face_normals" value="true"/>
        <ref id="mat-Material" name="bsdf"/>
        <transform name="to_world">
            <matrix value="0.999958375983921 -6.8826670308402e-05 -0.009139779211196814 0.01868813268886127 0.008268370957419327 0.43299443225004974 0.9013586565063122 -1.319305268446086 0.0038954489789936233 -0.9013967094117208 0.43297692218235406 1.4564948100375057 0.0 0.0 0.0 1.0"/>
            <scale value="1"/>
        </transform>
    </shape>
    <shape name="temp47" type="ply">
        <string name="filename" value="meshes/Plane_001.ply"/>
        <boolean name="face_normals" value="true"/>
        <ref id="mat-Material.002" name="bsdf"/>
        <transform name="to_world">
            <scale value="1"/>
        </transform>
    </shape>
    <shape name="temp49" type="ply">
        <string name="filename" value="meshes/Plane_002.ply"/>
        <boolean name="face_normals" value="true"/>
        <ref id="mat-Material.003" name="bsdf"/>
        <transform name="to_world">
            <scale value="1"/>
        </transform>
    </shape>
    <shape name="temp51" type="ply">
        <string name="filename" value="meshes/Plane_003.ply"/>
        <boolean name="face_normals" value="true"/>
        <ref id="mat-Material.004" name="bsdf"/>
        <transform name="to_world">
            <scale value="1"/>
        </transform>
    </shape>
    <shape name="temp53" type="ply">
        <string name="filename" value="meshes/Plane_004.ply"/>
        <boolean name="face_normals" value="true"/>
        <ref id="mat-Material.005" name="bsdf"/>
        <transform name="to_world">
            <scale value="1"/>
        </transform>
    </shape>
    <emitter type="point">
        <rgb name="intensity" value="100"/>
        <animation name="to_world">
            <transform time="0">
                <rotate angle="-142.5518126578256" x="1"/>
                <rotate angle="3.976628485794621e-06" y="1"/>
                <rotate angle="-179.999991348578" z="1"/>
                <translate value="-0.000000 3.030926 4.073377"/>
                <translate x="8.7" y="0.0" z="0.0"/>
            </transform>
            <transform time="0.0015">
                <rotate angle="-142.5518126578256" x="1"/>
                <rotate angle="3.976628485794621e-06" y="1"/>
                <rotate angle="-179.999991348578" z="1"/>
                <translate value="-0.000000 3.030926 4.073377"/>
                <translate x="8.85" y="0.0" z="0.0"/>
            </transform>
        </animation>
    </emitter>
</scene>
