
<scene version="2.1.0">
    <default name="spp" value="1024"/>
    <default name="resx" value="640"/>
    <default name="resy" value="360"/>
    <integrator name="temp0" type="path">
        <integer name="max_depth" value="12"/>
    </integrator>
    <sensor name="temp44" type="perspective">
        <string name="fov_axis" value="x"/>
        <float name="fov" value="83.974423"/>
        <float name="principal_point_offset_x" value="0.000000"/>
        <float name="principal_point_offset_y" value="-0.000000"/>
        <float name="near_clip" value="0.100000"/>
        <float name="far_clip" value="1000.000000"/>
        <sampler name="sampler" type="independent">
            <integer name="sample_count" value="$spp"/>
        </sampler>
        <film name="film" type="hdrfilm">
            <integer name="width" value="$resx"/>
            <integer name="height" value="$resy"/>
        </film>
        <float name="shutter_open" value="0.0"/>
        <float name="shutter_close" value="0.0015"/>
        <animation name="to_world">
            <transform time="0">
                <rotate angle="-142.5518126578256" x="1"/>
                <rotate angle="3.976628485794621e-06" y="1"/>
                <rotate angle="-179.999991348578" z="1"/>
                <translate value="-0.000000 3.030926 4.073377"/>
                <translate x="10.35" y="0.0" z="0.0"/>
            </transform>
            <transform time="0.0015">
                <rotate angle="-142.5518126578256" x="1"/>
                <rotate angle="3.976628485794621e-06" y="1"/>
                <rotate angle="-179.999991348578" z="1"/>
                <translate value="-0.000000 3.030926 4.073377"/>
                <translate x="10.5" y="0.0" z="0.0"/>
            </transform>
        </animation>
    </sensor>
    <bsdf id="mat-Material" name="mat-Material" type="twosided">
        <bsdf name="bsdf" type="diffuse">
            <texture name="reflectance" type="bitmap">
                <string name="filename" value="textures/siggraph_2023_logo.jpg"/>
            </texture>
        </bsdf>
    </bsdf>
    <bsdf id="mat-Material.001" name="mat-Material.001" type="twosided">
        <bsdf name="bsdf" type="principled">
            <rgb name="base_color" value="0.433648 0.266232 0.084399"/>
            <float name="spec_tint" value="0.000000"/>
            <float name="spec_trans" value="0.000000"/>
            <float name="metallic" value="0.000000"/>
            <float name="anisotropic" value="0.000000"/>
            <float name="roughness" value="0.500000"/>
            <float name="sheen" value="0.000000"/>
            <float name="sheen_tint" value="0.500000"/>
            <float name="clearcoat" value="0.000000"/>
            <float name="clearcoat_gloss" value="0.173205"/>
            <float name="specular" value="0.500000"/>
        </bsdf>
    </bsdf>
    <bsdf id="mat-Material.002" name="mat-Material.002" type="twosided">
        <bsdf name="bsdf" type="principled">
            <rgb name="base_color" value="0.433648 0.266232 0.084399"/>
            <float name="spec_tint" value="0.000000"/>
            <float name="spec_trans" value="0.000000"/>
            <float name="metallic" value="0.000000"/>
            <float name="anisotropic" value="0.000000"/>
            <float name="roughness" value="0.500000"/>
            <float name="sheen" value="0.000000"/>
            <float name="sheen_tint" value="0.500000"/>
            <float name="clearcoat" value="0.000000"/>
            <float name="clearcoat_gloss" value="0.173205"/>
            <float name="specular" value="0.500000"/>
        </bsdf>
    </bsdf>
    <bsdf id="mat-Material.003" name="mat-Material.003" type="twosided">
        <bsdf name="bsdf" type="principled">
            <rgb name="base_color" value="0.433648 0.266232 0.084399"/>
            <float name="spec_tint" value="0.000000"/>
            <float name="spec_trans" value="0.000000"/>
            <float name="metallic" value="0.000000"/>
            <float name="anisotropic" value="0.000000"/>
            <float name="roughness" value="0.500000"/>
            <float name="sheen" value="0.000000"/>
            <float name="sheen_tint" value="0.500000"/>
            <float name="clearcoat" value="0.000000"/>
            <float name="clearcoat_gloss" value="0.173205"/>
            <float name="specular" value="0.500000"/>
        </bsdf>
    </bsdf>
    <bsdf id="mat-Material.004" name="mat-Material.004" type="twosided">
        <bsdf name="bsdf" type="principled">
            <rgb name="base_color" value="0.433648 0.266232 0.084399"/>
            <float name="spec_tint" value="0.000000"/>
            <float name="spec_trans" value="0.000000"/>
            <float name="metallic" value="0.000000"/>
            <float name="anisotropic" value="0.000000"/>
            <float name="roughness" value="0.500000"/>
            <float name="sheen" value="0.000000"/>
            <float name="sheen_tint" value="0.500000"/>
            <float name="clearcoat" value="0.000000"/>
            <float name="clearcoat_gloss" value="0.173205"/>
            <float name="specular" value="0.500000"/>
        </bsdf>
    </bsdf>
    <bsdf id="mat-Material.005" name="mat-Material.005" type="twosided">
        <bsdf name="bsdf" type="principled">
            <rgb name="base_color" value="0.433648 0.266232 0.084399"/>
            <float name="spec_tint" value="0.000000"/>
            <float name="spec_trans" value="0.000000"/>
            <float name="metallic" value="0.000000"/>
            <float name="anisotropic" value="0.000000"/>
            <float name="roughness" value="0.500000"/>
            <float name="sheen" value="0.000000"/>
            <float name="sheen_tint" value="0.500000"/>
            <float name="clearcoat" value="0.000000"/>
            <float name="clearcoat_gloss" value="0.173205"/>
            <float name="specular" value="0.500000"/>
        </bsdf>
    </bsdf>
    <emitter name="temp45" type="point">
        <point name="position" x="-6.815235034541981e-16" y="3.0693089962005615" z="4.109199523925781"/>
        <rgb name="intensity" value="7.957747 7.957747 7.957747"/>
    </emitter>
    <shape name="temp2" type="ply">
        <string name="filename" value="meshes/Cube.ply"/>
        <boolean name="face_normals" value="true"/>
        <ref id="mat-Material" name="bsdf"/>
        <transform name="to_world">
            <matrix value="0.9999995567588077 0.0001888772545330533 0.0011602070066630387 -0.001928987177804764 -0.00018719227980220805 0.9999989570796561 -0.0014521954270741682 -0.015421557932693286 -0.0011604807925861707 0.001451976646927661 0.9999983452326863 0.002691768329098787 0.0 0.0 0.0 1.0"/>
            <scale value="1"/>
        </transform>
    </shape>
    <shape name="temp4" type="ply">
        <string name="filename" value="meshes/Plane.ply"/>
        <boolean name="face_normals" value="true"/>
        <ref id="mat-Material.001" name="bsdf"/>
        <transform name="to_world">
            <scale value="1"/>
        </transform>
    </shape>
    <shape name="temp5" type="ply">
        <string name="filename" value="meshes/Cube_001.ply"/>
        <boolean name="face_normals" value="true"/>
        <ref id="mat-Material" name="bsdf"/>
        <transform name="to_world">
            <matrix value="0.9999991135176153 0.00026966374162274234 -0.0013948033687280182 0.0019805941976018815 -0.0002724058422735082 0.9999979141593124 -0.001966151970993347 -0.015028365533074073 0.0013942683594934285 0.0019665285144851207 0.9999971632560337 -0.0031977245859997616 0.0 0.0 0.0 1.0"/>
            <scale value="1"/>
        </transform>
    </shape>
    <shape name="temp6" type="ply">
        <string name="filename" value="meshes/Cube_002.ply"/>
        <boolean name="face_normals" value="true"/>
        <ref id="mat-Material" name="bsdf"/>
        <transform name="to_world">
            <matrix value="1.0 -4.339695842710926e-06 0.00029643974448501515 -0.0009537835145430051 5.345710400388634e-06 0.9999941596460746 -0.0033936677255601505 -0.015440805321970896 -0.00029642330952241646 0.0033936711421855025 0.9999943265120672 0.0006831833945510901 0.0 0.0 0.0 1.0"/>
            <scale value="1"/>
        </transform>
    </shape>
    <shape name="temp7" type="ply">
        <string name="filename" value="meshes/Cube_003.ply"/>
        <boolean name="face_normals" value="true"/>
        <ref id="mat-Material" name="bsdf"/>
        <transform name="to_world">
            <matrix value="0.9999995567588077 -0.00012471074604263876 0.0011218636840510216 -0.0013076249417678376 0.0001257076345635936 0.9999995828318625 -0.0008884138393391143 -0.017782374068415263 -0.0011217503771982548 0.0008885535320583285 0.999999054418678 0.0030734295132671674 0.0 0.0 0.0 1.0"/>
            <scale value="1"/>
        </transform>
    </shape>
    <shape name="temp8" type="ply">
        <string name="filename" value="meshes/Cube_004.ply"/>
        <boolean name="face_normals" value="true"/>
        <ref id="mat-Material" name="bsdf"/>
        <transform name="to_world">
            <matrix value="1.0 0.0003787615529501088 0.0007691287555535173 -0.000560668119684582 -0.00037926154244389014 0.9999995828318625 0.0006507112426309666 -0.016832378375611357 -0.0007688816315530994 -0.0006510033936627988 0.9999995272093389 0.0024886243149264617 0.0 0.0 0.0 1.0"/>
            <scale value="1"/>
        </transform>
    </shape>
    <shape name="temp9" type="ply">
        <string name="filename" value="meshes/Cube_005.ply"/>
        <boolean name="face_normals" value="true"/>
        <ref id="mat-Material" name="bsdf"/>
        <transform name="to_world">
            <matrix value="1.0 -0.00037131510169516275 0.0007731876633787228 -0.0005667064205945316 0.00037337086699750193 0.999996454070831 -0.0026593292708007796 -0.01955870834174056 -0.0007721970756719092 0.002659607486499396 0.9999962176747115 0.0020803499015310534 0.0 0.0 0.0 1.0"/>
            <scale value="1"/>
        </transform>
    </shape>
    <shape name="temp10" type="ply">
        <string name="filename" value="meshes/Cube_006.ply"/>
        <boolean name="face_normals" value="true"/>
        <ref id="mat-Material" name="bsdf"/>
        <transform name="to_world">
            <matrix value="0.9999995567588077 -3.267552870846831e-05 -0.0010317899712590556 -0.0009922948582850033 3.38844151077874e-05 0.9999991656637249 0.0011717170953065598 -0.017087282011090832 0.0010317502530907208 -0.0011717502080626086 0.9999988180233473 -0.0021365181198745864 0.0 0.0 0.0 1.0"/>
            <scale value="1"/>
        </transform>
    </shape>
    <shape name="temp11" type="ply">
        <string name="filename" value="meshes/Cube_007.ply"/>
        <boolean name="face_normals" value="true"/>
        <ref id="mat-Material" name="bsdf"/>
        <transform name="to_world">
            <matrix value="1.0 0.00011526418215229557 -5.1742682737136425e-05 0.0004971834130382824 -0.00011529146654326831 0.9999997914159312 -0.0005256841162667882 -0.01801549909855288 5.1681923028507504e-05 0.0005256902568295639 1.0 -0.00017944510391565416 0.0 0.0 0.0 1.0"/>
            <scale value="1"/>
        </transform>
    </shape>
    <shape name="temp12" type="ply">
        <string name="filename" value="meshes/Cube_008.ply"/>
        <boolean name="face_normals" value="true"/>
        <ref id="mat-Material" name="bsdf"/>
        <transform name="to_world">
            <matrix value="0.9999995567588077 -0.0011428091685213267 0.00012043349230131326 0.0002714144436062327 0.0011426536318296819 0.9999985399115188 0.0013009709701806203 -0.018631462502718965 -0.00012192013857492638 -0.001300832459018445 0.9999992908140084 0.0002492111758540805 0.0 0.0 0.0 1.0"/>
            <scale value="1"/>
        </transform>
    </shape>
    <shape name="temp13" type="ply">
        <string name="filename" value="meshes/Cube_009.ply"/>
        <boolean name="face_normals" value="true"/>
        <ref id="mat-Material" name="bsdf"/>
        <transform name="to_world">
            <matrix value="1.0 9.114810928970867e-05 0.0007580418145516456 0.0014248338244584602 -9.130768562497895e-05 1.0 0.00021035496650041773 -0.017287272524201203 -0.0007580222223404199 -0.00021042378025251188 0.9999997636046695 0.0013398652045955028 0.0 0.0 0.0 1.0"/>
            <scale value="1"/>
        </transform>
    </shape>
    <shape name="temp14" type="ply">
        <string name="filename" value="meshes/Cube_010.ply"/>
        <boolean name="face_normals" value="true"/>
        <ref id="mat-Material" name="bsdf"/>
        <transform name="to_world">
            <matrix value="0.9999889189701912 0.00021480821737797313 0.004688215834610262 0.009628902482619273 -0.00021602777881200722 1.0 0.00025955734501567537 -0.01699339360664165 -0.004688162091531079 -0.00026056530454316964 0.9999891258147956 0.0077932180833164555 0.0 0.0 0.0 1.0"/>
            <scale value="1"/>
        </transform>
    </shape>
    <shape name="temp15" type="ply">
        <string name="filename" value="meshes/Cube_011.ply"/>
        <boolean name="face_normals" value="true"/>
        <ref id="mat-Material" name="bsdf"/>
        <transform name="to_world">
            <matrix value="0.9999995567588077 -0.0006645592722919009 -0.0006780267230737445 -0.0014704313073652386 0.0006645603845205992 0.9999997914159312 -2.3169531856871135e-06 -0.018755188304813597 0.0006780260519443218 1.8663622729823142e-06 0.9999997636046695 -0.0010665967532879073 0.0 0.0 0.0 1.0"/>
            <scale value="1"/>
        </transform>
    </shape>
    <shape name="temp16" type="ply">
        <string name="filename" value="meshes/Cube_012.ply"/>
        <boolean name="face_normals" value="true"/>
        <ref id="mat-Material" name="bsdf"/>
        <transform name="to_world">
            <matrix value="1.0 -0.00016194717399874433 -0.00019947274385478519 -0.0004247820033784766 0.00016190714274316655 1.0 -0.00020018973089228363 -0.018233215455110252 0.0001995050768846172 0.00020015748097191834 1.0 -0.0002662901556940156 0.0 0.0 0.0 1.0"/>
            <scale value="1"/>
        </transform>
    </shape>
    <shape name="temp17" type="ply">
        <string name="filename" value="meshes/Cube_013.ply"/>
        <boolean name="face_normals" value="true"/>
        <ref id="mat-Material" name="bsdf"/>
        <transform name="to_world">
            <matrix value="0.9999982270352306 0.001857046908471225 0.00028926514620342006 -0.0002610749099951626 -0.001858195618294869 0.9999901965487681 0.004025741560332107 -0.01124159937153274 -0.0002817874853508786 -0.004026279506823828 0.999991962558762 0.00019096206935009796 0.0 0.0 0.0 1.0"/>
            <scale value="1"/>
        </transform>
    </shape>
    <shape name="temp18" type="ply">
        <string name="filename" value="meshes/Cube_014.ply"/>
        <boolean name="face_normals" value="true"/>
        <ref id="mat-Material" name="bsdf"/>
        <transform name="to_world">
            <matrix value="0.9999995567588077 0.0012224882827899372 -6.031957811943732e-05 -0.00044636523235308534 -0.001222135642442649 0.999983939026705 0.005514252038082343 -0.011988894416253781 6.705973295604642e-05 -0.005514176416233681 0.999984870698846 0.0004532213188648271 0.0 0.0 0.0 1.0"/>
            <scale value="1"/>
        </transform>
    </shape>
    <shape name="temp19" type="ply">
        <string name="filename" value="meshes/Cube_015.ply"/>
        <boolean name="face_normals" value="true"/>
        <ref id="mat-Material" name="bsdf"/>
        <transform name="to_world">
            <matrix value="1.0 -0.00018169633079764634 -9.469027720189249e-05 3.74458466695371e-05 0.00018157951658342598 0.9999991656637249 -0.0012315936685765832 -0.01854590485819596 9.491389596597327e-05 0.0012315762906660716 0.9999992908140084 -0.0003151111130557105 0.0 0.0 0.0 1.0"/>
            <scale value="1"/>
        </transform>
    </shape>
    <shape name="temp20" type="ply">
        <string name="filename" value="meshes/Cube_016.ply"/>
        <boolean name="face_normals" value="true"/>
        <ref id="mat-Material" name="bsdf"/>
        <transform name="to_world">
            <matrix value="0.9999778379403823 0.006192049609634915 -0.0024861224121212177 0.016723743525511203 -0.0061749481851046135 0.9999576574340405 0.006829390180421644 -0.010818815116008629 0.00252830095013182 -0.006813878349599414 0.9999737601183111 -0.03173074727614231 0.0 0.0 0.0 1.0"/>
            <scale value="1"/>
        </transform>
    </shape>
    <shape name="temp21" type="ply">
        <string name="filename" value="meshes/Cube_017.ply"/>
        <boolean name="face_normals" value="true"/>
        <ref id="mat-Material" name="bsdf"/>
        <transform name="to_world">
            <matrix value="0.9966889882931137 0.08124190954543276 -0.003394802423146696 0.1368945185669096 -0.08088119008487182 0.9948296181034285 0.06141753987161842 0.03884383740516856 0.008366931015713787 -0.060939566937756436 0.9981064734024523 -0.17231848698058014 0.0 0.0 0.0 1.0"/>
            <scale value="1"/>
        </transform>
    </shape>
    <shape name="temp22" type="ply">
        <string name="filename" value="meshes/Cube_018.ply"/>
        <boolean name="face_normals" value="true"/>
        <ref id="mat-Material" name="bsdf"/>
        <transform name="to_world">
            <matrix value="0.8700461148136525 0.492970716882586 -5.3316366452476744e-05 0.3070222379916071 -0.4912579539631968 0.8670316192589843 0.083198272801157 0.25985925318715075 0.041060543200946056 -0.07236010787968038 0.9965330260824424 -0.14777139277230855 0.0 0.0 0.0 1.0"/>
            <scale value="1"/>
        </transform>
    </shape>
    <shape name="temp23" type="ply">
        <string name="filename" value="meshes/Cube_019.ply"/>
        <boolean name="face_normals" value="true"/>
        <ref id="mat-Material" name="bsdf"/>
        <transform name="to_world">
            <matrix value="0.4421681497516963 0.8961655990638747 -0.03707579448924661 0.19693909429330064 -0.893713421520601 0.4437035770081953 0.0663596679307513 0.21757964829914875 0.07591994709473128 0.0037929886551125 0.9971067575496395 -0.004015749376323541 0.0 0.0 0.0 1.0"/>
            <scale value="1"/>
        </transform>
    </shape>
    <shape name="temp24" type="ply">
        <string name="filename" value="meshes/Cube_020.ply"/>
        <boolean name="face_normals" value="true"/>
        <ref id="mat-Material" name="bsdf"/>
        <transform name="to_world">
            <matrix value="0.37701384465086474 0.9261284558312395 0.01210561605577171 -0.1741899304757839 -0.9257066946073542 0.37720765085848396 -0.027949918981857627 -0.08894904081205304 -0.03045154922019962 -0.0006687406492630872 0.9995361923369195 0.09529651696455299 0.0 0.0 0.0 1.0"/>
            <scale value="1"/>
        </transform>
    </shape>
    <shape name="temp25" type="ply">
        <string name="filename" value="meshes/Cube_021.ply"/>
        <boolean name="face_normals" value="true"/>
        <ref id="mat-Material" name="bsdf"/>
        <transform name="to_world">
            <matrix value="0.3683535983206478 0.928775215206613 0.04113458411678685 -0.27592111901644095 -0.8237092373237451 0.34656013582994555 -0.44877502303672495 -0.05222683295710978 -0.4310669081444683 0.1314249420657749 0.8926975591236541 0.007594291114091822 0.0 0.0 0.0 1.0"/>
            <scale value="1"/>
        </transform>
    </shape>
    <shape name="temp26" type="ply">
        <string name="filename" value="meshes/Cube_022.ply"/>
        <boolean name="face_normals" value="true"/>
        <ref id="mat-Material" name="bsdf"/>
        <transform name="to_world">
            <matrix value="0.5480052373379289 0.830754886603271 -0.0976555493094656 -0.195322744015836 -0.6205771177620929 0.325502113999537 -0.7133950104510376 -0.09874194444992132 -0.5608694264636267 0.45154675516193427 0.6939245454472387 0.029950083085684476 0.0 0.0 0.0 1.0"/>
            <scale value="1"/>
        </transform>
    </shape>
    <shape name="temp27" type="ply">
        <string name="filename" value="meshes/Cube_023.ply"/>
        <boolean name="face_normals" value="true"/>
        <ref id="mat-Material" name="bsdf"/>
        <transform name="to_world">
            <matrix value="0.6901730768207905 0.7132025372166125 -0.12248828779334887 -0.2479538780391351 -0.44165762454634266 0.2810666154940418 -0.8520212509946333 -0.24780769319556048 -0.5732362989715032 0.6421398222446566 0.5089759307002361 -0.26731789812568374 0.0 0.0 0.0 1.0"/>
            <scale value="1"/>
        </transform>
    </shape>
    <shape name="temp28" type="ply">
        <string name="filename" value="meshes/Cube_024.ply"/>
        <boolean name="face_normals" value="true"/>
        <ref id="mat-Material" name="bsdf"/>
        <transform name="to_world">
            <matrix value="0.8051538312882185 0.578284521184841 -0.1315849692284198 -0.1959008035704436 -0.34222289003895207 0.2718190408053014 -0.8994430998803367 -0.4770975456548994 -0.484366883145665 0.769221126228821 0.4167583486556907 -0.4755719589207935 0.0 0.0 0.0 1.0"/>
            <scale value="1"/>
        </transform>
    </shape>
    <shape name="temp29" type="ply">
        <string name="filename" value="meshes/Cube_025.ply"/>
        <boolean name="face_normals" value="true"/>
        <ref id="mat-Material" name="bsdf"/>
        <transform name="to_world">
            <matrix value="0.8567054414061739 0.48492270917331876 -0.17580191205999146 -0.28518581392440867 -0.31162249324943664 0.21498759967711187 -0.9255657294852586 -0.7784428556163034 -0.41103267219477085 0.8477206975885596 0.33529368101097773 -0.8366992580141089 0.0 0.0 0.0 1.0"/>
            <scale value="1"/>
        </transform>
    </shape>
    <shape name="temp30" type="ply">
        <string name="filename" value="meshes/Cube_026.ply"/>
        <boolean name="face_normals" value="true"/>
        <ref id="mat-Material" name="bsdf"/>
        <transform name="to_world">
            <matrix value="0.8735450607860972 0.42526495391335 -0.23678869236031755 -0.3104286626347058 -0.3511814150741011 0.21380430225500238 -0.9115697075458807 -1.1214029310160785 -0.33703226973176814 0.8794530091380681 0.3361127908312653 -0.9529697720901819 0.0 0.0 0.0 1.0"/>
            <scale value="1"/>
        </transform>
    </shape>
    <shape name="temp31" type="ply">
        <string name="filename" value="meshes/Cube_027.ply"/>
        <boolean name="face_normals" value="true"/>
        <ref id="mat-Material" name="bsdf"/>
        <transform name="to_world">
            <matrix value="0.8186407742891741 0.4400047557167679 -0.3690849751383031 -0.5676164984770324 -0.494904056011503 0.21443339180640061 -0.8420739718812483 -1.5654473884459297 -0.2913723988390627 0.872017404254698 0.3933039131464644 -1.0757046289275072 0.0 0.0 0.0 1.0"/>
            <scale value="1"/>
        </transform>
    </shape>
    <shape name="temp32" type="ply">
        <string name="filename" value="meshes/Cube_028.ply"/>
        <boolean name="face_normals" value="true"/>
        <ref id="mat-Material" name="bsdf"/>
        <transform name="to_world">
            <matrix value="-0.11127552404406171 0.9775069197764813 0.1791592931023152 -1.4305757613430894 -0.8578888953897598 -0.0034841799413044433 -0.5138234533480908 -2.0799655127902064 -0.5016417653764802 -0.21087473900918396 0.8389800297952675 -1.0663246260085155 0.0 0.0 0.0 1.0"/>
            <scale value="1"/>
        </transform>
    </shape>
    <shape name="temp33" type="ply">
        <string name="filename" value="meshes/Cube_029.ply"/>
        <boolean name="face_normals" value="true"/>
        <ref id="mat-Material" name="bsdf"/>
        <transform name="to_world">
            <matrix value="0.017386667659526938 0.9894500263858848 0.1438278124779857 -1.6442771730258179 -0.9766434053688918 -0.014005264661895655 0.214409761046872 -1.5032119922802345 0.21416208798514963 -0.14419635687065493 0.9660964180906727 0.22973721063635177 0.0 0.0 0.0 1.0"/>
            <scale value="1"/>
        </transform>
    </shape>
    <shape name="temp34" type="ply">
        <string name="filename" value="meshes/Cube_030.ply"/>
        <boolean name="face_normals" value="true"/>
        <ref id="mat-Material" name="bsdf"/>
        <transform name="to_world">
            <matrix value="-0.041887644130473405 0.9824538571222728 -0.18174123402057113 -3.202607101230565 -0.9702973949667649 0.003377483458047225 0.24189167801531025 -1.8711793142283037 0.23826126732743844 0.18647527591937454 0.9531311173449558 0.3144859542449676 0.0 0.0 0.0 1.0"/>
            <scale value="1"/>
        </transform>
    </shape>
    <shape name="temp35" type="ply">
        <string name="filename" value="meshes/Cube_031.ply"/>
        <boolean name="face_normals" value="true"/>
        <ref id="mat-Material" name="bsdf"/>
        <transform name="to_world">
            <matrix value="0.09870631193187561 0.9891373588668045 0.10892321454152781 -2.0574532824531375 -0.7344980825386018 -0.0014323050834023398 0.6786094375635017 -0.9965090356295881 0.6713938339831249 -0.14698687797623394 0.726378078399093 0.6990061638686846 0.0 0.0 0.0 1.0"/>
            <scale value="1"/>
        </transform>
    </shape>
    <shape name="temp36" type="ply">
        <string name="filename" value="meshes/Cube_032.ply"/>
        <boolean name="face_normals" value="true"/>
        <ref id="mat-Material" name="bsdf"/>
        <transform name="to_world">
            <matrix value="0.8282466974098758 0.5257081950594777 0.19400584180140806 -0.41769326493655745 -0.2196383329166866 -0.013951533405781534 0.9754817855033873 0.4857942414497599 0.5155254092445929 -0.8505505576495079 0.1039103333599672 -0.3489887858578036 0.0 0.0 0.0 1.0"/>
            <scale value="1"/>
        </transform>
    </shape>
    <shape name="temp37" type="ply">
        <string name="filename" value="meshes/Cube_033.ply"/>
        <boolean name="face_normals" value="true"/>
        <ref id="mat-Material" name="bsdf"/>
        <transform name="to_world">
            <matrix value="0.9797146235907146 0.1485821080757494 0.1344723017955171 -0.12257257756446283 -0.15008465906773966 0.09936703078492272 0.98366721021833 0.3004333387884116 0.13279324394044967 -0.9838950154665087 0.1196512365130554 -0.4199563805690285 0.0 0.0 0.0 1.0"/>
            <scale value="1"/>
        </transform>
    </shape>
    <shape name="temp38" type="ply">
        <string name="filename" value="meshes/Cube_034.ply"/>
        <boolean name="face_normals" value="true"/>
        <ref id="mat-Material" name="bsdf"/>
        <transform name="to_world">
            <matrix value="0.9999171138970298 0.006030146655458749 0.011397209873192817 -0.03589186661983135 -0.012301813565662637 0.1813198782703375 0.9833473673361225 0.3692826858870277 0.003863188287085547 -0.9834056772411837 0.18137899797692877 -0.33067687435178916 0.0 0.0 0.0 1.0"/>
            <scale value="1"/>
        </transform>
    </shape>
    <shape name="temp39" type="ply">
        <string name="filename" value="meshes/Cube_035.ply"/>
        <boolean name="face_normals" value="true"/>
        <ref id="mat-Material" name="bsdf"/>
        <transform name="to_world">
            <matrix value="0.9991578417345269 -0.04099085776026599 0.002002736512346219 0.0100420142183828 0.006876931423495684 0.21533676940822616 0.9765157786791269 0.09216958005313494 -0.04045948154964213 -0.9756790975818849 0.21543730063008812 -0.12739936339573993 0.0 0.0 0.0 1.0"/>
            <scale value="1"/>
        </transform>
    </shape>
    <shape name="temp40" type="ply">
        <string name="filename" value="meshes/Cube_036.ply"/>
        <boolean name="face_normals" value="true"/>
        <ref id="mat-Material" name="bsdf"/>
        <transform name="to_world">
            <matrix value="0.9998346710352519 -0.01806842183207731 0.00219309148830245 0.004839016334941437 0.0017598847218306926 0.21589911205761927 0.9764141286869988 -0.2520014570043545 -0.018115750664418548 -0.9762485320896162 0.21589517474579228 0.2512325446602246 0.0 0.0 0.0 1.0"/>
            <scale value="1"/>
        </transform>
    </shape>
    <shape name="temp41" type="ply">
        <string name="filename" value="meshes/Cube_037.ply"/>
        <boolean name="face_normals" value="true"/>
        <ref id="mat-Material" name="bsdf"/>
        <transform name="to_world">
            <matrix value="0.9990492476424001 -0.043532517213400276 0.0024349664625944577 -0.0031819561346915215 0.007029286718543615 0.21593165117234678 0.9763831608986995 -0.5681395909852801 -0.0430302095467061 -0.9754375572302538 0.21603240223516512 0.5017825759011073 0.0 0.0 0.0 1.0"/>
            <scale value="1"/>
        </transform>
    </shape>
    <shape name="temp42" type="ply">
        <string name="filename" value="meshes/Cube_038.ply"/>
        <boolean name="face_normals" value="true"/>
        <ref id="mat-Material" name="bsdf"/>
        <transform name="to_world">
            <matrix value="0.9993466624824698 -0.03605813655164646 0.002498887759969855 0.0026344011918091326 0.005350891889927255 0.21596439887114302 0.9763867068286574 -0.9031212967193728 -0.03574635168174574 -0.9757352066963829 0.21601632735268908 0.8399879237352432 0.0 0.0 0.0 1.0"/>
            <scale value="1"/>
        </transform>
    </shape>
    <shape name="temp43" type="ply">
        <string name="filename" value="meshes/Cube_039.ply"/>
        <boolean name="face_normals" value="true"/>
        <ref id="mat-Material" name="bsdf"/>
        <transform name="to_world">
            <matrix value="0.9999648241545529 -0.0024120414357123145 -0.008017397898729108 0.01853509725289859 0.008271243392447895 0.4329978533995912 0.9013569865360773 -1.319296818708818 0.0012974216053476247 -0.9013917590734342 0.43300259568786115 1.4578056037862428 0.0 0.0 0.0 1.0"/>
            <scale value="1"/>
        </transform>
    </shape>
    <shape name="temp47" type="ply">
        <string name="filename" value="meshes/Plane_001.ply"/>
        <boolean name="face_normals" value="true"/>
        <ref id="mat-Material.002" name="bsdf"/>
        <transform name="to_world">
            <scale value="1"/>
        </transform>
    </shape>
    <shape name="temp49" type="ply">
        <string name="filename" value="meshes/Plane_002.ply"/>
        <boolean name="face_normals" value="true"/>
        <ref id="mat-Material.003" name="bsdf"/>
        <transform name="to_world">
            <scale value="1"/>
        </transform>
    </shape>
    <shape name="temp51" type="ply">
        <string name="filename" value="meshes/Plane_003.ply"/>
        <boolean name="face_normals" value="true"/>
        <ref id="mat-Material.004" name="bsdf"/>
        <transform name="to_world">
            <scale value="1"/>
        </transform>
    </shape>
    <shape name="temp53" type="ply">
        <string name="filename" value="meshes/Plane_004.ply"/>
        <boolean name="face_normals" value="true"/>
        <ref id="mat-Material.005" name="bsdf"/>
        <transform name="to_world">
            <scale value="1"/>
        </transform>
    </shape>
    <emitter type="point">
        <rgb name="intensity" value="100"/>
        <animation name="to_world">
            <transform time="0">
                <rotate angle="-142.5518126578256" x="1"/>
                <rotate angle="3.976628485794621e-06" y="1"/>
                <rotate angle="-179.999991348578" z="1"/>
                <translate value="-0.000000 3.030926 4.073377"/>
                <translate x="10.35" y="0.0" z="0.0"/>
            </transform>
            <transform time="0.0015">
                <rotate angle="-142.5518126578256" x="1"/>
                <rotate angle="3.976628485794621e-06" y="1"/>
                <rotate angle="-179.999991348578" z="1"/>
                <translate value="-0.000000 3.030926 4.073377"/>
                <translate x="10.5" y="0.0" z="0.0"/>
            </transform>
        </animation>
    </emitter>
</scene>
