
<scene version="2.1.0">
    <default name="spp" value="1024"/>
    <default name="resx" value="1280"/>
    <default name="resy" value="720"/>
    <integrator name="temp0" type="path">
        <integer name="max_depth" value="12"/>
    </integrator>
    <sensor name="temp44" type="perspective">
        <string name="fov_axis" value="x"/>
        <float name="fov" value="83.974423"/>
        <float name="principal_point_offset_x" value="0.000000"/>
        <float name="principal_point_offset_y" value="-0.000000"/>
        <float name="near_clip" value="0.100000"/>
        <float name="far_clip" value="1000.000000"/>
        <sampler name="sampler" type="independent">
            <integer name="sample_count" value="$spp"/>
        </sampler>
        <film name="film" type="hdrfilm">
            <integer name="width" value="$resx"/>
            <integer name="height" value="$resy"/>
        </film>
        <float name="shutter_open" value="0.0"/>
        <float name="shutter_close" value="0.0015"/>
        <animation name="to_world">
            <transform time="0">
                <rotate angle="-142.5518126578256" x="1"/>
                <rotate angle="3.976628485794621e-06" y="1"/>
                <rotate angle="-179.999991348578" z="1"/>
                <translate value="-0.000000 3.030926 4.073377"/>
            </transform>
            <transform time="0.0015">
                <rotate angle="-142.5518126578256" x="1"/>
                <rotate angle="3.976628485794621e-06" y="1"/>
                <rotate angle="-179.999991348578" z="1"/>
                <translate value="-0.000000 3.030926 4.073377"/>
                <translate x="0.15" y="0.0" z="0.0"/>
            </transform>
        </animation>
    </sensor>
    <bsdf id="mat-Material" name="mat-Material" type="twosided">
        <bsdf name="bsdf" type="diffuse">
            <texture name="reflectance" type="bitmap">
                <string name="filename" value="textures/siggraph_2023_logo.jpg"/>
            </texture>
        </bsdf>
    </bsdf>
    <bsdf id="mat-Material.001" name="mat-Material.001" type="twosided">
        <bsdf name="bsdf" type="principled">
            <rgb name="base_color" value="0.433648 0.266232 0.084399"/>
            <float name="spec_tint" value="0.000000"/>
            <float name="spec_trans" value="0.000000"/>
            <float name="metallic" value="0.000000"/>
            <float name="anisotropic" value="0.000000"/>
            <float name="roughness" value="0.500000"/>
            <float name="sheen" value="0.000000"/>
            <float name="sheen_tint" value="0.500000"/>
            <float name="clearcoat" value="0.000000"/>
            <float name="clearcoat_gloss" value="0.173205"/>
            <float name="specular" value="0.500000"/>
        </bsdf>
    </bsdf>
    <bsdf id="mat-Material.002" name="mat-Material.002" type="twosided">
        <bsdf name="bsdf" type="principled">
            <rgb name="base_color" value="0.433648 0.266232 0.084399"/>
            <float name="spec_tint" value="0.000000"/>
            <float name="spec_trans" value="0.000000"/>
            <float name="metallic" value="0.000000"/>
            <float name="anisotropic" value="0.000000"/>
            <float name="roughness" value="0.500000"/>
            <float name="sheen" value="0.000000"/>
            <float name="sheen_tint" value="0.500000"/>
            <float name="clearcoat" value="0.000000"/>
            <float name="clearcoat_gloss" value="0.173205"/>
            <float name="specular" value="0.500000"/>
        </bsdf>
    </bsdf>
    <bsdf id="mat-Material.003" name="mat-Material.003" type="twosided">
        <bsdf name="bsdf" type="principled">
            <rgb name="base_color" value="0.433648 0.266232 0.084399"/>
            <float name="spec_tint" value="0.000000"/>
            <float name="spec_trans" value="0.000000"/>
            <float name="metallic" value="0.000000"/>
            <float name="anisotropic" value="0.000000"/>
            <float name="roughness" value="0.500000"/>
            <float name="sheen" value="0.000000"/>
            <float name="sheen_tint" value="0.500000"/>
            <float name="clearcoat" value="0.000000"/>
            <float name="clearcoat_gloss" value="0.173205"/>
            <float name="specular" value="0.500000"/>
        </bsdf>
    </bsdf>
    <bsdf id="mat-Material.004" name="mat-Material.004" type="twosided">
        <bsdf name="bsdf" type="principled">
            <rgb name="base_color" value="0.433648 0.266232 0.084399"/>
            <float name="spec_tint" value="0.000000"/>
            <float name="spec_trans" value="0.000000"/>
            <float name="metallic" value="0.000000"/>
            <float name="anisotropic" value="0.000000"/>
            <float name="roughness" value="0.500000"/>
            <float name="sheen" value="0.000000"/>
            <float name="sheen_tint" value="0.500000"/>
            <float name="clearcoat" value="0.000000"/>
            <float name="clearcoat_gloss" value="0.173205"/>
            <float name="specular" value="0.500000"/>
        </bsdf>
    </bsdf>
    <bsdf id="mat-Material.005" name="mat-Material.005" type="twosided">
        <bsdf name="bsdf" type="principled">
            <rgb name="base_color" value="0.433648 0.266232 0.084399"/>
            <float name="spec_tint" value="0.000000"/>
            <float name="spec_trans" value="0.000000"/>
            <float name="metallic" value="0.000000"/>
            <float name="anisotropic" value="0.000000"/>
            <float name="roughness" value="0.500000"/>
            <float name="sheen" value="0.000000"/>
            <float name="sheen_tint" value="0.500000"/>
            <float name="clearcoat" value="0.000000"/>
            <float name="clearcoat_gloss" value="0.173205"/>
            <float name="specular" value="0.500000"/>
        </bsdf>
    </bsdf>
    <emitter name="temp45" type="point">
        <point name="position" x="-6.815235034541981e-16" y="3.0693089962005615" z="4.109199523925781"/>
        <rgb name="intensity" value="7.957747 7.957747 7.957747"/>
    </emitter>
    <shape name="temp2" type="ply">
        <string name="filename" value="meshes/Cube.ply"/>
        <boolean name="face_normals" value="true"/>
        <ref id="mat-Material" name="bsdf"/>
        <transform name="to_world">
            <matrix value="0.9904756332586915 -0.01953927638014864 -0.13512704594248692 0.2048307717312472 -0.057662997516076356 0.8381024690096219 -0.5279990175410063 0.849850799260931 0.12412566242396197 0.5306969002321541 0.8289755430118939 0.29254955339851274 0.0 0.0 0.0 1.0"/>
        </transform>
    </shape>
    <shape name="temp4" type="ply">
        <string name="filename" value="meshes/Plane.ply"/>
        <boolean name="face_normals" value="true"/>
        <ref id="mat-Material.001" name="bsdf"/>
    </shape>
    <shape name="temp5" type="ply">
        <string name="filename" value="meshes/Cube_001.ply"/>
        <boolean name="face_normals" value="true"/>
        <ref id="mat-Material" name="bsdf"/>
        <transform name="to_world">
            <matrix value="0.9975936435667088 -0.019679348925687755 -0.06632742360766697 0.06215103382846454 -0.04552001943169387 0.5139562557490984 -0.8449550399720864 0.9775404490387686 0.051088418639533215 0.845944291366914 0.5117943540284837 0.47241663846956067 0.0 0.0 0.0 1.0"/>
        </transform>
    </shape>
    <shape name="temp6" type="ply">
        <string name="filename" value="meshes/Cube_002.ply"/>
        <boolean name="face_normals" value="true"/>
        <ref id="mat-Material" name="bsdf"/>
        <transform name="to_world">
            <matrix value="0.9990394963361683 -0.04301376863437925 -0.007201121837680565 -0.00407803460758327 0.010477206764924375 0.3927466975927313 -0.9156230600808188 0.608804922276408 0.0425400534903471 0.9146701347244501 0.39281658417257614 0.330828829742188 0.0 0.0 0.0 1.0"/>
        </transform>
    </shape>
    <shape name="temp7" type="ply">
        <string name="filename" value="meshes/Cube_003.ply"/>
        <boolean name="face_normals" value="true"/>
        <ref id="mat-Material" name="bsdf"/>
        <transform name="to_world">
            <matrix value="0.9943695071335237 -0.07806072090825847 0.07148370219672726 -0.030374973706943642 0.09549755596806536 0.37117576753722703 -0.9216344751385395 0.0953271056228412 0.045704412200125166 0.9232731846407035 0.37656251403597274 0.18572128655358533 0.0 0.0 0.0 1.0"/>
        </transform>
    </shape>
    <shape name="temp8" type="ply">
        <string name="filename" value="meshes/Cube_004.ply"/>
        <boolean name="face_normals" value="true"/>
        <ref id="mat-Material" name="bsdf"/>
        <transform name="to_world">
            <matrix value="0.9838784313516906 -0.12542692987195025 0.12742408045762355 0.03223190283757993 0.1611497765177908 0.31487736299676905 -0.9345794834383796 -0.37859411995084613 0.07724003017586037 0.9400410493447332 0.33003944019694564 -0.14058273653898587 0.0 0.0 0.0 1.0"/>
        </transform>
    </shape>
    <shape name="temp9" type="ply">
        <string name="filename" value="meshes/Cube_005.ply"/>
        <boolean name="face_normals" value="true"/>
        <ref id="mat-Material" name="bsdf"/>
        <transform name="to_world">
            <matrix value="0.9862555338662866 -0.13601571055205947 0.09379314510276342 0.07145608814796955 0.12753901852216296 0.2662300306827165 -0.9551854734123808 -0.6188507508678727 0.10498285099826782 0.9540163905361236 0.2799229209385273 -0.5285284384932243 0.0 0.0 0.0 1.0"/>
        </transform>
    </shape>
    <shape name="temp10" type="ply">
        <string name="filename" value="meshes/Cube_006.ply"/>
        <boolean name="face_normals" value="true"/>
        <ref id="mat-Material" name="bsdf"/>
        <transform name="to_world">
            <matrix value="0.989975878814312 -0.12386672103758059 -0.06783926630454054 0.014172659918033403 -0.03399253936425029 0.2571948988680143 -0.9656720884723708 -0.5379076204325564 0.13708477165100252 0.9582978914236489 0.25040529979419424 -0.9053160023862881 0.0 0.0 0.0 1.0"/>
        </transform>
    </shape>
    <shape name="temp11" type="ply">
        <string name="filename" value="meshes/Cube_007.ply"/>
        <boolean name="face_normals" value="true"/>
        <ref id="mat-Material" name="bsdf"/>
        <transform name="to_world">
            <matrix value="0.9267559443076308 -0.08792514126356057 -0.3647863624479398 0.007801853147073157 -0.33309646524013925 0.2560165031715208 -0.9073771181612604 -0.04129355514334122 0.1732566437422322 0.9624213898790839 0.20803523094169024 -1.2815917981081122 0.0 0.0 0.0 1.0"/>
        </transform>
    </shape>
    <shape name="temp12" type="ply">
        <string name="filename" value="meshes/Cube_008.ply"/>
        <boolean name="face_normals" value="true"/>
        <ref id="mat-Material" name="bsdf"/>
        <transform name="to_world">
            <matrix value="0.10575069987784272 0.9683146198659639 -0.22598916080130452 2.2675402761606573 -0.6118352933458859 -0.11587874382330426 -0.7823775318530888 0.5584749395161135 -0.7838119894969569 0.22096780922066733 0.5801824593719165 1.3517124115690875 0.0 0.0 0.0 1.0"/>
        </transform>
    </shape>
    <shape name="temp13" type="ply">
        <string name="filename" value="meshes/Cube_009.ply"/>
        <boolean name="face_normals" value="true"/>
        <ref id="mat-Material" name="bsdf"/>
        <transform name="to_world">
            <matrix value="-0.07113582328505551 0.9918215229557198 0.10594905396952675 2.5906823410807958 -0.8300207702822737 2.011735982629119e-05 -0.5574744421188397 0.9174998698947701 -0.5529172362315988 -0.12763306099206756 0.8232310182823421 0.9370882100235102 0.0 0.0 0.0 1.0"/>
        </transform>
    </shape>
    <shape name="temp14" type="ply">
        <string name="filename" value="meshes/Cube_010.ply"/>
        <boolean name="face_normals" value="true"/>
        <ref id="mat-Material" name="bsdf"/>
        <transform name="to_world">
            <matrix value="0.02069637623730779 0.9980120895326257 0.05946275142416367 1.8517489540467966 -0.9447681582619272 7.10018084238762e-05 0.3277335219452877 2.339733232236866 0.32707782606151836 -0.06296144532072931 0.9428914978528211 -0.783869558287694 0.0 0.0 0.0 1.0"/>
        </transform>
    </shape>
    <shape name="temp15" type="ply">
        <string name="filename" value="meshes/Cube_011.ply"/>
        <boolean name="face_normals" value="true"/>
        <ref id="mat-Material" name="bsdf"/>
        <transform name="to_world">
            <matrix value="-0.011235144771438246 0.9984777534661458 -0.05386047758475836 1.3251927211003736 -0.8336939100433136 0.02038343487901081 0.5518496516242014 2.2622849914184404 0.552109207537937 0.05110370174146839 0.8321948928207212 -1.3550982413532746 0.0 0.0 0.0 1.0"/>
        </transform>
    </shape>
    <shape name="temp16" type="ply">
        <string name="filename" value="meshes/Cube_012.ply"/>
        <boolean name="face_normals" value="true"/>
        <ref id="mat-Material" name="bsdf"/>
        <transform name="to_world">
            <matrix value="0.10173511197159002 0.9896754014721864 0.10094450572336734 1.0898508243207163 -0.7041755093284541 -2.4808571970890007e-05 0.7099335918237475 1.869084383850111 0.7026064355075201 -0.14332663430832482 0.6969026538212596 -1.911086075624945 0.0 0.0 0.0 1.0"/>
        </transform>
    </shape>
    <shape name="temp17" type="ply">
        <string name="filename" value="meshes/Cube_013.ply"/>
        <boolean name="face_normals" value="true"/>
        <ref id="mat-Material" name="bsdf"/>
        <transform name="to_world">
            <matrix value="0.9117194300982046 0.23869933232239587 0.33399705262301893 0.561526290536631 -0.36361282349958424 0.09179479290730733 0.9269233478684942 1.4976502341157198 0.1905734344277845 -0.9666990319613369 0.17060634456699703 -1.504880517414255 0.0 0.0 0.0 1.0"/>
        </transform>
    </shape>
    <shape name="temp18" type="ply">
        <string name="filename" value="meshes/Cube_014.ply"/>
        <boolean name="face_normals" value="true"/>
        <ref id="mat-Material" name="bsdf"/>
        <transform name="to_world">
            <matrix value="0.944731590863558 0.28493438988116965 0.1621449755827263 0.10087457450104509 -0.2149735296359926 0.1650056421990601 0.9625595893529434 1.0192528188824792 0.24752312389300513 -0.9442174238616003 0.2171412854516167 -0.8258613066060763 0.0 0.0 0.0 1.0"/>
        </transform>
    </shape>
    <shape name="temp19" type="ply">
        <string name="filename" value="meshes/Cube_015.ply"/>
        <boolean name="face_normals" value="true"/>
        <ref id="mat-Material" name="bsdf"/>
        <transform name="to_world">
            <matrix value="0.9835792435468516 0.12617452646201788 0.12904110725681656 0.03403776236144074 -0.1500793401734314 0.1746995659365529 0.9731165320237662 0.6394866776545507 0.10023943889210979 -0.9765037346977512 0.19076696573827917 -0.30343245517290535 0.0 0.0 0.0 1.0"/>
        </transform>
    </shape>
    <shape name="temp20" type="ply">
        <string name="filename" value="meshes/Cube_016.ply"/>
        <boolean name="face_normals" value="true"/>
        <ref id="mat-Material" name="bsdf"/>
        <transform name="to_world">
            <matrix value="0.98435558049526 0.04211297747500642 0.1710840167916331 0.06526506828997669 -0.175844773388508 0.17393632554132782 0.9689296161270786 0.33750901947816175 0.011047144019701183 -0.9838554887854776 0.17862024083010694 0.11414281031911655 0.0 0.0 0.0 1.0"/>
        </transform>
    </shape>
    <shape name="temp21" type="ply">
        <string name="filename" value="meshes/Cube_017.ply"/>
        <boolean name="face_normals" value="true"/>
        <ref id="mat-Material" name="bsdf"/>
        <transform name="to_world">
            <matrix value="0.9484065035893672 -0.05025181311701775 0.31301448488748296 0.20417006348662853 -0.3036535041762185 0.13955407854858864 0.9424883256166017 0.17346224267850358 -0.09105867272311433 -0.9889243945325944 0.11708121739812896 0.3526383262852848 0.0 0.0 0.0 1.0"/>
        </transform>
    </shape>
    <shape name="temp22" type="ply">
        <string name="filename" value="meshes/Cube_018.ply"/>
        <boolean name="face_normals" value="true"/>
        <ref id="mat-Material" name="bsdf"/>
        <transform name="to_world">
            <matrix value="0.1927567297310235 0.9597664275597959 0.2038956532099413 0.8480429187084187 -0.6060924388371479 -0.04699891327700173 0.7938736731721086 0.024195644545775188 0.7715262301272812 -0.2767268153592965 0.5727182768104218 -0.16693163108730702 0.0 0.0 0.0 1.0"/>
        </transform>
    </shape>
    <shape name="temp23" type="ply">
        <string name="filename" value="meshes/Cube_019.ply"/>
        <boolean name="face_normals" value="true"/>
        <ref id="mat-Material" name="bsdf"/>
        <transform name="to_world">
            <matrix value="-0.07702621062466869 0.9851263915164689 -0.15359393002981891 0.4951770701516056 -0.9157779680759963 -0.008997147612859625 0.40157314000608013 -0.04141719874983766 0.39421902674871945 0.17159120442698828 0.9028496747909438 -0.051894644929488476 0.0 0.0 0.0 1.0"/>
        </transform>
    </shape>
    <shape name="temp24" type="ply">
        <string name="filename" value="meshes/Cube_020.ply"/>
        <boolean name="face_normals" value="true"/>
        <ref id="mat-Material" name="bsdf"/>
        <transform name="to_world">
            <matrix value="0.09651826035385805 0.9549626096500723 -0.2805827002372038 0.10527214019932295 -0.9520803756224296 0.006385121836200661 -0.30577996115836326 0.16980997555904762 -0.2902170851848042 0.2966507060914133 0.9098176633165106 0.10762728431967689 0.0 0.0 0.0 1.0"/>
        </transform>
    </shape>
    <shape name="temp25" type="ply">
        <string name="filename" value="meshes/Cube_021.ply"/>
        <boolean name="face_normals" value="true"/>
        <ref id="mat-Material" name="bsdf"/>
        <transform name="to_world">
            <matrix value="0.2064149189666452 0.9332133627297815 -0.2941117232699526 -0.15328564534054923 -0.7864641231714085 -0.020586830419066254 -0.6172812787663569 0.10789035767446245 -0.5821108741248203 0.35873164199464774 0.7296905679681491 0.2931042016736394 0.0 0.0 0.0 1.0"/>
        </transform>
    </shape>
    <shape name="temp26" type="ply">
        <string name="filename" value="meshes/Cube_022.ply"/>
        <boolean name="face_normals" value="true"/>
        <ref id="mat-Material" name="bsdf"/>
        <transform name="to_world">
            <matrix value="0.6433178287564247 0.3991563817338759 -0.6533055631858715 -0.07921602214356505 -0.706193364856647 -0.020177232840310123 -0.7077247138552721 -0.18738609568375098 -0.2956749189311859 0.9166607567847184 0.26890134324554715 0.6759306462609275 0.0 0.0 0.0 1.0"/>
        </transform>
    </shape>
    <shape name="temp27" type="ply">
        <string name="filename" value="meshes/Cube_023.ply"/>
        <boolean name="face_normals" value="true"/>
        <ref id="mat-Material" name="bsdf"/>
        <transform name="to_world">
            <matrix value="0.8582860394981091 0.27558335749432133 -0.4328963486850037 -0.06434889932036475 -0.48035422063128186 0.1346147973710064 -0.8666826075917888 -0.28727846896417336 -0.1805691039613352 0.9518048779470322 0.24791558417304896 0.20469927309549024 0.0 0.0 0.0 1.0"/>
        </transform>
    </shape>
    <shape name="temp28" type="ply">
        <string name="filename" value="meshes/Cube_024.ply"/>
        <boolean name="face_normals" value="true"/>
        <ref id="mat-Material" name="bsdf"/>
        <transform name="to_world">
            <matrix value="0.8577306582840893 0.43582160221766586 -0.2726859142896722 -0.1894481396907668 -0.37946057990131676 0.17883863519272125 -0.9077590148177321 -0.5133387262749469 -0.3468543394199214 0.8820860701301356 0.3187726023485403 -0.3332863737557836 0.0 0.0 0.0 1.0"/>
        </transform>
    </shape>
    <shape name="temp29" type="ply">
        <string name="filename" value="meshes/Cube_025.ply"/>
        <boolean name="face_normals" value="true"/>
        <ref id="mat-Material" name="bsdf"/>
        <transform name="to_world">
            <matrix value="0.8992659039372228 0.3664557186451214 -0.2388119999943265 -0.2676023927317171 -0.3216031324741546 0.18388818433825663 -0.9288470148706847 -0.7934701754738445 -0.29646668067308835 0.9120828579354767 0.28321768085779353 -0.7074979839845283 0.0 0.0 0.0 1.0"/>
        </transform>
    </shape>
    <shape name="temp30" type="ply">
        <string name="filename" value="meshes/Cube_026.ply"/>
        <boolean name="face_normals" value="true"/>
        <ref id="mat-Material" name="bsdf"/>
        <transform name="to_world">
            <matrix value="0.9234653216955926 0.23726740269031732 -0.30152330787040427 -0.32627683934297047 -0.3490675535036444 0.19334472897629024 -0.9169350541652621 -1.145442329374044 -0.1592608820145135 0.9520092903344228 0.26136955161952075 -0.8770375439593864 0.0 0.0 0.0 1.0"/>
        </transform>
    </shape>
    <shape name="temp31" type="ply">
        <string name="filename" value="meshes/Cube_027.ply"/>
        <boolean name="face_normals" value="true"/>
        <ref id="mat-Material" name="bsdf"/>
        <transform name="to_world">
            <matrix value="0.8735947037996408 0.17515647976838825 -0.45404025623362665 -0.5801767138062528 -0.48243545964998136 0.18911716792894795 -0.8552722777777515 -1.5825841636048517 -0.0639396917168859 0.9662064606829459 0.24971348885939726 -1.0148095965710282 0.0 0.0 0.0 1.0"/>
        </transform>
    </shape>
    <shape name="temp32" type="ply">
        <string name="filename" value="meshes/Cube_028.ply"/>
        <boolean name="face_normals" value="true"/>
        <ref id="mat-Material" name="bsdf"/>
        <transform name="to_world">
            <matrix value="-0.107440113682501 0.9841732666142426 0.14092363674358815 -1.4857738894155863 -0.7943274435443693 0.0002706631721882346 -0.6074858836528374 -2.121446504712126 -0.5979095415644995 -0.17720819610239807 0.7817266173104735 -1.3621329349474092 0.0 0.0 0.0 1.0"/>
        </transform>
    </shape>
    <shape name="temp33" type="ply">
        <string name="filename" value="meshes/Cube_029.ply"/>
        <boolean name="face_normals" value="true"/>
        <ref id="mat-Material" name="bsdf"/>
        <transform name="to_world">
            <matrix value="-0.0018746620285908298 0.9778800766755038 0.20915617031999892 -1.5877529284640155 -0.998549936439213 -0.013073142089553486 0.05216402195450713 -1.815934326611125 0.0537441913241742 -0.20875625491476213 0.9764865838558063 -0.1081010794929177 0.0 0.0 0.0 1.0"/>
        </transform>
    </shape>
    <shape name="temp34" type="ply">
        <string name="filename" value="meshes/Cube_030.ply"/>
        <boolean name="face_normals" value="true"/>
        <ref id="mat-Material" name="bsdf"/>
        <transform name="to_world">
            <matrix value="-0.03990406925922553 0.9793146409343505 -0.19836825234921798 -3.21750982717861 -0.9766443458806615 0.003716488297976262 0.2148184120774272 -1.9296046453899112 0.21111221184253637 0.20230810021453471 0.95629406251394 0.24290999654242407 0.0 0.0 0.0 1.0"/>
        </transform>
    </shape>
    <shape name="temp35" type="ply">
        <string name="filename" value="meshes/Cube_031.ply"/>
        <boolean name="face_normals" value="true"/>
        <ref id="mat-Material" name="bsdf"/>
        <transform name="to_world">
            <matrix value="0.1427223120524372 0.9779263823387698 0.15261084458850901 -1.8884242994469127 -0.7246044958840623 -0.0017963520732213515 0.6891597611650696 -0.9535989652930865 0.674221491169749 -0.20894168615189512 0.7083532890391522 0.6828447795349568 0.0 0.0 0.0 1.0"/>
        </transform>
    </shape>
    <shape name="temp36" type="ply">
        <string name="filename" value="meshes/Cube_032.ply"/>
        <boolean name="face_normals" value="true"/>
        <ref id="mat-Material" name="bsdf"/>
        <transform name="to_world">
            <matrix value="0.7182300226762195 0.6134974750898476 0.32786708530703734 -0.6576940420092605 -0.4146369322745188 -0.0007493247090773702 0.9097278333280538 -0.18313248479790967 0.5583471624585348 -0.7896954255427879 0.2538267676106247 -0.11641805764067992 0.0 0.0 0.0 1.0"/>
        </transform>
    </shape>
    <shape name="temp37" type="ply">
        <string name="filename" value="meshes/Cube_033.ply"/>
        <boolean name="face_normals" value="true"/>
        <ref id="mat-Material" name="bsdf"/>
        <transform name="to_world">
            <matrix value="0.9768273504637189 0.16855704669988714 0.13189792118674237 -0.14128973269503797 -0.1500281458157145 0.09973885274590498 0.9836375426043484 0.30061378600643707 0.15264388938827397 -0.9806322391708366 0.12271593649664958 -0.3781763124982577 0.0 0.0 0.0 1.0"/>
        </transform>
    </shape>
    <shape name="temp38" type="ply">
        <string name="filename" value="meshes/Cube_034.ply"/>
        <boolean name="face_normals" value="true"/>
        <ref id="mat-Material" name="bsdf"/>
        <transform name="to_world">
            <matrix value="0.9999246489972998 0.002371157620723244 0.01205432979323446 -0.033829816816865144 -0.012284367592331574 0.18071230416563244 0.9834593005251285 0.3693817729409762 0.0001535717705003484 -0.9835331221071997 0.18072781157968343 -0.3614860346062701 0.0 0.0 0.0 1.0"/>
        </transform>
    </shape>
    <shape name="temp39" type="ply">
        <string name="filename" value="meshes/Cube_035.ply"/>
        <boolean name="face_normals" value="true"/>
        <ref id="mat-Material" name="bsdf"/>
        <transform name="to_world">
            <matrix value="0.9989100699080009 -0.04656807245376213 0.003193429060834447 0.008106554851123215 0.006486362798234837 0.2062356624525732 0.9784809330618254 0.09127845903103526 -0.04622458233382445 -0.9773935543351071 0.20631294912157858 -0.14877900892007453 0.0 0.0 0.0 1.0"/>
        </transform>
    </shape>
    <shape name="temp40" type="ply">
        <string name="filename" value="meshes/Cube_036.ply"/>
        <boolean name="face_normals" value="true"/>
        <ref id="mat-Material" name="bsdf"/>
        <transform name="to_world">
            <matrix value="0.999129031057024 -0.04160157105520595 0.003208321966657857 0.002805851380841995 0.005542179275105624 0.2085282725276009 0.9780006959478531 -0.24224587210746873 -0.041355393890718 -0.9771308427004962 0.20857728543459625 0.19934254187316364 0.0 0.0 0.0 1.0"/>
        </transform>
    </shape>
    <shape name="temp41" type="ply">
        <string name="filename" value="meshes/Cube_037.ply"/>
        <boolean name="face_normals" value="true"/>
        <ref id="mat-Material" name="bsdf"/>
        <transform name="to_world">
            <matrix value="0.9988531134147833 -0.04776711797306346 0.003364662018504081 -0.006094899453739977 0.0066803007657434835 0.208578791589056 0.977982848100398 -0.5701223144342813 -0.04741723357215169 -0.976838303544052 0.20865865270736478 0.5175923366065223 0.0 0.0 0.0 1.0"/>
        </transform>
    </shape>
    <shape name="temp42" type="ply">
        <string name="filename" value="meshes/Cube_038.ply"/>
        <boolean name="face_normals" value="true"/>
        <ref id="mat-Material" name="bsdf"/>
        <transform name="to_world">
            <matrix value="0.9990463665746498 -0.04352050277103936 0.0034936747701410004 0.0076411228222874605 0.005666078485604412 0.2085787498722423 0.9779892307743224 -0.9038651624758511 -0.04329129412244449 -0.9770367712854828 0.20862644384358003 0.8632231835664359 0.0 0.0 0.0 1.0"/>
        </transform>
    </shape>
    <shape name="temp43" type="ply">
        <string name="filename" value="meshes/Cube_039.ply"/>
        <boolean name="face_normals" value="true"/>
        <ref id="mat-Material" name="bsdf"/>
        <transform name="to_world">
            <matrix value="0.9999468763887743 -0.00914774701213291 -0.004796296010486112 0.021286725568231635 0.008284685568460407 0.43301401661826805 0.9013490979463281 -1.3192572472435768 -0.0061684575197291005 -0.9013407637575833 0.43306665352755097 1.4735666699305212 0.0 0.0 0.0 1.0"/>
        </transform>
    </shape>
    <shape name="temp47" type="ply">
        <string name="filename" value="meshes/Plane_001.ply"/>
        <boolean name="face_normals" value="true"/>
        <ref id="mat-Material.002" name="bsdf"/>
    </shape>
    <shape name="temp49" type="ply">
        <string name="filename" value="meshes/Plane_002.ply"/>
        <boolean name="face_normals" value="true"/>
        <ref id="mat-Material.003" name="bsdf"/>
    </shape>
    <shape name="temp51" type="ply">
        <string name="filename" value="meshes/Plane_003.ply"/>
        <boolean name="face_normals" value="true"/>
        <ref id="mat-Material.004" name="bsdf"/>
    </shape>
    <shape name="temp53" type="ply">
        <string name="filename" value="meshes/Plane_004.ply"/>
        <boolean name="face_normals" value="true"/>
        <ref id="mat-Material.005" name="bsdf"/>
    </shape>
    <emitter type="point">
        <transform name="to_world">
            <rotate angle="-142.5518126578256" x="1"/>
            <rotate angle="3.976628485794621e-06" y="1"/>
            <rotate angle="-179.999991348578" z="1"/>
            <translate value="-0.000000 3.030926 4.073377"/>
        </transform>
        <rgb name="intensity" value="100"/>
    </emitter>
</scene>
