
<scene version="2.1.0">
    <default name="spp" value="1024"/>
    <default name="resx" value="1280"/>
    <default name="resy" value="720"/>
    <integrator name="temp0" type="path">
        <integer name="max_depth" value="12"/>
    </integrator>
    <sensor name="temp44" type="perspective">
        <string name="fov_axis" value="x"/>
        <float name="fov" value="83.974423"/>
        <float name="principal_point_offset_x" value="0.000000"/>
        <float name="principal_point_offset_y" value="-0.000000"/>
        <float name="near_clip" value="0.100000"/>
        <float name="far_clip" value="1000.000000"/>
        <sampler name="sampler" type="independent">
            <integer name="sample_count" value="$spp"/>
        </sampler>
        <film name="film" type="hdrfilm">
            <integer name="width" value="$resx"/>
            <integer name="height" value="$resy"/>
        </film>
        <float name="shutter_open" value="0.0"/>
        <float name="shutter_close" value="0.0015"/>
        <animation name="to_world">
            <transform time="0">
                <rotate angle="-142.5518126578256" x="1"/>
                <rotate angle="3.976628485794621e-06" y="1"/>
                <rotate angle="-179.999991348578" z="1"/>
                <translate value="-0.000000 3.030926 4.073377"/>
            </transform>
            <transform time="0.0015">
                <rotate angle="-142.5518126578256" x="1"/>
                <rotate angle="3.976628485794621e-06" y="1"/>
                <rotate angle="-179.999991348578" z="1"/>
                <translate value="-0.000000 3.030926 4.073377"/>
                <translate x="0.15" y="0.0" z="0.0"/>
            </transform>
        </animation>
    </sensor>
    <bsdf id="mat-Material" name="mat-Material" type="twosided">
        <bsdf name="bsdf" type="diffuse">
            <texture name="reflectance" type="bitmap">
                <string name="filename" value="textures/siggraph_2023_logo.jpg"/>
            </texture>
        </bsdf>
    </bsdf>
    <bsdf id="mat-Material.001" name="mat-Material.001" type="twosided">
        <bsdf name="bsdf" type="principled">
            <rgb name="base_color" value="0.433648 0.266232 0.084399"/>
            <float name="spec_tint" value="0.000000"/>
            <float name="spec_trans" value="0.000000"/>
            <float name="metallic" value="0.000000"/>
            <float name="anisotropic" value="0.000000"/>
            <float name="roughness" value="0.500000"/>
            <float name="sheen" value="0.000000"/>
            <float name="sheen_tint" value="0.500000"/>
            <float name="clearcoat" value="0.000000"/>
            <float name="clearcoat_gloss" value="0.173205"/>
            <float name="specular" value="0.500000"/>
        </bsdf>
    </bsdf>
    <bsdf id="mat-Material.002" name="mat-Material.002" type="twosided">
        <bsdf name="bsdf" type="principled">
            <rgb name="base_color" value="0.433648 0.266232 0.084399"/>
            <float name="spec_tint" value="0.000000"/>
            <float name="spec_trans" value="0.000000"/>
            <float name="metallic" value="0.000000"/>
            <float name="anisotropic" value="0.000000"/>
            <float name="roughness" value="0.500000"/>
            <float name="sheen" value="0.000000"/>
            <float name="sheen_tint" value="0.500000"/>
            <float name="clearcoat" value="0.000000"/>
            <float name="clearcoat_gloss" value="0.173205"/>
            <float name="specular" value="0.500000"/>
        </bsdf>
    </bsdf>
    <bsdf id="mat-Material.003" name="mat-Material.003" type="twosided">
        <bsdf name="bsdf" type="principled">
            <rgb name="base_color" value="0.433648 0.266232 0.084399"/>
            <float name="spec_tint" value="0.000000"/>
            <float name="spec_trans" value="0.000000"/>
            <float name="metallic" value="0.000000"/>
            <float name="anisotropic" value="0.000000"/>
            <float name="roughness" value="0.500000"/>
            <float name="sheen" value="0.000000"/>
            <float name="sheen_tint" value="0.500000"/>
            <float name="clearcoat" value="0.000000"/>
            <float name="clearcoat_gloss" value="0.173205"/>
            <float name="specular" value="0.500000"/>
        </bsdf>
    </bsdf>
    <bsdf id="mat-Material.004" name="mat-Material.004" type="twosided">
        <bsdf name="bsdf" type="principled">
            <rgb name="base_color" value="0.433648 0.266232 0.084399"/>
            <float name="spec_tint" value="0.000000"/>
            <float name="spec_trans" value="0.000000"/>
            <float name="metallic" value="0.000000"/>
            <float name="anisotropic" value="0.000000"/>
            <float name="roughness" value="0.500000"/>
            <float name="sheen" value="0.000000"/>
            <float name="sheen_tint" value="0.500000"/>
            <float name="clearcoat" value="0.000000"/>
            <float name="clearcoat_gloss" value="0.173205"/>
            <float name="specular" value="0.500000"/>
        </bsdf>
    </bsdf>
    <bsdf id="mat-Material.005" name="mat-Material.005" type="twosided">
        <bsdf name="bsdf" type="principled">
            <rgb name="base_color" value="0.433648 0.266232 0.084399"/>
            <float name="spec_tint" value="0.000000"/>
            <float name="spec_trans" value="0.000000"/>
            <float name="metallic" value="0.000000"/>
            <float name="anisotropic" value="0.000000"/>
            <float name="roughness" value="0.500000"/>
            <float name="sheen" value="0.000000"/>
            <float name="sheen_tint" value="0.500000"/>
            <float name="clearcoat" value="0.000000"/>
            <float name="clearcoat_gloss" value="0.173205"/>
            <float name="specular" value="0.500000"/>
        </bsdf>
    </bsdf>
    <emitter name="temp45" type="point">
        <point name="position" x="-6.815235034541981e-16" y="3.0693089962005615" z="4.109199523925781"/>
        <rgb name="intensity" value="7.957747 7.957747 7.957747"/>
    </emitter>
    <shape name="temp2" type="ply">
        <string name="filename" value="meshes/Cube.ply"/>
        <boolean name="face_normals" value="true"/>
        <ref id="mat-Material" name="bsdf"/>
        <transform name="to_world">
            <matrix value="0.9712187980362643 -0.21586135834117265 -0.09600450522220924 0.3044380199062806 -0.14568910264934126 -0.24176027224392657 -0.9522683550336366 1.9097805570698752 0.1850413632680705 0.9386913018357486 -0.26709142967640787 2.453810071818108 0.0 0.0 0.0 1.0"/>
        </transform>
    </shape>
    <shape name="temp4" type="ply">
        <string name="filename" value="meshes/Plane.ply"/>
        <boolean name="face_normals" value="true"/>
        <ref id="mat-Material.001" name="bsdf"/>
    </shape>
    <shape name="temp5" type="ply">
        <string name="filename" value="meshes/Cube_001.ply"/>
        <boolean name="face_normals" value="true"/>
        <ref id="mat-Material" name="bsdf"/>
        <transform name="to_world">
            <matrix value="0.9981191060002446 -0.028156137690515476 -0.05445559100960191 0.044750408505869865 -0.05447720144603006 -3.412226780942931e-07 -0.9985149645336086 1.1727831534370075 0.028114316779161284 0.9996033773932416 -0.0015342080590950503 1.061808381698468 0.0 0.0 0.0 1.0"/>
        </transform>
    </shape>
    <shape name="temp6" type="ply">
        <string name="filename" value="meshes/Cube_002.ply"/>
        <boolean name="face_normals" value="true"/>
        <ref id="mat-Material" name="bsdf"/>
        <transform name="to_world">
            <matrix value="0.9997391525582995 -0.021889093764796433 0.006540361429548754 -0.0380301348931138 0.011186561104344296 0.2194296060055525 -0.9755642874737424 0.6538005982529207 0.01991906415827611 0.9753826996201684 0.21961716012615945 0.5371105211103957 0.0 0.0 0.0 1.0"/>
        </transform>
    </shape>
    <shape name="temp7" type="ply">
        <string name="filename" value="meshes/Cube_003.ply"/>
        <boolean name="face_normals" value="true"/>
        <ref id="mat-Material" name="bsdf"/>
        <transform name="to_world">
            <matrix value="0.9952218599464211 -0.05905401910212902 0.07775168892643897 -0.06525971280101817 0.08896599808165212 0.22043727564176105 -0.9713354114058856 0.13938555497641308 0.040221904270540246 0.9736114037082075 0.22463784235362755 0.20209855402827742 0.0 0.0 0.0 1.0"/>
        </transform>
    </shape>
    <shape name="temp8" type="ply">
        <string name="filename" value="meshes/Cube_004.ply"/>
        <boolean name="face_normals" value="true"/>
        <ref id="mat-Material" name="bsdf"/>
        <transform name="to_world">
            <matrix value="0.9802137131733055 -0.1540483456154586 0.12428855643300249 0.040299866007650564 0.1569552521421847 0.2223538503576174 -0.962249202283957 -0.36289627125412327 0.12059679767103348 0.9627174749646972 0.24213429996959956 -0.3090390229639115 0.0 0.0 0.0 1.0"/>
        </transform>
    </shape>
    <shape name="temp9" type="ply">
        <string name="filename" value="meshes/Cube_005.ply"/>
        <boolean name="face_normals" value="true"/>
        <ref id="mat-Material" name="bsdf"/>
        <transform name="to_world">
            <matrix value="0.9755827291955882 -0.20173213425305003 0.0867975453654459 0.11485384300067447 0.1317546855026444 0.22144911695934488 -0.9662299814524224 -0.6322522086184565 0.17569832649855416 0.9540735425709655 0.24262009237383936 -0.7575793446120846 0.0 0.0 0.0 1.0"/>
        </transform>
    </shape>
    <shape name="temp10" type="ply">
        <string name="filename" value="meshes/Cube_006.ply"/>
        <boolean name="face_normals" value="true"/>
        <ref id="mat-Material" name="bsdf"/>
        <transform name="to_world">
            <matrix value="0.9868696445382934 -0.14637613339368366 -0.0682699904165333 0.03309355437532857 -0.034249971632563686 0.22340709561285127 -0.9741226305505033 -0.5417026923222812 0.15784067074803157 0.9636700784067515 0.21545981728532113 -1.0420310975721372 0.0 0.0 0.0 1.0"/>
        </transform>
    </shape>
    <shape name="temp11" type="ply">
        <string name="filename" value="meshes/Cube_007.ply"/>
        <boolean name="face_normals" value="true"/>
        <ref id="mat-Material" name="bsdf"/>
        <transform name="to_world">
            <matrix value="0.9113918748570546 -0.24961338942854222 -0.3271930040220301 0.17437255585623235 -0.27381430764839276 0.22573249510348897 -0.9349159921913894 -0.22875106128170022 0.3072263827795478 0.941667483620936 0.1373827420061737 -1.8125940966107876 0.0 0.0 0.0 1.0"/>
        </transform>
    </shape>
    <shape name="temp12" type="ply">
        <string name="filename" value="meshes/Cube_008.ply"/>
        <boolean name="face_normals" value="true"/>
        <ref id="mat-Material" name="bsdf"/>
        <transform name="to_world">
            <matrix value="0.3408689876548463 0.8934024859049315 -0.292212523184472 1.744668927182113 -0.5350282433287769 -0.07119066043973693 -0.8417339171982804 0.26683211448478056 -0.772863488804614 0.4433553459053905 0.4538992464189654 0.9990754476100634 0.0 0.0 0.0 1.0"/>
        </transform>
    </shape>
    <shape name="temp13" type="ply">
        <string name="filename" value="meshes/Cube_009.ply"/>
        <boolean name="face_normals" value="true"/>
        <ref id="mat-Material" name="bsdf"/>
        <transform name="to_world">
            <matrix value="-0.0669742538921009 0.990662108409484 0.11874731986794011 2.6069615718198307 -0.8711353800438632 -3.5606864918871236e-05 -0.4909751354663442 1.1056898768282597 -0.4863856251562425 -0.1363372324648588 0.8630038234580759 0.8646575838136218 0.0 0.0 0.0 1.0"/>
        </transform>
    </shape>
    <shape name="temp14" type="ply">
        <string name="filename" value="meshes/Cube_010.ply"/>
        <boolean name="face_normals" value="true"/>
        <ref id="mat-Material" name="bsdf"/>
        <transform name="to_world">
            <matrix value="0.02901604444468084 0.9951399911977523 0.09408992762047771 1.8919725097857154 -0.9985900497671211 0.024690805405664727 0.04677325101732731 1.9260842388139816 0.044221954356794976 -0.09531887289512603 0.9944536927550978 -0.21420539318820386 0.0 0.0 0.0 1.0"/>
        </transform>
    </shape>
    <shape name="temp15" type="ply">
        <string name="filename" value="meshes/Cube_011.ply"/>
        <boolean name="face_normals" value="true"/>
        <ref id="mat-Material" name="bsdf"/>
        <transform name="to_world">
            <matrix value="0.07783029447171855 0.9894709890847957 0.12184520975594074 1.51019050970933 -0.8935766816127597 0.015121015262096311 0.4485346089855756 2.14145664314922 0.4419777554975205 -0.14380318633023448 0.8853408182398854 -1.0800753881766803 0.0 0.0 0.0 1.0"/>
        </transform>
    </shape>
    <shape name="temp16" type="ply">
        <string name="filename" value="meshes/Cube_012.ply"/>
        <boolean name="face_normals" value="true"/>
        <ref id="mat-Material" name="bsdf"/>
        <transform name="to_world">
            <matrix value="0.09343606334448529 0.9903872988988848 0.10199210345037897 1.0977163949385076 -0.7376863164352061 6.737834855649395e-05 0.6751416362622873 1.846974294124692 0.6686448521081438 -0.13832100253846813 0.7306015173743476 -1.8301287316592942 0.0 0.0 0.0 1.0"/>
        </transform>
    </shape>
    <shape name="temp17" type="ply">
        <string name="filename" value="meshes/Cube_013.ply"/>
        <boolean name="face_normals" value="true"/>
        <ref id="mat-Material" name="bsdf"/>
        <transform name="to_world">
            <matrix value="0.916546769924135 0.1736494285839436 0.3601980472800117 0.6343860164352996 -0.38354600045742493 0.12704375885178643 0.9147175477672225 1.4659801258230223 0.11307936056252627 -0.9765780949182664 0.18303765399382818 -1.4104857845147576 0.0 0.0 0.0 1.0"/>
        </transform>
    </shape>
    <shape name="temp18" type="ply">
        <string name="filename" value="meshes/Cube_014.ply"/>
        <boolean name="face_normals" value="true"/>
        <ref id="mat-Material" name="bsdf"/>
        <transform name="to_world">
            <matrix value="0.9391926273033029 0.29805036470924423 0.17053896007802938 0.11274426695347167 -0.2162408448531719 0.12754408945753543 0.9679733970150834 1.0261489004102748 0.26675360842654694 -0.9459907013222144 0.18423910962171547 -0.8716418808720932 0.0 0.0 0.0 1.0"/>
        </transform>
    </shape>
    <shape name="temp19" type="ply">
        <string name="filename" value="meshes/Cube_015.ply"/>
        <boolean name="face_normals" value="true"/>
        <ref id="mat-Material" name="bsdf"/>
        <transform name="to_world">
            <matrix value="0.9829112790699737 0.13242320456048212 0.12786710894657038 0.023703152552106366 -0.14959860077620396 0.16986083270931934 0.9740471022423989 0.6395952978594692 0.10726685070040973 -0.9765302248744846 0.1867684332804911 -0.29915037236597775 0.0 0.0 0.0 1.0"/>
        </transform>
    </shape>
    <shape name="temp20" type="ply">
        <string name="filename" value="meshes/Cube_016.ply"/>
        <boolean name="face_normals" value="true"/>
        <ref id="mat-Material" name="bsdf"/>
        <transform name="to_world">
            <matrix value="0.985139895785131 0.027267579986775772 0.16957622827467814 0.04597166519290863 -0.17174086967467872 0.16881929944954666 0.9705694905349673 0.32915803230460544 -0.0021626181016157027 -0.9852696887717111 0.1709936546765379 0.1784198621719675 0.0 0.0 0.0 1.0"/>
        </transform>
    </shape>
    <shape name="temp21" type="ply">
        <string name="filename" value="meshes/Cube_017.ply"/>
        <boolean name="face_normals" value="true"/>
        <ref id="mat-Material" name="bsdf"/>
        <transform name="to_world">
            <matrix value="0.9449099954434805 -0.11935333724080822 0.30478591802471844 0.21302176709557225 -0.28660711278006196 0.1480968580981722 0.9465295037920175 0.14381782781440816 -0.1581119343577524 -0.981738986239709 0.1057320312363334 0.43511965812309694 0.0 0.0 0.0 1.0"/>
        </transform>
    </shape>
    <shape name="temp22" type="ply">
        <string name="filename" value="meshes/Cube_018.ply"/>
        <boolean name="face_normals" value="true"/>
        <ref id="mat-Material" name="bsdf"/>
        <transform name="to_world">
            <matrix value="0.22103006593655977 0.9581261224430201 0.1819355080442967 0.8518471955794223 -0.5680222312052436 -0.025163456905488473 0.8225518544977285 -0.017262895913175466 0.7927011916096216 -0.2852188985509665 0.5386898781665745 -0.152166685378001 0.0 0.0 0.0 1.0"/>
        </transform>
    </shape>
    <shape name="temp23" type="ply">
        <string name="filename" value="meshes/Cube_019.ply"/>
        <boolean name="face_normals" value="true"/>
        <ref id="mat-Material" name="bsdf"/>
        <transform name="to_world">
            <matrix value="-0.08089532947890792 0.9838627892278844 -0.1595927924954884 0.5068656043892708 -0.913341471241625 -0.0090620089148831 0.4070940347529503 -0.04658452758285543 0.3990784572369762 0.17869467046845897 0.8993357764002758 -0.056700573278142985 0.0 0.0 0.0 1.0"/>
        </transform>
    </shape>
    <shape name="temp24" type="ply">
        <string name="filename" value="meshes/Cube_020.ply"/>
        <boolean name="face_normals" value="true"/>
        <ref id="mat-Material" name="bsdf"/>
        <transform name="to_world">
            <matrix value="0.09730221335655591 0.9431881719321896 -0.3176905026534591 0.13508911337954127 -0.9610300040240571 0.006052210980311478 -0.2763772281518907 0.141888343423561 -0.25875316330435105 0.332202346986957 0.9070212247790674 0.11684061755071434 0.0 0.0 0.0 1.0"/>
        </transform>
    </shape>
    <shape name="temp25" type="ply">
        <string name="filename" value="meshes/Cube_021.ply"/>
        <boolean name="face_normals" value="true"/>
        <ref id="mat-Material" name="bsdf"/>
        <transform name="to_world">
            <matrix value="0.19280160790174938 0.9396919839056532 -0.28249951184364247 -0.17055607330070133 -0.7931508597992649 -0.020254754152387353 -0.6086886630945756 0.09671427947205262 -0.5777019539844723 0.34142062437555143 0.7414121122348295 0.30900331543137594 0.0 0.0 0.0 1.0"/>
        </transform>
    </shape>
    <shape name="temp26" type="ply">
        <string name="filename" value="meshes/Cube_022.ply"/>
        <boolean name="face_normals" value="true"/>
        <ref id="mat-Material" name="bsdf"/>
        <transform name="to_world">
            <matrix value="0.6378630810227169 0.40018574411323615 -0.6580140853793743 -0.08517350245274624 -0.7116359234575649 -0.020404808488537263 -0.7022521619534954 -0.19534014084578805 -0.29445797807551766 0.9162067735590491 0.2717710643605199 0.6890182934211303 0.0 0.0 0.0 1.0"/>
        </transform>
    </shape>
    <shape name="temp27" type="ply">
        <string name="filename" value="meshes/Cube_023.ply"/>
        <boolean name="face_normals" value="true"/>
        <ref id="mat-Material" name="bsdf"/>
        <transform name="to_world">
            <matrix value="0.8560441255471812 0.2855339647868375 -0.4308814330852285 -0.0664752769522785 -0.48043932294021385 0.13198374921520245 -0.8670400373315506 -0.2871048108425963 -0.19070009059849974 0.9492367908923853 0.25016571312670177 0.203541427021024 0.0 0.0 0.0 1.0"/>
        </transform>
    </shape>
    <shape name="temp28" type="ply">
        <string name="filename" value="meshes/Cube_024.ply"/>
        <boolean name="face_normals" value="true"/>
        <ref id="mat-Material" name="bsdf"/>
        <transform name="to_world">
            <matrix value="0.854422306024357 0.44595857937562444 -0.2666148094109927 -0.19377411672527023 -0.3762424272242286 0.17715299432859918 -0.9094276112582803 -0.5110347882605126 -0.3583355273772355 0.8773469357957379 0.3191521350517068 -0.34713673580436505 0.0 0.0 0.0 1.0"/>
        </transform>
    </shape>
    <shape name="temp29" type="ply">
        <string name="filename" value="meshes/Cube_025.ply"/>
        <boolean name="face_normals" value="true"/>
        <ref id="mat-Material" name="bsdf"/>
        <transform name="to_world">
            <matrix value="0.901435569573797 0.3595462670752133 -0.24112311894325614 -0.2623522110510502 -0.3213342180427533 0.1824675599627052 -0.9292201648999268 -0.7932785356349616 -0.2901006068858406 0.9151128544104059 0.28001712447774363 -0.6972600000766467 0.0 0.0 0.0 1.0"/>
        </transform>
    </shape>
    <shape name="temp30" type="ply">
        <string name="filename" value="meshes/Cube_026.ply"/>
        <boolean name="face_normals" value="true"/>
        <ref id="mat-Material" name="bsdf"/>
        <transform name="to_world">
            <matrix value="0.9232111228717774 0.2335306190983745 -0.30519677310918014 -0.3339804393516068 -0.3505437904568398 0.18630272223068145 -0.9178293377006583 -1.148388515176857 -0.15748231024401316 0.9543346898250605 0.25385939016623793 -0.8895917161673977 0.0 0.0 0.0 1.0"/>
        </transform>
    </shape>
    <shape name="temp31" type="ply">
        <string name="filename" value="meshes/Cube_027.ply"/>
        <boolean name="face_normals" value="true"/>
        <ref id="mat-Material" name="bsdf"/>
        <transform name="to_world">
            <matrix value="0.872416347089767 0.17295437432079813 -0.45713999000520544 -0.6002484399329968 -0.48447126644646443 0.18231401080048307 -0.8555988579268792 -1.5845561274091433 -0.06463653335744565 0.9679092367283173 0.24284502253083895 -1.0290493895743227 0.0 0.0 0.0 1.0"/>
        </transform>
    </shape>
    <shape name="temp32" type="ply">
        <string name="filename" value="meshes/Cube_028.ply"/>
        <boolean name="face_normals" value="true"/>
        <ref id="mat-Material" name="bsdf"/>
        <transform name="to_world">
            <matrix value="-0.10555607267027997 0.9846142133356139 0.13925799524467153 -1.4863346557894714 -0.7969365828231627 -8.551905102592077e-07 -0.6040632338597542 -2.122112530167472 -0.5947691777166696 -0.17474229438303962 0.7846751762681783 -1.3604135047557573 0.0 0.0 0.0 1.0"/>
        </transform>
    </shape>
    <shape name="temp33" type="ply">
        <string name="filename" value="meshes/Cube_029.ply"/>
        <boolean name="face_normals" value="true"/>
        <ref id="mat-Material" name="bsdf"/>
        <transform name="to_world">
            <matrix value="0.0024494882337193075 0.9764614964238262 0.21567750192543994 -1.5697844014355233 -0.9985565850570983 -0.00918366974467224 0.052919754186679505 -1.8182956368744785 0.0536548560618552 -0.2154958147606602 0.9750294430384174 -0.11703635093382414 0.0 0.0 0.0 1.0"/>
        </transform>
    </shape>
    <shape name="temp34" type="ply">
        <string name="filename" value="meshes/Cube_030.ply"/>
        <boolean name="face_normals" value="true"/>
        <ref id="mat-Material" name="bsdf"/>
        <transform name="to_world">
            <matrix value="-0.042319862236560944 0.9785547329174198 -0.20159212917564034 -3.226656428036646 -0.9750243742464908 0.0035795652299187826 0.2220607838739933 -1.9155121338174577 0.21802020175416437 0.20595552441857917 0.9539636422732598 0.24937258473585233 0.0 0.0 0.0 1.0"/>
        </transform>
    </shape>
    <shape name="temp35" type="ply">
        <string name="filename" value="meshes/Cube_031.ply"/>
        <boolean name="face_normals" value="true"/>
        <ref id="mat-Material" name="bsdf"/>
        <transform name="to_world">
            <matrix value="0.1443195316890858 0.9764530487690412 0.1603456052453287 -1.8727890438151702 -0.7399579275460217 -0.0010914912300828286 0.6726428194209166 -1.0203745860436713 0.6569789655459757 -0.21572682161681855 0.7223766146392063 0.6537751454777794 0.0 0.0 0.0 1.0"/>
        </transform>
    </shape>
    <shape name="temp36" type="ply">
        <string name="filename" value="meshes/Cube_032.ply"/>
        <boolean name="face_normals" value="true"/>
        <ref id="mat-Material" name="bsdf"/>
        <transform name="to_world">
            <matrix value="0.6643835312848498 0.6131046069963269 0.42741233160969616 -0.7047776930694267 -0.5432217783900416 0.0033705276968355713 0.8395667630056437 -0.6035195718687056 0.5133012249413592 -0.789994430805364 0.33529072606934607 -0.15778522852857013 0.0 0.0 0.0 1.0"/>
        </transform>
    </shape>
    <shape name="temp37" type="ply">
        <string name="filename" value="meshes/Cube_033.ply"/>
        <boolean name="face_normals" value="true"/>
        <ref id="mat-Material" name="bsdf"/>
        <transform name="to_world">
            <matrix value="0.976608610935292 0.16980930201513073 0.131911785772878 -0.14499230385211592 -0.15005281218806904 0.09880146551166714 0.9837290275972637 0.30061069640340465 0.1540132387279332 -0.9805115732870555 0.12197072385668581 -0.38713918879440895 0.0 0.0 0.0 1.0"/>
        </transform>
    </shape>
    <shape name="temp38" type="ply">
        <string name="filename" value="meshes/Cube_034.ply"/>
        <boolean name="face_normals" value="true"/>
        <ref id="mat-Material" name="bsdf"/>
        <transform name="to_world">
            <matrix value="0.9999162274146451 -0.0015385817951996464 0.012872482212433353 -0.033944539669506835 -0.012395049350474356 0.17749310108192556 0.9840441425728605 0.36929741720180004 -0.003798809720102052 -0.9841208077209479 0.17745913788514117 -0.3790677409726588 0.0 0.0 0.0 1.0"/>
        </transform>
    </shape>
    <shape name="temp39" type="ply">
        <string name="filename" value="meshes/Cube_035.ply"/>
        <boolean name="face_normals" value="true"/>
        <ref id="mat-Material" name="bsdf"/>
        <transform name="to_world">
            <matrix value="0.9986975357562671 -0.05086999372161953 0.003989856749157606 0.008520841612667862 0.006471835568155426 0.20384147193605648 0.978982682150876 0.0911727911095712 -0.050614132834066454 -0.9776812960579697 0.2039051681219951 -0.16061772340387293 0.0 0.0 0.0 1.0"/>
        </transform>
    </shape>
    <shape name="temp40" type="ply">
        <string name="filename" value="meshes/Cube_036.ply"/>
        <boolean name="face_normals" value="true"/>
        <ref id="mat-Material" name="bsdf"/>
        <transform name="to_world">
            <matrix value="0.9986614115990902 -0.05156453695379655 0.004130334674325245 0.0031509686707096307 0.006627227065370984 0.20671933762043124 0.9783779828953795 -0.23941558567374194 -0.05130343937435619 -0.9770405257987206 0.2067843095908895 0.17609813605757907 0.0 0.0 0.0 1.0"/>
        </transform>
    </shape>
    <shape name="temp41" type="ply">
        <string name="filename" value="meshes/Cube_037.ply"/>
        <boolean name="face_normals" value="true"/>
        <ref id="mat-Material" name="bsdf"/>
        <transform name="to_world">
            <matrix value="0.9986857898646695 -0.05109517065305586 0.004050362134006839 -0.0065786235520426395 0.006609012068571185 0.20673382378400704 0.9783750279537479 -0.5705570737126171 -0.050827575630244655 -0.9770621142498379 0.20679979348503927 0.516895502674731 0.0 0.0 0.0 1.0"/>
        </transform>
    </shape>
    <shape name="temp42" type="ply">
        <string name="filename" value="meshes/Cube_038.ply"/>
        <boolean name="face_normals" value="true"/>
        <ref id="mat-Material" name="bsdf"/>
        <transform name="to_world">
            <matrix value="0.9989012050841538 -0.04667715149252331 0.004195012436758339 0.010059408480922905 0.005555507537759717 0.2068174868539891 0.9783637991755476 -0.9045269860208531 -0.04653485116847243 -0.9772653794248504 0.20684959016141546 0.8667491769522264 0.0 0.0 0.0 1.0"/>
        </transform>
    </shape>
    <shape name="temp43" type="ply">
        <string name="filename" value="meshes/Cube_039.ply"/>
        <boolean name="face_normals" value="true"/>
        <ref id="mat-Material" name="bsdf"/>
        <transform name="to_world">
            <matrix value="0.9999213025749443 -0.012092099736351912 -0.003386437694765387 0.02246933128607398 0.00828912441005316 0.4330193134771152 0.9013465124614661 -1.3192441814123406 -0.009432782356174684 -0.9013035563164731 0.43308536794578545 1.4752159298092902 0.0 0.0 0.0 1.0"/>
        </transform>
    </shape>
    <shape name="temp47" type="ply">
        <string name="filename" value="meshes/Plane_001.ply"/>
        <boolean name="face_normals" value="true"/>
        <ref id="mat-Material.002" name="bsdf"/>
    </shape>
    <shape name="temp49" type="ply">
        <string name="filename" value="meshes/Plane_002.ply"/>
        <boolean name="face_normals" value="true"/>
        <ref id="mat-Material.003" name="bsdf"/>
    </shape>
    <shape name="temp51" type="ply">
        <string name="filename" value="meshes/Plane_003.ply"/>
        <boolean name="face_normals" value="true"/>
        <ref id="mat-Material.004" name="bsdf"/>
    </shape>
    <shape name="temp53" type="ply">
        <string name="filename" value="meshes/Plane_004.ply"/>
        <boolean name="face_normals" value="true"/>
        <ref id="mat-Material.005" name="bsdf"/>
    </shape>
    <emitter type="point">
        <transform name="to_world">
            <rotate angle="-142.5518126578256" x="1"/>
            <rotate angle="3.976628485794621e-06" y="1"/>
            <rotate angle="-179.999991348578" z="1"/>
            <translate value="-0.000000 3.030926 4.073377"/>
        </transform>
        <rgb name="intensity" value="100"/>
    </emitter>
</scene>
