
<scene version="2.1.0">
    <default name="spp" value="1024"/>
    <default name="resx" value="640"/>
    <default name="resy" value="360"/>
    <integrator name="temp0" type="path">
        <integer name="max_depth" value="12"/>
    </integrator>
    <sensor name="temp44" type="perspective">
        <string name="fov_axis" value="x"/>
        <float name="fov" value="83.974423"/>
        <float name="principal_point_offset_x" value="0.000000"/>
        <float name="principal_point_offset_y" value="-0.000000"/>
        <float name="near_clip" value="0.100000"/>
        <float name="far_clip" value="1000.000000"/>
        <sampler name="sampler" type="independent">
            <integer name="sample_count" value="$spp"/>
        </sampler>
        <film name="film" type="hdrfilm">
            <integer name="width" value="$resx"/>
            <integer name="height" value="$resy"/>
        </film>
        <float name="shutter_open" value="0.0"/>
        <float name="shutter_close" value="0.0015"/>
        <animation name="to_world">
            <transform time="0">
                <rotate angle="-142.5518126578256" x="1"/>
                <rotate angle="3.976628485794621e-06" y="1"/>
                <rotate angle="-179.999991348578" z="1"/>
                <translate value="-0.000000 3.030926 4.073377"/>
            </transform>
            <transform time="0.0015">
                <rotate angle="-142.5518126578256" x="1"/>
                <rotate angle="3.976628485794621e-06" y="1"/>
                <rotate angle="-179.999991348578" z="1"/>
                <translate value="-0.000000 3.030926 4.073377"/>
                <translate x="0.15" y="0.0" z="0.0"/>
            </transform>
        </animation>
    </sensor>
    <bsdf id="mat-Material" name="mat-Material" type="twosided">
        <bsdf name="bsdf" type="diffuse">
            <texture name="reflectance" type="bitmap">
                <string name="filename" value="textures/siggraph_2023_logo.jpg"/>
            </texture>
        </bsdf>
    </bsdf>
    <bsdf id="mat-Material.001" name="mat-Material.001" type="twosided">
        <bsdf name="bsdf" type="principled">
            <rgb name="base_color" value="0.433648 0.266232 0.084399"/>
            <float name="spec_tint" value="0.000000"/>
            <float name="spec_trans" value="0.000000"/>
            <float name="metallic" value="0.000000"/>
            <float name="anisotropic" value="0.000000"/>
            <float name="roughness" value="0.500000"/>
            <float name="sheen" value="0.000000"/>
            <float name="sheen_tint" value="0.500000"/>
            <float name="clearcoat" value="0.000000"/>
            <float name="clearcoat_gloss" value="0.173205"/>
            <float name="specular" value="0.500000"/>
        </bsdf>
    </bsdf>
    <bsdf id="mat-Material.002" name="mat-Material.002" type="twosided">
        <bsdf name="bsdf" type="principled">
            <rgb name="base_color" value="0.433648 0.266232 0.084399"/>
            <float name="spec_tint" value="0.000000"/>
            <float name="spec_trans" value="0.000000"/>
            <float name="metallic" value="0.000000"/>
            <float name="anisotropic" value="0.000000"/>
            <float name="roughness" value="0.500000"/>
            <float name="sheen" value="0.000000"/>
            <float name="sheen_tint" value="0.500000"/>
            <float name="clearcoat" value="0.000000"/>
            <float name="clearcoat_gloss" value="0.173205"/>
            <float name="specular" value="0.500000"/>
        </bsdf>
    </bsdf>
    <bsdf id="mat-Material.003" name="mat-Material.003" type="twosided">
        <bsdf name="bsdf" type="principled">
            <rgb name="base_color" value="0.433648 0.266232 0.084399"/>
            <float name="spec_tint" value="0.000000"/>
            <float name="spec_trans" value="0.000000"/>
            <float name="metallic" value="0.000000"/>
            <float name="anisotropic" value="0.000000"/>
            <float name="roughness" value="0.500000"/>
            <float name="sheen" value="0.000000"/>
            <float name="sheen_tint" value="0.500000"/>
            <float name="clearcoat" value="0.000000"/>
            <float name="clearcoat_gloss" value="0.173205"/>
            <float name="specular" value="0.500000"/>
        </bsdf>
    </bsdf>
    <bsdf id="mat-Material.004" name="mat-Material.004" type="twosided">
        <bsdf name="bsdf" type="principled">
            <rgb name="base_color" value="0.433648 0.266232 0.084399"/>
            <float name="spec_tint" value="0.000000"/>
            <float name="spec_trans" value="0.000000"/>
            <float name="metallic" value="0.000000"/>
            <float name="anisotropic" value="0.000000"/>
            <float name="roughness" value="0.500000"/>
            <float name="sheen" value="0.000000"/>
            <float name="sheen_tint" value="0.500000"/>
            <float name="clearcoat" value="0.000000"/>
            <float name="clearcoat_gloss" value="0.173205"/>
            <float name="specular" value="0.500000"/>
        </bsdf>
    </bsdf>
    <bsdf id="mat-Material.005" name="mat-Material.005" type="twosided">
        <bsdf name="bsdf" type="principled">
            <rgb name="base_color" value="0.433648 0.266232 0.084399"/>
            <float name="spec_tint" value="0.000000"/>
            <float name="spec_trans" value="0.000000"/>
            <float name="metallic" value="0.000000"/>
            <float name="anisotropic" value="0.000000"/>
            <float name="roughness" value="0.500000"/>
            <float name="sheen" value="0.000000"/>
            <float name="sheen_tint" value="0.500000"/>
            <float name="clearcoat" value="0.000000"/>
            <float name="clearcoat_gloss" value="0.173205"/>
            <float name="specular" value="0.500000"/>
        </bsdf>
    </bsdf>
    <emitter name="temp45" type="point">
        <point name="position" x="-6.815235034541981e-16" y="3.0693089962005615" z="4.109199523925781"/>
        <rgb name="intensity" value="7.957747 7.957747 7.957747"/>
    </emitter>
    <shape name="temp2" type="ply">
        <string name="filename" value="meshes/Cube.ply"/>
        <boolean name="face_normals" value="true"/>
        <ref id="mat-Material" name="bsdf"/>
        <transform name="to_world">
            <matrix value="0.9999995567588077 0.00023729149415025982 0.0010673556487373417 -0.0018845671957063992 -0.00023522366837048584 0.9999981227433812 -0.001936479629105182 -0.014661179161367444 -0.001067812356500664 0.0019362254209747969 0.9999976360466947 0.002304747115293271 0.0 0.0 0.0 1.0"/>
            <scale value="1"/>
        </transform>
    </shape>
    <shape name="temp4" type="ply">
        <string name="filename" value="meshes/Plane.ply"/>
        <boolean name="face_normals" value="true"/>
        <ref id="mat-Material.001" name="bsdf"/>
        <transform name="to_world">
            <scale value="1"/>
        </transform>
    </shape>
    <shape name="temp5" type="ply">
        <string name="filename" value="meshes/Cube_001.ply"/>
        <boolean name="face_normals" value="true"/>
        <ref id="mat-Material" name="bsdf"/>
        <transform name="to_world">
            <matrix value="0.9999995567588077 -6.403885504032973e-05 -0.0010856077322075872 0.0017054945139052258 6.554828049011839e-05 0.9999989570796561 0.0013903685923272694 -0.019251429288476063 0.001085519842135217 -0.0013904380891196291 0.9999985816280168 -0.0021650264890619164 0.0 0.0 0.0 1.0"/>
            <scale value="1"/>
        </transform>
    </shape>
    <shape name="temp6" type="ply">
        <string name="filename" value="meshes/Cube_002.ply"/>
        <boolean name="face_normals" value="true"/>
        <ref id="mat-Material" name="bsdf"/>
        <transform name="to_world">
            <matrix value="1.0 -4.775719980059363e-05 0.0003660085263067816 -0.000908738027856959 4.808147482301379e-05 0.9999995828318625 -0.0008867756196985391 -0.01726979754598834 -0.0003659669661204162 0.0008867930825179435 0.9999995272093389 0.00043900010134245715 0.0 0.0 0.0 1.0"/>
            <scale value="1"/>
        </transform>
    </shape>
    <shape name="temp7" type="ply">
        <string name="filename" value="meshes/Cube_003.ply"/>
        <boolean name="face_normals" value="true"/>
        <ref id="mat-Material" name="bsdf"/>
        <transform name="to_world">
            <matrix value="1.0 -0.0003010473006092741 0.0007808634197610421 -0.0010364469271353371 0.000303252769814211 0.9999958283186247 -0.0028270753973450914 -0.01751124793748382 -0.000780011417893115 0.0028273215928313828 0.9999957448840504 0.0020902125883757727 0.0 0.0 0.0 1.0"/>
            <scale value="1"/>
        </transform>
    </shape>
    <shape name="temp8" type="ply">
        <string name="filename" value="meshes/Cube_004.ply"/>
        <boolean name="face_normals" value="true"/>
        <ref id="mat-Material" name="bsdf"/>
        <transform name="to_world">
            <matrix value="1.0 -8.027378744866225e-05 0.0006143820082350677 -0.0005305547008371825 8.077671813583392e-05 0.9999995828318625 -0.0008182871645372963 -0.01800751128620498 -0.0006143145629553195 0.0008183378769896312 0.9999995272093389 0.0019346983928237305 0.0 0.0 0.0 1.0"/>
            <scale value="1"/>
        </transform>
    </shape>
    <shape name="temp9" type="ply">
        <string name="filename" value="meshes/Cube_005.ply"/>
        <boolean name="face_normals" value="true"/>
        <ref id="mat-Material" name="bsdf"/>
        <transform name="to_world">
            <matrix value="1.0 0.0003892429024056001 0.0006896644651957518 -0.0005237506226034583 -0.00039189302994360194 0.9999924909735245 0.003846199306794333 -0.015257044380292406 -0.0006881629780134639 -0.0038464612669813505 0.999992435349423 0.0018205320868364683 0.0 0.0 0.0 1.0"/>
            <scale value="1"/>
        </transform>
    </shape>
    <shape name="temp10" type="ply">
        <string name="filename" value="meshes/Cube_006.ply"/>
        <boolean name="face_normals" value="true"/>
        <ref id="mat-Material" name="bsdf"/>
        <transform name="to_world">
            <matrix value="1.0 0.00021106830502499882 -0.0007785254699420972 -0.0009064928303939013 -0.00021092961861754846 1.0 0.00017704166373142465 -0.017166599207033006 0.0007785620191941166 -0.00017687741305694556 0.9999997636046695 -0.001713156258994486 0.0 0.0 0.0 1.0"/>
            <scale value="1"/>
        </transform>
    </shape>
    <shape name="temp11" type="ply">
        <string name="filename" value="meshes/Cube_007.ply"/>
        <boolean name="face_normals" value="true"/>
        <ref id="mat-Material" name="bsdf"/>
        <transform name="to_world">
            <matrix value="1.0 -0.00041967948971993415 -4.465791468114288e-05 0.0004951381830045065 0.0004197290200646423 0.9999991656637249 0.0011103985105203012 -0.01763446228028448 4.4191944711866635e-05 -0.0011104160626419677 0.9999995272093389 -2.9829507206979855e-05 0.0 0.0 0.0 1.0"/>
            <scale value="1"/>
        </transform>
    </shape>
    <shape name="temp12" type="ply">
        <string name="filename" value="meshes/Cube_008.ply"/>
        <boolean name="face_normals" value="true"/>
        <ref id="mat-Material" name="bsdf"/>
        <transform name="to_world">
            <matrix value="0.9999995567588077 0.0008648354375989471 0.0001806875889141937 0.0003547896072091383 -0.0008646172966896975 0.9999989570796561 -0.0012057438391830932 -0.017301306227652857 -0.00018173021858882644 0.0012055867156978283 0.9999992908140084 0.0004435292553750525 0.0 0.0 0.0 1.0"/>
            <scale value="1"/>
        </transform>
    </shape>
    <shape name="temp13" type="ply">
        <string name="filename" value="meshes/Cube_009.ply"/>
        <boolean name="face_normals" value="true"/>
        <ref id="mat-Material" name="bsdf"/>
        <transform name="to_world">
            <matrix value="0.9999995567588077 0.0007934621409485986 0.0006684574400938774 0.0012788578785620786 -0.0007933042212518195 0.9999995828318625 -0.0002344318309149303 -0.016525306451085353 -0.000668642635902182 0.0002339020030328124 0.9999997636046695 0.0011698746988524356 0.0 0.0 0.0 1.0"/>
            <scale value="1"/>
        </transform>
    </shape>
    <shape name="temp14" type="ply">
        <string name="filename" value="meshes/Cube_010.ply"/>
        <boolean name="face_normals" value="true"/>
        <ref id="mat-Material" name="bsdf"/>
        <transform name="to_world">
            <matrix value="0.9999915784173453 0.00039918401912298745 0.004101577182366233 0.008168951148612491 -0.0004001027433083877 0.9999997914159312 0.00022345103141646662 -0.016723137648034292 -0.004101479184507125 -0.00022508932612744903 0.9999917261634315 0.006805161151638206 0.0 0.0 0.0 1.0"/>
            <scale value="1"/>
        </transform>
    </shape>
    <shape name="temp15" type="ply">
        <string name="filename" value="meshes/Cube_011.ply"/>
        <boolean name="face_normals" value="true"/>
        <ref id="mat-Material" name="bsdf"/>
        <transform name="to_world">
            <matrix value="0.9999986702764229 0.0016255102487782189 -0.000579504241168625 -0.001245467572584591 -0.0016251172372953777 0.99999833132745 0.0006773931835879232 -0.014379055847146216 0.0005806060702767776 -0.0006764506500522504 0.9999995272093389 -0.0008826559379049304 0.0 0.0 0.0 1.0"/>
            <scale value="1"/>
        </transform>
    </shape>
    <shape name="temp16" type="ply">
        <string name="filename" value="meshes/Cube_012.ply"/>
        <boolean name="face_normals" value="true"/>
        <ref id="mat-Material" name="bsdf"/>
        <transform name="to_world">
            <matrix value="1.0 -0.0005969279738352144 -0.0001888210066564197 -0.0004888563064873175 0.0005967976710334789 0.9999995828318625 -0.0006973284018115446 -0.01941056635296312 0.00018923739466373066 0.0006972151940979052 0.9999997636046695 -0.0002472182388253419 0.0 0.0 0.0 1.0"/>
            <scale value="1"/>
        </transform>
    </shape>
    <shape name="temp17" type="ply">
        <string name="filename" value="meshes/Cube_013.ply"/>
        <boolean name="face_normals" value="true"/>
        <ref id="mat-Material" name="bsdf"/>
        <transform name="to_world">
            <matrix value="0.9999982270352306 0.0018359069131017912 0.00027737918898435585 -0.0002554452750367364 -0.0018369953920645643 0.9999904051328369 0.003975058401466407 -0.011321287140397429 -0.0002700783827724559 -0.0039755581188220005 0.9999921989540925 0.00020934959869989278 0.0 0.0 0.0 1.0"/>
            <scale value="1"/>
        </transform>
    </shape>
    <shape name="temp18" type="ply">
        <string name="filename" value="meshes/Cube_014.ply"/>
        <boolean name="face_normals" value="true"/>
        <ref id="mat-Material" name="bsdf"/>
        <transform name="to_world">
            <matrix value="1.0 -0.0006186749488447572 -6.740340059410875e-05 -0.0003370054711706594 0.0006184588681038319 0.9999947853982809 -0.00314467252391257 -0.020750004306982428 6.934863047336385e-05 0.0031446342791230293 0.9999952720933893 0.00022346728768929403 0.0 0.0 0.0 1.0"/>
            <scale value="1"/>
        </transform>
    </shape>
    <shape name="temp19" type="ply">
        <string name="filename" value="meshes/Cube_015.ply"/>
        <boolean name="face_normals" value="true"/>
        <ref id="mat-Material" name="bsdf"/>
        <transform name="to_world">
            <matrix value="1.0 -0.00019318159537610836 -9.88203400215876e-05 0.00012378025662573844 0.0001931436792919488 0.9999997914159312 -0.000382208698308024 -0.01814737756003637 9.889420187331458e-05 0.0003821906750406218 1.0 -0.00020117818613096805 0.0 0.0 0.0 1.0"/>
            <scale value="1"/>
        </transform>
    </shape>
    <shape name="temp20" type="ply">
        <string name="filename" value="meshes/Cube_016.ply"/>
        <boolean name="face_normals" value="true"/>
        <ref id="mat-Material" name="bsdf"/>
        <transform name="to_world">
            <matrix value="1.0 0.0007192854744140352 0.0004000636376229788 0.0007617731587227228 -0.0007211578523723156 0.9999887364602866 0.004707103821519634 -0.01638183398720333 -0.00039667427268552744 -0.004707383667450247 0.9999888894194651 0.00067946302516525 0.0 0.0 0.0 1.0"/>
            <scale value="1"/>
        </transform>
    </shape>
    <shape name="temp21" type="ply">
        <string name="filename" value="meshes/Cube_017.ply"/>
        <boolean name="face_normals" value="true"/>
        <ref id="mat-Material" name="bsdf"/>
        <transform name="to_world">
            <matrix value="1.0 4.1404354818187695e-05 0.0005945815353498485 0.0002131977127914908 -4.1675354194036815e-05 0.9999997914159312 0.0004556827309901513 -0.01782432649497101 -0.0005945637354240135 -0.000455706130077197 0.9999997636046695 0.000418402651785138 0.0 0.0 0.0 1.0"/>
            <scale value="1"/>
        </transform>
    </shape>
    <shape name="temp22" type="ply">
        <string name="filename" value="meshes/Cube_018.ply"/>
        <boolean name="face_normals" value="true"/>
        <ref id="mat-Material" name="bsdf"/>
        <transform name="to_world">
            <matrix value="0.9999951243468841 0.003234930322491829 7.757194573687025e-05 0.0004444047383889149 -0.0032352396250534105 0.9999851905311177 0.004376008521578875 -0.017878493249739114 -6.341451739012494e-05 -0.004376233514036665 0.9999905441867787 0.00014803444244537722 0.0 0.0 0.0 1.0"/>
            <scale value="1"/>
        </transform>
    </shape>
    <shape name="temp23" type="ply">
        <string name="filename" value="meshes/Cube_019.ply"/>
        <boolean name="face_normals" value="true"/>
        <ref id="mat-Material" name="bsdf"/>
        <transform name="to_world">
            <matrix value="0.9999747352520358 0.00441440648446153 -0.005636161110036826 0.002984118826083515 -0.004384165119754905 0.9999760128320919 0.005366788630897531 -0.01793738658182148 0.005659724623112014 -0.005341950636494286 0.9999697413976922 -0.0008155862822941673 0.0 0.0 0.0 1.0"/>
            <scale value="1"/>
        </transform>
    </shape>
    <shape name="temp24" type="ply">
        <string name="filename" value="meshes/Cube_020.ply"/>
        <boolean name="face_normals" value="true"/>
        <ref id="mat-Material" name="bsdf"/>
        <transform name="to_world">
            <matrix value="0.9999373687329646 -0.004383192786685112 0.01027291448857588 -0.007912700986443505 0.0042943686082667215 0.9999533392192829 0.008652730998279146 -0.01533678809229816 -0.010310356849509709 -0.008608072343603198 0.9999099333708255 -0.0010148640732351444 0.0 0.0 0.0 1.0"/>
            <scale value="1"/>
        </transform>
    </shape>
    <shape name="temp25" type="ply">
        <string name="filename" value="meshes/Cube_021.ply"/>
        <boolean name="face_normals" value="true"/>
        <ref id="mat-Material" name="bsdf"/>
        <transform name="to_world">
            <matrix value="0.9954199887594034 0.0919638607242456 0.026115892338001826 0.009051701873632856 -0.09192875518370575 0.9957624060589502 -0.002545386721485168 -0.03886301312404977 -0.026239320103470225 0.0001329302098564316 0.9996558083987478 0.025400368714603716 0.0 0.0 0.0 1.0"/>
            <scale value="1"/>
        </transform>
    </shape>
    <shape name="temp26" type="ply">
        <string name="filename" value="meshes/Cube_022.ply"/>
        <boolean name="face_normals" value="true"/>
        <ref id="mat-Material" name="bsdf"/>
        <transform name="to_world">
            <matrix value="0.991497304207068 0.1300549827605267 0.004363692324858246 0.08612040157229806 -0.12912936792033006 0.9874801584404588 -0.09059983423959424 -0.048635552602626364 -0.016092026622838977 0.08926597180360558 0.9958779746215429 0.17658203565369962 0.0 0.0 0.0 1.0"/>
            <scale value="1"/>
        </transform>
    </shape>
    <shape name="temp27" type="ply">
        <string name="filename" value="meshes/Cube_023.ply"/>
        <boolean name="face_normals" value="true"/>
        <ref id="mat-Material" name="bsdf"/>
        <transform name="to_world">
            <matrix value="0.972036799656754 0.22854034954518246 0.05398430145889014 0.060441711045531865 -0.20147453047460495 0.9297290701530799 -0.30823965380376633 -0.12466759673831623 -0.1206359801924376 0.2887435521449743 0.9497759208661903 0.11015652173343049 0.0 0.0 0.0 1.0"/>
            <scale value="1"/>
        </transform>
    </shape>
    <shape name="temp28" type="ply">
        <string name="filename" value="meshes/Cube_024.ply"/>
        <boolean name="face_normals" value="true"/>
        <ref id="mat-Material" name="bsdf"/>
        <transform name="to_world">
            <matrix value="0.9396491657314278 0.3402500505816367 0.03591223303284335 -0.003222930299272009 -0.25273103060669083 0.7610145946272916 -0.5974811604741334 -0.34139275815099673 -0.23062278046972928 0.552346466481583 0.8010785300560115 -0.13015627330243587 0.0 0.0 0.0 1.0"/>
            <scale value="1"/>
        </transform>
    </shape>
    <shape name="temp29" type="ply">
        <string name="filename" value="meshes/Cube_025.ply"/>
        <boolean name="face_normals" value="true"/>
        <ref id="mat-Material" name="bsdf"/>
        <transform name="to_world">
            <matrix value="0.9127550631441403 0.40339261987847896 -0.06443954685851881 -0.12675622427220512 -0.28815366994842445 0.523967143837488 -0.8015149158361704 -0.6955538006807582 -0.2895609607341492 0.7501550822551276 0.5944928871008996 -0.5263711270401317 0.0 0.0 0.0 1.0"/>
            <scale value="1"/>
        </transform>
    </shape>
    <shape name="temp30" type="ply">
        <string name="filename" value="meshes/Cube_026.ply"/>
        <boolean name="face_normals" value="true"/>
        <ref id="mat-Material" name="bsdf"/>
        <transform name="to_world">
            <matrix value="0.8954815106369022 0.4244437584346183 -0.1340160588075936 -0.16937611541559683 -0.34834546927717996 0.48087638682332723 -0.8046202048980167 -1.0636383617477687 -0.27707082285067913 0.7672062041245413 0.5784688296209023 -0.6129833984007436 0.0 0.0 0.0 1.0"/>
            <scale value="1"/>
        </transform>
    </shape>
    <shape name="temp31" type="ply">
        <string name="filename" value="meshes/Cube_027.ply"/>
        <boolean name="face_normals" value="true"/>
        <ref id="mat-Material" name="bsdf"/>
        <transform name="to_world">
            <matrix value="0.8343058045093585 0.44211103764316695 -0.32935046600611506 -0.4750353309899117 -0.5132453765511226 0.40476656313944054 -0.7567981387177256 -1.5450393030249525 -0.2012787951640613 0.8004386522966149 0.5646103897638931 -0.7156556316209923 0.0 0.0 0.0 1.0"/>
            <scale value="1"/>
        </transform>
    </shape>
    <shape name="temp32" type="ply">
        <string name="filename" value="meshes/Cube_028.ply"/>
        <boolean name="face_normals" value="true"/>
        <ref id="mat-Material" name="bsdf"/>
        <transform name="to_world">
            <matrix value="-0.15143322039547755 0.9722174363766445 0.17849748073496255 -1.490162187572558 -0.7570914158364759 0.0020208896944869147 -0.6533061541741979 -2.107092674561881 -0.6355161189092011 -0.2340711647125816 0.7357513896499505 -1.3984828271343779 0.0 0.0 0.0 1.0"/>
            <scale value="1"/>
        </transform>
    </shape>
    <shape name="temp33" type="ply">
        <string name="filename" value="meshes/Cube_029.ply"/>
        <boolean name="face_normals" value="true"/>
        <ref id="mat-Material" name="bsdf"/>
        <transform name="to_world">
            <matrix value="0.02250816450276317 0.9916032397277562 0.12734349328944575 -1.669451091963691 -0.9938509149384692 0.008380269615767287 0.11040891191484473 -1.7122541588924052 0.10841466809213034 -0.12904551930132682 0.9856945365729579 0.05232409190075216 0.0 0.0 0.0 1.0"/>
            <scale value="1"/>
        </transform>
    </shape>
    <shape name="temp34" type="ply">
        <string name="filename" value="meshes/Cube_030.ply"/>
        <boolean name="face_normals" value="true"/>
        <ref id="mat-Material" name="bsdf"/>
        <transform name="to_world">
            <matrix value="0.10897193956355603 0.9725654647362538 -0.20552703520100624 -2.8721617865866746 -0.9610879400264113 0.15588034613678897 0.22805866480817977 -1.8711966940059093 0.25383957284637915 0.17267757355285526 0.9517080168545548 0.34891653134003353 0.0 0.0 0.0 1.0"/>
            <scale value="1"/>
        </transform>
    </shape>
    <shape name="temp35" type="ply">
        <string name="filename" value="meshes/Cube_031.ply"/>
        <boolean name="face_normals" value="true"/>
        <ref id="mat-Material" name="bsdf"/>
        <transform name="to_world">
            <matrix value="0.10676417086416076 0.9874202948127228 0.11662951320055165 -2.0291421288762477 -0.731311621606767 -0.0014871147191519807 0.6820421341581324 -0.9826212518287776 0.6736357479340528 -0.1581101240449457 0.721952994206896 0.7053021671819457 0.0 0.0 0.0 1.0"/>
            <scale value="1"/>
        </transform>
    </shape>
    <shape name="temp36" type="ply">
        <string name="filename" value="meshes/Cube_032.ply"/>
        <boolean name="face_normals" value="true"/>
        <ref id="mat-Material" name="bsdf"/>
        <transform name="to_world">
            <matrix value="0.8722654234637705 0.45404642664202594 0.18164657385155603 -0.2637228012080479 -0.1924852001765873 -0.022693675522450947 0.9810375485615108 0.5800929088520026 0.44955870906889206 -0.8906890157543547 0.06760232726475 -0.521156333052267 0.0 0.0 0.0 1.0"/>
            <scale value="1"/>
        </transform>
    </shape>
    <shape name="temp37" type="ply">
        <string name="filename" value="meshes/Cube_033.ply"/>
        <boolean name="face_normals" value="true"/>
        <ref id="mat-Material" name="bsdf"/>
        <transform name="to_world">
            <matrix value="0.9819467862354108 0.15196027307826282 0.11264398248594275 -0.1288392250877508 -0.12988460658798248 0.10873650200344999 0.9855489170493513 0.36483231803937916 0.1375157572243882 -0.9823871612333993 0.12651076709811965 -0.3955868900888383 0.0 0.0 0.0 1.0"/>
            <scale value="1"/>
        </transform>
    </shape>
    <shape name="temp38" type="ply">
        <string name="filename" value="meshes/Cube_034.ply"/>
        <boolean name="face_normals" value="true"/>
        <ref id="mat-Material" name="bsdf"/>
        <transform name="to_world">
            <matrix value="0.9999277516856463 0.0033704536494911595 0.011559542546667986 -0.038261720032743085 -0.01198497589654396 0.18618526854155934 0.9824415004295304 0.3697961625933579 0.0011590579883587135 -0.9825089743295586 0.18621217142822022 -0.3325219300771223 0.0 0.0 0.0 1.0"/>
            <scale value="1"/>
        </transform>
    </shape>
    <shape name="temp39" type="ply">
        <string name="filename" value="meshes/Cube_035.ply"/>
        <boolean name="face_normals" value="true"/>
        <ref id="mat-Material" name="bsdf"/>
        <transform name="to_world">
            <matrix value="0.9991578417345269 -0.04097389987547532 0.002168865694829703 0.004906554326359114 0.006784848065784085 0.2171189116917628 0.9761217076631329 0.09199899930615664 -0.0404664227067144 -0.9752848736919172 0.21721409521342008 -0.12752167331813496 0.0 0.0 0.0 1.0"/>
            <scale value="1"/>
        </transform>
    </shape>
    <shape name="temp40" type="ply">
        <string name="filename" value="meshes/Cube_036.ply"/>
        <boolean name="face_normals" value="true"/>
        <ref id="mat-Material" name="bsdf"/>
        <transform name="to_world">
            <matrix value="0.9998515142005614 -0.017115052886490636 0.002154176088990549 0.0022098987647005686 0.0016206892577837586 0.2175300308913006 0.9760524438312874 -0.24932521277302644 -0.01717378777966303 -0.9759035340398772 0.21752547514279458 0.23757424935073843 0.0 0.0 0.0 1.0"/>
            <scale value="1"/>
        </transform>
    </shape>
    <shape name="temp41" type="ply">
        <string name="filename" value="meshes/Cube_037.ply"/>
        <boolean name="face_normals" value="true"/>
        <ref id="mat-Material" name="bsdf"/>
        <transform name="to_world">
            <matrix value="0.9991644903524122 -0.040823385611453766 0.001998746159166867 -0.0018005887060459358 0.006932518301428832 0.21746328398929549 0.9760439335993883 -0.568193613066977 -0.04028006637980097 -0.9752143722766743 0.2175646931281296 0.5034241995035222 0.0 0.0 0.0 1.0"/>
            <scale value="1"/>
        </transform>
    </shape>
    <shape name="temp42" type="ply">
        <string name="filename" value="meshes/Cube_038.ply"/>
        <boolean name="face_normals" value="true"/>
        <ref id="mat-Material" name="bsdf"/>
        <transform name="to_world">
            <matrix value="0.999420683761593 -0.03397346393477159 0.0020847680559935434 0.000992094832600543 0.005355971433991635 0.21745556637875113 0.9760555169705843 -0.9028057840442046 -0.0336133420917793 -0.9754788568758695 0.2175114332601611 0.836588031680318 0.0 0.0 0.0 1.0"/>
            <scale value="1"/>
        </transform>
    </shape>
    <shape name="temp43" type="ply">
        <string name="filename" value="meshes/Cube_039.ply"/>
        <boolean name="face_normals" value="true"/>
        <ref id="mat-Material" name="bsdf"/>
        <transform name="to_world">
            <matrix value="0.9999597440759784 -0.00047150143578701665 -0.008946645114585147 0.018741450483833244 0.008268631241176837 0.43299476286506766 0.9013584952819654 -1.3193044962055536 0.003448875732065271 -0.9013964453861728 0.4329812988543259 1.4560488964005036 0.0 0.0 0.0 1.0"/>
            <scale value="1"/>
        </transform>
    </shape>
    <shape name="temp47" type="ply">
        <string name="filename" value="meshes/Plane_001.ply"/>
        <boolean name="face_normals" value="true"/>
        <ref id="mat-Material.002" name="bsdf"/>
        <transform name="to_world">
            <scale value="1"/>
        </transform>
    </shape>
    <shape name="temp49" type="ply">
        <string name="filename" value="meshes/Plane_002.ply"/>
        <boolean name="face_normals" value="true"/>
        <ref id="mat-Material.003" name="bsdf"/>
        <transform name="to_world">
            <scale value="1"/>
        </transform>
    </shape>
    <shape name="temp51" type="ply">
        <string name="filename" value="meshes/Plane_003.ply"/>
        <boolean name="face_normals" value="true"/>
        <ref id="mat-Material.004" name="bsdf"/>
        <transform name="to_world">
            <scale value="1"/>
        </transform>
    </shape>
    <shape name="temp53" type="ply">
        <string name="filename" value="meshes/Plane_004.ply"/>
        <boolean name="face_normals" value="true"/>
        <ref id="mat-Material.005" name="bsdf"/>
        <transform name="to_world">
            <scale value="1"/>
        </transform>
    </shape>
    <emitter type="point">
        <transform name="to_world">
            <rotate angle="-142.5518126578256" x="1"/>
            <rotate angle="3.976628485794621e-06" y="1"/>
            <rotate angle="-179.999991348578" z="1"/>
            <translate value="-0.000000 3.030926 4.073377"/>
        </transform>
        <rgb name="intensity" value="100"/>
    </emitter>
</scene>
