
<scene version="2.1.0">
    <default name="spp" value="1024"/>
    <default name="resx" value="640"/>
    <default name="resy" value="360"/>
    <integrator name="temp0" type="path">
        <integer name="max_depth" value="12"/>
    </integrator>
    <sensor name="temp44" type="perspective">
        <string name="fov_axis" value="x"/>
        <float name="fov" value="83.974423"/>
        <float name="principal_point_offset_x" value="0.000000"/>
        <float name="principal_point_offset_y" value="-0.000000"/>
        <float name="near_clip" value="0.100000"/>
        <float name="far_clip" value="1000.000000"/>
        <sampler name="sampler" type="independent">
            <integer name="sample_count" value="$spp"/>
        </sampler>
        <film name="film" type="hdrfilm">
            <integer name="width" value="$resx"/>
            <integer name="height" value="$resy"/>
        </film>
        <float name="shutter_open" value="0.0"/>
        <float name="shutter_close" value="0.0015"/>
        <animation name="to_world">
            <transform time="0">
                <rotate angle="-142.5518126578256" x="1"/>
                <rotate angle="3.976628485794621e-06" y="1"/>
                <rotate angle="-179.999991348578" z="1"/>
                <translate value="-0.000000 3.030926 4.073377"/>
            </transform>
            <transform time="0.0015">
                <rotate angle="-142.5518126578256" x="1"/>
                <rotate angle="3.976628485794621e-06" y="1"/>
                <rotate angle="-179.999991348578" z="1"/>
                <translate value="-0.000000 3.030926 4.073377"/>
                <translate x="0.15" y="0.0" z="0.0"/>
            </transform>
        </animation>
    </sensor>
    <bsdf id="mat-Material" name="mat-Material" type="twosided">
        <bsdf name="bsdf" type="diffuse">
            <texture name="reflectance" type="bitmap">
                <string name="filename" value="textures/siggraph_2023_logo.jpg"/>
            </texture>
        </bsdf>
    </bsdf>
    <bsdf id="mat-Material.001" name="mat-Material.001" type="twosided">
        <bsdf name="bsdf" type="principled">
            <rgb name="base_color" value="0.433648 0.266232 0.084399"/>
            <float name="spec_tint" value="0.000000"/>
            <float name="spec_trans" value="0.000000"/>
            <float name="metallic" value="0.000000"/>
            <float name="anisotropic" value="0.000000"/>
            <float name="roughness" value="0.500000"/>
            <float name="sheen" value="0.000000"/>
            <float name="sheen_tint" value="0.500000"/>
            <float name="clearcoat" value="0.000000"/>
            <float name="clearcoat_gloss" value="0.173205"/>
            <float name="specular" value="0.500000"/>
        </bsdf>
    </bsdf>
    <bsdf id="mat-Material.002" name="mat-Material.002" type="twosided">
        <bsdf name="bsdf" type="principled">
            <rgb name="base_color" value="0.433648 0.266232 0.084399"/>
            <float name="spec_tint" value="0.000000"/>
            <float name="spec_trans" value="0.000000"/>
            <float name="metallic" value="0.000000"/>
            <float name="anisotropic" value="0.000000"/>
            <float name="roughness" value="0.500000"/>
            <float name="sheen" value="0.000000"/>
            <float name="sheen_tint" value="0.500000"/>
            <float name="clearcoat" value="0.000000"/>
            <float name="clearcoat_gloss" value="0.173205"/>
            <float name="specular" value="0.500000"/>
        </bsdf>
    </bsdf>
    <bsdf id="mat-Material.003" name="mat-Material.003" type="twosided">
        <bsdf name="bsdf" type="principled">
            <rgb name="base_color" value="0.433648 0.266232 0.084399"/>
            <float name="spec_tint" value="0.000000"/>
            <float name="spec_trans" value="0.000000"/>
            <float name="metallic" value="0.000000"/>
            <float name="anisotropic" value="0.000000"/>
            <float name="roughness" value="0.500000"/>
            <float name="sheen" value="0.000000"/>
            <float name="sheen_tint" value="0.500000"/>
            <float name="clearcoat" value="0.000000"/>
            <float name="clearcoat_gloss" value="0.173205"/>
            <float name="specular" value="0.500000"/>
        </bsdf>
    </bsdf>
    <bsdf id="mat-Material.004" name="mat-Material.004" type="twosided">
        <bsdf name="bsdf" type="principled">
            <rgb name="base_color" value="0.433648 0.266232 0.084399"/>
            <float name="spec_tint" value="0.000000"/>
            <float name="spec_trans" value="0.000000"/>
            <float name="metallic" value="0.000000"/>
            <float name="anisotropic" value="0.000000"/>
            <float name="roughness" value="0.500000"/>
            <float name="sheen" value="0.000000"/>
            <float name="sheen_tint" value="0.500000"/>
            <float name="clearcoat" value="0.000000"/>
            <float name="clearcoat_gloss" value="0.173205"/>
            <float name="specular" value="0.500000"/>
        </bsdf>
    </bsdf>
    <bsdf id="mat-Material.005" name="mat-Material.005" type="twosided">
        <bsdf name="bsdf" type="principled">
            <rgb name="base_color" value="0.433648 0.266232 0.084399"/>
            <float name="spec_tint" value="0.000000"/>
            <float name="spec_trans" value="0.000000"/>
            <float name="metallic" value="0.000000"/>
            <float name="anisotropic" value="0.000000"/>
            <float name="roughness" value="0.500000"/>
            <float name="sheen" value="0.000000"/>
            <float name="sheen_tint" value="0.500000"/>
            <float name="clearcoat" value="0.000000"/>
            <float name="clearcoat_gloss" value="0.173205"/>
            <float name="specular" value="0.500000"/>
        </bsdf>
    </bsdf>
    <emitter name="temp45" type="point">
        <point name="position" x="-6.815235034541981e-16" y="3.0693089962005615" z="4.109199523925781"/>
        <rgb name="intensity" value="7.957747 7.957747 7.957747"/>
    </emitter>
    <shape name="temp2" type="ply">
        <string name="filename" value="meshes/Cube.ply"/>
        <boolean name="face_normals" value="true"/>
        <ref id="mat-Material" name="bsdf"/>
        <transform name="to_world">
            <matrix value="0.9999991135176153 0.00014206702640465728 0.0013757309934608322 -0.0022578711308400834 -0.00013986608797096593 0.9999987484955875 -0.001599840858663487 -0.015373578705853375 -0.0013759580658372738 0.0015996479100919229 0.9999978724420252 0.0030988267792542157 0.0 0.0 0.0 1.0"/>
            <scale value="1"/>
        </transform>
    </shape>
    <shape name="temp4" type="ply">
        <string name="filename" value="meshes/Plane.ply"/>
        <boolean name="face_normals" value="true"/>
        <ref id="mat-Material.001" name="bsdf"/>
        <transform name="to_world">
            <scale value="1"/>
        </transform>
    </shape>
    <shape name="temp5" type="ply">
        <string name="filename" value="meshes/Cube_001.ply"/>
        <boolean name="face_normals" value="true"/>
        <ref id="mat-Material" name="bsdf"/>
        <transform name="to_world">
            <matrix value="0.9999986702764229 -0.00022691235088846386 -0.0016587103878254513 0.00224557320196217 0.0002292323771734332 0.9999989570796561 0.0013990230253779843 -0.019638002348648764 0.0016583913536054125 -0.0013994030323951918 0.9999978724420252 -0.003478707454376395 0.0 0.0 0.0 1.0"/>
            <scale value="1"/>
        </transform>
    </shape>
    <shape name="temp6" type="ply">
        <string name="filename" value="meshes/Cube_002.ply"/>
        <boolean name="face_normals" value="true"/>
        <ref id="mat-Material" name="bsdf"/>
        <transform name="to_world">
            <matrix value="1.0 -3.241125269334179e-06 0.00036381950554607086 -0.0008541717283825356 3.21828564944586e-06 1.0 6.280291106665829e-05 -0.017822020617703327 -0.00036382079226703686 -6.280174292847861e-05 1.0 0.0005953933741761341 0.0 0.0 0.0 1.0"/>
            <scale value="1"/>
        </transform>
    </shape>
    <shape name="temp7" type="ply">
        <string name="filename" value="meshes/Cube_003.ply"/>
        <boolean name="face_normals" value="true"/>
        <ref id="mat-Material" name="bsdf"/>
        <transform name="to_world">
            <matrix value="0.9999991135176153 0.0004726076971693056 0.0013233528800752304 -0.0012268718245898036 -0.0004772067649243742 0.999993742477937 0.003477446230700094 -0.017566442157287643 -0.001321700911481188 -0.0034780809431337253 0.9999931445354147 0.00408309141612162 0.0 0.0 0.0 1.0"/>
            <scale value="1"/>
        </transform>
    </shape>
    <shape name="temp8" type="ply">
        <string name="filename" value="meshes/Cube_004.ply"/>
        <boolean name="face_normals" value="true"/>
        <ref id="mat-Material" name="bsdf"/>
        <transform name="to_world">
            <matrix value="0.9999995567588077 -0.00011197084829054927 0.0010501673442544824 -0.000505647412141208 0.00011291480726986474 0.9999995828318625 -0.0008987135838903201 -0.01809789294504155 -0.001050064979158799 0.0008988304691264291 0.999999054418678 0.0032226494782385054 0.0 0.0 0.0 1.0"/>
            <scale value="1"/>
        </transform>
    </shape>
    <shape name="temp9" type="ply">
        <string name="filename" value="meshes/Cube_005.ply"/>
        <boolean name="face_normals" value="true"/>
        <ref id="mat-Material" name="bsdf"/>
        <transform name="to_world">
            <matrix value="1.0 0.0002486885276676338 0.00079971831132414 -0.0006717393201132182 -0.00025065954289422315 0.9999968712389685 0.002466856192682997 -0.016161484919964053 -0.0007991018160478133 -0.00246705936094013 0.9999966904653725 0.0020064195431664933 0.0 0.0 0.0 1.0"/>
            <scale value="1"/>
        </transform>
    </shape>
    <shape name="temp10" type="ply">
        <string name="filename" value="meshes/Cube_006.ply"/>
        <boolean name="face_normals" value="true"/>
        <ref id="mat-Material" name="bsdf"/>
        <transform name="to_world">
            <matrix value="0.9999991135176153 -4.332311966676609e-05 -0.001358932741273348 -0.0011727811502821872 4.5002278259728695e-05 0.9999991656637249 0.0012356643961683154 -0.017079350974661456 0.0013588755502839402 -0.0012357250277938272 0.9999983452326863 -0.003213354433011628 0.0 0.0 0.0 1.0"/>
            <scale value="1"/>
        </transform>
    </shape>
    <shape name="temp11" type="ply">
        <string name="filename" value="meshes/Cube_007.ply"/>
        <boolean name="face_normals" value="true"/>
        <ref id="mat-Material" name="bsdf"/>
        <transform name="to_world">
            <matrix value="0.9999977837940383 -0.0021948321211122538 -7.602615667053252e-05 0.0006550546181247618 0.002195227356137206 0.9999818531860174 0.0056307240174346285 -0.01723954322289567 6.366627838738217e-05 -0.005630883374389631 0.9999841615128545 0.0001282742040324969 0.0 0.0 0.0 1.0"/>
            <scale value="1"/>
        </transform>
    </shape>
    <shape name="temp12" type="ply">
        <string name="filename" value="meshes/Cube_008.ply"/>
        <boolean name="face_normals" value="true"/>
        <ref id="mat-Material" name="bsdf"/>
        <transform name="to_world">
            <matrix value="0.9999977837940383 0.002146530308308112 9.704241074066912e-05 0.00012831429514470472 -0.0021462359071462893 0.9999933253097996 -0.002954445201434825 -0.01661543816194888 -0.0001033833486694786 0.002954240826994116 0.9999957448840504 -5.422526623055646e-05 0.0 0.0 0.0 1.0"/>
            <scale value="1"/>
        </transform>
    </shape>
    <shape name="temp13" type="ply">
        <string name="filename" value="meshes/Cube_009.ply"/>
        <boolean name="face_normals" value="true"/>
        <ref id="mat-Material" name="bsdf"/>
        <transform name="to_world">
            <matrix value="0.9999991135176153 -0.001087213170832438 0.000906930685579554 0.001646371632081589 0.0010866811340591851 0.9999991656637249 0.0005899340031516226 -0.01913521238877769 -0.0009075718006407495 -0.0005889475473642274 0.9999995272093389 0.0015372707066425573 0.0 0.0 0.0 1.0"/>
            <scale value="1"/>
        </transform>
    </shape>
    <shape name="temp14" type="ply">
        <string name="filename" value="meshes/Cube_010.ply"/>
        <boolean name="face_normals" value="true"/>
        <ref id="mat-Material" name="bsdf"/>
        <transform name="to_world">
            <matrix value="0.9999827135934982 -0.000472298992747532 0.005860263883379565 0.012226638827063985 0.00047116095506066205 0.9999997914159312 0.0001957689018160362 -0.018315114167813618 -0.0058603577488311725 -0.0001930042989176573 0.9999829795362019 0.009627701163467117 0.0 0.0 0.0 1.0"/>
            <scale value="1"/>
        </transform>
    </shape>
    <shape name="temp15" type="ply">
        <string name="filename" value="meshes/Cube_011.ply"/>
        <boolean name="face_normals" value="true"/>
        <ref id="mat-Material" name="bsdf"/>
        <transform name="to_world">
            <matrix value="0.9999968973116535 -0.0022741316123757105 -0.0010663084174230924 -0.002241639952645924 0.0022734372645281165 0.9999970798230373 -0.0006515504460543493 -0.022041616703316114 0.0010677857620291229 0.0006491240512032172 0.9999992908140084 -0.001613328137901826 0.0 0.0 0.0 1.0"/>
            <scale value="1"/>
        </transform>
    </shape>
    <shape name="temp16" type="ply">
        <string name="filename" value="meshes/Cube_012.ply"/>
        <boolean name="face_normals" value="true"/>
        <ref id="mat-Material" name="bsdf"/>
        <transform name="to_world">
            <matrix value="0.999948584021687 0.009984220615197853 0.0018672536205126848 0.042019439319999075 -0.010002734798156825 0.9998980023903735 0.010181759641738149 0.008609568739617324 -0.0017654075070874268 -0.010199915314868082 0.9999465746553001 -0.06951720147537666 0.0 0.0 0.0 1.0"/>
            <scale value="1"/>
        </transform>
    </shape>
    <shape name="temp17" type="ply">
        <string name="filename" value="meshes/Cube_013.ply"/>
        <boolean name="face_normals" value="true"/>
        <ref id="mat-Material" name="bsdf"/>
        <transform name="to_world">
            <matrix value="0.9983063754040143 0.049951545920825666 0.029825927934410697 0.07906981210976771 -0.053024943841340925 0.9921605763594988 0.11316232652719656 0.166899435783887 -0.02393947452870164 -0.11455215957515598 0.9931286969274754 -0.17516975806917845 0.0 0.0 0.0 1.0"/>
            <scale value="1"/>
        </transform>
    </shape>
    <shape name="temp18" type="ply">
        <string name="filename" value="meshes/Cube_014.ply"/>
        <boolean name="face_normals" value="true"/>
        <ref id="mat-Material" name="bsdf"/>
        <transform name="to_world">
            <matrix value="0.9895638861260188 0.1416731153907927 -0.026319877868716434 -0.009578003464368545 -0.11035216399214932 0.8625332952319769 0.49382062605993754 0.5053701744442918 0.09266289557060212 -0.48576246863417066 0.8691653495506834 -0.2540752521102494 0.0 0.0 0.0 1.0"/>
            <scale value="1"/>
        </transform>
    </shape>
    <shape name="temp19" type="ply">
        <string name="filename" value="meshes/Cube_015.ply"/>
        <boolean name="face_normals" value="true"/>
        <ref id="mat-Material" name="bsdf"/>
        <transform name="to_world">
            <matrix value="0.9871052272320296 0.1599803096639085 0.005461181286378286 0.003000791035084549 -0.11260595680703228 0.6697407091441171 0.7340077376919589 0.468376732449099 0.11376919899224683 -0.7251577417020043 0.6791193422914555 -0.22724391108927644 0.0 0.0 0.0 1.0"/>
            <scale value="1"/>
        </transform>
    </shape>
    <shape name="temp20" type="ply">
        <string name="filename" value="meshes/Cube_016.ply"/>
        <boolean name="face_normals" value="true"/>
        <ref id="mat-Material" name="bsdf"/>
        <transform name="to_world">
            <matrix value="0.9846687303976583 0.1622141824651717 0.0641422560908439 0.08155458353308764 -0.15119502257870635 0.6103011328200775 0.7776070740829871 0.2563329495863369 0.08699282126564864 -0.7753833253723746 0.6254703676089226 -0.1958375133969899 0.0 0.0 0.0 1.0"/>
            <scale value="1"/>
        </transform>
    </shape>
    <shape name="temp21" type="ply">
        <string name="filename" value="meshes/Cube_017.ply"/>
        <boolean name="face_normals" value="true"/>
        <ref id="mat-Material" name="bsdf"/>
        <transform name="to_world">
            <matrix value="0.9524366741308483 0.2314444655346114 0.19823712910163627 0.20584733440525993 -0.2993379306309804 0.5886411373672102 0.7509317521952852 0.09200902848566975 0.05710861359473926 -0.7745548294512362 0.6299233464501222 -0.1750494004468424 0.0 0.0 0.0 1.0"/>
            <scale value="1"/>
        </transform>
    </shape>
    <shape name="temp22" type="ply">
        <string name="filename" value="meshes/Cube_018.ply"/>
        <boolean name="face_normals" value="true"/>
        <ref id="mat-Material" name="bsdf"/>
        <transform name="to_world">
            <matrix value="0.04222125004654033 0.991974936538297 0.11917650741028443 0.8936375331351099 -0.6931857872052225 -0.05681903037609794 0.7185160424963157 0.10745112277156668 0.7195214058901436 -0.11294808551112484 0.6852240153070704 -0.36903046258826255 0.0 0.0 0.0 1.0"/>
            <scale value="1"/>
        </transform>
    </shape>
    <shape name="temp23" type="ply">
        <string name="filename" value="meshes/Cube_019.ply"/>
        <boolean name="face_normals" value="true"/>
        <ref id="mat-Material" name="bsdf"/>
        <transform name="to_world">
            <matrix value="-0.08149299590267843 0.989677174436771 -0.11788893296348495 0.4486375686520597 -0.8567945328858371 -0.009136199139382134 0.5155772703052951 -0.09973387840895596 0.5091781953700798 0.14302248744845367 0.8486944595080802 -0.031086158507534156 0.0 0.0 0.0 1.0"/>
            <scale value="1"/>
        </transform>
    </shape>
    <shape name="temp24" type="ply">
        <string name="filename" value="meshes/Cube_020.ply"/>
        <boolean name="face_normals" value="true"/>
        <ref id="mat-Material" name="bsdf"/>
        <transform name="to_world">
            <matrix value="0.11423987255866265 0.9932996408775092 0.01747266450873097 -0.16935512384936885 -0.905211631530932 0.11132309180958798 -0.41012060490165264 0.26919367087437107 -0.4093177259622653 0.03103566197903448 0.9118640194016148 0.1268812885416204 0.0 0.0 0.0 1.0"/>
            <scale value="1"/>
        </transform>
    </shape>
    <shape name="temp25" type="ply">
        <string name="filename" value="meshes/Cube_021.ply"/>
        <boolean name="face_normals" value="true"/>
        <ref id="mat-Material" name="bsdf"/>
        <transform name="to_world">
            <matrix value="0.2815074455655492 0.9424977525066591 -0.18014324138658155 -0.21578781822495302 -0.7376211599799299 0.09247389048919223 -0.6688529294818545 0.17479431979013893 -0.6137339169933355 0.3211643997054793 0.7212381347273724 0.16191244481824263 0.0 0.0 0.0 1.0"/>
            <scale value="1"/>
        </transform>
    </shape>
    <shape name="temp26" type="ply">
        <string name="filename" value="meshes/Cube_022.ply"/>
        <boolean name="face_normals" value="true"/>
        <ref id="mat-Material" name="bsdf"/>
        <transform name="to_world">
            <matrix value="0.69825735292814 0.5021271403332757 -0.5102011676983748 -0.1176768615832463 -0.5933576761396175 0.007273155438933885 -0.8049062432479585 -0.03128952963843941 -0.4004545438427593 0.8647630589270853 0.3030195721149959 0.549494046602125 0.0 0.0 0.0 1.0"/>
            <scale value="1"/>
        </transform>
    </shape>
    <shape name="temp27" type="ply">
        <string name="filename" value="meshes/Cube_023.ply"/>
        <boolean name="face_normals" value="true"/>
        <ref id="mat-Material" name="bsdf"/>
        <transform name="to_world">
            <matrix value="0.8710389750845261 0.3180998825671693 -0.37430411124575136 -0.09752218971438853 -0.44556820861412666 0.1908750518852871 -0.8746631957528269 -0.2463293662557637 -0.20678504752432064 0.9286435986592216 0.30799498463666747 0.14975287252965752 0.0 0.0 0.0 1.0"/>
            <scale value="1"/>
        </transform>
    </shape>
    <shape name="temp28" type="ply">
        <string name="filename" value="meshes/Cube_024.ply"/>
        <boolean name="face_normals" value="true"/>
        <ref id="mat-Material" name="bsdf"/>
        <transform name="to_world">
            <matrix value="0.9004976712107754 0.3239085317141647 -0.2901511559022477 -0.11900924817513914 -0.3639437030496767 0.19616278317894636 -0.910530277277539 -0.4968122720217423 -0.23801174411863263 0.9255286041762703 0.2945284882376775 -0.21655274119182466 0.0 0.0 0.0 1.0"/>
            <scale value="1"/>
        </transform>
    </shape>
    <shape name="temp29" type="ply">
        <string name="filename" value="meshes/Cube_025.ply"/>
        <boolean name="face_normals" value="true"/>
        <ref id="mat-Material" name="bsdf"/>
        <transform name="to_world">
            <matrix value="0.8880749503126623 0.4004536703495661 -0.22574262411109447 -0.28807675625415796 -0.32078446599187627 0.18810415854057902 -0.9282856941583405 -0.7922209572833967 -0.32927226888074507 0.8968019890576797 0.29551000165003943 -0.7475903332017547 0.0 0.0 0.0 1.0"/>
            <scale value="1"/>
        </transform>
    </shape>
    <shape name="temp30" type="ply">
        <string name="filename" value="meshes/Cube_026.ply"/>
        <boolean name="face_normals" value="true"/>
        <ref id="mat-Material" name="bsdf"/>
        <transform name="to_world">
            <matrix value="0.9216269788503033 0.2598239967627753 -0.28826330279263257 -0.3043732640177448 -0.344293313972558 0.20467670512261615 -0.9162803572973583 -1.1318571222231224 -0.17907094873117776 0.9437154663001149 0.27809121171991313 -0.8523315059363901 0.0 0.0 0.0 1.0"/>
            <scale value="1"/>
        </transform>
    </shape>
    <shape name="temp31" type="ply">
        <string name="filename" value="meshes/Cube_027.ply"/>
        <boolean name="face_normals" value="true"/>
        <ref id="mat-Material" name="bsdf"/>
        <transform name="to_world">
            <matrix value="0.8805380770778704 0.20477976651099344 -0.42745594654817903 -0.5062475874216678 -0.4652552094137337 0.20122712093495723 -0.8620009162683011 -1.5561589253148822 -0.09050462123267149 0.9579002258965466 0.2724628752953169 -0.9954645336748329 0.0 0.0 0.0 1.0"/>
            <scale value="1"/>
        </transform>
    </shape>
    <shape name="temp32" type="ply">
        <string name="filename" value="meshes/Cube_028.ply"/>
        <boolean name="face_normals" value="true"/>
        <ref id="mat-Material" name="bsdf"/>
        <transform name="to_world">
            <matrix value="-0.11159736147383015 0.9807147341700336 0.16045184130686904 -1.4621994283412438 -0.8253598675240724 -0.0015458499070757975 -0.5646049526712908 -2.1064550132155704 -0.5534686282748875 -0.19543891302670086 0.8096150018367917 -1.2133605246839525 0.0 0.0 0.0 1.0"/>
            <scale value="1"/>
        </transform>
    </shape>
    <shape name="temp33" type="ply">
        <string name="filename" value="meshes/Cube_029.ply"/>
        <boolean name="face_normals" value="true"/>
        <ref id="mat-Material" name="bsdf"/>
        <transform name="to_world">
            <matrix value="-0.003679026004074273 0.987076965435534 0.16020447723300213 -1.6651194689071243 -0.9999543461571876 -0.002215650897015788 -0.009312084860250173 -1.9065610312112788 -0.008836788841668927 -0.16023138230748213 0.9870400987943365 -0.1961529462935443 0.0 0.0 0.0 1.0"/>
            <scale value="1"/>
        </transform>
    </shape>
    <shape name="temp34" type="ply">
        <string name="filename" value="meshes/Cube_030.ply"/>
        <boolean name="face_normals" value="true"/>
        <ref id="mat-Material" name="bsdf"/>
        <transform name="to_world">
            <matrix value="-0.04549033355769871 0.9821531135591426 -0.18249875002208032 -3.210562738120066 -0.9655647037336038 0.0036152303405210424 0.2601366799944163 -1.8294265179722538 0.2561536812902726 0.18804808925066294 0.9481684164122901 0.3443442434359969 0.0 0.0 0.0 1.0"/>
            <scale value="1"/>
        </transform>
    </shape>
    <shape name="temp35" type="ply">
        <string name="filename" value="meshes/Cube_031.ply"/>
        <boolean name="face_normals" value="true"/>
        <ref id="mat-Material" name="bsdf"/>
        <transform name="to_world">
            <matrix value="0.0992279181670381 0.9872688627787988 0.12431321246597679 -2.035531080529736 -0.7865150959085292 0.0012885468573681279 0.6175700356625995 -1.212820605012598 0.6095475039315493 -0.1590543632658425 0.7766298157865748 0.6016698806526555 0.0 0.0 0.0 1.0"/>
            <scale value="1"/>
        </transform>
    </shape>
    <shape name="temp36" type="ply">
        <string name="filename" value="meshes/Cube_032.ply"/>
        <boolean name="face_normals" value="true"/>
        <ref id="mat-Material" name="bsdf"/>
        <transform name="to_world">
            <matrix value="0.7745839294927371 0.5794271447135411 0.2535434478069841 -0.5440230168926261 -0.2876402193512013 -0.03429457910863684 0.9571245061110556 0.2803070354045213 0.5632793288264569 -0.8143021924271469 0.1401025293827576 -0.19955983103464758 0.0 0.0 0.0 1.0"/>
            <scale value="1"/>
        </transform>
    </shape>
    <shape name="temp37" type="ply">
        <string name="filename" value="meshes/Cube_033.ply"/>
        <boolean name="face_normals" value="true"/>
        <ref id="mat-Material" name="bsdf"/>
        <transform name="to_world">
            <matrix value="0.9789801729349836 0.15660485625428902 0.13066279104402106 -0.12943027715074207 -0.149329376075968 0.11400944468663372 0.9821928125418125 0.30155080445485016 0.13891936910821645 -0.9810588978834974 0.134998706917542 -0.39725870734711377 0.0 0.0 0.0 1.0"/>
            <scale value="1"/>
        </transform>
    </shape>
    <shape name="temp38" type="ply">
        <string name="filename" value="meshes/Cube_034.ply"/>
        <boolean name="face_normals" value="true"/>
        <ref id="mat-Material" name="bsdf"/>
        <transform name="to_world">
            <matrix value="0.9999242057561075 0.0037629567208915717 0.011741945183705174 -0.03579559786117059 -0.012228989037758832 0.18090763271682836 0.9834241958185448 0.3695320918886261 0.001576374003372179 -0.9834928653819279 0.18093991729000175 -0.34383831781279806 0.0 0.0 0.0 1.0"/>
            <scale value="1"/>
        </transform>
    </shape>
    <shape name="temp39" type="ply">
        <string name="filename" value="meshes/Cube_035.ply"/>
        <boolean name="face_normals" value="true"/>
        <ref id="mat-Material" name="bsdf"/>
        <transform name="to_world">
            <matrix value="0.9990638746017478 -0.04318862465922578 0.002450261240479769 0.009544378477863713 0.006781802998792611 0.21231960085352602 0.9771767400232897 0.09196223669145662 -0.042723163075526524 -0.9762454033285847 0.21241378071307232 -0.13519447664417011 0.0 0.0 0.0 1.0"/>
            <scale value="1"/>
        </transform>
    </shape>
    <shape name="temp40" type="ply">
        <string name="filename" value="meshes/Cube_036.ply"/>
        <boolean name="face_normals" value="true"/>
        <ref id="mat-Material" name="bsdf"/>
        <transform name="to_world">
            <matrix value="0.9997482390027428 -0.02228549735828277 0.0026186929134826187 0.00541510279638846 0.002191645967302984 0.21312598686337536 0.9770223738724534 -0.25101678007698347 -0.02233153288760999 -0.9767704094296686 0.21312117010015125 0.2443034186286143 0.0 0.0 0.0 1.0"/>
            <scale value="1"/>
        </transform>
    </shape>
    <shape name="temp41" type="ply">
        <string name="filename" value="meshes/Cube_037.ply"/>
        <boolean name="face_normals" value="true"/>
        <ref id="mat-Material" name="bsdf"/>
        <transform name="to_world">
            <matrix value="0.9989836479459318 -0.044985638986865466 0.0028483746166258726 -0.0020697039522530325 0.006815941435427737 0.21321943252618253 0.97698076829428 -0.569107945888506 -0.04455744139908196 -0.9759681951011946 0.2133092698646542 0.5078983534203618 0.0 0.0 0.0 1.0"/>
            <scale value="1"/>
        </transform>
    </shape>
    <shape name="temp42" type="ply">
        <string name="filename" value="meshes/Cube_038.ply"/>
        <boolean name="face_normals" value="true"/>
        <ref id="mat-Material" name="bsdf"/>
        <transform name="to_world">
            <matrix value="0.9993005653984649 -0.037280898079566485 0.0029596695382395452 0.0037982858502130235 0.005063263815384725 0.2132797133220559 0.9769781679456442 -0.9044876149926661 -0.03705386887507158 -0.9762796111158623 0.21331926938713566 0.8524297391304745 0.0 0.0 0.0 1.0"/>
            <scale value="1"/>
        </transform>
    </shape>
    <shape name="temp43" type="ply">
        <string name="filename" value="meshes/Cube_039.ply"/>
        <boolean name="face_normals" value="true"/>
        <ref id="mat-Material" name="bsdf"/>
        <transform name="to_world">
            <matrix value="0.9999660143706615 -0.003584459825185399 -0.007458828366852494 0.018552472266594844 0.008275417401214532 0.43300292710213534 0.9013545106934968 -1.3192845174146939 -1.1689096936038884e-06 -0.9013854854142455 0.43301776165074013 1.467457439033313 0.0 0.0 0.0 1.0"/>
            <scale value="1"/>
        </transform>
    </shape>
    <shape name="temp47" type="ply">
        <string name="filename" value="meshes/Plane_001.ply"/>
        <boolean name="face_normals" value="true"/>
        <ref id="mat-Material.002" name="bsdf"/>
        <transform name="to_world">
            <scale value="1"/>
        </transform>
    </shape>
    <shape name="temp49" type="ply">
        <string name="filename" value="meshes/Plane_002.ply"/>
        <boolean name="face_normals" value="true"/>
        <ref id="mat-Material.003" name="bsdf"/>
        <transform name="to_world">
            <scale value="1"/>
        </transform>
    </shape>
    <shape name="temp51" type="ply">
        <string name="filename" value="meshes/Plane_003.ply"/>
        <boolean name="face_normals" value="true"/>
        <ref id="mat-Material.004" name="bsdf"/>
        <transform name="to_world">
            <scale value="1"/>
        </transform>
    </shape>
    <shape name="temp53" type="ply">
        <string name="filename" value="meshes/Plane_004.ply"/>
        <boolean name="face_normals" value="true"/>
        <ref id="mat-Material.005" name="bsdf"/>
        <transform name="to_world">
            <scale value="1"/>
        </transform>
    </shape>
    <emitter type="point">
        <transform name="to_world">
            <rotate angle="-142.5518126578256" x="1"/>
            <rotate angle="3.976628485794621e-06" y="1"/>
            <rotate angle="-179.999991348578" z="1"/>
            <translate value="-0.000000 3.030926 4.073377"/>
        </transform>
        <rgb name="intensity" value="100"/>
    </emitter>
</scene>
