
<scene version="2.1.0">
    <default name="spp" value="1024"/>
    <default name="resx" value="1280"/>
    <default name="resy" value="720"/>
    <integrator name="temp0" type="path">
        <integer name="max_depth" value="12"/>
    </integrator>
    <sensor name="temp44" type="perspective">
        <string name="fov_axis" value="x"/>
        <float name="fov" value="83.974423"/>
        <float name="principal_point_offset_x" value="0.000000"/>
        <float name="principal_point_offset_y" value="-0.000000"/>
        <float name="near_clip" value="0.100000"/>
        <float name="far_clip" value="1000.000000"/>
        <sampler name="sampler" type="independent">
            <integer name="sample_count" value="$spp"/>
        </sampler>
        <film name="film" type="hdrfilm">
            <integer name="width" value="$resx"/>
            <integer name="height" value="$resy"/>
        </film>
        <float name="shutter_open" value="0.0"/>
        <float name="shutter_close" value="0.0015"/>
        <animation name="to_world">
            <transform time="0">
                <rotate angle="-142.5518126578256" x="1"/>
                <rotate angle="3.976628485794621e-06" y="1"/>
                <rotate angle="-179.999991348578" z="1"/>
                <translate value="-0.000000 3.030926 4.073377"/>
            </transform>
            <transform time="0.0015">
                <rotate angle="-142.5518126578256" x="1"/>
                <rotate angle="3.976628485794621e-06" y="1"/>
                <rotate angle="-179.999991348578" z="1"/>
                <translate value="-0.000000 3.030926 4.073377"/>
                <translate x="0.15" y="0.0" z="0.0"/>
            </transform>
        </animation>
    </sensor>
    <bsdf id="mat-Material" name="mat-Material" type="twosided">
        <bsdf name="bsdf" type="diffuse">
            <texture name="reflectance" type="bitmap">
                <string name="filename" value="textures/siggraph_2023_logo.jpg"/>
            </texture>
        </bsdf>
    </bsdf>
    <bsdf id="mat-Material.001" name="mat-Material.001" type="twosided">
        <bsdf name="bsdf" type="principled">
            <rgb name="base_color" value="0.433648 0.266232 0.084399"/>
            <float name="spec_tint" value="0.000000"/>
            <float name="spec_trans" value="0.000000"/>
            <float name="metallic" value="0.000000"/>
            <float name="anisotropic" value="0.000000"/>
            <float name="roughness" value="0.500000"/>
            <float name="sheen" value="0.000000"/>
            <float name="sheen_tint" value="0.500000"/>
            <float name="clearcoat" value="0.000000"/>
            <float name="clearcoat_gloss" value="0.173205"/>
            <float name="specular" value="0.500000"/>
        </bsdf>
    </bsdf>
    <bsdf id="mat-Material.002" name="mat-Material.002" type="twosided">
        <bsdf name="bsdf" type="principled">
            <rgb name="base_color" value="0.433648 0.266232 0.084399"/>
            <float name="spec_tint" value="0.000000"/>
            <float name="spec_trans" value="0.000000"/>
            <float name="metallic" value="0.000000"/>
            <float name="anisotropic" value="0.000000"/>
            <float name="roughness" value="0.500000"/>
            <float name="sheen" value="0.000000"/>
            <float name="sheen_tint" value="0.500000"/>
            <float name="clearcoat" value="0.000000"/>
            <float name="clearcoat_gloss" value="0.173205"/>
            <float name="specular" value="0.500000"/>
        </bsdf>
    </bsdf>
    <bsdf id="mat-Material.003" name="mat-Material.003" type="twosided">
        <bsdf name="bsdf" type="principled">
            <rgb name="base_color" value="0.433648 0.266232 0.084399"/>
            <float name="spec_tint" value="0.000000"/>
            <float name="spec_trans" value="0.000000"/>
            <float name="metallic" value="0.000000"/>
            <float name="anisotropic" value="0.000000"/>
            <float name="roughness" value="0.500000"/>
            <float name="sheen" value="0.000000"/>
            <float name="sheen_tint" value="0.500000"/>
            <float name="clearcoat" value="0.000000"/>
            <float name="clearcoat_gloss" value="0.173205"/>
            <float name="specular" value="0.500000"/>
        </bsdf>
    </bsdf>
    <bsdf id="mat-Material.004" name="mat-Material.004" type="twosided">
        <bsdf name="bsdf" type="principled">
            <rgb name="base_color" value="0.433648 0.266232 0.084399"/>
            <float name="spec_tint" value="0.000000"/>
            <float name="spec_trans" value="0.000000"/>
            <float name="metallic" value="0.000000"/>
            <float name="anisotropic" value="0.000000"/>
            <float name="roughness" value="0.500000"/>
            <float name="sheen" value="0.000000"/>
            <float name="sheen_tint" value="0.500000"/>
            <float name="clearcoat" value="0.000000"/>
            <float name="clearcoat_gloss" value="0.173205"/>
            <float name="specular" value="0.500000"/>
        </bsdf>
    </bsdf>
    <bsdf id="mat-Material.005" name="mat-Material.005" type="twosided">
        <bsdf name="bsdf" type="principled">
            <rgb name="base_color" value="0.433648 0.266232 0.084399"/>
            <float name="spec_tint" value="0.000000"/>
            <float name="spec_trans" value="0.000000"/>
            <float name="metallic" value="0.000000"/>
            <float name="anisotropic" value="0.000000"/>
            <float name="roughness" value="0.500000"/>
            <float name="sheen" value="0.000000"/>
            <float name="sheen_tint" value="0.500000"/>
            <float name="clearcoat" value="0.000000"/>
            <float name="clearcoat_gloss" value="0.173205"/>
            <float name="specular" value="0.500000"/>
        </bsdf>
    </bsdf>
    <emitter name="temp45" type="point">
        <point name="position" x="-6.815235034541981e-16" y="3.0693089962005615" z="4.109199523925781"/>
        <rgb name="intensity" value="7.957747 7.957747 7.957747"/>
    </emitter>
    <shape name="temp2" type="ply">
        <string name="filename" value="meshes/Cube.ply"/>
        <boolean name="face_normals" value="true"/>
        <ref id="mat-Material" name="bsdf"/>
        <transform name="to_world">
            <matrix value="0.9999991135176153 0.00023272350304428448 0.001424551357121953 -0.002357158546548721 -0.00023299017600221267 1.0 0.00018651946171837657 -0.017503181857285333 -0.0014245062736358367 -0.0001868510688890604 0.999999054418678 0.0032729611596471475 0.0 0.0 0.0 1.0"/>
        </transform>
    </shape>
    <shape name="temp4" type="ply">
        <string name="filename" value="meshes/Plane.ply"/>
        <boolean name="face_normals" value="true"/>
        <ref id="mat-Material.001" name="bsdf"/>
    </shape>
    <shape name="temp5" type="ply">
        <string name="filename" value="meshes/Cube_001.ply"/>
        <boolean name="face_normals" value="true"/>
        <ref id="mat-Material" name="bsdf"/>
        <transform name="to_world">
            <matrix value="0.9999986702764229 0.00010463890968935575 -0.0017280451382699928 0.002292367253877714 -0.00010768012878816085 0.99999833132745 -0.0017597859393002982 -0.015701252338874983 0.0017278605456830967 0.0017599697970268426 0.9999969268607032 -0.0038616167331395612 0.0 0.0 0.0 1.0"/>
        </transform>
    </shape>
    <shape name="temp6" type="ply">
        <string name="filename" value="meshes/Cube_002.ply"/>
        <boolean name="face_normals" value="true"/>
        <ref id="mat-Material" name="bsdf"/>
        <transform name="to_world">
            <matrix value="1.0 8.00372531146816e-05 0.00038091088794341263 -0.0009511855954560389 -8.117918113849159e-05 0.9999954111504872 0.002998651128243994 -0.01942158554507256 -0.00038067016295319195 -0.0029986859203667746 0.9999955084887199 0.0008372689192809313 0.0 0.0 0.0 1.0"/>
        </transform>
    </shape>
    <shape name="temp7" type="ply">
        <string name="filename" value="meshes/Cube_003.ply"/>
        <boolean name="face_normals" value="true"/>
        <ref id="mat-Material" name="bsdf"/>
        <transform name="to_world">
            <matrix value="0.9999991135176153 -0.0005305523514724993 0.001367400422012944 -0.001168079677619449 0.0005375052967322487 0.9999868592036677 -0.005089189594255783 -0.01728158793556822 -0.0013646820099037812 0.005089922677885709 0.9999862890708293 0.0038491316383491014 0.0 0.0 0.0 1.0"/>
        </transform>
    </shape>
    <shape name="temp8" type="ply">
        <string name="filename" value="meshes/Cube_004.ply"/>
        <boolean name="face_normals" value="true"/>
        <ref id="mat-Material" name="bsdf"/>
        <transform name="to_world">
            <matrix value="0.9999995567588077 -0.00033467522417572794 0.0011085120757826695 -0.000457057958684004 0.0003363624436418824 0.9999987484955875 -0.0015217713007558505 -0.018668353564641638 -0.0011080010354114255 0.0015221443276605422 0.9999983452326863 0.003364089698362247 0.0 0.0 0.0 1.0"/>
        </transform>
    </shape>
    <shape name="temp9" type="ply">
        <string name="filename" value="meshes/Cube_005.ply"/>
        <boolean name="face_normals" value="true"/>
        <ref id="mat-Material" name="bsdf"/>
        <transform name="to_world">
            <matrix value="1.0 0.0001192279052110558 0.0008060915294352374 -0.000671913374890476 -0.00012099287800052126 0.9999977055752436 0.002189607021130433 -0.01662751570631177 -0.0008058302173477511 -0.0021897030388612977 0.9999973996513641 0.0022725166084046067 0.0 0.0 0.0 1.0"/>
        </transform>
    </shape>
    <shape name="temp10" type="ply">
        <string name="filename" value="meshes/Cube_006.ply"/>
        <boolean name="face_normals" value="true"/>
        <ref id="mat-Material" name="bsdf"/>
        <transform name="to_world">
            <matrix value="0.9999991135176153 -0.00020175606927494094 -0.001450238073737377 -0.0012033015420214177 0.00020462140996796254 0.9999979141593124 0.0019759860167434086 -0.016951421395427047 0.001449837507778883 -0.0019762798196999313 0.9999971632560337 -0.0034409217366200284 0.0 0.0 0.0 1.0"/>
        </transform>
    </shape>
    <shape name="temp11" type="ply">
        <string name="filename" value="meshes/Cube_007.ply"/>
        <boolean name="face_normals" value="true"/>
        <ref id="mat-Material" name="bsdf"/>
        <transform name="to_world">
            <matrix value="0.9999995567588077 0.001100212129997935 -7.056944325590124e-05 0.0005142997115341608 -0.0011004570703175558 0.9999931167257308 -0.00355087062036281 -0.018524731446629583 6.666214560650466e-05 0.0035509414441943755 0.9999938537214063 -0.00029670836428508096 0.0 0.0 0.0 1.0"/>
        </transform>
    </shape>
    <shape name="temp12" type="ply">
        <string name="filename" value="meshes/Cube_008.ply"/>
        <boolean name="face_normals" value="true"/>
        <ref id="mat-Material" name="bsdf"/>
        <transform name="to_world">
            <matrix value="0.9999968973116535 -0.002596658900386506 9.10923402712211e-05 0.00024447053466980506 0.002596378364865512 0.9999922823894557 0.0029491026669648396 -0.019836108224317195 -9.874926200341473e-05 -0.0029488572721792657 0.9999957448840504 6.746121093526014e-05 0.0 0.0 0.0 1.0"/>
        </transform>
    </shape>
    <shape name="temp13" type="ply">
        <string name="filename" value="meshes/Cube_009.ply"/>
        <boolean name="face_normals" value="true"/>
        <ref id="mat-Material" name="bsdf"/>
        <transform name="to_world">
            <matrix value="0.9999986702764229 -0.00152703979575448 0.0009286199571557104 0.001730921288442655 0.001526256721752682 0.9999985399115188 0.0008414657266957937 -0.01965545902545368 -0.0009299022919115575 -0.0008400452210261085 0.9999992908140084 0.00159662212154843 0.0 0.0 0.0 1.0"/>
        </transform>
    </shape>
    <shape name="temp14" type="ply">
        <string name="filename" value="meshes/Cube_010.ply"/>
        <boolean name="face_normals" value="true"/>
        <ref id="mat-Material" name="bsdf"/>
        <transform name="to_world">
            <matrix value="0.9999809406287288 -0.00030078448468262895 0.006227764064221992 0.013266914215039227 0.0002994160740531925 1.0 0.00022051263745797483 -0.017976265989827656 -0.006227831291764401 -0.00021864407840257977 0.9999806155828964 0.010221235262714679 0.0 0.0 0.0 1.0"/>
        </transform>
    </shape>
    <shape name="temp15" type="ply">
        <string name="filename" value="meshes/Cube_011.ply"/>
        <boolean name="face_normals" value="true"/>
        <ref id="mat-Material" name="bsdf"/>
        <transform name="to_world">
            <matrix value="0.9852245548528705 0.17126483293459013 -0.0012487512416664737 0.047946107145293126 -0.17117797552244837 0.9849101941291929 0.025493676188512986 0.2764335561439388 0.005596079620301866 -0.02490322742129602 0.9996742472345291 -0.038953189637541685 0.0 0.0 0.0 1.0"/>
        </transform>
    </shape>
    <shape name="temp16" type="ply">
        <string name="filename" value="meshes/Cube_012.ply"/>
        <boolean name="face_normals" value="true"/>
        <ref id="mat-Material" name="bsdf"/>
        <transform name="to_world">
            <matrix value="0.9912397810743103 0.1317918414427343 0.008674290258479383 0.12718653762877996 -0.13194053653459853 0.9850920794371568 0.11038723446303508 0.29720302476231175 0.006003170061007718 -0.11056465793255643 0.9938508846622455 -0.34348361785459547 0.0 0.0 0.0 1.0"/>
        </transform>
    </shape>
    <shape name="temp17" type="ply">
        <string name="filename" value="meshes/Cube_013.ply"/>
        <boolean name="face_normals" value="true"/>
        <ref id="mat-Material" name="bsdf"/>
        <transform name="to_world">
            <matrix value="0.9841824948096456 0.155455787477864 0.08495986716473587 0.16715309480920204 -0.17613815473372726 0.9100197529113122 0.3752858610534438 0.5971774425862136 -0.01897476982484881 -0.38431447802879715 0.923007222822929 -0.39488879623050255 0.0 0.0 0.0 1.0"/>
        </transform>
    </shape>
    <shape name="temp18" type="ply">
        <string name="filename" value="meshes/Cube_014.ply"/>
        <boolean name="face_normals" value="true"/>
        <ref id="mat-Material" name="bsdf"/>
        <transform name="to_world">
            <matrix value="0.9678495001125833 0.24815476103566161 0.041077069132868835 0.059146433257215136 -0.17958763498910515 0.5674016473969751 0.8036193070685513 0.8399732845890571 0.17611470727465176 -0.7851590349232307 0.5937246022766761 -0.5414323181886298 0.0 0.0 0.0 1.0"/>
        </transform>
    </shape>
    <shape name="temp19" type="ply">
        <string name="filename" value="meshes/Cube_015.ply"/>
        <boolean name="face_normals" value="true"/>
        <ref id="mat-Material" name="bsdf"/>
        <transform name="to_world">
            <matrix value="0.9701924730553679 0.23731172680493012 0.04909467680266805 0.021014374943681413 -0.14115800307432091 0.38873333152560474 0.9104730696075507 0.5929195644126536 0.19698117288711356 -0.8902637128381409 0.4106444562221851 -0.3697760468788358 0.0 0.0 0.0 1.0"/>
        </transform>
    </shape>
    <shape name="temp20" type="ply">
        <string name="filename" value="meshes/Cube_016.ply"/>
        <boolean name="face_normals" value="true"/>
        <ref id="mat-Material" name="bsdf"/>
        <transform name="to_world">
            <matrix value="0.9668544236357479 0.23927617156456824 0.08910399550659756 0.07654307852632558 -0.17960926515929204 0.3893328021392382 0.9034159598052292 0.3098212360077119 0.18147477868967266 -0.889475682226343 0.41940432159031654 -0.2627984382625868 0.0 0.0 0.0 1.0"/>
        </transform>
    </shape>
    <shape name="temp21" type="ply">
        <string name="filename" value="meshes/Cube_017.ply"/>
        <boolean name="face_normals" value="true"/>
        <ref id="mat-Material" name="bsdf"/>
        <transform name="to_world">
            <matrix value="0.9387742076177205 0.2286477703405969 0.25772859073869286 0.19752849180714493 -0.33083168004368585 0.3893674270946534 0.8596182877318861 0.10550150115625978 0.09619871921025057 -0.8922517275975496 0.4411718400208784 -0.07981966122613943 0.0 0.0 0.0 1.0"/>
        </transform>
    </shape>
    <shape name="temp22" type="ply">
        <string name="filename" value="meshes/Cube_018.ply"/>
        <boolean name="face_normals" value="true"/>
        <ref id="mat-Material" name="bsdf"/>
        <transform name="to_world">
            <matrix value="0.16115500676386058 0.9815484446928914 0.10291577092536007 0.8630258741962565 -0.5418490604173204 0.000838975184753339 0.8404754666562022 -0.05432914011280318 0.8248811670363297 -0.19121160228024106 0.5319861793833959 -0.29016410777215634 0.0 0.0 0.0 1.0"/>
        </transform>
    </shape>
    <shape name="temp23" type="ply">
        <string name="filename" value="meshes/Cube_019.ply"/>
        <boolean name="face_normals" value="true"/>
        <ref id="mat-Material" name="bsdf"/>
        <transform name="to_world">
            <matrix value="-0.07428616005971345 0.9882786182556949 -0.13336826468334137 0.4591504578179827 -0.9005468709831267 -0.009033496515603132 0.43466529494336203 -0.059921913076579764 0.4283657076700229 0.15239396107404107 0.8906621953277881 -0.04359927775600325 0.0 0.0 0.0 1.0"/>
        </transform>
    </shape>
    <shape name="temp24" type="ply">
        <string name="filename" value="meshes/Cube_020.ply"/>
        <boolean name="face_normals" value="true"/>
        <ref id="mat-Material" name="bsdf"/>
        <transform name="to_world">
            <matrix value="0.04665574447681946 0.9987704321491837 -0.01675385711625288 -0.15022582493235564 -0.8946466808111253 0.03431955032320836 -0.4454536693654333 0.304496786742506 -0.4443310800681719 0.035771771355471146 0.895148269156171 0.14857643136682108 0.0 0.0 0.0 1.0"/>
        </transform>
    </shape>
    <shape name="temp25" type="ply">
        <string name="filename" value="meshes/Cube_021.ply"/>
        <boolean name="face_normals" value="true"/>
        <ref id="mat-Material" name="bsdf"/>
        <transform name="to_world">
            <matrix value="0.19428475941754564 0.9517576336554567 -0.237509698118435 -0.21009129316269934 -0.7002395275403482 -0.03499873806638397 -0.7130498732684634 0.24899342831498306 -0.6869631241057609 0.3048483280943968 0.6596585694962085 0.21185781706069717 0.0 0.0 0.0 1.0"/>
        </transform>
    </shape>
    <shape name="temp26" type="ply">
        <string name="filename" value="meshes/Cube_022.ply"/>
        <boolean name="face_normals" value="true"/>
        <ref id="mat-Material" name="bsdf"/>
        <transform name="to_world">
            <matrix value="0.6215362917023476 0.4017906942303561 -0.6725005094319373 -0.08665389043766725 -0.7287337308320346 -0.018478377132511374 -0.6845479246617537 -0.21145969095785053 -0.2874717433739874 0.9155449363088547 0.28131351647037184 0.6595854242990872 0.0 0.0 0.0 1.0"/>
        </transform>
    </shape>
    <shape name="temp27" type="ply">
        <string name="filename" value="meshes/Cube_023.ply"/>
        <boolean name="face_normals" value="true"/>
        <ref id="mat-Material" name="bsdf"/>
        <transform name="to_world">
            <matrix value="0.8530593393578676 0.2853048351872981 -0.4369108141880695 -0.08788590536194008 -0.4880506606953213 0.13994583071734146 -0.8615231613052993 -0.2919774582620272 -0.18465290668709122 0.9481647730709624 0.2586252382273943 0.18373297268694422 0.0 0.0 0.0 1.0"/>
        </transform>
    </shape>
    <shape name="temp28" type="ply">
        <string name="filename" value="meshes/Cube_024.ply"/>
        <boolean name="face_normals" value="true"/>
        <ref id="mat-Material" name="bsdf"/>
        <transform name="to_world">
            <matrix value="0.8817822551048088 0.3181065572573698 -0.34823679814817354 -0.1402348600367438 -0.4117453597079572 0.15904080530137268 -0.8973136507429196 -0.5384284130714321 -0.23005751497711988 0.9346197408134361 0.27121825388007476 -0.2108423781535289 0.0 0.0 0.0 1.0"/>
        </transform>
    </shape>
    <shape name="temp29" type="ply">
        <string name="filename" value="meshes/Cube_025.ply"/>
        <boolean name="face_normals" value="true"/>
        <ref id="mat-Material" name="bsdf"/>
        <transform name="to_world">
            <matrix value="0.8852302283401327 0.40316526324352403 -0.232004074509917 -0.292655014647638 -0.3345842929505148 0.20539327483245487 -0.9197104535433532 -0.8010801848022259 -0.32314317399698955 0.891779910434001 0.316713008031295 -0.7269162397634917 0.0 0.0 0.0 1.0"/>
        </transform>
    </shape>
    <shape name="temp30" type="ply">
        <string name="filename" value="meshes/Cube_026.ply"/>
        <boolean name="face_normals" value="true"/>
        <ref id="mat-Material" name="bsdf"/>
        <transform name="to_world">
            <matrix value="0.9214607634031704 0.24325991869393002 -0.3028774985213472 -0.3172649545767382 -0.3542254182867132 0.20606731425067218 -0.9121736976153858 -1.1415626020068284 -0.15948208153155788 0.9478189406849483 0.27605182920342813 -0.8338621437854092 0.0 0.0 0.0 1.0"/>
        </transform>
    </shape>
    <shape name="temp31" type="ply">
        <string name="filename" value="meshes/Cube_027.ply"/>
        <boolean name="face_normals" value="true"/>
        <ref id="mat-Material" name="bsdf"/>
        <transform name="to_world">
            <matrix value="0.872299996276774 0.17008921140621122 -0.4584348454281852 -0.5429554562240516 -0.48616688562781574 0.20142417030472046 -0.8503352794972912 -1.576305591456607 -0.052293063984525566 0.9646230990169433 0.2583940435941357 -0.9578829326883419 0.0 0.0 0.0 1.0"/>
        </transform>
    </shape>
    <shape name="temp32" type="ply">
        <string name="filename" value="meshes/Cube_028.ply"/>
        <boolean name="face_normals" value="true"/>
        <ref id="mat-Material" name="bsdf"/>
        <transform name="to_world">
            <matrix value="-0.10748067025160143 0.9806150309851634 0.16383517855648502 -1.449046274734432 -0.8431546716735192 -0.002584404586346504 -0.5376653408040561 -2.093226074033819 -0.5268191948257797 -0.19592693717239265 0.8270879262976095 -1.1487577340978732 0.0 0.0 0.0 1.0"/>
        </transform>
    </shape>
    <shape name="temp33" type="ply">
        <string name="filename" value="meshes/Cube_029.ply"/>
        <boolean name="face_normals" value="true"/>
        <ref id="mat-Material" name="bsdf"/>
        <transform name="to_world">
            <matrix value="-0.010266516496550698 0.985077687136412 0.17180340324173646 -1.6606690733465488 -0.9994468349919419 -0.004672101672218479 -0.03293561394940478 -1.937987081603526 -0.03164145510764556 -0.17204643915707007 0.9845806417754991 -0.2513800024176249 0.0 0.0 0.0 1.0"/>
        </transform>
    </shape>
    <shape name="temp34" type="ply">
        <string name="filename" value="meshes/Cube_030.ply"/>
        <boolean name="face_normals" value="true"/>
        <ref id="mat-Material" name="bsdf"/>
        <transform name="to_world">
            <matrix value="-0.035106601314419464 0.9820767877634609 -0.18518224975268668 -3.1895462696349135 -0.9786098014751599 0.003802380933162428 0.20568877833336296 -1.9454949306103897 0.2027062912639871 0.18844222576343142 0.9609368455715289 0.23743997167966202 0.0 0.0 0.0 1.0"/>
        </transform>
    </shape>
    <shape name="temp35" type="ply">
        <string name="filename" value="meshes/Cube_031.ply"/>
        <boolean name="face_normals" value="true"/>
        <ref id="mat-Material" name="bsdf"/>
        <transform name="to_world">
            <matrix value="0.10222963616989966 0.9852470574002499 0.13724956869671945 -2.0134906888812996 -0.8106256438078319 0.0025396049000569435 0.5855597439554896 -1.30914122349063 0.5765721321851613 -0.17111951241388088 0.7989259141762025 0.5447598706294334 0.0 0.0 0.0 1.0"/>
        </transform>
    </shape>
    <shape name="temp36" type="ply">
        <string name="filename" value="meshes/Cube_032.ply"/>
        <boolean name="face_normals" value="true"/>
        <ref id="mat-Material" name="bsdf"/>
        <transform name="to_world">
            <matrix value="0.7697623518023073 0.5855029900526257 0.25426776309972904 -0.561988993220933 -0.2866780756949579 -0.03880691998506538 0.9572408126136767 0.28754147770581595 0.5703348421263521 -0.809740876011372 0.1379787773728063 -0.18513542885296053 0.0 0.0 0.0 1.0"/>
        </transform>
    </shape>
    <shape name="temp37" type="ply">
        <string name="filename" value="meshes/Cube_033.ply"/>
        <boolean name="face_normals" value="true"/>
        <ref id="mat-Material" name="bsdf"/>
        <transform name="to_world">
            <matrix value="0.9782195710489037 0.15990799356726731 0.13234831339023526 -0.13155623771777814 -0.1499312976151851 0.103375703710502 0.9832773943182854 0.3005736018675455 0.14355230334718017 -0.9817040484081907 0.1250993687771884 -0.3919582454222674 0.0 0.0 0.0 1.0"/>
        </transform>
    </shape>
    <shape name="temp38" type="ply">
        <string name="filename" value="meshes/Cube_034.ply"/>
        <boolean name="face_normals" value="true"/>
        <ref id="mat-Material" name="bsdf"/>
        <transform name="to_world">
            <matrix value="0.9999242057561075 0.003342117503749299 0.011864279767254612 -0.03605077193964501 -0.012273162454988858 0.1809125761592581 0.9834225410512312 0.36939079100725664 0.001140317750745975 -0.9834934911341342 0.18093987001093564 -0.3466500659031888 0.0 0.0 0.0 1.0"/>
        </transform>
    </shape>
    <shape name="temp39" type="ply">
        <string name="filename" value="meshes/Cube_035.ply"/>
        <boolean name="face_normals" value="true"/>
        <ref id="mat-Material" name="bsdf"/>
        <transform name="to_world">
            <matrix value="0.9990293017887442 -0.04397242101442776 0.0026443418068451577 0.00904287141047444 0.0067539718843246865 0.21221155430590524 0.9772003795563428 0.09187553396465131 -0.04353103663477103 -0.9762339312048024 0.21230255671005782 -0.13900424381655668 0.0 0.0 0.0 1.0"/>
        </transform>
    </shape>
    <shape name="temp40" type="ply">
        <string name="filename" value="meshes/Cube_036.ply"/>
        <boolean name="face_normals" value="true"/>
        <ref id="mat-Material" name="bsdf"/>
        <transform name="to_world">
            <matrix value="0.9997229742547786 -0.023376037445012026 0.0027343138696449957 0.0046574973192186064 0.002292665067452445 0.21235360005673487 0.9771902145571298 -0.25081234694618165 -0.023423488591858194 -0.9769132895167734 0.21234834648558157 0.2416224790747578 0.0 0.0 0.0 1.0"/>
        </transform>
    </shape>
    <shape name="temp41" type="ply">
        <string name="filename" value="meshes/Cube_037.ply"/>
        <boolean name="face_normals" value="true"/>
        <ref id="mat-Material" name="bsdf"/>
        <transform name="to_world">
            <matrix value="0.9989561669920057 -0.045589218706653625 0.0029818197807102353 -0.0033701687490235166 0.0067810849480609975 0.2124989831526648 0.9771377347937522 -0.5693052809646959 -0.04518059419141282 -0.9760973086397607 0.2125861838276281 0.5080247439981057 0.0 0.0 0.0 1.0"/>
        </transform>
    </shape>
    <shape name="temp42" type="ply">
        <string name="filename" value="meshes/Cube_038.ply"/>
        <boolean name="face_normals" value="true"/>
        <ref id="mat-Material" name="bsdf"/>
        <transform name="to_world">
            <matrix value="0.9992846087155401 -0.037700381500261775 0.003072146436505869 0.004018254644067465 0.005014560473168838 0.21254132571862425 0.9771391531657353 -0.9047036989418917 -0.03749149420151872 -0.9764245770436546 0.2125783827817206 0.8544815871436915 0.0 0.0 0.0 1.0"/>
        </transform>
    </shape>
    <shape name="temp43" type="ply">
        <string name="filename" value="meshes/Cube_039.ply"/>
        <boolean name="face_normals" value="true"/>
        <ref id="mat-Material" name="bsdf"/>
        <transform name="to_world">
            <matrix value="0.9999656484163562 -0.003946301380318381 -0.007286159103151463 0.019237855919961522 0.008276463189544335 0.4330041418389376 0.9013539175043098 -1.3192814459007045 -0.0004020700250184676 -0.9013833997911597 0.4330219406548031 1.4688710520511077 0.0 0.0 0.0 1.0"/>
        </transform>
    </shape>
    <shape name="temp47" type="ply">
        <string name="filename" value="meshes/Plane_001.ply"/>
        <boolean name="face_normals" value="true"/>
        <ref id="mat-Material.002" name="bsdf"/>
    </shape>
    <shape name="temp49" type="ply">
        <string name="filename" value="meshes/Plane_002.ply"/>
        <boolean name="face_normals" value="true"/>
        <ref id="mat-Material.003" name="bsdf"/>
    </shape>
    <shape name="temp51" type="ply">
        <string name="filename" value="meshes/Plane_003.ply"/>
        <boolean name="face_normals" value="true"/>
        <ref id="mat-Material.004" name="bsdf"/>
    </shape>
    <shape name="temp53" type="ply">
        <string name="filename" value="meshes/Plane_004.ply"/>
        <boolean name="face_normals" value="true"/>
        <ref id="mat-Material.005" name="bsdf"/>
    </shape>
    <emitter type="point">
        <transform name="to_world">
            <rotate angle="-142.5518126578256" x="1"/>
            <rotate angle="3.976628485794621e-06" y="1"/>
            <rotate angle="-179.999991348578" z="1"/>
            <translate value="-0.000000 3.030926 4.073377"/>
        </transform>
        <rgb name="intensity" value="100"/>
    </emitter>
</scene>
