
<scene version="2.1.0">
    <default name="spp" value="1024"/>
    <default name="resx" value="640"/>
    <default name="resy" value="360"/>
    <integrator name="temp0" type="path">
        <integer name="max_depth" value="12"/>
    </integrator>
    <sensor name="temp44" type="perspective">
        <string name="fov_axis" value="x"/>
        <float name="fov" value="83.974423"/>
        <float name="principal_point_offset_x" value="0.000000"/>
        <float name="principal_point_offset_y" value="-0.000000"/>
        <float name="near_clip" value="0.100000"/>
        <float name="far_clip" value="1000.000000"/>
        <sampler name="sampler" type="independent">
            <integer name="sample_count" value="$spp"/>
        </sampler>
        <film name="film" type="hdrfilm">
            <integer name="width" value="$resx"/>
            <integer name="height" value="$resy"/>
        </film>
        <float name="shutter_open" value="0.0"/>
        <float name="shutter_close" value="0.0015"/>
        <animation name="to_world">
            <transform time="0">
                <rotate angle="-142.5518126578256" x="1"/>
                <rotate angle="3.976628485794621e-06" y="1"/>
                <rotate angle="-179.999991348578" z="1"/>
                <translate value="-0.000000 3.030926 4.073377"/>
            </transform>
            <transform time="0.0015">
                <rotate angle="-142.5518126578256" x="1"/>
                <rotate angle="3.976628485794621e-06" y="1"/>
                <rotate angle="-179.999991348578" z="1"/>
                <translate value="-0.000000 3.030926 4.073377"/>
                <translate x="0.15" y="0.0" z="0.0"/>
            </transform>
        </animation>
    </sensor>
    <bsdf id="mat-Material" name="mat-Material" type="twosided">
        <bsdf name="bsdf" type="diffuse">
            <texture name="reflectance" type="bitmap">
                <string name="filename" value="textures/siggraph_2023_logo.jpg"/>
            </texture>
        </bsdf>
    </bsdf>
    <bsdf id="mat-Material.001" name="mat-Material.001" type="twosided">
        <bsdf name="bsdf" type="principled">
            <rgb name="base_color" value="0.433648 0.266232 0.084399"/>
            <float name="spec_tint" value="0.000000"/>
            <float name="spec_trans" value="0.000000"/>
            <float name="metallic" value="0.000000"/>
            <float name="anisotropic" value="0.000000"/>
            <float name="roughness" value="0.500000"/>
            <float name="sheen" value="0.000000"/>
            <float name="sheen_tint" value="0.500000"/>
            <float name="clearcoat" value="0.000000"/>
            <float name="clearcoat_gloss" value="0.173205"/>
            <float name="specular" value="0.500000"/>
        </bsdf>
    </bsdf>
    <bsdf id="mat-Material.002" name="mat-Material.002" type="twosided">
        <bsdf name="bsdf" type="principled">
            <rgb name="base_color" value="0.433648 0.266232 0.084399"/>
            <float name="spec_tint" value="0.000000"/>
            <float name="spec_trans" value="0.000000"/>
            <float name="metallic" value="0.000000"/>
            <float name="anisotropic" value="0.000000"/>
            <float name="roughness" value="0.500000"/>
            <float name="sheen" value="0.000000"/>
            <float name="sheen_tint" value="0.500000"/>
            <float name="clearcoat" value="0.000000"/>
            <float name="clearcoat_gloss" value="0.173205"/>
            <float name="specular" value="0.500000"/>
        </bsdf>
    </bsdf>
    <bsdf id="mat-Material.003" name="mat-Material.003" type="twosided">
        <bsdf name="bsdf" type="principled">
            <rgb name="base_color" value="0.433648 0.266232 0.084399"/>
            <float name="spec_tint" value="0.000000"/>
            <float name="spec_trans" value="0.000000"/>
            <float name="metallic" value="0.000000"/>
            <float name="anisotropic" value="0.000000"/>
            <float name="roughness" value="0.500000"/>
            <float name="sheen" value="0.000000"/>
            <float name="sheen_tint" value="0.500000"/>
            <float name="clearcoat" value="0.000000"/>
            <float name="clearcoat_gloss" value="0.173205"/>
            <float name="specular" value="0.500000"/>
        </bsdf>
    </bsdf>
    <bsdf id="mat-Material.004" name="mat-Material.004" type="twosided">
        <bsdf name="bsdf" type="principled">
            <rgb name="base_color" value="0.433648 0.266232 0.084399"/>
            <float name="spec_tint" value="0.000000"/>
            <float name="spec_trans" value="0.000000"/>
            <float name="metallic" value="0.000000"/>
            <float name="anisotropic" value="0.000000"/>
            <float name="roughness" value="0.500000"/>
            <float name="sheen" value="0.000000"/>
            <float name="sheen_tint" value="0.500000"/>
            <float name="clearcoat" value="0.000000"/>
            <float name="clearcoat_gloss" value="0.173205"/>
            <float name="specular" value="0.500000"/>
        </bsdf>
    </bsdf>
    <bsdf id="mat-Material.005" name="mat-Material.005" type="twosided">
        <bsdf name="bsdf" type="principled">
            <rgb name="base_color" value="0.433648 0.266232 0.084399"/>
            <float name="spec_tint" value="0.000000"/>
            <float name="spec_trans" value="0.000000"/>
            <float name="metallic" value="0.000000"/>
            <float name="anisotropic" value="0.000000"/>
            <float name="roughness" value="0.500000"/>
            <float name="sheen" value="0.000000"/>
            <float name="sheen_tint" value="0.500000"/>
            <float name="clearcoat" value="0.000000"/>
            <float name="clearcoat_gloss" value="0.173205"/>
            <float name="specular" value="0.500000"/>
        </bsdf>
    </bsdf>
    <emitter name="temp45" type="point">
        <point name="position" x="-6.815235034541981e-16" y="3.0693089962005615" z="4.109199523925781"/>
        <rgb name="intensity" value="7.957747 7.957747 7.957747"/>
    </emitter>
    <shape name="temp2" type="ply">
        <string name="filename" value="meshes/Cube.ply"/>
        <boolean name="face_normals" value="true"/>
        <ref id="mat-Material" name="bsdf"/>
        <transform name="to_world">
            <matrix value="0.9999991135176153 0.00020333463350736197 0.001269792790036977 -0.002129399178047109 -0.000203494690856998 1.0 0.00012600343907926857 -0.017492384156010232 -0.0012697663409730385 -0.0001262617771779827 0.9999992908140084 0.0029162051538840217 0.0 0.0 0.0 1.0"/>
            <scale value="1"/>
        </transform>
    </shape>
    <shape name="temp4" type="ply">
        <string name="filename" value="meshes/Plane.ply"/>
        <boolean name="face_normals" value="true"/>
        <ref id="mat-Material.001" name="bsdf"/>
        <transform name="to_world">
            <scale value="1"/>
        </transform>
    </shape>
    <shape name="temp5" type="ply">
        <string name="filename" value="meshes/Cube_001.ply"/>
        <boolean name="face_normals" value="true"/>
        <ref id="mat-Material" name="bsdf"/>
        <transform name="to_world">
            <matrix value="0.9999991135176153 -0.0001561850390990837 -0.0015212370473088519 0.002098773640553997 0.00016172807330145543 0.9999933253097996 0.0036444122526536555 -0.021623288831700616 0.0015206585854932477 -0.003644649922928187 0.9999921989540925 -0.0032321827145012083 0.0 0.0 0.0 1.0"/>
            <scale value="1"/>
        </transform>
    </shape>
    <shape name="temp6" type="ply">
        <string name="filename" value="meshes/Cube_002.ply"/>
        <boolean name="face_normals" value="true"/>
        <ref id="mat-Material" name="bsdf"/>
        <transform name="to_world">
            <matrix value="1.0 -1.3290789136107363e-06 0.0003301284430388903 -0.0008661854136065017 2.3939589771411653e-06 0.9999947853982809 -0.003225685203685309 -0.01554882229778104 -0.00033012205089472666 0.0032256775332013695 0.9999947993027284 0.0008266174326490017 0.0 0.0 0.0 1.0"/>
            <scale value="1"/>
        </transform>
    </shape>
    <shape name="temp7" type="ply">
        <string name="filename" value="meshes/Cube_003.ply"/>
        <boolean name="face_normals" value="true"/>
        <ref id="mat-Material" name="bsdf"/>
        <transform name="to_world">
            <matrix value="0.9999991135176153 -0.00047802045375378325 0.0012310405035031425 -0.0012862182208168704 0.0004836869511565936 0.9999891536284242 -0.004605572027056864 -0.017321811014068322 -0.0012288241520352749 0.004606166162240861 0.9999886530241345 0.003528469880270335 0.0 0.0 0.0 1.0"/>
            <scale value="1"/>
        </transform>
    </shape>
    <shape name="temp8" type="ply">
        <string name="filename" value="meshes/Cube_004.ply"/>
        <boolean name="face_normals" value="true"/>
        <ref id="mat-Material" name="bsdf"/>
        <transform name="to_world">
            <matrix value="0.9999995567588077 0.00030813290142525494 0.0008963874538379018 -0.0005691876616737979 -0.0003085220211089186 0.9999997914159312 0.0004350501465414654 -0.017017570441613006 -0.0008962514205880215 -0.0004353253807180715 0.9999995272093389 0.002831677270589937 0.0 0.0 0.0 1.0"/>
            <scale value="1"/>
        </transform>
    </shape>
    <shape name="temp9" type="ply">
        <string name="filename" value="meshes/Cube_005.ply"/>
        <boolean name="face_normals" value="true"/>
        <ref id="mat-Material" name="bsdf"/>
        <transform name="to_world">
            <matrix value="0.9999995567588077 0.0004924440421089518 0.0007881018447818803 -0.0006554154902529419 -0.0004963459196102314 0.9999876935399428 0.00495730463935292 -0.014556403615063718 -0.0007856494458598613 -0.004957684549969443 0.9999874710474819 0.00225714290558221 0.0 0.0 0.0 1.0"/>
            <scale value="1"/>
        </transform>
    </shape>
    <shape name="temp10" type="ply">
        <string name="filename" value="meshes/Cube_006.ply"/>
        <boolean name="face_normals" value="true"/>
        <ref id="mat-Material" name="bsdf"/>
        <transform name="to_world">
            <matrix value="0.9999995567588077 0.00021854604389025977 -0.001166766977085255 -0.0011382468084959463 -0.0002185626751910813 1.0 -1.469265533891762e-05 -0.01723717868981206 0.0011667659526937541 1.4947655827943174e-05 0.9999995272093389 -0.002690169055636349 0.0 0.0 0.0 1.0"/>
            <scale value="1"/>
        </transform>
    </shape>
    <shape name="temp11" type="ply">
        <string name="filename" value="meshes/Cube_007.ply"/>
        <boolean name="face_normals" value="true"/>
        <ref id="mat-Material" name="bsdf"/>
        <transform name="to_world">
            <matrix value="0.9999982270352306 -0.001997530364625811 -6.788281032442423e-05 0.0005804422993862524 0.0019978520531818513 0.9999847733629801 0.005110157860073822 -0.01730182052479018 5.7674100707944836e-05 -0.0051102950838820835 0.9999869982568208 7.356682652970292e-05 0.0 0.0 0.0 1.0"/>
            <scale value="1"/>
        </transform>
    </shape>
    <shape name="temp12" type="ply">
        <string name="filename" value="meshes/Cube_008.ply"/>
        <boolean name="face_normals" value="true"/>
        <ref id="mat-Material" name="bsdf"/>
        <transform name="to_world">
            <matrix value="1.0 0.0007684904562359337 0.00011182515634005185 0.000167438494556027 -0.0007683674717699684 0.9999991656637249 -0.0010760006259748353 -0.01733601218858677 -0.00011265196524279867 0.0010759141718273842 0.9999995272093389 3.779999164299497e-05 0.0 0.0 0.0 1.0"/>
            <scale value="1"/>
        </transform>
    </shape>
    <shape name="temp13" type="ply">
        <string name="filename" value="meshes/Cube_009.ply"/>
        <boolean name="face_normals" value="true"/>
        <ref id="mat-Material" name="bsdf"/>
        <transform name="to_world">
            <matrix value="0.9999991135176153 0.0010166721246164662 0.0008429266498384711 0.0015189801413710846 -0.0010163742161279513 0.9999993742477937 -0.00035498304809084767 -0.01623545959451622 -0.0008432885305136101 0.00035412568858815704 0.9999995272093389 0.0014355602649878119 0.0 0.0 0.0 1.0"/>
            <scale value="1"/>
        </transform>
    </shape>
    <shape name="temp14" type="ply">
        <string name="filename" value="meshes/Cube_010.ply"/>
        <boolean name="face_normals" value="true"/>
        <ref id="mat-Material" name="bsdf"/>
        <transform name="to_world">
            <matrix value="0.999986259523037 -0.00043232177012784116 0.005287312520773239 0.010978732911446132 0.0004311367186322641 0.9999997914159312 0.00022526347441564255 -0.018190078517918373 -0.0052874020215344306 -0.00022298054119222483 0.9999860526754988 0.008733618432845924 0.0 0.0 0.0 1.0"/>
            <scale value="1"/>
        </transform>
    </shape>
    <shape name="temp15" type="ply">
        <string name="filename" value="meshes/Cube_011.ply"/>
        <boolean name="face_normals" value="true"/>
        <ref id="mat-Material" name="bsdf"/>
        <transform name="to_world">
            <matrix value="0.9999991135176153 0.0010943988920014268 -0.0008772985308975788 -0.0019704739589856413 -0.00109384391172763 0.9999991656637249 0.0006300739302756701 -0.01521392998633575 0.0008779898834630257 -0.0006291124956458076 0.9999995272093389 -0.0013198949287425155 0.0 0.0 0.0 1.0"/>
            <scale value="1"/>
        </transform>
    </shape>
    <shape name="temp16" type="ply">
        <string name="filename" value="meshes/Cube_012.ply"/>
        <boolean name="face_normals" value="true"/>
        <ref id="mat-Material" name="bsdf"/>
        <transform name="to_world">
            <matrix value="0.9999960108292688 -0.0027922002073325646 -0.00018958503636469368 -0.0003015765664429182 0.0027915817859783306 0.999991030885043 -0.003201903833433959 -0.025346668516224857 0.0001985237408847449 0.003201352459101879 0.9999950356980589 -0.00043498796382190896 0.0 0.0 0.0 1.0"/>
            <scale value="1"/>
        </transform>
    </shape>
    <shape name="temp17" type="ply">
        <string name="filename" value="meshes/Cube_013.ply"/>
        <boolean name="face_normals" value="true"/>
        <ref id="mat-Material" name="bsdf"/>
        <transform name="to_world">
            <matrix value="0.9999986702764229 -0.0016331840566681198 0.0002980661443590637 -0.00013641217197923883 0.001634429734746741 0.9999897793806305 -0.004229348858517868 -0.02398589353708369 -0.0002911545014689013 0.0042298325278511874 0.9999910169774399 -8.525146741056311e-05 0.0 0.0 0.0 1.0"/>
            <scale value="1"/>
        </transform>
    </shape>
    <shape name="temp18" type="ply">
        <string name="filename" value="meshes/Cube_014.ply"/>
        <boolean name="face_normals" value="true"/>
        <ref id="mat-Material" name="bsdf"/>
        <transform name="to_world">
            <matrix value="0.9999995567588077 0.0012599854408320002 -5.807855038600994e-05 -0.0005025388834803968 -0.00125963384731582 0.99998310469043 0.005675568211636229 -0.011817830268251561 6.522870359043096e-05 -0.0056754932491766144 0.9999839251175239 0.0005042099749930085 0.0 0.0 0.0 1.0"/>
            <scale value="1"/>
        </transform>
    </shape>
    <shape name="temp19" type="ply">
        <string name="filename" value="meshes/Cube_015.ply"/>
        <boolean name="face_normals" value="true"/>
        <ref id="mat-Material" name="bsdf"/>
        <transform name="to_world">
            <matrix value="0.9989996046288564 0.03815724318607994 -0.02331855547323745 -0.008868331916344063 -0.03235830908804011 0.9767336986335657 0.2120001598032434 0.120257443992703 0.03086535750948093 -0.21103347148551488 0.9769914060841538 -0.0475443655477753 0.0 0.0 0.0 1.0"/>
            <scale value="1"/>
        </transform>
    </shape>
    <shape name="temp20" type="ply">
        <string name="filename" value="meshes/Cube_016.ply"/>
        <boolean name="face_normals" value="true"/>
        <ref id="mat-Material" name="bsdf"/>
        <transform name="to_world">
            <matrix value="0.9964407732253953 0.08151402832154486 -0.021480392662099824 0.0654092696173102 -0.06883650959971775 0.933913057988457 0.35081019771632654 0.10279149627647727 0.048656801890689626 -0.3480830081160061 0.9362002098244954 -0.14695386126514565 0.0 0.0 0.0 1.0"/>
            <scale value="1"/>
        </transform>
    </shape>
    <shape name="temp21" type="ply">
        <string name="filename" value="meshes/Cube_017.ply"/>
        <boolean name="face_normals" value="true"/>
        <ref id="mat-Material" name="bsdf"/>
        <transform name="to_world">
            <matrix value="0.9853708244463474 0.15942263929765574 0.06024312786954382 0.21456359746728182 -0.16997847620769926 0.8937545758130085 0.4151023993653258 0.04243311951595147 0.01233413471340911 -0.419269622024809 0.9077779264441745 -0.1940530275016637 0.0 0.0 0.0 1.0"/>
            <scale value="1"/>
        </transform>
    </shape>
    <shape name="temp22" type="ply">
        <string name="filename" value="meshes/Cube_018.ply"/>
        <boolean name="face_normals" value="true"/>
        <ref id="mat-Material" name="bsdf"/>
        <transform name="to_world">
            <matrix value="-0.11406812085237054 0.9896494327556251 0.08707591268691188 1.0191883704733093 -0.9232523443026663 -0.13796426120565766 0.3585679832783399 0.5407502231742503 0.3668701143739573 -0.03949184749167228 0.9294336298833956 -0.3907125841076551 0.0 0.0 0.0 1.0"/>
            <scale value="1"/>
        </transform>
    </shape>
    <shape name="temp23" type="ply">
        <string name="filename" value="meshes/Cube_019.ply"/>
        <boolean name="face_normals" value="true"/>
        <ref id="mat-Material" name="bsdf"/>
        <transform name="to_world">
            <matrix value="-0.04309499367938059 0.9936901233357599 -0.10355096517849503 0.42217329457811564 -0.95005159327479 -0.008692202918925458 0.3119728088635011 0.043439961008742735 0.3091042627391951 0.11182319162826983 0.9444312588382303 -0.04096239396854873 0.0 0.0 0.0 1.0"/>
            <scale value="1"/>
        </transform>
    </shape>
    <shape name="temp24" type="ply">
        <string name="filename" value="meshes/Cube_020.ply"/>
        <boolean name="face_normals" value="true"/>
        <ref id="mat-Material" name="bsdf"/>
        <transform name="to_world">
            <matrix value="0.10682697799858337 0.9939546325977098 0.02533947559119354 -0.196924258993183 -0.96637399833341 0.1097905969213491 -0.2325230103207874 0.09861228641619052 -0.2338993110893537 0.00035232040884786435 0.9722608989360595 0.09996995192364966 0.0 0.0 0.0 1.0"/>
            <scale value="1"/>
        </transform>
    </shape>
    <shape name="temp25" type="ply">
        <string name="filename" value="meshes/Cube_021.ply"/>
        <boolean name="face_normals" value="true"/>
        <ref id="mat-Material" name="bsdf"/>
        <transform name="to_world">
            <matrix value="0.2774478438088957 0.9593888903953295 -0.05094893813581479 -0.3074568195595254 -0.7612246399551794 0.18716738662934404 -0.6208911536612199 0.12117100167734761 -0.5861399365633206 0.21104848953846603 0.782239476980059 0.0913520438487273 0.0 0.0 0.0 1.0"/>
            <scale value="1"/>
        </transform>
    </shape>
    <shape name="temp26" type="ply">
        <string name="filename" value="meshes/Cube_022.ply"/>
        <boolean name="face_normals" value="true"/>
        <ref id="mat-Material" name="bsdf"/>
        <transform name="to_world">
            <matrix value="0.5805808055288133 0.7758684919163245 -0.2468889192525558 -0.20530049333206826 -0.45573084267242525 0.05838837519267954 -0.8882008471463064 0.13825814154889313 -0.6747114943078967 0.6281870081326929 0.3874862240621133 0.21553475360372276 0.0 0.0 0.0 1.0"/>
            <scale value="1"/>
        </transform>
    </shape>
    <shape name="temp27" type="ply">
        <string name="filename" value="meshes/Cube_023.ply"/>
        <boolean name="face_normals" value="true"/>
        <ref id="mat-Material" name="bsdf"/>
        <transform name="to_world">
            <matrix value="0.8613000796061182 0.4589120672141303 -0.21808679585513882 -0.12026619569734476 -0.38240376790472796 0.3028578103261629 -0.8729516935597875 -0.17627711420056114 -0.33455889523019283 0.8352705231079861 0.43634110144149146 -0.027034054257685902 0.0 0.0 0.0 1.0"/>
            <scale value="1"/>
        </transform>
    </shape>
    <shape name="temp28" type="ply">
        <string name="filename" value="meshes/Cube_024.ply"/>
        <boolean name="face_normals" value="true"/>
        <ref id="mat-Material" name="bsdf"/>
        <transform name="to_world">
            <matrix value="0.8903908855427134 0.4067293392265286 -0.20439090142740227 -0.12442116592110664 -0.34219009019071783 0.30196569626405073 -0.889788005395487 -0.4762232686991047 -0.3001838121224693 0.8621995607219513 0.4080462351443265 -0.2750473473631017 0.0 0.0 0.0 1.0"/>
            <scale value="1"/>
        </transform>
    </shape>
    <shape name="temp29" type="ply">
        <string name="filename" value="meshes/Cube_025.ply"/>
        <boolean name="face_normals" value="true"/>
        <ref id="mat-Material" name="bsdf"/>
        <transform name="to_world">
            <matrix value="0.8802291379667995 0.4305623635078 -0.1995312753386245 -0.27952813964143797 -0.3195361214977297 0.22690046159654417 -0.9200071296831688 -0.786931402356829 -0.3508467236497544 0.8735742757439673 0.3373046960877991 -0.7595242674657187 0.0 0.0 0.0 1.0"/>
            <scale value="1"/>
        </transform>
    </shape>
    <shape name="temp30" type="ply">
        <string name="filename" value="meshes/Cube_026.ply"/>
        <boolean name="face_normals" value="true"/>
        <ref id="mat-Material" name="bsdf"/>
        <transform name="to_world">
            <matrix value="0.8987703602841708 0.3433168621447031 -0.27266333853560654 -0.3197793791322685 -0.3623152792330863 0.23145176597701822 -0.902860903569144 -1.1433004815798975 -0.24685901561450072 0.9102546185727427 0.3324108399551605 -0.8688593278845855 0.0 0.0 0.0 1.0"/>
            <scale value="1"/>
        </transform>
    </shape>
    <shape name="temp31" type="ply">
        <string name="filename" value="meshes/Cube_027.ply"/>
        <boolean name="face_normals" value="true"/>
        <ref id="mat-Material" name="bsdf"/>
        <transform name="to_world">
            <matrix value="0.8413719555978704 0.325971845322398 -0.4310869788251247 -0.590148544160941 -0.5129492914346299 0.2304109314738759 -0.8269184308456192 -1.593903911221084 -0.17022491831064826 0.9168713224021376 0.3610681002940285 -0.9744640479707072 0.0 0.0 0.0 1.0"/>
            <scale value="1"/>
        </transform>
    </shape>
    <shape name="temp32" type="ply">
        <string name="filename" value="meshes/Cube_028.ply"/>
        <boolean name="face_normals" value="true"/>
        <ref id="mat-Material" name="bsdf"/>
        <transform name="to_world">
            <matrix value="-0.11662451442927377 0.9802621067408114 0.1596401306604271 -1.4703541879837214 -0.8094678978134026 -0.0006824098968968948 -0.5871636862731378 -2.115966073073552 -0.5754653589278528 -0.19770121583653685 0.7935703779630382 -1.265061751869942 0.0 0.0 0.0 1.0"/>
            <scale value="1"/>
        </transform>
    </shape>
    <shape name="temp33" type="ply">
        <string name="filename" value="meshes/Cube_029.ply"/>
        <boolean name="face_normals" value="true"/>
        <ref id="mat-Material" name="bsdf"/>
        <transform name="to_world">
            <matrix value="0.007472705207374824 0.9892303873614742 0.14617533630781698 -1.6592755930559848 -0.9916892276433575 -0.011444500993903088 0.12814645730865806 -1.67795562596693 0.12843933003207295 -0.14591809320787696 0.9809236060121951 0.090334170854528 0.0 0.0 0.0 1.0"/>
            <scale value="1"/>
        </transform>
    </shape>
    <shape name="temp34" type="ply">
        <string name="filename" value="meshes/Cube_030.ply"/>
        <boolean name="face_normals" value="true"/>
        <ref id="mat-Material" name="bsdf"/>
        <transform name="to_world">
            <matrix value="-0.03345836176773582 0.9822843353357814 -0.18438546012478382 -3.1859753792057193 -0.9802037581321942 0.0037706150853911236 0.1979540393349571 -1.9587431556719064 0.1951423523956591 0.18735856385628186 0.9627130720235929 0.22393641325516356 0.0 0.0 0.0 1.0"/>
            <scale value="1"/>
        </transform>
    </shape>
    <shape name="temp35" type="ply">
        <string name="filename" value="meshes/Cube_031.ply"/>
        <boolean name="face_normals" value="true"/>
        <ref id="mat-Material" name="bsdf"/>
        <transform name="to_world">
            <matrix value="0.10561910156783275 0.9890737407258309 0.10284875284915472 -2.047466117854872 -0.6789918745024617 -0.003832386014021021 0.7341361003564368 -0.7613110108893183 0.7265091032876086 -0.14737219532646537 0.6711679489537379 0.7685338619721835 0.0 0.0 0.0 1.0"/>
            <scale value="1"/>
        </transform>
    </shape>
    <shape name="temp36" type="ply">
        <string name="filename" value="meshes/Cube_032.ply"/>
        <boolean name="face_normals" value="true"/>
        <ref id="mat-Material" name="bsdf"/>
        <transform name="to_world">
            <matrix value="0.7976205039829654 0.5628639009809708 0.2167627219693055 -0.5076803263522174 -0.24338763924422058 -0.028466886236163058 0.9695113850355137 0.4207933221059759 0.5518734032236046 -0.8260592420472109 0.11428834840511161 -0.2457816781647928 0.0 0.0 0.0 1.0"/>
            <scale value="1"/>
        </transform>
    </shape>
    <shape name="temp37" type="ply">
        <string name="filename" value="meshes/Cube_033.ply"/>
        <boolean name="face_normals" value="true"/>
        <ref id="mat-Material" name="bsdf"/>
        <transform name="to_world">
            <matrix value="0.9788148439702355 0.15632700141628583 0.13222536417882644 -0.1281702465134127 -0.14977412428837628 0.10635238609745466 0.9829837913177668 0.30081762234927073 0.1396044426951192 -0.9819629012375294 0.1275130360205021 -0.397664250976427 0.0 0.0 0.0 1.0"/>
            <scale value="1"/>
        </transform>
    </shape>
    <shape name="temp38" type="ply">
        <string name="filename" value="meshes/Cube_034.ply"/>
        <boolean name="face_normals" value="true"/>
        <ref id="mat-Material" name="bsdf"/>
        <transform name="to_world">
            <matrix value="0.9999206598265686 0.005024051828969407 0.011568927441290037 -0.035498232739328284 -0.012288702491192799 0.1814863700740265 0.9833168723384841 0.36930678239414794 0.002840630856324254 -0.9833806471529318 0.18153367144169474 -0.33813511007370944 0.0 0.0 0.0 1.0"/>
            <scale value="1"/>
        </transform>
    </shape>
    <shape name="temp39" type="ply">
        <string name="filename" value="meshes/Cube_035.ply"/>
        <boolean name="face_normals" value="true"/>
        <ref id="mat-Material" name="bsdf"/>
        <transform name="to_world">
            <matrix value="0.9990926852792508 -0.04253661171867015 0.0022622205748094298 0.009495966247344167 0.0068435686589471785 0.21270506421260557 0.9770925832856209 0.09215320052411202 -0.0420434039505201 -0.9761901285503616 0.21280317110152186 -0.13215217775274923 0.0 0.0 0.0 1.0"/>
            <scale value="1"/>
        </transform>
    </shape>
    <shape name="temp40" type="ply">
        <string name="filename" value="meshes/Cube_036.ply"/>
        <boolean name="face_normals" value="true"/>
        <ref id="mat-Material" name="bsdf"/>
        <transform name="to_world">
            <matrix value="0.9998000982222482 -0.01986035088012048 0.0024259598005012526 0.005343389632389339 0.0018929944843066023 0.21460067622955095 0.9767001670369406 -0.2517301122805091 -0.019918222000010637 -0.9764998758924791 0.21459535502087135 0.24908011869103114 0.0 0.0 0.0 1.0"/>
            <scale value="1"/>
        </transform>
    </shape>
    <shape name="temp41" type="ply">
        <string name="filename" value="meshes/Cube_037.ply"/>
        <boolean name="face_normals" value="true"/>
        <ref id="mat-Material" name="bsdf"/>
        <transform name="to_world">
            <matrix value="0.9990310747535135 -0.04393593966080059 0.0026366116795368166 -0.001950344720011099 0.006864330076397053 0.21469287038794552 0.976657615877445 -0.5687653476321404 -0.043476424887461056 -0.9756928641304236 0.21478645700607205 0.5056873403465804 0.0 0.0 0.0 1.0"/>
            <scale value="1"/>
        </transform>
    </shape>
    <shape name="temp42" type="ply">
        <string name="filename" value="meshes/Cube_038.ply"/>
        <boolean name="face_normals" value="true"/>
        <ref id="mat-Material" name="bsdf"/>
        <transform name="to_world">
            <matrix value="0.9993338084878916 -0.03640411494650862 0.002703204244147206 0.0026741438380852856 0.0051799027351527496 0.21471664897178486 0.9766628165747168 -0.9038786455237184 -0.0361349766943781 -0.9759976054548906 0.2147622264846927 0.8468881582264678 0.0 0.0 0.0 1.0"/>
            <scale value="1"/>
        </transform>
    </shape>
    <shape name="temp43" type="ply">
        <string name="filename" value="meshes/Cube_039.ply"/>
        <boolean name="face_normals" value="true"/>
        <ref id="mat-Material" name="bsdf"/>
        <transform name="to_world">
            <matrix value="0.9999653484216398 -0.0027217774588907616 -0.007870928856554483 0.018261892945189206 0.008273330418582423 0.4330003902609343 0.9013557486097488 -1.3192906679956575 0.0009548201354924075 -0.9013897053396619 0.4330078823998462 1.4635418938627864 0.0 0.0 0.0 1.0"/>
            <scale value="1"/>
        </transform>
    </shape>
    <shape name="temp47" type="ply">
        <string name="filename" value="meshes/Plane_001.ply"/>
        <boolean name="face_normals" value="true"/>
        <ref id="mat-Material.002" name="bsdf"/>
        <transform name="to_world">
            <scale value="1"/>
        </transform>
    </shape>
    <shape name="temp49" type="ply">
        <string name="filename" value="meshes/Plane_002.ply"/>
        <boolean name="face_normals" value="true"/>
        <ref id="mat-Material.003" name="bsdf"/>
        <transform name="to_world">
            <scale value="1"/>
        </transform>
    </shape>
    <shape name="temp51" type="ply">
        <string name="filename" value="meshes/Plane_003.ply"/>
        <boolean name="face_normals" value="true"/>
        <ref id="mat-Material.004" name="bsdf"/>
        <transform name="to_world">
            <scale value="1"/>
        </transform>
    </shape>
    <shape name="temp53" type="ply">
        <string name="filename" value="meshes/Plane_004.ply"/>
        <boolean name="face_normals" value="true"/>
        <ref id="mat-Material.005" name="bsdf"/>
        <transform name="to_world">
            <scale value="1"/>
        </transform>
    </shape>
    <emitter type="point">
        <transform name="to_world">
            <rotate angle="-142.5518126578256" x="1"/>
            <rotate angle="3.976628485794621e-06" y="1"/>
            <rotate angle="-179.999991348578" z="1"/>
            <translate value="-0.000000 3.030926 4.073377"/>
        </transform>
        <rgb name="intensity" value="100"/>
    </emitter>
</scene>
