
<scene version="2.1.0">
    <default name="spp" value="1024"/>
    <default name="resx" value="640"/>
    <default name="resy" value="360"/>
    <integrator name="temp0" type="path">
        <integer name="max_depth" value="12"/>
    </integrator>
    <sensor name="temp44" type="perspective">
        <string name="fov_axis" value="x"/>
        <float name="fov" value="83.974423"/>
        <float name="principal_point_offset_x" value="0.000000"/>
        <float name="principal_point_offset_y" value="-0.000000"/>
        <float name="near_clip" value="0.100000"/>
        <float name="far_clip" value="1000.000000"/>
        <sampler name="sampler" type="independent">
            <integer name="sample_count" value="$spp"/>
        </sampler>
        <film name="film" type="hdrfilm">
            <integer name="width" value="$resx"/>
            <integer name="height" value="$resy"/>
        </film>
        <float name="shutter_open" value="0.0"/>
        <float name="shutter_close" value="0.0015"/>
        <animation name="to_world">
            <transform time="0">
                <rotate angle="-142.5518126578256" x="1"/>
                <rotate angle="3.976628485794621e-06" y="1"/>
                <rotate angle="-179.999991348578" z="1"/>
                <translate value="-0.000000 3.030926 4.073377"/>
                <translate x="18.0" y="0.0" z="0.0"/>
            </transform>
            <transform time="0.0015">
                <rotate angle="-142.5518126578256" x="1"/>
                <rotate angle="3.976628485794621e-06" y="1"/>
                <rotate angle="-179.999991348578" z="1"/>
                <translate value="-0.000000 3.030926 4.073377"/>
                <translate x="18.15" y="0.0" z="0.0"/>
            </transform>
        </animation>
    </sensor>
    <bsdf id="mat-Material" name="mat-Material" type="twosided">
        <bsdf name="bsdf" type="diffuse">
            <texture name="reflectance" type="bitmap">
                <string name="filename" value="textures/siggraph_2023_logo.jpg"/>
            </texture>
        </bsdf>
    </bsdf>
    <bsdf id="mat-Material.001" name="mat-Material.001" type="twosided">
        <bsdf name="bsdf" type="principled">
            <rgb name="base_color" value="0.433648 0.266232 0.084399"/>
            <float name="spec_tint" value="0.000000"/>
            <float name="spec_trans" value="0.000000"/>
            <float name="metallic" value="0.000000"/>
            <float name="anisotropic" value="0.000000"/>
            <float name="roughness" value="0.500000"/>
            <float name="sheen" value="0.000000"/>
            <float name="sheen_tint" value="0.500000"/>
            <float name="clearcoat" value="0.000000"/>
            <float name="clearcoat_gloss" value="0.173205"/>
            <float name="specular" value="0.500000"/>
        </bsdf>
    </bsdf>
    <bsdf id="mat-Material.002" name="mat-Material.002" type="twosided">
        <bsdf name="bsdf" type="principled">
            <rgb name="base_color" value="0.433648 0.266232 0.084399"/>
            <float name="spec_tint" value="0.000000"/>
            <float name="spec_trans" value="0.000000"/>
            <float name="metallic" value="0.000000"/>
            <float name="anisotropic" value="0.000000"/>
            <float name="roughness" value="0.500000"/>
            <float name="sheen" value="0.000000"/>
            <float name="sheen_tint" value="0.500000"/>
            <float name="clearcoat" value="0.000000"/>
            <float name="clearcoat_gloss" value="0.173205"/>
            <float name="specular" value="0.500000"/>
        </bsdf>
    </bsdf>
    <bsdf id="mat-Material.003" name="mat-Material.003" type="twosided">
        <bsdf name="bsdf" type="principled">
            <rgb name="base_color" value="0.433648 0.266232 0.084399"/>
            <float name="spec_tint" value="0.000000"/>
            <float name="spec_trans" value="0.000000"/>
            <float name="metallic" value="0.000000"/>
            <float name="anisotropic" value="0.000000"/>
            <float name="roughness" value="0.500000"/>
            <float name="sheen" value="0.000000"/>
            <float name="sheen_tint" value="0.500000"/>
            <float name="clearcoat" value="0.000000"/>
            <float name="clearcoat_gloss" value="0.173205"/>
            <float name="specular" value="0.500000"/>
        </bsdf>
    </bsdf>
    <bsdf id="mat-Material.004" name="mat-Material.004" type="twosided">
        <bsdf name="bsdf" type="principled">
            <rgb name="base_color" value="0.433648 0.266232 0.084399"/>
            <float name="spec_tint" value="0.000000"/>
            <float name="spec_trans" value="0.000000"/>
            <float name="metallic" value="0.000000"/>
            <float name="anisotropic" value="0.000000"/>
            <float name="roughness" value="0.500000"/>
            <float name="sheen" value="0.000000"/>
            <float name="sheen_tint" value="0.500000"/>
            <float name="clearcoat" value="0.000000"/>
            <float name="clearcoat_gloss" value="0.173205"/>
            <float name="specular" value="0.500000"/>
        </bsdf>
    </bsdf>
    <bsdf id="mat-Material.005" name="mat-Material.005" type="twosided">
        <bsdf name="bsdf" type="principled">
            <rgb name="base_color" value="0.433648 0.266232 0.084399"/>
            <float name="spec_tint" value="0.000000"/>
            <float name="spec_trans" value="0.000000"/>
            <float name="metallic" value="0.000000"/>
            <float name="anisotropic" value="0.000000"/>
            <float name="roughness" value="0.500000"/>
            <float name="sheen" value="0.000000"/>
            <float name="sheen_tint" value="0.500000"/>
            <float name="clearcoat" value="0.000000"/>
            <float name="clearcoat_gloss" value="0.173205"/>
            <float name="specular" value="0.500000"/>
        </bsdf>
    </bsdf>
    <emitter name="temp45" type="point">
        <point name="position" x="-6.815235034541981e-16" y="3.0693089962005615" z="4.109199523925781"/>
        <rgb name="intensity" value="7.957747 7.957747 7.957747"/>
    </emitter>
    <shape name="temp2" type="ply">
        <string name="filename" value="meshes/Cube.ply"/>
        <boolean name="face_normals" value="true"/>
        <ref id="mat-Material" name="bsdf"/>
        <transform name="to_world">
            <matrix value="0.992371819079583 -0.006534744891254696 -0.12310965291964782 0.1803807499728851 -0.046581014738656126 0.9046950188038538 -0.4235055441796869 0.6779307356200482 0.11414422536509777 0.42600939045477587 0.8974892924735035 0.16098307309766868 0.0 0.0 0.0 1.0"/>
            <scale value="1"/>
        </transform>
    </shape>
    <shape name="temp4" type="ply">
        <string name="filename" value="meshes/Plane.ply"/>
        <boolean name="face_normals" value="true"/>
        <ref id="mat-Material.001" name="bsdf"/>
        <transform name="to_world">
            <scale value="1"/>
        </transform>
    </shape>
    <shape name="temp5" type="ply">
        <string name="filename" value="meshes/Cube_001.ply"/>
        <boolean name="face_normals" value="true"/>
        <ref id="mat-Material" name="bsdf"/>
        <transform name="to_world">
            <matrix value="0.9972820450084836 -0.021457439463688645 -0.07048675216928176 0.06738723666549662 -0.040916241598363205 0.6343068647102872 -0.7719981220754942 0.8877351752437777 0.06127534674758478 0.7727835335392753 0.6317048216609986 0.32842075853914476 0.0 0.0 0.0 1.0"/>
            <scale value="1"/>
        </transform>
    </shape>
    <shape name="temp6" type="ply">
        <string name="filename" value="meshes/Cube_002.ply"/>
        <boolean name="face_normals" value="true"/>
        <ref id="mat-Material" name="bsdf"/>
        <transform name="to_world">
            <matrix value="0.9989960586993176 -0.04330144778202131 -0.01150172024882027 -0.001045466957265262 0.010266512064138774 0.47113300780313 -0.8820025615798016 0.583697582551994 0.0436108200493948 0.8809986170876242 0.47110445316795746 0.27617559030376904 0.0 0.0 0.0 1.0"/>
            <scale value="1"/>
        </transform>
    </shape>
    <shape name="temp7" type="ply">
        <string name="filename" value="meshes/Cube_003.ply"/>
        <boolean name="face_normals" value="true"/>
        <ref id="mat-Material" name="bsdf"/>
        <transform name="to_world">
            <matrix value="0.9947546837296796 -0.07784201008295388 0.06636418308156443 -0.029372934878559853 0.09344654599868446 0.4276309230053627 -0.8991104916502806 0.09068128930780187 0.0416092137433137 0.9005955075163269 0.43266184451711764 0.17652379677877572 0.0 0.0 0.0 1.0"/>
            <scale value="1"/>
        </transform>
    </shape>
    <shape name="temp8" type="ply">
        <string name="filename" value="meshes/Cube_004.ply"/>
        <boolean name="face_normals" value="true"/>
        <ref id="mat-Material" name="bsdf"/>
        <transform name="to_world">
            <matrix value="0.9845512714816844 -0.1234794534263062 0.12414622280449018 0.030213862763694088 0.16034343214065994 0.35092767764583677 -0.9225724918100838 -0.3782101426953847 0.07035239447756933 0.9282253876013458 0.3653054865937844 -0.12331878865830143 0.0 0.0 0.0 1.0"/>
            <scale value="1"/>
        </transform>
    </shape>
    <shape name="temp9" type="ply">
        <string name="filename" value="meshes/Cube_005.ply"/>
        <boolean name="face_normals" value="true"/>
        <ref id="mat-Material" name="bsdf"/>
        <transform name="to_world">
            <matrix value="0.9865254677524303 -0.13493599597849915 0.09251919884676903 0.07032166356780145 0.12830662361908207 0.28721254508023186 -0.9492348119546064 -0.619906783581065 0.10151326975481671 0.9483149536004739 0.30065561880969277 -0.5126712361167154 0.0 0.0 0.0 1.0"/>
            <scale value="1"/>
        </transform>
    </shape>
    <shape name="temp10" type="ply">
        <string name="filename" value="meshes/Cube_006.ply"/>
        <boolean name="face_normals" value="true"/>
        <ref id="mat-Material" name="bsdf"/>
        <transform name="to_world">
            <matrix value="0.9899100574972475 -0.12349171816954964 -0.06948564158401892 0.01372717797985512 -0.033876427901501166 0.2699034047177545 -0.9622913988504568 -0.5363919343215131 0.13758946823467672 0.9549356205271754 0.2629966606795609 -0.8983430715474087 0.0 0.0 0.0 1.0"/>
            <scale value="1"/>
        </transform>
    </shape>
    <shape name="temp11" type="ply">
        <string name="filename" value="meshes/Cube_007.ply"/>
        <boolean name="face_normals" value="true"/>
        <ref id="mat-Material" name="bsdf"/>
        <transform name="to_world">
            <matrix value="0.9281944835974165 -0.07000838507956439 -0.3654503969313995 -0.0035931928220191978 -0.33536169367778496 0.2681085388060231 -0.903133703780576 -0.03214988097139637 0.1612073092245584 0.9608416784342846 0.22537864622067694 -1.2191598521107867 0.0 0.0 0.0 1.0"/>
            <scale value="1"/>
        </transform>
    </shape>
    <shape name="temp12" type="ply">
        <string name="filename" value="meshes/Cube_008.ply"/>
        <boolean name="face_normals" value="true"/>
        <ref id="mat-Material" name="bsdf"/>
        <transform name="to_world">
            <matrix value="0.10021151469699145 0.9709392332032464 -0.21733529509938296 2.2836839118701597 -0.6193519991064258 -0.11008013799921991 -0.7773581497999387 0.5790654637392096 -0.7786918888634765 0.2125073265154154 0.5903219278890228 1.3648877218447308 0.0 0.0 0.0 1.0"/>
            <scale value="1"/>
        </transform>
    </shape>
    <shape name="temp13" type="ply">
        <string name="filename" value="meshes/Cube_009.ply"/>
        <boolean name="face_normals" value="true"/>
        <ref id="mat-Material" name="bsdf"/>
        <transform name="to_world">
            <matrix value="-0.07294296195040309 0.9918195414070665 0.10475400465509685 2.5926854245451127 -0.8205591221696834 1.95298932258152e-05 -0.5715615944581369 0.8799910241122558 -0.5668881986146054 -0.12764823548307028 0.8138452962766317 0.9523569737700068 0.0 0.0 0.0 1.0"/>
            <scale value="1"/>
        </transform>
    </shape>
    <shape name="temp14" type="ply">
        <string name="filename" value="meshes/Cube_010.ply"/>
        <boolean name="face_normals" value="true"/>
        <ref id="mat-Material" name="bsdf"/>
        <transform name="to_world">
            <matrix value="0.019814596641650136 0.9981863615220797 0.056843928493249256 1.8482633714228158 -0.944116150467974 -2.9287706263571002e-05 0.3296133376136648 2.34211656400489 0.32901722789866444 -0.06019840516621022 0.9424032232976108 -0.7905425172239287 0.0 0.0 0.0 1.0"/>
            <scale value="1"/>
        </transform>
    </shape>
    <shape name="temp15" type="ply">
        <string name="filename" value="meshes/Cube_011.ply"/>
        <boolean name="face_normals" value="true"/>
        <ref id="mat-Material" name="bsdf"/>
        <transform name="to_world">
            <matrix value="-0.012936729979238582 0.998271672406205 -0.05732437836301907 1.321554067949535 -0.8342468534307754 0.020829171733521338 0.5509978010506354 2.264529010703746 0.5512395683185379 0.054950763730567787 0.8325356566896807 -1.3525209254379456 0.0 0.0 0.0 1.0"/>
            <scale value="1"/>
        </transform>
    </shape>
    <shape name="temp16" type="ply">
        <string name="filename" value="meshes/Cube_012.ply"/>
        <boolean name="face_normals" value="true"/>
        <ref id="mat-Material" name="bsdf"/>
        <transform name="to_world">
            <matrix value="0.1028942763378349 0.989675297180152 0.09977809570323119 1.0867766649994892 -0.696036714554445 -2.339833508196311e-05 0.718006610559023 1.8738629601749248 0.7105958579997057 -0.1433279379587546 0.6888477193287696 -1.931368646167173 0.0 0.0 0.0 1.0"/>
            <scale value="1"/>
        </transform>
    </shape>
    <shape name="temp17" type="ply">
        <string name="filename" value="meshes/Cube_013.ply"/>
        <boolean name="face_normals" value="true"/>
        <ref id="mat-Material" name="bsdf"/>
        <transform name="to_world">
            <matrix value="0.9054207511342542 0.2477498993581868 0.3447225451645099 0.5749303709337119 -0.37580160169637267 0.09007784357446347 0.9223119841558394 1.5061245237252665 0.19745083125453217 -0.9646272706983187 0.17466314847376083 -1.5073626657914294 0.0 0.0 0.0 1.0"/>
            <scale value="1"/>
        </transform>
    </shape>
    <shape name="temp18" type="ply">
        <string name="filename" value="meshes/Cube_014.ply"/>
        <boolean name="face_normals" value="true"/>
        <ref id="mat-Material" name="bsdf"/>
        <transform name="to_world">
            <matrix value="0.9450411948364174 0.28498757881870496 0.1602481630900841 0.09853900998429543 -0.21466308350486765 0.1711463780419379 0.9615763029756025 1.017970194676226 0.24661137676033237 -0.9431283021465386 0.22291665977180283 -0.820498313248257 0.0 0.0 0.0 1.0"/>
            <scale value="1"/>
        </transform>
    </shape>
    <shape name="temp19" type="ply">
        <string name="filename" value="meshes/Cube_015.ply"/>
        <boolean name="face_normals" value="true"/>
        <ref id="mat-Material" name="bsdf"/>
        <transform name="to_world">
            <matrix value="0.9836151460834323 0.12644658266290937 0.12850142853698238 0.0338903229765849 -0.14966836693988053 0.17538528606262113 0.9730568422028073 0.6390046507689888 0.1005024582156528 -0.9763459408497298 0.19143667370967155 -0.3049023357527981 0.0 0.0 0.0 1.0"/>
            <scale value="1"/>
        </transform>
    </shape>
    <shape name="temp20" type="ply">
        <string name="filename" value="meshes/Cube_016.ply"/>
        <boolean name="face_normals" value="true"/>
        <ref id="mat-Material" name="bsdf"/>
        <transform name="to_world">
            <matrix value="0.984438244977634 0.04281988974246125 0.1704349343128295 0.06559506728138853 -0.1753385476227202 0.1745010773367152 0.9689201603138574 0.33718958989641823 0.011747970398580209 -0.983725436618602 0.17929349473145728 0.10975610106052891 0.0 0.0 0.0 1.0"/>
            <scale value="1"/>
        </transform>
    </shape>
    <shape name="temp21" type="ply">
        <string name="filename" value="meshes/Cube_017.ply"/>
        <boolean name="face_normals" value="true"/>
        <ref id="mat-Material" name="bsdf"/>
        <transform name="to_world">
            <matrix value="0.9498047079306488 -0.048024625435158515 0.30913559210647623 0.20392472828341746 -0.3004954550048136 0.13483397751046572 0.9442047921115824 0.17565013226933843 -0.08702703948569838 -0.9897036646135041 0.1136347625952614 0.3466798335956439 0.0 0.0 0.0 1.0"/>
            <scale value="1"/>
        </transform>
    </shape>
    <shape name="temp22" type="ply">
        <string name="filename" value="meshes/Cube_018.ply"/>
        <boolean name="face_normals" value="true"/>
        <ref id="mat-Material" name="bsdf"/>
        <transform name="to_world">
            <matrix value="0.1825240635643329 0.9610423363084375 0.20756377591424713 0.8502970907682413 -0.6164953096217025 -0.05258571240845766 0.7856007821848696 0.035525199223629754 0.7659105858407488 -0.27135306399567816 0.5828797300932674 -0.17193796455310217 0.0 0.0 0.0 1.0"/>
            <scale value="1"/>
        </transform>
    </shape>
    <shape name="temp23" type="ply">
        <string name="filename" value="meshes/Cube_019.ply"/>
        <boolean name="face_normals" value="true"/>
        <ref id="mat-Material" name="bsdf"/>
        <transform name="to_world">
            <matrix value="-0.07705322617534267 0.9853296566914813 -0.15227632155627557 0.49371775804893103 -0.9145568385910603 -0.009027985724506334 0.4043570496160704 -0.04411307777937547 0.39705036283724005 0.1704223201640305 0.9018354206253035 -0.051530633601471365 0.0 0.0 0.0 1.0"/>
            <scale value="1"/>
        </transform>
    </shape>
    <shape name="temp24" type="ply">
        <string name="filename" value="meshes/Cube_020.ply"/>
        <boolean name="face_normals" value="true"/>
        <ref id="mat-Material" name="bsdf"/>
        <transform name="to_world">
            <matrix value="0.0960707216667601 0.955557054244885 -0.2787131677660718 0.10324665408341938 -0.9519332031956078 0.0063840810476603355 -0.30623809530881224 0.17022887931209946 -0.2908486787722548 0.2947369206610848 0.9102402199693418 0.10816709102667921 0.0 0.0 0.0 1.0"/>
            <scale value="1"/>
        </transform>
    </shape>
    <shape name="temp25" type="ply">
        <string name="filename" value="meshes/Cube_021.ply"/>
        <boolean name="face_normals" value="true"/>
        <ref id="mat-Material" name="bsdf"/>
        <transform name="to_world">
            <matrix value="0.20481027504002466 0.9331963631281771 -0.2952918087599599 -0.15329432789276423 -0.7887521342063412 -0.021287881474188766 -0.6143427666101997 0.1048300445164029 -0.5795883884991322 0.3587356050919543 0.7317007556613137 0.292802682608707 0.0 0.0 0.0 1.0"/>
            <scale value="1"/>
        </transform>
    </shape>
    <shape name="temp26" type="ply">
        <string name="filename" value="meshes/Cube_022.ply"/>
        <boolean name="face_normals" value="true"/>
        <ref id="mat-Material" name="bsdf"/>
        <transform name="to_world">
            <matrix value="0.6412490004911112 0.39915022850384735 -0.655346482272005 -0.07979948573109608 -0.7084102356802068 -0.020259374289510516 -0.70551051699186 -0.19063526197106476 -0.2948815836830507 0.9166616954130278 0.26977080527123765 0.6757575285488422 0.0 0.0 0.0 1.0"/>
            <scale value="1"/>
        </transform>
    </shape>
    <shape name="temp27" type="ply">
        <string name="filename" value="meshes/Cube_023.ply"/>
        <boolean name="face_normals" value="true"/>
        <ref id="mat-Material" name="bsdf"/>
        <transform name="to_world">
            <matrix value="0.8583086447989192 0.2753633013017732 -0.4329916160032074 -0.06436588448910774 -0.4803449125662424 0.1343636412938053 -0.8667266953209327 -0.2872763881761909 -0.18048648380308033 0.9519040596717304 0.2475947957095193 0.20422035518659043 0.0 0.0 0.0 1.0"/>
            <scale value="1"/>
        </transform>
    </shape>
    <shape name="temp28" type="ply">
        <string name="filename" value="meshes/Cube_024.ply"/>
        <boolean name="face_normals" value="true"/>
        <ref id="mat-Material" name="bsdf"/>
        <transform name="to_world">
            <matrix value="0.8579296735794564 0.43533476700116597 -0.2728377982895379 -0.18930986911666425 -0.37948945706499865 0.17897674913385467 -0.9077197731928641 -0.5133363110565977 -0.34633045049261824 0.8822987215882425 0.3187545181057547 -0.33273398051158715 0.0 0.0 0.0 1.0"/>
            <scale value="1"/>
        </transform>
    </shape>
    <shape name="temp29" type="ply">
        <string name="filename" value="meshes/Cube_025.ply"/>
        <boolean name="face_normals" value="true"/>
        <ref id="mat-Material" name="bsdf"/>
        <transform name="to_world">
            <matrix value="0.8992113852705632 0.366688707049933 -0.23866023419212606 -0.267685021989968 -0.32157463206548625 0.18405260073046142 -0.9288242027212885 -0.7934332808226862 -0.2966633689521955 0.911956038821667 0.2834200352607275 -0.707642315730626 0.0 0.0 0.0 1.0"/>
            <scale value="1"/>
        </transform>
    </shape>
    <shape name="temp30" type="ply">
        <string name="filename" value="meshes/Cube_026.ply"/>
        <boolean name="face_normals" value="true"/>
        <ref id="mat-Material" name="bsdf"/>
        <transform name="to_world">
            <matrix value="0.9233799977660644 0.23751759928080213 -0.30158725280731274 -0.32647599164691177 -0.34917871839468684 0.193222227552704 -0.9169186246897901 -1.1455236369508268 -0.15951093653318016 0.9519718494940794 0.2613537131323752 -0.8772073675088545 0.0 0.0 0.0 1.0"/>
            <scale value="1"/>
        </transform>
    </shape>
    <shape name="temp31" type="ply">
        <string name="filename" value="meshes/Cube_027.ply"/>
        <boolean name="face_normals" value="true"/>
        <ref id="mat-Material" name="bsdf"/>
        <transform name="to_world">
            <matrix value="0.8735215690029023 0.17531265708987678 -0.4541208670413375 -0.580299076328433 -0.48254782129224316 0.1890256620979803 -0.8552291356299297 -1.5826579084346162 -0.06409201155263844 0.9661960314795076 0.2497147890337152 -1.0149498605319989 0.0 0.0 0.0 1.0"/>
            <scale value="1"/>
        </transform>
    </shape>
    <shape name="temp32" type="ply">
        <string name="filename" value="meshes/Cube_028.ply"/>
        <boolean name="face_normals" value="true"/>
        <ref id="mat-Material" name="bsdf"/>
        <transform name="to_world">
            <matrix value="-0.10733413471340911 0.9841632545789418 0.14107449242376607 -1.4855821414891914 -0.7956791075604537 4.871334917181696e-05 -0.6057185921617927 -2.121727224618727 -0.5961328092449475 -0.17726425307087895 0.7830727705201784 -1.357149330414959 0.0 0.0 0.0 1.0"/>
            <scale value="1"/>
        </transform>
    </shape>
    <shape name="temp33" type="ply">
        <string name="filename" value="meshes/Cube_029.ply"/>
        <boolean name="face_normals" value="true"/>
        <ref id="mat-Material" name="bsdf"/>
        <transform name="to_world">
            <matrix value="-0.002385240422887557 0.9780102331344137 0.20854349272209696 -1.5897026232939673 -0.9986804709703613 -0.01302797320946221 0.04967500369958692 -1.8203634573601757 0.05129958317598272 -0.208149796734825 0.976750755637674 -0.11254331192389011 0.0 0.0 0.0 1.0"/>
            <scale value="1"/>
        </transform>
    </shape>
    <shape name="temp34" type="ply">
        <string name="filename" value="meshes/Cube_030.ply"/>
        <boolean name="face_normals" value="true"/>
        <ref id="mat-Material" name="bsdf"/>
        <transform name="to_world">
            <matrix value="-0.04009360524099682 0.9794528941780223 -0.19764739691342237 -3.2168599033654117 -0.9761826449633022 0.003812402769053949 0.21691544843922142 -1.9260430780759898 0.21321191499199613 0.20163691024738195 0.9559725052654032 0.24759702553478924 0.0 0.0 0.0 1.0"/>
            <scale value="1"/>
        </transform>
    </shape>
    <shape name="temp35" type="ply">
        <string name="filename" value="meshes/Cube_031.ply"/>
        <boolean name="face_normals" value="true"/>
        <ref id="mat-Material" name="bsdf"/>
        <transform name="to_world">
            <matrix value="0.1422471353321738 0.9779887489753308 0.15265502687578514 -1.8896646098793084 -0.7260552243066378 -0.0017297334504185239 0.687634538492488 -0.9598560155889676 0.6727630060263072 -0.20864998133172585 0.7098275685180045 0.6811211084548199 0.0 0.0 0.0 1.0"/>
            <scale value="1"/>
        </transform>
    </shape>
    <shape name="temp36" type="ply">
        <string name="filename" value="meshes/Cube_032.ply"/>
        <boolean name="face_normals" value="true"/>
        <ref id="mat-Material" name="bsdf"/>
        <transform name="to_world">
            <matrix value="0.7116325991486223 0.6131820959778734 0.3429096293746729 -0.6600087387825235 -0.43436378045731855 0.00038447467059360944 0.9007376007103207 -0.25339245069182337 0.5521845585406373 -0.7899414504518975 0.2666177643526243 -0.12011444885698497 0.0 0.0 0.0 1.0"/>
            <scale value="1"/>
        </transform>
    </shape>
    <shape name="temp37" type="ply">
        <string name="filename" value="meshes/Cube_033.ply"/>
        <boolean name="face_normals" value="true"/>
        <ref id="mat-Material" name="bsdf"/>
        <transform name="to_world">
            <matrix value="0.9768233612929877 0.1684376010329083 0.1320803356435461 -0.14113098673646407 -0.15004055656910043 0.09873527135744427 0.9837374196314974 0.3006480987004631 0.15265740824464077 -0.9807547823112367 0.12171938834126599 -0.37844095971313785 0.0 0.0 0.0 1.0"/>
            <scale value="1"/>
        </transform>
    </shape>
    <shape name="temp38" type="ply">
        <string name="filename" value="meshes/Cube_034.ply"/>
        <boolean name="face_normals" value="true"/>
        <ref id="mat-Material" name="bsdf"/>
        <transform name="to_world">
            <matrix value="0.9999246489972998 0.0024020353633430187 0.012047793462345297 -0.03392139204086053 -0.012283547596125717 0.18083587979717286 0.9834367247710629 0.3693801151255528 0.00018357454519021252 -0.9835103864437043 0.18085174183171393 -0.3612412203376143 0.0 0.0 0.0 1.0"/>
            <scale value="1"/>
        </transform>
    </shape>
    <shape name="temp39" type="ply">
        <string name="filename" value="meshes/Cube_035.ply"/>
        <boolean name="face_normals" value="true"/>
        <ref id="mat-Material" name="bsdf"/>
        <transform name="to_world">
            <matrix value="0.9989091834256162 -0.04658602111287944 0.0032011237288432086 0.00799690084431015 0.006488922516120682 0.20637067892028543 0.9784525656221618 0.09128319174873534 -0.046242821708889825 -0.9773642482734455 0.20644787175647875 -0.14894981347422576 0.0 0.0 0.0 1.0"/>
            <scale value="1"/>
        </transform>
    </shape>
    <shape name="temp40" type="ply">
        <string name="filename" value="meshes/Cube_036.ply"/>
        <boolean name="face_normals" value="true"/>
        <ref id="mat-Material" name="bsdf"/>
        <transform name="to_world">
            <matrix value="0.9991591714581041 -0.04087507274369399 0.003174812928555185 0.0027259332919351564 0.005424235010026116 0.2085531357485978 0.9779960862389077 -0.24256480817793874 -0.04063777975167855 -0.9771564985409544 0.20859951841543264 0.20118209967896666 0.0 0.0 0.0 1.0"/>
            <scale value="1"/>
        </transform>
    </shape>
    <shape name="temp41" type="ply">
        <string name="filename" value="meshes/Cube_037.ply"/>
        <boolean name="face_normals" value="true"/>
        <ref id="mat-Material" name="bsdf"/>
        <transform name="to_world">
            <matrix value="0.9988489026234559 -0.04785179267577901 0.0033828171798888093 -0.006154058854746403 0.00668277405159682 0.20863100018146816 0.9779717375198631 -0.5701095285339455 -0.04750348830818383 -0.9768229726149976 0.20871064786031493 0.5170246527064795 0.0 0.0 0.0 1.0"/>
            <scale value="1"/>
        </transform>
    </shape>
    <shape name="temp42" type="ply">
        <string name="filename" value="meshes/Cube_038.ply"/>
        <boolean name="face_normals" value="true"/>
        <ref id="mat-Material" name="bsdf"/>
        <transform name="to_world">
            <matrix value="0.9990483611600154 -0.04347425968299393 0.0034929774039159363 0.007568811579676815 0.005659011004792324 0.20862203106651123 0.9779800113564318 -0.9038761194754377 -0.04324567352272143 -0.9770296794271448 0.20866951507280265 0.8629407179407329 0.0 0.0 0.0 1.0"/>
            <scale value="1"/>
        </transform>
    </shape>
    <shape name="temp43" type="ply">
        <string name="filename" value="meshes/Cube_039.ply"/>
        <boolean name="face_normals" value="true"/>
        <ref id="mat-Material" name="bsdf"/>
        <transform name="to_world">
            <matrix value="0.9999473275289289 -0.009095005371922465 -0.004821494440584341 0.021277226839753638 0.008284555424823314 0.43301385135266246 0.9013491785383871 -1.3192576333607933 -0.0061100160707092226 -0.9013414122901124 0.4330662230496143 1.4733720930838712 0.0 0.0 0.0 1.0"/>
            <scale value="1"/>
        </transform>
    </shape>
    <shape name="temp47" type="ply">
        <string name="filename" value="meshes/Plane_001.ply"/>
        <boolean name="face_normals" value="true"/>
        <ref id="mat-Material.002" name="bsdf"/>
        <transform name="to_world">
            <scale value="1"/>
        </transform>
    </shape>
    <shape name="temp49" type="ply">
        <string name="filename" value="meshes/Plane_002.ply"/>
        <boolean name="face_normals" value="true"/>
        <ref id="mat-Material.003" name="bsdf"/>
        <transform name="to_world">
            <scale value="1"/>
        </transform>
    </shape>
    <shape name="temp51" type="ply">
        <string name="filename" value="meshes/Plane_003.ply"/>
        <boolean name="face_normals" value="true"/>
        <ref id="mat-Material.004" name="bsdf"/>
        <transform name="to_world">
            <scale value="1"/>
        </transform>
    </shape>
    <shape name="temp53" type="ply">
        <string name="filename" value="meshes/Plane_004.ply"/>
        <boolean name="face_normals" value="true"/>
        <ref id="mat-Material.005" name="bsdf"/>
        <transform name="to_world">
            <scale value="1"/>
        </transform>
    </shape>
    <emitter type="point">
        <rgb name="intensity" value="100"/>
        <animation name="to_world">
            <transform time="0">
                <rotate angle="-142.5518126578256" x="1"/>
                <rotate angle="3.976628485794621e-06" y="1"/>
                <rotate angle="-179.999991348578" z="1"/>
                <translate value="-0.000000 3.030926 4.073377"/>
                <translate x="18.0" y="0.0" z="0.0"/>
            </transform>
            <transform time="0.0015">
                <rotate angle="-142.5518126578256" x="1"/>
                <rotate angle="3.976628485794621e-06" y="1"/>
                <rotate angle="-179.999991348578" z="1"/>
                <translate value="-0.000000 3.030926 4.073377"/>
                <translate x="18.15" y="0.0" z="0.0"/>
            </transform>
        </animation>
    </emitter>
</scene>
