
<scene version="2.1.0">
    <default name="spp" value="1024"/>
    <default name="resx" value="1280"/>
    <default name="resy" value="720"/>
    <integrator name="temp0" type="path">
        <integer name="max_depth" value="12"/>
    </integrator>
    <sensor name="temp44" type="perspective">
        <string name="fov_axis" value="x"/>
        <float name="fov" value="83.974423"/>
        <float name="principal_point_offset_x" value="0.000000"/>
        <float name="principal_point_offset_y" value="-0.000000"/>
        <float name="near_clip" value="0.100000"/>
        <float name="far_clip" value="1000.000000"/>
        <sampler name="sampler" type="independent">
            <integer name="sample_count" value="$spp"/>
        </sampler>
        <film name="film" type="hdrfilm">
            <integer name="width" value="$resx"/>
            <integer name="height" value="$resy"/>
        </film>
        <float name="shutter_open" value="0.0"/>
        <float name="shutter_close" value="0.0015"/>
        <animation name="to_world">
            <transform time="0">
                <rotate angle="-142.5518126578256" x="1"/>
                <rotate angle="3.976628485794621e-06" y="1"/>
                <rotate angle="-179.999991348578" z="1"/>
                <translate value="-0.000000 3.030926 4.073377"/>
                <translate x="34.8" y="0.0" z="0.0"/>
            </transform>
            <transform time="0.0015">
                <rotate angle="-142.5518126578256" x="1"/>
                <rotate angle="3.976628485794621e-06" y="1"/>
                <rotate angle="-179.999991348578" z="1"/>
                <translate value="-0.000000 3.030926 4.073377"/>
                <translate x="34.949999999999996" y="0.0" z="0.0"/>
            </transform>
        </animation>
    </sensor>
    <bsdf id="mat-Material" name="mat-Material" type="twosided">
        <bsdf name="bsdf" type="diffuse">
            <texture name="reflectance" type="bitmap">
                <string name="filename" value="textures/siggraph_2023_logo.jpg"/>
            </texture>
        </bsdf>
    </bsdf>
    <bsdf id="mat-Material.001" name="mat-Material.001" type="twosided">
        <bsdf name="bsdf" type="principled">
            <rgb name="base_color" value="0.433648 0.266232 0.084399"/>
            <float name="spec_tint" value="0.000000"/>
            <float name="spec_trans" value="0.000000"/>
            <float name="metallic" value="0.000000"/>
            <float name="anisotropic" value="0.000000"/>
            <float name="roughness" value="0.500000"/>
            <float name="sheen" value="0.000000"/>
            <float name="sheen_tint" value="0.500000"/>
            <float name="clearcoat" value="0.000000"/>
            <float name="clearcoat_gloss" value="0.173205"/>
            <float name="specular" value="0.500000"/>
        </bsdf>
    </bsdf>
    <bsdf id="mat-Material.002" name="mat-Material.002" type="twosided">
        <bsdf name="bsdf" type="principled">
            <rgb name="base_color" value="0.433648 0.266232 0.084399"/>
            <float name="spec_tint" value="0.000000"/>
            <float name="spec_trans" value="0.000000"/>
            <float name="metallic" value="0.000000"/>
            <float name="anisotropic" value="0.000000"/>
            <float name="roughness" value="0.500000"/>
            <float name="sheen" value="0.000000"/>
            <float name="sheen_tint" value="0.500000"/>
            <float name="clearcoat" value="0.000000"/>
            <float name="clearcoat_gloss" value="0.173205"/>
            <float name="specular" value="0.500000"/>
        </bsdf>
    </bsdf>
    <bsdf id="mat-Material.003" name="mat-Material.003" type="twosided">
        <bsdf name="bsdf" type="principled">
            <rgb name="base_color" value="0.433648 0.266232 0.084399"/>
            <float name="spec_tint" value="0.000000"/>
            <float name="spec_trans" value="0.000000"/>
            <float name="metallic" value="0.000000"/>
            <float name="anisotropic" value="0.000000"/>
            <float name="roughness" value="0.500000"/>
            <float name="sheen" value="0.000000"/>
            <float name="sheen_tint" value="0.500000"/>
            <float name="clearcoat" value="0.000000"/>
            <float name="clearcoat_gloss" value="0.173205"/>
            <float name="specular" value="0.500000"/>
        </bsdf>
    </bsdf>
    <bsdf id="mat-Material.004" name="mat-Material.004" type="twosided">
        <bsdf name="bsdf" type="principled">
            <rgb name="base_color" value="0.433648 0.266232 0.084399"/>
            <float name="spec_tint" value="0.000000"/>
            <float name="spec_trans" value="0.000000"/>
            <float name="metallic" value="0.000000"/>
            <float name="anisotropic" value="0.000000"/>
            <float name="roughness" value="0.500000"/>
            <float name="sheen" value="0.000000"/>
            <float name="sheen_tint" value="0.500000"/>
            <float name="clearcoat" value="0.000000"/>
            <float name="clearcoat_gloss" value="0.173205"/>
            <float name="specular" value="0.500000"/>
        </bsdf>
    </bsdf>
    <bsdf id="mat-Material.005" name="mat-Material.005" type="twosided">
        <bsdf name="bsdf" type="principled">
            <rgb name="base_color" value="0.433648 0.266232 0.084399"/>
            <float name="spec_tint" value="0.000000"/>
            <float name="spec_trans" value="0.000000"/>
            <float name="metallic" value="0.000000"/>
            <float name="anisotropic" value="0.000000"/>
            <float name="roughness" value="0.500000"/>
            <float name="sheen" value="0.000000"/>
            <float name="sheen_tint" value="0.500000"/>
            <float name="clearcoat" value="0.000000"/>
            <float name="clearcoat_gloss" value="0.173205"/>
            <float name="specular" value="0.500000"/>
        </bsdf>
    </bsdf>
    <emitter name="temp45" type="point">
        <point name="position" x="-6.815235034541981e-16" y="3.0693089962005615" z="4.109199523925781"/>
        <rgb name="intensity" value="7.957747 7.957747 7.957747"/>
    </emitter>
    <shape name="temp2" type="ply">
        <string name="filename" value="meshes/Cube.ply"/>
        <boolean name="face_normals" value="true"/>
        <ref id="mat-Material" name="bsdf"/>
        <transform name="to_world">
            <matrix value="0.9999982270352306 0.0001773924071227288 0.0020614263810569806 -0.0031508122134500383 -0.00017821177000391827 0.9999997914159312 0.0003972387134231415 -0.017897459273961414 -0.002061355218810447 -0.00039760503772242884 0.9999978724420252 0.004870445346616403 0.0 0.0 0.0 1.0"/>
        </transform>
    </shape>
    <shape name="temp4" type="ply">
        <string name="filename" value="meshes/Plane.ply"/>
        <boolean name="face_normals" value="true"/>
        <ref id="mat-Material.001" name="bsdf"/>
    </shape>
    <shape name="temp5" type="ply">
        <string name="filename" value="meshes/Cube_001.ply"/>
        <boolean name="face_normals" value="true"/>
        <ref id="mat-Material" name="bsdf"/>
        <transform name="to_world">
            <matrix value="0.9992438305258436 0.0013446288559372413 -0.038859586374362265 0.031613883444304935 -0.005441339687639067 0.9944032722668709 -0.10551122617785155 0.10410810195396952 0.03850022250707856 0.10564286652914023 0.9936586952585242 -0.017216365316482074 0.0 0.0 0.0 1.0"/>
        </transform>
    </shape>
    <shape name="temp6" type="ply">
        <string name="filename" value="meshes/Cube_002.ply"/>
        <boolean name="face_normals" value="true"/>
        <ref id="mat-Material" name="bsdf"/>
        <transform name="to_world">
            <matrix value="0.9995864559675335 -0.014572012606821116 -0.024792669475358388 0.009583390197823505 0.0042260122299109795 0.9271870561070287 -0.3745750202945391 0.23334120058718186 0.028445752596950147 0.3743153749402928 0.9268651946171839 0.03404011963561193 0.0 0.0 0.0 1.0"/>
        </transform>
    </shape>
    <shape name="temp7" type="ply">
        <string name="filename" value="meshes/Cube_003.ply"/>
        <boolean name="face_normals" value="true"/>
        <ref id="mat-Material" name="bsdf"/>
        <transform name="to_world">
            <matrix value="0.9983555751763656 -0.05336590025927 0.02094143494802376 -0.021148927255688843 0.056160963925485835 0.8371240011430408 -0.5441227156528223 0.04313020665532519 0.01150701118918066 0.5444037937270427 0.8387443436507287 0.12342610501370799 0.0 0.0 0.0 1.0"/>
        </transform>
    </shape>
    <shape name="temp8" type="ply">
        <string name="filename" value="meshes/Cube_004.ply"/>
        <boolean name="face_normals" value="true"/>
        <ref id="mat-Material" name="bsdf"/>
        <transform name="to_world">
            <matrix value="0.9918798213560699 -0.09315752477457277 0.08658425767847493 0.009918243945874927 0.1268752205124932 0.6775511395990598 -0.7244495652926267 -0.30917107252755915 0.008822671609692445 0.7295519822786976 0.6838685244818096 0.04202353587277441 0.0 0.0 0.0 1.0"/>
        </transform>
    </shape>
    <shape name="temp9" type="ply">
        <string name="filename" value="meshes/Cube_005.ply"/>
        <boolean name="face_normals" value="true"/>
        <ref id="mat-Material" name="bsdf"/>
        <transform name="to_world">
            <matrix value="0.9909339446515858 -0.11609899817071773 0.06760861538054211 0.05105387164974129 0.11739305033269684 0.5035140158065008 -0.8559747265024223 -0.5698799496828573 0.0653359679589807 0.8561510398958749 0.5125783591421875 -0.34122675135151426 0.0 0.0 0.0 1.0"/>
        </transform>
    </shape>
    <shape name="temp10" type="ply">
        <string name="filename" value="meshes/Cube_006.ply"/>
        <boolean name="face_normals" value="true"/>
        <ref id="mat-Material" name="bsdf"/>
        <transform name="to_world">
            <matrix value="0.9898121011937372 -0.10374452206089403 -0.09751711620390706 -0.004446776067620117 -0.047676130752605815 0.40386547996237143 -0.9135752855300999 -0.47024769130740507 0.13416223868715504 0.9089167603556776 0.3948047871000014 -0.8022380751809595 0.0 0.0 0.0 1.0"/>
        </transform>
    </shape>
    <shape name="temp11" type="ply">
        <string name="filename" value="meshes/Cube_007.ply"/>
        <boolean name="face_normals" value="true"/>
        <ref id="mat-Material" name="bsdf"/>
        <transform name="to_world">
            <matrix value="0.9489222147166714 0.04636212697346603 -0.31208580583149453 -0.04076945648674357 -0.30333361700769645 0.4062053760457884 -0.8619664025500438 -0.08245469903108979 0.08680829995727156 0.912604943859598 0.3995204011534201 -0.7392551198907076 0.0 0.0 0.0 1.0"/>
        </transform>
    </shape>
    <shape name="temp12" type="ply">
        <string name="filename" value="meshes/Cube_008.ply"/>
        <boolean name="face_normals" value="true"/>
        <ref id="mat-Material" name="bsdf"/>
        <transform name="to_world">
            <matrix value="0.06755133176248655 0.9849187460760123 -0.15928563222276382 2.3839451950945403 -0.6959445203864354 -0.06788187049849506 -0.714880045917429 0.8210337986838511 -0.7149112542484669 0.15914501390212818 0.6808632306447777 1.443039327488491 0.0 0.0 0.0 1.0"/>
        </transform>
    </shape>
    <shape name="temp13" type="ply">
        <string name="filename" value="meshes/Cube_009.ply"/>
        <boolean name="face_normals" value="true"/>
        <ref id="mat-Material" name="bsdf"/>
        <transform name="to_world">
            <matrix value="-0.08219522292372528 0.9917179609655774 0.09868859690388307 2.6016611508183094 -0.7685203899813307 -2.542702373478119e-05 -0.639825474055376 0.6859721206619459 -0.6345241451207123 -0.12843478514797996 0.7621574572561783 1.0164287767599876 0.0 0.0 0.0 1.0"/>
        </transform>
    </shape>
    <shape name="temp14" type="ply">
        <string name="filename" value="meshes/Cube_010.ply"/>
        <boolean name="face_normals" value="true"/>
        <ref id="mat-Material" name="bsdf"/>
        <transform name="to_world">
            <matrix value="0.04054982740187969 0.9988369352325609 0.026085917410090583 1.7537272534420674 -0.9545766426075347 0.031013489131727096 0.2963473139107778 2.298486529748054 0.2951936698065873 -0.03691783664947239 0.9547241479248508 -0.7167957279308477 0.0 0.0 0.0 1.0"/>
        </transform>
    </shape>
    <shape name="temp15" type="ply">
        <string name="filename" value="meshes/Cube_011.ply"/>
        <boolean name="face_normals" value="true"/>
        <ref id="mat-Material" name="bsdf"/>
        <transform name="to_world">
            <matrix value="0.031814270416132565 0.9968651900305159 -0.07244058321564785 1.2154667160802832 -0.8313431803796627 0.0666266115726613 0.551751429364366 2.253900988773121 0.5548484381066864 0.04266941719525347 0.8308567770522542 -1.2569238208592175 0.0 0.0 0.0 1.0"/>
        </transform>
    </shape>
    <shape name="temp16" type="ply">
        <string name="filename" value="meshes/Cube_012.ply"/>
        <boolean name="face_normals" value="true"/>
        <ref id="mat-Material" name="bsdf"/>
        <transform name="to_world">
            <matrix value="0.09177738831651677 0.9895785141722445 0.11095550519809691 1.114069623467965 -0.7707330500135632 4.0076508636423365e-05 0.6371582255410025 1.8406592567508768 0.6305136988122909 -0.1439937800230694 0.762704712446356 -1.7242295376611607 0.0 0.0 0.0 1.0"/>
        </transform>
    </shape>
    <shape name="temp17" type="ply">
        <string name="filename" value="meshes/Cube_013.ply"/>
        <boolean name="face_normals" value="true"/>
        <ref id="mat-Material" name="bsdf"/>
        <transform name="to_world">
            <matrix value="0.8770838984658536 0.2955984589809 0.3786102885866916 0.6267648416555642 -0.43480644543612273 0.15362765240716444 0.8873231112840475 1.4770211069304258 0.2041263095561028 -0.9428786270162258 0.2632725340302898 -1.4110397145139149 0.0 0.0 0.0 1.0"/>
        </transform>
    </shape>
    <shape name="temp18" type="ply">
        <string name="filename" value="meshes/Cube_014.ply"/>
        <boolean name="face_normals" value="true"/>
        <ref id="mat-Material" name="bsdf"/>
        <transform name="to_world">
            <matrix value="0.943331613557507 0.2847533389094808 0.17041406060514366 0.10705735121424942 -0.21597534337895172 0.13691975562290504 0.9667512331562417 1.0245599364581826 0.25195261042467826 -0.9487721698792091 0.19066042236280917 -0.8505606735807274 0.0 0.0 0.0 1.0"/>
        </transform>
    </shape>
    <shape name="temp19" type="ply">
        <string name="filename" value="meshes/Cube_015.ply"/>
        <boolean name="face_normals" value="true"/>
        <ref id="mat-Material" name="bsdf"/>
        <transform name="to_world">
            <matrix value="0.9833031042840148 0.1307226186478329 0.1265963658473047 0.03745433137099008 -0.14922552466459937 0.18108672299827086 0.9720800566970561 0.6379103439959097 0.1041479397262897 -0.974740469272438 0.19757030515327637 -0.31661208090027393 0.0 0.0 0.0 1.0"/>
        </transform>
    </shape>
    <shape name="temp20" type="ply">
        <string name="filename" value="meshes/Cube_016.ply"/>
        <boolean name="face_normals" value="true"/>
        <ref id="mat-Material" name="bsdf"/>
        <transform name="to_world">
            <matrix value="0.9846173144193452 0.0463638373628299 0.168461766128426 0.07415164747744318 -0.17412552945160428 0.18054834665837893 0.9680303682897413 0.3370620010045776 0.014466115983809287 -0.9824726807015934 0.18584415117765063 0.07735318872460722 0.0 0.0 0.0 1.0"/>
        </transform>
    </shape>
    <shape name="temp21" type="ply">
        <string name="filename" value="meshes/Cube_017.ply"/>
        <boolean name="face_normals" value="true"/>
        <ref id="mat-Material" name="bsdf"/>
        <transform name="to_world">
            <matrix value="0.9605710364929338 -0.025166272790416812 0.27689363297544656 0.20107160309018224 -0.27199154473101467 0.121455520490256 0.954604295492272 0.1804963511805135 -0.057654066206050424 -0.9922778006061453 0.10982165863474133 0.3024633176445005 0.0 0.0 0.0 1.0"/>
        </transform>
    </shape>
    <shape name="temp22" type="ply">
        <string name="filename" value="meshes/Cube_018.ply"/>
        <boolean name="face_normals" value="true"/>
        <ref id="mat-Material" name="bsdf"/>
        <transform name="to_world">
            <matrix value="0.11395243490116608 0.9714052100128697 0.20829482847391212 0.8703571946015554 -0.6468608772275086 -0.08658466531643247 0.7576770565566372 0.08500191348221776 0.7540463488450021 -0.22107679439659758 0.61849741454427 -0.2019081576519296 0.0 0.0 0.0 1.0"/>
        </transform>
    </shape>
    <shape name="temp23" type="ply">
        <string name="filename" value="meshes/Cube_019.ply"/>
        <boolean name="face_normals" value="true"/>
        <ref id="mat-Material" name="bsdf"/>
        <transform name="to_world">
            <matrix value="-0.0715987443863503 0.9870775911877403 -0.1433576221655609 0.4787481380754503 -0.9176781430676191 -0.008873846269369639 0.3972261844706234 -0.03723631474047624 0.3908210511198932 0.15999699638940976 0.9064545853838658 -0.048513921342326016 0.0 0.0 0.0 1.0"/>
        </transform>
    </shape>
    <shape name="temp24" type="ply">
        <string name="filename" value="meshes/Cube_020.ply"/>
        <boolean name="face_normals" value="true"/>
        <ref id="mat-Material" name="bsdf"/>
        <transform name="to_world">
            <matrix value="0.0933177564887981 0.9600375033302558 -0.2638559576398374 0.08619256361892585 -0.9499118855246774 0.0064600630497544265 -0.3124500918028565 0.17628918481692168 -0.2982591437955899 0.2797971081646972 0.9125542938540622 0.1023765458128506 0.0 0.0 0.0 1.0"/>
        </transform>
    </shape>
    <shape name="temp25" type="ply">
        <string name="filename" value="meshes/Cube_021.ply"/>
        <boolean name="face_normals" value="true"/>
        <ref id="mat-Material" name="bsdf"/>
        <transform name="to_world">
            <matrix value="0.1782729816125824 0.936351822920469 -0.30243023855598383 -0.16594645710327346 -0.8055039918301783 -0.03765190656268056 -0.5913930351316556 0.09166532614415254 -0.5651391688695754 0.34903811456688566 0.7475229315290381 0.2831010586856778 0.0 0.0 0.0 1.0"/>
        </transform>
    </shape>
    <shape name="temp26" type="ply">
        <string name="filename" value="meshes/Cube_022.ply"/>
        <boolean name="face_normals" value="true"/>
        <ref id="mat-Material" name="bsdf"/>
        <transform name="to_world">
            <matrix value="0.6479335209130059 0.3983471798390983 -0.6492316442571774 -0.07765158505239278 -0.7015085270740584 -0.020004920498182192 -0.7123801652970709 -0.18052341495260563 -0.29676261065516363 0.9170164969139988 0.2664823098282304 0.6718954136684385 0.0 0.0 0.0 1.0"/>
        </transform>
    </shape>
    <shape name="temp27" type="ply">
        <string name="filename" value="meshes/Cube_023.ply"/>
        <boolean name="face_normals" value="true"/>
        <ref id="mat-Material" name="bsdf"/>
        <transform name="to_world">
            <matrix value="0.8598130054057695 0.26778585925164206 -0.4347563071456162 -0.06182771530578812 -0.48036086924916716 0.13550605623843665 -0.8665401794051442 -0.28723734493894604 -0.1731351513314079 0.9539018778823712 0.24514361252725048 0.209682135117496 0.0 0.0 0.0 1.0"/>
        </transform>
    </shape>
    <shape name="temp28" type="ply">
        <string name="filename" value="meshes/Cube_024.ply"/>
        <boolean name="face_normals" value="true"/>
        <ref id="mat-Material" name="bsdf"/>
        <transform name="to_world">
            <matrix value="0.8592296999966315 0.4311084365998294 -0.2754450023899568 -0.18782680183612765 -0.3808614215276928 0.17956209860603267 -0.9070294988277157 -0.5143917157714113 -0.34156862171491786 0.8842527371444424 0.3184776991737038 -0.3266917657560915 0.0 0.0 0.0 1.0"/>
        </transform>
    </shape>
    <shape name="temp29" type="ply">
        <string name="filename" value="meshes/Cube_025.ply"/>
        <boolean name="face_normals" value="true"/>
        <ref id="mat-Material" name="bsdf"/>
        <transform name="to_world">
            <matrix value="0.8991351477854783 0.3674734003166306 -0.23773876519371887 -0.26778440665960235 -0.3211501399755685 0.18489726191692932 -0.9288033999322018 -0.7929386709181283 -0.2973534068404527 0.9114692036051671 0.28426183903274593 -0.7089492526501566 0.0 0.0 0.0 1.0"/>
        </transform>
    </shape>
    <shape name="temp30" type="ply">
        <string name="filename" value="meshes/Cube_026.ply"/>
        <boolean name="face_normals" value="true"/>
        <ref id="mat-Material" name="bsdf"/>
        <transform name="to_world">
            <matrix value="0.9233981706549509 0.238663142986465 -0.30062559660271543 -0.32455436749113276 -0.34883999347548966 0.19502366386260153 -0.9166661544767838 -1.144989762317791 -0.16014530332767757 0.951317938438498 0.2633396703041604 -0.8746798384430011 0.0 0.0 0.0 1.0"/>
        </transform>
    </shape>
    <shape name="temp31" type="ply">
        <string name="filename" value="meshes/Cube_027.ply"/>
        <boolean name="face_normals" value="true"/>
        <ref id="mat-Material" name="bsdf"/>
        <transform name="to_world">
            <matrix value="0.8744740943252716 0.17265571322193554 -0.4533045939650163 -0.5736077478710703 -0.4811782060078684 0.19058649668455624 -0.8556541744342233 -1.5814249580922326 -0.06133988266519156 0.9663676961681021 0.2497412653107346 -1.0093644449498946 0.0 0.0 0.0 1.0"/>
        </transform>
    </shape>
    <shape name="temp32" type="ply">
        <string name="filename" value="meshes/Cube_028.ply"/>
        <boolean name="face_normals" value="true"/>
        <ref id="mat-Material" name="bsdf"/>
        <transform name="to_world">
            <matrix value="-0.10435214094360731 0.9841697206850736 0.1432500622901696 -1.4780818722489732 -0.810762162095077 -0.0007617677916996056 -0.585375355597676 -2.1152583256582114 -0.5759994645646397 -0.17722685394734922 0.7980070455264311 -1.3024425622748212 0.0 0.0 0.0 1.0"/>
        </transform>
    </shape>
    <shape name="temp33" type="ply">
        <string name="filename" value="meshes/Cube_029.ply"/>
        <boolean name="face_normals" value="true"/>
        <ref id="mat-Material" name="bsdf"/>
        <transform name="to_world">
            <matrix value="-0.01144384045444633 0.9791705863089589 0.20271606415012805 -1.6164095022556966 -0.9991378958808709 -0.019288667836128013 0.036765360141194206 -1.8366386830242636 0.03990968960705782 -0.20212050735988887 0.9785471237543738 -0.13296939917323458 0.0 0.0 0.0 1.0"/>
        </transform>
    </shape>
    <shape name="temp34" type="ply">
        <string name="filename" value="meshes/Cube_030.ply"/>
        <boolean name="face_normals" value="true"/>
        <ref id="mat-Material" name="bsdf"/>
        <transform name="to_world">
            <matrix value="-0.04233500740175772 0.9805044763805357 -0.19188189006139417 -3.213100439373358 -0.9725140847994634 0.0035712672798827332 0.23281540997537511 -1.8915520162891872 0.22896176092615628 0.19646409518762362 0.953403770816943 0.2827518682832677 0.0 0.0 0.0 1.0"/>
        </transform>
    </shape>
    <shape name="temp35" type="ply">
        <string name="filename" value="meshes/Cube_031.ply"/>
        <boolean name="face_normals" value="true"/>
        <ref id="mat-Material" name="bsdf"/>
        <transform name="to_world">
            <matrix value="0.13083150274720892 0.979009142239734 0.1562823713855745 -1.9148139438695033 -0.7677065991521682 0.00030048829530498117 0.6408017867704663 -1.1396357042136709 0.6273037460972614 -0.20381598296285328 0.7516310095829939 0.6183708799874315 0.0 0.0 0.0 1.0"/>
        </transform>
    </shape>
    <shape name="temp36" type="ply">
        <string name="filename" value="meshes/Cube_032.ply"/>
        <boolean name="face_normals" value="true"/>
        <ref id="mat-Material" name="bsdf"/>
        <transform name="to_world">
            <matrix value="0.6545954360340905 0.6135506640273829 0.4416569232391266 -0.7146365010601312 -0.5619221242954681 0.004077616217828515 0.8271801204765162 -0.6642785062580425 0.5057160384166006 -0.7896448439061122 0.34743683634965894 -0.16419683913546956 0.0 0.0 0.0 1.0"/>
        </transform>
    </shape>
    <shape name="temp37" type="ply">
        <string name="filename" value="meshes/Cube_033.ply"/>
        <boolean name="face_normals" value="true"/>
        <ref id="mat-Material" name="bsdf"/>
        <transform name="to_world">
            <matrix value="0.9767426913959792 0.16890493363897852 0.13208014652728167 -0.1404307104564153 -0.15012512698860161 0.09890368213456593 0.9837076338198507 0.3003867532480169 0.1530898786760208 -0.9806575821351917 0.12196032246214246 -0.3749990921714914 0.0 0.0 0.0 1.0"/>
        </transform>
    </shape>
    <shape name="temp38" type="ply">
        <string name="filename" value="meshes/Cube_034.ply"/>
        <boolean name="face_normals" value="true"/>
        <ref id="mat-Material" name="bsdf"/>
        <transform name="to_world">
            <matrix value="0.9999246489972998 0.0024748249458202884 0.01202769985925022 -0.034522145078656585 -0.012276987626478874 0.18102779799884444 0.9834015018668139 0.36938947655687515 0.00025640040281759563 -0.983474927152014 0.18104454586329446 -0.3592203940334704 0.0 0.0 0.0 1.0"/>
        </transform>
    </shape>
    <shape name="temp39" type="ply">
        <string name="filename" value="meshes/Cube_035.ply"/>
        <boolean name="face_normals" value="true"/>
        <ref id="mat-Material" name="bsdf"/>
        <transform name="to_world">
            <matrix value="0.9989322319676186 -0.046098268126477035 0.0031271319903872206 0.007579730358662218 0.006509391394383602 0.2074153930871068 0.978231535988116 0.09132807983210348 -0.04574337753334504 -0.9771663019921865 0.20749396837314155 -0.14774825030285582 0.0 0.0 0.0 1.0"/>
        </transform>
    </shape>
    <shape name="temp40" type="ply">
        <string name="filename" value="meshes/Cube_036.ply"/>
        <boolean name="face_normals" value="true"/>
        <ref id="mat-Material" name="bsdf"/>
        <transform name="to_world">
            <matrix value="0.9992642196206919 -0.03822173738014238 0.003242634748884332 0.0024332796854942274 0.004822184930863239 0.2090325245138427 0.9778968002000851 -0.244169444667446 -0.038054742946702906 -0.9771615045586048 0.20906306601906954 0.20667370409214542 0.0 0.0 0.0 1.0"/>
        </transform>
    </shape>
    <shape name="temp41" type="ply">
        <string name="filename" value="meshes/Cube_037.ply"/>
        <boolean name="face_normals" value="true"/>
        <ref id="mat-Material" name="bsdf"/>
        <transform name="to_world">
            <matrix value="0.9988351621464929 -0.048143872947272036 0.003311993138861927 -0.006291954850733639 0.0068327269793821924 0.2090300215050175 0.9778854532242195 -0.5695842498023078 -0.047771516257200455 -0.9767232694301275 0.20911554578244726 0.513849865358793 0.0 0.0 0.0 1.0"/>
        </transform>
    </shape>
    <shape name="temp42" type="ply">
        <string name="filename" value="meshes/Cube_038.ply"/>
        <boolean name="face_normals" value="true"/>
        <ref id="mat-Material" name="bsdf"/>
        <transform name="to_world">
            <matrix value="0.9990731826667872 -0.04292048983882709 0.0033540951472293755 0.007122056468456428 0.005696602290315889 0.2090208438059918 0.9778946726421103 -0.9036778337542251 -0.042672797578839315 -0.9769687728790651 0.20907159989050167 0.8614504827951078 0.0 0.0 0.0 1.0"/>
        </transform>
    </shape>
    <shape name="temp43" type="ply">
        <string name="filename" value="meshes/Cube_039.ply"/>
        <boolean name="face_normals" value="true"/>
        <ref id="mat-Material" name="bsdf"/>
        <transform name="to_world">
            <matrix value="0.9999501895085947 -0.008634129177909861 -0.0050417824561157076 0.02104068462758546 0.008283514142727681 0.4330125292267703 0.9013498232765853 -1.3192607026907934 -0.005599223493676776 -0.9013465972721206 0.43306238075065295 1.4721060050331918 0.0 0.0 0.0 1.0"/>
        </transform>
    </shape>
    <shape name="temp47" type="ply">
        <string name="filename" value="meshes/Plane_001.ply"/>
        <boolean name="face_normals" value="true"/>
        <ref id="mat-Material.002" name="bsdf"/>
    </shape>
    <shape name="temp49" type="ply">
        <string name="filename" value="meshes/Plane_002.ply"/>
        <boolean name="face_normals" value="true"/>
        <ref id="mat-Material.003" name="bsdf"/>
    </shape>
    <shape name="temp51" type="ply">
        <string name="filename" value="meshes/Plane_003.ply"/>
        <boolean name="face_normals" value="true"/>
        <ref id="mat-Material.004" name="bsdf"/>
    </shape>
    <shape name="temp53" type="ply">
        <string name="filename" value="meshes/Plane_004.ply"/>
        <boolean name="face_normals" value="true"/>
        <ref id="mat-Material.005" name="bsdf"/>
    </shape>
    <emitter type="point">
        <rgb name="intensity" value="100"/>
        <animation name="to_world">
            <transform time="0">
                <rotate angle="-142.5518126578256" x="1"/>
                <rotate angle="3.976628485794621e-06" y="1"/>
                <rotate angle="-179.999991348578" z="1"/>
                <translate value="-0.000000 3.030926 4.073377"/>
                <translate x="34.8" y="0.0" z="0.0"/>
            </transform>
            <transform time="0.0015">
                <rotate angle="-142.5518126578256" x="1"/>
                <rotate angle="3.976628485794621e-06" y="1"/>
                <rotate angle="-179.999991348578" z="1"/>
                <translate value="-0.000000 3.030926 4.073377"/>
                <translate x="34.949999999999996" y="0.0" z="0.0"/>
            </transform>
        </animation>
    </emitter>
</scene>
