
<scene version="2.1.0">
    <default name="spp" value="1024"/>
    <default name="resx" value="640"/>
    <default name="resy" value="360"/>
    <integrator name="temp0" type="path">
        <integer name="max_depth" value="12"/>
    </integrator>
    <sensor name="temp44" type="perspective">
        <string name="fov_axis" value="x"/>
        <float name="fov" value="83.974423"/>
        <float name="principal_point_offset_x" value="0.000000"/>
        <float name="principal_point_offset_y" value="-0.000000"/>
        <float name="near_clip" value="0.100000"/>
        <float name="far_clip" value="1000.000000"/>
        <sampler name="sampler" type="independent">
            <integer name="sample_count" value="$spp"/>
        </sampler>
        <film name="film" type="hdrfilm">
            <integer name="width" value="$resx"/>
            <integer name="height" value="$resy"/>
        </film>
        <float name="shutter_open" value="0.0"/>
        <float name="shutter_close" value="0.0015"/>
        <animation name="to_world">
            <transform time="0">
                <rotate angle="-142.5518126578256" x="1"/>
                <rotate angle="3.976628485794621e-06" y="1"/>
                <rotate angle="-179.999991348578" z="1"/>
                <translate value="-0.000000 3.030926 4.073377"/>
            </transform>
            <transform time="0.0015">
                <rotate angle="-142.5518126578256" x="1"/>
                <rotate angle="3.976628485794621e-06" y="1"/>
                <rotate angle="-179.999991348578" z="1"/>
                <translate value="-0.000000 3.030926 4.073377"/>
                <translate x="0.15" y="0.0" z="0.0"/>
            </transform>
        </animation>
    </sensor>
    <bsdf id="mat-Material" name="mat-Material" type="twosided">
        <bsdf name="bsdf" type="diffuse">
            <texture name="reflectance" type="bitmap">
                <string name="filename" value="textures/siggraph_2023_logo.jpg"/>
            </texture>
        </bsdf>
    </bsdf>
    <bsdf id="mat-Material.001" name="mat-Material.001" type="twosided">
        <bsdf name="bsdf" type="principled">
            <rgb name="base_color" value="0.433648 0.266232 0.084399"/>
            <float name="spec_tint" value="0.000000"/>
            <float name="spec_trans" value="0.000000"/>
            <float name="metallic" value="0.000000"/>
            <float name="anisotropic" value="0.000000"/>
            <float name="roughness" value="0.500000"/>
            <float name="sheen" value="0.000000"/>
            <float name="sheen_tint" value="0.500000"/>
            <float name="clearcoat" value="0.000000"/>
            <float name="clearcoat_gloss" value="0.173205"/>
            <float name="specular" value="0.500000"/>
        </bsdf>
    </bsdf>
    <bsdf id="mat-Material.002" name="mat-Material.002" type="twosided">
        <bsdf name="bsdf" type="principled">
            <rgb name="base_color" value="0.433648 0.266232 0.084399"/>
            <float name="spec_tint" value="0.000000"/>
            <float name="spec_trans" value="0.000000"/>
            <float name="metallic" value="0.000000"/>
            <float name="anisotropic" value="0.000000"/>
            <float name="roughness" value="0.500000"/>
            <float name="sheen" value="0.000000"/>
            <float name="sheen_tint" value="0.500000"/>
            <float name="clearcoat" value="0.000000"/>
            <float name="clearcoat_gloss" value="0.173205"/>
            <float name="specular" value="0.500000"/>
        </bsdf>
    </bsdf>
    <bsdf id="mat-Material.003" name="mat-Material.003" type="twosided">
        <bsdf name="bsdf" type="principled">
            <rgb name="base_color" value="0.433648 0.266232 0.084399"/>
            <float name="spec_tint" value="0.000000"/>
            <float name="spec_trans" value="0.000000"/>
            <float name="metallic" value="0.000000"/>
            <float name="anisotropic" value="0.000000"/>
            <float name="roughness" value="0.500000"/>
            <float name="sheen" value="0.000000"/>
            <float name="sheen_tint" value="0.500000"/>
            <float name="clearcoat" value="0.000000"/>
            <float name="clearcoat_gloss" value="0.173205"/>
            <float name="specular" value="0.500000"/>
        </bsdf>
    </bsdf>
    <bsdf id="mat-Material.004" name="mat-Material.004" type="twosided">
        <bsdf name="bsdf" type="principled">
            <rgb name="base_color" value="0.433648 0.266232 0.084399"/>
            <float name="spec_tint" value="0.000000"/>
            <float name="spec_trans" value="0.000000"/>
            <float name="metallic" value="0.000000"/>
            <float name="anisotropic" value="0.000000"/>
            <float name="roughness" value="0.500000"/>
            <float name="sheen" value="0.000000"/>
            <float name="sheen_tint" value="0.500000"/>
            <float name="clearcoat" value="0.000000"/>
            <float name="clearcoat_gloss" value="0.173205"/>
            <float name="specular" value="0.500000"/>
        </bsdf>
    </bsdf>
    <bsdf id="mat-Material.005" name="mat-Material.005" type="twosided">
        <bsdf name="bsdf" type="principled">
            <rgb name="base_color" value="0.433648 0.266232 0.084399"/>
            <float name="spec_tint" value="0.000000"/>
            <float name="spec_trans" value="0.000000"/>
            <float name="metallic" value="0.000000"/>
            <float name="anisotropic" value="0.000000"/>
            <float name="roughness" value="0.500000"/>
            <float name="sheen" value="0.000000"/>
            <float name="sheen_tint" value="0.500000"/>
            <float name="clearcoat" value="0.000000"/>
            <float name="clearcoat_gloss" value="0.173205"/>
            <float name="specular" value="0.500000"/>
        </bsdf>
    </bsdf>
    <emitter name="temp45" type="point">
        <point name="position" x="-6.815235034541981e-16" y="3.0693089962005615" z="4.109199523925781"/>
        <rgb name="intensity" value="7.957747 7.957747 7.957747"/>
    </emitter>
    <shape name="temp2" type="ply">
        <string name="filename" value="meshes/Cube.ply"/>
        <boolean name="face_normals" value="true"/>
        <ref id="mat-Material" name="bsdf"/>
        <transform name="to_world">
            <matrix value="0.9999995567588077 0.00018571824881159226 0.0008995646070802292 -0.0016586237894902212 -0.00018592328026849778 1.0 0.00022793545083662673 -0.017664912986995907 -0.000899522540587596 -0.0002281033659211177 0.9999995272093389 0.0021472003251938876 0.0 0.0 0.0 1.0"/>
            <scale value="1"/>
        </transform>
    </shape>
    <shape name="temp4" type="ply">
        <string name="filename" value="meshes/Plane.ply"/>
        <boolean name="face_normals" value="true"/>
        <ref id="mat-Material.001" name="bsdf"/>
        <transform name="to_world">
            <scale value="1"/>
        </transform>
    </shape>
    <shape name="temp5" type="ply">
        <string name="filename" value="meshes/Cube_001.ply"/>
        <boolean name="face_normals" value="true"/>
        <ref id="mat-Material" name="bsdf"/>
        <transform name="to_world">
            <matrix value="1.0 -0.00011010881830867523 -0.0006653772089370673 0.001243316041617426 0.00011187008777948573 0.999996454070831 0.002647367667075946 -0.020518978763870488 0.0006650834091275772 -0.0026474345202462126 0.9999962176747115 -0.0013747446708507471 0.0 0.0 0.0 1.0"/>
            <scale value="1"/>
        </transform>
    </shape>
    <shape name="temp6" type="ply">
        <string name="filename" value="meshes/Cube_002.ply"/>
        <boolean name="face_normals" value="true"/>
        <ref id="mat-Material" name="bsdf"/>
        <transform name="to_world">
            <matrix value="1.0 -0.00011149736245445047 0.00022471125492352375 -0.0007594882112131884 0.00011092952996930998 0.9999966626548998 0.002526002304381682 -0.019558951837207683 -0.00022499233192737226 -0.002525965587800335 0.9999969268607032 0.000468626323357646 0.0 0.0 0.0 1.0"/>
            <scale value="1"/>
        </transform>
    </shape>
    <shape name="temp7" type="ply">
        <string name="filename" value="meshes/Cube_003.ply"/>
        <boolean name="face_normals" value="true"/>
        <ref id="mat-Material" name="bsdf"/>
        <transform name="to_world">
            <matrix value="1.0 -0.00017936248365222363 0.0005937825191326561 -0.0008066745282269139 0.0001800507777109961 0.9999991656637249 -0.0011594269020722887 -0.017837654297134742 -0.0005935753075650634 0.0011595334391549842 0.9999992908140084 0.001283850329740932 0.0 0.0 0.0 1.0"/>
            <scale value="1"/>
        </transform>
    </shape>
    <shape name="temp8" type="ply">
        <string name="filename" value="meshes/Cube_004.ply"/>
        <boolean name="face_normals" value="true"/>
        <ref id="mat-Material" name="bsdf"/>
        <transform name="to_world">
            <matrix value="1.0 0.0002378171260035501 0.00043029387249119544 -0.0005016474424408557 -0.00023783613195822186 1.0 4.4207817971813166e-05 -0.01719084431531548 -0.0004302830360957897 -4.4310139480166784e-05 1.0 0.0013857930174349525 0.0 0.0 0.0 1.0"/>
            <scale value="1"/>
        </transform>
    </shape>
    <shape name="temp9" type="ply">
        <string name="filename" value="meshes/Cube_005.ply"/>
        <boolean name="face_normals" value="true"/>
        <ref id="mat-Material" name="bsdf"/>
        <transform name="to_world">
            <matrix value="1.0 -0.00044389818594435396 0.0005552571721161307 -0.0004922880413040787 0.000445661289264521 0.9999947853982809 -0.0031800136258268515 -0.019905866899158742 -0.0005538431670824269 0.0031802708672716996 0.9999947993027284 0.0012734790855128408 0.0 0.0 0.0 1.0"/>
            <scale value="1"/>
        </transform>
    </shape>
    <shape name="temp10" type="ply">
        <string name="filename" value="meshes/Cube_006.ply"/>
        <boolean name="face_normals" value="true"/>
        <ref id="mat-Material" name="bsdf"/>
        <transform name="to_world">
            <matrix value="1.0 -0.0002168460837298169 -0.000580345808545313 -0.0007999545900512217 0.00021802812631310203 0.9999979141593124 0.0020366308748376557 -0.01692475020102424 0.0005799013167809342 -0.0020367566845979437 0.9999978724420252 -0.001318160682596381 0.0 0.0 0.0 1.0"/>
            <scale value="1"/>
        </transform>
    </shape>
    <shape name="temp11" type="ply">
        <string name="filename" value="meshes/Cube_007.ply"/>
        <boolean name="face_normals" value="true"/>
        <ref id="mat-Material" name="bsdf"/>
        <transform name="to_world">
            <matrix value="0.9999995567588077 0.0012381404313101375 -3.792017497036785e-05 0.0004131554349871003 -0.0012382829190801148 0.9999912394691118 -0.0040086265384017125 -0.018632057463397966 3.295666696807068e-05 0.00400866458221654 0.999991962558762 -0.0001600650618394095 0.0 0.0 0.0 1.0"/>
            <scale value="1"/>
        </transform>
    </shape>
    <shape name="temp12" type="ply">
        <string name="filename" value="meshes/Cube_008.ply"/>
        <boolean name="face_normals" value="true"/>
        <ref id="mat-Material" name="bsdf"/>
        <transform name="to_world">
            <matrix value="0.9999982270352306 -0.0018923351612250559 0.00014423779289972442 0.000332230478695017 0.001892019353683423 0.9999958283186247 0.002153627651823719 -0.01926148184698584 -0.00014831249213246884 -0.00215335100735676 0.9999978724420252 0.0004617128748860555 0.0 0.0 0.0 1.0"/>
            <scale value="1"/>
        </transform>
    </shape>
    <shape name="temp13" type="ply">
        <string name="filename" value="meshes/Cube_009.ply"/>
        <boolean name="face_normals" value="true"/>
        <ref id="mat-Material" name="bsdf"/>
        <transform name="to_world">
            <matrix value="0.9999991135176153 0.0012386577198006772 0.0004881279901054371 0.0009822826958982844 -0.0012384114590258976 0.9999991656637249 -0.0005046969388223068 -0.016030024444144253 -0.0004887531979852029 0.0005040913765088451 0.9999997636046695 0.0007952207047567939 0.0 0.0 0.0 1.0"/>
            <scale value="1"/>
        </transform>
    </shape>
    <shape name="temp14" type="ply">
        <string name="filename" value="meshes/Cube_010.ply"/>
        <boolean name="face_normals" value="true"/>
        <ref id="mat-Material" name="bsdf"/>
        <transform name="to_world">
            <matrix value="0.9999955675880765 -0.00045110476552021907 0.0029946087680919257 0.0058269036910456595 0.00045053250996849437 0.9999997914159312 0.00019195749990189593 -0.01825459032144955 -0.0029946970623746733 -0.00019060745938346722 0.9999955084887199 0.00496526669374453 0.0 0.0 0.0 1.0"/>
            <scale value="1"/>
        </transform>
    </shape>
    <shape name="temp15" type="ply">
        <string name="filename" value="meshes/Cube_011.ply"/>
        <boolean name="face_normals" value="true"/>
        <ref id="mat-Material" name="bsdf"/>
        <transform name="to_world">
            <matrix value="0.9999986702764229 -0.001540387090314816 -0.0005169280332239453 -0.0009642125496582832 0.0015401567655449117 0.9999987484955875 -0.00044938279543151836 -0.020661196560752604 0.0005176214968432363 0.00044858715581021355 0.9999997636046695 -0.000811945237959133 0.0 0.0 0.0 1.0"/>
            <scale value="1"/>
        </transform>
    </shape>
    <shape name="temp16" type="ply">
        <string name="filename" value="meshes/Cube_012.ply"/>
        <boolean name="face_normals" value="true"/>
        <ref id="mat-Material" name="bsdf"/>
        <transform name="to_world">
            <matrix value="0.9999982270352306 0.0019696426746317972 -0.00016293359040537545 -0.0005068244668879895 -0.0019693472121015483 0.999996454070831 0.0017835696735049532 -0.012905520152376948 0.00016644593255287426 -0.0017832456932604403 0.9999985816280168 -0.00020548992770241803 0.0 0.0 0.0 1.0"/>
            <scale value="1"/>
        </transform>
    </shape>
    <shape name="temp17" type="ply">
        <string name="filename" value="meshes/Cube_013.ply"/>
        <boolean name="face_normals" value="true"/>
        <ref id="mat-Material" name="bsdf"/>
        <transform name="to_world">
            <matrix value="1.0 -0.0007196713549412522 0.00022576817844632477 -0.00015514243015279927 0.0007200940735106653 0.9999979141593124 -0.001871357443450691 -0.02052152958933756 -0.00022442099403042763 0.0018715205570028974 0.9999983452326863 -6.042978003351074e-05 0.0 0.0 0.0 1.0"/>
            <scale value="1"/>
        </transform>
    </shape>
    <shape name="temp18" type="ply">
        <string name="filename" value="meshes/Cube_014.ply"/>
        <boolean name="face_normals" value="true"/>
        <ref id="mat-Material" name="bsdf"/>
        <transform name="to_world">
            <matrix value="1.0 -0.000259096872699057 -5.587723706811164e-05 -0.0002475110269702929 0.0002590248339175252 0.9999991656637249 -0.0012897800152333152 -0.018999234590349967 5.621140477317575e-05 0.001289767074170409 0.9999992908140084 2.309286851887027e-05 0.0 0.0 0.0 1.0"/>
            <scale value="1"/>
        </transform>
    </shape>
    <shape name="temp19" type="ply">
        <string name="filename" value="meshes/Cube_015.ply"/>
        <boolean name="face_normals" value="true"/>
        <ref id="mat-Material" name="bsdf"/>
        <transform name="to_world">
            <matrix value="1.0 -0.00021049678467657996 -7.693509671642158e-05 0.00027070727719358256 0.00021048992335473302 1.0 -8.928840750394426e-05 -0.018025513859347198 7.695376285177838e-05 8.927231275929608e-05 1.0 -0.00018114165483618105 0.0 0.0 0.0 1.0"/>
            <scale value="1"/>
        </transform>
    </shape>
    <shape name="temp20" type="ply">
        <string name="filename" value="meshes/Cube_016.ply"/>
        <boolean name="face_normals" value="true"/>
        <ref id="mat-Material" name="bsdf"/>
        <transform name="to_world">
            <matrix value="1.0 0.0005983755472724505 0.0003733769687594115 0.0006685161489363711 -0.0005998914945561116 0.9999914480531806 0.004076566556396125 -0.016592658290536855 -0.0003709343701631305 -0.004076786053234826 0.9999917261634315 0.000595453136825852 0.0 0.0 0.0 1.0"/>
            <scale value="1"/>
        </transform>
    </shape>
    <shape name="temp21" type="ply">
        <string name="filename" value="meshes/Cube_017.ply"/>
        <boolean name="face_normals" value="true"/>
        <ref id="mat-Material" name="bsdf"/>
        <transform name="to_world">
            <matrix value="1.0 0.00023604416141903916 0.0004369413091857079 0.00032760810319754086 -0.00023636989009391394 0.9999995828318625 0.000746099122453254 -0.017765986491849628 -0.0004367663250163556 -0.000746203248488287 0.9999997636046695 0.0002182395893884359 0.0 0.0 0.0 1.0"/>
            <scale value="1"/>
        </transform>
    </shape>
    <shape name="temp22" type="ply">
        <string name="filename" value="meshes/Cube_018.ply"/>
        <boolean name="face_normals" value="true"/>
        <ref id="mat-Material" name="bsdf"/>
        <transform name="to_world">
            <matrix value="1.0 -0.00022040244210227712 -8.21762175896092e-05 0.0005354203622787157 0.00022045753128839579 0.9999997914159312 0.0006662376879401977 -0.017797124695800526 8.202931774542708e-05 -0.000666257146611656 0.9999997636046695 -4.055461331087251e-05 0.0 0.0 0.0 1.0"/>
            <scale value="1"/>
        </transform>
    </shape>
    <shape name="temp23" type="ply">
        <string name="filename" value="meshes/Cube_019.ply"/>
        <boolean name="face_normals" value="true"/>
        <ref id="mat-Material" name="bsdf"/>
        <transform name="to_world">
            <matrix value="0.9999632109810347 0.006231730642876959 -0.005936548656541697 0.0034339402277384634 -0.006196835435183067 0.999963497787966 0.0058784426842973456 -0.018007068145299343 0.0059729631737487745 -0.00584142604756134 0.9999650134910815 -0.0009043103345157677 0.0 0.0 0.0 1.0"/>
            <scale value="1"/>
        </transform>
    </shape>
    <shape name="temp24" type="ply">
        <string name="filename" value="meshes/Cube_020.ply"/>
        <boolean name="face_normals" value="true"/>
        <ref id="mat-Material" name="bsdf"/>
        <transform name="to_world">
            <matrix value="0.9999615502437902 -0.0008215808992941173 0.008727881887281451 -0.006688633447130554 0.0007477579932428029 0.9999639962494495 0.008458035801190764 -0.01571075954924739 -0.008734524785632183 -0.008451183319449723 0.9999262446499029 -0.0007966364270981519 0.0 0.0 0.0 1.0"/>
            <scale value="1"/>
        </transform>
    </shape>
    <shape name="temp25" type="ply">
        <string name="filename" value="meshes/Cube_021.ply"/>
        <boolean name="face_normals" value="true"/>
        <ref id="mat-Material" name="bsdf"/>
        <transform name="to_world">
            <matrix value="0.999385667707397 0.022413255100401944 0.026951360715162066 -0.016378148023750927 -0.02270582791249355 0.9996860809765072 0.010598453690863936 -0.019023578612382186 -0.0267053438931115 -0.011203888841378074 0.9995806346836392 -0.013394309683736005 0.0 0.0 0.0 1.0"/>
            <scale value="1"/>
        </transform>
    </shape>
    <shape name="temp26" type="ply">
        <string name="filename" value="meshes/Cube_022.ply"/>
        <boolean name="face_normals" value="true"/>
        <ref id="mat-Material" name="bsdf"/>
        <transform name="to_world">
            <matrix value="0.9992620034147301 0.03483207939543994 0.016202134082485897 -0.007743048452413248 -0.03488940689009569 0.9993857199174843 0.0032683309213129776 -0.02147904686641855 -0.016078334902407156 -0.0038311949989883673 0.999863599894284 -0.011758972767254905 0.0 0.0 0.0 1.0"/>
            <scale value="1"/>
        </transform>
    </shape>
    <shape name="temp27" type="ply">
        <string name="filename" value="meshes/Cube_023.ply"/>
        <boolean name="face_normals" value="true"/>
        <ref id="mat-Material" name="bsdf"/>
        <transform name="to_world">
            <matrix value="0.9994672240867902 0.03108789106905593 0.009938674323353826 -0.002765514711033701 -0.031170781717896483 0.9994795827484289 0.008296057729630877 -0.020027585648754564 -0.009675591771315911 -0.008601420874676434 0.9999163160529922 -0.008743632938682577 0.0 0.0 0.0 1.0"/>
            <scale value="1"/>
        </transform>
    </shape>
    <shape name="temp28" type="ply">
        <string name="filename" value="meshes/Cube_024.ply"/>
        <boolean name="face_normals" value="true"/>
        <ref id="mat-Material" name="bsdf"/>
        <transform name="to_world">
            <matrix value="0.9994676673279825 0.03158169299345255 0.00818176058731947 -0.0013921875944469253 -0.031634788760112546 0.9994787484121539 0.0064427419778062605 -0.020975054178933195 -0.007974028725575193 -0.006698143393203914 0.9999458654693085 -0.00797377534676863 0.0 0.0 0.0 1.0"/>
            <scale value="1"/>
        </transform>
    </shape>
    <shape name="temp29" type="ply">
        <string name="filename" value="meshes/Cube_025.ply"/>
        <boolean name="face_normals" value="true"/>
        <ref id="mat-Material" name="bsdf"/>
        <transform name="to_world">
            <matrix value="0.9990687502548637 0.04072998166546036 0.014235230374341462 0.02793166626923904 -0.04043546674184038 0.9989737663816713 -0.020399427734183854 -0.04494226195792089 -0.015051491329315795 0.019804823715174284 0.9996907949076663 0.022789233750690197 0.0 0.0 0.0 1.0"/>
            <scale value="1"/>
        </transform>
    </shape>
    <shape name="temp30" type="ply">
        <string name="filename" value="meshes/Cube_026.ply"/>
        <boolean name="face_normals" value="true"/>
        <ref id="mat-Material" name="bsdf"/>
        <transform name="to_world">
            <matrix value="0.9938531311444311 0.1039677487312874 0.03803589048466243 0.1285592824705144 -0.0970105154540474 0.9834136034357968 -0.1532529652248285 -0.23248995705935427 -0.053338404012573865 0.14862102986298112 0.9874547362040867 0.04240837899702321 0.0 0.0 0.0 1.0"/>
            <scale value="1"/>
        </transform>
    </shape>
    <shape name="temp31" type="ply">
        <string name="filename" value="meshes/Cube_027.ply"/>
        <boolean name="face_normals" value="true"/>
        <ref id="mat-Material" name="bsdf"/>
        <transform name="to_world">
            <matrix value="0.9149717123471041 0.4034560294353838 0.007091316206649233 0.0283471999436109 -0.3860894070673922 0.8804254280666551 -0.2752927637970953 -0.8112774174562172 -0.11731184854625754 0.24914699545078148 0.96133447055247 -0.11560114274065336 0.0 0.0 0.0 1.0"/>
            <scale value="1"/>
        </transform>
    </shape>
    <shape name="temp32" type="ply">
        <string name="filename" value="meshes/Cube_028.ply"/>
        <boolean name="face_normals" value="true"/>
        <ref id="mat-Material" name="bsdf"/>
        <transform name="to_world">
            <matrix value="0.3457462142769761 0.9368159224734733 0.0532470789810983 -0.9291020391948457 -0.9059074299634592 0.3480500518331411 -0.24123221538829587 -1.7461733151948449 -0.24452286858607833 0.035168212622256334 0.9690057354235092 -0.44945797253562814 0.0 0.0 0.0 1.0"/>
            <scale value="1"/>
        </transform>
    </shape>
    <shape name="temp33" type="ply">
        <string name="filename" value="meshes/Cube_029.ply"/>
        <boolean name="face_normals" value="true"/>
        <ref id="mat-Material" name="bsdf"/>
        <transform name="to_world">
            <matrix value="0.3178205121386033 0.9367714940668262 0.14645615032095394 -1.064720446198867 -0.920902279500804 0.3417470584431702 -0.18747773746974733 -2.0685462308934524 -0.2256747460671209 -0.07528754356799737 0.9712893143164322 -0.6092167557521007 0.0 0.0 0.0 1.0"/>
            <scale value="1"/>
        </transform>
    </shape>
    <shape name="temp34" type="ply">
        <string name="filename" value="meshes/Cube_030.ply"/>
        <boolean name="face_normals" value="true"/>
        <ref id="mat-Material" name="bsdf"/>
        <transform name="to_world">
            <matrix value="0.07247836088465785 0.9785317941074395 -0.1929302505577151 -2.9332845777363663 -0.97206654350608 0.11260115691500326 0.20592947428580502 -1.9292239365232569 0.22323268154009884 0.17261564713084387 0.9593598071103167 0.2942670819798796 0.0 0.0 0.0 1.0"/>
            <scale value="1"/>
        </transform>
    </shape>
    <shape name="temp35" type="ply">
        <string name="filename" value="meshes/Cube_031.ply"/>
        <boolean name="face_normals" value="true"/>
        <ref id="mat-Material" name="bsdf"/>
        <transform name="to_world">
            <matrix value="0.055284144198770625 0.9975499715282747 0.04286953672661494 -2.2792514906984986 -0.4726746237325518 -0.011672089157174355 0.881159812226461 0.024534232386441715 0.8795013359289537 -0.06897750003650222 0.47087136737205454 0.9095803854554454 0.0 0.0 0.0 1.0"/>
            <scale value="1"/>
        </transform>
    </shape>
    <shape name="temp36" type="ply">
        <string name="filename" value="meshes/Cube_032.ply"/>
        <boolean name="face_normals" value="true"/>
        <ref id="mat-Material" name="bsdf"/>
        <transform name="to_world">
            <matrix value="0.9609163213817777 0.25690173395936367 0.10315708327876541 0.10478148129584364 -0.08301318022009585 -0.08808780554958774 0.9926476324298461 0.9798776559270345 0.26409990124586236 -0.962414610896849 -0.06331877295694154 -1.0939840279370656 0.0 0.0 0.0 1.0"/>
            <scale value="1"/>
        </transform>
    </shape>
    <shape name="temp37" type="ply">
        <string name="filename" value="meshes/Cube_033.ply"/>
        <boolean name="face_normals" value="true"/>
        <ref id="mat-Material" name="bsdf"/>
        <transform name="to_world">
            <matrix value="0.9808067698886755 0.1560189018883116 0.11694703940851997 -0.12167917796407668 -0.13487794024044947 0.10975485114397933 0.9847650301333128 0.34854451520719143 0.1408064241605455 -0.9816373015061857 0.12869179769665845 -0.3803476408285833 0.0 0.0 0.0 1.0"/>
            <scale value="1"/>
        </transform>
    </shape>
    <shape name="temp38" type="ply">
        <string name="filename" value="meshes/Cube_034.ply"/>
        <boolean name="face_normals" value="true"/>
        <ref id="mat-Material" name="bsdf"/>
        <transform name="to_world">
            <matrix value="0.999912238243914 0.0012638317310600452 0.013195492792069975 -0.035795586354316455 -0.013203015990369256 0.18375722483068188 0.9828830869069609 0.36669199096778676 -0.0011825675012011835 -0.9829707794578065 0.18375777326945616 -0.3373261984578979 0.0 0.0 0.0 1.0"/>
            <scale value="1"/>
        </transform>
    </shape>
    <shape name="temp39" type="ply">
        <string name="filename" value="meshes/Cube_035.ply"/>
        <boolean name="face_normals" value="true"/>
        <ref id="mat-Material" name="bsdf"/>
        <transform name="to_world">
            <matrix value="0.9993790190895117 -0.03522905659511538 0.0011000987659690955 0.0008440807369769487 0.0066905795289941795 0.2202578933426223 0.9754189043454662 0.09167729706600275 -0.03460540009609469 -0.9748053389178242 0.2203567347374901 -0.10945155366917092 0.0 0.0 0.0 1.0"/>
            <scale value="1"/>
        </transform>
    </shape>
    <shape name="temp40" type="ply">
        <string name="filename" value="meshes/Cube_036.ply"/>
        <boolean name="face_normals" value="true"/>
        <ref id="mat-Material" name="bsdf"/>
        <transform name="to_world">
            <matrix value="0.9997225310135862 -0.023546158611497572 0.001072513794849513 0.0025234225389625387 0.004134336654096346 0.21996900440738137 0.9754980967811939 -0.23685254726777932 -0.02320514798050448 -0.975222715639425 0.22000519124145843 0.193729178499562 0.0 0.0 0.0 1.0"/>
            <scale value="1"/>
        </transform>
    </shape>
    <shape name="temp41" type="ply">
        <string name="filename" value="meshes/Cube_037.ply"/>
        <boolean name="face_normals" value="true"/>
        <ref id="mat-Material" name="bsdf"/>
        <transform name="to_world">
            <matrix value="0.9994322080325942 -0.03369252205255067 0.00039657680649765663 -0.00015283654624820286 0.00703239383930202 0.22008581148589035 0.9754553092263679 -0.5675341770927926 -0.03295282849934489 -0.9748983674124938 0.22019771159864235 0.5152065034290021 0.0 0.0 0.0 1.0"/>
            <scale value="1"/>
        </transform>
    </shape>
    <shape name="temp42" type="ply">
        <string name="filename" value="meshes/Cube_038.ply"/>
        <boolean name="face_normals" value="true"/>
        <ref id="mat-Material" name="bsdf"/>
        <transform name="to_world">
            <matrix value="0.9996179260921906 -0.027644731270715005 0.0004609850782539463 -0.0006071777482481444 0.0056368932692938455 0.2200929033442284 0.9754626374816144 -0.9005417871690218 -0.027067875296749977 -0.975087135994727 0.2201646162523681 0.8369380510383214 0.0 0.0 0.0 1.0"/>
            <scale value="1"/>
        </transform>
    </shape>
    <shape name="temp43" type="ply">
        <string name="filename" value="meshes/Cube_039.ply"/>
        <boolean name="face_normals" value="true"/>
        <ref id="mat-Material" name="bsdf"/>
        <transform name="to_world">
            <matrix value="0.9999163178657801 0.005416967340207514 -0.01177054964719038 0.01960731151428874 0.0082647175628241 0.4329900197225205 0.9013608099262023 -1.3193160251324192 0.009979174707683863 -0.9013824744840655 0.43290887001146167 1.4592106154696198 0.0 0.0 0.0 1.0"/>
            <scale value="1"/>
        </transform>
    </shape>
    <shape name="temp47" type="ply">
        <string name="filename" value="meshes/Plane_001.ply"/>
        <boolean name="face_normals" value="true"/>
        <ref id="mat-Material.002" name="bsdf"/>
        <transform name="to_world">
            <scale value="1"/>
        </transform>
    </shape>
    <shape name="temp49" type="ply">
        <string name="filename" value="meshes/Plane_002.ply"/>
        <boolean name="face_normals" value="true"/>
        <ref id="mat-Material.003" name="bsdf"/>
        <transform name="to_world">
            <scale value="1"/>
        </transform>
    </shape>
    <shape name="temp51" type="ply">
        <string name="filename" value="meshes/Plane_003.ply"/>
        <boolean name="face_normals" value="true"/>
        <ref id="mat-Material.004" name="bsdf"/>
        <transform name="to_world">
            <scale value="1"/>
        </transform>
    </shape>
    <shape name="temp53" type="ply">
        <string name="filename" value="meshes/Plane_004.ply"/>
        <boolean name="face_normals" value="true"/>
        <ref id="mat-Material.005" name="bsdf"/>
        <transform name="to_world">
            <scale value="1"/>
        </transform>
    </shape>
    <emitter type="point">
        <transform name="to_world">
            <rotate angle="-142.5518126578256" x="1"/>
            <rotate angle="3.976628485794621e-06" y="1"/>
            <rotate angle="-179.999991348578" z="1"/>
            <translate value="-0.000000 3.030926 4.073377"/>
        </transform>
        <rgb name="intensity" value="100"/>
    </emitter>
</scene>
