
<scene version="2.1.0">
    <default name="spp" value="1024"/>
    <default name="resx" value="640"/>
    <default name="resy" value="360"/>
    <integrator name="temp0" type="path">
        <integer name="max_depth" value="12"/>
    </integrator>
    <sensor name="temp44" type="perspective">
        <string name="fov_axis" value="x"/>
        <float name="fov" value="83.974423"/>
        <float name="principal_point_offset_x" value="0.000000"/>
        <float name="principal_point_offset_y" value="-0.000000"/>
        <float name="near_clip" value="0.100000"/>
        <float name="far_clip" value="1000.000000"/>
        <sampler name="sampler" type="independent">
            <integer name="sample_count" value="$spp"/>
        </sampler>
        <film name="film" type="hdrfilm">
            <integer name="width" value="$resx"/>
            <integer name="height" value="$resy"/>
        </film>
        <float name="shutter_open" value="0.0"/>
        <float name="shutter_close" value="0.0015"/>
        <animation name="to_world">
            <transform time="0">
                <rotate angle="-142.5518126578256" x="1"/>
                <rotate angle="3.976628485794621e-06" y="1"/>
                <rotate angle="-179.999991348578" z="1"/>
                <translate value="-0.000000 3.030926 4.073377"/>
            </transform>
            <transform time="0.0015">
                <rotate angle="-142.5518126578256" x="1"/>
                <rotate angle="3.976628485794621e-06" y="1"/>
                <rotate angle="-179.999991348578" z="1"/>
                <translate value="-0.000000 3.030926 4.073377"/>
                <translate x="0.15" y="0.0" z="0.0"/>
            </transform>
        </animation>
    </sensor>
    <bsdf id="mat-Material" name="mat-Material" type="twosided">
        <bsdf name="bsdf" type="diffuse">
            <texture name="reflectance" type="bitmap">
                <string name="filename" value="textures/siggraph_2023_logo.jpg"/>
            </texture>
        </bsdf>
    </bsdf>
    <bsdf id="mat-Material.001" name="mat-Material.001" type="twosided">
        <bsdf name="bsdf" type="principled">
            <rgb name="base_color" value="0.433648 0.266232 0.084399"/>
            <float name="spec_tint" value="0.000000"/>
            <float name="spec_trans" value="0.000000"/>
            <float name="metallic" value="0.000000"/>
            <float name="anisotropic" value="0.000000"/>
            <float name="roughness" value="0.500000"/>
            <float name="sheen" value="0.000000"/>
            <float name="sheen_tint" value="0.500000"/>
            <float name="clearcoat" value="0.000000"/>
            <float name="clearcoat_gloss" value="0.173205"/>
            <float name="specular" value="0.500000"/>
        </bsdf>
    </bsdf>
    <bsdf id="mat-Material.002" name="mat-Material.002" type="twosided">
        <bsdf name="bsdf" type="principled">
            <rgb name="base_color" value="0.433648 0.266232 0.084399"/>
            <float name="spec_tint" value="0.000000"/>
            <float name="spec_trans" value="0.000000"/>
            <float name="metallic" value="0.000000"/>
            <float name="anisotropic" value="0.000000"/>
            <float name="roughness" value="0.500000"/>
            <float name="sheen" value="0.000000"/>
            <float name="sheen_tint" value="0.500000"/>
            <float name="clearcoat" value="0.000000"/>
            <float name="clearcoat_gloss" value="0.173205"/>
            <float name="specular" value="0.500000"/>
        </bsdf>
    </bsdf>
    <bsdf id="mat-Material.003" name="mat-Material.003" type="twosided">
        <bsdf name="bsdf" type="principled">
            <rgb name="base_color" value="0.433648 0.266232 0.084399"/>
            <float name="spec_tint" value="0.000000"/>
            <float name="spec_trans" value="0.000000"/>
            <float name="metallic" value="0.000000"/>
            <float name="anisotropic" value="0.000000"/>
            <float name="roughness" value="0.500000"/>
            <float name="sheen" value="0.000000"/>
            <float name="sheen_tint" value="0.500000"/>
            <float name="clearcoat" value="0.000000"/>
            <float name="clearcoat_gloss" value="0.173205"/>
            <float name="specular" value="0.500000"/>
        </bsdf>
    </bsdf>
    <bsdf id="mat-Material.004" name="mat-Material.004" type="twosided">
        <bsdf name="bsdf" type="principled">
            <rgb name="base_color" value="0.433648 0.266232 0.084399"/>
            <float name="spec_tint" value="0.000000"/>
            <float name="spec_trans" value="0.000000"/>
            <float name="metallic" value="0.000000"/>
            <float name="anisotropic" value="0.000000"/>
            <float name="roughness" value="0.500000"/>
            <float name="sheen" value="0.000000"/>
            <float name="sheen_tint" value="0.500000"/>
            <float name="clearcoat" value="0.000000"/>
            <float name="clearcoat_gloss" value="0.173205"/>
            <float name="specular" value="0.500000"/>
        </bsdf>
    </bsdf>
    <bsdf id="mat-Material.005" name="mat-Material.005" type="twosided">
        <bsdf name="bsdf" type="principled">
            <rgb name="base_color" value="0.433648 0.266232 0.084399"/>
            <float name="spec_tint" value="0.000000"/>
            <float name="spec_trans" value="0.000000"/>
            <float name="metallic" value="0.000000"/>
            <float name="anisotropic" value="0.000000"/>
            <float name="roughness" value="0.500000"/>
            <float name="sheen" value="0.000000"/>
            <float name="sheen_tint" value="0.500000"/>
            <float name="clearcoat" value="0.000000"/>
            <float name="clearcoat_gloss" value="0.173205"/>
            <float name="specular" value="0.500000"/>
        </bsdf>
    </bsdf>
    <emitter name="temp45" type="point">
        <point name="position" x="-6.815235034541981e-16" y="3.0693089962005615" z="4.109199523925781"/>
        <rgb name="intensity" value="7.957747 7.957747 7.957747"/>
    </emitter>
    <shape name="temp2" type="ply">
        <string name="filename" value="meshes/Cube.ply"/>
        <boolean name="face_normals" value="true"/>
        <ref id="mat-Material" name="bsdf"/>
        <transform name="to_world">
            <matrix value="1.0 0.000123445683665573 0.0005109164999685594 -0.0013114823745836723 -0.00012270955113850932 0.9999989570796561 -0.0014408768186483767 -0.015623765651804511 -0.0005110925540798579 0.0014408132275673048 0.9999988180233473 0.0010815846462033374 0.0 0.0 0.0 1.0"/>
            <scale value="1"/>
        </transform>
    </shape>
    <shape name="temp4" type="ply">
        <string name="filename" value="meshes/Plane.ply"/>
        <boolean name="face_normals" value="true"/>
        <ref id="mat-Material.001" name="bsdf"/>
        <transform name="to_world">
            <scale value="1"/>
        </transform>
    </shape>
    <shape name="temp5" type="ply">
        <string name="filename" value="meshes/Cube_001.ply"/>
        <boolean name="face_normals" value="true"/>
        <ref id="mat-Material" name="bsdf"/>
        <transform name="to_world">
            <matrix value="1.0 -0.0002160326058616295 -0.000130295905491038 0.0006539765110136209 0.00021633095578757757 0.9999972884071061 0.0022882311530276803 -0.02042271682315533 0.0001298014102161776 -0.002288259011353231 0.9999973996513641 -0.00016345055493804939 0.0 0.0 0.0 1.0"/>
            <scale value="1"/>
        </transform>
    </shape>
    <shape name="temp6" type="ply">
        <string name="filename" value="meshes/Cube_002.ply"/>
        <boolean name="face_normals" value="true"/>
        <ref id="mat-Material" name="bsdf"/>
        <transform name="to_world">
            <matrix value="1.0 4.352002302768119e-05 -7.906880096978821e-05 -0.0005689134885669134 -4.3371904181892006e-05 0.99999833132745 0.0018733526200403667 -0.018813455597470885 7.915002295989376e-05 -0.001873349839285975 0.9999983452326863 -0.00016538199632132322 0.0 0.0 0.0 1.0"/>
            <scale value="1"/>
        </transform>
    </shape>
    <shape name="temp7" type="ply">
        <string name="filename" value="meshes/Cube_003.ply"/>
        <boolean name="face_normals" value="true"/>
        <ref id="mat-Material" name="bsdf"/>
        <transform name="to_world">
            <matrix value="1.0 -0.00031459692171631313 0.0005338539388899159 -0.0008585251603916433 0.00031617236408895314 0.999995619734556 -0.002952861352720272 -0.01749829425175431 -0.0005329221828033055 0.0029530289535545855 0.9999955084887199 0.0012755959151011798 0.0 0.0 0.0 1.0"/>
            <scale value="1"/>
        </transform>
    </shape>
    <shape name="temp8" type="ply">
        <string name="filename" value="meshes/Cube_004.ply"/>
        <boolean name="face_normals" value="true"/>
        <ref id="mat-Material" name="bsdf"/>
        <transform name="to_world">
            <matrix value="1.0 -0.0003994384916868819 0.00014823121921837303 -0.0005757244607682566 0.00039976322055504436 0.9999974969911749 -0.0022007837923579063 -0.018841315366788902 -0.0001473515452274448 0.0022008414281334022 0.9999976360466947 0.000618972147636735 0.0 0.0 0.0 1.0"/>
            <scale value="1"/>
        </transform>
    </shape>
    <shape name="temp9" type="ply">
        <string name="filename" value="meshes/Cube_005.ply"/>
        <boolean name="face_normals" value="true"/>
        <ref id="mat-Material" name="bsdf"/>
        <transform name="to_world">
            <matrix value="1.0 -7.310892468655029e-05 0.0004802702093186094 -0.0003709235452227233 7.328682846743151e-05 1.0 -0.00037100355964088714 -0.018073977365366867 -0.0004802429670920009 0.0003710397707243916 1.0 0.0012204943585364392 0.0 0.0 0.0 1.0"/>
            <scale value="1"/>
        </transform>
    </shape>
    <shape name="temp10" type="ply">
        <string name="filename" value="meshes/Cube_006.ply"/>
        <boolean name="face_normals" value="true"/>
        <ref id="mat-Material" name="bsdf"/>
        <transform name="to_world">
            <matrix value="1.0 0.00023243982871076275 -0.00021946540614372552 -0.000593316688414891 -0.00023256466445755258 0.9999997914159312 -0.0005677010223152464 -0.017579341337530474 0.00021933347162458536 0.0005677533201369146 1.0 -0.0005978641717024891 0.0 0.0 0.0 1.0"/>
            <scale value="1"/>
        </transform>
    </shape>
    <shape name="temp11" type="ply">
        <string name="filename" value="meshes/Cube_007.ply"/>
        <boolean name="face_normals" value="true"/>
        <ref id="mat-Material" name="bsdf"/>
        <transform name="to_world">
            <matrix value="0.9999991135176153 -0.0013467897868896569 -2.189068039776824e-05 0.0004580027176723789 0.0013468592815592162 0.9999931167257308 0.003462435127211419 -0.017463627899331147 1.7227366774994815e-05 -0.0034624684255865905 0.9999940901167368 -3.0046186704435485e-05 0.0 0.0 0.0 1.0"/>
            <scale value="1"/>
        </transform>
    </shape>
    <shape name="temp12" type="ply">
        <string name="filename" value="meshes/Cube_008.ply"/>
        <boolean name="face_normals" value="true"/>
        <ref id="mat-Material" name="bsdf"/>
        <transform name="to_world">
            <matrix value="1.0 -2.9713217763853636e-05 0.00010152706655615973 4.967040864256589e-05 2.970793064871008e-05 1.0 5.2254005837073505e-05 -0.01777142431165718 -0.00010152838427947599 -5.225093497808825e-05 1.0 0.0002913390384782222 0.0 0.0 0.0 1.0"/>
            <scale value="1"/>
        </transform>
    </shape>
    <shape name="temp13" type="ply">
        <string name="filename" value="meshes/Cube_009.ply"/>
        <boolean name="face_normals" value="true"/>
        <ref id="mat-Material" name="bsdf"/>
        <transform name="to_world">
            <matrix value="0.9999991135176153 0.001455927229190089 0.0003173701870501692 0.0006385586665058618 -0.0014557237508133476 0.9999987484955875 -0.0006392295214271091 -0.01577104637381005 -0.0003183008082946384 0.0006387678521889855 0.9999997636046695 0.0005017255421000399 0.0 0.0 0.0 1.0"/>
            <scale value="1"/>
        </transform>
    </shape>
    <shape name="temp14" type="ply">
        <string name="filename" value="meshes/Cube_010.ply"/>
        <boolean name="face_normals" value="true"/>
        <ref id="mat-Material" name="bsdf"/>
        <transform name="to_world">
            <matrix value="0.9999991135176153 -0.0002320727207497346 0.0015660245066311256 0.0029522747562711338 0.00023170477654438528 1.0 0.00023513463423259693 -0.017783880374357464 -0.0015660819428857128 -0.00023477179859956657 0.9999988180233473 0.0026113092466997223 0.0 0.0 0.0 1.0"/>
            <scale value="1"/>
        </transform>
    </shape>
    <shape name="temp15" type="ply">
        <string name="filename" value="meshes/Cube_011.ply"/>
        <boolean name="face_normals" value="true"/>
        <ref id="mat-Material" name="bsdf"/>
        <transform name="to_world">
            <matrix value="0.9999991135176153 -0.0014948365013776979 -0.0003050468984696239 -0.0005337171577874944 0.0014947201109166762 0.9999987484955875 -0.00038399111910022266 -0.020498962381494124 0.00030562056426376754 0.0003835360422841624 1.0 -0.0004799236048986799 0.0 0.0 0.0 1.0"/>
            <scale value="1"/>
        </transform>
    </shape>
    <shape name="temp16" type="ply">
        <string name="filename" value="meshes/Cube_012.ply"/>
        <boolean name="face_normals" value="true"/>
        <ref id="mat-Material" name="bsdf"/>
        <transform name="to_world">
            <matrix value="1.0 -0.0005912899464564696 -0.0001341300013569092 -0.0005708530677384083 0.0005911995347740444 0.9999995828318625 -0.0006917069208515337 -0.019350612058781635 0.00013453921532125234 0.0006916272268956643 0.9999997636046695 -0.00010133221253227909 0.0 0.0 0.0 1.0"/>
            <scale value="1"/>
        </transform>
    </shape>
    <shape name="temp17" type="ply">
        <string name="filename" value="meshes/Cube_013.ply"/>
        <boolean name="face_normals" value="true"/>
        <ref id="mat-Material" name="bsdf"/>
        <transform name="to_world">
            <matrix value="0.9999995567588077 0.0010537124835479318 6.112757735918994e-05 -0.000479875176697786 -0.0010538502589415046 0.9999966626548998 0.002334056387850982 -0.014018478602302098 -5.86678474612031e-05 -0.0023341203905528104 0.9999973996513641 0.0002461203764374531 0.0 0.0 0.0 1.0"/>
            <scale value="1"/>
        </transform>
    </shape>
    <shape name="temp18" type="ply">
        <string name="filename" value="meshes/Cube_014.ply"/>
        <boolean name="face_normals" value="true"/>
        <ref id="mat-Material" name="bsdf"/>
        <transform name="to_world">
            <matrix value="1.0 -0.0005367994443320408 -2.7922070860918697e-05 -0.00010972387633589875 0.0005367207598217815 0.9999960369026935 -0.0027219976729243663 -0.020351227442559572 2.9383212151191342e-05 0.002721974123060429 0.999996454070042 -7.219721666062995e-05 0.0 0.0 0.0 1.0"/>
            <scale value="1"/>
        </transform>
    </shape>
    <shape name="temp19" type="ply">
        <string name="filename" value="meshes/Cube_015.ply"/>
        <boolean name="face_normals" value="true"/>
        <ref id="mat-Material" name="bsdf"/>
        <transform name="to_world">
            <matrix value="1.0 -0.00023477597028094188 -4.0218883164444625e-05 0.0004884539478751115 0.00023477466504263092 1.0 -2.999289395636426e-05 -0.01802510548885705 4.022586684679989e-05 2.9983334132905596e-05 1.0 -8.652165494593689e-05 0.0 0.0 0.0 1.0"/>
            <scale value="1"/>
        </transform>
    </shape>
    <shape name="temp20" type="ply">
        <string name="filename" value="meshes/Cube_016.ply"/>
        <boolean name="face_normals" value="true"/>
        <ref id="mat-Material" name="bsdf"/>
        <transform name="to_world">
            <matrix value="1.0 0.0003035899404075316 0.00033567900539974215 0.0005354742334190421 -0.00030445085075714464 0.9999966626548998 0.0025676315220880706 -0.0171020681599805 -0.00033489841798353627 -0.002567726204207975 0.9999966904653725 0.0004736412819983382 0.0 0.0 0.0 1.0"/>
            <scale value="1"/>
        </transform>
    </shape>
    <shape name="temp21" type="ply">
        <string name="filename" value="meshes/Cube_017.ply"/>
        <boolean name="face_normals" value="true"/>
        <ref id="mat-Material" name="bsdf"/>
        <transform name="to_world">
            <matrix value="1.0 -0.00031404208809339564 0.0001296860055382698 0.0004294839280449825 0.00031406253601334687 1.0 -0.00015936402091436768 -0.01793826566974066 -0.00012963608125142944 0.0001594047427845556 1.0 4.947120929391091e-05 0.0 0.0 0.0 1.0"/>
            <scale value="1"/>
        </transform>
    </shape>
    <shape name="temp22" type="ply">
        <string name="filename" value="meshes/Cube_018.ply"/>
        <boolean name="face_normals" value="true"/>
        <ref id="mat-Material" name="bsdf"/>
        <transform name="to_world">
            <matrix value="1.0 0.0006876787304739238 -0.0002523685630142485 0.0005482060849689163 -0.0006873075225122202 0.9999987484955875 0.001476258107768849 -0.017788094104463414 0.0002533823735388554 -0.0014760847935956346 0.999999054418678 -0.00011435465529757716 0.0 0.0 0.0 1.0"/>
            <scale value="1"/>
        </transform>
    </shape>
    <shape name="temp23" type="ply">
        <string name="filename" value="meshes/Cube_019.ply"/>
        <boolean name="face_normals" value="true"/>
        <ref id="mat-Material" name="bsdf"/>
        <transform name="to_world">
            <matrix value="0.9999432651273786 0.008812872974387964 -0.006009547534609458 0.003247133491876275 -0.00877248340948217 0.9999388848678515 0.006714903921845813 -0.018119052853983686 0.006068361975579184 -0.006661803876743502 0.9999595763984793 -0.0009289731348880448 0.0 0.0 0.0 1.0"/>
            <scale value="1"/>
        </transform>
    </shape>
    <shape name="temp24" type="ply">
        <string name="filename" value="meshes/Cube_020.ply"/>
        <boolean name="face_normals" value="true"/>
        <ref id="mat-Material" name="bsdf"/>
        <transform name="to_world">
            <matrix value="0.9999818462608788 0.0014667025873996392 0.005830313402366816 -0.004458227737586862 -0.0015143777892576407 0.999965419132972 0.00818093319291668 -0.015888062564384353 -0.005818108848109876 -0.008189602590516485 0.9999496477899775 -0.0004602836236551333 0.0 0.0 0.0 1.0"/>
            <scale value="1"/>
        </transform>
    </shape>
    <shape name="temp25" type="ply">
        <string name="filename" value="meshes/Cube_021.ply"/>
        <boolean name="face_normals" value="true"/>
        <ref id="mat-Material" name="bsdf"/>
        <transform name="to_world">
            <matrix value="0.9988010325746817 0.0416000066746902 0.025813448152121343 -0.016468662915336052 -0.04165853319078697 0.9991304130173145 0.0017329999843979083 -0.02260086438625264 -0.025718919484350927 -0.0028062712886115187 0.999665264211969 -0.012877568959439034 0.0 0.0 0.0 1.0"/>
            <scale value="1"/>
        </transform>
    </shape>
    <shape name="temp26" type="ply">
        <string name="filename" value="meshes/Cube_022.ply"/>
        <boolean name="face_normals" value="true"/>
        <ref id="mat-Material" name="bsdf"/>
        <transform name="to_world">
            <matrix value="0.9991808902765292 0.037080782523992384 0.016208611314542425 -0.007873417793142101 -0.03710260767658286 0.9993108382367971 0.001047013830545208 -0.02210112007113174 -0.016158623611990205 -0.001647536726439908 0.999868091405564 -0.011788944078950203 0.0 0.0 0.0 1.0"/>
            <scale value="1"/>
        </transform>
    </shape>
    <shape name="temp27" type="ply">
        <string name="filename" value="meshes/Cube_023.ply"/>
        <boolean name="face_normals" value="true"/>
        <ref id="mat-Material" name="bsdf"/>
        <transform name="to_world">
            <matrix value="0.9994747591870602 0.030807449788600047 0.010077414742842067 -0.0027586834423478646 -0.03089718665950389 0.9994831286775979 0.008873358766318961 -0.0198346920767683 -0.00979885271449771 -0.009180053939840184 0.999909933379068 -0.008895918175434364 0.0 0.0 0.0 1.0"/>
            <scale value="1"/>
        </transform>
    </shape>
    <shape name="temp28" type="ply">
        <string name="filename" value="meshes/Cube_024.ply"/>
        <boolean name="face_normals" value="true"/>
        <ref id="mat-Material" name="bsdf"/>
        <transform name="to_world">
            <matrix value="0.999557202048838 0.028613249677216155 0.008207031248153161 -0.0009637126682127128 -0.028728349883959458 0.9994854231023543 0.014266481837037569 -0.016453255765121966 -0.007794604690910188 -0.014495935739420094 0.9998645454756061 -0.007657099405291218 0.0 0.0 0.0 1.0"/>
            <scale value="1"/>
        </transform>
    </shape>
    <shape name="temp29" type="ply">
        <string name="filename" value="meshes/Cube_025.ply"/>
        <boolean name="face_normals" value="true"/>
        <ref id="mat-Material" name="bsdf"/>
        <transform name="to_world">
            <matrix value="0.9995235157182192 0.030567452959077892 0.004355040255760836 0.0010705275605042974 -0.03060751967547653 0.999486674606767 0.009448437686900058 -0.019579864075094044 -0.004063994276869725 -0.009577220951018203 0.9999458654693085 -0.004931234856733968 0.0 0.0 0.0 1.0"/>
            <scale value="1"/>
        </transform>
    </shape>
    <shape name="temp30" type="ply">
        <string name="filename" value="meshes/Cube_026.ply"/>
        <boolean name="face_normals" value="true"/>
        <ref id="mat-Material" name="bsdf"/>
        <transform name="to_world">
            <matrix value="0.9995328237832586 0.028233960406572067 0.01172615397562575 0.007874393117923706 -0.028409171901345148 0.9994831286775979 0.015053370973773829 -0.012651377638320194 -0.011295079845468391 -0.015379456137899102 0.9998179755954917 -0.014895247336325745 0.0 0.0 0.0 1.0"/>
            <scale value="1"/>
        </transform>
    </shape>
    <shape name="temp31" type="ply">
        <string name="filename" value="meshes/Cube_027.ply"/>
        <boolean name="face_normals" value="true"/>
        <ref id="mat-Material" name="bsdf"/>
        <transform name="to_world">
            <matrix value="0.9993174085637745 0.03282773250344686 0.01696006479123219 0.017889900604324716 -0.03297244192210657 0.999421596377312 0.008323550506571553 -0.02660996273880073 -0.01667701634850814 -0.00887707932243551 0.9998217579207802 -0.024857146887969472 0.0 0.0 0.0 1.0"/>
            <scale value="1"/>
        </transform>
    </shape>
    <shape name="temp32" type="ply">
        <string name="filename" value="meshes/Cube_028.ply"/>
        <boolean name="face_normals" value="true"/>
        <ref id="mat-Material" name="bsdf"/>
        <transform name="to_world">
            <matrix value="0.9994091594905917 -0.01194352377754092 0.03223645111982832 0.04298678455834559 0.01051614993608462 0.9989720977091212 0.044090376771605704 0.09040409446028391 -0.03272992250370993 -0.04372531146816069 0.9985073998830316 -0.056957907162983545 0.0 0.0 0.0 1.0"/>
            <scale value="1"/>
        </transform>
    </shape>
    <shape name="temp33" type="ply">
        <string name="filename" value="meshes/Cube_029.ply"/>
        <boolean name="face_normals" value="true"/>
        <ref id="mat-Material" name="bsdf"/>
        <transform name="to_world">
            <matrix value="0.9444024842782349 -0.32719665097419187 0.03234911713435907 0.019070559647210494 0.32280458205015006 0.9413966372076433 0.09782346091274129 0.8219520877017624 -0.062460883964774734 -0.08194225141472145 0.994678031923771 -0.17404710716492477 0.0 0.0 0.0 1.0"/>
            <scale value="1"/>
        </transform>
    </shape>
    <shape name="temp34" type="ply">
        <string name="filename" value="meshes/Cube_030.ply"/>
        <boolean name="face_normals" value="true"/>
        <ref id="mat-Material" name="bsdf"/>
        <transform name="to_world">
            <matrix value="0.9995760412759219 -0.024440518375520696 -0.015808841439533386 -0.0050797127921660135 0.023633861241782312 0.99850205124781 -0.04934327028577439 0.015594156650092617 0.01699112635129846 0.04894872895414954 0.9986567813496533 -0.02653396707950373 0.0 0.0 0.0 1.0"/>
            <scale value="1"/>
        </transform>
    </shape>
    <shape name="temp35" type="ply">
        <string name="filename" value="meshes/Cube_031.ply"/>
        <boolean name="face_normals" value="true"/>
        <ref id="mat-Material" name="bsdf"/>
        <transform name="to_world">
            <matrix value="0.9978174803688475 0.05754990895305399 -0.03237684630663028 -0.043164601572188044 -0.05445953828451475 0.994509232973804 0.08936185553314002 -0.012338139992555508 0.03734185154256799 -0.08740358722881465 0.9954730294203444 -0.2197262759364098 0.0 0.0 0.0 1.0"/>
            <scale value="1"/>
        </transform>
    </shape>
    <shape name="temp36" type="ply">
        <string name="filename" value="meshes/Cube_032.ply"/>
        <boolean name="face_normals" value="true"/>
        <ref id="mat-Material" name="bsdf"/>
        <transform name="to_world">
            <matrix value="0.9968077769326645 0.07855284373090152 0.014285440742546101 -0.029347722345741456 -0.07974569479829866 0.9707951016117291 0.22626869827965662 0.026726032189615223 0.003905814792554257 -0.22668562000571524 0.9739603451560942 -0.4687342405000703 0.0 0.0 0.0 1.0"/>
            <scale value="1"/>
        </transform>
    </shape>
    <shape name="temp37" type="ply">
        <string name="filename" value="meshes/Cube_033.ply"/>
        <boolean name="face_normals" value="true"/>
        <ref id="mat-Material" name="bsdf"/>
        <transform name="to_world">
            <matrix value="0.9968680577348248 0.041869914459673405 0.06708953851376365 -0.021798104115367423 -0.07573533713811574 0.7496544804900891 0.6574818412926853 0.27635656253695884 -0.02276527098880018 -0.6605035636588149 0.750477873160667 -0.47396724714038463 0.0 0.0 0.0 1.0"/>
            <scale value="1"/>
        </transform>
    </shape>
    <shape name="temp38" type="ply">
        <string name="filename" value="meshes/Cube_034.ply"/>
        <boolean name="face_normals" value="true"/>
        <ref id="mat-Material" name="bsdf"/>
        <transform name="to_world">
            <matrix value="0.9999654271869963 0.007903171103597449 -0.002713629278223593 -0.022543378396292724 -0.0013125745753306136 0.4692805726884192 0.8830481381267372 0.36110033655417473 0.008252339870254439 -0.8830137477759724 0.46927451691432226 -0.20433158787623762 0.0 0.0 0.0 1.0"/>
            <scale value="1"/>
        </transform>
    </shape>
    <shape name="temp39" type="ply">
        <string name="filename" value="meshes/Cube_035.ply"/>
        <boolean name="face_normals" value="true"/>
        <ref id="mat-Material" name="bsdf"/>
        <transform name="to_world">
            <matrix value="0.9999029301788744 -0.01101144500785319 -0.008583183498092999 0.006009046315927691 0.012134782554735855 0.381417662481775 0.9243232356279913 0.1043255290480794 -0.006904354756066642 -0.9243371719754789 0.381514168826926 -0.04224985703138401 0.0 0.0 0.0 1.0"/>
            <scale value="1"/>
        </transform>
    </shape>
    <shape name="temp40" type="ply">
        <string name="filename" value="meshes/Cube_036.ply"/>
        <boolean name="face_normals" value="true"/>
        <ref id="mat-Material" name="bsdf"/>
        <transform name="to_world">
            <matrix value="0.9999193301029915 -0.00944061298686129 -0.008500705167270972 0.009812984254835122 0.011274974424983202 0.3511794386168373 0.9362403970306855 -0.21426117651147963 -0.005853407726935058 -0.9362604630983495 0.35125745768168987 0.14056581041562766 0.0 0.0 0.0 1.0"/>
            <scale value="1"/>
        </transform>
    </shape>
    <shape name="temp41" type="ply">
        <string name="filename" value="meshes/Cube_037.ply"/>
        <boolean name="face_normals" value="true"/>
        <ref id="mat-Material" name="bsdf"/>
        <transform name="to_world">
            <matrix value="0.9999552326395722 -0.006558229371557059 -0.006841044470216788 0.002940568481605954 0.008344990576692251 0.2672410376640253 0.9635937007263483 -0.5564002484344671 -0.004491261056651543 -0.9636072946020529 0.2672836899987282 0.5495442432974278 0.0 0.0 0.0 1.0"/>
            <scale value="1"/>
        </transform>
    </shape>
    <shape name="temp42" type="ply">
        <string name="filename" value="meshes/Cube_038.ply"/>
        <boolean name="face_normals" value="true"/>
        <ref id="mat-Material" name="bsdf"/>
        <transform name="to_world">
            <matrix value="0.9999131247262986 -0.011302720144840779 -0.006808800147132453 0.0015276554163681233 0.009581961501842996 0.2672122530625356 0.9635901547963904 -0.876802116463022 -0.00907179532185516 -0.9635714181422251 0.26729740092789894 0.7541933180906721 0.0 0.0 0.0 1.0"/>
            <scale value="1"/>
        </transform>
    </shape>
    <shape name="temp43" type="ply">
        <string name="filename" value="meshes/Cube_039.ply"/>
        <boolean name="face_normals" value="true"/>
        <ref id="mat-Material" name="bsdf"/>
        <transform name="to_world">
            <matrix value="0.9999378423079253 0.0032059234968770316 -0.010702474742076973 0.01853422448168418 0.00825923297652447 0.4329835080384554 0.9013639886423254 -1.3193321523664223 0.007523697915540904 -0.9013961914653783 0.432929981206421 1.4382852868483813 0.0 0.0 0.0 1.0"/>
            <scale value="1"/>
        </transform>
    </shape>
    <shape name="temp47" type="ply">
        <string name="filename" value="meshes/Plane_001.ply"/>
        <boolean name="face_normals" value="true"/>
        <ref id="mat-Material.002" name="bsdf"/>
        <transform name="to_world">
            <scale value="1"/>
        </transform>
    </shape>
    <shape name="temp49" type="ply">
        <string name="filename" value="meshes/Plane_002.ply"/>
        <boolean name="face_normals" value="true"/>
        <ref id="mat-Material.003" name="bsdf"/>
        <transform name="to_world">
            <scale value="1"/>
        </transform>
    </shape>
    <shape name="temp51" type="ply">
        <string name="filename" value="meshes/Plane_003.ply"/>
        <boolean name="face_normals" value="true"/>
        <ref id="mat-Material.004" name="bsdf"/>
        <transform name="to_world">
            <scale value="1"/>
        </transform>
    </shape>
    <shape name="temp53" type="ply">
        <string name="filename" value="meshes/Plane_004.ply"/>
        <boolean name="face_normals" value="true"/>
        <ref id="mat-Material.005" name="bsdf"/>
        <transform name="to_world">
            <scale value="1"/>
        </transform>
    </shape>
    <emitter type="point">
        <transform name="to_world">
            <rotate angle="-142.5518126578256" x="1"/>
            <rotate angle="3.976628485794621e-06" y="1"/>
            <rotate angle="-179.999991348578" z="1"/>
            <translate value="-0.000000 3.030926 4.073377"/>
        </transform>
        <rgb name="intensity" value="100"/>
    </emitter>
</scene>
