
<scene version="2.1.0">
    <default name="spp" value="1024"/>
    <default name="resx" value="640"/>
    <default name="resy" value="360"/>
    <integrator name="temp0" type="path">
        <integer name="max_depth" value="12"/>
    </integrator>
    <sensor name="temp44" type="perspective">
        <string name="fov_axis" value="x"/>
        <float name="fov" value="83.974423"/>
        <float name="principal_point_offset_x" value="0.000000"/>
        <float name="principal_point_offset_y" value="-0.000000"/>
        <float name="near_clip" value="0.100000"/>
        <float name="far_clip" value="1000.000000"/>
        <sampler name="sampler" type="independent">
            <integer name="sample_count" value="$spp"/>
        </sampler>
        <film name="film" type="hdrfilm">
            <integer name="width" value="$resx"/>
            <integer name="height" value="$resy"/>
        </film>
        <float name="shutter_open" value="0.0"/>
        <float name="shutter_close" value="0.0015"/>
        <animation name="to_world">
            <transform time="0">
                <rotate angle="-142.5518126578256" x="1"/>
                <rotate angle="3.976628485794621e-06" y="1"/>
                <rotate angle="-179.999991348578" z="1"/>
                <translate value="-0.000000 3.030926 4.073377"/>
            </transform>
            <transform time="0.0015">
                <rotate angle="-142.5518126578256" x="1"/>
                <rotate angle="3.976628485794621e-06" y="1"/>
                <rotate angle="-179.999991348578" z="1"/>
                <translate value="-0.000000 3.030926 4.073377"/>
                <translate x="0.15" y="0.0" z="0.0"/>
            </transform>
        </animation>
    </sensor>
    <bsdf id="mat-Material" name="mat-Material" type="twosided">
        <bsdf name="bsdf" type="diffuse">
            <texture name="reflectance" type="bitmap">
                <string name="filename" value="textures/siggraph_2023_logo.jpg"/>
            </texture>
        </bsdf>
    </bsdf>
    <bsdf id="mat-Material.001" name="mat-Material.001" type="twosided">
        <bsdf name="bsdf" type="principled">
            <rgb name="base_color" value="0.433648 0.266232 0.084399"/>
            <float name="spec_tint" value="0.000000"/>
            <float name="spec_trans" value="0.000000"/>
            <float name="metallic" value="0.000000"/>
            <float name="anisotropic" value="0.000000"/>
            <float name="roughness" value="0.500000"/>
            <float name="sheen" value="0.000000"/>
            <float name="sheen_tint" value="0.500000"/>
            <float name="clearcoat" value="0.000000"/>
            <float name="clearcoat_gloss" value="0.173205"/>
            <float name="specular" value="0.500000"/>
        </bsdf>
    </bsdf>
    <bsdf id="mat-Material.002" name="mat-Material.002" type="twosided">
        <bsdf name="bsdf" type="principled">
            <rgb name="base_color" value="0.433648 0.266232 0.084399"/>
            <float name="spec_tint" value="0.000000"/>
            <float name="spec_trans" value="0.000000"/>
            <float name="metallic" value="0.000000"/>
            <float name="anisotropic" value="0.000000"/>
            <float name="roughness" value="0.500000"/>
            <float name="sheen" value="0.000000"/>
            <float name="sheen_tint" value="0.500000"/>
            <float name="clearcoat" value="0.000000"/>
            <float name="clearcoat_gloss" value="0.173205"/>
            <float name="specular" value="0.500000"/>
        </bsdf>
    </bsdf>
    <bsdf id="mat-Material.003" name="mat-Material.003" type="twosided">
        <bsdf name="bsdf" type="principled">
            <rgb name="base_color" value="0.433648 0.266232 0.084399"/>
            <float name="spec_tint" value="0.000000"/>
            <float name="spec_trans" value="0.000000"/>
            <float name="metallic" value="0.000000"/>
            <float name="anisotropic" value="0.000000"/>
            <float name="roughness" value="0.500000"/>
            <float name="sheen" value="0.000000"/>
            <float name="sheen_tint" value="0.500000"/>
            <float name="clearcoat" value="0.000000"/>
            <float name="clearcoat_gloss" value="0.173205"/>
            <float name="specular" value="0.500000"/>
        </bsdf>
    </bsdf>
    <bsdf id="mat-Material.004" name="mat-Material.004" type="twosided">
        <bsdf name="bsdf" type="principled">
            <rgb name="base_color" value="0.433648 0.266232 0.084399"/>
            <float name="spec_tint" value="0.000000"/>
            <float name="spec_trans" value="0.000000"/>
            <float name="metallic" value="0.000000"/>
            <float name="anisotropic" value="0.000000"/>
            <float name="roughness" value="0.500000"/>
            <float name="sheen" value="0.000000"/>
            <float name="sheen_tint" value="0.500000"/>
            <float name="clearcoat" value="0.000000"/>
            <float name="clearcoat_gloss" value="0.173205"/>
            <float name="specular" value="0.500000"/>
        </bsdf>
    </bsdf>
    <bsdf id="mat-Material.005" name="mat-Material.005" type="twosided">
        <bsdf name="bsdf" type="principled">
            <rgb name="base_color" value="0.433648 0.266232 0.084399"/>
            <float name="spec_tint" value="0.000000"/>
            <float name="spec_trans" value="0.000000"/>
            <float name="metallic" value="0.000000"/>
            <float name="anisotropic" value="0.000000"/>
            <float name="roughness" value="0.500000"/>
            <float name="sheen" value="0.000000"/>
            <float name="sheen_tint" value="0.500000"/>
            <float name="clearcoat" value="0.000000"/>
            <float name="clearcoat_gloss" value="0.173205"/>
            <float name="specular" value="0.500000"/>
        </bsdf>
    </bsdf>
    <emitter name="temp45" type="point">
        <point name="position" x="-6.815235034541981e-16" y="3.0693089962005615" z="4.109199523925781"/>
        <rgb name="intensity" value="7.957747 7.957747 7.957747"/>
    </emitter>
    <shape name="temp2" type="ply">
        <string name="filename" value="meshes/Cube.ply"/>
        <boolean name="face_normals" value="true"/>
        <ref id="mat-Material" name="bsdf"/>
        <transform name="to_world">
            <matrix value="1.0 0.00014853876430625984 0.0002835916582706925 -0.0009921960060705892 -0.00014829254627881288 0.9999995828318625 -0.0008687504757456027 -0.016308808994549673 -0.00028372178991431263 0.0008687088437559316 0.9999995272093389 0.0006855875305920023 0.0 0.0 0.0 1.0"/>
            <scale value="1"/>
        </transform>
    </shape>
    <shape name="temp4" type="ply">
        <string name="filename" value="meshes/Plane.ply"/>
        <boolean name="face_normals" value="true"/>
        <ref id="mat-Material.001" name="bsdf"/>
        <transform name="to_world">
            <scale value="1"/>
        </transform>
    </shape>
    <shape name="temp5" type="ply">
        <string name="filename" value="meshes/Cube_001.ply"/>
        <boolean name="face_normals" value="true"/>
        <ref id="mat-Material" name="bsdf"/>
        <transform name="to_world">
            <matrix value="1.0 2.434176082499171e-05 -3.397071818319787e-05 0.0005636545902536483 -2.4291922195214058e-05 0.9999989570796561 0.0014652089900198618 -0.019093851072418178 3.4006395083923286e-05 -0.0014652071344094882 0.999999054418678 -0.00010282718989418349 0.0 0.0 0.0 1.0"/>
            <scale value="1"/>
        </transform>
    </shape>
    <shape name="temp6" type="ply">
        <string name="filename" value="meshes/Cube_002.ply"/>
        <boolean name="face_normals" value="true"/>
        <ref id="mat-Material" name="bsdf"/>
        <transform name="to_world">
            <matrix value="1.0 -7.608291633901586e-05 -7.095594962131832e-05 -0.0005824657453863402 7.619005827735198e-05 0.9999989570796561 0.0015134218176815198 -0.01891076051975127 7.084058032682833e-05 -0.001513427599426811 0.999999054418678 -0.00016536140573442104 0.0 0.0 0.0 1.0"/>
            <scale value="1"/>
        </transform>
    </shape>
    <shape name="temp7" type="ply">
        <string name="filename" value="meshes/Cube_003.ply"/>
        <boolean name="face_normals" value="true"/>
        <ref id="mat-Material" name="bsdf"/>
        <transform name="to_world">
            <matrix value="1.0 8.167526380670098e-05 0.0003048790577849474 -0.0006574753306414216 -8.191008586468378e-05 0.9999995828318625 0.0007709135402990212 -0.017772195187427342 -0.00030481519501725983 -0.0007709392332032465 0.9999997636046695 0.0007478690756825834 0.0 0.0 0.0 1.0"/>
            <scale value="1"/>
        </transform>
    </shape>
    <shape name="temp8" type="ply">
        <string name="filename" value="meshes/Cube_004.ply"/>
        <boolean name="face_normals" value="true"/>
        <ref id="mat-Material" name="bsdf"/>
        <transform name="to_world">
            <matrix value="1.0 -0.0004965051739278258 1.7431531638441854e-05 -0.0005208367525497692 0.0004965498105587144 0.9999962454867622 -0.0027271747306629804 -0.019060017624845882 -1.6077421825550905e-05 0.002727186638938891 0.999996454070042 3.3792639298917126e-05 0.0 0.0 0.0 1.0"/>
            <scale value="1"/>
        </transform>
    </shape>
    <shape name="temp9" type="ply">
        <string name="filename" value="meshes/Cube_005.ply"/>
        <boolean name="face_normals" value="true"/>
        <ref id="mat-Material" name="bsdf"/>
        <transform name="to_world">
            <matrix value="1.0 0.0001115682810378309 0.0003008839766989851 -0.000481167191661136 -0.00011177080175239837 0.9999997914159312 0.0006723035921216055 -0.01721146290649922 -0.0003008096243619543 -0.0006723373722161849 0.9999997636046695 0.0007448230746391893 0.0 0.0 0.0 1.0"/>
            <scale value="1"/>
        </transform>
    </shape>
    <shape name="temp10" type="ply">
        <string name="filename" value="meshes/Cube_006.ply"/>
        <boolean name="face_normals" value="true"/>
        <ref id="mat-Material" name="bsdf"/>
        <transform name="to_world">
            <matrix value="1.0 0.00024103140650323413 -0.00014722937580758554 -0.0007464445647520357 -0.00024102214964886432 1.0 6.0308231143571866e-05 -0.017173072791403676 0.0001472438376177027 -6.0272661094690914e-05 1.0 -0.00047621561607780194 0.0 0.0 0.0 1.0"/>
            <scale value="1"/>
        </transform>
    </shape>
    <shape name="temp11" type="ply">
        <string name="filename" value="meshes/Cube_007.ply"/>
        <boolean name="face_normals" value="true"/>
        <ref id="mat-Material" name="bsdf"/>
        <transform name="to_world">
            <matrix value="1.0 5.922786349424204e-05 -2.2563910659585527e-06 0.0003855971665887026 -5.922810432833889e-05 1.0 -0.00015775795103874473 -0.017756357647621956 2.2470466839353436e-06 0.00015775818014571684 1.0 2.3914991440054933e-05 0.0 0.0 0.0 1.0"/>
            <scale value="1"/>
        </transform>
    </shape>
    <shape name="temp12" type="ply">
        <string name="filename" value="meshes/Cube_008.ply"/>
        <boolean name="face_normals" value="true"/>
        <ref id="mat-Material" name="bsdf"/>
        <transform name="to_world">
            <matrix value="1.0 -2.8835078834348792e-05 1.3865578995991209e-05 -9.139341944264245e-05 2.8834036313864407e-05 1.0 6.84884551612429e-05 -0.01775317872682547 -1.3867554212830237e-05 -6.848816181117718e-05 1.0 5.709361932582091e-05 0.0 0.0 0.0 1.0"/>
            <scale value="1"/>
        </transform>
    </shape>
    <shape name="temp13" type="ply">
        <string name="filename" value="meshes/Cube_009.ply"/>
        <boolean name="face_normals" value="true"/>
        <ref id="mat-Material" name="bsdf"/>
        <transform name="to_world">
            <matrix value="0.999997340552846 -0.002423000148094689 0.0001283874859876668 0.00018654425878716907 0.0024228405732349694 0.9999962454867622 0.00123312551031842 -0.02091829673653317 -0.00013137491644903525 -0.0012328090225124785 0.9999992908140084 0.00018835744021394873 0.0 0.0 0.0 1.0"/>
            <scale value="1"/>
        </transform>
    </shape>
    <shape name="temp14" type="ply">
        <string name="filename" value="meshes/Cube_010.ply"/>
        <boolean name="face_normals" value="true"/>
        <ref id="mat-Material" name="bsdf"/>
        <transform name="to_world">
            <matrix value="0.9999995567588077 0.0008559330695440143 0.00028610217668092444 0.0005079092180435563 -0.000855938634143401 0.9999995828318625 2.469172866922194e-05 -0.016310228928855197 -0.00028608116278121433 -2.4936642589112332e-05 1.0 0.00044749805167554335 0.0 0.0 0.0 1.0"/>
            <scale value="1"/>
        </transform>
    </shape>
    <shape name="temp15" type="ply">
        <string name="filename" value="meshes/Cube_011.ply"/>
        <boolean name="face_normals" value="true"/>
        <ref id="mat-Material" name="bsdf"/>
        <transform name="to_world">
            <matrix value="1.0 -0.0006310460699632684 -0.00016010393829892758 -0.0001024487374405858 0.0006310336207309225 0.9999997914159312 -7.273718843686425e-05 -0.018791543664622268 0.00016014969141548186 7.263606460265779e-05 1.0 -0.0002763065135791276 0.0 0.0 0.0 1.0"/>
            <scale value="1"/>
        </transform>
    </shape>
    <shape name="temp16" type="ply">
        <string name="filename" value="meshes/Cube_012.ply"/>
        <boolean name="face_normals" value="true"/>
        <ref id="mat-Material" name="bsdf"/>
        <transform name="to_world">
            <matrix value="1.0 -0.00046338828132984865 -0.0001039364077649247 -0.0005721673303864527 0.0004633421804275327 0.9999997914159312 -0.0004633750350456077 -0.01895082702034373 0.00010415104241463617 0.00046332779194990646 1.0 -7.792406894613357e-05 0.0 0.0 0.0 1.0"/>
            <scale value="1"/>
        </transform>
    </shape>
    <shape name="temp17" type="ply">
        <string name="filename" value="meshes/Cube_013.ply"/>
        <boolean name="face_normals" value="true"/>
        <ref id="mat-Material" name="bsdf"/>
        <transform name="to_world">
            <matrix value="1.0 -0.0002315721189846962 7.764073677805456e-06 -0.0004146769154728114 0.0002315757933574102 0.9999997914159312 -0.00048247341379915187 -0.018526229452247023 -7.652337565400238e-06 0.0004824758094626249 1.0 6.927011020718687e-05 0.0 0.0 0.0 1.0"/>
            <scale value="1"/>
        </transform>
    </shape>
    <shape name="temp18" type="ply">
        <string name="filename" value="meshes/Cube_014.ply"/>
        <boolean name="face_normals" value="true"/>
        <ref id="mat-Material" name="bsdf"/>
        <transform name="to_world">
            <matrix value="1.0 -3.86366528097317e-05 -3.838090946957143e-06 2.8123194916740424e-05 3.8637113116925253e-05 1.0 0.0001423801983924172 -0.0176813184971078 3.832595779989256e-06 -0.00014238052826001256 1.0 6.257593485048396e-06 0.0 0.0 0.0 1.0"/>
            <scale value="1"/>
        </transform>
    </shape>
    <shape name="temp19" type="ply">
        <string name="filename" value="meshes/Cube_015.ply"/>
        <boolean name="face_normals" value="true"/>
        <ref id="mat-Material" name="bsdf"/>
        <transform name="to_world">
            <matrix value="1.0 -0.0002579037718257155 -5.242822919567434e-06 0.0006428904507544964 0.0002579029904596766 1.0 -1.565835390366701e-05 -0.018045202141786787 5.246867614493633e-06 1.5656987670595697e-05 1.0 -1.707475649986856e-05 0.0 0.0 0.0 1.0"/>
            <scale value="1"/>
        </transform>
    </shape>
    <shape name="temp20" type="ply">
        <string name="filename" value="meshes/Cube_016.ply"/>
        <boolean name="face_normals" value="true"/>
        <ref id="mat-Material" name="bsdf"/>
        <transform name="to_world">
            <matrix value="1.0 -0.0003306558091706072 0.00023428290185669622 0.0005533039052950661 0.0003307332804989832 0.9999997914159312 -0.0003311402150535601 -0.018132785583436506 -0.0002341731867446062 0.0003312169003155877 1.0 0.00016126135779001571 0.0 0.0 0.0 1.0"/>
            <scale value="1"/>
        </transform>
    </shape>
    <shape name="temp21" type="ply">
        <string name="filename" value="meshes/Cube_017.ply"/>
        <boolean name="face_normals" value="true"/>
        <ref id="mat-Material" name="bsdf"/>
        <transform name="to_world">
            <matrix value="0.9999995567588077 0.0010372531146816068 1.9159888818548144e-05 0.00038194491025256294 -0.0010372996328189962 0.9999958283186247 0.0026458547369605516 -0.017550930277220878 -1.6415393234721032e-05 -0.002645876397252531 0.999996454070042 7.433906627277165e-05 0.0 0.0 0.0 1.0"/>
            <scale value="1"/>
        </transform>
    </shape>
    <shape name="temp22" type="ply">
        <string name="filename" value="meshes/Cube_018.ply"/>
        <boolean name="face_normals" value="true"/>
        <ref id="mat-Material" name="bsdf"/>
        <transform name="to_world">
            <matrix value="0.9999951243468841 0.003164257868312534 -0.00018693504470944884 0.0003251298385689716 -0.0031634256870681724 0.999985816283324 0.004297359795111439 -0.017885642696132686 0.00020053029376253264 -0.00429675464047407 0.9999907805821093 6.657938016740861e-06 0.0 0.0 0.0 1.0"/>
            <scale value="1"/>
        </transform>
    </shape>
    <shape name="temp23" type="ply">
        <string name="filename" value="meshes/Cube_019.ply"/>
        <boolean name="face_normals" value="true"/>
        <ref id="mat-Material" name="bsdf"/>
        <transform name="to_world">
            <matrix value="0.9999609947750728 0.008846350717424904 -0.000511810074317964 -0.0005082121930604921 -0.008843703404269654 0.9999484797350149 0.004964680173665466 -0.01666928603230383 0.0005557047800903148 -0.0049599622880003675 0.9999877074428124 0.00021546557660090393 0.0 0.0 0.0 1.0"/>
            <scale value="1"/>
        </transform>
    </shape>
    <shape name="temp24" type="ply">
        <string name="filename" value="meshes/Cube_020.ply"/>
        <boolean name="face_normals" value="true"/>
        <ref id="mat-Material" name="bsdf"/>
        <transform name="to_world">
            <matrix value="0.999999652313233 -0.00014627078928997858 3.460553785486018e-05 3.306341350031716e-05 0.00014584295595080623 0.999928332881624 0.011965953389510573 -0.017503400732413743 -3.635323341996361e-05 -0.011965938535303604 0.999928372214934 0.0004204022464832091 0.0 0.0 0.0 1.0"/>
            <scale value="1"/>
        </transform>
    </shape>
    <shape name="temp25" type="ply">
        <string name="filename" value="meshes/Cube_021.ply"/>
        <boolean name="face_normals" value="true"/>
        <ref id="mat-Material" name="bsdf"/>
        <transform name="to_world">
            <matrix value="0.997946906797015 0.06404525857124085 0.0008924703832110146 -0.0025176672443616988 -0.06404972634288784 0.9979254228520534 0.006519665018360826 -0.03266024121517386 -0.0004730624597758618 -0.006563439801594834 0.9999784880249218 9.659755154411975e-05 0.0 0.0 0.0 1.0"/>
            <scale value="1"/>
        </transform>
    </shape>
    <shape name="temp26" type="ply">
        <string name="filename" value="meshes/Cube_022.ply"/>
        <boolean name="face_normals" value="true"/>
        <ref id="mat-Material" name="bsdf"/>
        <transform name="to_world">
            <matrix value="0.9982367865368147 0.05935282620983975 0.0010359765325627475 -0.0022568037368710936 -0.0593565999500024 0.9982284955039704 0.004094508961983376 -0.035626513191047704 -0.0007911234745854365 -0.004148772587047347 0.9999910169774399 -0.0004348840110112162 0.0 0.0 0.0 1.0"/>
            <scale value="1"/>
        </transform>
    </shape>
    <shape name="temp27" type="ply">
        <string name="filename" value="meshes/Cube_023.ply"/>
        <boolean name="face_normals" value="true"/>
        <ref id="mat-Material" name="bsdf"/>
        <transform name="to_world">
            <matrix value="0.9986928817237474 0.05111283772368034 0.0008914586111963446 -0.0017354044609370067 -0.05111616997058652 0.9986838345260866 0.004202990779163737 -0.03435346006369644 -0.0006754596854405907 -0.004243056757810952 0.9999907805821093 -0.0006368777210869481 0.0 0.0 0.0 1.0"/>
            <scale value="1"/>
        </transform>
    </shape>
    <shape name="temp28" type="ply">
        <string name="filename" value="meshes/Cube_024.ply"/>
        <boolean name="face_normals" value="true"/>
        <ref id="mat-Material" name="bsdf"/>
        <transform name="to_world">
            <matrix value="0.9987389788077522 0.05019848859983773 0.0009380686785170069 -0.0017693470076260986 -0.05020482175498691 0.9987001040834503 0.008805655143655078 -0.036348125823028044 -0.0004948167374966092 -0.008841642974992858 0.9999609947704624 -0.00045009334018147884 0.0 0.0 0.0 1.0"/>
            <scale value="1"/>
        </transform>
    </shape>
    <shape name="temp29" type="ply">
        <string name="filename" value="meshes/Cube_025.ply"/>
        <boolean name="face_normals" value="true"/>
        <ref id="mat-Material" name="bsdf"/>
        <transform name="to_world">
            <matrix value="0.9990399395773606 0.043804615131105513 0.0009362058833124282 -0.0009882214012919555 -0.043810814907796966 0.9990065140804676 0.008149681740966508 -0.03295782917791973 -0.0005782790540169177 -0.0081828739964499 0.9999664318630647 -0.0004840436592435382 0.0 0.0 0.0 1.0"/>
            <scale value="1"/>
        </transform>
    </shape>
    <shape name="temp30" type="ply">
        <string name="filename" value="meshes/Cube_026.ply"/>
        <boolean name="face_normals" value="true"/>
        <ref id="mat-Material" name="bsdf"/>
        <transform name="to_world">
            <matrix value="0.998511152834882 0.05453860161068618 0.001270220665585237 -0.0015506564910596765 -0.05454871841241642 0.9984591894840257 0.01018807139706331 -0.045431497830010326 -0.0007126210270075723 -0.010242197391447636 0.9999475202366223 -0.0008775862565459924 0.0 0.0 0.0 1.0"/>
            <scale value="1"/>
        </transform>
    </shape>
    <shape name="temp31" type="ply">
        <string name="filename" value="meshes/Cube_027.ply"/>
        <boolean name="face_normals" value="true"/>
        <ref id="mat-Material" name="bsdf"/>
        <transform name="to_world">
            <matrix value="0.9983405049758256 0.05757848497047493 0.0012936261672610433 -0.0014935442530337184 -0.05758908704725128 0.9982825187777808 0.010752157934774745 -0.054696057350036964 -0.0006723126729748754 -0.010808797241684275 0.9999413739580284 -0.0008529880917889088 0.0 0.0 0.0 1.0"/>
            <scale value="1"/>
        </transform>
    </shape>
    <shape name="temp32" type="ply">
        <string name="filename" value="meshes/Cube_028.ply"/>
        <boolean name="face_normals" value="true"/>
        <ref id="mat-Material" name="bsdf"/>
        <transform name="to_world">
            <matrix value="0.9974017201304193 0.07203855467927071 0.0010128925285364623 -0.0034335616826235427 -0.07204548718412417 0.9973345041852394 0.011543514943258028 -0.08866383814159051 -0.00017861423300657593 -0.01158648625535279 0.9999328637261293 -0.00015693712447406583 0.0 0.0 0.0 1.0"/>
            <scale value="1"/>
        </transform>
    </shape>
    <shape name="temp33" type="ply">
        <string name="filename" value="meshes/Cube_029.ply"/>
        <boolean name="face_normals" value="true"/>
        <ref id="mat-Material" name="bsdf"/>
        <transform name="to_world">
            <matrix value="0.99960462885642 0.028116277274974292 0.00025735650448843815 -0.0010026563888814177 -0.02811703163146445 0.9994977295624116 0.01462020017011008 -0.019709650319690408 0.00015383749359516478 -0.014621645185983986 0.9998931493106004 0.00031620410992005965 0.0 0.0 0.0 1.0"/>
            <scale value="1"/>
        </transform>
    </shape>
    <shape name="temp34" type="ply">
        <string name="filename" value="meshes/Cube_030.ply"/>
        <boolean name="face_normals" value="true"/>
        <ref id="mat-Material" name="bsdf"/>
        <transform name="to_world">
            <matrix value="0.9999777140930852 -0.006687702168342106 0.00011438796706177127 0.0007789156137190112 0.006687806573177994 0.9999771190593585 -0.0009656970495933537 0.03623074403634485 -0.00010792668445432453 0.0009664580680237411 0.9999996653172647 -0.00024946970638928256 0.0 0.0 0.0 1.0"/>
            <scale value="1"/>
        </transform>
    </shape>
    <shape name="temp35" type="ply">
        <string name="filename" value="meshes/Cube_031.ply"/>
        <boolean name="face_normals" value="true"/>
        <ref id="mat-Material" name="bsdf"/>
        <transform name="to_world">
            <matrix value="0.9976601297455618 -0.06836111325489182 -0.0011963896759540087 -0.006967298153817136 0.06836959932769177 0.9976115038285606 0.00984418710974086 0.21139536790137547 0.0005205734831843157 -0.00990294791864387 0.9999508297712497 0.0015279932525085194 0.0 0.0 0.0 1.0"/>
            <scale value="1"/>
        </transform>
    </shape>
    <shape name="temp36" type="ply">
        <string name="filename" value="meshes/Cube_032.ply"/>
        <boolean name="face_normals" value="true"/>
        <ref id="mat-Material" name="bsdf"/>
        <transform name="to_world">
            <matrix value="0.998793940715604 -0.049090156292042726 -0.0011872033534096008 -0.004282542176491599 0.04909995443480543 0.9987382749680346 0.010525643929060597 0.1654440851796926 0.0006689972288560655 -0.010571236674085308 0.9999439743066644 0.0018790253026705894 0.0 0.0 0.0 1.0"/>
            <scale value="1"/>
        </transform>
    </shape>
    <shape name="temp37" type="ply">
        <string name="filename" value="meshes/Cube_033.ply"/>
        <boolean name="face_normals" value="true"/>
        <ref id="mat-Material" name="bsdf"/>
        <transform name="to_world">
            <matrix value="0.9985705471546575 -0.05345640488670756 -9.348324264420471e-05 -0.0036063576890339455 0.05345471050144762 0.9985211389524491 0.009904207884162505 0.1793254589444958 -0.00043609880378067006 -0.009895053011641078 0.9999510661665802 -0.0016101414950300263 0.0 0.0 0.0 1.0"/>
            <scale value="1"/>
        </transform>
    </shape>
    <shape name="temp38" type="ply">
        <string name="filename" value="meshes/Cube_034.ply"/>
        <boolean name="face_normals" value="true"/>
        <ref id="mat-Material" name="bsdf"/>
        <transform name="to_world">
            <matrix value="0.9987917245096423 -0.04914803837112529 -4.9244456884092054e-05 -0.002876898846685183 0.04914804610417586 0.9987914639055698 0.00023832195247413716 0.1596683168346832 3.747196499458359e-05 -0.0002404536286327523 1.0 6.9699690461833e-05 0.0 0.0 0.0 1.0"/>
            <scale value="1"/>
        </transform>
    </shape>
    <shape name="temp39" type="ply">
        <string name="filename" value="meshes/Cube_035.ply"/>
        <boolean name="face_normals" value="true"/>
        <ref id="mat-Material" name="bsdf"/>
        <transform name="to_world">
            <matrix value="0.9988617566180342 -0.04769610552685207 -0.0006593231245221859 -0.003172653238505685 0.047693018242034514 0.9988536219580622 -0.0041129714372977935 0.155116757109042 0.0008547418829240443 0.004076850714296144 0.9999912533727704 0.0026683300857314393 0.0 0.0 0.0 1.0"/>
            <scale value="1"/>
        </transform>
    </shape>
    <shape name="temp40" type="ply">
        <string name="filename" value="meshes/Cube_036.ply"/>
        <boolean name="face_normals" value="true"/>
        <ref id="mat-Material" name="bsdf"/>
        <transform name="to_world">
            <matrix value="0.998862643100419 -0.04768008627037084 0.0006591150966313193 -0.003366683210374699 0.04767697291087129 0.9988542477102684 0.004117037436982915 0.15383939738442776 -0.0008546620995094206 -0.004080920189477768 0.9999912533727704 -0.0026650342674197636 0.0 0.0 0.0 1.0"/>
            <scale value="1"/>
        </transform>
    </shape>
    <shape name="temp41" type="ply">
        <string name="filename" value="meshes/Cube_037.ply"/>
        <boolean name="face_normals" value="true"/>
        <ref id="mat-Material" name="bsdf"/>
        <transform name="to_world">
            <matrix value="0.9988630863416114 -0.04767030367754572 0.0006607627720851155 -0.0035890492551966524 0.047667221604639494 0.998854664878406 0.004126611447869392 0.15241013955532257 -0.000856723171053868 -0.00409042953717281 0.9999912533727704 -0.002668104497474455 0.0 0.0 0.0 1.0"/>
            <scale value="1"/>
        </transform>
    </shape>
    <shape name="temp42" type="ply">
        <string name="filename" value="meshes/Cube_038.ply"/>
        <boolean name="face_normals" value="true"/>
        <ref id="mat-Material" name="bsdf"/>
        <transform name="to_world">
            <matrix value="0.9990027073172029 -0.04359684454020771 0.00965845129854319 -0.01390065059591361 0.04346503802122948 0.998964171514508 0.013460822911057201 0.12888446720376262 -0.010235294586961263 -0.013027599843979117 0.9998628907082925 -0.0368125166889306 0.0 0.0 0.0 1.0"/>
            <scale value="1"/>
        </transform>
    </shape>
    <shape name="temp43" type="ply">
        <string name="filename" value="meshes/Cube_039.ply"/>
        <boolean name="face_normals" value="true"/>
        <ref id="mat-Material" name="bsdf"/>
        <transform name="to_world">
            <matrix value="0.9999762049143035 0.001225122099136407 -0.006830640715083378 0.009602913484421105 -0.0004437087165536402 0.9935670005535134 0.11324621495391662 -0.17092241066835318 0.006925429774308726 -0.11324043754226015 0.9935434455384148 0.04565515510957652 0.0 0.0 0.0 1.0"/>
            <scale value="1"/>
        </transform>
    </shape>
    <shape name="temp47" type="ply">
        <string name="filename" value="meshes/Plane_001.ply"/>
        <boolean name="face_normals" value="true"/>
        <ref id="mat-Material.002" name="bsdf"/>
        <transform name="to_world">
            <scale value="1"/>
        </transform>
    </shape>
    <shape name="temp49" type="ply">
        <string name="filename" value="meshes/Plane_002.ply"/>
        <boolean name="face_normals" value="true"/>
        <ref id="mat-Material.003" name="bsdf"/>
        <transform name="to_world">
            <scale value="1"/>
        </transform>
    </shape>
    <shape name="temp51" type="ply">
        <string name="filename" value="meshes/Plane_003.ply"/>
        <boolean name="face_normals" value="true"/>
        <ref id="mat-Material.004" name="bsdf"/>
        <transform name="to_world">
            <scale value="1"/>
        </transform>
    </shape>
    <shape name="temp53" type="ply">
        <string name="filename" value="meshes/Plane_004.ply"/>
        <boolean name="face_normals" value="true"/>
        <ref id="mat-Material.005" name="bsdf"/>
        <transform name="to_world">
            <scale value="1"/>
        </transform>
    </shape>
    <emitter type="point">
        <transform name="to_world">
            <rotate angle="-142.5518126578256" x="1"/>
            <rotate angle="3.976628485794621e-06" y="1"/>
            <rotate angle="-179.999991348578" z="1"/>
            <translate value="-0.000000 3.030926 4.073377"/>
        </transform>
        <rgb name="intensity" value="100"/>
    </emitter>
</scene>
