
<scene version="2.1.0">
    <default name="spp" value="1024"/>
    <default name="resx" value="1280"/>
    <default name="resy" value="720"/>
    <integrator name="temp0" type="path">
        <integer name="max_depth" value="12"/>
    </integrator>
    <sensor name="temp44" type="perspective">
        <string name="fov_axis" value="x"/>
        <float name="fov" value="83.974423"/>
        <float name="principal_point_offset_x" value="0.000000"/>
        <float name="principal_point_offset_y" value="-0.000000"/>
        <float name="near_clip" value="0.100000"/>
        <float name="far_clip" value="1000.000000"/>
        <sampler name="sampler" type="independent">
            <integer name="sample_count" value="$spp"/>
        </sampler>
        <film name="film" type="hdrfilm">
            <integer name="width" value="$resx"/>
            <integer name="height" value="$resy"/>
        </film>
        <float name="shutter_open" value="0.0"/>
        <float name="shutter_close" value="0.0015"/>
        <animation name="to_world">
            <transform time="0">
                <rotate angle="-142.5518126578256" x="1"/>
                <rotate angle="3.976628485794621e-06" y="1"/>
                <rotate angle="-179.999991348578" z="1"/>
                <translate value="-0.000000 3.030926 4.073377"/>
            </transform>
            <transform time="0.0015">
                <rotate angle="-142.5518126578256" x="1"/>
                <rotate angle="3.976628485794621e-06" y="1"/>
                <rotate angle="-179.999991348578" z="1"/>
                <translate value="-0.000000 3.030926 4.073377"/>
                <translate x="0.15" y="0.0" z="0.0"/>
            </transform>
        </animation>
    </sensor>
    <bsdf id="mat-Material" name="mat-Material" type="twosided">
        <bsdf name="bsdf" type="diffuse">
            <texture name="reflectance" type="bitmap">
                <string name="filename" value="textures/siggraph_2023_logo.jpg"/>
            </texture>
        </bsdf>
    </bsdf>
    <bsdf id="mat-Material.001" name="mat-Material.001" type="twosided">
        <bsdf name="bsdf" type="principled">
            <rgb name="base_color" value="0.433648 0.266232 0.084399"/>
            <float name="spec_tint" value="0.000000"/>
            <float name="spec_trans" value="0.000000"/>
            <float name="metallic" value="0.000000"/>
            <float name="anisotropic" value="0.000000"/>
            <float name="roughness" value="0.500000"/>
            <float name="sheen" value="0.000000"/>
            <float name="sheen_tint" value="0.500000"/>
            <float name="clearcoat" value="0.000000"/>
            <float name="clearcoat_gloss" value="0.173205"/>
            <float name="specular" value="0.500000"/>
        </bsdf>
    </bsdf>
    <bsdf id="mat-Material.002" name="mat-Material.002" type="twosided">
        <bsdf name="bsdf" type="principled">
            <rgb name="base_color" value="0.433648 0.266232 0.084399"/>
            <float name="spec_tint" value="0.000000"/>
            <float name="spec_trans" value="0.000000"/>
            <float name="metallic" value="0.000000"/>
            <float name="anisotropic" value="0.000000"/>
            <float name="roughness" value="0.500000"/>
            <float name="sheen" value="0.000000"/>
            <float name="sheen_tint" value="0.500000"/>
            <float name="clearcoat" value="0.000000"/>
            <float name="clearcoat_gloss" value="0.173205"/>
            <float name="specular" value="0.500000"/>
        </bsdf>
    </bsdf>
    <bsdf id="mat-Material.003" name="mat-Material.003" type="twosided">
        <bsdf name="bsdf" type="principled">
            <rgb name="base_color" value="0.433648 0.266232 0.084399"/>
            <float name="spec_tint" value="0.000000"/>
            <float name="spec_trans" value="0.000000"/>
            <float name="metallic" value="0.000000"/>
            <float name="anisotropic" value="0.000000"/>
            <float name="roughness" value="0.500000"/>
            <float name="sheen" value="0.000000"/>
            <float name="sheen_tint" value="0.500000"/>
            <float name="clearcoat" value="0.000000"/>
            <float name="clearcoat_gloss" value="0.173205"/>
            <float name="specular" value="0.500000"/>
        </bsdf>
    </bsdf>
    <bsdf id="mat-Material.004" name="mat-Material.004" type="twosided">
        <bsdf name="bsdf" type="principled">
            <rgb name="base_color" value="0.433648 0.266232 0.084399"/>
            <float name="spec_tint" value="0.000000"/>
            <float name="spec_trans" value="0.000000"/>
            <float name="metallic" value="0.000000"/>
            <float name="anisotropic" value="0.000000"/>
            <float name="roughness" value="0.500000"/>
            <float name="sheen" value="0.000000"/>
            <float name="sheen_tint" value="0.500000"/>
            <float name="clearcoat" value="0.000000"/>
            <float name="clearcoat_gloss" value="0.173205"/>
            <float name="specular" value="0.500000"/>
        </bsdf>
    </bsdf>
    <bsdf id="mat-Material.005" name="mat-Material.005" type="twosided">
        <bsdf name="bsdf" type="principled">
            <rgb name="base_color" value="0.433648 0.266232 0.084399"/>
            <float name="spec_tint" value="0.000000"/>
            <float name="spec_trans" value="0.000000"/>
            <float name="metallic" value="0.000000"/>
            <float name="anisotropic" value="0.000000"/>
            <float name="roughness" value="0.500000"/>
            <float name="sheen" value="0.000000"/>
            <float name="sheen_tint" value="0.500000"/>
            <float name="clearcoat" value="0.000000"/>
            <float name="clearcoat_gloss" value="0.173205"/>
            <float name="specular" value="0.500000"/>
        </bsdf>
    </bsdf>
    <emitter name="temp45" type="point">
        <point name="position" x="-6.815235034541981e-16" y="3.0693089962005615" z="4.109199523925781"/>
        <rgb name="intensity" value="7.957747 7.957747 7.957747"/>
    </emitter>
    <shape name="temp2" type="ply">
        <string name="filename" value="meshes/Cube.ply"/>
        <boolean name="face_normals" value="true"/>
        <ref id="mat-Material" name="bsdf"/>
        <transform name="to_world">
            <matrix value="0.9999982270352306 0.00018925792045855122 0.0020462462549069764 -0.0031339978875242203 -0.00018965581434931308 0.9999998957079657 0.00019271031265173625 -0.017599165723602622 -0.0020462118834736636 -0.00019309771329285413 0.9999978724420252 0.004844566213453971 0.0 0.0 0.0 1.0"/>
        </transform>
    </shape>
    <shape name="temp4" type="ply">
        <string name="filename" value="meshes/Plane.ply"/>
        <boolean name="face_normals" value="true"/>
        <ref id="mat-Material.001" name="bsdf"/>
    </shape>
    <shape name="temp5" type="ply">
        <string name="filename" value="meshes/Cube_001.ply"/>
        <boolean name="face_normals" value="true"/>
        <ref id="mat-Material" name="bsdf"/>
        <transform name="to_world">
            <matrix value="0.9996035207534392 0.0008584652801388336 -0.02373201090633497 0.018529088688310713 -0.0029773220076343863 0.9971343677712585 -0.06095110824494906 0.05218042637747822 0.023548695363874425 0.06101883514140957 0.9967436543219449 -0.010267917894569822 0.0 0.0 0.0 1.0"/>
        </transform>
    </shape>
    <shape name="temp6" type="ply">
        <string name="filename" value="meshes/Cube_002.ply"/>
        <boolean name="face_normals" value="true"/>
        <ref id="mat-Material" name="bsdf"/>
        <transform name="to_world">
            <matrix value="0.9992185657778795 -0.013769519818615295 -0.03547041016008219 0.018779071199578334 0.003294090974368249 0.951024669237813 -0.2986854173866874 0.18235563085497708 0.038161424453084694 0.2983730442636252 0.9503188027427532 -0.003260926733637093 0.0 0.0 0.0 1.0"/>
        </transform>
    </shape>
    <shape name="temp7" type="ply">
        <string name="filename" value="meshes/Cube_003.ply"/>
        <boolean name="face_normals" value="true"/>
        <ref id="mat-Material" name="bsdf"/>
        <transform name="to_world">
            <matrix value="0.9985627904337913 -0.04015286083479516 0.031282926914601245 -0.026479339762084386 0.04902379008451723 0.872391291197961 -0.4808682895048511 0.03716841848956509 -0.007511663891976802 0.4816237435417158 0.8732075915050865 0.16228263413511482 0.0 0.0 0.0 1.0"/>
        </transform>
    </shape>
    <shape name="temp8" type="ply">
        <string name="filename" value="meshes/Cube_004.ply"/>
        <boolean name="face_normals" value="true"/>
        <ref id="mat-Material" name="bsdf"/>
        <transform name="to_world">
            <matrix value="0.992779600976549 -0.08794078506871802 0.08123370940678483 0.007969441219566553 0.11951630861643148 0.7187847683569625 -0.6823001596614062 -0.2929581576513814 0.002052958014421296 0.6870835358337002 0.7241805474064832 0.059939366946528766 0.0 0.0 0.0 1.0"/>
        </transform>
    </shape>
    <shape name="temp9" type="ply">
        <string name="filename" value="meshes/Cube_005.ply"/>
        <boolean name="face_normals" value="true"/>
        <ref id="mat-Material" name="bsdf"/>
        <transform name="to_world">
            <matrix value="0.9915387472585532 -0.11352181685067259 0.06271277352712708 0.04808407872439946 0.11436442758945937 0.5378641617110569 -0.834243140162101 -0.5564264009230794 0.0611980454836382 0.8343580720991692 0.5463246199590469 -0.31839666918960846 0.0 0.0 0.0 1.0"/>
        </transform>
    </shape>
    <shape name="temp10" type="ply">
        <string name="filename" value="meshes/Cube_006.ply"/>
        <boolean name="face_normals" value="true"/>
        <ref id="mat-Material" name="bsdf"/>
        <transform name="to_world">
            <matrix value="0.9911635435892254 -0.09860933872592678 -0.08805567677382783 -0.002099696812893903 -0.03810459428360699 0.42606132788789863 -0.9035122909024202 -0.4901280334620519 0.12645354300414696 0.8989603127092359 0.4185198484611373 -0.7652564424023429 0.0 0.0 0.0 1.0"/>
        </transform>
    </shape>
    <shape name="temp11" type="ply">
        <string name="filename" value="meshes/Cube_007.ply"/>
        <boolean name="face_normals" value="true"/>
        <ref id="mat-Material" name="bsdf"/>
        <transform name="to_world">
            <matrix value="0.952655192038679 0.05749089009079665 -0.29800527256145215 -0.03841277948159272 -0.2935762383715673 0.4271537869480605 -0.8548497211244286 -0.10247677871800827 0.07793221778390041 0.9019748739630766 0.4237778716004578 -0.6850181726116031 0.0 0.0 0.0 1.0"/>
        </transform>
    </shape>
    <shape name="temp12" type="ply">
        <string name="filename" value="meshes/Cube_008.ply"/>
        <boolean name="face_normals" value="true"/>
        <ref id="mat-Material" name="bsdf"/>
        <transform name="to_world">
            <matrix value="0.0678061289619114 0.9856421156264927 -0.15456060963518997 2.3857681047876214 -0.7076418770732607 -0.06171586469568627 -0.7036572957981675 0.8606267398911651 -0.7031141682933619 0.15702764573247424 0.693306844448563 1.4379630429301544 0.0 0.0 0.0 1.0"/>
        </transform>
    </shape>
    <shape name="temp13" type="ply">
        <string name="filename" value="meshes/Cube_009.ply"/>
        <boolean name="face_normals" value="true"/>
        <ref id="mat-Material" name="bsdf"/>
        <transform name="to_world">
            <matrix value="-0.08226277288144007 0.9917450768945171 0.09835850628409706 2.6012814232725976 -0.767239644556023 -3.296014167029951e-05 -0.641357552192543 0.6814229512101071 -0.636060197472816 -0.12822489742878418 0.7609086989226519 1.0176528823287105 0.0 0.0 0.0 1.0"/>
        </transform>
    </shape>
    <shape name="temp14" type="ply">
        <string name="filename" value="meshes/Cube_010.ply"/>
        <boolean name="face_normals" value="true"/>
        <ref id="mat-Material" name="bsdf"/>
        <transform name="to_world">
            <matrix value="0.044675762419174966 0.9987095946585792 0.02366931886467833 1.7418323882297515 -0.957711022699268 0.03606953567100452 0.28518212605450044 2.2833098540933587 0.28397412712511994 -0.035355448111584135 0.958107083302405 -0.6899671475588904 0.0 0.0 0.0 1.0"/>
        </transform>
    </shape>
    <shape name="temp15" type="ply">
        <string name="filename" value="meshes/Cube_011.ply"/>
        <boolean name="face_normals" value="true"/>
        <ref id="mat-Material" name="bsdf"/>
        <transform name="to_world">
            <matrix value="0.033549074335093895 0.9967297146778524 -0.07348606520445122 1.2101477149137352 -0.8291551202336058 0.068808505223988 0.5547512861087958 2.250910453724839 0.5579954505724016 0.042312456849170774 0.8287559317498314 -1.2536606397810148 0.0 0.0 0.0 1.0"/>
        </transform>
    </shape>
    <shape name="temp16" type="ply">
        <string name="filename" value="meshes/Cube_012.ply"/>
        <boolean name="face_normals" value="true"/>
        <ref id="mat-Material" name="bsdf"/>
        <transform name="to_world">
            <matrix value="0.08931943860843541 0.9895686064289781 0.11298564465715821 1.1197785275355727 -0.784445381160831 3.927220846726169e-05 0.6198033805477847 1.8362098509615747 0.6133338918172357 -0.1440620287303696 0.7762660033728885 -1.6841973809863686 0.0 0.0 0.0 1.0"/>
        </transform>
    </shape>
    <shape name="temp17" type="ply">
        <string name="filename" value="meshes/Cube_013.ply"/>
        <boolean name="face_normals" value="true"/>
        <ref id="mat-Material" name="bsdf"/>
        <transform name="to_world">
            <matrix value="0.8789634627420319 0.2961737338425566 0.37373368931318174 0.6194089743065971 -0.4329406881230863 0.1671713810142609 0.8856786271672134 1.4726395695702559 0.19990230964120512 -0.9402894729706335 0.27518756787500925 -1.3926975953493632 0.0 0.0 0.0 1.0"/>
        </transform>
    </shape>
    <shape name="temp18" type="ply">
        <string name="filename" value="meshes/Cube_014.ply"/>
        <boolean name="face_normals" value="true"/>
        <ref id="mat-Material" name="bsdf"/>
        <transform name="to_world">
            <matrix value="0.9434608183650783 0.2845245221860445 0.17008075500886244 0.10683746665534122 -0.21602983988355168 0.13859292315971491 0.9664991175362311 1.0243181535999137 0.2514213193694628 -0.9485963335092393 0.1922229718580815 -0.847713271247086 0.0 0.0 0.0 1.0"/>
        </transform>
    </shape>
    <shape name="temp19" type="ply">
        <string name="filename" value="meshes/Cube_015.ply"/>
        <boolean name="face_normals" value="true"/>
        <ref id="mat-Material" name="bsdf"/>
        <transform name="to_world">
            <matrix value="0.9833441040943076 0.13054021187969705 0.12646729399683515 0.03893156752209309 -0.1491623406326293 0.182035467635053 0.971911979617049 0.6377547239982211 0.10385223136481056 -0.9745876814420669 0.19847521465877987 -0.31738181593705844 0.0 0.0 0.0 1.0"/>
        </transform>
    </shape>
    <shape name="temp20" type="ply">
        <string name="filename" value="meshes/Cube_016.ply"/>
        <boolean name="face_normals" value="true"/>
        <ref id="mat-Material" name="bsdf"/>
        <transform name="to_world">
            <matrix value="0.9846244062784228 0.04689271269838952 0.16827340632905946 0.07619865161616934 -0.1740533919475486 0.18148196895017554 0.9678683192906627 0.33719026132925445 0.01484747184088705 -0.9822749430044033 0.1868533583029841 0.07259860656434391 0.0 0.0 0.0 1.0"/>
        </transform>
    </shape>
    <shape name="temp21" type="ply">
        <string name="filename" value="meshes/Cube_017.ply"/>
        <boolean name="face_normals" value="true"/>
        <ref id="mat-Material" name="bsdf"/>
        <transform name="to_world">
            <matrix value="0.9609167646229702 -0.019953455507975212 0.27606743129524314 0.20003410779761466 -0.271766821446491 0.12113459304205265 0.9547090186236968 0.18180072865763958 -0.052490771718375184 -0.9924217236135939 0.11097629616741708 0.2948801131515886 0.0 0.0 0.0 1.0"/>
        </transform>
    </shape>
    <shape name="temp22" type="ply">
        <string name="filename" value="meshes/Cube_018.ply"/>
        <boolean name="face_normals" value="true"/>
        <ref id="mat-Material" name="bsdf"/>
        <transform name="to_world">
            <matrix value="0.10840509408237549 0.9727771717251781 0.20471282458851847 0.872807399633452 -0.6442413217806948 -0.08806018901888313 0.7597273132583267 0.0849750908020306 0.7570699186386467 -0.21424069141447116 0.6171616627291084 -0.2062370404577516 0.0 0.0 0.0 1.0"/>
        </transform>
    </shape>
    <shape name="temp23" type="ply">
        <string name="filename" value="meshes/Cube_019.ply"/>
        <boolean name="face_normals" value="true"/>
        <ref id="mat-Material" name="bsdf"/>
        <transform name="to_world">
            <matrix value="-0.07055034599407475 0.9871577917621808 -0.14332127638349185 0.4777713605177076 -0.9200720887475244 -0.008898207845681162 0.39160080298765876 -0.03182730587975405 0.3852961604674954 0.15949924179691002 0.9088841383933911 -0.04938390191480413 0.0 0.0 0.0 1.0"/>
        </transform>
    </shape>
    <shape name="temp24" type="ply">
        <string name="filename" value="meshes/Cube_020.ply"/>
        <boolean name="face_normals" value="true"/>
        <ref id="mat-Material" name="bsdf"/>
        <transform name="to_world">
            <matrix value="0.09383255834943605 0.960479570556739 -0.2620509610931617 0.08405694448597634 -0.9487271277145649 0.006473192578198138 -0.3160071323403897 0.17966153257502407 -0.3018236107095037 0.2782705983812705 0.911840261755332 0.10327235618633523 0.0 0.0 0.0 1.0"/>
        </transform>
    </shape>
    <shape name="temp25" type="ply">
        <string name="filename" value="meshes/Cube_021.ply"/>
        <boolean name="face_normals" value="true"/>
        <ref id="mat-Material" name="bsdf"/>
        <transform name="to_world">
            <matrix value="0.1764356582220355 0.9364866725209262 -0.30308304426124333 -0.16671707167911778 -0.8067929372175445 -0.03880207040546657 -0.589553524867134 0.09076092701239212 -0.563869947715269 0.3485477334212168 0.7487070357396645 0.2826315820325795 0.0 0.0 0.0 1.0"/>
        </transform>
    </shape>
    <shape name="temp26" type="ply">
        <string name="filename" value="meshes/Cube_022.ply"/>
        <boolean name="face_normals" value="true"/>
        <ref id="mat-Material" name="bsdf"/>
        <transform name="to_world">
            <matrix value="0.6515339691184996 0.39855711970431124 -0.645467876002139 -0.07681010656586568 -0.6974887727005976 -0.01984718713954066 -0.716298890691272 -0.17469537953481395 -0.2982982419281346 0.9169286830210484 0.2650577915664547 0.6710978633440305 0.0 0.0 0.0 1.0"/>
        </transform>
    </shape>
    <shape name="temp27" type="ply">
        <string name="filename" value="meshes/Cube_023.ply"/>
        <boolean name="face_normals" value="true"/>
        <ref id="mat-Material" name="bsdf"/>
        <transform name="to_world">
            <matrix value="0.8599260319098199 0.26742928478608663 -0.43475169743667086 -0.06170181249161316 -0.48034402608385773 0.13594891150403715 -0.8664800167935243 -0.28724449373789707 -0.1726182212908247 0.9539386929705084 0.24536405117297 0.21012115849938123 0.0 0.0 0.0 1.0"/>
        </transform>
    </shape>
    <shape name="temp28" type="ply">
        <string name="filename" value="meshes/Cube_024.ply"/>
        <boolean name="face_normals" value="true"/>
        <ref id="mat-Material" name="bsdf"/>
        <transform name="to_world">
            <matrix value="0.8591926893570698 0.43108059062664916 -0.2756044510403995 -0.18777243967306428 -0.38100784625558703 0.1795328655487951 -0.9069737095297106 -0.51452337619759 -0.3414987447409432 0.884272239754872 0.3184983837651252 -0.32635899527879914 0.0 0.0 0.0 1.0"/>
        </transform>
    </shape>
    <shape name="temp29" type="ply">
        <string name="filename" value="meshes/Cube_025.ply"/>
        <boolean name="face_normals" value="true"/>
        <ref id="mat-Material" name="bsdf"/>
        <transform name="to_world">
            <matrix value="0.8989133055687051 0.36816026765507703 -0.23751336224605823 -0.2683478458806529 -0.3211145698698821 0.18482304770526237 -0.9288304671975476 -0.7928862536440203 -0.29806062032491354 0.9112067005546252 0.2843615978622297 -0.7100652161040268 0.0 0.0 0.0 1.0"/>
        </transform>
    </shape>
    <shape name="temp30" type="ply">
        <string name="filename" value="meshes/Cube_026.ply"/>
        <boolean name="face_normals" value="true"/>
        <ref id="mat-Material" name="bsdf"/>
        <transform name="to_world">
            <matrix value="0.9234205543351648 0.2389985461690407 -0.30029003343102767 -0.3241987383337536 -0.34868379527930404 0.19552520425594935 -0.916618520817682 -1.1447381216704715 -0.16035633045935743 0.9511305256527117 0.2638868072966728 -0.8739462439608545 0.0 0.0 0.0 1.0"/>
        </transform>
    </shape>
    <shape name="temp31" type="ply">
        <string name="filename" value="meshes/Cube_027.ply"/>
        <boolean name="face_normals" value="true"/>
        <ref id="mat-Material" name="bsdf"/>
        <transform name="to_world">
            <matrix value="0.8746389800488275 0.17215808377987707 -0.45317552211454676 -0.572598481926736 -0.4809534827233448 0.19102063313608236 -0.8556837238505395 -1.5812443468896324 -0.060747047570417725 0.9663706163450648 0.24987435588182313 -1.0080292809549052 0.0 0.0 0.0 1.0"/>
        </transform>
    </shape>
    <shape name="temp32" type="ply">
        <string name="filename" value="meshes/Cube_028.ply"/>
        <boolean name="face_normals" value="true"/>
        <ref id="mat-Material" name="bsdf"/>
        <transform name="to_world">
            <matrix value="-0.10451984124873455 0.9841669048001452 0.143147053024891 -1.4785556339366268 -0.8099665441548011 -0.0007168283540839719 -0.5864742392916461 -2.11569113375238 -0.5770858487271 -0.17724273762418574 0.7972171305294641 -1.3049199364640245 0.0 0.0 0.0 1.0"/>
        </transform>
    </shape>
    <shape name="temp33" type="ply">
        <string name="filename" value="meshes/Cube_029.ply"/>
        <boolean name="face_normals" value="true"/>
        <ref id="mat-Material" name="bsdf"/>
        <transform name="to_world">
            <matrix value="-0.011312714196306205 0.9793486128116506 0.20185992300131295 -1.6173918389154784 -0.9991607228022772 -0.019020113761751105 0.03628086791127232 -1.8372749914723756 0.039371160423171236 -0.20127991356276193 0.9787416771114004 -0.13297133516753223 0.0 0.0 0.0 1.0"/>
        </transform>
    </shape>
    <shape name="temp34" type="ply">
        <string name="filename" value="meshes/Cube_030.ply"/>
        <boolean name="face_normals" value="true"/>
        <ref id="mat-Material" name="bsdf"/>
        <transform name="to_world">
            <matrix value="-0.04186793537112815 0.9805879562885527 -0.19155649362210098 -3.2115878123771395 -0.9729579252205436 0.0035736259854084267 0.23094597991846866 -1.8957344382415027 0.2271471918553179 0.19604636273103665 0.9539216818217299 0.2795162808757481 0.0 0.0 0.0 1.0"/>
        </transform>
    </shape>
    <shape name="temp35" type="ply">
        <string name="filename" value="meshes/Cube_031.ply"/>
        <boolean name="face_normals" value="true"/>
        <ref id="mat-Material" name="bsdf"/>
        <transform name="to_world">
            <matrix value="0.1289708648699442 0.9792050026803053 0.15659027630359024 -1.919062158442672 -0.7737446522950142 0.0006057406507405778 0.6334257796672593 -1.163025595729913 0.6201573683529336 -0.2028698664853376 0.7577333186453035 0.6077066424972295 0.0 0.0 0.0 1.0"/>
        </transform>
    </shape>
    <shape name="temp36" type="ply">
        <string name="filename" value="meshes/Cube_032.ply"/>
        <boolean name="face_normals" value="true"/>
        <ref id="mat-Material" name="bsdf"/>
        <transform name="to_world">
            <matrix value="0.6515195637797482 0.6135749640713941 0.44611545737059366 -0.718415603643743 -0.567711075888211 0.0043000252386723205 0.8231866941578676 -0.6832400841742082 0.5031674015605636 -0.7896247155434764 0.3511341775168183 -0.16732712773122715 0.0 0.0 0.0 1.0"/>
        </transform>
    </shape>
    <shape name="temp37" type="ply">
        <string name="filename" value="meshes/Cube_033.ply"/>
        <boolean name="face_normals" value="true"/>
        <ref id="mat-Material" name="bsdf"/>
        <transform name="to_world">
            <matrix value="0.9767378157428633 0.1689124218070472 0.1321074265484249 -0.14036035695571525 -0.15013383667803137 0.09877760349420033 0.9837189807957162 0.30037146671412485 0.1531131266765598 -0.9806689499669394 0.12183927623314442 -0.3747424570704229 0.0 0.0 0.0 1.0"/>
        </transform>
    </shape>
    <shape name="temp38" type="ply">
        <string name="filename" value="meshes/Cube_034.ply"/>
        <boolean name="face_normals" value="true"/>
        <ref id="mat-Material" name="bsdf"/>
        <transform name="to_world">
            <matrix value="0.9999246489972998 0.0024847306032459854 0.012025016772248702 -0.03454317258854456 -0.012276167630273019 0.18111449596702703 0.983385545182003 0.36938408911232345 0.0002655446902364603 -0.983458866178719 0.18113135022866522 -0.3591266412742173 0.0 0.0 0.0 1.0"/>
        </transform>
    </shape>
    <shape name="temp39" type="ply">
        <string name="filename" value="meshes/Cube_035.ply"/>
        <boolean name="face_normals" value="true"/>
        <ref id="mat-Material" name="bsdf"/>
        <transform name="to_world">
            <matrix value="0.9989362211383498 -0.04601367685738899 0.0031072866023892005 0.007583959705882215 0.006511951112269448 0.20743090131261954 0.9782282264534885 0.09133553012486205 -0.04565641361140513 -0.9771669277443928 0.20750984231958663 -0.1474963458596554 0.0 0.0 0.0 1.0"/>
        </transform>
    </shape>
    <shape name="temp40" type="ply">
        <string name="filename" value="meshes/Cube_036.ply"/>
        <boolean name="face_normals" value="true"/>
        <ref id="mat-Material" name="bsdf"/>
        <transform name="to_world">
            <matrix value="0.9992662142060575 -0.03816517980989648 0.0032583904976641776 0.002416004707224584 0.0047976759091320105 0.2091036516812919 0.9778817890965963 -0.24422868080091134 -0.03800238508085606 -0.977148468054307 0.20913332271130314 0.20651123690123743 0.0 0.0 0.0 1.0"/>
        </transform>
    </shape>
    <shape name="temp41" type="ply">
        <string name="filename" value="meshes/Cube_037.ply"/>
        <boolean name="face_normals" value="true"/>
        <ref id="mat-Material" name="bsdf"/>
        <transform name="to_world">
            <matrix value="0.9988331675611273 -0.04818442169024015 0.0033209525218890258 -0.0063049584343271015 0.00683535096724093 0.20908915508851267 0.9778728060740361 -0.5695675587130486 -0.04781262687779131 -0.9767086685453139 0.20917450277788152 0.5133382682481493 0.0 0.0 0.0 1.0"/>
        </transform>
    </shape>
    <shape name="temp42" type="ply">
        <string name="filename" value="meshes/Cube_038.ply"/>
        <boolean name="face_normals" value="true"/>
        <ref id="mat-Material" name="bsdf"/>
        <transform name="to_world">
            <matrix value="0.9990738475285758 -0.04290517976817967 0.0033370037648320335 0.007119442488323413 0.00571306870061185 0.20908811216816883 0.9778801343292827 -0.9036242928884305 -0.04265385345027809 -0.9769550063305266 0.20913961082709526 0.8611070370826851 0.0 0.0 0.0 1.0"/>
        </transform>
    </shape>
    <shape name="temp43" type="ply">
        <string name="filename" value="meshes/Cube_039.ply"/>
        <boolean name="face_normals" value="true"/>
        <ref id="mat-Material" name="bsdf"/>
        <transform name="to_world">
            <matrix value="0.9999505462829563 -0.0085527154155009 -0.005080751105950134 0.02101553693760727 0.008283381745878884 0.43301241765796455 0.9013498780930562 -1.3192610848998405 -0.005508962640319669 -0.901347471997637 0.433061832763065 1.4720620941202127 0.0 0.0 0.0 1.0"/>
        </transform>
    </shape>
    <shape name="temp47" type="ply">
        <string name="filename" value="meshes/Plane_001.ply"/>
        <boolean name="face_normals" value="true"/>
        <ref id="mat-Material.002" name="bsdf"/>
    </shape>
    <shape name="temp49" type="ply">
        <string name="filename" value="meshes/Plane_002.ply"/>
        <boolean name="face_normals" value="true"/>
        <ref id="mat-Material.003" name="bsdf"/>
    </shape>
    <shape name="temp51" type="ply">
        <string name="filename" value="meshes/Plane_003.ply"/>
        <boolean name="face_normals" value="true"/>
        <ref id="mat-Material.004" name="bsdf"/>
    </shape>
    <shape name="temp53" type="ply">
        <string name="filename" value="meshes/Plane_004.ply"/>
        <boolean name="face_normals" value="true"/>
        <ref id="mat-Material.005" name="bsdf"/>
    </shape>
    <emitter type="point">
        <transform name="to_world">
            <rotate angle="-142.5518126578256" x="1"/>
            <rotate angle="3.976628485794621e-06" y="1"/>
            <rotate angle="-179.999991348578" z="1"/>
            <translate value="-0.000000 3.030926 4.073377"/>
        </transform>
        <rgb name="intensity" value="100"/>
    </emitter>
</scene>
