
<scene version="2.1.0">
    <default name="spp" value="1024"/>
    <default name="resx" value="640"/>
    <default name="resy" value="360"/>
    <integrator name="temp0" type="path">
        <integer name="max_depth" value="12"/>
    </integrator>
    <sensor name="temp44" type="perspective">
        <string name="fov_axis" value="x"/>
        <float name="fov" value="83.974423"/>
        <float name="principal_point_offset_x" value="0.000000"/>
        <float name="principal_point_offset_y" value="-0.000000"/>
        <float name="near_clip" value="0.100000"/>
        <float name="far_clip" value="1000.000000"/>
        <sampler name="sampler" type="independent">
            <integer name="sample_count" value="$spp"/>
        </sampler>
        <film name="film" type="hdrfilm">
            <integer name="width" value="$resx"/>
            <integer name="height" value="$resy"/>
        </film>
        <float name="shutter_open" value="0.0"/>
        <float name="shutter_close" value="0.0015"/>
        <animation name="to_world">
            <transform time="0">
                <rotate angle="-142.5518126578256" x="1"/>
                <rotate angle="3.976628485794621e-06" y="1"/>
                <rotate angle="-179.999991348578" z="1"/>
                <translate value="-0.000000 3.030926 4.073377"/>
                <translate x="1.7999999999999998" y="0.0" z="0.0"/>
            </transform>
            <transform time="0.0015">
                <rotate angle="-142.5518126578256" x="1"/>
                <rotate angle="3.976628485794621e-06" y="1"/>
                <rotate angle="-179.999991348578" z="1"/>
                <translate value="-0.000000 3.030926 4.073377"/>
                <translate x="1.95" y="0.0" z="0.0"/>
            </transform>
        </animation>
    </sensor>
    <bsdf id="mat-Material" name="mat-Material" type="twosided">
        <bsdf name="bsdf" type="diffuse">
            <texture name="reflectance" type="bitmap">
                <string name="filename" value="textures/siggraph_2023_logo.jpg"/>
            </texture>
        </bsdf>
    </bsdf>
    <bsdf id="mat-Material.001" name="mat-Material.001" type="twosided">
        <bsdf name="bsdf" type="principled">
            <rgb name="base_color" value="0.433648 0.266232 0.084399"/>
            <float name="spec_tint" value="0.000000"/>
            <float name="spec_trans" value="0.000000"/>
            <float name="metallic" value="0.000000"/>
            <float name="anisotropic" value="0.000000"/>
            <float name="roughness" value="0.500000"/>
            <float name="sheen" value="0.000000"/>
            <float name="sheen_tint" value="0.500000"/>
            <float name="clearcoat" value="0.000000"/>
            <float name="clearcoat_gloss" value="0.173205"/>
            <float name="specular" value="0.500000"/>
        </bsdf>
    </bsdf>
    <bsdf id="mat-Material.002" name="mat-Material.002" type="twosided">
        <bsdf name="bsdf" type="principled">
            <rgb name="base_color" value="0.433648 0.266232 0.084399"/>
            <float name="spec_tint" value="0.000000"/>
            <float name="spec_trans" value="0.000000"/>
            <float name="metallic" value="0.000000"/>
            <float name="anisotropic" value="0.000000"/>
            <float name="roughness" value="0.500000"/>
            <float name="sheen" value="0.000000"/>
            <float name="sheen_tint" value="0.500000"/>
            <float name="clearcoat" value="0.000000"/>
            <float name="clearcoat_gloss" value="0.173205"/>
            <float name="specular" value="0.500000"/>
        </bsdf>
    </bsdf>
    <bsdf id="mat-Material.003" name="mat-Material.003" type="twosided">
        <bsdf name="bsdf" type="principled">
            <rgb name="base_color" value="0.433648 0.266232 0.084399"/>
            <float name="spec_tint" value="0.000000"/>
            <float name="spec_trans" value="0.000000"/>
            <float name="metallic" value="0.000000"/>
            <float name="anisotropic" value="0.000000"/>
            <float name="roughness" value="0.500000"/>
            <float name="sheen" value="0.000000"/>
            <float name="sheen_tint" value="0.500000"/>
            <float name="clearcoat" value="0.000000"/>
            <float name="clearcoat_gloss" value="0.173205"/>
            <float name="specular" value="0.500000"/>
        </bsdf>
    </bsdf>
    <bsdf id="mat-Material.004" name="mat-Material.004" type="twosided">
        <bsdf name="bsdf" type="principled">
            <rgb name="base_color" value="0.433648 0.266232 0.084399"/>
            <float name="spec_tint" value="0.000000"/>
            <float name="spec_trans" value="0.000000"/>
            <float name="metallic" value="0.000000"/>
            <float name="anisotropic" value="0.000000"/>
            <float name="roughness" value="0.500000"/>
            <float name="sheen" value="0.000000"/>
            <float name="sheen_tint" value="0.500000"/>
            <float name="clearcoat" value="0.000000"/>
            <float name="clearcoat_gloss" value="0.173205"/>
            <float name="specular" value="0.500000"/>
        </bsdf>
    </bsdf>
    <bsdf id="mat-Material.005" name="mat-Material.005" type="twosided">
        <bsdf name="bsdf" type="principled">
            <rgb name="base_color" value="0.433648 0.266232 0.084399"/>
            <float name="spec_tint" value="0.000000"/>
            <float name="spec_trans" value="0.000000"/>
            <float name="metallic" value="0.000000"/>
            <float name="anisotropic" value="0.000000"/>
            <float name="roughness" value="0.500000"/>
            <float name="sheen" value="0.000000"/>
            <float name="sheen_tint" value="0.500000"/>
            <float name="clearcoat" value="0.000000"/>
            <float name="clearcoat_gloss" value="0.173205"/>
            <float name="specular" value="0.500000"/>
        </bsdf>
    </bsdf>
    <emitter name="temp45" type="point">
        <point name="position" x="-6.815235034541981e-16" y="3.0693089962005615" z="4.109199523925781"/>
        <rgb name="intensity" value="7.957747 7.957747 7.957747"/>
    </emitter>
    <shape name="temp2" type="ply">
        <string name="filename" value="meshes/Cube.ply"/>
        <boolean name="face_normals" value="true"/>
        <ref id="mat-Material" name="bsdf"/>
        <transform name="to_world">
            <matrix value="1.0 0.00015799742607259146 0.000389234367531385 -0.0011090038623278176 -0.000158225581399472 0.9999997914159312 0.0005865440941118178 -0.018194806413503295 -0.00038914271834504375 -0.0005866051482719853 0.9999997636046695 0.0010571741949796376 0.0 0.0 0.0 1.0"/>
            <scale value="1"/>
        </transform>
    </shape>
    <shape name="temp4" type="ply">
        <string name="filename" value="meshes/Plane.ply"/>
        <boolean name="face_normals" value="true"/>
        <ref id="mat-Material.001" name="bsdf"/>
        <transform name="to_world">
            <scale value="1"/>
        </transform>
    </shape>
    <shape name="temp5" type="ply">
        <string name="filename" value="meshes/Cube_001.ply"/>
        <boolean name="face_normals" value="true"/>
        <ref id="mat-Material" name="bsdf"/>
        <transform name="to_world">
            <matrix value="1.0 5.52476622940493e-05 1.515100224528285e-05 0.000520883608643441 -5.523272822045753e-05 0.9999993742477937 -0.000984052298211764 -0.01662822233603084 -1.520538910371312e-05 0.000984051662102152 0.9999995272093389 -5.150758453276172e-05 0.0 0.0 0.0 1.0"/>
            <scale value="1"/>
        </transform>
    </shape>
    <shape name="temp6" type="ply">
        <string name="filename" value="meshes/Cube_002.ply"/>
        <boolean name="face_normals" value="true"/>
        <ref id="mat-Material" name="bsdf"/>
        <transform name="to_world">
            <matrix value="1.0 -4.19539738393861e-05 -8.279037265832695e-05 -0.00047052221552768003 4.171169997180986e-05 0.999995619734556 -0.0029253449362465433 -0.01585187004689914 8.291269744178913e-05 0.002925341504266587 0.9999957448840504 -0.0003465011358178005 0.0 0.0 0.0 1.0"/>
            <scale value="1"/>
        </transform>
    </shape>
    <shape name="temp7" type="ply">
        <string name="filename" value="meshes/Cube_003.ply"/>
        <boolean name="face_normals" value="true"/>
        <ref id="mat-Material" name="bsdf"/>
        <transform name="to_world">
            <matrix value="1.0 -9.563183243190252e-05 0.0004738969912075121 -0.0006922857227316115 9.598210723954705e-05 0.9999995828318625 -0.0007397377241086832 -0.01774304468238458 -0.00047382483462671114 0.0007397830308516697 0.9999997636046695 0.0008257954148660485 0.0 0.0 0.0 1.0"/>
            <scale value="1"/>
        </transform>
    </shape>
    <shape name="temp8" type="ply">
        <string name="filename" value="meshes/Cube_004.ply"/>
        <boolean name="face_normals" value="true"/>
        <ref id="mat-Material" name="bsdf"/>
        <transform name="to_world">
            <matrix value="1.0 -0.00032017654555580353 6.487207939479012e-05 -0.0005804114129310811 0.0003202891882835396 0.99999833132745 -0.0017564716767662632 -0.018644877582296715 -6.43094213574882e-05 0.0017564906147598258 0.9999985816280168 0.00027412400397193795 0.0 0.0 0.0 1.0"/>
            <scale value="1"/>
        </transform>
    </shape>
    <shape name="temp9" type="ply">
        <string name="filename" value="meshes/Cube_005.ply"/>
        <boolean name="face_normals" value="true"/>
        <ref id="mat-Material" name="bsdf"/>
        <transform name="to_world">
            <matrix value="1.0 -6.353762752308505e-05 0.0004240412159986686 -0.00038954737336593936 6.371946733046468e-05 0.9999997914159312 -0.00042856818657832413 -0.01807091019423407 -0.00042401338942993865 0.0004285943728189928 1.0 0.000940651953677929 0.0 0.0 0.0 1.0"/>
            <scale value="1"/>
        </transform>
    </shape>
    <shape name="temp10" type="ply">
        <string name="filename" value="meshes/Cube_006.ply"/>
        <boolean name="face_normals" value="true"/>
        <ref id="mat-Material" name="bsdf"/>
        <transform name="to_world">
            <matrix value="1.0 -0.0001953308456206732 -0.00018000558838561373 -0.0006429103856113727 0.00019562671645151738 0.9999985399115188 0.0016447819749506052 -0.01717052890813714 0.00017968421724491913 -0.0016448167901831996 0.9999985816280168 -0.0005038517665475473 0.0 0.0 0.0 1.0"/>
            <scale value="1"/>
        </transform>
    </shape>
    <shape name="temp11" type="ply">
        <string name="filename" value="meshes/Cube_007.ply"/>
        <boolean name="face_normals" value="true"/>
        <ref id="mat-Material" name="bsdf"/>
        <transform name="to_world">
            <matrix value="1.0 0.0007067704302880755 -1.0587674063791753e-05 0.0003660720480729296 -0.0007067924053281137 0.9999970798230373 -0.0022630668700927285 -0.01828236081114548 8.988177870917527e-06 0.002263072485049737 0.9999976360466947 -0.00012513479117459703 0.0 0.0 0.0 1.0"/>
            <scale value="1"/>
        </transform>
    </shape>
    <shape name="temp12" type="ply">
        <string name="filename" value="meshes/Cube_008.ply"/>
        <boolean name="face_normals" value="true"/>
        <ref id="mat-Material" name="bsdf"/>
        <transform name="to_world">
            <matrix value="0.9999995567588077 0.0008928211621052808 5.435650590681012e-05 -6.403403994692525e-05 -0.0008927498151684228 0.9999987484955875 -0.0012473706929361766 -0.017306028303752996 -5.547030549955942e-05 0.0012473223020172167 0.9999992908140084 0.0001464557599772931 0.0 0.0 0.0 1.0"/>
            <scale value="1"/>
        </transform>
    </shape>
    <shape name="temp13" type="ply">
        <string name="filename" value="meshes/Cube_009.ply"/>
        <boolean name="face_normals" value="true"/>
        <ref id="mat-Material" name="bsdf"/>
        <transform name="to_world">
            <matrix value="0.9999986702764229 0.0017725265579665557 0.0002306568338816917 0.00038443228104378946 -0.0017723353669239239 0.9999981227433812 -0.0008396951256701217 -0.015373862450613729 -0.00023214491504839306 0.0008392859750158002 0.9999997636046695 0.0003381512595268532 0.0 0.0 0.0 1.0"/>
            <scale value="1"/>
        </transform>
    </shape>
    <shape name="temp14" type="ply">
        <string name="filename" value="meshes/Cube_010.ply"/>
        <boolean name="face_normals" value="true"/>
        <ref id="mat-Material" name="bsdf"/>
        <transform name="to_world">
            <matrix value="0.9999995567588077 0.0006086003383233596 0.0009291329350229611 0.0017606228465645302 -0.0006086986970481909 0.9999997914159312 0.00010674454789629431 -0.01651597050816178 -0.0009290689984699313 -0.0001073100372739731 0.9999995272093389 0.0015827644292656373 0.0 0.0 0.0 1.0"/>
            <scale value="1"/>
        </transform>
    </shape>
    <shape name="temp15" type="ply">
        <string name="filename" value="meshes/Cube_011.ply"/>
        <boolean name="face_normals" value="true"/>
        <ref id="mat-Material" name="bsdf"/>
        <transform name="to_world">
            <matrix value="1.0 -0.00027210417522730446 -0.00023678774677899543 -0.0003083720909340393 0.0002721279300459021 1.0 9.685022133694797e-05 -0.018037647564415338 0.00023676127206676275 -9.69146244548134e-05 1.0 -0.00034599479439689773 0.0 0.0 0.0 1.0"/>
            <scale value="1"/>
        </transform>
    </shape>
    <shape name="temp16" type="ply">
        <string name="filename" value="meshes/Cube_012.ply"/>
        <boolean name="face_normals" value="true"/>
        <ref id="mat-Material" name="bsdf"/>
        <transform name="to_world">
            <matrix value="1.0 0.0006146284179106968 -0.00011749202520352456 -0.0005560185318993494 -0.0006145672104349614 0.9999995828318625 0.0005427116719248868 -0.016244455925121193 0.00011782547643995765 -0.0005426397982574888 1.0 -0.00010525999975197209 0.0 0.0 0.0 1.0"/>
            <scale value="1"/>
        </transform>
    </shape>
    <shape name="temp17" type="ply">
        <string name="filename" value="meshes/Cube_013.ply"/>
        <boolean name="face_normals" value="true"/>
        <ref id="mat-Material" name="bsdf"/>
        <transform name="to_world">
            <matrix value="1.0 -0.00040467603765359614 3.094887667302886e-05 -0.0003595528012072524 0.0004047009274378709 0.9999995828318625 -0.000838754272254611 -0.01904672721789541 -3.060935026160095e-05 0.000838766600684573 0.9999997636046695 6.578098741716332e-06 0.0 0.0 0.0 1.0"/>
            <scale value="1"/>
        </transform>
    </shape>
    <shape name="temp18" type="ply">
        <string name="filename" value="meshes/Cube_014.ply"/>
        <boolean name="face_normals" value="true"/>
        <ref id="mat-Material" name="bsdf"/>
        <transform name="to_world">
            <matrix value="1.0 -0.000301685567859698 -1.48796440453671e-05 -5.697142543481526e-05 0.000301663750139621 0.9999989570796561 -0.0014940917715040559 -0.019194217809439917 1.5330383119957024e-05 0.001494087684570828 0.999999054418678 3.0582741406992575e-05 0.0 0.0 0.0 1.0"/>
            <scale value="1"/>
        </transform>
    </shape>
    <shape name="temp19" type="ply">
        <string name="filename" value="meshes/Cube_015.ply"/>
        <boolean name="face_normals" value="true"/>
        <ref id="mat-Material" name="bsdf"/>
        <transform name="to_world">
            <matrix value="1.0 -0.00024749751263498 -2.0971906306129116e-05 0.0005786445635831416 0.000247495244022006 1.0 -6.263341561466804e-05 -0.018055802637188978 2.0987381809736057e-05 6.26282009832653e-05 1.0 -6.819907816313364e-05 0.0 0.0 0.0 1.0"/>
            <scale value="1"/>
        </transform>
    </shape>
    <shape name="temp20" type="ply">
        <string name="filename" value="meshes/Cube_016.ply"/>
        <boolean name="face_normals" value="true"/>
        <ref id="mat-Material" name="bsdf"/>
        <transform name="to_world">
            <matrix value="1.0 -0.00036192256107862994 0.0003161905743508229 0.0005757136273106811 0.0003620691030748528 0.9999997914159312 -0.0004650912651452578 -0.018195171138855826 -0.00031602254856593747 0.00046520504856880046 1.0 0.0003027309300056569 0.0 0.0 0.0 1.0"/>
            <scale value="1"/>
        </transform>
    </shape>
    <shape name="temp21" type="ply">
        <string name="filename" value="meshes/Cube_017.ply"/>
        <boolean name="face_normals" value="true"/>
        <ref id="mat-Material" name="bsdf"/>
        <transform name="to_world">
            <matrix value="1.0 -0.00042311904101388544 6.582711653013261e-05 0.00043116354803052204 0.00042314507993411666 0.9999997914159312 -0.0003910995266892692 -0.017979813371355513 -6.566175023536108e-05 0.00039112850238724473 1.0 5.818019475370417e-05 0.0 0.0 0.0 1.0"/>
            <scale value="1"/>
        </transform>
    </shape>
    <shape name="temp22" type="ply">
        <string name="filename" value="meshes/Cube_018.ply"/>
        <boolean name="face_normals" value="true"/>
        <ref id="mat-Material" name="bsdf"/>
        <transform name="to_world">
            <matrix value="1.0 0.0001768893023488652 -0.0003659683391005914 0.00047289681571183184 -0.000176519918372702 0.9999993742477937 0.0010086657800265804 -0.017769752240800907 0.00036614736528570445 -0.0010086020069959099 0.9999995272093389 -0.00020929480989273497 0.0 0.0 0.0 1.0"/>
            <scale value="1"/>
        </transform>
    </shape>
    <shape name="temp23" type="ply">
        <string name="filename" value="meshes/Cube_019.ply"/>
        <boolean name="face_normals" value="true"/>
        <ref id="mat-Material" name="bsdf"/>
        <transform name="to_world">
            <matrix value="0.9999840433170752 0.0016866191234045926 -0.005422081498708572 0.003331387541416597 -0.0016619062562607818 0.9999881107080804 0.004559191263206816 -0.017829788920535328 0.00542969574151592 -0.004550100850397249 0.9999749420949637 -0.0008621890612148242 0.0 0.0 0.0 1.0"/>
            <scale value="1"/>
        </transform>
    </shape>
    <shape name="temp24" type="ply">
        <string name="filename" value="meshes/Cube_020.ply"/>
        <boolean name="face_normals" value="true"/>
        <ref id="mat-Material" name="bsdf"/>
        <transform name="to_world">
            <matrix value="0.9997237871646917 0.023394589883477496 0.002096817932938929 -0.002058085137611604 -0.02340800657372307 0.9997039697136563 0.006640817596837381 -0.01729579173388185 -0.001940838844497788 -0.006688057709715543 0.9999758876747825 -4.597845070075657e-05 0.0 0.0 0.0 1.0"/>
            <scale value="1"/>
        </transform>
    </shape>
    <shape name="temp25" type="ply">
        <string name="filename" value="meshes/Cube_021.ply"/>
        <boolean name="face_normals" value="true"/>
        <ref id="mat-Material" name="bsdf"/>
        <transform name="to_world">
            <matrix value="0.9990687502548637 0.04116742417447641 0.012928720661566515 -0.009165124192559604 -0.04121202087843312 0.999145222486197 0.0032011000893101558 -0.02305239638935752 -0.012785899433892349 -0.0037309307229732407 0.9999113517510511 -0.005798038211400791 0.0 0.0 0.0 1.0"/>
            <scale value="1"/>
        </transform>
    </shape>
    <shape name="temp26" type="ply">
        <string name="filename" value="meshes/Cube_022.ply"/>
        <boolean name="face_normals" value="true"/>
        <ref id="mat-Material" name="bsdf"/>
        <transform name="to_world">
            <matrix value="0.9994641213984437 0.030042071406670104 0.01299628244703208 -0.006413868760288488 -0.030154478420359312 0.9995087845180561 0.008541152408324709 -0.019994100209206278 -0.012733304434007593 -0.00892845983609464 0.999879201986099 -0.009101498039630784 0.0 0.0 0.0 1.0"/>
            <scale value="1"/>
        </transform>
    </shape>
    <shape name="temp27" type="ply">
        <string name="filename" value="meshes/Cube_023.ply"/>
        <boolean name="face_normals" value="true"/>
        <ref id="mat-Material" name="bsdf"/>
        <transform name="to_world">
            <matrix value="0.9994534836098272 0.03188518281350707 0.008762182042370554 -0.0025486923232936887 -0.03194117923432743 0.9994697792971969 0.006324851626470792 -0.02050799067389908 -0.008555867006366716 -0.006601274865828298 0.9999416103533589 -0.007755918075719764 0.0 0.0 0.0 1.0"/>
            <scale value="1"/>
        </transform>
    </shape>
    <shape name="temp28" type="ply">
        <string name="filename" value="meshes/Cube_024.ply"/>
        <boolean name="face_normals" value="true"/>
        <ref id="mat-Material" name="bsdf"/>
        <transform name="to_world">
            <matrix value="0.9995111049648332 0.03014335983046287 0.008318846239494 -0.0007587332661491697 -0.030227759486691243 0.9994908462881423 0.010212940185835098 -0.018941730546350233 -0.008006748790394785 -0.01045941058313848 0.9999132429136953 -0.008163437300460652 0.0 0.0 0.0 1.0"/>
            <scale value="1"/>
        </transform>
    </shape>
    <shape name="temp29" type="ply">
        <string name="filename" value="meshes/Cube_025.ply"/>
        <boolean name="face_normals" value="true"/>
        <ref id="mat-Material" name="bsdf"/>
        <transform name="to_world">
            <matrix value="0.999533267024451 0.030245211431241304 0.004370760545241102 0.0010244899797475782 -0.030289387742076176 0.9994868831908358 0.010418556844330365 -0.018713163199247096 -0.0040534052447843815 -0.010546073092029378 0.9999361732607568 -0.004755150104971961 0.0 0.0 0.0 1.0"/>
            <scale value="1"/>
        </transform>
    </shape>
    <shape name="temp30" type="ply">
        <string name="filename" value="meshes/Cube_026.ply"/>
        <boolean name="face_normals" value="true"/>
        <ref id="mat-Material" name="bsdf"/>
        <transform name="to_world">
            <matrix value="0.9994517106450578 0.03154016390536124 0.010069330022537931 0.006453073825159583 -0.03161462571827235 0.9994733252263659 0.007323385502630844 -0.023020801102373478 -0.009833053204899765 -0.007637697815916216 0.9999226987269166 -0.01273096349631997 0.0 0.0 0.0 1.0"/>
            <scale value="1"/>
        </transform>
    </shape>
    <shape name="temp31" type="ply">
        <string name="filename" value="meshes/Cube_027.ply"/>
        <boolean name="face_normals" value="true"/>
        <ref id="mat-Material" name="bsdf"/>
        <transform name="to_world">
            <matrix value="0.9997907901572088 0.01637822549189338 0.0122700523521099 0.013110696891014628 -0.016748626395544895 0.9993878057581718 0.030718367586228743 0.02211734213700467 -0.011759423750990643 -0.030917436168060357 0.9994527448098224 -0.017841458967663648 0.0 0.0 0.0 1.0"/>
            <scale value="1"/>
        </transform>
    </shape>
    <shape name="temp32" type="ply">
        <string name="filename" value="meshes/Cube_028.ply"/>
        <boolean name="face_normals" value="true"/>
        <ref id="mat-Material" name="bsdf"/>
        <transform name="to_world">
            <matrix value="0.9998953950786044 0.0012681953097786298 0.014404702186798644 0.01974152550985253 -0.00183174741634709 0.9992305333703223 0.039177301698595006 0.06283407649916128 -0.014343945413960679 -0.03919957949451737 0.9991284104163347 -0.025250468792810787 0.0 0.0 0.0 1.0"/>
            <scale value="1"/>
        </transform>
    </shape>
    <shape name="temp33" type="ply">
        <string name="filename" value="meshes/Cube_029.ply"/>
        <boolean name="face_normals" value="true"/>
        <ref id="mat-Material" name="bsdf"/>
        <transform name="to_world">
            <matrix value="0.9882682921207673 -0.15264964342553447 0.004916715561100865 -0.015192721366382056 0.15235099560836626 0.987575272775816 0.038524354156137225 0.38297843127730125 -0.01073635216044622 -0.03732332407915348 0.9992456625002778 -0.022770790870951574 0.0 0.0 0.0 1.0"/>
            <scale value="1"/>
        </transform>
    </shape>
    <shape name="temp34" type="ply">
        <string name="filename" value="meshes/Cube_030.ply"/>
        <boolean name="face_normals" value="true"/>
        <ref id="mat-Material" name="bsdf"/>
        <transform name="to_world">
            <matrix value="0.9999905785472246 -0.004319024349619245 5.424708358288851e-06 0.0007311401979022136 0.00431902230368819 0.9999906960017683 -0.0002934070942782195 0.031678297034833436 -4.1574693633842425e-06 0.0002934434488813519 1.0000000030674319 -6.410530059897113e-05 0.0 0.0 0.0 1.0"/>
            <scale value="1"/>
        </transform>
    </shape>
    <shape name="temp35" type="ply">
        <string name="filename" value="meshes/Cube_031.ply"/>
        <boolean name="face_normals" value="true"/>
        <ref id="mat-Material" name="bsdf"/>
        <transform name="to_world">
            <matrix value="0.9998887464607191 -0.0023630656017754677 -0.014736837626193738 -0.019260835341506688 0.0029458563153891572 0.9992092577953082 0.03965103794097776 0.07187360669030896 0.01463149813750051 -0.03969002321540686 0.9991050072786123 0.03765381997999806 0.0 0.0 0.0 1.0"/>
            <scale value="1"/>
        </transform>
    </shape>
    <shape name="temp36" type="ply">
        <string name="filename" value="meshes/Cube_032.ply"/>
        <boolean name="face_normals" value="true"/>
        <ref id="mat-Material" name="bsdf"/>
        <transform name="to_world">
            <matrix value="0.9994862834580615 -0.030654891400704598 -0.009386171156838373 -0.010760191325147606 0.030744680662450556 0.9994814600050478 0.009574460037605769 0.10860544457364613 0.009087791896487226 -0.009858123202266058 0.9999101697743984 0.025445017902793854 0.0 0.0 0.0 1.0"/>
            <scale value="1"/>
        </transform>
    </shape>
    <shape name="temp37" type="ply">
        <string name="filename" value="meshes/Cube_033.ply"/>
        <boolean name="face_normals" value="true"/>
        <ref id="mat-Material" name="bsdf"/>
        <transform name="to_world">
            <matrix value="0.999485840216869 -0.032064439962204566 -0.00018599915559587934 -0.0005943320101091665 0.03206476374357965 0.9994833372616667 0.0021875338340816824 0.1068152913719233 0.00011576085896597149 -0.0021923729149415025 0.9999976360466947 0.0002750287828716669 0.0 0.0 0.0 1.0"/>
            <scale value="1"/>
        </transform>
    </shape>
    <shape name="temp38" type="ply">
        <string name="filename" value="meshes/Cube_034.ply"/>
        <boolean name="face_normals" value="true"/>
        <ref id="mat-Material" name="bsdf"/>
        <transform name="to_world">
            <matrix value="0.9994862834580615 -0.03201561043170645 -0.0015840756540704201 -0.0007895581444228306 0.03201973487084838 0.9994837544298042 0.0026435144231883017 0.10672790964070422 0.001498625065821317 -0.0026928787313082606 0.9999952720933893 0.004277453514179408 0.0 0.0 0.0 1.0"/>
            <scale value="1"/>
        </transform>
    </shape>
    <shape name="temp39" type="ply">
        <string name="filename" value="meshes/Cube_035.ply"/>
        <boolean name="face_normals" value="true"/>
        <ref id="mat-Material" name="bsdf"/>
        <transform name="to_world">
            <matrix value="0.9994916023523697 -0.03187333523840116 0.0010051718570413422 -0.0007358193999462692 0.03186667925471653 0.9994737423945035 0.006064249414094173 0.10561207701677283 -0.0011979302409281826 -0.006029120421840421 0.9999810883735576 -0.009966218966839538 0.0 0.0 0.0 1.0"/>
            <scale value="1"/>
        </transform>
    </shape>
    <shape name="temp40" type="ply">
        <string name="filename" value="meshes/Cube_036.ply"/>
        <boolean name="face_normals" value="true"/>
        <ref id="mat-Material" name="bsdf"/>
        <transform name="to_world">
            <matrix value="0.9991427715339868 -0.03689772914524334 0.018778559510869694 -0.003220013875421479 0.03156669804814309 0.9724120453128032 0.23112423472921623 0.04038120124346484 -0.026788460481501773 -0.23033333820029495 0.9727431455991935 -0.11976204866619783 0.0 0.0 0.0 1.0"/>
            <scale value="1"/>
        </transform>
    </shape>
    <shape name="temp41" type="ply">
        <string name="filename" value="meshes/Cube_037.ply"/>
        <boolean name="face_normals" value="true"/>
        <ref id="mat-Material" name="bsdf"/>
        <transform name="to_world">
            <matrix value="0.9993963054960134 -0.03439317679794253 0.004962812650554276 -0.0042287056348220275 0.026822820538733073 0.8543155000907341 0.519062210267973 -0.22893104379616347 -0.022092014212085592 -0.5186157109692277 0.8547220676459423 0.01846010945835236 0.0 0.0 0.0 1.0"/>
            <scale value="1"/>
        </transform>
    </shape>
    <shape name="temp42" type="ply">
        <string name="filename" value="meshes/Cube_038.ply"/>
        <boolean name="face_normals" value="true"/>
        <ref id="mat-Material" name="bsdf"/>
        <transform name="to_world">
            <matrix value="0.9992704249973849 -0.03775826357934434 0.00575535163569021 -0.008941287058429115 0.023189590214652844 0.7195097022879587 0.6940952228758815 -0.5822716820510355 -0.0303488662776782 -0.6934552576743294 0.7198604227410417 0.16979024973536483 0.0 0.0 0.0 1.0"/>
            <scale value="1"/>
        </transform>
    </shape>
    <shape name="temp43" type="ply">
        <string name="filename" value="meshes/Cube_039.ply"/>
        <boolean name="face_normals" value="true"/>
        <ref id="mat-Material" name="bsdf"/>
        <transform name="to_world">
            <matrix value="0.999969565370436 -0.005179185330478981 -0.00585393849205545 0.011140880298666556 0.0077531490435038715 0.562339492974529 0.8268701874550325 -1.2107742419564282 -0.0009906121283554741 -0.8268903175721233 0.5623624311596057 1.0048167249169886 0.0 0.0 0.0 1.0"/>
            <scale value="1"/>
        </transform>
    </shape>
    <shape name="temp47" type="ply">
        <string name="filename" value="meshes/Plane_001.ply"/>
        <boolean name="face_normals" value="true"/>
        <ref id="mat-Material.002" name="bsdf"/>
        <transform name="to_world">
            <scale value="1"/>
        </transform>
    </shape>
    <shape name="temp49" type="ply">
        <string name="filename" value="meshes/Plane_002.ply"/>
        <boolean name="face_normals" value="true"/>
        <ref id="mat-Material.003" name="bsdf"/>
        <transform name="to_world">
            <scale value="1"/>
        </transform>
    </shape>
    <shape name="temp51" type="ply">
        <string name="filename" value="meshes/Plane_003.ply"/>
        <boolean name="face_normals" value="true"/>
        <ref id="mat-Material.004" name="bsdf"/>
        <transform name="to_world">
            <scale value="1"/>
        </transform>
    </shape>
    <shape name="temp53" type="ply">
        <string name="filename" value="meshes/Plane_004.ply"/>
        <boolean name="face_normals" value="true"/>
        <ref id="mat-Material.005" name="bsdf"/>
        <transform name="to_world">
            <scale value="1"/>
        </transform>
    </shape>
    <emitter type="point">
        <rgb name="intensity" value="100"/>
        <animation name="to_world">
            <transform time="0">
                <rotate angle="-142.5518126578256" x="1"/>
                <rotate angle="3.976628485794621e-06" y="1"/>
                <rotate angle="-179.999991348578" z="1"/>
                <translate value="-0.000000 3.030926 4.073377"/>
                <translate x="1.7999999999999998" y="0.0" z="0.0"/>
            </transform>
            <transform time="0.0015">
                <rotate angle="-142.5518126578256" x="1"/>
                <rotate angle="3.976628485794621e-06" y="1"/>
                <rotate angle="-179.999991348578" z="1"/>
                <translate value="-0.000000 3.030926 4.073377"/>
                <translate x="1.95" y="0.0" z="0.0"/>
            </transform>
        </animation>
    </emitter>
</scene>
