
<scene version="2.1.0">
    <default name="spp" value="1024"/>
    <default name="resx" value="640"/>
    <default name="resy" value="360"/>
    <integrator name="temp0" type="path">
        <integer name="max_depth" value="12"/>
    </integrator>
    <sensor name="temp44" type="perspective">
        <string name="fov_axis" value="x"/>
        <float name="fov" value="83.974423"/>
        <float name="principal_point_offset_x" value="0.000000"/>
        <float name="principal_point_offset_y" value="-0.000000"/>
        <float name="near_clip" value="0.100000"/>
        <float name="far_clip" value="1000.000000"/>
        <sampler name="sampler" type="independent">
            <integer name="sample_count" value="$spp"/>
        </sampler>
        <film name="film" type="hdrfilm">
            <integer name="width" value="$resx"/>
            <integer name="height" value="$resy"/>
        </film>
        <float name="shutter_open" value="0.0"/>
        <float name="shutter_close" value="0.0015"/>
        <animation name="to_world">
            <transform time="0">
                <rotate angle="-142.5518126578256" x="1"/>
                <rotate angle="3.976628485794621e-06" y="1"/>
                <rotate angle="-179.999991348578" z="1"/>
                <translate value="-0.000000 3.030926 4.073377"/>
                <translate x="12.15" y="0.0" z="0.0"/>
            </transform>
            <transform time="0.0015">
                <rotate angle="-142.5518126578256" x="1"/>
                <rotate angle="3.976628485794621e-06" y="1"/>
                <rotate angle="-179.999991348578" z="1"/>
                <translate value="-0.000000 3.030926 4.073377"/>
                <translate x="12.299999999999999" y="0.0" z="0.0"/>
            </transform>
        </animation>
    </sensor>
    <bsdf id="mat-Material" name="mat-Material" type="twosided">
        <bsdf name="bsdf" type="diffuse">
            <texture name="reflectance" type="bitmap">
                <string name="filename" value="textures/siggraph_2023_logo.jpg"/>
            </texture>
        </bsdf>
    </bsdf>
    <bsdf id="mat-Material.001" name="mat-Material.001" type="twosided">
        <bsdf name="bsdf" type="principled">
            <rgb name="base_color" value="0.433648 0.266232 0.084399"/>
            <float name="spec_tint" value="0.000000"/>
            <float name="spec_trans" value="0.000000"/>
            <float name="metallic" value="0.000000"/>
            <float name="anisotropic" value="0.000000"/>
            <float name="roughness" value="0.500000"/>
            <float name="sheen" value="0.000000"/>
            <float name="sheen_tint" value="0.500000"/>
            <float name="clearcoat" value="0.000000"/>
            <float name="clearcoat_gloss" value="0.173205"/>
            <float name="specular" value="0.500000"/>
        </bsdf>
    </bsdf>
    <bsdf id="mat-Material.002" name="mat-Material.002" type="twosided">
        <bsdf name="bsdf" type="principled">
            <rgb name="base_color" value="0.433648 0.266232 0.084399"/>
            <float name="spec_tint" value="0.000000"/>
            <float name="spec_trans" value="0.000000"/>
            <float name="metallic" value="0.000000"/>
            <float name="anisotropic" value="0.000000"/>
            <float name="roughness" value="0.500000"/>
            <float name="sheen" value="0.000000"/>
            <float name="sheen_tint" value="0.500000"/>
            <float name="clearcoat" value="0.000000"/>
            <float name="clearcoat_gloss" value="0.173205"/>
            <float name="specular" value="0.500000"/>
        </bsdf>
    </bsdf>
    <bsdf id="mat-Material.003" name="mat-Material.003" type="twosided">
        <bsdf name="bsdf" type="principled">
            <rgb name="base_color" value="0.433648 0.266232 0.084399"/>
            <float name="spec_tint" value="0.000000"/>
            <float name="spec_trans" value="0.000000"/>
            <float name="metallic" value="0.000000"/>
            <float name="anisotropic" value="0.000000"/>
            <float name="roughness" value="0.500000"/>
            <float name="sheen" value="0.000000"/>
            <float name="sheen_tint" value="0.500000"/>
            <float name="clearcoat" value="0.000000"/>
            <float name="clearcoat_gloss" value="0.173205"/>
            <float name="specular" value="0.500000"/>
        </bsdf>
    </bsdf>
    <bsdf id="mat-Material.004" name="mat-Material.004" type="twosided">
        <bsdf name="bsdf" type="principled">
            <rgb name="base_color" value="0.433648 0.266232 0.084399"/>
            <float name="spec_tint" value="0.000000"/>
            <float name="spec_trans" value="0.000000"/>
            <float name="metallic" value="0.000000"/>
            <float name="anisotropic" value="0.000000"/>
            <float name="roughness" value="0.500000"/>
            <float name="sheen" value="0.000000"/>
            <float name="sheen_tint" value="0.500000"/>
            <float name="clearcoat" value="0.000000"/>
            <float name="clearcoat_gloss" value="0.173205"/>
            <float name="specular" value="0.500000"/>
        </bsdf>
    </bsdf>
    <bsdf id="mat-Material.005" name="mat-Material.005" type="twosided">
        <bsdf name="bsdf" type="principled">
            <rgb name="base_color" value="0.433648 0.266232 0.084399"/>
            <float name="spec_tint" value="0.000000"/>
            <float name="spec_trans" value="0.000000"/>
            <float name="metallic" value="0.000000"/>
            <float name="anisotropic" value="0.000000"/>
            <float name="roughness" value="0.500000"/>
            <float name="sheen" value="0.000000"/>
            <float name="sheen_tint" value="0.500000"/>
            <float name="clearcoat" value="0.000000"/>
            <float name="clearcoat_gloss" value="0.173205"/>
            <float name="specular" value="0.500000"/>
        </bsdf>
    </bsdf>
    <emitter name="temp45" type="point">
        <point name="position" x="-6.815235034541981e-16" y="3.0693089962005615" z="4.109199523925781"/>
        <rgb name="intensity" value="7.957747 7.957747 7.957747"/>
    </emitter>
    <shape name="temp2" type="ply">
        <string name="filename" value="meshes/Cube.ply"/>
        <boolean name="face_normals" value="true"/>
        <ref id="mat-Material" name="bsdf"/>
        <transform name="to_world">
            <matrix value="0.9999991135176153 9.031356443057593e-05 0.0013254426147971184 -0.0021757381254730035 -8.811501931645115e-05 0.9999985399115188 -0.0016587056599188406 -0.0154134911817142 -0.0013255881367381349 0.0016585875104031306 0.9999978724420252 0.0029429425246272345 0.0 0.0 0.0 1.0"/>
            <scale value="1"/>
        </transform>
    </shape>
    <shape name="temp4" type="ply">
        <string name="filename" value="meshes/Plane.ply"/>
        <boolean name="face_normals" value="true"/>
        <ref id="mat-Material.001" name="bsdf"/>
        <transform name="to_world">
            <scale value="1"/>
        </transform>
    </shape>
    <shape name="temp5" type="ply">
        <string name="filename" value="meshes/Cube_001.ply"/>
        <boolean name="face_normals" value="true"/>
        <ref id="mat-Material" name="bsdf"/>
        <transform name="to_world">
            <matrix value="0.9999986702764229 -0.0001519789413524174 -0.0015997344807647483 0.002156435223749309 0.0001574729578548545 0.9999941596460746 0.0034346586758741073 -0.021415117684621954 0.0015992053571903474 -0.003434904040899164 0.9999929081400841 -0.003337922875855326 0.0 0.0 0.0 1.0"/>
            <scale value="1"/>
        </transform>
    </shape>
    <shape name="temp6" type="ply">
        <string name="filename" value="meshes/Cube_002.ply"/>
        <boolean name="face_normals" value="true"/>
        <ref id="mat-Material" name="bsdf"/>
        <transform name="to_world">
            <matrix value="1.0 -3.2632768974371276e-05 0.0003470567126581662 -0.0009038311245741504 3.352986647802321e-05 0.9999966626548998 -0.002585242974212579 -0.016043407069794957 -0.00034697142158088176 0.002585243094302943 0.9999966904653725 0.0008160291948583476 0.0 0.0 0.0 1.0"/>
            <scale value="1"/>
        </transform>
    </shape>
    <shape name="temp7" type="ply">
        <string name="filename" value="meshes/Cube_003.ply"/>
        <boolean name="face_normals" value="true"/>
        <ref id="mat-Material" name="bsdf"/>
        <transform name="to_world">
            <matrix value="0.9999991135176153 0.0002123031227120935 0.001277683666170079 -0.0012417711710011048 -0.00021438335398837289 0.9999985399115188 0.0016278087902185285 -0.017696403094039692 -0.0012773369005384494 -0.0016280820903461037 0.9999978724420252 0.003713015751122206 0.0 0.0 0.0 1.0"/>
            <scale value="1"/>
        </transform>
    </shape>
    <shape name="temp8" type="ply">
        <string name="filename" value="meshes/Cube_004.ply"/>
        <boolean name="face_normals" value="true"/>
        <ref id="mat-Material" name="bsdf"/>
        <transform name="to_world">
            <matrix value="0.9999995567588077 0.0001625272462939826 0.0009792345613755561 -0.0005009355333687182 -0.00016235570282982907 1.0 -0.00017531432305123963 -0.017396198901495907 -0.0009792660635040522 0.00017515513440114473 0.9999995272093389 0.0030257942929586557 0.0 0.0 0.0 1.0"/>
            <scale value="1"/>
        </transform>
    </shape>
    <shape name="temp9" type="ply">
        <string name="filename" value="meshes/Cube_005.ply"/>
        <boolean name="face_normals" value="true"/>
        <ref id="mat-Material" name="bsdf"/>
        <transform name="to_world">
            <matrix value="0.9999995567588077 -0.0007094945382261595 0.0007960447278876989 -0.0006174259750486577 0.0007135917252188282 0.9999864420355303 -0.005156254949527233 -0.02120838315603435 -0.0007923778471597992 0.005156821846261026 0.9999865254661597 0.0019686230784893843 0.0 0.0 0.0 1.0"/>
            <scale value="1"/>
        </transform>
    </shape>
    <shape name="temp10" type="ply">
        <string name="filename" value="meshes/Cube_006.ply"/>
        <boolean name="face_normals" value="true"/>
        <ref id="mat-Material" name="bsdf"/>
        <transform name="to_world">
            <matrix value="0.9999991135176153 0.00024116490030724432 -0.0012736649455510635 -0.0011953428377164954 -0.00024203761522054794 0.9999997914159312 -0.0006844354004844213 -0.017654495027304373 0.001273502864224585 0.0006847418667856987 0.999999054418678 -0.0029806083060777144 0.0 0.0 0.0 1.0"/>
            <scale value="1"/>
        </transform>
    </shape>
    <shape name="temp11" type="ply">
        <string name="filename" value="meshes/Cube_007.ply"/>
        <boolean name="face_normals" value="true"/>
        <ref id="mat-Material" name="bsdf"/>
        <transform name="to_world">
            <matrix value="0.9999986702764229 0.001772505699559679 -7.08583183498093e-05 0.00048811153629779724 -0.0017728849860024433 0.9999818531860174 -0.005747125078187755 -0.019049764439321604 6.066996792706732e-05 0.0057472357396286785 0.9999836887221933 -0.0002295929314106715 0.0 0.0 0.0 1.0"/>
            <scale value="1"/>
        </transform>
    </shape>
    <shape name="temp12" type="ply">
        <string name="filename" value="meshes/Cube_008.ply"/>
        <boolean name="face_normals" value="true"/>
        <ref id="mat-Material" name="bsdf"/>
        <transform name="to_world">
            <matrix value="0.9999986702764229 -0.0016440658875356419 0.00010493659640839846 0.00018899801519145498 0.0016438663397319632 0.9999968712389685 0.0018743312967087625 -0.01903565655221856 -0.0001080178785767348 -0.0018741570596320996 0.9999983452326863 5.592067640836085e-05 0.0 0.0 0.0 1.0"/>
            <scale value="1"/>
        </transform>
    </shape>
    <shape name="temp13" type="ply">
        <string name="filename" value="meshes/Cube_009.ply"/>
        <boolean name="face_normals" value="true"/>
        <ref id="mat-Material" name="bsdf"/>
        <transform name="to_world">
            <matrix value="0.9999995567588077 0.00044608206114433394 0.0008852603256298398 0.0015829372486080295 -0.0004461222601045694 0.9999997914159312 4.731405261498151e-05 -0.01679388193382625 -0.000885236876958018 -4.7709016880708684e-05 0.9999995272093389 0.0014950784260974181 0.0 0.0 0.0 1.0"/>
            <scale value="1"/>
        </transform>
    </shape>
    <shape name="temp14" type="ply">
        <string name="filename" value="meshes/Cube_010.ply"/>
        <boolean name="face_normals" value="true"/>
        <ref id="mat-Material" name="bsdf"/>
        <transform name="to_world">
            <matrix value="0.9999844865582677 0.0003919878687505606 0.005570750522079088 0.011446081992356305 -0.00039341600668053124 0.9999997914159312 0.0002552360383735812 -0.016698648089119694 -0.0055706597379203485 -0.000257421942626866 0.999984397908185 0.009186092515865107 0.0 0.0 0.0 1.0"/>
            <scale value="1"/>
        </transform>
    </shape>
    <shape name="temp15" type="ply">
        <string name="filename" value="meshes/Cube_011.ply"/>
        <boolean name="face_normals" value="true"/>
        <ref id="mat-Material" name="bsdf"/>
        <transform name="to_world">
            <matrix value="0.9999982270352306 -0.0017664671907689036 -0.0009576540316514436 -0.002001131027536962 0.0017659748558136402 0.99999833132745 -0.0005168216553252066 -0.02108630038652254 0.000958566699821108 0.0005151296454279415 0.9999995272093389 -0.0014312672185197162 0.0 0.0 0.0 1.0"/>
            <scale value="1"/>
        </transform>
    </shape>
    <shape name="temp16" type="ply">
        <string name="filename" value="meshes/Cube_012.ply"/>
        <boolean name="face_normals" value="true"/>
        <ref id="mat-Material" name="bsdf"/>
        <transform name="to_world">
            <matrix value="0.9999946811056918 0.0033625337124001146 -0.00018776219197097445 -0.00044655787950609316 -0.0033619445522998013 0.9999895707965618 0.0030549841355093682 -0.00947455764255084 0.00019803262964361636 -0.003054336149913542 0.9999955084887199 -0.00031109419065056265 0.0 0.0 0.0 1.0"/>
            <scale value="1"/>
        </transform>
    </shape>
    <shape name="temp17" type="ply">
        <string name="filename" value="meshes/Cube_013.ply"/>
        <boolean name="face_normals" value="true"/>
        <ref id="mat-Material" name="bsdf"/>
        <transform name="to_world">
            <matrix value="0.9999960108292688 0.002846705310341807 0.0003131907176063933 -0.00023976081944376837 -0.002848560441255472 0.9999772643365046 0.006093302400216349 -0.007844651096078792 -0.00029583734466612417 -0.00609417362120716 0.9999815611642185 0.00024456597417565895 0.0 0.0 0.0 1.0"/>
            <scale value="1"/>
        </transform>
    </shape>
    <shape name="temp18" type="ply">
        <string name="filename" value="meshes/Cube_014.ply"/>
        <boolean name="face_normals" value="true"/>
        <ref id="mat-Material" name="bsdf"/>
        <transform name="to_world">
            <matrix value="0.9994583592629431 0.0328664665650167 0.001626198938017617 0.012590570028547354 -0.03274990381666126 0.9886630386944306 0.14653626469847067 0.136568274748609 0.0032083703439728948 -0.14651013822866238 0.9892040616500111 -0.0779107300333195 0.0 0.0 0.0 1.0"/>
            <scale value="1"/>
        </transform>
    </shape>
    <shape name="temp19" type="ply">
        <string name="filename" value="meshes/Cube_015.ply"/>
        <boolean name="face_normals" value="true"/>
        <ref id="mat-Material" name="bsdf"/>
        <transform name="to_world">
            <matrix value="0.9948486508624587 0.0966571065635149 -0.03055880073812078 -0.013441860660874605 -0.07138598861402025 0.8820083725645202 0.4657952504395771 0.28784630311196735 0.07197554372397066 -0.46121420958110065 0.884364860117791 -0.11586006002743943 0.0 0.0 0.0 1.0"/>
            <scale value="1"/>
        </transform>
    </shape>
    <shape name="temp20" type="ply">
        <string name="filename" value="meshes/Cube_016.ply"/>
        <boolean name="face_normals" value="true"/>
        <ref id="mat-Material" name="bsdf"/>
        <transform name="to_world">
            <matrix value="0.9924573646297075 0.11950427910217074 0.027346377312478222 0.07583851139560116 -0.11330929193106004 0.8090327330979116 0.5767381794060898 0.18311085893817708 0.0467985575158636 -0.5754863659023451 0.816471412003493 -0.1518804227471388 0.0 0.0 0.0 1.0"/>
            <scale value="1"/>
        </transform>
    </shape>
    <shape name="temp21" type="ply">
        <string name="filename" value="meshes/Cube_017.ply"/>
        <boolean name="face_normals" value="true"/>
        <ref id="mat-Material" name="bsdf"/>
        <transform name="to_world">
            <matrix value="0.973728208046778 0.20137089793355764 0.10631728697589381 0.2127629305871266 -0.22419919613777356 0.7660783900647237 0.6023773805600773 0.056386348624896776 0.039853903270588104 -0.6103879037926841 0.7910993375730048 -0.18621159805787738 0.0 0.0 0.0 1.0"/>
            <scale value="1"/>
        </transform>
    </shape>
    <shape name="temp22" type="ply">
        <string name="filename" value="meshes/Cube_018.ply"/>
        <boolean name="face_normals" value="true"/>
        <ref id="mat-Material" name="bsdf"/>
        <transform name="to_world">
            <matrix value="0.04183859992518089 0.9948271150946033 0.09256732893606498 0.8874351367178906 -0.830905701322809 -0.01680519916649806 0.5561594930927648 0.24912024908278613 0.5548382435592623 -0.10018363741414159 0.825904294877644 -0.3792733263591156 0.0 0.0 0.0 1.0"/>
            <scale value="1"/>
        </transform>
    </shape>
    <shape name="temp23" type="ply">
        <string name="filename" value="meshes/Cube_019.ply"/>
        <boolean name="face_normals" value="true"/>
        <ref id="mat-Material" name="bsdf"/>
        <transform name="to_world">
            <matrix value="-0.0686731752203352 0.9917676039739437 -0.10807758116515477 0.4369267680166323 -0.8795403411538809 -0.009058766475534132 0.4757382744370127 -0.08003081212679361 0.4708427078845516 0.12772902009290335 0.8729219077481406 -0.03969710429910289 0.0 0.0 0.0 1.0"/>
            <scale value="1"/>
        </transform>
    </shape>
    <shape name="temp24" type="ply">
        <string name="filename" value="meshes/Cube_020.ply"/>
        <boolean name="face_normals" value="true"/>
        <ref id="mat-Material" name="bsdf"/>
        <transform name="to_world">
            <matrix value="0.11836632239093618 0.9926086910381798 0.026778579454192552 -0.18308094558267551 -0.9359406597324339 0.12053545008294195 -0.3308868000160524 0.1922793055443364 -0.33166898227411573 0.014102701649201051 0.9432904147051693 0.10866262713126229 0.0 0.0 0.0 1.0"/>
            <scale value="1"/>
        </transform>
    </shape>
    <shape name="temp25" type="ply">
        <string name="filename" value="meshes/Cube_021.ply"/>
        <boolean name="face_normals" value="true"/>
        <ref id="mat-Material" name="bsdf"/>
        <transform name="to_world">
            <matrix value="0.2737457160738759 0.9553701011424149 -0.11104611552828918 -0.25958709067288205 -0.7419870857246196 0.13630718592975305 -0.6564112068407135 0.16130161875029025 -0.6119795683539972 0.2620844223159923 0.7461858795395585 0.11919903834702883 0.0 0.0 0.0 1.0"/>
            <scale value="1"/>
        </transform>
    </shape>
    <shape name="temp26" type="ply">
        <string name="filename" value="meshes/Cube_022.ply"/>
        <boolean name="face_normals" value="true"/>
        <ref id="mat-Material" name="bsdf"/>
        <transform name="to_world">
            <matrix value="0.6725467043244384 0.6323134267650906 -0.38452679091920433 -0.12901773071317457 -0.5257044432270087 0.04248609265721503 -0.8496057635072746 0.054307981303444774 -0.5208802060894248 0.7735467426468902 0.3609839435563597 0.38945942667865596 0.0 0.0 0.0 1.0"/>
            <scale value="1"/>
        </transform>
    </shape>
    <shape name="temp27" type="ply">
        <string name="filename" value="meshes/Cube_023.ply"/>
        <boolean name="face_normals" value="true"/>
        <ref id="mat-Material" name="bsdf"/>
        <transform name="to_world">
            <matrix value="0.8668335026514687 0.40446119606276715 -0.2915664547461327 -0.11333709609145504 -0.40623901869945944 0.23387092400656626 -0.8833313397327126 -0.19984044555762157 -0.2890843878041299 0.8841467764375093 0.36703519122727474 0.04263029082222136 0.0 0.0 0.0 1.0"/>
            <scale value="1"/>
        </transform>
    </shape>
    <shape name="temp28" type="ply">
        <string name="filename" value="meshes/Cube_024.ply"/>
        <boolean name="face_normals" value="true"/>
        <ref id="mat-Material" name="bsdf"/>
        <transform name="to_world">
            <matrix value="0.9048392186898855 0.368322546060577 -0.21355254429930295 -0.10727643274526655 -0.3131830568394775 0.23602747469353785 -0.9198955510871585 -0.4420987241869106 -0.2884139411765749 0.8992382509808666 0.32891928092322775 -0.2643479126076576 0.0 0.0 0.0 1.0"/>
            <scale value="1"/>
        </transform>
    </shape>
    <shape name="temp29" type="ply">
        <string name="filename" value="meshes/Cube_025.ply"/>
        <boolean name="face_normals" value="true"/>
        <ref id="mat-Material" name="bsdf"/>
        <transform name="to_world">
            <matrix value="0.8869207502477718 0.4076460662087551 -0.21724761607128928 -0.2797075702157342 -0.3201675629003576 0.20349903947036335 -0.9252465957890428 -0.7901184251708149 -0.3329635372065522 0.8901756903611217 0.3110026424270047 -0.7439977056712448 0.0 0.0 0.0 1.0"/>
            <scale value="1"/>
        </transform>
    </shape>
    <shape name="temp30" type="ply">
        <string name="filename" value="meshes/Cube_026.ply"/>
        <boolean name="face_normals" value="true"/>
        <ref id="mat-Material" name="bsdf"/>
        <transform name="to_world">
            <matrix value="0.9145723520327927 0.29291481635215666 -0.27885193189355967 -0.30333427379491174 -0.34640309772404515 0.21153177882579685 -0.9139251506192849 -1.1322729899828472 -0.20871620507528896 0.932445877648757 0.2949277599509433 -0.8644145748213714 0.0 0.0 0.0 1.0"/>
            <scale value="1"/>
        </transform>
    </shape>
    <shape name="temp31" type="ply">
        <string name="filename" value="meshes/Cube_027.ply"/>
        <boolean name="face_normals" value="true"/>
        <ref id="mat-Material" name="bsdf"/>
        <transform name="to_world">
            <matrix value="0.8613093876711576 0.27427616113536485 -0.4276899779254041 -0.5522543209283799 -0.4877572350259828 0.21066114892276758 -0.8471805838113641 -1.577520607985267 -0.14226371255276787 0.9382933234325429 0.3152246630302761 -1.0034437095362203 0.0 0.0 0.0 1.0"/>
            <scale value="1"/>
        </transform>
    </shape>
    <shape name="temp32" type="ply">
        <string name="filename" value="meshes/Cube_028.ply"/>
        <boolean name="face_normals" value="true"/>
        <ref id="mat-Material" name="bsdf"/>
        <transform name="to_world">
            <matrix value="-0.12163371611642705 0.980817774700004 0.15232076387841526 -1.4900476325252479 -0.7782353504353515 0.001012980186599308 -0.627972139391925 -2.1160223479488205 -0.6160804358656589 -0.1949239398193245 0.763183885781341 -1.3796647856560922 0.0 0.0 0.0 1.0"/>
            <scale value="1"/>
        </transform>
    </shape>
    <shape name="temp33" type="ply">
        <string name="filename" value="meshes/Cube_029.ply"/>
        <boolean name="face_normals" value="true"/>
        <ref id="mat-Material" name="bsdf"/>
        <transform name="to_world">
            <matrix value="0.007696989683118006 0.9885614582529416 0.15062231070762105 -1.6554806096471584 -0.9989362211383498 0.0007527715608137282 0.04610633251083518 -1.8161579644784362 0.045465553953977375 -0.15081696122213578 0.9875157261993635 -0.0809179024038531 0.0 0.0 0.0 1.0"/>
            <scale value="1"/>
        </transform>
    </shape>
    <shape name="temp34" type="ply">
        <string name="filename" value="meshes/Cube_030.ply"/>
        <boolean name="face_normals" value="true"/>
        <ref id="mat-Material" name="bsdf"/>
        <transform name="to_world">
            <matrix value="-0.03727150774968232 0.9821206042524168 -0.1845257809739718 -3.1937660521583386 -0.9762755804271427 0.003627522215549454 0.2165006186967028 -1.9266037654763817 0.21329906272503138 0.1882173017888117 0.9586855164453004 0.26044816810132443 0.0 0.0 0.0 1.0"/>
            <scale value="1"/>
        </transform>
    </shape>
    <shape name="temp35" type="ply">
        <string name="filename" value="meshes/Cube_031.ply"/>
        <boolean name="face_normals" value="true"/>
        <ref id="mat-Material" name="bsdf"/>
        <transform name="to_world">
            <matrix value="0.1017988943791698 0.9888797575418785 0.10841465726695794 -2.0501128510763516 -0.7197137725676253 -0.0020253346209923176 0.6942682642578298 -0.9325560969433407 0.6867676547399327 -0.14870319112766806 0.7115040842021255 0.7177871675791705 0.0 0.0 0.0 1.0"/>
            <scale value="1"/>
        </transform>
    </shape>
    <shape name="temp36" type="ply">
        <string name="filename" value="meshes/Cube_032.ply"/>
        <boolean name="face_normals" value="true"/>
        <ref id="mat-Material" name="bsdf"/>
        <transform name="to_world">
            <matrix value="0.7863258319193939 0.5687849769410313 0.24119628329805526 -0.5186301636199855 -0.27302048483494584 -0.030301028528043086 0.9615311514674714 0.3251909525329247 0.5542128302368503 -0.8219278173971628 0.1314634856680603 -0.2255316705020367 0.0 0.0 0.0 1.0"/>
            <scale value="1"/>
        </transform>
    </shape>
    <shape name="temp37" type="ply">
        <string name="filename" value="meshes/Cube_033.ply"/>
        <boolean name="face_normals" value="true"/>
        <ref id="mat-Material" name="bsdf"/>
        <transform name="to_world">
            <matrix value="0.978262565444562 0.158797345976309 0.13336554613704027 -0.12924162618395219 -0.15014454095282673 0.09878508123306559 0.9837166168424109 0.30029445170199837 0.1430370797851876 -0.9823567079593596 0.12048025129769217 -0.3933593950092844 0.0 0.0 0.0 1.0"/>
            <scale value="1"/>
        </transform>
    </shape>
    <shape name="temp38" type="ply">
        <string name="filename" value="meshes/Cube_034.ply"/>
        <boolean name="face_normals" value="true"/>
        <ref id="mat-Material" name="bsdf"/>
        <transform name="to_world">
            <matrix value="0.999922432791338 0.004563982120173626 0.011623629320774752 -0.035738393702012594 -0.012258845764475813 0.18143812457892092 0.9833260917563746 0.3693682675404084 0.0023789153710726614 -0.9833917021085764 0.18147996242259826 -0.3405117785847197 0.0 0.0 0.0 1.0"/>
            <scale value="1"/>
        </transform>
    </shape>
    <shape name="temp39" type="ply">
        <string name="filename" value="meshes/Cube_035.ply"/>
        <boolean name="face_normals" value="true"/>
        <ref id="mat-Material" name="bsdf"/>
        <transform name="to_world">
            <matrix value="0.9990714097020178 -0.043025219899754504 0.002394684698272092 0.009519886965835944 0.006812253668707349 0.21256906739977016 0.9771223690972678 0.09210444595446218 -0.0425499488499664 -0.9761982633290435 0.21266476163549636 -0.13455763125404502 0.0 0.0 0.0 1.0"/>
            <scale value="1"/>
        </transform>
    </shape>
    <shape name="temp40" type="ply">
        <string name="filename" value="meshes/Cube_036.ply"/>
        <boolean name="face_normals" value="true"/>
        <ref id="mat-Material" name="bsdf"/>
        <transform name="to_world">
            <matrix value="0.9997819253333617 -0.020756955757233176 0.0023710924442851664 0.005419291347856348 0.002118759385632248 0.2136457783627402 0.9769089041137989 -0.2511985445209604 -0.02078423107404433 -0.9766907303154 0.21364315462949524 0.24803945419939738 0.0 0.0 0.0 1.0"/>
            <scale value="1"/>
        </transform>
    </shape>
    <shape name="temp41" type="ply">
        <string name="filename" value="meshes/Cube_037.ply"/>
        <boolean name="face_normals" value="true"/>
        <ref id="mat-Material" name="bsdf"/>
        <transform name="to_world">
            <matrix value="0.9990133451058194 -0.044330184409175195 0.002714314824682131 -0.0016622911682255825 0.006840133539706432 0.2139574029614766 0.9768190738881972 -0.5689355027469479 -0.043883320302042284 -0.9758365785538032 0.2140495418422099 0.5071162393041042 0.0 0.0 0.0 1.0"/>
            <scale value="1"/>
        </transform>
    </shape>
    <shape name="temp42" type="ply">
        <string name="filename" value="meshes/Cube_038.ply"/>
        <boolean name="face_normals" value="true"/>
        <ref id="mat-Material" name="bsdf"/>
        <transform name="to_world">
            <matrix value="0.9993160788401974 -0.036875285499444126 0.0028011901086520217 0.003386193826223849 0.005157638730060796 0.21397450685511543 0.9768256929574523 -0.9040809352415083 -0.03662012190905754 -0.9761429885508205 0.21401831401904683 0.8496127560744449 0.0 0.0 0.0 1.0"/>
            <scale value="1"/>
        </transform>
    </shape>
    <shape name="temp43" type="ply">
        <string name="filename" value="meshes/Cube_039.ply"/>
        <boolean name="face_normals" value="true"/>
        <ref id="mat-Material" name="bsdf"/>
        <transform name="to_world">
            <matrix value="0.9999655893409923 -0.003161495350631978 -0.0076608569056959615 0.01830376988901916 0.00827437616340981 0.43300160497759455 0.9013551554306384 -1.319287596613865 0.0004675520567639594 -0.9013876221617133 0.4330128533695967 1.4654669132976204 0.0 0.0 0.0 1.0"/>
            <scale value="1"/>
        </transform>
    </shape>
    <shape name="temp47" type="ply">
        <string name="filename" value="meshes/Plane_001.ply"/>
        <boolean name="face_normals" value="true"/>
        <ref id="mat-Material.002" name="bsdf"/>
        <transform name="to_world">
            <scale value="1"/>
        </transform>
    </shape>
    <shape name="temp49" type="ply">
        <string name="filename" value="meshes/Plane_002.ply"/>
        <boolean name="face_normals" value="true"/>
        <ref id="mat-Material.003" name="bsdf"/>
        <transform name="to_world">
            <scale value="1"/>
        </transform>
    </shape>
    <shape name="temp51" type="ply">
        <string name="filename" value="meshes/Plane_003.ply"/>
        <boolean name="face_normals" value="true"/>
        <ref id="mat-Material.004" name="bsdf"/>
        <transform name="to_world">
            <scale value="1"/>
        </transform>
    </shape>
    <shape name="temp53" type="ply">
        <string name="filename" value="meshes/Plane_004.ply"/>
        <boolean name="face_normals" value="true"/>
        <ref id="mat-Material.005" name="bsdf"/>
        <transform name="to_world">
            <scale value="1"/>
        </transform>
    </shape>
    <emitter type="point">
        <rgb name="intensity" value="100"/>
        <animation name="to_world">
            <transform time="0">
                <rotate angle="-142.5518126578256" x="1"/>
                <rotate angle="3.976628485794621e-06" y="1"/>
                <rotate angle="-179.999991348578" z="1"/>
                <translate value="-0.000000 3.030926 4.073377"/>
                <translate x="12.15" y="0.0" z="0.0"/>
            </transform>
            <transform time="0.0015">
                <rotate angle="-142.5518126578256" x="1"/>
                <rotate angle="3.976628485794621e-06" y="1"/>
                <rotate angle="-179.999991348578" z="1"/>
                <translate value="-0.000000 3.030926 4.073377"/>
                <translate x="12.299999999999999" y="0.0" z="0.0"/>
            </transform>
        </animation>
    </emitter>
</scene>
