
<scene version="2.1.0">
    <default name="spp" value="1024"/>
    <default name="resx" value="640"/>
    <default name="resy" value="360"/>
    <integrator name="temp0" type="path">
        <integer name="max_depth" value="12"/>
    </integrator>
    <sensor name="temp44" type="perspective">
        <string name="fov_axis" value="x"/>
        <float name="fov" value="83.974423"/>
        <float name="principal_point_offset_x" value="0.000000"/>
        <float name="principal_point_offset_y" value="-0.000000"/>
        <float name="near_clip" value="0.100000"/>
        <float name="far_clip" value="1000.000000"/>
        <sampler name="sampler" type="independent">
            <integer name="sample_count" value="$spp"/>
        </sampler>
        <film name="film" type="hdrfilm">
            <integer name="width" value="$resx"/>
            <integer name="height" value="$resy"/>
        </film>
        <float name="shutter_open" value="0.0"/>
        <float name="shutter_close" value="0.0015"/>
        <animation name="to_world">
            <transform time="0">
                <rotate angle="-142.5518126578256" x="1"/>
                <rotate angle="3.976628485794621e-06" y="1"/>
                <rotate angle="-179.999991348578" z="1"/>
                <translate value="-0.000000 3.030926 4.073377"/>
            </transform>
            <transform time="0.0015">
                <rotate angle="-142.5518126578256" x="1"/>
                <rotate angle="3.976628485794621e-06" y="1"/>
                <rotate angle="-179.999991348578" z="1"/>
                <translate value="-0.000000 3.030926 4.073377"/>
                <translate x="0.15" y="0.0" z="0.0"/>
            </transform>
        </animation>
    </sensor>
    <bsdf id="mat-Material" name="mat-Material" type="twosided">
        <bsdf name="bsdf" type="diffuse">
            <texture name="reflectance" type="bitmap">
                <string name="filename" value="textures/siggraph_2023_logo.jpg"/>
            </texture>
        </bsdf>
    </bsdf>
    <bsdf id="mat-Material.001" name="mat-Material.001" type="twosided">
        <bsdf name="bsdf" type="principled">
            <rgb name="base_color" value="0.433648 0.266232 0.084399"/>
            <float name="spec_tint" value="0.000000"/>
            <float name="spec_trans" value="0.000000"/>
            <float name="metallic" value="0.000000"/>
            <float name="anisotropic" value="0.000000"/>
            <float name="roughness" value="0.500000"/>
            <float name="sheen" value="0.000000"/>
            <float name="sheen_tint" value="0.500000"/>
            <float name="clearcoat" value="0.000000"/>
            <float name="clearcoat_gloss" value="0.173205"/>
            <float name="specular" value="0.500000"/>
        </bsdf>
    </bsdf>
    <bsdf id="mat-Material.002" name="mat-Material.002" type="twosided">
        <bsdf name="bsdf" type="principled">
            <rgb name="base_color" value="0.433648 0.266232 0.084399"/>
            <float name="spec_tint" value="0.000000"/>
            <float name="spec_trans" value="0.000000"/>
            <float name="metallic" value="0.000000"/>
            <float name="anisotropic" value="0.000000"/>
            <float name="roughness" value="0.500000"/>
            <float name="sheen" value="0.000000"/>
            <float name="sheen_tint" value="0.500000"/>
            <float name="clearcoat" value="0.000000"/>
            <float name="clearcoat_gloss" value="0.173205"/>
            <float name="specular" value="0.500000"/>
        </bsdf>
    </bsdf>
    <bsdf id="mat-Material.003" name="mat-Material.003" type="twosided">
        <bsdf name="bsdf" type="principled">
            <rgb name="base_color" value="0.433648 0.266232 0.084399"/>
            <float name="spec_tint" value="0.000000"/>
            <float name="spec_trans" value="0.000000"/>
            <float name="metallic" value="0.000000"/>
            <float name="anisotropic" value="0.000000"/>
            <float name="roughness" value="0.500000"/>
            <float name="sheen" value="0.000000"/>
            <float name="sheen_tint" value="0.500000"/>
            <float name="clearcoat" value="0.000000"/>
            <float name="clearcoat_gloss" value="0.173205"/>
            <float name="specular" value="0.500000"/>
        </bsdf>
    </bsdf>
    <bsdf id="mat-Material.004" name="mat-Material.004" type="twosided">
        <bsdf name="bsdf" type="principled">
            <rgb name="base_color" value="0.433648 0.266232 0.084399"/>
            <float name="spec_tint" value="0.000000"/>
            <float name="spec_trans" value="0.000000"/>
            <float name="metallic" value="0.000000"/>
            <float name="anisotropic" value="0.000000"/>
            <float name="roughness" value="0.500000"/>
            <float name="sheen" value="0.000000"/>
            <float name="sheen_tint" value="0.500000"/>
            <float name="clearcoat" value="0.000000"/>
            <float name="clearcoat_gloss" value="0.173205"/>
            <float name="specular" value="0.500000"/>
        </bsdf>
    </bsdf>
    <bsdf id="mat-Material.005" name="mat-Material.005" type="twosided">
        <bsdf name="bsdf" type="principled">
            <rgb name="base_color" value="0.433648 0.266232 0.084399"/>
            <float name="spec_tint" value="0.000000"/>
            <float name="spec_trans" value="0.000000"/>
            <float name="metallic" value="0.000000"/>
            <float name="anisotropic" value="0.000000"/>
            <float name="roughness" value="0.500000"/>
            <float name="sheen" value="0.000000"/>
            <float name="sheen_tint" value="0.500000"/>
            <float name="clearcoat" value="0.000000"/>
            <float name="clearcoat_gloss" value="0.173205"/>
            <float name="specular" value="0.500000"/>
        </bsdf>
    </bsdf>
    <emitter name="temp45" type="point">
        <point name="position" x="-6.815235034541981e-16" y="3.0693089962005615" z="4.109199523925781"/>
        <rgb name="intensity" value="7.957747 7.957747 7.957747"/>
    </emitter>
    <shape name="temp2" type="ply">
        <string name="filename" value="meshes/Cube.ply"/>
        <boolean name="face_normals" value="true"/>
        <ref id="mat-Material" name="bsdf"/>
        <transform name="to_world">
            <matrix value="1.0 0.000153942968943918 0.0006117414723930441 -0.001416228575042311 -0.0001528459630478683 0.99999833132745 -0.001793042034399303 -0.01505505903781279 -0.0006120185735789245 0.0017929469382987468 0.9999983452326863 0.0014456494613952486 0.0 0.0 0.0 1.0"/>
            <scale value="1"/>
        </transform>
    </shape>
    <shape name="temp4" type="ply">
        <string name="filename" value="meshes/Plane.ply"/>
        <boolean name="face_normals" value="true"/>
        <ref id="mat-Material.001" name="bsdf"/>
        <transform name="to_world">
            <scale value="1"/>
        </transform>
    </shape>
    <shape name="temp5" type="ply">
        <string name="filename" value="meshes/Cube_001.ply"/>
        <boolean name="face_normals" value="true"/>
        <ref id="mat-Material" name="bsdf"/>
        <transform name="to_world">
            <matrix value="1.0 0.00015628223927512865 -0.0001708575618847516 0.0007242899449799722 -0.00015674426933462405 0.9999962454867622 -0.0027071520461670624 -0.014563844903061174 0.0001704337735604856 0.002707177169222169 0.999996454070042 -0.0004277765442473047 0.0 0.0 0.0 1.0"/>
            <scale value="1"/>
        </transform>
    </shape>
    <shape name="temp6" type="ply">
        <string name="filename" value="meshes/Cube_002.ply"/>
        <boolean name="face_normals" value="true"/>
        <ref id="mat-Material" name="bsdf"/>
        <transform name="to_world">
            <matrix value="1.0 9.92221900075716e-05 -5.9319625871294094e-05 -0.0006951165180342223 -9.900456893021078e-05 0.9999933253097996 0.003657177600502293 -0.019769684028607737 5.968198330930966e-05 -0.003657173310416897 0.9999933809307451 7.072348783443427e-05 0.0 0.0 0.0 1.0"/>
            <scale value="1"/>
        </transform>
    </shape>
    <shape name="temp7" type="ply">
        <string name="filename" value="meshes/Cube_003.ply"/>
        <boolean name="face_normals" value="true"/>
        <ref id="mat-Material" name="bsdf"/>
        <transform name="to_world">
            <matrix value="1.0 -0.00025408042584523484 0.0005450945368566324 -0.0008127561723463295 0.0002554017804112214 0.9999970798230373 -0.0024236194867290023 -0.01753908465146209 -0.0005444774806879813 0.002423759394104997 0.9999969268607032 0.0011959149931307644 0.0 0.0 0.0 1.0"/>
            <scale value="1"/>
        </transform>
    </shape>
    <shape name="temp8" type="ply">
        <string name="filename" value="meshes/Cube_004.ply"/>
        <boolean name="face_normals" value="true"/>
        <ref id="mat-Material" name="bsdf"/>
        <transform name="to_world">
            <matrix value="1.0 -0.00038319187857069857 0.0002117875222034314 -0.00058735400787846 0.00038363899245958083 0.9999977055752436 -0.002119137573099346 -0.01879591112442125 -0.00021097527246036096 0.0021192183103438925 0.9999978724420252 0.0007542861542090863 0.0 0.0 0.0 1.0"/>
            <scale value="1"/>
        </transform>
    </shape>
    <shape name="temp9" type="ply">
        <string name="filename" value="meshes/Cube_005.ply"/>
        <boolean name="face_normals" value="true"/>
        <ref id="mat-Material" name="bsdf"/>
        <transform name="to_world">
            <matrix value="1.0 -0.0005024748499759086 0.0004974916091477429 -0.0003689943721054689 0.0005042755045414493 0.9999933253097996 -0.0036262098122028215 -0.020195708949983404 -0.0004956677605859294 0.0036264655638131673 0.9999933809307451 0.0010549494852141739 0.0 0.0 0.0 1.0"/>
            <scale value="1"/>
        </transform>
    </shape>
    <shape name="temp10" type="ply">
        <string name="filename" value="meshes/Cube_006.ply"/>
        <boolean name="face_normals" value="true"/>
        <ref id="mat-Material" name="bsdf"/>
        <transform name="to_world">
            <matrix value="1.0 0.00021936577928051011 -0.00025390749661600087 -0.0006027803164703194 -0.000219375579537859 1.0 -3.8420151094439465e-05 -0.017236047373197727 0.0002539000792515252 3.847583449271312e-05 1.0 -0.0005374257281145489 0.0 0.0 0.0 1.0"/>
            <scale value="1"/>
        </transform>
    </shape>
    <shape name="temp11" type="ply">
        <string name="filename" value="meshes/Cube_007.ply"/>
        <boolean name="face_normals" value="true"/>
        <ref id="mat-Material" name="bsdf"/>
        <transform name="to_world">
            <matrix value="0.9999995567588077 0.0010353049394793326 -2.3687284909798633e-05 0.0004133907704426676 -0.0010353759660441787 0.999993742477937 -0.0033455849153302846 -0.018485342320892773 2.0223411290594243e-05 0.003345600857697691 0.9999945629073977 -0.00017095151955137666 0.0 0.0 0.0 1.0"/>
            <scale value="1"/>
        </transform>
    </shape>
    <shape name="temp12" type="ply">
        <string name="filename" value="meshes/Cube_008.ply"/>
        <boolean name="face_normals" value="true"/>
        <ref id="mat-Material" name="bsdf"/>
        <transform name="to_world">
            <matrix value="1.0 -0.00027132615665080735 0.00011034673994291525 0.00014804150319047693 0.00027128843122758306 0.9999997914159312 0.00034341149666138873 -0.01793279160176353 -0.00011043974845175851 -0.0003433815232060206 1.0 0.00041515170739114815 0.0 0.0 0.0 1.0"/>
            <scale value="1"/>
        </transform>
    </shape>
    <shape name="temp13" type="ply">
        <string name="filename" value="meshes/Cube_009.ply"/>
        <boolean name="face_normals" value="true"/>
        <ref id="mat-Material" name="bsdf"/>
        <transform name="to_world">
            <matrix value="1.0 0.000344489104611168 0.00035255999595291195 0.0007160727652437693 -0.00034453714095247214 1.0 0.00013523136720184993 -0.01686871713286836 -0.00035251282296769483 -0.00013535270523107987 1.0 0.0005693264756827521 0.0 0.0 0.0 1.0"/>
            <scale value="1"/>
        </transform>
    </shape>
    <shape name="temp14" type="ply">
        <string name="filename" value="meshes/Cube_010.ply"/>
        <boolean name="face_normals" value="true"/>
        <ref id="mat-Material" name="bsdf"/>
        <transform name="to_world">
            <matrix value="0.9999986702764229 0.00039913187310579594 0.0017976257398582857 0.00322615698718276 -0.0003995832646309485 0.9999997914159312 0.0002502835561989711 -0.016655554368431025 -0.0017975247638854167 -0.0002510017249902487 0.9999983452326863 0.0030070142392268906 0.0 0.0 0.0 1.0"/>
            <scale value="1"/>
        </transform>
    </shape>
    <shape name="temp15" type="ply">
        <string name="filename" value="meshes/Cube_011.ply"/>
        <boolean name="face_normals" value="true"/>
        <ref id="mat-Material" name="bsdf"/>
        <transform name="to_world">
            <matrix value="0.9999991135176153 -0.001451186113307038 -0.0003526734657115665 -0.0006425837915315924 0.0014510608534697806 0.9999989570796561 -0.00035160732277087474 -0.02039470059129861 0.00035318300365053443 0.0003510949620689871 1.0 -0.0005700068987946061 0.0 0.0 0.0 1.0"/>
            <scale value="1"/>
        </transform>
    </shape>
    <shape name="temp16" type="ply">
        <string name="filename" value="meshes/Cube_012.ply"/>
        <boolean name="face_normals" value="true"/>
        <ref id="mat-Material" name="bsdf"/>
        <transform name="to_world">
            <matrix value="1.0 0.0008062900611777074 -0.00014003941182950602 -0.0005386031664129654 -0.0008061892427135581 0.9999993742477937 0.0007159350782775858 -0.015791262098954373 0.0001406164953096217 -0.0007158208930318321 0.9999997636046695 -0.00014404127232037212 0.0 0.0 0.0 1.0"/>
            <scale value="1"/>
        </transform>
    </shape>
    <shape name="temp17" type="ply">
        <string name="filename" value="meshes/Cube_013.ply"/>
        <boolean name="face_normals" value="true"/>
        <ref id="mat-Material" name="bsdf"/>
        <transform name="to_world">
            <matrix value="0.9999995567588077 -0.000951381139411334 7.118667146391591e-05 -0.00034998307247957605 0.0009515501917461398 0.999996454070831 -0.0024337372068757002 -0.021357701324614953 -6.887081646800597e-05 0.002433800631175392 0.9999971632560337 -3.272576859569831e-05 0.0 0.0 0.0 1.0"/>
            <scale value="1"/>
        </transform>
    </shape>
    <shape name="temp18" type="ply">
        <string name="filename" value="meshes/Cube_014.ply"/>
        <boolean name="face_normals" value="true"/>
        <ref id="mat-Material" name="bsdf"/>
        <transform name="to_world">
            <matrix value="1.0 4.694997945446923e-05 -3.447991372516017e-05 -0.00010623503544993085 -4.6940128752701556e-05 1.0 0.00028607617319456613 -0.017486396330283982 3.449333985784368e-05 -0.0002860730503125632 1.0 -0.0001439184372494795 0.0 0.0 0.0 1.0"/>
            <scale value="1"/>
        </transform>
    </shape>
    <shape name="temp19" type="ply">
        <string name="filename" value="meshes/Cube_015.ply"/>
        <boolean name="face_normals" value="true"/>
        <ref id="mat-Material" name="bsdf"/>
        <transform name="to_world">
            <matrix value="1.0 -0.00023014748979502443 -4.722965948198218e-05 0.00044807765723864357 0.00023014899995922182 1.0 3.52217222723643e-05 -0.01798805369478995 4.722158690984651e-05 -3.523256080747064e-05 1.0 -6.69817985570198e-05 0.0 0.0 0.0 1.0"/>
            <scale value="1"/>
        </transform>
    </shape>
    <shape name="temp20" type="ply">
        <string name="filename" value="meshes/Cube_016.ply"/>
        <boolean name="face_normals" value="true"/>
        <ref id="mat-Material" name="bsdf"/>
        <transform name="to_world">
            <matrix value="1.0 -0.000206017650383899 0.0003417590933009818 0.0005567187296823262 0.00020601407379433964 1.0 1.0682492230867462e-05 -0.017971576700225145 -0.0003417624510883344 -1.0612089949793815e-05 1.0 0.0005809685722376057 0.0 0.0 0.0 1.0"/>
            <scale value="1"/>
        </transform>
    </shape>
    <shape name="temp21" type="ply">
        <string name="filename" value="meshes/Cube_017.ply"/>
        <boolean name="face_normals" value="true"/>
        <ref id="mat-Material" name="bsdf"/>
        <transform name="to_world">
            <matrix value="1.0 -0.000547937833604145 0.0001543670964176179 0.0004465937860539393 0.0005480278426387389 0.9999995828318625 -0.0005852770151401753 -0.018012978145828695 -0.00015404626019676363 0.0005853599013814524 1.0 2.0778210958749543e-06 0.0 0.0 0.0 1.0"/>
            <scale value="1"/>
        </transform>
    </shape>
    <shape name="temp22" type="ply">
        <string name="filename" value="meshes/Cube_018.ply"/>
        <boolean name="face_normals" value="true"/>
        <ref id="mat-Material" name="bsdf"/>
        <transform name="to_world">
            <matrix value="0.9999902486937682 0.004491432409375436 -0.00019633932374860588 0.0005248507226255361 -0.004490215007437587 0.9999728840710604 0.005829839804340312 -0.017935484879238905 0.00022251815959165074 -0.005828896402550566 0.9999829795362019 -4.13371615193836e-05 0.0 0.0 0.0 1.0"/>
            <scale value="1"/>
        </transform>
    </shape>
    <shape name="temp23" type="ply">
        <string name="filename" value="meshes/Cube_019.ply"/>
        <boolean name="face_normals" value="true"/>
        <ref id="mat-Material" name="bsdf"/>
        <transform name="to_world">
            <matrix value="0.9999140112086833 0.011704613671017036 -0.0059590062129420765 0.003363962351008748 -0.011657052765204503 0.9999002968151299 0.007954773790944262 -0.018273972380664916 0.006051518810269722 -0.00788461337899934 0.9999505933759192 -0.0009821031669949853 0.0 0.0 0.0 1.0"/>
            <scale value="1"/>
        </transform>
    </shape>
    <shape name="temp24" type="ply">
        <string name="filename" value="meshes/Cube_020.ply"/>
        <boolean name="face_normals" value="true"/>
        <ref id="mat-Material" name="bsdf"/>
        <transform name="to_world">
            <matrix value="0.9999568117927766 -0.005889204761652234 0.007139092510364694 -0.005572715534709033 0.005827978859978026 0.999946363800651 0.008567534122394315 -0.014961263447850648 -0.007189172596744959 -0.008525547612923179 0.9999378280223472 -0.0006459506433639239 0.0 0.0 0.0 1.0"/>
            <scale value="1"/>
        </transform>
    </shape>
    <shape name="temp25" type="ply">
        <string name="filename" value="meshes/Cube_021.ply"/>
        <boolean name="face_normals" value="true"/>
        <ref id="mat-Material" name="bsdf"/>
        <transform name="to_world">
            <matrix value="0.9991130743740991 0.03267942923055423 0.026567454698380833 -0.016589105537111015 -0.03283331294423848 0.9994464178814951 0.005376693595246752 -0.020943389840845594 -0.026377035141934693 -0.006244229000277417 0.9996326416563559 -0.013313398430436219 0.0 0.0 0.0 1.0"/>
            <scale value="1"/>
        </transform>
    </shape>
    <shape name="temp26" type="ply">
        <string name="filename" value="meshes/Cube_022.ply"/>
        <boolean name="face_normals" value="true"/>
        <ref id="mat-Material" name="bsdf"/>
        <transform name="to_world">
            <matrix value="0.9994517106450578 0.028878526895872746 0.016197737129338034 -0.007596867970393384 -0.029039983901479893 0.9995300600930702 0.009821824111472692 -0.019662810572649847 -0.015906476994895634 -0.010286813523756683 0.9998208123394581 -0.011557351409932803 0.0 0.0 0.0 1.0"/>
            <scale value="1"/>
        </transform>
    </shape>
    <shape name="temp27" type="ply">
        <string name="filename" value="meshes/Cube_023.ply"/>
        <boolean name="face_normals" value="true"/>
        <ref id="mat-Material" name="bsdf"/>
        <transform name="to_world">
            <matrix value="0.9994654511220208 0.03111058501573767 0.010060276081378619 -0.0027305382965046032 -0.03119228334813759 0.9994808342528415 0.008068030793801336 -0.019994981935796685 -0.009804065230919796 -0.0083775121343782 0.9999170252389838 -0.008798612432465935 0.0 0.0 0.0 1.0"/>
            <scale value="1"/>
        </transform>
    </shape>
    <shape name="temp28" type="ply">
        <string name="filename" value="meshes/Cube_024.ply"/>
        <boolean name="face_normals" value="true"/>
        <ref id="mat-Material" name="bsdf"/>
        <transform name="to_world">
            <matrix value="0.999457029539366 0.03193211422897942 0.008150745519953893 -0.00114776476151901 -0.03197787960505437 0.9994731166422971 0.0055460944891047755 -0.021504716454994577 -0.007969352530995856 -0.005803714047928447 0.9999515389572413 -0.007783119084165568 0.0 0.0 0.0 1.0"/>
            <scale value="1"/>
        </transform>
    </shape>
    <shape name="temp29" type="ply">
        <string name="filename" value="meshes/Cube_025.ply"/>
        <boolean name="face_normals" value="true"/>
        <ref id="mat-Material" name="bsdf"/>
        <transform name="to_world">
            <matrix value="0.9995421318482981 0.029958533487129322 0.004288045819088544 0.0010921565024644142 -0.03000582862167946 0.9994843801820105 0.011425908266319198 -0.01782918912333853 -0.003943534618023605 -0.011549333261024189 0.9999257718662135 -0.004758195063980397 0.0 0.0 0.0 1.0"/>
            <scale value="1"/>
        </transform>
    </shape>
    <shape name="temp30" type="ply">
        <string name="filename" value="meshes/Cube_026.ply"/>
        <boolean name="face_normals" value="true"/>
        <ref id="mat-Material" name="bsdf"/>
        <transform name="to_world">
            <matrix value="0.9994127054201306 0.03217505209387118 0.011788065912691641 0.007822745043911672 -0.032246111445019474 0.9994624788547901 0.005887449346390551 -0.024945874008626023 -0.01159230409182539 -0.006264111233712192 0.9999132429136953 -0.01509457905277889 0.0 0.0 0.0 1.0"/>
            <scale value="1"/>
        </transform>
    </shape>
    <shape name="temp31" type="ply">
        <string name="filename" value="meshes/Cube_027.ply"/>
        <boolean name="face_normals" value="true"/>
        <ref id="mat-Material" name="bsdf"/>
        <transform name="to_world">
            <matrix value="0.99958955865588 0.022901383538128126 0.017216317329527053 0.018575930786324024 -0.023283012160765355 0.9994799999165663 0.02230252834261815 0.0028099830952844074 -0.016696603176798275 -0.022694217841029738 0.9996030922400396 -0.025147292536234822 0.0 0.0 0.0 1.0"/>
            <scale value="1"/>
        </transform>
    </shape>
    <shape name="temp32" type="ply">
        <string name="filename" value="meshes/Cube_028.ply"/>
        <boolean name="face_normals" value="true"/>
        <ref id="mat-Material" name="bsdf"/>
        <transform name="to_world">
            <matrix value="0.9993284895935833 0.009394371984656556 0.0354182613501672 0.047298121910517965 -0.010501797786276188 0.9994576814212085 0.031211724641045508 0.03644243842101669 -0.03510583269949843 -0.03156273270160172 0.998885159621219 -0.0606774849826639 0.0 0.0 0.0 1.0"/>
            <scale value="1"/>
        </transform>
    </shape>
    <shape name="temp33" type="ply">
        <string name="filename" value="meshes/Cube_029.ply"/>
        <boolean name="face_normals" value="true"/>
        <ref id="mat-Material" name="bsdf"/>
        <transform name="to_world">
            <matrix value="0.9928119575835909 -0.10178990161089477 0.06295964117079987 0.1750464346661238 0.09684053245677955 0.9922999105174346 0.07722000036877671 0.3314831110736065 -0.07033506374694828 -0.07056784926880855 0.9950243510829978 -0.19270947239388203 0.0 0.0 0.0 1.0"/>
            <scale value="1"/>
        </transform>
    </shape>
    <shape name="temp34" type="ply">
        <string name="filename" value="meshes/Cube_030.ply"/>
        <boolean name="face_normals" value="true"/>
        <ref id="mat-Material" name="bsdf"/>
        <transform name="to_world">
            <matrix value="0.977374332087071 0.206959572433383 -0.04367107650905885 -0.08565715410844588 -0.20662413894212703 0.9783454451442001 0.012109637824738385 -0.4303004303468692 0.045231575580292956 -0.0028121390098216283 0.9989728059734047 0.03522016560879626 0.0 0.0 0.0 1.0"/>
            <scale value="1"/>
        </transform>
    </shape>
    <shape name="temp35" type="ply">
        <string name="filename" value="meshes/Cube_031.ply"/>
        <boolean name="face_normals" value="true"/>
        <ref id="mat-Material" name="bsdf"/>
        <transform name="to_world">
            <matrix value="0.9728567958626094 0.22519612117065724 -0.053262373758983614 -0.1018490032705266 -0.20898529680316721 0.9538376339891913 0.21568284445990993 -0.24756521383364233 0.09937458667758813 -0.19869741334896324 0.9750099404236487 -0.3242463572186711 0.0 0.0 0.0 1.0"/>
            <scale value="1"/>
        </transform>
    </shape>
    <shape name="temp36" type="ply">
        <string name="filename" value="meshes/Cube_032.ply"/>
        <boolean name="face_normals" value="true"/>
        <ref id="mat-Material" name="bsdf"/>
        <transform name="to_world">
            <matrix value="0.9773809587129695 0.20548644933597263 0.05001742233586009 -0.05156634353164069 -0.2048789774248396 0.8613289308189219 0.464905458415461 -0.07275734216368818 0.05245032595957286 -0.46463728273361943 0.8839464403827524 -0.5922418267398644 0.0 0.0 0.0 1.0"/>
            <scale value="1"/>
        </transform>
    </shape>
    <shape name="temp37" type="ply">
        <string name="filename" value="meshes/Cube_033.ply"/>
        <boolean name="face_normals" value="true"/>
        <ref id="mat-Material" name="bsdf"/>
        <transform name="to_world">
            <matrix value="0.9872213564244265 0.13956877329623318 0.07690656380002657 -0.06748524908602915 -0.12703004466098256 0.3978593017022546 0.9086095652169802 0.31228661524741974 0.09621556237556005 -0.9067681358633191 0.4105045101865112 -0.3457006927197416 0.0 0.0 0.0 1.0"/>
            <scale value="1"/>
        </transform>
    </shape>
    <shape name="temp38" type="ply">
        <string name="filename" value="meshes/Cube_034.ply"/>
        <boolean name="face_normals" value="true"/>
        <ref id="mat-Material" name="bsdf"/>
        <transform name="to_world">
            <matrix value="0.9996866284770055 0.024926797421066575 0.0023405478036273445 -0.0225109195886648 -0.008974260097477604 0.2694927026863543 0.9629606340311881 0.3708134626383033 0.023372759637393246 -0.9626797212482506 0.26963204121221634 -0.22076969978478322 0.0 0.0 0.0 1.0"/>
            <scale value="1"/>
        </transform>
    </shape>
    <shape name="temp39" type="ply">
        <string name="filename" value="meshes/Cube_035.ply"/>
        <boolean name="face_normals" value="true"/>
        <ref id="mat-Material" name="bsdf"/>
        <transform name="to_world">
            <matrix value="0.9999445948509558 -0.00841634840214174 -0.006355653938038892 0.008626952332577265 0.00831004544108704 0.2576878873145427 0.9661926309901986 0.09577859741586335 -0.006494037519480451 -0.9661914426299949 0.2577437200398468 -0.04343460772990748 0.0 0.0 0.0 1.0"/>
            <scale value="1"/>
        </transform>
    </shape>
    <shape name="temp40" type="ply">
        <string name="filename" value="meshes/Cube_036.ply"/>
        <boolean name="face_normals" value="true"/>
        <ref id="mat-Material" name="bsdf"/>
        <transform name="to_world">
            <matrix value="0.9999428218861862 -0.00850440842429337 -0.006490730229903915 0.012510245931465214 0.008463229597164675 0.25768225554468605 0.9661926309901986 -0.22427414408172203 -0.006544349827224584 -0.9661922769662699 0.25773946492389727 0.17281614641373388 0.0 0.0 0.0 1.0"/>
            <scale value="1"/>
        </transform>
    </shape>
    <shape name="temp41" type="ply">
        <string name="filename" value="meshes/Cube_037.ply"/>
        <boolean name="face_normals" value="true"/>
        <ref id="mat-Material" name="bsdf"/>
        <transform name="to_world">
            <matrix value="0.9999601082926881 -0.0067634239492056075 -0.005832983862236366 0.0036925209897988864 0.007209375614997154 0.225750746209506 0.9741584444430786 -0.5662210276352138 -0.005271848688094718 -0.9741616484816124 0.2257905178050599 0.578777647464247 0.0 0.0 0.0 1.0"/>
            <scale value="1"/>
        </transform>
    </shape>
    <shape name="temp42" type="ply">
        <string name="filename" value="meshes/Cube_038.ply"/>
        <boolean name="face_normals" value="true"/>
        <ref id="mat-Material" name="bsdf"/>
        <transform name="to_world">
            <matrix value="0.9999618812574576 -0.006584504706699512 -0.005743248194767059 -0.0012251287918747522 0.007081779772954132 0.22579288019139673 0.974149697815849 -0.892527634766597 -0.00511750767250504 -0.9741530965347929 0.2258309886856467 0.8607824486304032 0.0 0.0 0.0 1.0"/>
            <scale value="1"/>
        </transform>
    </shape>
    <shape name="temp43" type="ply">
        <string name="filename" value="meshes/Cube_039.ply"/>
        <boolean name="face_normals" value="true"/>
        <ref id="mat-Material" name="bsdf"/>
        <transform name="to_world">
            <matrix value="0.9999375899111725 0.0032112727872517883 -0.010706213284837398 0.01857109608949914 0.008260278718197886 0.43298472283027856 0.9013633954271352 -1.319329080979159 0.007530156844787616 -0.9013956008588502 0.43293112931147093 1.4382864504706636 0.0 0.0 0.0 1.0"/>
            <scale value="1"/>
        </transform>
    </shape>
    <shape name="temp47" type="ply">
        <string name="filename" value="meshes/Plane_001.ply"/>
        <boolean name="face_normals" value="true"/>
        <ref id="mat-Material.002" name="bsdf"/>
        <transform name="to_world">
            <scale value="1"/>
        </transform>
    </shape>
    <shape name="temp49" type="ply">
        <string name="filename" value="meshes/Plane_002.ply"/>
        <boolean name="face_normals" value="true"/>
        <ref id="mat-Material.003" name="bsdf"/>
        <transform name="to_world">
            <scale value="1"/>
        </transform>
    </shape>
    <shape name="temp51" type="ply">
        <string name="filename" value="meshes/Plane_003.ply"/>
        <boolean name="face_normals" value="true"/>
        <ref id="mat-Material.004" name="bsdf"/>
        <transform name="to_world">
            <scale value="1"/>
        </transform>
    </shape>
    <shape name="temp53" type="ply">
        <string name="filename" value="meshes/Plane_004.ply"/>
        <boolean name="face_normals" value="true"/>
        <ref id="mat-Material.005" name="bsdf"/>
        <transform name="to_world">
            <scale value="1"/>
        </transform>
    </shape>
    <emitter type="point">
        <transform name="to_world">
            <rotate angle="-142.5518126578256" x="1"/>
            <rotate angle="3.976628485794621e-06" y="1"/>
            <rotate angle="-179.999991348578" z="1"/>
            <translate value="-0.000000 3.030926 4.073377"/>
        </transform>
        <rgb name="intensity" value="100"/>
    </emitter>
</scene>
