
<scene version="2.1.0">
    <default name="spp" value="1024"/>
    <default name="resx" value="640"/>
    <default name="resy" value="360"/>
    <integrator name="temp0" type="path">
        <integer name="max_depth" value="12"/>
    </integrator>
    <sensor name="temp44" type="perspective">
        <string name="fov_axis" value="x"/>
        <float name="fov" value="83.974423"/>
        <float name="principal_point_offset_x" value="0.000000"/>
        <float name="principal_point_offset_y" value="-0.000000"/>
        <float name="near_clip" value="0.100000"/>
        <float name="far_clip" value="1000.000000"/>
        <sampler name="sampler" type="independent">
            <integer name="sample_count" value="$spp"/>
        </sampler>
        <film name="film" type="hdrfilm">
            <integer name="width" value="$resx"/>
            <integer name="height" value="$resy"/>
        </film>
        <float name="shutter_open" value="0.0"/>
        <float name="shutter_close" value="0.0015"/>
        <animation name="to_world">
            <transform time="0">
                <rotate angle="-142.5518126578256" x="1"/>
                <rotate angle="3.976628485794621e-06" y="1"/>
                <rotate angle="-179.999991348578" z="1"/>
                <translate value="-0.000000 3.030926 4.073377"/>
                <translate x="17.849999999999998" y="0.0" z="0.0"/>
            </transform>
            <transform time="0.0015">
                <rotate angle="-142.5518126578256" x="1"/>
                <rotate angle="3.976628485794621e-06" y="1"/>
                <rotate angle="-179.999991348578" z="1"/>
                <translate value="-0.000000 3.030926 4.073377"/>
                <translate x="18.0" y="0.0" z="0.0"/>
            </transform>
        </animation>
    </sensor>
    <bsdf id="mat-Material" name="mat-Material" type="twosided">
        <bsdf name="bsdf" type="diffuse">
            <texture name="reflectance" type="bitmap">
                <string name="filename" value="textures/siggraph_2023_logo.jpg"/>
            </texture>
        </bsdf>
    </bsdf>
    <bsdf id="mat-Material.001" name="mat-Material.001" type="twosided">
        <bsdf name="bsdf" type="principled">
            <rgb name="base_color" value="0.433648 0.266232 0.084399"/>
            <float name="spec_tint" value="0.000000"/>
            <float name="spec_trans" value="0.000000"/>
            <float name="metallic" value="0.000000"/>
            <float name="anisotropic" value="0.000000"/>
            <float name="roughness" value="0.500000"/>
            <float name="sheen" value="0.000000"/>
            <float name="sheen_tint" value="0.500000"/>
            <float name="clearcoat" value="0.000000"/>
            <float name="clearcoat_gloss" value="0.173205"/>
            <float name="specular" value="0.500000"/>
        </bsdf>
    </bsdf>
    <bsdf id="mat-Material.002" name="mat-Material.002" type="twosided">
        <bsdf name="bsdf" type="principled">
            <rgb name="base_color" value="0.433648 0.266232 0.084399"/>
            <float name="spec_tint" value="0.000000"/>
            <float name="spec_trans" value="0.000000"/>
            <float name="metallic" value="0.000000"/>
            <float name="anisotropic" value="0.000000"/>
            <float name="roughness" value="0.500000"/>
            <float name="sheen" value="0.000000"/>
            <float name="sheen_tint" value="0.500000"/>
            <float name="clearcoat" value="0.000000"/>
            <float name="clearcoat_gloss" value="0.173205"/>
            <float name="specular" value="0.500000"/>
        </bsdf>
    </bsdf>
    <bsdf id="mat-Material.003" name="mat-Material.003" type="twosided">
        <bsdf name="bsdf" type="principled">
            <rgb name="base_color" value="0.433648 0.266232 0.084399"/>
            <float name="spec_tint" value="0.000000"/>
            <float name="spec_trans" value="0.000000"/>
            <float name="metallic" value="0.000000"/>
            <float name="anisotropic" value="0.000000"/>
            <float name="roughness" value="0.500000"/>
            <float name="sheen" value="0.000000"/>
            <float name="sheen_tint" value="0.500000"/>
            <float name="clearcoat" value="0.000000"/>
            <float name="clearcoat_gloss" value="0.173205"/>
            <float name="specular" value="0.500000"/>
        </bsdf>
    </bsdf>
    <bsdf id="mat-Material.004" name="mat-Material.004" type="twosided">
        <bsdf name="bsdf" type="principled">
            <rgb name="base_color" value="0.433648 0.266232 0.084399"/>
            <float name="spec_tint" value="0.000000"/>
            <float name="spec_trans" value="0.000000"/>
            <float name="metallic" value="0.000000"/>
            <float name="anisotropic" value="0.000000"/>
            <float name="roughness" value="0.500000"/>
            <float name="sheen" value="0.000000"/>
            <float name="sheen_tint" value="0.500000"/>
            <float name="clearcoat" value="0.000000"/>
            <float name="clearcoat_gloss" value="0.173205"/>
            <float name="specular" value="0.500000"/>
        </bsdf>
    </bsdf>
    <bsdf id="mat-Material.005" name="mat-Material.005" type="twosided">
        <bsdf name="bsdf" type="principled">
            <rgb name="base_color" value="0.433648 0.266232 0.084399"/>
            <float name="spec_tint" value="0.000000"/>
            <float name="spec_trans" value="0.000000"/>
            <float name="metallic" value="0.000000"/>
            <float name="anisotropic" value="0.000000"/>
            <float name="roughness" value="0.500000"/>
            <float name="sheen" value="0.000000"/>
            <float name="sheen_tint" value="0.500000"/>
            <float name="clearcoat" value="0.000000"/>
            <float name="clearcoat_gloss" value="0.173205"/>
            <float name="specular" value="0.500000"/>
        </bsdf>
    </bsdf>
    <emitter name="temp45" type="point">
        <point name="position" x="-6.815235034541981e-16" y="3.0693089962005615" z="4.109199523925781"/>
        <rgb name="intensity" value="7.957747 7.957747 7.957747"/>
    </emitter>
    <shape name="temp2" type="ply">
        <string name="filename" value="meshes/Cube.ply"/>
        <boolean name="face_normals" value="true"/>
        <ref id="mat-Material" name="bsdf"/>
        <transform name="to_world">
            <matrix value="0.9968175282388964 0.007991856877955375 -0.07931585772972544 0.10448949725000345 -0.027884861894909286 0.9670624897011616 -0.25300730319734144 0.3971816415685077 0.07468139823093577 0.2544137431871229 0.9642076193997355 0.07727356198204771 0.0 0.0 0.0 1.0"/>
            <scale value="1"/>
        </transform>
    </shape>
    <shape name="temp4" type="ply">
        <string name="filename" value="meshes/Plane.ply"/>
        <boolean name="face_normals" value="true"/>
        <ref id="mat-Material.001" name="bsdf"/>
        <transform name="to_world">
            <scale value="1"/>
        </transform>
    </shape>
    <shape name="temp5" type="ply">
        <string name="filename" value="meshes/Cube_001.ply"/>
        <boolean name="face_normals" value="true"/>
        <ref id="mat-Material" name="bsdf"/>
        <transform name="to_world">
            <matrix value="0.9968507713283229 -0.016511587887940295 -0.0775621589701863 0.07619965157078967 -0.031771949747086574 0.812988112793921 -0.5814126606719963 0.6636090220312252 0.07265716002957305 0.5820459176968982 0.8099034041400387 0.12321656104607226 0.0 0.0 0.0 1.0"/>
            <scale value="1"/>
        </transform>
    </shape>
    <shape name="temp6" type="ply">
        <string name="filename" value="meshes/Cube_002.ply"/>
        <boolean name="face_normals" value="true"/>
        <ref id="mat-Material" name="bsdf"/>
        <transform name="to_world">
            <matrix value="0.9987970434039505 -0.04315990263295671 -0.02329259926594522 0.0085124641970169 0.008781357098153104 0.6246354471938144 -0.7808672020863306 0.5125710267366436 0.048251546468520125 0.7797229169230513 0.6242628602605739 0.165742024834443 0.0 0.0 0.0 1.0"/>
            <scale value="1"/>
        </transform>
    </shape>
    <shape name="temp7" type="ply">
        <string name="filename" value="meshes/Cube_003.ply"/>
        <boolean name="face_normals" value="true"/>
        <ref id="mat-Material" name="bsdf"/>
        <transform name="to_world">
            <matrix value="0.995767489854209 -0.07411853415459833 0.05434712101218807 -0.027645377031616736 0.08610877670749806 0.5456242191133927 -0.8335944713751258 0.08161115023687232 0.032131693163625144 0.8347457255909708 0.5496971539420576 0.1605658071910847 0.0 0.0 0.0 1.0"/>
            <scale value="1"/>
        </transform>
    </shape>
    <shape name="temp8" type="ply">
        <string name="filename" value="meshes/Cube_004.ply"/>
        <boolean name="face_normals" value="true"/>
        <ref id="mat-Material" name="bsdf"/>
        <transform name="to_world">
            <matrix value="0.9861562478391992 -0.1198454392050444 0.11460053207860994 0.02589104469621928 0.15565930354397928 0.43086272456682306 -0.888891121511455 -0.3699204596951604 0.057152450148663096 0.8944239220896787 0.44355305018531027 -0.09018125275585326 0.0 0.0 0.0 1.0"/>
            <scale value="1"/>
        </transform>
    </shape>
    <shape name="temp9" type="ply">
        <string name="filename" value="meshes/Cube_005.ply"/>
        <boolean name="face_normals" value="true"/>
        <ref id="mat-Material" name="bsdf"/>
        <transform name="to_world">
            <matrix value="0.9871238433621086 -0.1341862196849129 0.08707016828037999 0.06714501092357406 0.12796572681804239 0.3358420434564049 -0.9331854601742422 -0.6158704378846868 0.09597878293060438 0.9323111323403341 0.348689022415478 -0.48231946556887395 0.0 0.0 0.0 1.0"/>
            <scale value="1"/>
        </transform>
    </shape>
    <shape name="temp10" type="ply">
        <string name="filename" value="meshes/Cube_006.ply"/>
        <boolean name="face_normals" value="true"/>
        <ref id="mat-Material" name="bsdf"/>
        <transform name="to_world">
            <matrix value="0.989764231144963 -0.12240130323326165 -0.07338146027069156 0.01202625460729756 -0.03363464869589576 0.2996368551362784 -0.9534603784878358 -0.532178368955504 0.138692606914208 0.9461690407010094 0.29245270084029085 -0.8818860883557689 0.0 0.0 0.0 1.0"/>
            <scale value="1"/>
        </transform>
    </shape>
    <shape name="temp11" type="ply">
        <string name="filename" value="meshes/Cube_007.ply"/>
        <boolean name="face_normals" value="true"/>
        <ref id="mat-Material" name="bsdf"/>
        <transform name="to_world">
            <matrix value="0.9318255154451826 -0.0370210440466978 -0.36101396576333705 -0.021284294410960136 -0.33474824786756663 0.29652144348518955 -0.8944376651516878 -0.026738505803278356 0.14016141957743158 0.9543084082323962 0.26391340177135747 -1.0957885831979173 0.0 0.0 0.0 1.0"/>
            <scale value="1"/>
        </transform>
    </shape>
    <shape name="temp12" type="ply">
        <string name="filename" value="meshes/Cube_008.ply"/>
        <boolean name="face_normals" value="true"/>
        <ref id="mat-Material" name="bsdf"/>
        <transform name="to_world">
            <matrix value="0.09049624397413598 0.9754696791768438 -0.20067174097123494 2.312532966023121 -0.6360085598739067 -0.09844800937793974 -0.7653764524720096 0.6270742888538072 -0.766357372962642 0.1968925979771517 0.6114979852025979 1.3893996724597433 0.0 0.0 0.0 1.0"/>
            <scale value="1"/>
        </transform>
    </shape>
    <shape name="temp13" type="ply">
        <string name="filename" value="meshes/Cube_009.ply"/>
        <boolean name="face_normals" value="true"/>
        <ref id="mat-Material" name="bsdf"/>
        <transform name="to_world">
            <matrix value="-0.07608257228820607 0.99181557830976 0.10253465437347908 2.595960796039465 -0.8029832791692597 1.8020391178562565e-05 -0.5960020348910052 0.812612630994301 -0.5911259567361137 -0.12767893905799263 0.7964097222780379 0.9773012631103237 0.0 0.0 0.0 1.0"/>
            <scale value="1"/>
        </transform>
    </shape>
    <shape name="temp14" type="ply">
        <string name="filename" value="meshes/Cube_010.ply"/>
        <boolean name="face_normals" value="true"/>
        <ref id="mat-Material" name="bsdf"/>
        <transform name="to_world">
            <matrix value="0.016980725213509282 0.9986168790400127 0.049759845983714246 1.8398045438411796 -0.9445536295248277 -0.0003002046209714594 0.32835713282722667 2.340590684418284 0.3279178567692681 -0.05257657642624572 0.9432421903256629 -0.7934785646526308 0.0 0.0 0.0 1.0"/>
            <scale value="1"/>
        </transform>
    </shape>
    <shape name="temp15" type="ply">
        <string name="filename" value="meshes/Cube_011.ply"/>
        <boolean name="face_normals" value="true"/>
        <ref id="mat-Material" name="bsdf"/>
        <transform name="to_world">
            <matrix value="-0.010630975999375916 0.9979439868341736 -0.06320237189618841 1.3072465934223731 -0.8349737689862364 0.025917759473366945 0.5496796606875983 2.2637949024255968 0.5501877569690813 0.05861591955329636 0.8329812618877301 -1.3427221652287682 0.0 0.0 0.0 1.0"/>
            <scale value="1"/>
        </transform>
    </shape>
    <shape name="temp16" type="ply">
        <string name="filename" value="meshes/Cube_012.ply"/>
        <boolean name="face_normals" value="true"/>
        <ref id="mat-Material" name="bsdf"/>
        <transform name="to_world">
            <matrix value="0.10331912302070645 0.9896748800120144 0.09934246638812994 1.0847555333322405 -0.6929987394220489 -2.0056150831311805e-05 0.720938858238921 1.8754576722073346 0.7134973148448567 -0.14333094156934484 0.685841243515085 -1.936982687847816 0.0 0.0 0.0 1.0"/>
            <scale value="1"/>
        </transform>
    </shape>
    <shape name="temp17" type="ply">
        <string name="filename" value="meshes/Cube_013.ply"/>
        <boolean name="face_normals" value="true"/>
        <ref id="mat-Material" name="bsdf"/>
        <transform name="to_world">
            <matrix value="0.8946579685015079 0.2619060829371974 0.3619292884831505 0.6004021005953907 -0.3980643657129889 0.09955300434063448 0.9119396662381608 1.5133625622465094 0.20281143455898387 -0.9599449755226596 0.19332135912185752 -1.4918158611477195 0.0 0.0 0.0 1.0"/>
            <scale value="1"/>
        </transform>
    </shape>
    <shape name="temp18" type="ply">
        <string name="filename" value="meshes/Cube_014.ply"/>
        <boolean name="face_normals" value="true"/>
        <ref id="mat-Material" name="bsdf"/>
        <transform name="to_world">
            <matrix value="0.9453913553783773 0.28428360758661975 0.1594304480022467 0.09671065740398266 -0.2147351545227445 0.17526560052396317 0.9608177103599308 1.0172052420522355 0.24520213571336125 -0.9425841063111282 0.22674028332453153 -0.8167437625607772 0.0 0.0 0.0 1.0"/>
            <scale value="1"/>
        </transform>
    </shape>
    <shape name="temp19" type="ply">
        <string name="filename" value="meshes/Cube_015.ply"/>
        <boolean name="face_normals" value="true"/>
        <ref id="mat-Material" name="bsdf"/>
        <transform name="to_world">
            <matrix value="0.9836457297257046 0.12664119159906806 0.12807480588397435 0.034393242914859457 -0.14942879507541307 0.1767888691197544 0.97283959489405 0.638586821774545 0.10055937038475109 -0.9760674811179273 0.19282147755591814 -0.30722317984325465 0.0 0.0 0.0 1.0"/>
            <scale value="1"/>
        </transform>
    </shape>
    <shape name="temp20" type="ply">
        <string name="filename" value="meshes/Cube_016.ply"/>
        <boolean name="face_normals" value="true"/>
        <ref id="mat-Material" name="bsdf"/>
        <transform name="to_world">
            <matrix value="0.9847166004464325 0.043092592553965914 0.16874988475727637 0.06690419138763515 -0.17374793227983765 0.17603375307400773 0.9689291433364176 0.33650395841220104 0.012048000361684812 -0.9834405107806676 0.18083060808916454 0.1014488711436024 0.0 0.0 0.0 1.0"/>
            <scale value="1"/>
        </transform>
    </shape>
    <shape name="temp21" type="ply">
        <string name="filename" value="meshes/Cube_017.ply"/>
        <boolean name="face_normals" value="true"/>
        <ref id="mat-Material" name="bsdf"/>
        <transform name="to_world">
            <matrix value="0.9537659544667189 -0.04538205300955524 0.2971040153638053 0.2048521430025373 -0.2892916473856748 0.1294069954924983 0.9484535253872036 0.17675066895907407 -0.08149011483492812 -0.9905526017733818 0.110295371237591 0.3358834194263345 0.0 0.0 0.0 1.0"/>
            <scale value="1"/>
        </transform>
    </shape>
    <shape name="temp22" type="ply">
        <string name="filename" value="meshes/Cube_018.ply"/>
        <boolean name="face_normals" value="true"/>
        <ref id="mat-Material" name="bsdf"/>
        <transform name="to_world">
            <matrix value="0.1597443473450739 0.9640236284033099 0.21246250179069465 0.8570522957004678 -0.6314382999395419 -0.06565068843171896 0.7726422993511893 0.05585836295894893 0.7587934620151163 -0.25758213519167833 0.5982340796018725 -0.18170132536858136 0.0 0.0 0.0 1.0"/>
            <scale value="1"/>
        </transform>
    </shape>
    <shape name="temp23" type="ply">
        <string name="filename" value="meshes/Cube_019.ply"/>
        <boolean name="face_normals" value="true"/>
        <ref id="mat-Material" name="bsdf"/>
        <transform name="to_world">
            <matrix value="-0.0780120011985242 0.9857574626165203 -0.14898399650891375 0.49011997137972896 -0.9090717288356763 -0.008988223343477472 0.4165432289049081 -0.05117358406808985 0.4092716306134281 0.16793245213517083 0.896825257990044 -0.049433584365662586 0.0 0.0 0.0 1.0"/>
            <scale value="1"/>
        </transform>
    </shape>
    <shape name="temp24" type="ply">
        <string name="filename" value="meshes/Cube_020.ply"/>
        <boolean name="face_normals" value="true"/>
        <ref id="mat-Material" name="bsdf"/>
        <transform name="to_world">
            <matrix value="0.1004447461233832 0.9563862714100926 -0.2742923386863007 0.09964276864415628 -0.9523643222624052 0.012634236332402586 -0.304699870893459 0.16869292168937938 -0.2879450841578007 0.2918319210873896 0.9120975780836904 0.1079710315220771 0.0 0.0 0.0 1.0"/>
            <scale value="1"/>
        </transform>
    </shape>
    <shape name="temp25" type="ply">
        <string name="filename" value="meshes/Cube_021.ply"/>
        <boolean name="face_normals" value="true"/>
        <ref id="mat-Material" name="bsdf"/>
        <transform name="to_world">
            <matrix value="0.19725137271797272 0.9340553123233554 -0.29771249694459034 -0.15602313533890352 -0.7937319490024414 -0.026077409719600438 -0.6077085680541969 0.10100104218690599 -0.5753966565430378 0.35617523564785175 0.7362456922860894 0.2921294691823787 0.0 0.0 0.0 1.0"/>
            <scale value="1"/>
        </transform>
    </shape>
    <shape name="temp26" type="ply">
        <string name="filename" value="meshes/Cube_022.ply"/>
        <boolean name="face_normals" value="true"/>
        <ref id="mat-Material" name="bsdf"/>
        <transform name="to_world">
            <matrix value="0.6340068826492349 0.3990085999211552 -0.6624407061412196 -0.0823875746475482 -0.7160654543133573 -0.020585781241200363 -0.6977295646874546 -0.19915271192951245 -0.29203695035875943 0.9167161358549758 0.27266475690758973 0.6757516730092198 0.0 0.0 0.0 1.0"/>
            <scale value="1"/>
        </transform>
    </shape>
    <shape name="temp27" type="ply">
        <string name="filename" value="meshes/Cube_023.ply"/>
        <boolean name="face_normals" value="true"/>
        <ref id="mat-Material" name="bsdf"/>
        <transform name="to_world">
            <matrix value="0.8592031055250902 0.27254366186019446 -0.43300130821175914 -0.06280911865309646 -0.48026601563400334 0.1378511877819796 -0.866222700476242 -0.2872478142267717 -0.17639372760523875 0.9522169357748794 0.24933561092354456 0.2070890652186287 0.0 0.0 0.0 1.0"/>
            <scale value="1"/>
        </transform>
    </shape>
    <shape name="temp28" type="ply">
        <string name="filename" value="meshes/Cube_024.ply"/>
        <boolean name="face_normals" value="true"/>
        <ref id="mat-Material" name="bsdf"/>
        <transform name="to_world">
            <matrix value="0.8579558248098051 0.4349997809867278 -0.2732897861615119 -0.189176139784633 -0.3800041930616797 0.1793968165899425 -0.9074214422857347 -0.5137297653258179 -0.3457009593512368 0.88237860928658 0.31921619818628044 -0.3314808891732459 0.0 0.0 0.0 1.0"/>
            <scale value="1"/>
        </transform>
    </shape>
    <shape name="temp29" type="ply">
        <string name="filename" value="meshes/Cube_025.ply"/>
        <boolean name="face_normals" value="true"/>
        <ref id="mat-Material" name="bsdf"/>
        <transform name="to_world">
            <matrix value="0.8993895682298898 0.3666515790856926 -0.2380444243560946 -0.2673237180930631 -0.3210977045425131 0.1845789626279924 -0.9288847199259043 -0.792931648966763 -0.2966390793348545 0.9118646789995475 0.28373940535227393 -0.7073807433737684 0.0 0.0 0.0 1.0"/>
            <scale value="1"/>
        </transform>
    </shape>
    <shape name="temp30" type="ply">
        <string name="filename" value="meshes/Cube_026.ply"/>
        <boolean name="face_normals" value="true"/>
        <ref id="mat-Material" name="bsdf"/>
        <transform name="to_world">
            <matrix value="0.9233609383947932 0.2379030626398817 -0.3013414016635612 -0.32647008123917565 -0.34907597508629906 0.19343815378069054 -0.9169120056205353 -1.1454954092412497 -0.15984536201281144 0.9518318895839374 0.2616596086900815 -0.8769975047483414 0.0 0.0 0.0 1.0"/>
            <scale value="1"/>
        </transform>
    </shape>
    <shape name="temp31" type="ply">
        <string name="filename" value="meshes/Cube_027.ply"/>
        <boolean name="face_normals" value="true"/>
        <ref id="mat-Material" name="bsdf"/>
        <transform name="to_world">
            <matrix value="0.8738938916044799 0.17526420301070245 -0.453423028025612 -0.5785669184832573 -0.481868332544364 0.18926743189208695 -0.8555589071160196 -1.582025033894531 -0.06413066218461173 0.966157443426786 0.24985402588339753 -1.0144650911349373 0.0 0.0 0.0 1.0"/>
            <scale value="1"/>
        </transform>
    </shape>
    <shape name="temp32" type="ply">
        <string name="filename" value="meshes/Cube_028.ply"/>
        <boolean name="face_normals" value="true"/>
        <ref id="mat-Material" name="bsdf"/>
        <transform name="to_world">
            <matrix value="-0.10602338185937907 0.9841655490036982 0.14204640818570838 -1.4821548316636348 -0.8023365902696148 -0.00028741216003404094 -0.5968722061026873 -2.119638263032153 -0.5873801254195278 -0.1772513834338361 0.7896622903587109 -1.3335033846878015 0.0 0.0 0.0 1.0"/>
            <scale value="1"/>
        </transform>
    </shape>
    <shape name="temp33" type="ply">
        <string name="filename" value="meshes/Cube_029.ply"/>
        <boolean name="face_normals" value="true"/>
        <ref id="mat-Material" name="bsdf"/>
        <transform name="to_world">
            <matrix value="-0.0043448274639334645 0.9783368757861012 0.20697323673904935 -1.5960942612758826 -0.9988666322711501 -0.014056027766711235 0.04547269846688173 -1.8267421995825721 0.04739684447730339 -0.20654109210446725 0.9772892642006221 -0.11991871356447414 0.0 0.0 0.0 1.0"/>
            <scale value="1"/>
        </transform>
    </shape>
    <shape name="temp34" type="ply">
        <string name="filename" value="meshes/Cube_030.ply"/>
        <boolean name="face_normals" value="true"/>
        <ref id="mat-Material" name="bsdf"/>
        <transform name="to_world">
            <matrix value="-0.04165228202164 0.9797632869707782 -0.19577808177937187 -3.217609815513221 -0.9743142518904827 0.003571820289254047 0.22516302021461973 -1.9086275239377903 0.22130566268708382 0.20012795309833206 0.954448995259716 0.26480165174006287 0.0 0.0 0.0 1.0"/>
            <scale value="1"/>
        </transform>
    </shape>
    <shape name="temp35" type="ply">
        <string name="filename" value="meshes/Cube_031.ply"/>
        <boolean name="face_normals" value="true"/>
        <ref id="mat-Material" name="bsdf"/>
        <transform name="to_world">
            <matrix value="0.14083616564455248 0.9780703053462183 0.15343976481501356 -1.892432716264657 -0.7320744396988088 -0.0014560940964451017 0.6812230243378449 -0.9859400989755498 0.6665075430786116 -0.2082701288840961 0.7158152258450069 0.6731355201977554 0.0 0.0 0.0 1.0"/>
            <scale value="1"/>
        </transform>
    </shape>
    <shape name="temp36" type="ply">
        <string name="filename" value="meshes/Cube_032.ply"/>
        <boolean name="face_normals" value="true"/>
        <ref id="mat-Material" name="bsdf"/>
        <transform name="to_world">
            <matrix value="0.6938493192701768 0.6133349881002789 0.3773505378702956 -0.6737036523695821 -0.478423905238579 0.0009648076959178013 0.8781285149030708 -0.3971499257158383 0.5382229042226703 -0.7898223489486321 0.294103449433384 -0.13036526116398806 0.0 0.0 0.0 1.0"/>
            <scale value="1"/>
        </transform>
    </shape>
    <shape name="temp37" type="ply">
        <string name="filename" value="meshes/Cube_033.ply"/>
        <boolean name="face_normals" value="true"/>
        <ref id="mat-Material" name="bsdf"/>
        <transform name="to_world">
            <matrix value="0.9767901182035612 0.1685835055890101 0.1321397654296414 -0.1410874421516728 -0.15006537807587225 0.0983934020687368 0.9837679146291359 0.30060548406770904 0.1528453868343182 -0.9807641685943311 0.12140824480722197 -0.37769733336812905 0.0 0.0 0.0 1.0"/>
            <scale value="1"/>
        </transform>
    </shape>
    <shape name="temp38" type="ply">
        <string name="filename" value="meshes/Cube_034.ply"/>
        <boolean name="face_normals" value="true"/>
        <ref id="mat-Material" name="bsdf"/>
        <transform name="to_world">
            <matrix value="0.9999246489972998 0.0023418192285309634 0.012057201996500403 -0.03413326456421473 -0.012281907603714006 0.18081347786818738 0.9834407434916819 0.3694066678556761 0.0001229347176642253 -0.9835145581250795 0.18082864600792115 -0.3608470662797426 0.0 0.0 0.0 1.0"/>
            <scale value="1"/>
        </transform>
    </shape>
    <shape name="temp39" type="ply">
        <string name="filename" value="meshes/Cube_035.ply"/>
        <boolean name="face_normals" value="true"/>
        <ref id="mat-Material" name="bsdf"/>
        <transform name="to_world">
            <matrix value="0.9989074104608467 -0.04662152212138341 0.003222375669057884 0.007758528652475949 0.006494037519480451 0.20676348443858555 0.9783695908611457 0.09129249743152124 -0.04627934478313982 -0.9772795631415264 0.20684035892375824 -0.1492583947913662 0.0 0.0 0.0 1.0"/>
            <scale value="1"/>
        </transform>
    </shape>
    <shape name="temp40" type="ply">
        <string name="filename" value="meshes/Cube_036.ply"/>
        <boolean name="face_normals" value="true"/>
        <ref id="mat-Material" name="bsdf"/>
        <transform name="to_world">
            <matrix value="0.9991901983415687 -0.04011822545017657 0.0031759239866086773 0.002756090629179031 0.005268657351509768 0.2086424723052503 0.977977883798457 -0.24298075751254006 -0.039897371934322294 -0.9771688050010117 0.20868485712975407 0.20278708913285673 0.0 0.0 0.0 1.0"/>
            <scale value="1"/>
        </transform>
    </shape>
    <shape name="temp41" type="ply">
        <string name="filename" value="meshes/Cube_037.ply"/>
        <boolean name="face_normals" value="true"/>
        <ref id="mat-Material" name="bsdf"/>
        <transform name="to_world">
            <matrix value="0.9988555512413413 -0.04771162418156826 0.0033516839148579666 -0.006234855754098767 0.0066877161908915714 0.20870942779132415 0.9779549534513954 -0.5700804546387492 -0.04735934627243022 -0.9768131691637657 0.20878962754024513 0.5168663503665063 0.0 0.0 0.0 1.0"/>
            <scale value="1"/>
        </transform>
    </shape>
    <shape name="temp42" type="ply">
        <string name="filename" value="meshes/Cube_038.ply"/>
        <boolean name="face_normals" value="true"/>
        <ref id="mat-Material" name="bsdf"/>
        <transform name="to_world">
            <matrix value="0.9990550097779007 -0.04332449632161995 0.003479502870075708 0.0072775552012012135 0.005644876043168146 0.2087123479682869 0.9779608633346587 -0.9038923592069532 -0.04309588902658915 -0.97701695579895 0.2087595816937347 0.8625854727750467 0.0 0.0 0.0 1.0"/>
            <scale value="1"/>
        </transform>
    </shape>
    <shape name="temp43" type="ply">
        <string name="filename" value="meshes/Cube_039.ply"/>
        <boolean name="face_normals" value="true"/>
        <ref id="mat-Material" name="bsdf"/>
        <transform name="to_world">
            <matrix value="0.99994800294785 -0.008994684226928153 -0.004869409182892427 0.021178546230843143 0.008284295093226679 0.4330135208208516 0.9013493397232009 -1.3192583957260007 -0.005998832439326234 -0.9013426950838395 0.4330654076887533 1.472996141501368 0.0 0.0 0.0 1.0"/>
            <scale value="1"/>
        </transform>
    </shape>
    <shape name="temp47" type="ply">
        <string name="filename" value="meshes/Plane_001.ply"/>
        <boolean name="face_normals" value="true"/>
        <ref id="mat-Material.002" name="bsdf"/>
        <transform name="to_world">
            <scale value="1"/>
        </transform>
    </shape>
    <shape name="temp49" type="ply">
        <string name="filename" value="meshes/Plane_002.ply"/>
        <boolean name="face_normals" value="true"/>
        <ref id="mat-Material.003" name="bsdf"/>
        <transform name="to_world">
            <scale value="1"/>
        </transform>
    </shape>
    <shape name="temp51" type="ply">
        <string name="filename" value="meshes/Plane_003.ply"/>
        <boolean name="face_normals" value="true"/>
        <ref id="mat-Material.004" name="bsdf"/>
        <transform name="to_world">
            <scale value="1"/>
        </transform>
    </shape>
    <shape name="temp53" type="ply">
        <string name="filename" value="meshes/Plane_004.ply"/>
        <boolean name="face_normals" value="true"/>
        <ref id="mat-Material.005" name="bsdf"/>
        <transform name="to_world">
            <scale value="1"/>
        </transform>
    </shape>
    <emitter type="point">
        <rgb name="intensity" value="100"/>
        <animation name="to_world">
            <transform time="0">
                <rotate angle="-142.5518126578256" x="1"/>
                <rotate angle="3.976628485794621e-06" y="1"/>
                <rotate angle="-179.999991348578" z="1"/>
                <translate value="-0.000000 3.030926 4.073377"/>
                <translate x="17.849999999999998" y="0.0" z="0.0"/>
            </transform>
            <transform time="0.0015">
                <rotate angle="-142.5518126578256" x="1"/>
                <rotate angle="3.976628485794621e-06" y="1"/>
                <rotate angle="-179.999991348578" z="1"/>
                <translate value="-0.000000 3.030926 4.073377"/>
                <translate x="18.0" y="0.0" z="0.0"/>
            </transform>
        </animation>
    </emitter>
</scene>
