
<scene version="2.1.0">
    <default name="spp" value="1024"/>
    <default name="resx" value="1280"/>
    <default name="resy" value="720"/>
    <integrator name="temp0" type="path">
        <integer name="max_depth" value="12"/>
    </integrator>
    <sensor name="temp44" type="perspective">
        <string name="fov_axis" value="x"/>
        <float name="fov" value="83.974423"/>
        <float name="principal_point_offset_x" value="0.000000"/>
        <float name="principal_point_offset_y" value="-0.000000"/>
        <float name="near_clip" value="0.100000"/>
        <float name="far_clip" value="1000.000000"/>
        <sampler name="sampler" type="independent">
            <integer name="sample_count" value="$spp"/>
        </sampler>
        <film name="film" type="hdrfilm">
            <integer name="width" value="$resx"/>
            <integer name="height" value="$resy"/>
        </film>
        <float name="shutter_open" value="0.0"/>
        <float name="shutter_close" value="0.0015"/>
        <animation name="to_world">
            <transform time="0">
                <rotate angle="-142.5518126578256" x="1"/>
                <rotate angle="3.976628485794621e-06" y="1"/>
                <rotate angle="-179.999991348578" z="1"/>
                <translate value="-0.000000 3.030926 4.073377"/>
                <translate x="27.75" y="0.0" z="0.0"/>
            </transform>
            <transform time="0.0015">
                <rotate angle="-142.5518126578256" x="1"/>
                <rotate angle="3.976628485794621e-06" y="1"/>
                <rotate angle="-179.999991348578" z="1"/>
                <translate value="-0.000000 3.030926 4.073377"/>
                <translate x="27.9" y="0.0" z="0.0"/>
            </transform>
        </animation>
    </sensor>
    <bsdf id="mat-Material" name="mat-Material" type="twosided">
        <bsdf name="bsdf" type="diffuse">
            <texture name="reflectance" type="bitmap">
                <string name="filename" value="textures/siggraph_2023_logo.jpg"/>
            </texture>
        </bsdf>
    </bsdf>
    <bsdf id="mat-Material.001" name="mat-Material.001" type="twosided">
        <bsdf name="bsdf" type="principled">
            <rgb name="base_color" value="0.433648 0.266232 0.084399"/>
            <float name="spec_tint" value="0.000000"/>
            <float name="spec_trans" value="0.000000"/>
            <float name="metallic" value="0.000000"/>
            <float name="anisotropic" value="0.000000"/>
            <float name="roughness" value="0.500000"/>
            <float name="sheen" value="0.000000"/>
            <float name="sheen_tint" value="0.500000"/>
            <float name="clearcoat" value="0.000000"/>
            <float name="clearcoat_gloss" value="0.173205"/>
            <float name="specular" value="0.500000"/>
        </bsdf>
    </bsdf>
    <bsdf id="mat-Material.002" name="mat-Material.002" type="twosided">
        <bsdf name="bsdf" type="principled">
            <rgb name="base_color" value="0.433648 0.266232 0.084399"/>
            <float name="spec_tint" value="0.000000"/>
            <float name="spec_trans" value="0.000000"/>
            <float name="metallic" value="0.000000"/>
            <float name="anisotropic" value="0.000000"/>
            <float name="roughness" value="0.500000"/>
            <float name="sheen" value="0.000000"/>
            <float name="sheen_tint" value="0.500000"/>
            <float name="clearcoat" value="0.000000"/>
            <float name="clearcoat_gloss" value="0.173205"/>
            <float name="specular" value="0.500000"/>
        </bsdf>
    </bsdf>
    <bsdf id="mat-Material.003" name="mat-Material.003" type="twosided">
        <bsdf name="bsdf" type="principled">
            <rgb name="base_color" value="0.433648 0.266232 0.084399"/>
            <float name="spec_tint" value="0.000000"/>
            <float name="spec_trans" value="0.000000"/>
            <float name="metallic" value="0.000000"/>
            <float name="anisotropic" value="0.000000"/>
            <float name="roughness" value="0.500000"/>
            <float name="sheen" value="0.000000"/>
            <float name="sheen_tint" value="0.500000"/>
            <float name="clearcoat" value="0.000000"/>
            <float name="clearcoat_gloss" value="0.173205"/>
            <float name="specular" value="0.500000"/>
        </bsdf>
    </bsdf>
    <bsdf id="mat-Material.004" name="mat-Material.004" type="twosided">
        <bsdf name="bsdf" type="principled">
            <rgb name="base_color" value="0.433648 0.266232 0.084399"/>
            <float name="spec_tint" value="0.000000"/>
            <float name="spec_trans" value="0.000000"/>
            <float name="metallic" value="0.000000"/>
            <float name="anisotropic" value="0.000000"/>
            <float name="roughness" value="0.500000"/>
            <float name="sheen" value="0.000000"/>
            <float name="sheen_tint" value="0.500000"/>
            <float name="clearcoat" value="0.000000"/>
            <float name="clearcoat_gloss" value="0.173205"/>
            <float name="specular" value="0.500000"/>
        </bsdf>
    </bsdf>
    <bsdf id="mat-Material.005" name="mat-Material.005" type="twosided">
        <bsdf name="bsdf" type="principled">
            <rgb name="base_color" value="0.433648 0.266232 0.084399"/>
            <float name="spec_tint" value="0.000000"/>
            <float name="spec_trans" value="0.000000"/>
            <float name="metallic" value="0.000000"/>
            <float name="anisotropic" value="0.000000"/>
            <float name="roughness" value="0.500000"/>
            <float name="sheen" value="0.000000"/>
            <float name="sheen_tint" value="0.500000"/>
            <float name="clearcoat" value="0.000000"/>
            <float name="clearcoat_gloss" value="0.173205"/>
            <float name="specular" value="0.500000"/>
        </bsdf>
    </bsdf>
    <emitter name="temp45" type="point">
        <point name="position" x="-6.815235034541981e-16" y="3.0693089962005615" z="4.109199523925781"/>
        <rgb name="intensity" value="7.957747 7.957747 7.957747"/>
    </emitter>
    <shape name="temp2" type="ply">
        <string name="filename" value="meshes/Cube.ply"/>
        <boolean name="face_normals" value="true"/>
        <ref id="mat-Material" name="bsdf"/>
        <transform name="to_world">
            <matrix value="0.9999991135176153 0.00017005786122067568 0.0014665552614272323 -0.002373117991344209 -0.0001702134826878855 0.9999997914159312 0.00010380118963586134 -0.017515507819615556 -0.0014665477007306388 -0.00010405007686322939 0.9999989362210127 0.0033690765337386352 0.0 0.0 0.0 1.0"/>
        </transform>
    </shape>
    <shape name="temp4" type="ply">
        <string name="filename" value="meshes/Plane.ply"/>
        <boolean name="face_normals" value="true"/>
        <ref id="mat-Material.001" name="bsdf"/>
    </shape>
    <shape name="temp5" type="ply">
        <string name="filename" value="meshes/Cube_001.ply"/>
        <boolean name="face_normals" value="true"/>
        <ref id="mat-Material" name="bsdf"/>
        <transform name="to_world">
            <matrix value="0.9999986702764229 0.0002217906733719492 -0.001808124056487137 0.002394564685820777 -0.0002273375210761187 0.9999944725221779 -0.0030581612887516955 -0.014086928978351038 0.0018074023938570317 0.003058570406509492 0.9999930263377494 -0.004219147833566417 0.0 0.0 0.0 1.0"/>
        </transform>
    </shape>
    <shape name="temp6" type="ply">
        <string name="filename" value="meshes/Cube_002.ply"/>
        <boolean name="face_normals" value="true"/>
        <ref id="mat-Material" name="bsdf"/>
        <transform name="to_world">
            <matrix value="1.0 7.080469647889235e-05 0.00036353346719612915 -0.0009508435104823576 -7.175964093917489e-05 0.9999949939823496 0.002798781240233918 -0.019347495402059323 -0.00036329444335111614 -0.0027988050218700393 0.9999950356980589 0.000967986854541858 0.0 0.0 0.0 1.0"/>
        </transform>
    </shape>
    <shape name="temp7" type="ply">
        <string name="filename" value="meshes/Cube_003.ply"/>
        <boolean name="face_normals" value="true"/>
        <ref id="mat-Material" name="bsdf"/>
        <transform name="to_world">
            <matrix value="0.9999991135176153 0.0005528093145301748 0.0014096229919989636 -0.0011337390810715053 -0.0005588761708216096 0.9999901965487681 0.004310692491753349 -0.017589434656553604 -0.0014071334351015111 -0.0043114754611272305 0.9999894804077913 0.004211314939285393 0.0 0.0 0.0 1.0"/>
        </transform>
    </shape>
    <shape name="temp8" type="ply">
        <string name="filename" value="meshes/Cube_004.ply"/>
        <boolean name="face_normals" value="true"/>
        <ref id="mat-Material" name="bsdf"/>
        <transform name="to_world">
            <matrix value="0.9999995567588077 -5.618211892212097e-05 0.0011624598541629927 -0.0004466593385661355 5.7335464436986176e-05 0.9999989570796561 -0.0009845824265602447 -0.017965669773016613 -0.0011621230012038432 0.0009846506112556137 0.9999984634303516 0.0035679317275415755 0.0 0.0 0.0 1.0"/>
        </transform>
    </shape>
    <shape name="temp9" type="ply">
        <string name="filename" value="meshes/Cube_005.ply"/>
        <boolean name="face_normals" value="true"/>
        <ref id="mat-Material" name="bsdf"/>
        <transform name="to_world">
            <matrix value="0.9999997783794039 -0.0004314576063309437 0.000813582897459743 -0.0006542973444432221 0.00043400493238798853 0.9999930124336963 -0.0031286035513197713 -0.019860848197320674 -0.0008117142441762539 0.003128958143434921 0.9999930263377494 0.0018369346612923665 0.0 0.0 0.0 1.0"/>
        </transform>
    </shape>
    <shape name="temp10" type="ply">
        <string name="filename" value="meshes/Cube_006.ply"/>
        <boolean name="face_normals" value="true"/>
        <ref id="mat-Material" name="bsdf"/>
        <transform name="to_world">
            <matrix value="0.9999991135176153 -1.4479697469666652e-05 -0.001515290522769362 -0.0012858672666056226 1.6223735743147054e-05 0.9999988527876218 0.0011560329743118649 -0.01702276297819308 0.001515091476117278 -0.0011560542568879674 0.9999977542443599 -0.003675503924658652 0.0 0.0 0.0 1.0"/>
        </transform>
    </shape>
    <shape name="temp11" type="ply">
        <string name="filename" value="meshes/Cube_007.ply"/>
        <boolean name="face_normals" value="true"/>
        <ref id="mat-Material" name="bsdf"/>
        <transform name="to_world">
            <matrix value="0.9999997783794039 0.0005954084388942541 -0.00017552636966272533 0.0004221608011518718 -0.0005957351110851076 0.9999957240265903 -0.0019265884938827983 -0.018185955055019187 0.00017313976103980837 0.0019266943805366036 0.9999962176747115 -0.0005126732470079887 0.0 0.0 0.0 1.0"/>
        </transform>
    </shape>
    <shape name="temp12" type="ply">
        <string name="filename" value="meshes/Cube_008.ply"/>
        <boolean name="face_normals" value="true"/>
        <ref id="mat-Material" name="bsdf"/>
        <transform name="to_world">
            <matrix value="0.999998670276423 0.001657382937406007 9.059721025142533e-05 8.734452863445874e-05 -0.0016571746565324 0.999995619734556 -0.0022773723335197706 -0.01681279262845442 -9.469471319635408e-05 0.0022772207424341345 0.9999972814536988 -0.00011659146190612368 0.0 0.0 0.0 1.0"/>
        </transform>
    </shape>
    <shape name="temp13" type="ply">
        <string name="filename" value="meshes/Cube_009.ply"/>
        <boolean name="face_normals" value="true"/>
        <ref id="mat-Material" name="bsdf"/>
        <transform name="to_world">
            <matrix value="0.9987236869866158 0.03848476397669699 0.0022323792102599354 0.018814637867837103 -0.0384771939109298 0.9987225268708427 -0.002355683014664548 0.06343271962063912 -0.002381776492969308 0.0022268226597388944 0.9999923171517577 0.011317318606201332 0.0 0.0 0.0 1.0"/>
        </transform>
    </shape>
    <shape name="temp14" type="ply">
        <string name="filename" value="meshes/Cube_010.ply"/>
        <boolean name="face_normals" value="true"/>
        <ref id="mat-Material" name="bsdf"/>
        <transform name="to_world">
            <matrix value="0.9578521950190327 0.28282831653883944 0.011574151778094757 0.09259724631905342 -0.2826449132754283 0.9578557974898994 -0.014930043529836165 0.4700222853457444 -0.015472539435168884 0.010952596141611898 0.9998147842585294 0.020157463854180824 0.0 0.0 0.0 1.0"/>
        </transform>
    </shape>
    <shape name="temp15" type="ply">
        <string name="filename" value="meshes/Cube_011.ply"/>
        <boolean name="face_normals" value="true"/>
        <ref id="mat-Material" name="bsdf"/>
        <transform name="to_world">
            <matrix value="0.8995043676987096 0.43385350723682425 -0.0170314798205854 0.16248663607738567 -0.4287600371968009 0.8940374158102553 0.11938458258021721 0.8006566187039291 0.06775828107519676 -0.09952002719936257 0.9925118233124566 -0.1818905471425767 0.0 0.0 0.0 1.0"/>
        </transform>
    </shape>
    <shape name="temp16" type="ply">
        <string name="filename" value="meshes/Cube_012.ply"/>
        <boolean name="face_normals" value="true"/>
        <ref id="mat-Material" name="bsdf"/>
        <transform name="to_world">
            <matrix value="0.929546369234097 0.36544846617705035 0.00335588465988149 0.17782808415501716 -0.3468174395906579 0.8809427165571948 0.3164350071225913 0.8466459130059504 0.11427072640139568 -0.29462969027351626 0.9478657283978401 -0.6477798584635575 0.0 0.0 0.0 1.0"/>
        </transform>
    </shape>
    <shape name="temp17" type="ply">
        <string name="filename" value="meshes/Cube_013.ply"/>
        <boolean name="face_normals" value="true"/>
        <ref id="mat-Material" name="bsdf"/>
        <transform name="to_world">
            <matrix value="0.9501805764617651 0.2821506268994187 0.13107025385548965 0.23441342370682366 -0.29768468530761827 0.7055641886184018 0.641004022975735 1.0344501097928425 0.08923602061603433 -0.647992795506265 0.7548412581715955 -0.7288444780004615 0.0 0.0 0.0 1.0"/>
        </transform>
    </shape>
    <shape name="temp18" type="ply">
        <string name="filename" value="meshes/Cube_014.ply"/>
        <boolean name="face_normals" value="true"/>
        <ref id="mat-Material" name="bsdf"/>
        <transform name="to_world">
            <matrix value="0.9485567623535752 0.29410374554412283 0.11685041281716571 0.09319890142892595 -0.20801419967483825 0.3016188209576929 0.930021781465755 0.9811187545040293 0.2385275882182945 -0.9064808113085939 0.34735894408824924 -0.7399909342243458 0.0 0.0 0.0 1.0"/>
        </transform>
    </shape>
    <shape name="temp19" type="ply">
        <string name="filename" value="meshes/Cube_015.ply"/>
        <boolean name="face_normals" value="true"/>
        <ref id="mat-Material" name="bsdf"/>
        <transform name="to_world">
            <matrix value="0.9718373411201946 0.2170858511168634 0.09134369942617397 0.03709601547178748 -0.1471287278800483 0.25628661954057275 0.9552485909656323 0.625004342876528 0.184002295102894 -0.9417910696816798 0.2809937917858296 -0.4078229098615878 0.0 0.0 0.0 1.0"/>
        </transform>
    </shape>
    <shape name="temp20" type="ply">
        <string name="filename" value="meshes/Cube_016.ply"/>
        <boolean name="face_normals" value="true"/>
        <ref id="mat-Material" name="bsdf"/>
        <transform name="to_world">
            <matrix value="0.9663712907360819 0.22124533032416052 0.13076273898976928 0.06282775997217221 -0.1870648922835254 0.25614426091363995 0.9482752833079839 0.34072698589803296 0.17635470021825195 -0.940854631504955 0.28890050640607706 -0.2073017332410502 0.0 0.0 0.0 1.0"/>
        </transform>
    </shape>
    <shape name="temp21" type="ply">
        <string name="filename" value="meshes/Cube_017.ply"/>
        <boolean name="face_normals" value="true"/>
        <ref id="mat-Material" name="bsdf"/>
        <transform name="to_world">
            <matrix value="0.9425040822513816 0.2029836595240529 0.2653385110214595 0.17560861234279918 -0.31265717332680887 0.2554060818942771 0.9147665997983074 0.13057311134599203 0.11785512927572617 -0.9451476045162623 0.304203558127957 0.006053285490926985 0.0 0.0 0.0 1.0"/>
        </transform>
    </shape>
    <shape name="temp22" type="ply">
        <string name="filename" value="meshes/Cube_018.ply"/>
        <boolean name="face_normals" value="true"/>
        <ref id="mat-Material" name="bsdf"/>
        <transform name="to_world">
            <matrix value="0.17106798522056565 0.9809803659816071 0.09165659228566389 0.8660668367898138 -0.4382362236205004 -0.007594977712792252 0.8987165388319518 -0.09738707313710745 0.8823159175004034 -0.19392829505468034 0.42860470965689107 -0.22452629309820948 0.0 0.0 0.0 1.0"/>
        </transform>
    </shape>
    <shape name="temp23" type="ply">
        <string name="filename" value="meshes/Cube_019.ply"/>
        <boolean name="face_normals" value="true"/>
        <ref id="mat-Material" name="bsdf"/>
        <transform name="to_world">
            <matrix value="-0.05694173328581788 0.9881416828145501 -0.14258033067924414 0.462611557311554 -0.9478896843590822 -0.008712826668724697 0.31820253500896645 0.03760355070673488 0.31318733411698374 0.1532970570873738 0.9371452001582903 -0.04759694458892766 0.0 0.0 0.0 1.0"/>
        </transform>
    </shape>
    <shape name="temp24" type="ply">
        <string name="filename" value="meshes/Cube_020.ply"/>
        <boolean name="face_normals" value="true"/>
        <ref id="mat-Material" name="bsdf"/>
        <transform name="to_world">
            <matrix value="0.041983799883811554 0.996997670852201 -0.06462620458710305 -0.10782658613087279 -0.8862842363586978 0.007295376502474962 -0.46308249653972655 0.3223065309823243 -0.4612192119897305 0.07671938215212057 0.8839306015224906 0.1519397403873619 0.0 0.0 0.0 1.0"/>
        </transform>
    </shape>
    <shape name="temp25" type="ply">
        <string name="filename" value="meshes/Cube_021.ply"/>
        <boolean name="face_normals" value="true"/>
        <ref id="mat-Material" name="bsdf"/>
        <transform name="to_world">
            <matrix value="0.26854379311628696 0.9256725271837188 -0.26639567093959104 -0.14508822843542013 -0.6759765046708757 -0.015937472753706015 -0.7367459048054915 0.26432767833589793 -0.6862257923822795 0.37792909393166374 0.6214595662334801 0.23021968269309295 0.0 0.0 0.0 1.0"/>
        </transform>
    </shape>
    <shape name="temp26" type="ply">
        <string name="filename" value="meshes/Cube_022.ply"/>
        <boolean name="face_normals" value="true"/>
        <ref id="mat-Material" name="bsdf"/>
        <transform name="to_world">
            <matrix value="0.5950741276570093 0.39191715875124894 -0.7016192134560004 -0.09188591025628767 -0.7563039978582586 -0.022153536647177962 -0.6538292970406614 -0.23421809192051055 -0.27179068998469935 0.919733617285779 0.28322583649669686 0.6690572901879255 0.0 0.0 0.0 1.0"/>
        </transform>
    </shape>
    <shape name="temp27" type="ply">
        <string name="filename" value="meshes/Cube_023.ply"/>
        <boolean name="face_normals" value="true"/>
        <ref id="mat-Material" name="bsdf"/>
        <transform name="to_world">
            <matrix value="0.8635173936708704 0.27806175339939887 -0.42067861061954015 -0.07121634298821089 -0.47612237534727947 0.1748526562138237 -0.8618039989579693 -0.28322181546528324 -0.1660786629008895 0.9444977608500218 0.2833585724747896 0.19501267043900222 0.0 0.0 0.0 1.0"/>
        </transform>
    </shape>
    <shape name="temp28" type="ply">
        <string name="filename" value="meshes/Cube_024.ply"/>
        <boolean name="face_normals" value="true"/>
        <ref id="mat-Material" name="bsdf"/>
        <transform name="to_world">
            <matrix value="0.8960541782574238 0.32487834334189225 -0.3023732672813261 -0.1192956482887561 -0.37444486256863585 0.18765235501842842 -0.9080137307863785 -0.5067316324774473 -0.23829023255978882 0.9269423869943662 0.28978013343098036 -0.21621339463229614 0.0 0.0 0.0 1.0"/>
        </transform>
    </shape>
    <shape name="temp29" type="ply">
        <string name="filename" value="meshes/Cube_025.ply"/>
        <boolean name="face_normals" value="true"/>
        <ref id="mat-Material" name="bsdf"/>
        <transform name="to_world">
            <matrix value="0.8893585768057203 0.39144096132225614 -0.2362149254338209 -0.28815868942166206 -0.32733654594549555 0.18447964532364947 -0.9267233574188656 -0.7976704891001943 -0.31917920152758644 0.9015119216224504 0.2922073224872004 -0.7345723138364194 0.0 0.0 0.0 1.0"/>
        </transform>
    </shape>
    <shape name="temp30" type="ply">
        <string name="filename" value="meshes/Cube_026.ply"/>
        <boolean name="face_normals" value="true"/>
        <ref id="mat-Material" name="bsdf"/>
        <transform name="to_world">
            <matrix value="0.9278946309307888 0.2289805662223131 -0.2942423316900706 -0.2974662164595319 -0.3434512000312042 0.21783550226000842 -0.913557910473306 -1.1346898506262622 -0.1450905940673053 0.9487430724016161 0.28077205296579216 -0.815108739993107 0.0 0.0 0.0 1.0"/>
        </transform>
    </shape>
    <shape name="temp31" type="ply">
        <string name="filename" value="meshes/Cube_027.ply"/>
        <boolean name="face_normals" value="true"/>
        <ref id="mat-Material" name="bsdf"/>
        <transform name="to_world">
            <matrix value="0.877593625837061 0.170177484184113 -0.4481567310497229 -0.5254220356398023 -0.4768969393309186 0.21487089689063732 -0.8522825860325346 -1.5749808472592037 -0.04874923984135511 0.961698750372844 0.26971950748451257 -0.9416577563200494 0.0 0.0 0.0 1.0"/>
        </transform>
    </shape>
    <shape name="temp32" type="ply">
        <string name="filename" value="meshes/Cube_028.ply"/>
        <boolean name="face_normals" value="true"/>
        <ref id="mat-Material" name="bsdf"/>
        <transform name="to_world">
            <matrix value="-0.1102812010772534 0.980646214303444 0.161771955570916 -1.455532769177832 -0.8316645302441195 -0.0019316167559754122 -0.5552442885706168 -2.10202050922286 -0.5441856063628159 -0.1957786338995 0.815781374033675 -1.1960762269189025 0.0 0.0 0.0 1.0"/>
        </transform>
    </shape>
    <shape name="temp33" type="ply">
        <string name="filename" value="meshes/Cube_029.ply"/>
        <boolean name="face_normals" value="true"/>
        <ref id="mat-Material" name="bsdf"/>
        <transform name="to_world">
            <matrix value="-0.01183545291271517 0.9834829576386614 0.18060902292609193 -1.6498100190855696 -0.9995410237453171 -0.006613808682520447 -0.029498674058591055 -1.9337911137277826 -0.027817048208685045 -0.18087542733661088 0.98311002642427 -0.24941616034293523 0.0 0.0 0.0 1.0"/>
        </transform>
    </shape>
    <shape name="temp34" type="ply">
        <string name="filename" value="meshes/Cube_030.ply"/>
        <boolean name="face_normals" value="true"/>
        <ref id="mat-Material" name="bsdf"/>
        <transform name="to_world">
            <matrix value="-0.03829132072390194 0.9819053059702313 -0.1854538458343082 -3.197267272148939 -0.9753395406224062 0.0036159184871296214 0.22052528479299374 -1.9173367295934418 0.21720548175521215 0.18933777394916002 0.9575530004471794 0.26558960658315434 0.0 0.0 0.0 1.0"/>
        </transform>
    </shape>
    <shape name="temp35" type="ply">
        <string name="filename" value="meshes/Cube_031.ply"/>
        <boolean name="face_normals" value="true"/>
        <ref id="mat-Material" name="bsdf"/>
        <transform name="to_world">
            <matrix value="0.11024124288376266 0.9839360022360213 0.14040888591135836 -1.9904179490647267 -0.7916819584878029 0.0015238630603871739 0.6108698828093788 -1.2332515196541656 0.6008422469137116 -0.17851328576226005 0.7791326513485644 0.5827699369342279 0.0 0.0 0.0 1.0"/>
        </transform>
    </shape>
    <shape name="temp36" type="ply">
        <string name="filename" value="meshes/Cube_032.ply"/>
        <boolean name="face_normals" value="true"/>
        <ref id="mat-Material" name="bsdf"/>
        <transform name="to_world">
            <matrix value="0.7729255425715436 0.5869497291535868 0.24096497046713133 -0.5695205195898401 -0.27737495279481306 -0.028988836580639644 0.9603189162125119 0.30962869212691474 0.570653754164251 -0.8090978113273665 0.14039622694140846 -0.1847180349808779 0.0 0.0 0.0 1.0"/>
        </transform>
    </shape>
    <shape name="temp37" type="ply">
        <string name="filename" value="meshes/Cube_033.ply"/>
        <boolean name="face_normals" value="true"/>
        <ref id="mat-Material" name="bsdf"/>
        <transform name="to_world">
            <matrix value="0.978034739471692 0.16049001612354852 0.1330077499845161 -0.13210876774606506 -0.1501179686433451 0.09962982585316099 0.9836349422557127 0.3003198404310933 0.1446122703345762 -0.98199575322836 0.12153393620446495 -0.39279399492006506 0.0 0.0 0.0 1.0"/>
        </transform>
    </shape>
    <shape name="temp38" type="ply">
        <string name="filename" value="meshes/Cube_034.ply"/>
        <boolean name="face_normals" value="true"/>
        <ref id="mat-Material" name="bsdf"/>
        <transform name="to_world">
            <matrix value="0.9999253138590883 0.002660892364362995 0.011935541139642977 -0.03631500234088225 -0.012219911458139415 0.18069920508611392 0.9834624918620909 0.36956248299527944 0.0004601435303629082 -0.9835347907797499 0.1807182139292639 -0.349676813350737 0.0 0.0 0.0 1.0"/>
        </transform>
    </shape>
    <shape name="temp39" type="ply">
        <string name="filename" value="meshes/Cube_035.ply"/>
        <boolean name="face_normals" value="true"/>
        <ref id="mat-Material" name="bsdf"/>
        <transform name="to_world">
            <matrix value="0.9990244261356283 -0.04407802712844398 0.0027526463275276214 0.00902053557720972 0.006656443308565015 0.21189805245054993 0.9772690523998617 0.09166717254831813 -0.04365938598684106 -0.9762972364696729 0.21198475864745936 -0.13998722862817722 0.0 0.0 0.0 1.0"/>
        </transform>
    </shape>
    <shape name="temp40" type="ply">
        <string name="filename" value="meshes/Cube_036.ply"/>
        <boolean name="face_normals" value="true"/>
        <ref id="mat-Material" name="bsdf"/>
        <transform name="to_world">
            <matrix value="0.999694606818468 -0.024551679831797808 0.0028386114894749705 0.004738686623778854 0.002430821130903308 0.2119692839100335 0.9772733075158113 -0.2504572982521295 -0.02459540057479518 -0.9769678342507557 0.21196414497463714 0.23865555727579307 0.0 0.0 0.0 1.0"/>
        </transform>
    </shape>
    <shape name="temp41" type="ply">
        <string name="filename" value="meshes/Cube_037.ply"/>
        <boolean name="face_normals" value="true"/>
        <ref id="mat-Material" name="bsdf"/>
        <transform name="to_world">
            <matrix value="0.9989419832738504 -0.04588585654004919 0.0030567334609552924 -0.004487948610458314 0.006747478400856696 0.2119940011221823 0.9772476586224488 -0.5694728429247701 -0.045489865733378015 -0.9761930487273245 0.21207942315757028 0.5088851953352658 0.0 0.0 0.0 1.0"/>
        </transform>
    </shape>
    <shape name="temp42" type="ply">
        <string name="filename" value="meshes/Cube_038.ply"/>
        <boolean name="face_normals" value="true"/>
        <ref id="mat-Material" name="bsdf"/>
        <transform name="to_world">
            <matrix value="0.9992719763415582 -0.03803351111648794 0.0030472303686679735 0.004763810217256248 0.005089802881776937 0.21202362005994707 0.977251322750072 -0.904610428981664 -0.037814395410148804 -0.976524071644456 0.21206292276349925 0.8564653032360159 0.0 0.0 0.0 1.0"/>
        </transform>
    </shape>
    <shape name="temp43" type="ply">
        <string name="filename" value="meshes/Cube_039.ply"/>
        <boolean name="face_normals" value="true"/>
        <ref id="mat-Material" name="bsdf"/>
        <transform name="to_world">
            <matrix value="0.9999656368114691 -0.004242524306326814 -0.007144870466527628 0.02003548143385836 0.008277378789733244 0.4330051913138564 0.901353404905803 -1.3192787606343912 -0.0007302369969230875 -0.90138152569799 0.43302535014624355 1.4702983038169275 0.0 0.0 0.0 1.0"/>
        </transform>
    </shape>
    <shape name="temp47" type="ply">
        <string name="filename" value="meshes/Plane_001.ply"/>
        <boolean name="face_normals" value="true"/>
        <ref id="mat-Material.002" name="bsdf"/>
    </shape>
    <shape name="temp49" type="ply">
        <string name="filename" value="meshes/Plane_002.ply"/>
        <boolean name="face_normals" value="true"/>
        <ref id="mat-Material.003" name="bsdf"/>
    </shape>
    <shape name="temp51" type="ply">
        <string name="filename" value="meshes/Plane_003.ply"/>
        <boolean name="face_normals" value="true"/>
        <ref id="mat-Material.004" name="bsdf"/>
    </shape>
    <shape name="temp53" type="ply">
        <string name="filename" value="meshes/Plane_004.ply"/>
        <boolean name="face_normals" value="true"/>
        <ref id="mat-Material.005" name="bsdf"/>
    </shape>
    <emitter type="point">
        <rgb name="intensity" value="100"/>
        <animation name="to_world">
            <transform time="0">
                <rotate angle="-142.5518126578256" x="1"/>
                <rotate angle="3.976628485794621e-06" y="1"/>
                <rotate angle="-179.999991348578" z="1"/>
                <translate value="-0.000000 3.030926 4.073377"/>
                <translate x="27.75" y="0.0" z="0.0"/>
            </transform>
            <transform time="0.0015">
                <rotate angle="-142.5518126578256" x="1"/>
                <rotate angle="3.976628485794621e-06" y="1"/>
                <rotate angle="-179.999991348578" z="1"/>
                <translate value="-0.000000 3.030926 4.073377"/>
                <translate x="27.9" y="0.0" z="0.0"/>
            </transform>
        </animation>
    </emitter>
</scene>
