
<scene version="2.1.0">
    <default name="spp" value="1024"/>
    <default name="resx" value="640"/>
    <default name="resy" value="360"/>
    <integrator name="temp0" type="path">
        <integer name="max_depth" value="12"/>
    </integrator>
    <sensor name="temp44" type="perspective">
        <string name="fov_axis" value="x"/>
        <float name="fov" value="83.974423"/>
        <float name="principal_point_offset_x" value="0.000000"/>
        <float name="principal_point_offset_y" value="-0.000000"/>
        <float name="near_clip" value="0.100000"/>
        <float name="far_clip" value="1000.000000"/>
        <sampler name="sampler" type="independent">
            <integer name="sample_count" value="$spp"/>
        </sampler>
        <film name="film" type="hdrfilm">
            <integer name="width" value="$resx"/>
            <integer name="height" value="$resy"/>
        </film>
        <float name="shutter_open" value="0.0"/>
        <float name="shutter_close" value="0.0015"/>
        <animation name="to_world">
            <transform time="0">
                <rotate angle="-142.5518126578256" x="1"/>
                <rotate angle="3.976628485794621e-06" y="1"/>
                <rotate angle="-179.999991348578" z="1"/>
                <translate value="-0.000000 3.030926 4.073377"/>
                <translate x="14.7" y="0.0" z="0.0"/>
            </transform>
            <transform time="0.0015">
                <rotate angle="-142.5518126578256" x="1"/>
                <rotate angle="3.976628485794621e-06" y="1"/>
                <rotate angle="-179.999991348578" z="1"/>
                <translate value="-0.000000 3.030926 4.073377"/>
                <translate x="14.85" y="0.0" z="0.0"/>
            </transform>
        </animation>
    </sensor>
    <bsdf id="mat-Material" name="mat-Material" type="twosided">
        <bsdf name="bsdf" type="diffuse">
            <texture name="reflectance" type="bitmap">
                <string name="filename" value="textures/siggraph_2023_logo.jpg"/>
            </texture>
        </bsdf>
    </bsdf>
    <bsdf id="mat-Material.001" name="mat-Material.001" type="twosided">
        <bsdf name="bsdf" type="principled">
            <rgb name="base_color" value="0.433648 0.266232 0.084399"/>
            <float name="spec_tint" value="0.000000"/>
            <float name="spec_trans" value="0.000000"/>
            <float name="metallic" value="0.000000"/>
            <float name="anisotropic" value="0.000000"/>
            <float name="roughness" value="0.500000"/>
            <float name="sheen" value="0.000000"/>
            <float name="sheen_tint" value="0.500000"/>
            <float name="clearcoat" value="0.000000"/>
            <float name="clearcoat_gloss" value="0.173205"/>
            <float name="specular" value="0.500000"/>
        </bsdf>
    </bsdf>
    <bsdf id="mat-Material.002" name="mat-Material.002" type="twosided">
        <bsdf name="bsdf" type="principled">
            <rgb name="base_color" value="0.433648 0.266232 0.084399"/>
            <float name="spec_tint" value="0.000000"/>
            <float name="spec_trans" value="0.000000"/>
            <float name="metallic" value="0.000000"/>
            <float name="anisotropic" value="0.000000"/>
            <float name="roughness" value="0.500000"/>
            <float name="sheen" value="0.000000"/>
            <float name="sheen_tint" value="0.500000"/>
            <float name="clearcoat" value="0.000000"/>
            <float name="clearcoat_gloss" value="0.173205"/>
            <float name="specular" value="0.500000"/>
        </bsdf>
    </bsdf>
    <bsdf id="mat-Material.003" name="mat-Material.003" type="twosided">
        <bsdf name="bsdf" type="principled">
            <rgb name="base_color" value="0.433648 0.266232 0.084399"/>
            <float name="spec_tint" value="0.000000"/>
            <float name="spec_trans" value="0.000000"/>
            <float name="metallic" value="0.000000"/>
            <float name="anisotropic" value="0.000000"/>
            <float name="roughness" value="0.500000"/>
            <float name="sheen" value="0.000000"/>
            <float name="sheen_tint" value="0.500000"/>
            <float name="clearcoat" value="0.000000"/>
            <float name="clearcoat_gloss" value="0.173205"/>
            <float name="specular" value="0.500000"/>
        </bsdf>
    </bsdf>
    <bsdf id="mat-Material.004" name="mat-Material.004" type="twosided">
        <bsdf name="bsdf" type="principled">
            <rgb name="base_color" value="0.433648 0.266232 0.084399"/>
            <float name="spec_tint" value="0.000000"/>
            <float name="spec_trans" value="0.000000"/>
            <float name="metallic" value="0.000000"/>
            <float name="anisotropic" value="0.000000"/>
            <float name="roughness" value="0.500000"/>
            <float name="sheen" value="0.000000"/>
            <float name="sheen_tint" value="0.500000"/>
            <float name="clearcoat" value="0.000000"/>
            <float name="clearcoat_gloss" value="0.173205"/>
            <float name="specular" value="0.500000"/>
        </bsdf>
    </bsdf>
    <bsdf id="mat-Material.005" name="mat-Material.005" type="twosided">
        <bsdf name="bsdf" type="principled">
            <rgb name="base_color" value="0.433648 0.266232 0.084399"/>
            <float name="spec_tint" value="0.000000"/>
            <float name="spec_trans" value="0.000000"/>
            <float name="metallic" value="0.000000"/>
            <float name="anisotropic" value="0.000000"/>
            <float name="roughness" value="0.500000"/>
            <float name="sheen" value="0.000000"/>
            <float name="sheen_tint" value="0.500000"/>
            <float name="clearcoat" value="0.000000"/>
            <float name="clearcoat_gloss" value="0.173205"/>
            <float name="specular" value="0.500000"/>
        </bsdf>
    </bsdf>
    <emitter name="temp45" type="point">
        <point name="position" x="-6.815235034541981e-16" y="3.0693089962005615" z="4.109199523925781"/>
        <rgb name="intensity" value="7.957747 7.957747 7.957747"/>
    </emitter>
    <shape name="temp2" type="ply">
        <string name="filename" value="meshes/Cube.ply"/>
        <boolean name="face_normals" value="true"/>
        <ref id="mat-Material" name="bsdf"/>
        <transform name="to_world">
            <matrix value="0.9999991135176153 0.00022329758897674914 0.0015447891140895874 -0.002489057970338493 -0.0002206357142477222 0.9999985399115188 -0.0017229579107569805 -0.014992184522081842 -0.0015451698234304387 0.0017226165619922283 0.9999973996513641 0.0035860890286989466 0.0 0.0 0.0 1.0"/>
            <scale value="1"/>
        </transform>
    </shape>
    <shape name="temp4" type="ply">
        <string name="filename" value="meshes/Plane.ply"/>
        <boolean name="face_normals" value="true"/>
        <ref id="mat-Material.001" name="bsdf"/>
        <transform name="to_world">
            <scale value="1"/>
        </transform>
    </shape>
    <shape name="temp5" type="ply">
        <string name="filename" value="meshes/Cube_001.ply"/>
        <boolean name="face_normals" value="true"/>
        <ref id="mat-Material" name="bsdf"/>
        <transform name="to_world">
            <matrix value="0.9999982270352306 0.0001942407852773021 -0.0019122514716791302 0.0025566745350831255 -0.00020091281091153438 0.9999939510620058 -0.0034895733111562992 -0.013695333505326757 0.0019115618578543227 0.003489945204965135 0.9999921989540925 -0.004455233189420205 0.0 0.0 0.0 1.0"/>
            <scale value="1"/>
        </transform>
    </shape>
    <shape name="temp6" type="ply">
        <string name="filename" value="meshes/Cube_002.ply"/>
        <boolean name="face_normals" value="true"/>
        <ref id="mat-Material" name="bsdf"/>
        <transform name="to_world">
            <matrix value="1.0 0.0001047354841131944 0.00022626248108246368 -0.0008526722051707125 -0.00010559290601336461 0.9999926995575932 0.003793294031821648 -0.019893691305664818 -0.00022586374411154078 -0.0037933098745783996 0.9999929081400841 0.0009078306374110667 0.0 0.0 0.0 1.0"/>
            <scale value="1"/>
        </transform>
    </shape>
    <shape name="temp7" type="ply">
        <string name="filename" value="meshes/Cube_003.ply"/>
        <boolean name="face_normals" value="true"/>
        <ref id="mat-Material" name="bsdf"/>
        <transform name="to_world">
            <matrix value="0.9999986702764229 0.0006584957334128734 0.0015135163758137318 -0.001110555571059546 -0.00066620037693231 0.9999866506195991 0.005097108837828548 -0.017543632767743622 -0.001510140471998681 -0.005098107516744086 0.9999860526754988 0.0047009120865826315 0.0 0.0 0.0 1.0"/>
            <scale value="1"/>
        </transform>
    </shape>
    <shape name="temp8" type="ply">
        <string name="filename" value="meshes/Cube_004.ply"/>
        <boolean name="face_normals" value="true"/>
        <ref id="mat-Material" name="bsdf"/>
        <transform name="to_world">
            <matrix value="0.9999995567588077 0.00011676056426162283 0.0012619775604096448 -0.00047346702361350523 -0.000116364553469958 1.0 -0.00031409138381571376 -0.01752344842437692 -0.0012620140525187622 0.0003139440535810756 0.9999992908140084 0.004003973390253792 0.0 0.0 0.0 1.0"/>
            <scale value="1"/>
        </transform>
    </shape>
    <shape name="temp9" type="ply">
        <string name="filename" value="meshes/Cube_005.ply"/>
        <boolean name="face_normals" value="true"/>
        <ref id="mat-Material" name="bsdf"/>
        <transform name="to_world">
            <matrix value="1.0 0.0001368693199950774 0.0008211593678032397 -0.0007382365242354361 -0.00013804569639396696 0.9999989570796561 0.0014328701088033148 -0.016855848781450467 -0.0008209624716547258 -0.0014329829816258294 0.9999985816280168 0.0019048037762531278 0.0 0.0 0.0 1.0"/>
            <scale value="1"/>
        </transform>
    </shape>
    <shape name="temp10" type="ply">
        <string name="filename" value="meshes/Cube_006.ply"/>
        <boolean name="face_normals" value="true"/>
        <ref id="mat-Material" name="bsdf"/>
        <transform name="to_world">
            <matrix value="0.9999991135176153 -0.00012326442410981535 -0.001592526787136879 -0.0012825099512605576 0.00012556934331157905 0.9999989570796561 0.0014471554786272616 -0.017134010268103683 0.0015923484159446268 -0.0014473544239638066 0.9999978724420252 -0.003713315418520935 0.0 0.0 0.0 1.0"/>
            <scale value="1"/>
        </transform>
    </shape>
    <shape name="temp11" type="ply">
        <string name="filename" value="meshes/Cube_007.ply"/>
        <boolean name="face_normals" value="true"/>
        <ref id="mat-Material" name="bsdf"/>
        <transform name="to_world">
            <matrix value="0.9998076333225183 0.018756259086443496 0.005780645936056954 0.05536630867678838 -0.018588853015901723 0.9994416204479135 -0.027767775628681563 0.0034253979247301225 -0.006298235722757953 0.02765495189008454 0.9995976551474375 0.08150389140893621 0.0 0.0 0.0 1.0"/>
            <scale value="1"/>
        </transform>
    </shape>
    <shape name="temp12" type="ply">
        <string name="filename" value="meshes/Cube_008.ply"/>
        <boolean name="face_normals" value="true"/>
        <ref id="mat-Material" name="bsdf"/>
        <transform name="to_world">
            <matrix value="0.9670716118200016 0.2543882959307334 0.007729725436279402 0.25279768896189836 -0.25337718761690486 0.9651958708697748 -0.06478312383191157 0.5313837237948165 -0.02394077322539524 0.060691351895924894 0.9978696052812607 0.16981840741483367 0.0 0.0 0.0 1.0"/>
            <scale value="1"/>
        </transform>
    </shape>
    <shape name="temp13" type="ply">
        <string name="filename" value="meshes/Cube_009.ply"/>
        <boolean name="face_normals" value="true"/>
        <ref id="mat-Material" name="bsdf"/>
        <transform name="to_world">
            <matrix value="0.6953049233458681 0.7183155584942733 0.02395793392372279 0.7340631602368579 -0.7151350910506057 0.6947797665109934 -0.07657133158180153 1.445847529608237 -0.07164785551046315 0.03610723724143397 0.9967762768775581 0.16351214603478503 0.0 0.0 0.0 1.0"/>
            <scale value="1"/>
        </transform>
    </shape>
    <shape name="temp14" type="ply">
        <string name="filename" value="meshes/Cube_010.ply"/>
        <boolean name="face_normals" value="true"/>
        <ref id="mat-Material" name="bsdf"/>
        <transform name="to_world">
            <matrix value="0.5450780725036213 0.8383323286534021 0.009428722316333831 0.7948711910988198 -0.8369076303084781 0.544750251865263 -0.05322615799434637 1.4202017303557444 -0.04975750274366298 0.021121431387313504 0.9985381312760006 0.04014991975215021 0.0 0.0 0.0 1.0"/>
            <scale value="1"/>
        </transform>
    </shape>
    <shape name="temp15" type="ply">
        <string name="filename" value="meshes/Cube_011.ply"/>
        <boolean name="face_normals" value="true"/>
        <ref id="mat-Material" name="bsdf"/>
        <transform name="to_world">
            <matrix value="0.45083480046168006 0.8894433516956842 -0.07508873098731456 0.6626258707148573 -0.8272259129438839 0.4479338705068384 0.33919373117406687 1.7685784259974513 0.33532845058835836 -0.09080494677977485 0.9377150311025336 -0.6642784745658219 0.0 0.0 0.0 1.0"/>
            <scale value="1"/>
        </transform>
    </shape>
    <shape name="temp16" type="ply">
        <string name="filename" value="meshes/Cube_012.ply"/>
        <boolean name="face_normals" value="true"/>
        <ref id="mat-Material" name="bsdf"/>
        <transform name="to_world">
            <matrix value="0.18642596010474677 0.9817689180535769 0.037084375639744864 0.8821412616919796 -0.6932274518773037 0.1047004628480486 0.7130735128015163 1.8597471429416583 0.696190519248192 -0.1586432649247116 0.7001079381079202 -1.8754879520376424 0.0 0.0 0.0 1.0"/>
            <scale value="1"/>
        </transform>
    </shape>
    <shape name="temp17" type="ply">
        <string name="filename" value="meshes/Cube_013.ply"/>
        <boolean name="face_normals" value="true"/>
        <ref id="mat-Material" name="bsdf"/>
        <transform name="to_world">
            <matrix value="0.8173460667663074 0.5113897330749673 0.26537976200663704 0.48015162215245333 -0.40170922668595654 0.1756409475557076 0.8987658272583674 1.4634728490127773 0.4130081095408554 -0.8412078686254102 0.34898924448525154 -1.493918445570212 0.0 0.0 0.0 1.0"/>
            <scale value="1"/>
        </transform>
    </shape>
    <shape name="temp18" type="ply">
        <string name="filename" value="meshes/Cube_014.ply"/>
        <boolean name="face_normals" value="true"/>
        <ref id="mat-Material" name="bsdf"/>
        <transform name="to_world">
            <matrix value="0.929476337125705 0.33051355483570877 0.1638126264419524 0.11039257946112846 -0.2188387258056795 0.13656507927237535 0.9661571716906191 1.0278172089901598 0.2969570605662495 -0.9338686295818098 0.19926317939427007 -0.8833483204090788 0.0 0.0 0.0 1.0"/>
            <scale value="1"/>
        </transform>
    </shape>
    <shape name="temp19" type="ply">
        <string name="filename" value="meshes/Cube_015.ply"/>
        <boolean name="face_normals" value="true"/>
        <ref id="mat-Material" name="bsdf"/>
        <transform name="to_world">
            <matrix value="0.9806693651190457 0.1579073386132914 0.11555741309753056 0.043282935290228086 -0.14627961072785522 0.1993785446255186 0.9689430906609188 0.6340622920046595 0.12996354784434078 -0.9671160958068346 0.21862301138338075 -0.36431407537020266 0.0 0.0 0.0 1.0"/>
            <scale value="1"/>
        </transform>
    </shape>
    <shape name="temp20" type="ply">
        <string name="filename" value="meshes/Cube_016.ply"/>
        <boolean name="face_normals" value="true"/>
        <ref id="mat-Material" name="bsdf"/>
        <transform name="to_world">
            <matrix value="0.9773273265286946 0.14281432054782522 0.1563189181036745 0.07062483353145854 -0.1830706686027442 0.19903700907132116 0.9627407863737949 0.3516344407302225 0.10637992507450886 -0.9695298306505946 0.22066941484118252 -0.09924124875074009 0.0 0.0 0.0 1.0"/>
            <scale value="1"/>
        </transform>
    </shape>
    <shape name="temp21" type="ply">
        <string name="filename" value="meshes/Cube_017.ply"/>
        <boolean name="face_normals" value="true"/>
        <ref id="mat-Material" name="bsdf"/>
        <transform name="to_world">
            <matrix value="0.9366550714770746 0.1329670040861619 0.32403251665050514 0.18262094530185757 -0.34550243162118127 0.19890222204608457 0.9170966303736796 0.1763280235228818 0.0574927707361527 -0.9709571714331603 0.23224323566581453 0.12309347229779294 0.0 0.0 0.0 1.0"/>
            <scale value="1"/>
        </transform>
    </shape>
    <shape name="temp22" type="ply">
        <string name="filename" value="meshes/Cube_018.ply"/>
        <boolean name="face_normals" value="true"/>
        <ref id="mat-Material" name="bsdf"/>
        <transform name="to_world">
            <matrix value="0.19583530575663932 0.9781203655227222 0.07020801843505345 0.86786212821489 -0.32922422153549386 -0.001860941173035086 0.9442499436197137 -0.15076690785529845 0.9237208502429848 -0.2080315921430553 0.3216565071833449 -0.19063735376005464 0.0 0.0 0.0 1.0"/>
            <scale value="1"/>
        </transform>
    </shape>
    <shape name="temp23" type="ply">
        <string name="filename" value="meshes/Cube_019.ply"/>
        <boolean name="face_normals" value="true"/>
        <ref id="mat-Material" name="bsdf"/>
        <transform name="to_world">
            <matrix value="-0.04937086345157236 0.9877039691462446 -0.14833504404754194 0.46655147275829134 -0.9643891161238736 -0.008504742158803395 0.2643512059234996 0.08734225813500143 0.259839245284357 0.1561039207547406 0.952950946550543 -0.04471663023384087 0.0 0.0 0.0 1.0"/>
            <scale value="1"/>
        </transform>
    </shape>
    <shape name="temp24" type="ply">
        <string name="filename" value="meshes/Cube_020.ply"/>
        <boolean name="face_normals" value="true"/>
        <ref id="mat-Material" name="bsdf"/>
        <transform name="to_world">
            <matrix value="0.06248841866842429 0.9918634429917143 -0.1109144432881771 -0.05896325806393726 -0.8978350185398509 0.007331648182274803 -0.4402702289552123 0.29993250808426486 -0.43587470213819673 0.12709469755077318 0.890988420530787 0.1127674158942712 0.0 0.0 0.0 1.0"/>
            <scale value="1"/>
        </transform>
    </shape>
    <shape name="temp25" type="ply">
        <string name="filename" value="meshes/Cube_021.ply"/>
        <boolean name="face_normals" value="true"/>
        <ref id="mat-Material" name="bsdf"/>
        <transform name="to_world">
            <matrix value="0.28480795245617674 0.9139282011918494 -0.28917082446653847 -0.10769700830036248 -0.6861799169188709 -0.016270358326571734 -0.7272501407734193 0.25117912375764273 -0.6693593569102189 0.4055495877335881 0.6224851673749858 0.2166587905295021 0.0 0.0 0.0 1.0"/>
            <scale value="1"/>
        </transform>
    </shape>
    <shape name="temp26" type="ply">
        <string name="filename" value="meshes/Cube_022.ply"/>
        <boolean name="face_normals" value="true"/>
        <ref id="mat-Material" name="bsdf"/>
        <transform name="to_world">
            <matrix value="0.6849494793688955 0.39635895649562075 -0.6113462194003975 -0.06530471729929777 -0.6598429685103727 -0.01834633715946044 -0.7511797308970115 -0.12122213744752189 -0.30895267425140993 0.9179121569052799 0.24896825257990046 0.6592038840021354 0.0 0.0 0.0 1.0"/>
            <scale value="1"/>
        </transform>
    </shape>
    <shape name="temp27" type="ply">
        <string name="filename" value="meshes/Cube_023.ply"/>
        <boolean name="face_normals" value="true"/>
        <ref id="mat-Material" name="bsdf"/>
        <transform name="to_world">
            <matrix value="0.8517668480409626 0.309102608760948 -0.4230240068913967 -0.07966011591824729 -0.4805106847721829 0.13908204237176774 -0.8658903286415164 -0.2873774832948839 -0.2088139397582031 0.9408038412842105 0.26699245095151486 0.15465406812153515 0.0 0.0 0.0 1.0"/>
            <scale value="1"/>
        </transform>
    </shape>
    <shape name="temp28" type="ply">
        <string name="filename" value="meshes/Cube_024.ply"/>
        <boolean name="face_normals" value="true"/>
        <ref id="mat-Material" name="bsdf"/>
        <transform name="to_world">
            <matrix value="0.8639103269878925 0.40463286075136157 -0.29988615200881663 -0.18316183697171773 -0.3933693333829763 0.170267071041648 -0.9034764770098448 -0.5241857295657838 -0.3145154841878137 0.8984883912536528 0.3062655163985077 -0.29933245842292516 0.0 0.0 0.0 1.0"/>
            <scale value="1"/>
        </transform>
    </shape>
    <shape name="temp29" type="ply">
        <string name="filename" value="meshes/Cube_025.ply"/>
        <boolean name="face_normals" value="true"/>
        <ref id="mat-Material" name="bsdf"/>
        <transform name="to_world">
            <matrix value="0.8916399392227677 0.384603366964038 -0.2388703896409675 -0.283329725195298 -0.3295301466064568 0.18950265214643436 -0.9249317172087763 -0.798921767999809 -0.3104653234685574 0.9034207787277624 0.2957064461697101 -0.7197096528944213 0.0 0.0 0.0 1.0"/>
            <scale value="1"/>
        </transform>
    </shape>
    <shape name="temp30" type="ply">
        <string name="filename" value="meshes/Cube_026.ply"/>
        <boolean name="face_normals" value="true"/>
        <ref id="mat-Material" name="bsdf"/>
        <transform name="to_world">
            <matrix value="0.9228662812241257 0.2441854062070447 -0.29781131019275203 -0.3131647554143596 -0.35116918161719207 0.2160866291354399 -0.9110361632848738 -1.1442866557392062 -0.15810874302116742 0.9453463851337962 0.28516936070665183 -0.8341738901354593 0.0 0.0 0.0 1.0"/>
            <scale value="1"/>
        </transform>
    </shape>
    <shape name="temp31" type="ply">
        <string name="filename" value="meshes/Cube_027.ply"/>
        <boolean name="face_normals" value="true"/>
        <ref id="mat-Material" name="bsdf"/>
        <transform name="to_world">
            <matrix value="0.8726337568946169 0.19176449607131907 -0.4491516007982597 -0.5496355764533487 -0.4837193077636354 0.21268086846062872 -0.8489892444852516 -1.5837020267404305 -0.06728006815276574 0.9581196563368883 0.27835266495547967 -0.9648844795117214 0.0 0.0 0.0 1.0"/>
            <scale value="1"/>
        </transform>
    </shape>
    <shape name="temp32" type="ply">
        <string name="filename" value="meshes/Cube_028.ply"/>
        <boolean name="face_normals" value="true"/>
        <ref id="mat-Material" name="bsdf"/>
        <transform name="to_world">
            <matrix value="-0.12103746806447209 0.9806265031089456 0.15401739680516438 -1.4828359812487046 -0.784331689794992 0.0006219705771312599 -0.6203417709130675 -2.1181582500130696 -0.6084194550970078 -0.19588524121704634 0.7690611464889856 -1.3703307853378757 0.0 0.0 0.0 1.0"/>
            <scale value="1"/>
        </transform>
    </shape>
    <shape name="temp33" type="ply">
        <string name="filename" value="meshes/Cube_029.ply"/>
        <boolean name="face_normals" value="true"/>
        <ref id="mat-Material" name="bsdf"/>
        <transform name="to_world">
            <matrix value="-0.006649991933010299 0.9814656368175911 0.19152265069138544 -1.623261587513585 -0.9998080765637106 -0.010056457449892893 0.01681969324396329 -1.8636683489560588 0.01843399784052891 -0.19137398497777539 0.9813441533052086 -0.16196074395142435 0.0 0.0 0.0 1.0"/>
            <scale value="1"/>
        </transform>
    </shape>
    <shape name="temp34" type="ply">
        <string name="filename" value="meshes/Cube_030.ply"/>
        <boolean name="face_normals" value="true"/>
        <ref id="mat-Material" name="bsdf"/>
        <transform name="to_world">
            <matrix value="-0.03990890215322831 0.9819312926938736 -0.18498171858128865 -3.2028565456702554 -0.9733885558582361 0.003603298938234594 0.22913122496057514 -1.8998372075534007 0.2256576197228391 0.1892034950869116 0.9556573160310406 0.2809578231155916 0.0 0.0 0.0 1.0"/>
            <scale value="1"/>
        </transform>
    </shape>
    <shape name="temp35" type="ply">
        <string name="filename" value="meshes/Cube_031.ply"/>
        <boolean name="face_normals" value="true"/>
        <ref id="mat-Material" name="bsdf"/>
        <transform name="to_world">
            <matrix value="0.12717848613630198 0.9827557292829089 0.1342264742912986 -1.9547128579160638 -0.7182439847737786 -0.002083932143430749 0.6957882862331397 -0.9262570639839784 0.6840696456020723 -0.18489663616472304 0.7055934917528761 0.7019055104482272 0.0 0.0 0.0 1.0"/>
            <scale value="1"/>
        </transform>
    </shape>
    <shape name="temp36" type="ply">
        <string name="filename" value="meshes/Cube_032.ply"/>
        <boolean name="face_normals" value="true"/>
        <ref id="mat-Material" name="bsdf"/>
        <transform name="to_world">
            <matrix value="0.7814120600609545 0.5927270906902673 0.19511507961085545 -0.6024665043078246 -0.23731598841899412 -0.006908373190272473 0.9714079847723583 0.42102801024368824 0.5771279566403736 -0.8053737513636183 0.13526531357131408 -0.17823479526252228 0.0 0.0 0.0 1.0"/>
            <scale value="1"/>
        </transform>
    </shape>
    <shape name="temp37" type="ply">
        <string name="filename" value="meshes/Cube_033.ply"/>
        <boolean name="face_normals" value="true"/>
        <ref id="mat-Material" name="bsdf"/>
        <transform name="to_world">
            <matrix value="0.9774696069514403 0.1641114422962603 0.1327441573712083 -0.13533961548911932 -0.1501367399078413 0.098516758687005 0.9837447478867439 0.300385806271379 0.1483662572891014 -0.9815098566401695 0.12093628152981818 -0.3839063835051503 0.0 0.0 0.0 1.0"/>
            <scale value="1"/>
        </transform>
    </shape>
    <shape name="temp38" type="ply">
        <string name="filename" value="meshes/Cube_034.ply"/>
        <boolean name="face_normals" value="true"/>
        <ref id="mat-Material" name="bsdf"/>
        <transform name="to_world">
            <matrix value="0.9999250922384922 0.0008819539321225724 0.012239675552136753 -0.0369676786484332 -0.012197811452288631 0.18051390942862566 0.9834967691850176 0.36964598015383954 -0.0013420323849744782 -0.983572127328059 0.18051109616041977 -0.3565449679879221 0.0 0.0 0.0 1.0"/>
            <scale value="1"/>
        </transform>
    </shape>
    <shape name="temp39" type="ply">
        <string name="filename" value="meshes/Cube_035.ply"/>
        <boolean name="face_normals" value="true"/>
        <ref id="mat-Material" name="bsdf"/>
        <transform name="to_world">
            <matrix value="0.9989526210624669 -0.045654401228143 0.0030862828772715814 0.008707708337560405 0.006612786267324082 0.2107737843199012 0.9775126577879732 0.09157611826363699 -0.04527824022608847 -0.9764681711140266 0.2108549426244893 -0.1445789251505067 0.0 0.0 0.0 1.0"/>
            <scale value="1"/>
        </transform>
    </shape>
    <shape name="temp40" type="ply">
        <string name="filename" value="meshes/Cube_036.ply"/>
        <boolean name="face_normals" value="true"/>
        <ref id="mat-Material" name="bsdf"/>
        <transform name="to_world">
            <matrix value="0.9996298936043843 -0.02704498949779214 0.00295900763131406 0.0043363447036193215 0.002815304054593131 0.21100510405216272 0.9774809808136822 -0.2494946549781735 -0.02706034019647996 -0.9771108186298948 0.21100320977579792 0.23370185033764915 0.0 0.0 0.0 1.0"/>
            <scale value="1"/>
        </transform>
    </shape>
    <shape name="temp41" type="ply">
        <string name="filename" value="meshes/Cube_037.ply"/>
        <boolean name="face_normals" value="true"/>
        <ref id="mat-Material" name="bsdf"/>
        <transform name="to_world">
            <matrix value="0.9989056374960773 -0.0466604856254289 0.0032005800195829895 -0.0052382295994632955 0.006732075769422386 0.21116425369663117 0.9774275554689823 -0.5696165691823065 -0.046283112333274826 -0.9763361373984978 0.2112473825127027 0.5098765217655328 0.0 0.0 0.0 1.0"/>
            <scale value="1"/>
        </transform>
    </shape>
    <shape name="temp42" type="ply">
        <string name="filename" value="meshes/Cube_038.ply"/>
        <boolean name="face_normals" value="true"/>
        <ref id="mat-Material" name="bsdf"/>
        <transform name="to_world">
            <matrix value="0.9992447170082284 -0.038731391693765216 0.0032642885611609087 0.005720121904672304 0.004991844362060681 0.21116487944883747 0.9774377204681951 -0.9049907148815176 -0.03854683818327846 -0.9766828041207869 0.21119877963274566 0.8593997254847878 0.0 0.0 0.0 1.0"/>
            <scale value="1"/>
        </transform>
    </shape>
    <shape name="temp43" type="ply">
        <string name="filename" value="meshes/Cube_039.ply"/>
        <boolean name="face_normals" value="true"/>
        <ref id="mat-Material" name="bsdf"/>
        <transform name="to_world">
            <matrix value="0.9999648826685882 -0.004922987304775542 -0.006819563262165143 0.02086519742736037 0.008278815008824514 0.4330069018510457 0.9013525699387254 -1.3192745307684928 -0.0014844207422299055 -0.9013772811774778 0.43303235106227905 1.4722670979686476 0.0 0.0 0.0 1.0"/>
            <scale value="1"/>
        </transform>
    </shape>
    <shape name="temp47" type="ply">
        <string name="filename" value="meshes/Plane_001.ply"/>
        <boolean name="face_normals" value="true"/>
        <ref id="mat-Material.002" name="bsdf"/>
        <transform name="to_world">
            <scale value="1"/>
        </transform>
    </shape>
    <shape name="temp49" type="ply">
        <string name="filename" value="meshes/Plane_002.ply"/>
        <boolean name="face_normals" value="true"/>
        <ref id="mat-Material.003" name="bsdf"/>
        <transform name="to_world">
            <scale value="1"/>
        </transform>
    </shape>
    <shape name="temp51" type="ply">
        <string name="filename" value="meshes/Plane_003.ply"/>
        <boolean name="face_normals" value="true"/>
        <ref id="mat-Material.004" name="bsdf"/>
        <transform name="to_world">
            <scale value="1"/>
        </transform>
    </shape>
    <shape name="temp53" type="ply">
        <string name="filename" value="meshes/Plane_004.ply"/>
        <boolean name="face_normals" value="true"/>
        <ref id="mat-Material.005" name="bsdf"/>
        <transform name="to_world">
            <scale value="1"/>
        </transform>
    </shape>
    <emitter type="point">
        <rgb name="intensity" value="100"/>
        <animation name="to_world">
            <transform time="0">
                <rotate angle="-142.5518126578256" x="1"/>
                <rotate angle="3.976628485794621e-06" y="1"/>
                <rotate angle="-179.999991348578" z="1"/>
                <translate value="-0.000000 3.030926 4.073377"/>
                <translate x="14.7" y="0.0" z="0.0"/>
            </transform>
            <transform time="0.0015">
                <rotate angle="-142.5518126578256" x="1"/>
                <rotate angle="3.976628485794621e-06" y="1"/>
                <rotate angle="-179.999991348578" z="1"/>
                <translate value="-0.000000 3.030926 4.073377"/>
                <translate x="14.85" y="0.0" z="0.0"/>
            </transform>
        </animation>
    </emitter>
</scene>
