
<scene version="2.1.0">
    <default name="spp" value="1024"/>
    <default name="resx" value="1280"/>
    <default name="resy" value="720"/>
    <integrator name="temp0" type="path">
        <integer name="max_depth" value="12"/>
    </integrator>
    <sensor name="temp44" type="perspective">
        <string name="fov_axis" value="x"/>
        <float name="fov" value="83.974423"/>
        <float name="principal_point_offset_x" value="0.000000"/>
        <float name="principal_point_offset_y" value="-0.000000"/>
        <float name="near_clip" value="0.100000"/>
        <float name="far_clip" value="1000.000000"/>
        <sampler name="sampler" type="independent">
            <integer name="sample_count" value="$spp"/>
        </sampler>
        <film name="film" type="hdrfilm">
            <integer name="width" value="$resx"/>
            <integer name="height" value="$resy"/>
        </film>
        <float name="shutter_open" value="0.0"/>
        <float name="shutter_close" value="0.0015"/>
        <animation name="to_world">
            <transform time="0">
                <rotate angle="-142.5518126578256" x="1"/>
                <rotate angle="3.976628485794621e-06" y="1"/>
                <rotate angle="-179.999991348578" z="1"/>
                <translate value="-0.000000 3.030926 4.073377"/>
            </transform>
            <transform time="0.0015">
                <rotate angle="-142.5518126578256" x="1"/>
                <rotate angle="3.976628485794621e-06" y="1"/>
                <rotate angle="-179.999991348578" z="1"/>
                <translate value="-0.000000 3.030926 4.073377"/>
                <translate x="0.15" y="0.0" z="0.0"/>
            </transform>
        </animation>
    </sensor>
    <bsdf id="mat-Material" name="mat-Material" type="twosided">
        <bsdf name="bsdf" type="diffuse">
            <texture name="reflectance" type="bitmap">
                <string name="filename" value="textures/siggraph_2023_logo.jpg"/>
            </texture>
        </bsdf>
    </bsdf>
    <bsdf id="mat-Material.001" name="mat-Material.001" type="twosided">
        <bsdf name="bsdf" type="principled">
            <rgb name="base_color" value="0.433648 0.266232 0.084399"/>
            <float name="spec_tint" value="0.000000"/>
            <float name="spec_trans" value="0.000000"/>
            <float name="metallic" value="0.000000"/>
            <float name="anisotropic" value="0.000000"/>
            <float name="roughness" value="0.500000"/>
            <float name="sheen" value="0.000000"/>
            <float name="sheen_tint" value="0.500000"/>
            <float name="clearcoat" value="0.000000"/>
            <float name="clearcoat_gloss" value="0.173205"/>
            <float name="specular" value="0.500000"/>
        </bsdf>
    </bsdf>
    <bsdf id="mat-Material.002" name="mat-Material.002" type="twosided">
        <bsdf name="bsdf" type="principled">
            <rgb name="base_color" value="0.433648 0.266232 0.084399"/>
            <float name="spec_tint" value="0.000000"/>
            <float name="spec_trans" value="0.000000"/>
            <float name="metallic" value="0.000000"/>
            <float name="anisotropic" value="0.000000"/>
            <float name="roughness" value="0.500000"/>
            <float name="sheen" value="0.000000"/>
            <float name="sheen_tint" value="0.500000"/>
            <float name="clearcoat" value="0.000000"/>
            <float name="clearcoat_gloss" value="0.173205"/>
            <float name="specular" value="0.500000"/>
        </bsdf>
    </bsdf>
    <bsdf id="mat-Material.003" name="mat-Material.003" type="twosided">
        <bsdf name="bsdf" type="principled">
            <rgb name="base_color" value="0.433648 0.266232 0.084399"/>
            <float name="spec_tint" value="0.000000"/>
            <float name="spec_trans" value="0.000000"/>
            <float name="metallic" value="0.000000"/>
            <float name="anisotropic" value="0.000000"/>
            <float name="roughness" value="0.500000"/>
            <float name="sheen" value="0.000000"/>
            <float name="sheen_tint" value="0.500000"/>
            <float name="clearcoat" value="0.000000"/>
            <float name="clearcoat_gloss" value="0.173205"/>
            <float name="specular" value="0.500000"/>
        </bsdf>
    </bsdf>
    <bsdf id="mat-Material.004" name="mat-Material.004" type="twosided">
        <bsdf name="bsdf" type="principled">
            <rgb name="base_color" value="0.433648 0.266232 0.084399"/>
            <float name="spec_tint" value="0.000000"/>
            <float name="spec_trans" value="0.000000"/>
            <float name="metallic" value="0.000000"/>
            <float name="anisotropic" value="0.000000"/>
            <float name="roughness" value="0.500000"/>
            <float name="sheen" value="0.000000"/>
            <float name="sheen_tint" value="0.500000"/>
            <float name="clearcoat" value="0.000000"/>
            <float name="clearcoat_gloss" value="0.173205"/>
            <float name="specular" value="0.500000"/>
        </bsdf>
    </bsdf>
    <bsdf id="mat-Material.005" name="mat-Material.005" type="twosided">
        <bsdf name="bsdf" type="principled">
            <rgb name="base_color" value="0.433648 0.266232 0.084399"/>
            <float name="spec_tint" value="0.000000"/>
            <float name="spec_trans" value="0.000000"/>
            <float name="metallic" value="0.000000"/>
            <float name="anisotropic" value="0.000000"/>
            <float name="roughness" value="0.500000"/>
            <float name="sheen" value="0.000000"/>
            <float name="sheen_tint" value="0.500000"/>
            <float name="clearcoat" value="0.000000"/>
            <float name="clearcoat_gloss" value="0.173205"/>
            <float name="specular" value="0.500000"/>
        </bsdf>
    </bsdf>
    <emitter name="temp45" type="point">
        <point name="position" x="-6.815235034541981e-16" y="3.0693089962005615" z="4.109199523925781"/>
        <rgb name="intensity" value="7.957747 7.957747 7.957747"/>
    </emitter>
    <shape name="temp2" type="ply">
        <string name="filename" value="meshes/Cube.ply"/>
        <boolean name="face_normals" value="true"/>
        <ref id="mat-Material" name="bsdf"/>
        <transform name="to_world">
            <matrix value="0.9999991135176153 0.00016899335242572842 0.0014842080827345834 -0.0023920165131601223 -0.0001665164079024586 0.9999985399115188 -0.001668899026571308 -0.01515860349674969 -0.0014844901041971396 0.0016686496058804022 0.9999976360466947 0.0033101661080594535 0.0 0.0 0.0 1.0"/>
        </transform>
    </shape>
    <shape name="temp4" type="ply">
        <string name="filename" value="meshes/Plane.ply"/>
        <boolean name="face_normals" value="true"/>
        <ref id="mat-Material.001" name="bsdf"/>
    </shape>
    <shape name="temp5" type="ply">
        <string name="filename" value="meshes/Cube_001.ply"/>
        <boolean name="face_normals" value="true"/>
        <ref id="mat-Material" name="bsdf"/>
        <transform name="to_world">
            <matrix value="0.9999982270352306 8.260575733746608e-05 -0.0018506019334301293 0.002468500265982332 -8.486295868814791e-05 0.9999991656637249 -0.0012197360787971827 -0.01631121901814031 0.0018505009511955988 0.0012198914111338007 0.9999976360466947 -0.0040839417279355805 0.0 0.0 0.0 1.0"/>
        </transform>
    </shape>
    <shape name="temp6" type="ply">
        <string name="filename" value="meshes/Cube_002.ply"/>
        <boolean name="face_normals" value="true"/>
        <ref id="mat-Material" name="bsdf"/>
        <transform name="to_world">
            <matrix value="1.0 8.977979779860375e-06 0.0003020494056784995 -0.0008729733551295915 -9.285060821556416e-06 0.9999993742477937 0.0010166512142918945 -0.01837073950392959 -0.0003020409483943144 -0.0010166533520502771 0.9999995272093389 0.0007617818260093889 0.0 0.0 0.0 1.0"/>
        </transform>
    </shape>
    <shape name="temp7" type="ply">
        <string name="filename" value="meshes/Cube_003.ply"/>
        <boolean name="face_normals" value="true"/>
        <ref id="mat-Material" name="bsdf"/>
        <transform name="to_world">
            <matrix value="0.9999991135176153 -0.0003121022562538719 0.0014287095509859812 -0.0010685213976029395 0.00031490558076120473 0.9999979141593124 -0.001962173437580522 -0.017836745901160245 -0.001428096527293906 0.001962621734877134 0.9999971632560337 0.004064902430470252 0.0 0.0 0.0 1.0"/>
        </transform>
    </shape>
    <shape name="temp8" type="ply">
        <string name="filename" value="meshes/Cube_004.ply"/>
        <boolean name="face_normals" value="true"/>
        <ref id="mat-Material" name="bsdf"/>
        <transform name="to_world">
            <matrix value="0.9999995567588077 -0.0001920343829978954 0.0011874846638529318 -0.0004544225621465614 0.00019333205679869937 0.9999993742477937 -0.001092522295625599 -0.018307069780704732 -0.001187274722663986 0.0010927510778581753 0.9999988180233473 0.0037223069565076455 0.0 0.0 0.0 1.0"/>
        </transform>
    </shape>
    <shape name="temp9" type="ply">
        <string name="filename" value="meshes/Cube_005.ply"/>
        <boolean name="face_normals" value="true"/>
        <ref id="mat-Material" name="bsdf"/>
        <transform name="to_world">
            <matrix value="0.9999995567588077 -0.0006541133821280998 0.0008173463111217857 -0.0006870712055873085 0.0006579782528141384 0.999988527876218 -0.004738757156277643 -0.020935558364918117 -0.0008142385027667115 0.004739284514927319 0.9999886530241345 0.0019464614237810762 0.0 0.0 0.0 1.0"/>
        </transform>
    </shape>
    <shape name="temp10" type="ply">
        <string name="filename" value="meshes/Cube_006.ply"/>
        <boolean name="face_normals" value="true"/>
        <ref id="mat-Material" name="bsdf"/>
        <transform name="to_world">
            <matrix value="0.9999991135176153 0.00023609630743623065 -0.0015395529575183407 -0.0013132292374478105 -0.00023692261186077974 0.9999997914159312 -0.0005362888107943781 -0.017556483044872617 0.0015394254175775273 0.0005366534354839046 0.9999988180233473 -0.003695723269086515 0.0 0.0 0.0 1.0"/>
        </transform>
    </shape>
    <shape name="temp11" type="ply">
        <string name="filename" value="meshes/Cube_007.ply"/>
        <boolean name="face_normals" value="true"/>
        <ref id="mat-Material" name="bsdf"/>
        <transform name="to_world">
            <matrix value="0.9999991135176153 -0.0015367118390231592 -0.0001967995854571484 0.00046335664390451115 0.0015374751563311687 0.999991030885043 0.003941372066865838 -0.017401963996020176 0.0001907408687881963 -0.003941665293488214 0.9999921989540925 -0.0004598699640887549 0.0 0.0 0.0 1.0"/>
        </transform>
    </shape>
    <shape name="temp12" type="ply">
        <string name="filename" value="meshes/Cube_008.ply"/>
        <boolean name="face_normals" value="true"/>
        <ref id="mat-Material" name="bsdf"/>
        <transform name="to_world">
            <matrix value="0.999997340552846 0.0023027556041324677 8.56628123196008e-05 9.15018781295629e-05 -0.0023024739950392443 0.9999922823894557 -0.0031677683477053815 -0.016450589304304375 -9.295698610172917e-05 0.0031675555824397248 0.9999950356980589 -0.0001083191075266221 0.0 0.0 0.0 1.0"/>
        </transform>
    </shape>
    <shape name="temp13" type="ply">
        <string name="filename" value="meshes/Cube_009.ply"/>
        <boolean name="face_normals" value="true"/>
        <ref id="mat-Material" name="bsdf"/>
        <transform name="to_world">
            <matrix value="0.9840495224519393 0.1777389695529835 0.007471959967869146 0.08115796373263517 -0.17762846459478002 0.9840049392707485 -0.013500631884718508 0.35329148545718336 -0.009752042012173176 0.01195804331456772 0.9998810931487432 0.041015071995585295 0.0 0.0 0.0 1.0"/>
        </transform>
    </shape>
    <shape name="temp14" type="ply">
        <string name="filename" value="meshes/Cube_010.ply"/>
        <boolean name="face_normals" value="true"/>
        <ref id="mat-Material" name="bsdf"/>
        <transform name="to_world">
            <matrix value="0.8954589053360921 0.44495737584554773 0.012909903593256304 0.2022388196680842 -0.44453589987713354 0.8953740225229078 -0.026332099507304852 0.7453806504779195 -0.02327586268033268 0.01784039355642095 0.9995699968937654 0.028444516434421807 0.0 0.0 0.0 1.0"/>
        </transform>
    </shape>
    <shape name="temp15" type="ply">
        <string name="filename" value="meshes/Cube_011.ply"/>
        <boolean name="face_normals" value="true"/>
        <ref id="mat-Material" name="bsdf"/>
        <transform name="to_world">
            <matrix value="0.8113769376288724 0.5837431662644471 -0.030194988324434624 0.2570416248846581 -0.570408420164283 0.802010124670698 0.17723912475101664 1.1047634408952642 0.1276788167942315 -0.1265842064314812 0.9837045606805538 -0.28741803347559935 0.0 0.0 0.0 1.0"/>
        </transform>
    </shape>
    <shape name="temp16" type="ply">
        <string name="filename" value="meshes/Cube_012.ply"/>
        <boolean name="face_normals" value="true"/>
        <ref id="mat-Material" name="bsdf"/>
        <transform name="to_world">
            <matrix value="0.8574895350754485 0.5144988872039932 0.001635952609355298 0.2355771493132064 -0.46612174594478634 0.7755072243092218 0.4258158357449597 1.1466769262020031 0.21781311001069098 -0.3658950446682784 0.9048085646973832 -0.8492578714483385 0.0 0.0 0.0 1.0"/>
        </transform>
    </shape>
    <shape name="temp17" type="ply">
        <string name="filename" value="meshes/Cube_013.ply"/>
        <boolean name="face_normals" value="true"/>
        <ref id="mat-Material" name="bsdf"/>
        <transform name="to_world">
            <matrix value="0.9277875881828352 0.3388802790020504 0.15611067745701032 0.2793452077456763 -0.3381634655787755 0.5869497291535868 0.735619244660184 1.1894665919915202 0.15765778943206618 -0.7352890870901063 0.6591616665114338 -0.9018803633807067 0.0 0.0 0.0 1.0"/>
        </transform>
    </shape>
    <shape name="temp18" type="ply">
        <string name="filename" value="meshes/Cube_014.ply"/>
        <boolean name="face_normals" value="true"/>
        <ref id="mat-Material" name="bsdf"/>
        <transform name="to_world">
            <matrix value="0.9415356002460875 0.30845829257252994 0.1355145451682922 0.0910189618384708 -0.2123508715008324 0.2310408553615492 0.9494879913536044 1.0036743464876248 0.26156806323101556 -0.9227531845572698 0.28303447447663255 -0.7896256828485195 0.0 0.0 0.0 1.0"/>
        </transform>
    </shape>
    <shape name="temp19" type="ply">
        <string name="filename" value="meshes/Cube_015.ply"/>
        <boolean name="face_normals" value="true"/>
        <ref id="mat-Material" name="bsdf"/>
        <transform name="to_world">
            <matrix value="0.974372680740461 0.19941996942157553 0.10406659067344774 0.04053922224626183 -0.14828496685442366 0.22156696695819766 0.9638048017565118 0.6315197162465458 0.1691442076354501 -0.9545363906195573 0.24545990947950005 -0.4056240873500397 0.0 0.0 0.0 1.0"/>
        </transform>
    </shape>
    <shape name="temp20" type="ply">
        <string name="filename" value="meshes/Cube_016.ply"/>
        <boolean name="face_normals" value="true"/>
        <ref id="mat-Material" name="bsdf"/>
        <transform name="to_world">
            <matrix value="0.9692532449687693 0.19934769504174812 0.14425438785192762 0.06516435074437621 -0.18798297776524883 0.22158928545355563 0.9568493419463183 0.35075063908815673 0.15878051937229956 -0.9545461940707893 0.2522501289536528 -0.17984253658362337 0.0 0.0 0.0 1.0"/>
        </transform>
    </shape>
    <shape name="temp21" type="ply">
        <string name="filename" value="meshes/Cube_017.ply"/>
        <boolean name="face_normals" value="true"/>
        <ref id="mat-Material" name="bsdf"/>
        <transform name="to_world">
            <matrix value="0.9452286858607832 0.18154752692298867 0.27126222341155337 0.17664099709268788 -0.3080007251425907 0.22094288342444982 0.9253756676395123 0.1414484917333493 0.10806619186670142 -0.9582404265127038 0.2647582786826728 0.0437522106347919 0.0 0.0 0.0 1.0"/>
        </transform>
    </shape>
    <shape name="temp22" type="ply">
        <string name="filename" value="meshes/Cube_018.ply"/>
        <boolean name="face_normals" value="true"/>
        <ref id="mat-Material" name="bsdf"/>
        <transform name="to_world">
            <matrix value="0.18045957906270446 0.9795222590488984 0.08927701324901269 0.8646126900113983 -0.4023462529276081 -0.009311244975731244 0.9154402082926536 -0.11202092850883791 0.8975257390160399 -0.20112017988290093 0.39242665007486643 -0.2121584475619594 0.0 0.0 0.0 1.0"/>
        </transform>
    </shape>
    <shape name="temp23" type="ply">
        <string name="filename" value="meshes/Cube_019.ply"/>
        <boolean name="face_normals" value="true"/>
        <ref id="mat-Material" name="bsdf"/>
        <transform name="to_world">
            <matrix value="-0.05222382971027983 0.9880062074618865 -0.14531438451402556 0.46398535626538945 -0.958217869002725 -0.008598096044620303 0.28590998727720335 0.06756229658798094 0.2812315722474279 0.15417416352573823 0.9471743902537042 -0.04613137032085168 0.0 0.0 0.0 1.0"/>
        </transform>
    </shape>
    <shape name="temp24" type="ply">
        <string name="filename" value="meshes/Cube_020.ply"/>
        <boolean name="face_normals" value="true"/>
        <ref id="mat-Material" name="bsdf"/>
        <transform name="to_world">
            <matrix value="0.05174074375192296 0.9952629387945334 -0.08230677869836436 -0.08898150119769471 -0.8858380905101615 0.007685725342124974 -0.4639305647876476 0.3229028845883196 -0.46110006079162874 0.09691458886329075 0.8820396752734825 0.13981304159017538 0.0 0.0 0.0 1.0"/>
        </transform>
    </shape>
    <shape name="temp25" type="ply">
        <string name="filename" value="meshes/Cube_021.ply"/>
        <boolean name="face_normals" value="true"/>
        <ref id="mat-Material" name="bsdf"/>
        <transform name="to_world">
            <matrix value="0.28147287275254557 0.9192635730868148 -0.27518638589835664 -0.12503709190256165 -0.6722200355656732 -0.015748443441386834 -0.7401840384927244 0.2692195444191666 -0.6847579991737984 0.3933273956401758 0.6135144373720215 0.22445895480210287 0.0 0.0 0.0 1.0"/>
        </transform>
    </shape>
    <shape name="temp26" type="ply">
        <string name="filename" value="meshes/Cube_022.ply"/>
        <boolean name="face_normals" value="true"/>
        <ref id="mat-Material" name="bsdf"/>
        <transform name="to_world">
            <matrix value="0.6114507816115186 0.39256126635559835 -0.6870397678408737 -0.08610506963816456 -0.7406879457898292 -0.021539684162003074 -0.6715038667184214 -0.22043820053892924 -0.27840511181202315 0.9194736172440622 0.27759501792113 0.6675592645857767 0.0 0.0 0.0 1.0"/>
        </transform>
    </shape>
    <shape name="temp27" type="ply">
        <string name="filename" value="meshes/Cube_023.ply"/>
        <boolean name="face_normals" value="true"/>
        <ref id="mat-Material" name="bsdf"/>
        <transform name="to_world">
            <matrix value="0.8589415932216011 0.2999933253097995 -0.4149983854198925 -0.0801555595122092 -0.4739414070603003 0.1588483656395292 -0.8661104126942402 -0.28019736554445046 -0.19390556657748653 0.9406227903125215 0.27862073726030107 0.1657539669682374 0.0 0.0 0.0 1.0"/>
        </transform>
    </shape>
    <shape name="temp28" type="ply">
        <string name="filename" value="meshes/Cube_024.ply"/>
        <boolean name="face_normals" value="true"/>
        <ref id="mat-Material" name="bsdf"/>
        <transform name="to_world">
            <matrix value="0.8953543004146964 0.34344993878057584 -0.2835186121135586 -0.1321270936990484 -0.3615652264873845 0.18888505557722512 -0.9130131374340988 -0.49169354022028267 -0.26002199362796463 0.9199806851152323 0.29329852333292833 -0.24169961027278586 0.0 0.0 0.0 1.0"/>
        </transform>
    </shape>
    <shape name="temp29" type="ply">
        <string name="filename" value="meshes/Cube_025.ply"/>
        <boolean name="face_normals" value="true"/>
        <ref id="mat-Material" name="bsdf"/>
        <transform name="to_world">
            <matrix value="0.8948428000787196 0.3817939481418288 -0.23127881363585 -0.2778799982017963 -0.32018750875401353 0.18798466072758296 -0.9285159432102771 -0.7917199445391079 -0.3110248268256662 0.9049282157927342 0.2904622521572256 -0.7271622269564093 0.0 0.0 0.0 1.0"/>
        </transform>
    </shape>
    <shape name="temp30" type="ply">
        <string name="filename" value="meshes/Cube_026.ply"/>
        <boolean name="face_normals" value="true"/>
        <ref id="mat-Material" name="bsdf"/>
        <transform name="to_world">
            <matrix value="0.9272636770934725 0.23651347557376265 -0.29024736880177354 -0.2954903975153589 -0.3405633063665392 0.21071308635589034 -0.9163061243883862 -1.1318743939191973 -0.15555979589629573 0.948504765103051 0.27593434072415457 -0.834233301165028 0.0 0.0 0.0 1.0"/>
        </transform>
    </shape>
    <shape name="temp31" type="ply">
        <string name="filename" value="meshes/Cube_027.ply"/>
        <boolean name="face_normals" value="true"/>
        <ref id="mat-Material" name="bsdf"/>
        <transform name="to_world">
            <matrix value="0.8776117987259475 0.18933457510382273 -0.44039764531339165 -0.5263269872980241 -0.4741045198190867 0.2069952004805777 -0.8557908109352698 -1.5725285755576257 -0.07087058775555072 0.959846523842202 0.27142580898028035 -0.975299932370709 0.0 0.0 0.0 1.0"/>
        </transform>
    </shape>
    <shape name="temp32" type="ply">
        <string name="filename" value="meshes/Cube_028.ply"/>
        <boolean name="face_normals" value="true"/>
        <ref id="mat-Material" name="bsdf"/>
        <transform name="to_world">
            <matrix value="-0.11304800124816719 0.9806579993033293 0.15978168418434863 -1.462303313323675 -0.8200072868852023 -0.0012734662291963464 -0.5723518640480998 -2.109858252879833 -0.5610777498240332 -0.19572534066993033 0.8042906698072574 -1.2407039484423736 0.0 0.0 0.0 1.0"/>
        </transform>
    </shape>
    <shape name="temp33" type="ply">
        <string name="filename" value="meshes/Cube_029.ply"/>
        <boolean name="face_normals" value="true"/>
        <ref id="mat-Material" name="bsdf"/>
        <transform name="to_world">
            <matrix value="-0.011208146950411947 0.9828752479543118 0.1839311456048671 -1.6434934619905066 -0.9997318390786257 -0.007284529528203696 -0.02199384332001167 -1.924288508109026 -0.020277349311291836 -0.18412825417220285 0.9826930250612146 -0.23560836470343283 0.0 0.0 0.0 1.0"/>
        </transform>
    </shape>
    <shape name="temp34" type="ply">
        <string name="filename" value="meshes/Cube_030.ply"/>
        <boolean name="face_normals" value="true"/>
        <ref id="mat-Material" name="bsdf"/>
        <transform name="to_world">
            <matrix value="-0.042281611893776744 0.9819258398929507 -0.18448292726308985 -3.205502703986335 -0.9703478841897679 0.0036244469429214106 0.2416854827781797 -1.871649112033225 0.23798566803703708 0.1892314370400781 0.9526563874759792 0.3063450074798577 0.0 0.0 0.0 1.0"/>
        </transform>
    </shape>
    <shape name="temp35" type="ply">
        <string name="filename" value="meshes/Cube_031.ply"/>
        <boolean name="face_normals" value="true"/>
        <ref id="mat-Material" name="bsdf"/>
        <transform name="to_world">
            <matrix value="0.11464083279701148 0.9836872657340178 0.13862484581114565 -1.9819269177590335 -0.7725100039537115 0.0005429547602013254 0.6350023001265661 -1.1581654947322448 0.6245685046992431 -0.1798862591073019 0.7599705640534424 0.6196578235211301 0.0 0.0 0.0 1.0"/>
        </transform>
    </shape>
    <shape name="temp36" type="ply">
        <string name="filename" value="meshes/Cube_032.ply"/>
        <boolean name="face_normals" value="true"/>
        <ref id="mat-Material" name="bsdf"/>
        <transform name="to_world">
            <matrix value="0.7734018052327282 0.5901715186797464 0.23140327577737424 -0.5811498721757626 -0.27014411544128203 -0.02338988742717809 0.962535831622225 0.328495406955811 0.573473876250605 -0.8069389662156384 0.1413415718681992 -0.17891876554206743 0.0 0.0 0.0 1.0"/>
        </transform>
    </shape>
    <shape name="temp37" type="ply">
        <string name="filename" value="meshes/Cube_033.ply"/>
        <boolean name="face_normals" value="true"/>
        <ref id="mat-Material" name="bsdf"/>
        <transform name="to_world">
            <matrix value="0.9779864261817253 0.16080851356735076 0.13298015082967668 -0.1322999894854715 -0.1500932136227521 0.099380505315765 0.9836643734743636 0.3004468946840035 0.14496602113019413 -0.9819695759277298 0.12132902873196127 -0.39282512399538794 0.0 0.0 0.0 1.0"/>
        </transform>
    </shape>
    <shape name="temp38" type="ply">
        <string name="filename" value="meshes/Cube_034.ply"/>
        <boolean name="face_normals" value="true"/>
        <ref id="mat-Material" name="bsdf"/>
        <transform name="to_world">
            <matrix value="0.9999259787208769 0.0019259046812522553 0.012042829160404162 -0.036513831951695774 -0.012192594503454621 0.18064661061317458 0.9834726568613036 0.3696118987860923 -0.00028141959516122454 -0.983546262903532 0.1806566920444934 -0.3520827829073204 0.0 0.0 0.0 1.0"/>
        </transform>
    </shape>
    <shape name="temp39" type="ply">
        <string name="filename" value="meshes/Cube_035.ply"/>
        <boolean name="face_normals" value="true"/>
        <ref id="mat-Material" name="bsdf"/>
        <transform name="to_world">
            <matrix value="0.9989876371166629 -0.044892777359450846 0.0029263614361678234 0.008963424365765249 0.006644535633932418 0.2115676552856246 0.9773407983826776 0.09170789061532879 -0.0444946784462446 -0.9763317571330538 0.21165171308604175 -0.14238022635981745 0.0 0.0 0.0 1.0"/>
        </transform>
    </shape>
    <shape name="temp40" type="ply">
        <string name="filename" value="meshes/Cube_036.ply"/>
        <boolean name="face_normals" value="true"/>
        <ref id="mat-Material" name="bsdf"/>
        <transform name="to_world">
            <matrix value="0.9996768771707738 -0.025256318532903093 0.002939339539813938 0.004444847829860432 0.0024740393633638103 0.21166860997490733 0.9773384344293724 -0.2503897135852352 -0.025306146691559093 -0.977015078542331 0.21166272910844444 0.2372820348221527 0.0 0.0 0.0 1.0"/>
        </transform>
    </shape>
    <shape name="temp41" type="ply">
        <string name="filename" value="meshes/Cube_037.ply"/>
        <boolean name="face_normals" value="true"/>
        <ref id="mat-Material" name="bsdf"/>
        <transform name="to_world">
            <matrix value="0.9989384373443115 -0.045969530039234666 0.0030768979826495285 -0.004740949142441053 0.006733073062105183 0.21172722209823058 0.9773058118737592 -0.5695366337765138 -0.04557773829976224 -0.9762470720011347 0.2118118945620091 0.509569824804168 0.0 0.0 0.0 1.0"/>
        </transform>
    </shape>
    <shape name="temp42" type="ply">
        <string name="filename" value="meshes/Cube_038.ply"/>
        <boolean name="face_normals" value="true"/>
        <ref id="mat-Material" name="bsdf"/>
        <transform name="to_world">
            <matrix value="0.9992673223090384 -0.03813892950484228 0.0032060171121851863 0.005018847896582912 0.004945592143638514 0.2117326452840185 0.9773152676869805 -0.9050425505469055 -0.037952571419453324 -0.9765831009359168 0.21176617570508452 0.8575353250088917 0.0 0.0 0.0 1.0"/>
        </transform>
    </shape>
    <shape name="temp43" type="ply">
        <string name="filename" value="meshes/Cube_039.ply"/>
        <boolean name="face_normals" value="true"/>
        <ref id="mat-Material" name="bsdf"/>
        <transform name="to_world">
            <matrix value="0.9999654530965808 -0.004354647300247027 -0.007091438227493854 0.02036398999795752 0.008277769264785618 0.43300568711559473 0.9013531631268558 -1.319277602151653 -0.0008544455650490087 -0.9013806557526707 0.4330266852106606 1.471098509249945 0.0 0.0 0.0 1.0"/>
        </transform>
    </shape>
    <shape name="temp47" type="ply">
        <string name="filename" value="meshes/Plane_001.ply"/>
        <boolean name="face_normals" value="true"/>
        <ref id="mat-Material.002" name="bsdf"/>
    </shape>
    <shape name="temp49" type="ply">
        <string name="filename" value="meshes/Plane_002.ply"/>
        <boolean name="face_normals" value="true"/>
        <ref id="mat-Material.003" name="bsdf"/>
    </shape>
    <shape name="temp51" type="ply">
        <string name="filename" value="meshes/Plane_003.ply"/>
        <boolean name="face_normals" value="true"/>
        <ref id="mat-Material.004" name="bsdf"/>
    </shape>
    <shape name="temp53" type="ply">
        <string name="filename" value="meshes/Plane_004.ply"/>
        <boolean name="face_normals" value="true"/>
        <ref id="mat-Material.005" name="bsdf"/>
    </shape>
    <emitter type="point">
        <transform name="to_world">
            <rotate angle="-142.5518126578256" x="1"/>
            <rotate angle="3.976628485794621e-06" y="1"/>
            <rotate angle="-179.999991348578" z="1"/>
            <translate value="-0.000000 3.030926 4.073377"/>
        </transform>
        <rgb name="intensity" value="100"/>
    </emitter>
</scene>
