
<scene version="2.1.0">
    <default name="spp" value="1024"/>
    <default name="resx" value="640"/>
    <default name="resy" value="360"/>
    <integrator name="temp0" type="path">
        <integer name="max_depth" value="12"/>
    </integrator>
    <sensor name="temp44" type="perspective">
        <string name="fov_axis" value="x"/>
        <float name="fov" value="83.974423"/>
        <float name="principal_point_offset_x" value="0.000000"/>
        <float name="principal_point_offset_y" value="-0.000000"/>
        <float name="near_clip" value="0.100000"/>
        <float name="far_clip" value="1000.000000"/>
        <sampler name="sampler" type="independent">
            <integer name="sample_count" value="$spp"/>
        </sampler>
        <film name="film" type="hdrfilm">
            <integer name="width" value="$resx"/>
            <integer name="height" value="$resy"/>
        </film>
        <float name="shutter_open" value="0.0"/>
        <float name="shutter_close" value="0.0015"/>
        <animation name="to_world">
            <transform time="0">
                <rotate angle="-142.5518126578256" x="1"/>
                <rotate angle="3.976628485794621e-06" y="1"/>
                <rotate angle="-179.999991348578" z="1"/>
                <translate value="-0.000000 3.030926 4.073377"/>
            </transform>
            <transform time="0.0015">
                <rotate angle="-142.5518126578256" x="1"/>
                <rotate angle="3.976628485794621e-06" y="1"/>
                <rotate angle="-179.999991348578" z="1"/>
                <translate value="-0.000000 3.030926 4.073377"/>
                <translate x="0.15" y="0.0" z="0.0"/>
            </transform>
        </animation>
    </sensor>
    <bsdf id="mat-Material" name="mat-Material" type="twosided">
        <bsdf name="bsdf" type="diffuse">
            <texture name="reflectance" type="bitmap">
                <string name="filename" value="textures/siggraph_2023_logo.jpg"/>
            </texture>
        </bsdf>
    </bsdf>
    <bsdf id="mat-Material.001" name="mat-Material.001" type="twosided">
        <bsdf name="bsdf" type="principled">
            <rgb name="base_color" value="0.433648 0.266232 0.084399"/>
            <float name="spec_tint" value="0.000000"/>
            <float name="spec_trans" value="0.000000"/>
            <float name="metallic" value="0.000000"/>
            <float name="anisotropic" value="0.000000"/>
            <float name="roughness" value="0.500000"/>
            <float name="sheen" value="0.000000"/>
            <float name="sheen_tint" value="0.500000"/>
            <float name="clearcoat" value="0.000000"/>
            <float name="clearcoat_gloss" value="0.173205"/>
            <float name="specular" value="0.500000"/>
        </bsdf>
    </bsdf>
    <bsdf id="mat-Material.002" name="mat-Material.002" type="twosided">
        <bsdf name="bsdf" type="principled">
            <rgb name="base_color" value="0.433648 0.266232 0.084399"/>
            <float name="spec_tint" value="0.000000"/>
            <float name="spec_trans" value="0.000000"/>
            <float name="metallic" value="0.000000"/>
            <float name="anisotropic" value="0.000000"/>
            <float name="roughness" value="0.500000"/>
            <float name="sheen" value="0.000000"/>
            <float name="sheen_tint" value="0.500000"/>
            <float name="clearcoat" value="0.000000"/>
            <float name="clearcoat_gloss" value="0.173205"/>
            <float name="specular" value="0.500000"/>
        </bsdf>
    </bsdf>
    <bsdf id="mat-Material.003" name="mat-Material.003" type="twosided">
        <bsdf name="bsdf" type="principled">
            <rgb name="base_color" value="0.433648 0.266232 0.084399"/>
            <float name="spec_tint" value="0.000000"/>
            <float name="spec_trans" value="0.000000"/>
            <float name="metallic" value="0.000000"/>
            <float name="anisotropic" value="0.000000"/>
            <float name="roughness" value="0.500000"/>
            <float name="sheen" value="0.000000"/>
            <float name="sheen_tint" value="0.500000"/>
            <float name="clearcoat" value="0.000000"/>
            <float name="clearcoat_gloss" value="0.173205"/>
            <float name="specular" value="0.500000"/>
        </bsdf>
    </bsdf>
    <bsdf id="mat-Material.004" name="mat-Material.004" type="twosided">
        <bsdf name="bsdf" type="principled">
            <rgb name="base_color" value="0.433648 0.266232 0.084399"/>
            <float name="spec_tint" value="0.000000"/>
            <float name="spec_trans" value="0.000000"/>
            <float name="metallic" value="0.000000"/>
            <float name="anisotropic" value="0.000000"/>
            <float name="roughness" value="0.500000"/>
            <float name="sheen" value="0.000000"/>
            <float name="sheen_tint" value="0.500000"/>
            <float name="clearcoat" value="0.000000"/>
            <float name="clearcoat_gloss" value="0.173205"/>
            <float name="specular" value="0.500000"/>
        </bsdf>
    </bsdf>
    <bsdf id="mat-Material.005" name="mat-Material.005" type="twosided">
        <bsdf name="bsdf" type="principled">
            <rgb name="base_color" value="0.433648 0.266232 0.084399"/>
            <float name="spec_tint" value="0.000000"/>
            <float name="spec_trans" value="0.000000"/>
            <float name="metallic" value="0.000000"/>
            <float name="anisotropic" value="0.000000"/>
            <float name="roughness" value="0.500000"/>
            <float name="sheen" value="0.000000"/>
            <float name="sheen_tint" value="0.500000"/>
            <float name="clearcoat" value="0.000000"/>
            <float name="clearcoat_gloss" value="0.173205"/>
            <float name="specular" value="0.500000"/>
        </bsdf>
    </bsdf>
    <emitter name="temp45" type="point">
        <point name="position" x="-6.815235034541981e-16" y="3.0693089962005615" z="4.109199523925781"/>
        <rgb name="intensity" value="7.957747 7.957747 7.957747"/>
    </emitter>
    <shape name="temp2" type="ply">
        <string name="filename" value="meshes/Cube.ply"/>
        <boolean name="face_normals" value="true"/>
        <ref id="mat-Material" name="bsdf"/>
        <transform name="to_world">
            <matrix value="0.9999995567588077 0.000170568787897118 0.0009162777569487226 -0.0016973596024496551 -0.00016879289466639006 0.9999981227433812 -0.001937959463874302 -0.014804261124250817 -0.0009166050561409295 0.0019378044023753555 0.9999978724420252 0.0020655888138703116 0.0 0.0 0.0 1.0"/>
            <scale value="1"/>
        </transform>
    </shape>
    <shape name="temp4" type="ply">
        <string name="filename" value="meshes/Plane.ply"/>
        <boolean name="face_normals" value="true"/>
        <ref id="mat-Material.001" name="bsdf"/>
        <transform name="to_world">
            <scale value="1"/>
        </transform>
    </shape>
    <shape name="temp5" type="ply">
        <string name="filename" value="meshes/Cube_001.ply"/>
        <boolean name="face_normals" value="true"/>
        <ref id="mat-Material" name="bsdf"/>
        <transform name="to_world">
            <matrix value="1.0 0.00021946798547420546 -0.0006930874695818309 0.0012999009317127275 -0.00022213342623668726 0.9999924909735245 -0.003849225167025121 -0.013274680210523915 0.0006922363645711997 0.0038493710147406365 0.999992435349423 -0.001494419922564938 0.0 0.0 0.0 1.0"/>
            <scale value="1"/>
        </transform>
    </shape>
    <shape name="temp6" type="ply">
        <string name="filename" value="meshes/Cube_002.ply"/>
        <boolean name="face_normals" value="true"/>
        <ref id="mat-Material" name="bsdf"/>
        <transform name="to_world">
            <matrix value="1.0 -0.00012714930239058201 0.00023672392003975225 -0.0007546203007127161 0.0001274566643086235 0.9999991656637249 -0.0012991909133417269 -0.017160256841017907 -0.00023655782435947216 0.001299220104166884 0.9999992908140084 0.00020810005322602354 0.0 0.0 0.0 1.0"/>
            <scale value="1"/>
        </transform>
    </shape>
    <shape name="temp7" type="ply">
        <string name="filename" value="meshes/Cube_003.ply"/>
        <boolean name="face_normals" value="true"/>
        <ref id="mat-Material" name="bsdf"/>
        <transform name="to_world">
            <matrix value="1.0 -0.00043739662052091785 0.0006011698732117284 -0.0008702856732134556 0.0004398849700457602 0.9999912394691118 -0.004144790248787174 -0.017377729610432435 -0.0005993507403014394 0.004145045189738498 0.9999912533727704 0.001471255898132462 0.0 0.0 0.0 1.0"/>
            <scale value="1"/>
        </transform>
    </shape>
    <shape name="temp8" type="ply">
        <string name="filename" value="meshes/Cube_004.ply"/>
        <boolean name="face_normals" value="true"/>
        <ref id="mat-Material" name="bsdf"/>
        <transform name="to_world">
            <matrix value="1.0 -0.00021608266603813335 0.0004483993908565123 -0.0005243899621421022 0.00021660443560326013 0.9999991656637249 -0.0011624716739295192 -0.018343591986630492 -0.0004481478723536285 0.0011625683373555297 0.9999992908140084 0.0014860487552856814 0.0 0.0 0.0 1.0"/>
            <scale value="1"/>
        </transform>
    </shape>
    <shape name="temp9" type="ply">
        <string name="filename" value="meshes/Cube_005.ply"/>
        <boolean name="face_normals" value="true"/>
        <ref id="mat-Material" name="bsdf"/>
        <transform name="to_world">
            <matrix value="1.0 0.0004353921276200766 0.0005616185704607014 -0.0004977824627672156 -0.0004378411849078147 0.9999904051328369 0.00436801835940695 -0.014937217691876448 -0.0005597116804691974 -0.004368257259247053 0.9999903077914484 0.0014944040405674985 0.0 0.0 0.0 1.0"/>
            <scale value="1"/>
        </transform>
    </shape>
    <shape name="temp10" type="ply">
        <string name="filename" value="meshes/Cube_006.ply"/>
        <boolean name="face_normals" value="true"/>
        <ref id="mat-Material" name="bsdf"/>
        <transform name="to_world">
            <matrix value="1.0 0.0002281555119383092 -0.0006008483755622072 -0.0008146760474558867 -0.00022839021890796006 0.9999997914159312 -0.00039191272662629354 -0.01747174963495829 0.0006007558148812025 0.0003920483581305027 0.9999997636046695 -0.0013710211021005225 0.0 0.0 0.0 1.0"/>
            <scale value="1"/>
        </transform>
    </shape>
    <shape name="temp11" type="ply">
        <string name="filename" value="meshes/Cube_007.ply"/>
        <boolean name="face_normals" value="true"/>
        <ref id="mat-Material" name="bsdf"/>
        <transform name="to_world">
            <matrix value="0.9999995567588077 -0.001180888276115247 -3.8150187626973846e-05 0.0005337091232546776 0.001181002859792173 0.9999943682301434 0.0031292122692958874 -0.017391463049776623 3.44546892258704e-05 -0.003129251204051537 0.9999952720933893 0.00013644635885934342 0.0 0.0 0.0 1.0"/>
            <scale value="1"/>
        </transform>
    </shape>
    <shape name="temp12" type="ply">
        <string name="filename" value="meshes/Cube_008.ply"/>
        <boolean name="face_normals" value="true"/>
        <ref id="mat-Material" name="bsdf"/>
        <transform name="to_world">
            <matrix value="0.9999995567588077 -0.0010129655857144943 0.00015159086965586986 0.00029511328630649203 0.0010127883948818053 0.9999987484955875 0.0011626040553146162 -0.018494439826489184 -0.0001527683958392063 -0.0011624515302770205 0.9999992908140084 0.00040648072006232994 0.0 0.0 0.0 1.0"/>
            <scale value="1"/>
        </transform>
    </shape>
    <shape name="temp13" type="ply">
        <string name="filename" value="meshes/Cube_009.ply"/>
        <boolean name="face_normals" value="true"/>
        <ref id="mat-Material" name="bsdf"/>
        <transform name="to_world">
            <matrix value="0.9999986702764229 -0.0016850568287295354 0.0005220578118964532 0.0011314680977312364 0.00168466225907625 0.99999833132745 0.0007547842868969377 -0.02015021990704763 -0.0005233260109888357 -0.0007539041723071276 0.9999995272093389 0.0008874298018692883 0.0 0.0 0.0 1.0"/>
            <scale value="1"/>
        </transform>
    </shape>
    <shape name="temp14" type="ply">
        <string name="filename" value="meshes/Cube_010.ply"/>
        <boolean name="face_normals" value="true"/>
        <ref id="mat-Material" name="bsdf"/>
        <transform name="to_world">
            <matrix value="0.9999951243468841 3.9118899176718686e-05 0.003135854978083789 0.006068184316515568 -3.968484664741227e-05 1.0 0.00018042849963193245 -0.017416381577503193 -0.0031358427876679662 -0.0001805520385963961 0.9999952720933893 0.005172244087040978 0.0 0.0 0.0 1.0"/>
            <scale value="1"/>
        </transform>
    </shape>
    <shape name="temp15" type="ply">
        <string name="filename" value="meshes/Cube_011.ply"/>
        <boolean name="face_normals" value="true"/>
        <ref id="mat-Material" name="bsdf"/>
        <transform name="to_world">
            <matrix value="0.9999986702764229 0.0016672979811147984 -0.0005248023616839101 -0.0010680493111758782 -0.0016669148817343852 0.99999833132745 0.0007296578272148706 -0.014221191337600969 0.0005260164850264261 -0.000728782307064951 0.9999995272093389 -0.0007760468135364906 0.0 0.0 0.0 1.0"/>
            <scale value="1"/>
        </transform>
    </shape>
    <shape name="temp16" type="ply">
        <string name="filename" value="meshes/Cube_012.ply"/>
        <boolean name="face_normals" value="true"/>
        <ref id="mat-Material" name="bsdf"/>
        <transform name="to_world">
            <matrix value="0.9999986702764229 -0.0016751365704190248 -0.0001661594410857921 -0.0004043091756213979 0.001674804574958291 0.999996454070831 -0.0019855671194898023 -0.022414092135982833 0.0001694847941676551 0.001985284393948559 0.9999981088373558 -0.0002909887679005685 0.0 0.0 0.0 1.0"/>
            <scale value="1"/>
        </transform>
    </shape>
    <shape name="temp17" type="ply">
        <string name="filename" value="meshes/Cube_013.ply"/>
        <boolean name="face_normals" value="true"/>
        <ref id="mat-Material" name="bsdf"/>
        <transform name="to_world">
            <matrix value="0.9999982270352306 -0.0018389584980278378 0.00024064571857325016 -0.00015280224449765178 0.0018400847831752734 0.9999868592036677 -0.0047696303864449025 -0.024811377667170953 -0.00023187054875032577 0.0047700736093178675 0.9999886530241345 -6.882144594766437e-05 0.0 0.0 0.0 1.0"/>
            <scale value="1"/>
        </transform>
    </shape>
    <shape name="temp18" type="ply">
        <string name="filename" value="meshes/Cube_014.ply"/>
        <boolean name="face_normals" value="true"/>
        <ref id="mat-Material" name="bsdf"/>
        <transform name="to_world">
            <matrix value="0.9999995567588077 0.0012381174870625734 -5.184480551992553e-05 -0.0002764881513740436 -0.001237808651004296 0.9999835218585675 0.005591175078636906 -0.011909987653213938 5.8766247005905746e-05 -0.005591108478316643 0.999984397908185 0.00010845003661630326 0.0 0.0 0.0 1.0"/>
            <scale value="1"/>
        </transform>
    </shape>
    <shape name="temp19" type="ply">
        <string name="filename" value="meshes/Cube_015.ply"/>
        <boolean name="face_normals" value="true"/>
        <ref id="mat-Material" name="bsdf"/>
        <transform name="to_world">
            <matrix value="1.0 -0.00020817732983190212 -8.045100446739896e-05 0.00024996146431521815 0.00020817709081302847 1.0 -3.003828185982608e-06 -0.01798087852745156 8.045182234183824e-05 2.987090731984073e-06 1.0 -0.00014506530265806505 0.0 0.0 0.0 1.0"/>
            <scale value="1"/>
        </transform>
    </shape>
    <shape name="temp20" type="ply">
        <string name="filename" value="meshes/Cube_016.ply"/>
        <boolean name="face_normals" value="true"/>
        <ref id="mat-Material" name="bsdf"/>
        <transform name="to_world">
            <matrix value="0.9999995567588077 -0.0011544648462839706 0.0003793081276024171 0.0007373202635122533 0.001156074975134169 0.9999901965487681 -0.004278353610536802 -0.01915538962643032 -0.00037436638671552955 0.00427879346631263 0.9999907805821093 0.00041521915264478015 0.0 0.0 0.0 1.0"/>
            <scale value="1"/>
        </transform>
    </shape>
    <shape name="temp21" type="ply">
        <string name="filename" value="meshes/Cube_017.ply"/>
        <boolean name="face_normals" value="true"/>
        <ref id="mat-Material" name="bsdf"/>
        <transform name="to_world">
            <matrix value="1.0 0.0006311190743873364 0.0004558292960950801 0.00032332043437999225 -0.0006318491845248544 0.9999985399115188 0.0016020511550039454 -0.017655110720473877 -0.00045481865229856017 -0.0016023386445790043 0.9999985816280168 0.00017409096594397933 0.0 0.0 0.0 1.0"/>
            <scale value="1"/>
        </transform>
    </shape>
    <shape name="temp22" type="ply">
        <string name="filename" value="meshes/Cube_018.ply"/>
        <boolean name="face_normals" value="true"/>
        <ref id="mat-Material" name="bsdf"/>
        <transform name="to_world">
            <matrix value="0.9999933513821148 0.003721463092091952 -4.465507793717652e-05 0.00042567393352199723 -0.0037212004035267815 0.9999808102656735 0.004929575467081714 -0.01787994578702723 6.299964363408135e-05 -0.004929381777678585 0.9999879438381429 9.261971631885357e-05 0.0 0.0 0.0 1.0"/>
            <scale value="1"/>
        </transform>
    </shape>
    <shape name="temp23" type="ply">
        <string name="filename" value="meshes/Cube_019.ply"/>
        <boolean name="face_normals" value="true"/>
        <ref id="mat-Material" name="bsdf"/>
        <transform name="to_world">
            <matrix value="0.9999680866341505 0.005372293360977675 -0.005932198982459939 0.003250227201613276 -0.005338804702611754 0.999969755310029 0.005646988016175114 -0.017985996567865592 0.005962365276839584 -0.005615135277197798 0.9999664318630647 -0.0008454381031497427 0.0 0.0 0.0 1.0"/>
            <scale value="1"/>
        </transform>
    </shape>
    <shape name="temp24" type="ply">
        <string name="filename" value="meshes/Cube_020.ply"/>
        <boolean name="face_normals" value="true"/>
        <ref id="mat-Material" name="bsdf"/>
        <transform name="to_world">
            <matrix value="0.9999583088346289 -0.0020488208470211752 0.008904043687601716 -0.006907813517132627 0.0019758700860862443 0.9999644376585872 0.008193485787785854 -0.015378530877704855 -0.008920512049520591 -0.0081755372649761 0.9999269538357416 -0.000803028762866087 0.0 0.0 0.0 1.0"/>
            <scale value="1"/>
        </transform>
    </shape>
    <shape name="temp25" type="ply">
        <string name="filename" value="meshes/Cube_021.ply"/>
        <boolean name="face_normals" value="true"/>
        <ref id="mat-Material" name="bsdf"/>
        <transform name="to_world">
            <matrix value="0.9992690952738078 0.02709972195743634 0.02696105292371381 -0.01657662828928419 -0.027328478955794672 0.9995932610659063 0.008152920356994773 -0.019913843771163398 -0.026729154809964774 -0.00888375609847671 0.9996033286353702 -0.013494123681545456 0.0 0.0 0.0 1.0"/>
            <scale value="1"/>
        </transform>
    </shape>
    <shape name="temp26" type="ply">
        <string name="filename" value="meshes/Cube_022.ply"/>
        <boolean name="face_normals" value="true"/>
        <ref id="mat-Material" name="bsdf"/>
        <transform name="to_world">
            <matrix value="0.9991640471112199 0.03755554072291067 0.016153200249066118 -0.007741750908448197 -0.03756990800085811 0.9992937343431584 0.0005860925790305049 -0.02228667675037105 -0.016119782386304203 -0.0011924772069758856 0.9998695097775473 -0.011757996205812304 0.0 0.0 0.0 1.0"/>
            <scale value="1"/>
        </transform>
    </shape>
    <shape name="temp27" type="ply">
        <string name="filename" value="meshes/Cube_023.ply"/>
        <boolean name="face_normals" value="true"/>
        <ref id="mat-Material" name="bsdf"/>
        <transform name="to_world">
            <matrix value="0.9994317647914018 0.032244427155142745 0.009843170609819579 -0.0027849601245840683 -0.032301232919700655 0.9994620616866525 0.005667436212265986 -0.020745122367826385 -0.009655145055112611 -0.005982159804598444 0.9999357004700957 -0.008704393084040252 0.0 0.0 0.0 1.0"/>
            <scale value="1"/>
        </transform>
    </shape>
    <shape name="temp28" type="ply">
        <string name="filename" value="meshes/Cube_024.ply"/>
        <boolean name="face_normals" value="true"/>
        <ref id="mat-Material" name="bsdf"/>
        <transform name="to_world">
            <matrix value="0.9994579160217508 0.03188789440640103 0.008202374260141714 -0.001365359163994162 -0.03193485418251254 0.9994739509785722 0.005657791282780349 -0.021402660010888586 -0.008017634794079007 -0.005916662321165235 0.9999503569805885 -0.00792781504029369 0.0 0.0 0.0 1.0"/>
            <scale value="1"/>
        </transform>
    </shape>
    <shape name="temp29" type="ply">
        <string name="filename" value="meshes/Cube_025.ply"/>
        <boolean name="face_normals" value="true"/>
        <ref id="mat-Material" name="bsdf"/>
        <transform name="to_world">
            <matrix value="0.9968543172578618 0.07115209324542211 0.0349160158309225 0.042957769961772696 -0.06734096949259522 0.9926761961774884 -0.10029492681436962 -0.11334018238550736 -0.04179650087673108 0.09762812797884124 0.9943449509030537 0.006514365401553646 0.0 0.0 0.0 1.0"/>
            <scale value="1"/>
        </transform>
    </shape>
    <shape name="temp30" type="ply">
        <string name="filename" value="meshes/Cube_026.ply"/>
        <boolean name="face_normals" value="true"/>
        <ref id="mat-Material" name="bsdf"/>
        <transform name="to_world">
            <matrix value="0.9884828208578668 0.1481590578674782 0.030842758809153797 0.1161153187027848 -0.13587359293083487 0.9586062829693194 -0.250224220971008 -0.35817864203799776 -0.066639052740383 0.2431514549781717 0.9676965780830326 0.009908750540630895 0.0 0.0 0.0 1.0"/>
            <scale value="1"/>
        </transform>
    </shape>
    <shape name="temp31" type="ply">
        <string name="filename" value="meshes/Cube_027.ply"/>
        <boolean name="face_normals" value="true"/>
        <ref id="mat-Material" name="bsdf"/>
        <transform name="to_world">
            <matrix value="0.9115543227540526 0.410702657152452 -0.0197993618271657 -0.006235761139533391 -0.38907459217377893 0.8459725545082318 -0.36462490443718765 -0.922286930889245 -0.1330027197279563 0.3400788030611798 0.9309439596501539 -0.16311567940739535 0.0 0.0 0.0 1.0"/>
            <scale value="1"/>
        </transform>
    </shape>
    <shape name="temp32" type="ply">
        <string name="filename" value="meshes/Cube_028.ply"/>
        <boolean name="face_normals" value="true"/>
        <ref id="mat-Material" name="bsdf"/>
        <transform name="to_world">
            <matrix value="-0.042537755284764736 0.9967919770223791 0.06779456394753726 -1.5021278214760998 -0.9504518400714859 -0.019458398950404965 -0.31026248864711425 -1.9128481418116572 -0.3079479794407005 -0.07763332172215351 0.9482306045905137 -0.5795398735020297 0.0 0.0 0.0 1.0"/>
            <scale value="1"/>
        </transform>
    </shape>
    <shape name="temp33" type="ply">
        <string name="filename" value="meshes/Cube_029.ply"/>
        <boolean name="face_normals" value="true"/>
        <ref id="mat-Material" name="bsdf"/>
        <transform name="to_world">
            <matrix value="0.09436569525926951 0.9858346387219638 0.13865460798325943 -1.5340455572142042 -0.9763685958296323 0.11884632151565529 -0.18049989102175262 -2.1144074368251413 -0.19442167662186385 -0.11834496884796933 0.9737530264512191 -0.5638688477435476 0.0 0.0 0.0 1.0"/>
            <scale value="1"/>
        </transform>
    </shape>
    <shape name="temp34" type="ply">
        <string name="filename" value="meshes/Cube_030.ply"/>
        <boolean name="face_normals" value="true"/>
        <ref id="mat-Material" name="bsdf"/>
        <transform name="to_world">
            <matrix value="0.10694508440052584 0.9738551851506297 -0.2004212581987914 -2.864814345804358 -0.9748565458595788 0.14233921455953413 0.17144725494273172 -1.978058898675379 0.19549256265490075 0.17704651133071708 0.9645917077437343 0.2362574329486613 0.0 0.0 0.0 1.0"/>
            <scale value="1"/>
        </transform>
    </shape>
    <shape name="temp35" type="ply">
        <string name="filename" value="meshes/Cube_031.ply"/>
        <boolean name="face_normals" value="true"/>
        <ref id="mat-Material" name="bsdf"/>
        <transform name="to_world">
            <matrix value="0.08777221657828438 0.9942910540378748 0.060673201894377624 -2.1644977588753123 -0.4768353288051813 -0.011539684162003076 0.8789171297257199 0.009760044207124549 0.8745995315827079 -0.10607559503820217 0.4731001025482944 0.8960040937650424 0.0 0.0 0.0 1.0"/>
            <scale value="1"/>
        </transform>
    </shape>
    <shape name="temp36" type="ply">
        <string name="filename" value="meshes/Cube_032.ply"/>
        <boolean name="face_normals" value="true"/>
        <ref id="mat-Material" name="bsdf"/>
        <transform name="to_world">
            <matrix value="0.958084010162634 0.2803609755894064 0.0589329303896126 0.014635046492735615 -0.036278196788451615 -0.08532402492162454 0.9956926406824071 1.1198907955941944 0.28418178562373786 -0.9560949307813769 -0.07157658192209261 -1.0556824664542688 0.0 0.0 0.0 1.0"/>
            <scale value="1"/>
        </transform>
    </shape>
    <shape name="temp37" type="ply">
        <string name="filename" value="meshes/Cube_033.ply"/>
        <boolean name="face_normals" value="true"/>
        <ref id="mat-Material" name="bsdf"/>
        <transform name="to_world">
            <matrix value="0.9804260257044433 0.1524243517728603 0.12462894206943309 -0.11776183871650625 -0.1454829733328369 0.1343218827632383 0.9802002363007724 0.3116805679452866 0.13266603371824398 -0.979144721884432 0.15386778220047176 -0.38796562995219164 0.0 0.0 0.0 1.0"/>
            <scale value="1"/>
        </transform>
    </shape>
    <shape name="temp38" type="ply">
        <string name="filename" value="meshes/Cube_034.ply"/>
        <boolean name="face_normals" value="true"/>
        <ref id="mat-Material" name="bsdf"/>
        <transform name="to_world">
            <matrix value="0.9999100220379521 0.005623524528443567 0.01218185325428904 -0.03637987976183776 -0.01300182438074773 0.18194890524651508 0.9832220778109415 0.3672916175949542 0.003312700455829242 -0.9832917903396375 0.18200563471909853 -0.3254698529432326 0.0 0.0 0.0 1.0"/>
            <scale value="1"/>
        </transform>
    </shape>
    <shape name="temp39" type="ply">
        <string name="filename" value="meshes/Cube_035.ply"/>
        <boolean name="face_normals" value="true"/>
        <ref id="mat-Material" name="bsdf"/>
        <transform name="to_world">
            <matrix value="0.9993612894418175 -0.035718770271764184 0.0011479451808684312 0.0011221461257338028 0.006707400532244024 0.21902098981483994 0.9756971416495004 0.09179679848395328 -0.03510214050036612 -0.9750660690037817 0.21912062355414708 -0.111477118510583 0.0 0.0 0.0 1.0"/>
            <scale value="1"/>
        </transform>
    </shape>
    <shape name="temp40" type="ply">
        <string name="filename" value="meshes/Cube_036.ply"/>
        <boolean name="face_normals" value="true"/>
        <ref id="mat-Material" name="bsdf"/>
        <transform name="to_world">
            <matrix value="0.9997868009864777 -0.02063831731060045 0.001094822422191659 0.0012429032470357981 0.003461828954996835 0.21945651335042332 0.975616294446459 -0.2393276614897583 -0.020375341074097518 -0.9754039751951826 0.21948110279367275 0.20480262200982458 0.0 0.0 0.0 1.0"/>
            <scale value="1"/>
        </transform>
    </shape>
    <shape name="temp41" type="ply">
        <string name="filename" value="meshes/Cube_037.ply"/>
        <boolean name="face_normals" value="true"/>
        <ref id="mat-Material" name="bsdf"/>
        <transform name="to_world">
            <matrix value="0.999373256954011 -0.03539851029258088 0.0008486592366038311 -0.00011196980554695202 0.006948865036602858 0.21956956591569451 0.9755720885196499 -0.5678370091852415 -0.03472015080838328 -0.9749544765269919 0.21967785462727313 0.5114447334150914 0.0 0.0 0.0 1.0"/>
            <scale value="1"/>
        </transform>
    </shape>
    <shape name="temp42" type="ply">
        <string name="filename" value="meshes/Cube_038.ply"/>
        <boolean name="face_normals" value="true"/>
        <ref id="mat-Material" name="bsdf"/>
        <transform name="to_world">
            <matrix value="0.999584683002764 -0.02881140454254385 0.0009159042523264847 -0.0004968193497187912 0.0054345403677483525 0.21955955388039375 0.975584144681507 -0.9013334607118693 -0.028309052580816167 -0.9751734897991962 0.21962497299183348 0.8363421278752949 0.0 0.0 0.0 1.0"/>
            <scale value="1"/>
        </transform>
    </shape>
    <shape name="temp43" type="ply">
        <string name="filename" value="meshes/Cube_039.ply"/>
        <boolean name="face_normals" value="true"/>
        <ref id="mat-Material" name="bsdf"/>
        <transform name="to_world">
            <matrix value="0.9999281098289869 0.00427954161854869 -0.011224853241815729 0.019458423055913165 0.008265238182514952 0.43299068076600017 0.9013604875666514 -1.3193144805342012 0.00871766817108591 -0.9013883003386577 0.43292404638638565 1.4579766885636887 0.0 0.0 0.0 1.0"/>
            <scale value="1"/>
        </transform>
    </shape>
    <shape name="temp47" type="ply">
        <string name="filename" value="meshes/Plane_001.ply"/>
        <boolean name="face_normals" value="true"/>
        <ref id="mat-Material.002" name="bsdf"/>
        <transform name="to_world">
            <scale value="1"/>
        </transform>
    </shape>
    <shape name="temp49" type="ply">
        <string name="filename" value="meshes/Plane_002.ply"/>
        <boolean name="face_normals" value="true"/>
        <ref id="mat-Material.003" name="bsdf"/>
        <transform name="to_world">
            <scale value="1"/>
        </transform>
    </shape>
    <shape name="temp51" type="ply">
        <string name="filename" value="meshes/Plane_003.ply"/>
        <boolean name="face_normals" value="true"/>
        <ref id="mat-Material.004" name="bsdf"/>
        <transform name="to_world">
            <scale value="1"/>
        </transform>
    </shape>
    <shape name="temp53" type="ply">
        <string name="filename" value="meshes/Plane_004.ply"/>
        <boolean name="face_normals" value="true"/>
        <ref id="mat-Material.005" name="bsdf"/>
        <transform name="to_world">
            <scale value="1"/>
        </transform>
    </shape>
    <emitter type="point">
        <transform name="to_world">
            <rotate angle="-142.5518126578256" x="1"/>
            <rotate angle="3.976628485794621e-06" y="1"/>
            <rotate angle="-179.999991348578" z="1"/>
            <translate value="-0.000000 3.030926 4.073377"/>
        </transform>
        <rgb name="intensity" value="100"/>
    </emitter>
</scene>
