
<scene version="2.1.0">
    <default name="spp" value="1024"/>
    <default name="resx" value="1280"/>
    <default name="resy" value="720"/>
    <integrator name="temp0" type="path">
        <integer name="max_depth" value="12"/>
    </integrator>
    <sensor name="temp44" type="perspective">
        <string name="fov_axis" value="x"/>
        <float name="fov" value="83.974423"/>
        <float name="principal_point_offset_x" value="0.000000"/>
        <float name="principal_point_offset_y" value="-0.000000"/>
        <float name="near_clip" value="0.100000"/>
        <float name="far_clip" value="1000.000000"/>
        <sampler name="sampler" type="independent">
            <integer name="sample_count" value="$spp"/>
        </sampler>
        <film name="film" type="hdrfilm">
            <integer name="width" value="$resx"/>
            <integer name="height" value="$resy"/>
        </film>
        <float name="shutter_open" value="0.0"/>
        <float name="shutter_close" value="0.0015"/>
        <animation name="to_world">
            <transform time="0">
                <rotate angle="-142.5518126578256" x="1"/>
                <rotate angle="3.976628485794621e-06" y="1"/>
                <rotate angle="-179.999991348578" z="1"/>
                <translate value="-0.000000 3.030926 4.073377"/>
                <translate x="31.799999999999997" y="0.0" z="0.0"/>
            </transform>
            <transform time="0.0015">
                <rotate angle="-142.5518126578256" x="1"/>
                <rotate angle="3.976628485794621e-06" y="1"/>
                <rotate angle="-179.999991348578" z="1"/>
                <translate value="-0.000000 3.030926 4.073377"/>
                <translate x="31.95" y="0.0" z="0.0"/>
            </transform>
        </animation>
    </sensor>
    <bsdf id="mat-Material" name="mat-Material" type="twosided">
        <bsdf name="bsdf" type="diffuse">
            <texture name="reflectance" type="bitmap">
                <string name="filename" value="textures/siggraph_2023_logo.jpg"/>
            </texture>
        </bsdf>
    </bsdf>
    <bsdf id="mat-Material.001" name="mat-Material.001" type="twosided">
        <bsdf name="bsdf" type="principled">
            <rgb name="base_color" value="0.433648 0.266232 0.084399"/>
            <float name="spec_tint" value="0.000000"/>
            <float name="spec_trans" value="0.000000"/>
            <float name="metallic" value="0.000000"/>
            <float name="anisotropic" value="0.000000"/>
            <float name="roughness" value="0.500000"/>
            <float name="sheen" value="0.000000"/>
            <float name="sheen_tint" value="0.500000"/>
            <float name="clearcoat" value="0.000000"/>
            <float name="clearcoat_gloss" value="0.173205"/>
            <float name="specular" value="0.500000"/>
        </bsdf>
    </bsdf>
    <bsdf id="mat-Material.002" name="mat-Material.002" type="twosided">
        <bsdf name="bsdf" type="principled">
            <rgb name="base_color" value="0.433648 0.266232 0.084399"/>
            <float name="spec_tint" value="0.000000"/>
            <float name="spec_trans" value="0.000000"/>
            <float name="metallic" value="0.000000"/>
            <float name="anisotropic" value="0.000000"/>
            <float name="roughness" value="0.500000"/>
            <float name="sheen" value="0.000000"/>
            <float name="sheen_tint" value="0.500000"/>
            <float name="clearcoat" value="0.000000"/>
            <float name="clearcoat_gloss" value="0.173205"/>
            <float name="specular" value="0.500000"/>
        </bsdf>
    </bsdf>
    <bsdf id="mat-Material.003" name="mat-Material.003" type="twosided">
        <bsdf name="bsdf" type="principled">
            <rgb name="base_color" value="0.433648 0.266232 0.084399"/>
            <float name="spec_tint" value="0.000000"/>
            <float name="spec_trans" value="0.000000"/>
            <float name="metallic" value="0.000000"/>
            <float name="anisotropic" value="0.000000"/>
            <float name="roughness" value="0.500000"/>
            <float name="sheen" value="0.000000"/>
            <float name="sheen_tint" value="0.500000"/>
            <float name="clearcoat" value="0.000000"/>
            <float name="clearcoat_gloss" value="0.173205"/>
            <float name="specular" value="0.500000"/>
        </bsdf>
    </bsdf>
    <bsdf id="mat-Material.004" name="mat-Material.004" type="twosided">
        <bsdf name="bsdf" type="principled">
            <rgb name="base_color" value="0.433648 0.266232 0.084399"/>
            <float name="spec_tint" value="0.000000"/>
            <float name="spec_trans" value="0.000000"/>
            <float name="metallic" value="0.000000"/>
            <float name="anisotropic" value="0.000000"/>
            <float name="roughness" value="0.500000"/>
            <float name="sheen" value="0.000000"/>
            <float name="sheen_tint" value="0.500000"/>
            <float name="clearcoat" value="0.000000"/>
            <float name="clearcoat_gloss" value="0.173205"/>
            <float name="specular" value="0.500000"/>
        </bsdf>
    </bsdf>
    <bsdf id="mat-Material.005" name="mat-Material.005" type="twosided">
        <bsdf name="bsdf" type="principled">
            <rgb name="base_color" value="0.433648 0.266232 0.084399"/>
            <float name="spec_tint" value="0.000000"/>
            <float name="spec_trans" value="0.000000"/>
            <float name="metallic" value="0.000000"/>
            <float name="anisotropic" value="0.000000"/>
            <float name="roughness" value="0.500000"/>
            <float name="sheen" value="0.000000"/>
            <float name="sheen_tint" value="0.500000"/>
            <float name="clearcoat" value="0.000000"/>
            <float name="clearcoat_gloss" value="0.173205"/>
            <float name="specular" value="0.500000"/>
        </bsdf>
    </bsdf>
    <emitter name="temp45" type="point">
        <point name="position" x="-6.815235034541981e-16" y="3.0693089962005615" z="4.109199523925781"/>
        <rgb name="intensity" value="7.957747 7.957747 7.957747"/>
    </emitter>
    <shape name="temp2" type="ply">
        <string name="filename" value="meshes/Cube.ply"/>
        <boolean name="face_normals" value="true"/>
        <ref id="mat-Material" name="bsdf"/>
        <transform name="to_world">
            <matrix value="0.9999986702764229 0.00015583002901404397 0.0017466021717166226 -0.0027026075410367945 -0.000156863057974175 0.9999997914159312 0.0005913287356017514 -0.018226180197847608 -0.0017465077026454408 -0.0005916028225596186 0.9999983452326863 0.004064589529873208 0.0 0.0 0.0 1.0"/>
        </transform>
    </shape>
    <shape name="temp4" type="ply">
        <string name="filename" value="meshes/Plane.ply"/>
        <boolean name="face_normals" value="true"/>
        <ref id="mat-Material.001" name="bsdf"/>
    </shape>
    <shape name="temp5" type="ply">
        <string name="filename" value="meshes/Cube_001.ply"/>
        <boolean name="face_normals" value="true"/>
        <ref id="mat-Material" name="bsdf"/>
        <transform name="to_world">
            <matrix value="0.9999982270352306 0.00015174240701843676 -0.0019997673869947582 0.0024881206088767094 -0.0001542723132048643 0.9999991656637249 -0.0012649750532007693 -0.016091177368687704 0.0019995762614201094 0.0012652813903379688 0.9999971632560337 -0.00465760011578642 0.0 0.0 0.0 1.0"/>
        </transform>
    </shape>
    <shape name="temp6" type="ply">
        <string name="filename" value="meshes/Cube_002.ply"/>
        <boolean name="face_normals" value="true"/>
        <ref id="mat-Material" name="bsdf"/>
        <transform name="to_world">
            <matrix value="1.0 0.00012119652165206926 0.0003452624720994411 -0.0008201966354546286 -0.00012228226662907982 0.9999949939823496 0.003145972698230487 -0.01940506849248108 -0.00034487887991177724 -0.0031460192773396355 0.9999950356980589 0.0014094272295979149 0.0 0.0 0.0 1.0"/>
        </transform>
    </shape>
    <shape name="temp7" type="ply">
        <string name="filename" value="meshes/Cube_003.ply"/>
        <boolean name="face_normals" value="true"/>
        <ref id="mat-Material" name="bsdf"/>
        <transform name="to_world">
            <matrix value="0.9999986702764229 6.89695738418891e-05 0.0017604502101790883 -0.00113533182665293 -6.98299904082606e-05 0.9999997914159312 0.0004886409679726878 -0.01773755462872384 -0.0017604166112615176 -0.000488762533295232 0.9999983452326863 0.005390299986674285 0.0 0.0 0.0 1.0"/>
        </transform>
    </shape>
    <shape name="temp8" type="ply">
        <string name="filename" value="meshes/Cube_004.ply"/>
        <boolean name="face_normals" value="true"/>
        <ref id="mat-Material" name="bsdf"/>
        <transform name="to_world">
            <matrix value="0.9999991135176153 0.0003388990515682393 0.0013482122130337984 -0.00040861085745014236 -0.0003395865800750673 0.9999997914159312 0.0005092002698689094 -0.016955790038457097 -0.0013480383031308784 -0.0005096584853042094 0.999999054418678 0.004239397795225405 0.0 0.0 0.0 1.0"/>
        </transform>
    </shape>
    <shape name="temp9" type="ply">
        <string name="filename" value="meshes/Cube_005.ply"/>
        <boolean name="face_normals" value="true"/>
        <ref id="mat-Material" name="bsdf"/>
        <transform name="to_world">
            <matrix value="0.9993023383632343 -0.01536942741587283 0.03404799581674823 0.013360738124402971 0.020236907984901433 0.9888428381617069 -0.1475808956640841 -0.11523841293747894 -0.03139987979298863 0.14816690062846383 0.9884639078701206 0.09441329122084441 0.0 0.0 0.0 1.0"/>
        </transform>
    </shape>
    <shape name="temp10" type="ply">
        <string name="filename" value="meshes/Cube_006.ply"/>
        <boolean name="face_normals" value="true"/>
        <ref id="mat-Material" name="bsdf"/>
        <transform name="to_world">
            <matrix value="0.9998111792520571 0.017772313802216413 0.007851847264031363 0.026652408208563738 -0.013460126908818195 0.9249933774558167 -0.37974451338257603 -0.2287665462632416 -0.014011846950589244 0.3795671046236831 0.9250581887106101 0.007904382150688782 0.0 0.0 0.0 1.0"/>
        </transform>
    </shape>
    <shape name="temp11" type="ply">
        <string name="filename" value="meshes/Cube_007.ply"/>
        <boolean name="face_normals" value="true"/>
        <ref id="mat-Material" name="bsdf"/>
        <transform name="to_world">
            <matrix value="0.9907991993291102 0.13099296445936054 -0.03403754714313879 0.13279546107518625 -0.1327583608586114 0.891727347248672 -0.4326634992844313 -0.10925975220699757 -0.026323668902375242 0.4332011605617586 0.9009127696502437 0.1087469280286475 0.0 0.0 0.0 1.0"/>
        </transform>
    </shape>
    <shape name="temp12" type="ply">
        <string name="filename" value="meshes/Cube_008.ply"/>
        <boolean name="face_normals" value="true"/>
        <ref id="mat-Material" name="bsdf"/>
        <transform name="to_world">
            <matrix value="0.020185390061114097 0.9950171351812492 -0.09763916711305985 2.558772577950419 -0.9323082051036563 -0.016539210676166975 -0.36128747516076065 1.8708543190511029 -0.36110208376549346 0.09832246262694949 0.9273285294650231 0.9689774920610694 0.0 0.0 0.0 1.0"/>
        </transform>
    </shape>
    <shape name="temp13" type="ply">
        <string name="filename" value="meshes/Cube_009.ply"/>
        <boolean name="face_normals" value="true"/>
        <ref id="mat-Material" name="bsdf"/>
        <transform name="to_world">
            <matrix value="-0.025288434773512617 0.9972043477263295 0.07031215057815206 2.4291170802494184 -0.9428174537743761 -0.0004077609960306452 -0.3333100877924978 1.5337299876595885 -0.3323496481551415 -0.07472038262661575 0.9401919813758303 0.6421044871726236 0.0 0.0 0.0 1.0"/>
        </transform>
    </shape>
    <shape name="temp14" type="ply">
        <string name="filename" value="meshes/Cube_010.ply"/>
        <boolean name="face_normals" value="true"/>
        <ref id="mat-Material" name="bsdf"/>
        <transform name="to_world">
            <matrix value="0.08791631428991875 0.9960832083567122 0.009431038990573027 1.634660779001159 -0.9950263905805928 0.08736996347692956 0.04784799874805033 1.909392071634662 0.046836587610167596 -0.013590747627877679 0.998810222301441 -0.17810572405784098 0.0 0.0 0.0 1.0"/>
        </transform>
    </shape>
    <shape name="temp15" type="ply">
        <string name="filename" value="meshes/Cube_011.ply"/>
        <boolean name="face_normals" value="true"/>
        <ref id="mat-Material" name="bsdf"/>
        <transform name="to_world">
            <matrix value="0.05843301827749381 0.9942649810292791 -0.08956853597062267 1.1367939158734544 -0.8335013217452356 0.0979698304002937 0.543762449169094 2.22097050653422 0.549419176741539 0.042881797494071 0.834445967355696 -1.1638771457030463 0.0 0.0 0.0 1.0"/>
        </transform>
    </shape>
    <shape name="temp16" type="ply">
        <string name="filename" value="meshes/Cube_012.ply"/>
        <boolean name="face_normals" value="true"/>
        <ref id="mat-Material" name="bsdf"/>
        <transform name="to_world">
            <matrix value="0.10671257758937074 0.9877141897656141 0.11416256244973644 1.0965194580575117 -0.7438048178544644 0.003106409162680973 0.6683898310293456 1.8421209591992032 0.6598234658979092 -0.15624020958527232 0.7349982341268809 -1.791944808288745 0.0 0.0 0.0 1.0"/>
        </transform>
    </shape>
    <shape name="temp17" type="ply">
        <string name="filename" value="meshes/Cube_013.ply"/>
        <boolean name="face_normals" value="true"/>
        <ref id="mat-Material" name="bsdf"/>
        <transform name="to_world">
            <matrix value="0.8692558157676848 0.2876061432179933 0.40209143676826786 0.6691451399025161 -0.44651674476576475 0.1076847585535112 0.8882717657454656 1.5016986455650114 0.2121733090791753 -0.9516756601164317 0.22202660771282315 -1.4625754647391733 0.0 0.0 0.0 1.0"/>
        </transform>
    </shape>
    <shape name="temp18" type="ply">
        <string name="filename" value="meshes/Cube_014.ply"/>
        <boolean name="face_normals" value="true"/>
        <ref id="mat-Material" name="bsdf"/>
        <transform name="to_world">
            <matrix value="0.9398534999211031 0.29735911710535373 0.16808733956439906 0.10802402434142455 -0.21947362448960778 0.14863556817257415 0.9642298405608053 1.0258914457741752 0.26173884406242964 -0.9431251733855072 0.2049581556625428 -0.8424787127309399 0.0 0.0 0.0 1.0"/>
        </transform>
    </shape>
    <shape name="temp19" type="ply">
        <string name="filename" value="meshes/Cube_015.ply"/>
        <boolean name="face_normals" value="true"/>
        <ref id="mat-Material" name="bsdf"/>
        <transform name="to_world">
            <matrix value="0.9829578193951708 0.1361519785241843 0.12351769489967619 0.04766089496906756 -0.14899787598820624 0.19651476879498897 0.9691137680895616 0.6356317316674581 0.10767374611499095 -0.9710018084238763 0.21345209992336064 -0.3364330921234234 0.0 0.0 0.0 1.0"/>
        </transform>
    </shape>
    <shape name="temp20" type="ply">
        <string name="filename" value="meshes/Cube_016.ply"/>
        <boolean name="face_normals" value="true"/>
        <ref id="mat-Material" name="bsdf"/>
        <transform name="to_world">
            <matrix value="0.9843682128692421 0.0658929379691838 0.16333274392097588 0.08785331353388781 -0.17373689557414806 0.2111400579446543 0.9618916543465299 0.33250752543753737 0.02889579754160705 -0.9752323105065881 0.2192875422970345 0.002610049684385607 0.0 0.0 0.0 1.0"/>
        </transform>
    </shape>
    <shape name="temp21" type="ply">
        <string name="filename" value="meshes/Cube_017.ply"/>
        <boolean name="face_normals" value="true"/>
        <ref id="mat-Material" name="bsdf"/>
        <transform name="to_world">
            <matrix value="0.9549037546074922 0.05379322644095089 0.2920023677356306 0.17980345332039283 -0.2966990055440608 0.21047238034053437 0.9314888508870262 0.1279523531519193 -0.01135066672340154 -0.9761185842147748 0.21694127136245503 0.19734585623431428 0.0 0.0 0.0 1.0"/>
        </transform>
    </shape>
    <shape name="temp22" type="ply">
        <string name="filename" value="meshes/Cube_018.ply"/>
        <boolean name="face_normals" value="true"/>
        <ref id="mat-Material" name="bsdf"/>
        <transform name="to_world">
            <matrix value="0.20233437406365298 0.9749588567924359 0.09228136150472248 0.8627276412674896 -0.4073609951296657 -0.0019018883115745385 0.9132653712517748 -0.11683881736491945 0.8905717279491939 -0.22237669031314727 0.3967753785753021 -0.19121444997651826 0.0 0.0 0.0 1.0"/>
        </transform>
    </shape>
    <shape name="temp23" type="ply">
        <string name="filename" value="meshes/Cube_019.ply"/>
        <boolean name="face_normals" value="true"/>
        <ref id="mat-Material" name="bsdf"/>
        <transform name="to_world">
            <matrix value="-0.06843564226535255 0.9874090312730095 -0.1426184612460587 0.47049089726260335 -0.9241033673919865 -0.008867234154389756 0.3820403848326865 -0.022682698819943177 0.37596542364106683 0.15793931455103322 0.9130748366153673 -0.052105748317651024 0.0 0.0 0.0 1.0"/>
        </transform>
    </shape>
    <shape name="temp24" type="ply">
        <string name="filename" value="meshes/Cube_020.ply"/>
        <boolean name="face_normals" value="true"/>
        <ref id="mat-Material" name="bsdf"/>
        <transform name="to_world">
            <matrix value="0.0758238657499985 0.9808794627351414 -0.1792376344629747 0.004092843940141921 -0.9386507589880393 0.00956535995209423 -0.3447362568516328 0.20718254826376675 -0.33643014298649937 0.1943807900356989 0.9214288109274953 0.09648184675899885 0.0 0.0 0.0 1.0"/>
        </transform>
    </shape>
    <shape name="temp25" type="ply">
        <string name="filename" value="meshes/Cube_021.ply"/>
        <boolean name="face_normals" value="true"/>
        <ref id="mat-Material" name="bsdf"/>
        <transform name="to_world">
            <matrix value="0.20780459091497394 0.9267265024831934 -0.3130420249434897 -0.14207975412098528 -0.771002983899707 -0.04176829230137061 -0.6354604342771338 0.15136661041479066 -0.6019733984365997 0.37340782565709196 0.7058294142927454 0.2189595832544876 0.0 0.0 0.0 1.0"/>
        </transform>
    </shape>
    <shape name="temp26" type="ply">
        <string name="filename" value="meshes/Cube_022.ply"/>
        <boolean name="face_normals" value="true"/>
        <ref id="mat-Material" name="bsdf"/>
        <transform name="to_world">
            <matrix value="0.6199672178814135 0.3955556992468029 -0.6776255601978346 -0.08213375568147241 -0.7314428209997039 -0.021188136572504866 -0.6815735986130214 -0.2123877523564094 -0.28395799314571823 0.9181974999113518 0.27619035686711885 0.6697324010892811 0.0 0.0 0.0 1.0"/>
        </transform>
    </shape>
    <shape name="temp27" type="ply">
        <string name="filename" value="meshes/Cube_023.ply"/>
        <boolean name="face_normals" value="true"/>
        <ref id="mat-Material" name="bsdf"/>
        <transform name="to_world">
            <matrix value="0.8514016172984626 0.31697874319755204 -0.41789966531149103 -0.07541803043708539 -0.47981878527091787 0.14884859508200482 -0.8646492531562322 -0.28714275200757367 -0.21187159479953974 0.9366795084925005 0.27882214608191286 0.1550183285227298 0.0 0.0 0.0 1.0"/>
        </transform>
    </shape>
    <shape name="temp28" type="ply">
        <string name="filename" value="meshes/Cube_024.ply"/>
        <boolean name="face_normals" value="true"/>
        <ref id="mat-Material" name="bsdf"/>
        <transform name="to_world">
            <matrix value="0.8616165538174592 0.42474891692722294 -0.27785812592401027 -0.1830571232693795 -0.38163638442840503 0.1812416592445502 -0.9063692466695444 -0.5149248539468754 -0.3346200181906185 0.8869835197727268 0.3182604518649464 -0.3184631733149902 0.0 0.0 0.0 1.0"/>
        </transform>
    </shape>
    <shape name="temp29" type="ply">
        <string name="filename" value="meshes/Cube_025.ply"/>
        <boolean name="face_normals" value="true"/>
        <ref id="mat-Material" name="bsdf"/>
        <transform name="to_world">
            <matrix value="0.8959433679593353 0.3775302811921831 -0.23400043307624552 -0.27198115285519686 -0.32086278671056523 0.18582508557161423 -0.9287175884272194 -0.7925590670293554 -0.30713587292806904 0.9071602739125991 0.2876240898188786 -0.7201386394310761 0.0 0.0 0.0 1.0"/>
        </transform>
    </shape>
    <shape name="temp30" type="ply">
        <string name="filename" value="meshes/Cube_026.ply"/>
        <boolean name="face_normals" value="true"/>
        <ref id="mat-Material" name="bsdf"/>
        <transform name="to_world">
            <matrix value="0.92428288007489 0.24164380932913107 -0.29548210700103683 -0.3127092376967767 -0.3456609789956864 0.20148265727760245 -0.9164734922824016 -1.1399605262842116 -0.16192562590088774 0.9492170796978868 0.26975378480743945 -0.8605090162591177 0.0 0.0 0.0 1.0"/>
        </transform>
    </shape>
    <shape name="temp31" type="ply">
        <string name="filename" value="meshes/Cube_027.ply"/>
        <boolean name="face_normals" value="true"/>
        <ref id="mat-Material" name="bsdf"/>
        <transform name="to_world">
            <matrix value="0.8752484366883145 0.18464854627333274 -0.44704106328728505 -0.5515419040336645 -0.47860164495671303 0.1971268587447828 -0.855617533157991 -1.5780168335702356 -0.06986474051774118 0.9628321962025185 0.2609081079343256 -0.9990756172678821 0.0 0.0 0.0 1.0"/>
        </transform>
    </shape>
    <shape name="temp32" type="ply">
        <string name="filename" value="meshes/Cube_028.ply"/>
        <boolean name="face_normals" value="true"/>
        <ref id="mat-Material" name="bsdf"/>
        <transform name="to_world">
            <matrix value="-0.10924680910665624 0.981886559468361 0.15480298576758272 -1.4664813879770806 -0.8209407528363004 -0.0013145927500349379 -0.571011975314654 -2.1092817216055986 -0.560465633737392 -0.1894652738813115 0.8062144550071132 -1.2528881890004353 0.0 0.0 0.0 1.0"/>
        </transform>
    </shape>
    <shape name="temp33" type="ply">
        <string name="filename" value="meshes/Cube_029.ply"/>
        <boolean name="face_normals" value="true"/>
        <ref id="mat-Material" name="bsdf"/>
        <transform name="to_world">
            <matrix value="0.006240570043632663 0.9805322231098633 0.19625890205715946 -1.5911050441164838 -0.9965910319896034 -0.01004765103050959 0.08188847719328769 -1.7655709805864177 0.08226623016274044 -0.19610085456892976 0.9771268606085478 -0.043749915119363214 0.0 0.0 0.0 1.0"/>
        </transform>
    </shape>
    <shape name="temp34" type="ply">
        <string name="filename" value="meshes/Cube_030.ply"/>
        <boolean name="face_normals" value="true"/>
        <ref id="mat-Material" name="bsdf"/>
        <transform name="to_world">
            <matrix value="-0.04248048340440804 0.9814915279406741 -0.18673398265909041 -3.2075085304600677 -0.9708633419329821 0.003565968913812004 0.23960694637545132 -1.8762652166261042 0.2358379007477035 0.19147177341346108 0.9527429746426166 0.3001226825661345 0.0 0.0 0.0 1.0"/>
        </transform>
    </shape>
    <shape name="temp35" type="ply">
        <string name="filename" value="meshes/Cube_031.ply"/>
        <boolean name="face_normals" value="true"/>
        <ref id="mat-Material" name="bsdf"/>
        <transform name="to_world">
            <matrix value="0.12935573119726537 0.9806250430204643 0.14711020892146523 -1.9298584779999106 -0.7488152162928371 -0.0006505924830473299 0.6627787514638781 -1.059396178520732 0.650033154441188 -0.19589254165945313 0.7342228574427415 0.653238087350513 0.0 0.0 0.0 1.0"/>
        </transform>
    </shape>
    <shape name="temp36" type="ply">
        <string name="filename" value="meshes/Cube_032.ply"/>
        <boolean name="face_normals" value="true"/>
        <ref id="mat-Material" name="bsdf"/>
        <transform name="to_world">
            <matrix value="0.74922432791338 0.6045696597785255 0.27047810010018436 -0.6209585412696126 -0.3367108755431921 -0.00398653172667978 0.9415997155691382 0.08845796696817616 0.570341047503045 -0.7965423018920662 0.20057836481567548 -0.1312034309571728 0.0 0.0 0.0 1.0"/>
        </transform>
    </shape>
    <shape name="temp37" type="ply">
        <string name="filename" value="meshes/Cube_033.ply"/>
        <boolean name="face_normals" value="true"/>
        <ref id="mat-Material" name="bsdf"/>
        <transform name="to_world">
            <matrix value="0.9772222783661066 0.16588067322594036 0.1323635608890545 -0.13717756136570314 -0.15009893143413347 0.09933784987370235 0.9836679194043215 0.30043493886838035 0.150022782597287 -0.981129816466878 0.12197367879831743 -0.38035301106975294 0.0 0.0 0.0 1.0"/>
        </transform>
    </shape>
    <shape name="temp38" type="ply">
        <string name="filename" value="meshes/Cube_034.ply"/>
        <boolean name="face_normals" value="true"/>
        <ref id="mat-Material" name="bsdf"/>
        <transform name="to_world">
            <matrix value="0.9999250922384922 0.0021347515659448967 0.012073607832439206 -0.03542364820263133 -0.012260583269949842 0.18103123963597909 0.9834010290761529 0.36942910023438724 -8.638504894269246e-05 -0.983474927152014 0.1810438130377698 -0.3562908463359934 0.0 0.0 0.0 1.0"/>
        </transform>
    </shape>
    <shape name="temp39" type="ply">
        <string name="filename" value="meshes/Cube_035.ply"/>
        <boolean name="face_normals" value="true"/>
        <ref id="mat-Material" name="bsdf"/>
        <transform name="to_world">
            <matrix value="0.998929129279272 -0.04616705915235606 0.00312401157202422 0.009701336873948474 0.006560568022452826 0.20813698967300276 0.9780776426279407 0.09147182980424966 -0.04580520967967846 -0.9770094467724745 0.20821695985203542 -0.14543457494855316 0.0 0.0 0.0 1.0"/>
        </transform>
    </shape>
    <shape name="temp40" type="ply">
        <string name="filename" value="meshes/Cube_036.ply"/>
        <boolean name="face_normals" value="true"/>
        <ref id="mat-Material" name="bsdf"/>
        <transform name="to_world">
            <matrix value="0.9994033973550911 -0.034378054452956996 0.003328493532932943 0.004128542650016609 0.003985740044359579 0.21051910317193792 0.9775816852244881 -0.2463445870628204 -0.0343080650394396 -0.9769850424364288 0.21053063187053478 0.21568979281618705 0.0 0.0 0.0 1.0"/>
        </transform>
    </shape>
    <shape name="temp41" type="ply">
        <string name="filename" value="meshes/Cube_037.ply"/>
        <boolean name="face_normals" value="true"/>
        <ref id="mat-Material" name="bsdf"/>
        <transform name="to_world">
            <matrix value="0.9988648593063807 -0.04751876735158722 0.003316650126873374 -0.00497962897390547 0.006767610415813428 0.21048948423417319 0.977572702201928 -0.5696149215850319 -0.04715120020850065 -0.9764406380169496 0.2105721428905759 0.5114407752718226 0.0 0.0 0.0 1.0"/>
        </transform>
    </shape>
    <shape name="temp42" type="ply">
        <string name="filename" value="meshes/Cube_038.ply"/>
        <boolean name="face_normals" value="true"/>
        <ref id="mat-Material" name="bsdf"/>
        <transform name="to_world">
            <matrix value="0.9991786740705676 -0.04039699805808232 0.003251523213312272 0.006970215766332277 0.005329864527761969 0.2105132628180125 0.9775764845272165 -0.9043706222815234 -0.04017565648453 -0.9767560171289238 0.21055571341510404 0.8610064931921755 0.0 0.0 0.0 1.0"/>
        </transform>
    </shape>
    <shape name="temp43" type="ply">
        <string name="filename" value="meshes/Cube_039.ply"/>
        <boolean name="face_normals" value="true"/>
        <ref id="mat-Material" name="bsdf"/>
        <transform name="to_world">
            <matrix value="0.9999613059607422 -0.006286964261883139 -0.006166586414187566 0.021244759827687254 0.008280902035747533 0.43300943869359804 0.9013513320214168 -1.3192683900566997 -0.0029965823574997765 -0.9013674505108867 0.43304465604003145 1.4735462179609755 0.0 0.0 0.0 1.0"/>
        </transform>
    </shape>
    <shape name="temp47" type="ply">
        <string name="filename" value="meshes/Plane_001.ply"/>
        <boolean name="face_normals" value="true"/>
        <ref id="mat-Material.002" name="bsdf"/>
    </shape>
    <shape name="temp49" type="ply">
        <string name="filename" value="meshes/Plane_002.ply"/>
        <boolean name="face_normals" value="true"/>
        <ref id="mat-Material.003" name="bsdf"/>
    </shape>
    <shape name="temp51" type="ply">
        <string name="filename" value="meshes/Plane_003.ply"/>
        <boolean name="face_normals" value="true"/>
        <ref id="mat-Material.004" name="bsdf"/>
    </shape>
    <shape name="temp53" type="ply">
        <string name="filename" value="meshes/Plane_004.ply"/>
        <boolean name="face_normals" value="true"/>
        <ref id="mat-Material.005" name="bsdf"/>
    </shape>
    <emitter type="point">
        <rgb name="intensity" value="100"/>
        <animation name="to_world">
            <transform time="0">
                <rotate angle="-142.5518126578256" x="1"/>
                <rotate angle="3.976628485794621e-06" y="1"/>
                <rotate angle="-179.999991348578" z="1"/>
                <translate value="-0.000000 3.030926 4.073377"/>
                <translate x="31.799999999999997" y="0.0" z="0.0"/>
            </transform>
            <transform time="0.0015">
                <rotate angle="-142.5518126578256" x="1"/>
                <rotate angle="3.976628485794621e-06" y="1"/>
                <rotate angle="-179.999991348578" z="1"/>
                <translate value="-0.000000 3.030926 4.073377"/>
                <translate x="31.95" y="0.0" z="0.0"/>
            </transform>
        </animation>
    </emitter>
</scene>
