
<scene version="2.1.0">
    <default name="spp" value="1024"/>
    <default name="resx" value="1280"/>
    <default name="resy" value="720"/>
    <integrator name="temp0" type="path">
        <integer name="max_depth" value="12"/>
    </integrator>
    <sensor name="temp44" type="perspective">
        <string name="fov_axis" value="x"/>
        <float name="fov" value="83.974423"/>
        <float name="principal_point_offset_x" value="0.000000"/>
        <float name="principal_point_offset_y" value="-0.000000"/>
        <float name="near_clip" value="0.100000"/>
        <float name="far_clip" value="1000.000000"/>
        <sampler name="sampler" type="independent">
            <integer name="sample_count" value="$spp"/>
        </sampler>
        <film name="film" type="hdrfilm">
            <integer name="width" value="$resx"/>
            <integer name="height" value="$resy"/>
        </film>
        <float name="shutter_open" value="0.0"/>
        <float name="shutter_close" value="0.0015"/>
        <animation name="to_world">
            <transform time="0">
                <rotate angle="-142.5518126578256" x="1"/>
                <rotate angle="3.976628485794621e-06" y="1"/>
                <rotate angle="-179.999991348578" z="1"/>
                <translate value="-0.000000 3.030926 4.073377"/>
                <translate x="42.75" y="0.0" z="0.0"/>
            </transform>
            <transform time="0.0015">
                <rotate angle="-142.5518126578256" x="1"/>
                <rotate angle="3.976628485794621e-06" y="1"/>
                <rotate angle="-179.999991348578" z="1"/>
                <translate value="-0.000000 3.030926 4.073377"/>
                <translate x="42.9" y="0.0" z="0.0"/>
            </transform>
        </animation>
    </sensor>
    <bsdf id="mat-Material" name="mat-Material" type="twosided">
        <bsdf name="bsdf" type="diffuse">
            <texture name="reflectance" type="bitmap">
                <string name="filename" value="textures/siggraph_2023_logo.jpg"/>
            </texture>
        </bsdf>
    </bsdf>
    <bsdf id="mat-Material.001" name="mat-Material.001" type="twosided">
        <bsdf name="bsdf" type="principled">
            <rgb name="base_color" value="0.433648 0.266232 0.084399"/>
            <float name="spec_tint" value="0.000000"/>
            <float name="spec_trans" value="0.000000"/>
            <float name="metallic" value="0.000000"/>
            <float name="anisotropic" value="0.000000"/>
            <float name="roughness" value="0.500000"/>
            <float name="sheen" value="0.000000"/>
            <float name="sheen_tint" value="0.500000"/>
            <float name="clearcoat" value="0.000000"/>
            <float name="clearcoat_gloss" value="0.173205"/>
            <float name="specular" value="0.500000"/>
        </bsdf>
    </bsdf>
    <bsdf id="mat-Material.002" name="mat-Material.002" type="twosided">
        <bsdf name="bsdf" type="principled">
            <rgb name="base_color" value="0.433648 0.266232 0.084399"/>
            <float name="spec_tint" value="0.000000"/>
            <float name="spec_trans" value="0.000000"/>
            <float name="metallic" value="0.000000"/>
            <float name="anisotropic" value="0.000000"/>
            <float name="roughness" value="0.500000"/>
            <float name="sheen" value="0.000000"/>
            <float name="sheen_tint" value="0.500000"/>
            <float name="clearcoat" value="0.000000"/>
            <float name="clearcoat_gloss" value="0.173205"/>
            <float name="specular" value="0.500000"/>
        </bsdf>
    </bsdf>
    <bsdf id="mat-Material.003" name="mat-Material.003" type="twosided">
        <bsdf name="bsdf" type="principled">
            <rgb name="base_color" value="0.433648 0.266232 0.084399"/>
            <float name="spec_tint" value="0.000000"/>
            <float name="spec_trans" value="0.000000"/>
            <float name="metallic" value="0.000000"/>
            <float name="anisotropic" value="0.000000"/>
            <float name="roughness" value="0.500000"/>
            <float name="sheen" value="0.000000"/>
            <float name="sheen_tint" value="0.500000"/>
            <float name="clearcoat" value="0.000000"/>
            <float name="clearcoat_gloss" value="0.173205"/>
            <float name="specular" value="0.500000"/>
        </bsdf>
    </bsdf>
    <bsdf id="mat-Material.004" name="mat-Material.004" type="twosided">
        <bsdf name="bsdf" type="principled">
            <rgb name="base_color" value="0.433648 0.266232 0.084399"/>
            <float name="spec_tint" value="0.000000"/>
            <float name="spec_trans" value="0.000000"/>
            <float name="metallic" value="0.000000"/>
            <float name="anisotropic" value="0.000000"/>
            <float name="roughness" value="0.500000"/>
            <float name="sheen" value="0.000000"/>
            <float name="sheen_tint" value="0.500000"/>
            <float name="clearcoat" value="0.000000"/>
            <float name="clearcoat_gloss" value="0.173205"/>
            <float name="specular" value="0.500000"/>
        </bsdf>
    </bsdf>
    <bsdf id="mat-Material.005" name="mat-Material.005" type="twosided">
        <bsdf name="bsdf" type="principled">
            <rgb name="base_color" value="0.433648 0.266232 0.084399"/>
            <float name="spec_tint" value="0.000000"/>
            <float name="spec_trans" value="0.000000"/>
            <float name="metallic" value="0.000000"/>
            <float name="anisotropic" value="0.000000"/>
            <float name="roughness" value="0.500000"/>
            <float name="sheen" value="0.000000"/>
            <float name="sheen_tint" value="0.500000"/>
            <float name="clearcoat" value="0.000000"/>
            <float name="clearcoat_gloss" value="0.173205"/>
            <float name="specular" value="0.500000"/>
        </bsdf>
    </bsdf>
    <emitter name="temp45" type="point">
        <point name="position" x="-6.815235034541981e-16" y="3.0693089962005615" z="4.109199523925781"/>
        <rgb name="intensity" value="7.957747 7.957747 7.957747"/>
    </emitter>
    <shape name="temp2" type="ply">
        <string name="filename" value="meshes/Cube.ply"/>
        <boolean name="face_normals" value="true"/>
        <ref id="mat-Material" name="bsdf"/>
        <transform name="to_world">
            <matrix value="0.9485002491015502 -0.31468755149419203 -0.035806351564298816 0.320944854531952 0.0522872353628461 0.2671777323991548 -0.9621031099696894 1.2257063617342918 0.3124145430981141 0.9106823202057474 0.2698905395061512 1.3717703666272838 0.0 0.0 0.0 1.0"/>
        </transform>
    </shape>
    <shape name="temp4" type="ply">
        <string name="filename" value="meshes/Plane.ply"/>
        <boolean name="face_normals" value="true"/>
        <ref id="mat-Material.001" name="bsdf"/>
    </shape>
    <shape name="temp5" type="ply">
        <string name="filename" value="meshes/Cube_001.ply"/>
        <boolean name="face_normals" value="true"/>
        <ref id="mat-Material" name="bsdf"/>
        <transform name="to_world">
            <matrix value="0.9982882025151278 -0.021309230053626966 -0.05446445583449679 0.0400154351094999 -0.05447525118478371 7.548229851300417e-05 -0.9985152009289391 1.172709367629083 0.0212817050424891 0.9997726433650451 -0.0010854718048925324 1.0842985159650618 0.0 0.0 0.0 1.0"/>
        </transform>
    </shape>
    <shape name="temp6" type="ply">
        <string name="filename" value="meshes/Cube_002.ply"/>
        <boolean name="face_normals" value="true"/>
        <ref id="mat-Material" name="bsdf"/>
        <transform name="to_world">
            <matrix value="0.9997247472195481 -0.022643125173385507 0.0061625662320617305 -0.04138684169379703 0.010977001101011121 0.2191194414952975 -0.9756362698518888 0.6543975033439067 0.02074111921946999 0.9754352628054975 0.2193077186384953 0.5438579067214357 0.0 0.0 0.0 1.0"/>
        </transform>
    </shape>
    <shape name="temp7" type="ply">
        <string name="filename" value="meshes/Cube_003.ply"/>
        <boolean name="face_normals" value="true"/>
        <ref id="mat-Material" name="bsdf"/>
        <transform name="to_world">
            <matrix value="0.9956956847810476 -0.048444536453194784 0.07901121506727102 -0.07940314331615994 0.087776759800506 0.21929214910423572 -0.9717025333541991 0.1390939629330583 0.0297471131701142 0.9744555434345037 0.22260104836601186 0.21739165528822552 0.0 0.0 0.0 1.0"/>
        </transform>
    </shape>
    <shape name="temp8" type="ply">
        <string name="filename" value="meshes/Cube_004.ply"/>
        <boolean name="face_normals" value="true"/>
        <ref id="mat-Material" name="bsdf"/>
        <transform name="to_world">
            <matrix value="0.9767994262686006 -0.174349405431112 0.124343163754355 0.05237710631365666 0.16172346359305495 0.21997776493826954 -0.9620059514888415 -0.3756842765298932 0.14037244670911145 0.9597958379134919 0.24307101646682594 -0.3635243958277593 0.0 0.0 0.0 1.0"/>
        </transform>
    </shape>
    <shape name="temp9" type="ply">
        <string name="filename" value="meshes/Cube_005.ply"/>
        <boolean name="face_normals" value="true"/>
        <ref id="mat-Material" name="bsdf"/>
        <transform name="to_world">
            <matrix value="0.9719027191960669 -0.22016705498067468 0.08324173408267502 0.12852199276922094 0.13240288142234324 0.21898313180635892 -0.9667035994971398 -0.6340823881762923 0.1946077714364738 0.9505630726936338 0.24198123399308116 -0.8075446239377071 0.0 0.0 0.0 1.0"/>
        </transform>
    </shape>
    <shape name="temp10" type="ply">
        <string name="filename" value="meshes/Cube_006.ply"/>
        <boolean name="face_normals" value="true"/>
        <ref id="mat-Material" name="bsdf"/>
        <transform name="to_world">
            <matrix value="0.9875429279094795 -0.14253839511245808 -0.06664768018170292 0.033569959827962625 -0.034096430667326205 0.2196498707821694 -0.9749827549606378 -0.5425286201210473 0.15361166220766026 0.96510962135734 0.21205357332817676 -1.0395735359819138 0.0 0.0 0.0 1.0"/>
        </transform>
    </shape>
    <shape name="temp11" type="ply">
        <string name="filename" value="meshes/Cube_007.ply"/>
        <boolean name="face_normals" value="true"/>
        <ref id="mat-Material" name="bsdf"/>
        <transform name="to_world">
            <matrix value="0.9204189249805417 -0.2506994866746068 -0.29995068793405133 0.17980286245099553 -0.2508558987424361 0.20969595743216324 -0.9450356035007311 -0.2902855838768535 0.29982086407211 0.9450792932337414 0.13011554767360992 -1.8151477038194246 0.0 0.0 0.0 1.0"/>
        </transform>
    </shape>
    <shape name="temp12" type="ply">
        <string name="filename" value="meshes/Cube_008.ply"/>
        <boolean name="face_normals" value="true"/>
        <ref id="mat-Material" name="bsdf"/>
        <transform name="to_world">
            <matrix value="0.31613663884884946 0.8854073542570966 -0.3407057157081388 1.7535071476072015 -0.5941725750717608 -0.09512367992357479 -0.7986490952441515 0.4708734701737971 -0.7395417240664011 0.4549076702619608 0.4960299768190739 0.963681656053574 0.0 0.0 0.0 1.0"/>
        </transform>
    </shape>
    <shape name="temp13" type="ply">
        <string name="filename" value="meshes/Cube_009.ply"/>
        <boolean name="face_normals" value="true"/>
        <ref id="mat-Material" name="bsdf"/>
        <transform name="to_world">
            <matrix value="-0.06962749566953355 0.9907456463290247 0.11650083140237746 2.611777207728484 -0.8583474284032502 -6.1718565859376796e-06 -0.5129359070796147 1.0400227911898845 -0.5081882161669565 -0.1357311601654489 0.8504045433291365 0.8866306696699411 0.0 0.0 0.0 1.0"/>
        </transform>
    </shape>
    <shape name="temp14" type="ply">
        <string name="filename" value="meshes/Cube_010.ply"/>
        <boolean name="face_normals" value="true"/>
        <ref id="mat-Material" name="bsdf"/>
        <transform name="to_world">
            <matrix value="0.013038908155106048 0.9941781057646379 0.1069447747412535 1.9431452664749886 -0.9924651213505737 -0.00016244902726819535 0.12245617348769633 2.045846365644761 0.12175977391153259 -0.1077380726414878 0.9866852694032104 -0.37402032271397667 0.0 0.0 0.0 1.0"/>
        </transform>
    </shape>
    <shape name="temp15" type="ply">
        <string name="filename" value="meshes/Cube_011.ply"/>
        <boolean name="face_normals" value="true"/>
        <ref id="mat-Material" name="bsdf"/>
        <transform name="to_world">
            <matrix value="0.05301548064188416 0.9820271451307092 0.18106744075105632 1.6462473152512718 -0.9336962148975139 -0.015514615485698435 0.3576772456729017 2.071080584078535 0.35406802333930826 -0.1880368484615882 0.9160904136492773 -0.9035684386348316 0.0 0.0 0.0 1.0"/>
        </transform>
    </shape>
    <shape name="temp16" type="ply">
        <string name="filename" value="meshes/Cube_012.ply"/>
        <boolean name="face_normals" value="true"/>
        <ref id="mat-Material" name="bsdf"/>
        <transform name="to_world">
            <matrix value="0.09316023435048322 0.9904379848275948 0.10175241040498775 1.095671101240531 -0.738290454180385 0.00015044219822578394 0.674483157069095 1.846264095431056 0.6680185523033473 -0.13795778467032244 0.7312448672663858 -1.8354263750520072 0.0 0.0 0.0 1.0"/>
        </transform>
    </shape>
    <shape name="temp17" type="ply">
        <string name="filename" value="meshes/Cube_013.ply"/>
        <boolean name="face_normals" value="true"/>
        <ref id="mat-Material" name="bsdf"/>
        <transform name="to_world">
            <matrix value="0.8977181056935217 0.1719590111446468 0.4056225920180644 0.7011679594187692 -0.4289492568618169 0.13110381646270622 0.8937634656690153 1.4787095023279742 0.10051125655332102 -0.9763398919117356 0.19145748831852474 -1.3868267254069218 0.0 0.0 0.0 1.0"/>
        </transform>
    </shape>
    <shape name="temp18" type="ply">
        <string name="filename" value="meshes/Cube_014.ply"/>
        <boolean name="face_normals" value="true"/>
        <ref id="mat-Material" name="bsdf"/>
        <transform name="to_world">
            <matrix value="0.9396491657314278 0.2976204729435175 0.16876500223866378 0.11105512283693053 -0.21609342283259492 0.13382681890522566 0.9671578331247539 1.0251029887431367 0.26526072776657855 -0.9452577369045707 0.19006409150201337 -0.8643864190927002 0.0 0.0 0.0 1.0"/>
        </transform>
    </shape>
    <shape name="temp19" type="ply">
        <string name="filename" value="meshes/Cube_015.ply"/>
        <boolean name="face_normals" value="true"/>
        <ref id="mat-Material" name="bsdf"/>
        <transform name="to_world">
            <matrix value="0.9831043106092439 0.13068747223224583 0.12816840661509782 0.016118721436200856 -0.14949126992147538 0.16914700587998494 0.9741877574640644 0.6396203390918185 0.10563483663016132 -0.9768879465524183 0.18582579508023492 -0.2959284522255561 0.0 0.0 0.0 1.0"/>
        </transform>
    </shape>
    <shape name="temp20" type="ply">
        <string name="filename" value="meshes/Cube_016.ply"/>
        <boolean name="face_normals" value="true"/>
        <ref id="mat-Material" name="bsdf"/>
        <transform name="to_world">
            <matrix value="0.9851616146035562 0.025541067074378993 0.16971889285665318 0.0350139874300926 -0.17158894875599928 0.16817039441161563 0.9707089637799803 0.3267008147777697 -0.00374869908710044 -0.9854268568675262 0.17005767100483615 0.19706180651956273 0.0 0.0 0.0 1.0"/>
        </transform>
    </shape>
    <shape name="temp21" type="ply">
        <string name="filename" value="meshes/Cube_017.ply"/>
        <boolean name="face_normals" value="true"/>
        <ref id="mat-Material" name="bsdf"/>
        <transform name="to_world">
            <matrix value="0.9422425699478926 -0.14696982622861232 0.3009513493681862 0.21976876982157917 -0.2842295448622141 0.12443104523562701 0.9506471558568598 0.16223430062011487 -0.17716401431137163 -0.9812792669521488 0.07547078130075113 0.46028288713068005 0.0 0.0 0.0 1.0"/>
        </transform>
    </shape>
    <shape name="temp22" type="ply">
        <string name="filename" value="meshes/Cube_018.ply"/>
        <boolean name="face_normals" value="true"/>
        <ref id="mat-Material" name="bsdf"/>
        <transform name="to_world">
            <matrix value="0.19611982227801153 0.9567590624563278 0.21482016698020567 0.8538518176636203 -0.6142409849173887 -0.05090136476556194 0.7874750425629793 0.03208203653230621 0.7643590200469127 -0.28639093243336256 0.577697471657382 -0.15466617382991996 0.0 0.0 0.0 1.0"/>
        </transform>
    </shape>
    <shape name="temp23" type="ply">
        <string name="filename" value="meshes/Cube_019.ply"/>
        <boolean name="face_normals" value="true"/>
        <ref id="mat-Material" name="bsdf"/>
        <transform name="to_world">
            <matrix value="-0.08117501467128346 0.9836968606011811 -0.160471213904206 0.5080204869062579 -0.9135318433337412 -0.00904504998717208 0.4066668683906821 -0.04637276126975853 0.39858552870695907 0.17960669387993483 0.8993726540718385 -0.054613520803246496 0.0 0.0 0.0 1.0"/>
        </transform>
    </shape>
    <shape name="temp24" type="ply">
        <string name="filename" value="meshes/Cube_020.ply"/>
        <boolean name="face_normals" value="true"/>
        <ref id="mat-Material" name="bsdf"/>
        <transform name="to_world">
            <matrix value="0.09895782772481586 0.9408131507298314 -0.32415686052342596 0.14135694700447227 -0.961274416794603 0.006178703413703039 -0.2755230136252179 0.14093666062265092 -0.2572127242097585 0.33886894173174076 0.9049912980769839 0.11852140312828091 0.0 0.0 0.0 1.0"/>
        </transform>
    </shape>
    <shape name="temp25" type="ply">
        <string name="filename" value="meshes/Cube_021.ply"/>
        <boolean name="face_normals" value="true"/>
        <ref id="mat-Material" name="bsdf"/>
        <transform name="to_world">
            <matrix value="0.18871634248005859 0.9411675076081039 -0.2803381493366038 -0.17449409880464406 -0.7959319766606918 -0.020622169774916932 -0.6050345822729033 0.09247370308350877 -0.5752202465484808 0.33731026671644876 0.7452135855450874 0.312774342633599 0.0 0.0 0.0 1.0"/>
        </transform>
    </shape>
    <shape name="temp26" type="ply">
        <string name="filename" value="meshes/Cube_022.ply"/>
        <boolean name="face_normals" value="true"/>
        <ref id="mat-Material" name="bsdf"/>
        <transform name="to_world">
            <matrix value="0.6374841098032542 0.4012664181735128 -0.6577230827274916 -0.08645679753186292 -0.7116729340971266 -0.020392499942639385 -0.7022151660842673 -0.19539425764449186 -0.2951879741572655 0.9157343306432941 0.27257067156603865 0.6918849249549633 0.0 0.0 0.0 1.0"/>
        </transform>
    </shape>
    <shape name="temp27" type="ply">
        <string name="filename" value="meshes/Cube_023.ply"/>
        <boolean name="face_normals" value="true"/>
        <ref id="mat-Material" name="bsdf"/>
        <transform name="to_world">
            <matrix value="0.856087563184032 0.2855440811141727 -0.4307886479179954 -0.06654102685190505 -0.4803836961705734 0.13216067022232975 -0.8670440560521696 -0.2871126266234764 -0.19064599301097288 0.9492091535032738 0.2503118054409695 0.20744059283038724 0.0 0.0 0.0 1.0"/>
        </transform>
    </shape>
    <shape name="temp28" type="ply">
        <string name="filename" value="meshes/Cube_024.ply"/>
        <boolean name="face_normals" value="true"/>
        <ref id="mat-Material" name="bsdf"/>
        <transform name="to_world">
            <matrix value="0.8528093513253798 0.4500812434947844 -0.2648437355946595 -0.19545065357779895 -0.3754425098443869 0.17590929096017505 -0.9099992151675027 -0.5104436614107892 -0.36298526045738944 0.8754891817872734 0.31899741430787465 -0.3526975864920557 0.0 0.0 0.0 1.0"/>
        </transform>
    </shape>
    <shape name="temp29" type="ply">
        <string name="filename" value="meshes/Cube_025.ply"/>
        <boolean name="face_normals" value="true"/>
        <ref id="mat-Material" name="bsdf"/>
        <transform name="to_world">
            <matrix value="0.9022646522240956 0.3567760620579321 -0.24213477276026063 -0.26065062822192714 -0.3212518638292139 0.18166160155019678 -0.9294064444203847 -0.7933219786137835 -0.287603363846057 0.9163567455044919 0.2785218058144741 -0.6952926346291002 0.0 0.0 0.0 1.0"/>
        </transform>
    </shape>
    <shape name="temp30" type="ply">
        <string name="filename" value="meshes/Cube_026.ply"/>
        <boolean name="face_normals" value="true"/>
        <ref id="mat-Material" name="bsdf"/>
        <transform name="to_world">
            <matrix value="0.9233478627796188 0.23201848889185545 -0.30593527212175686 -0.33396330629254656 -0.35078852608119826 0.18575231059002179 -0.9178473037457786 -1.148752585104468 -0.15612931650435175 0.9548107829620189 0.2529034074495733 -0.8897697487795371 0.0 0.0 0.0 1.0"/>
        </transform>
    </shape>
    <shape name="temp31" type="ply">
        <string name="filename" value="meshes/Cube_027.ply"/>
        <boolean name="face_normals" value="true"/>
        <ref id="mat-Material" name="bsdf"/>
        <transform name="to_world">
            <matrix value="0.8722084669705529 0.1725480004088248 -0.4576898455440189 -0.6027025924485445 -0.4848790483434304 0.18184179732720374 -0.8554683677044264 -1.5850319821522563 -0.0643822237233324 0.9680705765055078 0.24226880891267133 -1.0299751952934288 0.0 0.0 0.0 1.0"/>
        </transform>
    </shape>
    <shape name="temp32" type="ply">
        <string name="filename" value="meshes/Cube_028.ply"/>
        <boolean name="face_normals" value="true"/>
        <ref id="mat-Material" name="bsdf"/>
        <transform name="to_world">
            <matrix value="-0.10547509250443685 0.9846456052379632 0.13909686818738207 -1.4866209399154364 -0.7969150856253335 -2.789572048066113e-05 -0.6040913649040873 -2.122142466826271 -0.594812172112328 -0.17456496663697818 0.7846819135350984 -1.3613791969040763 0.0 0.0 0.0 1.0"/>
        </transform>
    </shape>
    <shape name="temp33" type="ply">
        <string name="filename" value="meshes/Cube_029.ply"/>
        <boolean name="face_normals" value="true"/>
        <ref id="mat-Material" name="bsdf"/>
        <transform name="to_world">
            <matrix value="0.0021330494816737496 0.9762869115582691 0.21647005273034242 -1.5696572295598534 -0.9986414657454342 -0.009191900472025748 0.0512961910565973 -1.8211510345163266 0.05206955961328093 -0.21628530546093952 0.9749407947894687 -0.12219923796189391 0.0 0.0 0.0 1.0"/>
        </transform>
    </shape>
    <shape name="temp34" type="ply">
        <string name="filename" value="meshes/Cube_030.ply"/>
        <boolean name="face_normals" value="true"/>
        <ref id="mat-Material" name="bsdf"/>
        <transform name="to_world">
            <matrix value="-0.04164853036299332 0.9785147982241923 -0.20192537835117777 -3.2267225395576666 -0.9757148049138737 0.0036640002659374766 0.21900257740203272 -1.9220360869631703 0.21503703257267964 0.20614386021554215 0.9545991806074212 0.24140473452922684 0.0 0.0 0.0 1.0"/>
        </transform>
    </shape>
    <shape name="temp35" type="ply">
        <string name="filename" value="meshes/Cube_031.ply"/>
        <boolean name="face_normals" value="true"/>
        <ref id="mat-Material" name="bsdf"/>
        <transform name="to_world">
            <matrix value="0.14287777890065545 0.9761390254535139 0.16351469740688507 -1.8721544756022002 -0.7514270150187845 -0.000534307907630631 0.6597819678587453 -1.0710262838651068 0.644126300691279 -0.217145923328668 0.7334204134932564 0.6346103604759255 0.0 0.0 0.0 1.0"/>
        </transform>
    </shape>
    <shape name="temp36" type="ply">
        <string name="filename" value="meshes/Cube_032.ply"/>
        <boolean name="face_normals" value="true"/>
        <ref id="mat-Material" name="bsdf"/>
        <transform name="to_world">
            <matrix value="0.7202312566596989 0.6132355977915118 0.3240763679843185 -0.6582575074356027 -0.40900448914679616 -0.0017910540378746954 0.912364586844789 -0.16252906012873625 0.5600707058350044 -0.7898978563815253 0.24952437259497298 -0.11813769295903542 0.0 0.0 0.0 1.0"/>
        </transform>
    </shape>
    <shape name="temp37" type="ply">
        <string name="filename" value="meshes/Cube_033.ply"/>
        <boolean name="face_normals" value="true"/>
        <ref id="mat-Material" name="bsdf"/>
        <transform name="to_world">
            <matrix value="0.9765602976453255 0.17012663138814782 0.13186097259658047 -0.1461331391337657 -0.15007114021137286 0.09899033838593477 0.9837071610291896 0.3005428267908687 0.1543018330682751 -0.9804375259426436 0.12220112656558718 -0.3895409987519593 0.0 0.0 0.0 1.0"/>
        </transform>
    </shape>
    <shape name="temp38" type="ply">
        <string name="filename" value="meshes/Cube_034.ply"/>
        <boolean name="face_normals" value="true"/>
        <ref id="mat-Material" name="bsdf"/>
        <transform name="to_world">
            <matrix value="0.9999153409322604 -0.0017286248260930327 0.012910979192010216 -0.033449232536850504 -0.01240068294602918 0.17713071755005494 0.9841092694864216 0.3692885000684679 -0.003988089222679056 -0.9841857816583686 0.17709427351223417 -0.3823035343957723 0.0 0.0 0.0 1.0"/>
        </transform>
    </shape>
    <shape name="temp39" type="ply">
        <string name="filename" value="meshes/Cube_035.ply"/>
        <boolean name="face_normals" value="true"/>
        <ref id="mat-Material" name="bsdf"/>
        <transform name="to_world">
            <matrix value="0.998672492628899 -0.05135222965940307 0.004084982230163004 0.008258575554474179 0.006404895067080122 0.2024584135512898 0.9792700206751357 0.0910452745973997 -0.05111472943671136 -0.9779434862324086 0.20251853221193694 -0.16211456116174014 0.0 0.0 0.0 1.0"/>
        </transform>
    </shape>
    <shape name="temp40" type="ply">
        <string name="filename" value="meshes/Cube_036.ply"/>
        <boolean name="face_normals" value="true"/>
        <ref id="mat-Material" name="bsdf"/>
        <transform name="to_world">
            <matrix value="0.9986288333714521 -0.052181413907968544 0.004244348142240016 0.002838606259813581 0.006607201428300419 0.20603761187927988 0.9785218294540071 -0.23949460983456367 -0.05193514672169949 -0.9771518053994073 0.20609985055087204 0.17621274765207232 0.0 0.0 0.0 1.0"/>
        </transform>
    </shape>
    <shape name="temp41" type="ply">
        <string name="filename" value="meshes/Cube_037.ply"/>
        <boolean name="face_normals" value="true"/>
        <ref id="mat-Material" name="bsdf"/>
        <transform name="to_world">
            <matrix value="0.9986778115232072 -0.0512462272356562 0.004084107567440042 -0.00706190065407486 0.006579884473615625 0.20620904712539867 0.9784858973637666 -0.5707133096132466 -0.0509859013841536 -0.9771650504877738 0.20627361293857832 0.5194600027344176 0.0 0.0 0.0 1.0"/>
        </transform>
    </shape>
    <shape name="temp42" type="ply">
        <string name="filename" value="meshes/Cube_038.ply"/>
        <boolean name="face_normals" value="true"/>
        <ref id="mat-Material" name="bsdf"/>
        <transform name="to_world">
            <matrix value="0.9988828105746711 -0.047059465232164505 0.004348622122536938 0.010203695414812364 0.005458876525414564 0.20628795447861284 0.9784762051552148 -0.9048578889867254 -0.04694363035812115 -0.9773590336717263 0.2063143793133283 0.8695765278587793 0.0 0.0 0.0 1.0"/>
        </transform>
    </shape>
    <shape name="temp43" type="ply">
        <string name="filename" value="meshes/Cube_039.ply"/>
        <boolean name="face_normals" value="true"/>
        <ref id="mat-Material" name="bsdf"/>
        <transform name="to_world">
            <matrix value="0.9999173645769874 -0.012453512971846326 -0.0032142038565204714 0.02289811994657498 0.008290430481653843 0.4330208587348465 0.9013457580931379 -1.3192403426777395 -0.009833100261211473 -0.9012978993852729 0.43308825364966497 1.4775093922292788 0.0 0.0 0.0 1.0"/>
        </transform>
    </shape>
    <shape name="temp47" type="ply">
        <string name="filename" value="meshes/Plane_001.ply"/>
        <boolean name="face_normals" value="true"/>
        <ref id="mat-Material.002" name="bsdf"/>
    </shape>
    <shape name="temp49" type="ply">
        <string name="filename" value="meshes/Plane_002.ply"/>
        <boolean name="face_normals" value="true"/>
        <ref id="mat-Material.003" name="bsdf"/>
    </shape>
    <shape name="temp51" type="ply">
        <string name="filename" value="meshes/Plane_003.ply"/>
        <boolean name="face_normals" value="true"/>
        <ref id="mat-Material.004" name="bsdf"/>
    </shape>
    <shape name="temp53" type="ply">
        <string name="filename" value="meshes/Plane_004.ply"/>
        <boolean name="face_normals" value="true"/>
        <ref id="mat-Material.005" name="bsdf"/>
    </shape>
    <emitter type="point">
        <rgb name="intensity" value="100"/>
        <animation name="to_world">
            <transform time="0">
                <rotate angle="-142.5518126578256" x="1"/>
                <rotate angle="3.976628485794621e-06" y="1"/>
                <rotate angle="-179.999991348578" z="1"/>
                <translate value="-0.000000 3.030926 4.073377"/>
                <translate x="42.75" y="0.0" z="0.0"/>
            </transform>
            <transform time="0.0015">
                <rotate angle="-142.5518126578256" x="1"/>
                <rotate angle="3.976628485794621e-06" y="1"/>
                <rotate angle="-179.999991348578" z="1"/>
                <translate value="-0.000000 3.030926 4.073377"/>
                <translate x="42.9" y="0.0" z="0.0"/>
            </transform>
        </animation>
    </emitter>
</scene>
