
<scene version="2.1.0">
    <default name="spp" value="1024"/>
    <default name="resx" value="1280"/>
    <default name="resy" value="720"/>
    <integrator name="temp0" type="path">
        <integer name="max_depth" value="12"/>
    </integrator>
    <sensor name="temp44" type="perspective">
        <string name="fov_axis" value="x"/>
        <float name="fov" value="83.974423"/>
        <float name="principal_point_offset_x" value="0.000000"/>
        <float name="principal_point_offset_y" value="-0.000000"/>
        <float name="near_clip" value="0.100000"/>
        <float name="far_clip" value="1000.000000"/>
        <sampler name="sampler" type="independent">
            <integer name="sample_count" value="$spp"/>
        </sampler>
        <film name="film" type="hdrfilm">
            <integer name="width" value="$resx"/>
            <integer name="height" value="$resy"/>
        </film>
        <float name="shutter_open" value="0.0"/>
        <float name="shutter_close" value="0.0015"/>
        <animation name="to_world">
            <transform time="0">
                <rotate angle="-142.5518126578256" x="1"/>
                <rotate angle="3.976628485794621e-06" y="1"/>
                <rotate angle="-179.999991348578" z="1"/>
                <translate value="-0.000000 3.030926 4.073377"/>
                <translate x="29.549999999999997" y="0.0" z="0.0"/>
            </transform>
            <transform time="0.0015">
                <rotate angle="-142.5518126578256" x="1"/>
                <rotate angle="3.976628485794621e-06" y="1"/>
                <rotate angle="-179.999991348578" z="1"/>
                <translate value="-0.000000 3.030926 4.073377"/>
                <translate x="29.7" y="0.0" z="0.0"/>
            </transform>
        </animation>
    </sensor>
    <bsdf id="mat-Material" name="mat-Material" type="twosided">
        <bsdf name="bsdf" type="diffuse">
            <texture name="reflectance" type="bitmap">
                <string name="filename" value="textures/siggraph_2023_logo.jpg"/>
            </texture>
        </bsdf>
    </bsdf>
    <bsdf id="mat-Material.001" name="mat-Material.001" type="twosided">
        <bsdf name="bsdf" type="principled">
            <rgb name="base_color" value="0.433648 0.266232 0.084399"/>
            <float name="spec_tint" value="0.000000"/>
            <float name="spec_trans" value="0.000000"/>
            <float name="metallic" value="0.000000"/>
            <float name="anisotropic" value="0.000000"/>
            <float name="roughness" value="0.500000"/>
            <float name="sheen" value="0.000000"/>
            <float name="sheen_tint" value="0.500000"/>
            <float name="clearcoat" value="0.000000"/>
            <float name="clearcoat_gloss" value="0.173205"/>
            <float name="specular" value="0.500000"/>
        </bsdf>
    </bsdf>
    <bsdf id="mat-Material.002" name="mat-Material.002" type="twosided">
        <bsdf name="bsdf" type="principled">
            <rgb name="base_color" value="0.433648 0.266232 0.084399"/>
            <float name="spec_tint" value="0.000000"/>
            <float name="spec_trans" value="0.000000"/>
            <float name="metallic" value="0.000000"/>
            <float name="anisotropic" value="0.000000"/>
            <float name="roughness" value="0.500000"/>
            <float name="sheen" value="0.000000"/>
            <float name="sheen_tint" value="0.500000"/>
            <float name="clearcoat" value="0.000000"/>
            <float name="clearcoat_gloss" value="0.173205"/>
            <float name="specular" value="0.500000"/>
        </bsdf>
    </bsdf>
    <bsdf id="mat-Material.003" name="mat-Material.003" type="twosided">
        <bsdf name="bsdf" type="principled">
            <rgb name="base_color" value="0.433648 0.266232 0.084399"/>
            <float name="spec_tint" value="0.000000"/>
            <float name="spec_trans" value="0.000000"/>
            <float name="metallic" value="0.000000"/>
            <float name="anisotropic" value="0.000000"/>
            <float name="roughness" value="0.500000"/>
            <float name="sheen" value="0.000000"/>
            <float name="sheen_tint" value="0.500000"/>
            <float name="clearcoat" value="0.000000"/>
            <float name="clearcoat_gloss" value="0.173205"/>
            <float name="specular" value="0.500000"/>
        </bsdf>
    </bsdf>
    <bsdf id="mat-Material.004" name="mat-Material.004" type="twosided">
        <bsdf name="bsdf" type="principled">
            <rgb name="base_color" value="0.433648 0.266232 0.084399"/>
            <float name="spec_tint" value="0.000000"/>
            <float name="spec_trans" value="0.000000"/>
            <float name="metallic" value="0.000000"/>
            <float name="anisotropic" value="0.000000"/>
            <float name="roughness" value="0.500000"/>
            <float name="sheen" value="0.000000"/>
            <float name="sheen_tint" value="0.500000"/>
            <float name="clearcoat" value="0.000000"/>
            <float name="clearcoat_gloss" value="0.173205"/>
            <float name="specular" value="0.500000"/>
        </bsdf>
    </bsdf>
    <bsdf id="mat-Material.005" name="mat-Material.005" type="twosided">
        <bsdf name="bsdf" type="principled">
            <rgb name="base_color" value="0.433648 0.266232 0.084399"/>
            <float name="spec_tint" value="0.000000"/>
            <float name="spec_trans" value="0.000000"/>
            <float name="metallic" value="0.000000"/>
            <float name="anisotropic" value="0.000000"/>
            <float name="roughness" value="0.500000"/>
            <float name="sheen" value="0.000000"/>
            <float name="sheen_tint" value="0.500000"/>
            <float name="clearcoat" value="0.000000"/>
            <float name="clearcoat_gloss" value="0.173205"/>
            <float name="specular" value="0.500000"/>
        </bsdf>
    </bsdf>
    <emitter name="temp45" type="point">
        <point name="position" x="-6.815235034541981e-16" y="3.0693089962005615" z="4.109199523925781"/>
        <rgb name="intensity" value="7.957747 7.957747 7.957747"/>
    </emitter>
    <shape name="temp2" type="ply">
        <string name="filename" value="meshes/Cube.ply"/>
        <boolean name="face_normals" value="true"/>
        <ref id="mat-Material" name="bsdf"/>
        <transform name="to_world">
            <matrix value="0.9999991135176153 0.00022828379114060027 0.001557446902062833 -0.002507300252027278 -0.0002274006829460292 0.999999165663725 -0.0005760788728292408 -0.016502273282098606 -0.0015575694957865494 0.0005757243603248072 0.9999979906396905 0.0036392163461383964 0.0 0.0 0.0 1.0"/>
        </transform>
    </shape>
    <shape name="temp4" type="ply">
        <string name="filename" value="meshes/Plane.ply"/>
        <boolean name="face_normals" value="true"/>
        <ref id="mat-Material.001" name="bsdf"/>
    </shape>
    <shape name="temp5" type="ply">
        <string name="filename" value="meshes/Cube_001.ply"/>
        <boolean name="face_normals" value="true"/>
        <ref id="mat-Material" name="bsdf"/>
        <transform name="to_world">
            <matrix value="0.9999982270352306 5.414508690655225e-05 -0.0019195738170423066 0.002570208144016428 -5.671625649126726e-05 0.9999967669469342 -0.0013479131729406775 -0.016220496523910777 0.001919194471186663 0.0013480152182936572 0.9999950356980589 -0.004352489348593058 0.0 0.0 0.0 1.0"/>
        </transform>
    </shape>
    <shape name="temp6" type="ply">
        <string name="filename" value="meshes/Cube_002.ply"/>
        <boolean name="face_normals" value="true"/>
        <ref id="mat-Material" name="bsdf"/>
        <transform name="to_world">
            <matrix value="1.0 -3.854946466898752e-06 0.00023151565811750833 -0.0008272708232328618 3.574075354548634e-06 0.9999959326106591 0.0012718305177861482 -0.018527780371658725 -0.00023124557866910627 -0.001271824672575158 0.9999960994770463 0.0008183164914349339 0.0 0.0 0.0 1.0"/>
        </transform>
    </shape>
    <shape name="temp7" type="ply">
        <string name="filename" value="meshes/Cube_003.ply"/>
        <boolean name="face_normals" value="true"/>
        <ref id="mat-Material" name="bsdf"/>
        <transform name="to_world">
            <matrix value="0.9999986702764229 0.0006016273729045124 0.0015330568138353677 -0.001115244679920968 -0.0006087784804628146 0.9999887364602866 0.004675344108862886 -0.017567766270520008 -0.0015302037845705968 -0.004676262924390361 0.9999879438381429 0.004737243682810172 0.0 0.0 0.0 1.0"/>
        </transform>
    </shape>
    <shape name="temp8" type="ply">
        <string name="filename" value="meshes/Cube_004.ply"/>
        <boolean name="face_normals" value="true"/>
        <ref id="mat-Material" name="bsdf"/>
        <transform name="to_world">
            <matrix value="0.9999993351382115 0.00021138503993341998 0.0012717182300041464 -0.0004596720694816092 -0.0002114400108505444 0.9999998957079657 3.997681434598157e-05 -0.017279887779503733 -0.0012716767105120854 -4.024733898874274e-05 0.9999992908140084 0.004013743744319573 0.0 0.0 0.0 1.0"/>
        </transform>
    </shape>
    <shape name="temp9" type="ply">
        <string name="filename" value="meshes/Cube_005.ply"/>
        <boolean name="face_normals" value="true"/>
        <ref id="mat-Material" name="bsdf"/>
        <transform name="to_world">
            <matrix value="0.9999997783794039 -0.0002021823108194642 0.0008229618821985333 -0.0007235525976034829 0.00020320259491123652 0.9999956197345559 -0.0012358712420825297 -0.018620348262385622 -0.0008218046299201989 0.0012360326892952571 0.9999952720933893 0.001848687328624532 0.0 0.0 0.0 1.0"/>
        </transform>
    </shape>
    <shape name="temp10" type="ply">
        <string name="filename" value="meshes/Cube_006.ply"/>
        <boolean name="face_normals" value="true"/>
        <ref id="mat-Material" name="bsdf"/>
        <transform name="to_world">
            <matrix value="0.9999988918970191 -0.00010873497933974799 -0.0015976151966265442 -0.001300604300269681 0.00011086658971999567 0.9999990613716905 0.0013344800082832923 -0.01717748862658669 0.0015974678517163186 -0.0013346554086891952 0.9999979906396905 -0.0037837997629757147 0.0 0.0 0.0 1.0"/>
        </transform>
    </shape>
    <shape name="temp11" type="ply">
        <string name="filename" value="meshes/Cube_007.ply"/>
        <boolean name="face_normals" value="true"/>
        <ref id="mat-Material" name="bsdf"/>
        <transform name="to_world">
            <matrix value="0.9997300661138563 0.02094609770494949 0.009208378228746523 0.08169222101167373 -0.02040687546872756 0.9984391654134241 -0.0478918973609298 -0.01275283053991988 -0.010237785602462295 0.04768324631901265 0.9986010124339215 0.11597719427730124 0.0 0.0 0.0 1.0"/>
        </transform>
    </shape>
    <shape name="temp12" type="ply">
        <string name="filename" value="meshes/Cube_008.ply"/>
        <boolean name="face_normals" value="true"/>
        <ref id="mat-Material" name="bsdf"/>
        <transform name="to_world">
            <matrix value="0.9456431163756345 0.3181242869032149 0.00549794076027575 0.314977858731037 -0.31662936792033003 0.9427132198496944 -0.07947099216538595 0.6710087323046775 -0.031450963340407465 0.07323676586229697 0.9967107953710012 0.19649979874053314 0.0 0.0 0.0 1.0"/>
        </transform>
    </shape>
    <shape name="temp13" type="ply">
        <string name="filename" value="meshes/Cube_009.ply"/>
        <boolean name="face_normals" value="true"/>
        <ref id="mat-Material" name="bsdf"/>
        <transform name="to_world">
            <matrix value="0.6255194786774392 0.7746011351145022 0.02600355727693382 0.8895017260165693 -0.7706322126423026 0.6252407581613731 -0.08493971446280815 1.5567053748050064 -0.08238165016922949 0.03239474326429896 0.9960092922276524 0.1851748834864877 0.0 0.0 0.0 1.0"/>
        </transform>
    </shape>
    <shape name="temp14" type="ply">
        <string name="filename" value="meshes/Cube_010.ply"/>
        <boolean name="face_normals" value="true"/>
        <ref id="mat-Material" name="bsdf"/>
        <transform name="to_world">
            <matrix value="0.4952770434748691 0.8667974836417944 0.008457763955480141 0.8809489877895916 -0.86530875294977 0.4949597745623385 -0.0544847385538563 1.4710745386540733 -0.051497667664845835 0.019631354774385046 0.9984776140713847 0.040978236216699715 0.0 0.0 0.0 1.0"/>
        </transform>
    </shape>
    <shape name="temp15" type="ply">
        <string name="filename" value="meshes/Cube_011.ply"/>
        <boolean name="face_normals" value="true"/>
        <ref id="mat-Material" name="bsdf"/>
        <transform name="to_world">
            <matrix value="0.4119048378889663 0.9068046380753532 -0.07879758460707077 0.703963989093044 -0.8370860348884008 0.41167778767393304 0.3578395310673107 1.8174901413393545 0.3571189854386404 -0.0806729756394666 0.9302282727869733 -0.6970987717638373 0.0 0.0 0.0 1.0"/>
        </transform>
    </shape>
    <shape name="temp16" type="ply">
        <string name="filename" value="meshes/Cube_012.ply"/>
        <boolean name="face_normals" value="true"/>
        <ref id="mat-Material" name="bsdf"/>
        <transform name="to_world">
            <matrix value="0.11649643988674302 0.9892985943519605 0.05081084780348551 0.9839943112679796 -0.6794745641609355 0.04375077019667392 0.7295378565846264 1.8793501229352751 0.7204683906976084 -0.11817307471689928 0.6814584740870531 -1.93590604724474 0.0 0.0 0.0 1.0"/>
        </transform>
    </shape>
    <shape name="temp17" type="ply">
        <string name="filename" value="meshes/Cube_013.ply"/>
        <boolean name="face_normals" value="true"/>
        <ref id="mat-Material" name="bsdf"/>
        <transform name="to_world">
            <matrix value="0.8110278851898934 0.5139331029174654 0.2790577140287863 0.4862274209097437 -0.3949991534093226 0.1302616791434704 0.9081930366445858 1.5021344889889252 0.4310447239227909 -0.8466458638822085 0.3089185811930494 -1.5590763497607707 0.0 0.0 0.0 1.0"/>
        </transform>
    </shape>
    <shape name="temp18" type="ply">
        <string name="filename" value="meshes/Cube_014.ply"/>
        <boolean name="face_normals" value="true"/>
        <ref id="mat-Material" name="bsdf"/>
        <transform name="to_world">
            <matrix value="0.9355571630436132 0.3158692845357857 0.15704196868140102 0.09778971565787115 -0.21983524281639 0.17620195526706062 0.9586432279120477 1.0212285490943978 0.2755133619489847 -0.9313363146949563 0.2345127372168043 -0.8367719591570597 0.0 0.0 0.0 1.0"/>
        </transform>
    </shape>
    <shape name="temp19" type="ply">
        <string name="filename" value="meshes/Cube_015.ply"/>
        <boolean name="face_normals" value="true"/>
        <ref id="mat-Material" name="bsdf"/>
        <transform name="to_world">
            <matrix value="0.9811270116501515 0.1509850382647474 0.12050415086560878 0.0450884883944101 -0.15018075375824208 0.2041347202783346 0.9673337112506684 0.6364453067397093 0.12144146024924338 -0.9671928547441404 0.2229322500438513 -0.352836953434976 0.0 0.0 0.0 1.0"/>
        </transform>
    </shape>
    <shape name="temp20" type="ply">
        <string name="filename" value="meshes/Cube_016.ply"/>
        <boolean name="face_normals" value="true"/>
        <ref id="mat-Material" name="bsdf"/>
        <transform name="to_world">
            <matrix value="0.9771708623877935 0.1358122472221817 0.16308710553302183 0.07331350511866219 -0.18851406936192772 0.20278809110117788 0.9608811825061783 0.35486985979637453 0.09741495088001106 -0.9697261082593034 0.2237224368954485 -0.0883839227373584 0.0 0.0 0.0 1.0"/>
        </transform>
    </shape>
    <shape name="temp21" type="ply">
        <string name="filename" value="meshes/Cube_017.ply"/>
        <boolean name="face_normals" value="true"/>
        <ref id="mat-Material" name="bsdf"/>
        <transform name="to_world">
            <matrix value="0.9374551218292742 0.12845010564783083 0.3235077190167278 0.1827240889707818 -0.34396773115471424 0.19946765173969544 0.9175489728386494 0.17571049343622333 0.0533281873030901 -0.9714382705877691 0.23118206884683049 0.12772318338842487 0.0 0.0 0.0 1.0"/>
        </transform>
    </shape>
    <shape name="temp22" type="ply">
        <string name="filename" value="meshes/Cube_018.ply"/>
        <boolean name="face_normals" value="true"/>
        <ref id="mat-Material" name="bsdf"/>
        <transform name="to_world">
            <matrix value="0.1965588305169788 0.9780225395944709 0.06953787313229959 0.8681450447022419 -0.3252501874910244 -0.0018684324698648167 0.9456168996185053 -0.15247724308601404 0.9249645850287309 -0.20849013293062701 0.31773518144050805 -0.1893231416467335 0.0 0.0 0.0 1.0"/>
        </transform>
    </shape>
    <shape name="temp23" type="ply">
        <string name="filename" value="meshes/Cube_019.ply"/>
        <boolean name="face_normals" value="true"/>
        <ref id="mat-Material" name="bsdf"/>
        <transform name="to_world">
            <matrix value="-0.04975661626127827 0.9876918712702561 -0.14828645298735144 0.46661690860580485 -0.9637539514952299 -0.0085177817918623 0.26664636818761844 0.08524607603027437 0.26210137103365616 0.15617996007700924 0.9523158704950733 -0.04491258356483807 0.0 0.0 0.0 1.0"/>
        </transform>
    </shape>
    <shape name="temp24" type="ply">
        <string name="filename" value="meshes/Cube_020.ply"/>
        <boolean name="face_normals" value="true"/>
        <ref id="mat-Material" name="bsdf"/>
        <transform name="to_world">
            <matrix value="0.06315337967182541 0.9914784567724582 -0.11389655856250994 -0.05623429948508599 -0.9003216163176668 0.007379112934959475 -0.43512437540223653 0.29489000926660774 -0.4305777797247336 0.13002713823529582 0.8931151511261517 0.11149089850213018 0.0 0.0 0.0 1.0"/>
        </transform>
    </shape>
    <shape name="temp25" type="ply">
        <string name="filename" value="meshes/Cube_021.ply"/>
        <boolean name="face_normals" value="true"/>
        <ref id="mat-Material" name="bsdf"/>
        <transform name="to_world">
            <matrix value="0.283144712043927 0.9138437246439992 -0.29105394966954296 -0.10699304254859794 -0.6904046703437956 -0.01642412545914568 -0.7232133359116184 0.24561245135804669 -0.6656851090461982 0.4057335588822397 0.62627151138409 0.2154197759543186 0.0 0.0 0.0 1.0"/>
        </transform>
    </shape>
    <shape name="temp26" type="ply">
        <string name="filename" value="meshes/Cube_022.ply"/>
        <boolean name="face_normals" value="true"/>
        <ref id="mat-Material" name="bsdf"/>
        <transform name="to_world">
            <matrix value="0.6888542126529404 0.3963623981327554 -0.606912033987975 -0.06456624356792479 -0.6550322502291557 -0.018196729193217683 -0.7553549452248379 -0.1145066496315967 -0.3104387289970161 0.9179137212857957 0.24709576516676982 0.6590943580571204 0.0 0.0 0.0 1.0"/>
        </transform>
    </shape>
    <shape name="temp27" type="ply">
        <string name="filename" value="meshes/Cube_023.ply"/>
        <boolean name="face_normals" value="true"/>
        <ref id="mat-Material" name="bsdf"/>
        <transform name="to_world">
            <matrix value="0.8531783496180148 0.3081650233718449 -0.42084893345518726 -0.07849978595912227 -0.47867987702716364 0.1420321720067665 -0.8664181994145906 -0.2853121334306107 -0.20723161302561757 0.9406655500466186 0.2686969794823037 0.15637825292816987 0.0 0.0 0.0 1.0"/>
        </transform>
    </shape>
    <shape name="temp28" type="ply">
        <string name="filename" value="meshes/Cube_024.ply"/>
        <boolean name="face_normals" value="true"/>
        <ref id="mat-Material" name="bsdf"/>
        <transform name="to_world">
            <matrix value="0.8633407620557172 0.4055215331763391 -0.3003231287773019 -0.1837619260143094 -0.39388936611190595 0.16954346161948844 -0.903385583005256 -0.524614663766855 -0.31542470484569 0.8982236980703888 0.3061052403644081 -0.30020137422982485 0.0 0.0 0.0 1.0"/>
        </transform>
    </shape>
    <shape name="temp29" type="ply">
        <string name="filename" value="meshes/Cube_025.ply"/>
        <boolean name="face_normals" value="true"/>
        <ref id="mat-Material" name="bsdf"/>
        <transform name="to_world">
            <matrix value="0.8918132465289783 0.3839924242266224 -0.23920465263833735 -0.2829912123145025 -0.3297310013527721 0.18968230560486252 -0.9248233299497282 -0.7990772485262578 -0.3097522592003574 0.9036427121769294 0.2957752372108944 -0.7186835297446779 0.0 0.0 0.0 1.0"/>
        </transform>
    </shape>
    <shape name="temp30" type="ply">
        <string name="filename" value="meshes/Cube_026.ply"/>
        <boolean name="face_normals" value="true"/>
        <ref id="mat-Material" name="bsdf"/>
        <transform name="to_world">
            <matrix value="0.9226643848610084 0.2447309578389022 -0.29798860669064975 -0.3138243851998879 -0.3515528955174132 0.21636070860179843 -0.9108229346967355 -1.1447591661478933 -0.15843337287044768 0.9451424942065776 0.2856642543311171 -0.8342397250298044 0.0 0.0 0.0 1.0"/>
        </transform>
    </shape>
    <shape name="temp31" type="ply">
        <string name="filename" value="meshes/Cube_027.ply"/>
        <boolean name="face_normals" value="true"/>
        <ref id="mat-Material" name="bsdf"/>
        <transform name="to_world">
            <matrix value="0.8723675905586081 0.19254757281148382 -0.44933279781911123 -0.5507850148592908 -0.48414260310233376 0.2130392158907687 -0.8486577000341828 -1.58427235585265 -0.06768117926978673 0.9578824962507014 0.27906917920231705 -0.9647946306168647 0.0 0.0 0.0 1.0"/>
        </transform>
    </shape>
    <shape name="temp32" type="ply">
        <string name="filename" value="meshes/Cube_028.ply"/>
        <boolean name="face_normals" value="true"/>
        <ref id="mat-Material" name="bsdf"/>
        <transform name="to_world">
            <matrix value="-0.12067383299026466 0.980614092356854 0.15438107920141875 -1.4817987010579659 -0.7861981784559959 0.0005391971182025059 -0.6179671798178905 -2.1187857197450852 -0.6060707200187225 -0.19594805630935522 0.7708917919286125 -1.3640633326390645 0.0 0.0 0.0 1.0"/>
        </transform>
    </shape>
    <shape name="temp33" type="ply">
        <string name="filename" value="meshes/Cube_029.ply"/>
        <boolean name="face_normals" value="true"/>
        <ref id="mat-Material" name="bsdf"/>
        <transform name="to_world">
            <matrix value="-0.0055952441106542775 0.9813216095181083 0.19228857156230367 -1.62015269527463 -0.9996447421843281 -0.010332812568441648 0.02361627175250733 -1.8554497705755795 0.025161279956455986 -0.19209509139110975 0.9810304567015948 -0.14917305548397286 0.0 0.0 0.0 1.0"/>
        </transform>
    </shape>
    <shape name="temp34" type="ply">
        <string name="filename" value="meshes/Cube_030.ply"/>
        <boolean name="face_normals" value="true"/>
        <ref id="mat-Material" name="bsdf"/>
        <transform name="to_world">
            <matrix value="-0.03836896250170527 0.9819218569062655 -0.18535050380476453 -3.199667026037498 -0.9750014540202925 0.003815293778410378 0.2220456196855952 -1.914762182747606 0.2187386932159733 0.1892481926930875 0.957229471146061 0.26696395824252406 0.0 0.0 0.0 1.0"/>
        </transform>
    </shape>
    <shape name="temp35" type="ply">
        <string name="filename" value="meshes/Cube_031.ply"/>
        <boolean name="face_normals" value="true"/>
        <ref id="mat-Material" name="bsdf"/>
        <transform name="to_world">
            <matrix value="0.12851565616539634 0.982530562780676 0.13459309980941808 -1.9504951892557758 -0.7150847831752736 -0.002227974043798483 0.6990195740061587 -0.9127661382250826 0.6871073991138722 -0.18608356294962908 0.7023070056701783 0.705218801177683 0.0 0.0 0.0 1.0"/>
        </transform>
    </shape>
    <shape name="temp36" type="ply">
        <string name="filename" value="meshes/Cube_032.ply"/>
        <boolean name="face_normals" value="true"/>
        <ref id="mat-Material" name="bsdf"/>
        <transform name="to_world">
            <matrix value="0.7813291739579842 0.593590211566821 0.19279360654644861 -0.6055834580876802 -0.23443179581828527 -0.007150645671984865 0.9721018050674648 0.4306263216772503 0.5784089236862775 -0.8047349626530225 0.1335669194993525 -0.17643435648035255 0.0 0.0 0.0 1.0"/>
        </transform>
    </shape>
    <shape name="temp37" type="ply">
        <string name="filename" value="meshes/Cube_033.ply"/>
        <boolean name="face_normals" value="true"/>
        <ref id="mat-Material" name="bsdf"/>
        <transform name="to_world">
            <matrix value="0.9774913257698656 0.1640616637082493 0.13264567507650935 -0.13540956335608856 -0.1500854569018859 0.09887426135166648 0.9837166168424107 0.3005062500451233 0.14827499392759566 -0.981482219251058 0.12127199835847083 -0.38413898751579995 0.0 0.0 0.0 1.0"/>
        </transform>
    </shape>
    <shape name="temp38" type="ply">
        <string name="filename" value="meshes/Cube_034.ply"/>
        <boolean name="face_normals" value="true"/>
        <ref id="mat-Material" name="bsdf"/>
        <transform name="to_world">
            <matrix value="0.999924870617896 0.0008850357617385899 0.012246223702792443 -0.03691789870583828 -0.012204836825187446 0.18048727324304426 0.9835016152892935 0.3696484894819386 -0.0013398516383080952 -0.9835769247616406 0.1804844898659686 -0.3567335791562841 0.0 0.0 0.0 1.0"/>
        </transform>
    </shape>
    <shape name="temp39" type="ply">
        <string name="filename" value="meshes/Cube_035.ply"/>
        <boolean name="face_normals" value="true"/>
        <ref id="mat-Material" name="bsdf"/>
        <transform name="to_world">
            <matrix value="0.9989484102711395 -0.04574703341308198 0.0031060691664369687 0.008763039182831278 0.006608819258652511 0.21068378029422868 0.9775320422050767 0.0915688403285913 -0.045373581406563876 -0.9764831891669778 0.21076460414892717 -0.1448604149603396 0.0 0.0 0.0 1.0"/>
        </transform>
    </shape>
    <shape name="temp40" type="ply">
        <string name="filename" value="meshes/Cube_036.ply"/>
        <boolean name="face_normals" value="true"/>
        <ref id="mat-Material" name="bsdf"/>
        <transform name="to_world">
            <matrix value="0.9996230233659027 -0.027302413526259693 0.0028998851591484284 0.004316821687805339 0.0029264489997819255 0.21096870613216306 0.9774885454642592 -0.24919397894808082 -0.027299590711082983 -0.977111444382101 0.210969133388902 0.23325327269578028 0.0 0.0 0.0 1.0"/>
        </transform>
    </shape>
    <shape name="temp41" type="ply">
        <string name="filename" value="meshes/Cube_037.ply"/>
        <boolean name="face_normals" value="true"/>
        <ref id="mat-Material" name="bsdf"/>
        <transform name="to_world">
            <matrix value="0.9989040861519041 -0.0466989068108956 0.003164766127007647 -0.005222522605486946 0.006773862332831585 0.21113494763496954 0.9774335835499108 -0.5695076881407424 -0.04631329705847415 -0.9763406219559763 0.21121997247412772 0.5100830645437584 0.0 0.0 0.0 1.0"/>
        </transform>
    </shape>
    <shape name="temp42" type="ply">
        <string name="filename" value="meshes/Cube_038.ply"/>
        <boolean name="face_normals" value="true"/>
        <ref id="mat-Material" name="bsdf"/>
        <transform name="to_world">
            <matrix value="0.999241835940478 -0.03880665925497943 0.0032097166991079855 0.0060062252739050415 0.005060509071374243 0.21114881847554248 0.9774409118051572 -0.904858334224723 -0.03860895400397499 -0.9766833255809588 0.21118509234310795 0.8596527438192462 0.0 0.0 0.0 1.0"/>
        </transform>
    </shape>
    <shape name="temp43" type="ply">
        <string name="filename" value="meshes/Cube_039.ply"/>
        <boolean name="face_normals" value="true"/>
        <ref id="mat-Material" name="bsdf"/>
        <transform name="to_world">
            <matrix value="0.9999648295426353 -0.004958793391498025 -0.006802505736939205 0.020974198658216148 0.008278945174819953 0.43300706711225345 0.9013524893485735 -1.319274149586231 -0.0015240877175688033 -0.9013770008734994 0.4330327849597986 1.4725719480906516 0.0 0.0 0.0 1.0"/>
        </transform>
    </shape>
    <shape name="temp47" type="ply">
        <string name="filename" value="meshes/Plane_001.ply"/>
        <boolean name="face_normals" value="true"/>
        <ref id="mat-Material.002" name="bsdf"/>
    </shape>
    <shape name="temp49" type="ply">
        <string name="filename" value="meshes/Plane_002.ply"/>
        <boolean name="face_normals" value="true"/>
        <ref id="mat-Material.003" name="bsdf"/>
    </shape>
    <shape name="temp51" type="ply">
        <string name="filename" value="meshes/Plane_003.ply"/>
        <boolean name="face_normals" value="true"/>
        <ref id="mat-Material.004" name="bsdf"/>
    </shape>
    <shape name="temp53" type="ply">
        <string name="filename" value="meshes/Plane_004.ply"/>
        <boolean name="face_normals" value="true"/>
        <ref id="mat-Material.005" name="bsdf"/>
    </shape>
    <emitter type="point">
        <rgb name="intensity" value="100"/>
        <animation name="to_world">
            <transform time="0">
                <rotate angle="-142.5518126578256" x="1"/>
                <rotate angle="3.976628485794621e-06" y="1"/>
                <rotate angle="-179.999991348578" z="1"/>
                <translate value="-0.000000 3.030926 4.073377"/>
                <translate x="29.549999999999997" y="0.0" z="0.0"/>
            </transform>
            <transform time="0.0015">
                <rotate angle="-142.5518126578256" x="1"/>
                <rotate angle="3.976628485794621e-06" y="1"/>
                <rotate angle="-179.999991348578" z="1"/>
                <translate value="-0.000000 3.030926 4.073377"/>
                <translate x="29.7" y="0.0" z="0.0"/>
            </transform>
        </animation>
    </emitter>
</scene>
