
<scene version="2.1.0">
    <default name="spp" value="1024"/>
    <default name="resx" value="1280"/>
    <default name="resy" value="720"/>
    <integrator name="temp0" type="path">
        <integer name="max_depth" value="12"/>
    </integrator>
    <sensor name="temp44" type="perspective">
        <string name="fov_axis" value="x"/>
        <float name="fov" value="83.974423"/>
        <float name="principal_point_offset_x" value="0.000000"/>
        <float name="principal_point_offset_y" value="-0.000000"/>
        <float name="near_clip" value="0.100000"/>
        <float name="far_clip" value="1000.000000"/>
        <sampler name="sampler" type="independent">
            <integer name="sample_count" value="$spp"/>
        </sampler>
        <film name="film" type="hdrfilm">
            <integer name="width" value="$resx"/>
            <integer name="height" value="$resy"/>
        </film>
        <float name="shutter_open" value="0.0"/>
        <float name="shutter_close" value="0.0015"/>
        <animation name="to_world">
            <transform time="0">
                <rotate angle="-142.5518126578256" x="1"/>
                <rotate angle="3.976628485794621e-06" y="1"/>
                <rotate angle="-179.999991348578" z="1"/>
                <translate value="-0.000000 3.030926 4.073377"/>
            </transform>
            <transform time="0.0015">
                <rotate angle="-142.5518126578256" x="1"/>
                <rotate angle="3.976628485794621e-06" y="1"/>
                <rotate angle="-179.999991348578" z="1"/>
                <translate value="-0.000000 3.030926 4.073377"/>
                <translate x="0.15" y="0.0" z="0.0"/>
            </transform>
        </animation>
    </sensor>
    <bsdf id="mat-Material" name="mat-Material" type="twosided">
        <bsdf name="bsdf" type="diffuse">
            <texture name="reflectance" type="bitmap">
                <string name="filename" value="textures/siggraph_2023_logo.jpg"/>
            </texture>
        </bsdf>
    </bsdf>
    <bsdf id="mat-Material.001" name="mat-Material.001" type="twosided">
        <bsdf name="bsdf" type="principled">
            <rgb name="base_color" value="0.433648 0.266232 0.084399"/>
            <float name="spec_tint" value="0.000000"/>
            <float name="spec_trans" value="0.000000"/>
            <float name="metallic" value="0.000000"/>
            <float name="anisotropic" value="0.000000"/>
            <float name="roughness" value="0.500000"/>
            <float name="sheen" value="0.000000"/>
            <float name="sheen_tint" value="0.500000"/>
            <float name="clearcoat" value="0.000000"/>
            <float name="clearcoat_gloss" value="0.173205"/>
            <float name="specular" value="0.500000"/>
        </bsdf>
    </bsdf>
    <bsdf id="mat-Material.002" name="mat-Material.002" type="twosided">
        <bsdf name="bsdf" type="principled">
            <rgb name="base_color" value="0.433648 0.266232 0.084399"/>
            <float name="spec_tint" value="0.000000"/>
            <float name="spec_trans" value="0.000000"/>
            <float name="metallic" value="0.000000"/>
            <float name="anisotropic" value="0.000000"/>
            <float name="roughness" value="0.500000"/>
            <float name="sheen" value="0.000000"/>
            <float name="sheen_tint" value="0.500000"/>
            <float name="clearcoat" value="0.000000"/>
            <float name="clearcoat_gloss" value="0.173205"/>
            <float name="specular" value="0.500000"/>
        </bsdf>
    </bsdf>
    <bsdf id="mat-Material.003" name="mat-Material.003" type="twosided">
        <bsdf name="bsdf" type="principled">
            <rgb name="base_color" value="0.433648 0.266232 0.084399"/>
            <float name="spec_tint" value="0.000000"/>
            <float name="spec_trans" value="0.000000"/>
            <float name="metallic" value="0.000000"/>
            <float name="anisotropic" value="0.000000"/>
            <float name="roughness" value="0.500000"/>
            <float name="sheen" value="0.000000"/>
            <float name="sheen_tint" value="0.500000"/>
            <float name="clearcoat" value="0.000000"/>
            <float name="clearcoat_gloss" value="0.173205"/>
            <float name="specular" value="0.500000"/>
        </bsdf>
    </bsdf>
    <bsdf id="mat-Material.004" name="mat-Material.004" type="twosided">
        <bsdf name="bsdf" type="principled">
            <rgb name="base_color" value="0.433648 0.266232 0.084399"/>
            <float name="spec_tint" value="0.000000"/>
            <float name="spec_trans" value="0.000000"/>
            <float name="metallic" value="0.000000"/>
            <float name="anisotropic" value="0.000000"/>
            <float name="roughness" value="0.500000"/>
            <float name="sheen" value="0.000000"/>
            <float name="sheen_tint" value="0.500000"/>
            <float name="clearcoat" value="0.000000"/>
            <float name="clearcoat_gloss" value="0.173205"/>
            <float name="specular" value="0.500000"/>
        </bsdf>
    </bsdf>
    <bsdf id="mat-Material.005" name="mat-Material.005" type="twosided">
        <bsdf name="bsdf" type="principled">
            <rgb name="base_color" value="0.433648 0.266232 0.084399"/>
            <float name="spec_tint" value="0.000000"/>
            <float name="spec_trans" value="0.000000"/>
            <float name="metallic" value="0.000000"/>
            <float name="anisotropic" value="0.000000"/>
            <float name="roughness" value="0.500000"/>
            <float name="sheen" value="0.000000"/>
            <float name="sheen_tint" value="0.500000"/>
            <float name="clearcoat" value="0.000000"/>
            <float name="clearcoat_gloss" value="0.173205"/>
            <float name="specular" value="0.500000"/>
        </bsdf>
    </bsdf>
    <emitter name="temp45" type="point">
        <point name="position" x="-6.815235034541981e-16" y="3.0693089962005615" z="4.109199523925781"/>
        <rgb name="intensity" value="7.957747 7.957747 7.957747"/>
    </emitter>
    <shape name="temp2" type="ply">
        <string name="filename" value="meshes/Cube.ply"/>
        <boolean name="face_normals" value="true"/>
        <ref id="mat-Material" name="bsdf"/>
        <transform name="to_world">
            <matrix value="0.9757493878839134 -0.14548901492001842 -0.16346369511432315 0.31909826933130114 -0.21754392963457425 -0.5700401315748307 -0.7890104302347736 2.1941340505848013 0.021692565249535927 0.8054290261418413 -0.5878761817993562 3.400005695742127 0.0 0.0 0.0 1.0"/>
        </transform>
    </shape>
    <shape name="temp4" type="ply">
        <string name="filename" value="meshes/Plane.ply"/>
        <boolean name="face_normals" value="true"/>
        <ref id="mat-Material.001" name="bsdf"/>
    </shape>
    <shape name="temp5" type="ply">
        <string name="filename" value="meshes/Cube_001.ply"/>
        <boolean name="face_normals" value="true"/>
        <ref id="mat-Material" name="bsdf"/>
        <transform name="to_world">
            <matrix value="0.9978533829054284 -0.03657306804220907 -0.05432815028691301 0.05518329005979128 -0.05436105009157363 9.506354513654957e-05 -0.9985214654051981 1.1724306044390502 0.036524169055736695 0.9993309665994331 -0.0018932913841939463 1.0233849914258402 0.0 0.0 0.0 1.0"/>
        </transform>
    </shape>
    <shape name="temp6" type="ply">
        <string name="filename" value="meshes/Cube_002.ply"/>
        <boolean name="face_normals" value="true"/>
        <ref id="mat-Material" name="bsdf"/>
        <transform name="to_world">
            <matrix value="0.999620807159941 -0.023800307870085496 0.010714459971415078 -0.023834073709738002 0.0156136142418714 0.21671926461600718 -0.9760773835386585 0.6452640670147667 0.020895918989693757 0.9759387847474986 0.21698855042856108 0.516154624945236 0.0 0.0 0.0 1.0"/>
        </transform>
    </shape>
    <shape name="temp7" type="ply">
        <string name="filename" value="meshes/Cube_003.ply"/>
        <boolean name="face_normals" value="true"/>
        <ref id="mat-Material" name="bsdf"/>
        <transform name="to_world">
            <matrix value="0.9943305019085966 -0.06260474570473257 0.08583941145127348 -0.03937506969682292 0.09854687807498577 0.24167520123148034 -0.9653158407092617 0.12011825042023683 0.039666117490829336 0.9683224417685425 0.2464740454474751 0.2257324114815205 0.0 0.0 0.0 1.0"/>
        </transform>
    </shape>
    <shape name="temp8" type="ply">
        <string name="filename" value="meshes/Cube_004.ply"/>
        <boolean name="face_normals" value="true"/>
        <ref id="mat-Material" name="bsdf"/>
        <transform name="to_world">
            <matrix value="0.9845304391456438 -0.11031120743059888 0.13604176585420746 0.022966549137825254 0.15936987502371341 0.2419459433527386 -0.957091174369451 -0.3676415838261189 0.07264317576995427 0.9639839974302442 0.2557953497256159 -0.1569666172341661 0.0 0.0 0.0 1.0"/>
        </transform>
    </shape>
    <shape name="temp9" type="ply">
        <string name="filename" value="meshes/Cube_005.ply"/>
        <boolean name="face_normals" value="true"/>
        <ref id="mat-Material" name="bsdf"/>
        <transform name="to_world">
            <matrix value="0.9837188645224431 -0.15625224488604011 0.08647927451218643 0.07716535517421286 0.12136229737228892 0.22971488643640378 -0.965451531628986 -0.6020855356012158 0.13100837814501787 0.9606164076400172 0.2450505909646868 -0.6262004966436285 0.0 0.0 0.0 1.0"/>
        </transform>
    </shape>
    <shape name="temp10" type="ply">
        <string name="filename" value="meshes/Cube_006.ply"/>
        <boolean name="face_normals" value="true"/>
        <ref id="mat-Material" name="bsdf"/>
        <transform name="to_world">
            <matrix value="0.985823152083145 -0.15488043961178333 -0.06392231387531849 0.039228905856151464 -0.027102501298696693 0.22907432476122339 -0.9729904151149282 -0.557141820076105 0.16536641862889545 0.9609993679902716 0.22165463966023374 -1.0327761673792923 0.0 0.0 0.0 1.0"/>
        </transform>
    </shape>
    <shape name="temp11" type="ply">
        <string name="filename" value="meshes/Cube_007.ply"/>
        <boolean name="face_normals" value="true"/>
        <ref id="mat-Material" name="bsdf"/>
        <transform name="to_world">
            <matrix value="0.9319345527785017 -0.22470615719312592 -0.2840934073597431 0.14796409648612263 -0.23859336521123986 0.20912436407932036 -0.9482320229624968 -0.31289141619425465 0.2725197552599432 0.9516268514443404 0.14145417878389732 -1.6843160839595968 0.0 0.0 0.0 1.0"/>
        </transform>
    </shape>
    <shape name="temp12" type="ply">
        <string name="filename" value="meshes/Cube_008.ply"/>
        <boolean name="face_normals" value="true"/>
        <ref id="mat-Material" name="bsdf"/>
        <transform name="to_world">
            <matrix value="0.2606195935655563 0.919343669369221 -0.2938557071269883 1.8961217508097556 -0.5362923672093711 -0.1152668311699689 -0.8360598382772264 0.31811674425543135 -0.8024598113210892 0.3755732411669862 0.46320920372124075 1.115808476646938 0.0 0.0 0.0 1.0"/>
        </transform>
    </shape>
    <shape name="temp13" type="ply">
        <string name="filename" value="meshes/Cube_009.ply"/>
        <boolean name="face_normals" value="true"/>
        <ref id="mat-Material" name="bsdf"/>
        <transform name="to_world">
            <matrix value="-0.0573829134066277 0.9915888474270113 0.11601094935891951 2.579638120160726 -0.8963682146422068 -7.31137221201319e-06 -0.44331050857618615 1.2430858177151638 -0.4395810173981033 -0.1294269569878792 0.888829185934856 0.7966650052493472 0.0 0.0 0.0 1.0"/>
        </transform>
    </shape>
    <shape name="temp14" type="ply">
        <string name="filename" value="meshes/Cube_010.ply"/>
        <boolean name="face_normals" value="true"/>
        <ref id="mat-Material" name="bsdf"/>
        <transform name="to_world">
            <matrix value="0.01633273540096485 0.997371423565411 0.07058924136483316 1.8829040910010257 -0.9748797486645142 0.00023663195653942344 0.22224653810858208 2.1989426437035697 0.221645661466561 -0.07245807981677976 0.9723208253412012 -0.5310918490997327 0.0 0.0 0.0 1.0"/>
        </transform>
    </shape>
    <shape name="temp15" type="ply">
        <string name="filename" value="meshes/Cube_011.ply"/>
        <boolean name="face_normals" value="true"/>
        <ref id="mat-Material" name="bsdf"/>
        <transform name="to_world">
            <matrix value="-0.02180755974448032 0.9997389570379394 0.00242016811490326 1.4394069755068397 -0.8262999820930559 -0.01938547170244231 0.5628967600128789 2.264728448480004 0.5627970824091755 0.010275616730945325 0.8265069847728312 -1.3766275807849804 0.0 0.0 0.0 1.0"/>
        </transform>
    </shape>
    <shape name="temp16" type="ply">
        <string name="filename" value="meshes/Cube_012.ply"/>
        <boolean name="face_normals" value="true"/>
        <ref id="mat-Material" name="bsdf"/>
        <transform name="to_world">
            <matrix value="0.09259585534025853 0.9899270581511526 0.10708883405567865 1.108776912158708 -0.7568458602159116 0.00010174063405385224 0.6535205647389888 1.8435322561941536 0.6469273634063617 -0.14157701028110878 0.7492311241874501 -1.7735306426717488 0.0 0.0 0.0 1.0"/>
        </transform>
    </shape>
    <shape name="temp17" type="ply">
        <string name="filename" value="meshes/Cube_013.ply"/>
        <boolean name="face_normals" value="true"/>
        <ref id="mat-Material" name="bsdf"/>
        <transform name="to_world">
            <matrix value="0.8913715566807973 0.20336250033894912 0.40477393278146057 0.688762292284526 -0.43550273302519205 0.13930603037401212 0.8891440645151224 1.479476144841216 0.12458275490357731 -0.9690347563633785 0.21290701957022382 -1.3942224296784032 0.0 0.0 0.0 1.0"/>
        </transform>
    </shape>
    <shape name="temp18" type="ply">
        <string name="filename" value="meshes/Cube_014.ply"/>
        <boolean name="face_normals" value="true"/>
        <ref id="mat-Material" name="bsdf"/>
        <transform name="to_world">
            <matrix value="0.9413470011187408 0.29198046401611943 0.1691449249941256 0.11073949302955616 -0.2161024649529189 0.1366600267404776 0.9667433139126689 1.024638902396096 0.25916341327631476 -0.9465933006968794 0.19174251016854515 -0.8576326425836416 0.0 0.0 0.0 1.0"/>
        </transform>
    </shape>
    <shape name="temp19" type="ply">
        <string name="filename" value="meshes/Cube_015.ply"/>
        <boolean name="face_normals" value="true"/>
        <ref id="mat-Material" name="bsdf"/>
        <transform name="to_world">
            <matrix value="0.9834451630861644 0.12769331050033061 0.12856917943871238 0.03357063964080248 -0.1495749760206515 0.17153280088773382 0.9737577543578297 0.6393439534189078 0.10228852076230394 -0.9768678181897823 0.18779286426511074 -0.2968762777349666 0.0 0.0 0.0 1.0"/>
        </transform>
    </shape>
    <shape name="temp20" type="ply">
        <string name="filename" value="meshes/Cube_016.ply"/>
        <boolean name="face_normals" value="true"/>
        <ref id="mat-Material" name="bsdf"/>
        <transform name="to_world">
            <matrix value="0.9849311291835321 0.03667027864745746 0.16901574676575726 0.06162564148531352 -0.1728780492777828 0.1809926307248505 0.968168895953432 0.3283641668080645 0.004913222239360882 -0.982798489017006 0.18460488411664505 0.14747239655035635 0.0 0.0 0.0 1.0"/>
        </transform>
    </shape>
    <shape name="temp21" type="ply">
        <string name="filename" value="meshes/Cube_017.ply"/>
        <boolean name="face_normals" value="true"/>
        <ref id="mat-Material" name="bsdf"/>
        <transform name="to_world">
            <matrix value="0.949393380104144 -0.07034226559843812 0.3061087862943661 0.2030141132616307 -0.290378386141089 0.1749000360850439 0.940790061562072 0.12983565730609284 -0.11971399418822148 -0.9820680276081875 0.14562284496106803 0.3841949887464997 0.0 0.0 0.0 1.0"/>
        </transform>
    </shape>
    <shape name="temp22" type="ply">
        <string name="filename" value="meshes/Cube_018.ply"/>
        <boolean name="face_normals" value="true"/>
        <ref id="mat-Material" name="bsdf"/>
        <transform name="to_world">
            <matrix value="0.25425429545039513 0.9573304785127122 0.13735758954300525 0.851196281053237 -0.46978491277899814 -0.0018856802865110768 0.8827385784414078 -0.0881040160263899 0.8453318724103633 -0.28898905559391186 0.4492597516619774 -0.14062376795994508 0.0 0.0 0.0 1.0"/>
        </transform>
    </shape>
    <shape name="temp23" type="ply">
        <string name="filename" value="meshes/Cube_019.ply"/>
        <boolean name="face_normals" value="true"/>
        <ref id="mat-Material" name="bsdf"/>
        <transform name="to_world">
            <matrix value="-0.07845519806675921 0.9841410403756182 -0.15909406926666858 0.502872176748244 -0.9174367982383822 -0.008833367402064564 0.39778017692772116 -0.03785917244057594 0.390066610286387 0.17716703203642714 0.9035802545599477 -0.05307846108634173 0.0 0.0 0.0 1.0"/>
        </transform>
    </shape>
    <shape name="temp24" type="ply">
        <string name="filename" value="meshes/Cube_020.ply"/>
        <boolean name="face_normals" value="true"/>
        <ref id="mat-Material" name="bsdf"/>
        <transform name="to_world">
            <matrix value="0.09459014684923002 0.950613995768666 -0.2956077510518954 0.11410074475957142 -0.9582278167137595 0.006433291037660015 -0.2859328002003282 0.15086199686824703 -0.2699102366667554 0.3103061338759444 0.9115133270386702 0.11435736405195523 0.0 0.0 0.0 1.0"/>
        </transform>
    </shape>
    <shape name="temp25" type="ply">
        <string name="filename" value="meshes/Cube_021.ply"/>
        <boolean name="face_normals" value="true"/>
        <ref id="mat-Material" name="bsdf"/>
        <transform name="to_world">
            <matrix value="0.20068810978907037 0.9345967965658719 -0.29368077458239583 -0.15788758382274348 -0.7897037730463259 -0.023067885771020584 -0.6130483839778809 0.10488441799881276 -0.5797271229923391 0.35495700039422395 0.7334276235508375 0.29629943038843143 0.0 0.0 0.0 1.0"/>
        </transform>
    </shape>
    <shape name="temp26" type="ply">
        <string name="filename" value="meshes/Cube_022.ply"/>
        <boolean name="face_normals" value="true"/>
        <ref id="mat-Material" name="bsdf"/>
        <transform name="to_world">
            <matrix value="0.6401646109140166 0.3998343842493998 -0.6559892411757169 -0.08156972279164637 -0.7093266368453992 -0.020298778948861444 -0.7045876296214696 -0.19196330043046334 -0.29503423594969747 0.9163625858584175 0.2706186371241846 0.6791284894399083 0.0 0.0 0.0 1.0"/>
        </transform>
    </shape>
    <shape name="temp27" type="ply">
        <string name="filename" value="meshes/Cube_023.ply"/>
        <boolean name="face_normals" value="true"/>
        <ref id="mat-Material" name="bsdf"/>
        <transform name="to_world">
            <matrix value="0.8578343767231001 0.2780377662314908 -0.43222144001633966 -0.06402549279581127 -0.4802254590649029 0.13412267454836335 -0.8668303546733702 -0.28703440411578207 -0.183040882794618 0.9511603531745453 0.2485758363312201 0.20663294268165022 0.0 0.0 0.0 1.0"/>
        </transform>
    </shape>
    <shape name="temp28" type="ply">
        <string name="filename" value="meshes/Cube_024.ply"/>
        <boolean name="face_normals" value="true"/>
        <ref id="mat-Material" name="bsdf"/>
        <transform name="to_world">
            <matrix value="0.8564126805986239 0.43986761169155425 -0.27032148819370805 -0.1906864876217218 -0.3780834516787317 0.17777345892875396 -0.9085425471407749 -0.5123741642957788 -0.3515824597049432 0.8802913085104386 0.31855417306313033 -0.3390987752297089 0.0 0.0 0.0 1.0"/>
        </transform>
    </shape>
    <shape name="temp29" type="ply">
        <string name="filename" value="meshes/Cube_025.ply"/>
        <boolean name="face_normals" value="true"/>
        <ref id="mat-Material" name="bsdf"/>
        <transform name="to_world">
            <matrix value="0.8998195121864734 0.3649261716688603 -0.23906943450927404 -0.26580008008504596 -0.32110747801080447 0.18304829972696346 -0.9291843510073514 -0.7930444893288631 -0.2953224092109066 0.912864735317246 0.2818909120651921 -0.7064979180664666 0.0 0.0 0.0 1.0"/>
        </transform>
    </shape>
    <shape name="temp30" type="ply">
        <string name="filename" value="meshes/Cube_026.ply"/>
        <boolean name="face_normals" value="true"/>
        <ref id="mat-Material" name="bsdf"/>
        <transform name="to_world">
            <matrix value="0.9232414848934537 0.23717541711599152 -0.30227965473043605 -0.3279417476991019 -0.3493096961670275 0.19045606906635687 -0.9174470864511908 -1.1462646712093447 -0.16002491901983418 0.9526141841338442 0.25868457345535745 -0.8853168795634379 0.0 0.0 0.0 1.0"/>
        </transform>
    </shape>
    <shape name="temp31" type="ply">
        <string name="filename" value="meshes/Cube_027.ply"/>
        <boolean name="face_normals" value="true"/>
        <ref id="mat-Material" name="bsdf"/>
        <transform name="to_world">
            <matrix value="0.8736990871004402 0.1730439716075366 -0.45464956519806854 -0.5862003481697282 -0.48230492511883294 0.18613297651551974 -0.8560002571981196 -1.582666868480791 -0.06350041753320321 0.9671659473992695 0.24608411134976532 -1.0224552941330234 0.0 0.0 0.0 1.0"/>
        </transform>
    </shape>
    <shape name="temp32" type="ply">
        <string name="filename" value="meshes/Cube_028.ply"/>
        <boolean name="face_normals" value="true"/>
        <ref id="mat-Material" name="bsdf"/>
        <transform name="to_world">
            <matrix value="-0.10554581163667696 0.9845685334245542 0.13958712846336888 -1.4858634326506506 -0.7978649515005487 -6.530224874484537e-05 -0.6028286592460597 -2.1213579803666276 -0.5935170213482688 -0.17499903008408024 0.7855595311996921 -1.3546423510178225 0.0 0.0 0.0 1.0"/>
        </transform>
    </shape>
    <shape name="temp33" type="ply">
        <string name="filename" value="meshes/Cube_029.ply"/>
        <boolean name="face_normals" value="true"/>
        <ref id="mat-Material" name="bsdf"/>
        <transform name="to_world">
            <matrix value="0.001769552033856535 0.9773438070347062 0.2116444202900949 -1.5769886420325063 -0.9983336347373442 -0.010467947929073074 0.05668542542412869 -1.8104190344527693 0.05761661232529648 -0.21139599059703018 0.975698323626153 -0.10213000006309425 0.0 0.0 0.0 1.0"/>
        </transform>
    </shape>
    <shape name="temp34" type="ply">
        <string name="filename" value="meshes/Cube_030.ply"/>
        <boolean name="face_normals" value="true"/>
        <ref id="mat-Material" name="bsdf"/>
        <transform name="to_world">
            <matrix value="-0.04299580890729911 0.9787109705019483 -0.2006885318430873 -3.2280779355482228 -0.9740874731165016 0.00357653155639745 0.22613210468367057 -1.9064735703693247 0.22203570154068653 0.20521186233878363 0.9531968162790847 0.2615334206636861 0.0 0.0 0.0 1.0"/>
        </transform>
    </shape>
    <shape name="temp35" type="ply">
        <string name="filename" value="meshes/Cube_031.ply"/>
        <boolean name="face_normals" value="true"/>
        <ref id="mat-Material" name="bsdf"/>
        <transform name="to_world">
            <matrix value="0.1376956688243648 0.977468436015794 0.15997856603538083 -1.8912102089256861 -0.7584147124162496 0.000179611741614399 0.6516951199966338 -1.1015756107777992 0.636982360773509 -0.2110800900248841 0.7413501766582304 0.6301653201970854 0.0 0.0 0.0 1.0"/>
        </transform>
    </shape>
    <shape name="temp36" type="ply">
        <string name="filename" value="meshes/Cube_032.ply"/>
        <boolean name="face_normals" value="true"/>
        <ref id="mat-Material" name="bsdf"/>
        <transform name="to_world">
            <matrix value="0.747782907555844 0.6138908646435404 0.2528852050091225 -0.6556413414975482 -0.31692576330565736 -0.004646891158747077 0.9484317770167949 0.15575478131095072 0.5834084627154373 -0.7893772305458855 0.1910826598824359 -0.11365960233403727 0.0 0.0 0.0 1.0"/>
        </transform>
    </shape>
    <shape name="temp37" type="ply">
        <string name="filename" value="meshes/Cube_033.ply"/>
        <boolean name="face_normals" value="true"/>
        <ref id="mat-Material" name="bsdf"/>
        <transform name="to_world">
            <matrix value="0.9766832970762038 0.1692732931044193 0.1320487414076207 -0.14191174546645557 -0.15011065516367122 0.09871867849477393 0.9837284366089374 0.3004440864384981 0.1534832995583545 -0.9806126322683726 0.12182658180389494 -0.3810294520014713 0.0 0.0 0.0 1.0"/>
        </transform>
    </shape>
    <shape name="temp38" type="ply">
        <string name="filename" value="meshes/Cube_034.ply"/>
        <boolean name="face_normals" value="true"/>
        <ref id="mat-Material" name="bsdf"/>
        <transform name="to_world">
            <matrix value="0.9999244273767036 0.001931857670574837 0.012157008105050302 -0.03362667484292836 -0.01230616176175963 0.18004219655711137 0.9835819897016738 0.3693667582059176 -0.00028863268070500173 -0.9836569167520124 0.18005235920175916 -0.3665695138378696 0.0 0.0 0.0 1.0"/>
        </transform>
    </shape>
    <shape name="temp39" type="ply">
        <string name="filename" value="meshes/Cube_035.ply"/>
        <boolean name="face_normals" value="true"/>
        <ref id="mat-Material" name="bsdf"/>
        <transform name="to_world">
            <matrix value="0.9988865781248062 -0.047069383404634325 0.0032079673736620613 0.00907248172191255 0.006492306662624308 0.20448933405364367 0.9788472276264821 0.09130327325722477 -0.0467297443207506 -0.977736362252124 0.2045672523439779 -0.14934635353557174 0.0 0.0 0.0 1.0"/>
        </transform>
    </shape>
    <shape name="temp40" type="ply">
        <string name="filename" value="meshes/Cube_036.ply"/>
        <boolean name="face_normals" value="true"/>
        <ref id="mat-Material" name="bsdf"/>
        <transform name="to_world">
            <matrix value="0.9989023131871346 -0.04673007969997267 0.0032786968565567316 0.003021948169962707 0.006515661041049453 0.20790653556462663 0.9781271674496868 -0.23964043052774814 -0.046389623191797555 -0.9770318695598668 0.2079827866376121 0.1874394547195497 0.0 0.0 0.0 1.0"/>
        </transform>
    </shape>
    <shape name="temp41" type="ply">
        <string name="filename" value="meshes/Cube_037.ply"/>
        <boolean name="face_normals" value="true"/>
        <ref id="mat-Material" name="bsdf"/>
        <transform name="to_world">
            <matrix value="0.998845356693917 -0.047924484223743964 0.0033975564287473743 -0.005441561430378883 0.006650636848945174 0.20795542767034542 0.9781158204738214 -0.5702780147784744 -0.04758225226806518 -0.9769634539853116 0.20803403714527108 0.5204568851171241 0.0 0.0 0.0 1.0"/>
        </transform>
    </shape>
    <shape name="temp42" type="ply">
        <string name="filename" value="meshes/Cube_038.ply"/>
        <boolean name="face_normals" value="true"/>
        <ref id="mat-Material" name="bsdf"/>
        <transform name="to_world">
            <matrix value="0.9990237612738397 -0.04403424533241 0.00356861208991911 0.009102512480779978 0.005673817476822918 0.2079923679089239 0.9781141657065076 -0.9039630355464982 -0.04381276960145525 -0.9771387688951094 0.20803916692394359 0.8662818641169491 0.0 0.0 0.0 1.0"/>
        </transform>
    </shape>
    <shape name="temp43" type="ply">
        <string name="filename" value="meshes/Cube_039.ply"/>
        <boolean name="face_normals" value="true"/>
        <ref id="mat-Material" name="bsdf"/>
        <transform name="to_world">
            <matrix value="0.9999431473693772 -0.009656983807650264 -0.004553343320389894 0.02186947967682973 0.008286251953799435 0.433015892410652 0.9013481823919851 -1.319252636195854 -0.006732629904586843 -0.9013345869269 0.4330711990443005 1.4759071763266527 0.0 0.0 0.0 1.0"/>
        </transform>
    </shape>
    <shape name="temp47" type="ply">
        <string name="filename" value="meshes/Plane_001.ply"/>
        <boolean name="face_normals" value="true"/>
        <ref id="mat-Material.002" name="bsdf"/>
    </shape>
    <shape name="temp49" type="ply">
        <string name="filename" value="meshes/Plane_002.ply"/>
        <boolean name="face_normals" value="true"/>
        <ref id="mat-Material.003" name="bsdf"/>
    </shape>
    <shape name="temp51" type="ply">
        <string name="filename" value="meshes/Plane_003.ply"/>
        <boolean name="face_normals" value="true"/>
        <ref id="mat-Material.004" name="bsdf"/>
    </shape>
    <shape name="temp53" type="ply">
        <string name="filename" value="meshes/Plane_004.ply"/>
        <boolean name="face_normals" value="true"/>
        <ref id="mat-Material.005" name="bsdf"/>
    </shape>
    <emitter type="point">
        <transform name="to_world">
            <rotate angle="-142.5518126578256" x="1"/>
            <rotate angle="3.976628485794621e-06" y="1"/>
            <rotate angle="-179.999991348578" z="1"/>
            <translate value="-0.000000 3.030926 4.073377"/>
        </transform>
        <rgb name="intensity" value="100"/>
    </emitter>
</scene>
