
<scene version="2.1.0">
    <default name="spp" value="1024"/>
    <default name="resx" value="1280"/>
    <default name="resy" value="720"/>
    <integrator name="temp0" type="path">
        <integer name="max_depth" value="12"/>
    </integrator>
    <sensor name="temp44" type="perspective">
        <string name="fov_axis" value="x"/>
        <float name="fov" value="83.974423"/>
        <float name="principal_point_offset_x" value="0.000000"/>
        <float name="principal_point_offset_y" value="-0.000000"/>
        <float name="near_clip" value="0.100000"/>
        <float name="far_clip" value="1000.000000"/>
        <sampler name="sampler" type="independent">
            <integer name="sample_count" value="$spp"/>
        </sampler>
        <film name="film" type="hdrfilm">
            <integer name="width" value="$resx"/>
            <integer name="height" value="$resy"/>
        </film>
        <float name="shutter_open" value="0.0"/>
        <float name="shutter_close" value="0.0015"/>
        <animation name="to_world">
            <transform time="0">
                <rotate angle="-142.5518126578256" x="1"/>
                <rotate angle="3.976628485794621e-06" y="1"/>
                <rotate angle="-179.999991348578" z="1"/>
                <translate value="-0.000000 3.030926 4.073377"/>
            </transform>
            <transform time="0.0015">
                <rotate angle="-142.5518126578256" x="1"/>
                <rotate angle="3.976628485794621e-06" y="1"/>
                <rotate angle="-179.999991348578" z="1"/>
                <translate value="-0.000000 3.030926 4.073377"/>
                <translate x="0.15" y="0.0" z="0.0"/>
            </transform>
        </animation>
    </sensor>
    <bsdf id="mat-Material" name="mat-Material" type="twosided">
        <bsdf name="bsdf" type="diffuse">
            <texture name="reflectance" type="bitmap">
                <string name="filename" value="textures/siggraph_2023_logo.jpg"/>
            </texture>
        </bsdf>
    </bsdf>
    <bsdf id="mat-Material.001" name="mat-Material.001" type="twosided">
        <bsdf name="bsdf" type="principled">
            <rgb name="base_color" value="0.433648 0.266232 0.084399"/>
            <float name="spec_tint" value="0.000000"/>
            <float name="spec_trans" value="0.000000"/>
            <float name="metallic" value="0.000000"/>
            <float name="anisotropic" value="0.000000"/>
            <float name="roughness" value="0.500000"/>
            <float name="sheen" value="0.000000"/>
            <float name="sheen_tint" value="0.500000"/>
            <float name="clearcoat" value="0.000000"/>
            <float name="clearcoat_gloss" value="0.173205"/>
            <float name="specular" value="0.500000"/>
        </bsdf>
    </bsdf>
    <bsdf id="mat-Material.002" name="mat-Material.002" type="twosided">
        <bsdf name="bsdf" type="principled">
            <rgb name="base_color" value="0.433648 0.266232 0.084399"/>
            <float name="spec_tint" value="0.000000"/>
            <float name="spec_trans" value="0.000000"/>
            <float name="metallic" value="0.000000"/>
            <float name="anisotropic" value="0.000000"/>
            <float name="roughness" value="0.500000"/>
            <float name="sheen" value="0.000000"/>
            <float name="sheen_tint" value="0.500000"/>
            <float name="clearcoat" value="0.000000"/>
            <float name="clearcoat_gloss" value="0.173205"/>
            <float name="specular" value="0.500000"/>
        </bsdf>
    </bsdf>
    <bsdf id="mat-Material.003" name="mat-Material.003" type="twosided">
        <bsdf name="bsdf" type="principled">
            <rgb name="base_color" value="0.433648 0.266232 0.084399"/>
            <float name="spec_tint" value="0.000000"/>
            <float name="spec_trans" value="0.000000"/>
            <float name="metallic" value="0.000000"/>
            <float name="anisotropic" value="0.000000"/>
            <float name="roughness" value="0.500000"/>
            <float name="sheen" value="0.000000"/>
            <float name="sheen_tint" value="0.500000"/>
            <float name="clearcoat" value="0.000000"/>
            <float name="clearcoat_gloss" value="0.173205"/>
            <float name="specular" value="0.500000"/>
        </bsdf>
    </bsdf>
    <bsdf id="mat-Material.004" name="mat-Material.004" type="twosided">
        <bsdf name="bsdf" type="principled">
            <rgb name="base_color" value="0.433648 0.266232 0.084399"/>
            <float name="spec_tint" value="0.000000"/>
            <float name="spec_trans" value="0.000000"/>
            <float name="metallic" value="0.000000"/>
            <float name="anisotropic" value="0.000000"/>
            <float name="roughness" value="0.500000"/>
            <float name="sheen" value="0.000000"/>
            <float name="sheen_tint" value="0.500000"/>
            <float name="clearcoat" value="0.000000"/>
            <float name="clearcoat_gloss" value="0.173205"/>
            <float name="specular" value="0.500000"/>
        </bsdf>
    </bsdf>
    <bsdf id="mat-Material.005" name="mat-Material.005" type="twosided">
        <bsdf name="bsdf" type="principled">
            <rgb name="base_color" value="0.433648 0.266232 0.084399"/>
            <float name="spec_tint" value="0.000000"/>
            <float name="spec_trans" value="0.000000"/>
            <float name="metallic" value="0.000000"/>
            <float name="anisotropic" value="0.000000"/>
            <float name="roughness" value="0.500000"/>
            <float name="sheen" value="0.000000"/>
            <float name="sheen_tint" value="0.500000"/>
            <float name="clearcoat" value="0.000000"/>
            <float name="clearcoat_gloss" value="0.173205"/>
            <float name="specular" value="0.500000"/>
        </bsdf>
    </bsdf>
    <emitter name="temp45" type="point">
        <point name="position" x="-6.815235034541981e-16" y="3.0693089962005615" z="4.109199523925781"/>
        <rgb name="intensity" value="7.957747 7.957747 7.957747"/>
    </emitter>
    <shape name="temp2" type="ply">
        <string name="filename" value="meshes/Cube.ply"/>
        <boolean name="face_normals" value="true"/>
        <ref id="mat-Material" name="bsdf"/>
        <transform name="to_world">
            <matrix value="0.9902744017573627 -0.13486916564286655 -0.03416581524948454 0.09257289987717066 -0.10060396044870193 -0.5245111310888297 -0.8454388230160167 1.9144672146829889 0.0961032893815367 0.8406534521706301 -0.5329783305856316 3.1416425986523326 0.0 0.0 0.0 1.0"/>
        </transform>
    </shape>
    <shape name="temp4" type="ply">
        <string name="filename" value="meshes/Plane.ply"/>
        <boolean name="face_normals" value="true"/>
        <ref id="mat-Material.001" name="bsdf"/>
    </shape>
    <shape name="temp5" type="ply">
        <string name="filename" value="meshes/Cube_001.ply"/>
        <boolean name="face_normals" value="true"/>
        <ref id="mat-Material" name="bsdf"/>
        <transform name="to_world">
            <matrix value="0.9980798791547214 -0.02983826391307885 -0.05428159222656507 0.045904442106385 -0.05430666439727176 -3.015917050287533e-05 -0.9985244203468299 1.172404901547435 0.029792589716449745 0.9995546730131847 -0.0016505169256692707 1.055462709866104 0.0 0.0 0.0 1.0"/>
        </transform>
    </shape>
    <shape name="temp6" type="ply">
        <string name="filename" value="meshes/Cube_002.ply"/>
        <boolean name="face_normals" value="true"/>
        <ref id="mat-Material" name="bsdf"/>
        <transform name="to_world">
            <matrix value="0.999738487696511 -0.02176176362001823 0.007060797569477769 -0.037655740072746635 0.011673364041083139 0.2197725182146038 -0.9754815491080567 0.6523467547976143 0.01967642949716946 0.9753084436916877 0.2199689754768212 0.5342873459514427 0.0 0.0 0.0 1.0"/>
        </transform>
    </shape>
    <shape name="temp7" type="ply">
        <string name="filename" value="meshes/Cube_003.ply"/>
        <boolean name="face_normals" value="true"/>
        <ref id="mat-Material" name="bsdf"/>
        <transform name="to_world">
            <matrix value="0.99508046600606 -0.061227225226991616 0.07788701343340106 -0.062249348774144675 0.08959690759484919 0.22065482882548398 -0.9712280879258248 0.13860264980825632 0.042279469777156055 0.9734282668958311 0.22505497373411484 0.19989983288278412 0.0 0.0 0.0 1.0"/>
        </transform>
    </shape>
    <shape name="temp8" type="ply">
        <string name="filename" value="meshes/Cube_004.ply"/>
        <boolean name="face_normals" value="true"/>
        <ref id="mat-Material" name="bsdf"/>
        <transform name="to_world">
            <matrix value="0.9809118180512636 -0.14973342956011707 0.12406457185732502 0.03755083872837561 0.15570868061280754 0.22265515004494987 -0.9623821746573804 -0.35948190503291944 0.11647718105693522 0.9633298777905941 0.24171989895517992 -0.29588196354660184 0.0 0.0 0.0 1.0"/>
        </transform>
    </shape>
    <shape name="temp9" type="ply">
        <string name="filename" value="meshes/Cube_005.ply"/>
        <boolean name="face_normals" value="true"/>
        <ref id="mat-Material" name="bsdf"/>
        <transform name="to_world">
            <matrix value="0.9775985901384153 -0.19254510109026896 0.08501601105573682 0.1056574129466159 0.12739594026527098 0.21976500918812825 -0.9671989659122662 -0.6204676979627893 0.1675458798958206 0.9563627527256723 0.23937131134636125 -0.7376759631648916 0.0 0.0 0.0 1.0"/>
        </transform>
    </shape>
    <shape name="temp10" type="ply">
        <string name="filename" value="meshes/Cube_006.ply"/>
        <boolean name="face_normals" value="true"/>
        <ref id="mat-Material" name="bsdf"/>
        <transform name="to_world">
            <matrix value="0.9861083777904249 -0.15232831966760044 -0.06623118706860807 0.036012751357159534 -0.03087756880433029 0.22367533472528436 -0.9741745193255547 -0.5496267489336495 0.16320867618039564 0.9626866045225199 0.21586467974815385 -1.0508620880458515 0.0 0.0 0.0 1.0"/>
        </transform>
    </shape>
    <shape name="temp11" type="ply">
        <string name="filename" value="meshes/Cube_007.ply"/>
        <boolean name="face_normals" value="true"/>
        <ref id="mat-Material" name="bsdf"/>
        <transform name="to_world">
            <matrix value="0.9146645462008024 -0.2528166149725816 -0.3153934492962747 0.17673723122522267 -0.2623287980894532 0.22235583190627067 -0.9390109503045008 -0.2588032802417534 0.3075271662526794 0.9416164848161228 0.13705986144396887 -1.801168086611413 0.0 0.0 0.0 1.0"/>
        </transform>
    </shape>
    <shape name="temp12" type="ply">
        <string name="filename" value="meshes/Cube_008.ply"/>
        <boolean name="face_normals" value="true"/>
        <ref id="mat-Material" name="bsdf"/>
        <transform name="to_world">
            <matrix value="0.38201482375843715 0.8821910922087594 -0.2753242043760558 1.671907282951284 -0.5176782317158576 -0.04251777657726058 -0.8545182948710252 0.18631446626981224 -0.7655546631632882 0.468967905169339 0.44044894310011673 0.9540203944267052 0.0 0.0 0.0 1.0"/>
        </transform>
    </shape>
    <shape name="temp13" type="ply">
        <string name="filename" value="meshes/Cube_009.ply"/>
        <boolean name="face_normals" value="true"/>
        <ref id="mat-Material" name="bsdf"/>
        <transform name="to_world">
            <matrix value="-0.07367781152320722 0.9903494408904038 0.1173855054675876 2.620244902315796 -0.8534657915312565 -0.001723079618624889 -0.5211462715019283 1.0139690353025415 -0.51591457501148 -0.13858139888991558 0.8453563210456616 0.90107604333365 0.0 0.0 0.0 1.0"/>
        </transform>
    </shape>
    <shape name="temp14" type="ply">
        <string name="filename" value="meshes/Cube_010.ply"/>
        <boolean name="face_normals" value="true"/>
        <ref id="mat-Material" name="bsdf"/>
        <transform name="to_world">
            <matrix value="0.024417142264466063 0.9954733085396403 0.0918522803402769 1.8984048069538781 -0.9990452584716689 0.020968393256059887 0.03832623122961977 1.915743523227584 0.03622674091843121 -0.09270039192946522 0.9950349888728719 -0.19125150028528215 0.0 0.0 0.0 1.0"/>
        </transform>
    </shape>
    <shape name="temp15" type="ply">
        <string name="filename" value="meshes/Cube_011.ply"/>
        <boolean name="face_normals" value="true"/>
        <ref id="mat-Material" name="bsdf"/>
        <transform name="to_world">
            <matrix value="0.07107691653059162 0.9921451411384102 0.10293737745857053 1.487063310789004 -0.8797889994627917 0.013728177413265529 0.4751661977371293 2.171189839516944 0.4700204954727345 -0.12433650450645882 0.8738542509317522 -1.1406532422632258 0.0 0.0 0.0 1.0"/>
        </transform>
    </shape>
    <shape name="temp16" type="ply">
        <string name="filename" value="meshes/Cube_012.ply"/>
        <boolean name="face_normals" value="true"/>
        <ref id="mat-Material" name="bsdf"/>
        <transform name="to_world">
            <matrix value="0.09435390504355287 0.9901648439895459 0.1033011898722567 1.0996701321455862 -0.7382399246844566 -2.5037388694326306e-05 0.6745384735764391 1.8464710994000937 0.6679068555228739 -0.13990636661153094 0.7309766767638992 -1.8277710034066674 0.0 0.0 0.0 1.0"/>
        </transform>
    </shape>
    <shape name="temp17" type="ply">
        <string name="filename" value="meshes/Cube_013.ply"/>
        <boolean name="face_normals" value="true"/>
        <ref id="mat-Material" name="bsdf"/>
        <transform name="to_world">
            <matrix value="0.9206150592081584 0.17613239248012716 0.3484904503378326 0.6164656204485036 -0.3722659996773204 0.12656409892725215 0.9194560921677026 1.4633366202744997 0.117839660158113 -0.9761961774883559 0.18208492171295837 -1.415611874638092 0.0 0.0 0.0 1.0"/>
        </transform>
    </shape>
    <shape name="temp18" type="ply">
        <string name="filename" value="meshes/Cube_014.ply"/>
        <boolean name="face_normals" value="true"/>
        <ref id="mat-Material" name="bsdf"/>
        <transform name="to_world">
            <matrix value="0.9392471459699624 0.2978232166583581 0.1706353502740531 0.112478525940928 -0.2162554718125196 0.12740525590136476 0.9679885263162373 1.026223648653714 0.26654965099188516 -0.9460810182239902 0.18407092616380968 -0.8717263183093094 0.0 0.0 0.0 1.0"/>
        </transform>
    </shape>
    <shape name="temp19" type="ply">
        <string name="filename" value="meshes/Cube_015.ply"/>
        <boolean name="face_normals" value="true"/>
        <ref id="mat-Material" name="bsdf"/>
        <transform name="to_world">
            <matrix value="0.9831430942135749 0.13037449183706248 0.1281884647588933 0.024944790415856843 -0.1495542323328493 0.17009432171589597 0.9740130613148024 0.6395518689847064 0.10518233169688686 -0.9767651948279495 0.18672512565593796 -0.29806517760778917 0.0 0.0 0.0 1.0"/>
        </transform>
    </shape>
    <shape name="temp20" type="ply">
        <string name="filename" value="meshes/Cube_016.ply"/>
        <boolean name="face_normals" value="true"/>
        <ref id="mat-Material" name="bsdf"/>
        <transform name="to_world">
            <matrix value="0.9850898095303948 0.024871334917181697 0.1702350857003992 0.05069413244662346 -0.1719790896535095 0.16918769020259772 0.9704631126362288 0.32960656063990673 -0.004664962847523256 -0.9852700016478142 0.17094240416887893 0.17661470525655532 0.0 0.0 0.0 1.0"/>
        </transform>
    </shape>
    <shape name="temp21" type="ply">
        <string name="filename" value="meshes/Cube_017.ply"/>
        <boolean name="face_normals" value="true"/>
        <ref id="mat-Material" name="bsdf"/>
        <transform name="to_world">
            <matrix value="0.945158210511199 -0.11203834609520194 0.30679646031087876 0.21095273610261978 -0.2883248496969117 0.15509166226901921 0.9448891565934676 0.13869562971973545 -0.15344544676052743 -0.9815263347816021 0.11428265127764584 0.42980645783179416 0.0 0.0 0.0 1.0"/>
        </transform>
    </shape>
    <shape name="temp22" type="ply">
        <string name="filename" value="meshes/Cube_018.ply"/>
        <boolean name="face_normals" value="true"/>
        <ref id="mat-Material" name="bsdf"/>
        <transform name="to_world">
            <matrix value="0.23312664996533855 0.9577940566055446 0.16817430940650116 0.8514179715089499 -0.5409803076803061 -0.01597217279938593 0.8408834849966976 -0.03991887458618322 0.8080792231577567 -0.2870112614538727 0.5144243702782988 -0.1484389071870449 0.0 0.0 0.0 1.0"/>
        </transform>
    </shape>
    <shape name="temp23" type="ply">
        <string name="filename" value="meshes/Cube_019.ply"/>
        <boolean name="face_normals" value="true"/>
        <ref id="mat-Material" name="bsdf"/>
        <transform name="to_world">
            <matrix value="-0.08059467897813402 0.9839221313954483 -0.15937839375046392 0.5059954585227273 -0.9135028110356419 -0.008942653981974165 0.4067340046645526 -0.046467275784141664 0.3987693851535476 0.17837319027247336 0.8995367124312267 -0.05728251004916429 0.0 0.0 0.0 1.0"/>
        </transform>
    </shape>
    <shape name="temp24" type="ply">
        <string name="filename" value="meshes/Cube_020.ply"/>
        <boolean name="face_normals" value="true"/>
        <ref id="mat-Material" name="bsdf"/>
        <transform name="to_world">
            <matrix value="0.09686554692900085 0.9443204480345317 -0.31444550395163284 0.13165323582920263 -0.9607425737934279 0.006189259682464222 -0.27737162510953567 0.14266430916526557 -0.25998140062114977 0.32896910314715183 0.9078486084349627 0.11580250734744002 0.0 0.0 0.0 1.0"/>
        </transform>
    </shape>
    <shape name="temp25" type="ply">
        <string name="filename" value="meshes/Cube_021.ply"/>
        <boolean name="face_normals" value="true"/>
        <ref id="mat-Material" name="bsdf"/>
        <transform name="to_world">
            <matrix value="0.19201279371377614 0.9388494085598731 -0.28581992065627126 -0.16830486738824416 -0.7951418992353204 -0.021875400220681945 -0.606028979230779 0.0949019285329917 -0.5752224627544426 0.3436324498407461 0.7423179791414216 0.3080260159295102 0.0 0.0 0.0 1.0"/>
        </transform>
    </shape>
    <shape name="temp26" type="ply">
        <string name="filename" value="meshes/Cube_022.ply"/>
        <boolean name="face_normals" value="true"/>
        <ref id="mat-Material" name="bsdf"/>
        <transform name="to_world">
            <matrix value="0.6378874592882965 0.4001351624765604 -0.6580210590416249 -0.08474465211268645 -0.7116259505307371 -0.02040849729779339 -0.7022624451503734 -0.19532513430402984 -0.29442903442565693 0.9162288834703384 0.2717281586080287 0.6876955276491714 0.0 0.0 0.0 1.0"/>
        </transform>
    </shape>
    <shape name="temp27" type="ply">
        <string name="filename" value="meshes/Cube_023.ply"/>
        <boolean name="face_normals" value="true"/>
        <ref id="mat-Material" name="bsdf"/>
        <transform name="to_world">
            <matrix value="0.8564022644306035 0.28439269705458436 -0.43092504802371134 -0.06615439532745526 -0.4802575940513486 0.13237650258748537 -0.8670808155260671 -0.28703163282615807 -0.18954717593306702 0.9495247411993167 0.24994929320160125 0.20388635117738096 0.0 0.0 0.0 1.0"/>
        </transform>
    </shape>
    <shape name="temp28" type="ply">
        <string name="filename" value="meshes/Cube_024.ply"/>
        <boolean name="face_normals" value="true"/>
        <ref id="mat-Material" name="bsdf"/>
        <transform name="to_world">
            <matrix value="0.8545668026530645 0.44572100212129995 -0.26654968249743155 -0.19335327435186 -0.37623526887897213 0.17753128239571317 -0.9093568108567865 -0.5109836732367198 -0.3579984646125097 0.877391364202385 0.3194081511946711 -0.34623489119391243 0.0 0.0 0.0 1.0"/>
        </transform>
    </shape>
    <shape name="temp29" type="ply">
        <string name="filename" value="meshes/Cube_025.ply"/>
        <boolean name="face_normals" value="true"/>
        <ref id="mat-Material" name="bsdf"/>
        <transform name="to_world">
            <matrix value="0.901181592370578 0.360675436931478 -0.2403847381283447 -0.26264830356411484 -0.3210176995072931 0.18274513321221553 -0.9292750086166097 -0.7929751180854551 -0.291237653516587 0.9146131912736769 0.28046982153570915 -0.6981325572025712 0.0 0.0 0.0 1.0"/>
        </transform>
    </shape>
    <shape name="temp30" type="ply">
        <string name="filename" value="meshes/Cube_026.ply"/>
        <boolean name="face_normals" value="true"/>
        <ref id="mat-Material" name="bsdf"/>
        <transform name="to_world">
            <matrix value="0.9233618248771778 0.2336963391410091 -0.3046135858287618 -0.3332444888731345 -0.35000554051490446 0.18628810048746097 -0.9180374837891903 -1.1477346998495976 -0.15779616933231919 0.954296936108614 0.25380631941453385 -0.8895278204736081 0.0 0.0 0.0 1.0"/>
        </transform>
    </shape>
    <shape name="temp31" type="ply">
        <string name="filename" value="meshes/Cube_027.ply"/>
        <boolean name="face_normals" value="true"/>
        <ref id="mat-Material" name="bsdf"/>
        <transform name="to_world">
            <matrix value="0.8727148700328177 0.17313712525264746 -0.45650065883378615 -0.5987224839644625 -0.48388729617553766 0.18228336980078136 -0.8559357212728849 -1.5838420881386481 -0.06498177392217039 0.9678824336754809 0.24286027002965815 -1.0286386277729767 0.0 0.0 0.0 1.0"/>
        </transform>
    </shape>
    <shape name="temp32" type="ply">
        <string name="filename" value="meshes/Cube_028.ply"/>
        <boolean name="face_normals" value="true"/>
        <ref id="mat-Material" name="bsdf"/>
        <transform name="to_world">
            <matrix value="-0.10567016295319195 0.9845603986458723 0.1395513263905601 -1.4859016684479491 -0.7972623650995432 -9.165142264764103e-06 -0.6036331125558543 -2.1220713654443903 -0.5943119744267562 -0.1750449811544294 0.7849540045605388 -1.3582732175496657 0.0 0.0 0.0 1.0"/>
        </transform>
    </shape>
    <shape name="temp33" type="ply">
        <string name="filename" value="meshes/Cube_029.ply"/>
        <boolean name="face_normals" value="true"/>
        <ref id="mat-Material" name="bsdf"/>
        <transform name="to_world">
            <matrix value="0.0021158472909984806 0.9768482112873184 0.21392309397990922 -1.5737736027523537 -0.9986312711980101 -0.00911543250949579 0.05150141766279719 -1.8208572024669853 0.05225911170919123 -0.21373922402554738 0.9754919505026002 -0.11973197436906236 0.0 0.0 0.0 1.0"/>
        </transform>
    </shape>
    <shape name="temp34" type="ply">
        <string name="filename" value="meshes/Cube_030.ply"/>
        <boolean name="face_normals" value="true"/>
        <ref id="mat-Material" name="bsdf"/>
        <transform name="to_world">
            <matrix value="-0.04105259835530488 0.9785547286980539 -0.201854066535685 -3.2242141786764105 -0.9764437739442282 0.0035388028668035744 0.21574242443811967 -1.928227095471198 0.21183008046414087 0.20595594608518927 0.9553587604945996 0.2377763955722303 0.0 0.0 0.0 1.0"/>
        </transform>
    </shape>
    <shape name="temp35" type="ply">
        <string name="filename" value="meshes/Cube_031.ply"/>
        <boolean name="face_normals" value="true"/>
        <ref id="mat-Material" name="bsdf"/>
        <transform name="to_world">
            <matrix value="0.14176045650296884 0.9765778863341976 0.16186283775573837 -1.8778064385102247 -0.7501644424823635 -0.0007048243409264888 0.6612509284426606 -1.065388710091886 0.6458773250216745 -0.21516301887894407 0.7324940983905733 0.638128638000182 0.0 0.0 0.0 1.0"/>
        </transform>
    </shape>
    <shape name="temp36" type="ply">
        <string name="filename" value="meshes/Cube_032.ply"/>
        <boolean name="face_normals" value="true"/>
        <ref id="mat-Material" name="bsdf"/>
        <transform name="to_world">
            <matrix value="0.6619483641740554 0.6130765524390778 0.4312328347440619 -0.7072575872259907 -0.5481603717552529 0.003564451434328349 0.8363657338349327 -0.6195019871735614 0.5112193210608712 -0.7900154977963094 0.33842379158252966 -0.16012241770149327 0.0 0.0 0.0 1.0"/>
        </transform>
    </shape>
    <shape name="temp37" type="ply">
        <string name="filename" value="meshes/Cube_033.ply"/>
        <boolean name="face_normals" value="true"/>
        <ref id="mat-Material" name="bsdf"/>
        <transform name="to_world">
            <matrix value="0.9766278919271595 0.1698334873379041 0.1317385316351323 -0.14472938281700287 -0.15002787987099908 0.09973468106452965 0.9836386063833358 0.3006113683919852 0.153915858637973 -0.9804129130225292 0.1228834225883303 -0.3857098250337778 0.0 0.0 0.0 1.0"/>
        </transform>
    </shape>
    <shape name="temp38" type="ply">
        <string name="filename" value="meshes/Cube_034.ply"/>
        <boolean name="face_normals" value="true"/>
        <ref id="mat-Material" name="bsdf"/>
        <transform name="to_world">
            <matrix value="0.9999162274146451 -0.0015098190950371595 0.012866170457108196 -0.03403255952450035 -0.012393360601531489 0.1776421448282623 0.9840173117028453 0.36929488093556084 -0.003771264496203196 -0.9840940046681115 0.17760853973403634 -0.37830919369929517 0.0 0.0 0.0 1.0"/>
        </transform>
    </shape>
    <shape name="temp39" type="ply">
        <string name="filename" value="meshes/Cube_035.ply"/>
        <boolean name="face_normals" value="true"/>
        <ref id="mat-Material" name="bsdf"/>
        <transform name="to_world">
            <matrix value="0.9987079519242873 -0.050666780692624265 0.0039541374147144745 0.008639800741491843 0.006482686112544257 0.20417850207436858 0.9789123545400432 0.09118480844915078 -0.05040569866336186 -0.9776216410143027 0.2042431307062878 -0.16001152460963614 0.0 0.0 0.0 1.0"/>
        </transform>
    </shape>
    <shape name="temp40" type="ply">
        <string name="filename" value="meshes/Cube_036.ply"/>
        <boolean name="face_normals" value="true"/>
        <ref id="mat-Material" name="bsdf"/>
        <transform name="to_world">
            <matrix value="0.9986773682820148 -0.051250524067472776 0.0041788075368504865 0.003130296778761199 0.006515751905493886 0.20674060276624193 0.9783740823724257 -0.23968051262887954 -0.05100611318252495 -0.977052623674709 0.20680107001982412 0.17671867386196546 0.0 0.0 0.0 1.0"/>
        </transform>
    </shape>
    <shape name="temp41" type="ply">
        <string name="filename" value="meshes/Cube_037.ply"/>
        <boolean name="face_normals" value="true"/>
        <ref id="mat-Material" name="bsdf"/>
        <transform name="to_world">
            <matrix value="0.9986942114473243 -0.05092928374316627 0.004031060455269039 -0.0063288760061834815 0.006603668795997355 0.20692918362281326 0.978333658770905 -0.570560390946178 -0.05065998613541551 -0.977029470843076 0.20699531606292088 0.516593059834181 0.0 0.0 0.0 1.0"/>
        </transform>
    </shape>
    <shape name="temp42" type="ply">
        <string name="filename" value="meshes/Cube_038.ply"/>
        <boolean name="face_normals" value="true"/>
        <ref id="mat-Material" name="bsdf"/>
        <transform name="to_world">
            <matrix value="0.9989140590787321 -0.046421531716250575 0.004003331282997833 0.01017126214180264 0.0056983176337303005 0.206987712312509 0.9783270397016501 -0.9040988680163407 -0.046244062784228414 -0.977241600841011 0.20702746582787301 0.8665327324413854 0.0 0.0 0.0 1.0"/>
        </transform>
    </shape>
    <shape name="temp43" type="ply">
        <string name="filename" value="meshes/Cube_039.ply"/>
        <boolean name="face_normals" value="true"/>
        <ref id="mat-Material" name="bsdf"/>
        <transform name="to_world">
            <matrix value="0.9999241076048696 -0.01182051045778815 -0.0035165111187260597 0.0223423930602622 0.008288733943464719 0.4330188176850425 0.9013467542356922 -1.3192453398682291 -0.009131670519415169 -0.9013074033234305 0.4330838310523855 1.4752181324601166 0.0 0.0 0.0 1.0"/>
        </transform>
    </shape>
    <shape name="temp47" type="ply">
        <string name="filename" value="meshes/Plane_001.ply"/>
        <boolean name="face_normals" value="true"/>
        <ref id="mat-Material.002" name="bsdf"/>
    </shape>
    <shape name="temp49" type="ply">
        <string name="filename" value="meshes/Plane_002.ply"/>
        <boolean name="face_normals" value="true"/>
        <ref id="mat-Material.003" name="bsdf"/>
    </shape>
    <shape name="temp51" type="ply">
        <string name="filename" value="meshes/Plane_003.ply"/>
        <boolean name="face_normals" value="true"/>
        <ref id="mat-Material.004" name="bsdf"/>
    </shape>
    <shape name="temp53" type="ply">
        <string name="filename" value="meshes/Plane_004.ply"/>
        <boolean name="face_normals" value="true"/>
        <ref id="mat-Material.005" name="bsdf"/>
    </shape>
    <emitter type="point">
        <transform name="to_world">
            <rotate angle="-142.5518126578256" x="1"/>
            <rotate angle="3.976628485794621e-06" y="1"/>
            <rotate angle="-179.999991348578" z="1"/>
            <translate value="-0.000000 3.030926 4.073377"/>
        </transform>
        <rgb name="intensity" value="100"/>
    </emitter>
</scene>
