
<scene version="2.1.0">
    <default name="spp" value="1024"/>
    <default name="resx" value="640"/>
    <default name="resy" value="360"/>
    <integrator name="temp0" type="path">
        <integer name="max_depth" value="12"/>
    </integrator>
    <sensor name="temp44" type="perspective">
        <string name="fov_axis" value="x"/>
        <float name="fov" value="83.974423"/>
        <float name="principal_point_offset_x" value="0.000000"/>
        <float name="principal_point_offset_y" value="-0.000000"/>
        <float name="near_clip" value="0.100000"/>
        <float name="far_clip" value="1000.000000"/>
        <sampler name="sampler" type="independent">
            <integer name="sample_count" value="$spp"/>
        </sampler>
        <film name="film" type="hdrfilm">
            <integer name="width" value="$resx"/>
            <integer name="height" value="$resy"/>
        </film>
        <float name="shutter_open" value="0.0"/>
        <float name="shutter_close" value="0.0015"/>
        <animation name="to_world">
            <transform time="0">
                <rotate angle="-142.5518126578256" x="1"/>
                <rotate angle="3.976628485794621e-06" y="1"/>
                <rotate angle="-179.999991348578" z="1"/>
                <translate value="-0.000000 3.030926 4.073377"/>
            </transform>
            <transform time="0.0015">
                <rotate angle="-142.5518126578256" x="1"/>
                <rotate angle="3.976628485794621e-06" y="1"/>
                <rotate angle="-179.999991348578" z="1"/>
                <translate value="-0.000000 3.030926 4.073377"/>
                <translate x="0.15" y="0.0" z="0.0"/>
            </transform>
        </animation>
    </sensor>
    <bsdf id="mat-Material" name="mat-Material" type="twosided">
        <bsdf name="bsdf" type="diffuse">
            <texture name="reflectance" type="bitmap">
                <string name="filename" value="textures/siggraph_2023_logo.jpg"/>
            </texture>
        </bsdf>
    </bsdf>
    <bsdf id="mat-Material.001" name="mat-Material.001" type="twosided">
        <bsdf name="bsdf" type="principled">
            <rgb name="base_color" value="0.433648 0.266232 0.084399"/>
            <float name="spec_tint" value="0.000000"/>
            <float name="spec_trans" value="0.000000"/>
            <float name="metallic" value="0.000000"/>
            <float name="anisotropic" value="0.000000"/>
            <float name="roughness" value="0.500000"/>
            <float name="sheen" value="0.000000"/>
            <float name="sheen_tint" value="0.500000"/>
            <float name="clearcoat" value="0.000000"/>
            <float name="clearcoat_gloss" value="0.173205"/>
            <float name="specular" value="0.500000"/>
        </bsdf>
    </bsdf>
    <bsdf id="mat-Material.002" name="mat-Material.002" type="twosided">
        <bsdf name="bsdf" type="principled">
            <rgb name="base_color" value="0.433648 0.266232 0.084399"/>
            <float name="spec_tint" value="0.000000"/>
            <float name="spec_trans" value="0.000000"/>
            <float name="metallic" value="0.000000"/>
            <float name="anisotropic" value="0.000000"/>
            <float name="roughness" value="0.500000"/>
            <float name="sheen" value="0.000000"/>
            <float name="sheen_tint" value="0.500000"/>
            <float name="clearcoat" value="0.000000"/>
            <float name="clearcoat_gloss" value="0.173205"/>
            <float name="specular" value="0.500000"/>
        </bsdf>
    </bsdf>
    <bsdf id="mat-Material.003" name="mat-Material.003" type="twosided">
        <bsdf name="bsdf" type="principled">
            <rgb name="base_color" value="0.433648 0.266232 0.084399"/>
            <float name="spec_tint" value="0.000000"/>
            <float name="spec_trans" value="0.000000"/>
            <float name="metallic" value="0.000000"/>
            <float name="anisotropic" value="0.000000"/>
            <float name="roughness" value="0.500000"/>
            <float name="sheen" value="0.000000"/>
            <float name="sheen_tint" value="0.500000"/>
            <float name="clearcoat" value="0.000000"/>
            <float name="clearcoat_gloss" value="0.173205"/>
            <float name="specular" value="0.500000"/>
        </bsdf>
    </bsdf>
    <bsdf id="mat-Material.004" name="mat-Material.004" type="twosided">
        <bsdf name="bsdf" type="principled">
            <rgb name="base_color" value="0.433648 0.266232 0.084399"/>
            <float name="spec_tint" value="0.000000"/>
            <float name="spec_trans" value="0.000000"/>
            <float name="metallic" value="0.000000"/>
            <float name="anisotropic" value="0.000000"/>
            <float name="roughness" value="0.500000"/>
            <float name="sheen" value="0.000000"/>
            <float name="sheen_tint" value="0.500000"/>
            <float name="clearcoat" value="0.000000"/>
            <float name="clearcoat_gloss" value="0.173205"/>
            <float name="specular" value="0.500000"/>
        </bsdf>
    </bsdf>
    <bsdf id="mat-Material.005" name="mat-Material.005" type="twosided">
        <bsdf name="bsdf" type="principled">
            <rgb name="base_color" value="0.433648 0.266232 0.084399"/>
            <float name="spec_tint" value="0.000000"/>
            <float name="spec_trans" value="0.000000"/>
            <float name="metallic" value="0.000000"/>
            <float name="anisotropic" value="0.000000"/>
            <float name="roughness" value="0.500000"/>
            <float name="sheen" value="0.000000"/>
            <float name="sheen_tint" value="0.500000"/>
            <float name="clearcoat" value="0.000000"/>
            <float name="clearcoat_gloss" value="0.173205"/>
            <float name="specular" value="0.500000"/>
        </bsdf>
    </bsdf>
    <emitter name="temp45" type="point">
        <point name="position" x="-6.815235034541981e-16" y="3.0693089962005615" z="4.109199523925781"/>
        <rgb name="intensity" value="7.957747 7.957747 7.957747"/>
    </emitter>
    <shape name="temp2" type="ply">
        <string name="filename" value="meshes/Cube.ply"/>
        <boolean name="face_normals" value="true"/>
        <ref id="mat-Material" name="bsdf"/>
        <transform name="to_world">
            <matrix value="0.9999995567588077 0.00020949349530581554 0.0012008008128217044 -0.001991968751459794 -0.00020737482425486724 0.99999833132745 -0.0017635375331958142 -0.014965009723945377 -0.0012011659016323687 0.0017632883695609097 0.9999978724420252 0.002766840485900035 0.0 0.0 0.0 1.0"/>
            <scale value="1"/>
        </transform>
    </shape>
    <shape name="temp4" type="ply">
        <string name="filename" value="meshes/Plane.ply"/>
        <boolean name="face_normals" value="true"/>
        <ref id="mat-Material.001" name="bsdf"/>
        <transform name="to_world">
            <scale value="1"/>
        </transform>
    </shape>
    <shape name="temp5" type="ply">
        <string name="filename" value="meshes/Cube_001.ply"/>
        <boolean name="face_normals" value="true"/>
        <ref id="mat-Material" name="bsdf"/>
        <transform name="to_world">
            <matrix value="0.9999991135176153 -0.00017049786931373756 -0.00143544445395279 0.00204792783037977 0.00017602304499607287 0.9999924909735245 0.003849674318153129 -0.021853557567132476 0.001434776172062685 -0.0038499216766821782 0.9999917261634315 -0.002971661568918149 0.0 0.0 0.0 1.0"/>
            <scale value="1"/>
        </transform>
    </shape>
    <shape name="temp6" type="ply">
        <string name="filename" value="meshes/Cube_002.ply"/>
        <boolean name="face_normals" value="true"/>
        <ref id="mat-Material" name="bsdf"/>
        <transform name="to_world">
            <matrix value="1.0 5.612037803776624e-06 0.00030906089118202867 -0.0008898834840893599 -5.585193616617645e-06 1.0 -8.691452559475884e-05 -0.017703588233729917 -0.0003090601159164366 8.691280977341514e-05 1.0 0.0007583054856750149 0.0 0.0 0.0 1.0"/>
            <scale value="1"/>
        </transform>
    </shape>
    <shape name="temp7" type="ply">
        <string name="filename" value="meshes/Cube_003.ply"/>
        <boolean name="face_normals" value="true"/>
        <ref id="mat-Material" name="bsdf"/>
        <transform name="to_world">
            <matrix value="0.9999995567588077 9.829482523783799e-05 0.001164216271468833 -0.0013953735694358649 -9.888134787873629e-05 0.9999997914159312 0.0005037182621539113 -0.01772367166635136 -0.001164168559306558 -0.0005038327322635751 0.9999992908140084 0.0035341269783401574 0.0 0.0 0.0 1.0"/>
            <scale value="1"/>
        </transform>
    </shape>
    <shape name="temp8" type="ply">
        <string name="filename" value="meshes/Cube_004.ply"/>
        <boolean name="face_normals" value="true"/>
        <ref id="mat-Material" name="bsdf"/>
        <transform name="to_world">
            <matrix value="1.0 5.5901990517768236e-05 0.0007966806313268256 -0.0005785535772111494 -5.5524824166218994e-05 0.9999997914159312 -0.0004733651017138189 -0.01766263488082853 -0.0007967083136091003 0.0004733189688437977 0.9999995272093389 0.0025579609113550277 0.0 0.0 0.0 1.0"/>
            <scale value="1"/>
        </transform>
    </shape>
    <shape name="temp9" type="ply">
        <string name="filename" value="meshes/Cube_005.ply"/>
        <boolean name="face_normals" value="true"/>
        <ref id="mat-Material" name="bsdf"/>
        <transform name="to_world">
            <matrix value="1.0 0.00033363438967258556 0.0007783363536776731 -0.0005620258435801162 -0.00033617761206467065 0.9999945768142122 0.0032693710607673105 -0.01562693416477079 -0.0007772411604409008 -0.0032696428832158656 0.9999945629073977 0.0020046840853295 0.0 0.0 0.0 1.0"/>
            <scale value="1"/>
        </transform>
    </shape>
    <shape name="temp10" type="ply">
        <string name="filename" value="meshes/Cube_006.ply"/>
        <boolean name="face_normals" value="true"/>
        <ref id="mat-Material" name="bsdf"/>
        <transform name="to_world">
            <matrix value="0.9999995567588077 0.00012353787782396757 -0.001054602120655231 -0.0010018173077259718 -0.00012274722663985945 0.9999995828318625 0.0007497041512438414 -0.017000038084194924 0.0010546968496189012 -0.0007495760528802331 0.9999992908140084 -0.0021686330311891933 0.0 0.0 0.0 1.0"/>
            <scale value="1"/>
        </transform>
    </shape>
    <shape name="temp11" type="ply">
        <string name="filename" value="meshes/Cube_007.ply"/>
        <boolean name="face_normals" value="true"/>
        <ref id="mat-Material" name="bsdf"/>
        <transform name="to_world">
            <matrix value="0.9999986702764229 0.0017782709632203713 -6.418771491290486e-05 0.00046814168855968674 -0.0017786116622076605 0.9999818531860174 -0.005768187902138007 -0.019016398922164224 5.392915587374364e-05 0.005768300644733357 0.9999834523268629 -0.0001723121768435476 0.0 0.0 0.0 1.0"/>
            <scale value="1"/>
        </transform>
    </shape>
    <shape name="temp12" type="ply">
        <string name="filename" value="meshes/Cube_008.ply"/>
        <boolean name="face_normals" value="true"/>
        <ref id="mat-Material" name="bsdf"/>
        <transform name="to_world">
            <matrix value="0.9999991135176153 -0.001328265435742549 0.00011642919179746026 0.00022518702125218226 0.001328088017063013 0.9999979141593124 0.0015173247045885752 -0.018789109779251634 -0.00011844468438567657 -0.0015171695976204731 0.999999054418678 0.00016498615974902542 0.0 0.0 0.0 1.0"/>
            <scale value="1"/>
        </transform>
    </shape>
    <shape name="temp13" type="ply">
        <string name="filename" value="meshes/Cube_009.ply"/>
        <boolean name="face_normals" value="true"/>
        <ref id="mat-Material" name="bsdf"/>
        <transform name="to_world">
            <matrix value="0.9999995567588077 0.0007229440389801908 0.0007854187577803613 0.0013550243110937998 -0.0007227446558409438 0.9999995828318625 -0.00025504692210915697 -0.016694595663636458 -0.0007856051217406259 0.00025447882141657786 0.9999997636046695 0.001301933286909529 0.0 0.0 0.0 1.0"/>
            <scale value="1"/>
        </transform>
    </shape>
    <shape name="temp14" type="ply">
        <string name="filename" value="meshes/Cube_010.ply"/>
        <boolean name="face_normals" value="true"/>
        <ref id="mat-Material" name="bsdf"/>
        <transform name="to_world">
            <matrix value="0.9999880324878064 0.00018608827694958316 0.004909434584920531 0.00993338093202345 -0.00018722463640924992 1.0 0.00023103459361987916 -0.017093456885147407 -0.004909383770635094 -0.0002319517419898503 0.9999879438381429 0.00814281923515181 0.0 0.0 0.0 1.0"/>
            <scale value="1"/>
        </transform>
    </shape>
    <shape name="temp15" type="ply">
        <string name="filename" value="meshes/Cube_011.ply"/>
        <boolean name="face_normals" value="true"/>
        <ref id="mat-Material" name="bsdf"/>
        <transform name="to_world">
            <matrix value="0.9999986702764229 0.0015110831144938813 -0.0007792393838402988 -0.0017650202583074925 -0.0015105482538956467 0.9999985399115188 0.0006899765070320519 -0.014527920199563005 0.0007802817950204511 -0.0006887988269231972 0.9999995272093389 -0.0011529232650389076 0.0 0.0 0.0 1.0"/>
            <scale value="1"/>
        </transform>
    </shape>
    <shape name="temp16" type="ply">
        <string name="filename" value="meshes/Cube_012.ply"/>
        <boolean name="face_normals" value="true"/>
        <ref id="mat-Material" name="bsdf"/>
        <transform name="to_world">
            <matrix value="0.9999946811056918 0.0032931252776775416 -0.00018927772243500427 -0.0004646598215485298 -0.003292546278812894 0.9999899879646993 0.002994277814629183 -0.009616972129725121 0.00019913630021257847 -0.002993640271743325 0.9999955084887199 -0.00025313073336485914 0.0 0.0 0.0 1.0"/>
            <scale value="1"/>
        </transform>
    </shape>
    <shape name="temp17" type="ply">
        <string name="filename" value="meshes/Cube_013.ply"/>
        <boolean name="face_normals" value="true"/>
        <ref id="mat-Material" name="bsdf"/>
        <transform name="to_world">
            <matrix value="0.9999986702764229 0.0017592105510165345 0.00029193877739171794 -0.00019918041505351258 -0.0017603013685515054 0.9999912394691118 0.003772680358999405 -0.01162962974366838 -0.0002853001718002862 -0.0037731898553052317 0.9999929081400841 4.9069717780403366e-05 0.0 0.0 0.0 1.0"/>
            <scale value="1"/>
        </transform>
    </shape>
    <shape name="temp18" type="ply">
        <string name="filename" value="meshes/Cube_014.ply"/>
        <boolean name="face_normals" value="true"/>
        <ref id="mat-Material" name="bsdf"/>
        <transform name="to_world">
            <matrix value="1.0 -0.0005284977983951542 -6.495576334179786e-05 -0.0003448765412952248 0.0005283213392266682 0.9999962454867622 -0.0026826142108580158 -0.02031369475653466 6.637315234908968e-05 0.002682580935833283 0.999996454070042 5.714011446678047e-05 0.0 0.0 0.0 1.0"/>
            <scale value="1"/>
        </transform>
    </shape>
    <shape name="temp19" type="ply">
        <string name="filename" value="meshes/Cube_015.ply"/>
        <boolean name="face_normals" value="true"/>
        <ref id="mat-Material" name="bsdf"/>
        <transform name="to_world">
            <matrix value="1.0 -0.00010528718897508047 -0.0005979359850900737 0.0004115099377473008 0.00010564565171525477 0.9999997914159312 0.0005992928942873177 -0.01759545335115298 0.0005978703147189762 -0.0005993558923956506 0.9999997636046695 -0.0029514052587085726 0.0 0.0 0.0 1.0"/>
            <scale value="1"/>
        </transform>
    </shape>
    <shape name="temp20" type="ply">
        <string name="filename" value="meshes/Cube_016.ply"/>
        <boolean name="face_normals" value="true"/>
        <ref id="mat-Material" name="bsdf"/>
        <transform name="to_world">
            <matrix value="0.9990607719134014 0.029825081399932837 -0.031433132507620205 0.06405096596569904 -0.025480367074625858 0.9911141100864999 0.13055102333174634 0.0264785270184143 0.03504752432064422 -0.1296274897115908 0.9909432220967226 -0.13442421903937596 0.0 0.0 0.0 1.0"/>
            <scale value="1"/>
        </transform>
    </shape>
    <shape name="temp21" type="ply">
        <string name="filename" value="meshes/Cube_017.ply"/>
        <boolean name="face_normals" value="true"/>
        <ref id="mat-Material" name="bsdf"/>
        <transform name="to_world">
            <matrix value="0.9891716176707853 0.1456555484405212 0.018005570419568618 0.2207745590160577 -0.14631311976199723 0.9690692770267593 0.1987391618650835 0.06661600135162848 0.011498806794710183 -0.19922152253855158 0.9798870124878197 -0.21708408491694242 0.0 0.0 0.0 1.0"/>
            <scale value="1"/>
        </transform>
    </shape>
    <shape name="temp22" type="ply">
        <string name="filename" value="meshes/Cube_018.ply"/>
        <boolean name="face_normals" value="true"/>
        <ref id="mat-Material" name="bsdf"/>
        <transform name="to_world">
            <matrix value="0.20590388403392035 0.9778635985340712 0.037234983104825724 0.7374703304719058 -0.9667285431371193 0.1973623710168265 0.16273993535060502 0.5453441015977776 0.15178869983174564 -0.06950488399597017 0.9859661548077373 -0.24832702273440677 0.0 0.0 0.0 1.0"/>
            <scale value="1"/>
        </transform>
    </shape>
    <shape name="temp23" type="ply">
        <string name="filename" value="meshes/Cube_019.ply"/>
        <boolean name="face_normals" value="true"/>
        <ref id="mat-Material" name="bsdf"/>
        <transform name="to_world">
            <matrix value="-0.014546134316265 0.997489064980195 -0.06931059084176122 0.37688191971224055 -0.9927312876865824 -0.006124820878430948 0.12019745156377874 0.2131692609786629 0.11947109801481136 0.07055518821583445 0.9903276486560215 -0.011968313381862328 0.0 0.0 0.0 1.0"/>
            <scale value="1"/>
        </transform>
    </shape>
    <shape name="temp24" type="ply">
        <string name="filename" value="meshes/Cube_020.ply"/>
        <boolean name="face_normals" value="true"/>
        <ref id="mat-Material" name="bsdf"/>
        <transform name="to_world">
            <matrix value="0.1888793643100292 0.9818420986209406 0.017630198417368972 -0.1911347032933327 -0.9772406165933841 0.18969908666523602 -0.09494515943809514 -0.02697482656096875 -0.0965655771563778 0.0007042253732064918 0.9953264642374425 0.10088026436676101 0.0 0.0 0.0 1.0"/>
            <scale value="1"/>
        </transform>
    </shape>
    <shape name="temp25" type="ply">
        <string name="filename" value="meshes/Cube_021.ply"/>
        <boolean name="face_normals" value="true"/>
        <ref id="mat-Material" name="bsdf"/>
        <transform name="to_world">
            <matrix value="0.30082620158254836 0.953623000982431 0.010331823397558794 -0.3399557019957879 -0.8041986465186951 0.2594825446422053 -0.5347276560315559 0.026349111836889205 -0.5126097686812865 0.15255125432029754 0.8449613044483455 0.06608985179220606 0.0 0.0 0.0 1.0"/>
            <scale value="1"/>
        </transform>
    </shape>
    <shape name="temp26" type="ply">
        <string name="filename" value="meshes/Cube_022.ply"/>
        <boolean name="face_normals" value="true"/>
        <ref id="mat-Material" name="bsdf"/>
        <transform name="to_world">
            <matrix value="0.5333228728411937 0.8372729301681396 -0.12058549449884426 -0.25815144732880524 -0.49069548089009923 0.19009338308758655 -0.8503426077525377 0.08507060448241548 -0.6890463577098259 0.5126777396995973 0.51222731207635 0.08221626766033241 0.0 0.0 0.0 1.0"/>
            <scale value="1"/>
        </transform>
    </shape>
    <shape name="temp27" type="ply">
        <string name="filename" value="meshes/Cube_023.ply"/>
        <boolean name="face_normals" value="true"/>
        <ref id="mat-Material" name="bsdf"/>
        <transform name="to_world">
            <matrix value="0.7787441913241742 0.6074477027593587 -0.15673194802517706 -0.20706525246634166 -0.4055560283461607 0.2968585153403153 -0.8645227816543986 -0.19357322776316763 -0.4786251367399078 0.736805493270035 0.47753086022842406 -0.16374782917431852 0.0 0.0 0.0 1.0"/>
            <scale value="1"/>
        </transform>
    </shape>
    <shape name="temp28" type="ply">
        <string name="filename" value="meshes/Cube_024.ply"/>
        <boolean name="face_normals" value="true"/>
        <ref id="mat-Material" name="bsdf"/>
        <transform name="to_world">
            <matrix value="0.8548128015148211 0.496501419414588 -0.1509369528925569 -0.1577473848254628 -0.33202484100938434 0.29974594460424303 -0.8943780935283941 -0.46374304787675436 -0.39881721087820265 0.8146403072026165 0.42107752773981005 -0.38458253626914607 0.0 0.0 0.0 1.0"/>
            <scale value="1"/>
        </transform>
    </shape>
    <shape name="temp29" type="ply">
        <string name="filename" value="meshes/Cube_025.ply"/>
        <boolean name="face_normals" value="true"/>
        <ref id="mat-Material" name="bsdf"/>
        <transform name="to_world">
            <matrix value="0.8675985369494723 0.45972950817962427 -0.18952974349688265 -0.28443055054562405 -0.32282390736613675 0.23082205067341366 -0.9178814628710402 -0.7889995004524558 -0.37822958829985087 0.857537081032825 0.3486724747423409 -0.7926344341237197 0.0 0.0 0.0 1.0"/>
            <scale value="1"/>
        </transform>
    </shape>
    <shape name="temp30" type="ply">
        <string name="filename" value="meshes/Cube_026.ply"/>
        <boolean name="face_normals" value="true"/>
        <ref id="mat-Material" name="bsdf"/>
        <transform name="to_world">
            <matrix value="0.8990890507014735 0.3657306804220907 -0.24058307381065963 -0.27996290134488144 -0.34399815966256936 0.25035365428859274 -0.9049799513120177 -1.1200803789369096 -0.2707481202141032 0.8964173600348753 0.3509009735232502 -0.8692748357905371 0.0 0.0 0.0 1.0"/>
            <scale value="1"/>
        </transform>
    </shape>
    <shape name="temp31" type="ply">
        <string name="filename" value="meshes/Cube_027.ply"/>
        <boolean name="face_normals" value="true"/>
        <ref id="mat-Material" name="bsdf"/>
        <transform name="to_world">
            <matrix value="0.8601228309992253 0.3458165336247948 -0.37496672735722786 -0.48892834722624945 -0.4714042944752645 0.25809566916898025 -0.8433058279486416 -1.5589122484450026 -0.19485184219904367 0.9021073248467429 0.3850132925094357 -0.9698002400106689 0.0 0.0 0.0 1.0"/>
            <scale value="1"/>
        </transform>
    </shape>
    <shape name="temp32" type="ply">
        <string name="filename" value="meshes/Cube_028.ply"/>
        <boolean name="face_normals" value="true"/>
        <ref id="mat-Material" name="bsdf"/>
        <transform name="to_world">
            <matrix value="-0.10831547071328146 0.9792031254236864 0.17154904186608583 -1.4382062549361736 -0.8535832504472303 -0.003153837008236985 -0.5209474630289522 -2.0841350593472714 -0.5095722367900828 -0.20285797719341792 0.83617283524522 -1.0917987979483617 0.0 0.0 0.0 1.0"/>
            <scale value="1"/>
        </transform>
    </shape>
    <shape name="temp33" type="ply">
        <string name="filename" value="meshes/Cube_029.ply"/>
        <boolean name="face_normals" value="true"/>
        <ref id="mat-Material" name="bsdf"/>
        <transform name="to_world">
            <matrix value="0.01566444957422251 0.9893663841743096 0.14459869765084504 -1.6462392043169376 -0.9799362441868918 -0.013547656245111311 0.19885208791447784 -1.5358415941353336 0.1986965606256438 -0.14481234734253468 0.9693035935399775 0.2056172680240842 0.0 0.0 0.0 1.0"/>
            <scale value="1"/>
        </transform>
    </shape>
    <shape name="temp34" type="ply">
        <string name="filename" value="meshes/Cube_030.ply"/>
        <boolean name="face_normals" value="true"/>
        <ref id="mat-Material" name="bsdf"/>
        <transform name="to_world">
            <matrix value="-0.04727581619114246 0.9824805533409555 -0.1802685391599892 -3.2131934169845757 -0.962324444180243 0.00357938694500512 0.2718797714041204 -1.8020548820468203 0.26776179499192665 0.1863301599074834 0.9452961196934944 0.3700524744601088 0.0 0.0 0.0 1.0"/>
            <scale value="1"/>
        </transform>
    </shape>
    <shape name="temp35" type="ply">
        <string name="filename" value="meshes/Cube_031.ply"/>
        <boolean name="face_normals" value="true"/>
        <ref id="mat-Material" name="bsdf"/>
        <transform name="to_world">
            <matrix value="0.10386058646128643 0.9891390275393547 0.1040045605387166 -2.050594316918104 -0.6918653716931991 -0.0032712823539963664 0.7220191848994445 -0.814723906063022 0.7145176560696563 -0.14694647524211396 0.6840113072614499 0.7544699421500978 0.0 0.0 0.0 1.0"/>
            <scale value="1"/>
        </transform>
    </shape>
    <shape name="temp36" type="ply">
        <string name="filename" value="meshes/Cube_032.ply"/>
        <boolean name="face_normals" value="true"/>
        <ref id="mat-Material" name="bsdf"/>
        <transform name="to_world">
            <matrix value="0.8200263462564735 0.5459954987557961 0.17159714831584874 -0.4772807408921893 -0.19941815728679654 -0.008454533887610733 0.9798780294652596 0.5449138116224956 0.536459690759485 -0.8377453730838946 0.10194848851189613 -0.29512600964538604 0.0 0.0 0.0 1.0"/>
            <scale value="1"/>
        </transform>
    </shape>
    <shape name="temp37" type="ply">
        <string name="filename" value="meshes/Cube_033.ply"/>
        <boolean name="face_normals" value="true"/>
        <ref id="mat-Material" name="bsdf"/>
        <transform name="to_world">
            <matrix value="0.9802398644036545 0.14921457668906166 0.12986637517546445 -0.12437217966037739 -0.14884624317630182 0.12397214985513837 0.9810585877459279 0.30209007695760226 0.13028844363833647 -0.9810025801849307 0.14373245060164977 -0.4121474356066843 0.0 0.0 0.0 1.0"/>
            <scale value="1"/>
        </transform>
    </shape>
    <shape name="temp38" type="ply">
        <string name="filename" value="meshes/Cube_034.ply"/>
        <boolean name="face_normals" value="true"/>
        <ref id="mat-Material" name="bsdf"/>
        <transform name="to_world">
            <matrix value="0.9999184436206068 0.005763171562482401 0.011397659024320824 -0.03557877017166167 -0.012253859301061829 0.18132185981899077 0.9833476037314529 0.3694157216407836 0.0036005545833798737 -0.9834069287455963 0.18137769780261084 -0.3331786138754148 0.0 0.0 0.0 1.0"/>
            <scale value="1"/>
        </transform>
    </shape>
    <shape name="temp39" type="ply">
        <string name="filename" value="meshes/Cube_035.ply"/>
        <boolean name="face_normals" value="true"/>
        <ref id="mat-Material" name="bsdf"/>
        <transform name="to_world">
            <matrix value="0.999136566157294 -0.041491230082828734 0.002172387985254605 0.01002511208391521 0.0067546722054086066 0.213802842166521 0.9768535876064547 0.09195334704443542 -0.04099532469190305 -0.9759953110301343 0.21389843794693494 -0.1289670604647124 0.0 0.0 0.0 1.0"/>
            <scale value="1"/>
        </transform>
    </shape>
    <shape name="temp40" type="ply">
        <string name="filename" value="meshes/Cube_036.ply"/>
        <boolean name="face_normals" value="true"/>
        <ref id="mat-Material" name="bsdf"/>
        <transform name="to_world">
            <matrix value="0.999837330482406 -0.017915727864537163 0.002188193377053862 0.0052439199442213535 0.0017240220769573088 0.2154825696722936 0.9765063228659058 -0.2521523440488 -0.01796633849088785 -0.9763432292568358 0.21547836249900124 0.2532506335185187 0.0 0.0 0.0 1.0"/>
            <scale value="1"/>
        </transform>
    </shape>
    <shape name="temp41" type="ply">
        <string name="filename" value="meshes/Cube_037.ply"/>
        <boolean name="face_normals" value="true"/>
        <ref id="mat-Material" name="bsdf"/>
        <transform name="to_world">
            <matrix value="0.9990700799784407 -0.04304772612077435 0.002453003426313921 -0.0028335755437858268 0.006894572422951384 0.21565319144054415 0.97644580566129 -0.5685494814421392 -0.042562780682485056 -0.9755205736896229 0.21574953158265253 0.5049309555196688 0.0 0.0 0.0 1.0"/>
            <scale value="1"/>
        </transform>
    </shape>
    <shape name="temp42" type="ply">
        <string name="filename" value="meshes/Cube_038.ply"/>
        <boolean name="face_normals" value="true"/>
        <ref id="mat-Material" name="bsdf"/>
        <transform name="to_world">
            <matrix value="0.9993373544174304 -0.03630729022178744 0.0025696408823975784 0.0028257380705891677 0.005325720222613457 0.21569511683836615 0.976446278451951 -0.9032762385917495 -0.03600637912724036 -0.9757854754569556 0.21574560742016574 0.8417755704012668 0.0 0.0 0.0 1.0"/>
            <scale value="1"/>
        </transform>
    </shape>
    <shape name="temp43" type="ply">
        <string name="filename" value="meshes/Cube_039.ply"/>
        <boolean name="face_normals" value="true"/>
        <ref id="mat-Material" name="bsdf"/>
        <transform name="to_world">
            <matrix value="0.9999653326031884 -0.0026148886852467284 -0.007920825673238943 0.018434906237524196 0.00827202434334114 0.4329988449842771 0.9013565029872028 -1.3192945117447092 0.0010727675929879219 -0.9013908004620232 0.4330054196977528 1.4594239154124449 0.0 0.0 0.0 1.0"/>
            <scale value="1"/>
        </transform>
    </shape>
    <shape name="temp47" type="ply">
        <string name="filename" value="meshes/Plane_001.ply"/>
        <boolean name="face_normals" value="true"/>
        <ref id="mat-Material.002" name="bsdf"/>
        <transform name="to_world">
            <scale value="1"/>
        </transform>
    </shape>
    <shape name="temp49" type="ply">
        <string name="filename" value="meshes/Plane_002.ply"/>
        <boolean name="face_normals" value="true"/>
        <ref id="mat-Material.003" name="bsdf"/>
        <transform name="to_world">
            <scale value="1"/>
        </transform>
    </shape>
    <shape name="temp51" type="ply">
        <string name="filename" value="meshes/Plane_003.ply"/>
        <boolean name="face_normals" value="true"/>
        <ref id="mat-Material.004" name="bsdf"/>
        <transform name="to_world">
            <scale value="1"/>
        </transform>
    </shape>
    <shape name="temp53" type="ply">
        <string name="filename" value="meshes/Plane_004.ply"/>
        <boolean name="face_normals" value="true"/>
        <ref id="mat-Material.005" name="bsdf"/>
        <transform name="to_world">
            <scale value="1"/>
        </transform>
    </shape>
    <emitter type="point">
        <transform name="to_world">
            <rotate angle="-142.5518126578256" x="1"/>
            <rotate angle="3.976628485794621e-06" y="1"/>
            <rotate angle="-179.999991348578" z="1"/>
            <translate value="-0.000000 3.030926 4.073377"/>
        </transform>
        <rgb name="intensity" value="100"/>
    </emitter>
</scene>
