
<scene version="2.1.0">
    <default name="spp" value="1024"/>
    <default name="resx" value="640"/>
    <default name="resy" value="360"/>
    <integrator name="temp0" type="path">
        <integer name="max_depth" value="12"/>
    </integrator>
    <sensor name="temp44" type="perspective">
        <string name="fov_axis" value="x"/>
        <float name="fov" value="83.974423"/>
        <float name="principal_point_offset_x" value="0.000000"/>
        <float name="principal_point_offset_y" value="-0.000000"/>
        <float name="near_clip" value="0.100000"/>
        <float name="far_clip" value="1000.000000"/>
        <sampler name="sampler" type="independent">
            <integer name="sample_count" value="$spp"/>
        </sampler>
        <film name="film" type="hdrfilm">
            <integer name="width" value="$resx"/>
            <integer name="height" value="$resy"/>
        </film>
        <float name="shutter_open" value="0.0"/>
        <float name="shutter_close" value="0.0015"/>
        <animation name="to_world">
            <transform time="0">
                <rotate angle="-142.5518126578256" x="1"/>
                <rotate angle="3.976628485794621e-06" y="1"/>
                <rotate angle="-179.999991348578" z="1"/>
                <translate value="-0.000000 3.030926 4.073377"/>
            </transform>
            <transform time="0.0015">
                <rotate angle="-142.5518126578256" x="1"/>
                <rotate angle="3.976628485794621e-06" y="1"/>
                <rotate angle="-179.999991348578" z="1"/>
                <translate value="-0.000000 3.030926 4.073377"/>
                <translate x="0.15" y="0.0" z="0.0"/>
            </transform>
        </animation>
    </sensor>
    <bsdf id="mat-Material" name="mat-Material" type="twosided">
        <bsdf name="bsdf" type="diffuse">
            <texture name="reflectance" type="bitmap">
                <string name="filename" value="textures/siggraph_2023_logo.jpg"/>
            </texture>
        </bsdf>
    </bsdf>
    <bsdf id="mat-Material.001" name="mat-Material.001" type="twosided">
        <bsdf name="bsdf" type="principled">
            <rgb name="base_color" value="0.433648 0.266232 0.084399"/>
            <float name="spec_tint" value="0.000000"/>
            <float name="spec_trans" value="0.000000"/>
            <float name="metallic" value="0.000000"/>
            <float name="anisotropic" value="0.000000"/>
            <float name="roughness" value="0.500000"/>
            <float name="sheen" value="0.000000"/>
            <float name="sheen_tint" value="0.500000"/>
            <float name="clearcoat" value="0.000000"/>
            <float name="clearcoat_gloss" value="0.173205"/>
            <float name="specular" value="0.500000"/>
        </bsdf>
    </bsdf>
    <bsdf id="mat-Material.002" name="mat-Material.002" type="twosided">
        <bsdf name="bsdf" type="principled">
            <rgb name="base_color" value="0.433648 0.266232 0.084399"/>
            <float name="spec_tint" value="0.000000"/>
            <float name="spec_trans" value="0.000000"/>
            <float name="metallic" value="0.000000"/>
            <float name="anisotropic" value="0.000000"/>
            <float name="roughness" value="0.500000"/>
            <float name="sheen" value="0.000000"/>
            <float name="sheen_tint" value="0.500000"/>
            <float name="clearcoat" value="0.000000"/>
            <float name="clearcoat_gloss" value="0.173205"/>
            <float name="specular" value="0.500000"/>
        </bsdf>
    </bsdf>
    <bsdf id="mat-Material.003" name="mat-Material.003" type="twosided">
        <bsdf name="bsdf" type="principled">
            <rgb name="base_color" value="0.433648 0.266232 0.084399"/>
            <float name="spec_tint" value="0.000000"/>
            <float name="spec_trans" value="0.000000"/>
            <float name="metallic" value="0.000000"/>
            <float name="anisotropic" value="0.000000"/>
            <float name="roughness" value="0.500000"/>
            <float name="sheen" value="0.000000"/>
            <float name="sheen_tint" value="0.500000"/>
            <float name="clearcoat" value="0.000000"/>
            <float name="clearcoat_gloss" value="0.173205"/>
            <float name="specular" value="0.500000"/>
        </bsdf>
    </bsdf>
    <bsdf id="mat-Material.004" name="mat-Material.004" type="twosided">
        <bsdf name="bsdf" type="principled">
            <rgb name="base_color" value="0.433648 0.266232 0.084399"/>
            <float name="spec_tint" value="0.000000"/>
            <float name="spec_trans" value="0.000000"/>
            <float name="metallic" value="0.000000"/>
            <float name="anisotropic" value="0.000000"/>
            <float name="roughness" value="0.500000"/>
            <float name="sheen" value="0.000000"/>
            <float name="sheen_tint" value="0.500000"/>
            <float name="clearcoat" value="0.000000"/>
            <float name="clearcoat_gloss" value="0.173205"/>
            <float name="specular" value="0.500000"/>
        </bsdf>
    </bsdf>
    <bsdf id="mat-Material.005" name="mat-Material.005" type="twosided">
        <bsdf name="bsdf" type="principled">
            <rgb name="base_color" value="0.433648 0.266232 0.084399"/>
            <float name="spec_tint" value="0.000000"/>
            <float name="spec_trans" value="0.000000"/>
            <float name="metallic" value="0.000000"/>
            <float name="anisotropic" value="0.000000"/>
            <float name="roughness" value="0.500000"/>
            <float name="sheen" value="0.000000"/>
            <float name="sheen_tint" value="0.500000"/>
            <float name="clearcoat" value="0.000000"/>
            <float name="clearcoat_gloss" value="0.173205"/>
            <float name="specular" value="0.500000"/>
        </bsdf>
    </bsdf>
    <emitter name="temp45" type="point">
        <point name="position" x="-6.815235034541981e-16" y="3.0693089962005615" z="4.109199523925781"/>
        <rgb name="intensity" value="7.957747 7.957747 7.957747"/>
    </emitter>
    <shape name="temp2" type="ply">
        <string name="filename" value="meshes/Cube.ply"/>
        <boolean name="face_normals" value="true"/>
        <ref id="mat-Material" name="bsdf"/>
        <transform name="to_world">
            <matrix value="0.9999995567588077 0.00019780131533113767 0.0010105309391844643 -0.0018187834966263416 -0.0001969458022399637 0.9999995828318625 -0.0008466286007145758 -0.01621990591830741 -0.0010106962964538933 0.0008464299793710357 0.9999992908140084 0.0021762522568840037 0.0 0.0 0.0 1.0"/>
            <scale value="1"/>
        </transform>
    </shape>
    <shape name="temp4" type="ply">
        <string name="filename" value="meshes/Plane.ply"/>
        <boolean name="face_normals" value="true"/>
        <ref id="mat-Material.001" name="bsdf"/>
        <transform name="to_world">
            <scale value="1"/>
        </transform>
    </shape>
    <shape name="temp5" type="ply">
        <string name="filename" value="meshes/Cube_001.ply"/>
        <boolean name="face_normals" value="true"/>
        <ref id="mat-Material" name="bsdf"/>
        <transform name="to_world">
            <matrix value="0.9999995567588077 0.00015961374402145915 -0.0008812463329174351 0.0015185042460563736 -0.00016206936901956822 0.9999960369026935 -0.0027873373422829455 -0.014517458711424569 0.0008807956002106282 0.0027874903790598283 0.9999957448840504 -0.0019245618720432622 0.0 0.0 0.0 1.0"/>
            <scale value="1"/>
        </transform>
    </shape>
    <shape name="temp6" type="ply">
        <string name="filename" value="meshes/Cube_002.ply"/>
        <boolean name="face_normals" value="true"/>
        <ref id="mat-Material" name="bsdf"/>
        <transform name="to_world">
            <matrix value="1.0 -3.339931542708631e-05 0.0002886930695035367 -0.0008924733690522935 3.418329264379188e-05 0.9999962454867622 -0.002715685917599207 -0.015984287334250613 -0.0002886018754421331 0.002715691570909197 0.9999962176747115 0.0003935180873032573 0.0 0.0 0.0 1.0"/>
            <scale value="1"/>
        </transform>
    </shape>
    <shape name="temp7" type="ply">
        <string name="filename" value="meshes/Cube_003.ply"/>
        <boolean name="face_normals" value="true"/>
        <ref id="mat-Material" name="bsdf"/>
        <transform name="to_world">
            <matrix value="0.9999995567588077 0.0006653956944076525 0.0007204194976977459 -0.0010250040877628486 -0.0006691124715660774 0.9999864420355303 0.005171313332082014 -0.01755546588904583 -0.0007169692231045676 -0.0051718023540798 0.9999865254661597 0.001999118321435067 0.0 0.0 0.0 1.0"/>
            <scale value="1"/>
        </transform>
    </shape>
    <shape name="temp8" type="ply">
        <string name="filename" value="meshes/Cube_004.ply"/>
        <boolean name="face_normals" value="true"/>
        <ref id="mat-Material" name="bsdf"/>
        <transform name="to_world">
            <matrix value="1.0 0.0002256128721400517 0.0005532761792462865 -0.0005520468078663576 -0.0002256102101495141 1.0 -6.478981381976559e-06 -0.01725280555920289 -0.000553280250768137 6.3541382036322835e-06 1.0 0.0018074532846819417 0.0 0.0 0.0 1.0"/>
            <scale value="1"/>
        </transform>
    </shape>
    <shape name="temp9" type="ply">
        <string name="filename" value="meshes/Cube_005.ply"/>
        <boolean name="face_normals" value="true"/>
        <ref id="mat-Material" name="bsdf"/>
        <transform name="to_world">
            <matrix value="0.9999995567588077 -0.0006705644076316739 0.0005893666543583498 -0.0005097755637542001 0.0006734074787199904 0.9999881107080804 -0.00483619931152224 -0.02100506980576744 -0.0005861155582977412 0.004836582725484593 0.9999881802334736 0.001149630436694693 0.0 0.0 0.0 1.0"/>
            <scale value="1"/>
        </transform>
    </shape>
    <shape name="temp10" type="ply">
        <string name="filename" value="meshes/Cube_006.ply"/>
        <boolean name="face_normals" value="true"/>
        <ref id="mat-Material" name="bsdf"/>
        <transform name="to_world">
            <matrix value="1.0 0.00024171139056741126 -0.000709994463621359 -0.0009030176015265567 -0.00024225170071645504 0.9999995828318625 -0.0007616350235757063 -0.017723276246580877 0.0007098108778480464 0.0007618074226726711 0.9999995272093389 -0.0017683183705908823 0.0 0.0 0.0 1.0"/>
            <scale value="1"/>
        </transform>
    </shape>
    <shape name="temp11" type="ply">
        <string name="filename" value="meshes/Cube_007.ply"/>
        <boolean name="face_normals" value="true"/>
        <ref id="mat-Material" name="bsdf"/>
        <transform name="to_world">
            <matrix value="1.0 -0.0008325987697711625 -4.326909211427729e-05 0.0005453180665542234 0.0008327039308401904 0.999996454070831 0.0024898101792774907 -0.017205710471430713 4.119585587214797e-05 -0.002489849256293503 0.9999969268607032 0.00015532147114716288 0.0 0.0 0.0 1.0"/>
            <scale value="1"/>
        </transform>
    </shape>
    <shape name="temp12" type="ply">
        <string name="filename" value="meshes/Cube_008.ply"/>
        <boolean name="face_normals" value="true"/>
        <ref id="mat-Material" name="bsdf"/>
        <transform name="to_world">
            <matrix value="1.0 -0.00015894377199258277 0.00017278725696787058 0.0003279360043992874 0.00015890950255927465 1.0 0.00019831795266514457 -0.017872154918623928 -0.00017281885441654388 -0.0001982904449723939 1.0 0.00036594166898140656 0.0 0.0 0.0 1.0"/>
            <scale value="1"/>
        </transform>
    </shape>
    <shape name="temp13" type="ply">
        <string name="filename" value="meshes/Cube_009.ply"/>
        <boolean name="face_normals" value="true"/>
        <ref id="mat-Material" name="bsdf"/>
        <transform name="to_world">
            <matrix value="1.0 -1.3635828902660073e-05 0.0006344236043574279 0.001262411610337022 1.3448203720743866e-05 1.0 0.0002957872933727515 -0.01738265431588104 -0.0006344288482643561 -0.00029577846703224503 0.9999997636046695 0.0011198283361513184 0.0 0.0 0.0 1.0"/>
            <scale value="1"/>
        </transform>
    </shape>
    <shape name="temp14" type="ply">
        <string name="filename" value="meshes/Cube_010.ply"/>
        <boolean name="face_normals" value="true"/>
        <ref id="mat-Material" name="bsdf"/>
        <transform name="to_world">
            <matrix value="0.99999246489973 -0.0004123477597028094 0.0038888923034881076 0.007928203391583066 0.0004116185927269439 0.9999997914159312 0.00018843875540695222 -0.018200442522293303 -0.003888980492068642 -0.00018683667658831555 0.999992435349423 0.00643422729117904 0.0 0.0 0.0 1.0"/>
            <scale value="1"/>
        </transform>
    </shape>
    <shape name="temp15" type="ply">
        <string name="filename" value="meshes/Cube_011.ply"/>
        <boolean name="face_normals" value="true"/>
        <ref id="mat-Material" name="bsdf"/>
        <transform name="to_world">
            <matrix value="0.9999991135176153 0.0011393237287322469 -0.0005631953273153386 -0.0011168494702609166 -0.001139019054052377 0.9999991656637249 0.0005400995035225268 -0.01530426561867304 0.0005638072290865508 -0.0005394568053681196 0.9999997636046695 -0.0008538696672151236 0.0 0.0 0.0 1.0"/>
            <scale value="1"/>
        </transform>
    </shape>
    <shape name="temp16" type="ply">
        <string name="filename" value="meshes/Cube_012.ply"/>
        <boolean name="face_normals" value="true"/>
        <ref id="mat-Material" name="bsdf"/>
        <transform name="to_world">
            <matrix value="0.9999995567588077 -0.0010587331020831291 -0.00018173292906579875 -0.0003833966363802066 0.0010584865618135301 0.9999985399115188 -0.0013477937932987597 -0.020849602434392933 0.0001831596714341689 0.0013475990930764692 0.999999054418678 -0.0003507969824634305 0.0 0.0 0.0 1.0"/>
            <scale value="1"/>
        </transform>
    </shape>
    <shape name="temp17" type="ply">
        <string name="filename" value="meshes/Cube_013.ply"/>
        <boolean name="face_normals" value="true"/>
        <ref id="mat-Material" name="bsdf"/>
        <transform name="to_world">
            <matrix value="0.9999982270352306 -0.00191598859462312 0.00027490885778031404 -0.00011852923832411655 0.0019173284257668517 0.999985816283324 -0.0049640182667399805 -0.02509873748166097 -0.00026539509633404076 0.00496453236494703 0.9999877074428124 -8.295685970693967e-05 0.0 0.0 0.0 1.0"/>
            <scale value="1"/>
        </transform>
    </shape>
    <shape name="temp18" type="ply">
        <string name="filename" value="meshes/Cube_014.ply"/>
        <boolean name="face_normals" value="true"/>
        <ref id="mat-Material" name="bsdf"/>
        <transform name="to_world">
            <matrix value="1.0 0.000854285255400763 -6.695732260539805e-05 -0.0003224913227091175 -0.000854019399780507 0.9999920738053869 0.0038715172466941296 -0.013715161127339726 7.026436677676779e-05 -0.003871462153463643 0.9999926717447536 0.00021879495810106508 0.0 0.0 0.0 1.0"/>
            <scale value="1"/>
        </transform>
    </shape>
    <shape name="temp19" type="ply">
        <string name="filename" value="meshes/Cube_015.ply"/>
        <boolean name="face_normals" value="true"/>
        <ref id="mat-Material" name="bsdf"/>
        <transform name="to_world">
            <matrix value="1.0 -0.00019779526639314345 -9.613890778738227e-05 0.00015984744997454836 0.0001977693443753579 1.0 -0.00027019749884284487 -0.018098491545911755 9.619220356472297e-05 0.00027017894427259435 1.0 -0.0001892221248450121 0.0 0.0 0.0 1.0"/>
            <scale value="1"/>
        </transform>
    </shape>
    <shape name="temp20" type="ply">
        <string name="filename" value="meshes/Cube_016.ply"/>
        <boolean name="face_normals" value="true"/>
        <ref id="mat-Material" name="bsdf"/>
        <transform name="to_world">
            <matrix value="0.9999991135176153 -0.0013236077534870042 0.00039634041116712624 0.0007412729786107075 0.001325548245030823 0.9999868592036677 -0.004930379211205517 -0.019349748443584947 -0.0003898102395807293 0.004930902355539889 0.9999879438381429 0.00047471431860851565 0.0 0.0 0.0 1.0"/>
            <scale value="1"/>
        </transform>
    </shape>
    <shape name="temp21" type="ply">
        <string name="filename" value="meshes/Cube_017.ply"/>
        <boolean name="face_normals" value="true"/>
        <ref id="mat-Material" name="bsdf"/>
        <transform name="to_world">
            <matrix value="0.9999995567588077 0.000805618420476281 0.0005421963301043307 0.00024861411080390194 -0.0008067388617920774 0.9999974969911749 0.0020668729294723988 -0.017611333557134012 -0.0005405326340760283 -0.002067310078990787 0.9999978724420252 0.00035473370367436474 0.0 0.0 0.0 1.0"/>
            <scale value="1"/>
        </transform>
    </shape>
    <shape name="temp22" type="ply">
        <string name="filename" value="meshes/Cube_018.ply"/>
        <boolean name="face_normals" value="true"/>
        <ref id="mat-Material" name="bsdf"/>
        <transform name="to_world">
            <matrix value="0.9999986702764229 0.0016565141847595965 2.8863633462420944e-05 0.00038278788426232557 -0.0016565829295406072 0.9999954111504872 0.0025518639535416984 -0.017863102333042113 -2.4636409249911794e-05 -0.0025519030167513866 0.9999969268607032 0.0001813577225588392 0.0 0.0 0.0 1.0"/>
            <scale value="1"/>
        </transform>
    </shape>
    <shape name="temp23" type="ply">
        <string name="filename" value="meshes/Cube_019.ply"/>
        <boolean name="face_normals" value="true"/>
        <ref id="mat-Material" name="bsdf"/>
        <transform name="to_world">
            <matrix value="0.9999117950027215 0.011974379618833474 -0.005739654985742998 0.0030210007539695216 -0.011927877566144884 0.9998963337178234 0.008069023654189563 -0.018346268701295798 0.0058356913764766585 -0.007999843561948425 0.9999510661665802 -0.000797532162967296 0.0 0.0 0.0 1.0"/>
            <scale value="1"/>
        </transform>
    </shape>
    <shape name="temp24" type="ply">
        <string name="filename" value="meshes/Cube_020.ply"/>
        <boolean name="face_normals" value="true"/>
        <ref id="mat-Material" name="bsdf"/>
        <transform name="to_world">
            <matrix value="0.999938756940879 -0.00486928866467297 0.009929928503515196 -0.007523729762609094 0.004780257911947396 0.9999483426360434 0.008969642578780437 -0.015448361041663472 -0.009973092430204167 -0.008921623995354273 0.9999104061617617 -0.0009432260636833556 0.0 0.0 0.0 1.0"/>
            <scale value="1"/>
        </transform>
    </shape>
    <shape name="temp25" type="ply">
        <string name="filename" value="meshes/Cube_021.ply"/>
        <boolean name="face_normals" value="true"/>
        <ref id="mat-Material" name="bsdf"/>
        <transform name="to_world">
            <matrix value="0.9993648353713563 0.023420403276438552 0.0268588355827925 -0.01631407936328577 -0.023698262671822446 0.9996683513306621 0.010073845173351059 -0.01924445340833103 -0.026613987450955362 -0.010703964974563173 0.9995886721248773 -0.013327818542082426 0.0 0.0 0.0 1.0"/>
            <scale value="1"/>
        </transform>
    </shape>
    <shape name="temp26" type="ply">
        <string name="filename" value="meshes/Cube_022.ply"/>
        <boolean name="face_normals" value="true"/>
        <ref id="mat-Material" name="bsdf"/>
        <transform name="to_world">
            <matrix value="0.9991547390461805 0.038063442930355865 0.015547319016916923 -0.0010962815761125233 -0.0381146115345542 0.9992689128389752 0.0030074213950066686 -0.023254750430442728 -0.015421469184985825 -0.0035974682065733187 0.999874710474819 0.006210857654551594 0.0 0.0 0.0 1.0"/>
            <scale value="1"/>
        </transform>
    </shape>
    <shape name="temp27" type="ply">
        <string name="filename" value="meshes/Cube_023.ply"/>
        <boolean name="face_normals" value="true"/>
        <ref id="mat-Material" name="bsdf"/>
        <transform name="to_world">
            <matrix value="0.9969429654963327 0.07807729291252194 0.0029710874327041593 0.06704595222426946 -0.0776188019367867 0.9940140543945535 -0.07688417716222536 -0.04889701535343194 -0.008956224613360706 0.07641852810566034 0.9970356025551498 0.12657116110618702 0.0 0.0 0.0 1.0"/>
            <scale value="1"/>
        </transform>
    </shape>
    <shape name="temp28" type="ply">
        <string name="filename" value="meshes/Cube_024.ply"/>
        <boolean name="face_normals" value="true"/>
        <ref id="mat-Material" name="bsdf"/>
        <transform name="to_world">
            <matrix value="0.9754439947023813 0.19689157591521475 0.09870462450729303 0.046589185460955806 -0.1553453114833155 0.9327343494158604 -0.3253839887551469 -0.19945628906541524 -0.15613055757969033 0.3020603934312705 0.9404163205445035 -0.02725157217108612 0.0 0.0 0.0 1.0"/>
            <scale value="1"/>
        </transform>
    </shape>
    <shape name="temp29" type="ply">
        <string name="filename" value="meshes/Cube_025.ply"/>
        <boolean name="face_normals" value="true"/>
        <ref id="mat-Material" name="bsdf"/>
        <transform name="to_world">
            <matrix value="0.9501260577951056 0.31153365608241573 0.01441370884889185 -0.02951203244389955 -0.23557214459591475 0.7472079979475328 -0.6214386452467282 -0.5510881152941229 -0.204369028433036 0.5870494323384569 0.7833304414304565 -0.2920624496664296 0.0 0.0 0.0 1.0"/>
            <scale value="1"/>
        </transform>
    </shape>
    <shape name="temp30" type="ply">
        <string name="filename" value="meshes/Cube_026.ply"/>
        <boolean name="face_normals" value="true"/>
        <ref id="mat-Material" name="bsdf"/>
        <transform name="to_world">
            <matrix value="0.9366236013524176 0.33848542935987636 -0.09035391217724355 -0.056961130709636265 -0.3044420302574168 0.6587714815517821 -0.6879936229995637 -0.9164186669046184 -0.17335327032216544 0.6718985113355013 0.7200703417945526 -0.34950670025102376 0.0 0.0 0.0 1.0"/>
            <scale value="1"/>
        </transform>
    </shape>
    <shape name="temp31" type="ply">
        <string name="filename" value="meshes/Cube_027.ply"/>
        <boolean name="face_normals" value="true"/>
        <ref id="mat-Material" name="bsdf"/>
        <transform name="to_world">
            <matrix value="0.8412168211805463 0.4871933553459054 -0.23451433288528536 -0.35548296496156506 -0.5009183957505581 0.538925333160904 -0.6772298344145268 -1.4368362908249805 -0.20355616841037752 0.687169576762066 0.697397192852729 -0.5364727585131146 0.0 0.0 0.0 1.0"/>
            <scale value="1"/>
        </transform>
    </shape>
    <shape name="temp32" type="ply">
        <string name="filename" value="meshes/Cube_028.ply"/>
        <boolean name="face_normals" value="true"/>
        <ref id="mat-Material" name="bsdf"/>
        <transform name="to_world">
            <matrix value="-0.13785492538477767 0.9761152468696747 0.16791330532206264 -1.4838829806167961 -0.7695784067074803 0.001158767935622613 -0.6385513032238177 -2.112603876046118 -0.6234945312901687 -0.21724990248694787 0.7510376573033628 -1.360515503186071 0.0 0.0 0.0 1.0"/>
            <scale value="1"/>
        </transform>
    </shape>
    <shape name="temp33" type="ply">
        <string name="filename" value="meshes/Cube_029.ply"/>
        <boolean name="face_normals" value="true"/>
        <ref id="mat-Material" name="bsdf"/>
        <transform name="to_world">
            <matrix value="0.0688311907054095 0.9893156982455995 0.12851781073338814 -1.5815185865365204 -0.9976273298973277 0.06806550791263666 0.010345416129064285 -1.8891228596407443 0.0014872426320016597 -0.1289249368511732 0.9916533536696356 -0.14622073878444808 0.0 0.0 0.0 1.0"/>
            <scale value="1"/>
        </transform>
    </shape>
    <shape name="temp34" type="ply">
        <string name="filename" value="meshes/Cube_030.ply"/>
        <boolean name="face_normals" value="true"/>
        <ref id="mat-Material" name="bsdf"/>
        <transform name="to_world">
            <matrix value="0.09007087175211047 0.974760839859267 -0.20427548094243791 -2.911985759288724 -0.9609331197397292 0.13895683718787913 0.23937074009257742 -1.8520246087188446 0.2617147088120666 0.1747347136281489 0.9491961673745998 0.36426187603075455 0.0 0.0 0.0 1.0"/>
            <scale value="1"/>
        </transform>
    </shape>
    <shape name="temp35" type="ply">
        <string name="filename" value="meshes/Cube_031.ply"/>
        <boolean name="face_normals" value="true"/>
        <ref id="mat-Material" name="bsdf"/>
        <transform name="to_world">
            <matrix value="0.12106858359617535 0.9871303629571381 0.1044787695717604 -2.0079126820637536 -0.6243584083740672 -0.006098142976035777 0.7811142352067348 -0.5412544864183542 0.7716988725717031 -0.15980055191344594 0.6155850240721364 0.8266055632637452 0.0 0.0 0.0 1.0"/>
            <scale value="1"/>
        </transform>
    </shape>
    <shape name="temp36" type="ply">
        <string name="filename" value="meshes/Cube_032.ply"/>
        <boolean name="face_normals" value="true"/>
        <ref id="mat-Material" name="bsdf"/>
        <transform name="to_world">
            <matrix value="0.9117617596320744 0.40405070261543563 0.07371532139599953 -0.21311425937158424 -0.07618637937545543 -0.009982927393971504 0.9970436399963879 0.934763083643436 0.40359215959519673 -0.9146820240163698 0.021681092297720063 -0.6704998478323849 0.0 0.0 0.0 1.0"/>
            <scale value="1"/>
        </transform>
    </shape>
    <shape name="temp37" type="ply">
        <string name="filename" value="meshes/Cube_033.ply"/>
        <boolean name="face_normals" value="true"/>
        <ref id="mat-Material" name="bsdf"/>
        <transform name="to_world">
            <matrix value="0.9800714327505599 0.15583461786355685 0.12319116202961465 -0.1243930814954366 -0.14287485350878595 0.12212933046599767 0.9821769740546669 0.3215789255370063 0.13801192141510957 -0.9802039117856257 0.14196031300632925 -0.3828300587380187 0.0 0.0 0.0 1.0"/>
            <scale value="1"/>
        </transform>
    </shape>
    <shape name="temp38" type="ply">
        <string name="filename" value="meshes/Cube_034.ply"/>
        <boolean name="face_normals" value="true"/>
        <ref id="mat-Material" name="bsdf"/>
        <transform name="to_world">
            <matrix value="0.9999246489972998 0.004960062408353375 0.011258847686233423 -0.037857247467032895 -0.011976736042778094 0.1830799523593987 0.9830251605006097 0.3700536374212733 0.002814594868685364 -0.983085500695628 0.18312553395795284 -0.3277450174058083 0.0 0.0 0.0 1.0"/>
            <scale value="1"/>
        </transform>
    </shape>
    <shape name="temp39" type="ply">
        <string name="filename" value="meshes/Cube_035.ply"/>
        <boolean name="face_normals" value="true"/>
        <ref id="mat-Material" name="bsdf"/>
        <transform name="to_world">
            <matrix value="0.9991986199242234 -0.03998583714173079 0.0019823261395082318 0.0009321234502541742 0.006760554016031147 0.21732770434459758 0.9760753741783489 0.09186759266592125 -0.03946001698500249 -0.9752792419220606 0.21742382515066658 -0.12386542061452305 0.0 0.0 0.0 1.0"/>
            <scale value="1"/>
        </transform>
    </shape>
    <shape name="temp40" type="ply">
        <string name="filename" value="meshes/Cube_036.ply"/>
        <boolean name="face_normals" value="true"/>
        <ref id="mat-Material" name="bsdf"/>
        <transform name="to_world">
            <matrix value="0.9998492979945995 -0.017243866063997765 0.002050327620288582 -0.0008061221354100923 0.001764396917168859 0.2183376684055625 0.9758718377987624 -0.24724227741036164 -0.0172754673091891 -0.9757208143956382 0.21833522370799316 0.22921383489212138 0.0 0.0 0.0 1.0"/>
            <scale value="1"/>
        </transform>
    </shape>
    <shape name="temp41" type="ply">
        <string name="filename" value="meshes/Cube_037.ply"/>
        <boolean name="face_normals" value="true"/>
        <ref id="mat-Material" name="bsdf"/>
        <transform name="to_world">
            <matrix value="0.9991981766830311 -0.04000198154865328 0.0018081547878801062 -0.0008999447228523749 0.00697864641231714 0.21842652521885683 0.9758285774532752 -0.5679216138132681 -0.0394300272859278 -0.9750331127209166 0.21853060444867647 0.5028595292193734 0.0 0.0 0.0 1.0"/>
            <scale value="1"/>
        </transform>
    </shape>
    <shape name="temp42" type="ply">
        <string name="filename" value="meshes/Cube_038.ply"/>
        <boolean name="face_normals" value="true"/>
        <ref id="mat-Material" name="bsdf"/>
        <transform name="to_world">
            <matrix value="0.9994672240867902 -0.032586880479242755 0.0018631143382750988 0.00013601949650032807 0.0052997063970341846 0.21833975424625018 0.9758583632649221 -0.9027659235388482 -0.032206982112558444 -0.9753284677622892 0.21839623734280303 0.8359306517832255 0.0 0.0 0.0 1.0"/>
            <scale value="1"/>
        </transform>
    </shape>
    <shape name="temp43" type="ply">
        <string name="filename" value="meshes/Cube_039.ply"/>
        <boolean name="face_normals" value="true"/>
        <ref id="mat-Material" name="bsdf"/>
        <transform name="to_world">
            <matrix value="0.9999539208649955 0.0008833414480336413 -0.00959626790092568 0.01884488081821889 0.008267590001795128 0.4329934407781083 0.901359140001067 -1.3193075754019892 0.004951325893630318 -0.9013967565179313 0.43296603938816997 1.4566179752923816 0.0 0.0 0.0 1.0"/>
            <scale value="1"/>
        </transform>
    </shape>
    <shape name="temp47" type="ply">
        <string name="filename" value="meshes/Plane_001.ply"/>
        <boolean name="face_normals" value="true"/>
        <ref id="mat-Material.002" name="bsdf"/>
        <transform name="to_world">
            <scale value="1"/>
        </transform>
    </shape>
    <shape name="temp49" type="ply">
        <string name="filename" value="meshes/Plane_002.ply"/>
        <boolean name="face_normals" value="true"/>
        <ref id="mat-Material.003" name="bsdf"/>
        <transform name="to_world">
            <scale value="1"/>
        </transform>
    </shape>
    <shape name="temp51" type="ply">
        <string name="filename" value="meshes/Plane_003.ply"/>
        <boolean name="face_normals" value="true"/>
        <ref id="mat-Material.004" name="bsdf"/>
        <transform name="to_world">
            <scale value="1"/>
        </transform>
    </shape>
    <shape name="temp53" type="ply">
        <string name="filename" value="meshes/Plane_004.ply"/>
        <boolean name="face_normals" value="true"/>
        <ref id="mat-Material.005" name="bsdf"/>
        <transform name="to_world">
            <scale value="1"/>
        </transform>
    </shape>
    <emitter type="point">
        <transform name="to_world">
            <rotate angle="-142.5518126578256" x="1"/>
            <rotate angle="3.976628485794621e-06" y="1"/>
            <rotate angle="-179.999991348578" z="1"/>
            <translate value="-0.000000 3.030926 4.073377"/>
        </transform>
        <rgb name="intensity" value="100"/>
    </emitter>
</scene>
