
<scene version="2.1.0">
    <default name="spp" value="1024"/>
    <default name="resx" value="640"/>
    <default name="resy" value="360"/>
    <integrator name="temp0" type="path">
        <integer name="max_depth" value="12"/>
    </integrator>
    <sensor name="temp44" type="perspective">
        <string name="fov_axis" value="x"/>
        <float name="fov" value="83.974423"/>
        <float name="principal_point_offset_x" value="0.000000"/>
        <float name="principal_point_offset_y" value="-0.000000"/>
        <float name="near_clip" value="0.100000"/>
        <float name="far_clip" value="1000.000000"/>
        <sampler name="sampler" type="independent">
            <integer name="sample_count" value="$spp"/>
        </sampler>
        <film name="film" type="hdrfilm">
            <integer name="width" value="$resx"/>
            <integer name="height" value="$resy"/>
        </film>
        <float name="shutter_open" value="0.0"/>
        <float name="shutter_close" value="0.0015"/>
        <animation name="to_world">
            <transform time="0">
                <rotate angle="-142.5518126578256" x="1"/>
                <rotate angle="3.976628485794621e-06" y="1"/>
                <rotate angle="-179.999991348578" z="1"/>
                <translate value="-0.000000 3.030926 4.073377"/>
            </transform>
            <transform time="0.0015">
                <rotate angle="-142.5518126578256" x="1"/>
                <rotate angle="3.976628485794621e-06" y="1"/>
                <rotate angle="-179.999991348578" z="1"/>
                <translate value="-0.000000 3.030926 4.073377"/>
                <translate x="0.15" y="0.0" z="0.0"/>
            </transform>
        </animation>
    </sensor>
    <bsdf id="mat-Material" name="mat-Material" type="twosided">
        <bsdf name="bsdf" type="diffuse">
            <texture name="reflectance" type="bitmap">
                <string name="filename" value="textures/siggraph_2023_logo.jpg"/>
            </texture>
        </bsdf>
    </bsdf>
    <bsdf id="mat-Material.001" name="mat-Material.001" type="twosided">
        <bsdf name="bsdf" type="principled">
            <rgb name="base_color" value="0.433648 0.266232 0.084399"/>
            <float name="spec_tint" value="0.000000"/>
            <float name="spec_trans" value="0.000000"/>
            <float name="metallic" value="0.000000"/>
            <float name="anisotropic" value="0.000000"/>
            <float name="roughness" value="0.500000"/>
            <float name="sheen" value="0.000000"/>
            <float name="sheen_tint" value="0.500000"/>
            <float name="clearcoat" value="0.000000"/>
            <float name="clearcoat_gloss" value="0.173205"/>
            <float name="specular" value="0.500000"/>
        </bsdf>
    </bsdf>
    <bsdf id="mat-Material.002" name="mat-Material.002" type="twosided">
        <bsdf name="bsdf" type="principled">
            <rgb name="base_color" value="0.433648 0.266232 0.084399"/>
            <float name="spec_tint" value="0.000000"/>
            <float name="spec_trans" value="0.000000"/>
            <float name="metallic" value="0.000000"/>
            <float name="anisotropic" value="0.000000"/>
            <float name="roughness" value="0.500000"/>
            <float name="sheen" value="0.000000"/>
            <float name="sheen_tint" value="0.500000"/>
            <float name="clearcoat" value="0.000000"/>
            <float name="clearcoat_gloss" value="0.173205"/>
            <float name="specular" value="0.500000"/>
        </bsdf>
    </bsdf>
    <bsdf id="mat-Material.003" name="mat-Material.003" type="twosided">
        <bsdf name="bsdf" type="principled">
            <rgb name="base_color" value="0.433648 0.266232 0.084399"/>
            <float name="spec_tint" value="0.000000"/>
            <float name="spec_trans" value="0.000000"/>
            <float name="metallic" value="0.000000"/>
            <float name="anisotropic" value="0.000000"/>
            <float name="roughness" value="0.500000"/>
            <float name="sheen" value="0.000000"/>
            <float name="sheen_tint" value="0.500000"/>
            <float name="clearcoat" value="0.000000"/>
            <float name="clearcoat_gloss" value="0.173205"/>
            <float name="specular" value="0.500000"/>
        </bsdf>
    </bsdf>
    <bsdf id="mat-Material.004" name="mat-Material.004" type="twosided">
        <bsdf name="bsdf" type="principled">
            <rgb name="base_color" value="0.433648 0.266232 0.084399"/>
            <float name="spec_tint" value="0.000000"/>
            <float name="spec_trans" value="0.000000"/>
            <float name="metallic" value="0.000000"/>
            <float name="anisotropic" value="0.000000"/>
            <float name="roughness" value="0.500000"/>
            <float name="sheen" value="0.000000"/>
            <float name="sheen_tint" value="0.500000"/>
            <float name="clearcoat" value="0.000000"/>
            <float name="clearcoat_gloss" value="0.173205"/>
            <float name="specular" value="0.500000"/>
        </bsdf>
    </bsdf>
    <bsdf id="mat-Material.005" name="mat-Material.005" type="twosided">
        <bsdf name="bsdf" type="principled">
            <rgb name="base_color" value="0.433648 0.266232 0.084399"/>
            <float name="spec_tint" value="0.000000"/>
            <float name="spec_trans" value="0.000000"/>
            <float name="metallic" value="0.000000"/>
            <float name="anisotropic" value="0.000000"/>
            <float name="roughness" value="0.500000"/>
            <float name="sheen" value="0.000000"/>
            <float name="sheen_tint" value="0.500000"/>
            <float name="clearcoat" value="0.000000"/>
            <float name="clearcoat_gloss" value="0.173205"/>
            <float name="specular" value="0.500000"/>
        </bsdf>
    </bsdf>
    <emitter name="temp45" type="point">
        <point name="position" x="-6.815235034541981e-16" y="3.0693089962005615" z="4.109199523925781"/>
        <rgb name="intensity" value="7.957747 7.957747 7.957747"/>
    </emitter>
    <shape name="temp2" type="ply">
        <string name="filename" value="meshes/Cube.ply"/>
        <boolean name="face_normals" value="true"/>
        <ref id="mat-Material" name="bsdf"/>
        <transform name="to_world">
            <matrix value="0.9994583592629431 -0.019837083327249632 -0.026266759837946276 -0.04573164261198759 -0.03155039120467637 -0.8048051511921623 -0.5927000649141577 1.6728835851293713 -0.009382183831625082 0.5932074598006354 -0.8049951278922378 3.9896205222864722 0.0 0.0 0.0 1.0"/>
            <scale value="1"/>
        </transform>
    </shape>
    <shape name="temp4" type="ply">
        <string name="filename" value="meshes/Plane.ply"/>
        <boolean name="face_normals" value="true"/>
        <ref id="mat-Material.001" name="bsdf"/>
        <transform name="to_world">
            <scale value="1"/>
        </transform>
    </shape>
    <shape name="temp5" type="ply">
        <string name="filename" value="meshes/Cube_001.ply"/>
        <boolean name="face_normals" value="true"/>
        <ref id="mat-Material" name="bsdf"/>
        <transform name="to_world">
            <matrix value="0.9979300636317056 -0.034177104561107834 -0.05448018794374359 0.052139091187111575 -0.05451184074521256 5.907956022134942e-06 -0.9985133097662948 1.1729032836827575 0.03412660652770169 0.9994157560233865 -0.0018571595398990401 1.036678970521346 0.0 0.0 0.0 1.0"/>
            <scale value="1"/>
        </transform>
    </shape>
    <shape name="temp6" type="ply">
        <string name="filename" value="meshes/Cube_002.ply"/>
        <boolean name="face_normals" value="true"/>
        <ref id="mat-Material" name="bsdf"/>
        <transform name="to_world">
            <matrix value="0.9998045306341719 -0.018304440963408098 0.007481983129883632 -0.030725492768661322 0.01132250317803935 0.219706397064805 -0.9755004607344991 0.6531951749844852 0.01621215385079083 0.9753943803280194 0.21987065865885366 0.5324828309284623 0.0 0.0 0.0 1.0"/>
            <scale value="1"/>
        </transform>
    </shape>
    <shape name="temp7" type="ply">
        <string name="filename" value="meshes/Cube_003.ply"/>
        <boolean name="face_normals" value="true"/>
        <ref id="mat-Material" name="bsdf"/>
        <transform name="to_world">
            <matrix value="0.994996693420705 -0.060992276131933594 0.0791338806042832 -0.05056217332021484 0.09102995069384977 0.2269655398259992 -0.9696392749093306 0.1372065408319258 0.041179854865103976 0.9719911226620334 0.23138204747669258 0.21184072335051007 0.0 0.0 0.0 1.0"/>
            <scale value="1"/>
        </transform>
    </shape>
    <shape name="temp8" type="ply">
        <string name="filename" value="meshes/Cube_004.ply"/>
        <boolean name="face_normals" value="true"/>
        <ref id="mat-Material" name="bsdf"/>
        <transform name="to_world">
            <matrix value="0.9838531666037265 -0.12790621225932006 0.12519231942115294 0.02697774169688527 0.15206235694390519 0.22846046184684507 -0.9616044340199358 -0.34984575438759924 0.0943937081026263 0.9651143144988873 0.24422119794752117 -0.23173542489444282 0.0 0.0 0.0 1.0"/>
            <scale value="1"/>
        </transform>
    </shape>
    <shape name="temp9" type="ply">
        <string name="filename" value="meshes/Cube_005.ply"/>
        <boolean name="face_normals" value="true"/>
        <ref id="mat-Material" name="bsdf"/>
        <transform name="to_world">
            <matrix value="0.9814109076338544 -0.17148722526870844 0.08616902928039843 0.08860253240786697 0.12376118519148906 0.22233685075601298 -0.9670831322003063 -0.6105185024900471 0.1466838466952823 0.9597699734889649 0.23942733703969693 -0.6793499463944199 0.0 0.0 0.0 1.0"/>
            <scale value="1"/>
        </transform>
    </shape>
    <shape name="temp10" type="ply">
        <string name="filename" value="meshes/Cube_006.ply"/>
        <boolean name="face_normals" value="true"/>
        <ref id="mat-Material" name="bsdf"/>
        <transform name="to_world">
            <matrix value="0.9863867332592234 -0.1548263850503626 -0.05541390222027222 0.041116547807740655 -0.020236939011784895 0.2201277368837123 -0.9752612286600024 -0.5751419407401084 0.16319431516576335 0.9631056499166707 0.21399777126482378 -1.0438682917079802 0.0 0.0 0.0 1.0"/>
            <scale value="1"/>
        </transform>
    </shape>
    <shape name="temp11" type="ply">
        <string name="filename" value="meshes/Cube_007.ply"/>
        <boolean name="face_normals" value="true"/>
        <ref id="mat-Material" name="bsdf"/>
        <transform name="to_world">
            <matrix value="0.9363736133199297 -0.25715036616933273 -0.23891034045182713 0.19793798220264458 -0.19203867899940963 0.1944245061250712 -0.9619358602733391 -0.44028647284402483 0.29381226430649593 0.9466110303427245 0.1326711584931405 -1.7639500076963373 0.0 0.0 0.0 1.0"/>
            <scale value="1"/>
        </transform>
    </shape>
    <shape name="temp12" type="ply">
        <string name="filename" value="meshes/Cube_008.ply"/>
        <boolean name="face_normals" value="true"/>
        <ref id="mat-Material" name="bsdf"/>
        <transform name="to_world">
            <matrix value="0.40320600786841765 0.8719775646975635 -0.27763331396467594 1.6266774979946068 -0.4962900712199948 -0.04653272788330973 -0.866908719725441 0.129155550522997 -0.7688439560517493 0.48732935215874085 0.4139915777071638 0.9156147284926235 0.0 0.0 0.0 1.0"/>
            <scale value="1"/>
        </transform>
    </shape>
    <shape name="temp13" type="ply">
        <string name="filename" value="meshes/Cube_009.ply"/>
        <boolean name="face_normals" value="true"/>
        <ref id="mat-Material" name="bsdf"/>
        <transform name="to_world">
            <matrix value="-0.06970548395732828 0.9907459592051279 0.11646186163213955 2.61335520322283 -0.8578193065225601 6.16743460367984e-05 -0.5139520524078992 1.0370645968284404 -0.5092030168768517 -0.13572844857255495 0.8498766725560623 0.8876632536210907 0.0 0.0 0.0 1.0"/>
            <scale value="1"/>
        </transform>
    </shape>
    <shape name="temp14" type="ply">
        <string name="filename" value="meshes/Cube_010.ply"/>
        <boolean name="face_normals" value="true"/>
        <ref id="mat-Material" name="bsdf"/>
        <transform name="to_world">
            <matrix value="0.02167593040758687 0.9964649172025539 0.08116385458661313 1.892930427246349 -0.9954177725534415 0.013947584909359793 0.09460264545286491 2.007643520261376 0.09313618851579801 -0.08284252111392236 0.9922010816504744 -0.27712527407768417 0.0 0.0 0.0 1.0"/>
            <scale value="1"/>
        </transform>
    </shape>
    <shape name="temp15" type="ply">
        <string name="filename" value="meshes/Cube_011.ply"/>
        <boolean name="face_normals" value="true"/>
        <ref id="mat-Material" name="bsdf"/>
        <transform name="to_world">
            <matrix value="0.02979794850246531 0.9984266503692981 0.04750045033310466 1.4483325295653766 -0.8413675231859468 -0.0006021696914833038 0.540463315936213 2.238408531136409 0.5396417192793962 -0.05607002584356612 0.8400258427375334 -1.301443080705225 0.0 0.0 0.0 1.0"/>
            <scale value="1"/>
        </transform>
    </shape>
    <shape name="temp16" type="ply">
        <string name="filename" value="meshes/Cube_012.ply"/>
        <boolean name="face_normals" value="true"/>
        <ref id="mat-Material" name="bsdf"/>
        <transform name="to_world">
            <matrix value="0.09437513629666665 0.9900067372654212 0.10478553979218959 1.1031969467130458 -0.744184675556312 0.0002409271144688511 0.6679740116429429 1.845491859396545 0.6612737510792923 -0.14101989266263823 0.7367707263151972 -1.8102804965624537 0.0 0.0 0.0 1.0"/>
            <scale value="1"/>
        </transform>
    </shape>
    <shape name="temp17" type="ply">
        <string name="filename" value="meshes/Cube_013.ply"/>
        <boolean name="face_normals" value="true"/>
        <ref id="mat-Material" name="bsdf"/>
        <transform name="to_world">
            <matrix value="0.8993904547122744 0.15646756622022726 0.4081854719940088 0.7153383743787942 -0.42918805305419777 0.138690696941949 0.8925037149526192 1.476576080005883 0.08303636173445599 -0.9778971805691424 0.19189107281401693 -1.3766931662872808 0.0 0.0 0.0 1.0"/>
            <scale value="1"/>
        </transform>
    </shape>
    <shape name="temp18" type="ply">
        <string name="filename" value="meshes/Cube_014.ply"/>
        <boolean name="face_normals" value="true"/>
        <ref id="mat-Material" name="bsdf"/>
        <transform name="to_world">
            <matrix value="0.9365269747724843 0.30712064293953356 0.16910005716039092 0.1149931076390579 -0.21814212794777554 0.13286239917567577 0.9668308983826305 1.0270459806275658 0.27446669219735936 -0.9423504921541103 0.19142511397800863 -0.8728426892501882 0.0 0.0 0.0 1.0"/>
            <scale value="1"/>
        </transform>
    </shape>
    <shape name="temp19" type="ply">
        <string name="filename" value="meshes/Cube_015.ply"/>
        <boolean name="face_normals" value="true"/>
        <ref id="mat-Material" name="bsdf"/>
        <transform name="to_world">
            <matrix value="0.9835322599804619 0.12717693977969352 0.1284154515552685 0.031001704128177154 -0.14928478601201714 0.17115163436047082 0.97386933295384 0.6392512186396635 0.10187522051249319 -0.9770021463300677 0.1873187379704326 -0.2952318470790227 0.0 0.0 0.0 1.0"/>
            <scale value="1"/>
        </transform>
    </shape>
    <shape name="temp20" type="ply">
        <string name="filename" value="meshes/Cube_016.ply"/>
        <boolean name="face_normals" value="true"/>
        <ref id="mat-Material" name="bsdf"/>
        <transform name="to_world">
            <matrix value="0.9850641015412382 0.02520144006441076 0.170334868169416 0.060897076655824445 -0.172128860852406 0.17028304858131546 0.9702451561414799 0.33123736669623793 -0.004553554173825012 -0.9850728897028302 0.17207759818561857 0.16459337058064571 0.0 0.0 0.0 1.0"/>
            <scale value="1"/>
        </transform>
    </shape>
    <shape name="temp21" type="ply">
        <string name="filename" value="meshes/Cube_017.ply"/>
        <boolean name="face_normals" value="true"/>
        <ref id="mat-Material" name="bsdf"/>
        <transform name="to_world">
            <matrix value="0.9470433153022816 -0.0893364732188485 0.30842853367286005 0.20505215455469716 -0.29148737560435933 0.1637504667068539 0.9424547574796664 0.13456306174321 -0.13470095403234242 -0.9824482763655478 0.12903832961168285 0.41054123006816723 0.0 0.0 0.0 1.0"/>
            <scale value="1"/>
        </transform>
    </shape>
    <shape name="temp22" type="ply">
        <string name="filename" value="meshes/Cube_018.ply"/>
        <boolean name="face_normals" value="true"/>
        <ref id="mat-Material" name="bsdf"/>
        <transform name="to_world">
            <matrix value="0.25991854113366913 0.9561328930818923 0.13510019143293867 0.8510488363957921 -0.4556147134800284 -0.001924582258256279 0.8901752209468957 -0.09475201955576383 0.8513861038567303 -0.2929267056440763 0.43512792060520983 -0.1358196371219939 0.0 0.0 0.0 1.0"/>
            <scale value="1"/>
        </transform>
    </shape>
    <shape name="temp23" type="ply">
        <string name="filename" value="meshes/Cube_019.ply"/>
        <boolean name="face_normals" value="true"/>
        <ref id="mat-Material" name="bsdf"/>
        <transform name="to_world">
            <matrix value="-0.08071940704966252 0.9840322637837567 -0.1586343630871528 0.5040865919050272 -0.9126535609110911 -0.008988838666480332 0.4086350959126775 -0.04732395790435547 0.40068418710451803 0.17776297757929846 0.898806250859888 -0.057611044095884356 0.0 0.0 0.0 1.0"/>
            <scale value="1"/>
        </transform>
    </shape>
    <shape name="temp24" type="ply">
        <string name="filename" value="meshes/Cube_020.ply"/>
        <boolean name="face_normals" value="true"/>
        <ref id="mat-Material" name="bsdf"/>
        <transform name="to_world">
            <matrix value="0.09557419190944222 0.947484304785987 -0.3051868444371552 0.11995781813004802 -0.9596030458678064 0.006192709247817735 -0.2812894049214945 0.1464023356712245 -0.264627387456992 0.3197421981538881 0.9098007610708188 0.11443575153259311 0.0 0.0 0.0 1.0"/>
            <scale value="1"/>
        </transform>
    </shape>
    <shape name="temp25" type="ply">
        <string name="filename" value="meshes/Cube_021.ply"/>
        <boolean name="face_normals" value="true"/>
        <ref id="mat-Material" name="bsdf"/>
        <transform name="to_world">
            <matrix value="0.1856890716224578 0.93796084042693 -0.29282904220649514 -0.16734773424033023 -0.8002147946818149 -0.028596750677376766 -0.5990314410517512 0.09281654334470248 -0.5702422047171501 0.3455595580520751 0.745260155425202 0.3020615258527337 0.0 0.0 0.0 1.0"/>
            <scale value="1"/>
        </transform>
    </shape>
    <shape name="temp26" type="ply">
        <string name="filename" value="meshes/Cube_022.ply"/>
        <boolean name="face_normals" value="true"/>
        <ref id="mat-Material" name="bsdf"/>
        <transform name="to_world">
            <matrix value="0.6378559891636394 0.3999372161953014 -0.6581721156578338 -0.08381311163928418 -0.711724793316632 -0.02041679685788959 -0.7021617407395675 -0.19543626012330284 -0.29425843089071974 0.9163150286907387 0.27162225349995106 0.6837002141410585 0.0 0.0 0.0 1.0"/>
            <scale value="1"/>
        </transform>
    </shape>
    <shape name="temp27" type="ply">
        <string name="filename" value="meshes/Cube_023.ply"/>
        <boolean name="face_normals" value="true"/>
        <ref id="mat-Material" name="bsdf"/>
        <transform name="to_world">
            <matrix value="0.8571074611676391 0.2806874096570252 -0.431951003758213 -0.06517166460170976 -0.4804566093467157 0.13311207430598868 -0.866857894729377 -0.2871994335612971 -0.1858181877817906 0.9505238588887059 0.24894957734878853 0.20591101831461422 0.0 0.0 0.0 1.0"/>
            <scale value="1"/>
        </transform>
    </shape>
    <shape name="temp28" type="ply">
        <string name="filename" value="meshes/Cube_024.ply"/>
        <boolean name="face_normals" value="true"/>
        <ref id="mat-Material" name="bsdf"/>
        <transform name="to_world">
            <matrix value="0.8553247450919902 0.4426892326817862 -0.2691583049698336 -0.19210935652243888 -0.37768892269341714 0.17716396585061625 -0.9088256305490848 -0.5121790732763898 -0.35464219797988394 0.8789989216203645 0.3187315877586933 -0.3423731599837245 0.0 0.0 0.0 1.0"/>
            <scale value="1"/>
        </transform>
    </shape>
    <shape name="temp29" type="ply">
        <string name="filename" value="meshes/Cube_025.ply"/>
        <boolean name="face_normals" value="true"/>
        <ref id="mat-Material" name="bsdf"/>
        <transform name="to_world">
            <matrix value="0.9003589367175685 0.36310711000515206 -0.2398069879405286 -0.26497999850529796 -0.3212393644275895 0.1828916843789305 -0.9291695762991933 -0.7931096383052577 -0.293529299129297 0.9136213740266946 0.28131233449371923 -0.7020513094458463 0.0 0.0 0.0 1.0"/>
            <scale value="1"/>
        </transform>
    </shape>
    <shape name="temp30" type="ply">
        <string name="filename" value="meshes/Cube_026.ply"/>
        <boolean name="face_normals" value="true"/>
        <ref id="mat-Material" name="bsdf"/>
        <transform name="to_world">
            <matrix value="0.9233086359340954 0.235093226649535 -0.3036977903182874 -0.3317280877946335 -0.3497356066287607 0.18791349184332 -0.9178091258998979 -1.1471652332687023 -0.15870193270889515 0.9536348902743507 0.25572277635914314 -0.8878351748987765 0.0 0.0 0.0 1.0"/>
            <scale value="1"/>
        </transform>
    </shape>
    <shape name="temp31" type="ply">
        <string name="filename" value="meshes/Cube_027.ply"/>
        <boolean name="face_normals" value="true"/>
        <ref id="mat-Material" name="bsdf"/>
        <transform name="to_world">
            <matrix value="0.8731208789650141 0.17216854427092568 -0.45609004014465504 -0.5944150718923468 -0.4833372338558261 0.18365787623872867 -0.8559527417366831 -1.5834297232928283 -0.06360360408278327 0.9677952455347366 0.24357087439323227 -1.025531322948669 0.0 0.0 0.0 1.0"/>
            <scale value="1"/>
        </transform>
    </shape>
    <shape name="temp32" type="ply">
        <string name="filename" value="meshes/Cube_028.ply"/>
        <boolean name="face_normals" value="true"/>
        <ref id="mat-Material" name="bsdf"/>
        <transform name="to_world">
            <matrix value="-0.1058080996122526 0.9845679076723479 0.13939317791443528 -1.4870723651414588 -0.7964849200481537 1.0857781124393281e-05 -0.6046583591043643 -2.1219709801737636 -0.5953287697220169 -0.17500232571236674 0.7841925752009007 -1.3603103057388177 0.0 0.0 0.0 1.0"/>
            <scale value="1"/>
        </transform>
    </shape>
    <shape name="temp33" type="ply">
        <string name="filename" value="meshes/Cube_029.ply"/>
        <boolean name="face_normals" value="true"/>
        <ref id="mat-Material" name="bsdf"/>
        <transform name="to_world">
            <matrix value="-0.005207117744363303 0.9775509310149909 0.21063429122297234 -1.593616574400793 -0.9989109563903856 -0.01485298786249304 0.04423833660898463 -1.8281409471659047 0.04637379948123051 -0.21017452229033654 0.976563530535894 -0.1280601740367573 0.0 0.0 0.0 1.0"/>
            <scale value="1"/>
        </transform>
    </shape>
    <shape name="temp34" type="ply">
        <string name="filename" value="meshes/Cube_030.ply"/>
        <boolean name="face_normals" value="true"/>
        <ref id="mat-Material" name="bsdf"/>
        <transform name="to_world">
            <matrix value="-0.042665880623204935 0.9786080266995136 -0.20126039056437692 -3.227636797582366 -0.974650149652585 0.0035139624487504385 0.22370583365578217 -1.9118729574284254 0.21962749544107915 0.2057030802125664 0.953651027159006 0.2552303549780166 0.0 0.0 0.0 1.0"/>
            <scale value="1"/>
        </transform>
    </shape>
    <shape name="temp35" type="ply">
        <string name="filename" value="meshes/Cube_031.ply"/>
        <boolean name="face_normals" value="true"/>
        <ref id="mat-Material" name="bsdf"/>
        <transform name="to_world">
            <matrix value="0.13212483622237944 0.9770532494269153 0.16706230577168654 -1.8970796488767039 -0.7881085479950428 0.001326346462309902 0.6155353810527252 -1.219060861704745 0.601189304767325 -0.21299061580274622 0.7701991536101587 0.5726069862622558 0.0 0.0 0.0 1.0"/>
            <scale value="1"/>
        </transform>
    </shape>
    <shape name="temp36" type="ply">
        <string name="filename" value="meshes/Cube_032.ply"/>
        <boolean name="face_normals" value="true"/>
        <ref id="mat-Material" name="bsdf"/>
        <transform name="to_world">
            <matrix value="0.7155131757876839 0.6135631790715088 0.33403818541053126 -0.6587098521318593 -0.4222913087494038 -0.0010386965164374676 0.9064597860811374 -0.20908872581919535 0.5565172411959003 -0.789645052490181 0.2583590570852172 -0.11658681106067803 0.0 0.0 0.0 1.0"/>
            <scale value="1"/>
        </transform>
    </shape>
    <shape name="temp37" type="ply">
        <string name="filename" value="meshes/Cube_033.ply"/>
        <boolean name="face_normals" value="true"/>
        <ref id="mat-Material" name="bsdf"/>
        <transform name="to_world">
            <matrix value="0.976617254138543 0.169701495339189 0.13198532836020596 -0.14333691255861325 -0.15011045570513468 0.09878276594990229 0.983722053935013 0.3004429547530112 0.15390123167862532 -0.9805322231098633 0.12194694248643445 -0.38321803695472867 0.0 0.0 0.0 1.0"/>
            <scale value="1"/>
        </transform>
    </shape>
    <shape name="temp38" type="ply">
        <string name="filename" value="meshes/Cube_034.ply"/>
        <boolean name="face_normals" value="true"/>
        <ref id="mat-Material" name="bsdf"/>
        <transform name="to_world">
            <matrix value="0.9999193301029915 -0.0007728790650427702 0.012675517623035495 -0.03381651659128604 -0.012333478716444427 0.17866731466784033 0.9838322141590402 0.3693921858435738 -0.003025081246110559 -0.9839091991831848 0.17864338393296586 -0.375351632666147 0.0 0.0 0.0 1.0"/>
            <scale value="1"/>
        </transform>
    </shape>
    <shape name="temp39" type="ply">
        <string name="filename" value="meshes/Cube_035.ply"/>
        <boolean name="face_normals" value="true"/>
        <ref id="mat-Material" name="bsdf"/>
        <transform name="to_world">
            <matrix value="0.9988116703632982 -0.048618589429376566 0.003498225380253709 0.008925695571542214 0.006518863458664213 0.20435498505495148 0.9788752404731499 0.09135903222608624 -0.048306419728133584 -0.9776888050844453 0.20442903199421683 -0.15390448031832926 0.0 0.0 0.0 1.0"/>
            <scale value="1"/>
        </transform>
    </shape>
    <shape name="temp40" type="ply">
        <string name="filename" value="meshes/Cube_036.ply"/>
        <boolean name="face_normals" value="true"/>
        <ref id="mat-Material" name="bsdf"/>
        <transform name="to_world">
            <matrix value="0.9988059082277976 -0.04872786662300307 0.0035764722346592432 0.0027326863051744255 0.0066159421446136445 0.20741047050308392 0.9782317723834464 -0.23941980520889222 -0.048408941415925125 -0.9770396914624455 0.20748515082731273 0.18318955765243056 0.0 0.0 0.0 1.0"/>
            <scale value="1"/>
        </transform>
    </shape>
    <shape name="temp41" type="ply">
        <string name="filename" value="meshes/Cube_037.ply"/>
        <boolean name="face_normals" value="true"/>
        <ref id="mat-Material" name="bsdf"/>
        <transform name="to_world">
            <matrix value="0.998778870515064 -0.049268912838975186 0.0036799897498984682 -0.005658020633132921 0.006628388357294952 0.207435980334694 0.9782263352908442 -0.5704169036408571 -0.04895949130094836 -0.9770069437636493 0.20750926315102683 0.5191350076845479 0.0 0.0 0.0 1.0"/>
            <scale value="1"/>
        </transform>
    </shape>
    <shape name="temp42" type="ply">
        <string name="filename" value="meshes/Cube_038.ply"/>
        <boolean name="face_normals" value="true"/>
        <ref id="mat-Material" name="bsdf"/>
        <transform name="to_world">
            <matrix value="0.9989707939513535 -0.04519772726798673 0.0038246873317160745 0.009618202038008228 0.005643719183656102 0.2075163060595758 0.9782154611056398 -0.9041371121890673 -0.04500679931989071 -0.9771867432309256 0.20755781875191776 0.8664910043907121 0.0 0.0 0.0 1.0"/>
            <scale value="1"/>
        </transform>
    </shape>
    <shape name="temp43" type="ply">
        <string name="filename" value="meshes/Cube_039.ply"/>
        <boolean name="face_normals" value="true"/>
        <ref id="mat-Material" name="bsdf"/>
        <transform name="to_world">
            <matrix value="0.9999348753267232 -0.010681254686406001 -0.004062489495342609 0.02222206877262778 0.008287427863794345 0.4330172724082503 0.9013475086132519 -1.3192491836303635 -0.007868381980298067 -0.901322288590836 0.43307744592434444 1.475792769149182 0.0 0.0 0.0 1.0"/>
            <scale value="1"/>
        </transform>
    </shape>
    <shape name="temp47" type="ply">
        <string name="filename" value="meshes/Plane_001.ply"/>
        <boolean name="face_normals" value="true"/>
        <ref id="mat-Material.002" name="bsdf"/>
        <transform name="to_world">
            <scale value="1"/>
        </transform>
    </shape>
    <shape name="temp49" type="ply">
        <string name="filename" value="meshes/Plane_002.ply"/>
        <boolean name="face_normals" value="true"/>
        <ref id="mat-Material.003" name="bsdf"/>
        <transform name="to_world">
            <scale value="1"/>
        </transform>
    </shape>
    <shape name="temp51" type="ply">
        <string name="filename" value="meshes/Plane_003.ply"/>
        <boolean name="face_normals" value="true"/>
        <ref id="mat-Material.004" name="bsdf"/>
        <transform name="to_world">
            <scale value="1"/>
        </transform>
    </shape>
    <shape name="temp53" type="ply">
        <string name="filename" value="meshes/Plane_004.ply"/>
        <boolean name="face_normals" value="true"/>
        <ref id="mat-Material.005" name="bsdf"/>
        <transform name="to_world">
            <scale value="1"/>
        </transform>
    </shape>
    <emitter type="point">
        <transform name="to_world">
            <rotate angle="-142.5518126578256" x="1"/>
            <rotate angle="3.976628485794621e-06" y="1"/>
            <rotate angle="-179.999991348578" z="1"/>
            <translate value="-0.000000 3.030926 4.073377"/>
        </transform>
        <rgb name="intensity" value="100"/>
    </emitter>
</scene>
