
<scene version="2.1.0">
    <default name="spp" value="1024"/>
    <default name="resx" value="640"/>
    <default name="resy" value="360"/>
    <integrator name="temp0" type="path">
        <integer name="max_depth" value="12"/>
    </integrator>
    <sensor name="temp44" type="perspective">
        <string name="fov_axis" value="x"/>
        <float name="fov" value="83.974423"/>
        <float name="principal_point_offset_x" value="0.000000"/>
        <float name="principal_point_offset_y" value="-0.000000"/>
        <float name="near_clip" value="0.100000"/>
        <float name="far_clip" value="1000.000000"/>
        <sampler name="sampler" type="independent">
            <integer name="sample_count" value="$spp"/>
        </sampler>
        <film name="film" type="hdrfilm">
            <integer name="width" value="$resx"/>
            <integer name="height" value="$resy"/>
        </film>
        <float name="shutter_open" value="0.0"/>
        <float name="shutter_close" value="0.0015"/>
        <animation name="to_world">
            <transform time="0">
                <rotate angle="-142.5518126578256" x="1"/>
                <rotate angle="3.976628485794621e-06" y="1"/>
                <rotate angle="-179.999991348578" z="1"/>
                <translate value="-0.000000 3.030926 4.073377"/>
                <translate x="11.25" y="0.0" z="0.0"/>
            </transform>
            <transform time="0.0015">
                <rotate angle="-142.5518126578256" x="1"/>
                <rotate angle="3.976628485794621e-06" y="1"/>
                <rotate angle="-179.999991348578" z="1"/>
                <translate value="-0.000000 3.030926 4.073377"/>
                <translate x="11.4" y="0.0" z="0.0"/>
            </transform>
        </animation>
    </sensor>
    <bsdf id="mat-Material" name="mat-Material" type="twosided">
        <bsdf name="bsdf" type="diffuse">
            <texture name="reflectance" type="bitmap">
                <string name="filename" value="textures/siggraph_2023_logo.jpg"/>
            </texture>
        </bsdf>
    </bsdf>
    <bsdf id="mat-Material.001" name="mat-Material.001" type="twosided">
        <bsdf name="bsdf" type="principled">
            <rgb name="base_color" value="0.433648 0.266232 0.084399"/>
            <float name="spec_tint" value="0.000000"/>
            <float name="spec_trans" value="0.000000"/>
            <float name="metallic" value="0.000000"/>
            <float name="anisotropic" value="0.000000"/>
            <float name="roughness" value="0.500000"/>
            <float name="sheen" value="0.000000"/>
            <float name="sheen_tint" value="0.500000"/>
            <float name="clearcoat" value="0.000000"/>
            <float name="clearcoat_gloss" value="0.173205"/>
            <float name="specular" value="0.500000"/>
        </bsdf>
    </bsdf>
    <bsdf id="mat-Material.002" name="mat-Material.002" type="twosided">
        <bsdf name="bsdf" type="principled">
            <rgb name="base_color" value="0.433648 0.266232 0.084399"/>
            <float name="spec_tint" value="0.000000"/>
            <float name="spec_trans" value="0.000000"/>
            <float name="metallic" value="0.000000"/>
            <float name="anisotropic" value="0.000000"/>
            <float name="roughness" value="0.500000"/>
            <float name="sheen" value="0.000000"/>
            <float name="sheen_tint" value="0.500000"/>
            <float name="clearcoat" value="0.000000"/>
            <float name="clearcoat_gloss" value="0.173205"/>
            <float name="specular" value="0.500000"/>
        </bsdf>
    </bsdf>
    <bsdf id="mat-Material.003" name="mat-Material.003" type="twosided">
        <bsdf name="bsdf" type="principled">
            <rgb name="base_color" value="0.433648 0.266232 0.084399"/>
            <float name="spec_tint" value="0.000000"/>
            <float name="spec_trans" value="0.000000"/>
            <float name="metallic" value="0.000000"/>
            <float name="anisotropic" value="0.000000"/>
            <float name="roughness" value="0.500000"/>
            <float name="sheen" value="0.000000"/>
            <float name="sheen_tint" value="0.500000"/>
            <float name="clearcoat" value="0.000000"/>
            <float name="clearcoat_gloss" value="0.173205"/>
            <float name="specular" value="0.500000"/>
        </bsdf>
    </bsdf>
    <bsdf id="mat-Material.004" name="mat-Material.004" type="twosided">
        <bsdf name="bsdf" type="principled">
            <rgb name="base_color" value="0.433648 0.266232 0.084399"/>
            <float name="spec_tint" value="0.000000"/>
            <float name="spec_trans" value="0.000000"/>
            <float name="metallic" value="0.000000"/>
            <float name="anisotropic" value="0.000000"/>
            <float name="roughness" value="0.500000"/>
            <float name="sheen" value="0.000000"/>
            <float name="sheen_tint" value="0.500000"/>
            <float name="clearcoat" value="0.000000"/>
            <float name="clearcoat_gloss" value="0.173205"/>
            <float name="specular" value="0.500000"/>
        </bsdf>
    </bsdf>
    <bsdf id="mat-Material.005" name="mat-Material.005" type="twosided">
        <bsdf name="bsdf" type="principled">
            <rgb name="base_color" value="0.433648 0.266232 0.084399"/>
            <float name="spec_tint" value="0.000000"/>
            <float name="spec_trans" value="0.000000"/>
            <float name="metallic" value="0.000000"/>
            <float name="anisotropic" value="0.000000"/>
            <float name="roughness" value="0.500000"/>
            <float name="sheen" value="0.000000"/>
            <float name="sheen_tint" value="0.500000"/>
            <float name="clearcoat" value="0.000000"/>
            <float name="clearcoat_gloss" value="0.173205"/>
            <float name="specular" value="0.500000"/>
        </bsdf>
    </bsdf>
    <emitter name="temp45" type="point">
        <point name="position" x="-6.815235034541981e-16" y="3.0693089962005615" z="4.109199523925781"/>
        <rgb name="intensity" value="7.957747 7.957747 7.957747"/>
    </emitter>
    <shape name="temp2" type="ply">
        <string name="filename" value="meshes/Cube.ply"/>
        <boolean name="face_normals" value="true"/>
        <ref id="mat-Material" name="bsdf"/>
        <transform name="to_world">
            <matrix value="0.9999995567588077 0.00023614636761273448 0.0012414064387468967 -0.0020889301092004153 -0.000233773826430295 0.9999981227433812 -0.001911811776364344 -0.01470984650253554 -0.0012418554430904903 0.0019115186380294646 0.9999973996513641 0.0028619995865666326 0.0 0.0 0.0 1.0"/>
            <scale value="1"/>
        </transform>
    </shape>
    <shape name="temp4" type="ply">
        <string name="filename" value="meshes/Plane.ply"/>
        <boolean name="face_normals" value="true"/>
        <ref id="mat-Material.001" name="bsdf"/>
        <transform name="to_world">
            <scale value="1"/>
        </transform>
    </shape>
    <shape name="temp5" type="ply">
        <string name="filename" value="meshes/Cube_001.ply"/>
        <boolean name="face_normals" value="true"/>
        <ref id="mat-Material" name="bsdf"/>
        <transform name="to_world">
            <matrix value="0.9999991135176153 0.00014230668949966938 -0.0014836052746417308 0.002076979734645157 -0.00014594868685364353 0.9999968712389685 -0.0024550364261564815 -0.014886633094305657 0.0014832534612704712 0.002455247245125912 0.999995981279381 -0.0031990779908769307 0.0 0.0 0.0 1.0"/>
            <scale value="1"/>
        </transform>
    </shape>
    <shape name="temp6" type="ply">
        <string name="filename" value="meshes/Cube_002.ply"/>
        <boolean name="face_normals" value="true"/>
        <ref id="mat-Material" name="bsdf"/>
        <transform name="to_world">
            <matrix value="1.0 7.04749250661733e-05 0.00032194207274262554 -0.0008741151129938451 -7.158655525356057e-05 0.9999939510620058 0.0034534284651182145 -0.01971382556373319 -0.0003216973655516491 -0.0034534575938158997 0.9999940901167368 0.0011064748019340431 0.0 0.0 0.0 1.0"/>
            <scale value="1"/>
        </transform>
    </shape>
    <shape name="temp7" type="ply">
        <string name="filename" value="meshes/Cube_003.ply"/>
        <boolean name="face_normals" value="true"/>
        <ref id="mat-Material" name="bsdf"/>
        <transform name="to_world">
            <matrix value="0.9999995567588077 6.780838633106882e-05 0.0012046044136899373 -0.0012710382168363843 -6.838059170926215e-05 0.9999997914159312 0.0004750482364671947 -0.017737224865872425 -0.0012045699939896494 -0.00047512947856068655 0.9999992908140084 0.003399214996505917 0.0 0.0 0.0 1.0"/>
            <scale value="1"/>
        </transform>
    </shape>
    <shape name="temp8" type="ply">
        <string name="filename" value="meshes/Cube_004.ply"/>
        <boolean name="face_normals" value="true"/>
        <ref id="mat-Material" name="bsdf"/>
        <transform name="to_world">
            <matrix value="0.9999995567588077 -0.0003665260114762955 0.0008557865558193202 -0.0005517782137585137 0.00036826650142635016 0.9999977055752436 -0.0020338295901708714 -0.018749795175526107 -0.0008550388545229218 0.002034143126216306 0.9999976360466947 0.002644730960695719 0.0 0.0 0.0 1.0"/>
            <scale value="1"/>
        </transform>
    </shape>
    <shape name="temp9" type="ply">
        <string name="filename" value="meshes/Cube_005.ply"/>
        <boolean name="face_normals" value="true"/>
        <ref id="mat-Material" name="bsdf"/>
        <transform name="to_world">
            <matrix value="0.9999995567588077 -0.000562482400719198 0.0007845724624970627 -0.0005516768452391574 0.0005656555448586681 0.9999916566372494 -0.004051319535095486 -0.020484519668500956 -0.0007822852452098924 0.004051760136664282 0.9999914897681008 0.001993589132432305 0.0 0.0 0.0 1.0"/>
            <scale value="1"/>
        </transform>
    </shape>
    <shape name="temp10" type="ply">
        <string name="filename" value="meshes/Cube_006.ply"/>
        <boolean name="face_normals" value="true"/>
        <ref id="mat-Material" name="bsdf"/>
        <transform name="to_world">
            <matrix value="0.9999995567588077 0.00021042795193388722 -0.001102197956504205 -0.0010714864637693111 -0.00021015660597808263 1.0 0.00024564547981396635 -0.017097209557232707 0.001102247764734667 -0.0002454137577880077 0.9999995272093389 -0.0024180680321177483 0.0 0.0 0.0 1.0"/>
            <scale value="1"/>
        </transform>
    </shape>
    <shape name="temp11" type="ply">
        <string name="filename" value="meshes/Cube_007.ply"/>
        <boolean name="face_normals" value="true"/>
        <ref id="mat-Material" name="bsdf"/>
        <transform name="to_world">
            <matrix value="0.9999986702764229 -0.0017294184884746873 -6.383430389376204e-05 0.0005968491080694527 0.0017296866993955964 0.9999887364602866 0.004427708180365855 -0.01736168005419808 5.6175945477787415e-05 -0.0044278184400831835 0.9999903077914484 0.00016261024254382583 0.0 0.0 0.0 1.0"/>
            <scale value="1"/>
        </transform>
    </shape>
    <shape name="temp12" type="ply">
        <string name="filename" value="meshes/Cube_008.ply"/>
        <boolean name="face_normals" value="true"/>
        <ref id="mat-Material" name="bsdf"/>
        <transform name="to_world">
            <matrix value="0.9999977837940383 0.002234721738423063 0.00010809720197758877 0.00012771887900164813 -0.0022343788506578584 0.9999926995575932 -0.00307519593626971 -0.016534641568356434 -0.0001149687869552344 0.003074940084226247 0.9999955084887199 -2.268338528610414e-05 0.0 0.0 0.0 1.0"/>
            <scale value="1"/>
        </transform>
    </shape>
    <shape name="temp13" type="ply">
        <string name="filename" value="meshes/Cube_009.ply"/>
        <boolean name="face_normals" value="true"/>
        <ref id="mat-Material" name="bsdf"/>
        <transform name="to_world">
            <matrix value="0.9999986702764229 -0.0016187458674281378 0.0008177009041175811 0.0015097884986512433 0.0016180652699250213 0.99999833132745 0.0008299272706126091 -0.019874233708756517 -0.0008190432372918318 -0.000828602299013606 0.9999995272093389 0.0014128970325568702 0.0 0.0 0.0 1.0"/>
            <scale value="1"/>
        </transform>
    </shape>
    <shape name="temp14" type="ply">
        <string name="filename" value="meshes/Cube_010.ply"/>
        <boolean name="face_normals" value="true"/>
        <ref id="mat-Material" name="bsdf"/>
        <transform name="to_world">
            <matrix value="0.9999867027642294 -0.0005012421181295015 0.005154883856610157 0.01065420536814754 0.0005001666586883253 0.9999997914159312 0.00021027742883200377 -0.01833437823992673 -0.005154988147730516 -0.00020769633496932775 0.9999867618614903 0.008536282177595389 0.0 0.0 0.0 1.0"/>
            <scale value="1"/>
        </transform>
    </shape>
    <shape name="temp15" type="ply">
        <string name="filename" value="meshes/Cube_011.ply"/>
        <boolean name="face_normals" value="true"/>
        <ref id="mat-Material" name="bsdf"/>
        <transform name="to_world">
            <matrix value="0.999997340552846 -0.002263610631947153 -0.0008449218264281468 -0.0017284899494278694 0.002262985637212403 0.9999970798230373 -0.0007427824959659137 -0.022129120282301296 0.0008465995422204965 0.0007408676680092528 0.9999995272093389 -0.0013303542055009832 0.0 0.0 0.0 1.0"/>
            <scale value="1"/>
        </transform>
    </shape>
    <shape name="temp16" type="ply">
        <string name="filename" value="meshes/Cube_012.ply"/>
        <boolean name="face_normals" value="true"/>
        <ref id="mat-Material" name="bsdf"/>
        <transform name="to_world">
            <matrix value="0.9999982270352306 -0.0018551321067199532 -0.00019474696480215365 -0.00031060712967456716 0.0018547073101110407 0.9999958283186247 -0.0021685891122929825 -0.02286798926115674 0.00019876929650530914 0.0021682230514597756 0.9999976360466947 -0.00044023068010501376 0.0 0.0 0.0 1.0"/>
            <scale value="1"/>
        </transform>
    </shape>
    <shape name="temp17" type="ply">
        <string name="filename" value="meshes/Cube_013.ply"/>
        <boolean name="face_normals" value="true"/>
        <ref id="mat-Material" name="bsdf"/>
        <transform name="to_world">
            <matrix value="0.9999977837940383 -0.0021248313076343856 0.00030052938370318956 -9.224376796745926e-05 0.002126454052731518 0.9999824789382238 -0.0055119117243100915 -0.02590081285894108 -0.0002888124150085014 0.005512547374656619 0.999984870698846 -0.00021034395563890307 0.0 0.0 0.0 1.0"/>
            <scale value="1"/>
        </transform>
    </shape>
    <shape name="temp18" type="ply">
        <string name="filename" value="meshes/Cube_014.ply"/>
        <boolean name="face_normals" value="true"/>
        <ref id="mat-Material" name="bsdf"/>
        <transform name="to_world">
            <matrix value="1.0 -0.0005033237871357862 -6.44047258263317e-05 -0.00040988548291620575 0.0005031585367367166 0.999996454070831 -0.002546899651600562 -0.02018601518571117 6.568657174213291e-05 0.0025468782265348137 0.9999969268607032 0.0003069434764081391 0.0 0.0 0.0 1.0"/>
            <scale value="1"/>
        </transform>
    </shape>
    <shape name="temp19" type="ply">
        <string name="filename" value="meshes/Cube_015.ply"/>
        <boolean name="face_normals" value="true"/>
        <ref id="mat-Material" name="bsdf"/>
        <transform name="to_world">
            <matrix value="0.999669785311696 0.017463225585756213 -0.01886510384137684 -0.006269177845461438 -0.015451618450889762 0.9946679654501348 0.10196612360355367 0.04832002612971026 0.020545164504536133 -0.10164091001057522 0.9946090044872562 -0.03314601917835347 0.0 0.0 0.0 1.0"/>
            <scale value="1"/>
        </transform>
    </shape>
    <shape name="temp20" type="ply">
        <string name="filename" value="meshes/Cube_016.ply"/>
        <boolean name="face_normals" value="true"/>
        <ref id="mat-Material" name="bsdf"/>
        <transform name="to_world">
            <matrix value="0.9979234150138202 0.05757589852802223 -0.028884767204970352 0.06334251822312398 -0.0486336203763295 0.9674744432369745 0.24824937437975778 0.06703365689614849 0.04223846553445136 -0.24632902468175288 0.9682655816436189 -0.13908260828307115 0.0 0.0 0.0 1.0"/>
            <scale value="1"/>
        </transform>
    </shape>
    <shape name="temp21" type="ply">
        <string name="filename" value="meshes/Cube_017.ply"/>
        <boolean name="face_normals" value="true"/>
        <ref id="mat-Material" name="bsdf"/>
        <transform name="to_world">
            <matrix value="0.9956646578975828 0.08526086566560219 0.037191368166342886 0.21438363986626396 -0.09282556508819614 0.9365168129188629 0.3381117497462296 0.006797496730709673 -0.0060026514688126635 -0.3400979927955063 0.9403709326410417 -0.19028821903437756 0.0 0.0 0.0 1.0"/>
            <scale value="1"/>
        </transform>
    </shape>
    <shape name="temp22" type="ply">
        <string name="filename" value="meshes/Cube_018.ply"/>
        <boolean name="face_normals" value="true"/>
        <ref id="mat-Material" name="bsdf"/>
        <transform name="to_world">
            <matrix value="-0.2321250578429756 0.96964893215386 0.07680380274984504 1.110349236048521 -0.9307249475645669 -0.24435957390446433 0.2721021360209276 0.696180705538067 0.2826114264033459 -0.008321478110144904 0.9591984023457981 -0.3782117289445672 0.0 0.0 0.0 1.0"/>
            <scale value="1"/>
        </transform>
    </shape>
    <shape name="temp23" type="ply">
        <string name="filename" value="meshes/Cube_019.ply"/>
        <boolean name="face_normals" value="true"/>
        <ref id="mat-Material" name="bsdf"/>
        <transform name="to_world">
            <matrix value="-0.030869094032732476 0.9949606088986136 -0.09539672100764927 0.4081058156212854 -0.9736639380738866 -0.008363547430974316 0.2278351010188166 0.12049218702720031 0.2258890975077434 0.0999173798503618 0.9690154276320612 -0.031213408538151466 0.0 0.0 0.0 1.0"/>
            <scale value="1"/>
        </transform>
    </shape>
    <shape name="temp24" type="ply">
        <string name="filename" value="meshes/Cube_020.ply"/>
        <boolean name="face_normals" value="true"/>
        <ref id="mat-Material" name="bsdf"/>
        <transform name="to_world">
            <matrix value="0.12779249866389056 0.9915425330004687 0.022634214724621127 -0.19742013243514167 -0.9751616069614164 0.12977858966014835 -0.17949199667907922 0.048505964853255576 -0.18091135809563394 0.0008657061087919 0.983499132992248 0.09923770319648817 0.0 0.0 0.0 1.0"/>
            <scale value="1"/>
        </transform>
    </shape>
    <shape name="temp25" type="ply">
        <string name="filename" value="meshes/Cube_021.ply"/>
        <boolean name="face_normals" value="true"/>
        <ref id="mat-Material" name="bsdf"/>
        <transform name="to_world">
            <matrix value="0.284370827992277 0.9583682885468574 -0.025756240482133007 -0.32208753063448686 -0.778335966186016 0.2150983578176266 -0.58985268315792 0.08614453154418505 -0.5597560045884329 0.18778387770298882 0.8070999919152797 0.07864368113208797 0.0 0.0 0.0 1.0"/>
            <scale value="1"/>
        </transform>
    </shape>
    <shape name="temp26" type="ply">
        <string name="filename" value="meshes/Cube_022.ply"/>
        <boolean name="face_normals" value="true"/>
        <ref id="mat-Material" name="bsdf"/>
        <transform name="to_world">
            <matrix value="0.5509266400367359 0.8139586544658892 -0.18425876589344906 -0.24291389988340165 -0.44533860967648714 0.10000832250434377 -0.8897596379558234 0.1481998315459581 -0.7057999882984325 0.5722495583232344 0.41758431394056356 0.15191383393901192 0.0 0.0 0.0 1.0"/>
            <scale value="1"/>
        </transform>
    </shape>
    <shape name="temp27" type="ply">
        <string name="filename" value="meshes/Cube_023.ply"/>
        <boolean name="face_normals" value="true"/>
        <ref id="mat-Material" name="bsdf"/>
        <transform name="to_world">
            <matrix value="0.8529946261437839 0.4875754813598847 -0.18620020982449537 -0.12781955752837326 -0.3770226425330703 0.32893603352363154 -0.8658262655069426 -0.17207277885336514 -0.36090776682676534 0.8087465557555645 0.4644076098493642 -0.05896870857158254 0.0 0.0 0.0 1.0"/>
            <scale value="1"/>
        </transform>
    </shape>
    <shape name="temp28" type="ply">
        <string name="filename" value="meshes/Cube_024.ply"/>
        <boolean name="face_normals" value="true"/>
        <ref id="mat-Material" name="bsdf"/>
        <transform name="to_world">
            <matrix value="0.8834612527414468 0.42814779432776484 -0.19022543131510034 -0.12939185450717583 -0.34644365429314555 0.32368242658362245 -0.8804581908854471 -0.4804472502653767 -0.3153936779622252 0.8437530114324928 0.4342898991584799 -0.28629639855912065 0.0 0.0 0.0 1.0"/>
            <scale value="1"/>
        </transform>
    </shape>
    <shape name="temp29" type="ply">
        <string name="filename" value="meshes/Cube_025.ply"/>
        <boolean name="face_normals" value="true"/>
        <ref id="mat-Material" name="bsdf"/>
        <transform name="to_world">
            <matrix value="0.8793688068124398 0.4350097930220286 -0.19359139350792232 -0.2766530377025066 -0.31832354656780615 0.23474948010420862 -0.9184568491055509 -0.7848679994039941 -0.35409217998429154 0.8692866216264135 0.3449052787550098 -0.7649832737733291 0.0 0.0 0.0 1.0"/>
            <scale value="1"/>
        </transform>
    </shape>
    <shape name="temp30" type="ply">
        <string name="filename" value="meshes/Cube_026.ply"/>
        <boolean name="face_normals" value="true"/>
        <ref id="mat-Material" name="bsdf"/>
        <transform name="to_world">
            <matrix value="0.9049947963484019 0.34435227346205755 -0.24981265670055472 -0.2864824782512364 -0.3442684924657862 0.2478193578530859 -0.9055744855683016 -1.1259752985747964 -0.24992815060271936 0.9055424958752502 0.3428247634510125 -0.861850612196447 0.0 0.0 0.0 1.0"/>
            <scale value="1"/>
        </transform>
    </shape>
    <shape name="temp31" type="ply">
        <string name="filename" value="meshes/Cube_027.ply"/>
        <boolean name="face_normals" value="true"/>
        <ref id="mat-Material" name="bsdf"/>
        <transform name="to_world">
            <matrix value="0.8503050385885782 0.33026075094436436 -0.4097679023365787 -0.5464679514704486 -0.4973862066886869 0.24980403526739436 -0.8307858584530952 -1.583703078401673 -0.1720142386800632 0.9102339687499349 0.37667681117828417 -0.9517422055047118 0.0 0.0 0.0 1.0"/>
            <scale value="1"/>
        </transform>
    </shape>
    <shape name="temp32" type="ply">
        <string name="filename" value="meshes/Cube_028.ply"/>
        <boolean name="face_normals" value="true"/>
        <ref id="mat-Material" name="bsdf"/>
        <transform name="to_world">
            <matrix value="-0.11235180230733635 0.9797800689578932 0.16555422176056842 -1.4539866585293202 -0.8328896488997867 -0.0019933253097994884 -0.5534357460943945 -2.1011853064230652 -0.5419151033549813 -0.2000678523975696 0.816272603530517 -1.1744374100459827 0.0 0.0 0.0 1.0"/>
            <scale value="1"/>
        </transform>
    </shape>
    <shape name="temp33" type="ply">
        <string name="filename" value="meshes/Cube_029.ply"/>
        <boolean name="face_normals" value="true"/>
        <ref id="mat-Material" name="bsdf"/>
        <transform name="to_world">
            <matrix value="0.01154279405063942 0.9892862878919034 0.1455311353925888 -1.6525618335691583 -0.9865219218228914 -0.012490527154516992 0.16315357989996696 -1.6088470729406734 0.16322339178798176 -0.14545282558408754 0.9758082474548497 0.14851648871383505 0.0 0.0 0.0 1.0"/>
            <scale value="1"/>
        </transform>
    </shape>
    <shape name="temp34" type="ply">
        <string name="filename" value="meshes/Cube_030.ply"/>
        <boolean name="face_normals" value="true"/>
        <ref id="mat-Material" name="bsdf"/>
        <transform name="to_world">
            <matrix value="-0.04080710897466136 0.9824472075913352 -0.18202199512185926 -3.199978518997494 -0.9714500522615754 0.0035995137014002317 0.23721544914472248 -1.8817052719318617 0.23370683738102335 0.18650538839308878 0.9542520581957519 0.30231961217726355 0.0 0.0 0.0 1.0"/>
            <scale value="1"/>
        </transform>
    </shape>
    <shape name="temp35" type="ply">
        <string name="filename" value="meshes/Cube_031.ply"/>
        <boolean name="face_normals" value="true"/>
        <ref id="mat-Material" name="bsdf"/>
        <transform name="to_world">
            <matrix value="0.10587019770330144 0.9891062798405584 0.10227599060281282 -2.047576421800741 -0.6752362918796441 -0.003993921860236159 0.7375907817168069 -0.7458485167161134 0.7299641683820101 -0.14714932324898888 0.6674577242410645 0.772404030083079 0.0 0.0 0.0 1.0"/>
            <scale value="1"/>
        </transform>
    </shape>
    <shape name="temp36" type="ply">
        <string name="filename" value="meshes/Cube_032.ply"/>
        <boolean name="face_normals" value="true"/>
        <ref id="mat-Material" name="bsdf"/>
        <transform name="to_world">
            <matrix value="0.8101841755802471 0.5517666027704136 0.1978767680597759 -0.4819311324000948 -0.22805167128523987 -0.014277752631809488 0.9735445257696914 0.4578723455575369 0.5399945392685102 -0.8338763471923542 0.11426369237213731 -0.2743339626225785 0.0 0.0 0.0 1.0"/>
            <scale value="1"/>
        </transform>
    </shape>
    <shape name="temp37" type="ply">
        <string name="filename" value="meshes/Cube_033.ply"/>
        <boolean name="face_normals" value="true"/>
        <ref id="mat-Material" name="bsdf"/>
        <transform name="to_world">
            <matrix value="0.9790386807723743 0.1537260206539945 0.13360976615301115 -0.12580269794893972 -0.14968037877619336 0.09816840243375892 0.9838489982275077 0.30182302836588537 0.13812698682864474 -0.9832248348535636 0.11912043443788263 -0.4079114047370135 0.0 0.0 0.0 1.0"/>
            <scale value="1"/>
        </transform>
    </shape>
    <shape name="temp38" type="ply">
        <string name="filename" value="meshes/Cube_034.ply"/>
        <boolean name="face_normals" value="true"/>
        <ref id="mat-Material" name="bsdf"/>
        <transform name="to_world">
            <matrix value="0.9999180003794145 0.005709901277160253 0.011457656159209418 -0.03549300375045439 -0.01230363085455129 0.1814456544638034 0.9833242005937305 0.3692347044824372 0.0035357438562338326 -0.9833844016661696 0.18150104888608157 -0.3356430437181669 0.0 0.0 0.0 1.0"/>
            <scale value="1"/>
        </transform>
    </shape>
    <shape name="temp39" type="ply">
        <string name="filename" value="meshes/Cube_035.ply"/>
        <boolean name="face_normals" value="true"/>
        <ref id="mat-Material" name="bsdf"/>
        <transform name="to_world">
            <matrix value="0.9991073122385986 -0.04219559762464463 0.0021775083081138915 0.009701674341947353 0.006859228370273055 0.21283417775117175 0.9770642158459573 0.0922301787375353 -0.041691270985254256 -0.9761767791699606 0.21293363768444154 -0.1309984353653924 0.0 0.0 0.0 1.0"/>
            <scale value="1"/>
        </transform>
    </shape>
    <shape name="temp40" type="ply">
        <string name="filename" value="meshes/Cube_036.ply"/>
        <boolean name="face_normals" value="true"/>
        <ref id="mat-Material" name="bsdf"/>
        <transform name="to_world">
            <matrix value="0.9998182711111347 -0.018932975681183423 0.002284295170774351 0.005370832634278955 0.001837775496563108 0.21488289047459133 0.9766382314603416 -0.25187456547714526 -0.01898152482062029 -0.976456281822107 0.2148785802663797 0.25140670638507545 0.0 0.0 0.0 1.0"/>
            <scale value="1"/>
        </transform>
    </shape>
    <shape name="temp41" type="ply">
        <string name="filename" value="meshes/Cube_037.ply"/>
        <boolean name="face_normals" value="true"/>
        <ref id="mat-Material" name="bsdf"/>
        <transform name="to_world">
            <matrix value="0.9990483611600154 -0.04354960024863221 0.0025569228136150474 -0.002203742187876667 0.0068764261285364 0.21508542560536312 0.976571095186471 -0.5686764700864055 -0.04307924088740433 -0.975623822803662 0.21518019706860336 0.5054489717557853 0.0 0.0 0.0 1.0"/>
            <scale value="1"/>
        </transform>
    </shape>
    <shape name="temp42" type="ply">
        <string name="filename" value="meshes/Cube_038.ply"/>
        <boolean name="face_normals" value="true"/>
        <ref id="mat-Material" name="bsdf"/>
        <transform name="to_world">
            <matrix value="0.999336911176238 -0.036319304664148365 0.002614130483603383 0.0027467170844155397 0.005263028188366869 0.21510440675562081 0.9765770050697343 -0.9035685319767385 -0.03603091252723717 -0.9759154233317968 0.21515284612886101 0.8450473228565998 0.0 0.0 0.0 1.0"/>
            <scale value="1"/>
        </transform>
    </shape>
    <shape name="temp43" type="ply">
        <string name="filename" value="meshes/Cube_039.ply"/>
        <boolean name="face_normals" value="true"/>
        <ref id="mat-Material" name="bsdf"/>
        <transform name="to_world">
            <matrix value="0.9999654311721613 -0.0026283024470555223 -0.00791525539695336 0.018287727531130393 0.00827280979968006 0.43299972919866386 0.9013560709783196 -1.3192922025952432 0.0010582778199823674 -0.9013902527138687 0.4330063803984202 1.4621028520699912 0.0 0.0 0.0 1.0"/>
            <scale value="1"/>
        </transform>
    </shape>
    <shape name="temp47" type="ply">
        <string name="filename" value="meshes/Plane_001.ply"/>
        <boolean name="face_normals" value="true"/>
        <ref id="mat-Material.002" name="bsdf"/>
        <transform name="to_world">
            <scale value="1"/>
        </transform>
    </shape>
    <shape name="temp49" type="ply">
        <string name="filename" value="meshes/Plane_002.ply"/>
        <boolean name="face_normals" value="true"/>
        <ref id="mat-Material.003" name="bsdf"/>
        <transform name="to_world">
            <scale value="1"/>
        </transform>
    </shape>
    <shape name="temp51" type="ply">
        <string name="filename" value="meshes/Plane_003.ply"/>
        <boolean name="face_normals" value="true"/>
        <ref id="mat-Material.004" name="bsdf"/>
        <transform name="to_world">
            <scale value="1"/>
        </transform>
    </shape>
    <shape name="temp53" type="ply">
        <string name="filename" value="meshes/Plane_004.ply"/>
        <boolean name="face_normals" value="true"/>
        <ref id="mat-Material.005" name="bsdf"/>
        <transform name="to_world">
            <scale value="1"/>
        </transform>
    </shape>
    <emitter type="point">
        <rgb name="intensity" value="100"/>
        <animation name="to_world">
            <transform time="0">
                <rotate angle="-142.5518126578256" x="1"/>
                <rotate angle="3.976628485794621e-06" y="1"/>
                <rotate angle="-179.999991348578" z="1"/>
                <translate value="-0.000000 3.030926 4.073377"/>
                <translate x="11.25" y="0.0" z="0.0"/>
            </transform>
            <transform time="0.0015">
                <rotate angle="-142.5518126578256" x="1"/>
                <rotate angle="3.976628485794621e-06" y="1"/>
                <rotate angle="-179.999991348578" z="1"/>
                <translate value="-0.000000 3.030926 4.073377"/>
                <translate x="11.4" y="0.0" z="0.0"/>
            </transform>
        </animation>
    </emitter>
</scene>
