
<scene version="2.1.0">
    <default name="spp" value="1024"/>
    <default name="resx" value="640"/>
    <default name="resy" value="360"/>
    <integrator name="temp0" type="path">
        <integer name="max_depth" value="12"/>
    </integrator>
    <sensor name="temp44" type="perspective">
        <string name="fov_axis" value="x"/>
        <float name="fov" value="83.974423"/>
        <float name="principal_point_offset_x" value="0.000000"/>
        <float name="principal_point_offset_y" value="-0.000000"/>
        <float name="near_clip" value="0.100000"/>
        <float name="far_clip" value="1000.000000"/>
        <sampler name="sampler" type="independent">
            <integer name="sample_count" value="$spp"/>
        </sampler>
        <film name="film" type="hdrfilm">
            <integer name="width" value="$resx"/>
            <integer name="height" value="$resy"/>
        </film>
        <float name="shutter_open" value="0.0"/>
        <float name="shutter_close" value="0.0015"/>
        <animation name="to_world">
            <transform time="0">
                <rotate angle="-142.5518126578256" x="1"/>
                <rotate angle="3.976628485794621e-06" y="1"/>
                <rotate angle="-179.999991348578" z="1"/>
                <translate value="-0.000000 3.030926 4.073377"/>
                <translate x="10.049999999999999" y="0.0" z="0.0"/>
            </transform>
            <transform time="0.0015">
                <rotate angle="-142.5518126578256" x="1"/>
                <rotate angle="3.976628485794621e-06" y="1"/>
                <rotate angle="-179.999991348578" z="1"/>
                <translate value="-0.000000 3.030926 4.073377"/>
                <translate x="10.2" y="0.0" z="0.0"/>
            </transform>
        </animation>
    </sensor>
    <bsdf id="mat-Material" name="mat-Material" type="twosided">
        <bsdf name="bsdf" type="diffuse">
            <texture name="reflectance" type="bitmap">
                <string name="filename" value="textures/siggraph_2023_logo.jpg"/>
            </texture>
        </bsdf>
    </bsdf>
    <bsdf id="mat-Material.001" name="mat-Material.001" type="twosided">
        <bsdf name="bsdf" type="principled">
            <rgb name="base_color" value="0.433648 0.266232 0.084399"/>
            <float name="spec_tint" value="0.000000"/>
            <float name="spec_trans" value="0.000000"/>
            <float name="metallic" value="0.000000"/>
            <float name="anisotropic" value="0.000000"/>
            <float name="roughness" value="0.500000"/>
            <float name="sheen" value="0.000000"/>
            <float name="sheen_tint" value="0.500000"/>
            <float name="clearcoat" value="0.000000"/>
            <float name="clearcoat_gloss" value="0.173205"/>
            <float name="specular" value="0.500000"/>
        </bsdf>
    </bsdf>
    <bsdf id="mat-Material.002" name="mat-Material.002" type="twosided">
        <bsdf name="bsdf" type="principled">
            <rgb name="base_color" value="0.433648 0.266232 0.084399"/>
            <float name="spec_tint" value="0.000000"/>
            <float name="spec_trans" value="0.000000"/>
            <float name="metallic" value="0.000000"/>
            <float name="anisotropic" value="0.000000"/>
            <float name="roughness" value="0.500000"/>
            <float name="sheen" value="0.000000"/>
            <float name="sheen_tint" value="0.500000"/>
            <float name="clearcoat" value="0.000000"/>
            <float name="clearcoat_gloss" value="0.173205"/>
            <float name="specular" value="0.500000"/>
        </bsdf>
    </bsdf>
    <bsdf id="mat-Material.003" name="mat-Material.003" type="twosided">
        <bsdf name="bsdf" type="principled">
            <rgb name="base_color" value="0.433648 0.266232 0.084399"/>
            <float name="spec_tint" value="0.000000"/>
            <float name="spec_trans" value="0.000000"/>
            <float name="metallic" value="0.000000"/>
            <float name="anisotropic" value="0.000000"/>
            <float name="roughness" value="0.500000"/>
            <float name="sheen" value="0.000000"/>
            <float name="sheen_tint" value="0.500000"/>
            <float name="clearcoat" value="0.000000"/>
            <float name="clearcoat_gloss" value="0.173205"/>
            <float name="specular" value="0.500000"/>
        </bsdf>
    </bsdf>
    <bsdf id="mat-Material.004" name="mat-Material.004" type="twosided">
        <bsdf name="bsdf" type="principled">
            <rgb name="base_color" value="0.433648 0.266232 0.084399"/>
            <float name="spec_tint" value="0.000000"/>
            <float name="spec_trans" value="0.000000"/>
            <float name="metallic" value="0.000000"/>
            <float name="anisotropic" value="0.000000"/>
            <float name="roughness" value="0.500000"/>
            <float name="sheen" value="0.000000"/>
            <float name="sheen_tint" value="0.500000"/>
            <float name="clearcoat" value="0.000000"/>
            <float name="clearcoat_gloss" value="0.173205"/>
            <float name="specular" value="0.500000"/>
        </bsdf>
    </bsdf>
    <bsdf id="mat-Material.005" name="mat-Material.005" type="twosided">
        <bsdf name="bsdf" type="principled">
            <rgb name="base_color" value="0.433648 0.266232 0.084399"/>
            <float name="spec_tint" value="0.000000"/>
            <float name="spec_trans" value="0.000000"/>
            <float name="metallic" value="0.000000"/>
            <float name="anisotropic" value="0.000000"/>
            <float name="roughness" value="0.500000"/>
            <float name="sheen" value="0.000000"/>
            <float name="sheen_tint" value="0.500000"/>
            <float name="clearcoat" value="0.000000"/>
            <float name="clearcoat_gloss" value="0.173205"/>
            <float name="specular" value="0.500000"/>
        </bsdf>
    </bsdf>
    <emitter name="temp45" type="point">
        <point name="position" x="-6.815235034541981e-16" y="3.0693089962005615" z="4.109199523925781"/>
        <rgb name="intensity" value="7.957747 7.957747 7.957747"/>
    </emitter>
    <shape name="temp2" type="ply">
        <string name="filename" value="meshes/Cube.ply"/>
        <boolean name="face_normals" value="true"/>
        <ref id="mat-Material" name="bsdf"/>
        <transform name="to_world">
            <matrix value="0.9999995567588077 0.00013310583764233254 0.001138217513017109 -0.0018834273628054454 -0.00013387524001510565 0.9999997914159312 0.0006760859174100906 -0.018371742456065654 -0.0011381281392557447 -0.0006762378943021089 0.9999992908140084 0.002636949226332508 0.0 0.0 0.0 1.0"/>
            <scale value="1"/>
        </transform>
    </shape>
    <shape name="temp4" type="ply">
        <string name="filename" value="meshes/Plane.ply"/>
        <boolean name="face_normals" value="true"/>
        <ref id="mat-Material.001" name="bsdf"/>
        <transform name="to_world">
            <scale value="1"/>
        </transform>
    </shape>
    <shape name="temp5" type="ply">
        <string name="filename" value="meshes/Cube_001.ply"/>
        <boolean name="face_normals" value="true"/>
        <ref id="mat-Material" name="bsdf"/>
        <transform name="to_world">
            <matrix value="0.9999991135176153 -0.00011781412239295988 -0.0013702560776057502 0.002029568937159887 0.0001216533073771291 0.9999960369026935 0.002801970213242772 -0.020694941904400188 0.0013699211207974086 -0.002802122551483763 0.9999952720933893 -0.002785068147366121 0.0 0.0 0.0 1.0"/>
            <scale value="1"/>
        </transform>
    </shape>
    <shape name="temp6" type="ply">
        <string name="filename" value="meshes/Cube_002.ply"/>
        <boolean name="face_normals" value="true"/>
        <ref id="mat-Material" name="bsdf"/>
        <transform name="to_world">
            <matrix value="1.0 8.309300972210344e-05 0.0003006688569482025 -0.0009774668441733247 -8.40420759999078e-05 0.9999949939823496 0.003157248755496783 -0.019499496994779264 -0.00030040627487691195 -0.0031572828170529994 0.9999950356980589 0.0007576585172849315 0.0 0.0 0.0 1.0"/>
            <scale value="1"/>
        </transform>
    </shape>
    <shape name="temp7" type="ply">
        <string name="filename" value="meshes/Cube_003.ply"/>
        <boolean name="face_normals" value="true"/>
        <ref id="mat-Material" name="bsdf"/>
        <transform name="to_world">
            <matrix value="0.9999995567588077 0.0006376686141465887 0.0010966426662367423 -0.001378078371023772 -0.0006430853487510349 0.9999874849558741 0.0049451539193636615 -0.017557881607860315 -0.001093476021537976 -0.004945857833270411 0.9999872346521514 0.0033657243641758705 0.0 0.0 0.0 1.0"/>
            <scale value="1"/>
        </transform>
    </shape>
    <shape name="temp8" type="ply">
        <string name="filename" value="meshes/Cube_004.ply"/>
        <boolean name="face_normals" value="true"/>
        <ref id="mat-Material" name="bsdf"/>
        <transform name="to_world">
            <matrix value="1.0 -0.00035041289216412234 0.0007510374209080324 -0.0005320131337169798 0.00035192153921709425 0.9999979141593124 -0.002008922978146197 -0.018704045609137243 -0.0007503319876530734 0.0020091860423884548 0.9999978724420252 0.0023063718296914316 0.0 0.0 0.0 1.0"/>
            <scale value="1"/>
        </transform>
    </shape>
    <shape name="temp9" type="ply">
        <string name="filename" value="meshes/Cube_005.ply"/>
        <boolean name="face_normals" value="true"/>
        <ref id="mat-Material" name="bsdf"/>
        <transform name="to_world">
            <matrix value="0.9999995567588077 -0.000548863946869466 0.0007710151902911492 -0.0005171676419037929 0.0005519150678956859 0.9999920738053869 -0.003964420611592544 -0.02042284430786301 -0.0007688328750219404 0.003964843155209492 0.999991962558762 0.001817479702785063 0.0 0.0 0.0 1.0"/>
            <scale value="1"/>
        </transform>
    </shape>
    <shape name="temp10" type="ply">
        <string name="filename" value="meshes/Cube_006.ply"/>
        <boolean name="face_normals" value="true"/>
        <ref id="mat-Material" name="bsdf"/>
        <transform name="to_world">
            <matrix value="0.9999995567588077 -8.873187143712339e-05 -0.001016561384066293 -0.0010272101326176397 8.99473784056437e-05 0.9999991656637249 0.0011955552004372367 -0.017200126840339724 0.001016453999542575 -0.0011956455989804412 0.9999988180233473 -0.0022280573842156093 0.0 0.0 0.0 1.0"/>
            <scale value="1"/>
        </transform>
    </shape>
    <shape name="temp11" type="ply">
        <string name="filename" value="meshes/Cube_007.ply"/>
        <boolean name="face_normals" value="true"/>
        <ref id="mat-Material" name="bsdf"/>
        <transform name="to_world">
            <matrix value="0.9999977837940383 -0.002272719498230164 -6.340571915951058e-05 0.0005682795143728825 0.002273051644690768 0.9999803930975361 0.005817121735557782 -0.01723314362895062 5.0183767798350076e-05 -0.00581724281062861 0.9999832159315324 0.00010654432091339316 0.0 0.0 0.0 1.0"/>
            <scale value="1"/>
        </transform>
    </shape>
    <shape name="temp12" type="ply">
        <string name="filename" value="meshes/Cube_008.ply"/>
        <boolean name="face_normals" value="true"/>
        <ref id="mat-Material" name="bsdf"/>
        <transform name="to_world">
            <matrix value="0.9999986702764229 0.0017851333790827725 0.00011983635769639369 0.00020901896023239885 -0.0017848347685483143 0.9999954111504872 -0.0024654378206998154 -0.016779900821708993 -0.00012423696028736211 0.0024652259069756774 0.9999969268607032 0.00014528241019173826 0.0 0.0 0.0 1.0"/>
            <scale value="1"/>
        </transform>
    </shape>
    <shape name="temp13" type="ply">
        <string name="filename" value="meshes/Cube_009.ply"/>
        <boolean name="face_normals" value="true"/>
        <ref id="mat-Material" name="bsdf"/>
        <transform name="to_world">
            <matrix value="1.0 0.000429580975464256 0.0007396171624901128 0.001373059094531115 -0.0004295508016460205 0.9999997914159312 -4.0704439173353895e-05 -0.01697515088414636 -0.0007396321452696413 4.03866731466784e-05 0.9999997636046695 0.0012584799275474623 0.0 0.0 0.0 1.0"/>
            <scale value="1"/>
        </transform>
    </shape>
    <shape name="temp14" type="ply">
        <string name="filename" value="meshes/Cube_010.ply"/>
        <boolean name="face_normals" value="true"/>
        <ref id="mat-Material" name="bsdf"/>
        <transform name="to_world">
            <matrix value="0.9999898054525758 -0.00034129359667767293 0.004540728787892398 0.009425844181252252 0.00034015215583651137 0.9999997914159312 0.00025233546766797424 -0.01797827044539546 -0.004540824286780597 -0.0002507889692401074 0.9999898350007872 0.007546437513019422 0.0 0.0 0.0 1.0"/>
            <scale value="1"/>
        </transform>
    </shape>
    <shape name="temp15" type="ply">
        <string name="filename" value="meshes/Cube_011.ply"/>
        <boolean name="face_normals" value="true"/>
        <ref id="mat-Material" name="bsdf"/>
        <transform name="to_world">
            <matrix value="0.9999995567588077 0.0010685782701288843 -0.0006467894440974686 -0.0015246477652328672 -0.0010681713818664709 0.9999991656637249 0.0006253105643654842 -0.015242945462952406 0.0006474557069076481 -0.000624619594804588 0.9999995272093389 -0.0009642928973074838 0.0 0.0 0.0 1.0"/>
            <scale value="1"/>
        </transform>
    </shape>
    <shape name="temp16" type="ply">
        <string name="filename" value="meshes/Cube_012.ply"/>
        <boolean name="face_normals" value="true"/>
        <ref id="mat-Material" name="bsdf"/>
        <transform name="to_world">
            <matrix value="0.9999964540704612 -0.0026849692234206537 -0.0001914816361015384 -0.0003034561872727881 0.0026843661739597573 0.9999916566372494 -0.0030799711219464225 -0.02505730893199548 0.00019974974602279678 0.0030794538434743435 0.9999952720933893 -0.00040716335203172527 0.0 0.0 0.0 1.0"/>
            <scale value="1"/>
        </transform>
    </shape>
    <shape name="temp17" type="ply">
        <string name="filename" value="meshes/Cube_013.ply"/>
        <boolean name="face_normals" value="true"/>
        <ref id="mat-Material" name="bsdf"/>
        <transform name="to_world">
            <matrix value="0.9999995567588077 -0.001222575888098819 0.0002833056199207508 -0.00016731172562745034 0.0012234653660197117 0.9999941596460746 -0.003155050278922851 -0.02241162699120197 -0.00027944584213167106 0.0031553867878679163 0.9999950356980589 1.595909105445159e-05 0.0 0.0 0.0 1.0"/>
            <scale value="1"/>
        </transform>
    </shape>
    <shape name="temp18" type="ply">
        <string name="filename" value="meshes/Cube_014.ply"/>
        <boolean name="face_normals" value="true"/>
        <ref id="mat-Material" name="bsdf"/>
        <transform name="to_world">
            <matrix value="1.0 -0.0005557639078642452 -6.595146047399154e-05 -0.0004059050654661167 0.0005555762401445321 0.9999958283186247 -0.002818517886379894 -0.02044240327800234 6.751760110774839e-05 0.002818477628315705 0.9999962176747115 0.0002809466605091515 0.0 0.0 0.0 1.0"/>
            <scale value="1"/>
        </transform>
    </shape>
    <shape name="temp19" type="ply">
        <string name="filename" value="meshes/Cube_015.ply"/>
        <boolean name="face_normals" value="true"/>
        <ref id="mat-Material" name="bsdf"/>
        <transform name="to_world">
            <matrix value="1.0 -0.00018397990918249646 -9.554153678713216e-05 5.49538553900053e-05 0.00018389234912513053 0.9999995828318625 -0.0009151477872687876 -0.018395125993885986 9.570995714744152e-05 0.0009151313141004916 0.9999995272093389 -0.0002563509617927173 0.0 0.0 0.0 1.0"/>
            <scale value="1"/>
        </transform>
    </shape>
    <shape name="temp20" type="ply">
        <string name="filename" value="meshes/Cube_016.ply"/>
        <boolean name="face_normals" value="true"/>
        <ref id="mat-Material" name="bsdf"/>
        <transform name="to_world">
            <matrix value="1.0 0.0005912544871647794 0.0004127958901253415 0.000814859730181916 -0.0005929193106003791 0.9999916566372494 0.004040823582419941 -0.016604654445176503 -0.0004104023388951238 -0.0040410743748214 0.999991962558762 0.0006440971300407106 0.0 0.0 0.0 1.0"/>
            <scale value="1"/>
        </transform>
    </shape>
    <shape name="temp21" type="ply">
        <string name="filename" value="meshes/Cube_017.ply"/>
        <boolean name="face_normals" value="true"/>
        <ref id="mat-Material" name="bsdf"/>
        <transform name="to_world">
            <matrix value="0.999929967891608 0.011836636957342474 -0.00019980535208484132 0.013428883809675107 -0.011835506101658254 0.9999176092928375 0.004949645430643738 -0.008703071682674923 0.0002583763720531109 -0.004946932041224555 0.9999879438381429 -0.022412986767685716 0.0 0.0 0.0 1.0"/>
            <scale value="1"/>
        </transform>
    </shape>
    <shape name="temp22" type="ply">
        <string name="filename" value="meshes/Cube_018.ply"/>
        <boolean name="face_normals" value="true"/>
        <ref id="mat-Material" name="bsdf"/>
        <transform name="to_world">
            <matrix value="0.9818111544305502 0.18972320894074754 -0.007249039171179059 0.14222244688432173 -0.18933561691195636 0.9812167960235534 0.03695409817308961 0.08561707619349268 0.014123920486076021 -0.034909443226545246 0.999290814008409 -0.08686620310048093 0.0 0.0 0.0 1.0"/>
            <scale value="1"/>
        </transform>
    </shape>
    <shape name="temp23" type="ply">
        <string name="filename" value="meshes/Cube_019.ply"/>
        <boolean name="face_normals" value="true"/>
        <ref id="mat-Material" name="bsdf"/>
        <transform name="to_world">
            <matrix value="0.7903828185530125 0.6121927817397164 -0.022699530660710766 0.09061312939246396 -0.6109853783595466 0.7904401749603169 0.043604537088299804 0.1406155017038067 0.04463700319310955 -0.020595177953498266 0.998791074279668 -0.00607762754841612 0.0 0.0 0.0 1.0"/>
            <scale value="1"/>
        </transform>
    </shape>
    <shape name="temp24" type="ply">
        <string name="filename" value="meshes/Cube_020.ply"/>
        <boolean name="face_normals" value="true"/>
        <ref id="mat-Material" name="bsdf"/>
        <transform name="to_world">
            <matrix value="0.6290301201542741 0.7773626697680871 0.005348042981658402 -0.11267804102494228 -0.7773473944097311 0.6290519195357076 -0.004937046193142963 -0.09613844152622847 -0.007202065835946763 -0.001051732602798766 0.9999735237171757 0.06891311672974787 0.0 0.0 0.0 1.0"/>
            <scale value="1"/>
        </transform>
    </shape>
    <shape name="temp25" type="ply">
        <string name="filename" value="meshes/Cube_021.ply"/>
        <boolean name="face_normals" value="true"/>
        <ref id="mat-Material" name="bsdf"/>
        <transform name="to_world">
            <matrix value="0.5775618897676885 0.8150760393222687 0.04553468132254677 -0.15755964229880867 -0.7629453022638987 0.5587827450914954 -0.3250795115694239 -0.12867119810761685 -0.29040861519040756 0.15301305944854546 0.9445898801050162 0.01321630415134234 0.0 0.0 0.0 1.0"/>
            <scale value="1"/>
        </transform>
    </shape>
    <shape name="temp26" type="ply">
        <string name="filename" value="meshes/Cube_022.ply"/>
        <boolean name="face_normals" value="true"/>
        <ref id="mat-Material" name="bsdf"/>
        <transform name="to_world">
            <matrix value="0.6975069455894842 0.7139734639347717 -0.06104396433078137 -0.06150797357447024 -0.6033930999757104 0.5392478041312161 -0.5874764372954293 -0.16944821659317083 -0.3865248028906417 0.4466020612277676 0.8069356971605611 0.08694282956390365 0.0 0.0 0.0 1.0"/>
            <scale value="1"/>
        </transform>
    </shape>
    <shape name="temp27" type="ply">
        <string name="filename" value="meshes/Cube_023.ply"/>
        <boolean name="face_normals" value="true"/>
        <ref id="mat-Material" name="bsdf"/>
        <transform name="to_world">
            <matrix value="0.714379808058834 0.6956343354407277 -0.07585758316033135 -0.221815997450164 -0.44730527084696303 0.37059486090571375 -0.8139885518469332 -0.26382379368583353 -0.538126277642737 0.6154283378144144 0.5759065406332842 -0.2374963251645852 0.0 0.0 0.0 1.0"/>
            <scale value="1"/>
        </transform>
    </shape>
    <shape name="temp28" type="ply">
        <string name="filename" value="meshes/Cube_024.ply"/>
        <boolean name="face_normals" value="true"/>
        <ref id="mat-Material" name="bsdf"/>
        <transform name="to_world">
            <matrix value="0.8160216620835528 0.5674385667771467 -0.11010162162468838 -0.17632345123571525 -0.34459759905110926 0.32464921374235284 -0.8808264948104133 -0.47852627860671015 -0.4640708689477631 0.7567140082974743 0.4604588622481858 -0.4444989672359469 0.0 0.0 0.0 1.0"/>
            <scale value="1"/>
        </transform>
    </shape>
    <shape name="temp29" type="ply">
        <string name="filename" value="meshes/Cube_025.ply"/>
        <boolean name="face_normals" value="true"/>
        <ref id="mat-Material" name="bsdf"/>
        <transform name="to_world">
            <matrix value="0.8600980094924534 0.48011130045909356 -0.17240897715995596 -0.27488286660799455 -0.31887077214388676 0.2421852935716476 -0.9163340190373886 -0.7844607254018057 -0.3981874094679865 0.8431128669254501 0.36139645340813514 -0.8064390867059203 0.0 0.0 0.0 1.0"/>
            <scale value="1"/>
        </transform>
    </shape>
    <shape name="temp30" type="ply">
        <string name="filename" value="meshes/Cube_026.ply"/>
        <boolean name="face_normals" value="true"/>
        <ref id="mat-Material" name="bsdf"/>
        <transform name="to_world">
            <matrix value="0.8709778077999812 0.43292061498926837 -0.23233129292643706 -0.30446714957515664 -0.3630172403094178 0.24838482926351052 -0.8980665698706587 -1.1347345940984266 -0.33108401725449316 0.8665360235115963 0.3734951664246767 -0.9040875145626404 0.0 0.0 0.0 1.0"/>
            <scale value="1"/>
        </transform>
    </shape>
    <shape name="temp31" type="ply">
        <string name="filename" value="meshes/Cube_027.ply"/>
        <boolean name="face_normals" value="true"/>
        <ref id="mat-Material" name="bsdf"/>
        <transform name="to_world">
            <matrix value="0.8191691177904603 0.44253696631158707 -0.36486035418639584 -0.5508118622386079 -0.5030224616906638 0.24870041695955347 -0.8277176834581421 -1.5812189100064784 -0.27555489364870833 0.8615735999315844 0.4263337779141516 -1.005899168940697 0.0 0.0 0.0 1.0"/>
            <scale value="1"/>
        </transform>
    </shape>
    <shape name="temp32" type="ply">
        <string name="filename" value="meshes/Cube_028.ply"/>
        <boolean name="face_normals" value="true"/>
        <ref id="mat-Material" name="bsdf"/>
        <transform name="to_world">
            <matrix value="-0.11641215757401685 0.976041825277469 0.18382235647375705 -1.429654375332602 -0.8522849969948247 -0.003139926536690981 -0.5230684019344702 -2.0852702644643104 -0.509959186351008 -0.2175604841653404 0.832231415899288 -1.0818624489231095 0.0 0.0 0.0 1.0"/>
            <scale value="1"/>
        </transform>
    </shape>
    <shape name="temp33" type="ply">
        <string name="filename" value="meshes/Cube_029.ply"/>
        <boolean name="face_normals" value="true"/>
        <ref id="mat-Material" name="bsdf"/>
        <transform name="to_world">
            <matrix value="0.01714199408893546 0.9895367973584914 0.14325824156860595 -1.6457780392823858 -0.9768583773471837 -0.013976655271023711 0.21343075342501375 -1.5052802162059677 0.21319990000478703 -0.14360160025697558 0.9663978221370989 0.22811884849159747 0.0 0.0 0.0 1.0"/>
            <scale value="1"/>
        </transform>
    </shape>
    <shape name="temp34" type="ply">
        <string name="filename" value="meshes/Cube_030.ply"/>
        <boolean name="face_normals" value="true"/>
        <ref id="mat-Material" name="bsdf"/>
        <transform name="to_world">
            <matrix value="-0.03329313693616733 0.9823493201313174 -0.18406844284526033 -3.185562968746896 -0.9804449780743213 0.0036394168888089747 0.19675984348963457 -1.960561243224572 0.1939567746360114 0.187019689121656 0.9630183815722513 0.2264060972866082 0.0 0.0 0.0 1.0"/>
            <scale value="1"/>
        </transform>
    </shape>
    <shape name="temp35" type="ply">
        <string name="filename" value="meshes/Cube_031.ply"/>
        <boolean name="face_normals" value="true"/>
        <ref id="mat-Material" name="bsdf"/>
        <transform name="to_world">
            <matrix value="0.09390304010269011 0.9890349440890404 0.11398214553347571 -2.062873701579159 -0.7745568917800034 0.0006461538140639895 0.6325040742735217 -1.1660920816097273 0.625495322032456 -0.14767966910223332 0.766124643693138 0.6324437411301607 0.0 0.0 0.0 1.0"/>
            <scale value="1"/>
        </transform>
    </shape>
    <shape name="temp36" type="ply">
        <string name="filename" value="meshes/Cube_032.ply"/>
        <boolean name="face_normals" value="true"/>
        <ref id="mat-Material" name="bsdf"/>
        <transform name="to_world">
            <matrix value="0.827674029789354 0.5123734155432677 0.22897450287243964 -0.3763120466881489 -0.2428825659055329 -0.040779103213654744 0.969198161222561 0.43336732406170975 0.5059287941889307 -0.8577940566055446 0.0906947706043352 -0.3781456402423147 0.0 0.0 0.0 1.0"/>
            <scale value="1"/>
        </transform>
    </shape>
    <shape name="temp37" type="ply">
        <string name="filename" value="meshes/Cube_033.ply"/>
        <boolean name="face_normals" value="true"/>
        <ref id="mat-Material" name="bsdf"/>
        <transform name="to_world">
            <matrix value="0.9798759633847316 0.14877967890568455 0.13307158854352583 -0.12318267466872124 -0.1497532919523356 0.10716334009840997 0.9828989253941065 0.30082458619030006 0.13197502069936368 -0.9830464954747687 0.12728701844498205 -0.4148161795208911 0.0 0.0 0.0 1.0"/>
            <scale value="1"/>
        </transform>
    </shape>
    <shape name="temp38" type="ply">
        <string name="filename" value="meshes/Cube_034.ply"/>
        <boolean name="face_normals" value="true"/>
        <ref id="mat-Material" name="bsdf"/>
        <transform name="to_world">
            <matrix value="0.9999211030677609 0.0051926983060887775 0.011446474660075335 -0.036836566460527465 -0.012198919555269517 0.1814987599677112 0.9833156903618314 0.3694899978440087 0.0030285429598228453 -0.9833775183919002 0.1815477842429274 -0.3310892332772821 0.0 0.0 0.0 1.0"/>
            <scale value="1"/>
        </transform>
    </shape>
    <shape name="temp39" type="ply">
        <string name="filename" value="meshes/Cube_035.ply"/>
        <boolean name="face_normals" value="true"/>
        <ref id="mat-Material" name="bsdf"/>
        <transform name="to_world">
            <matrix value="0.9991432147751792 -0.041341383287827244 0.0021268133294816654 0.010091488480154176 0.006857951835639075 0.21597336798609995 0.9763751234574614 0.09222709127497108 -0.04082405629517736 -0.9755237024506542 0.21607171477863232 -0.12863625381639193 0.0 0.0 0.0 1.0"/>
            <scale value="1"/>
        </transform>
    </shape>
    <shape name="temp40" type="ply">
        <string name="filename" value="meshes/Cube_036.ply"/>
        <boolean name="face_normals" value="true"/>
        <ref id="mat-Material" name="bsdf"/>
        <transform name="to_world">
            <matrix value="0.9998555033712926 -0.016888105076310483 0.002107899339085935 0.004783606412701147 0.0015912935019068235 0.2160787029408268 0.9763746506668003 -0.2524781282516664 -0.016944592191508564 -0.9762297595234272 0.21607438604586732 0.2543727248963528 0.0 0.0 0.0 1.0"/>
            <scale value="1"/>
        </transform>
    </shape>
    <shape name="temp41" type="ply">
        <string name="filename" value="meshes/Cube_037.ply"/>
        <boolean name="face_normals" value="true"/>
        <ref id="mat-Material" name="bsdf"/>
        <transform name="to_world">
            <matrix value="0.999075398872749 -0.04292718538743448 0.0023831249666091594 -0.0030087606557831492 0.00696210465101848 0.21623493240833253 0.9763164974154899 -0.5682743006141688 -0.042425836883695285 -0.9753970919209133 0.21633397175832267 0.5023345391003624 0.0 0.0 0.0 1.0"/>
            <scale value="1"/>
        </transform>
    </shape>
    <shape name="temp42" type="ply">
        <string name="filename" value="meshes/Cube_038.ply"/>
        <boolean name="face_normals" value="true"/>
        <ref id="mat-Material" name="bsdf"/>
        <transform name="to_world">
            <matrix value="0.9993674948185105 -0.03548338315016176 0.0024903066094716046 0.0025766774648623425 0.0052455245936807995 0.21625766807182803 0.9763221709034225 -0.9033666629685776 -0.03518178207780834 -0.9756911954578733 0.21630695177204304 0.839873849201592 0.0 0.0 0.0 1.0"/>
            <scale value="1"/>
        </transform>
    </shape>
    <shape name="temp43" type="ply">
        <string name="filename" value="meshes/Cube_039.ply"/>
        <boolean name="face_normals" value="true"/>
        <ref id="mat-Material" name="bsdf"/>
        <transform name="to_world">
            <matrix value="0.9999639310053976 -0.0018936974769947546 -0.008265814898176425 0.01847151903809907 0.008270722773545534 0.4329971923373208 0.9013573089046482 -1.3192983533084037 0.0018721788620745519 -0.9013933507163521 0.43299727119965487 1.4580276686304796 0.0 0.0 0.0 1.0"/>
            <scale value="1"/>
        </transform>
    </shape>
    <shape name="temp47" type="ply">
        <string name="filename" value="meshes/Plane_001.ply"/>
        <boolean name="face_normals" value="true"/>
        <ref id="mat-Material.002" name="bsdf"/>
        <transform name="to_world">
            <scale value="1"/>
        </transform>
    </shape>
    <shape name="temp49" type="ply">
        <string name="filename" value="meshes/Plane_002.ply"/>
        <boolean name="face_normals" value="true"/>
        <ref id="mat-Material.003" name="bsdf"/>
        <transform name="to_world">
            <scale value="1"/>
        </transform>
    </shape>
    <shape name="temp51" type="ply">
        <string name="filename" value="meshes/Plane_003.ply"/>
        <boolean name="face_normals" value="true"/>
        <ref id="mat-Material.004" name="bsdf"/>
        <transform name="to_world">
            <scale value="1"/>
        </transform>
    </shape>
    <shape name="temp53" type="ply">
        <string name="filename" value="meshes/Plane_004.ply"/>
        <boolean name="face_normals" value="true"/>
        <ref id="mat-Material.005" name="bsdf"/>
        <transform name="to_world">
            <scale value="1"/>
        </transform>
    </shape>
    <emitter type="point">
        <rgb name="intensity" value="100"/>
        <animation name="to_world">
            <transform time="0">
                <rotate angle="-142.5518126578256" x="1"/>
                <rotate angle="3.976628485794621e-06" y="1"/>
                <rotate angle="-179.999991348578" z="1"/>
                <translate value="-0.000000 3.030926 4.073377"/>
                <translate x="10.049999999999999" y="0.0" z="0.0"/>
            </transform>
            <transform time="0.0015">
                <rotate angle="-142.5518126578256" x="1"/>
                <rotate angle="3.976628485794621e-06" y="1"/>
                <rotate angle="-179.999991348578" z="1"/>
                <translate value="-0.000000 3.030926 4.073377"/>
                <translate x="10.2" y="0.0" z="0.0"/>
            </transform>
        </animation>
    </emitter>
</scene>
