
<scene version="2.1.0">
    <default name="spp" value="1024"/>
    <default name="resx" value="1280"/>
    <default name="resy" value="720"/>
    <integrator name="temp0" type="path">
        <integer name="max_depth" value="12"/>
    </integrator>
    <sensor name="temp44" type="perspective">
        <string name="fov_axis" value="x"/>
        <float name="fov" value="83.974423"/>
        <float name="principal_point_offset_x" value="0.000000"/>
        <float name="principal_point_offset_y" value="-0.000000"/>
        <float name="near_clip" value="0.100000"/>
        <float name="far_clip" value="1000.000000"/>
        <sampler name="sampler" type="independent">
            <integer name="sample_count" value="$spp"/>
        </sampler>
        <film name="film" type="hdrfilm">
            <integer name="width" value="$resx"/>
            <integer name="height" value="$resy"/>
        </film>
        <float name="shutter_open" value="0.0"/>
        <float name="shutter_close" value="0.0015"/>
        <animation name="to_world">
            <transform time="0">
                <rotate angle="-142.5518126578256" x="1"/>
                <rotate angle="3.976628485794621e-06" y="1"/>
                <rotate angle="-179.999991348578" z="1"/>
                <translate value="-0.000000 3.030926 4.073377"/>
            </transform>
            <transform time="0.0015">
                <rotate angle="-142.5518126578256" x="1"/>
                <rotate angle="3.976628485794621e-06" y="1"/>
                <rotate angle="-179.999991348578" z="1"/>
                <translate value="-0.000000 3.030926 4.073377"/>
                <translate x="0.15" y="0.0" z="0.0"/>
            </transform>
        </animation>
    </sensor>
    <bsdf id="mat-Material" name="mat-Material" type="twosided">
        <bsdf name="bsdf" type="diffuse">
            <texture name="reflectance" type="bitmap">
                <string name="filename" value="textures/siggraph_2023_logo.jpg"/>
            </texture>
        </bsdf>
    </bsdf>
    <bsdf id="mat-Material.001" name="mat-Material.001" type="twosided">
        <bsdf name="bsdf" type="principled">
            <rgb name="base_color" value="0.433648 0.266232 0.084399"/>
            <float name="spec_tint" value="0.000000"/>
            <float name="spec_trans" value="0.000000"/>
            <float name="metallic" value="0.000000"/>
            <float name="anisotropic" value="0.000000"/>
            <float name="roughness" value="0.500000"/>
            <float name="sheen" value="0.000000"/>
            <float name="sheen_tint" value="0.500000"/>
            <float name="clearcoat" value="0.000000"/>
            <float name="clearcoat_gloss" value="0.173205"/>
            <float name="specular" value="0.500000"/>
        </bsdf>
    </bsdf>
    <bsdf id="mat-Material.002" name="mat-Material.002" type="twosided">
        <bsdf name="bsdf" type="principled">
            <rgb name="base_color" value="0.433648 0.266232 0.084399"/>
            <float name="spec_tint" value="0.000000"/>
            <float name="spec_trans" value="0.000000"/>
            <float name="metallic" value="0.000000"/>
            <float name="anisotropic" value="0.000000"/>
            <float name="roughness" value="0.500000"/>
            <float name="sheen" value="0.000000"/>
            <float name="sheen_tint" value="0.500000"/>
            <float name="clearcoat" value="0.000000"/>
            <float name="clearcoat_gloss" value="0.173205"/>
            <float name="specular" value="0.500000"/>
        </bsdf>
    </bsdf>
    <bsdf id="mat-Material.003" name="mat-Material.003" type="twosided">
        <bsdf name="bsdf" type="principled">
            <rgb name="base_color" value="0.433648 0.266232 0.084399"/>
            <float name="spec_tint" value="0.000000"/>
            <float name="spec_trans" value="0.000000"/>
            <float name="metallic" value="0.000000"/>
            <float name="anisotropic" value="0.000000"/>
            <float name="roughness" value="0.500000"/>
            <float name="sheen" value="0.000000"/>
            <float name="sheen_tint" value="0.500000"/>
            <float name="clearcoat" value="0.000000"/>
            <float name="clearcoat_gloss" value="0.173205"/>
            <float name="specular" value="0.500000"/>
        </bsdf>
    </bsdf>
    <bsdf id="mat-Material.004" name="mat-Material.004" type="twosided">
        <bsdf name="bsdf" type="principled">
            <rgb name="base_color" value="0.433648 0.266232 0.084399"/>
            <float name="spec_tint" value="0.000000"/>
            <float name="spec_trans" value="0.000000"/>
            <float name="metallic" value="0.000000"/>
            <float name="anisotropic" value="0.000000"/>
            <float name="roughness" value="0.500000"/>
            <float name="sheen" value="0.000000"/>
            <float name="sheen_tint" value="0.500000"/>
            <float name="clearcoat" value="0.000000"/>
            <float name="clearcoat_gloss" value="0.173205"/>
            <float name="specular" value="0.500000"/>
        </bsdf>
    </bsdf>
    <bsdf id="mat-Material.005" name="mat-Material.005" type="twosided">
        <bsdf name="bsdf" type="principled">
            <rgb name="base_color" value="0.433648 0.266232 0.084399"/>
            <float name="spec_tint" value="0.000000"/>
            <float name="spec_trans" value="0.000000"/>
            <float name="metallic" value="0.000000"/>
            <float name="anisotropic" value="0.000000"/>
            <float name="roughness" value="0.500000"/>
            <float name="sheen" value="0.000000"/>
            <float name="sheen_tint" value="0.500000"/>
            <float name="clearcoat" value="0.000000"/>
            <float name="clearcoat_gloss" value="0.173205"/>
            <float name="specular" value="0.500000"/>
        </bsdf>
    </bsdf>
    <emitter name="temp45" type="point">
        <point name="position" x="-6.815235034541981e-16" y="3.0693089962005615" z="4.109199523925781"/>
        <rgb name="intensity" value="7.957747 7.957747 7.957747"/>
    </emitter>
    <shape name="temp2" type="ply">
        <string name="filename" value="meshes/Cube.ply"/>
        <boolean name="face_normals" value="true"/>
        <ref id="mat-Material" name="bsdf"/>
        <transform name="to_world">
            <matrix value="0.9999991135176153 0.00013529607465640988 0.001369700548579004 -0.00224804545620394 -0.0001333972043891516 0.9999989570796561 -0.0013854007444561748 -0.015672932981540155 -0.0013698900939139438 0.0013852161869580726 0.999998227035021 0.0030678356003817076 0.0 0.0 0.0 1.0"/>
        </transform>
    </shape>
    <shape name="temp4" type="ply">
        <string name="filename" value="meshes/Plane.ply"/>
        <boolean name="face_normals" value="true"/>
        <ref id="mat-Material.001" name="bsdf"/>
    </shape>
    <shape name="temp5" type="ply">
        <string name="filename" value="meshes/Cube_001.ply"/>
        <boolean name="face_normals" value="true"/>
        <ref id="mat-Material" name="bsdf"/>
        <transform name="to_world">
            <matrix value="0.9999986702764229 -1.921121848555452e-05 -0.0016514707808279604 0.0022009258723052483 1.763811838794952e-05 0.9999966626548997 -0.0009630095678646078 -0.016781603147692753 0.0016509936581050198 0.0009629773707143795 0.99999550848872 -0.0035664816345297723 0.0 0.0 0.0 1.0"/>
        </transform>
    </shape>
    <shape name="temp6" type="ply">
        <string name="filename" value="meshes/Cube_002.ply"/>
        <boolean name="face_normals" value="true"/>
        <ref id="mat-Material" name="bsdf"/>
        <transform name="to_world">
            <matrix value="1.0 4.637703030517935e-05 0.00036191061325203857 -0.0008712929486531795 -4.711924251853191e-05 0.9999958283186248 0.0020624864959167435 -0.018922235039459195 -0.0003617145101209694 -0.0020624986702765615 0.9999958630817157 0.0007288529784828524 0.0 0.0 0.0 1.0"/>
        </transform>
    </shape>
    <shape name="temp7" type="ply">
        <string name="filename" value="meshes/Cube_003.ply"/>
        <boolean name="face_normals" value="true"/>
        <ref id="mat-Material" name="bsdf"/>
        <transform name="to_world">
            <matrix value="0.9999991135176153 0.00013136833234951182 0.001317360258446287 -0.0012514421196194725 -0.00013238772257356473 0.9999959326106591 0.0007622059182989368 -0.01758306033786064 -0.0013163288282298543 -0.0007623852005431528 0.9999952720933893 0.004026311847252745 0.0 0.0 0.0 1.0"/>
        </transform>
    </shape>
    <shape name="temp8" type="ply">
        <string name="filename" value="meshes/Cube_004.ply"/>
        <boolean name="face_normals" value="true"/>
        <ref id="mat-Material" name="bsdf"/>
        <transform name="to_world">
            <matrix value="0.9999995567588077 0.0001301341404146234 0.001041388803655239 -0.0005202117783651428 -0.00013000064713214086 0.9999995828318625 -0.00012156157081860393 -0.01747736940581221 -0.0010412156687534461 0.00012142721563212442 0.9999991726163432 0.0032392928235586097 0.0 0.0 0.0 1.0"/>
        </transform>
    </shape>
    <shape name="temp9" type="ply">
        <string name="filename" value="meshes/Cube_005.ply"/>
        <boolean name="face_normals" value="true"/>
        <ref id="mat-Material" name="bsdf"/>
        <transform name="to_world">
            <matrix value="0.9999997783794039 0.0003911670904399664 0.0007999653444445442 -0.0006790471800557363 -0.0003942353380245981 0.999991552345215 0.0038390010689796847 -0.01525436970236968 -0.0007982618739883021 -0.0038393203913871464 0.9999914897681009 0.002100844569501825 0.0 0.0 0.0 1.0"/>
        </transform>
    </shape>
    <shape name="temp10" type="ply">
        <string name="filename" value="meshes/Cube_006.ply"/>
        <boolean name="face_normals" value="true"/>
        <ref id="mat-Material" name="bsdf"/>
        <transform name="to_world">
            <matrix value="0.9999991135176153 0.00010003577216779337 -0.001347966361890047 -0.0011880686835650245 -9.97720410547722e-05 0.9999993742477937 0.00018751468605990925 -0.01743794612276467 0.0013478321959764336 -0.00018738254109627612 0.9999985816280168 -0.0032297258288911945 0.0 0.0 0.0 1.0"/>
        </transform>
    </shape>
    <shape name="temp11" type="ply">
        <string name="filename" value="meshes/Cube_007.ply"/>
        <boolean name="face_normals" value="true"/>
        <ref id="mat-Material" name="bsdf"/>
        <transform name="to_world">
            <matrix value="0.999998670276423 -0.0016894506521380913 -7.134706569568073e-05 0.0006484969149798125 0.001689750667964477 0.999988006416046 0.004398974327939895 -0.017299895804909232 6.32917395798428e-05 -0.004399089113371699 0.9999895986054568 0.00011346867946548933 0.0 0.0 0.0 1.0"/>
        </transform>
    </shape>
    <shape name="temp12" type="ply">
        <string name="filename" value="meshes/Cube_008.ply"/>
        <boolean name="face_normals" value="true"/>
        <ref id="mat-Material" name="bsdf"/>
        <transform name="to_world">
            <matrix value="0.999997562173442 0.002214718526228404 9.720611450706136e-05 0.00011606919462692211 -0.0022144130511482607 0.9999929081416621 -0.003048223229056201 -0.01657074799192243 -0.00010396266490788562 0.0030480087521875254 0.9999955084887199 -7.02254414872705e-05 0.0 0.0 0.0 1.0"/>
        </transform>
    </shape>
    <shape name="temp13" type="ply">
        <string name="filename" value="meshes/Cube_009.ply"/>
        <boolean name="face_normals" value="true"/>
        <ref id="mat-Material" name="bsdf"/>
        <transform name="to_world">
            <matrix value="0.9999988918970191 -0.0013377445387476195 0.0009038398166328701 0.001664050617231183 0.0013371279211810783 0.9999987484955875 0.0006856150131837675 -0.01950751980096177 -0.0009047793811289176 -0.0006844060464349854 0.9999994090116737 0.0015456538296637623 0.0 0.0 0.0 1.0"/>
        </transform>
    </shape>
    <shape name="temp14" type="ply">
        <string name="filename" value="meshes/Cube_010.ply"/>
        <boolean name="face_normals" value="true"/>
        <ref id="mat-Material" name="bsdf"/>
        <transform name="to_world">
            <matrix value="0.9999831568346906 -0.0003394721362971739 0.005822807043257036 0.012101031011332974 0.0003383563641456881 0.9999998957079657 0.00019267590531137757 -0.018087202188969226 -0.005822868408781849 -0.00019069746340913976 0.9999832159315324 0.009565273954030618 0.0 0.0 0.0 1.0"/>
        </transform>
    </shape>
    <shape name="temp15" type="ply">
        <string name="filename" value="meshes/Cube_011.ply"/>
        <boolean name="face_normals" value="true"/>
        <ref id="mat-Material" name="bsdf"/>
        <transform name="to_world">
            <matrix value="0.9999982270352306 -0.0009437125461231524 -0.001051984042369608 -0.002238985261002413 0.0009435191045818728 0.9999984356194842 -0.00017724567290167235 -0.019415415004400333 0.0010527798314619692 0.00017623267970038982 0.9999994090116737 -0.0015867949075609733 0.0 0.0 0.0 1.0"/>
        </transform>
    </shape>
    <shape name="temp16" type="ply">
        <string name="filename" value="meshes/Cube_012.ply"/>
        <boolean name="face_normals" value="true"/>
        <ref id="mat-Material" name="bsdf"/>
        <transform name="to_world">
            <matrix value="0.9999716325636894 0.006661184382059268 0.0010043844241953458 0.02366005723922182 -0.006670529513658033 0.9999457681421209 0.005711522759433238 -0.0016032564799349502 -0.0009513890735727191 -0.005720834211124623 0.9999729327346543 -0.040038471881997495 0.0 0.0 0.0 1.0"/>
        </transform>
    </shape>
    <shape name="temp17" type="ply">
        <string name="filename" value="meshes/Cube_013.ply"/>
        <boolean name="face_normals" value="true"/>
        <ref id="mat-Material" name="bsdf"/>
        <transform name="to_world">
            <matrix value="0.998801254195278 0.04107694040544572 0.02454277597145479 0.06916232973146619 -0.04325768314282827 0.9945446922654941 0.09197630515043961 0.13240989914754722 -0.02043017000959174 -0.0929687979091533 0.9952170132773802 -0.15560868515158643 0.0 0.0 0.0 1.0"/>
        </transform>
    </shape>
    <shape name="temp18" type="ply">
        <string name="filename" value="meshes/Cube_014.ply"/>
        <boolean name="face_normals" value="true"/>
        <ref id="mat-Material" name="bsdf"/>
        <transform name="to_world">
            <matrix value="0.9914137532423093 0.1269507094987099 -0.027585845782305433 -0.011226301209570744 -0.1006216900963961 0.8857645544748585 0.4502974089653402 0.4589180949019076 0.08227033014376972 -0.44358697851375506 0.8911192656993685 -0.2284272427173315 0.0 0.0 0.0 1.0"/>
        </transform>
    </shape>
    <shape name="temp19" type="ply">
        <string name="filename" value="meshes/Cube_015.ply"/>
        <boolean name="face_normals" value="true"/>
        <ref id="mat-Material" name="bsdf"/>
        <transform name="to_world">
            <matrix value="0.9887764681478015 0.14893115265642243 0.003471811747996904 0.003266525888798999 -0.10787488896808131 0.701716334009841 0.7028079273755721 0.44719360785686874 0.10264211642350454 -0.6952515836745421 0.7100123114688139 -0.20891854569297968 0.0 0.0 0.0 1.0"/>
        </transform>
    </shape>
    <shape name="temp20" type="ply">
        <string name="filename" value="meshes/Cube_016.ply"/>
        <boolean name="face_normals" value="true"/>
        <ref id="mat-Material" name="bsdf"/>
        <transform name="to_world">
            <matrix value="0.9860735833568252 0.15356742375730828 0.06323331604495483 0.08264154820981662 -0.14744449290548148 0.6367778558809236 0.7560383641254012 0.24847168630453614 0.07604786650284473 -0.7548058812364029 0.6506221215913566 -0.1865228918844775 0.0 0.0 0.0 1.0"/>
        </transform>
    </shape>
    <shape name="temp21" type="ply">
        <string name="filename" value="meshes/Cube_017.ply"/>
        <boolean name="face_normals" value="true"/>
        <ref id="mat-Material" name="bsdf"/>
        <transform name="to_world">
            <matrix value="0.9541786120168005 0.23350392033757245 0.1867630080076554 0.20674046204189828 -0.29363667430814483 0.6118541455040747 0.7338591632267206 0.09002875939456047 0.057318532623438244 -0.7551087453042512 0.6524119888364669 -0.18051051623862738 0.0 0.0 0.0 1.0"/>
        </transform>
    </shape>
    <shape name="temp22" type="ply">
        <string name="filename" value="meshes/Cube_018.ply"/>
        <boolean name="face_normals" value="true"/>
        <ref id="mat-Material" name="bsdf"/>
        <transform name="to_world">
            <matrix value="0.03859106922186349 0.9926055904702111 0.11494925065044176 0.8948685510128257 -0.7103381132463518 -0.053744459485673406 0.7013802177768342 0.1255230730276729 0.7023741771227264 -0.10870952165415511 0.7030112273598282 -0.3769921970643482 0.0 0.0 0.0 1.0"/>
        </transform>
    </shape>
    <shape name="temp23" type="ply">
        <string name="filename" value="meshes/Cube_019.ply"/>
        <boolean name="face_normals" value="true"/>
        <ref id="mat-Material" name="bsdf"/>
        <transform name="to_world">
            <matrix value="-0.080662450556445 0.9899459350093759 -0.11617524411363807 0.44704913071419417 -0.8562575461812998 -0.009161218798430616 0.516466944131746 -0.10016818518851064 0.5102105041070728 0.14113557338717583 0.848387618369052 -0.030495963647392488 0.0 0.0 0.0 1.0"/>
        </transform>
    </shape>
    <shape name="temp24" type="ply">
        <string name="filename" value="meshes/Cube_020.ply"/>
        <boolean name="face_normals" value="true"/>
        <ref id="mat-Material" name="bsdf"/>
        <transform name="to_world">
            <matrix value="0.11912002257734565 0.9926651841854843 0.019906508097451654 -0.17099516707322843 -0.9075007649043427 0.11698667658753478 -0.4033273122901052 0.26248018074627966 -0.40271577914885137 0.029940455869662264 0.9148061956907358 0.12472359338301003 0.0 0.0 0.0 1.0"/>
        </transform>
    </shape>
    <shape name="temp25" type="ply">
        <string name="filename" value="meshes/Cube_021.ply"/>
        <boolean name="face_normals" value="true"/>
        <ref id="mat-Material" name="bsdf"/>
        <transform name="to_world">
            <matrix value="0.28908870940575543 0.9415961478694181 -0.17235253777479187 -0.21379860516941784 -0.739649431676143 0.10544109273021945 -0.664537769118354 0.16981089880073869 -0.6076581883491393 0.31954224140268617 0.7270292293370388 0.15458985070594855 0.0 0.0 0.0 1.0"/>
        </transform>
    </shape>
    <shape name="temp26" type="ply">
        <string name="filename" value="meshes/Cube_022.ply"/>
        <boolean name="face_normals" value="true"/>
        <ref id="mat-Material" name="bsdf"/>
        <transform name="to_world">
            <matrix value="0.7000651121311567 0.5155639174591123 -0.4936026695651886 -0.12040151291082601 -0.5840708866774109 0.01618249228760406 -0.8114133793138012 -0.01931507844526867 -0.4105831369774851 0.8565066757331209 0.3123459588927432 0.5330905489742536 0.0 0.0 0.0 1.0"/>
        </transform>
    </shape>
    <shape name="temp27" type="ply">
        <string name="filename" value="meshes/Cube_023.ply"/>
        <boolean name="face_normals" value="true"/>
        <ref id="mat-Material" name="bsdf"/>
        <transform name="to_world">
            <matrix value="0.8724713089976189 0.32789071446301077 -0.3619833048161766 -0.0987463268002427 -0.4376386901690877 0.1956240939629513 -0.8775590385518233 -0.23672198861407395 -0.217017669366892 0.9241646729506094 0.3141033217799055 0.1367752300796784 0.0 0.0 0.0 1.0"/>
        </transform>
    </shape>
    <shape name="temp28" type="ply">
        <string name="filename" value="meshes/Cube_024.ply"/>
        <boolean name="face_normals" value="true"/>
        <ref id="mat-Material" name="bsdf"/>
        <transform name="to_world">
            <matrix value="0.9024182352972465 0.3286111638365285 -0.27837370413989687 -0.11688197288262481 -0.35479072810344187 0.20080372656297257 -0.913066208185803 -0.48642198706387796 -0.2442119127275822 0.9228443357953207 0.2977629673476586 -0.22307470758106296 0.0 0.0 0.0 1.0"/>
        </transform>
    </shape>
    <shape name="temp29" type="ply">
        <string name="filename" value="meshes/Cube_025.ply"/>
        <boolean name="face_normals" value="true"/>
        <ref id="mat-Material" name="bsdf"/>
        <transform name="to_world">
            <matrix value="0.8884953645836103 0.39993888486785156 -0.22499804973852314 -0.28642886476936014 -0.32036666684396314 0.18957204806611283 -0.9281300278331863 -0.7916729161126279 -0.3285431814434415 0.896721162731033 0.29656184267323404 -0.7461371063419335 0.0 0.0 0.0 1.0"/>
        </transform>
    </shape>
    <shape name="temp30" type="ply">
        <string name="filename" value="meshes/Cube_026.ply"/>
        <boolean name="face_normals" value="true"/>
        <ref id="mat-Material" name="bsdf"/>
        <transform name="to_world">
            <matrix value="0.9211726566281402 0.26252860209042955 -0.28724786665033963 -0.30308640723070784 -0.34414267845333646 0.20500257601324928 -0.9162640460195518 -1.1313790369409997 -0.18165927783599012 0.9428915592284892 0.279189504425557 -0.8532534469018471 0.0 0.0 0.0 1.0"/>
        </transform>
    </shape>
    <shape name="temp31" type="ply">
        <string name="filename" value="meshes/Cube_027.ply"/>
        <boolean name="face_normals" value="true"/>
        <ref id="mat-Material" name="bsdf"/>
        <transform name="to_world">
            <matrix value="0.8800287929478553 0.21352451801436312 -0.4241097706445224 -0.50518411749054 -0.464541147852851 0.20201863490070354 -0.8622001975319382 -1.5549103184399413 -0.0984271586289309 0.9557793430853339 0.2769664427372499 -0.9999520567589528 0.0 0.0 0.0 1.0"/>
        </transform>
    </shape>
    <shape name="temp32" type="ply">
        <string name="filename" value="meshes/Cube_028.ply"/>
        <boolean name="face_normals" value="true"/>
        <ref id="mat-Material" name="bsdf"/>
        <transform name="to_world">
            <matrix value="-0.1128151666498235 0.9807313166035005 0.1594879984454643 -1.4656822729479169 -0.820081973026114 -0.0012890850042655442 -0.5721701942365873 -2.1097668260722475 -0.560939680192615 -0.19535698120448958 0.8044250605526639 -1.2326581950191318 0.0 0.0 0.0 1.0"/>
        </transform>
    </shape>
    <shape name="temp33" type="ply">
        <string name="filename" value="meshes/Cube_029.ply"/>
        <boolean name="face_normals" value="true"/>
        <ref id="mat-Material" name="bsdf"/>
        <transform name="to_world">
            <matrix value="-0.002511787999510662 0.9872979602563916 0.1588495655763011 -1.6648314755795024 -0.9999760649756129 -0.001907045552674778 -0.00391333439868829 -1.899339546923809 -0.0035590827212172464 -0.15886181931196458 0.9872794490664984 -0.18469556361393313 0.0 0.0 0.0 1.0"/>
        </transform>
    </shape>
    <shape name="temp34" type="ply">
        <string name="filename" value="meshes/Cube_030.ply"/>
        <boolean name="face_normals" value="true"/>
        <ref id="mat-Material" name="bsdf"/>
        <transform name="to_world">
            <matrix value="-0.04548977507664728 0.9821500994986825 -0.18251503375377898 -3.2104340966550065 -0.9655874976337909 0.0036034148565926814 0.260052497593071 -1.8296070021688426 0.2560681499075825 0.18806398641901734 0.9481883728045936 0.3442122647259628 0.0 0.0 0.0 1.0"/>
        </transform>
    </shape>
    <shape name="temp35" type="ply">
        <string name="filename" value="meshes/Cube_031.ply"/>
        <boolean name="face_normals" value="true"/>
        <ref id="mat-Material" name="bsdf"/>
        <transform name="to_world">
            <matrix value="0.09958559164720837 0.9874938206969628 0.1222043888211485 -2.03704118150427 -0.7792548051777664 0.0010591158538493146 0.6265993917075354 -1.1846390580247088 0.6186350564777927 -0.15764714041670924 0.769613129585774 0.6162175330269866 0.0 0.0 0.0 1.0"/>
        </transform>
    </shape>
    <shape name="temp36" type="ply">
        <string name="filename" value="meshes/Cube_032.ply"/>
        <boolean name="face_normals" value="true"/>
        <ref id="mat-Material" name="bsdf"/>
        <transform name="to_world">
            <matrix value="0.7754932387988519 0.5786505862255253 0.252530139222666 -0.5420640562400483 -0.2865106634966057 -0.03388077960381542 0.9574770897465417 0.28368141441795447 0.5626009481815587 -0.8148708968906373 0.13951649353860643 -0.20159556577279547 0.0 0.0 0.0 1.0"/>
        </transform>
    </shape>
    <shape name="temp37" type="ply">
        <string name="filename" value="meshes/Cube_033.ply"/>
        <boolean name="face_normals" value="true"/>
        <ref id="mat-Material" name="bsdf"/>
        <transform name="to_world">
            <matrix value="0.978983054002734 0.15650468375526416 0.13076146245498443 -0.12924717472636438 -0.14940124763530827 0.1139155192804684 0.9821928125418125 0.30135409800746793 0.13882201118031584 -0.9810858052283683 0.13490336868073913 -0.3974308513742481 0.0 0.0 0.0 1.0"/>
        </transform>
    </shape>
    <shape name="temp38" type="ply">
        <string name="filename" value="meshes/Cube_034.ply"/>
        <boolean name="face_normals" value="true"/>
        <ref id="mat-Material" name="bsdf"/>
        <transform name="to_world">
            <matrix value="0.9999237625149151 0.003978559643571543 0.011705753058600984 -0.03578874094632334 -0.012232721128598453 0.1810643627860991 0.9833952373905548 0.3695043283541305 0.0017930014875174416 -0.9834631421521287 0.18109920046371308 -0.34313864908595865 0.0 0.0 0.0 1.0"/>
        </transform>
    </shape>
    <shape name="temp39" type="ply">
        <string name="filename" value="meshes/Cube_035.ply"/>
        <boolean name="face_normals" value="true"/>
        <ref id="mat-Material" name="bsdf"/>
        <transform name="to_world">
            <matrix value="0.9990671989106905 -0.043115703668785185 0.002430203096684272 0.009559545279121728 0.0067852824421525924 0.21230531284481555 0.9771799313602518 0.09198689247725503 -0.04264774115423552 -0.976251765142682 0.2123998570281041 -0.1349640071787247 0.0 0.0 0.0 1.0"/>
        </transform>
    </shape>
    <shape name="temp40" type="ply">
        <string name="filename" value="meshes/Cube_036.ply"/>
        <boolean name="face_normals" value="true"/>
        <ref id="mat-Material" name="bsdf"/>
        <transform name="to_world">
            <matrix value="0.9997502335881083 -0.02219846565559016 0.0025927603457234433 0.005429039493105581 0.0022001251713127208 0.2132005556679592 0.9770060625946468 -0.25099278673534153 -0.022240812496564878 -0.9767562257129925 0.21319609560016284 0.24447721582069315 0.0 0.0 0.0 1.0"/>
        </transform>
    </shape>
    <shape name="temp41" type="ply">
        <string name="filename" value="meshes/Cube_037.ply"/>
        <boolean name="face_normals" value="true"/>
        <ref id="mat-Material" name="bsdf"/>
        <transform name="to_world">
            <matrix value="0.9989863073930858 -0.04492638025292905 0.002836696687297675 -0.001957603509377126 0.006818966556565555 0.21331329535712723 0.9769602019005239 -0.5690857998935808 -0.04449638492483516 -0.9759503611633151 0.2134034143050379 0.5077336138379562 0.0 0.0 0.0 1.0"/>
        </transform>
    </shape>
    <shape name="temp42" type="ply">
        <string name="filename" value="meshes/Cube_038.ply"/>
        <boolean name="face_normals" value="true"/>
        <ref id="mat-Material" name="bsdf"/>
        <transform name="to_world">
            <matrix value="0.999301895122042 -0.03724444801354962 0.0029385239759236086 0.0037958971230143135 0.005079273687252561 0.21336220832125286 0.9769600837028587 -0.904422549674665 -0.03701331673838309 -0.9762629243903609 0.21340249236324885 0.8520563082254782 0.0 0.0 0.0 1.0"/>
        </transform>
    </shape>
    <shape name="temp43" type="ply">
        <string name="filename" value="meshes/Cube_039.ply"/>
        <boolean name="face_normals" value="true"/>
        <ref id="mat-Material" name="bsdf"/>
        <transform name="to_world">
            <matrix value="0.999965936045063 -0.003556089435941298 -0.007472312115268973 0.018482122027234427 0.008275287257364546 0.43300276184160325 0.9013545912831203 -1.3192849035315413 3.0233115570122974e-05 -0.9013856414977464 0.4330173443365041 1.4671402490632113 0.0 0.0 0.0 1.0"/>
        </transform>
    </shape>
    <shape name="temp47" type="ply">
        <string name="filename" value="meshes/Plane_001.ply"/>
        <boolean name="face_normals" value="true"/>
        <ref id="mat-Material.002" name="bsdf"/>
    </shape>
    <shape name="temp49" type="ply">
        <string name="filename" value="meshes/Plane_002.ply"/>
        <boolean name="face_normals" value="true"/>
        <ref id="mat-Material.003" name="bsdf"/>
    </shape>
    <shape name="temp51" type="ply">
        <string name="filename" value="meshes/Plane_003.ply"/>
        <boolean name="face_normals" value="true"/>
        <ref id="mat-Material.004" name="bsdf"/>
    </shape>
    <shape name="temp53" type="ply">
        <string name="filename" value="meshes/Plane_004.ply"/>
        <boolean name="face_normals" value="true"/>
        <ref id="mat-Material.005" name="bsdf"/>
    </shape>
    <emitter type="point">
        <transform name="to_world">
            <rotate angle="-142.5518126578256" x="1"/>
            <rotate angle="3.976628485794621e-06" y="1"/>
            <rotate angle="-179.999991348578" z="1"/>
            <translate value="-0.000000 3.030926 4.073377"/>
        </transform>
        <rgb name="intensity" value="100"/>
    </emitter>
</scene>
