
<scene version="2.1.0">
    <default name="spp" value="1024"/>
    <default name="resx" value="1280"/>
    <default name="resy" value="720"/>
    <integrator name="temp0" type="path">
        <integer name="max_depth" value="12"/>
    </integrator>
    <sensor name="temp44" type="perspective">
        <string name="fov_axis" value="x"/>
        <float name="fov" value="83.974423"/>
        <float name="principal_point_offset_x" value="0.000000"/>
        <float name="principal_point_offset_y" value="-0.000000"/>
        <float name="near_clip" value="0.100000"/>
        <float name="far_clip" value="1000.000000"/>
        <sampler name="sampler" type="independent">
            <integer name="sample_count" value="$spp"/>
        </sampler>
        <film name="film" type="hdrfilm">
            <integer name="width" value="$resx"/>
            <integer name="height" value="$resy"/>
        </film>
        <float name="shutter_open" value="0.0"/>
        <float name="shutter_close" value="0.0015"/>
        <animation name="to_world">
            <transform time="0">
                <rotate angle="-142.5518126578256" x="1"/>
                <rotate angle="3.976628485794621e-06" y="1"/>
                <rotate angle="-179.999991348578" z="1"/>
                <translate value="-0.000000 3.030926 4.073377"/>
                <translate x="22.65" y="0.0" z="0.0"/>
            </transform>
            <transform time="0.0015">
                <rotate angle="-142.5518126578256" x="1"/>
                <rotate angle="3.976628485794621e-06" y="1"/>
                <rotate angle="-179.999991348578" z="1"/>
                <translate value="-0.000000 3.030926 4.073377"/>
                <translate x="22.8" y="0.0" z="0.0"/>
            </transform>
        </animation>
    </sensor>
    <bsdf id="mat-Material" name="mat-Material" type="twosided">
        <bsdf name="bsdf" type="diffuse">
            <texture name="reflectance" type="bitmap">
                <string name="filename" value="textures/siggraph_2023_logo.jpg"/>
            </texture>
        </bsdf>
    </bsdf>
    <bsdf id="mat-Material.001" name="mat-Material.001" type="twosided">
        <bsdf name="bsdf" type="principled">
            <rgb name="base_color" value="0.433648 0.266232 0.084399"/>
            <float name="spec_tint" value="0.000000"/>
            <float name="spec_trans" value="0.000000"/>
            <float name="metallic" value="0.000000"/>
            <float name="anisotropic" value="0.000000"/>
            <float name="roughness" value="0.500000"/>
            <float name="sheen" value="0.000000"/>
            <float name="sheen_tint" value="0.500000"/>
            <float name="clearcoat" value="0.000000"/>
            <float name="clearcoat_gloss" value="0.173205"/>
            <float name="specular" value="0.500000"/>
        </bsdf>
    </bsdf>
    <bsdf id="mat-Material.002" name="mat-Material.002" type="twosided">
        <bsdf name="bsdf" type="principled">
            <rgb name="base_color" value="0.433648 0.266232 0.084399"/>
            <float name="spec_tint" value="0.000000"/>
            <float name="spec_trans" value="0.000000"/>
            <float name="metallic" value="0.000000"/>
            <float name="anisotropic" value="0.000000"/>
            <float name="roughness" value="0.500000"/>
            <float name="sheen" value="0.000000"/>
            <float name="sheen_tint" value="0.500000"/>
            <float name="clearcoat" value="0.000000"/>
            <float name="clearcoat_gloss" value="0.173205"/>
            <float name="specular" value="0.500000"/>
        </bsdf>
    </bsdf>
    <bsdf id="mat-Material.003" name="mat-Material.003" type="twosided">
        <bsdf name="bsdf" type="principled">
            <rgb name="base_color" value="0.433648 0.266232 0.084399"/>
            <float name="spec_tint" value="0.000000"/>
            <float name="spec_trans" value="0.000000"/>
            <float name="metallic" value="0.000000"/>
            <float name="anisotropic" value="0.000000"/>
            <float name="roughness" value="0.500000"/>
            <float name="sheen" value="0.000000"/>
            <float name="sheen_tint" value="0.500000"/>
            <float name="clearcoat" value="0.000000"/>
            <float name="clearcoat_gloss" value="0.173205"/>
            <float name="specular" value="0.500000"/>
        </bsdf>
    </bsdf>
    <bsdf id="mat-Material.004" name="mat-Material.004" type="twosided">
        <bsdf name="bsdf" type="principled">
            <rgb name="base_color" value="0.433648 0.266232 0.084399"/>
            <float name="spec_tint" value="0.000000"/>
            <float name="spec_trans" value="0.000000"/>
            <float name="metallic" value="0.000000"/>
            <float name="anisotropic" value="0.000000"/>
            <float name="roughness" value="0.500000"/>
            <float name="sheen" value="0.000000"/>
            <float name="sheen_tint" value="0.500000"/>
            <float name="clearcoat" value="0.000000"/>
            <float name="clearcoat_gloss" value="0.173205"/>
            <float name="specular" value="0.500000"/>
        </bsdf>
    </bsdf>
    <bsdf id="mat-Material.005" name="mat-Material.005" type="twosided">
        <bsdf name="bsdf" type="principled">
            <rgb name="base_color" value="0.433648 0.266232 0.084399"/>
            <float name="spec_tint" value="0.000000"/>
            <float name="spec_trans" value="0.000000"/>
            <float name="metallic" value="0.000000"/>
            <float name="anisotropic" value="0.000000"/>
            <float name="roughness" value="0.500000"/>
            <float name="sheen" value="0.000000"/>
            <float name="sheen_tint" value="0.500000"/>
            <float name="clearcoat" value="0.000000"/>
            <float name="clearcoat_gloss" value="0.173205"/>
            <float name="specular" value="0.500000"/>
        </bsdf>
    </bsdf>
    <emitter name="temp45" type="point">
        <point name="position" x="-6.815235034541981e-16" y="3.0693089962005615" z="4.109199523925781"/>
        <rgb name="intensity" value="7.957747 7.957747 7.957747"/>
    </emitter>
    <shape name="temp2" type="ply">
        <string name="filename" value="meshes/Cube.ply"/>
        <boolean name="face_normals" value="true"/>
        <ref id="mat-Material" name="bsdf"/>
        <transform name="to_world">
            <matrix value="0.9999993351382115 0.00022738583672456266 0.001248610586444808 -0.0020986458248506423 -0.00022620415334726883 0.9999990613716906 -0.0009521786666452335 -0.01600299503515154 -0.0012488342756641082 0.0009518948298266875 0.9999983452326863 0.0029209727863720447 0.0 0.0 0.0 1.0"/>
        </transform>
    </shape>
    <shape name="temp4" type="ply">
        <string name="filename" value="meshes/Plane.ply"/>
        <boolean name="face_normals" value="true"/>
        <ref id="mat-Material.001" name="bsdf"/>
    </shape>
    <shape name="temp5" type="ply">
        <string name="filename" value="meshes/Cube_001.ply"/>
        <boolean name="face_normals" value="true"/>
        <ref id="mat-Material" name="bsdf"/>
        <transform name="to_world">
            <matrix value="0.9999991135176153 -1.0194546360938064e-05 -0.0014917183623855313 0.0020603869748101467 1.0295828036601087e-05 0.9999967669469342 5.431182718933984e-05 -0.017736651642311946 0.0014913315320011276 -5.433093531182279e-05 0.9999958630817157 -0.0031503640456548854 0.0 0.0 0.0 1.0"/>
        </transform>
    </shape>
    <shape name="temp6" type="ply">
        <string name="filename" value="meshes/Cube_002.ply"/>
        <boolean name="face_normals" value="true"/>
        <ref id="mat-Material" name="bsdf"/>
        <transform name="to_world">
            <matrix value="1.0 5.0528447738218654e-05 0.0003239490690988279 -0.0008711271026846656 -5.1323917117442966e-05 0.999996454070831 0.0024621460157221806 -0.01915520338602164 -0.0003238034260771204 -0.00246216597868688 0.9999965722677073 0.0010253380090202713 0.0 0.0 0.0 1.0"/>
        </transform>
    </shape>
    <shape name="temp7" type="ply">
        <string name="filename" value="meshes/Cube_003.ply"/>
        <boolean name="face_normals" value="true"/>
        <ref id="mat-Material" name="bsdf"/>
        <transform name="to_world">
            <matrix value="0.9999993351382115 -0.0001873190272473369 0.0012115887137304554 -0.0012704119640387646 0.00018959774975311464 0.9999954111504872 -0.0018688173756241427 -0.017555652364086988 -0.0012106335335010559 0.0018690467499473328 0.9999949175003935 0.003401832629417595 0.0 0.0 0.0 1.0"/>
        </transform>
    </shape>
    <shape name="temp8" type="ply">
        <string name="filename" value="meshes/Cube_004.ply"/>
        <boolean name="face_normals" value="true"/>
        <ref id="mat-Material" name="bsdf"/>
        <transform name="to_world">
            <matrix value="0.9999995567588077 -4.2803536751470015e-05 0.000865146628931668 -0.0005620336632838896 4.363620890489284e-05 0.9999988527876218 -0.0009741201483995328 -0.017921348544496535 -0.0008647613500772126 0.0009741540351631024 0.999998699825682 0.0027079128161509 0.0 0.0 0.0 1.0"/>
        </transform>
    </shape>
    <shape name="temp9" type="ply">
        <string name="filename" value="meshes/Cube_005.ply"/>
        <boolean name="face_normals" value="true"/>
        <ref id="mat-Material" name="bsdf"/>
        <transform name="to_world">
            <matrix value="0.9999997783794039 -0.0002081248709386075 0.0007843514328630169 -0.0005723158816224316 0.0002092785451760288 0.9999955154425215 -0.0014733989062460844 -0.01874703410586867 -0.0007831274034753655 0.00147356196928391 0.9999953902910546 0.0021115107566720692 0.0 0.0 0.0 1.0"/>
        </transform>
    </shape>
    <shape name="temp10" type="ply">
        <string name="filename" value="meshes/Cube_006.ply"/>
        <boolean name="face_normals" value="true"/>
        <ref id="mat-Material" name="bsdf"/>
        <transform name="to_world">
            <matrix value="0.9999995567588077 5.712596183328727e-06 -0.0011185541494235973 -0.001089309196222743 -4.4332984059273855e-06 0.9999989570796561 0.0011306469525568757 -0.017005842158648005 0.0011183773117244388 -0.00113064350271055 0.9999984634303516 -0.00246055553164487 0.0 0.0 0.0 1.0"/>
        </transform>
    </shape>
    <shape name="temp11" type="ply">
        <string name="filename" value="meshes/Cube_007.ply"/>
        <boolean name="face_normals" value="true"/>
        <ref id="mat-Material" name="bsdf"/>
        <transform name="to_world">
            <matrix value="0.9999982270352306 -0.0019974198150693647 -6.694148411825251e-05 0.0005973562128200882 0.0019977390266778007 0.9999846690709457 0.005110086941474663 -0.0173218094380366 5.655048428532677e-05 -0.005110208521493546 0.9999867618614904 0.00015259274553258706 0.0 0.0 0.0 1.0"/>
        </transform>
    </shape>
    <shape name="temp12" type="ply">
        <string name="filename" value="meshes/Cube_008.ply"/>
        <boolean name="face_normals" value="true"/>
        <ref id="mat-Material" name="bsdf"/>
        <transform name="to_world">
            <matrix value="0.9999980054146345 0.0020702646723248573 0.00010845203136871477 0.00013142374462549178 -0.0020699474493242344 0.999993742477937 -0.002850395796701907 -0.01662750135270949 -0.00011438947071682739 0.002850163634201947 0.9999960994770463 -1.8883713792883228e-05 0.0 0.0 0.0 1.0"/>
        </transform>
    </shape>
    <shape name="temp13" type="ply">
        <string name="filename" value="meshes/Cube_009.ply"/>
        <boolean name="face_normals" value="true"/>
        <ref id="mat-Material" name="bsdf"/>
        <transform name="to_world">
            <matrix value="0.9999991135176153 -0.0009746507781228686 0.0008243885280182837 0.0014844841039993728 0.0009741978220900772 0.9999990613716906 0.0005503756085406796 -0.01896956135868874 -0.0008251045605972764 -0.0005495762614643019 0.9999996454070041 0.0014111746961793514 0.0 0.0 0.0 1.0"/>
        </transform>
    </shape>
    <shape name="temp14" type="ply">
        <string name="filename" value="meshes/Cube_010.ply"/>
        <boolean name="face_normals" value="true"/>
        <ref id="mat-Material" name="bsdf"/>
        <transform name="to_world">
            <matrix value="0.9999864811436332 -0.000507612275589615 0.005189066621404841 0.01073640313602997 0.0005065094401509148 0.9999997914159312 0.00021402394022791346 -0.0183396292331284 -0.0051891709084848775 -0.00021139202749972366 0.999986643663825 0.008594293753963922 0.0 0.0 0.0 1.0"/>
        </transform>
    </shape>
    <shape name="temp15" type="ply">
        <string name="filename" value="meshes/Cube_011.ply"/>
        <boolean name="face_normals" value="true"/>
        <ref id="mat-Material" name="bsdf"/>
        <transform name="to_world">
            <matrix value="0.9999977837940383 -0.001994383873948476 -0.0008531862071834866 -0.0017737465122229512 0.001993860666244701 0.9999977055752436 -0.0006160285017122114 -0.021555514934762154 0.0008544471275311288 0.00061432701393133 0.9999995272093389 -0.0013302770933811825 0.0 0.0 0.0 1.0"/>
        </transform>
    </shape>
    <shape name="temp16" type="ply">
        <string name="filename" value="meshes/Cube_012.ply"/>
        <boolean name="face_normals" value="true"/>
        <ref id="mat-Material" name="bsdf"/>
        <transform name="to_world">
            <matrix value="0.999997340552846 -0.0023168277283317656 -0.00019226611400590326 -0.00029884157213244666 0.0023163053364466594 0.9999934296018338 -0.0026791474733357887 -0.02410454953541849 0.0001987076859795719 0.002678689800030453 0.9999963358723768 -0.00045018348170866584 0.0 0.0 0.0 1.0"/>
        </transform>
    </shape>
    <shape name="temp17" type="ply">
        <string name="filename" value="meshes/Cube_013.ply"/>
        <boolean name="face_normals" value="true"/>
        <ref id="mat-Material" name="bsdf"/>
        <transform name="to_world">
            <matrix value="0.9999977837940383 -0.002167235405894169 0.000301593162690576 -9.670083289825548e-05 0.0021688966131054007 0.9999817488939831 -0.005622284704134696 -0.02604540833892921 -0.00028939793662360137 0.005622931106767927 0.9999842797105196 -0.000193674221848128 0.0 0.0 0.0 1.0"/>
        </transform>
    </shape>
    <shape name="temp18" type="ply">
        <string name="filename" value="meshes/Cube_014.ply"/>
        <boolean name="face_normals" value="true"/>
        <ref id="mat-Material" name="bsdf"/>
        <transform name="to_world">
            <matrix value="1.0 5.316286452673318e-05 -6.408748329276002e-05 -0.0004500708994256697 -5.31556999930854e-05 0.9999962454867622 0.0001106448344547139 -0.01753157084057244 6.557199389390934e-05 -0.00011063194715314035 0.9999965722677073 0.0003939384254155742 0.0 0.0 0.0 1.0"/>
        </transform>
    </shape>
    <shape name="temp19" type="ply">
        <string name="filename" value="meshes/Cube_015.ply"/>
        <boolean name="face_normals" value="true"/>
        <ref id="mat-Material" name="bsdf"/>
        <transform name="to_world">
            <matrix value="0.9995361480922013 0.022146405157866852 -0.020333142483503153 -0.007095779326925067 -0.019325422364532194 0.9913541903496494 0.12720297990497853 0.06479068445607475 0.023087755550709452 -0.12674191684587516 0.9913407208450093 -0.036185411332513406 0.0 0.0 0.0 1.0"/>
        </transform>
    </shape>
    <shape name="temp20" type="ply">
        <string name="filename" value="meshes/Cube_016.ply"/>
        <boolean name="face_normals" value="true"/>
        <ref id="mat-Material" name="bsdf"/>
        <transform name="to_world">
            <matrix value="0.9976135894203646 0.06314588578353564 -0.027321189390010214 0.06376017089821606 -0.053340110491164425 0.9604454729956635 0.27213452218121026 0.07533772458790111 0.04356871213612114 -0.2700276165307046 0.9615500630939137 -0.1406411138589772 0.0 0.0 0.0 1.0"/>
        </transform>
    </shape>
    <shape name="temp21" type="ply">
        <string name="filename" value="meshes/Cube_017.ply"/>
        <boolean name="face_normals" value="true"/>
        <ref id="mat-Material" name="bsdf"/>
        <transform name="to_world">
            <matrix value="0.9943105560549406 0.09702700955106451 0.042056868679084355 0.21387159597304317 -0.1056448095569893 0.9273908427422131 0.3579709668710856 0.011818564586759422 -0.0039922335278275685 -0.3604127252968673 0.9325280447600375 -0.18982161218496535 0.0 0.0 0.0 1.0"/>
        </transform>
    </shape>
    <shape name="temp22" type="ply">
        <string name="filename" value="meshes/Cube_018.ply"/>
        <boolean name="face_normals" value="true"/>
        <ref id="mat-Material" name="bsdf"/>
        <transform name="to_world">
            <matrix value="-0.21947610664028494 0.9722016882794526 0.0804619495712025 1.1024530285791334 -0.9268020413916355 -0.23363908281413281 0.29305574532847367 0.6714867071766668 0.30372271628840464 -0.01050423947119767 0.9524422237992417 -0.3878187331922655 0.0 0.0 0.0 1.0"/>
        </transform>
    </shape>
    <shape name="temp23" type="ply">
        <string name="filename" value="meshes/Cube_019.ply"/>
        <boolean name="face_normals" value="true"/>
        <ref id="mat-Material" name="bsdf"/>
        <transform name="to_world">
            <matrix value="-0.03384370118806369 0.9946169666453215 -0.09786072863659939 0.4118861015508197 -0.9683946867791791 -0.008446918483260086 0.24837685056174622 0.10183194658892464 0.2462059883658052 0.10322188338899052 0.9634695931778199 -0.034054045820471834 0.0 0.0 0.0 1.0"/>
        </transform>
    </shape>
    <shape name="temp24" type="ply">
        <string name="filename" value="meshes/Cube_020.ply"/>
        <boolean name="face_normals" value="true"/>
        <ref id="mat-Material" name="bsdf"/>
        <transform name="to_world">
            <matrix value="0.12289977716240824 0.9921308634422953 0.023387441162333912 -0.19732160265014326 -0.973087012600509 0.12511300519845917 -0.19297706192956285 0.061165291718071196 -0.19438895912042195 0.0008943987617376112 0.9808279839440387 0.09917204479518166 0.0 0.0 0.0 1.0"/>
        </transform>
    </shape>
    <shape name="temp25" type="ply">
        <string name="filename" value="meshes/Cube_021.ply"/>
        <boolean name="face_normals" value="true"/>
        <ref id="mat-Material" name="bsdf"/>
        <transform name="to_world">
            <matrix value="0.28166171566254805 0.9589549312402618 -0.032019274729670116 -0.31962154841847046 -0.7742455148423746 0.2074125041977544 -0.5978168418434864 0.09497715010906785 -0.5666909562840077 0.1931256426996619 0.8009050158834023 0.08194563082466927 0.0 0.0 0.0 1.0"/>
        </transform>
    </shape>
    <shape name="temp26" type="ply">
        <string name="filename" value="meshes/Cube_022.ply"/>
        <boolean name="face_normals" value="true"/>
        <ref id="mat-Material" name="bsdf"/>
        <transform name="to_world">
            <matrix value="0.557072400789324 0.8060786612240131 -0.1989752853409837 -0.23569597872468134 -0.445981531025997 0.08824802940201035 -0.890602860099825 0.1481536786001042 -0.700503256049799 0.5848841211205971 0.40857930661467223 0.16681057987153897 0.0 0.0 0.0 1.0"/>
        </transform>
    </shape>
    <shape name="temp27" type="ply">
        <string name="filename" value="meshes/Cube_023.ply"/>
        <boolean name="face_normals" value="true"/>
        <ref id="mat-Material" name="bsdf"/>
        <transform name="to_world">
            <matrix value="0.856206351823583 0.4787565469324584 -0.19379744749777905 -0.12488976526688533 -0.37761705113407695 0.32411398702189925 -0.8673693360269792 -0.17236961645621965 -0.3524694074929037 0.815837475465299 0.4582742148010899 -0.04921872567375729 0.0 0.0 0.0 1.0"/>
        </transform>
    </shape>
    <shape name="temp28" type="ply">
        <string name="filename" value="meshes/Cube_024.ply"/>
        <boolean name="face_normals" value="true"/>
        <ref id="mat-Material" name="bsdf"/>
        <transform name="to_world">
            <matrix value="0.8854296868766922 0.42163746837344057 -0.19535534000503996 -0.12843530082597876 -0.34674392803890597 0.3194859237041194 -0.8818604879861529 -0.48093708757824194 -0.30942457098684994 0.8485678617838527 0.42907229962068005 -0.2820392574080674 0.0 0.0 0.0 1.0"/>
        </transform>
    </shape>
    <shape name="temp29" type="ply">
        <string name="filename" value="meshes/Cube_025.ply"/>
        <boolean name="face_normals" value="true"/>
        <ref id="mat-Material" name="bsdf"/>
        <transform name="to_world">
            <matrix value="0.8794401686444089 0.4343544218779658 -0.19472999161742158 -0.2774543230907792 -0.31888480072762476 0.2338705068384287 -0.9184858075335409 -0.7854826261628867 -0.35340777125917733 0.8698501114881848 0.3441838002062313 -0.7630099760577631 0.0 0.0 0.0 1.0"/>
        </transform>
    </shape>
    <shape name="temp30" type="ply">
        <string name="filename" value="meshes/Cube_026.ply"/>
        <boolean name="face_normals" value="true"/>
        <ref id="mat-Material" name="bsdf"/>
        <transform name="to_world">
            <matrix value="0.90352124100442 0.3445407291681876 -0.2547831049202851 -0.2941868220152897 -0.34821805959643776 0.2438240343079076 -0.9051312443235572 -1.1303154386290197 -0.24975211736317587 0.906545368077877 0.3402820952758284 -0.8642875362915838 0.0 0.0 0.0 1.0"/>
        </transform>
    </shape>
    <shape name="temp31" type="ply">
        <string name="filename" value="meshes/Cube_027.ply"/>
        <boolean name="face_normals" value="true"/>
        <ref id="mat-Material" name="bsdf"/>
        <transform name="to_world">
            <matrix value="0.847048102307159 0.3305834304987454 -0.4161407658546802 -0.5607717373757334 -0.5027035496527649 0.24425194452498108 -0.8291976364249272 -1.5874537097640442 -0.17251066881549998 0.9116045746657963 0.3730983768623815 -0.9581210979777565 0.0 0.0 0.0 1.0"/>
        </transform>
    </shape>
    <shape name="temp32" type="ply">
        <string name="filename" value="meshes/Cube_028.ply"/>
        <boolean name="face_normals" value="true"/>
        <ref id="mat-Material" name="bsdf"/>
        <transform name="to_world">
            <matrix value="-0.11343113893483822 0.9798675699747406 0.16428675273663054 -1.457833925955951 -0.827540170949263 -0.0016891044025839396 -0.5613231944952037 -2.1048379200797687 -0.5497451806385155 -0.19964066179553341 0.8110706060845321 -1.1955449621602954 0.0 0.0 0.0 1.0"/>
        </transform>
    </shape>
    <shape name="temp33" type="ply">
        <string name="filename" value="meshes/Cube_029.ply"/>
        <boolean name="face_normals" value="true"/>
        <ref id="mat-Material" name="bsdf"/>
        <transform name="to_world">
            <matrix value="0.01059180677520757 0.9892721041752273 0.14569643482746214 -1.6541047826561868 -0.9878095374866807 -0.012246369072822956 0.15496475109226462 -1.6251646613765367 0.1550866580855172 -0.14556962223339306 0.9770824182864081 0.1350395161109499 0.0 0.0 0.0 1.0"/>
        </transform>
    </shape>
    <shape name="temp34" type="ply">
        <string name="filename" value="meshes/Cube_030.ply"/>
        <boolean name="face_normals" value="true"/>
        <ref id="mat-Material" name="bsdf"/>
        <transform name="to_world">
            <matrix value="-0.0379868363133099 0.9824548770393098 -0.1825678741317578 -3.1940165807202643 -0.9740912574215288 0.00429950353531757 0.2258092649236395 -1.9070361766994277 0.22263263276261688 0.1864491625744063 0.9568396593814785 0.27995052647223684 0.0 0.0 0.0 1.0"/>
        </transform>
    </shape>
    <shape name="temp35" type="ply">
        <string name="filename" value="meshes/Cube_031.ply"/>
        <boolean name="face_normals" value="true"/>
        <ref id="mat-Material" name="bsdf"/>
        <transform name="to_world">
            <matrix value="0.10588568898297422 0.989098562230014 0.10233399019715844 -2.0474535224426216 -0.6754423990340888 -0.00398503409306604 0.7374021382430438 -0.7466957150352413 0.7297711368427398 -0.14720102081043251 0.6676572419000322 0.7721953738835481 0.0 0.0 0.0 1.0"/>
        </transform>
    </shape>
    <shape name="temp36" type="ply">
        <string name="filename" value="meshes/Cube_032.ply"/>
        <boolean name="face_normals" value="true"/>
        <ref id="mat-Material" name="bsdf"/>
        <transform name="to_world">
            <matrix value="0.8080854285344496 0.5531809070486815 0.20239131606481203 -0.4844638699797996 -0.23273635393341097 -0.015793616493159485 0.9723985994049458 0.4440280422018606 0.5411141665203971 -0.8329083085292113 0.11599251052313814 -0.26983542455029186 0.0 0.0 0.0 1.0"/>
        </transform>
    </shape>
    <shape name="temp37" type="ply">
        <string name="filename" value="meshes/Cube_033.ply"/>
        <boolean name="face_normals" value="true"/>
        <ref id="mat-Material" name="bsdf"/>
        <transform name="to_world">
            <matrix value="0.9788850976992236 0.15451354023482394 0.13382533505492172 -0.12623216352141142 -0.14993236139404675 0.09774128483614679 0.9838530169481268 0.30105519274767883 0.13893847280360694 -0.9831435913587793 0.11884432469182322 -0.40576546236252614 0.0 0.0 0.0 1.0"/>
        </transform>
    </shape>
    <shape name="temp38" type="ply">
        <string name="filename" value="meshes/Cube_034.ply"/>
        <boolean name="face_normals" value="true"/>
        <ref id="mat-Material" name="bsdf"/>
        <transform name="to_world">
            <matrix value="0.9999188868617992 0.005526050064348185 0.011487761104552453 -0.03546838402481489 -0.012299898763711667 0.18145580207874884 0.9833223094310862 0.3692527421967541 0.0033493697996727105 -0.9833835673298945 0.1815090390482535 -0.33633823499755894 0.0 0.0 0.0 1.0"/>
        </transform>
    </shape>
    <shape name="temp39" type="ply">
        <string name="filename" value="meshes/Cube_035.ply"/>
        <boolean name="face_normals" value="true"/>
        <ref id="mat-Material" name="bsdf"/>
        <transform name="to_world">
            <matrix value="0.9991011068619056 -0.042336829897606086 0.0022085080097829844 0.009663823893494072 0.006855314550544566 0.21274751107059947 0.9770831274723997 0.09223625743197097 -0.0418364657188397 -0.9761895027981553 0.21284657328420722 -0.1314287805625656 0.0 0.0 0.0 1.0"/>
        </transform>
    </shape>
    <shape name="temp40" type="ply">
        <string name="filename" value="meshes/Cube_036.ply"/>
        <boolean name="face_normals" value="true"/>
        <ref id="mat-Material" name="bsdf"/>
        <transform name="to_world">
            <matrix value="0.999813617078615 -0.019175911460234493 0.002322003771923894 0.005403784183503957 0.0018515802434989816 0.21480352423642587 0.9766556065171357 -0.2518433649707027 -0.019227040549477242 -0.9764690054503018 0.21479893867952404 0.2508625904215698 0.0 0.0 0.0 1.0"/>
        </transform>
    </shape>
    <shape name="temp41" type="ply">
        <string name="filename" value="meshes/Cube_037.ply"/>
        <boolean name="face_normals" value="true"/>
        <ref id="mat-Material" name="bsdf"/>
        <transform name="to_world">
            <matrix value="0.9990430422657072 -0.04366791956163972 0.002581945259351681 -0.0021006287438769533 0.006873403223604544 0.21499396149120925 0.9765913069872313 -0.5687013329518241 -0.04320081529784922 -0.9756386322725443 0.21508833384315926 0.5054425397565072 0.0 0.0 0.0 1.0"/>
        </transform>
    </shape>
    <shape name="temp42" type="ply">
        <string name="filename" value="meshes/Cube_038.ply"/>
        <boolean name="face_normals" value="true"/>
        <ref id="mat-Material" name="bsdf"/>
        <transform name="to_world">
            <matrix value="0.999336911176238 -0.03631961754025151 0.0026009987229924244 0.0027439277600942447 0.005272648738446919 0.2150156542343609 0.9765963894868378 -0.9035614210074989 -0.036028869185340415 -0.9759349259422264 0.2150645406531414 0.8455808444196811 0.0 0.0 0.0 1.0"/>
        </transform>
    </shape>
    <shape name="temp43" type="ply">
        <string name="filename" value="meshes/Cube_039.ply"/>
        <boolean name="face_normals" value="true"/>
        <ref id="mat-Material" name="bsdf"/>
        <transform name="to_world">
            <matrix value="0.9999652997072044 -0.0026305359974835964 -0.007914325841522393 0.01828509443282056 0.008272939943530047 0.43299989445919596 0.9013559903886961 -1.3192918214783957 0.0010558593315354637 -0.901390152938369 0.43300655849797287 1.4625334700223562 0.0 0.0 0.0 1.0"/>
        </transform>
    </shape>
    <shape name="temp47" type="ply">
        <string name="filename" value="meshes/Plane_001.ply"/>
        <boolean name="face_normals" value="true"/>
        <ref id="mat-Material.002" name="bsdf"/>
    </shape>
    <shape name="temp49" type="ply">
        <string name="filename" value="meshes/Plane_002.ply"/>
        <boolean name="face_normals" value="true"/>
        <ref id="mat-Material.003" name="bsdf"/>
    </shape>
    <shape name="temp51" type="ply">
        <string name="filename" value="meshes/Plane_003.ply"/>
        <boolean name="face_normals" value="true"/>
        <ref id="mat-Material.004" name="bsdf"/>
    </shape>
    <shape name="temp53" type="ply">
        <string name="filename" value="meshes/Plane_004.ply"/>
        <boolean name="face_normals" value="true"/>
        <ref id="mat-Material.005" name="bsdf"/>
    </shape>
    <emitter type="point">
        <rgb name="intensity" value="100"/>
        <animation name="to_world">
            <transform time="0">
                <rotate angle="-142.5518126578256" x="1"/>
                <rotate angle="3.976628485794621e-06" y="1"/>
                <rotate angle="-179.999991348578" z="1"/>
                <translate value="-0.000000 3.030926 4.073377"/>
                <translate x="22.65" y="0.0" z="0.0"/>
            </transform>
            <transform time="0.0015">
                <rotate angle="-142.5518126578256" x="1"/>
                <rotate angle="3.976628485794621e-06" y="1"/>
                <rotate angle="-179.999991348578" z="1"/>
                <translate value="-0.000000 3.030926 4.073377"/>
                <translate x="22.8" y="0.0" z="0.0"/>
            </transform>
        </animation>
    </emitter>
</scene>
