
<scene version="2.1.0">
    <default name="spp" value="1024"/>
    <default name="resx" value="1280"/>
    <default name="resy" value="720"/>
    <integrator name="temp0" type="path">
        <integer name="max_depth" value="12"/>
    </integrator>
    <sensor name="temp44" type="perspective">
        <string name="fov_axis" value="x"/>
        <float name="fov" value="83.974423"/>
        <float name="principal_point_offset_x" value="0.000000"/>
        <float name="principal_point_offset_y" value="-0.000000"/>
        <float name="near_clip" value="0.100000"/>
        <float name="far_clip" value="1000.000000"/>
        <sampler name="sampler" type="independent">
            <integer name="sample_count" value="$spp"/>
        </sampler>
        <film name="film" type="hdrfilm">
            <integer name="width" value="$resx"/>
            <integer name="height" value="$resy"/>
        </film>
        <float name="shutter_open" value="0.0"/>
        <float name="shutter_close" value="0.0015"/>
        <animation name="to_world">
            <transform time="0">
                <rotate angle="-142.5518126578256" x="1"/>
                <rotate angle="3.976628485794621e-06" y="1"/>
                <rotate angle="-179.999991348578" z="1"/>
                <translate value="-0.000000 3.030926 4.073377"/>
                <translate x="31.5" y="0.0" z="0.0"/>
            </transform>
            <transform time="0.0015">
                <rotate angle="-142.5518126578256" x="1"/>
                <rotate angle="3.976628485794621e-06" y="1"/>
                <rotate angle="-179.999991348578" z="1"/>
                <translate value="-0.000000 3.030926 4.073377"/>
                <translate x="31.65" y="0.0" z="0.0"/>
            </transform>
        </animation>
    </sensor>
    <bsdf id="mat-Material" name="mat-Material" type="twosided">
        <bsdf name="bsdf" type="diffuse">
            <texture name="reflectance" type="bitmap">
                <string name="filename" value="textures/siggraph_2023_logo.jpg"/>
            </texture>
        </bsdf>
    </bsdf>
    <bsdf id="mat-Material.001" name="mat-Material.001" type="twosided">
        <bsdf name="bsdf" type="principled">
            <rgb name="base_color" value="0.433648 0.266232 0.084399"/>
            <float name="spec_tint" value="0.000000"/>
            <float name="spec_trans" value="0.000000"/>
            <float name="metallic" value="0.000000"/>
            <float name="anisotropic" value="0.000000"/>
            <float name="roughness" value="0.500000"/>
            <float name="sheen" value="0.000000"/>
            <float name="sheen_tint" value="0.500000"/>
            <float name="clearcoat" value="0.000000"/>
            <float name="clearcoat_gloss" value="0.173205"/>
            <float name="specular" value="0.500000"/>
        </bsdf>
    </bsdf>
    <bsdf id="mat-Material.002" name="mat-Material.002" type="twosided">
        <bsdf name="bsdf" type="principled">
            <rgb name="base_color" value="0.433648 0.266232 0.084399"/>
            <float name="spec_tint" value="0.000000"/>
            <float name="spec_trans" value="0.000000"/>
            <float name="metallic" value="0.000000"/>
            <float name="anisotropic" value="0.000000"/>
            <float name="roughness" value="0.500000"/>
            <float name="sheen" value="0.000000"/>
            <float name="sheen_tint" value="0.500000"/>
            <float name="clearcoat" value="0.000000"/>
            <float name="clearcoat_gloss" value="0.173205"/>
            <float name="specular" value="0.500000"/>
        </bsdf>
    </bsdf>
    <bsdf id="mat-Material.003" name="mat-Material.003" type="twosided">
        <bsdf name="bsdf" type="principled">
            <rgb name="base_color" value="0.433648 0.266232 0.084399"/>
            <float name="spec_tint" value="0.000000"/>
            <float name="spec_trans" value="0.000000"/>
            <float name="metallic" value="0.000000"/>
            <float name="anisotropic" value="0.000000"/>
            <float name="roughness" value="0.500000"/>
            <float name="sheen" value="0.000000"/>
            <float name="sheen_tint" value="0.500000"/>
            <float name="clearcoat" value="0.000000"/>
            <float name="clearcoat_gloss" value="0.173205"/>
            <float name="specular" value="0.500000"/>
        </bsdf>
    </bsdf>
    <bsdf id="mat-Material.004" name="mat-Material.004" type="twosided">
        <bsdf name="bsdf" type="principled">
            <rgb name="base_color" value="0.433648 0.266232 0.084399"/>
            <float name="spec_tint" value="0.000000"/>
            <float name="spec_trans" value="0.000000"/>
            <float name="metallic" value="0.000000"/>
            <float name="anisotropic" value="0.000000"/>
            <float name="roughness" value="0.500000"/>
            <float name="sheen" value="0.000000"/>
            <float name="sheen_tint" value="0.500000"/>
            <float name="clearcoat" value="0.000000"/>
            <float name="clearcoat_gloss" value="0.173205"/>
            <float name="specular" value="0.500000"/>
        </bsdf>
    </bsdf>
    <bsdf id="mat-Material.005" name="mat-Material.005" type="twosided">
        <bsdf name="bsdf" type="principled">
            <rgb name="base_color" value="0.433648 0.266232 0.084399"/>
            <float name="spec_tint" value="0.000000"/>
            <float name="spec_trans" value="0.000000"/>
            <float name="metallic" value="0.000000"/>
            <float name="anisotropic" value="0.000000"/>
            <float name="roughness" value="0.500000"/>
            <float name="sheen" value="0.000000"/>
            <float name="sheen_tint" value="0.500000"/>
            <float name="clearcoat" value="0.000000"/>
            <float name="clearcoat_gloss" value="0.173205"/>
            <float name="specular" value="0.500000"/>
        </bsdf>
    </bsdf>
    <emitter name="temp45" type="point">
        <point name="position" x="-6.815235034541981e-16" y="3.0693089962005615" z="4.109199523925781"/>
        <rgb name="intensity" value="7.957747 7.957747 7.957747"/>
    </emitter>
    <shape name="temp2" type="ply">
        <string name="filename" value="meshes/Cube.ply"/>
        <boolean name="face_normals" value="true"/>
        <ref id="mat-Material" name="bsdf"/>
        <transform name="to_world">
            <matrix value="0.9999986702764229 0.00017290054920185308 0.0017251682070974388 -0.002685551574399092 -0.00017200196089903498 0.9999997914159312 -0.0005210484038350887 -0.016715261401313797 -0.0017252587198839772 0.0005207509860811852 0.9999985816280168 0.004052223932283994 0.0 0.0 0.0 1.0"/>
        </transform>
    </shape>
    <shape name="temp4" type="ply">
        <string name="filename" value="meshes/Plane.ply"/>
        <boolean name="face_normals" value="true"/>
        <ref id="mat-Material.001" name="bsdf"/>
    </shape>
    <shape name="temp5" type="ply">
        <string name="filename" value="meshes/Cube_001.ply"/>
        <boolean name="face_normals" value="true"/>
        <ref id="mat-Material" name="bsdf"/>
        <transform name="to_world">
            <matrix value="0.9999982270352306 -0.00013843599493557881 -0.001990472322598306 0.0025324082978581686 0.00014514952298382879 0.9999941596460746 0.00337307769227096 -0.021380341644884282 0.0019899933868414103 -0.003373361311409757 0.999992435349423 -0.0044217221357941705 0.0 0.0 0.0 1.0"/>
        </transform>
    </shape>
    <shape name="temp6" type="ply">
        <string name="filename" value="meshes/Cube_002.ply"/>
        <boolean name="face_normals" value="true"/>
        <ref id="mat-Material" name="bsdf"/>
        <transform name="to_world">
            <matrix value="1.0 -3.390680046639398e-05 0.000301281120854276 -0.000877416122869068 3.4537043439409816e-05 0.9999977055752436 -0.0020921861414655847 -0.016363811744538714 -0.0003012085414350732 0.0020921962442352576 0.9999978724420252 0.001155648938084619 0.0 0.0 0.0 1.0"/>
        </transform>
    </shape>
    <shape name="temp7" type="ply">
        <string name="filename" value="meshes/Cube_003.ply"/>
        <boolean name="face_normals" value="true"/>
        <ref id="mat-Material" name="bsdf"/>
        <transform name="to_world">
            <matrix value="0.9999986702764229 0.0006081143374431348 0.001720636508611173 -0.0011476079282983775 -0.000616295851085143 0.999988527876218 0.004758188852447236 -0.017571510656091194 -0.0017177236196139548 -0.004759241838626849 0.9999872346521514 0.005419812603562335 0.0 0.0 0.0 1.0"/>
        </transform>
    </shape>
    <shape name="temp8" type="ply">
        <string name="filename" value="meshes/Cube_004.ply"/>
        <boolean name="face_normals" value="true"/>
        <ref id="mat-Material" name="bsdf"/>
        <transform name="to_world">
            <matrix value="0.9999991135176153 -1.2908788272569319e-05 0.0013401511322627146 -0.00042703740641059085 1.3772922218262601e-05 0.9999997914159312 -0.0006447848116945716 -0.017857902902778 -0.0013401441774950492 0.0006448021892983859 0.999999054418678 0.004254645370601162 0.0 0.0 0.0 1.0"/>
        </transform>
    </shape>
    <shape name="temp9" type="ply">
        <string name="filename" value="meshes/Cube_005.ply"/>
        <boolean name="face_normals" value="true"/>
        <ref id="mat-Material" name="bsdf"/>
        <transform name="to_world">
            <matrix value="0.9996551583523484 -0.00974325178391525 0.024384107425602843 0.009243468352994277 0.01181007735445289 0.9962160764085162 -0.08610610084341126 -0.07472995576881625 -0.023452879915323206 0.0863643796814087 0.9959876620549091 0.07693608539084784 0.0 0.0 0.0 1.0"/>
        </transform>
    </shape>
    <shape name="temp10" type="ply">
        <string name="filename" value="meshes/Cube_006.ply"/>
        <boolean name="face_normals" value="true"/>
        <ref id="mat-Material" name="bsdf"/>
        <transform name="to_world">
            <matrix value="0.9997624227208982 0.016651883618432995 0.014078240235336279 0.030767176595847268 -0.011310322910073453 0.9479914397098178 -0.3180947387382447 -0.19476375660620077 -0.01864292844136894 0.31785980230401967 0.9479544948444543 0.03740160574718332 0.0 0.0 0.0 1.0"/>
        </transform>
    </shape>
    <shape name="temp11" type="ply">
        <string name="filename" value="meshes/Cube_007.ply"/>
        <boolean name="face_normals" value="true"/>
        <ref id="mat-Material" name="bsdf"/>
        <transform name="to_world">
            <matrix value="0.9927725091174713 0.11836403343185455 -0.019826121778581732 0.1435938802660126 -0.11695353236635835 0.9171066052317057 -0.3811002406031674 -0.09870516711539057 -0.026925891845603137 0.380664465409461 0.9243211080700166 0.13119118639863103 0.0 0.0 0.0 1.0"/>
        </transform>
    </shape>
    <shape name="temp12" type="ply">
        <string name="filename" value="meshes/Cube_008.ply"/>
        <boolean name="face_normals" value="true"/>
        <ref id="mat-Material" name="bsdf"/>
        <transform name="to_world">
            <matrix value="-0.02449487347236923 0.9956950334047386 -0.08939315427490224 2.666925587798811 -0.94691122942696 -0.051781599964957875 -0.3172976136836964 2.003334420062792 -0.32056058486561817 0.07687520206581662 0.9441033785147848 0.9019736681495272 0.0 0.0 0.0 1.0"/>
        </transform>
    </shape>
    <shape name="temp13" type="ply">
        <string name="filename" value="meshes/Cube_009.ply"/>
        <boolean name="face_normals" value="true"/>
        <ref id="mat-Material" name="bsdf"/>
        <transform name="to_world">
            <matrix value="-0.008995495783003297 0.9979339747988728 0.06361414892243916 2.379095933833324 -0.9576881957778617 0.009703485231205011 -0.28764536539862634 1.6442091365641178 -0.2876684538151542 -0.06350999013397356 0.955621977390205 0.5716843988387705 0.0 0.0 0.0 1.0"/>
        </transform>
    </shape>
    <shape name="temp14" type="ply">
        <string name="filename" value="meshes/Cube_010.ply"/>
        <boolean name="face_normals" value="true"/>
        <ref id="mat-Material" name="bsdf"/>
        <transform name="to_world">
            <matrix value="0.0954493313263372 0.9953946723457157 0.00888309825393681 1.6192853871900361 -0.9951810817567244 0.09521996232971719 0.0234035868736292 1.86569278198106 0.022449962501795127 -0.0110741370355615 0.9996867761870474 -0.13165020149609852 0.0 0.0 0.0 1.0"/>
        </transform>
    </shape>
    <shape name="temp15" type="ply">
        <string name="filename" value="meshes/Cube_011.ply"/>
        <boolean name="face_normals" value="true"/>
        <ref id="mat-Material" name="bsdf"/>
        <transform name="to_world">
            <matrix value="0.06028456971031528 0.9940359557217738 -0.09087440741600519 1.1329255064638255 -0.8424880369202183 0.09949562286331695 0.5294477663241614 2.207522059118611 0.5353316419249433 0.04464303965391731 0.8434613760761307 -1.124547833818758 0.0 0.0 0.0 1.0"/>
        </transform>
    </shape>
    <shape name="temp16" type="ply">
        <string name="filename" value="meshes/Cube_012.ply"/>
        <boolean name="face_normals" value="true"/>
        <ref id="mat-Material" name="bsdf"/>
        <transform name="to_world">
            <matrix value="0.11020682520517634 0.9880097533910556 0.10812608948697958 1.084387072073693 -0.7003822512042863 1.0094238282268476e-05 0.7137680422826145 1.871396030738876 0.705208704547832 -0.15439167499264742 0.691985630946229 -1.9078887748498528 0.0 0.0 0.0 1.0"/>
        </transform>
    </shape>
    <shape name="temp17" type="ply">
        <string name="filename" value="meshes/Cube_013.ply"/>
        <boolean name="face_normals" value="true"/>
        <ref id="mat-Material" name="bsdf"/>
        <transform name="to_world">
            <matrix value="0.8586166974276054 0.3148995772000926 0.404494631698439 0.6630040362170975 -0.4438462165818303 0.06189444394616028 0.893962983327983 1.5456601309955174 0.2564727397801878 -0.9471047488334937 0.1929106222350611 -1.5407177054809607 0.0 0.0 0.0 1.0"/>
        </transform>
    </shape>
    <shape name="temp18" type="ply">
        <string name="filename" value="meshes/Cube_014.ply"/>
        <boolean name="face_normals" value="true"/>
        <ref id="mat-Material" name="bsdf"/>
        <transform name="to_world">
            <matrix value="0.9378651199322018 0.2940816356328336 0.1841888401546782 0.12228626348130989 -0.24382773342410913 0.1808359423723935 0.9528098185382163 1.0418075321339395 0.2468958932817046 -0.9385171341383288 0.24130502515009922 -0.7987502336788901 0.0 0.0 0.0 1.0"/>
        </transform>
    </shape>
    <shape name="temp19" type="ply">
        <string name="filename" value="meshes/Cube_015.ply"/>
        <boolean name="face_normals" value="true"/>
        <ref id="mat-Material" name="bsdf"/>
        <transform name="to_world">
            <matrix value="0.9835894380942757 0.1338614334314374 0.12096831309710505 0.04444799774366681 -0.14835428977690784 0.21847867123604833 0.9644988584469489 0.6320564004934665 0.10268019084192778 -0.9666167455462087 0.234752193866865 -0.32142986201274715 0.0 0.0 0.0 1.0"/>
        </transform>
    </shape>
    <shape name="temp20" type="ply">
        <string name="filename" value="meshes/Cube_016.ply"/>
        <boolean name="face_normals" value="true"/>
        <ref id="mat-Material" name="bsdf"/>
        <transform name="to_world">
            <matrix value="0.9848318431564446 0.061497216445602326 0.1622494150397546 0.08819488750507665 -0.17197275130445883 0.2216305850991713 0.9598465983421123 0.32778907491166875 0.023068452396782423 -0.9731896467211628 0.22884472183597854 0.005012173617823301 0.0 0.0 0.0 1.0"/>
        </transform>
    </shape>
    <shape name="temp21" type="ply">
        <string name="filename" value="meshes/Cube_017.ply"/>
        <boolean name="face_normals" value="true"/>
        <ref id="mat-Material" name="bsdf"/>
        <transform name="to_world">
            <matrix value="0.9581908312899914 0.0534301650108568 0.2810969783476061 0.17953719530954748 -0.2858645508105108 0.22105197289241443 0.9324256855819177 0.11790986065218874 -0.012317402358397735 -0.9737972521134781 0.22708388393745735 0.19139759138403917 0.0 0.0 0.0 1.0"/>
        </transform>
    </shape>
    <shape name="temp22" type="ply">
        <string name="filename" value="meshes/Cube_018.ply"/>
        <boolean name="face_normals" value="true"/>
        <ref id="mat-Material" name="bsdf"/>
        <transform name="to_world">
            <matrix value="0.20318415607763457 0.9753824910360996 0.08570491432796826 0.8641066429930512 -0.38094129359055506 -0.001887790114366645 0.9245974542114065 -0.1285589189566704 0.9019980426468945 -0.2205119487383793 0.37117991055746274 -0.18857437749030698 0.0 0.0 0.0 1.0"/>
        </transform>
    </shape>
    <shape name="temp23" type="ply">
        <string name="filename" value="meshes/Cube_019.ply"/>
        <boolean name="face_normals" value="true"/>
        <ref id="mat-Material" name="bsdf"/>
        <transform name="to_world">
            <matrix value="-0.06446012336288866 0.9874672262281953 -0.1440607327971572 0.46990470276554347 -0.9338342845289321 -0.00878929880293603 0.3575985260278351 0.0005774832372229116 0.35185075359867524 0.15757965304126004 0.9226970721492733 -0.05180804306213338 0.0 0.0 0.0 1.0"/>
        </transform>
    </shape>
    <shape name="temp24" type="ply">
        <string name="filename" value="meshes/Cube_020.ply"/>
        <boolean name="face_normals" value="true"/>
        <ref id="mat-Material" name="bsdf"/>
        <transform name="to_world">
            <matrix value="0.07408263744849798 0.9828711419836192 -0.16874912824176522 -0.005226567015837735 -0.9347604658778365 0.009480466747717766 -0.3551513623209956 0.21722359084649484 -0.3474680766133059 0.18405059604164992 0.919451600374126 0.09690980782348158 0.0 0.0 0.0 1.0"/>
        </transform>
    </shape>
    <shape name="temp25" type="ply">
        <string name="filename" value="meshes/Cube_021.ply"/>
        <boolean name="face_normals" value="true"/>
        <ref id="mat-Material" name="bsdf"/>
        <transform name="to_world">
            <matrix value="0.22058013180220096 0.9240979260486043 -0.312069494553688 -0.13337144887113037 -0.7607295395433198 -0.03724610625689631 -0.6479995517944532 0.16330091898543553 -0.6104384187281815 0.3803361540852233 0.694772968288512 0.21658431366525788 0.0 0.0 0.0 1.0"/>
        </transform>
    </shape>
    <shape name="temp26" type="ply">
        <string name="filename" value="meshes/Cube_022.ply"/>
        <boolean name="face_normals" value="true"/>
        <ref id="mat-Material" name="bsdf"/>
        <transform name="to_world">
            <matrix value="0.6299503392568085 0.39369200059237874 -0.6694543192027237 -0.07795069630626339 -0.7218723571743907 -0.021134363599576992 -0.6917038477122369 -0.20412873028902662 -0.2864667826185626 0.9189992970716884 0.27088186332473013 0.6689824893753511 0.0 0.0 0.0 1.0"/>
        </transform>
    </shape>
    <shape name="temp27" type="ply">
        <string name="filename" value="meshes/Cube_023.ply"/>
        <boolean name="face_normals" value="true"/>
        <ref id="mat-Material" name="bsdf"/>
        <transform name="to_world">
            <matrix value="0.8505718697863754 0.31582110161590077 -0.42045793557849004 -0.07623522569655983 -0.48030280465296876 0.14105222319329697 -0.8656867922619298 -0.2873672399146855 -0.2140955574821773 0.9382755937866978 0.27166480465944653 0.15355313121504321 0.0 0.0 0.0 1.0"/>
        </transform>
    </shape>
    <shape name="temp28" type="ply">
        <string name="filename" value="meshes/Cube_024.ply"/>
        <boolean name="face_normals" value="true"/>
        <ref id="mat-Material" name="bsdf"/>
        <transform name="to_world">
            <matrix value="0.8623824745978473 0.4222970111988787 -0.2792162170979069 -0.18227144251053684 -0.3821572371535405 0.18128556619102548 -0.9061411251755827 -0.5152544186909049 -0.3320429252500323 0.8881444986994783 0.3177214705113373 -0.3150432407703632 0.0 0.0 0.0 1.0"/>
        </transform>
    </shape>
    <shape name="temp29" type="ply">
        <string name="filename" value="meshes/Cube_025.ply"/>
        <boolean name="face_normals" value="true"/>
        <ref id="mat-Material" name="bsdf"/>
        <transform name="to_world">
            <matrix value="0.8956858448265774 0.3781683398585383 -0.23395778735861786 -0.27271035937443455 -0.32113174546608586 0.1861296600288263 -0.9285636950670442 -0.7927598060312647 -0.3076068610190647 0.9068321711724302 0.2881555065219108 -0.7198281811283699 0.0 0.0 0.0 1.0"/>
        </transform>
    </shape>
    <shape name="temp30" type="ply">
        <string name="filename" value="meshes/Cube_026.ply"/>
        <boolean name="face_normals" value="true"/>
        <ref id="mat-Material" name="bsdf"/>
        <transform name="to_world">
            <matrix value="0.9237842337334915 0.24291492064419104 -0.29599910358890663 -0.3132734720194761 -0.3464198079169969 0.2008268481069953 -0.9163307095027613 -1.1402705274882097 -0.16314591322755825 0.9490314398766851 0.26967128283708436 -0.8602461023530548 0.0 0.0 0.0 1.0"/>
        </transform>
    </shape>
    <shape name="temp31" type="ply">
        <string name="filename" value="meshes/Cube_027.ply"/>
        <boolean name="face_normals" value="true"/>
        <ref id="mat-Material" name="bsdf"/>
        <transform name="to_world">
            <matrix value="0.8756096782600833 0.18752389851967885 -0.4451319345979223 -0.5489648988324485 -0.4775143743118681 0.19732628597292995 -0.8561789720680006 -1.57615410746851 -0.07271779542468712 0.962235437181779 0.2623262435221769 -0.9994373987946367 0.0 0.0 0.0 1.0"/>
        </transform>
    </shape>
    <shape name="temp32" type="ply">
        <string name="filename" value="meshes/Cube_028.ply"/>
        <boolean name="face_normals" value="true"/>
        <ref id="mat-Material" name="bsdf"/>
        <transform name="to_world">
            <matrix value="-0.1102878496951387 0.9814162023932936 0.1570308935601657 -1.464261757670925 -0.8224362486193038 -0.001402805038556765 -0.5688560499002175 -2.108331020811444 -0.5580641529572166 -0.19188572513208588 0.8073068378294938 -1.244894399396427 0.0 0.0 0.0 1.0"/>
        </transform>
    </shape>
    <shape name="temp33" type="ply">
        <string name="filename" value="meshes/Cube_029.ply"/>
        <boolean name="face_normals" value="true"/>
        <ref id="mat-Material" name="bsdf"/>
        <transform name="to_world">
            <matrix value="0.006303288672350792 0.9805605905432155 0.1961154810101267 -1.5912553821630566 -0.9965542429706379 -0.010060933664008611 0.0823337514378746 -1.764746682358579 0.08270636866674823 -0.1959586210924382 0.9771181139813182 -0.042980521826736284 0.0 0.0 0.0 1.0"/>
        </transform>
    </shape>
    <shape name="temp34" type="ply">
        <string name="filename" value="meshes/Cube_030.ply"/>
        <boolean name="face_normals" value="true"/>
        <ref id="mat-Material" name="bsdf"/>
        <transform name="to_world">
            <matrix value="-0.04190054613660851 0.9814799314874919 -0.1869260047558215 -3.206966077924999 -0.9716184317820261 0.0035677652206963268 0.2365270095870145 -1.8832133901359254 0.2328133740363352 0.19153129931397095 0.9534746808182581 0.2940307452243107 0.0 0.0 0.0 1.0"/>
        </transform>
    </shape>
    <shape name="temp35" type="ply">
        <string name="filename" value="meshes/Cube_031.ply"/>
        <boolean name="face_normals" value="true"/>
        <ref id="mat-Material" name="bsdf"/>
        <transform name="to_world">
            <matrix value="0.13174812553299753 0.980625251604533 0.14497007471510814 -1.9264699238635568 -0.7357400443595785 -0.0012752579663470466 0.6772631661561316 -1.001906902902873 0.664326353171036 -0.19588834911967096 0.7213170907677695 0.6733001757865518 0.0 0.0 0.0 1.0"/>
        </transform>
    </shape>
    <shape name="temp36" type="ply">
        <string name="filename" value="meshes/Cube_032.ply"/>
        <boolean name="face_normals" value="true"/>
        <ref id="mat-Material" name="bsdf"/>
        <transform name="to_world">
            <matrix value="0.7593488432291362 0.6028442523616931 0.2448842868496587 -0.6183651255638365 -0.3032519719800648 -0.005101490750339471 0.9528968120198514 0.20196977131126032 0.5756976173126463 -0.7978426149767534 0.17893991823558306 -0.1386549540914559 0.0 0.0 0.0 1.0"/>
        </transform>
    </shape>
    <shape name="temp37" type="ply">
        <string name="filename" value="meshes/Cube_033.ply"/>
        <boolean name="face_normals" value="true"/>
        <ref id="mat-Material" name="bsdf"/>
        <transform name="to_world">
            <matrix value="0.9772293702251842 0.16581186134165446 0.1323984764793738 -0.13694899181582398 -0.15009033255500182 0.09910813623877036 0.9836922681233662 0.30047653496211296 0.14998608222656007 -0.9811646500063619 0.12173815813051007 -0.38038660166486526 0.0 0.0 0.0 1.0"/>
        </transform>
    </shape>
    <shape name="temp38" type="ply">
        <string name="filename" value="meshes/Cube_034.ply"/>
        <boolean name="face_normals" value="true"/>
        <ref id="mat-Material" name="bsdf"/>
        <transform name="to_world">
            <matrix value="0.9999250922384922 0.0020236075449029355 0.012092377621683314 -0.03551469134408336 -0.012258943277538133 0.18092995121218633 0.9834197043072648 0.36944026720166456 -0.00019781943063009393 -0.9834939083022717 0.18094117018525355 -0.356143735239819 0.0 0.0 0.0 1.0"/>
        </transform>
    </shape>
    <shape name="temp39" type="ply">
        <string name="filename" value="meshes/Cube_035.ply"/>
        <boolean name="face_normals" value="true"/>
        <ref id="mat-Material" name="bsdf"/>
        <transform name="to_world">
            <matrix value="0.9989295725204644 -0.04615965441791487 0.003124673478949705 0.009824228894854237 0.006565687458224517 0.20829263510511595 0.9780445472816665 0.09148192271812082 -0.045797054041739144 -0.9769766990736782 0.20837267345625574 -0.14520363025910688 0.0 0.0 0.0 1.0"/>
        </transform>
    </shape>
    <shape name="temp40" type="ply">
        <string name="filename" value="meshes/Cube_036.ply"/>
        <boolean name="face_normals" value="true"/>
        <ref id="mat-Material" name="bsdf"/>
        <transform name="to_world">
            <matrix value="0.9994574727805584 -0.03278192744194584 0.0031731345217084193 0.004121705206394655 0.0038051458529467564 0.21063465874603432 0.9775575729007739 -0.24682873991765528 -0.03271458635845447 -0.977015078542331 0.21064509448957758 0.22035384725484364 0.0 0.0 0.0 1.0"/>
        </transform>
    </shape>
    <shape name="temp41" type="ply">
        <string name="filename" value="meshes/Cube_037.ply"/>
        <boolean name="face_normals" value="true"/>
        <ref id="mat-Material" name="bsdf"/>
        <transform name="to_world">
            <matrix value="0.9988790430245361 -0.04722879377918874 0.003245353295185431 -0.004879150743028138 0.006783181478900833 0.21063486733010306 0.9775412616229675 -0.5695484875315144 -0.04685170213482688 -0.9764233255392419 0.21071910986756662 0.5120534665000509 0.0 0.0 0.0 1.0"/>
        </transform>
    </shape>
    <shape name="temp42" type="ply">
        <string name="filename" value="meshes/Cube_038.ply"/>
        <boolean name="face_normals" value="true"/>
        <ref id="mat-Material" name="bsdf"/>
        <transform name="to_world">
            <matrix value="0.999189311859184 -0.040134348998692185 0.003257385817509424 0.007048301022315684 0.005272690846360192 0.2106100458259199 0.9775559181334603 -0.9045077107409834 -0.039919618209766555 -0.976746005093623 0.2106508152565764 0.8611177151675404 0.0 0.0 0.0 1.0"/>
        </transform>
    </shape>
    <shape name="temp43" type="ply">
        <string name="filename" value="meshes/Cube_039.ply"/>
        <boolean name="face_normals" value="true"/>
        <ref id="mat-Material" name="bsdf"/>
        <transform name="to_world">
            <matrix value="0.9999621086984408 -0.00609455862555347 -0.006258737842205584 0.02123954391054861 0.00828064170375665 0.43300910817118254 0.9013514932017206 -1.3192691524212234 -0.002783241525848098 -0.9013690021334403 0.43304303263898536 1.473603355654979 0.0 0.0 0.0 1.0"/>
        </transform>
    </shape>
    <shape name="temp47" type="ply">
        <string name="filename" value="meshes/Plane_001.ply"/>
        <boolean name="face_normals" value="true"/>
        <ref id="mat-Material.002" name="bsdf"/>
    </shape>
    <shape name="temp49" type="ply">
        <string name="filename" value="meshes/Plane_002.ply"/>
        <boolean name="face_normals" value="true"/>
        <ref id="mat-Material.003" name="bsdf"/>
    </shape>
    <shape name="temp51" type="ply">
        <string name="filename" value="meshes/Plane_003.ply"/>
        <boolean name="face_normals" value="true"/>
        <ref id="mat-Material.004" name="bsdf"/>
    </shape>
    <shape name="temp53" type="ply">
        <string name="filename" value="meshes/Plane_004.ply"/>
        <boolean name="face_normals" value="true"/>
        <ref id="mat-Material.005" name="bsdf"/>
    </shape>
    <emitter type="point">
        <rgb name="intensity" value="100"/>
        <animation name="to_world">
            <transform time="0">
                <rotate angle="-142.5518126578256" x="1"/>
                <rotate angle="3.976628485794621e-06" y="1"/>
                <rotate angle="-179.999991348578" z="1"/>
                <translate value="-0.000000 3.030926 4.073377"/>
                <translate x="31.5" y="0.0" z="0.0"/>
            </transform>
            <transform time="0.0015">
                <rotate angle="-142.5518126578256" x="1"/>
                <rotate angle="3.976628485794621e-06" y="1"/>
                <rotate angle="-179.999991348578" z="1"/>
                <translate value="-0.000000 3.030926 4.073377"/>
                <translate x="31.65" y="0.0" z="0.0"/>
            </transform>
        </animation>
    </emitter>
</scene>
