
<scene version="2.1.0">
    <default name="spp" value="1024"/>
    <default name="resx" value="640"/>
    <default name="resy" value="360"/>
    <integrator name="temp0" type="path">
        <integer name="max_depth" value="12"/>
    </integrator>
    <sensor name="temp44" type="perspective">
        <string name="fov_axis" value="x"/>
        <float name="fov" value="83.974423"/>
        <float name="principal_point_offset_x" value="0.000000"/>
        <float name="principal_point_offset_y" value="-0.000000"/>
        <float name="near_clip" value="0.100000"/>
        <float name="far_clip" value="1000.000000"/>
        <sampler name="sampler" type="independent">
            <integer name="sample_count" value="$spp"/>
        </sampler>
        <film name="film" type="hdrfilm">
            <integer name="width" value="$resx"/>
            <integer name="height" value="$resy"/>
        </film>
        <float name="shutter_open" value="0.0"/>
        <float name="shutter_close" value="0.0015"/>
        <animation name="to_world">
            <transform time="0">
                <rotate angle="-142.5518126578256" x="1"/>
                <rotate angle="3.976628485794621e-06" y="1"/>
                <rotate angle="-179.999991348578" z="1"/>
                <translate value="-0.000000 3.030926 4.073377"/>
            </transform>
            <transform time="0.0015">
                <rotate angle="-142.5518126578256" x="1"/>
                <rotate angle="3.976628485794621e-06" y="1"/>
                <rotate angle="-179.999991348578" z="1"/>
                <translate value="-0.000000 3.030926 4.073377"/>
                <translate x="0.15" y="0.0" z="0.0"/>
            </transform>
        </animation>
    </sensor>
    <bsdf id="mat-Material" name="mat-Material" type="twosided">
        <bsdf name="bsdf" type="diffuse">
            <texture name="reflectance" type="bitmap">
                <string name="filename" value="textures/siggraph_2023_logo.jpg"/>
            </texture>
        </bsdf>
    </bsdf>
    <bsdf id="mat-Material.001" name="mat-Material.001" type="twosided">
        <bsdf name="bsdf" type="principled">
            <rgb name="base_color" value="0.433648 0.266232 0.084399"/>
            <float name="spec_tint" value="0.000000"/>
            <float name="spec_trans" value="0.000000"/>
            <float name="metallic" value="0.000000"/>
            <float name="anisotropic" value="0.000000"/>
            <float name="roughness" value="0.500000"/>
            <float name="sheen" value="0.000000"/>
            <float name="sheen_tint" value="0.500000"/>
            <float name="clearcoat" value="0.000000"/>
            <float name="clearcoat_gloss" value="0.173205"/>
            <float name="specular" value="0.500000"/>
        </bsdf>
    </bsdf>
    <bsdf id="mat-Material.002" name="mat-Material.002" type="twosided">
        <bsdf name="bsdf" type="principled">
            <rgb name="base_color" value="0.433648 0.266232 0.084399"/>
            <float name="spec_tint" value="0.000000"/>
            <float name="spec_trans" value="0.000000"/>
            <float name="metallic" value="0.000000"/>
            <float name="anisotropic" value="0.000000"/>
            <float name="roughness" value="0.500000"/>
            <float name="sheen" value="0.000000"/>
            <float name="sheen_tint" value="0.500000"/>
            <float name="clearcoat" value="0.000000"/>
            <float name="clearcoat_gloss" value="0.173205"/>
            <float name="specular" value="0.500000"/>
        </bsdf>
    </bsdf>
    <bsdf id="mat-Material.003" name="mat-Material.003" type="twosided">
        <bsdf name="bsdf" type="principled">
            <rgb name="base_color" value="0.433648 0.266232 0.084399"/>
            <float name="spec_tint" value="0.000000"/>
            <float name="spec_trans" value="0.000000"/>
            <float name="metallic" value="0.000000"/>
            <float name="anisotropic" value="0.000000"/>
            <float name="roughness" value="0.500000"/>
            <float name="sheen" value="0.000000"/>
            <float name="sheen_tint" value="0.500000"/>
            <float name="clearcoat" value="0.000000"/>
            <float name="clearcoat_gloss" value="0.173205"/>
            <float name="specular" value="0.500000"/>
        </bsdf>
    </bsdf>
    <bsdf id="mat-Material.004" name="mat-Material.004" type="twosided">
        <bsdf name="bsdf" type="principled">
            <rgb name="base_color" value="0.433648 0.266232 0.084399"/>
            <float name="spec_tint" value="0.000000"/>
            <float name="spec_trans" value="0.000000"/>
            <float name="metallic" value="0.000000"/>
            <float name="anisotropic" value="0.000000"/>
            <float name="roughness" value="0.500000"/>
            <float name="sheen" value="0.000000"/>
            <float name="sheen_tint" value="0.500000"/>
            <float name="clearcoat" value="0.000000"/>
            <float name="clearcoat_gloss" value="0.173205"/>
            <float name="specular" value="0.500000"/>
        </bsdf>
    </bsdf>
    <bsdf id="mat-Material.005" name="mat-Material.005" type="twosided">
        <bsdf name="bsdf" type="principled">
            <rgb name="base_color" value="0.433648 0.266232 0.084399"/>
            <float name="spec_tint" value="0.000000"/>
            <float name="spec_trans" value="0.000000"/>
            <float name="metallic" value="0.000000"/>
            <float name="anisotropic" value="0.000000"/>
            <float name="roughness" value="0.500000"/>
            <float name="sheen" value="0.000000"/>
            <float name="sheen_tint" value="0.500000"/>
            <float name="clearcoat" value="0.000000"/>
            <float name="clearcoat_gloss" value="0.173205"/>
            <float name="specular" value="0.500000"/>
        </bsdf>
    </bsdf>
    <emitter name="temp45" type="point">
        <point name="position" x="-6.815235034541981e-16" y="3.0693089962005615" z="4.109199523925781"/>
        <rgb name="intensity" value="7.957747 7.957747 7.957747"/>
    </emitter>
    <shape name="temp2" type="ply">
        <string name="filename" value="meshes/Cube.ply"/>
        <boolean name="face_normals" value="true"/>
        <ref id="mat-Material" name="bsdf"/>
        <transform name="to_world">
            <matrix value="1.0 0.00021685859877394287 0.0006864518526538449 -0.0014822447737770084 -0.0002168663911479415 1.0 1.1570960441132598e-05 -0.017278020817370898 -0.000686447634599053 -1.171981736378939e-05 0.9999997636046695 0.0016145613534814807 0.0 0.0 0.0 1.0"/>
            <scale value="1"/>
        </transform>
    </shape>
    <shape name="temp4" type="ply">
        <string name="filename" value="meshes/Plane.ply"/>
        <boolean name="face_normals" value="true"/>
        <ref id="mat-Material.001" name="bsdf"/>
        <transform name="to_world">
            <scale value="1"/>
        </transform>
    </shape>
    <shape name="temp5" type="ply">
        <string name="filename" value="meshes/Cube_001.ply"/>
        <boolean name="face_normals" value="true"/>
        <ref id="mat-Material" name="bsdf"/>
        <transform name="to_world">
            <matrix value="1.0 0.0002276340517663942 -0.000311956733981025 0.0009128427150399965 -0.00022885296271277794 0.9999922823894557 -0.003913926568991268 -0.013191545233977808 0.0003110622363823008 0.0039140049601291554 0.999992435349423 -0.0007152206528528993 0.0 0.0 0.0 1.0"/>
            <scale value="1"/>
        </transform>
    </shape>
    <shape name="temp6" type="ply">
        <string name="filename" value="meshes/Cube_002.ply"/>
        <boolean name="face_normals" value="true"/>
        <ref id="mat-Material" name="bsdf"/>
        <transform name="to_world">
            <matrix value="1.0 8.691197543714007e-05 -6.498720392075839e-05 -0.0006733836696581896 -8.666251792910622e-05 0.9999926995575932 0.0038279259477443394 -0.01990691708317971 6.531912479367124e-05 -0.0038279118857459907 0.9999926717447536 0.00020534552639550618 0.0 0.0 0.0 1.0"/>
            <scale value="1"/>
        </transform>
    </shape>
    <shape name="temp7" type="ply">
        <string name="filename" value="meshes/Cube_003.ply"/>
        <boolean name="face_normals" value="true"/>
        <ref id="mat-Material" name="bsdf"/>
        <transform name="to_world">
            <matrix value="1.0 0.0005065109517065306 0.0005581199195688527 -0.0008162957727688713 -0.0005088054295273099 0.9999912394691118 0.0041201342158128625 -0.017659966790167292 -0.0005560283461607335 -0.004120421840420672 0.9999914897681008 0.0014801055223941928 0.0 0.0 0.0 1.0"/>
            <scale value="1"/>
        </transform>
    </shape>
    <shape name="temp8" type="ply">
        <string name="filename" value="meshes/Cube_004.ply"/>
        <boolean name="face_normals" value="true"/>
        <ref id="mat-Material" name="bsdf"/>
        <transform name="to_world">
            <matrix value="1.0 -0.0003382962436095056 0.00029990293607728427 -0.0005745299445552021 0.00033885212941933636 0.9999981227433812 -0.0018562494178764985 -0.018675527523485003 -0.0002992746801128315 0.0018563502376815464 0.9999983452326863 0.001001828887602984 0.0 0.0 0.0 1.0"/>
            <scale value="1"/>
        </transform>
    </shape>
    <shape name="temp9" type="ply">
        <string name="filename" value="meshes/Cube_005.ply"/>
        <boolean name="face_normals" value="true"/>
        <ref id="mat-Material" name="bsdf"/>
        <transform name="to_world">
            <matrix value="1.0 -0.00011052264910110695 0.0005111788987854481 -0.0003926005241514652 0.00011092687052215587 0.9999995828318625 -0.0007906785538846609 -0.018305125755047724 -0.0005110925540798579 0.0007907359471698271 0.9999995272093389 0.0011157027405142017 0.0 0.0 0.0 1.0"/>
            <scale value="1"/>
        </transform>
    </shape>
    <shape name="temp10" type="ply">
        <string name="filename" value="meshes/Cube_006.ply"/>
        <boolean name="face_normals" value="true"/>
        <ref id="mat-Material" name="bsdf"/>
        <transform name="to_world">
            <matrix value="1.0 -0.0002319726003967269 -0.00037364409548291077 -0.0006751936596569585 0.0002326448911133687 0.99999833132745 0.0017989519176625608 -0.01716545423528376 0.00037322592712760205 -0.0017990396789474014 0.9999983452326863 -0.000900932038179314 0.0 0.0 0.0 1.0"/>
            <scale value="1"/>
        </transform>
    </shape>
    <shape name="temp11" type="ply">
        <string name="filename" value="meshes/Cube_007.ply"/>
        <boolean name="face_normals" value="true"/>
        <ref id="mat-Material" name="bsdf"/>
        <transform name="to_world">
            <matrix value="0.9999991135176153 -0.0014690075361424046 -2.875654637769071e-05 0.0004729521705435502 0.0014691052024105229 0.9999918652213181 0.0037691344290414503 -0.01741474914827118 2.3219455806193674e-05 -0.0037691704403001107 0.9999929081400841 -3.6589185872237806e-06 0.0 0.0 0.0 1.0"/>
            <scale value="1"/>
        </transform>
    </shape>
    <shape name="temp12" type="ply">
        <string name="filename" value="meshes/Cube_008.ply"/>
        <boolean name="face_normals" value="true"/>
        <ref id="mat-Material" name="bsdf"/>
        <transform name="to_world">
            <matrix value="1.0 0.0006531392945269627 0.00011868298487873629 0.00013420240666750516 -0.0006530183838716941 0.9999991656637249 -0.001023128446348425 -0.017531504086713834 -0.00011935111262404105 0.0010230506254393303 0.9999995272093389 0.00030844003876451254 0.0 0.0 0.0 1.0"/>
            <scale value="1"/>
        </transform>
    </shape>
    <shape name="temp13" type="ply">
        <string name="filename" value="meshes/Cube_009.ply"/>
        <boolean name="face_normals" value="true"/>
        <ref id="mat-Material" name="bsdf"/>
        <transform name="to_world">
            <matrix value="0.9999982270352306 -0.002044430492487845 0.0003765021150290223 0.0009389256984086991 0.0020440510826609365 0.9999972884071061 0.0010080937033266968 -0.020467296114489997 -0.00037856255108354743 -0.0010073213008136865 0.9999995272093389 0.00061790271875517 0.0 0.0 0.0 1.0"/>
            <scale value="1"/>
        </transform>
    </shape>
    <shape name="temp14" type="ply">
        <string name="filename" value="meshes/Cube_010.ply"/>
        <boolean name="face_normals" value="true"/>
        <ref id="mat-Material" name="bsdf"/>
        <transform name="to_world">
            <matrix value="0.9999977837940383 -0.0005096584853042094 0.002062539803063778 0.0037842223034623146 0.0005091112659500343 0.9999997914159312 0.0002654317689793537 -0.018225593940607465 -0.002062676077563663 -0.00026438239300158735 0.9999978724420252 0.0034593821215593845 0.0 0.0 0.0 1.0"/>
            <scale value="1"/>
        </transform>
    </shape>
    <shape name="temp15" type="ply">
        <string name="filename" value="meshes/Cube_011.ply"/>
        <boolean name="face_normals" value="true"/>
        <ref id="mat-Material" name="bsdf"/>
        <transform name="to_world">
            <matrix value="0.9999991135176153 -0.0013966768386164201 -0.0004149258120534197 -0.0007235616093714814 0.001396542186810206 0.9999989570796561 -0.0003300055174670146 -0.02029246601590523 0.0004153861428619552 0.00032942724900557547 1.0 -0.0006650079443450974 0.0 0.0 0.0 1.0"/>
            <scale value="1"/>
        </transform>
    </shape>
    <shape name="temp16" type="ply">
        <string name="filename" value="meshes/Cube_012.ply"/>
        <boolean name="face_normals" value="true"/>
        <ref id="mat-Material" name="bsdf"/>
        <transform name="to_world">
            <matrix value="0.9999995567588077 -0.0010074527087770091 -0.00014551905559119873 -0.0005344173485979375 0.0010072833392727654 0.9999987484955875 -0.0011666393236067687 -0.020497552001644048 0.00014669421853918342 0.0011664918036890179 0.9999992908140084 -0.0001207678427339598 0.0 0.0 0.0 1.0"/>
            <scale value="1"/>
        </transform>
    </shape>
    <shape name="temp17" type="ply">
        <string name="filename" value="meshes/Cube_013.ply"/>
        <boolean name="face_normals" value="true"/>
        <ref id="mat-Material" name="bsdf"/>
        <transform name="to_world">
            <matrix value="0.9999995567588077 0.0010578090746584958 0.00017846949152782775 -0.00031742453927674497 -0.0010582250495100413 0.9999966626548998 0.002337245360859836 -0.014009514278671031 -0.00017599645052453162 -0.0023374327055648144 0.9999973996513641 0.0002177573470034666 0.0 0.0 0.0 1.0"/>
            <scale value="1"/>
        </transform>
    </shape>
    <shape name="temp18" type="ply">
        <string name="filename" value="meshes/Cube_014.ply"/>
        <boolean name="face_normals" value="true"/>
        <ref id="mat-Material" name="bsdf"/>
        <transform name="to_world">
            <matrix value="1.0 0.0006513684157831393 -3.756392720725866e-05 -0.00019034571387099852 -0.000651245419102277 0.9999947853982809 0.0031315525830681373 -0.014534799525476594 3.9603467564496025e-05 -0.003131520598719711 0.9999952720933893 0.00011103429915981788 0.0 0.0 0.0 1.0"/>
            <scale value="1"/>
        </transform>
    </shape>
    <shape name="temp19" type="ply">
        <string name="filename" value="meshes/Cube_015.ply"/>
        <boolean name="face_normals" value="true"/>
        <ref id="mat-Material" name="bsdf"/>
        <transform name="to_world">
            <matrix value="1.0 -0.0002255294385125453 -5.4190319989447314e-05 0.0004073308179470825 0.0002255233348758127 1.0 -0.00012054908961794258 -0.018058286701913617 5.421726264877391e-05 0.00012053677024256243 1.0 -0.00015594993987322336 0.0 0.0 0.0 1.0"/>
            <scale value="1"/>
        </transform>
    </shape>
    <shape name="temp20" type="ply">
        <string name="filename" value="meshes/Cube_016.ply"/>
        <boolean name="face_normals" value="true"/>
        <ref id="mat-Material" name="bsdf"/>
        <transform name="to_world">
            <matrix value="1.0 -0.0006756997474046927 0.00035038515891203304 0.000621343137204855 0.0006766076801287881 0.999996454070831 -0.0026000886009698828 -0.01861638101810731 -0.00034862648419313263 0.0026003320658374756 0.9999966904653725 0.0003052656706477308 0.0 0.0 0.0 1.0"/>
            <scale value="1"/>
        </transform>
    </shape>
    <shape name="temp21" type="ply">
        <string name="filename" value="meshes/Cube_017.ply"/>
        <boolean name="face_normals" value="true"/>
        <ref id="mat-Material" name="bsdf"/>
        <transform name="to_world">
            <matrix value="1.0 0.0006724604368167568 0.0001796093898116449 0.0004150180376157886 -0.0006727692114030002 0.99999833132745 0.0017139134254108906 -0.017643561973844923 -0.0001784564391420978 -0.0017140333275625075 0.9999985816280168 7.630866553642868e-05 0.0 0.0 0.0 1.0"/>
            <scale value="1"/>
        </transform>
    </shape>
    <shape name="temp22" type="ply">
        <string name="filename" value="meshes/Cube_018.ply"/>
        <boolean name="face_normals" value="true"/>
        <ref id="mat-Material" name="bsdf"/>
        <transform name="to_world">
            <matrix value="0.9999982270352306 -0.0019437281899283097 -0.00018962238682691747 0.0007543149037483876 0.001943541709882683 0.9999977055752436 -0.0009907233744393294 -0.017783919463858877 0.00019154756775828106 0.0009903529868195728 0.9999995272093389 -0.00023485531952849303 0.0 0.0 0.0 1.0"/>
            <scale value="1"/>
        </transform>
    </shape>
    <shape name="temp23" type="ply">
        <string name="filename" value="meshes/Cube_019.ply"/>
        <boolean name="face_normals" value="true"/>
        <ref id="mat-Material" name="bsdf"/>
        <transform name="to_world">
            <matrix value="0.9999672001517659 0.005446184267338029 -0.00600448867453611 0.003326132274784732 -0.0054121522551225385 0.9999693381418915 0.005669611049306866 -0.01798343857586715 0.006035172075095695 -0.0056369239690210945 0.9999659590724036 -0.0009352757294828207 0.0 0.0 0.0 1.0"/>
            <scale value="1"/>
        </transform>
    </shape>
    <shape name="temp24" type="ply">
        <string name="filename" value="meshes/Cube_020.ply"/>
        <boolean name="face_normals" value="true"/>
        <ref id="mat-Material" name="bsdf"/>
        <transform name="to_world">
            <matrix value="0.9999591938102712 -0.003589734749561633 0.008259180865463457 -0.006608998419772971 0.0035207305769782834 0.9999588659291477 0.008354707404454894 -0.015239993481957093 -0.00828883275152585 -0.008325287052776218 0.999930972556872 -0.000740988236063056 0.0 0.0 0.0 1.0"/>
            <scale value="1"/>
        </transform>
    </shape>
    <shape name="temp25" type="ply">
        <string name="filename" value="meshes/Cube_021.ply"/>
        <boolean name="face_normals" value="true"/>
        <ref id="mat-Material" name="bsdf"/>
        <transform name="to_world">
            <matrix value="0.9994158081084772 0.021188699749490534 0.02682954620133979 -0.016426933803849464 -0.02149714020782693 0.9997054792949024 0.011260384255881871 -0.0187996446567798 -0.026583062512964807 -0.011830558817578631 0.9995766159630202 -0.013324394208644619 0.0 0.0 0.0 1.0"/>
            <scale value="1"/>
        </transform>
    </shape>
    <shape name="temp26" type="ply">
        <string name="filename" value="meshes/Cube_022.ply"/>
        <boolean name="face_normals" value="true"/>
        <ref id="mat-Material" name="bsdf"/>
        <transform name="to_world">
            <matrix value="0.9993222842168903 0.03305150149241901 0.016212086325901223 -0.00780516735797232 -0.033136441163277644 0.9994382831028132 0.0049986265431296185 -0.020934809500367357 -0.016037760603659044 -0.005532435865613456 0.9998560352437071 -0.011790029954296677 0.0 0.0 0.0 1.0"/>
            <scale value="1"/>
        </transform>
    </shape>
    <shape name="temp27" type="ply">
        <string name="filename" value="meshes/Cube_023.ply"/>
        <boolean name="face_normals" value="true"/>
        <ref id="mat-Material" name="bsdf"/>
        <transform name="to_world">
            <matrix value="0.9994490511979037 0.031651088913130995 0.010011413166558004 -0.0027938433183833933 -0.03171813140151092 0.999474993898916 0.00660937704629708 -0.02029391936330649 -0.009796964507018282 -0.006923274436145117 0.9999281358195188 -0.008913312467636963 0.0 0.0 0.0 1.0"/>
            <scale value="1"/>
        </transform>
    </shape>
    <shape name="temp28" type="ply">
        <string name="filename" value="meshes/Cube_024.ply"/>
        <boolean name="face_normals" value="true"/>
        <ref id="mat-Material" name="bsdf"/>
        <transform name="to_world">
            <matrix value="0.9995540993604916 0.028731141392882693 0.008181878784984735 -0.0010808543326810138 -0.028843437459554245 0.9994864660226982 0.013952714314824683 -0.016610619680292427 -0.007776795259801392 -0.01418249020176337 0.9998692733822168 -0.007582945989744794 0.0 0.0 0.0 1.0"/>
            <scale value="1"/>
        </transform>
    </shape>
    <shape name="temp29" type="ply">
        <string name="filename" value="meshes/Cube_025.ply"/>
        <boolean name="face_normals" value="true"/>
        <ref id="mat-Material" name="bsdf"/>
        <transform name="to_world">
            <matrix value="0.999504456346948 0.031186551333582245 0.004286178295977355 0.0010212622258742865 -0.031216989612199413 0.9994864660226982 0.007227007126373634 -0.02131532717055956 -0.004058586734323002 -0.007357227333690707 0.999964777095751 -0.0049923286449071735 0.0 0.0 0.0 1.0"/>
            <scale value="1"/>
        </transform>
    </shape>
    <shape name="temp30" type="ply">
        <string name="filename" value="meshes/Cube_026.ply"/>
        <boolean name="face_normals" value="true"/>
        <ref id="mat-Material" name="bsdf"/>
        <transform name="to_world">
            <matrix value="0.9995673965962623 0.026953921693368903 0.011789058773079869 0.008054020340004575 -0.027161430215220193 0.999472282306022 0.01781026059748447 -0.008661486012137731 -0.011302778944979585 -0.018122753810309474 0.9997721149013687 -0.014783994063658712 0.0 0.0 0.0 1.0"/>
            <scale value="1"/>
        </transform>
    </shape>
    <shape name="temp31" type="ply">
        <string name="filename" value="meshes/Cube_027.ply"/>
        <boolean name="face_normals" value="true"/>
        <ref id="mat-Material" name="bsdf"/>
        <transform name="to_world">
            <matrix value="0.9996950500596602 0.01769972446044516 0.017234354293246518 0.018736281859065063 -0.018192453552755453 0.9994176332800054 0.02886531186926771 0.017780186494505745 -0.016713410882812346 -0.029170043990380104 0.999434778764702 -0.025391619699419943 0.0 0.0 0.0 1.0"/>
            <scale value="1"/>
        </transform>
    </shape>
    <shape name="temp32" type="ply">
        <string name="filename" value="meshes/Cube_028.ply"/>
        <boolean name="face_normals" value="true"/>
        <ref id="mat-Material" name="bsdf"/>
        <transform name="to_world">
            <matrix value="0.9987336599134439 0.034286757206058116 0.03681883276496016 0.048383086384405694 -0.03481766387070123 0.9992972802723274 0.013875956751001488 -0.027871038360933464 -0.03631721087820264 -0.015140335361465763 0.9992258052925131 -0.06248246143346314 0.0 0.0 0.0 1.0"/>
            <scale value="1"/>
        </transform>
    </shape>
    <shape name="temp33" type="ply">
        <string name="filename" value="meshes/Cube_029.ply"/>
        <boolean name="face_normals" value="true"/>
        <ref id="mat-Material" name="bsdf"/>
        <transform name="to_world">
            <matrix value="0.9885705826139529 0.11627650321323758 0.09596009835936914 0.22365717715767652 -0.11876031643875204 0.9927097782125598 0.020572138162669302 -0.1889252424262059 -0.09286851515973527 -0.03173325017781792 0.9951725709552404 -0.23743834570944622 0.0 0.0 0.0 1.0"/>
            <scale value="1"/>
        </transform>
    </shape>
    <shape name="temp34" type="ply">
        <string name="filename" value="meshes/Cube_030.ply"/>
        <boolean name="face_normals" value="true"/>
        <ref id="mat-Material" name="bsdf"/>
        <transform name="to_world">
            <matrix value="0.8957272591534333 0.438354943132101 -0.07428099530246385 -0.31916410601747924 -0.42866583951101156 0.8958115524116663 0.11733371394577012 -0.7937579803375786 0.11797552561577532 -0.07325725658062757 0.9903107327864176 0.18979404644664766 0.0 0.0 0.0 1.0"/>
            <scale value="1"/>
        </transform>
    </shape>
    <shape name="temp35" type="ply">
        <string name="filename" value="meshes/Cube_031.ply"/>
        <boolean name="face_normals" value="true"/>
        <ref id="mat-Material" name="bsdf"/>
        <transform name="to_world">
            <matrix value="0.7933622858480178 0.605000594464596 -0.06745935536884527 -0.5116175369715195 -0.512506493483468 0.7236179741063737 0.4622923444317789 -0.7123503467204451 0.32850196001255255 -0.332191822253 0.884158014203577 0.02782164819233124 0.0 0.0 0.0 1.0"/>
            <scale value="1"/>
        </transform>
    </shape>
    <shape name="temp36" type="ply">
        <string name="filename" value="meshes/Cube_032.ply"/>
        <boolean name="face_normals" value="true"/>
        <ref id="mat-Material" name="bsdf"/>
        <transform name="to_world">
            <matrix value="0.9118153918163492 0.3814097362871619 0.1520501621435572 -0.10015068559701668 -0.35840159247695585 0.5586223439426145 0.7479902850974965 -0.20461604624796487 0.20035224377556393 -0.7365241133612697 0.6460582733401384 -0.5298322507105446 0.0 0.0 0.0 1.0"/>
            <scale value="1"/>
        </transform>
    </shape>
    <shape name="temp37" type="ply">
        <string name="filename" value="meshes/Cube_033.ply"/>
        <boolean name="face_normals" value="true"/>
        <ref id="mat-Material" name="bsdf"/>
        <transform name="to_world">
            <matrix value="0.9519854545970318 0.28214708097024965 0.11881600453122569 -0.18359988553591178 -0.15254376120292112 0.10067358053326603 0.9831558871183929 0.2928880744622038 0.2654329491318678 -0.9540741683231718 0.13887956177979208 0.008055171454489862 0.0 0.0 0.0 1.0"/>
            <scale value="1"/>
        </transform>
    </shape>
    <shape name="temp38" type="ply">
        <string name="filename" value="meshes/Cube_034.ply"/>
        <boolean name="face_normals" value="true"/>
        <ref id="mat-Material" name="bsdf"/>
        <transform name="to_world">
            <matrix value="0.9994951482819086 0.03104600738804772 0.00679714585733731 -0.028108741219356137 -0.012283379164472622 0.180110382689191 0.9835698153421516 0.36918731142741745 0.029311677455157288 -0.9831562106949395 0.18040074682012822 -0.2315192925476801 0.0 0.0 0.0 1.0"/>
            <scale value="1"/>
        </transform>
    </shape>
    <shape name="temp39" type="ply">
        <string name="filename" value="meshes/Cube_035.ply"/>
        <boolean name="face_normals" value="true"/>
        <ref id="mat-Material" name="bsdf"/>
        <transform name="to_world">
            <matrix value="0.9999304111328003 -0.010530216531121786 -0.005307311565736104 0.006893572695251482 0.007635153104372663 0.23516310231257156 0.9719259269415503 0.09451516260705047 -0.008986511284034276 -0.9718989285036388 0.23522708844636733 -0.04355603256609053 0.0 0.0 0.0 1.0"/>
            <scale value="1"/>
        </transform>
    </shape>
    <shape name="temp40" type="ply">
        <string name="filename" value="meshes/Cube_036.ply"/>
        <boolean name="face_normals" value="true"/>
        <ref id="mat-Material" name="bsdf"/>
        <transform name="to_world">
            <matrix value="0.9999357300271087 -0.010135842460624543 -0.0051264691378804135 0.01082979363390102 0.007366686346575607 0.23517144567532222 0.9719259269415503 -0.22367287410940187 -0.008645689833997309 -0.9719010143443265 0.23523101260885412 0.18903499762797582 0.0 0.0 0.0 1.0"/>
            <scale value="1"/>
        </transform>
    </shape>
    <shape name="temp41" type="ply">
        <string name="filename" value="meshes/Cube_037.ply"/>
        <boolean name="face_normals" value="true"/>
        <ref id="mat-Material" name="bsdf"/>
        <transform name="to_world">
            <matrix value="0.9999428218861862 -0.009412623090673582 -0.005120062824423042 0.0028456488837242944 0.007089762546828432 0.22292046898042023 0.9748111319506728 -0.5669553144494084 -0.008034163258141897 -0.9747911552011481 0.22297434023245227 0.5772010928579012 0.0 0.0 0.0 1.0"/>
            <scale value="1"/>
        </transform>
    </shape>
    <shape name="temp42" type="ply">
        <string name="filename" value="meshes/Cube_038.ply"/>
        <boolean name="face_normals" value="true"/>
        <ref id="mat-Material" name="bsdf"/>
        <transform name="to_world">
            <matrix value="0.9999100220379521 -0.012427351211769149 -0.005105122639533525 -0.00010997260741207882 0.007745644268802735 0.22275527039795756 0.974843754506286 -0.8934224262112815 -0.01097753742285387 -0.9747951182984547 0.22283151017374583 0.8662641923459986 0.0 0.0 0.0 1.0"/>
            <scale value="1"/>
        </transform>
    </shape>
    <shape name="temp43" type="ply">
        <string name="filename" value="meshes/Cube_039.ply"/>
        <boolean name="face_normals" value="true"/>
        <ref id="mat-Material" name="bsdf"/>
        <transform name="to_world">
            <matrix value="0.9999233086149724 0.004766368544054711 -0.011454272244138147 0.018871026638688004 0.008261324459871303 0.4329859376221017 0.901362802211945 -1.3193260195918959 0.009255762655339153 -0.9013880679151026 0.4329131858195409 1.445627711497625 0.0 0.0 0.0 1.0"/>
            <scale value="1"/>
        </transform>
    </shape>
    <shape name="temp47" type="ply">
        <string name="filename" value="meshes/Plane_001.ply"/>
        <boolean name="face_normals" value="true"/>
        <ref id="mat-Material.002" name="bsdf"/>
        <transform name="to_world">
            <scale value="1"/>
        </transform>
    </shape>
    <shape name="temp49" type="ply">
        <string name="filename" value="meshes/Plane_002.ply"/>
        <boolean name="face_normals" value="true"/>
        <ref id="mat-Material.003" name="bsdf"/>
        <transform name="to_world">
            <scale value="1"/>
        </transform>
    </shape>
    <shape name="temp51" type="ply">
        <string name="filename" value="meshes/Plane_003.ply"/>
        <boolean name="face_normals" value="true"/>
        <ref id="mat-Material.004" name="bsdf"/>
        <transform name="to_world">
            <scale value="1"/>
        </transform>
    </shape>
    <shape name="temp53" type="ply">
        <string name="filename" value="meshes/Plane_004.ply"/>
        <boolean name="face_normals" value="true"/>
        <ref id="mat-Material.005" name="bsdf"/>
        <transform name="to_world">
            <scale value="1"/>
        </transform>
    </shape>
    <emitter type="point">
        <transform name="to_world">
            <rotate angle="-142.5518126578256" x="1"/>
            <rotate angle="3.976628485794621e-06" y="1"/>
            <rotate angle="-179.999991348578" z="1"/>
            <translate value="-0.000000 3.030926 4.073377"/>
        </transform>
        <rgb name="intensity" value="100"/>
    </emitter>
</scene>
