
<scene version="2.1.0">
    <default name="spp" value="1024"/>
    <default name="resx" value="640"/>
    <default name="resy" value="360"/>
    <integrator name="temp0" type="path">
        <integer name="max_depth" value="12"/>
    </integrator>
    <sensor name="temp44" type="perspective">
        <string name="fov_axis" value="x"/>
        <float name="fov" value="83.974423"/>
        <float name="principal_point_offset_x" value="0.000000"/>
        <float name="principal_point_offset_y" value="-0.000000"/>
        <float name="near_clip" value="0.100000"/>
        <float name="far_clip" value="1000.000000"/>
        <sampler name="sampler" type="independent">
            <integer name="sample_count" value="$spp"/>
        </sampler>
        <film name="film" type="hdrfilm">
            <integer name="width" value="$resx"/>
            <integer name="height" value="$resy"/>
        </film>
        <float name="shutter_open" value="0.0"/>
        <float name="shutter_close" value="0.0015"/>
        <animation name="to_world">
            <transform time="0">
                <rotate angle="-142.5518126578256" x="1"/>
                <rotate angle="3.976628485794621e-06" y="1"/>
                <rotate angle="-179.999991348578" z="1"/>
                <translate value="-0.000000 3.030926 4.073377"/>
            </transform>
            <transform time="0.0015">
                <rotate angle="-142.5518126578256" x="1"/>
                <rotate angle="3.976628485794621e-06" y="1"/>
                <rotate angle="-179.999991348578" z="1"/>
                <translate value="-0.000000 3.030926 4.073377"/>
                <translate x="0.15" y="0.0" z="0.0"/>
            </transform>
        </animation>
    </sensor>
    <bsdf id="mat-Material" name="mat-Material" type="twosided">
        <bsdf name="bsdf" type="diffuse">
            <texture name="reflectance" type="bitmap">
                <string name="filename" value="textures/siggraph_2023_logo.jpg"/>
            </texture>
        </bsdf>
    </bsdf>
    <bsdf id="mat-Material.001" name="mat-Material.001" type="twosided">
        <bsdf name="bsdf" type="principled">
            <rgb name="base_color" value="0.433648 0.266232 0.084399"/>
            <float name="spec_tint" value="0.000000"/>
            <float name="spec_trans" value="0.000000"/>
            <float name="metallic" value="0.000000"/>
            <float name="anisotropic" value="0.000000"/>
            <float name="roughness" value="0.500000"/>
            <float name="sheen" value="0.000000"/>
            <float name="sheen_tint" value="0.500000"/>
            <float name="clearcoat" value="0.000000"/>
            <float name="clearcoat_gloss" value="0.173205"/>
            <float name="specular" value="0.500000"/>
        </bsdf>
    </bsdf>
    <bsdf id="mat-Material.002" name="mat-Material.002" type="twosided">
        <bsdf name="bsdf" type="principled">
            <rgb name="base_color" value="0.433648 0.266232 0.084399"/>
            <float name="spec_tint" value="0.000000"/>
            <float name="spec_trans" value="0.000000"/>
            <float name="metallic" value="0.000000"/>
            <float name="anisotropic" value="0.000000"/>
            <float name="roughness" value="0.500000"/>
            <float name="sheen" value="0.000000"/>
            <float name="sheen_tint" value="0.500000"/>
            <float name="clearcoat" value="0.000000"/>
            <float name="clearcoat_gloss" value="0.173205"/>
            <float name="specular" value="0.500000"/>
        </bsdf>
    </bsdf>
    <bsdf id="mat-Material.003" name="mat-Material.003" type="twosided">
        <bsdf name="bsdf" type="principled">
            <rgb name="base_color" value="0.433648 0.266232 0.084399"/>
            <float name="spec_tint" value="0.000000"/>
            <float name="spec_trans" value="0.000000"/>
            <float name="metallic" value="0.000000"/>
            <float name="anisotropic" value="0.000000"/>
            <float name="roughness" value="0.500000"/>
            <float name="sheen" value="0.000000"/>
            <float name="sheen_tint" value="0.500000"/>
            <float name="clearcoat" value="0.000000"/>
            <float name="clearcoat_gloss" value="0.173205"/>
            <float name="specular" value="0.500000"/>
        </bsdf>
    </bsdf>
    <bsdf id="mat-Material.004" name="mat-Material.004" type="twosided">
        <bsdf name="bsdf" type="principled">
            <rgb name="base_color" value="0.433648 0.266232 0.084399"/>
            <float name="spec_tint" value="0.000000"/>
            <float name="spec_trans" value="0.000000"/>
            <float name="metallic" value="0.000000"/>
            <float name="anisotropic" value="0.000000"/>
            <float name="roughness" value="0.500000"/>
            <float name="sheen" value="0.000000"/>
            <float name="sheen_tint" value="0.500000"/>
            <float name="clearcoat" value="0.000000"/>
            <float name="clearcoat_gloss" value="0.173205"/>
            <float name="specular" value="0.500000"/>
        </bsdf>
    </bsdf>
    <bsdf id="mat-Material.005" name="mat-Material.005" type="twosided">
        <bsdf name="bsdf" type="principled">
            <rgb name="base_color" value="0.433648 0.266232 0.084399"/>
            <float name="spec_tint" value="0.000000"/>
            <float name="spec_trans" value="0.000000"/>
            <float name="metallic" value="0.000000"/>
            <float name="anisotropic" value="0.000000"/>
            <float name="roughness" value="0.500000"/>
            <float name="sheen" value="0.000000"/>
            <float name="sheen_tint" value="0.500000"/>
            <float name="clearcoat" value="0.000000"/>
            <float name="clearcoat_gloss" value="0.173205"/>
            <float name="specular" value="0.500000"/>
        </bsdf>
    </bsdf>
    <emitter name="temp45" type="point">
        <point name="position" x="-6.815235034541981e-16" y="3.0693089962005615" z="4.109199523925781"/>
        <rgb name="intensity" value="7.957747 7.957747 7.957747"/>
    </emitter>
    <shape name="temp2" type="ply">
        <string name="filename" value="meshes/Cube.ply"/>
        <boolean name="face_normals" value="true"/>
        <ref id="mat-Material" name="bsdf"/>
        <transform name="to_world">
            <matrix value="1.0 0.00010161715228514277 0.0007816647999315399 -0.001480984597761914 -0.00010077088508174253 0.9999993742477937 -0.001082347840599574 -0.016138203892115177 -0.000781775517838685 0.0010822676425619963 0.9999992908140084 0.0017786977080767041 0.0 0.0 0.0 1.0"/>
            <scale value="1"/>
        </transform>
    </shape>
    <shape name="temp4" type="ply">
        <string name="filename" value="meshes/Plane.ply"/>
        <boolean name="face_normals" value="true"/>
        <ref id="mat-Material.001" name="bsdf"/>
        <transform name="to_world">
            <scale value="1"/>
        </transform>
    </shape>
    <shape name="temp5" type="ply">
        <string name="filename" value="meshes/Cube_001.ply"/>
        <boolean name="face_normals" value="true"/>
        <ref id="mat-Material" name="bsdf"/>
        <transform name="to_world">
            <matrix value="1.0 0.00010295939076765195 -0.0005684645792328593 0.001192820820834939 -0.00010393163802442082 0.9999985399115188 -0.0017103722233595465 -0.01576158985417575 0.0005682883975412524 0.0017104310806949187 0.9999985816280168 -0.001072370188798355 0.0 0.0 0.0 1.0"/>
            <scale value="1"/>
        </transform>
    </shape>
    <shape name="temp6" type="ply">
        <string name="filename" value="meshes/Cube_002.ply"/>
        <boolean name="face_normals" value="true"/>
        <ref id="mat-Material" name="bsdf"/>
        <transform name="to_world">
            <matrix value="1.0 -4.8421122891475793e-05 0.00013936521234683355 -0.0008129191327368446 4.8538013251138686e-05 0.9999995828318625 -0.0008381703757882012 -0.017304327869124614 -0.0001393248904751014 0.0008381763077699652 0.9999997636046695 6.061655047395753e-05 0.0 0.0 0.0 1.0"/>
            <scale value="1"/>
        </transform>
    </shape>
    <shape name="temp7" type="ply">
        <string name="filename" value="meshes/Cube_003.ply"/>
        <boolean name="face_normals" value="true"/>
        <ref id="mat-Material" name="bsdf"/>
        <transform name="to_world">
            <matrix value="1.0 0.0005262430046117938 0.0005756037182148749 -0.0008134538122734902 -0.0005286892294163222 0.9999906137169057 0.004259205588763846 -0.017649442578523022 -0.0005733590767817853 -0.004259516126677277 0.9999907805821093 0.0014909417602102515 0.0 0.0 0.0 1.0"/>
            <scale value="1"/>
        </transform>
    </shape>
    <shape name="temp8" type="ply">
        <string name="filename" value="meshes/Cube_004.ply"/>
        <boolean name="face_normals" value="true"/>
        <ref id="mat-Material" name="bsdf"/>
        <transform name="to_world">
            <matrix value="1.0 -6.337013451586595e-05 0.0003656752088907338 -0.0004951290962993404 6.36494352220727e-05 0.9999995828318625 -0.0007638949629355762 -0.01796348961328209 -0.0003656270001258805 0.000763918293448583 0.9999997636046695 0.0011846661491399582 0.0 0.0 0.0 1.0"/>
            <scale value="1"/>
        </transform>
    </shape>
    <shape name="temp9" type="ply">
        <string name="filename" value="meshes/Cube_005.ply"/>
        <boolean name="face_normals" value="true"/>
        <ref id="mat-Material" name="bsdf"/>
        <transform name="to_world">
            <matrix value="1.0 -0.0004552222150376599 0.0005347947923054266 -0.0004389783477583009 0.00045696393966955485 0.9999945768142122 -0.00326367393330153 -0.019991689472321217 -0.0005333033702287302 0.0032639130788468637 0.9999945629073977 0.0011579232122105876 0.0 0.0 0.0 1.0"/>
            <scale value="1"/>
        </transform>
    </shape>
    <shape name="temp10" type="ply">
        <string name="filename" value="meshes/Cube_006.ply"/>
        <boolean name="face_normals" value="true"/>
        <ref id="mat-Material" name="bsdf"/>
        <transform name="to_world">
            <matrix value="1.0 -3.035732536820303e-05 -0.0005103302395488442 -0.0007509731359554017 3.0940008191097233e-05 0.9999993742477937 0.0011416216057767454 -0.017097802588248 0.0005102947199336202 -0.0011416390118955495 0.9999992908140084 -0.0011795891746706477 0.0 0.0 0.0 1.0"/>
            <scale value="1"/>
        </transform>
    </shape>
    <shape name="temp11" type="ply">
        <string name="filename" value="meshes/Cube_007.ply"/>
        <boolean name="face_normals" value="true"/>
        <ref id="mat-Material" name="bsdf"/>
        <transform name="to_world">
            <matrix value="1.0 -0.0007073315214330561 -2.925723168775392e-05 0.0004842212198790108 0.000707390780937792 0.9999972884071061 0.002182238578677803 -0.017217906617774725 2.7713566903712057e-05 -0.0021822586734470397 0.9999976360466947 7.375394307373995e-05 0.0 0.0 0.0 1.0"/>
            <scale value="1"/>
        </transform>
    </shape>
    <shape name="temp12" type="ply">
        <string name="filename" value="meshes/Cube_008.ply"/>
        <boolean name="face_normals" value="true"/>
        <ref id="mat-Material" name="bsdf"/>
        <transform name="to_world">
            <matrix value="0.9999986702764229 -0.0016708251377176315 0.00012953731287536626 0.0002598683061356688 0.0016705760539832313 0.9999966626548998 0.0019038121583791977 -0.019057458894380597 -0.00013271793726186867 -0.001903592443416357 0.9999983452326863 0.0003991980409339124 0.0 0.0 0.0 1.0"/>
            <scale value="1"/>
        </transform>
    </shape>
    <shape name="temp13" type="ply">
        <string name="filename" value="meshes/Cube_009.ply"/>
        <boolean name="face_normals" value="true"/>
        <ref id="mat-Material" name="bsdf"/>
        <transform name="to_world">
            <matrix value="0.9999991135176153 -0.0013644902309651395 0.0004126209575807491 0.000918280608180666 0.0013642077418279622 0.9999987484955875 0.0006856481085300418 -0.019584716729460883 -0.0004135573297023015 -0.000685083944658475 0.9999997636046695 0.0006517982141569512 0.0 0.0 0.0 1.0"/>
            <scale value="1"/>
        </transform>
    </shape>
    <shape name="temp14" type="ply">
        <string name="filename" value="meshes/Cube_010.ply"/>
        <boolean name="face_normals" value="true"/>
        <ref id="mat-Material" name="bsdf"/>
        <transform name="to_world">
            <matrix value="0.9999968973116535 0.0004121329181119805 0.002490708481533506 0.0047131439583936174 -0.0004128521329652658 0.9999997914159312 0.00028815645210323286 -0.016577004947000207 -0.0024905811246624717 -0.00028918303877786426 0.9999969268607032 0.004184740457797931 0.0 0.0 0.0 1.0"/>
            <scale value="1"/>
        </transform>
    </shape>
    <shape name="temp15" type="ply">
        <string name="filename" value="meshes/Cube_011.ply"/>
        <boolean name="face_normals" value="true"/>
        <ref id="mat-Material" name="bsdf"/>
        <transform name="to_world">
            <matrix value="0.9999995567588077 0.0009411605200418003 -0.00046861591952346483 -0.0009904005167680197 -0.0009408858086580962 0.9999993742477937 0.0005878064451768498 -0.015521761157519132 0.00046916636969506777 -0.0005873643942822935 0.9999997636046695 -0.0006920031223056622 0.0 0.0 0.0 1.0"/>
            <scale value="1"/>
        </transform>
    </shape>
    <shape name="temp16" type="ply">
        <string name="filename" value="meshes/Cube_012.ply"/>
        <boolean name="face_normals" value="true"/>
        <ref id="mat-Material" name="bsdf"/>
        <transform name="to_world">
            <matrix value="0.9999986702764229 -0.0016274834540687452 -0.0001527047644533287 -0.0004653289643368197 0.0016271916060755958 0.9999968712389685 -0.001908528245223278 -0.022251915351507223 0.0001558103601423336 0.001908277241600841 0.9999983452326863 -0.0002415508561841584 0.0 0.0 0.0 1.0"/>
            <scale value="1"/>
        </transform>
    </shape>
    <shape name="temp17" type="ply">
        <string name="filename" value="meshes/Cube_013.ply"/>
        <boolean name="face_normals" value="true"/>
        <ref id="mat-Material" name="bsdf"/>
        <transform name="to_world">
            <matrix value="0.9999986702764229 -0.0015992828879715826 0.00020496775331296235 -0.00020207779898739897 0.001600118434046597 0.9999901965487681 -0.004139140400387499 -0.023889126610100897 -0.00019834600116661082 0.004139467651739696 0.9999914897681008 -8.835741941348729e-05 0.0 0.0 0.0 1.0"/>
            <scale value="1"/>
        </transform>
    </shape>
    <shape name="temp18" type="ply">
        <string name="filename" value="meshes/Cube_014.ply"/>
        <boolean name="face_normals" value="true"/>
        <ref id="mat-Material" name="bsdf"/>
        <transform name="to_world">
            <matrix value="1.0 -7.399478122659948e-06 -4.726866471151969e-05 -0.0002510382124550903 7.3989365757313035e-06 1.0 -1.1326953180959207e-05 -0.01779007268519428 4.726857047623607e-05 1.132661553575861e-05 1.0 9.42060933540878e-05 0.0 0.0 0.0 1.0"/>
            <scale value="1"/>
        </transform>
    </shape>
    <shape name="temp19" type="ply">
        <string name="filename" value="meshes/Cube_015.ply"/>
        <boolean name="face_normals" value="true"/>
        <ref id="mat-Material" name="bsdf"/>
        <transform name="to_world">
            <matrix value="1.0 -0.00021859818990745125 -6.466925220119512e-05 0.0003440400906816743 0.000218584837250699 1.0 -0.00019118968786833345 -0.01808444480274668 6.471099787776117e-05 0.000191175433802717 1.0 -0.00020930863768753305 0.0 0.0 0.0 1.0"/>
            <scale value="1"/>
        </transform>
    </shape>
    <shape name="temp20" type="ply">
        <string name="filename" value="meshes/Cube_016.ply"/>
        <boolean name="face_normals" value="true"/>
        <ref id="mat-Material" name="bsdf"/>
        <transform name="to_world">
            <matrix value="1.0 0.0002648433637935602 0.00035955256982999863 0.0006083012801029186 -0.00026569915979199576 0.9999970798230373 0.002379082606457091 -0.01712122785666892 -0.00035892253385032984 -0.0023791724635655776 0.9999971632560337 0.00043145127001842365 0.0 0.0 0.0 1.0"/>
            <scale value="1"/>
        </transform>
    </shape>
    <shape name="temp21" type="ply">
        <string name="filename" value="meshes/Cube_017.ply"/>
        <boolean name="face_normals" value="true"/>
        <ref id="mat-Material" name="bsdf"/>
        <transform name="to_world">
            <matrix value="1.0 -0.00023493449417320405 0.00023530152933595134 0.00043933125633666137 0.0002349231508420696 1.0 5.042950667604053e-05 -0.017960778799005483 -0.00023531364633253373 -5.0374095527331816e-05 1.0 2.4648435812818503e-05 0.0 0.0 0.0 1.0"/>
            <scale value="1"/>
        </transform>
    </shape>
    <shape name="temp22" type="ply">
        <string name="filename" value="meshes/Cube_018.ply"/>
        <boolean name="face_normals" value="true"/>
        <ref id="mat-Material" name="bsdf"/>
        <transform name="to_world">
            <matrix value="0.9999884757289988 0.004796359373663759 -0.0001154164742014684 0.00046950053242850176 -0.004795555000026594 0.9999693381418915 0.006186938590639407 -0.01789384179424336 0.00014508791245809155 -0.0061863093760624755 0.9999810883735576 1.800550256653155e-05 0.0 0.0 0.0 1.0"/>
            <scale value="1"/>
        </transform>
    </shape>
    <shape name="temp23" type="ply">
        <string name="filename" value="meshes/Cube_019.ply"/>
        <boolean name="face_normals" value="true"/>
        <ref id="mat-Material" name="bsdf"/>
        <transform name="to_world">
            <matrix value="0.9999729622872664 0.004356199014231691 -0.005987420931671821 0.0034647719721899173 -0.0043247264758601986 0.999976847168367 0.005260103418229201 -0.017871116168614143 0.006010208731142303 -0.005234058441084387 0.9999683230257089 -0.0009574944837155153 0.0 0.0 0.0 1.0"/>
            <scale value="1"/>
        </transform>
    </shape>
    <shape name="temp24" type="ply">
        <string name="filename" value="meshes/Cube_020.ply"/>
        <boolean name="face_normals" value="true"/>
        <ref id="mat-Material" name="bsdf"/>
        <transform name="to_world">
            <matrix value="0.9999558005659749 -0.0036020125594339158 0.008668357543075756 -0.006684175624687205 0.0035260002852404034 0.9999554033171475 0.00876868290728387 -0.015573184641905824 -0.008699552050993424 -0.008737735538843364 0.9999241170919589 -0.0007772589263461693 0.0 0.0 0.0 1.0"/>
            <scale value="1"/>
        </transform>
    </shape>
    <shape name="temp25" type="ply">
        <string name="filename" value="meshes/Cube_021.ply"/>
        <boolean name="face_normals" value="true"/>
        <ref id="mat-Material" name="bsdf"/>
        <transform name="to_world">
            <matrix value="0.9987957136803735 0.04097821756569877 0.026979255364164643 -0.01703753428567384 -0.04104740553200467 0.999155025937429 0.0020157524392452183 -0.02254084698562453 -0.026873864194444593 -0.003120751403249323 0.999634060028339 -0.013608027500308095 0.0 0.0 0.0 1.0"/>
            <scale value="1"/>
        </transform>
    </shape>
    <shape name="temp26" type="ply">
        <string name="filename" value="meshes/Cube_022.ply"/>
        <boolean name="face_normals" value="true"/>
        <ref id="mat-Material" name="bsdf"/>
        <transform name="to_world">
            <matrix value="0.9992908140922332 0.034005106138003394 0.01617556324733429 -0.007636220825095852 -0.034074530120011985 0.9994111671738736 0.004034960978222789 -0.021214755888752046 -0.01602883372604503 -0.0045832698890124176 0.9998612359409786 -0.011623968730109069 0.0 0.0 0.0 1.0"/>
            <scale value="1"/>
        </transform>
    </shape>
    <shape name="temp27" type="ply">
        <string name="filename" value="meshes/Cube_023.ply"/>
        <boolean name="face_normals" value="true"/>
        <ref id="mat-Material" name="bsdf"/>
        <transform name="to_world">
            <matrix value="0.9994685538103673 0.0310376431668902 0.009982809331563836 -0.0027608118970658957 -0.031121923241263273 0.9994802085006351 0.00840141912844824 -0.019982536912257154 -0.009716857526324094 -0.008707625624970017 0.9999148976810092 -0.008799056644818032 0.0 0.0 0.0 1.0"/>
            <scale value="1"/>
        </transform>
    </shape>
    <shape name="temp28" type="ply">
        <string name="filename" value="meshes/Cube_024.ply"/>
        <boolean name="face_normals" value="true"/>
        <ref id="mat-Material" name="bsdf"/>
        <transform name="to_world">
            <matrix value="0.9994610187100972 0.03178347722157677 0.008224619060744617 -0.001294940415408563 -0.03183275800626566 0.9994756196511223 0.005930236901216538 -0.021255709692778124 -0.008031818512234343 -0.006188856187542108 0.9999487022132749 -0.007874410593027736 0.0 0.0 0.0 1.0"/>
            <scale value="1"/>
        </transform>
    </shape>
    <shape name="temp29" type="ply">
        <string name="filename" value="meshes/Cube_025.ply"/>
        <boolean name="face_normals" value="true"/>
        <ref id="mat-Material" name="bsdf"/>
        <transform name="to_world">
            <matrix value="0.9995244022006039 0.030544925879651165 0.004315514956496167 0.001074354800718158 -0.03058408551363676 0.9994887604474546 0.009317711069116793 -0.019612434135553525 -0.004028694548310631 -0.00944526441159477 0.9999472838412916 -0.005017532192890084 0.0 0.0 0.0 1.0"/>
            <scale value="1"/>
        </transform>
    </shape>
    <shape name="temp30" type="ply">
        <string name="filename" value="meshes/Cube_026.ply"/>
        <boolean name="face_normals" value="true"/>
        <ref id="mat-Material" name="bsdf"/>
        <transform name="to_world">
            <matrix value="0.9994286621030554 0.031650254576855934 0.011881938498445228 0.008064620537332257 -0.03173570591478777 0.9994712393856783 0.007073870231256096 -0.023367940371104068 -0.011651764897779717 -0.007446910139897335 0.9999044962864657 -0.015037439259984797 0.0 0.0 0.0 1.0"/>
            <scale value="1"/>
        </transform>
    </shape>
    <shape name="temp31" type="ply">
        <string name="filename" value="meshes/Cube_027.ply"/>
        <boolean name="face_normals" value="true"/>
        <ref id="mat-Material" name="bsdf"/>
        <transform name="to_world">
            <matrix value="0.9968738198703254 0.07576659859873223 0.022414036020029303 0.07330721593513934 -0.07559988262973226 0.9971044359573904 -0.008195589714155493 -0.100101780328681 -0.022970097176199012 0.006475456955548649 0.9997153800220414 0.007691223078610143 0.0 0.0 0.0 1.0"/>
            <scale value="1"/>
        </transform>
    </shape>
    <shape name="temp32" type="ply">
        <string name="filename" value="meshes/Cube_028.ply"/>
        <boolean name="face_normals" value="true"/>
        <ref id="mat-Material" name="bsdf"/>
        <transform name="to_world">
            <matrix value="0.913688085854046 0.4032685123575632 0.050482033718484365 -0.04092772695375646 -0.39975010061575067 0.9141467972959162 -0.06734683119151284 -0.7106396951833618 -0.07330686296932594 0.041353794039918824 0.99645170608874 -0.11694394161860289 0.0 0.0 0.0 1.0"/>
            <scale value="1"/>
        </transform>
    </shape>
    <shape name="temp33" type="ply">
        <string name="filename" value="meshes/Cube_029.ply"/>
        <boolean name="face_normals" value="true"/>
        <ref id="mat-Material" name="bsdf"/>
        <transform name="to_world">
            <matrix value="0.8399097029042936 0.5241632128621281 0.1407300880667164 0.0017466951124380792 -0.5156827598678787 0.8515930608252004 -0.09412931108254405 -1.1451003773326884 -0.1691838777221658 0.006488028317373176 0.9855631007691832 -0.41176891844787256 0.0 0.0 0.0 1.0"/>
            <scale value="1"/>
        </transform>
    </shape>
    <shape name="temp34" type="ply">
        <string name="filename" value="meshes/Cube_030.ply"/>
        <boolean name="face_normals" value="true"/>
        <ref id="mat-Material" name="bsdf"/>
        <transform name="to_world">
            <matrix value="0.4815071999895449 0.8653050527632465 -0.1392766036340772 -1.560439293661958 -0.8311741727709819 0.5012455773417354 0.2406275467564583 -1.5404181086125133 0.27802800477893574 -0.00010080783824956623 0.9605729498886653 0.4986318522401674 0.0 0.0 0.0 1.0"/>
            <scale value="1"/>
        </transform>
    </shape>
    <shape name="temp35" type="ply">
        <string name="filename" value="meshes/Cube_031.ply"/>
        <boolean name="face_normals" value="true"/>
        <ref id="mat-Material" name="bsdf"/>
        <transform name="to_world">
            <matrix value="0.011907120581106934 0.9998771439834969 0.010199583849660134 -2.452919943538916 -0.6176964932529826 -0.0006662091722758399 0.7864163460751992 -0.5154590674008188 0.7863262751605863 -0.015664196336012248 0.6176128232174255 0.8440742581396239 0.0 0.0 0.0 1.0"/>
            <scale value="1"/>
        </transform>
    </shape>
    <shape name="temp36" type="ply">
        <string name="filename" value="meshes/Cube_032.ply"/>
        <boolean name="face_normals" value="true"/>
        <ref id="mat-Material" name="bsdf"/>
        <transform name="to_world">
            <matrix value="0.7857208076918304 0.5406401027902291 0.3005849366058642 -0.3548930488343527 -0.2658866064922424 -0.14357221076168644 0.9532530597829606 0.4421108513396177 0.5585224643501109 -0.8289120463557235 0.03094131202245188 -0.20030032685153154 0.0 0.0 0.0 1.0"/>
            <scale value="1"/>
        </transform>
    </shape>
    <shape name="temp37" type="ply">
        <string name="filename" value="meshes/Cube_033.ply"/>
        <boolean name="face_normals" value="true"/>
        <ref id="mat-Material" name="bsdf"/>
        <transform name="to_world">
            <matrix value="0.9706831410553042 0.22729823141568095 0.07816704734194727 -0.15852284770489478 -0.1455363838965156 0.29697135932151775 0.9437305830785385 0.285732558647479 0.19129496460275838 -0.9274392342461668 0.32134517453303646 -0.09103743272043263 0.0 0.0 0.0 1.0"/>
            <scale value="1"/>
        </transform>
    </shape>
    <shape name="temp38" type="ply">
        <string name="filename" value="meshes/Cube_034.ply"/>
        <boolean name="face_normals" value="true"/>
        <ref id="mat-Material" name="bsdf"/>
        <transform name="to_world">
            <matrix value="0.9999162274146451 0.01248027941921852 0.0034795265096087607 -0.029076647718464965 -0.006374131912124774 0.24004980987562133 0.9707396951729491 0.38235151396460537 0.011279845645687174 -0.9706803803739079 0.2401093375682769 -0.27277376321945646 0.0 0.0 0.0 1.0"/>
            <scale value="1"/>
        </transform>
    </shape>
    <shape name="temp39" type="ply">
        <string name="filename" value="meshes/Cube_035.ply"/>
        <boolean name="face_normals" value="true"/>
        <ref id="mat-Material" name="bsdf"/>
        <transform name="to_world">
            <matrix value="0.9997305093550486 -0.02312340042092265 -0.0021869759411016305 0.005037704925067388 0.007526301932354302 0.23343352321436395 0.9723436374905973 0.09392599200350298 -0.02197338957177582 -0.9720977091211728 0.23354456832085085 -0.06950823098020392 0.0 0.0 0.0 1.0"/>
            <scale value="1"/>
        </transform>
    </shape>
    <shape name="temp40" type="ply">
        <string name="filename" value="meshes/Cube_036.ply"/>
        <boolean name="face_normals" value="true"/>
        <ref id="mat-Material" name="bsdf"/>
        <transform name="to_world">
            <matrix value="0.9998333413116748 -0.018154398099381967 -0.0019100529951051983 0.007219361818236347 0.006094207369505361 0.23332589383488067 0.972379569580838 -0.23115077721431876 -0.017207301246216937 -0.9722289085004265 0.23339774318105852 0.19390230573666659 0.0 0.0 0.0 1.0"/>
            <scale value="1"/>
        </transform>
    </shape>
    <shape name="temp41" type="ply">
        <string name="filename" value="meshes/Cube_037.ply"/>
        <boolean name="face_normals" value="true"/>
        <ref id="mat-Material" name="bsdf"/>
        <transform name="to_world">
            <matrix value="0.9997743902330917 -0.021100301821147506 -0.002443051182898594 0.0006782139225625095 0.007111060286121055 0.22410126339370454 0.9745399865065545 -0.5667190579017554 -0.020015597657558948 -0.974337484851582 0.22420068828864434 0.5462476743094021 0.0 0.0 0.0 1.0"/>
            <scale value="1"/>
        </transform>
    </shape>
    <shape name="temp42" type="ply">
        <string name="filename" value="meshes/Cube_038.ply"/>
        <boolean name="face_normals" value="true"/>
        <ref id="mat-Material" name="bsdf"/>
        <transform name="to_world">
            <matrix value="0.9996609204878489 -0.02592852241131527 -0.0024745626804582857 0.0018657791753060593 0.008220634827765338 0.22393147596172902 0.9745702451088624 -0.8928992581673825 -0.024715026940199673 -0.9742598915780011 0.22406861421747706 0.8328881353957257 0.0 0.0 0.0 1.0"/>
            <scale value="1"/>
        </transform>
    </shape>
    <shape name="temp43" type="ply">
        <string name="filename" value="meshes/Cube_039.ply"/>
        <boolean name="face_normals" value="true"/>
        <ref id="mat-Material" name="bsdf"/>
        <transform name="to_world">
            <matrix value="0.9998898617350236 0.007538829889530553 -0.012787533945949215 0.019634379684212888 0.008262890873411408 0.43298781327084845 0.9013618867263469 -1.319321403489262 0.01233206915785881 -0.9013683447053769 0.4328778099974624 1.4592659149077132 0.0 0.0 0.0 1.0"/>
            <scale value="1"/>
        </transform>
    </shape>
    <shape name="temp47" type="ply">
        <string name="filename" value="meshes/Plane_001.ply"/>
        <boolean name="face_normals" value="true"/>
        <ref id="mat-Material.002" name="bsdf"/>
        <transform name="to_world">
            <scale value="1"/>
        </transform>
    </shape>
    <shape name="temp49" type="ply">
        <string name="filename" value="meshes/Plane_002.ply"/>
        <boolean name="face_normals" value="true"/>
        <ref id="mat-Material.003" name="bsdf"/>
        <transform name="to_world">
            <scale value="1"/>
        </transform>
    </shape>
    <shape name="temp51" type="ply">
        <string name="filename" value="meshes/Plane_003.ply"/>
        <boolean name="face_normals" value="true"/>
        <ref id="mat-Material.004" name="bsdf"/>
        <transform name="to_world">
            <scale value="1"/>
        </transform>
    </shape>
    <shape name="temp53" type="ply">
        <string name="filename" value="meshes/Plane_004.ply"/>
        <boolean name="face_normals" value="true"/>
        <ref id="mat-Material.005" name="bsdf"/>
        <transform name="to_world">
            <scale value="1"/>
        </transform>
    </shape>
    <emitter type="point">
        <transform name="to_world">
            <rotate angle="-142.5518126578256" x="1"/>
            <rotate angle="3.976628485794621e-06" y="1"/>
            <rotate angle="-179.999991348578" z="1"/>
            <translate value="-0.000000 3.030926 4.073377"/>
        </transform>
        <rgb name="intensity" value="100"/>
    </emitter>
</scene>
