
<scene version="2.1.0">
    <default name="spp" value="1024"/>
    <default name="resx" value="640"/>
    <default name="resy" value="360"/>
    <integrator name="temp0" type="path">
        <integer name="max_depth" value="12"/>
    </integrator>
    <sensor name="temp44" type="perspective">
        <string name="fov_axis" value="x"/>
        <float name="fov" value="83.974423"/>
        <float name="principal_point_offset_x" value="0.000000"/>
        <float name="principal_point_offset_y" value="-0.000000"/>
        <float name="near_clip" value="0.100000"/>
        <float name="far_clip" value="1000.000000"/>
        <sampler name="sampler" type="independent">
            <integer name="sample_count" value="$spp"/>
        </sampler>
        <film name="film" type="hdrfilm">
            <integer name="width" value="$resx"/>
            <integer name="height" value="$resy"/>
        </film>
        <float name="shutter_open" value="0.0"/>
        <float name="shutter_close" value="0.0015"/>
        <animation name="to_world">
            <transform time="0">
                <rotate angle="-142.5518126578256" x="1"/>
                <rotate angle="3.976628485794621e-06" y="1"/>
                <rotate angle="-179.999991348578" z="1"/>
                <translate value="-0.000000 3.030926 4.073377"/>
                <translate x="10.65" y="0.0" z="0.0"/>
            </transform>
            <transform time="0.0015">
                <rotate angle="-142.5518126578256" x="1"/>
                <rotate angle="3.976628485794621e-06" y="1"/>
                <rotate angle="-179.999991348578" z="1"/>
                <translate value="-0.000000 3.030926 4.073377"/>
                <translate x="10.799999999999999" y="0.0" z="0.0"/>
            </transform>
        </animation>
    </sensor>
    <bsdf id="mat-Material" name="mat-Material" type="twosided">
        <bsdf name="bsdf" type="diffuse">
            <texture name="reflectance" type="bitmap">
                <string name="filename" value="textures/siggraph_2023_logo.jpg"/>
            </texture>
        </bsdf>
    </bsdf>
    <bsdf id="mat-Material.001" name="mat-Material.001" type="twosided">
        <bsdf name="bsdf" type="principled">
            <rgb name="base_color" value="0.433648 0.266232 0.084399"/>
            <float name="spec_tint" value="0.000000"/>
            <float name="spec_trans" value="0.000000"/>
            <float name="metallic" value="0.000000"/>
            <float name="anisotropic" value="0.000000"/>
            <float name="roughness" value="0.500000"/>
            <float name="sheen" value="0.000000"/>
            <float name="sheen_tint" value="0.500000"/>
            <float name="clearcoat" value="0.000000"/>
            <float name="clearcoat_gloss" value="0.173205"/>
            <float name="specular" value="0.500000"/>
        </bsdf>
    </bsdf>
    <bsdf id="mat-Material.002" name="mat-Material.002" type="twosided">
        <bsdf name="bsdf" type="principled">
            <rgb name="base_color" value="0.433648 0.266232 0.084399"/>
            <float name="spec_tint" value="0.000000"/>
            <float name="spec_trans" value="0.000000"/>
            <float name="metallic" value="0.000000"/>
            <float name="anisotropic" value="0.000000"/>
            <float name="roughness" value="0.500000"/>
            <float name="sheen" value="0.000000"/>
            <float name="sheen_tint" value="0.500000"/>
            <float name="clearcoat" value="0.000000"/>
            <float name="clearcoat_gloss" value="0.173205"/>
            <float name="specular" value="0.500000"/>
        </bsdf>
    </bsdf>
    <bsdf id="mat-Material.003" name="mat-Material.003" type="twosided">
        <bsdf name="bsdf" type="principled">
            <rgb name="base_color" value="0.433648 0.266232 0.084399"/>
            <float name="spec_tint" value="0.000000"/>
            <float name="spec_trans" value="0.000000"/>
            <float name="metallic" value="0.000000"/>
            <float name="anisotropic" value="0.000000"/>
            <float name="roughness" value="0.500000"/>
            <float name="sheen" value="0.000000"/>
            <float name="sheen_tint" value="0.500000"/>
            <float name="clearcoat" value="0.000000"/>
            <float name="clearcoat_gloss" value="0.173205"/>
            <float name="specular" value="0.500000"/>
        </bsdf>
    </bsdf>
    <bsdf id="mat-Material.004" name="mat-Material.004" type="twosided">
        <bsdf name="bsdf" type="principled">
            <rgb name="base_color" value="0.433648 0.266232 0.084399"/>
            <float name="spec_tint" value="0.000000"/>
            <float name="spec_trans" value="0.000000"/>
            <float name="metallic" value="0.000000"/>
            <float name="anisotropic" value="0.000000"/>
            <float name="roughness" value="0.500000"/>
            <float name="sheen" value="0.000000"/>
            <float name="sheen_tint" value="0.500000"/>
            <float name="clearcoat" value="0.000000"/>
            <float name="clearcoat_gloss" value="0.173205"/>
            <float name="specular" value="0.500000"/>
        </bsdf>
    </bsdf>
    <bsdf id="mat-Material.005" name="mat-Material.005" type="twosided">
        <bsdf name="bsdf" type="principled">
            <rgb name="base_color" value="0.433648 0.266232 0.084399"/>
            <float name="spec_tint" value="0.000000"/>
            <float name="spec_trans" value="0.000000"/>
            <float name="metallic" value="0.000000"/>
            <float name="anisotropic" value="0.000000"/>
            <float name="roughness" value="0.500000"/>
            <float name="sheen" value="0.000000"/>
            <float name="sheen_tint" value="0.500000"/>
            <float name="clearcoat" value="0.000000"/>
            <float name="clearcoat_gloss" value="0.173205"/>
            <float name="specular" value="0.500000"/>
        </bsdf>
    </bsdf>
    <emitter name="temp45" type="point">
        <point name="position" x="-6.815235034541981e-16" y="3.0693089962005615" z="4.109199523925781"/>
        <rgb name="intensity" value="7.957747 7.957747 7.957747"/>
    </emitter>
    <shape name="temp2" type="ply">
        <string name="filename" value="meshes/Cube.ply"/>
        <boolean name="face_normals" value="true"/>
        <ref id="mat-Material" name="bsdf"/>
        <transform name="to_world">
            <matrix value="0.9999995567588077 0.000241068951635612 0.001187416109207078 -0.0019797144969362357 -0.00024014320236442582 0.9999995828318625 -0.0007802984349210746 -0.01618807377746745 -0.001187602721146328 0.0007800126401945672 0.999999054418678 0.002666974296426927 0.0 0.0 0.0 1.0"/>
            <scale value="1"/>
        </transform>
    </shape>
    <shape name="temp4" type="ply">
        <string name="filename" value="meshes/Plane.ply"/>
        <boolean name="face_normals" value="true"/>
        <ref id="mat-Material.001" name="bsdf"/>
        <transform name="to_world">
            <scale value="1"/>
        </transform>
    </shape>
    <shape name="temp5" type="ply">
        <string name="filename" value="meshes/Cube_001.ply"/>
        <boolean name="face_normals" value="true"/>
        <ref id="mat-Material" name="bsdf"/>
        <transform name="to_world">
            <matrix value="0.9999991135176153 -5.7059632099419516e-05 -0.0014186438378120004 0.0020966067984478087 5.7639971136133554e-05 1.0 0.00040896628577075046 -0.018344356256626004 0.001418620030601372 -0.0004090479597349314 0.999999054418678 -0.002871238120761177 0.0 0.0 0.0 1.0"/>
            <scale value="1"/>
        </transform>
    </shape>
    <shape name="temp6" type="ply">
        <string name="filename" value="meshes/Cube_002.ply"/>
        <boolean name="face_normals" value="true"/>
        <ref id="mat-Material" name="bsdf"/>
        <transform name="to_world">
            <matrix value="1.0 9.301180794413286e-05 0.0003051887356679421 -0.0009062785715276966 -9.412448340239031e-05 0.9999933253097996 0.00364802910121077 -0.01977638271646409 -0.000304847994865494 -0.003648054014930448 0.9999933809307451 0.0009411101119585208 0.0 0.0 0.0 1.0"/>
            <scale value="1"/>
        </transform>
    </shape>
    <shape name="temp7" type="ply">
        <string name="filename" value="meshes/Cube_003.ply"/>
        <boolean name="face_normals" value="true"/>
        <ref id="mat-Material" name="bsdf"/>
        <transform name="to_world">
            <matrix value="0.9999995567588077 -0.00044087997446931 0.0011518977107948982 -0.0013447748876713739 0.0004457322078552977 0.999991030885043 -0.004214124999231715 -0.01736754784940725 -0.001150029165270457 0.004214645521804336 0.9999905441867787 0.0032716382167473634 0.0 0.0 0.0 1.0"/>
            <scale value="1"/>
        </transform>
    </shape>
    <shape name="temp8" type="ply">
        <string name="filename" value="meshes/Cube_004.ply"/>
        <boolean name="face_normals" value="true"/>
        <ref id="mat-Material" name="bsdf"/>
        <transform name="to_world">
            <matrix value="1.0 -0.0003835673298944773 0.0007882484098868091 -0.000540944526968179 0.0003852421958523262 0.9999977055752436 -0.002124494291289163 -0.018791509328784317 -0.0007874312754531255 0.002124797934183383 0.9999976360466947 0.0024159357647839212 0.0 0.0 0.0 1.0"/>
            <scale value="1"/>
        </transform>
    </shape>
    <shape name="temp9" type="ply">
        <string name="filename" value="meshes/Cube_005.ply"/>
        <boolean name="face_normals" value="true"/>
        <ref id="mat-Material" name="bsdf"/>
        <transform name="to_world">
            <matrix value="0.9999995567588077 0.0005298494231607578 0.000778319806004536 -0.0005792484140680898 -0.0005338795837787907 0.9999864420355303 0.00518812104008272 -0.014366726756628811 -0.0007755612763218783 -0.0051885287105541454 0.9999862890708293 0.002164784689735688 0.0 0.0 0.0 1.0"/>
            <scale value="1"/>
        </transform>
    </shape>
    <shape name="temp10" type="ply">
        <string name="filename" value="meshes/Cube_006.ply"/>
        <boolean name="face_normals" value="true"/>
        <ref id="mat-Material" name="bsdf"/>
        <transform name="to_world">
            <matrix value="0.9999995567588077 0.00023957548970324747 -0.0010472289502959906 -0.0010306812130247422 -0.0002403692553725265 0.9999995828318625 -0.000758654078457719 -0.017737136744768178 0.0010470465066388665 0.0007589060182761361 0.9999992908140084 -0.002312407187501586 0.0 0.0 0.0 1.0"/>
            <scale value="1"/>
        </transform>
    </shape>
    <shape name="temp11" type="ply">
        <string name="filename" value="meshes/Cube_007.ply"/>
        <boolean name="face_normals" value="true"/>
        <ref id="mat-Material" name="bsdf"/>
        <transform name="to_world">
            <matrix value="0.9999982270352306 0.0018804625560308957 -6.46550684813633e-05 0.00045059202898878326 -0.0018808230811645542 0.999979558761261 -0.00610157623678491 -0.019129518669687928 5.318007825866492e-05 0.0061016868193641115 0.9999815611642185 -0.00023208205639324575 0.0 0.0 0.0 1.0"/>
            <scale value="1"/>
        </transform>
    </shape>
    <shape name="temp12" type="ply">
        <string name="filename" value="meshes/Cube_008.ply"/>
        <boolean name="face_normals" value="true"/>
        <ref id="mat-Material" name="bsdf"/>
        <transform name="to_world">
            <matrix value="0.9999977837940383 -0.0022729635415906202 0.00011373192107610936 0.00026957628159252067 0.0022726615924414965 0.9999941596460746 0.0025832336139030715 -0.01957647824143749 -0.00011960287362129828 -0.002582957012909268 0.9999966904653725 0.00022387451307714912 0.0 0.0 0.0 1.0"/>
            <scale value="1"/>
        </transform>
    </shape>
    <shape name="temp13" type="ply">
        <string name="filename" value="meshes/Cube_009.ply"/>
        <boolean name="face_normals" value="true"/>
        <ref id="mat-Material" name="bsdf"/>
        <transform name="to_world">
            <matrix value="0.9999995567588077 -0.0009602188464049494 0.0007759298492128745 0.0014037614615349803 0.0009598299372193175 0.9999993742477937 0.0005000588624373021 -0.019021193284292637 -0.0007764078669992749 -0.0004993148013341037 0.9999995272093389 0.001307572637286869 0.0 0.0 0.0 1.0"/>
            <scale value="1"/>
        </transform>
    </shape>
    <shape name="temp14" type="ply">
        <string name="filename" value="meshes/Cube_010.ply"/>
        <boolean name="face_normals" value="true"/>
        <ref id="mat-Material" name="bsdf"/>
        <transform name="to_world">
            <matrix value="0.9999884757289988 0.00033018858085657137 0.004837357648641838 0.00982833086840107 -0.000331483687837639 0.9999997914159312 0.0002667768584100712 -0.01678052516293449 -0.004837268428639055 -0.0002683767779184561 0.9999884166288039 0.00804213258103581 0.0 0.0 0.0 1.0"/>
            <scale value="1"/>
        </transform>
    </shape>
    <shape name="temp15" type="ply">
        <string name="filename" value="meshes/Cube_011.ply"/>
        <boolean name="face_normals" value="true"/>
        <ref id="mat-Material" name="bsdf"/>
        <transform name="to_world">
            <matrix value="0.9999986702764229 -0.001496313276584561 -0.0007543776869284257 -0.001593910199279236 0.0014960188076102738 0.9999987484955875 -0.00039415848226633145 -0.020504322730051705 0.0007549638581131754 0.0003930287032537029 0.9999997636046695 -0.001138065416603995 0.0 0.0 0.0 1.0"/>
            <scale value="1"/>
        </transform>
    </shape>
    <shape name="temp16" type="ply">
        <string name="filename" value="meshes/Cube_012.ply"/>
        <boolean name="face_normals" value="true"/>
        <ref id="mat-Material" name="bsdf"/>
        <transform name="to_world">
            <matrix value="0.9999946811056918 0.0032850489025349223 -0.00018944934544496927 -0.0004979413546155609 -0.003284470424288199 0.9999901965487681 0.002986665884986107 -0.00966376531265134 0.0001992590780228606 -0.0029860352965961163 0.9999955084887199 -0.00023200216532504037 0.0 0.0 0.0 1.0"/>
            <scale value="1"/>
        </transform>
    </shape>
    <shape name="temp17" type="ply">
        <string name="filename" value="meshes/Cube_013.ply"/>
        <boolean name="face_normals" value="true"/>
        <ref id="mat-Material" name="bsdf"/>
        <transform name="to_world">
            <matrix value="0.9999968973116535 0.0026063079994076213 0.00029867368035852663 -0.0002328244836815596 -0.0026079336627501874 0.9999810188497423 0.005578386091255217 -0.008683772230932196 -0.0002841286853288938 -0.005579156611176352 0.999984397908185 0.0001369621963924761 0.0 0.0 0.0 1.0"/>
            <scale value="1"/>
        </transform>
    </shape>
    <shape name="temp18" type="ply">
        <string name="filename" value="meshes/Cube_014.ply"/>
        <boolean name="face_normals" value="true"/>
        <ref id="mat-Material" name="bsdf"/>
        <transform name="to_world">
            <matrix value="1.0 0.0005764345890789553 -6.509310902883598e-05 -0.0004027322142337031 -0.0005762623065917057 0.999996454070831 0.0026180310065571336 -0.01503059090244091 6.660186480434448e-05 -0.0026179887072585173 0.9999966904653725 0.00023212129712446572 0.0 0.0 0.0 1.0"/>
            <scale value="1"/>
        </transform>
    </shape>
    <shape name="temp19" type="ply">
        <string name="filename" value="meshes/Cube_015.ply"/>
        <boolean name="face_normals" value="true"/>
        <ref id="mat-Material" name="bsdf"/>
        <transform name="to_world">
            <matrix value="1.0 -0.00017935914630712337 -9.394161319010297e-05 1.9961707843019205e-05 0.0001792666840417214 0.9999993742477937 -0.0009829790634111562 -0.018422563379788093 9.4117834784505e-05 0.0009829628532631936 0.9999995272093389 -0.00025388708881479705 0.0 0.0 0.0 1.0"/>
            <scale value="1"/>
        </transform>
    </shape>
    <shape name="temp20" type="ply">
        <string name="filename" value="meshes/Cube_016.ply"/>
        <boolean name="face_normals" value="true"/>
        <ref id="mat-Material" name="bsdf"/>
        <transform name="to_world">
            <matrix value="0.99958955865588 0.01772481712391771 -0.022516064244686187 0.06565233951676197 -0.015833732250406452 0.9965429276442724 0.08155577440509934 0.00965894532332795 0.0238837945701181 -0.08116577636033316 0.9964143556265163 -0.12552620684009588 0.0 0.0 0.0 1.0"/>
            <scale value="1"/>
        </transform>
    </shape>
    <shape name="temp21" type="ply">
        <string name="filename" value="meshes/Cube_017.ply"/>
        <boolean name="face_normals" value="true"/>
        <ref id="mat-Material" name="bsdf"/>
        <transform name="to_world">
            <matrix value="0.9905571896380847 0.1365677908652693 0.012064719368011267 0.2196021784835278 -0.13683449551173968 0.979335367723284 0.14892487403674814 0.06879275973367405 0.008522934185774794 -0.14916948081339446 0.9887750041250984 -0.21944984139076856 0.0 0.0 0.0 1.0"/>
            <scale value="1"/>
        </transform>
    </shape>
    <shape name="temp22" type="ply">
        <string name="filename" value="meshes/Cube_018.ply"/>
        <boolean name="face_normals" value="true"/>
        <ref id="mat-Material" name="bsdf"/>
        <transform name="to_world">
            <matrix value="0.5169415648541648 0.8557111360948474 0.023014125566580508 0.5440188364234148 -0.8498697757376863 0.5098243096388785 0.13342012981885973 0.47628102895369606 0.10243592062082134 -0.08852939888157223 0.9907924018758443 -0.21637906140728302 0.0 0.0 0.0 1.0"/>
            <scale value="1"/>
        </transform>
    </shape>
    <shape name="temp23" type="ply">
        <string name="filename" value="meshes/Cube_019.ply"/>
        <boolean name="face_normals" value="true"/>
        <ref id="mat-Material" name="bsdf"/>
        <transform name="to_world">
            <matrix value="-0.028969583902898263 0.9979095704628272 -0.05776809239842447 0.34916280497044694 -0.9952103356754198 -0.02339668726781986 0.09491475820776407 0.24043503859430465 0.0933647679986951 0.06024103974986599 0.9938078607120889 -0.0016082641824215482 0.0 0.0 0.0 1.0"/>
            <scale value="1"/>
        </transform>
    </shape>
    <shape name="temp24" type="ply">
        <string name="filename" value="meshes/Cube_020.ply"/>
        <boolean name="face_normals" value="true"/>
        <ref id="mat-Material" name="bsdf"/>
        <transform name="to_world">
            <matrix value="0.2469478104868962 0.968881703273184 0.016883425615231255 -0.18326011525972907 -0.9663342032158357 0.24752206442122213 -0.07022071364687273 -0.0531551578214326 -0.07221457880454882 0.0010258120722697937 0.9973887771206469 0.10147943383838787 0.0 0.0 0.0 1.0"/>
            <scale value="1"/>
        </transform>
    </shape>
    <shape name="temp25" type="ply">
        <string name="filename" value="meshes/Cube_021.ply"/>
        <boolean name="face_normals" value="true"/>
        <ref id="mat-Material" name="bsdf"/>
        <transform name="to_world">
            <matrix value="0.29028402009123677 0.9567165113062995 0.020706150675546934 -0.329311509719418 -0.818107555134772 0.2593363272100004 -0.5132686335073361 0.010664622188789996 -0.4964226003365087 0.1320537813162906 0.8579781769286667 0.04474725557138137 0.0 0.0 0.0 1.0"/>
            <scale value="1"/>
        </transform>
    </shape>
    <shape name="temp26" type="ply">
        <string name="filename" value="meshes/Cube_022.ply"/>
        <boolean name="face_normals" value="true"/>
        <ref id="mat-Material" name="bsdf"/>
        <transform name="to_world">
            <matrix value="0.5044018282812702 0.855659824413931 -0.11586739829445497 -0.26892392135581894 -0.5376444744666479 0.20622652647036124 -0.817563085639882 0.034293172021740786 -0.6756609169419194 0.47467539104298295 0.5640617162017322 0.05482941770277405 0.0 0.0 0.0 1.0"/>
            <scale value="1"/>
        </transform>
    </shape>
    <shape name="temp27" type="ply">
        <string name="filename" value="meshes/Cube_023.ply"/>
        <boolean name="face_normals" value="true"/>
        <ref id="mat-Material" name="bsdf"/>
        <transform name="to_world">
            <matrix value="0.7337188645224432 0.6624214941711182 -0.15117594857172306 -0.23565731222457714 -0.42303134424415856 0.2712552380674269 -0.8645606049072834 -0.20383908133381487 -0.531696620906446 0.698296702494457 0.47925016346737104 -0.20999699915374004 0.0 0.0 0.0 1.0"/>
            <scale value="1"/>
        </transform>
    </shape>
    <shape name="temp28" type="ply">
        <string name="filename" value="meshes/Cube_024.ply"/>
        <boolean name="face_normals" value="true"/>
        <ref id="mat-Material" name="bsdf"/>
        <transform name="to_world">
            <matrix value="0.8435979128658734 0.5184809656608048 -0.13971526655228284 -0.16743010002388115 -0.3314302772739603 0.298033677983743 -0.8951704906763318 -0.4604092415108124 -0.42248894999707465 0.8014694747644565 0.4232608750125881 -0.4096750664946874 0.0 0.0 0.0 1.0"/>
            <scale value="1"/>
        </transform>
    </shape>
    <shape name="temp29" type="ply">
        <string name="filename" value="meshes/Cube_025.ply"/>
        <boolean name="face_normals" value="true"/>
        <ref id="mat-Material" name="bsdf"/>
        <transform name="to_world">
            <matrix value="0.871092607268801 0.45933132119235 -0.1738169004695284 -0.2718527181451289 -0.3082029317745427 0.2357212732805894 -0.9216543323463041 -0.7721475608459514 -0.3823723864283093 0.8564169845835515 0.34690234650732993 -0.7975027479021233 0.0 0.0 0.0 1.0"/>
            <scale value="1"/>
        </transform>
    </shape>
    <shape name="temp30" type="ply">
        <string name="filename" value="meshes/Cube_026.ply"/>
        <boolean name="face_normals" value="true"/>
        <ref id="mat-Material" name="bsdf"/>
        <transform name="to_world">
            <matrix value="0.8935649357211622 0.38482154589996725 -0.23120215063015903 -0.2822587704432412 -0.3377828543669009 0.23708207574521875 -0.9108758872507743 -1.1105362698071888 -0.29571093227806466 0.8920224937059757 0.341834503411421 -0.9049865182593799 0.0 0.0 0.0 1.0"/>
            <scale value="1"/>
        </transform>
    </shape>
    <shape name="temp31" type="ply">
        <string name="filename" value="meshes/Cube_027.ply"/>
        <boolean name="face_normals" value="true"/>
        <ref id="mat-Material" name="bsdf"/>
        <transform name="to_world">
            <matrix value="0.843349697798155 0.3850090629777879 -0.37487287841100736 -0.5251717737285552 -0.48221716336274684 0.23438904683338097 -0.8441140635837249 -1.561212282982682 -0.23712557200275872 0.8926532519299242 0.3833299213607294 -1.0256021061293925 0.0 0.0 0.0 1.0"/>
            <scale value="1"/>
        </transform>
    </shape>
    <shape name="temp32" type="ply">
        <string name="filename" value="meshes/Cube_028.ply"/>
        <boolean name="face_normals" value="true"/>
        <ref id="mat-Material" name="bsdf"/>
        <transform name="to_world">
            <matrix value="-0.10791017096699272 0.9788143247195067 0.17400502387356442 -1.4338362810861833 -0.8568122625335313 -0.002797283401088392 -0.5156214762321043 -2.0815940155101433 -0.5042107913273656 -0.20473037380350964 0.8389618273548166 -1.077746459901737 0.0 0.0 0.0 1.0"/>
            <scale value="1"/>
        </transform>
    </shape>
    <shape name="temp33" type="ply">
        <string name="filename" value="meshes/Cube_029.ply"/>
        <boolean name="face_normals" value="true"/>
        <ref id="mat-Material" name="bsdf"/>
        <transform name="to_world">
            <matrix value="0.016508655614004296 0.9893922485988366 0.1443274812881276 -1.6450854699491515 -0.9783955378022684 -0.013766412958911026 0.20628348244362796 -1.5203173713038638 0.20608215564148524 -0.14461481822941327 0.9677897178432613 0.21720930646083603 0.0 0.0 0.0 1.0"/>
            <scale value="1"/>
        </transform>
    </shape>
    <shape name="temp34" type="ply">
        <string name="filename" value="meshes/Cube_030.ply"/>
        <boolean name="face_normals" value="true"/>
        <ref id="mat-Material" name="bsdf"/>
        <transform name="to_world">
            <matrix value="-0.046780063158424035 0.9824836812988461 -0.18038143997211312 -3.2123934862855505 -0.963061320070524 0.003579600404031849 0.2692572990944637 -1.808191178455459 0.2651863941594731 0.1863142893233677 0.9460250041849282 0.36558652028537275 0.0 0.0 0.0 1.0"/>
            <scale value="1"/>
        </transform>
    </shape>
    <shape name="temp35" type="ply">
        <string name="filename" value="meshes/Cube_031.ply"/>
        <boolean name="face_normals" value="true"/>
        <ref id="mat-Material" name="bsdf"/>
        <transform name="to_world">
            <matrix value="0.10252886829885803 0.9891425734685237 0.10528459397447214 -2.0523568566828474 -0.7032996647323622 -0.002767122144744829 0.7108882743660941 -0.8627126051383804 0.7034614477675715 -0.14693314672011984 0.6953797951019833 0.7409897787012047 0.0 0.0 0.0 1.0"/>
            <scale value="1"/>
        </transform>
    </shape>
    <shape name="temp36" type="ply">
        <string name="filename" value="meshes/Cube_032.ply"/>
        <boolean name="face_normals" value="true"/>
        <ref id="mat-Material" name="bsdf"/>
        <transform name="to_world">
            <matrix value="0.8229477489552804 0.5418269461415076 0.1708232845618247 -0.4675168635459208 -0.19896237236869865 -0.006770403172146518 0.9799836981780066 0.5463201239905374 0.5321380891340308 -0.8404628063317781 0.10223147736207396 -0.30669019147599585 0.0 0.0 0.0 1.0"/>
            <scale value="1"/>
        </transform>
    </shape>
    <shape name="temp37" type="ply">
        <string name="filename" value="meshes/Cube_033.ply"/>
        <boolean name="face_normals" value="true"/>
        <ref id="mat-Material" name="bsdf"/>
        <transform name="to_world">
            <matrix value="0.9802974857586605 0.14829011123788388 0.13048818945289137 -0.12372176015093217 -0.14903191691177906 0.12169028185965214 0.9813160222608754 0.3017994212029466 0.12964033636687605 -0.9814283002692821 0.14139263325959375 -0.4152437019922821 0.0 0.0 0.0 1.0"/>
            <scale value="1"/>
        </transform>
    </shape>
    <shape name="temp38" type="ply">
        <string name="filename" value="meshes/Cube_034.ply"/>
        <boolean name="face_normals" value="true"/>
        <ref id="mat-Material" name="bsdf"/>
        <transform name="to_world">
            <matrix value="0.9999193301029915 0.0058365305794674015 0.011278752173064076 -0.03566561914694777 -0.012151319883622592 0.1816135020639394 0.9832951239680753 0.36960476794187735 0.0036906566529616492 -0.9833526968877172 0.1816697878730141 -0.33211902573966434 0.0 0.0 0.0 1.0"/>
            <scale value="1"/>
        </transform>
    </shape>
    <shape name="temp39" type="ply">
        <string name="filename" value="meshes/Cube_035.ply"/>
        <boolean name="face_normals" value="true"/>
        <ref id="mat-Material" name="bsdf"/>
        <transform name="to_world">
            <matrix value="0.9991454309811411 -0.04128172824416017 0.002140744106309817 0.010050727046054142 0.006748949961615312 0.2139997455274361 0.9768105636562981 0.09193757917420302 -0.04078254232510146 -0.9759611032428566 0.21409552073399804 -0.1283142889980794 0.0 0.0 0.0 1.0"/>
            <scale value="1"/>
        </transform>
    </shape>
    <shape name="temp40" type="ply">
        <string name="filename" value="meshes/Cube_036.ply"/>
        <boolean name="face_normals" value="true"/>
        <ref id="mat-Material" name="bsdf"/>
        <transform name="to_world">
            <matrix value="0.9998417628943296 -0.017646183015833615 0.0022328744584773964 0.0050383354790861645 0.0016272226329590606 0.2157547718820332 0.976446278451951 -0.2523974052028256 -0.017712303666313847 -0.9762881630626816 0.21574934246638813 0.25343464836979895 0.0 0.0 0.0 1.0"/>
            <scale value="1"/>
        </transform>
    </shape>
    <shape name="temp41" type="ply">
        <string name="filename" value="meshes/Cube_037.ply"/>
        <boolean name="face_normals" value="true"/>
        <ref id="mat-Material" name="bsdf"/>
        <transform name="to_world">
            <matrix value="0.9990722961844025 -0.042995142077038445 0.002439907125002541 -0.0030667590524080524 0.00690062266522702 0.2157591521474773 0.976422166128237 -0.5685233698371178 -0.04250785423392851 -0.9754995066986775 0.21585574400465984 0.5045130649433736 0.0 0.0 0.0 1.0"/>
            <scale value="1"/>
        </transform>
    </shape>
    <shape name="temp42" type="ply">
        <string name="filename" value="meshes/Cube_038.ply"/>
        <boolean name="face_normals" value="true"/>
        <ref id="mat-Material" name="bsdf"/>
        <transform name="to_world">
            <matrix value="0.9993386841410075 -0.03627954854064156 0.0025467814539352966 0.0028125705368755582 0.005346619044832961 0.21581880719114438 0.9764188565936095 -0.9031883143547058 -0.03597368122448039 -0.975759193864291 0.2158699513640247 0.8408792315095381 0.0 0.0 0.0 1.0"/>
            <scale value="1"/>
        </transform>
    </shape>
    <shape name="temp43" type="ply">
        <string name="filename" value="meshes/Cube_039.ply"/>
        <boolean name="face_normals" value="true"/>
        <ref id="mat-Material" name="bsdf"/>
        <transform name="to_world">
            <matrix value="0.9999651518355148 -0.002610416306742296 -0.007922683237545143 0.01845586551050582 0.008271764011350258 0.43299851446186166 0.9013566641675065 -1.3192952741092328 0.0010775966851535698 -0.9013908120953675 0.4330049733204603 1.458576693151572 0.0 0.0 0.0 1.0"/>
            <scale value="1"/>
        </transform>
    </shape>
    <shape name="temp47" type="ply">
        <string name="filename" value="meshes/Plane_001.ply"/>
        <boolean name="face_normals" value="true"/>
        <ref id="mat-Material.002" name="bsdf"/>
        <transform name="to_world">
            <scale value="1"/>
        </transform>
    </shape>
    <shape name="temp49" type="ply">
        <string name="filename" value="meshes/Plane_002.ply"/>
        <boolean name="face_normals" value="true"/>
        <ref id="mat-Material.003" name="bsdf"/>
        <transform name="to_world">
            <scale value="1"/>
        </transform>
    </shape>
    <shape name="temp51" type="ply">
        <string name="filename" value="meshes/Plane_003.ply"/>
        <boolean name="face_normals" value="true"/>
        <ref id="mat-Material.004" name="bsdf"/>
        <transform name="to_world">
            <scale value="1"/>
        </transform>
    </shape>
    <shape name="temp53" type="ply">
        <string name="filename" value="meshes/Plane_004.ply"/>
        <boolean name="face_normals" value="true"/>
        <ref id="mat-Material.005" name="bsdf"/>
        <transform name="to_world">
            <scale value="1"/>
        </transform>
    </shape>
    <emitter type="point">
        <rgb name="intensity" value="100"/>
        <animation name="to_world">
            <transform time="0">
                <rotate angle="-142.5518126578256" x="1"/>
                <rotate angle="3.976628485794621e-06" y="1"/>
                <rotate angle="-179.999991348578" z="1"/>
                <translate value="-0.000000 3.030926 4.073377"/>
                <translate x="10.65" y="0.0" z="0.0"/>
            </transform>
            <transform time="0.0015">
                <rotate angle="-142.5518126578256" x="1"/>
                <rotate angle="3.976628485794621e-06" y="1"/>
                <rotate angle="-179.999991348578" z="1"/>
                <translate value="-0.000000 3.030926 4.073377"/>
                <translate x="10.799999999999999" y="0.0" z="0.0"/>
            </transform>
        </animation>
    </emitter>
</scene>
