
<scene version="2.1.0">
    <default name="spp" value="1024"/>
    <default name="resx" value="1280"/>
    <default name="resy" value="720"/>
    <integrator name="temp0" type="path">
        <integer name="max_depth" value="12"/>
    </integrator>
    <sensor name="temp44" type="perspective">
        <string name="fov_axis" value="x"/>
        <float name="fov" value="83.974423"/>
        <float name="principal_point_offset_x" value="0.000000"/>
        <float name="principal_point_offset_y" value="-0.000000"/>
        <float name="near_clip" value="0.100000"/>
        <float name="far_clip" value="1000.000000"/>
        <sampler name="sampler" type="independent">
            <integer name="sample_count" value="$spp"/>
        </sampler>
        <film name="film" type="hdrfilm">
            <integer name="width" value="$resx"/>
            <integer name="height" value="$resy"/>
        </film>
        <float name="shutter_open" value="0.0"/>
        <float name="shutter_close" value="0.0015"/>
        <animation name="to_world">
            <transform time="0">
                <rotate angle="-142.5518126578256" x="1"/>
                <rotate angle="3.976628485794621e-06" y="1"/>
                <rotate angle="-179.999991348578" z="1"/>
                <translate value="-0.000000 3.030926 4.073377"/>
            </transform>
            <transform time="0.0015">
                <rotate angle="-142.5518126578256" x="1"/>
                <rotate angle="3.976628485794621e-06" y="1"/>
                <rotate angle="-179.999991348578" z="1"/>
                <translate value="-0.000000 3.030926 4.073377"/>
                <translate x="0.15" y="0.0" z="0.0"/>
            </transform>
        </animation>
    </sensor>
    <bsdf id="mat-Material" name="mat-Material" type="twosided">
        <bsdf name="bsdf" type="diffuse">
            <texture name="reflectance" type="bitmap">
                <string name="filename" value="textures/siggraph_2023_logo.jpg"/>
            </texture>
        </bsdf>
    </bsdf>
    <bsdf id="mat-Material.001" name="mat-Material.001" type="twosided">
        <bsdf name="bsdf" type="principled">
            <rgb name="base_color" value="0.433648 0.266232 0.084399"/>
            <float name="spec_tint" value="0.000000"/>
            <float name="spec_trans" value="0.000000"/>
            <float name="metallic" value="0.000000"/>
            <float name="anisotropic" value="0.000000"/>
            <float name="roughness" value="0.500000"/>
            <float name="sheen" value="0.000000"/>
            <float name="sheen_tint" value="0.500000"/>
            <float name="clearcoat" value="0.000000"/>
            <float name="clearcoat_gloss" value="0.173205"/>
            <float name="specular" value="0.500000"/>
        </bsdf>
    </bsdf>
    <bsdf id="mat-Material.002" name="mat-Material.002" type="twosided">
        <bsdf name="bsdf" type="principled">
            <rgb name="base_color" value="0.433648 0.266232 0.084399"/>
            <float name="spec_tint" value="0.000000"/>
            <float name="spec_trans" value="0.000000"/>
            <float name="metallic" value="0.000000"/>
            <float name="anisotropic" value="0.000000"/>
            <float name="roughness" value="0.500000"/>
            <float name="sheen" value="0.000000"/>
            <float name="sheen_tint" value="0.500000"/>
            <float name="clearcoat" value="0.000000"/>
            <float name="clearcoat_gloss" value="0.173205"/>
            <float name="specular" value="0.500000"/>
        </bsdf>
    </bsdf>
    <bsdf id="mat-Material.003" name="mat-Material.003" type="twosided">
        <bsdf name="bsdf" type="principled">
            <rgb name="base_color" value="0.433648 0.266232 0.084399"/>
            <float name="spec_tint" value="0.000000"/>
            <float name="spec_trans" value="0.000000"/>
            <float name="metallic" value="0.000000"/>
            <float name="anisotropic" value="0.000000"/>
            <float name="roughness" value="0.500000"/>
            <float name="sheen" value="0.000000"/>
            <float name="sheen_tint" value="0.500000"/>
            <float name="clearcoat" value="0.000000"/>
            <float name="clearcoat_gloss" value="0.173205"/>
            <float name="specular" value="0.500000"/>
        </bsdf>
    </bsdf>
    <bsdf id="mat-Material.004" name="mat-Material.004" type="twosided">
        <bsdf name="bsdf" type="principled">
            <rgb name="base_color" value="0.433648 0.266232 0.084399"/>
            <float name="spec_tint" value="0.000000"/>
            <float name="spec_trans" value="0.000000"/>
            <float name="metallic" value="0.000000"/>
            <float name="anisotropic" value="0.000000"/>
            <float name="roughness" value="0.500000"/>
            <float name="sheen" value="0.000000"/>
            <float name="sheen_tint" value="0.500000"/>
            <float name="clearcoat" value="0.000000"/>
            <float name="clearcoat_gloss" value="0.173205"/>
            <float name="specular" value="0.500000"/>
        </bsdf>
    </bsdf>
    <bsdf id="mat-Material.005" name="mat-Material.005" type="twosided">
        <bsdf name="bsdf" type="principled">
            <rgb name="base_color" value="0.433648 0.266232 0.084399"/>
            <float name="spec_tint" value="0.000000"/>
            <float name="spec_trans" value="0.000000"/>
            <float name="metallic" value="0.000000"/>
            <float name="anisotropic" value="0.000000"/>
            <float name="roughness" value="0.500000"/>
            <float name="sheen" value="0.000000"/>
            <float name="sheen_tint" value="0.500000"/>
            <float name="clearcoat" value="0.000000"/>
            <float name="clearcoat_gloss" value="0.173205"/>
            <float name="specular" value="0.500000"/>
        </bsdf>
    </bsdf>
    <emitter name="temp45" type="point">
        <point name="position" x="-6.815235034541981e-16" y="3.0693089962005615" z="4.109199523925781"/>
        <rgb name="intensity" value="7.957747 7.957747 7.957747"/>
    </emitter>
    <shape name="temp2" type="ply">
        <string name="filename" value="meshes/Cube.ply"/>
        <boolean name="face_normals" value="true"/>
        <ref id="mat-Material" name="bsdf"/>
        <transform name="to_world">
            <matrix value="0.9999991135176153 0.00015191532321144377 0.0013881913913330853 -0.002277238903284129 -0.00015280385513459464 0.9999997914159312 0.0006400639969438811 -0.018316348403100535 -0.0013880940096839336 -0.0006402759150061637 0.9999988180233473 0.003173039433981728 0.0 0.0 0.0 1.0"/>
        </transform>
    </shape>
    <shape name="temp4" type="ply">
        <string name="filename" value="meshes/Plane.ply"/>
        <boolean name="face_normals" value="true"/>
        <ref id="mat-Material.001" name="bsdf"/>
    </shape>
    <shape name="temp5" type="ply">
        <string name="filename" value="meshes/Cube_001.ply"/>
        <boolean name="face_normals" value="true"/>
        <ref id="mat-Material" name="bsdf"/>
        <transform name="to_world">
            <matrix value="0.9999986702764229 -0.00015580061866034796 -0.001673782954100064 0.002262567096012802 0.00016204499075398872 0.999992908141662 0.003731098420359122 -0.021705806873177247 0.0016731911770181216 -0.0037313541486328357 0.9999917261634315 -0.0036195278210484627 0.0 0.0 0.0 1.0"/>
        </transform>
    </shape>
    <shape name="temp6" type="ply">
        <string name="filename" value="meshes/Cube_002.ply"/>
        <boolean name="face_normals" value="true"/>
        <ref id="mat-Material" name="bsdf"/>
        <transform name="to_world">
            <matrix value="1.0 -1.4536119460267866e-05 0.000368093533122059 -0.0008624070814411411 1.6007079448324284e-05 0.9999920738053869 -0.003996428539346348 -0.015049896681281594 -0.0003680329133179795 0.003996429040742726 0.999991962558762 0.0005956069177353029 0.0 0.0 0.0 1.0"/>
        </transform>
    </shape>
    <shape name="temp7" type="ply">
        <string name="filename" value="meshes/Cube_003.ply"/>
        <boolean name="face_normals" value="true"/>
        <ref id="mat-Material" name="bsdf"/>
        <transform name="to_world">
            <matrix value="0.9999991135176153 0.0006595866280925196 0.001335858193060284 -0.0012155939566054208 -0.000666453024411952 0.9999864420355303 0.005145924473583059 -0.017555186711968318 -0.0013324450779838553 -0.005146799381756821 0.9999860526754988 0.004053892848728591 0.0 0.0 0.0 1.0"/>
        </transform>
    </shape>
    <shape name="temp8" type="ply">
        <string name="filename" value="meshes/Cube_004.ply"/>
        <boolean name="face_normals" value="true"/>
        <ref id="mat-Material" name="bsdf"/>
        <transform name="to_world">
            <matrix value="0.9999995567588077 -0.000374043381314622 0.0010653344686613073 -0.0004916431142416577 0.0003762701076366911 0.9999977055752436 -0.002091200372937273 -0.01877740402064293 -0.0010645501013249366 0.002091599693798587 0.9999973996513641 0.0032720531318742793 0.0 0.0 0.0 1.0"/>
        </transform>
    </shape>
    <shape name="temp9" type="ply">
        <string name="filename" value="meshes/Cube_005.ply"/>
        <boolean name="face_normals" value="true"/>
        <ref id="mat-Material" name="bsdf"/>
        <transform name="to_world">
            <matrix value="0.9999995567588077 -0.0004338798931215232 0.0008021484553219917 -0.000634595295261331 0.0004363922294500086 0.9999949939823496 -0.0031344366061006068 -0.019868817026185315 -0.0008007861325787595 0.003134795368599337 0.9999947993027284 0.001846219555404649 0.0 0.0 0.0 1.0"/>
        </transform>
    </shape>
    <shape name="temp10" type="ply">
        <string name="filename" value="meshes/Cube_006.ply"/>
        <boolean name="face_normals" value="true"/>
        <ref id="mat-Material" name="bsdf"/>
        <transform name="to_world">
            <matrix value="0.9999991135176153 -0.00017937937896179366 -0.0013812508244287153 -0.0011924509810312678 0.00018157198148315595 0.9999987484955875 0.0015875459375226054 -0.0171795768764052 0.0013809622588989534 -0.0015877961633046394 0.9999978724420252 -0.003308750532239557 0.0 0.0 0.0 1.0"/>
        </transform>
    </shape>
    <shape name="temp11" type="ply">
        <string name="filename" value="meshes/Cube_007.ply"/>
        <boolean name="face_normals" value="true"/>
        <ref id="mat-Material" name="bsdf"/>
        <transform name="to_world">
            <matrix value="0.999997340552846 -0.0023567872213056114 -7.86281600736797e-05 0.0006390105544000768 0.0023572187147069203 0.9999789330090546 0.0060299011725681185 -0.01725638048222089 6.441535600246087e-05 -0.006030079908556744 0.9999820339548797 8.62248224360318e-05 0.0 0.0 0.0 1.0"/>
        </transform>
    </shape>
    <shape name="temp12" type="ply">
        <string name="filename" value="meshes/Cube_008.ply"/>
        <boolean name="face_normals" value="true"/>
        <ref id="mat-Material" name="bsdf"/>
        <transform name="to_world">
            <matrix value="0.9999995567588077 0.0012060768882594284 0.00010021081735576695 0.0001751600096606687 -0.0012059085823905593 0.9999977055752436 -0.0016703079427412685 -0.017129809862603873 -0.00010222515943385688 0.0016701847846265197 0.9999985816280168 1.2333912902784405e-05 0.0 0.0 0.0 1.0"/>
        </transform>
    </shape>
    <shape name="temp13" type="ply">
        <string name="filename" value="meshes/Cube_009.ply"/>
        <boolean name="face_normals" value="true"/>
        <ref id="mat-Material" name="bsdf"/>
        <transform name="to_world">
            <matrix value="0.9999995567588077 0.000575510561654322 0.000913036776967152 0.001612498394338413 -0.0005753226352639147 0.9999997914159312 -0.00020593839254011984 -0.016914761464659367 -0.0009131566396644133 0.00020541296516854635 0.9999995272093389 0.0015268351895614263 0.0 0.0 0.0 1.0"/>
        </transform>
    </shape>
    <shape name="temp14" type="ply">
        <string name="filename" value="meshes/Cube_010.ply"/>
        <boolean name="face_normals" value="true"/>
        <ref id="mat-Material" name="bsdf"/>
        <transform name="to_world">
            <matrix value="0.9999822703523058 -0.000518396071944817 0.005966074433324934 0.012521504214404455 0.0005172004177104996 0.9999997914159312 0.00020195465843002297 -0.018386324487690675 -0.005966181583505754 -0.00019886551124998175 0.9999822703502103 0.009806821127931187 0.0 0.0 0.0 1.0"/>
        </transform>
    </shape>
    <shape name="temp15" type="ply">
        <string name="filename" value="meshes/Cube_011.ply"/>
        <boolean name="face_normals" value="true"/>
        <ref id="mat-Material" name="bsdf"/>
        <transform name="to_world">
            <matrix value="0.999997340552846 -0.0020340346625005476 -0.0010964984650851189 -0.0023662409840234933 0.00203333351062981 0.9999977055752436 -0.0006433049769254517 -0.021654127033831183 0.0010978020555753537 0.0006410747919895375 0.9999992908140084 -0.001640666865271978 0.0 0.0 0.0 1.0"/>
        </transform>
    </shape>
    <shape name="temp16" type="ply">
        <string name="filename" value="meshes/Cube_012.ply"/>
        <boolean name="face_normals" value="true"/>
        <ref id="mat-Material" name="bsdf"/>
        <transform name="to_world">
            <matrix value="0.9995935478266111 0.028220110424406007 0.004076141044801171 0.07616659601912357 -0.028314087800761313 0.9992812192990325 0.025207330524641615 0.051662027771932295 -0.003361869201297101 -0.025312490222621775 0.9996740108391987 -0.13021166756212987 0.0 0.0 0.0 1.0"/>
        </transform>
    </shape>
    <shape name="temp17" type="ply">
        <string name="filename" value="meshes/Cube_013.ply"/>
        <boolean name="face_normals" value="true"/>
        <ref id="mat-Material" name="bsdf"/>
        <transform name="to_world">
            <matrix value="0.9964815514150918 0.07187127025612038 0.04311810641666757 0.10401330553577648 -0.07810087105759123 0.9829353201661164 0.1665484059626467 0.2542146177212139 -0.030412271930244476 -0.169329965395903 0.985090073712792 -0.21664273651335053 0.0 0.0 0.0 1.0"/>
        </transform>
    </shape>
    <shape name="temp18" type="ply">
        <string name="filename" value="meshes/Cube_014.ply"/>
        <boolean name="face_normals" value="true"/>
        <ref id="mat-Material" name="bsdf"/>
        <transform name="to_world">
            <matrix value="0.985206381963984 0.17063286492304292 -0.015914535523362715 0.0015214894970454473 -0.12980384804273554 0.8036352031504538 0.580793777696668 0.5985895647095415 0.11189198389438804 -0.5701359759544286 0.8138951756913736 -0.3154338972961982 0.0 0.0 0.0 1.0"/>
        </transform>
    </shape>
    <shape name="temp19" type="ply">
        <string name="filename" value="meshes/Cube_015.ply"/>
        <boolean name="face_normals" value="true"/>
        <ref id="mat-Material" name="bsdf"/>
        <transform name="to_world">
            <matrix value="0.9819472294766032 0.18897487187723577 0.008258447232543506 0.003034681073421086 -0.12162888478743039 0.5973634973707979 0.7926935876821012 0.5086749407366036 0.14486593726896055 -0.7793879309086131 0.6095642713988599 -0.27472321761308327 0.0 0.0 0.0 1.0"/>
        </transform>
    </shape>
    <shape name="temp20" type="ply">
        <string name="filename" value="meshes/Cube_016.ply"/>
        <boolean name="face_normals" value="true"/>
        <ref id="mat-Material" name="bsdf"/>
        <transform name="to_world">
            <matrix value="0.9806928569022405 0.18368716144198338 0.06708738731625583 0.08147829352158165 -0.1597298533580839 0.554502808584486 0.8167087529153454 0.2717402102448099 0.11281875690348157 -0.8116560949307814 0.5731374057314521 -0.2194158589484132 0.0 0.0 0.0 1.0"/>
        </transform>
    </shape>
    <shape name="temp21" type="ply">
        <string name="filename" value="meshes/Cube_017.ply"/>
        <boolean name="face_normals" value="true"/>
        <ref id="mat-Material" name="bsdf"/>
        <transform name="to_world">
            <matrix value="0.9500750850579848 0.2230844160584703 0.2181534593383484 0.20554350483164163 -0.3067349169454654 0.5396007283755682 0.7840566478858456 0.09280485155068066 0.05719508995136758 -0.8118277596193759 0.5810887990691698 -0.15713219942534912 0.0 0.0 0.0 1.0"/>
        </transform>
    </shape>
    <shape name="temp22" type="ply">
        <string name="filename" value="meshes/Cube_018.ply"/>
        <boolean name="face_normals" value="true"/>
        <ref id="mat-Material" name="bsdf"/>
        <transform name="to_world">
            <matrix value="0.05492170587578254 0.9906900586746985 0.12456721924863164 0.8838342369988693 -0.655594501681657 -0.058317957211064135 0.7528579013484462 0.064697724389171 0.7531133261350963 -0.12301381035119299 0.6462880496014138 -0.3607559089732171 0.0 0.0 0.0 1.0"/>
        </transform>
    </shape>
    <shape name="temp23" type="ply">
        <string name="filename" value="meshes/Cube_019.ply"/>
        <boolean name="face_normals" value="true"/>
        <ref id="mat-Material" name="bsdf"/>
        <transform name="to_world">
            <matrix value="-0.08176310708529912 0.9892347676269183 -0.12136536269426376 0.4519883926635003 -0.8622876209826835 -0.009150140898538451 0.506336104044204 -0.09511669913470458 0.49977483347428403 0.14605144100303907 0.8537530831860984 -0.033264962985528834 0.0 0.0 0.0 1.0"/>
        </transform>
    </shape>
    <shape name="temp24" type="ply">
        <string name="filename" value="meshes/Cube_020.ply"/>
        <boolean name="face_normals" value="true"/>
        <ref id="mat-Material" name="bsdf"/>
        <transform name="to_world">
            <matrix value="0.10046498651681134 0.994878179235221 0.011138333418369116 -0.16467391240405194 -0.9022907318784448 0.09582137472180562 -0.4203439937585912 0.2792600361630891 -0.41925835902972924 0.032179847734442484 0.9072963888170711 0.1312005230494968 0.0 0.0 0.0 1.0"/>
        </transform>
    </shape>
    <shape name="temp25" type="ply">
        <string name="filename" value="meshes/Cube_021.ply"/>
        <boolean name="face_normals" value="true"/>
        <ref id="mat-Material" name="bsdf"/>
        <transform name="to_world">
            <matrix value="0.22757017837798546 0.9536653435483905 -0.19681038872375362 -0.23146837759289862 -0.7322446443166728 0.03436380816106028 -0.680174611046943 0.19425413965262742 -0.6418956893907561 0.29890076195760323 0.7061362554317737 0.17922057075922426 0.0 0.0 0.0 1.0"/>
        </transform>
    </shape>
    <shape name="temp26" type="ply">
        <string name="filename" value="meshes/Cube_022.ply"/>
        <boolean name="face_normals" value="true"/>
        <ref id="mat-Material" name="bsdf"/>
        <transform name="to_world">
            <matrix value="0.680139425949467 0.48193515955638344 -0.5524031712906381 -0.1096434807336294 -0.6216847775017862 -0.020136267972124828 -0.7830089437809352 -0.06663515293890061 -0.38848290950610526 0.8759754955436014 0.2859163699511276 0.570543891860956 0.0 0.0 0.0 1.0"/>
        </transform>
    </shape>
    <shape name="temp27" type="ply">
        <string name="filename" value="meshes/Cube_023.ply"/>
        <boolean name="face_normals" value="true"/>
        <ref id="mat-Material" name="bsdf"/>
        <transform name="to_world">
            <matrix value="0.8629857258606415 0.30947075964232007 -0.3993542152360573 -0.0983866977947443 -0.46534607385816634 0.17906833839844982 -0.866826217755086 -0.2703435291070282 -0.19674567884161576 0.9338963712629558 0.2985443721127265 0.1639746078599551 0.0 0.0 0.0 1.0"/>
        </transform>
    </shape>
    <shape name="temp28" type="ply">
        <string name="filename" value="meshes/Cube_024.ply"/>
        <boolean name="face_normals" value="true"/>
        <ref id="mat-Material" name="bsdf"/>
        <transform name="to_world">
            <matrix value="0.8941735058782647 0.3194039501650943 -0.3137443554704953 -0.12760646322170965 -0.3828412912857009 0.18213160403234724 -0.9056825182343538 -0.5158128850676761 -0.2321357842798306 0.9299512121863157 0.2851381565230218 -0.2110737054261847 0.0 0.0 0.0 1.0"/>
        </transform>
    </shape>
    <shape name="temp29" type="ply">
        <string name="filename" value="meshes/Cube_025.ply"/>
        <boolean name="face_normals" value="true"/>
        <ref id="mat-Material" name="bsdf"/>
        <transform name="to_world">
            <matrix value="0.8880448099115822 0.4010627358303628 -0.22477900582525373 -0.28750327243142815 -0.32084071329918606 0.19042524034099323 -0.9277928098941847 -0.7920619119072869 -0.32929961686231335 0.8960394057022714 0.29778341554374943 -0.7468027838678133 0.0 0.0 0.0 1.0"/>
        </transform>
    </shape>
    <shape name="temp30" type="ply">
        <string name="filename" value="meshes/Cube_026.ply"/>
        <boolean name="face_normals" value="true"/>
        <ref id="mat-Material" name="bsdf"/>
        <transform name="to_world">
            <matrix value="0.9237602987091044 0.2541703255788729 -0.28646929862923803 -0.30169931320737275 -0.3410841590916747 0.20587255930566536 -0.917212227690309 -1.1292407878975106 -0.17415203527490705 0.9449940866416505 0.2768704662330546 -0.8499854740955279 0.0 0.0 0.0 1.0"/>
        </transform>
    </shape>
    <shape name="temp31" type="ply">
        <string name="filename" value="meshes/Cube_027.ply"/>
        <boolean name="face_normals" value="true"/>
        <ref id="mat-Material" name="bsdf"/>
        <transform name="to_world">
            <matrix value="0.8788302687637294 0.18727253385840897 -0.43884689194511284 -0.5164087562108564 -0.47156120185735795 0.20073436193090444 -0.858682635013647 -1.564797053208762 -0.07271602245991769 0.9615792317014411 0.26472187380177115 -0.9801225609453218 0.0 0.0 0.0 1.0"/>
        </transform>
    </shape>
    <shape name="temp32" type="ply">
        <string name="filename" value="meshes/Cube_028.ply"/>
        <boolean name="face_normals" value="true"/>
        <ref id="mat-Material" name="bsdf"/>
        <transform name="to_world">
            <matrix value="-0.10999934400303531 0.9805975099233871 0.16226066745748785 -1.4564052077057845 -0.8333080685853692 -0.0020036418778406543 -0.5528052797478702 -2.1008922541244606 -0.541754650043349 -0.1960213006051024 0.8173604948416175 -1.183663467942237 0.0 0.0 0.0 1.0"/>
        </transform>
    </shape>
    <shape name="temp33" type="ply">
        <string name="filename" value="meshes/Cube_029.ply"/>
        <boolean name="face_normals" value="true"/>
        <ref id="mat-Material" name="bsdf"/>
        <transform name="to_world">
            <matrix value="-0.0056594054894535195 0.9866232950859679 0.16291862658095288 -1.6645897727300116 -0.9998320115880978 -0.0027389883255496713 -0.018144641792519598 -1.9184213196325726 -0.017455702475236114 -0.16299386971421898 0.9864727500010638 -0.21553803693935536 0.0 0.0 0.0 1.0"/>
        </transform>
    </shape>
    <shape name="temp34" type="ply">
        <string name="filename" value="meshes/Cube_030.ply"/>
        <boolean name="face_normals" value="true"/>
        <ref id="mat-Material" name="bsdf"/>
        <transform name="to_world">
            <matrix value="-0.04415822321574853 0.9821536601012656 -0.18282315389313075 -3.208336136815381 -0.9674260107142838 0.0036224605530446774 0.2531278407820294 -1.8455729717076395 0.2492726982828359 0.18804551495480376 0.9500010386442715 0.3309253104158376 0.0 0.0 0.0 1.0"/>
        </transform>
    </shape>
    <shape name="temp35" type="ply">
        <string name="filename" value="meshes/Cube_031.ply"/>
        <boolean name="face_normals" value="true"/>
        <ref id="mat-Material" name="bsdf"/>
        <transform name="to_world">
            <matrix value="0.09923252787543858 0.9867782730490611 0.12814657550632333 -2.0310866809206285 -0.7974042022810965 0.0018233418087993277 0.6034432871054385 -1.2559229094890778 0.5952308134185066 -0.16206573318343093 0.7870418481197824 0.5780687812741241 0.0 0.0 0.0 1.0"/>
        </transform>
    </shape>
    <shape name="temp36" type="ply">
        <string name="filename" value="meshes/Cube_032.ply"/>
        <boolean name="face_normals" value="true"/>
        <ref id="mat-Material" name="bsdf"/>
        <transform name="to_world">
            <matrix value="0.7731309848641997 0.580850730982869 0.25471785980905876 -0.54775694152146 -0.2890975520675429 -0.03472603525487931 0.9566696814951153 0.27589939012156833 0.5645274960241264 -0.8132688669504802 0.14107475245862963 -0.19582297283261374 0.0 0.0 0.0 1.0"/>
        </transform>
    </shape>
    <shape name="temp37" type="ply">
        <string name="filename" value="meshes/Cube_033.ply"/>
        <boolean name="face_normals" value="true"/>
        <ref id="mat-Material" name="bsdf"/>
        <transform name="to_world">
            <matrix value="0.9786996012602234 0.15751643121001704 0.13166539091986623 -0.12998311414183839 -0.149627411453707 0.1081697582302059 0.9828076767965218 0.3011483667574068 0.14056618743428947 -0.9815741005333495 0.12943448090658555 -0.3968527875306237 0.0 0.0 0.0 1.0"/>
        </transform>
    </shape>
    <shape name="temp38" type="ply">
        <string name="filename" value="meshes/Cube_034.ply"/>
        <boolean name="face_normals" value="true"/>
        <ref id="mat-Material" name="bsdf"/>
        <transform name="to_world">
            <matrix value="0.9999242057561075 0.0037319590424322573 0.01175915476376778 -0.03592714139560327 -0.0122400346082723 0.18073817901936287 0.9834551636068444 0.3695143586544495 0.001544886149067332 -0.9835241529922428 0.1807701381636149 -0.34406405992729083 0.0 0.0 0.0 1.0"/>
        </transform>
    </shape>
    <shape name="temp39" type="ply">
        <string name="filename" value="meshes/Cube_035.ply"/>
        <boolean name="face_normals" value="true"/>
        <ref id="mat-Material" name="bsdf"/>
        <transform name="to_world">
            <matrix value="0.9990505773659771 -0.04349380401023731 0.002525056723059561 0.0093858246456624 0.006774848544484572 0.21234838545501572 0.9771705937446958 0.09191274664650637 -0.04303705762312797 -0.9762255878420519 0.21244134440861215 -0.1361344438138003 0.0 0.0 0.0 1.0"/>
        </transform>
    </shape>
    <shape name="temp40" type="ply">
        <string name="filename" value="meshes/Cube_036.ply"/>
        <boolean name="face_normals" value="true"/>
        <ref id="mat-Material" name="bsdf"/>
        <transform name="to_world">
            <matrix value="0.9997420336260497 -0.02256324790425157 0.002693961186723471 0.005235131536044602 0.0021746875592835095 0.21301209996182913 0.977047195382159 -0.25107394037088937 -0.022619214151095603 -0.9767889734117888 0.21300625832998046 0.24365778815319505 0.0 0.0 0.0 1.0"/>
        </transform>
    </shape>
    <shape name="temp41" type="ply">
        <string name="filename" value="meshes/Cube_037.ply"/>
        <boolean name="face_normals" value="true"/>
        <ref id="mat-Material" name="bsdf"/>
        <transform name="to_world">
            <matrix value="0.9989787722928158 -0.0450914954017642 0.0028692719638447523 -0.002289835903627857 0.0068098911931521 0.213039841642975 0.9770197735238175 -0.5691439922523995 -0.04466656738063958 -0.9760024028884722 0.21312930209952147 0.5082480888914755 0.0 0.0 0.0 1.0"/>
        </transform>
    </shape>
    <shape name="temp42" type="ply">
        <string name="filename" value="meshes/Cube_038.ply"/>
        <boolean name="face_normals" value="true"/>
        <ref id="mat-Material" name="bsdf"/>
        <transform name="to_world">
            <matrix value="0.9992970194689261 -0.03736904570702699 0.0030306117769316925 0.0038609995949534515 0.005006094566394871 0.21310491987243 0.9770167003845207 -0.9046834580936893 -0.037156009375437705 -0.9763144446553461 0.21314220928456842 0.8531622561543396 0.0 0.0 0.0 1.0"/>
        </transform>
    </shape>
    <shape name="temp43" type="ply">
        <string name="filename" value="meshes/Cube_039.ply"/>
        <boolean name="face_normals" value="true"/>
        <ref id="mat-Material" name="bsdf"/>
        <transform name="to_world">
            <matrix value="0.9999658966914153 -0.0036769404245120753 -0.007414694194533355 0.018672349264142962 0.008275682238651093 0.4330031502542517 0.9013544010531843 -1.3192837528648134 -0.00010362867687777183 -0.9013849297904439 0.4330187112582225 1.468002144665 0.0 0.0 0.0 1.0"/>
        </transform>
    </shape>
    <shape name="temp47" type="ply">
        <string name="filename" value="meshes/Plane_001.ply"/>
        <boolean name="face_normals" value="true"/>
        <ref id="mat-Material.002" name="bsdf"/>
    </shape>
    <shape name="temp49" type="ply">
        <string name="filename" value="meshes/Plane_002.ply"/>
        <boolean name="face_normals" value="true"/>
        <ref id="mat-Material.003" name="bsdf"/>
    </shape>
    <shape name="temp51" type="ply">
        <string name="filename" value="meshes/Plane_003.ply"/>
        <boolean name="face_normals" value="true"/>
        <ref id="mat-Material.004" name="bsdf"/>
    </shape>
    <shape name="temp53" type="ply">
        <string name="filename" value="meshes/Plane_004.ply"/>
        <boolean name="face_normals" value="true"/>
        <ref id="mat-Material.005" name="bsdf"/>
    </shape>
    <emitter type="point">
        <transform name="to_world">
            <rotate angle="-142.5518126578256" x="1"/>
            <rotate angle="3.976628485794621e-06" y="1"/>
            <rotate angle="-179.999991348578" z="1"/>
            <translate value="-0.000000 3.030926 4.073377"/>
        </transform>
        <rgb name="intensity" value="100"/>
    </emitter>
</scene>
