
<scene version="2.1.0">
    <default name="spp" value="1024"/>
    <default name="resx" value="1280"/>
    <default name="resy" value="720"/>
    <integrator name="temp0" type="path">
        <integer name="max_depth" value="12"/>
    </integrator>
    <sensor name="temp44" type="perspective">
        <string name="fov_axis" value="x"/>
        <float name="fov" value="83.974423"/>
        <float name="principal_point_offset_x" value="0.000000"/>
        <float name="principal_point_offset_y" value="-0.000000"/>
        <float name="near_clip" value="0.100000"/>
        <float name="far_clip" value="1000.000000"/>
        <sampler name="sampler" type="independent">
            <integer name="sample_count" value="$spp"/>
        </sampler>
        <film name="film" type="hdrfilm">
            <integer name="width" value="$resx"/>
            <integer name="height" value="$resy"/>
        </film>
        <float name="shutter_open" value="0.0"/>
        <float name="shutter_close" value="0.0015"/>
        <animation name="to_world">
            <transform time="0">
                <rotate angle="-142.5518126578256" x="1"/>
                <rotate angle="3.976628485794621e-06" y="1"/>
                <rotate angle="-179.999991348578" z="1"/>
                <translate value="-0.000000 3.030926 4.073377"/>
                <translate x="28.5" y="0.0" z="0.0"/>
            </transform>
            <transform time="0.0015">
                <rotate angle="-142.5518126578256" x="1"/>
                <rotate angle="3.976628485794621e-06" y="1"/>
                <rotate angle="-179.999991348578" z="1"/>
                <translate value="-0.000000 3.030926 4.073377"/>
                <translate x="28.65" y="0.0" z="0.0"/>
            </transform>
        </animation>
    </sensor>
    <bsdf id="mat-Material" name="mat-Material" type="twosided">
        <bsdf name="bsdf" type="diffuse">
            <texture name="reflectance" type="bitmap">
                <string name="filename" value="textures/siggraph_2023_logo.jpg"/>
            </texture>
        </bsdf>
    </bsdf>
    <bsdf id="mat-Material.001" name="mat-Material.001" type="twosided">
        <bsdf name="bsdf" type="principled">
            <rgb name="base_color" value="0.433648 0.266232 0.084399"/>
            <float name="spec_tint" value="0.000000"/>
            <float name="spec_trans" value="0.000000"/>
            <float name="metallic" value="0.000000"/>
            <float name="anisotropic" value="0.000000"/>
            <float name="roughness" value="0.500000"/>
            <float name="sheen" value="0.000000"/>
            <float name="sheen_tint" value="0.500000"/>
            <float name="clearcoat" value="0.000000"/>
            <float name="clearcoat_gloss" value="0.173205"/>
            <float name="specular" value="0.500000"/>
        </bsdf>
    </bsdf>
    <bsdf id="mat-Material.002" name="mat-Material.002" type="twosided">
        <bsdf name="bsdf" type="principled">
            <rgb name="base_color" value="0.433648 0.266232 0.084399"/>
            <float name="spec_tint" value="0.000000"/>
            <float name="spec_trans" value="0.000000"/>
            <float name="metallic" value="0.000000"/>
            <float name="anisotropic" value="0.000000"/>
            <float name="roughness" value="0.500000"/>
            <float name="sheen" value="0.000000"/>
            <float name="sheen_tint" value="0.500000"/>
            <float name="clearcoat" value="0.000000"/>
            <float name="clearcoat_gloss" value="0.173205"/>
            <float name="specular" value="0.500000"/>
        </bsdf>
    </bsdf>
    <bsdf id="mat-Material.003" name="mat-Material.003" type="twosided">
        <bsdf name="bsdf" type="principled">
            <rgb name="base_color" value="0.433648 0.266232 0.084399"/>
            <float name="spec_tint" value="0.000000"/>
            <float name="spec_trans" value="0.000000"/>
            <float name="metallic" value="0.000000"/>
            <float name="anisotropic" value="0.000000"/>
            <float name="roughness" value="0.500000"/>
            <float name="sheen" value="0.000000"/>
            <float name="sheen_tint" value="0.500000"/>
            <float name="clearcoat" value="0.000000"/>
            <float name="clearcoat_gloss" value="0.173205"/>
            <float name="specular" value="0.500000"/>
        </bsdf>
    </bsdf>
    <bsdf id="mat-Material.004" name="mat-Material.004" type="twosided">
        <bsdf name="bsdf" type="principled">
            <rgb name="base_color" value="0.433648 0.266232 0.084399"/>
            <float name="spec_tint" value="0.000000"/>
            <float name="spec_trans" value="0.000000"/>
            <float name="metallic" value="0.000000"/>
            <float name="anisotropic" value="0.000000"/>
            <float name="roughness" value="0.500000"/>
            <float name="sheen" value="0.000000"/>
            <float name="sheen_tint" value="0.500000"/>
            <float name="clearcoat" value="0.000000"/>
            <float name="clearcoat_gloss" value="0.173205"/>
            <float name="specular" value="0.500000"/>
        </bsdf>
    </bsdf>
    <bsdf id="mat-Material.005" name="mat-Material.005" type="twosided">
        <bsdf name="bsdf" type="principled">
            <rgb name="base_color" value="0.433648 0.266232 0.084399"/>
            <float name="spec_tint" value="0.000000"/>
            <float name="spec_trans" value="0.000000"/>
            <float name="metallic" value="0.000000"/>
            <float name="anisotropic" value="0.000000"/>
            <float name="roughness" value="0.500000"/>
            <float name="sheen" value="0.000000"/>
            <float name="sheen_tint" value="0.500000"/>
            <float name="clearcoat" value="0.000000"/>
            <float name="clearcoat_gloss" value="0.173205"/>
            <float name="specular" value="0.500000"/>
        </bsdf>
    </bsdf>
    <emitter name="temp45" type="point">
        <point name="position" x="-6.815235034541981e-16" y="3.0693089962005615" z="4.109199523925781"/>
        <rgb name="intensity" value="7.957747 7.957747 7.957747"/>
    </emitter>
    <shape name="temp2" type="ply">
        <string name="filename" value="meshes/Cube.ply"/>
        <boolean name="face_normals" value="true"/>
        <ref id="mat-Material" name="bsdf"/>
        <transform name="to_world">
            <matrix value="0.9999991135176153 0.00018172323814251716 0.0014962453329651869 -0.002412237781912463 -0.00018004634529907257 0.9999993742477937 -0.0011209441062152588 -0.015862298672399244 -0.0014964487515668576 0.0011206721413031917 0.9999983452326863 0.0034644815081421587 0.0 0.0 0.0 1.0"/>
        </transform>
    </shape>
    <shape name="temp4" type="ply">
        <string name="filename" value="meshes/Plane.ply"/>
        <boolean name="face_normals" value="true"/>
        <ref id="mat-Material.001" name="bsdf"/>
    </shape>
    <shape name="temp5" type="ply">
        <string name="filename" value="meshes/Cube_001.ply"/>
        <boolean name="face_normals" value="true"/>
        <ref id="mat-Material" name="bsdf"/>
        <transform name="to_world">
            <matrix value="0.9999982270352306 -0.0001476328836956091 -0.0018663080391905637 0.0025600897631381514 0.000154329491318678 0.9999935338938684 0.0035885993151154485 -0.021551412415545756 0.00186576617786028 -0.0035888724570994715 0.999991962558762 -0.004100290662568673 0.0 0.0 0.0 1.0"/>
        </transform>
    </shape>
    <shape name="temp6" type="ply">
        <string name="filename" value="meshes/Cube_002.ply"/>
        <boolean name="face_normals" value="true"/>
        <ref id="mat-Material" name="bsdf"/>
        <transform name="to_world">
            <matrix value="1.0 3.446351134593042e-05 0.0002828635606526591 -0.0008690016514458776 -3.336205536259789e-05 0.9999924909735245 -0.003892721907842699 -0.015002899592404861 -0.000282996647323621 0.0038927064408674594 0.999992435349423 0.0006569439365750052 0.0 0.0 0.0 1.0"/>
        </transform>
    </shape>
    <shape name="temp7" type="ply">
        <string name="filename" value="meshes/Cube_003.ply"/>
        <boolean name="face_normals" value="true"/>
        <ref id="mat-Material" name="bsdf"/>
        <transform name="to_world">
            <matrix value="0.9999991135176153 -0.0005132732472159241 0.0014446189567306714 -0.0011057192830623563 0.000520396186707374 0.9999876935399428 -0.0049345397690228505 -0.01729519678723712 -0.0014420674896769127 0.004935276363461911 0.9999867618614903 0.0041033770094398014 0.0 0.0 0.0 1.0"/>
        </transform>
    </shape>
    <shape name="temp8" type="ply">
        <string name="filename" value="meshes/Cube_004.ply"/>
        <boolean name="face_normals" value="true"/>
        <ref id="mat-Material" name="bsdf"/>
        <transform name="to_world">
            <matrix value="0.9999995567588077 0.0003704932804642247 0.0012042640044139738 -0.0004502786024391803 -0.0003712122823907366 0.9999997914159312 0.0005966098072857987 -0.01686893377387999 -0.0012040425369707478 -0.0005970552101171616 0.9999992908140084 0.003781719057200938 0.0 0.0 0.0 1.0"/>
        </transform>
    </shape>
    <shape name="temp9" type="ply">
        <string name="filename" value="meshes/Cube_005.ply"/>
        <boolean name="face_normals" value="true"/>
        <ref id="mat-Material" name="bsdf"/>
        <transform name="to_world">
            <matrix value="1.0 -5.56961180418962e-05 0.0008159350309985197 -0.0007265343649707212 5.5923297998145474e-05 1.0 -0.0002784807912246271 -0.01800177874018105 -0.0008159183868857343 0.0002785264787046095 0.9999997636046695 0.0021784942530975737 0.0 0.0 0.0 1.0"/>
        </transform>
    </shape>
    <shape name="temp10" type="ply">
        <string name="filename" value="meshes/Cube_006.ply"/>
        <boolean name="face_normals" value="true"/>
        <ref id="mat-Material" name="bsdf"/>
        <transform name="to_world">
            <matrix value="0.9999991135176153 -0.00023290914286548623 -0.0015560722632157991 -0.001276393566677747 0.00023573117953573145 0.99999833132745 0.0018139937525442048 -0.01714403861705327 0.0015556480452176935 -0.0018143580929575762 0.9999971632560337 -0.003655682287683537 0.0 0.0 0.0 1.0"/>
        </transform>
    </shape>
    <shape name="temp11" type="ply">
        <string name="filename" value="meshes/Cube_007.ply"/>
        <boolean name="face_normals" value="true"/>
        <ref id="mat-Material" name="bsdf"/>
        <transform name="to_world">
            <matrix value="0.9999977837940383 -0.0022248598836518067 -0.0002151422083389871 0.0004567118548259863 0.0022260459162415985 0.9999812274338111 0.005691666733645344 -0.017290969350823526 0.00020247523611458316 -0.00569212157113864 0.9999839251175239 -0.000500234088263829 0.0 0.0 0.0 1.0"/>
        </transform>
    </shape>
    <shape name="temp12" type="ply">
        <string name="filename" value="meshes/Cube_008.ply"/>
        <boolean name="face_normals" value="true"/>
        <ref id="mat-Material" name="bsdf"/>
        <transform name="to_world">
            <matrix value="0.999533267024451 0.030519603773702976 0.0015162845651342418 0.028945329752483318 -0.030507830298904134 0.9995081587658498 -0.007260007914515667 0.04899963797391643 -0.0017371109893675302 0.007210359119191195 0.9999725781416585 0.027183750239100135 0.0 0.0 0.0 1.0"/>
        </transform>
    </shape>
    <shape name="temp13" type="ply">
        <string name="filename" value="meshes/Cube_009.ply"/>
        <boolean name="face_normals" value="true"/>
        <ref id="mat-Material" name="bsdf"/>
        <transform name="to_world">
            <matrix value="0.9513449710740799 0.3078907353214176 0.012078359378582867 0.16062271583231125 -0.307497158823957 0.9511750583513933 -0.02667541644583403 0.6196446361430543 -0.019701751866488662 0.021663457948408817 0.9995714152657484 0.060621070702148394 0.0 0.0 0.0 1.0"/>
        </transform>
    </shape>
    <shape name="temp14" type="ply">
        <string name="filename" value="meshes/Cube_010.ply"/>
        <boolean name="face_normals" value="true"/>
        <ref id="mat-Material" name="bsdf"/>
        <transform name="to_world">
            <matrix value="0.8276465488354281 0.5611009484317607 0.012918437464688447 0.3173868298346436 -0.5604603148430838 0.8274838712368827 -0.033976107996733965 0.9442126706927993 -0.029753828274178364 0.02087993275249623 0.9993392750511677 0.02972075228813731 0.0 0.0 0.0 1.0"/>
        </transform>
    </shape>
    <shape name="temp15" type="ply">
        <string name="filename" value="meshes/Cube_011.ply"/>
        <boolean name="face_normals" value="true"/>
        <ref id="mat-Material" name="bsdf"/>
        <transform name="to_world">
            <matrix value="0.7304384364578291 0.6817518141599381 -0.04091712405223202 0.34697722414359156 -0.6594715323911798 0.7196133685701354 0.21737980834012183 1.304421497681246 0.17764362344355855 -0.13179889158425856 0.9752290788950504 -0.37403961693168397 0.0 0.0 0.0 1.0"/>
        </transform>
    </shape>
    <shape name="temp16" type="ply">
        <string name="filename" value="meshes/Cube_012.ply"/>
        <boolean name="face_normals" value="true"/>
        <ref id="mat-Material" name="bsdf"/>
        <transform name="to_world">
            <matrix value="0.7747625556932558 0.6322468884471542 0.002669399711881371 0.29898521267868805 -0.5478243949314483 0.6691900472025747 0.5020691683281319 1.3554548355288556 0.3156453946353632 -0.39044664106644866 0.8648234765148332 -1.0362352101442076 0.0 0.0 0.0 1.0"/>
        </transform>
    </shape>
    <shape name="temp17" type="ply">
        <string name="filename" value="meshes/Cube_013.ply"/>
        <boolean name="face_normals" value="true"/>
        <ref id="mat-Material" name="bsdf"/>
        <transform name="to_world">
            <matrix value="0.909150182526723 0.37856694401395014 0.17359057558007868 0.3133991502939717 -0.35900639508392324 0.5011144646794168 0.7873999870455359 1.2739430296640628 0.21109490325817737 -0.7781846094159021 0.5914961034957669 -1.02776094701457 0.0 0.0 0.0 1.0"/>
        </transform>
    </shape>
    <shape name="temp18" type="ply">
        <string name="filename" value="meshes/Cube_014.ply"/>
        <boolean name="face_normals" value="true"/>
        <ref id="mat-Material" name="bsdf"/>
        <transform name="to_world">
            <matrix value="0.9372853604526025 0.3181320045137593 0.14243837528326073 0.08984503468859051 -0.2132914736351274 0.2002598123160549 0.9562441699001607 1.01095309306288 0.275687201144626 -0.9266541238113316 0.2555554084651277 -0.8159741257258689 0.0 0.0 0.0 1.0"/>
        </transform>
    </shape>
    <shape name="temp19" type="ply">
        <string name="filename" value="meshes/Cube_015.ply"/>
        <boolean name="face_normals" value="true"/>
        <ref id="mat-Material" name="bsdf"/>
        <transform name="to_world">
            <matrix value="0.9750690126536495 0.1920859866965081 0.11110126655890191 0.042581914010645594 -0.1506684963663087 0.20552806185769146 0.966983609766153 0.6363160871158939 0.16290957702379497 -0.9596152041099406 0.22934535986697563 -0.40311665847589595 0.0 0.0 0.0 1.0"/>
        </transform>
    </shape>
    <shape name="temp20" type="ply">
        <string name="filename" value="meshes/Cube_016.ply"/>
        <boolean name="face_normals" value="true"/>
        <ref id="mat-Material" name="bsdf"/>
        <transform name="to_world">
            <matrix value="0.9708187728601645 0.186557528529086 0.15069107810927232 0.06697415510919225 -0.18854602705189646 0.2054629210530158 0.9603309723743688 0.3557419987325685 0.1481955651059258 -0.9607190310018502 0.23464189180563955 -0.15903598043996636 0.0 0.0 0.0 1.0"/>
        </transform>
    </shape>
    <shape name="temp21" type="ply">
        <string name="filename" value="meshes/Cube_017.ply"/>
        <boolean name="face_normals" value="true"/>
        <ref id="mat-Material" name="bsdf"/>
        <transform name="to_world">
            <matrix value="0.9426255303380867 0.1704924044111359 0.2870354654458582 0.17825548359768106 -0.31882250317803934 0.2046498394945591 0.9254569876332147 0.1529711092756695 0.09904166821801084 -0.963872822121592 0.24726502422342952 0.07267511482489636 0.0 0.0 0.0 1.0"/>
        </transform>
    </shape>
    <shape name="temp22" type="ply">
        <string name="filename" value="meshes/Cube_018.ply"/>
        <boolean name="face_normals" value="true"/>
        <ref id="mat-Material" name="bsdf"/>
        <transform name="to_world">
            <matrix value="0.18617920773296315 0.9788602132146351 0.08467451436125273 0.8645906858408181 -0.3810678389509722 -0.007494550741203488 0.9245168434036957 -0.12316204299851147 0.9056073556762353 -0.2043924884705156 0.3716167691282828 -0.20600948258862478 0.0 0.0 0.0 1.0"/>
        </transform>
    </shape>
    <shape name="temp23" type="ply">
        <string name="filename" value="meshes/Cube_019.ply"/>
        <boolean name="face_normals" value="true"/>
        <ref id="mat-Material" name="bsdf"/>
        <transform name="to_world">
            <matrix value="-0.05019121425038163 0.9879302828608557 -0.1465414890352754 0.46479866963238237 -0.9622642178477271 -0.008543559654000747 0.27198299277434035 0.08035345059008406 0.2674481895370257 0.15466275084841571 0.9510789319280735 -0.04537545148964872 0.0 0.0 0.0 1.0"/>
        </transform>
    </shape>
    <shape name="temp24" type="ply">
        <string name="filename" value="meshes/Cube_020.ply"/>
        <boolean name="face_normals" value="true"/>
        <ref id="mat-Material" name="bsdf"/>
        <transform name="to_world">
            <matrix value="0.056061193489527546 0.9942037483336178 -0.09173909422022386 -0.07881097464462722 -0.8871644127006875 0.007450944684641416 -0.46139286091547327 0.32061791855772637 -0.4580349778859676 0.10725392792340623 0.8824401289657771 0.13098421773894653 0.0 0.0 0.0 1.0"/>
        </transform>
    </shape>
    <shape name="temp25" type="ply">
        <string name="filename" value="meshes/Cube_021.ply"/>
        <boolean name="face_normals" value="true"/>
        <ref id="mat-Material" name="bsdf"/>
        <transform name="to_world">
            <matrix value="0.2860751347009983 0.9164998341756654 -0.2796232898570801 -0.11654874018891771 -0.6726034391970598 -0.015777365708361926 -0.7398348825895311 0.26874505480173994 -0.682470431380058 0.3997238346929538 0.6119275155181715 0.22184460475937007 0.0 0.0 0.0 1.0"/>
        </transform>
    </shape>
    <shape name="temp26" type="ply">
        <string name="filename" value="meshes/Cube_022.ply"/>
        <boolean name="face_normals" value="true"/>
        <ref id="mat-Material" name="bsdf"/>
        <transform name="to_world">
            <matrix value="0.6309697939992235 0.3931498905976559 -0.6688129786709949 -0.07950100001096827 -0.7211002310173095 -0.020789749344524565 -0.6925191752072359 -0.20348636240056803 -0.28616825967551196 0.919239377334838 0.2703825963866501 0.6656106879679031 0.0 0.0 0.0 1.0"/>
        </transform>
    </shape>
    <shape name="temp27" type="ply">
        <string name="filename" value="meshes/Cube_023.ply"/>
        <boolean name="face_normals" value="true"/>
        <ref id="mat-Material" name="bsdf"/>
        <transform name="to_world">
            <matrix value="0.8488188508706144 0.31940561883764446 -0.4212921746999316 -0.08907809331241157 -0.48169147930861467 0.138798368038246 -0.8652794831074261 -0.28833182184269557 -0.217900472849704 0.9373980806093992 0.27166953256605714 0.1427048086114311 0.0 0.0 0.0 1.0"/>
        </transform>
    </shape>
    <shape name="temp28" type="ply">
        <string name="filename" value="meshes/Cube_024.ply"/>
        <boolean name="face_normals" value="true"/>
        <ref id="mat-Material" name="bsdf"/>
        <transform name="to_world">
            <matrix value="0.8869406961014277 0.36389868654611895 -0.2844533192504755 -0.15010735710967915 -0.3683988532463871 0.1858769812879232 -0.9108964536445304 -0.49903538130344904 -0.27860075847432836 0.9127033955400554 0.29892189545558345 -0.2629448678021109 0.0 0.0 0.0 1.0"/>
        </transform>
    </shape>
    <shape name="temp29" type="ply">
        <string name="filename" value="meshes/Cube_025.ply"/>
        <boolean name="face_normals" value="true"/>
        <ref id="mat-Material" name="bsdf"/>
        <transform name="to_world">
            <matrix value="0.8952399441870691 0.3804644332875144 -0.23193254128289853 -0.2781497290707743 -0.3205071743019395 0.1882298095836036 -0.9283561399668385 -0.7920013641206773 -0.30954994175810735 0.9054369523364545 0.2904523235533433 -0.7252853428189822 0.0 0.0 0.0 1.0"/>
        </transform>
    </shape>
    <shape name="temp30" type="ply">
        <string name="filename" value="meshes/Cube_026.ply"/>
        <boolean name="face_normals" value="true"/>
        <ref id="mat-Material" name="bsdf"/>
        <transform name="to_world">
            <matrix value="0.9251693624595986 0.24407965408418036 -0.29066697051346485 -0.3030554226860932 -0.3424801029028752 0.2067149677841906 -0.9165023325127264 -1.133620672619448 -0.16361446349199596 0.9474670593609402 0.27483888476247703 -0.8478169055129099 0.0 0.0 0.0 1.0"/>
        </transform>
    </shape>
    <shape name="temp31" type="ply">
        <string name="filename" value="meshes/Cube_027.ply"/>
        <boolean name="face_normals" value="true"/>
        <ref id="mat-Material" name="bsdf"/>
        <transform name="to_world">
            <matrix value="0.8753525983685179 0.197849936277567 -0.4411505644411307 -0.5372638748991635 -0.476941263450154 0.20373922402554737 -0.8549955770433657 -1.573959495224703 -0.07928117802871139 0.958825087657455 0.2727063624857631 -0.9866844266586828 0.0 0.0 0.0 1.0"/>
        </transform>
    </shape>
    <shape name="temp32" type="ply">
        <string name="filename" value="meshes/Cube_028.ply"/>
        <boolean name="face_normals" value="true"/>
        <ref id="mat-Material" name="bsdf"/>
        <transform name="to_world">
            <matrix value="-0.11543317075246397 0.980655496294504 0.15808211995550095 -1.4687780391419936 -0.8095556595694886 -0.0006613470776329046 -0.5870431246545673 -2.1159395568057557 -0.5755823746026343 -0.19574046301491588 0.7939715408389482 -1.2799106411283372 0.0 0.0 0.0 1.0"/>
        </transform>
    </shape>
    <shape name="temp33" type="ply">
        <string name="filename" value="meshes/Cube_029.ply"/>
        <boolean name="face_normals" value="true"/>
        <ref id="mat-Material" name="bsdf"/>
        <transform name="to_world">
            <matrix value="-0.009980116200110987 0.9825027168074958 0.1859805985624327 -1.6383639837403 -0.9998639249539473 -0.007361524165507288 -0.014765205065857375 -1.915191610073595 -0.013137744292383168 -0.18610262753351425 0.982442682406183 -0.22239737792851244 0.0 0.0 0.0 1.0"/>
        </transform>
    </shape>
    <shape name="temp34" type="ply">
        <string name="filename" value="meshes/Cube_030.ply"/>
        <boolean name="face_normals" value="true"/>
        <ref id="mat-Material" name="bsdf"/>
        <transform name="to_world">
            <matrix value="-0.04357032830377215 0.9819380098720978 -0.18411710645529214 -3.2085460322887114 -0.96856075382917 0.0036645932028324915 0.24874888459035094 -1.8556488556481845 0.24493079948756166 0.18916669659780852 0.9509074788740798 0.31966614964111395 0.0 0.0 0.0 1.0"/>
        </transform>
    </shape>
    <shape name="temp35" type="ply">
        <string name="filename" value="meshes/Cube_031.ply"/>
        <boolean name="face_normals" value="true"/>
        <ref id="mat-Material" name="bsdf"/>
        <transform name="to_world">
            <matrix value="0.1172592358167251 0.9836063351153367 0.13699998250674553 -1.9777313038166728 -0.7556260604545527 -0.0011500261773006303 0.6550022906707529 -1.0896969952552475 0.6444221641871755 -0.18032578745700562 0.7431037572201044 0.6485140369591282 0.0 0.0 0.0 1.0"/>
        </transform>
    </shape>
    <shape name="temp36" type="ply">
        <string name="filename" value="meshes/Cube_032.ply"/>
        <boolean name="face_normals" value="true"/>
        <ref id="mat-Material" name="bsdf"/>
        <transform name="to_world">
            <matrix value="0.7745147838667298 0.5915884302588738 0.2239417172040484 -0.5874612495938734 -0.26358290471910034 -0.019992213556712966 0.9644295946151035 0.3470271451188918 0.5750225609766908 -0.8059922031275096 0.14044832847225736 -0.17712596721906948 0.0 0.0 0.0 1.0"/>
        </transform>
    </shape>
    <shape name="temp37" type="ply">
        <string name="filename" value="meshes/Cube_033.ply"/>
        <boolean name="face_normals" value="true"/>
        <ref id="mat-Material" name="bsdf"/>
        <transform name="to_world">
            <matrix value="0.9781415605990493 0.16075711845280682 0.13189762569257923 -0.13280325345947386 -0.1497267418049136 0.10432557470125546 0.9832081304864402 0.30119633278187985 0.14429743611564694 -0.9814648024813161 0.12611478127994832 -0.39149742322116865 0.0 0.0 0.0 1.0"/>
        </transform>
    </shape>
    <shape name="temp38" type="ply">
        <string name="filename" value="meshes/Cube_034.ply"/>
        <boolean name="face_normals" value="true"/>
        <ref id="mat-Material" name="bsdf"/>
        <transform name="to_world">
            <matrix value="0.9999255354796844 0.001139421763244567 0.012168638755312395 -0.036509521271729906 -0.012174386155272708 0.1805407959150896 0.9834922776737376 0.3696926491057049 -0.001076322587393866 -0.983566704142271 0.18054121292552933 -0.3544682433983817 0.0 0.0 0.0 1.0"/>
        </transform>
    </shape>
    <shape name="temp39" type="ply">
        <string name="filename" value="meshes/Cube_035.ply"/>
        <boolean name="face_normals" value="true"/>
        <ref id="mat-Material" name="bsdf"/>
        <transform name="to_world">
            <matrix value="0.9989716804337381 -0.04524474211708659 0.0030095962320475476 0.008763856352146604 0.006636601616589277 0.21154283378144145 0.9773462354752799 0.09166209691395459 -0.044856451907444146 -0.9763209107614779 0.21162549684388596 -0.1433503471319268 0.0 0.0 0.0 1.0"/>
        </transform>
    </shape>
    <shape name="temp40" type="ply">
        <string name="filename" value="meshes/Cube_036.ply"/>
        <boolean name="face_normals" value="true"/>
        <ref id="mat-Material" name="bsdf"/>
        <transform name="to_world">
            <matrix value="0.9996542718699637 -0.026121879843061347 0.0030902543188244913 0.00441702325761284 0.002510983516746539 0.21171178687714193 0.9773289786161513 -0.2503471203553881 -0.026183923819249787 -0.9769829565957411 0.21170409829128725 0.23497530487113466 0.0 0.0 0.0 1.0"/>
        </transform>
    </shape>
    <shape name="temp41" type="ply">
        <string name="filename" value="meshes/Cube_037.ply"/>
        <boolean name="face_normals" value="true"/>
        <ref id="mat-Material" name="bsdf"/>
        <transform name="to_world">
            <matrix value="0.9989286860380797 -0.04617358783370844 0.0030919090861382032 -0.004871156882138017 0.006757464624920438 0.21163690519645492 0.9773249598955323 -0.5694925873691014 -0.04578096438645668 -0.9762568754523667 0.21172215889453977 0.5095201943847476 0.0 0.0 0.0 1.0"/>
        </transform>
    </shape>
    <shape name="temp42" type="ply">
        <string name="filename" value="meshes/Cube_038.ply"/>
        <boolean name="face_normals" value="true"/>
        <ref id="mat-Material" name="bsdf"/>
        <transform name="to_world">
            <matrix value="0.9992611169323455 -0.03830515014924191 0.0031463509307593346 0.005350763449231799 0.00503677128931771 0.21167048723152626 0.9773282694301596 -0.9049208813307914 -0.03810269277889179 -0.9765901927942549 0.21170702959338586 0.8579029236008262 0.0 0.0 0.0 1.0"/>
        </transform>
    </shape>
    <shape name="temp43" type="ply">
        <string name="filename" value="meshes/Cube_039.ply"/>
        <boolean name="face_normals" value="true"/>
        <ref id="mat-Material" name="bsdf"/>
        <transform name="to_world">
            <matrix value="0.9999654394205673 -0.004481309138909472 -0.007030878782066185 0.020497450548401908 0.008278029552485591 0.4330060176366589 0.9013530019476087 -1.3192768399179586 -0.0009948238380370008 -0.9013798884615201 0.43302801405661095 1.471432301363848 0.0 0.0 0.0 1.0"/>
        </transform>
    </shape>
    <shape name="temp47" type="ply">
        <string name="filename" value="meshes/Plane_001.ply"/>
        <boolean name="face_normals" value="true"/>
        <ref id="mat-Material.002" name="bsdf"/>
    </shape>
    <shape name="temp49" type="ply">
        <string name="filename" value="meshes/Plane_002.ply"/>
        <boolean name="face_normals" value="true"/>
        <ref id="mat-Material.003" name="bsdf"/>
    </shape>
    <shape name="temp51" type="ply">
        <string name="filename" value="meshes/Plane_003.ply"/>
        <boolean name="face_normals" value="true"/>
        <ref id="mat-Material.004" name="bsdf"/>
    </shape>
    <shape name="temp53" type="ply">
        <string name="filename" value="meshes/Plane_004.ply"/>
        <boolean name="face_normals" value="true"/>
        <ref id="mat-Material.005" name="bsdf"/>
    </shape>
    <emitter type="point">
        <rgb name="intensity" value="100"/>
        <animation name="to_world">
            <transform time="0">
                <rotate angle="-142.5518126578256" x="1"/>
                <rotate angle="3.976628485794621e-06" y="1"/>
                <rotate angle="-179.999991348578" z="1"/>
                <translate value="-0.000000 3.030926 4.073377"/>
                <translate x="28.5" y="0.0" z="0.0"/>
            </transform>
            <transform time="0.0015">
                <rotate angle="-142.5518126578256" x="1"/>
                <rotate angle="3.976628485794621e-06" y="1"/>
                <rotate angle="-179.999991348578" z="1"/>
                <translate value="-0.000000 3.030926 4.073377"/>
                <translate x="28.65" y="0.0" z="0.0"/>
            </transform>
        </animation>
    </emitter>
</scene>
