
<scene version="2.1.0">
    <default name="spp" value="1024"/>
    <default name="resx" value="1280"/>
    <default name="resy" value="720"/>
    <integrator name="temp0" type="path">
        <integer name="max_depth" value="12"/>
    </integrator>
    <sensor name="temp44" type="perspective">
        <string name="fov_axis" value="x"/>
        <float name="fov" value="83.974423"/>
        <float name="principal_point_offset_x" value="0.000000"/>
        <float name="principal_point_offset_y" value="-0.000000"/>
        <float name="near_clip" value="0.100000"/>
        <float name="far_clip" value="1000.000000"/>
        <sampler name="sampler" type="independent">
            <integer name="sample_count" value="$spp"/>
        </sampler>
        <film name="film" type="hdrfilm">
            <integer name="width" value="$resx"/>
            <integer name="height" value="$resy"/>
        </film>
        <float name="shutter_open" value="0.0"/>
        <float name="shutter_close" value="0.0015"/>
        <animation name="to_world">
            <transform time="0">
                <rotate angle="-142.5518126578256" x="1"/>
                <rotate angle="3.976628485794621e-06" y="1"/>
                <rotate angle="-179.999991348578" z="1"/>
                <translate value="-0.000000 3.030926 4.073377"/>
            </transform>
            <transform time="0.0015">
                <rotate angle="-142.5518126578256" x="1"/>
                <rotate angle="3.976628485794621e-06" y="1"/>
                <rotate angle="-179.999991348578" z="1"/>
                <translate value="-0.000000 3.030926 4.073377"/>
                <translate x="0.15" y="0.0" z="0.0"/>
            </transform>
        </animation>
    </sensor>
    <bsdf id="mat-Material" name="mat-Material" type="twosided">
        <bsdf name="bsdf" type="diffuse">
            <texture name="reflectance" type="bitmap">
                <string name="filename" value="textures/siggraph_2023_logo.jpg"/>
            </texture>
        </bsdf>
    </bsdf>
    <bsdf id="mat-Material.001" name="mat-Material.001" type="twosided">
        <bsdf name="bsdf" type="principled">
            <rgb name="base_color" value="0.433648 0.266232 0.084399"/>
            <float name="spec_tint" value="0.000000"/>
            <float name="spec_trans" value="0.000000"/>
            <float name="metallic" value="0.000000"/>
            <float name="anisotropic" value="0.000000"/>
            <float name="roughness" value="0.500000"/>
            <float name="sheen" value="0.000000"/>
            <float name="sheen_tint" value="0.500000"/>
            <float name="clearcoat" value="0.000000"/>
            <float name="clearcoat_gloss" value="0.173205"/>
            <float name="specular" value="0.500000"/>
        </bsdf>
    </bsdf>
    <bsdf id="mat-Material.002" name="mat-Material.002" type="twosided">
        <bsdf name="bsdf" type="principled">
            <rgb name="base_color" value="0.433648 0.266232 0.084399"/>
            <float name="spec_tint" value="0.000000"/>
            <float name="spec_trans" value="0.000000"/>
            <float name="metallic" value="0.000000"/>
            <float name="anisotropic" value="0.000000"/>
            <float name="roughness" value="0.500000"/>
            <float name="sheen" value="0.000000"/>
            <float name="sheen_tint" value="0.500000"/>
            <float name="clearcoat" value="0.000000"/>
            <float name="clearcoat_gloss" value="0.173205"/>
            <float name="specular" value="0.500000"/>
        </bsdf>
    </bsdf>
    <bsdf id="mat-Material.003" name="mat-Material.003" type="twosided">
        <bsdf name="bsdf" type="principled">
            <rgb name="base_color" value="0.433648 0.266232 0.084399"/>
            <float name="spec_tint" value="0.000000"/>
            <float name="spec_trans" value="0.000000"/>
            <float name="metallic" value="0.000000"/>
            <float name="anisotropic" value="0.000000"/>
            <float name="roughness" value="0.500000"/>
            <float name="sheen" value="0.000000"/>
            <float name="sheen_tint" value="0.500000"/>
            <float name="clearcoat" value="0.000000"/>
            <float name="clearcoat_gloss" value="0.173205"/>
            <float name="specular" value="0.500000"/>
        </bsdf>
    </bsdf>
    <bsdf id="mat-Material.004" name="mat-Material.004" type="twosided">
        <bsdf name="bsdf" type="principled">
            <rgb name="base_color" value="0.433648 0.266232 0.084399"/>
            <float name="spec_tint" value="0.000000"/>
            <float name="spec_trans" value="0.000000"/>
            <float name="metallic" value="0.000000"/>
            <float name="anisotropic" value="0.000000"/>
            <float name="roughness" value="0.500000"/>
            <float name="sheen" value="0.000000"/>
            <float name="sheen_tint" value="0.500000"/>
            <float name="clearcoat" value="0.000000"/>
            <float name="clearcoat_gloss" value="0.173205"/>
            <float name="specular" value="0.500000"/>
        </bsdf>
    </bsdf>
    <bsdf id="mat-Material.005" name="mat-Material.005" type="twosided">
        <bsdf name="bsdf" type="principled">
            <rgb name="base_color" value="0.433648 0.266232 0.084399"/>
            <float name="spec_tint" value="0.000000"/>
            <float name="spec_trans" value="0.000000"/>
            <float name="metallic" value="0.000000"/>
            <float name="anisotropic" value="0.000000"/>
            <float name="roughness" value="0.500000"/>
            <float name="sheen" value="0.000000"/>
            <float name="sheen_tint" value="0.500000"/>
            <float name="clearcoat" value="0.000000"/>
            <float name="clearcoat_gloss" value="0.173205"/>
            <float name="specular" value="0.500000"/>
        </bsdf>
    </bsdf>
    <emitter name="temp45" type="point">
        <point name="position" x="-6.815235034541981e-16" y="3.0693089962005615" z="4.109199523925781"/>
        <rgb name="intensity" value="7.957747 7.957747 7.957747"/>
    </emitter>
    <shape name="temp2" type="ply">
        <string name="filename" value="meshes/Cube.ply"/>
        <boolean name="face_normals" value="true"/>
        <ref id="mat-Material" name="bsdf"/>
        <transform name="to_world">
            <matrix value="0.9495219200499267 -0.31106517626396735 -0.04057581647401235 0.32522046511389924 0.05147679100468594 0.2820955607052645 -0.9580043695312895 1.2213553362279246 0.30944817358034277 0.9075574179795296 0.28386871359807403 1.3592993107039713 0.0 0.0 0.0 1.0"/>
        </transform>
    </shape>
    <shape name="temp4" type="ply">
        <string name="filename" value="meshes/Plane.ply"/>
        <boolean name="face_normals" value="true"/>
        <ref id="mat-Material.001" name="bsdf"/>
    </shape>
    <shape name="temp5" type="ply">
        <string name="filename" value="meshes/Cube_001.ply"/>
        <boolean name="face_normals" value="true"/>
        <ref id="mat-Material" name="bsdf"/>
        <transform name="to_world">
            <matrix value="0.9982713593498184 -0.02209466379376876 -0.05446375846827173 0.04042607575630974 -0.054475450643320274 7.339927371027255e-05 -0.9985152009289391 1.172714172022313 0.022065858549324767 0.9997559566395439 -0.001130343184557144 1.0819652804180575 0.0 0.0 0.0 1.0"/>
        </transform>
    </shape>
    <shape name="temp6" type="ply">
        <string name="filename" value="meshes/Cube_002.ply"/>
        <boolean name="face_normals" value="true"/>
        <ref id="mat-Material" name="bsdf"/>
        <transform name="to_world">
            <matrix value="0.9997305093550486 -0.022385763720138584 0.006208072333188817 -0.04101120161192551 0.010964865157164461 0.21911547839799095 -0.9756373336308762 0.6544444674668823 0.02048010556232237 0.9754421460797668 0.21930186785406466 0.5438314098600229 0.0 0.0 0.0 1.0"/>
        </transform>
    </shape>
    <shape name="temp7" type="ply">
        <string name="filename" value="meshes/Cube_003.ply"/>
        <boolean name="face_normals" value="true"/>
        <ref id="mat-Material" name="bsdf"/>
        <transform name="to_world">
            <matrix value="0.995778570884018 -0.04775993225189447 0.07838781694112952 -0.07905721429815538 0.08701635737296264 0.21931196459076852 -0.9717668328841034 0.14112019514314203 0.029220134851700365 0.9744851623722685 0.2225419731729123 0.21938183208959972 0.0 0.0 0.0 1.0"/>
        </transform>
    </shape>
    <shape name="temp8" type="ply">
        <string name="filename" value="meshes/Cube_004.ply"/>
        <boolean name="face_normals" value="true"/>
        <ref id="mat-Material" name="bsdf"/>
        <transform name="to_world">
            <matrix value="0.9771194464094803 -0.17240084434831038 0.12456074201657509 0.05135706125936368 0.16149164844945368 0.22025059290021548 -0.9619824301534537 -0.3750668378858848 0.13841203523944776 0.960087229857558 0.2430524594333793 -0.3582328097828128 0.0 0.0 0.0 1.0"/>
        </transform>
    </shape>
    <shape name="temp9" type="ply">
        <string name="filename" value="meshes/Cube_005.ply"/>
        <boolean name="face_normals" value="true"/>
        <ref id="mat-Material" name="bsdf"/>
        <transform name="to_world">
            <matrix value="0.9722411338464293 -0.21857774866871219 0.08349457070844371 0.12715596964992182 0.13229087437303533 0.2191732561850391 -0.9666758230458026 -0.6337712378958483 0.19299412971364846 0.950887420920565 0.24200499172379947 -0.8031129786443031 0.0 0.0 0.0 1.0"/>
        </transform>
    </shape>
    <shape name="temp10" type="ply">
        <string name="filename" value="meshes/Cube_006.ply"/>
        <boolean name="face_normals" value="true"/>
        <ref id="mat-Material" name="bsdf"/>
        <transform name="to_world">
            <matrix value="0.9874638093566442 -0.1430223622980124 -0.06678612510702799 0.03360049649414343 -0.03409315954732663 0.21986950980658002 -0.9749333483365569 -0.5425122458520625 0.15412152255122538 0.9649881211372838 0.212237098843034 -1.0402105147387428 0.0 0.0 0.0 1.0"/>
        </transform>
    </shape>
    <shape name="temp11" type="ply">
        <string name="filename" value="meshes/Cube_007.ply"/>
        <boolean name="face_normals" value="true"/>
        <ref id="mat-Material" name="bsdf"/>
        <transform name="to_world">
            <matrix value="0.9193394110565629 -0.2515354916222209 -0.3025647474990556 0.18010739237887696 -0.25303323245163795 0.21092062750431248 -0.94418588048514 -0.2845400165121478 0.3013133679770649 0.9445858876190755 0.13026084806352037 -1.817863547615636 0.0 0.0 0.0 1.0"/>
        </transform>
    </shape>
    <shape name="temp12" type="ply">
        <string name="filename" value="meshes/Cube_008.ply"/>
        <boolean name="face_normals" value="true"/>
        <ref id="mat-Material" name="bsdf"/>
        <transform name="to_world">
            <matrix value="0.31104171431509486 0.8875287585284811 -0.3399201740247865 1.765696614625488 -0.588881826579224 -0.10075202900152892 -0.8019148967354278 0.4580939140609271 -0.7459704943203074 0.44960170872069133 0.4913112896263583 0.9766468839164129 0.0 0.0 0.0 1.0"/>
        </transform>
    </shape>
    <shape name="temp13" type="ply">
        <string name="filename" value="meshes/Cube_009.ply"/>
        <boolean name="face_normals" value="true"/>
        <ref id="mat-Material" name="bsdf"/>
        <transform name="to_world">
            <matrix value="-0.06822124650061079 0.99075743132891 0.1172413043159641 2.609924682644571 -0.8643438168740148 -5.837183447602639e-06 -0.5029015162869291 1.0704399690044757 -0.4982527432197395 -0.13564534867955858 0.8563555593799066 0.8750612526829653 0.0 0.0 0.0 1.0"/>
        </transform>
    </shape>
    <shape name="temp14" type="ply">
        <string name="filename" value="meshes/Cube_010.ply"/>
        <boolean name="face_normals" value="true"/>
        <ref id="mat-Material" name="bsdf"/>
        <transform name="to_world">
            <matrix value="0.0122797977756384 0.994336316780797 0.10556658996426174 1.941342352967091 -0.9929799459954931 -0.00029501922102193685 0.11828496606072239 2.0390367412197072 0.11764618537765036 -0.10627796330171894 0.987352377025967 -0.36594099741615116 0.0 0.0 0.0 1.0"/>
        </transform>
    </shape>
    <shape name="temp15" type="ply">
        <string name="filename" value="meshes/Cube_011.ply"/>
        <boolean name="face_normals" value="true"/>
        <ref id="mat-Material" name="bsdf"/>
        <transform name="to_world">
            <matrix value="0.05327497619794797 0.9829501296349988 0.17598537847601603 1.637228848811061 -0.931523224951997 -0.014573063870527697 0.36339068441648886 2.074485179938645 0.3597595948420909 -0.18329402218917323 0.9148641128721513 -0.91429959833999 0.0 0.0 0.0 1.0"/>
        </transform>
    </shape>
    <shape name="temp16" type="ply">
        <string name="filename" value="meshes/Cube_012.ply"/>
        <boolean name="face_normals" value="true"/>
        <ref id="mat-Material" name="bsdf"/>
        <transform name="to_world">
            <matrix value="0.09330741258840446 0.9904209852259904 0.10178329545492154 1.0955549147497767 -0.7383250269933886 0.0002462355790189457 0.6744453338162102 1.8461817479583509 0.6679600444659565 -0.13807983763816087 0.7312754804616896 -1.835244951707919 0.0 0.0 0.0 1.0"/>
        </transform>
    </shape>
    <shape name="temp17" type="ply">
        <string name="filename" value="meshes/Cube_013.ply"/>
        <boolean name="face_normals" value="true"/>
        <ref id="mat-Material" name="bsdf"/>
        <transform name="to_world">
            <matrix value="0.8970851572708398 0.1734410322408395 0.4063952501559027 0.7021395931416116 -0.43001128492075735 0.1311371169092847 0.8932488330344508 1.478958654746854 0.10163254595967923 -0.9760743643921965 0.19222273546275095 -1.387179603223427 0.0 0.0 0.0 1.0"/>
        </transform>
    </shape>
    <shape name="temp18" type="ply">
        <string name="filename" value="meshes/Cube_014.ply"/>
        <boolean name="face_normals" value="true"/>
        <ref id="mat-Material" name="bsdf"/>
        <transform name="to_world">
            <matrix value="0.9396868412327779 0.297464034891943 0.16883066104171857 0.11094480514988347 -0.2161447501626695 0.1338842316701535 0.9671384487076504 1.0251182764808446 0.26508518209234666 -0.9452988279661176 0.19010456238260015 -0.8642550037644632 0.0 0.0 0.0 1.0"/>
        </transform>
    </shape>
    <shape name="temp19" type="ply">
        <string name="filename" value="meshes/Cube_015.ply"/>
        <boolean name="face_normals" value="true"/>
        <ref id="mat-Material" name="bsdf"/>
        <transform name="to_world">
            <matrix value="0.9831355591133049 0.1304844573581159 0.1281359140769164 0.017004695542825354 -0.14943402532148284 0.1692692674318921 0.9741752285115464 0.639552293908684 0.10542527219441622 -0.9768938911983781 0.18591343864902904 -0.29584640648837274 0.0 0.0 0.0 1.0"/>
        </transform>
    </shape>
    <shape name="temp20" type="ply">
        <string name="filename" value="meshes/Cube_016.ply"/>
        <boolean name="face_normals" value="true"/>
        <ref id="mat-Material" name="bsdf"/>
        <transform name="to_world">
            <matrix value="0.985200176587291 0.02519174090521314 0.1695475535210848 0.03645204637287547 -0.17135961576307518 0.1684653427140542 0.9706983259901064 0.3267356000972367 -0.004109311256376025 -0.9853855572219106 0.17028893655669397 0.1954253377507127 0.0 0.0 0.0 1.0"/>
        </transform>
    </shape>
    <shape name="temp21" type="ply">
        <string name="filename" value="meshes/Cube_017.ply"/>
        <boolean name="face_normals" value="true"/>
        <ref id="mat-Material" name="bsdf"/>
        <transform name="to_world">
            <matrix value="0.94275983241937 -0.14429603919711823 0.3006374163692419 0.2192605863740037 -0.2839815292530322 0.1251998131086744 0.9506207977775056 0.16174899006347254 -0.17481060303850704 -0.9815822353120314 0.07705594200938869 0.45742480216130077 0.0 0.0 0.0 1.0"/>
        </transform>
    </shape>
    <shape name="temp22" type="ply">
        <string name="filename" value="meshes/Cube_018.ply"/>
        <boolean name="face_normals" value="true"/>
        <ref id="mat-Material" name="bsdf"/>
        <transform name="to_world">
            <matrix value="0.19565127201357382 0.9570648467011387 0.2138858853548838 0.8539545425241365 -0.613830986814461 -0.05057748585278554 0.7878158064319387 0.031552429477173724 0.7648086882365561 -0.28542685686752617 0.5775804559687694 -0.15516826530184918 0.0 0.0 0.0 1.0"/>
        </transform>
    </shape>
    <shape name="temp23" type="ply">
        <string name="filename" value="meshes/Cube_019.ply"/>
        <boolean name="face_normals" value="true"/>
        <ref id="mat-Material" name="bsdf"/>
        <transform name="to_world">
            <matrix value="-0.08113605377047553 0.98373252847694 -0.1602718735417363 0.5077082745353523 -0.913581707967881 -0.009113494763496953 0.40655387142268856 -0.046243004718677844 0.3984796383861056 0.17940753781107707 0.8994594111581432 -0.05476670743428402 0.0 0.0 0.0 1.0"/>
        </transform>
    </shape>
    <shape name="temp24" type="ply">
        <string name="filename" value="meshes/Cube_020.ply"/>
        <boolean name="face_normals" value="true"/>
        <ref id="mat-Material" name="bsdf"/>
        <transform name="to_world">
            <matrix value="0.09887298824216201 0.9409464927222189 -0.3237958848537759 0.14109729027345783 -0.961264535951404 0.006184078576896671 -0.2755570545528063 0.140950442843467 -0.2572819996252036 0.33849877601093104 0.9051102049281883 0.11837918452392604 0.0 0.0 0.0 1.0"/>
        </transform>
    </shape>
    <shape name="temp25" type="ply">
        <string name="filename" value="meshes/Cube_021.ply"/>
        <boolean name="face_normals" value="true"/>
        <ref id="mat-Material" name="bsdf"/>
        <transform name="to_world">
            <matrix value="0.18844607616302056 0.9411100426971588 -0.28071283593549434 -0.17438552953667494 -0.7962593102812454 -0.020896118876232474 -0.6045945323651211 0.09217959497371388 -0.5748559022883656 0.33745377255575976 0.7454298872725228 0.3123907374001005 0.0 0.0 0.0 1.0"/>
        </transform>
    </shape>
    <shape name="temp26" type="ply">
        <string name="filename" value="meshes/Cube_022.ply"/>
        <boolean name="face_normals" value="true"/>
        <ref id="mat-Material" name="bsdf"/>
        <transform name="to_world">
            <matrix value="0.6374646071907906 0.4012325232623383 -0.6577626789453553 -0.08642396469176872 -0.7117052907041684 -0.02039267619617749 -0.7021823071333236 -0.19543270310711586 -0.295151827838029 0.9157491401121766 0.2725597973808343 0.6915211029847327 0.0 0.0 0.0 1.0"/>
        </transform>
    </shape>
    <shape name="temp27" type="ply">
        <string name="filename" value="meshes/Cube_023.ply"/>
        <boolean name="face_normals" value="true"/>
        <ref id="mat-Material" name="bsdf"/>
        <transform name="to_world">
            <matrix value="0.8561757681813105 0.28537679669102234 -0.4307245847834217 -0.0665016244530261 -0.480294383070314 0.13226132246471278 -0.8670782151774313 -0.28707077272727677 -0.19047576623104923 0.949245447131239 0.2503036498020662 0.2071510168066253 0.0 0.0 0.0 1.0"/>
        </transform>
    </shape>
    <shape name="temp28" type="ply">
        <string name="filename" value="meshes/Cube_024.ply"/>
        <boolean name="face_normals" value="true"/>
        <ref id="mat-Material" name="bsdf"/>
        <transform name="to_world">
            <matrix value="0.8533802459811322 0.44914386668975 -0.2645982390439038 -0.19483003596784398 -0.3750552721766866 0.1764862344943818 -0.9100473216172655 -0.5101026576759843 -0.3620443702163194 0.8758551425359233 0.3190637231980884 -0.35167467537231206 0.0 0.0 0.0 1.0"/>
        </transform>
    </shape>
    <shape name="temp29" type="ply">
        <string name="filename" value="meshes/Cube_025.ply"/>
        <boolean name="face_normals" value="true"/>
        <ref id="mat-Material" name="bsdf"/>
        <transform name="to_world">
            <matrix value="0.9021890796007992 0.35712179015191176 -0.24190665126629887 -0.26080145271371513 -0.32113569031269784 0.18169514186845437 -0.92944001255732 -0.7932269268972397 -0.2879699907983128 0.9162155340899373 0.2786079719124524 -0.6956294749161845 0.0 0.0 0.0 1.0"/>
        </transform>
    </shape>
    <shape name="temp30" type="ply">
        <string name="filename" value="meshes/Cube_026.ply"/>
        <boolean name="face_normals" value="true"/>
        <ref id="mat-Material" name="bsdf"/>
        <transform name="to_world">
            <matrix value="0.9233565059828697 0.23208565296199807 -0.3058584436393345 -0.33399886605205853 -0.3507363122687389 0.18579246302325922 -0.9178592417099704 -1.1486989242635395 -0.1561957140349664 0.9547866915020765 0.2529534050619805 -0.8896302722703346 0.0 0.0 0.0 1.0"/>
        </transform>
    </shape>
    <shape name="temp31" type="ply">
        <string name="filename" value="meshes/Cube_027.ply"/>
        <boolean name="face_normals" value="true"/>
        <ref id="mat-Material" name="bsdf"/>
        <transform name="to_world">
            <matrix value="0.872301326000351 0.17250766024992542 -0.4575277965449404 -0.6023319735198077 -0.4847139409992784 0.18189922052133503 -0.8555496876981288 -1.5848931129820034 -0.06436495947889019 0.9680670305763387 0.24228772053911374 -1.0298055372038053 0.0 0.0 0.0 1.0"/>
        </transform>
    </shape>
    <shape name="temp32" type="ply">
        <string name="filename" value="meshes/Cube_028.ply"/>
        <boolean name="face_normals" value="true"/>
        <ref id="mat-Material" name="bsdf"/>
        <transform name="to_world">
            <matrix value="-0.10547992383343352 0.984642580768966 0.13911498788946722 -1.4865517032633497 -0.7969268315169309 -2.4150280649864528e-05 -0.6040758810099376 -2.122144058442313 -0.5947955505676146 -0.1745823416899064 0.784690660162328 -1.3612166755115054 0.0 0.0 0.0 1.0"/>
        </transform>
    </shape>
    <shape name="temp33" type="ply">
        <string name="filename" value="meshes/Cube_029.ply"/>
        <boolean name="face_normals" value="true"/>
        <ref id="mat-Material" name="bsdf"/>
        <transform name="to_world">
            <matrix value="0.0020896207096468785 0.9762896231511631 0.21645829206264852 -1.5696396480904673 -0.9986312711980101 -0.009276131933595175 0.05147853459480186 -1.820750620850643 0.05226584897531501 -0.21626955736374767 0.974933821127218 -0.12140575386501973 0.0 0.0 0.0 1.0"/>
        </transform>
    </shape>
    <shape name="temp34" type="ply">
        <string name="filename" value="meshes/Cube_030.ply"/>
        <boolean name="face_normals" value="true"/>
        <ref id="mat-Material" name="bsdf"/>
        <transform name="to_world">
            <matrix value="-0.04110892434299581 0.9785337373913279 -0.2019449149883316 -3.225498020263837 -0.976190411818728 0.0037486970659274927 0.21688282467076478 -1.9264805971048566 0.21298416231721023 0.20605247157108356 0.955081405376726 0.2374124820126784 0.0 0.0 0.0 1.0"/>
        </transform>
    </shape>
    <shape name="temp35" type="ply">
        <string name="filename" value="meshes/Cube_031.ply"/>
        <boolean name="face_normals" value="true"/>
        <ref id="mat-Material" name="bsdf"/>
        <transform name="to_world">
            <matrix value="0.14378482767668924 0.9761500804091585 0.16265620412453116 -1.8709233908411755 -0.7469855166507987 -0.0007531908147919478 0.6648401187461024 -1.0512905026238495 0.6491063371079754 -0.2170957588601298 0.7290614017959426 0.6418615871775772 0.0 0.0 0.0 1.0"/>
        </transform>
    </shape>
    <shape name="temp36" type="ply">
        <string name="filename" value="meshes/Cube_032.ply"/>
        <boolean name="face_normals" value="true"/>
        <ref id="mat-Material" name="bsdf"/>
        <transform name="to_world">
            <matrix value="0.7146679148338644 0.6132409166852654 0.336430506155498 -0.6606916047998994 -0.42489069672196544 -0.0014606495725069512 0.9052435321055591 -0.21858263515807486 0.5556236669521141 -0.7898945190364252 0.2595164486234936 -0.11995835580386016 0.0 0.0 0.0 1.0"/>
        </transform>
    </shape>
    <shape name="temp37" type="ply">
        <string name="filename" value="meshes/Cube_033.ply"/>
        <boolean name="face_normals" value="true"/>
        <ref id="mat-Material" name="bsdf"/>
        <transform name="to_world">
            <matrix value="0.9765618489894987 0.1701202278572367 0.13185760396312043 -0.14603852511364135 -0.15007579424389259 0.09904656222167063 0.9837007783552654 0.3005297842956368 0.15428738340540435 -0.9804329370931307 0.12225600574156979 -0.38915745846031413 0.0 0.0 0.0 1.0"/>
        </transform>
    </shape>
    <shape name="temp38" type="ply">
        <string name="filename" value="meshes/Cube_034.ply"/>
        <boolean name="face_normals" value="true"/>
        <ref id="mat-Material" name="bsdf"/>
        <transform name="to_world">
            <matrix value="0.9999153409322604 -0.0017683527907505483 0.012917562801965486 -0.03348256111365622 -0.012400120029714889 0.17713359601020393 0.9841087966957606 0.3692979468352048 -0.004028388711887906 -0.9841851559061623 0.17709662564577294 -0.3820244519867273 0.0 0.0 0.0 1.0"/>
        </transform>
    </shape>
    <shape name="temp39" type="ply">
        <string name="filename" value="meshes/Cube_035.ply"/>
        <boolean name="face_normals" value="true"/>
        <ref id="mat-Material" name="bsdf"/>
        <transform name="to_world">
            <matrix value="0.9986729358700913 -0.0513434691285149 0.0040824055210602235 0.008274276850246842 0.006414666319165572 0.2026310585850074 0.9792343249802256 0.09107794876643494 -0.051104512727227595 -0.9779082355247871 0.2026914790357529 -0.1620637583319754 0.0 0.0 0.0 1.0"/>
        </transform>
    </shape>
    <shape name="temp40" type="ply">
        <string name="filename" value="meshes/Cube_036.ply"/>
        <boolean name="face_normals" value="true"/>
        <ref id="mat-Material" name="bsdf"/>
        <transform name="to_world">
            <matrix value="0.998629941474433 -0.052159658589596244 0.004238686474073815 0.0028541085215527673 0.00660920487848986 0.20605544581715937 0.9785180471287187 -0.23947398478047818 -0.05191258574500866 -0.9771491980985476 0.20611786387505845 0.1762604569527771 0.0 0.0 0.0 1.0"/>
        </transform>
    </shape>
    <shape name="temp41" type="ply">
        <string name="filename" value="meshes/Cube_037.ply"/>
        <boolean name="face_normals" value="true"/>
        <ref id="mat-Material" name="bsdf"/>
        <transform name="to_world">
            <matrix value="0.998681357452746 -0.051177999386762846 0.004059167860069094 -0.007012141965561991 0.006597875633613285 0.20635593202662367 0.9784549295754672 -0.5706454672033334 -0.05091298820801132 -0.9771377259747656 0.20642151367712464 0.5192531353052794 0.0 0.0 0.0 1.0"/>
        </transform>
    </shape>
    <shape name="temp42" type="ply">
        <string name="filename" value="meshes/Cube_038.ply"/>
        <boolean name="face_normals" value="true"/>
        <ref id="mat-Material" name="bsdf"/>
        <transform name="to_world">
            <matrix value="0.998883918677652 -0.04703708416158591 0.004328847653138077 0.010126283672176939 0.005480256264327772 0.20642614142417032 0.9784468921342291 -0.9048120148660769 -0.04691685859010295 -0.9773308748224429 0.20645354524441148 0.8690146838143954 0.0 0.0 0.0 1.0"/>
        </transform>
    </shape>
    <shape name="temp43" type="ply">
        <string name="filename" value="meshes/Cube_039.ply"/>
        <boolean name="face_normals" value="true"/>
        <ref id="mat-Material" name="bsdf"/>
        <transform name="to_world">
            <matrix value="0.9999174651613931 -0.01244526054258784 -0.0032180269839202206 0.022882347733683694 0.008290300324910831 0.43302069346451366 0.9013458386875883 -1.3192407238345192 -0.009824006390002747 -0.9012980783418193 0.4330880505765281 1.4770349389841895 0.0 0.0 0.0 1.0"/>
        </transform>
    </shape>
    <shape name="temp47" type="ply">
        <string name="filename" value="meshes/Plane_001.ply"/>
        <boolean name="face_normals" value="true"/>
        <ref id="mat-Material.002" name="bsdf"/>
    </shape>
    <shape name="temp49" type="ply">
        <string name="filename" value="meshes/Plane_002.ply"/>
        <boolean name="face_normals" value="true"/>
        <ref id="mat-Material.003" name="bsdf"/>
    </shape>
    <shape name="temp51" type="ply">
        <string name="filename" value="meshes/Plane_003.ply"/>
        <boolean name="face_normals" value="true"/>
        <ref id="mat-Material.004" name="bsdf"/>
    </shape>
    <shape name="temp53" type="ply">
        <string name="filename" value="meshes/Plane_004.ply"/>
        <boolean name="face_normals" value="true"/>
        <ref id="mat-Material.005" name="bsdf"/>
    </shape>
    <emitter type="point">
        <transform name="to_world">
            <rotate angle="-142.5518126578256" x="1"/>
            <rotate angle="3.976628485794621e-06" y="1"/>
            <rotate angle="-179.999991348578" z="1"/>
            <translate value="-0.000000 3.030926 4.073377"/>
        </transform>
        <rgb name="intensity" value="100"/>
    </emitter>
</scene>
