
<scene version="2.1.0">
    <default name="spp" value="1024"/>
    <default name="resx" value="640"/>
    <default name="resy" value="360"/>
    <integrator name="temp0" type="path">
        <integer name="max_depth" value="12"/>
    </integrator>
    <sensor name="temp44" type="perspective">
        <string name="fov_axis" value="x"/>
        <float name="fov" value="83.974423"/>
        <float name="principal_point_offset_x" value="0.000000"/>
        <float name="principal_point_offset_y" value="-0.000000"/>
        <float name="near_clip" value="0.100000"/>
        <float name="far_clip" value="1000.000000"/>
        <sampler name="sampler" type="independent">
            <integer name="sample_count" value="$spp"/>
        </sampler>
        <film name="film" type="hdrfilm">
            <integer name="width" value="$resx"/>
            <integer name="height" value="$resy"/>
        </film>
        <float name="shutter_open" value="0.0"/>
        <float name="shutter_close" value="0.0015"/>
        <animation name="to_world">
            <transform time="0">
                <rotate angle="-142.5518126578256" x="1"/>
                <rotate angle="3.976628485794621e-06" y="1"/>
                <rotate angle="-179.999991348578" z="1"/>
                <translate value="-0.000000 3.030926 4.073377"/>
                <translate x="3.5999999999999996" y="0.0" z="0.0"/>
            </transform>
            <transform time="0.0015">
                <rotate angle="-142.5518126578256" x="1"/>
                <rotate angle="3.976628485794621e-06" y="1"/>
                <rotate angle="-179.999991348578" z="1"/>
                <translate value="-0.000000 3.030926 4.073377"/>
                <translate x="3.75" y="0.0" z="0.0"/>
            </transform>
        </animation>
    </sensor>
    <bsdf id="mat-Material" name="mat-Material" type="twosided">
        <bsdf name="bsdf" type="diffuse">
            <texture name="reflectance" type="bitmap">
                <string name="filename" value="textures/siggraph_2023_logo.jpg"/>
            </texture>
        </bsdf>
    </bsdf>
    <bsdf id="mat-Material.001" name="mat-Material.001" type="twosided">
        <bsdf name="bsdf" type="principled">
            <rgb name="base_color" value="0.433648 0.266232 0.084399"/>
            <float name="spec_tint" value="0.000000"/>
            <float name="spec_trans" value="0.000000"/>
            <float name="metallic" value="0.000000"/>
            <float name="anisotropic" value="0.000000"/>
            <float name="roughness" value="0.500000"/>
            <float name="sheen" value="0.000000"/>
            <float name="sheen_tint" value="0.500000"/>
            <float name="clearcoat" value="0.000000"/>
            <float name="clearcoat_gloss" value="0.173205"/>
            <float name="specular" value="0.500000"/>
        </bsdf>
    </bsdf>
    <bsdf id="mat-Material.002" name="mat-Material.002" type="twosided">
        <bsdf name="bsdf" type="principled">
            <rgb name="base_color" value="0.433648 0.266232 0.084399"/>
            <float name="spec_tint" value="0.000000"/>
            <float name="spec_trans" value="0.000000"/>
            <float name="metallic" value="0.000000"/>
            <float name="anisotropic" value="0.000000"/>
            <float name="roughness" value="0.500000"/>
            <float name="sheen" value="0.000000"/>
            <float name="sheen_tint" value="0.500000"/>
            <float name="clearcoat" value="0.000000"/>
            <float name="clearcoat_gloss" value="0.173205"/>
            <float name="specular" value="0.500000"/>
        </bsdf>
    </bsdf>
    <bsdf id="mat-Material.003" name="mat-Material.003" type="twosided">
        <bsdf name="bsdf" type="principled">
            <rgb name="base_color" value="0.433648 0.266232 0.084399"/>
            <float name="spec_tint" value="0.000000"/>
            <float name="spec_trans" value="0.000000"/>
            <float name="metallic" value="0.000000"/>
            <float name="anisotropic" value="0.000000"/>
            <float name="roughness" value="0.500000"/>
            <float name="sheen" value="0.000000"/>
            <float name="sheen_tint" value="0.500000"/>
            <float name="clearcoat" value="0.000000"/>
            <float name="clearcoat_gloss" value="0.173205"/>
            <float name="specular" value="0.500000"/>
        </bsdf>
    </bsdf>
    <bsdf id="mat-Material.004" name="mat-Material.004" type="twosided">
        <bsdf name="bsdf" type="principled">
            <rgb name="base_color" value="0.433648 0.266232 0.084399"/>
            <float name="spec_tint" value="0.000000"/>
            <float name="spec_trans" value="0.000000"/>
            <float name="metallic" value="0.000000"/>
            <float name="anisotropic" value="0.000000"/>
            <float name="roughness" value="0.500000"/>
            <float name="sheen" value="0.000000"/>
            <float name="sheen_tint" value="0.500000"/>
            <float name="clearcoat" value="0.000000"/>
            <float name="clearcoat_gloss" value="0.173205"/>
            <float name="specular" value="0.500000"/>
        </bsdf>
    </bsdf>
    <bsdf id="mat-Material.005" name="mat-Material.005" type="twosided">
        <bsdf name="bsdf" type="principled">
            <rgb name="base_color" value="0.433648 0.266232 0.084399"/>
            <float name="spec_tint" value="0.000000"/>
            <float name="spec_trans" value="0.000000"/>
            <float name="metallic" value="0.000000"/>
            <float name="anisotropic" value="0.000000"/>
            <float name="roughness" value="0.500000"/>
            <float name="sheen" value="0.000000"/>
            <float name="sheen_tint" value="0.500000"/>
            <float name="clearcoat" value="0.000000"/>
            <float name="clearcoat_gloss" value="0.173205"/>
            <float name="specular" value="0.500000"/>
        </bsdf>
    </bsdf>
    <emitter name="temp45" type="point">
        <point name="position" x="-6.815235034541981e-16" y="3.0693089962005615" z="4.109199523925781"/>
        <rgb name="intensity" value="7.957747 7.957747 7.957747"/>
    </emitter>
    <shape name="temp2" type="ply">
        <string name="filename" value="meshes/Cube.ply"/>
        <boolean name="face_normals" value="true"/>
        <ref id="mat-Material" name="bsdf"/>
        <transform name="to_world">
            <matrix value="1.0 0.00010950142150042864 0.0005383880013294874 -0.0013300838105196888 -0.00010879488038693183 0.9999991656637249 -0.0013128167401934945 -0.015820837377738428 -0.0005385336162985105 0.0013127572102297972 0.999999054418678 0.0012431275785569351 0.0 0.0 0.0 1.0"/>
            <scale value="1"/>
        </transform>
    </shape>
    <shape name="temp4" type="ply">
        <string name="filename" value="meshes/Plane.ply"/>
        <boolean name="face_normals" value="true"/>
        <ref id="mat-Material.001" name="bsdf"/>
        <transform name="to_world">
            <scale value="1"/>
        </transform>
    </shape>
    <shape name="temp5" type="ply">
        <string name="filename" value="meshes/Cube_001.ply"/>
        <boolean name="face_normals" value="true"/>
        <ref id="mat-Material" name="bsdf"/>
        <transform name="to_world">
            <matrix value="1.0 -0.00017998927877886544 -0.00014069777282503296 0.0006855689967935064 0.00018056405101174236 0.9999916566372494 0.004096447403693725 -0.022098841990335405 0.00013995916862136033 -0.004096461788441523 0.9999917261634315 -0.0002694010366190991 0.0 0.0 0.0 1.0"/>
            <scale value="1"/>
        </transform>
    </shape>
    <shape name="temp6" type="ply">
        <string name="filename" value="meshes/Cube_002.ply"/>
        <boolean name="face_normals" value="true"/>
        <ref id="mat-Material" name="bsdf"/>
        <transform name="to_world">
            <matrix value="1.0 2.1433681738256197e-06 -7.429054215377895e-05 -0.0006477063047323206 -2.3844824804486308e-06 0.9999947853982809 -0.003245566050982908 -0.015562176933180183 7.428323466784392e-05 0.003245576453361645 0.9999947993027284 -0.00023444576953812746 0.0 0.0 0.0 1.0"/>
            <scale value="1"/>
        </transform>
    </shape>
    <shape name="temp7" type="ply">
        <string name="filename" value="meshes/Cube_003.ply"/>
        <boolean name="face_normals" value="true"/>
        <ref id="mat-Material" name="bsdf"/>
        <transform name="to_world">
            <matrix value="1.0 0.0001568560540483039 0.0005359980445378259 -0.0008936883821588637 -0.00015749201722612568 0.9999991656637249 0.0011869622301724598 -0.017782461209662814 -0.0005358121153774554 -0.0011870477636659067 0.9999992908140084 0.001472193305742997 0.0 0.0 0.0 1.0"/>
            <scale value="1"/>
        </transform>
    </shape>
    <shape name="temp8" type="ply">
        <string name="filename" value="meshes/Cube_004.ply"/>
        <boolean name="face_normals" value="true"/>
        <ref id="mat-Material" name="bsdf"/>
        <transform name="to_world">
            <matrix value="1.0 -1.3939130997052708e-05 0.00015753810338135153 -0.0006008146754079569 1.4041038815517696e-05 0.9999997914159312 -0.0006468887301362914 -0.017849913898277114 -0.00015752924948628347 0.0006468901158267334 0.9999997636046695 0.0007451428737558878 0.0 0.0 0.0 1.0"/>
            <scale value="1"/>
        </transform>
    </shape>
    <shape name="temp9" type="ply">
        <string name="filename" value="meshes/Cube_005.ply"/>
        <boolean name="face_normals" value="true"/>
        <ref id="mat-Material" name="bsdf"/>
        <transform name="to_world">
            <matrix value="1.0 0.000283031894589955 0.0004849839322093839 -0.0003701253042072139 -0.00028454533204970683 0.9999949939823496 0.003121789455917235 -0.01582420845862398 -0.00048409916546548305 -0.0031219194740344123 0.9999950356980589 0.0012571650691747815 0.0 0.0 0.0 1.0"/>
            <scale value="1"/>
        </transform>
    </shape>
    <shape name="temp10" type="ply">
        <string name="filename" value="meshes/Cube_006.ply"/>
        <boolean name="face_normals" value="true"/>
        <ref id="mat-Material" name="bsdf"/>
        <transform name="to_world">
            <matrix value="1.0 0.00020141044547299566 -0.00022284325902167322 -0.0005934229757444953 -0.00020130596584915262 0.9999997914159312 0.0004695425892191436 -0.016937747481977516 0.00022293790900081023 -0.00046949770870400464 1.0 -0.0004786976746885552 0.0 0.0 0.0 1.0"/>
            <scale value="1"/>
        </transform>
    </shape>
    <shape name="temp11" type="ply">
        <string name="filename" value="meshes/Cube_007.ply"/>
        <boolean name="face_normals" value="true"/>
        <ref id="mat-Material" name="bsdf"/>
        <transform name="to_world">
            <matrix value="1.0 -0.0005746783112199457 -1.883933675034904e-05 0.00041380117025724417 0.0005747065300065423 0.9999987484955875 0.0015016233267347516 -0.017569557514545364 1.7976355741835053e-05 -0.001501632170338094 0.999999054418678 -0.00013762317675802826 0.0 0.0 0.0 1.0"/>
            <scale value="1"/>
        </transform>
    </shape>
    <shape name="temp12" type="ply">
        <string name="filename" value="meshes/Cube_008.ply"/>
        <boolean name="face_normals" value="true"/>
        <ref id="mat-Material" name="bsdf"/>
        <transform name="to_world">
            <matrix value="0.9999995567588077 0.001084472376168853 0.0001020967793027378 4.837942368940418e-05 -0.0010843142260920135 0.9999981227433812 -0.0015305226558920827 -0.017223390138320027 -0.00010375655775344089 0.0015304105143057385 0.9999988180233473 0.0002678653756338356 0.0 0.0 0.0 1.0"/>
            <scale value="1"/>
        </transform>
    </shape>
    <shape name="temp13" type="ply">
        <string name="filename" value="meshes/Cube_009.ply"/>
        <boolean name="face_normals" value="true"/>
        <ref id="mat-Material" name="bsdf"/>
        <transform name="to_world">
            <matrix value="1.0 0.00048792611117948035 0.00032683545608460306 0.0007227142765429129 -0.00048791103971972973 0.9999997914159312 -4.024654141811668e-05 -0.016851210627041313 -0.0003268540335834987 4.008693783986167e-05 1.0 0.000568838235174951 0.0 0.0 0.0 1.0"/>
            <scale value="1"/>
        </transform>
    </shape>
    <shape name="temp14" type="ply">
        <string name="filename" value="meshes/Cube_010.ply"/>
        <boolean name="face_normals" value="true"/>
        <ref id="mat-Material" name="bsdf"/>
        <transform name="to_world">
            <matrix value="0.9999986702764229 -4.376302346779358e-05 0.0016235725858954253 0.0030440134260854013 4.3375184166715424e-05 1.0 0.00023892239661368417 -0.017448420101749795 -0.0016235836227698319 -0.00023885170298462946 0.9999985816280168 0.002709671448445805 0.0 0.0 0.0 1.0"/>
            <scale value="1"/>
        </transform>
    </shape>
    <shape name="temp15" type="ply">
        <string name="filename" value="meshes/Cube_011.ply"/>
        <boolean name="face_normals" value="true"/>
        <ref id="mat-Material" name="bsdf"/>
        <transform name="to_world">
            <matrix value="1.0 -0.0005363426452214433 -0.0003116352363315038 -0.0005943164731347927 0.0005363307075725098 0.9999997914159312 -3.575810327733758e-05 -0.018585390928575307 0.00031165529309767085 3.55911168216794e-05 1.0 -0.00045257858828184894 0.0 0.0 0.0 1.0"/>
            <scale value="1"/>
        </transform>
    </shape>
    <shape name="temp16" type="ply">
        <string name="filename" value="meshes/Cube_012.ply"/>
        <boolean name="face_normals" value="true"/>
        <ref id="mat-Material" name="bsdf"/>
        <transform name="to_world">
            <matrix value="0.9999995567588077 0.0012139467651739696 -0.00013471035189336112 -0.0006195995549558297 -0.0012137982756144654 0.9999985399115188 0.0011106419977107477 -0.0147441250028843 0.00013605820288745043 -0.0011104786378625974 0.9999995272093389 -5.450187420708019e-05 0.0 0.0 0.0 1.0"/>
            <scale value="1"/>
        </transform>
    </shape>
    <shape name="temp17" type="ply">
        <string name="filename" value="meshes/Cube_013.ply"/>
        <boolean name="face_normals" value="true"/>
        <ref id="mat-Material" name="bsdf"/>
        <transform name="to_world">
            <matrix value="0.9999986702764229 0.001636354534513363 6.698096213845106e-05 -0.0004592101174616392 -0.0016365794545296591 0.9999924909735245 0.0035211320877820964 -0.012088141735462465 -6.12187005232019e-05 -0.003521228643598659 0.9999938537214063 0.00023433284253515652 0.0 0.0 0.0 1.0"/>
            <scale value="1"/>
        </transform>
    </shape>
    <shape name="temp18" type="ply">
        <string name="filename" value="meshes/Cube_014.ply"/>
        <boolean name="face_normals" value="true"/>
        <ref id="mat-Material" name="bsdf"/>
        <transform name="to_world">
            <matrix value="1.0 0.00016016127720196987 -3.0533293681956555e-05 -0.00016218679330581853 -0.0001601368374209036 0.9999995828318625 0.0007960778232339732 -0.017019762241407332 3.066076623991405e-05 -0.000796073613489549 0.9999997636046695 8.376169191248728e-05 0.0 0.0 0.0 1.0"/>
            <scale value="1"/>
        </transform>
    </shape>
    <shape name="temp19" type="ply">
        <string name="filename" value="meshes/Cube_015.ply"/>
        <boolean name="face_normals" value="true"/>
        <ref id="mat-Material" name="bsdf"/>
        <transform name="to_world">
            <matrix value="1.0 -0.00023361832869929063 -4.1968917796360554e-05 0.00047833591028711986 0.00023361824877177867 1.0 -2.520612490845591e-05 -0.01802145879913536 4.197480794359136e-05 2.5196329754725994e-05 1.0 -8.726675507453319e-05 0.0 0.0 0.0 1.0"/>
            <scale value="1"/>
        </transform>
    </shape>
    <shape name="temp20" type="ply">
        <string name="filename" value="meshes/Cube_016.ply"/>
        <boolean name="face_normals" value="true"/>
        <ref id="mat-Material" name="bsdf"/>
        <transform name="to_world">
            <matrix value="1.0 -0.00046970837861345824 0.00033726521806760055 0.0005545180167164654 0.000470172527201712 0.9999989570796561 -0.0013824753522408623 -0.018379810289930354 -0.0003366142046391396 0.0013826328732664058 0.999999054418678 0.0003316749719420309 0.0 0.0 0.0 1.0"/>
            <scale value="1"/>
        </transform>
    </shape>
    <shape name="temp21" type="ply">
        <string name="filename" value="meshes/Cube_017.ply"/>
        <boolean name="face_normals" value="true"/>
        <ref id="mat-Material" name="bsdf"/>
        <transform name="to_world">
            <matrix value="1.0 0.0006721267023067312 0.00013691119242059837 0.00039744135343788844 -0.0006723658619179579 0.99999833132745 0.0017444840695550708 -0.017619238947895244 -0.00013573862598776298 -0.0017445742069112245 0.9999985816280168 0.00013867867482122986 0.0 0.0 0.0 1.0"/>
            <scale value="1"/>
        </transform>
    </shape>
    <shape name="temp22" type="ply">
        <string name="filename" value="meshes/Cube_018.ply"/>
        <boolean name="face_normals" value="true"/>
        <ref id="mat-Material" name="bsdf"/>
        <transform name="to_world">
            <matrix value="0.9999960108292688 0.0028925479169751972 -0.00023416210384279523 0.0004938244070661346 -0.0028915947286211473 0.9999879021240116 0.003978013343098037 -0.017876650482825274 0.00024566598762116 -0.003977322740043761 0.9999921989540925 -2.749570078608432e-05 0.0 0.0 0.0 1.0"/>
            <scale value="1"/>
        </transform>
    </shape>
    <shape name="temp23" type="ply">
        <string name="filename" value="meshes/Cube_019.ply"/>
        <boolean name="face_normals" value="true"/>
        <ref id="mat-Material" name="bsdf"/>
        <transform name="to_world">
            <matrix value="0.9999016004552974 0.012699764091418228 -0.005957493282826683 0.0032209245254625762 -0.012649283633584918 0.9998844444259037 0.008435743730441241 -0.018357507220800318 0.006063942860891412 -0.008359553046057448 0.9999468110506307 -0.0009021046428796531 0.0 0.0 0.0 1.0"/>
            <scale value="1"/>
        </transform>
    </shape>
    <shape name="temp24" type="ply">
        <string name="filename" value="meshes/Cube_020.ply"/>
        <boolean name="face_normals" value="true"/>
        <ref id="mat-Material" name="bsdf"/>
        <transform name="to_world">
            <matrix value="0.9999694980668453 0.004739086638471567 0.006180154851977494 -0.004777348896315037 -0.004789128564667594 0.9999556826465695 0.008109849114382292 -0.016251503702603087 -0.006141457809660018 -0.008139195323102555 0.9999482294177328 -0.0004949395606079765 0.0 0.0 0.0 1.0"/>
            <scale value="1"/>
        </transform>
    </shape>
    <shape name="temp25" type="ply">
        <string name="filename" value="meshes/Cube_021.ply"/>
        <boolean name="face_normals" value="true"/>
        <ref id="mat-Material" name="bsdf"/>
        <transform name="to_world">
            <matrix value="0.9987509463199457 0.042633895328342615 0.026070929946134958 -0.016638637943067136 -0.042683484123986974 0.9990876532832176 0.0013481791176875241 -0.02285114448428177 -0.02598967336670053 -0.0024592916902192847 0.9996593543287059 -0.013070233959347255 0.0 0.0 0.0 1.0"/>
            <scale value="1"/>
        </transform>
    </shape>
    <shape name="temp26" type="ply">
        <string name="filename" value="meshes/Cube_022.ply"/>
        <boolean name="face_normals" value="true"/>
        <ref id="mat-Material" name="bsdf"/>
        <transform name="to_world">
            <matrix value="0.9992668790678461 0.03469268266228362 0.016194711269107244 -0.007764857110558188 -0.03475153671721389 0.9993903087669971 0.0033670259718093843 -0.021412946926782694 -0.016068033977096843 -0.003927352254689492 0.9998633634989534 -0.011691373800163274 0.0 0.0 0.0 1.0"/>
            <scale value="1"/>
        </transform>
    </shape>
    <shape name="temp27" type="ply">
        <string name="filename" value="meshes/Cube_023.ply"/>
        <boolean name="face_normals" value="true"/>
        <ref id="mat-Material" name="bsdf"/>
        <transform name="to_world">
            <matrix value="0.9994539268510196 0.03148090517142482 0.010060843430171893 -0.0027734825050957923 -0.03155053747426985 0.9994787484121539 0.006839295144770865 -0.020176323485737557 -0.009840291333570911 -0.007152988071077108 0.999926008261544 -0.008932477293464441 0.0 0.0 0.0 1.0"/>
            <scale value="1"/>
        </transform>
    </shape>
    <shape name="temp28" type="ply">
        <string name="filename" value="meshes/Cube_024.ply"/>
        <boolean name="face_normals" value="true"/>
        <ref id="mat-Material" name="bsdf"/>
        <transform name="to_world">
            <matrix value="0.9995465642602216 0.028979231284272974 0.00819166555166869 -0.0009997207541980746 -0.0290863380653763 0.9994887604474546 0.01327265222795507 -0.017021182667782186 -0.007802848977087977 -0.013504888167651533 0.9998784928001074 -0.007688183820761085 0.0 0.0 0.0 1.0"/>
            <scale value="1"/>
        </transform>
    </shape>
    <shape name="temp29" type="ply">
        <string name="filename" value="meshes/Cube_025.ply"/>
        <boolean name="face_normals" value="true"/>
        <ref id="mat-Material" name="bsdf"/>
        <transform name="to_world">
            <matrix value="0.9995035698645632 0.03122086341289425 0.004312323619534008 0.001034363557349094 -0.03125111031918685 0.9994860488545606 0.007131597970971599 -0.021399392586225974 -0.004087463898004883 -0.007262824270007906 0.999965249886412 -0.004928462204382977 0.0 0.0 0.0 1.0"/>
            <scale value="1"/>
        </transform>
    </shape>
    <shape name="temp30" type="ply">
        <string name="filename" value="meshes/Cube_026.ply"/>
        <boolean name="face_normals" value="true"/>
        <ref id="mat-Material" name="bsdf"/>
        <transform name="to_world">
            <matrix value="0.9994778618754067 0.030102936237936022 0.011748966125021926 0.007821847945171045 -0.030227817108046246 0.9994868831908358 0.010599351993119949 -0.01869061162657437 -0.011423876871142694 -0.010948961564213648 0.9998749468701494 -0.015020942928435699 0.0 0.0 0.0 1.0"/>
            <scale value="1"/>
        </transform>
    </shape>
    <shape name="temp31" type="ply">
        <string name="filename" value="meshes/Cube_027.ply"/>
        <boolean name="face_normals" value="true"/>
        <ref id="mat-Material" name="bsdf"/>
        <transform name="to_world">
            <matrix value="0.9993652786125486 0.03129747634135201 0.01702174033296755 0.018032651338478978 -0.03148010644880476 0.9994485037221827 0.010568596960617956 -0.022030003099589912 -0.016681577300377465 -0.01109774040878306 0.9997993003643798 -0.024898429240902464 0.0 0.0 0.0 1.0"/>
            <scale value="1"/>
        </transform>
    </shape>
    <shape name="temp32" type="ply">
        <string name="filename" value="meshes/Cube_028.ply"/>
        <boolean name="face_normals" value="true"/>
        <ref id="mat-Material" name="bsdf"/>
        <transform name="to_world">
            <matrix value="0.9994184675556312 -0.008107760787446577 0.03312789791125814 0.04422292079731949 0.006720768686605429 0.9991047571768564 0.04176675250969103 0.0806624551390776 -0.03343687890827921 -0.041519806100249676 0.9985780820868602 -0.05807566530934394 0.0 0.0 0.0 1.0"/>
            <scale value="1"/>
        </transform>
    </shape>
    <shape name="temp33" type="ply">
        <string name="filename" value="meshes/Cube_029.ply"/>
        <boolean name="face_normals" value="true"/>
        <ref id="mat-Material" name="bsdf"/>
        <transform name="to_world">
            <matrix value="0.9595338521028249 -0.2788439436572714 0.03925427201821568 0.06656849206128124 0.27416621899306237 0.9569088258177018 0.09569819597267458 0.7202881625727118 -0.06424763353527402 -0.08106344501619656 0.9946361899502671 -0.17990850899554123 0.0 0.0 0.0 1.0"/>
            <scale value="1"/>
        </transform>
    </shape>
    <shape name="temp34" type="ply">
        <string name="filename" value="meshes/Cube_030.ply"/>
        <boolean name="face_normals" value="true"/>
        <ref id="mat-Material" name="bsdf"/>
        <transform name="to_world">
            <matrix value="0.9992940436908821 0.030994004372974702 -0.02123414258196671 -0.011040450307062688 -0.03182865023757216 0.9986859148170197 -0.04016660695620815 -0.0996560412713518 0.01996131681689425 0.04081409864477376 0.9989675828468348 -0.02075334319582156 0.0 0.0 0.0 1.0"/>
            <scale value="1"/>
        </transform>
    </shape>
    <shape name="temp35" type="ply">
        <string name="filename" value="meshes/Cube_031.ply"/>
        <boolean name="face_normals" value="true"/>
        <ref id="mat-Material" name="bsdf"/>
        <transform name="to_world">
            <matrix value="0.9954031455940938 0.08825538199043434 -0.03719590695668907 -0.05717478782972396 -0.0836035331641925 0.9901754817770528 0.11208455293624275 -0.057957368089484484 0.04672254165137484 -0.10845960665216313 0.9930024618209722 -0.2694465069036167 0.0 0.0 0.0 1.0"/>
            <scale value="1"/>
        </transform>
    </shape>
    <shape name="temp36" type="ply">
        <string name="filename" value="meshes/Cube_032.ply"/>
        <boolean name="face_normals" value="true"/>
        <ref id="mat-Material" name="bsdf"/>
        <transform name="to_world">
            <matrix value="0.9942072808571221 0.10584567281920142 0.01867733503033661 -0.04077207478421396 -0.10683313919369108 0.9541300688536012 0.27968286148037375 0.006886639312935039 0.01178262742741039 -0.28005811152155824 0.9599108978720164 -0.5095380655703314 0.0 0.0 0.0 1.0"/>
            <scale value="1"/>
        </transform>
    </shape>
    <shape name="temp37" type="ply">
        <string name="filename" value="meshes/Cube_033.ply"/>
        <boolean name="face_normals" value="true"/>
        <ref id="mat-Material" name="bsdf"/>
        <transform name="to_world">
            <matrix value="0.9957692628189786 0.06123679923574797 0.06851140914783739 -0.02751053265771297 -0.0918817716173162 0.6734877133554293 0.7334656831990529 0.28502703304727484 -0.001226497135775415 -0.7366573985812112 0.676264868675302 -0.4620628879800307 0.0 0.0 0.0 1.0"/>
            <scale value="1"/>
        </transform>
    </shape>
    <shape name="temp38" type="ply">
        <string name="filename" value="meshes/Cube_034.ply"/>
        <boolean name="face_normals" value="true"/>
        <ref id="mat-Material" name="bsdf"/>
        <transform name="to_world">
            <matrix value="0.9999233192737227 0.012297864307719905 -0.0015467630150995154 -0.022781606566170787 -0.0036391387291743126 0.4105775067111924 0.9118183954335985 0.36585030749509295 0.01184848863618231 -0.9117426573193194 0.41059079448215474 -0.2073834582432461 0.0 0.0 0.0 1.0"/>
            <scale value="1"/>
        </transform>
    </shape>
    <shape name="temp39" type="ply">
        <string name="filename" value="meshes/Cube_035.ply"/>
        <boolean name="face_normals" value="true"/>
        <ref id="mat-Material" name="bsdf"/>
        <transform name="to_world">
            <matrix value="0.9999273084444539 -0.008742502967108379 -0.008333053598858872 0.005608923274717625 0.010841989833820011 0.34572913689998186 0.9382717421059324 0.10138944312712085 -0.005321868456651897 -0.9382935320166117 0.3457988531044144 -0.037170318544635594 0.0 0.0 0.0 1.0"/>
            <scale value="1"/>
        </transform>
    </shape>
    <shape name="temp40" type="ply">
        <string name="filename" value="meshes/Cube_036.ply"/>
        <boolean name="face_normals" value="true"/>
        <ref id="mat-Material" name="bsdf"/>
        <transform name="to_world">
            <matrix value="0.9999281949268386 -0.009009065063628571 -0.007932056199680298 0.010242904055917545 0.010437536678208667 0.3262488449657192 0.945226256334804 -0.2191790409153767 -0.0059277835990121045 -0.9452408415950008 0.3263194050780554 0.14903091412416125 0.0 0.0 0.0 1.0"/>
            <scale value="1"/>
        </transform>
    </shape>
    <shape name="temp41" type="ply">
        <string name="filename" value="meshes/Cube_037.ply"/>
        <boolean name="face_normals" value="true"/>
        <ref id="mat-Material" name="bsdf"/>
        <transform name="to_world">
            <matrix value="0.9999494705040717 -0.007819914772549503 -0.00635719050768734 0.003339878690307607 0.008135488194714083 0.2540553957569829 0.9671554691714485 -0.5592232725850766 -0.005947999829795382 -0.9671580212046564 0.2541060686936463 0.554994597184046 0.0 0.0 0.0 1.0"/>
            <scale value="1"/>
        </transform>
    </shape>
    <shape name="temp42" type="ply">
        <string name="filename" value="meshes/Cube_038.ply"/>
        <boolean name="face_normals" value="true"/>
        <ref id="mat-Material" name="bsdf"/>
        <transform name="to_world">
            <matrix value="0.9999370597506857 -0.009259265825794756 -0.006343290462252157 0.0004239645699675165 0.008487532511741459 0.2540172248723987 0.9671625610313644 -0.8820629930465027 -0.007343912614112444 -0.9671553096117625 0.25407982881195745 0.7844261112045957 0.0 0.0 0.0 1.0"/>
            <scale value="1"/>
        </transform>
    </shape>
    <shape name="temp43" type="ply">
        <string name="filename" value="meshes/Cube_039.ply"/>
        <boolean name="face_normals" value="true"/>
        <ref id="mat-Material" name="bsdf"/>
        <transform name="to_world">
            <matrix value="0.9999377794141913 0.003207256556826161 -0.01070340621721239 0.018543690662493617 0.008259493260281981 0.43298383865347334 0.9013638274179785 -1.3193313901258898 0.00752531313718061 -0.9013959839228237 0.4329302723708477 1.438285546986437 0.0 0.0 0.0 1.0"/>
            <scale value="1"/>
        </transform>
    </shape>
    <shape name="temp47" type="ply">
        <string name="filename" value="meshes/Plane_001.ply"/>
        <boolean name="face_normals" value="true"/>
        <ref id="mat-Material.002" name="bsdf"/>
        <transform name="to_world">
            <scale value="1"/>
        </transform>
    </shape>
    <shape name="temp49" type="ply">
        <string name="filename" value="meshes/Plane_002.ply"/>
        <boolean name="face_normals" value="true"/>
        <ref id="mat-Material.003" name="bsdf"/>
        <transform name="to_world">
            <scale value="1"/>
        </transform>
    </shape>
    <shape name="temp51" type="ply">
        <string name="filename" value="meshes/Plane_003.ply"/>
        <boolean name="face_normals" value="true"/>
        <ref id="mat-Material.004" name="bsdf"/>
        <transform name="to_world">
            <scale value="1"/>
        </transform>
    </shape>
    <shape name="temp53" type="ply">
        <string name="filename" value="meshes/Plane_004.ply"/>
        <boolean name="face_normals" value="true"/>
        <ref id="mat-Material.005" name="bsdf"/>
        <transform name="to_world">
            <scale value="1"/>
        </transform>
    </shape>
    <emitter type="point">
        <rgb name="intensity" value="100"/>
        <animation name="to_world">
            <transform time="0">
                <rotate angle="-142.5518126578256" x="1"/>
                <rotate angle="3.976628485794621e-06" y="1"/>
                <rotate angle="-179.999991348578" z="1"/>
                <translate value="-0.000000 3.030926 4.073377"/>
                <translate x="3.5999999999999996" y="0.0" z="0.0"/>
            </transform>
            <transform time="0.0015">
                <rotate angle="-142.5518126578256" x="1"/>
                <rotate angle="3.976628485794621e-06" y="1"/>
                <rotate angle="-179.999991348578" z="1"/>
                <translate value="-0.000000 3.030926 4.073377"/>
                <translate x="3.75" y="0.0" z="0.0"/>
            </transform>
        </animation>
    </emitter>
</scene>
