
<scene version="2.1.0">
    <default name="spp" value="1024"/>
    <default name="resx" value="1280"/>
    <default name="resy" value="720"/>
    <integrator name="temp0" type="path">
        <integer name="max_depth" value="12"/>
    </integrator>
    <sensor name="temp44" type="perspective">
        <string name="fov_axis" value="x"/>
        <float name="fov" value="83.974423"/>
        <float name="principal_point_offset_x" value="0.000000"/>
        <float name="principal_point_offset_y" value="-0.000000"/>
        <float name="near_clip" value="0.100000"/>
        <float name="far_clip" value="1000.000000"/>
        <sampler name="sampler" type="independent">
            <integer name="sample_count" value="$spp"/>
        </sampler>
        <film name="film" type="hdrfilm">
            <integer name="width" value="$resx"/>
            <integer name="height" value="$resy"/>
        </film>
        <float name="shutter_open" value="0.0"/>
        <float name="shutter_close" value="0.0015"/>
        <animation name="to_world">
            <transform time="0">
                <rotate angle="-142.5518126578256" x="1"/>
                <rotate angle="3.976628485794621e-06" y="1"/>
                <rotate angle="-179.999991348578" z="1"/>
                <translate value="-0.000000 3.030926 4.073377"/>
            </transform>
            <transform time="0.0015">
                <rotate angle="-142.5518126578256" x="1"/>
                <rotate angle="3.976628485794621e-06" y="1"/>
                <rotate angle="-179.999991348578" z="1"/>
                <translate value="-0.000000 3.030926 4.073377"/>
                <translate x="0.15" y="0.0" z="0.0"/>
            </transform>
        </animation>
    </sensor>
    <bsdf id="mat-Material" name="mat-Material" type="twosided">
        <bsdf name="bsdf" type="diffuse">
            <texture name="reflectance" type="bitmap">
                <string name="filename" value="textures/siggraph_2023_logo.jpg"/>
            </texture>
        </bsdf>
    </bsdf>
    <bsdf id="mat-Material.001" name="mat-Material.001" type="twosided">
        <bsdf name="bsdf" type="principled">
            <rgb name="base_color" value="0.433648 0.266232 0.084399"/>
            <float name="spec_tint" value="0.000000"/>
            <float name="spec_trans" value="0.000000"/>
            <float name="metallic" value="0.000000"/>
            <float name="anisotropic" value="0.000000"/>
            <float name="roughness" value="0.500000"/>
            <float name="sheen" value="0.000000"/>
            <float name="sheen_tint" value="0.500000"/>
            <float name="clearcoat" value="0.000000"/>
            <float name="clearcoat_gloss" value="0.173205"/>
            <float name="specular" value="0.500000"/>
        </bsdf>
    </bsdf>
    <bsdf id="mat-Material.002" name="mat-Material.002" type="twosided">
        <bsdf name="bsdf" type="principled">
            <rgb name="base_color" value="0.433648 0.266232 0.084399"/>
            <float name="spec_tint" value="0.000000"/>
            <float name="spec_trans" value="0.000000"/>
            <float name="metallic" value="0.000000"/>
            <float name="anisotropic" value="0.000000"/>
            <float name="roughness" value="0.500000"/>
            <float name="sheen" value="0.000000"/>
            <float name="sheen_tint" value="0.500000"/>
            <float name="clearcoat" value="0.000000"/>
            <float name="clearcoat_gloss" value="0.173205"/>
            <float name="specular" value="0.500000"/>
        </bsdf>
    </bsdf>
    <bsdf id="mat-Material.003" name="mat-Material.003" type="twosided">
        <bsdf name="bsdf" type="principled">
            <rgb name="base_color" value="0.433648 0.266232 0.084399"/>
            <float name="spec_tint" value="0.000000"/>
            <float name="spec_trans" value="0.000000"/>
            <float name="metallic" value="0.000000"/>
            <float name="anisotropic" value="0.000000"/>
            <float name="roughness" value="0.500000"/>
            <float name="sheen" value="0.000000"/>
            <float name="sheen_tint" value="0.500000"/>
            <float name="clearcoat" value="0.000000"/>
            <float name="clearcoat_gloss" value="0.173205"/>
            <float name="specular" value="0.500000"/>
        </bsdf>
    </bsdf>
    <bsdf id="mat-Material.004" name="mat-Material.004" type="twosided">
        <bsdf name="bsdf" type="principled">
            <rgb name="base_color" value="0.433648 0.266232 0.084399"/>
            <float name="spec_tint" value="0.000000"/>
            <float name="spec_trans" value="0.000000"/>
            <float name="metallic" value="0.000000"/>
            <float name="anisotropic" value="0.000000"/>
            <float name="roughness" value="0.500000"/>
            <float name="sheen" value="0.000000"/>
            <float name="sheen_tint" value="0.500000"/>
            <float name="clearcoat" value="0.000000"/>
            <float name="clearcoat_gloss" value="0.173205"/>
            <float name="specular" value="0.500000"/>
        </bsdf>
    </bsdf>
    <bsdf id="mat-Material.005" name="mat-Material.005" type="twosided">
        <bsdf name="bsdf" type="principled">
            <rgb name="base_color" value="0.433648 0.266232 0.084399"/>
            <float name="spec_tint" value="0.000000"/>
            <float name="spec_trans" value="0.000000"/>
            <float name="metallic" value="0.000000"/>
            <float name="anisotropic" value="0.000000"/>
            <float name="roughness" value="0.500000"/>
            <float name="sheen" value="0.000000"/>
            <float name="sheen_tint" value="0.500000"/>
            <float name="clearcoat" value="0.000000"/>
            <float name="clearcoat_gloss" value="0.173205"/>
            <float name="specular" value="0.500000"/>
        </bsdf>
    </bsdf>
    <emitter name="temp45" type="point">
        <point name="position" x="-6.815235034541981e-16" y="3.0693089962005615" z="4.109199523925781"/>
        <rgb name="intensity" value="7.957747 7.957747 7.957747"/>
    </emitter>
    <shape name="temp2" type="ply">
        <string name="filename" value="meshes/Cube.ply"/>
        <boolean name="face_normals" value="true"/>
        <ref id="mat-Material" name="bsdf"/>
        <transform name="to_world">
            <matrix value="0.9867732395789564 -0.11859435196058596 -0.11051779560408699 0.19511279067065512 -0.1617783368526684 -0.7638544667235406 -0.6247834027784016 2.0094501745096363 -0.010323752231719403 0.6343986417005443 -0.7729370843283606 3.907097438859336 0.0 0.0 0.0 1.0"/>
        </transform>
    </shape>
    <shape name="temp4" type="ply">
        <string name="filename" value="meshes/Plane.ply"/>
        <boolean name="face_normals" value="true"/>
        <ref id="mat-Material.001" name="bsdf"/>
    </shape>
    <shape name="temp5" type="ply">
        <string name="filename" value="meshes/Cube_001.ply"/>
        <boolean name="face_normals" value="true"/>
        <ref id="mat-Material" name="bsdf"/>
        <transform name="to_world">
            <matrix value="0.9978365397401189 -0.03681679852656214 -0.054474443537211696 0.055602360182563704 -0.0545106439939932 2.031083197927509e-05 -0.9985133097662948 1.1729060020655897 0.036763173571477965 0.9993221017765106 -0.00198664035429041 1.0267711226857847 0.0 0.0 0.0 1.0"/>
        </transform>
    </shape>
    <shape name="temp6" type="ply">
        <string name="filename" value="meshes/Cube_002.ply"/>
        <boolean name="face_normals" value="true"/>
        <ref id="mat-Material" name="bsdf"/>
        <transform name="to_world">
            <matrix value="0.999879881636872 -0.012667343869609927 0.008919786809235115 -0.028408558138766526 0.011486865876988158 0.21981381786021947 -0.9754742208528103 0.652884433415796 0.010395973951601608 0.9754596671415431 0.21993287790984922 0.5415398601376435 0.0 0.0 0.0 1.0"/>
        </transform>
    </shape>
    <shape name="temp7" type="ply">
        <string name="filename" value="meshes/Cube_003.ply"/>
        <boolean name="face_normals" value="true"/>
        <ref id="mat-Material" name="bsdf"/>
        <transform name="to_world">
            <matrix value="0.9950184122391303 -0.05749025390938691 0.08144660704146044 -0.04767497297039602 0.09275584324863881 0.23444536453194778 -0.9676939777343966 0.13287318988780447 0.03653818434223894 0.9704277850666322 0.23861011838205365 0.22766938519440538 0.0 0.0 0.0 1.0"/>
        </transform>
    </shape>
    <shape name="temp8" type="ply">
        <string name="filename" value="meshes/Cube_004.ply"/>
        <boolean name="face_normals" value="true"/>
        <ref id="mat-Material" name="bsdf"/>
        <transform name="to_world">
            <matrix value="0.9842454350589599 -0.12247612233872801 0.12751795304337712 0.025496839077851163 0.15367056896212414 0.2358727053145135 -0.9595570140622126 -0.35458703993859086 0.08744483863361151 0.964035100527092 0.2509776128894081 -0.20112849827570445 0.0 0.0 0.0 1.0"/>
        </transform>
    </shape>
    <shape name="temp9" type="ply">
        <string name="filename" value="meshes/Cube_005.ply"/>
        <boolean name="face_normals" value="true"/>
        <ref id="mat-Material" name="bsdf"/>
        <transform name="to_world">
            <matrix value="0.98268655578545 -0.16237287322468885 0.08923219269434415 0.08215832102927001 0.12492500359025366 0.22501131568573057 -0.9663146109807522 -0.6135799254154748 0.13682505447434254 0.9607315460459761 0.2414000560729724 -0.6477997043410461 0.0 0.0 0.0 1.0"/>
        </transform>
    </shape>
    <shape name="temp10" type="ply">
        <string name="filename" value="meshes/Cube_006.ply"/>
        <boolean name="face_normals" value="true"/>
        <ref id="mat-Material" name="bsdf"/>
        <transform name="to_world">
            <matrix value="0.9862568635898635 -0.1564150030348982 -0.05321608755326578 0.04353567824412519 -0.017685350169406783 0.22029773289975657 -0.975272575635868 -0.5811138963282625 0.1642706377531572 0.9628100862912292 0.2145039173070222 -1.0427415438423357 0.0 0.0 0.0 1.0"/>
        </transform>
    </shape>
    <shape name="temp11" type="ply">
        <string name="filename" value="meshes/Cube_007.ply"/>
        <boolean name="face_normals" value="true"/>
        <ref id="mat-Material" name="bsdf"/>
        <transform name="to_world">
            <matrix value="0.9379045683983214 -0.2539602814216256 -0.23630422376992868 0.19497626630929377 -0.19028836385492184 0.19290966432565815 -0.9625883113856029 -0.4432963514772593 0.290044581199127 0.9477816041366394 0.13260515691685645 -1.7512320940282513 0.0 0.0 0.0 1.0"/>
        </transform>
    </shape>
    <shape name="temp12" type="ply">
        <string name="filename" value="meshes/Cube_008.ply"/>
        <boolean name="face_normals" value="true"/>
        <ref id="mat-Material" name="bsdf"/>
        <transform name="to_world">
            <matrix value="0.3557719754550758 0.8877990834816019 -0.29195697983216873 1.7046426937531458 -0.5107401773319362 -0.0769227175166815 -0.8562870047340528 0.20179576893010787 -0.7826690920824713 0.45375691195457873 0.426067833167305 0.9769510766863203 0.0 0.0 0.0 1.0"/>
        </transform>
    </shape>
    <shape name="temp13" type="ply">
        <string name="filename" value="meshes/Cube_009.ply"/>
        <boolean name="face_normals" value="true"/>
        <ref id="mat-Material" name="bsdf"/>
        <transform name="to_world">
            <matrix value="-0.0614422713806254 0.9913089276067274 0.11632543788689051 2.5916900051375658 -0.8843074001776511 -2.1003998556598244e-05 -0.466905599307078 1.1760911273330144 -0.4628453070509036 -0.13155511938309178 0.8766229130429232 0.8289554926660312 0.0 0.0 0.0 1.0"/>
        </transform>
    </shape>
    <shape name="temp14" type="ply">
        <string name="filename" value="meshes/Cube_010.ply"/>
        <boolean name="face_normals" value="true"/>
        <ref id="mat-Material" name="bsdf"/>
        <transform name="to_world">
            <matrix value="0.02570489090061291 0.9968489204731522 0.07504216110720009 1.8746886362564776 -0.9887585168795111 0.014291746536982999 0.14883906253176563 2.087608588216365 0.14729760277433526 -0.07802443770949663 0.986010124339216 -0.37264311444207054 0.0 0.0 0.0 1.0"/>
        </transform>
    </shape>
    <shape name="temp15" type="ply">
        <string name="filename" value="meshes/Cube_011.ply"/>
        <boolean name="face_normals" value="true"/>
        <ref id="mat-Material" name="bsdf"/>
        <transform name="to_world">
            <matrix value="0.004754178434720324 0.9995984756676255 0.02792949367429735 1.4491938737472603 -0.8313453965856245 -0.011570911282938032 0.5556361138309707 2.255760679444025 0.555736250214972 -0.025860649155338814 0.830956535881738 -1.344930935044347 0.0 0.0 0.0 1.0"/>
        </transform>
    </shape>
    <shape name="temp16" type="ply">
        <string name="filename" value="meshes/Cube_012.ply"/>
        <boolean name="face_normals" value="true"/>
        <ref id="mat-Material" name="bsdf"/>
        <transform name="to_world">
            <matrix value="0.09653075118744316 0.9899769097435877 0.10308843407477941 1.0980916761091604 -0.7291743125772349 -0.00016016795189217038 0.6843278406090301 1.8530923548846001 0.6774857409308419 -0.14122810128008045 0.7218506350287763 -1.8484246549409193 0.0 0.0 0.0 1.0"/>
        </transform>
    </shape>
    <shape name="temp17" type="ply">
        <string name="filename" value="meshes/Cube_013.ply"/>
        <boolean name="face_normals" value="true"/>
        <ref id="mat-Material" name="bsdf"/>
        <transform name="to_world">
            <matrix value="0.8773706755173067 0.2006417923211861 0.43584821717733574 0.741771807268731 -0.4606104849590534 0.0977932431276764 0.8821987697041417 1.5172253783419183 0.13438292847682823 -0.9747713397146154 0.17821862880306896 -1.4410441969192669 0.0 0.0 0.0 1.0"/>
        </transform>
    </shape>
    <shape name="temp18" type="ply">
        <string name="filename" value="meshes/Cube_014.ply"/>
        <boolean name="face_normals" value="true"/>
        <ref id="mat-Material" name="bsdf"/>
        <transform name="to_world">
            <matrix value="0.9420847760834145 0.29536672208050097 0.15885678745364878 0.10148577498203237 -0.21507281566307998 0.16863029099563434 0.9619292412040843 1.0186595085588899 0.25733378012045527 -0.9403841701378532 0.22238933270798888 -0.8316198842063092 0.0 0.0 0.0 1.0"/>
        </transform>
    </shape>
    <shape name="temp19" type="ply">
        <string name="filename" value="meshes/Cube_015.ply"/>
        <boolean name="face_normals" value="true"/>
        <ref id="mat-Material" name="bsdf"/>
        <transform name="to_world">
            <matrix value="0.9834671035251858 0.12752857080281924 0.12856582262501884 0.03206594241743588 -0.14946274735074738 0.1707910133639813 0.9739052650440806 0.6393831437737666 0.10224288908155106 -0.9770192502237064 0.18702811355107865 -0.29624173263501463 0.0 0.0 0.0 1.0"/>
        </transform>
    </shape>
    <shape name="temp20" type="ply">
        <string name="filename" value="meshes/Cube_016.ply"/>
        <boolean name="face_normals" value="true"/>
        <ref id="mat-Material" name="bsdf"/>
        <transform name="to_world">
            <matrix value="0.984909853606299 0.03186221770753593 0.1701118528145937 0.060470330355603674 -0.17306206085878867 0.17187031076940407 0.969799078152769 0.331898967365142 0.0016627838738216434 -0.9846042013003131 0.1747908492313133 0.15535393120503732 0.0 0.0 0.0 1.0"/>
        </transform>
    </shape>
    <shape name="temp21" type="ply">
        <string name="filename" value="meshes/Cube_017.ply"/>
        <boolean name="face_normals" value="true"/>
        <ref id="mat-Material" name="bsdf"/>
        <transform name="to_world">
            <matrix value="0.9478566628902517 -0.07918247560087856 0.3087046434189195 0.20319856929598756 -0.2928729475716588 0.16555307108753647 0.941710112188496 0.13548471173258608 -0.12567394823297467 -0.9830168765370039 0.1337301386553172 0.39794765895791206 0.0 0.0 0.0 1.0"/>
        </transform>
    </shape>
    <shape name="temp22" type="ply">
        <string name="filename" value="meshes/Cube_018.ply"/>
        <boolean name="face_normals" value="true"/>
        <ref id="mat-Material" name="bsdf"/>
        <transform name="to_world">
            <matrix value="0.2588691676107704 0.9568535510394788 0.13197632169811277 0.851692397989924 -0.4485494488739014 -0.0019219895582815176 0.8937561374137688 -0.09805350023786873 0.8554475229022724 -0.29056386531309514 0.4286984404054464 -0.13641972473731145 0.0 0.0 0.0 1.0"/>
        </transform>
    </shape>
    <shape name="temp23" type="ply">
        <string name="filename" value="meshes/Cube_019.ply"/>
        <boolean name="face_normals" value="true"/>
        <ref id="mat-Material" name="bsdf"/>
        <transform name="to_world">
            <matrix value="-0.07889453873662076 0.9840806552877105 -0.15925118942310557 0.5039069216984162 -0.9166648937018973 -0.008830045700769468 0.3995596427782881 -0.03958362599994469 0.39179285743412995 0.17750297753758165 0.9027687093902371 -0.055560052117976766 0.0 0.0 0.0 1.0"/>
        </transform>
    </shape>
    <shape name="temp24" type="ply">
        <string name="filename" value="meshes/Cube_020.ply"/>
        <boolean name="face_normals" value="true"/>
        <ref id="mat-Material" name="bsdf"/>
        <transform name="to_world">
            <matrix value="0.09485219900891864 0.9488063965894307 -0.30127946601941513 0.11801883317365358 -0.959284134131231 0.006235915903096134 -0.2823742230930411 0.14748369306925585 -0.2660396276091192 0.31579650581894236 0.9107664359949325 0.1142476375188427 0.0 0.0 0.0 1.0"/>
        </transform>
    </shape>
    <shape name="temp25" type="ply">
        <string name="filename" value="meshes/Cube_021.ply"/>
        <boolean name="face_normals" value="true"/>
        <ref id="mat-Material" name="bsdf"/>
        <transform name="to_world">
            <matrix value="0.1908165300597312 0.9365322481399516 -0.2941027402473924 -0.16381581623987496 -0.7965456440915062 -0.027368774547737593 -0.6039586289259945 0.0975257614581115 -0.5736759942343186 0.3495116004029844 0.7407684077497955 0.29865174866967426 0.0 0.0 0.0 1.0"/>
        </transform>
    </shape>
    <shape name="temp26" type="ply">
        <string name="filename" value="meshes/Cube_022.ply"/>
        <boolean name="face_normals" value="true"/>
        <ref id="mat-Material" name="bsdf"/>
        <transform name="to_world">
            <matrix value="0.6385301590172102 0.4000064661061318 -0.6574759314094221 -0.08311781219519021 -0.7109961047964016 -0.02037002605215019 -0.7029009489381358 -0.19441897094522775 -0.2945576630196782 0.9162858269211115 0.27139625956396407 0.6814626474404041 0.0 0.0 0.0 1.0"/>
        </transform>
    </shape>
    <shape name="temp27" type="ply">
        <string name="filename" value="meshes/Cube_023.ply"/>
        <boolean name="face_normals" value="true"/>
        <ref id="mat-Material" name="bsdf"/>
        <transform name="to_world">
            <matrix value="0.8576287128098478 0.278506454634008 -0.43232829070573936 -0.06474096286121389 -0.4803484584957812 0.13355811047863786 -0.8668493844974778 -0.28712059439280974 -0.1836822527999546 0.9511026796795315 0.24832336611821373 0.20767155055796316 0.0 0.0 0.0 1.0"/>
        </transform>
    </shape>
    <shape name="temp28" type="ply">
        <string name="filename" value="meshes/Cube_024.ply"/>
        <boolean name="face_normals" value="true"/>
        <ref id="mat-Material" name="bsdf"/>
        <transform name="to_world">
            <matrix value="0.8561598114983857 0.4410015789814006 -0.26927342949580185 -0.19086588908266477 -0.3774451400376223 0.17786870884375594 -0.9087892256681832 -0.5118728241266577 -0.3528823088256413 0.8797045615249999 0.31873797043261765 -0.3405794143111166 0.0 0.0 0.0 1.0"/>
        </transform>
    </shape>
    <shape name="temp29" type="ply">
        <string name="filename" value="meshes/Cube_025.ply"/>
        <boolean name="face_normals" value="true"/>
        <ref id="mat-Material" name="bsdf"/>
        <transform name="to_world">
            <matrix value="0.9000690569777688 0.3641938330034229 -0.23924625821651072 -0.2654085212017647 -0.32112811088830856 0.1832698055787895 -0.9291334078136222 -0.7931178246155917 -0.2945381160830953 0.9131128460670432 0.2819082871219861 -0.7034209341433341 0.0 0.0 0.0 1.0"/>
        </transform>
    </shape>
    <shape name="temp30" type="ply">
        <string name="filename" value="meshes/Cube_026.ply"/>
        <boolean name="face_normals" value="true"/>
        <ref id="mat-Material" name="bsdf"/>
        <transform name="to_world">
            <matrix value="0.9232749496034764 0.23645715787519583 -0.30273968004364804 -0.3303465897046741 -0.3492526953496907 0.1885432488637383 -0.917863969616581 -1.1464797401518678 -0.1599559063661846 0.9531732937301716 0.2566605566353569 -0.8877167151824139 0.0 0.0 0.0 1.0"/>
        </transform>
    </shape>
    <shape name="temp31" type="ply">
        <string name="filename" value="meshes/Cube_027.ply"/>
        <boolean name="face_normals" value="true"/>
        <ref id="mat-Material" name="bsdf"/>
        <transform name="to_world">
            <matrix value="0.87330836998938 0.17344224202843836 -0.4552472907913145 -0.5918511661154572 -0.4828651819859687 0.18425065130375473 -0.8560917421910349 -1.5830274358932517 -0.06460284702682673 0.9674550449185793 0.24465687454168855 -1.0254865603872978 0.0 0.0 0.0 1.0"/>
        </transform>
    </shape>
    <shape name="temp32" type="ply">
        <string name="filename" value="meshes/Cube_028.ply"/>
        <boolean name="face_normals" value="true"/>
        <ref id="mat-Material" name="bsdf"/>
        <transform name="to_world">
            <matrix value="-0.10537000001772964 0.9845570613007719 0.1398006525456704 -1.4859691466663252 -0.7989125520586781 -0.00010018855999816445 -0.6014476377251015 -2.12129219034427 -0.5921454114785285 -0.17506296110115704 0.7865856051318589 -1.351277038260239 0.0 0.0 0.0 1.0"/>
        </transform>
    </shape>
    <shape name="temp33" type="ply">
        <string name="filename" value="meshes/Cube_029.ply"/>
        <boolean name="face_normals" value="true"/>
        <ref id="mat-Material" name="bsdf"/>
        <transform name="to_world">
            <matrix value="-0.0028720965485694834 0.9775525996875412 0.21067138165033253 -1.5886693432778634 -0.99879128126845 -0.013141722445523056 0.04736336468093013 -1.8243103684054407 0.04906879457898292 -0.2102806915813384 0.9764089279897271 -0.12149980506855385 0.0 0.0 0.0 1.0"/>
        </transform>
    </shape>
    <shape name="temp34" type="ply">
        <string name="filename" value="meshes/Cube_030.ply"/>
        <boolean name="face_normals" value="true"/>
        <ref id="mat-Material" name="bsdf"/>
        <transform name="to_world">
            <matrix value="-0.040611801080268115 0.9786637276090027 -0.20141439777786238 -3.223281604921908 -0.9766950643089383 0.003635652926749881 0.21459962279682007 -1.9299192852771092 0.21075308958295835 0.20543575973048928 0.9557087948294517 0.2381171326477034 0.0 0.0 0.0 1.0"/>
        </transform>
    </shape>
    <shape name="temp35" type="ply">
        <string name="filename" value="meshes/Cube_031.ply"/>
        <boolean name="face_normals" value="true"/>
        <ref id="mat-Material" name="bsdf"/>
        <transform name="to_world">
            <matrix value="0.13311135814420233 0.9771112357980323 0.16593692216116393 -1.8956434235273083 -0.7831726140769857 0.0010940547282879628 0.6218034032417364 -1.1996778838335938 0.6073898058071688 -0.21272633978761973 0.7653922909591552 0.5836983308325729 0.0 0.0 0.0 1.0"/>
        </transform>
    </shape>
    <shape name="temp36" type="ply">
        <string name="filename" value="meshes/Cube_032.ply"/>
        <boolean name="face_normals" value="true"/>
        <ref id="mat-Material" name="bsdf"/>
        <transform name="to_world">
            <matrix value="0.7367723530965716 0.6136616307519664 0.2838760418533205 -0.6528458839820899 -0.35714238857359665 -0.003291909232556636 0.9340442844100588 0.018383026189643388 0.574121894873827 -0.7895622446148808 0.21673924791298382 -0.11184888619751598 0.0 0.0 0.0 1.0"/>
        </transform>
    </shape>
    <shape name="temp37" type="ply">
        <string name="filename" value="meshes/Cube_033.ply"/>
        <boolean name="face_normals" value="true"/>
        <ref id="mat-Material" name="bsdf"/>
        <transform name="to_world">
            <matrix value="0.9766837403173961 0.16955317120788949 0.13168515356949856 -0.1426691429813598 -0.15002850040866836 0.10030747377576796 0.9835802167366948 0.3005716209573578 0.15356015758110872 -0.9804031095712972 0.12340647089666167 -0.3814410763059568 0.0 0.0 0.0 1.0"/>
        </transform>
    </shape>
    <shape name="temp38" type="ply">
        <string name="filename" value="meshes/Cube_034.ply"/>
        <boolean name="face_normals" value="true"/>
        <ref id="mat-Material" name="bsdf"/>
        <transform name="to_world">
            <matrix value="0.999922432791338 0.0003775329927850771 0.01245557540751009 -0.033861550663746076 -0.012321338340185842 0.1793452963249573 0.9837090521918338 0.36937677521369194 -0.001862468463389164 -0.9837861345826129 0.17933604589095273 -0.37162013855192044 0.0 0.0 0.0 1.0"/>
        </transform>
    </shape>
    <shape name="temp39" type="ply">
        <string name="filename" value="meshes/Cube_035.ply"/>
        <boolean name="face_normals" value="true"/>
        <ref id="mat-Material" name="bsdf"/>
        <transform name="to_world">
            <matrix value="0.9988294000109924 -0.04825865676031396 0.0034093643755073633 0.008849648604372096 0.00653333528359458 0.20437820046180513 0.9788702761712088 0.09141265226171766 -0.04793578144308694 -0.9777017372967088 0.20445418445738525 -0.1528463532516562 0.0 0.0 0.0 1.0"/>
        </transform>
    </shape>
    <shape name="temp40" type="ply">
        <string name="filename" value="meshes/Cube_036.ply"/>
        <boolean name="face_normals" value="true"/>
        <ref id="mat-Material" name="bsdf"/>
        <transform name="to_world">
            <matrix value="0.9988395945584165 -0.0480479034172328 0.003390405469998832 0.0027566163866517 0.006664494784824131 0.20756886924490484 0.9781977314558501 -0.23925255248203006 -0.04770409927184337 -0.9770396914624455 0.20764816904724645 0.18493399185032997 0.0 0.0 0.0 1.0"/>
        </transform>
    </shape>
    <shape name="temp41" type="ply">
        <string name="filename" value="meshes/Cube_037.ply"/>
        <boolean name="face_normals" value="true"/>
        <ref id="mat-Material" name="bsdf"/>
        <transform name="to_world">
            <matrix value="0.9988187622223759 -0.04846890950163008 0.003514773053390831 -0.005650062880846463 0.006638277068296376 0.20773018816368843 0.9781636905282537 -0.5703470909883873 -0.04814064752219309 -0.9769846252682913 0.20780653027916868 0.5202221472045424 0.0 0.0 0.0 1.0"/>
        </transform>
    </shape>
    <shape name="temp42" type="ply">
        <string name="filename" value="meshes/Cube_038.ply"/>
        <boolean name="face_normals" value="true"/>
        <ref id="mat-Material" name="bsdf"/>
        <transform name="to_world">
            <matrix value="0.9990027073172029 -0.04450295459333407 0.0036562556587132243 0.009428518606294567 0.005676106817581428 0.2077804986410748 0.9781591990169737 -0.903996061665779 -0.04429068111987547 -0.9771625474789487 0.2078258674172061 0.8667524190028711 0.0 0.0 0.0 1.0"/>
        </transform>
    </shape>
    <shape name="temp43" type="ply">
        <string name="filename" value="meshes/Cube_039.ply"/>
        <boolean name="face_normals" value="true"/>
        <ref id="mat-Material" name="bsdf"/>
        <transform name="to_world">
            <matrix value="0.9999401319616033 -0.010034696823365224 -0.004372579537384294 0.022131839600299408 0.008286907244891983 0.4330166113459798 0.9013478309818226 -1.319250718229949 -0.007151372643969987 -0.901330082179676 0.43307377744940717 1.4763369750567041 0.0 0.0 0.0 1.0"/>
        </transform>
    </shape>
    <shape name="temp47" type="ply">
        <string name="filename" value="meshes/Plane_001.ply"/>
        <boolean name="face_normals" value="true"/>
        <ref id="mat-Material.002" name="bsdf"/>
    </shape>
    <shape name="temp49" type="ply">
        <string name="filename" value="meshes/Plane_002.ply"/>
        <boolean name="face_normals" value="true"/>
        <ref id="mat-Material.003" name="bsdf"/>
    </shape>
    <shape name="temp51" type="ply">
        <string name="filename" value="meshes/Plane_003.ply"/>
        <boolean name="face_normals" value="true"/>
        <ref id="mat-Material.004" name="bsdf"/>
    </shape>
    <shape name="temp53" type="ply">
        <string name="filename" value="meshes/Plane_004.ply"/>
        <boolean name="face_normals" value="true"/>
        <ref id="mat-Material.005" name="bsdf"/>
    </shape>
    <emitter type="point">
        <transform name="to_world">
            <rotate angle="-142.5518126578256" x="1"/>
            <rotate angle="3.976628485794621e-06" y="1"/>
            <rotate angle="-179.999991348578" z="1"/>
            <translate value="-0.000000 3.030926 4.073377"/>
        </transform>
        <rgb name="intensity" value="100"/>
    </emitter>
</scene>
