
<scene version="2.1.0">
    <default name="spp" value="1024"/>
    <default name="resx" value="1280"/>
    <default name="resy" value="720"/>
    <integrator name="temp0" type="path">
        <integer name="max_depth" value="12"/>
    </integrator>
    <sensor name="temp44" type="perspective">
        <string name="fov_axis" value="x"/>
        <float name="fov" value="83.974423"/>
        <float name="principal_point_offset_x" value="0.000000"/>
        <float name="principal_point_offset_y" value="-0.000000"/>
        <float name="near_clip" value="0.100000"/>
        <float name="far_clip" value="1000.000000"/>
        <sampler name="sampler" type="independent">
            <integer name="sample_count" value="$spp"/>
        </sampler>
        <film name="film" type="hdrfilm">
            <integer name="width" value="$resx"/>
            <integer name="height" value="$resy"/>
        </film>
        <float name="shutter_open" value="0.0"/>
        <float name="shutter_close" value="0.0015"/>
        <animation name="to_world">
            <transform time="0">
                <rotate angle="-142.5518126578256" x="1"/>
                <rotate angle="3.976628485794621e-06" y="1"/>
                <rotate angle="-179.999991348578" z="1"/>
                <translate value="-0.000000 3.030926 4.073377"/>
            </transform>
            <transform time="0.0015">
                <rotate angle="-142.5518126578256" x="1"/>
                <rotate angle="3.976628485794621e-06" y="1"/>
                <rotate angle="-179.999991348578" z="1"/>
                <translate value="-0.000000 3.030926 4.073377"/>
                <translate x="0.15" y="0.0" z="0.0"/>
            </transform>
        </animation>
    </sensor>
    <bsdf id="mat-Material" name="mat-Material" type="twosided">
        <bsdf name="bsdf" type="diffuse">
            <texture name="reflectance" type="bitmap">
                <string name="filename" value="textures/siggraph_2023_logo.jpg"/>
            </texture>
        </bsdf>
    </bsdf>
    <bsdf id="mat-Material.001" name="mat-Material.001" type="twosided">
        <bsdf name="bsdf" type="principled">
            <rgb name="base_color" value="0.433648 0.266232 0.084399"/>
            <float name="spec_tint" value="0.000000"/>
            <float name="spec_trans" value="0.000000"/>
            <float name="metallic" value="0.000000"/>
            <float name="anisotropic" value="0.000000"/>
            <float name="roughness" value="0.500000"/>
            <float name="sheen" value="0.000000"/>
            <float name="sheen_tint" value="0.500000"/>
            <float name="clearcoat" value="0.000000"/>
            <float name="clearcoat_gloss" value="0.173205"/>
            <float name="specular" value="0.500000"/>
        </bsdf>
    </bsdf>
    <bsdf id="mat-Material.002" name="mat-Material.002" type="twosided">
        <bsdf name="bsdf" type="principled">
            <rgb name="base_color" value="0.433648 0.266232 0.084399"/>
            <float name="spec_tint" value="0.000000"/>
            <float name="spec_trans" value="0.000000"/>
            <float name="metallic" value="0.000000"/>
            <float name="anisotropic" value="0.000000"/>
            <float name="roughness" value="0.500000"/>
            <float name="sheen" value="0.000000"/>
            <float name="sheen_tint" value="0.500000"/>
            <float name="clearcoat" value="0.000000"/>
            <float name="clearcoat_gloss" value="0.173205"/>
            <float name="specular" value="0.500000"/>
        </bsdf>
    </bsdf>
    <bsdf id="mat-Material.003" name="mat-Material.003" type="twosided">
        <bsdf name="bsdf" type="principled">
            <rgb name="base_color" value="0.433648 0.266232 0.084399"/>
            <float name="spec_tint" value="0.000000"/>
            <float name="spec_trans" value="0.000000"/>
            <float name="metallic" value="0.000000"/>
            <float name="anisotropic" value="0.000000"/>
            <float name="roughness" value="0.500000"/>
            <float name="sheen" value="0.000000"/>
            <float name="sheen_tint" value="0.500000"/>
            <float name="clearcoat" value="0.000000"/>
            <float name="clearcoat_gloss" value="0.173205"/>
            <float name="specular" value="0.500000"/>
        </bsdf>
    </bsdf>
    <bsdf id="mat-Material.004" name="mat-Material.004" type="twosided">
        <bsdf name="bsdf" type="principled">
            <rgb name="base_color" value="0.433648 0.266232 0.084399"/>
            <float name="spec_tint" value="0.000000"/>
            <float name="spec_trans" value="0.000000"/>
            <float name="metallic" value="0.000000"/>
            <float name="anisotropic" value="0.000000"/>
            <float name="roughness" value="0.500000"/>
            <float name="sheen" value="0.000000"/>
            <float name="sheen_tint" value="0.500000"/>
            <float name="clearcoat" value="0.000000"/>
            <float name="clearcoat_gloss" value="0.173205"/>
            <float name="specular" value="0.500000"/>
        </bsdf>
    </bsdf>
    <bsdf id="mat-Material.005" name="mat-Material.005" type="twosided">
        <bsdf name="bsdf" type="principled">
            <rgb name="base_color" value="0.433648 0.266232 0.084399"/>
            <float name="spec_tint" value="0.000000"/>
            <float name="spec_trans" value="0.000000"/>
            <float name="metallic" value="0.000000"/>
            <float name="anisotropic" value="0.000000"/>
            <float name="roughness" value="0.500000"/>
            <float name="sheen" value="0.000000"/>
            <float name="sheen_tint" value="0.500000"/>
            <float name="clearcoat" value="0.000000"/>
            <float name="clearcoat_gloss" value="0.173205"/>
            <float name="specular" value="0.500000"/>
        </bsdf>
    </bsdf>
    <emitter name="temp45" type="point">
        <point name="position" x="-6.815235034541981e-16" y="3.0693089962005615" z="4.109199523925781"/>
        <rgb name="intensity" value="7.957747 7.957747 7.957747"/>
    </emitter>
    <shape name="temp2" type="ply">
        <string name="filename" value="meshes/Cube.ply"/>
        <boolean name="face_normals" value="true"/>
        <ref id="mat-Material" name="bsdf"/>
        <transform name="to_world">
            <matrix value="0.9998492979945997 0.0069166956946162365 0.013411818159038268 -0.12853727893694722 0.013941797112549576 -0.7793842806874096 -0.6259671523960322 1.5936018834101766 0.006005840589191652 0.6261037747458924 -0.7793636095864926 3.889167844525364 0.0 0.0 0.0 1.0"/>
        </transform>
    </shape>
    <shape name="temp4" type="ply">
        <string name="filename" value="meshes/Plane.ply"/>
        <boolean name="face_normals" value="true"/>
        <ref id="mat-Material.001" name="bsdf"/>
    </shape>
    <shape name="temp5" type="ply">
        <string name="filename" value="meshes/Cube_001.ply"/>
        <boolean name="face_normals" value="true"/>
        <ref id="mat-Material" name="bsdf"/>
        <transform name="to_world">
            <matrix value="0.9979719499243831 -0.03292007267068956 -0.05448302468770995 0.050161537179971294 -0.054512749389656875 -4.9239596348110126e-06 -0.9985131915686296 1.1729011693309306 0.03287086212184878 0.9994578900052773 -0.0017994767152963382 1.0421031816577129 0.0 0.0 0.0 1.0"/>
        </transform>
    </shape>
    <shape name="temp6" type="ply">
        <string name="filename" value="meshes/Cube_002.ply"/>
        <boolean name="face_normals" value="true"/>
        <ref id="mat-Material" name="bsdf"/>
        <transform name="to_world">
            <matrix value="0.9997876874688623 -0.01931695392169337 0.00715028502185002 -0.03306090799289363 0.01121930997984139 0.21958041228727032 -0.9755298919531502 0.6534700997139927 0.01727420407179089 0.9754028279828044 0.21975034525538023 0.5327598405401505 0.0 0.0 0.0 1.0"/>
        </transform>
    </shape>
    <shape name="temp7" type="ply">
        <string name="filename" value="meshes/Cube_003.ply"/>
        <boolean name="face_normals" value="true"/>
        <ref id="mat-Material" name="bsdf"/>
        <transform name="to_world">
            <matrix value="0.9950600769112117 -0.061424869061350834 0.07798661860592 -0.054580911256439046 0.08992049582732742 0.2248528960855028 -0.9702335727702838 0.13952049647887282 0.04205998781973204 0.9724540750026595 0.22926524548945892 0.20676966326436902 0.0 0.0 0.0 1.0"/>
        </transform>
    </shape>
    <shape name="temp8" type="ply">
        <string name="filename" value="meshes/Cube_004.ply"/>
        <boolean name="face_normals" value="true"/>
        <ref id="mat-Material" name="bsdf"/>
        <transform name="to_world">
            <matrix value="0.9830641972813359 -0.13542064106227697 0.12345586570097597 0.029890550320309517 0.1520329035666732 0.2266342040327644 -0.9620403470094336 -0.3497815177818199 0.10230044395037825 0.9645170340179758 0.24338317650079122 -0.2543204299900739 0.0 0.0 0.0 1.0"/>
        </transform>
    </shape>
    <shape name="temp9" type="ply">
        <string name="filename" value="meshes/Cube_005.ply"/>
        <boolean name="face_normals" value="true"/>
        <ref id="mat-Material" name="bsdf"/>
        <transform name="to_world">
            <matrix value="0.9806075329727124 -0.17711481301481158 0.08386859540040878 0.09206585147934687 0.12269060257753618 0.2211601237320696 -0.9674887865874964 -0.6076539837638102 0.152808065925922 0.9590172978768228 0.2386003079758366 -0.6970435835720385 0.0 0.0 0.0 1.0"/>
        </transform>
    </shape>
    <shape name="temp10" type="ply">
        <string name="filename" value="meshes/Cube_006.ply"/>
        <boolean name="face_normals" value="true"/>
        <ref id="mat-Material" name="bsdf"/>
        <transform name="to_world">
            <matrix value="0.9862768094435196 -0.15421831034389255 -0.05888140802732352 0.039256895488677834 -0.02369995142076532 0.22070780917895055 -0.9750482364671946 -0.5668829364749601 0.16336786625462968 0.963070086332946 0.21402311284425657 -1.0464881329307696 0.0 0.0 0.0 1.0"/>
        </transform>
    </shape>
    <shape name="temp11" type="ply">
        <string name="filename" value="meshes/Cube_007.ply"/>
        <boolean name="face_normals" value="true"/>
        <ref id="mat-Material" name="bsdf"/>
        <transform name="to_world">
            <matrix value="0.9306385155320579 -0.25681590161506646 -0.2605718355766462 0.19130808397718768 -0.21247138878103353 0.20040490339428857 -0.956365086111727 -0.3884762914287371 0.2978506348100357 0.9454501557080074 0.13193879393939106 -1.7768758652585783 0.0 0.0 0.0 1.0"/>
        </transform>
    </shape>
    <shape name="temp12" type="ply">
        <string name="filename" value="meshes/Cube_008.ply"/>
        <boolean name="face_normals" value="true"/>
        <ref id="mat-Material" name="bsdf"/>
        <transform name="to_world">
            <matrix value="0.40497531589799785 0.8739248012715286 -0.26876187000053425 1.6352801908394983 -0.49439477188148795 -0.03796366674106165 -0.8684077025163337 0.11568476427898844 -0.7691251925882981 0.4845586256812877 0.416692985346799 0.9207882900485395 0.0 0.0 0.0 1.0"/>
        </transform>
    </shape>
    <shape name="temp13" type="ply">
        <string name="filename" value="meshes/Cube_009.ply"/>
        <boolean name="face_normals" value="true"/>
        <ref id="mat-Material" name="bsdf"/>
        <transform name="to_world">
            <matrix value="-0.07573988036033735 0.990503375933153 0.1147414118758395 2.624156297517218 -0.8361288555335117 -0.0004005237545966714 -0.54846340671202 0.9414042609309863 -0.5432089243954633 -0.13748676012623506 0.8282187233612012 0.9270348497057833 0.0 0.0 0.0 1.0"/>
        </transform>
    </shape>
    <shape name="temp14" type="ply">
        <string name="filename" value="meshes/Cube_010.ply"/>
        <boolean name="face_normals" value="true"/>
        <ref id="mat-Material" name="bsdf"/>
        <transform name="to_world">
            <matrix value="0.024481950775406144 0.9960506692419846 0.0851126494668576 1.8942961561962313 -0.997586551707631 0.018893709730238226 0.0660016353828966 1.9724147612992255 0.06412662868976131 -0.08647492923785467 0.9941508703366885 -0.2311683150844729 0.0 0.0 0.0 1.0"/>
        </transform>
    </shape>
    <shape name="temp15" type="ply">
        <string name="filename" value="meshes/Cube_011.ply"/>
        <boolean name="face_normals" value="true"/>
        <ref id="mat-Material" name="bsdf"/>
        <transform name="to_world">
            <matrix value="0.05870348405306838 0.9962211867182009 0.06293262118452027 1.435309208829905 -0.8511166132117789 0.017085014694747644 0.5246122998381637 2.2217034300810425 0.5215251220243002 -0.08431706447124981 0.8489705692541396 -1.2576908560303774 0.0 0.0 0.0 1.0"/>
        </transform>
    </shape>
    <shape name="temp16" type="ply">
        <string name="filename" value="meshes/Cube_012.ply"/>
        <boolean name="face_normals" value="true"/>
        <ref id="mat-Material" name="bsdf"/>
        <transform name="to_world">
            <matrix value="0.09453492474651036 0.9900500184596901 0.10422925430038565 1.101690861861723 -0.7414636178764492 0.00015969644760472487 0.6709824968169369 1.8458941522371008 0.6642897857726668 -0.1407159126700221 0.7341012320451836 -1.817793993967861 0.0 0.0 0.0 1.0"/>
        </transform>
    </shape>
    <shape name="temp17" type="ply">
        <string name="filename" value="meshes/Cube_013.ply"/>
        <boolean name="face_normals" value="true"/>
        <ref id="mat-Material" name="bsdf"/>
        <transform name="to_world">
            <matrix value="0.9099879083802727 0.16540253596510807 0.379986109410378 0.6687699092661059 -0.402578843743296 0.1366310231257157 0.9050311309010775 1.4689828337533566 0.09774862284961536 -0.9765798678828509 0.19085043692948944 -1.389523242828854 0.0 0.0 0.0 1.0"/>
        </transform>
    </shape>
    <shape name="temp18" type="ply">
        <string name="filename" value="meshes/Cube_014.ply"/>
        <boolean name="face_normals" value="true"/>
        <ref id="mat-Material" name="bsdf"/>
        <transform name="to_world">
            <matrix value="0.9374176679485202 0.30412568858815703 0.16957440803063306 0.11417499467900583 -0.2172063571424772 0.13008834578232584 0.9674181043836678 1.026591746835785 0.2721574720713725 -0.943707331521433 0.18800499361496215 -0.8727526720302785 0.0 0.0 0.0 1.0"/>
        </transform>
    </shape>
    <shape name="temp19" type="ply">
        <string name="filename" value="meshes/Cube_015.ply"/>
        <boolean name="face_normals" value="true"/>
        <ref id="mat-Material" name="bsdf"/>
        <transform name="to_world">
            <matrix value="0.9836260054926449 0.12596961347286217 0.12888565368745986 0.029209943568868635 -0.14953413134477606 0.17127595046545535 0.97380917034222 0.6393607405256899 0.10059536156957026 -0.9771365787623874 0.1873082538375236 -0.29387008194144376 0.0 0.0 0.0 1.0"/>
        </transform>
    </shape>
    <shape name="temp20" type="ply">
        <string name="filename" value="meshes/Cube_016.ply"/>
        <boolean name="face_normals" value="true"/>
        <ref id="mat-Material" name="bsdf"/>
        <transform name="to_world">
            <matrix value="0.9850293071076386 0.022331208556952836 0.1709320973324678 0.059899924958586814 -0.17221429559223228 0.171484930843952 0.9700178620311748 0.3300481631526959 -0.007650442709302924 -0.984932825500654 0.17276397202781332 0.17131925370644432 0.0 0.0 0.0 1.0"/>
        </transform>
    </shape>
    <shape name="temp21" type="ply">
        <string name="filename" value="meshes/Cube_017.ply"/>
        <boolean name="face_normals" value="true"/>
        <ref id="mat-Material" name="bsdf"/>
        <transform name="to_world">
            <matrix value="0.9462623243213535 -0.09508673968499634 0.3090964686792735 0.2063003500287779 -0.2912670625696997 0.16471490729481064 0.9423544076618563 0.1330433226399138 -0.1405184281958133 -0.9817440965493938 0.1281697422487153 0.4182745237624985 0.0 0.0 0.0 1.0"/>
        </transform>
    </shape>
    <shape name="temp22" type="ply">
        <string name="filename" value="meshes/Cube_018.ply"/>
        <boolean name="face_normals" value="true"/>
        <ref id="mat-Material" name="bsdf"/>
        <transform name="to_world">
            <matrix value="0.25749496478005485 0.9559260819777107 0.14104812252464538 0.8503787346827362 -0.4749322727458083 -0.0019100637641498218 0.879972280283542 -0.08564630196456878 0.841457944389187 -0.29360147510653434 0.4535081303446029 -0.1370749053085242 0.0 0.0 0.0 1.0"/>
        </transform>
    </shape>
    <shape name="temp23" type="ply">
        <string name="filename" value="meshes/Cube_019.ply"/>
        <boolean name="face_normals" value="true"/>
        <ref id="mat-Material" name="bsdf"/>
        <transform name="to_world">
            <matrix value="-0.08004862799121319 0.9840493676773956 -0.15886756708072097 0.504135955874841 -0.9140185221629461 -0.008874711893255019 0.4055754311496236 -0.04537635479598737 0.39769638687509645 0.17767369316866316 0.900149803720957 -0.057773096852512806 0.0 0.0 0.0 1.0"/>
        </transform>
    </shape>
    <shape name="temp24" type="ply">
        <string name="filename" value="meshes/Cube_020.ply"/>
        <boolean name="face_normals" value="true"/>
        <ref id="mat-Material" name="bsdf"/>
        <transform name="to_world">
            <matrix value="0.09562821365606053 0.9468293543770936 -0.30719490457229515 0.12269270144208233 -0.960053909364161 0.006203719734117886 -0.27974207928587247 0.14501005833001349 -0.2629625351529665 0.32167562747972944 0.9096006524248508 0.1141261752938037 0.0 0.0 0.0 1.0"/>
        </transform>
    </shape>
    <shape name="temp25" type="ply">
        <string name="filename" value="meshes/Cube_021.ply"/>
        <boolean name="face_normals" value="true"/>
        <ref id="mat-Material" name="bsdf"/>
        <transform name="to_world">
            <matrix value="0.18630601903809568 0.9381638970178736 -0.2917841748455511 -0.16706933833543738 -0.7998444666656028 -0.027638369456617642 -0.5995701860100298 0.09238082731737181 -0.5705600086520681 0.3450860722159763 0.7452362794968184 0.30426534542862954 0.0 0.0 0.0 1.0"/>
        </transform>
    </shape>
    <shape name="temp26" type="ply">
        <string name="filename" value="meshes/Cube_022.ply"/>
        <boolean name="face_normals" value="true"/>
        <ref id="mat-Material" name="bsdf"/>
        <transform name="to_world">
            <matrix value="0.6378220812124242 0.39999249097352446 -0.6581710518788464 -0.08377363061636761 -0.7117431878261147 -0.020412871305715414 -0.7021433019037862 -0.19546135383818708 -0.2942872858923421 0.9162910415228306 0.27167213291469294 0.6847204766898987 0.0 0.0 0.0 1.0"/>
        </transform>
    </shape>
    <shape name="temp27" type="ply">
        <string name="filename" value="meshes/Cube_023.ply"/>
        <boolean name="face_normals" value="true"/>
        <ref id="mat-Material" name="bsdf"/>
        <transform name="to_world">
            <matrix value="0.8568047274332612 0.28248530003775374 -0.4313790452559949 -0.06538250584344973 -0.48033095046868324 0.13298659013021902 -0.8669468975713216 -0.28711499866710355 -0.18753217931056493 0.9500085519468195 0.2496299231100548 0.2046990561325509 0.0 0.0 0.0 1.0"/>
        </transform>
    </shape>
    <shape name="temp28" type="ply">
        <string name="filename" value="meshes/Cube_024.ply"/>
        <boolean name="face_normals" value="true"/>
        <ref id="mat-Material" name="bsdf"/>
        <transform name="to_world">
            <matrix value="0.8550774165066566 0.4438085990868189 -0.268097126331083 -0.1924150541393297 -0.37716210837424446 0.17758250021379868 -0.9089626216431272 -0.5116967823399496 -0.35579617642417827 0.8783493908302272 0.3192348734173923 -0.3435045110071272 0.0 0.0 0.0 1.0"/>
        </transform>
    </shape>
    <shape name="temp29" type="ply">
        <string name="filename" value="meshes/Cube_025.ply"/>
        <boolean name="face_normals" value="true"/>
        <ref id="mat-Material" name="bsdf"/>
        <transform name="to_world">
            <matrix value="0.9006193409180766 0.3624123164720925 -0.23987897031867506 -0.2638732619870829 -0.3211478572834279 0.183062827607353 -0.9291675669388838 -0.7930898873470434 -0.2928288893971388 0.9138627057942569 0.28125784537003196 -0.7006630669144005 0.0 0.0 0.0 1.0"/>
        </transform>
    </shape>
    <shape name="temp30" type="ply">
        <string name="filename" value="meshes/Cube_026.ply"/>
        <boolean name="face_normals" value="true"/>
        <ref id="mat-Material" name="bsdf"/>
        <transform name="to_world">
            <matrix value="0.9232308471048372 0.23489840912930754 -0.3040848876720308 -0.3322827419404911 -0.3499322062596294 0.18709479937341345 -0.9179014382764701 -1.1475253609708056 -0.15872094775604714 0.9538438915112541 0.2549302610135402 -0.8892155930706154 0.0 0.0 0.0 1.0"/>
        </transform>
    </shape>
    <shape name="temp31" type="ply">
        <string name="filename" value="meshes/Cube_027.ply"/>
        <boolean name="face_normals" value="true"/>
        <ref id="mat-Material" name="bsdf"/>
        <transform name="to_world">
            <matrix value="0.8728999232306255 0.17268631250482352 -0.45631709785962943 -0.5959976014624235 -0.483639967590204 0.18294022189173237 -0.8559352484822238 -1.5836646119234792 -0.0643295666696807 0.9678389438971431 0.24320658918888508 -1.027389705703045 0.0 0.0 0.0 1.0"/>
        </transform>
    </shape>
    <shape name="temp32" type="ply">
        <string name="filename" value="meshes/Cube_028.ply"/>
        <boolean name="face_normals" value="true"/>
        <ref id="mat-Material" name="bsdf"/>
        <transform name="to_world">
            <matrix value="-0.10556464938735202 0.9845785454598549 0.1395030190047662 -1.486253923473997 -0.7975252071266092 -3.077541127563759e-05 -0.6032856114199747 -2.121926374137926 -0.593977770567721 -0.17494278538993752 0.7852295233182718 -1.3571568910160812 0.0 0.0 0.0 1.0"/>
        </transform>
    </shape>
    <shape name="temp33" type="ply">
        <string name="filename" value="meshes/Cube_029.ply"/>
        <boolean name="face_normals" value="true"/>
        <ref id="mat-Material" name="bsdf"/>
        <transform name="to_world">
            <matrix value="-0.003977557811948719 0.9774553995114962 0.21110411512263483 -1.5905932136015166 -0.9989246968673486 -0.01363542529248701 0.044313084812498314 -1.8291744306400441 0.046192491671498 -0.21070098847990187 0.9764585710091386 -0.12987926540662742 0.0 0.0 0.0 1.0"/>
        </transform>
    </shape>
    <shape name="temp34" type="ply">
        <string name="filename" value="meshes/Cube_030.ply"/>
        <boolean name="face_normals" value="true"/>
        <ref id="mat-Material" name="bsdf"/>
        <transform name="to_world">
            <matrix value="-0.04313299282579694 0.9786061522585372 -0.20117043453788358 -3.2286333942994805 -0.9740672850597387 0.0035727031165370027 0.22622975127137024 -1.9062622614563087 0.22210847800856323 0.20571148902030095 0.9530743334958793 0.259366471000141 0.0 0.0 0.0 1.0"/>
        </transform>
    </shape>
    <shape name="temp35" type="ply">
        <string name="filename" value="meshes/Cube_031.ply"/>
        <boolean name="face_normals" value="true"/>
        <ref id="mat-Material" name="bsdf"/>
        <transform name="to_world">
            <matrix value="0.13330682751003053 0.9770327038961418 0.1662401228121021 -1.895321174083963 -0.7832238084347025 0.0010781209912749284 0.6217244472013393 -1.199882553799978 0.6072659198939059 -0.21308666876641297 0.7653788164253148 0.5808728228670126 0.0 0.0 0.0 1.0"/>
        </transform>
    </shape>
    <shape name="temp36" type="ply">
        <string name="filename" value="meshes/Cube_032.ply"/>
        <boolean name="face_normals" value="true"/>
        <ref id="mat-Material" name="bsdf"/>
        <transform name="to_world">
            <matrix value="0.6921681054275771 0.613497579381882 0.379862592850176 -0.6753727314509443 -0.48136902134117693 0.0005293644652008769 0.8762897138245407 -0.4071253645113336 0.5373898324016404 -0.7896955298348224 0.29567098687013055 -0.1303636161846533 0.0 0.0 0.0 1.0"/>
        </transform>
    </shape>
    <shape name="temp37" type="ply">
        <string name="filename" value="meshes/Cube_033.ply"/>
        <boolean name="face_normals" value="true"/>
        <ref id="mat-Material" name="bsdf"/>
        <transform name="to_world">
            <matrix value="0.9766152595531774 0.1697457151617674 0.13194366368319999 -0.14370754018325682 -0.15010569086231687 0.09898455017802651 0.9837025513202442 0.3004188377365502 0.15391891700220023 -0.98050406426058 0.12214961602306462 -0.3842240392630108 0.0 0.0 0.0 1.0"/>
        </transform>
    </shape>
    <shape name="temp38" type="ply">
        <string name="filename" value="meshes/Cube_034.ply"/>
        <boolean name="face_normals" value="true"/>
        <ref id="mat-Material" name="bsdf"/>
        <transform name="to_world">
            <matrix value="0.9999180003794144 -0.001189432922492246 0.01275871695961564 -0.03382007547441157 -0.012342587322947306 0.17820054523875575 0.9839169618850352 0.3694010231371042 -0.003443913146001876 -0.9839934671469662 0.17817124335906417 -0.3767540833069251 0.0 0.0 0.0 1.0"/>
        </transform>
    </shape>
    <shape name="temp39" type="ply">
        <string name="filename" value="meshes/Cube_035.ply"/>
        <boolean name="face_normals" value="true"/>
        <ref id="mat-Material" name="bsdf"/>
        <transform name="to_world">
            <matrix value="0.998773773241352 -0.04937486311670487 0.003667909948508369 0.008938303371494705 0.006508010698069418 0.20436393331150154 0.978873467508171 0.0913065535435956 -0.049081338304726545 -0.9776489655273111 0.20443464638331693 -0.15615925920916082 0.0 0.0 0.0 1.0"/>
        </transform>
    </shape>
    <shape name="temp40" type="ply">
        <string name="filename" value="meshes/Cube_036.ply"/>
        <boolean name="face_normals" value="true"/>
        <ref id="mat-Material" name="bsdf"/>
        <transform name="to_world">
            <matrix value="0.9987746597237366 -0.04935098024083116 0.0037622080458569115 0.0028407584884957426 0.006552704923700461 0.20719269830608877 0.978278342263561 -0.2395841111154376 -0.04905848922126069 -0.9770546052233622 0.20726217093179 0.18156165263817814 0.0 0.0 0.0 1.0"/>
        </transform>
    </shape>
    <shape name="temp41" type="ply">
        <string name="filename" value="meshes/Cube_037.ply"/>
        <boolean name="face_normals" value="true"/>
        <ref id="mat-Material" name="bsdf"/>
        <transform name="to_world">
            <matrix value="0.9987542706288883 -0.04975957557313688 0.0037807178002374356 -0.005807668312052039 0.006620970715940904 0.2072222233810226 0.9782714867989756 -0.570457969845382 -0.049461838706303066 -0.9770275935864571 0.20729354059215138 0.5186087778411091 0.0 0.0 0.0 1.0"/>
        </transform>
    </shape>
    <shape name="temp42" type="ply">
        <string name="filename" value="meshes/Cube_038.ply"/>
        <boolean name="face_normals" value="true"/>
        <ref id="mat-Material" name="bsdf"/>
        <transform name="to_world">
            <matrix value="0.9989543940272363 -0.045557868521118094 0.0038743421708939667 0.009841021336369327 0.005660096945713592 0.20730345644660353 0.9782603762184406 -0.9041321614750517 -0.04537063385263471 -0.9772152149563121 0.20734454288471332 0.866793153362457 0.0 0.0 0.0 1.0"/>
        </transform>
    </shape>
    <shape name="temp43" type="ply">
        <string name="filename" value="meshes/Cube_039.ply"/>
        <boolean name="face_normals" value="true"/>
        <ref id="mat-Material" name="bsdf"/>
        <transform name="to_world">
            <matrix value="0.9999319074002643 -0.011001805475877868 -0.003908894235916283 0.022220908345633283 0.008287818345490357 0.4330177682101912 0.9013472668341461 -1.3192480251280008 -0.008223829039641316 -0.9013182183447611 0.43307937421823417 1.4759019391063752 0.0 0.0 0.0 1.0"/>
        </transform>
    </shape>
    <shape name="temp47" type="ply">
        <string name="filename" value="meshes/Plane_001.ply"/>
        <boolean name="face_normals" value="true"/>
        <ref id="mat-Material.002" name="bsdf"/>
    </shape>
    <shape name="temp49" type="ply">
        <string name="filename" value="meshes/Plane_002.ply"/>
        <boolean name="face_normals" value="true"/>
        <ref id="mat-Material.003" name="bsdf"/>
    </shape>
    <shape name="temp51" type="ply">
        <string name="filename" value="meshes/Plane_003.ply"/>
        <boolean name="face_normals" value="true"/>
        <ref id="mat-Material.004" name="bsdf"/>
    </shape>
    <shape name="temp53" type="ply">
        <string name="filename" value="meshes/Plane_004.ply"/>
        <boolean name="face_normals" value="true"/>
        <ref id="mat-Material.005" name="bsdf"/>
    </shape>
    <emitter type="point">
        <transform name="to_world">
            <rotate angle="-142.5518126578256" x="1"/>
            <rotate angle="3.976628485794621e-06" y="1"/>
            <rotate angle="-179.999991348578" z="1"/>
            <translate value="-0.000000 3.030926 4.073377"/>
        </transform>
        <rgb name="intensity" value="100"/>
    </emitter>
</scene>
