
<scene version="2.1.0">
    <default name="spp" value="1024"/>
    <default name="resx" value="1280"/>
    <default name="resy" value="720"/>
    <integrator name="temp0" type="path">
        <integer name="max_depth" value="12"/>
    </integrator>
    <sensor name="temp44" type="perspective">
        <string name="fov_axis" value="x"/>
        <float name="fov" value="83.974423"/>
        <float name="principal_point_offset_x" value="0.000000"/>
        <float name="principal_point_offset_y" value="-0.000000"/>
        <float name="near_clip" value="0.100000"/>
        <float name="far_clip" value="1000.000000"/>
        <sampler name="sampler" type="independent">
            <integer name="sample_count" value="$spp"/>
        </sampler>
        <film name="film" type="hdrfilm">
            <integer name="width" value="$resx"/>
            <integer name="height" value="$resy"/>
        </film>
        <float name="shutter_open" value="0.0"/>
        <float name="shutter_close" value="0.0015"/>
        <animation name="to_world">
            <transform time="0">
                <rotate angle="-142.5518126578256" x="1"/>
                <rotate angle="3.976628485794621e-06" y="1"/>
                <rotate angle="-179.999991348578" z="1"/>
                <translate value="-0.000000 3.030926 4.073377"/>
            </transform>
            <transform time="0.0015">
                <rotate angle="-142.5518126578256" x="1"/>
                <rotate angle="3.976628485794621e-06" y="1"/>
                <rotate angle="-179.999991348578" z="1"/>
                <translate value="-0.000000 3.030926 4.073377"/>
                <translate x="0.15" y="0.0" z="0.0"/>
            </transform>
        </animation>
    </sensor>
    <bsdf id="mat-Material" name="mat-Material" type="twosided">
        <bsdf name="bsdf" type="diffuse">
            <texture name="reflectance" type="bitmap">
                <string name="filename" value="textures/siggraph_2023_logo.jpg"/>
            </texture>
        </bsdf>
    </bsdf>
    <bsdf id="mat-Material.001" name="mat-Material.001" type="twosided">
        <bsdf name="bsdf" type="principled">
            <rgb name="base_color" value="0.433648 0.266232 0.084399"/>
            <float name="spec_tint" value="0.000000"/>
            <float name="spec_trans" value="0.000000"/>
            <float name="metallic" value="0.000000"/>
            <float name="anisotropic" value="0.000000"/>
            <float name="roughness" value="0.500000"/>
            <float name="sheen" value="0.000000"/>
            <float name="sheen_tint" value="0.500000"/>
            <float name="clearcoat" value="0.000000"/>
            <float name="clearcoat_gloss" value="0.173205"/>
            <float name="specular" value="0.500000"/>
        </bsdf>
    </bsdf>
    <bsdf id="mat-Material.002" name="mat-Material.002" type="twosided">
        <bsdf name="bsdf" type="principled">
            <rgb name="base_color" value="0.433648 0.266232 0.084399"/>
            <float name="spec_tint" value="0.000000"/>
            <float name="spec_trans" value="0.000000"/>
            <float name="metallic" value="0.000000"/>
            <float name="anisotropic" value="0.000000"/>
            <float name="roughness" value="0.500000"/>
            <float name="sheen" value="0.000000"/>
            <float name="sheen_tint" value="0.500000"/>
            <float name="clearcoat" value="0.000000"/>
            <float name="clearcoat_gloss" value="0.173205"/>
            <float name="specular" value="0.500000"/>
        </bsdf>
    </bsdf>
    <bsdf id="mat-Material.003" name="mat-Material.003" type="twosided">
        <bsdf name="bsdf" type="principled">
            <rgb name="base_color" value="0.433648 0.266232 0.084399"/>
            <float name="spec_tint" value="0.000000"/>
            <float name="spec_trans" value="0.000000"/>
            <float name="metallic" value="0.000000"/>
            <float name="anisotropic" value="0.000000"/>
            <float name="roughness" value="0.500000"/>
            <float name="sheen" value="0.000000"/>
            <float name="sheen_tint" value="0.500000"/>
            <float name="clearcoat" value="0.000000"/>
            <float name="clearcoat_gloss" value="0.173205"/>
            <float name="specular" value="0.500000"/>
        </bsdf>
    </bsdf>
    <bsdf id="mat-Material.004" name="mat-Material.004" type="twosided">
        <bsdf name="bsdf" type="principled">
            <rgb name="base_color" value="0.433648 0.266232 0.084399"/>
            <float name="spec_tint" value="0.000000"/>
            <float name="spec_trans" value="0.000000"/>
            <float name="metallic" value="0.000000"/>
            <float name="anisotropic" value="0.000000"/>
            <float name="roughness" value="0.500000"/>
            <float name="sheen" value="0.000000"/>
            <float name="sheen_tint" value="0.500000"/>
            <float name="clearcoat" value="0.000000"/>
            <float name="clearcoat_gloss" value="0.173205"/>
            <float name="specular" value="0.500000"/>
        </bsdf>
    </bsdf>
    <bsdf id="mat-Material.005" name="mat-Material.005" type="twosided">
        <bsdf name="bsdf" type="principled">
            <rgb name="base_color" value="0.433648 0.266232 0.084399"/>
            <float name="spec_tint" value="0.000000"/>
            <float name="spec_trans" value="0.000000"/>
            <float name="metallic" value="0.000000"/>
            <float name="anisotropic" value="0.000000"/>
            <float name="roughness" value="0.500000"/>
            <float name="sheen" value="0.000000"/>
            <float name="sheen_tint" value="0.500000"/>
            <float name="clearcoat" value="0.000000"/>
            <float name="clearcoat_gloss" value="0.173205"/>
            <float name="specular" value="0.500000"/>
        </bsdf>
    </bsdf>
    <emitter name="temp45" type="point">
        <point name="position" x="-6.815235034541981e-16" y="3.0693089962005615" z="4.109199523925781"/>
        <rgb name="intensity" value="7.957747 7.957747 7.957747"/>
    </emitter>
    <shape name="temp2" type="ply">
        <string name="filename" value="meshes/Cube.ply"/>
        <boolean name="face_normals" value="true"/>
        <ref id="mat-Material" name="bsdf"/>
        <transform name="to_world">
            <matrix value="0.9999632109810346 0.002092827211043275 -0.004629063813028314 0.0029298752861472988 -0.0022978543137119325 0.9996642839413211 -0.017982557334141492 0.012356334514652706 0.004552423908784508 0.018006070839321434 0.9996361875863138 0.013984734865859383 0.0 0.0 0.0 1.0"/>
        </transform>
    </shape>
    <shape name="temp4" type="ply">
        <string name="filename" value="meshes/Plane.ply"/>
        <boolean name="face_normals" value="true"/>
        <ref id="mat-Material.001" name="bsdf"/>
    </shape>
    <shape name="temp5" type="ply">
        <string name="filename" value="meshes/Cube_001.ply"/>
        <boolean name="face_normals" value="true"/>
        <ref id="mat-Material" name="bsdf"/>
        <transform name="to_world">
            <matrix value="0.9983620021736548 -0.0010525496273645612 -0.05486241555367805 0.05058652381417228 -0.009168415253170505 0.9838842733869673 -0.16720409569093864 0.17699305745014893 0.054133813629489366 0.1674383790514848 0.9822632583503105 -0.02875170251464154 0.0 0.0 0.0 1.0"/>
        </transform>
    </shape>
    <shape name="temp6" type="ply">
        <string name="filename" value="meshes/Cube_002.ply"/>
        <boolean name="face_normals" value="true"/>
        <ref id="mat-Material" name="bsdf"/>
        <transform name="to_world">
            <matrix value="0.9997116716043736 -0.014263715966901881 -0.018134843206069118 0.0025682449148272113 0.005011198488724831 0.888267771884119 -0.4511879101754479 0.285613874628353 0.022779711786847085 0.4509817009196472 0.888078039772096 0.06771868993860763 0.0 0.0 0.0 1.0"/>
        </transform>
    </shape>
    <shape name="temp7" type="ply">
        <string name="filename" value="meshes/Cube_003.ply"/>
        <boolean name="face_normals" value="true"/>
        <ref id="mat-Material" name="bsdf"/>
        <transform name="to_world">
            <matrix value="0.9977975345151916 -0.060468208659159035 0.025865679700402013 -0.021672314788295788 0.0636619567857567 0.7941978169591364 -0.6001341070710099 0.046362281181214327 0.01635574626746592 0.6004644124291075 0.7963753267574456 0.12296279449367536 0.0 0.0 0.0 1.0"/>
        </transform>
    </shape>
    <shape name="temp8" type="ply">
        <string name="filename" value="meshes/Cube_004.ply"/>
        <boolean name="face_normals" value="true"/>
        <ref id="mat-Material" name="bsdf"/>
        <transform name="to_world">
            <matrix value="0.9908772097789645 -0.1004193478410506 0.0895349796534539 0.013312406895442663 0.1327553911426226 0.635525099963915 -0.7586271293900386 -0.32183132291013866 0.01965130437018086 0.7635752769474973 0.643143282519369 0.01088668149298716 0.0 0.0 0.0 1.0"/>
        </transform>
    </shape>
    <shape name="temp9" type="ply">
        <string name="filename" value="meshes/Cube_005.ply"/>
        <boolean name="face_normals" value="true"/>
        <ref id="mat-Material" name="bsdf"/>
        <transform name="to_world">
            <matrix value="0.9903894228467787 -0.11960955148167694 0.06933114541575083 0.052717541516121624 0.118111898898457 0.47293037672368665 -0.8724558543540001 -0.5756660653355645 0.07167582402970071 0.8722519570400253 0.48253180344579294 -0.3701010953062811 0.0 0.0 0.0 1.0"/>
        </transform>
    </shape>
    <shape name="temp10" type="ply">
        <string name="filename" value="meshes/Cube_006.ply"/>
        <boolean name="face_normals" value="true"/>
        <ref id="mat-Material" name="bsdf"/>
        <transform name="to_world">
            <matrix value="0.9896700423915876 -0.10969353785696556 -0.09194845778050316 0.0003501026782555261 -0.04306566884209444 0.38473216762650103 -0.9217765487321881 -0.4877167829167834 0.13664381315078888 0.9162386869215704 0.3760640744815496 -0.8212362481489524 0.0 0.0 0.0 1.0"/>
        </transform>
    </shape>
    <shape name="temp11" type="ply">
        <string name="filename" value="meshes/Cube_007.ply"/>
        <boolean name="face_normals" value="true"/>
        <ref id="mat-Material" name="bsdf"/>
        <transform name="to_world">
            <matrix value="0.9455708680612808 0.03517367752485801 -0.32311163864042425 -0.04015536669892916 -0.31157092213670623 0.38377226374203993 -0.8689206803835845 -0.0669654121371313 0.09326860682201385 0.922365426773434 0.37382588349208856 -0.7973233827756552 0.0 0.0 0.0 1.0"/>
        </transform>
    </shape>
    <shape name="temp12" type="ply">
        <string name="filename" value="meshes/Cube_008.ply"/>
        <boolean name="face_normals" value="true"/>
        <ref id="mat-Material" name="bsdf"/>
        <transform name="to_world">
            <matrix value="0.06858098105232552 0.9838174221929279 -0.16540922868458763 2.3781956302331113 -0.6850594031845993 -0.07413916311899929 -0.7245318308676513 0.7857983745645059 -0.7250980449517488 0.16294749104652884 0.6688942986646973 1.4388574714838729 0.0 0.0 0.0 1.0"/>
        </transform>
    </shape>
    <shape name="temp13" type="ply">
        <string name="filename" value="meshes/Cube_009.ply"/>
        <boolean name="face_normals" value="true"/>
        <ref id="mat-Material" name="bsdf"/>
        <transform name="to_world">
            <matrix value="-0.08157136094548664 0.991731206053944 0.09906946524066698 2.601151315268406 -0.7720674276231456 -1.7881641056019426e-05 -0.6355164599704695 0.6987368779113986 -0.630259721609072 -0.12833225564897804 0.7656847119830212 1.0129496024063611 0.0 0.0 0.0 1.0"/>
        </transform>
    </shape>
    <shape name="temp14" type="ply">
        <string name="filename" value="meshes/Cube_010.ply"/>
        <boolean name="face_normals" value="true"/>
        <ref id="mat-Material" name="bsdf"/>
        <transform name="to_world">
            <matrix value="0.03564062979254539 0.9989174486831045 0.029310940706850405 1.768525519287214 -0.9522294588734228 0.025035855601420874 0.3041872468501504 2.3089422380446094 0.3031441092359054 -0.038706100875427335 0.9521200169637289 -0.7361310716710692 0.0 0.0 0.0 1.0"/>
        </transform>
    </shape>
    <shape name="temp15" type="ply">
        <string name="filename" value="meshes/Cube_011.ply"/>
        <boolean name="face_normals" value="true"/>
        <ref id="mat-Material" name="bsdf"/>
        <transform name="to_world">
            <matrix value="0.025327978536488504 0.997111110647591 -0.0713052473617099 1.2288811222636193 -0.8327252064174233 0.06050182198184066 0.55033341197418 2.255148336551016 0.5530643923074605 0.04542807708432846 0.8318920704023117 -1.2690605395910497 0.0 0.0 0.0 1.0"/>
        </transform>
    </shape>
    <shape name="temp16" type="ply">
        <string name="filename" value="meshes/Cube_012.ply"/>
        <boolean name="face_normals" value="true"/>
        <ref id="mat-Material" name="bsdf"/>
        <transform name="to_world">
            <matrix value="0.09483107634918186 0.9895751768271444 0.10831281815856547 1.1069755460242403 -0.7526078095552163 0.00011297601491793261 0.6578930509701428 1.8436392897944138 0.6510224687825228 -0.14401696414231274 0.7447729446489789 -1.774514761434219 0.0 0.0 0.0 1.0"/>
        </transform>
    </shape>
    <shape name="temp17" type="ply">
        <string name="filename" value="meshes/Cube_013.ply"/>
        <boolean name="face_normals" value="true"/>
        <ref id="mat-Material" name="bsdf"/>
        <transform name="to_world">
            <matrix value="0.876820391576999 0.294370107399937 0.3801690793962085 0.6288617615902095 -0.4329625177518097 0.13962094017183158 0.8904159895910408 1.4809308928513336 0.20905029812402598 -0.9453299069923637 0.24987967477676004 -1.4319765802638256 0.0 0.0 0.0 1.0"/>
        </transform>
    </shape>
    <shape name="temp18" type="ply">
        <string name="filename" value="meshes/Cube_014.ply"/>
        <boolean name="face_normals" value="true"/>
        <ref id="mat-Material" name="bsdf"/>
        <transform name="to_world">
            <matrix value="0.9432797543380016 0.2847918226701681 0.17063757239016009 0.10697471744884246 -0.21605834029222004 0.13634011092500778 0.9668143507094933 1.0246918911440108 0.2520762525552855 -0.9488438185068302 0.1901385323915974 -0.8520320416702589 0.0 0.0 0.0 1.0"/>
        </transform>
    </shape>
    <shape name="temp19" type="ply">
        <string name="filename" value="meshes/Cube_015.ply"/>
        <boolean name="face_normals" value="true"/>
        <ref id="mat-Material" name="bsdf"/>
        <transform name="to_world">
            <matrix value="0.9833128555902466 0.13034925316474177 0.12690468445714886 0.03631261339166636 -0.14936534509872754 0.18023653433398065 0.9722162204074416 0.6381132316528773 0.10385502378432238 -0.9749475932527226 0.19669851463358015 -0.3154183292624475 0.0 0.0 0.0 1.0"/>
        </transform>
    </shape>
    <shape name="temp20" type="ply">
        <string name="filename" value="meshes/Cube_016.ply"/>
        <boolean name="face_normals" value="true"/>
        <ref id="mat-Material" name="bsdf"/>
        <transform name="to_world">
            <matrix value="0.9846073414925172 0.04610128216627071 0.16859200813578168 0.07234140624654845 -0.17419414318818072 0.17980447329393878 0.9681561306055835 0.3368797670613847 0.014319708985562748 -0.9826210882665204 0.18506735612152803 0.08192888813511381 0.0 0.0 0.0 1.0"/>
        </transform>
    </shape>
    <shape name="temp21" type="ply">
        <string name="filename" value="meshes/Cube_017.ply"/>
        <boolean name="face_normals" value="true"/>
        <ref id="mat-Material" name="bsdf"/>
        <transform name="to_world">
            <matrix value="0.959681673040475 -0.028762564582842293 0.27957683817463086 0.201036682070998 -0.27411896948195746 0.12369118711451058 0.9537028018992947 0.178879453606351 -0.06201487251496826 -0.9918947359638566 0.11081015752912036 0.3082515672360616 0.0 0.0 0.0 1.0"/>
        </transform>
    </shape>
    <shape name="temp22" type="ply">
        <string name="filename" value="meshes/Cube_018.ply"/>
        <boolean name="face_normals" value="true"/>
        <ref id="mat-Material" name="bsdf"/>
        <transform name="to_world">
            <matrix value="0.12280560150489249 0.9699809979913354 0.2096978584001426 0.8670023633388981 -0.647878559005154 -0.08168399304997884 0.7573349925133599 0.08194989769585725 0.7517231001352772 -0.2288619861792196 0.6184404432696122 -0.19815754080432355 0.0 0.0 0.0 1.0"/>
        </transform>
    </shape>
    <shape name="temp23" type="ply">
        <string name="filename" value="meshes/Cube_019.ply"/>
        <boolean name="face_normals" value="true"/>
        <ref id="mat-Material" name="bsdf"/>
        <transform name="to_world">
            <matrix value="-0.07372481725165639 0.9868961230479139 -0.14351340668838036 0.48040609337125156 -0.9138824471168934 -0.009254845929377607 0.4057662021813616 -0.043719100973405485 0.3991193240749113 0.1610869315823396 0.9025905855086827 -0.04813913214817417 0.0 0.0 0.0 1.0"/>
        </transform>
    </shape>
    <shape name="temp24" type="ply">
        <string name="filename" value="meshes/Cube_020.ply"/>
        <boolean name="face_normals" value="true"/>
        <ref id="mat-Material" name="bsdf"/>
        <transform name="to_world">
            <matrix value="0.09635913608711365 0.9592515604215173 -0.26559098116580154 0.0885879514079781 -0.9508874635333886 0.009881898381260436 -0.30934243878852524 0.17356466604030094 -0.2941090890553412 0.2823473783676238 0.9131023764312232 0.1028746884474454 0.0 0.0 0.0 1.0"/>
        </transform>
    </shape>
    <shape name="temp25" type="ply">
        <string name="filename" value="meshes/Cube_021.ply"/>
        <boolean name="face_normals" value="true"/>
        <ref id="mat-Material" name="bsdf"/>
        <transform name="to_world">
            <matrix value="0.18177077515792683 0.935936010579384 -0.3016124289100142 -0.16462589324458593 -0.8040940415972995 -0.03508232813194194 -0.593455347995202 0.09303044028502103 -0.5660190026363986 0.3504059045978187 0.7462133013979002 0.28352960473807115 0.0 0.0 0.0 1.0"/>
        </transform>
    </shape>
    <shape name="temp26" type="ply">
        <string name="filename" value="meshes/Cube_022.ply"/>
        <boolean name="face_normals" value="true"/>
        <ref id="mat-Material" name="bsdf"/>
        <transform name="to_world">
            <matrix value="0.642497389309377 0.3983262171401873 -0.6545803250057562 -0.07919092487992652 -0.7072309924879483 -0.020481880301946302 -0.706639186497477 -0.18866596449725936 -0.29488266962397186 0.9170149325334831 0.2685517145516928 0.672788691729 0.0 0.0 0.0 1.0"/>
        </transform>
    </shape>
    <shape name="temp27" type="ply">
        <string name="filename" value="meshes/Cube_023.ply"/>
        <boolean name="face_normals" value="true"/>
        <ref id="mat-Material" name="bsdf"/>
        <transform name="to_world">
            <matrix value="0.859754719188975 0.267894218675366 -0.43480453179304435 -0.06174065067272644 -0.4803777124144766 0.1351767437106689 -0.8665821395763134 -0.2871750873705472 -0.17337691723977752 0.9539181474397349 0.24490922655702968 0.20951604181381883 0.0 0.0 0.0 1.0"/>
        </transform>
    </shape>
    <shape name="temp28" type="ply">
        <string name="filename" value="meshes/Cube_024.ply"/>
        <boolean name="face_normals" value="true"/>
        <ref id="mat-Material" name="bsdf"/>
        <transform name="to_world">
            <matrix value="0.85906281968771 0.4316630616386782 -0.2750962010797593 -0.18804473134586847 -0.38072809457703266 0.17962379777357368 -0.9070731137661985 -0.5142871743219174 -0.34213621422378715 0.8839693756870238 0.3186542864856099 -0.3274306062041292 0.0 0.0 0.0 1.0"/>
        </transform>
    </shape>
    <shape name="temp29" type="ply">
        <string name="filename" value="meshes/Cube_025.ply"/>
        <boolean name="face_normals" value="true"/>
        <ref id="mat-Material" name="bsdf"/>
        <transform name="to_world">
            <matrix value="0.8991626287394043 0.36737067266276335 -0.23779337251507138 -0.2677458652530342 -0.3211882808801706 0.18494245165542747 -0.928781178771132 -0.7929831826085323 -0.2972289447136396 0.9115015341358259 0.28428855170509587 -0.7085489402450293 0.0 0.0 0.0 1.0"/>
        </transform>
    </shape>
    <shape name="temp30" type="ply">
        <string name="filename" value="meshes/Cube_026.ply"/>
        <boolean name="face_normals" value="true"/>
        <ref id="mat-Material" name="bsdf"/>
        <transform name="to_world">
            <matrix value="0.9234125759937024 0.23858690550933104 -0.3006423806711831 -0.32478813534495726 -0.3487661273307838 0.1946101876630867 -0.9167819881887437 -1.1449481286855647 -0.16022408944961852 0.9514216047206747 0.26291652266251114 -0.8755115113634662 0.0 0.0 0.0 1.0"/>
        </transform>
    </shape>
    <shape name="temp31" type="ply">
        <string name="filename" value="meshes/Cube_027.ply"/>
        <boolean name="face_normals" value="true"/>
        <ref id="mat-Material" name="bsdf"/>
        <transform name="to_world">
            <matrix value="0.874403175734495 0.17323288619861793 -0.4532207918203433 -0.5743137790303783 -0.48121964905935355 0.19023585643575716 -0.8557088999532411 -1.581462367948676 -0.06201810817567244 0.9663332797967558 0.24970604240648556 -1.010695695214431 0.0 0.0 0.0 1.0"/>
        </transform>
    </shape>
    <shape name="temp32" type="ply">
        <string name="filename" value="meshes/Cube_028.ply"/>
        <boolean name="face_normals" value="true"/>
        <ref id="mat-Material" name="bsdf"/>
        <transform name="to_world">
            <matrix value="-0.10441399525200035 0.9841727451540707 0.14318409617318512 -1.478211559569298 -0.810411779932521 -0.0007442602878877317 -0.5858602024205937 -2.115451428314442 -0.5764810461201326 -0.17721008378822042 0.7976628539251789 -1.3040075445051311 0.0 0.0 0.0 1.0"/>
        </transform>
    </shape>
    <shape name="temp33" type="ply">
        <string name="filename" value="meshes/Cube_029.ply"/>
        <boolean name="face_normals" value="true"/>
        <ref id="mat-Material" name="bsdf"/>
        <transform name="to_world">
            <matrix value="-0.010590124674882585 0.9790342766200204 0.20341671627028685 -1.6138012904605796 -0.9991068689974061 -0.018679705604445346 0.03788618132183759 -1.8354021718015257 0.04089106549863748 -0.20283468878214023 0.9783581256876148 -0.1317186119357172 0.0 0.0 0.0 1.0"/>
        </transform>
    </shape>
    <shape name="temp34" type="ply">
        <string name="filename" value="meshes/Cube_030.ply"/>
        <boolean name="face_normals" value="true"/>
        <ref id="mat-Material" name="bsdf"/>
        <transform name="to_world">
            <matrix value="-0.042512592421327045 0.9803998774971497 -0.19237573279738684 -3.214253956299531 -0.9724469101066631 0.003570836850987862 0.23309573939872197 -1.8909232690696938 0.2292138882337248 0.19698472784661464 0.9532355773894685 0.28285914753044517 0.0 0.0 0.0 1.0"/>
        </transform>
    </shape>
    <shape name="temp35" type="ply">
        <string name="filename" value="meshes/Cube_031.ply"/>
        <boolean name="face_normals" value="true"/>
        <ref id="mat-Material" name="bsdf"/>
        <transform name="to_world">
            <matrix value="0.1329211633485631 0.9787680190562406 0.1560147364121146 -1.9098715263176471 -0.760490854161237 -0.00022552422391082616 0.6492535108252514 -1.1095129871703129 0.6355014919498535 -0.2049668351330662 0.7443148104984112 0.6302646493975135 0.0 0.0 0.0 1.0"/>
        </transform>
    </shape>
    <shape name="temp36" type="ply">
        <string name="filename" value="meshes/Cube_032.ply"/>
        <boolean name="face_normals" value="true"/>
        <ref id="mat-Material" name="bsdf"/>
        <transform name="to_world">
            <matrix value="0.6595686022123055 0.6135141618153489 0.43415314445976805 -0.7088281148006068 -0.5521790180257328 0.0037069404263041198 0.8336354859649728 -0.6326193112694792 0.5098348571965526 -0.7896748800120146 0.3412130200874568 -0.1593987612037817 0.0 0.0 0.0 1.0"/>
        </transform>
    </shape>
    <shape name="temp37" type="ply">
        <string name="filename" value="meshes/Cube_033.ply"/>
        <boolean name="face_normals" value="true"/>
        <ref id="mat-Material" name="bsdf"/>
        <transform name="to_world">
            <matrix value="0.9767480102902875 0.1688804250108985 0.13207183723141352 -0.1405442477573775 -0.15011639513711222 0.09892105718749414 0.9837072792268549 0.3003882788645364 0.1530642150109835 -0.9806599808519825 0.12197266229839615 -0.3753235528038751 0.0 0.0 0.0 1.0"/>
        </transform>
    </shape>
    <shape name="temp38" type="ply">
        <string name="filename" value="meshes/Cube_034.ply"/>
        <boolean name="face_normals" value="true"/>
        <ref id="mat-Material" name="bsdf"/>
        <transform name="to_world">
            <matrix value="0.9999246489972998 0.0024052600730461414 0.01204133986982182 -0.034470191748192214 -0.012277807622684728 0.18096437801273613 0.9834130852380099 0.36938976702593784 0.00018631111631180777 -0.9834867121518993 0.1809802817926898 -0.3595655182987017 0.0 0.0 0.0 1.0"/>
        </transform>
    </shape>
    <shape name="temp39" type="ply">
        <string name="filename" value="meshes/Cube_035.ply"/>
        <boolean name="face_normals" value="true"/>
        <ref id="mat-Material" name="bsdf"/>
        <transform name="to_world">
            <matrix value="0.9989233671437715 -0.04628632752287646 0.0031673546558769533 0.007572900816636752 0.0065068316764977565 0.2073671684504081 0.9782417009873288 0.0913219052417697 -0.0459360101555422 -0.9771675534965991 0.20744508181878787 -0.14830827870758456 0.0 0.0 0.0 1.0"/>
        </transform>
    </shape>
    <shape name="temp40" type="ply">
        <string name="filename" value="meshes/Cube_036.ply"/>
        <boolean name="face_normals" value="true"/>
        <ref id="mat-Material" name="bsdf"/>
        <transform name="to_world">
            <matrix value="0.9992522521084983 -0.038535301810718306 0.003221761041198505 0.0025026025937477936 0.004905195141367346 0.20895493124026174 0.9779129932802264 -0.24394875831336188 -0.038357392465254325 -0.9771656762399802 0.20898773864699605 0.2060824269848803 0.0 0.0 0.0 1.0"/>
        </transform>
    </shape>
    <shape name="temp41" type="ply">
        <string name="filename" value="meshes/Cube_037.ply"/>
        <boolean name="face_normals" value="true"/>
        <ref id="mat-Material" name="bsdf"/>
        <transform name="to_world">
            <matrix value="0.9988473512792828 -0.04788921265771563 0.0033237301670227567 -0.0063615322893002535 0.006765165940637594 0.2089742252666226 0.9778978639790723 -0.5698021477522747 -0.04752534009896689 -0.9767477780582076 0.20905740435090334 0.5149263353125378 0.0 0.0 0.0 1.0"/>
        </transform>
    </shape>
    <shape name="temp42" type="ply">
        <string name="filename" value="meshes/Cube_038.ply"/>
        <boolean name="face_normals" value="true"/>
        <ref id="mat-Material" name="bsdf"/>
        <transform name="to_world">
            <matrix value="0.999069193496056 -0.04301109875829904 0.003387261412102779 0.007133199879514551 0.005680135880019928 0.2089529496916085 0.9779093291526031 -0.9037322536646293 -0.04276873491871844 -0.9769793063745378 0.20900269065165208 0.8615926309366353 0.0 0.0 0.0 1.0"/>
        </transform>
    </shape>
    <shape name="temp43" type="ply">
        <string name="filename" value="meshes/Cube_039.ply"/>
        <boolean name="face_normals" value="true"/>
        <ref id="mat-Material" name="bsdf"/>
        <transform name="to_world">
            <matrix value="0.9999496071357303 -0.00870488067642307 -0.005007930993136625 0.02107775824279212 0.008283644308526 0.43301269449267576 0.9013497426841784 -1.3192603215081897 -0.00567764289594359 -0.9013458058005517 0.4330629260257641 1.4722252180950992 0.0 0.0 0.0 1.0"/>
        </transform>
    </shape>
    <shape name="temp47" type="ply">
        <string name="filename" value="meshes/Plane_001.ply"/>
        <boolean name="face_normals" value="true"/>
        <ref id="mat-Material.002" name="bsdf"/>
    </shape>
    <shape name="temp49" type="ply">
        <string name="filename" value="meshes/Plane_002.ply"/>
        <boolean name="face_normals" value="true"/>
        <ref id="mat-Material.003" name="bsdf"/>
    </shape>
    <shape name="temp51" type="ply">
        <string name="filename" value="meshes/Plane_003.ply"/>
        <boolean name="face_normals" value="true"/>
        <ref id="mat-Material.004" name="bsdf"/>
    </shape>
    <shape name="temp53" type="ply">
        <string name="filename" value="meshes/Plane_004.ply"/>
        <boolean name="face_normals" value="true"/>
        <ref id="mat-Material.005" name="bsdf"/>
    </shape>
    <emitter type="point">
        <transform name="to_world">
            <rotate angle="-142.5518126578256" x="1"/>
            <rotate angle="3.976628485794621e-06" y="1"/>
            <rotate angle="-179.999991348578" z="1"/>
            <translate value="-0.000000 3.030926 4.073377"/>
        </transform>
        <rgb name="intensity" value="100"/>
    </emitter>
</scene>
