
<scene version="2.1.0">
    <default name="spp" value="1024"/>
    <default name="resx" value="1280"/>
    <default name="resy" value="720"/>
    <integrator name="temp0" type="path">
        <integer name="max_depth" value="12"/>
    </integrator>
    <sensor name="temp44" type="perspective">
        <string name="fov_axis" value="x"/>
        <float name="fov" value="83.974423"/>
        <float name="principal_point_offset_x" value="0.000000"/>
        <float name="principal_point_offset_y" value="-0.000000"/>
        <float name="near_clip" value="0.100000"/>
        <float name="far_clip" value="1000.000000"/>
        <sampler name="sampler" type="independent">
            <integer name="sample_count" value="$spp"/>
        </sampler>
        <film name="film" type="hdrfilm">
            <integer name="width" value="$resx"/>
            <integer name="height" value="$resy"/>
        </film>
        <float name="shutter_open" value="0.0"/>
        <float name="shutter_close" value="0.0015"/>
        <animation name="to_world">
            <transform time="0">
                <rotate angle="-142.5518126578256" x="1"/>
                <rotate angle="3.976628485794621e-06" y="1"/>
                <rotate angle="-179.999991348578" z="1"/>
                <translate value="-0.000000 3.030926 4.073377"/>
                <translate x="33.75" y="0.0" z="0.0"/>
            </transform>
            <transform time="0.0015">
                <rotate angle="-142.5518126578256" x="1"/>
                <rotate angle="3.976628485794621e-06" y="1"/>
                <rotate angle="-179.999991348578" z="1"/>
                <translate value="-0.000000 3.030926 4.073377"/>
                <translate x="33.9" y="0.0" z="0.0"/>
            </transform>
        </animation>
    </sensor>
    <bsdf id="mat-Material" name="mat-Material" type="twosided">
        <bsdf name="bsdf" type="diffuse">
            <texture name="reflectance" type="bitmap">
                <string name="filename" value="textures/siggraph_2023_logo.jpg"/>
            </texture>
        </bsdf>
    </bsdf>
    <bsdf id="mat-Material.001" name="mat-Material.001" type="twosided">
        <bsdf name="bsdf" type="principled">
            <rgb name="base_color" value="0.433648 0.266232 0.084399"/>
            <float name="spec_tint" value="0.000000"/>
            <float name="spec_trans" value="0.000000"/>
            <float name="metallic" value="0.000000"/>
            <float name="anisotropic" value="0.000000"/>
            <float name="roughness" value="0.500000"/>
            <float name="sheen" value="0.000000"/>
            <float name="sheen_tint" value="0.500000"/>
            <float name="clearcoat" value="0.000000"/>
            <float name="clearcoat_gloss" value="0.173205"/>
            <float name="specular" value="0.500000"/>
        </bsdf>
    </bsdf>
    <bsdf id="mat-Material.002" name="mat-Material.002" type="twosided">
        <bsdf name="bsdf" type="principled">
            <rgb name="base_color" value="0.433648 0.266232 0.084399"/>
            <float name="spec_tint" value="0.000000"/>
            <float name="spec_trans" value="0.000000"/>
            <float name="metallic" value="0.000000"/>
            <float name="anisotropic" value="0.000000"/>
            <float name="roughness" value="0.500000"/>
            <float name="sheen" value="0.000000"/>
            <float name="sheen_tint" value="0.500000"/>
            <float name="clearcoat" value="0.000000"/>
            <float name="clearcoat_gloss" value="0.173205"/>
            <float name="specular" value="0.500000"/>
        </bsdf>
    </bsdf>
    <bsdf id="mat-Material.003" name="mat-Material.003" type="twosided">
        <bsdf name="bsdf" type="principled">
            <rgb name="base_color" value="0.433648 0.266232 0.084399"/>
            <float name="spec_tint" value="0.000000"/>
            <float name="spec_trans" value="0.000000"/>
            <float name="metallic" value="0.000000"/>
            <float name="anisotropic" value="0.000000"/>
            <float name="roughness" value="0.500000"/>
            <float name="sheen" value="0.000000"/>
            <float name="sheen_tint" value="0.500000"/>
            <float name="clearcoat" value="0.000000"/>
            <float name="clearcoat_gloss" value="0.173205"/>
            <float name="specular" value="0.500000"/>
        </bsdf>
    </bsdf>
    <bsdf id="mat-Material.004" name="mat-Material.004" type="twosided">
        <bsdf name="bsdf" type="principled">
            <rgb name="base_color" value="0.433648 0.266232 0.084399"/>
            <float name="spec_tint" value="0.000000"/>
            <float name="spec_trans" value="0.000000"/>
            <float name="metallic" value="0.000000"/>
            <float name="anisotropic" value="0.000000"/>
            <float name="roughness" value="0.500000"/>
            <float name="sheen" value="0.000000"/>
            <float name="sheen_tint" value="0.500000"/>
            <float name="clearcoat" value="0.000000"/>
            <float name="clearcoat_gloss" value="0.173205"/>
            <float name="specular" value="0.500000"/>
        </bsdf>
    </bsdf>
    <bsdf id="mat-Material.005" name="mat-Material.005" type="twosided">
        <bsdf name="bsdf" type="principled">
            <rgb name="base_color" value="0.433648 0.266232 0.084399"/>
            <float name="spec_tint" value="0.000000"/>
            <float name="spec_trans" value="0.000000"/>
            <float name="metallic" value="0.000000"/>
            <float name="anisotropic" value="0.000000"/>
            <float name="roughness" value="0.500000"/>
            <float name="sheen" value="0.000000"/>
            <float name="sheen_tint" value="0.500000"/>
            <float name="clearcoat" value="0.000000"/>
            <float name="clearcoat_gloss" value="0.173205"/>
            <float name="specular" value="0.500000"/>
        </bsdf>
    </bsdf>
    <emitter name="temp45" type="point">
        <point name="position" x="-6.815235034541981e-16" y="3.0693089962005615" z="4.109199523925781"/>
        <rgb name="intensity" value="7.957747 7.957747 7.957747"/>
    </emitter>
    <shape name="temp2" type="ply">
        <string name="filename" value="meshes/Cube.ply"/>
        <boolean name="face_normals" value="true"/>
        <ref id="mat-Material" name="bsdf"/>
        <transform name="to_world">
            <matrix value="0.9999982270352306 0.00024018038350266885 0.0019438776209741283 -0.003008182264515824 -0.00024044660096059233 0.9999998957079657 0.0001405795751597678 -0.017411779261746974 -0.0019438475463054074 -0.00014104663314025402 0.9999981088373558 0.004523341877368026 0.0 0.0 0.0 1.0"/>
        </transform>
    </shape>
    <shape name="temp4" type="ply">
        <string name="filename" value="meshes/Plane.ply"/>
        <boolean name="face_normals" value="true"/>
        <ref id="mat-Material.001" name="bsdf"/>
    </shape>
    <shape name="temp5" type="ply">
        <string name="filename" value="meshes/Cube_001.ply"/>
        <boolean name="face_normals" value="true"/>
        <ref id="mat-Material" name="bsdf"/>
        <transform name="to_world">
            <matrix value="0.9999982270352306 -5.230975568548026e-06 -0.00206246061062805 0.002552219298366243 4.450806433025365e-06 0.9999967669469341 -0.00038398402724030656 -0.017320987622738593 0.0020620511074824436 0.0003839709400675394 0.9999947993027283 -0.004468315058358818 0.0 0.0 0.0 1.0"/>
        </transform>
    </shape>
    <shape name="temp6" type="ply">
        <string name="filename" value="meshes/Cube_002.ply"/>
        <boolean name="face_normals" value="true"/>
        <ref id="mat-Material" name="bsdf"/>
        <transform name="to_world">
            <matrix value="0.9999955675880765 -0.00016735429881336526 -0.001876137357034014 -0.00010721585108419696 0.00013687110723422814 0.9999468110624647 -0.007939544021774847 -0.012607572434810671 0.0018775563935769033 0.007939188357671618 0.9999423195393506 0.0004961438560858733 0.0 0.0 0.0 1.0"/>
        </transform>
    </shape>
    <shape name="temp7" type="ply">
        <string name="filename" value="meshes/Cube_003.ply"/>
        <boolean name="face_normals" value="true"/>
        <ref id="mat-Material" name="bsdf"/>
        <transform name="to_world">
            <matrix value="0.9998807681192567 -0.013380525131251526 0.0031409965765228235 -0.010292707163157111 0.013898753960360053 0.990557294914929 -0.12836295997212427 -0.005860615817702641 -0.0011739996489529758 0.12841605429860478 0.9906451275849238 0.09153090199526803 0.0 0.0 0.0 1.0"/>
        </transform>
    </shape>
    <shape name="temp8" type="ply">
        <string name="filename" value="meshes/Cube_004.ply"/>
        <boolean name="face_normals" value="true"/>
        <ref id="mat-Material" name="bsdf"/>
        <transform name="to_world">
            <matrix value="0.9956916956103166 -0.03746830043614929 0.08455175426610834 -0.0024483742474685766 0.06696031395660137 0.9187953018524352 -0.3839894643329089 -0.1742312605552877 -0.06294800603517207 0.3879774228603968 0.9174136365119208 0.23317225700322095 0.0 0.0 0.0 1.0"/>
        </transform>
    </shape>
    <shape name="temp9" type="ply">
        <string name="filename" value="meshes/Cube_005.ply"/>
        <boolean name="face_normals" value="true"/>
        <ref id="mat-Material" name="bsdf"/>
        <transform name="to_world">
            <matrix value="0.9958357489978318 -0.07704703362166605 0.048347112029165515 0.028560131310115144 0.08967666884741332 0.7494671719963373 -0.6538940693612267 -0.4434773029618368 0.014455644410639915 0.6555017176898064 0.7533023245698433 -0.1181904092482818 0.0 0.0 0.0 1.0"/>
        </transform>
    </shape>
    <shape name="temp10" type="ply">
        <string name="filename" value="meshes/Cube_006.ply"/>
        <boolean name="face_normals" value="true"/>
        <ref id="mat-Material" name="bsdf"/>
        <transform name="to_world">
            <matrix value="0.9919904100335623 -0.08316827728331766 -0.09426521475806593 -0.0007289654252491395 -0.026917694099750544 0.5928535969279738 -0.8038981353609118 -0.45930377313198645 0.1231648041671764 0.8000166867255013 0.5859482596812162 -0.6286089482514512 0.0 0.0 0.0 1.0"/>
        </transform>
    </shape>
    <shape name="temp11" type="ply">
        <string name="filename" value="meshes/Cube_007.ply"/>
        <boolean name="face_normals" value="true"/>
        <ref id="mat-Material" name="bsdf"/>
        <transform name="to_world">
            <matrix value="0.9709993936460488 0.1292130123085459 -0.20005914611169867 0.008551937171808133 -0.23803581211537744 0.5897844909401511 -0.7708459312344895 -0.17004774658656724 0.0181464960897262 0.7961875003910951 0.603408773387181 -0.32417953033456987 0.0 0.0 0.0 1.0"/>
        </transform>
    </shape>
    <shape name="temp12" type="ply">
        <string name="filename" value="meshes/Cube_008.ply"/>
        <boolean name="face_normals" value="true"/>
        <ref id="mat-Material" name="bsdf"/>
        <transform name="to_world">
            <matrix value="0.07622753432016552 0.988391357944863 -0.1313758893783323 2.3866872748476213 -0.7819962519524775 -0.022486639147475194 -0.6225135348146495 1.1262357250323811 -0.6182536474317719 0.15013723788804462 0.7712119894038156 1.3491702519310267 0.0 0.0 0.0 1.0"/>
        </transform>
    </shape>
    <shape name="temp13" type="ply">
        <string name="filename" value="meshes/Cube_009.ply"/>
        <boolean name="face_normals" value="true"/>
        <ref id="mat-Material" name="bsdf"/>
        <transform name="to_world">
            <matrix value="-0.07455642637675147 0.9926339579035633 0.0954532549509456 2.5812747906797173 -0.7881628450411062 1.0010992380423978e-06 -0.6153168335696498 0.7574689863659347 -0.6107814874110638 -0.12113187101995525 0.7823594476103033 0.993389868066824 0.0 0.0 0.0 1.0"/>
        </transform>
    </shape>
    <shape name="temp14" type="ply">
        <string name="filename" value="meshes/Cube_010.ply"/>
        <boolean name="face_normals" value="true"/>
        <ref id="mat-Material" name="bsdf"/>
        <transform name="to_world">
            <matrix value="0.07208123458628754 0.9972873641856983 0.014772840635033504 1.6756999927626957 -0.975781522870359 0.06743389449400634 0.20767553180675533 2.171469940942622 0.2061131382008308 -0.029404555058893715 0.977997504610891 -0.5079573165928999 0.0 0.0 0.0 1.0"/>
        </transform>
    </shape>
    <shape name="temp15" type="ply">
        <string name="filename" value="meshes/Cube_011.ply"/>
        <boolean name="face_normals" value="true"/>
        <ref id="mat-Material" name="bsdf"/>
        <transform name="to_world">
            <matrix value="0.049085526933994296 0.9955809379191236 -0.07997819016680527 1.1704327078121493 -0.8149660831839611 0.08622062354121518 0.5730513578311389 2.255222761916703 0.5774129607270574 0.0370560340242333 0.815604432128773 -1.2648484978596062 0.0 0.0 0.0 1.0"/>
        </transform>
    </shape>
    <shape name="temp16" type="ply">
        <string name="filename" value="meshes/Cube_012.ply"/>
        <boolean name="face_normals" value="true"/>
        <ref id="mat-Material" name="bsdf"/>
        <transform name="to_world">
            <matrix value="0.08061794914073261 0.9892846192193532 0.12171951835869776 1.1418410158737826 -0.8338266607804237 3.659211176768741e-05 0.5519901886482017 1.8133512857610914 0.546071154395091 -0.14599912811859256 0.8248944140256187 -1.532408054271789 0.0 0.0 0.0 1.0"/>
        </transform>
    </shape>
    <shape name="temp17" type="ply">
        <string name="filename" value="meshes/Cube_013.ply"/>
        <boolean name="face_normals" value="true"/>
        <ref id="mat-Material" name="bsdf"/>
        <transform name="to_world">
            <matrix value="0.8986478040944849 0.2958006812355686 0.32384198201409764 0.5444775841702097 -0.3950352110803207 0.22504646210131762 0.890640328759714 1.4412209096457058 0.1905979678277813 -0.9283542925558432 0.3191034376136175 -1.3299450017246457 0.0 0.0 0.0 1.0"/>
        </transform>
    </shape>
    <shape name="temp18" type="ply">
        <string name="filename" value="meshes/Cube_014.ply"/>
        <boolean name="face_normals" value="true"/>
        <ref id="mat-Material" name="bsdf"/>
        <transform name="to_world">
            <matrix value="0.9436678120019077 0.28413217555269565 0.16958814259933686 0.10691346424824877 -0.21597427960009008 0.14059594554287133 0.9662233623831675 1.0239709744132988 0.250691899501265 -0.9484203928472351 0.19404110016495665 -0.8411655681456818 0.0 0.0 0.0 1.0"/>
        </transform>
    </shape>
    <shape name="temp19" type="ply">
        <string name="filename" value="meshes/Cube_015.ply"/>
        <boolean name="face_normals" value="true"/>
        <ref id="mat-Material" name="bsdf"/>
        <transform name="to_world">
            <matrix value="0.9833429959913267 0.13126450962928354 0.12572405525788133 0.045392027296053294 -0.14905286005811777 0.18650706161364808 0.9710809318325697 0.6370868617194406 0.10402008680435511 -0.9736448814512445 0.20296574489823418 -0.32097511476461116 0.0 0.0 0.0 1.0"/>
        </transform>
    </shape>
    <shape name="temp20" type="ply">
        <string name="filename" value="meshes/Cube_016.ply"/>
        <boolean name="face_normals" value="true"/>
        <ref id="mat-Material" name="bsdf"/>
        <transform name="to_world">
            <matrix value="0.9847693461483227 0.047792992826793876 0.16716883732739002 0.08689172749457402 -0.17320283426148037 0.18572140886023408 0.9672165773643906 0.3373793143308428 0.01517964122284926 -0.9814392509328923 0.1911705753058601 0.05451768851196234 0.0 0.0 0.0 1.0"/>
        </transform>
    </shape>
    <shape name="temp21" type="ply">
        <string name="filename" value="meshes/Cube_017.ply"/>
        <boolean name="face_normals" value="true"/>
        <ref id="mat-Material" name="bsdf"/>
        <transform name="to_world">
            <matrix value="0.956660097832196 0.013780366190191125 0.2908214548619664 0.18769699161567716 -0.2895876660159886 0.1482380486543199 0.9455395983454218 0.16902625018621714 -0.030135206293315744 -0.988810716215117 0.1457996923078378 0.2610974116444283 0.0 0.0 0.0 1.0"/>
        </transform>
    </shape>
    <shape name="temp22" type="ply">
        <string name="filename" value="meshes/Cube_018.ply"/>
        <boolean name="face_normals" value="true"/>
        <ref id="mat-Material" name="bsdf"/>
        <transform name="to_world">
            <matrix value="0.1322566561529856 0.9769467672598102 0.16732995256491295 0.869649256618529 -0.6167543840986336 -0.05102744340592755 0.7853843622597692 0.03872080965071867 0.775868664088776 -0.20717987038585967 0.5958239110094506 -0.21404250726849647 0.0 0.0 0.0 1.0"/>
        </transform>
    </shape>
    <shape name="temp23" type="ply">
        <string name="filename" value="meshes/Cube_019.ply"/>
        <boolean name="face_normals" value="true"/>
        <ref id="mat-Material" name="bsdf"/>
        <transform name="to_world">
            <matrix value="-0.07111290771541079 0.9873480204328954 -0.14172048994350622 0.4751737711959164 -0.917516581653006 -0.009030414685987113 0.3974824370089182 -0.03766044979228225 0.39117353867811294 0.1583106776270642 0.9065502072950653 -0.050293437180034095 0.0 0.0 0.0 1.0"/>
        </transform>
    </shape>
    <shape name="temp24" type="ply">
        <string name="filename" value="meshes/Cube_020.ply"/>
        <boolean name="face_normals" value="true"/>
        <ref id="mat-Material" name="bsdf"/>
        <transform name="to_world">
            <matrix value="0.09165640739814046 0.9647635349709949 -0.2465993349078413 0.06545100813782948 -0.945089073566459 0.006267659394170332 -0.3267523638890406 0.1899142507573645 -0.3136923105885018 0.26300732205966504 0.9123624590310362 0.10715294486430632 0.0 0.0 0.0 1.0"/>
        </transform>
    </shape>
    <shape name="temp25" type="ply">
        <string name="filename" value="meshes/Cube_021.ply"/>
        <boolean name="face_normals" value="true"/>
        <ref id="mat-Material" name="bsdf"/>
        <transform name="to_world">
            <matrix value="0.1718979100291298 0.9358755211994418 -0.3075500886246094 -0.17026478766972247 -0.809624805195496 -0.04364201342029898 -0.5853215756599803 0.09265646768126923 -0.561211387043528 0.349614953809058 0.7502066095188835 0.27038743942300864 0.0 0.0 0.0 1.0"/>
        </transform>
    </shape>
    <shape name="temp26" type="ply">
        <string name="filename" value="meshes/Cube_022.ply"/>
        <boolean name="face_normals" value="true"/>
        <ref id="mat-Material" name="bsdf"/>
        <transform name="to_world">
            <matrix value="0.6570230680446149 0.3993848855812091 -0.6393793960666654 -0.07529207267958671 -0.6911597317149711 -0.01953215010543925 -0.7224328767278725 -0.16559555233684894 -0.30101732718469154 0.9165752373165243 0.2632055159540845 0.6675616122982382 0.0 0.0 0.0 1.0"/>
        </transform>
    </shape>
    <shape name="temp27" type="ply">
        <string name="filename" value="meshes/Cube_023.ply"/>
        <boolean name="face_normals" value="true"/>
        <ref id="mat-Material" name="bsdf"/>
        <transform name="to_world">
            <matrix value="0.8595907199478039 0.2686137294205744 -0.43468042424451603 -0.06187885561433304 -0.48064188416511977 0.13629128139450963 -0.8662604055314616 -0.28740362456432644 -0.17344608502784442 0.9535551068680477 0.2462636536033031 0.20785433726831037 0.0 0.0 0.0 1.0"/>
        </transform>
    </shape>
    <shape name="temp28" type="ply">
        <string name="filename" value="meshes/Cube_024.ply"/>
        <boolean name="face_normals" value="true"/>
        <ref id="mat-Material" name="bsdf"/>
        <transform name="to_world">
            <matrix value="0.858738810376099 0.430259290855883 -0.2782874198442533 -0.18814805566307302 -0.3831164554179144 0.17846530099724045 -0.9062952549310883 -0.5161633189813727 -0.3402776374180669 0.8848880842179037 0.3180941477499183 -0.32442674435635044 0.0 0.0 0.0 1.0"/>
        </transform>
    </shape>
    <shape name="temp29" type="ply">
        <string name="filename" value="meshes/Cube_025.ply"/>
        <boolean name="face_normals" value="true"/>
        <ref id="mat-Material" name="bsdf"/>
        <transform name="to_world">
            <matrix value="0.897625689904916 0.3706041428967738 -0.2385776140241057 -0.27015326536881323 -0.3228010361206113 0.18420322971572078 -0.9283683143263608 -0.7943136308155238 -0.30011045570513467 0.9103410766692461 0.2849779986865876 -0.7146534228543138 0.0 0.0 0.0 1.0"/>
        </transform>
    </shape>
    <shape name="temp30" type="ply">
        <string name="filename" value="meshes/Cube_026.ply"/>
        <boolean name="face_normals" value="true"/>
        <ref id="mat-Material" name="bsdf"/>
        <transform name="to_world">
            <matrix value="0.9229744320750602 0.24124416225337542 -0.29986594020805624 -0.32162101544028765 -0.34961892338487344 0.1998590806031417 -0.9153249655690201 -1.145158035011798 -0.16088520585007454 0.949660425136049 0.2688080852876529 -0.8681134295451247 0.0 0.0 0.0 1.0"/>
        </transform>
    </shape>
    <shape name="temp31" type="ply">
        <string name="filename" value="meshes/Cube_027.ply"/>
        <boolean name="face_normals" value="true"/>
        <ref id="mat-Material" name="bsdf"/>
        <transform name="to_world">
            <matrix value="0.8744534836098272 0.17439743191294535 -0.45267743715311937 -0.5678169680905365 -0.48131361619213264 0.19540552914649484 -0.8544883908617129 -1.582430976170719 -0.06056483111624089 0.9650900144548761 0.2548128907319319 -1.0025553083896201 0.0 0.0 0.0 1.0"/>
        </transform>
    </shape>
    <shape name="temp32" type="ply">
        <string name="filename" value="meshes/Cube_028.ply"/>
        <boolean name="face_normals" value="true"/>
        <ref id="mat-Material" name="bsdf"/>
        <transform name="to_world">
            <matrix value="-0.1075573288158191 0.9841471936056468 0.1410141170563486 -1.4865627210625716 -0.7947591604657224 0.00010025457685592892 -0.6068956045125031 -2.120944954441079 -0.5972887822746074 -0.17735346447709016 0.782148937568466 -1.3578330253638462 0.0 0.0 0.0 1.0"/>
        </transform>
    </shape>
    <shape name="temp33" type="ply">
        <string name="filename" value="meshes/Cube_029.ply"/>
        <boolean name="face_normals" value="true"/>
        <ref id="mat-Material" name="bsdf"/>
        <transform name="to_world">
            <matrix value="-0.009325883335372242 0.980404673951813 0.19677208086044118 -1.6207921500095854 -0.9989956154581252 -0.017748419454218928 0.04108816789363723 -1.8283201382653824 0.043775625989535966 -0.19619214138662516 0.9795856084413936 -0.11989304156955982 0.0 0.0 0.0 1.0"/>
        </transform>
    </shape>
    <shape name="temp34" type="ply">
        <string name="filename" value="meshes/Cube_030.ply"/>
        <boolean name="face_normals" value="true"/>
        <ref id="mat-Material" name="bsdf"/>
        <transform name="to_world">
            <matrix value="-0.037531019329957296 0.981028594162122 -0.19019448846887993 -3.1996699444124976 -0.9773678584435974 0.0036151253807317272 0.21150712143567524 -1.9352619365960309 0.20818193100422566 0.1938287262370507 0.9586904535455005 0.2437873906623923 0.0 0.0 0.0 1.0"/>
        </transform>
    </shape>
    <shape name="temp35" type="ply">
        <string name="filename" value="meshes/Cube_031.ply"/>
        <boolean name="face_normals" value="true"/>
        <ref id="mat-Material" name="bsdf"/>
        <transform name="to_world">
            <matrix value="0.12161447944867887 0.9800822029815006 0.15699665169653837 -1.9370405609162633 -0.7957761773815792 0.001735768830448268 0.6055842014163862 -1.2494393995551525 0.5932495252886829 -0.19858282769078667 0.780137213305653 0.5672918003448613 0.0 0.0 0.0 1.0"/>
        </transform>
    </shape>
    <shape name="temp36" type="ply">
        <string name="filename" value="meshes/Cube_032.ply"/>
        <boolean name="face_normals" value="true"/>
        <ref id="mat-Material" name="bsdf"/>
        <transform name="to_world">
            <matrix value="0.6518025732810664 0.6136669496457201 0.44557115712204765 -0.7172432026595092 -0.5670559654059114 0.0042711478172720125 0.8236345451115573 -0.6810970427252954 0.5035330755442559 -0.7895533797919583 0.3507665827778437 -0.16567182494337152 0.0 0.0 0.0 1.0"/>
        </transform>
    </shape>
    <shape name="temp37" type="ply">
        <string name="filename" value="meshes/Cube_033.ply"/>
        <boolean name="face_normals" value="true"/>
        <ref id="mat-Material" name="bsdf"/>
        <transform name="to_world">
            <matrix value="0.9768328909786234 0.16874557541044133 0.13161609067368413 -0.14024740718033768 -0.14999567839837455 0.10120083934229271 0.9834934596503903 0.3006056498322316 0.15264063156551017 -0.9804502495708383 0.12416745110517181 -0.37245862458766243 0.0 0.0 0.0 1.0"/>
        </transform>
    </shape>
    <shape name="temp38" type="ply">
        <string name="filename" value="meshes/Cube_034.ply"/>
        <boolean name="face_normals" value="true"/>
        <ref id="mat-Material" name="bsdf"/>
        <transform name="to_world">
            <matrix value="0.9999250922384922 0.00225022057765272 0.01206318279836282 -0.034498607256703284 -0.012271243220625963 0.18179273835423 0.9832603738544873 0.36934237674817205 1.9554416277944142e-05 -0.9833342371976314 0.18180668440892422 -0.359442926360313 0.0 0.0 0.0 1.0"/>
        </transform>
    </shape>
    <shape name="temp39" type="ply">
        <string name="filename" value="meshes/Cube_035.ply"/>
        <boolean name="face_normals" value="true"/>
        <ref id="mat-Material" name="bsdf"/>
        <transform name="to_world">
            <matrix value="0.9989063023578658 -0.04664995212995622 0.003231240493952771 0.008047085097570239 0.006527302770966638 0.20752410710374763 0.9782081328503933 0.0913802355597927 -0.04630392250725586 -0.9771169718599233 0.2076016109868985 -0.14942153914482992 0.0 0.0 0.0 1.0"/>
        </transform>
    </shape>
    <shape name="temp40" type="ply">
        <string name="filename" value="meshes/Cube_036.ply"/>
        <boolean name="face_normals" value="true"/>
        <ref id="mat-Material" name="bsdf"/>
        <transform name="to_world">
            <matrix value="0.9993163004607934 -0.03683211902641301 0.003265565095945773 0.00276712386839173 0.004521693996918587 0.20937616676713466 0.9778248178219384 -0.24496458178787867 -0.0366990941922993 -0.9771410633198658 0.20939948021394722 0.20948915933232448 0.0 0.0 0.0 1.0"/>
        </transform>
    </shape>
    <shape name="temp41" type="ply">
        <string name="filename" value="meshes/Cube_037.ply"/>
        <boolean name="face_normals" value="true"/>
        <ref id="mat-Material" name="bsdf"/>
        <transform name="to_world">
            <matrix value="0.9988548863795528 -0.04772981271236466 0.0033393795379038638 -0.006079328939458062 0.006736740882971914 0.20939327066077348 0.9778083883464666 -0.5698444782135625 -0.04736985108868902 -0.9766658045191825 0.20947505580111778 0.5134149860103623 0.0 0.0 0.0 1.0"/>
        </transform>
    </shape>
    <shape name="temp42" type="ply">
        <string name="filename" value="meshes/Cube_038.ply"/>
        <boolean name="face_normals" value="true"/>
        <ref id="mat-Material" name="bsdf"/>
        <transform name="to_world">
            <matrix value="0.9991077554797909 -0.04210610462994058 0.0033323822361201664 0.007332485195026717 0.0055616907523930595 0.20935718561687697 0.9778235176476207 -0.9039851308223492 -0.041870005779865146 -0.976932270667031 0.20940453907402057 0.8614444506758101 0.0 0.0 0.0 1.0"/>
        </transform>
    </shape>
    <shape name="temp43" type="ply">
        <string name="filename" value="meshes/Cube_039.ply"/>
        <boolean name="face_normals" value="true"/>
        <ref id="mat-Material" name="bsdf"/>
        <transform name="to_world">
            <matrix value="0.9999544982637714 -0.007859044850517052 -0.005413166288807805 0.021014322856900858 0.008282598564289981 0.4330114797619225 0.9013503358700539 -1.3192633928910085 -0.004739784814600554 -0.9013540880639206 0.433056780485478 1.4726322688770308 0.0 0.0 0.0 1.0"/>
        </transform>
    </shape>
    <shape name="temp47" type="ply">
        <string name="filename" value="meshes/Plane_001.ply"/>
        <boolean name="face_normals" value="true"/>
        <ref id="mat-Material.002" name="bsdf"/>
    </shape>
    <shape name="temp49" type="ply">
        <string name="filename" value="meshes/Plane_002.ply"/>
        <boolean name="face_normals" value="true"/>
        <ref id="mat-Material.003" name="bsdf"/>
    </shape>
    <shape name="temp51" type="ply">
        <string name="filename" value="meshes/Plane_003.ply"/>
        <boolean name="face_normals" value="true"/>
        <ref id="mat-Material.004" name="bsdf"/>
    </shape>
    <shape name="temp53" type="ply">
        <string name="filename" value="meshes/Plane_004.ply"/>
        <boolean name="face_normals" value="true"/>
        <ref id="mat-Material.005" name="bsdf"/>
    </shape>
    <emitter type="point">
        <rgb name="intensity" value="100"/>
        <animation name="to_world">
            <transform time="0">
                <rotate angle="-142.5518126578256" x="1"/>
                <rotate angle="3.976628485794621e-06" y="1"/>
                <rotate angle="-179.999991348578" z="1"/>
                <translate value="-0.000000 3.030926 4.073377"/>
                <translate x="33.75" y="0.0" z="0.0"/>
            </transform>
            <transform time="0.0015">
                <rotate angle="-142.5518126578256" x="1"/>
                <rotate angle="3.976628485794621e-06" y="1"/>
                <rotate angle="-179.999991348578" z="1"/>
                <translate value="-0.000000 3.030926 4.073377"/>
                <translate x="33.9" y="0.0" z="0.0"/>
            </transform>
        </animation>
    </emitter>
</scene>
