
<scene version="2.1.0">
    <default name="spp" value="1024"/>
    <default name="resx" value="1280"/>
    <default name="resy" value="720"/>
    <integrator name="temp0" type="path">
        <integer name="max_depth" value="12"/>
    </integrator>
    <sensor name="temp44" type="perspective">
        <string name="fov_axis" value="x"/>
        <float name="fov" value="83.974423"/>
        <float name="principal_point_offset_x" value="0.000000"/>
        <float name="principal_point_offset_y" value="-0.000000"/>
        <float name="near_clip" value="0.100000"/>
        <float name="far_clip" value="1000.000000"/>
        <sampler name="sampler" type="independent">
            <integer name="sample_count" value="$spp"/>
        </sampler>
        <film name="film" type="hdrfilm">
            <integer name="width" value="$resx"/>
            <integer name="height" value="$resy"/>
        </film>
        <float name="shutter_open" value="0.0"/>
        <float name="shutter_close" value="0.0015"/>
        <animation name="to_world">
            <transform time="0">
                <rotate angle="-142.5518126578256" x="1"/>
                <rotate angle="3.976628485794621e-06" y="1"/>
                <rotate angle="-179.999991348578" z="1"/>
                <translate value="-0.000000 3.030926 4.073377"/>
                <translate x="30.0" y="0.0" z="0.0"/>
            </transform>
            <transform time="0.0015">
                <rotate angle="-142.5518126578256" x="1"/>
                <rotate angle="3.976628485794621e-06" y="1"/>
                <rotate angle="-179.999991348578" z="1"/>
                <translate value="-0.000000 3.030926 4.073377"/>
                <translate x="30.15" y="0.0" z="0.0"/>
            </transform>
        </animation>
    </sensor>
    <bsdf id="mat-Material" name="mat-Material" type="twosided">
        <bsdf name="bsdf" type="diffuse">
            <texture name="reflectance" type="bitmap">
                <string name="filename" value="textures/siggraph_2023_logo.jpg"/>
            </texture>
        </bsdf>
    </bsdf>
    <bsdf id="mat-Material.001" name="mat-Material.001" type="twosided">
        <bsdf name="bsdf" type="principled">
            <rgb name="base_color" value="0.433648 0.266232 0.084399"/>
            <float name="spec_tint" value="0.000000"/>
            <float name="spec_trans" value="0.000000"/>
            <float name="metallic" value="0.000000"/>
            <float name="anisotropic" value="0.000000"/>
            <float name="roughness" value="0.500000"/>
            <float name="sheen" value="0.000000"/>
            <float name="sheen_tint" value="0.500000"/>
            <float name="clearcoat" value="0.000000"/>
            <float name="clearcoat_gloss" value="0.173205"/>
            <float name="specular" value="0.500000"/>
        </bsdf>
    </bsdf>
    <bsdf id="mat-Material.002" name="mat-Material.002" type="twosided">
        <bsdf name="bsdf" type="principled">
            <rgb name="base_color" value="0.433648 0.266232 0.084399"/>
            <float name="spec_tint" value="0.000000"/>
            <float name="spec_trans" value="0.000000"/>
            <float name="metallic" value="0.000000"/>
            <float name="anisotropic" value="0.000000"/>
            <float name="roughness" value="0.500000"/>
            <float name="sheen" value="0.000000"/>
            <float name="sheen_tint" value="0.500000"/>
            <float name="clearcoat" value="0.000000"/>
            <float name="clearcoat_gloss" value="0.173205"/>
            <float name="specular" value="0.500000"/>
        </bsdf>
    </bsdf>
    <bsdf id="mat-Material.003" name="mat-Material.003" type="twosided">
        <bsdf name="bsdf" type="principled">
            <rgb name="base_color" value="0.433648 0.266232 0.084399"/>
            <float name="spec_tint" value="0.000000"/>
            <float name="spec_trans" value="0.000000"/>
            <float name="metallic" value="0.000000"/>
            <float name="anisotropic" value="0.000000"/>
            <float name="roughness" value="0.500000"/>
            <float name="sheen" value="0.000000"/>
            <float name="sheen_tint" value="0.500000"/>
            <float name="clearcoat" value="0.000000"/>
            <float name="clearcoat_gloss" value="0.173205"/>
            <float name="specular" value="0.500000"/>
        </bsdf>
    </bsdf>
    <bsdf id="mat-Material.004" name="mat-Material.004" type="twosided">
        <bsdf name="bsdf" type="principled">
            <rgb name="base_color" value="0.433648 0.266232 0.084399"/>
            <float name="spec_tint" value="0.000000"/>
            <float name="spec_trans" value="0.000000"/>
            <float name="metallic" value="0.000000"/>
            <float name="anisotropic" value="0.000000"/>
            <float name="roughness" value="0.500000"/>
            <float name="sheen" value="0.000000"/>
            <float name="sheen_tint" value="0.500000"/>
            <float name="clearcoat" value="0.000000"/>
            <float name="clearcoat_gloss" value="0.173205"/>
            <float name="specular" value="0.500000"/>
        </bsdf>
    </bsdf>
    <bsdf id="mat-Material.005" name="mat-Material.005" type="twosided">
        <bsdf name="bsdf" type="principled">
            <rgb name="base_color" value="0.433648 0.266232 0.084399"/>
            <float name="spec_tint" value="0.000000"/>
            <float name="spec_trans" value="0.000000"/>
            <float name="metallic" value="0.000000"/>
            <float name="anisotropic" value="0.000000"/>
            <float name="roughness" value="0.500000"/>
            <float name="sheen" value="0.000000"/>
            <float name="sheen_tint" value="0.500000"/>
            <float name="clearcoat" value="0.000000"/>
            <float name="clearcoat_gloss" value="0.173205"/>
            <float name="specular" value="0.500000"/>
        </bsdf>
    </bsdf>
    <emitter name="temp45" type="point">
        <point name="position" x="-6.815235034541981e-16" y="3.0693089962005615" z="4.109199523925781"/>
        <rgb name="intensity" value="7.957747 7.957747 7.957747"/>
    </emitter>
    <shape name="temp2" type="ply">
        <string name="filename" value="meshes/Cube.ply"/>
        <boolean name="face_normals" value="true"/>
        <ref id="mat-Material" name="bsdf"/>
        <transform name="to_world">
            <matrix value="0.9999986702764229 0.0002482379860790993 0.001594687440457926 -0.0025614258661108558 -0.00024769558904095016 1.0 -0.0003401019620339643 -0.016780283655377926 -0.0015947729452668047 0.0003397062719143637 0.9999988180233473 0.003651314824058227 0.0 0.0 0.0 1.0"/>
        </transform>
    </shape>
    <shape name="temp4" type="ply">
        <string name="filename" value="meshes/Plane.ply"/>
        <boolean name="face_normals" value="true"/>
        <ref id="mat-Material.001" name="bsdf"/>
    </shape>
    <shape name="temp5" type="ply">
        <string name="filename" value="meshes/Cube_001.ply"/>
        <boolean name="face_normals" value="true"/>
        <ref id="mat-Material" name="bsdf"/>
        <transform name="to_world">
            <matrix value="0.9999982270352306 -0.0001505595267644648 -0.001942654275138634 0.0025260553080532766 0.0001576449354374879 0.9999933253097996 0.003647650868681921 -0.02161603412118307 0.0019420923111836846 -0.00364795389457744 0.9999914897681008 -0.004294700426882625 0.0 0.0 0.0 1.0"/>
        </transform>
    </shape>
    <shape name="temp6" type="ply">
        <string name="filename" value="meshes/Cube_002.ply"/>
        <boolean name="face_normals" value="true"/>
        <ref id="mat-Material" name="bsdf"/>
        <transform name="to_world">
            <matrix value="1.0 -4.606558300290141e-05 0.00024755555408465126 -0.0008914828851667167 4.6946777370586875e-05 0.9999935338938684 -0.0035608937823772956 -0.015425256261226927 -0.00024739063910061043 0.003560915934362765 0.9999938537214063 0.0008391897340149779 0.0 0.0 0.0 1.0"/>
        </transform>
    </shape>
    <shape name="temp7" type="ply">
        <string name="filename" value="meshes/Cube_003.ply"/>
        <boolean name="face_normals" value="true"/>
        <ref id="mat-Material" name="bsdf"/>
        <transform name="to_world">
            <matrix value="0.9999991135176153 -9.740792577744498e-05 0.0015727570456446288 -0.0011070008905802453 9.858614924462836e-05 0.9999995828318625 -0.0007490351524584405 -0.017755564526900136 -0.0015726862366517917 0.000749190172353016 0.9999985816280168 0.004679052895653069 0.0 0.0 0.0 1.0"/>
        </transform>
    </shape>
    <shape name="temp8" type="ply">
        <string name="filename" value="meshes/Cube_004.ply"/>
        <boolean name="face_normals" value="true"/>
        <ref id="mat-Material" name="bsdf"/>
        <transform name="to_world">
            <matrix value="0.9999991135176153 -0.0003526697717881704 0.001301219185277677 -0.0004080338780689807 0.0003547197208644267 0.9999987484955875 -0.0015745631059698802 -0.018721598326707223 -0.001300660252080131 0.0015750224749334096 0.9999978724420252 0.003989500895987628 0.0 0.0 0.0 1.0"/>
        </transform>
    </shape>
    <shape name="temp9" type="ply">
        <string name="filename" value="meshes/Cube_005.ply"/>
        <boolean name="face_normals" value="true"/>
        <ref id="mat-Material" name="bsdf"/>
        <transform name="to_world">
            <matrix value="0.9999995567588077 -0.0007237470876449399 0.0008281472137737157 -0.0007230525290431444 0.0007280945770326597 0.999985816283324 -0.005261947301807337 -0.021278456643984478 -0.0008243266723046947 0.005262557282399885 0.9999858162801681 0.001855007559524502 0.0 0.0 0.0 1.0"/>
        </transform>
    </shape>
    <shape name="temp10" type="ply">
        <string name="filename" value="meshes/Cube_006.ply"/>
        <boolean name="face_normals" value="true"/>
        <ref id="mat-Material" name="bsdf"/>
        <transform name="to_world">
            <matrix value="0.9999547893983799 0.0026679112182769705 0.009172375219906756 0.022185363873039154 -0.002331089646417636 0.9993296108029862 -0.03653782963555877 -0.03571707534472057 -0.009263705460908787 0.03651476879498898 0.999290341217748 0.05200576105314503 0.0 0.0 0.0 1.0"/>
        </transform>
    </shape>
    <shape name="temp11" type="ply">
        <string name="filename" value="meshes/Cube_007.ply"/>
        <boolean name="face_normals" value="true"/>
        <ref id="mat-Material" name="bsdf"/>
        <transform name="to_world">
            <matrix value="0.9989605994039292 0.044492254230606376 0.009909928651161339 0.14611307025171083 -0.043028928579660196 0.9921872751203008 -0.11710135828029017 -0.024049991735306364 -0.015042622073056787 0.11655323169726943 0.9930705436761649 0.17713429567792016 0.0 0.0 0.0 1.0"/>
        </transform>
    </shape>
    <shape name="temp12" type="ply">
        <string name="filename" value="meshes/Cube_008.ply"/>
        <boolean name="face_normals" value="true"/>
        <ref id="mat-Material" name="bsdf"/>
        <transform name="to_world">
            <matrix value="0.8468539626649079 0.5317669365049236 -0.00792411331657448 0.5581664498829948 -0.5284950897740711 0.839790748462214 -0.12427510553869532 1.1457676465759437 -0.0594307985256025 0.10943066978430323 0.9922162109516284 0.27361053544356606 0.0 0.0 0.0 1.0"/>
        </transform>
    </shape>
    <shape name="temp13" type="ply">
        <string name="filename" value="meshes/Cube_009.ply"/>
        <boolean name="face_normals" value="true"/>
        <ref id="mat-Material" name="bsdf"/>
        <transform name="to_world">
            <matrix value="0.40130818205511437 0.9153330148949884 0.033425543271928856 1.383261059207183 -0.9089578158492413 0.402480690329834 -0.10865365294612409 1.8296688307370335 -0.11290740514195242 0.013221186718200837 0.9935175672461977 0.24050026636518917 0.0 0.0 0.0 1.0"/>
        </transform>
    </shape>
    <shape name="temp14" type="ply">
        <string name="filename" value="meshes/Cube_010.ply"/>
        <boolean name="face_normals" value="true"/>
        <ref id="mat-Material" name="bsdf"/>
        <transform name="to_world">
            <matrix value="0.35799797704719805 0.9336998850701782 0.006476617428671255 1.122724858352532 -0.9321987245291449 0.3578011484638826 -0.054631788269212674 1.596730909307298 -0.05332701271393036 0.013520582032985484 0.9984856515126227 0.039803336778092335 0.0 0.0 0.0 1.0"/>
        </transform>
    </shape>
    <shape name="temp15" type="ply">
        <string name="filename" value="meshes/Cube_011.ply"/>
        <boolean name="face_normals" value="true"/>
        <ref id="mat-Material" name="bsdf"/>
        <transform name="to_world">
            <matrix value="0.3080780264065373 0.9472864255573888 -0.08795665076986867 0.8133578674905013 -0.8552733291136771 0.31626559426644113 0.4104676325149485 1.941935581124222 0.41664813918482624 -0.05122903990838988 0.9076233238980077 -0.802081796665594 0.0 0.0 0.0 1.0"/>
        </transform>
    </shape>
    <shape name="temp16" type="ply">
        <string name="filename" value="meshes/Cube_012.ply"/>
        <boolean name="face_normals" value="true"/>
        <ref id="mat-Material" name="bsdf"/>
        <transform name="to_world">
            <matrix value="0.0935470731011104 0.9929967898911817 0.0721528664588594 1.047487454014454 -0.6465603596990924 0.0054808926563806905 0.7628432401100468 1.8951099654203118 0.7571055995546312 -0.11801290301049387 0.6425452023331274 -2.0235905717605713 0.0 0.0 0.0 1.0"/>
        </transform>
    </shape>
    <shape name="temp17" type="ply">
        <string name="filename" value="meshes/Cube_013.ply"/>
        <boolean name="face_normals" value="true"/>
        <ref id="mat-Material" name="bsdf"/>
        <transform name="to_world">
            <matrix value="0.80391718836155 0.5019218936096099 0.31904835750160393 0.5090688779507287 -0.37679778627618893 0.014780780229567627 0.9261777569960017 1.5685813592955942 0.4601530600485438 -0.8647866289268559 0.2010055548174768 -1.7074651397025447 0.0 0.0 0.0 1.0"/>
        </transform>
    </shape>
    <shape name="temp18" type="ply">
        <string name="filename" value="meshes/Cube_014.ply"/>
        <boolean name="face_normals" value="true"/>
        <ref id="mat-Material" name="bsdf"/>
        <transform name="to_world">
            <matrix value="0.9527988021850018 0.27322656610133433 0.1323696362490491 0.06073697664625288 -0.20428295099348082 0.25442375522242366 0.9452709350522741 0.9952229217528875 0.22459514349490362 -0.9276937068100612 0.29823020271845174 -0.7380896667490886 0.0 0.0 0.0 1.0"/>
        </transform>
    </shape>
    <shape name="temp19" type="ply">
        <string name="filename" value="meshes/Cube_015.ply"/>
        <boolean name="face_normals" value="true"/>
        <ref id="mat-Material" name="bsdf"/>
        <transform name="to_world">
            <matrix value="0.9852945869612625 0.12335330178151654 0.11823170619275392 0.039931549450114456 -0.1446659468429703 0.23404571745619213 0.9614023160123323 0.6271481509330883 0.09092055876757672 -0.96436841786898 0.2484488920387253 -0.30869841389888886 0.0 0.0 0.0 1.0"/>
        </transform>
    </shape>
    <shape name="temp20" type="ply">
        <string name="filename" value="meshes/Cube_016.ply"/>
        <boolean name="face_normals" value="true"/>
        <ref id="mat-Material" name="bsdf"/>
        <transform name="to_world">
            <matrix value="0.9789385082629023 0.10171777323991549 0.1770123507104389 0.08417122950847855 -0.19658088176629843 0.235641385582252 0.95175053106211 0.34791695744832835 0.055098514787412664 -0.9665022328924562 0.2506740812850072 -0.039769864495676654 0.0 0.0 0.0 1.0"/>
        </transform>
    </shape>
    <shape name="temp21" type="ply">
        <string name="filename" value="meshes/Cube_017.ply"/>
        <boolean name="face_normals" value="true"/>
        <ref id="mat-Material" name="bsdf"/>
        <transform name="to_world">
            <matrix value="0.9429513126144671 0.10780874092398572 0.3149925228156953 0.18285482468736614 -0.33136228407505314 0.21216796023553314 0.9193388400837597 0.16501999361983405 0.03228142447081434 -0.9712681702796905 0.2357878890889844 0.14908241437907616 0.0 0.0 0.0 1.0"/>
        </transform>
    </shape>
    <shape name="temp22" type="ply">
        <string name="filename" value="meshes/Cube_018.ply"/>
        <boolean name="face_normals" value="true"/>
        <ref id="mat-Material" name="bsdf"/>
        <transform name="to_world">
            <matrix value="0.19897824040338494 0.9775843044659935 0.0688218434958898 0.8682917580034462 -0.3185814242935179 -0.0018873312294153599 0.9478937412445079 -0.1552355703669458 0.9267761117818828 -0.21053558131337047 0.31106457800360365 -0.18517143865720798 0.0 0.0 0.0 1.0"/>
        </transform>
    </shape>
    <shape name="temp23" type="ply">
        <string name="filename" value="meshes/Cube_019.ply"/>
        <boolean name="face_normals" value="true"/>
        <ref id="mat-Material" name="bsdf"/>
        <transform name="to_world">
            <matrix value="-0.05137484553044447 0.9876597493236662 -0.14794849040305877 0.46684013920621864 -0.9609650779129368 -0.008561821189221209 0.27653714881700686 0.07618806676159413 0.2718580404838775 0.15638037807948305 0.9495466173955759 -0.045663153496055764 0.0 0.0 0.0 1.0"/>
        </transform>
    </shape>
    <shape name="temp24" type="ply">
        <string name="filename" value="meshes/Cube_020.ply"/>
        <boolean name="face_normals" value="true"/>
        <ref id="mat-Material" name="bsdf"/>
        <transform name="to_world">
            <matrix value="0.06491716215029225 0.9901695483164153 -0.12389469812982215 -0.04722682446636983 -0.9080741854327142 0.0071391119438184185 -0.4187483252813366 0.2789158589506696 -0.4137471963746212 0.13968953609224513 0.8996111766249564 0.1079157749204478 0.0 0.0 0.0 1.0"/>
        </transform>
    </shape>
    <shape name="temp25" type="ply">
        <string name="filename" value="meshes/Cube_021.ply"/>
        <boolean name="face_normals" value="true"/>
        <ref id="mat-Material" name="bsdf"/>
        <transform name="to_world">
            <matrix value="0.2771855336712604 0.913629925973514 -0.2974030554569262 -0.1048418049705515 -0.7049188248080323 -0.016955410983619894 -0.70908552357547 0.22627493270207932 -0.6528845250316031 0.4061932781698 0.6393349537445256 0.21129504803294796 0.0 0.0 0.0 1.0"/>
        </transform>
    </shape>
    <shape name="temp26" type="ply">
        <string name="filename" value="meshes/Cube_022.ply"/>
        <boolean name="face_normals" value="true"/>
        <ref id="mat-Material" name="bsdf"/>
        <transform name="to_world">
            <matrix value="0.6940066698934626 0.3953813229653146 -0.6016882881715814 -0.06256524404933517 -0.6490792993952417 -0.018016551145856582 -0.7605076542444072 -0.10621444956634474 -0.31153096394321544 0.9183403799984565 0.24413018574526701 0.6597745094394396 0.0 0.0 0.0 1.0"/>
        </transform>
    </shape>
    <shape name="temp27" type="ply">
        <string name="filename" value="meshes/Cube_023.ply"/>
        <boolean name="face_normals" value="true"/>
        <ref id="mat-Material" name="bsdf"/>
        <transform name="to_world">
            <matrix value="0.8547480883007373 0.3101182045917697 -0.4162127482328267 -0.07734829089585227 -0.4751820391576999 0.144917598863634 -0.8678715579066909 -0.281113840694682 -0.2088261288909928 0.9395880047473734 0.27123054643726235 0.1552370173436729 0.0 0.0 0.0 1.0"/>
        </transform>
    </shape>
    <shape name="temp28" type="ply">
        <string name="filename" value="meshes/Cube_024.ply"/>
        <boolean name="face_normals" value="true"/>
        <ref id="mat-Material" name="bsdf"/>
        <transform name="to_world">
            <matrix value="0.8621706053079019 0.40858949195178373 -0.29952777668773267 -0.18463847713826254 -0.3940483788896631 0.16924505082150837 -0.9033726994597421 -0.5247590093570444 -0.31841507587402734 0.8968893857824928 0.3069222226267209 -0.3024318536138825 0.0 0.0 0.0 1.0"/>
        </transform>
    </shape>
    <shape name="temp29" type="ply">
        <string name="filename" value="meshes/Cube_025.ply"/>
        <boolean name="face_normals" value="true"/>
        <ref id="mat-Material" name="bsdf"/>
        <transform name="to_world">
            <matrix value="0.8923243036237627 0.38219860123523486 -0.24017032756355372 -0.28191381224802614 -0.3299509154703587 0.1891731727514116 -0.9248492152384213 -0.7993309280464207 -0.3080422568423143 0.9045095875667208 0.29491050309181455 -0.7167569144818675 0.0 0.0 0.0 1.0"/>
        </transform>
    </shape>
    <shape name="temp30" type="ply">
        <string name="filename" value="meshes/Cube_026.ply"/>
        <boolean name="face_normals" value="true"/>
        <ref id="mat-Material" name="bsdf"/>
        <transform name="to_world">
            <matrix value="0.922314889180837 0.24548446778731936 -0.298450523166506 -0.315252260408457 -0.3522079173514743 0.21620739931125543 -0.9106063965739697 -1.1456347423576108 -0.15901246748825854 0.9449824059337997 0.28587287321031 -0.8350373036505305 0.0 0.0 0.0 1.0"/>
        </transform>
    </shape>
    <shape name="temp31" type="ply">
        <string name="filename" value="meshes/Cube_027.ply"/>
        <boolean name="face_normals" value="true"/>
        <ref id="mat-Material" name="bsdf"/>
        <transform name="to_world">
            <matrix value="0.8717822905641043 0.19421156264926798 -0.44975299051912887 -0.5538685837495945 -0.48501756121604106 0.21295536509512478 -0.8481793540828547 -1.585249886527223 -0.06894895989021803 0.9575656570502459 0.27984668344443125 -0.9662321557860375 0.0 0.0 0.0 1.0"/>
        </transform>
    </shape>
    <shape name="temp32" type="ply">
        <string name="filename" value="meshes/Cube_028.ply"/>
        <boolean name="face_normals" value="true"/>
        <ref id="mat-Material" name="bsdf"/>
        <transform name="to_world">
            <matrix value="-0.1186176370989332 0.980461304526483 0.15692491753348894 -1.4753171635710636 -0.7979329890235751 -6.426287433018441e-05 -0.6027461572757046 -2.1216969683883202 -0.5909592980477885 -0.19671188073997284 0.7823501099947472 -1.3235155345471323 0.0 0.0 0.0 1.0"/>
        </transform>
    </shape>
    <shape name="temp33" type="ply">
        <string name="filename" value="meshes/Cube_029.ply"/>
        <boolean name="face_normals" value="true"/>
        <ref id="mat-Material" name="bsdf"/>
        <transform name="to_world">
            <matrix value="0.0006526726557416578 0.980938127707682 0.19431960932362094 -1.6052300210987875 -0.9989441994798122 -0.008288254839671856 0.0451948866744425 -1.8327146766494662 0.04594394417288534 -0.19414385626054656 0.9798967046963715 -0.1100117690497282 0.0 0.0 0.0 1.0"/>
        </transform>
    </shape>
    <shape name="temp34" type="ply">
        <string name="filename" value="meshes/Cube_030.ply"/>
        <boolean name="face_normals" value="true"/>
        <ref id="mat-Material" name="bsdf"/>
        <transform name="to_world">
            <matrix value="-0.0357305441479548 0.9817559948655298 -0.18675712479438655 -3.1951934553090684 -0.978497884716696 0.0036176141352448053 0.20622449247062347 -1.944469195409321 0.20313773693982173 0.1901099559807574 0.960517386263014 0.23505565123663041 0.0 0.0 0.0 1.0"/>
        </transform>
    </shape>
    <shape name="temp35" type="ply">
        <string name="filename" value="meshes/Cube_031.ply"/>
        <boolean name="face_normals" value="true"/>
        <ref id="mat-Material" name="bsdf"/>
        <transform name="to_world">
            <matrix value="0.13296943231441047 0.9815884928340944 0.1371244210087367 -1.9345320564244877 -0.7088654443847546 -0.002507985641072706 0.705339366772556 -0.8862739426130019 0.6926968921700557 -0.1909912957868104 0.6954807359081198 0.7102945195437291 0.0 0.0 0.0 1.0"/>
        </transform>
    </shape>
    <shape name="temp36" type="ply">
        <string name="filename" value="meshes/Cube_032.ply"/>
        <boolean name="face_normals" value="true"/>
        <ref id="mat-Material" name="bsdf"/>
        <transform name="to_world">
            <matrix value="0.7803637946410368 0.595690235971157 0.19022458029191042 -0.6126616962665752 -0.230254845955956 -0.009103146907845474 0.9730878099911068 0.44599541389099473 0.5813906071872447 -0.8031625516506301 0.1300568388932727 -0.1724703629393547 0.0 0.0 0.0 1.0"/>
        </transform>
    </shape>
    <shape name="temp37" type="ply">
        <string name="filename" value="meshes/Cube_033.ply"/>
        <boolean name="face_normals" value="true"/>
        <ref id="mat-Material" name="bsdf"/>
        <transform name="to_world">
            <matrix value="0.9775471741601023 0.1644804483723142 0.13171167712558407 -0.13612804322922356 -0.14985953686614295 0.10324884287987852 0.9833015066419997 0.30084875960441493 0.14813479673845403 -0.9809616977074525 0.12557958225162769 -0.381753260993168 0.0 0.0 0.0 1.0"/>
        </transform>
    </shape>
    <shape name="temp38" type="ply">
        <string name="filename" value="meshes/Cube_034.ply"/>
        <boolean name="face_normals" value="true"/>
        <ref id="mat-Material" name="bsdf"/>
        <transform name="to_world">
            <matrix value="0.9999246489972998 0.0010916726982226554 0.012229841506386693 -0.03673716121777115 -0.012225917376295817 0.18057304301212082 0.9834856586044827 0.36956860862671265 -0.0011347329117223112 -0.9835608637883456 0.18057279534168819 -0.35658539672964373 0.0 0.0 0.0 1.0"/>
        </transform>
    </shape>
    <shape name="temp39" type="ply">
        <string name="filename" value="meshes/Cube_035.ply"/>
        <boolean name="face_normals" value="true"/>
        <ref id="mat-Material" name="bsdf"/>
        <transform name="to_world">
            <matrix value="0.9989220374201945 -0.046311607912010895 0.0032264180292099526 0.008926373506870977 0.006596913800225875 0.21039895874832873 0.9775935049910145 0.09153998985726633 -0.045952764672613194 -0.9765180227064618 0.21047760839789684 -0.14656520723767424 0.0 0.0 0.0 1.0"/>
        </transform>
    </shape>
    <shape name="temp40" type="ply">
        <string name="filename" value="meshes/Cube_036.ply"/>
        <boolean name="face_normals" value="true"/>
        <ref id="mat-Material" name="bsdf"/>
        <transform name="to_world">
            <matrix value="0.9996015261680735 -0.028082340646986066 0.0029536178177779686 0.0042346625594924525 0.0030323415368413214 0.21075146582454327 0.9775351153443737 -0.2489199441726098 -0.028073961884803388 -0.9771360573022153 0.21075270164403498 0.23166917788421332 0.0 0.0 0.0 1.0"/>
        </transform>
    </shape>
    <shape name="temp41" type="ply">
        <string name="filename" value="meshes/Cube_037.ply"/>
        <boolean name="face_normals" value="true"/>
        <ref id="mat-Material" name="bsdf"/>
        <transform name="to_world">
            <matrix value="0.9988945564662685 -0.046906364525690254 0.003184079625511973 -0.005229340812241023 0.00679272446177222 0.21100572980436902 0.9774613600012481 -0.5694648018648534 -0.0465210442053306 -0.9763586644779246 0.2110911015596891 0.5102742884748064 0.0 0.0 0.0 1.0"/>
        </transform>
    </shape>
    <shape name="temp42" type="ply">
        <string name="filename" value="meshes/Cube_038.ply"/>
        <boolean name="face_normals" value="true"/>
        <ref id="mat-Material" name="bsdf"/>
        <transform name="to_world">
            <matrix value="0.9992367386667659 -0.03892583376266887 0.003271474979209031 0.006288358754781509 0.005019799584062465 0.2110101100698131 0.9774710522097998 -0.9050085414024599 -0.03873920042834829 -0.9767084599612451 0.21104457895864073 0.8605030159419049 0.0 0.0 0.0 1.0"/>
        </transform>
    </shape>
    <shape name="temp43" type="ply">
        <string name="filename" value="meshes/Cube_039.ply"/>
        <boolean name="face_normals" value="true"/>
        <ref id="mat-Material" name="bsdf"/>
        <transform name="to_world">
            <matrix value="0.9999646412140053 -0.0050760903144878725 -0.006746587142594728 0.021253176085724856 0.008279335628515367 0.4330075628945254 0.9013522475791746 -1.3192729961702747 -0.0016540176945130105 -0.9013761171605343 0.4330341665055188 1.4732752896746986 0.0 0.0 0.0 1.0"/>
        </transform>
    </shape>
    <shape name="temp47" type="ply">
        <string name="filename" value="meshes/Plane_001.ply"/>
        <boolean name="face_normals" value="true"/>
        <ref id="mat-Material.002" name="bsdf"/>
    </shape>
    <shape name="temp49" type="ply">
        <string name="filename" value="meshes/Plane_002.ply"/>
        <boolean name="face_normals" value="true"/>
        <ref id="mat-Material.003" name="bsdf"/>
    </shape>
    <shape name="temp51" type="ply">
        <string name="filename" value="meshes/Plane_003.ply"/>
        <boolean name="face_normals" value="true"/>
        <ref id="mat-Material.004" name="bsdf"/>
    </shape>
    <shape name="temp53" type="ply">
        <string name="filename" value="meshes/Plane_004.ply"/>
        <boolean name="face_normals" value="true"/>
        <ref id="mat-Material.005" name="bsdf"/>
    </shape>
    <emitter type="point">
        <rgb name="intensity" value="100"/>
        <animation name="to_world">
            <transform time="0">
                <rotate angle="-142.5518126578256" x="1"/>
                <rotate angle="3.976628485794621e-06" y="1"/>
                <rotate angle="-179.999991348578" z="1"/>
                <translate value="-0.000000 3.030926 4.073377"/>
                <translate x="30.0" y="0.0" z="0.0"/>
            </transform>
            <transform time="0.0015">
                <rotate angle="-142.5518126578256" x="1"/>
                <rotate angle="3.976628485794621e-06" y="1"/>
                <rotate angle="-179.999991348578" z="1"/>
                <translate value="-0.000000 3.030926 4.073377"/>
                <translate x="30.15" y="0.0" z="0.0"/>
            </transform>
        </animation>
    </emitter>
</scene>
