
<scene version="2.1.0">
    <default name="spp" value="1024"/>
    <default name="resx" value="640"/>
    <default name="resy" value="360"/>
    <integrator name="temp0" type="path">
        <integer name="max_depth" value="12"/>
    </integrator>
    <sensor name="temp44" type="perspective">
        <string name="fov_axis" value="x"/>
        <float name="fov" value="83.974423"/>
        <float name="principal_point_offset_x" value="0.000000"/>
        <float name="principal_point_offset_y" value="-0.000000"/>
        <float name="near_clip" value="0.100000"/>
        <float name="far_clip" value="1000.000000"/>
        <sampler name="sampler" type="independent">
            <integer name="sample_count" value="$spp"/>
        </sampler>
        <film name="film" type="hdrfilm">
            <integer name="width" value="$resx"/>
            <integer name="height" value="$resy"/>
        </film>
        <float name="shutter_open" value="0.0"/>
        <float name="shutter_close" value="0.0015"/>
        <animation name="to_world">
            <transform time="0">
                <rotate angle="-142.5518126578256" x="1"/>
                <rotate angle="3.976628485794621e-06" y="1"/>
                <rotate angle="-179.999991348578" z="1"/>
                <translate value="-0.000000 3.030926 4.073377"/>
                <translate x="21.45" y="0.0" z="0.0"/>
            </transform>
            <transform time="0.0015">
                <rotate angle="-142.5518126578256" x="1"/>
                <rotate angle="3.976628485794621e-06" y="1"/>
                <rotate angle="-179.999991348578" z="1"/>
                <translate value="-0.000000 3.030926 4.073377"/>
                <translate x="21.599999999999998" y="0.0" z="0.0"/>
            </transform>
        </animation>
    </sensor>
    <bsdf id="mat-Material" name="mat-Material" type="twosided">
        <bsdf name="bsdf" type="diffuse">
            <texture name="reflectance" type="bitmap">
                <string name="filename" value="textures/siggraph_2023_logo.jpg"/>
            </texture>
        </bsdf>
    </bsdf>
    <bsdf id="mat-Material.001" name="mat-Material.001" type="twosided">
        <bsdf name="bsdf" type="principled">
            <rgb name="base_color" value="0.433648 0.266232 0.084399"/>
            <float name="spec_tint" value="0.000000"/>
            <float name="spec_trans" value="0.000000"/>
            <float name="metallic" value="0.000000"/>
            <float name="anisotropic" value="0.000000"/>
            <float name="roughness" value="0.500000"/>
            <float name="sheen" value="0.000000"/>
            <float name="sheen_tint" value="0.500000"/>
            <float name="clearcoat" value="0.000000"/>
            <float name="clearcoat_gloss" value="0.173205"/>
            <float name="specular" value="0.500000"/>
        </bsdf>
    </bsdf>
    <bsdf id="mat-Material.002" name="mat-Material.002" type="twosided">
        <bsdf name="bsdf" type="principled">
            <rgb name="base_color" value="0.433648 0.266232 0.084399"/>
            <float name="spec_tint" value="0.000000"/>
            <float name="spec_trans" value="0.000000"/>
            <float name="metallic" value="0.000000"/>
            <float name="anisotropic" value="0.000000"/>
            <float name="roughness" value="0.500000"/>
            <float name="sheen" value="0.000000"/>
            <float name="sheen_tint" value="0.500000"/>
            <float name="clearcoat" value="0.000000"/>
            <float name="clearcoat_gloss" value="0.173205"/>
            <float name="specular" value="0.500000"/>
        </bsdf>
    </bsdf>
    <bsdf id="mat-Material.003" name="mat-Material.003" type="twosided">
        <bsdf name="bsdf" type="principled">
            <rgb name="base_color" value="0.433648 0.266232 0.084399"/>
            <float name="spec_tint" value="0.000000"/>
            <float name="spec_trans" value="0.000000"/>
            <float name="metallic" value="0.000000"/>
            <float name="anisotropic" value="0.000000"/>
            <float name="roughness" value="0.500000"/>
            <float name="sheen" value="0.000000"/>
            <float name="sheen_tint" value="0.500000"/>
            <float name="clearcoat" value="0.000000"/>
            <float name="clearcoat_gloss" value="0.173205"/>
            <float name="specular" value="0.500000"/>
        </bsdf>
    </bsdf>
    <bsdf id="mat-Material.004" name="mat-Material.004" type="twosided">
        <bsdf name="bsdf" type="principled">
            <rgb name="base_color" value="0.433648 0.266232 0.084399"/>
            <float name="spec_tint" value="0.000000"/>
            <float name="spec_trans" value="0.000000"/>
            <float name="metallic" value="0.000000"/>
            <float name="anisotropic" value="0.000000"/>
            <float name="roughness" value="0.500000"/>
            <float name="sheen" value="0.000000"/>
            <float name="sheen_tint" value="0.500000"/>
            <float name="clearcoat" value="0.000000"/>
            <float name="clearcoat_gloss" value="0.173205"/>
            <float name="specular" value="0.500000"/>
        </bsdf>
    </bsdf>
    <bsdf id="mat-Material.005" name="mat-Material.005" type="twosided">
        <bsdf name="bsdf" type="principled">
            <rgb name="base_color" value="0.433648 0.266232 0.084399"/>
            <float name="spec_tint" value="0.000000"/>
            <float name="spec_trans" value="0.000000"/>
            <float name="metallic" value="0.000000"/>
            <float name="anisotropic" value="0.000000"/>
            <float name="roughness" value="0.500000"/>
            <float name="sheen" value="0.000000"/>
            <float name="sheen_tint" value="0.500000"/>
            <float name="clearcoat" value="0.000000"/>
            <float name="clearcoat_gloss" value="0.173205"/>
            <float name="specular" value="0.500000"/>
        </bsdf>
    </bsdf>
    <emitter name="temp45" type="point">
        <point name="position" x="-6.815235034541981e-16" y="3.0693089962005615" z="4.109199523925781"/>
        <rgb name="intensity" value="7.957747 7.957747 7.957747"/>
    </emitter>
    <shape name="temp2" type="ply">
        <string name="filename" value="meshes/Cube.ply"/>
        <boolean name="face_normals" value="true"/>
        <ref id="mat-Material" name="bsdf"/>
        <transform name="to_world">
            <matrix value="0.9474785781531735 -0.31830992672441666 -0.03103688665458529 0.31666924395000473 0.05309767972100626 0.25225990409304516 -0.9662018504080893 1.230057387240659 0.3153809126158854 0.9138072224319651 0.2559123654142284 1.3842414225505963 0.0 0.0 0.0 1.0"/>
            <scale value="1"/>
        </transform>
    </shape>
    <shape name="temp4" type="ply">
        <string name="filename" value="meshes/Plane.ply"/>
        <boolean name="face_normals" value="true"/>
        <ref id="mat-Material.001" name="bsdf"/>
        <transform name="to_world">
            <scale value="1"/>
        </transform>
    </shape>
    <shape name="temp5" type="ply">
        <string name="filename" value="meshes/Cube_001.ply"/>
        <boolean name="face_normals" value="true"/>
        <ref id="mat-Material" name="bsdf"/>
        <transform name="to_world">
            <matrix value="0.9983050456804373 -0.020523796313485172 -0.05446515320072186 0.03960479446269005 -0.05447505172624715 7.756532331573579e-05 -0.9985152009289391 1.1727045632358528 0.020497551535653434 0.9997893300905465 -0.0010406004252279206 1.086631751512066 0.0 0.0 0.0 1.0"/>
            <scale value="1"/>
        </transform>
    </shape>
    <shape name="temp6" type="ply">
        <string name="filename" value="meshes/Cube_002.ply"/>
        <boolean name="face_normals" value="true"/>
        <ref id="mat-Material" name="bsdf"/>
        <transform name="to_world">
            <matrix value="0.9997189850840474 -0.022900486626632435 0.006117060130934645 -0.04176248177566855 0.010989137044857782 0.21912340459260404 -0.9756352060729014 0.6543505392209309 0.021002132876617608 0.9754283795312283 0.2193135694229259 0.5438844035828487 0.0 0.0 0.0 1.0"/>
            <scale value="1"/>
        </transform>
    </shape>
    <shape name="temp7" type="ply">
        <string name="filename" value="meshes/Cube_003.ply"/>
        <boolean name="face_normals" value="true"/>
        <ref id="mat-Material" name="bsdf"/>
        <transform name="to_world">
            <matrix value="0.9956127986780774 -0.04912914065449509 0.07963461319341252 -0.0797490723341645 0.08853716222804937 0.21927233361770296 -0.9716382338242949 0.13706773072297462 0.03027409148852803 0.9744259244967389 0.22266012355911138 0.21540147848685132 0.0 0.0 0.0 1.0"/>
            <scale value="1"/>
        </transform>
    </shape>
    <shape name="temp8" type="ply">
        <string name="filename" value="meshes/Cube_004.ply"/>
        <boolean name="face_normals" value="true"/>
        <ref id="mat-Material" name="bsdf"/>
        <transform name="to_world">
            <matrix value="0.9764794061277209 -0.1762979665139136 0.1241255854921349 0.05339715136794965 0.16195527873665622 0.21970493697632362 -0.9620294728242292 -0.3763017151739016 0.14233285817877514 0.9595044459694257 0.24308957350027255 -0.3688159818727058 0.0 0.0 0.0 1.0"/>
            <scale value="1"/>
        </transform>
    </shape>
    <shape name="temp9" type="ply">
        <string name="filename" value="meshes/Cube_005.ply"/>
        <boolean name="face_normals" value="true"/>
        <ref id="mat-Material" name="bsdf"/>
        <transform name="to_world">
            <matrix value="0.9715643045457044 -0.2217563612926372 0.08298889745690632 0.12988801588852006 0.1325148884716512 0.2187930074276787 -0.9667313759484771 -0.6343935384567363 0.1962214131592991 0.9502387244667027 0.24195747626236286 -0.811976269231111 0.0 0.0 0.0 1.0"/>
            <scale value="1"/>
        </transform>
    </shape>
    <shape name="temp10" type="ply">
        <string name="filename" value="meshes/Cube_006.ply"/>
        <boolean name="face_normals" value="true"/>
        <ref id="mat-Material" name="bsdf"/>
        <transform name="to_world">
            <matrix value="0.9876220464623148 -0.1420544279269038 -0.06650923525637784 0.03353942316178182 -0.034099701787325784 0.2194302317577588 -0.9750321615847186 -0.542544994390032 0.15310180186409517 0.9652311215773962 0.21187004781331953 -1.0389365572250848 0.0 0.0 0.0 1.0"/>
            <scale value="1"/>
        </transform>
    </shape>
    <shape name="temp11" type="ply">
        <string name="filename" value="meshes/Cube_007.ply"/>
        <boolean name="face_normals" value="true"/>
        <ref id="mat-Material" name="bsdf"/>
        <transform name="to_world">
            <matrix value="0.9214984389045205 -0.24986348172699266 -0.2973366283690471 0.1794983325231141 -0.2486785650332342 0.20847128736001402 -0.9458853265163223 -0.2960311512415592 0.2983283601671551 0.9455726988484073 0.12997024728369946 -1.8124318600232134 0.0 0.0 0.0 1.0"/>
            <scale value="1"/>
        </transform>
    </shape>
    <shape name="temp12" type="ply">
        <string name="filename" value="meshes/Cube_008.ply"/>
        <boolean name="face_normals" value="true"/>
        <ref id="mat-Material" name="bsdf"/>
        <transform name="to_world">
            <matrix value="0.321231563382604 0.8832859499857121 -0.341491257391491 1.7413176805889152 -0.5994633235642974 -0.08949533084562067 -0.7953832937528752 0.48365302628666706 -0.7331129538124947 0.46021363180323016 0.5007486640117895 0.9507164281907352 0.0 0.0 0.0 1.0"/>
            <scale value="1"/>
        </transform>
    </shape>
    <shape name="temp13" type="ply">
        <string name="filename" value="meshes/Cube_009.ply"/>
        <boolean name="face_normals" value="true"/>
        <ref id="mat-Material" name="bsdf"/>
        <transform name="to_world">
            <matrix value="-0.07103374483845631 0.9907338613291394 0.11576035848879083 2.613629732812397 -0.8523510399324854 -6.50652972427272e-06 -0.5229702978723002 1.0096056133752933 -0.5181236891141736 -0.1358169716513392 0.8444535272783663 0.8982000866569169 0.0 0.0 0.0 1.0"/>
            <scale value="1"/>
        </transform>
    </shape>
    <shape name="temp14" type="ply">
        <string name="filename" value="meshes/Cube_010.ply"/>
        <boolean name="face_normals" value="true"/>
        <ref id="mat-Material" name="bsdf"/>
        <transform name="to_world">
            <matrix value="0.013798018534573698 0.9940198947484788 0.10832295951824523 1.944948179982886 -0.9919502967056543 -2.9878833514453836e-05 0.12662738091467027 2.052655990069815 0.12587336244541483 -0.10919818198125665 0.986018161780454 -0.3820996480118022 0.0 0.0 0.0 1.0"/>
            <scale value="1"/>
        </transform>
    </shape>
    <shape name="temp15" type="ply">
        <string name="filename" value="meshes/Cube_011.ply"/>
        <boolean name="face_normals" value="true"/>
        <ref id="mat-Material" name="bsdf"/>
        <transform name="to_world">
            <matrix value="0.052755985085820356 0.9811041606264197 0.18614950302609662 1.6552657816914826 -0.9358692048430306 -0.01645616710086917 0.3519638069293145 2.067675988218425 0.3483764518365256 -0.19277967473400318 0.9173167144264033 -0.8928372789296732 0.0 0.0 0.0 1.0"/>
            <scale value="1"/>
        </transform>
    </shape>
    <shape name="temp16" type="ply">
        <string name="filename" value="meshes/Cube_012.ply"/>
        <boolean name="face_normals" value="true"/>
        <ref id="mat-Material" name="bsdf"/>
        <transform name="to_world">
            <matrix value="0.09301305611256198 0.9904549844291993 0.10172152535505397 1.095787287731285 -0.7382558813673813 5.4648817432622136e-05 0.6745209803219798 1.846346442903761 0.668077060140738 -0.13783573170248403 0.7312142540710822 -1.8356077983960952 0.0 0.0 0.0 1.0"/>
            <scale value="1"/>
        </transform>
    </shape>
    <shape name="temp17" type="ply">
        <string name="filename" value="meshes/Cube_013.ply"/>
        <boolean name="face_normals" value="true"/>
        <ref id="mat-Material" name="bsdf"/>
        <transform name="to_world">
            <matrix value="0.8983510541162036 0.1704769900484541 0.40484993388022605 0.7001963256959269 -0.42788722880287644 0.13107051601612774 0.8942780983035798 1.4784603499090943 0.09938996714696283 -0.9766054194312747 0.19069224117429853 -1.3864738475904166 0.0 0.0 0.0 1.0"/>
            <scale value="1"/>
        </transform>
    </shape>
    <shape name="temp18" type="ply">
        <string name="filename" value="meshes/Cube_014.ply"/>
        <boolean name="face_normals" value="true"/>
        <ref id="mat-Material" name="bsdf"/>
        <transform name="to_world">
            <matrix value="0.9396114902300776 0.297776910995092 0.168699343435609 0.11116544052397759 -0.2160420955025203 0.1337694061402978 0.9671772175418574 1.0250877010054285 0.26543627344081044 -0.9452166458430239 0.19002362062142658 -0.8645178344209372 0.0 0.0 0.0 1.0"/>
            <scale value="1"/>
        </transform>
    </shape>
    <shape name="temp19" type="ply">
        <string name="filename" value="meshes/Cube_015.ply"/>
        <boolean name="face_normals" value="true"/>
        <ref id="mat-Material" name="bsdf"/>
        <transform name="to_world">
            <matrix value="0.9830730621051829 0.13089048710637577 0.1282008991532792 0.015232747329576357 -0.14954851452146795 0.16902474432807774 0.9742002864165824 0.639688384274953 0.10584440106590642 -0.9768820019064585 0.1857381515114408 -0.29601049796273937 0.0 0.0 0.0 1.0"/>
            <scale value="1"/>
        </transform>
    </shape>
    <shape name="temp20" type="ply">
        <string name="filename" value="meshes/Cube_016.ply"/>
        <boolean name="face_normals" value="true"/>
        <ref id="mat-Material" name="bsdf"/>
        <transform name="to_world">
            <matrix value="0.9851230526198214 0.025890393243544845 0.16989023219222155 0.033575928487309725 -0.17181828174892338 0.16787544610917707 0.9707196015698542 0.32666602945830264 -0.003388086917824856 -0.9854681565131419 0.16982640545297836 0.19869827528841277 0.0 0.0 0.0 1.0"/>
            <scale value="1"/>
        </transform>
    </shape>
    <shape name="temp21" type="ply">
        <string name="filename" value="meshes/Cube_017.ply"/>
        <boolean name="face_normals" value="true"/>
        <ref id="mat-Material" name="bsdf"/>
        <transform name="to_world">
            <matrix value="0.9417253074764151 -0.14964361326010642 0.30126528236713046 0.22027695326915464 -0.2844775604713959 0.1236622773625796 0.9506735139362139 0.1627196111767572 -0.17951742558423622 -0.9809762985922662 0.07388562059211357 0.46314097210005933 0.0 0.0 0.0 1.0"/>
            <scale value="1"/>
        </transform>
    </shape>
    <shape name="temp22" type="ply">
        <string name="filename" value="meshes/Cube_018.ply"/>
        <boolean name="face_normals" value="true"/>
        <ref id="mat-Material" name="bsdf"/>
        <transform name="to_world">
            <matrix value="0.19658837254244924 0.9564532782115168 0.21575444860552756 0.8537490928031042 -0.6146509830203164 -0.05122524367833834 0.7871342786940198 0.03261164358743869 0.7639093518572693 -0.287355007999199 0.5778144873459944 -0.15416408235799073 0.0 0.0 0.0 1.0"/>
            <scale value="1"/>
        </transform>
    </shape>
    <shape name="temp23" type="ply">
        <string name="filename" value="meshes/Cube_019.ply"/>
        <boolean name="face_normals" value="true"/>
        <ref id="mat-Material" name="bsdf"/>
        <transform name="to_world">
            <matrix value="-0.0812139755720914 0.9836611927254221 -0.16067055426667567 0.5083326992771635 -0.9134819786996013 -0.008976605210847206 0.4067798653586756 -0.046502517820839216 0.39869141902781247 0.17980584994879262 0.899285896985534 -0.05446033417220897 0.0 0.0 0.0 1.0"/>
            <scale value="1"/>
        </transform>
    </shape>
    <shape name="temp24" type="ply">
        <string name="filename" value="meshes/Cube_020.ply"/>
        <boolean name="face_normals" value="true"/>
        <ref id="mat-Material" name="bsdf"/>
        <transform name="to_world">
            <matrix value="0.09904266720746971 0.9406798087374438 -0.324517836193076 0.14161660373548673 -0.9612842976378021 0.006173328250509406 -0.27548897269762945 0.14092287840183482 -0.25714344879431333 0.3392391074525505 0.9048723912257796 0.11866362173263578 0.0 0.0 0.0 1.0"/>
            <scale value="1"/>
        </transform>
    </shape>
    <shape name="temp25" type="ply">
        <string name="filename" value="meshes/Cube_021.ply"/>
        <boolean name="face_normals" value="true"/>
        <ref id="mat-Material" name="bsdf"/>
        <transform name="to_world">
            <matrix value="0.1889866087970966 0.941224972519049 -0.2799634627377132 -0.17460266807261315 -0.7956046430401381 -0.020348220673601394 -0.6054746321806855 0.09276781119330367 -0.575584590808596 0.33716676087713776 0.7449972838176522 0.3131579478670975 0.0 0.0 0.0 1.0"/>
            <scale value="1"/>
        </transform>
    </shape>
    <shape name="temp26" type="ply">
        <string name="filename" value="meshes/Cube_022.ply"/>
        <boolean name="face_normals" value="true"/>
        <ref id="mat-Material" name="bsdf"/>
        <transform name="to_world">
            <matrix value="0.6375036124157177 0.4013003130846872 -0.6576834865096277 -0.08648963037195712 -0.7116405774900847 -0.020392323689101276 -0.702248025035211 -0.19535581218186784 -0.29522412047650204 0.9157195211744118 0.27258154575124305 0.692248746925194 0.0 0.0 0.0 1.0"/>
            <scale value="1"/>
        </transform>
    </shape>
    <shape name="temp27" type="ply">
        <string name="filename" value="meshes/Cube_023.ply"/>
        <boolean name="face_normals" value="true"/>
        <ref id="mat-Material" name="bsdf"/>
        <transform name="to_world">
            <matrix value="0.8559993581867535 0.285711365537323 -0.4308527110525691 -0.066580429250784 -0.48047300927083275 0.13206001797994674 -0.8670098969269079 -0.28715448051967607 -0.19081621979089652 0.9491728598753085 0.25031996107987275 0.2077301688541492 0.0 0.0 0.0 1.0"/>
            <scale value="1"/>
        </transform>
    </shape>
    <shape name="temp28" type="ply">
        <string name="filename" value="meshes/Cube_024.ply"/>
        <boolean name="face_normals" value="true"/>
        <ref id="mat-Material" name="bsdf"/>
        <transform name="to_world">
            <matrix value="0.8522384566696276 0.45101862029981876 -0.26508923214541524 -0.19607127118775391 -0.3758297475120872 0.17533234742596832 -0.9099511087177398 -0.5107846651455941 -0.3639261506984595 0.8751232210386235 0.3189311054176609 -0.3537204976117993 0.0 0.0 0.0 1.0"/>
            <scale value="1"/>
        </transform>
    </shape>
    <shape name="temp29" type="ply">
        <string name="filename" value="meshes/Cube_025.ply"/>
        <boolean name="face_normals" value="true"/>
        <ref id="mat-Material" name="bsdf"/>
        <transform name="to_world">
            <matrix value="0.9023402248473921 0.3564303339639525 -0.24236289425422236 -0.26049980373013915 -0.32136803734572994 0.18162806123193923 -0.9293728762834493 -0.7934170303303274 -0.2872367368938012 0.9164979569190465 0.2784356397164958 -0.6949557943420157 0.0 0.0 0.0 1.0"/>
            <scale value="1"/>
        </transform>
    </shape>
    <shape name="temp30" type="ply">
        <string name="filename" value="meshes/Cube_026.ply"/>
        <boolean name="face_normals" value="true"/>
        <ref id="mat-Material" name="bsdf"/>
        <transform name="to_world">
            <matrix value="0.9233392195763679 0.2319513248217128 -0.3060121006041792 -0.3339277465330346 -0.35084073989365755 0.18571215815678432 -0.9178353657815868 -1.1488062459453967 -0.15606291897373709 0.9548348744219615 0.25285340983716614 -0.8899092252887395 0.0 0.0 0.0 1.0"/>
            <scale value="1"/>
        </transform>
    </shape>
    <shape name="temp31" type="ply">
        <string name="filename" value="meshes/Cube_027.ply"/>
        <boolean name="face_normals" value="true"/>
        <ref id="mat-Material" name="bsdf"/>
        <transform name="to_world">
            <matrix value="0.8721156079407547 0.17258834056772412 -0.45785189454309744 -0.6030732113772812 -0.48504415568758236 0.18178437413307247 -0.8553870477107239 -1.5851708513225093 -0.0643994879677746 0.9680741224346767 0.2422498972862289 -1.0301448533830522 0.0 0.0 0.0 1.0"/>
            <scale value="1"/>
        </transform>
    </shape>
    <shape name="temp32" type="ply">
        <string name="filename" value="meshes/Cube_028.ply"/>
        <boolean name="face_normals" value="true"/>
        <ref id="mat-Material" name="bsdf"/>
        <transform name="to_world">
            <matrix value="-0.10547026117544019 0.9846486297069603 0.13907874848529692 -1.4866901765675231 -0.7969033397337362 -3.164116031145773e-05 -0.6041068487982371 -2.12214087521023 -0.5948287936570413 -0.17454759158404998 0.7846731669078687 -1.3615417182966472 0.0 0.0 0.0 1.0"/>
            <scale value="1"/>
        </transform>
    </shape>
    <shape name="temp33" type="ply">
        <string name="filename" value="meshes/Cube_029.ply"/>
        <boolean name="face_normals" value="true"/>
        <ref id="mat-Material" name="bsdf"/>
        <transform name="to_world">
            <matrix value="0.0021764782537006208 0.9762841999653751 0.2164818133980363 -1.5696748110292396 -0.9986516602928583 -0.009107669010456319 0.051113847518392735 -1.8215514481820105 0.05187327025124684 -0.21630105355813137 0.9749477684517194 -0.1229927220587681 0.0 0.0 0.0 1.0"/>
            <scale value="1"/>
        </transform>
    </shape>
    <shape name="temp34" type="ply">
        <string name="filename" value="meshes/Cube_030.ply"/>
        <boolean name="face_normals" value="true"/>
        <ref id="mat-Material" name="bsdf"/>
        <transform name="to_world">
            <matrix value="-0.042188136382990835 0.9784958590570567 -0.20190584171402395 -3.227947058851497 -0.9752391980090196 0.00357930346594746 0.22112233013330065 -1.9175915768214837 0.21708990282814902 0.20623524886000075 0.9541169558381164 0.24539698704577528 0.0 0.0 0.0 1.0"/>
            <scale value="1"/>
        </transform>
    </shape>
    <shape name="temp35" type="ply">
        <string name="filename" value="meshes/Cube_031.ply"/>
        <boolean name="face_normals" value="true"/>
        <ref id="mat-Material" name="bsdf"/>
        <transform name="to_world">
            <matrix value="0.1419707301246217 0.9761279704978694 0.16437319068923895 -1.8733855603632248 -0.7558685133867704 -0.0003154250004693142 0.6547238169713882 -1.0907620651063639 0.6391462642745827 -0.21719608779720623 0.7377794251905702 0.6273591337742737 0.0 0.0 0.0 1.0"/>
            <scale value="1"/>
        </transform>
    </shape>
    <shape name="temp36" type="ply">
        <string name="filename" value="meshes/Cube_032.ply"/>
        <boolean name="face_normals" value="true"/>
        <ref id="mat-Material" name="bsdf"/>
        <transform name="to_world">
            <matrix value="0.7257945984855335 0.6132302788977584 0.31172222981313896 -0.6558234100713061 -0.39311828157162687 -0.0021214585032424396 0.919485641584019 -0.10647548509939765 0.5645177447178947 -0.7899011937266256 0.23953229656645236 -0.11631703011421068 0.0 0.0 0.0 1.0"/>
            <scale value="1"/>
        </transform>
    </shape>
    <shape name="temp37" type="ply">
        <string name="filename" value="meshes/Cube_033.ply"/>
        <boolean name="face_normals" value="true"/>
        <ref id="mat-Material" name="bsdf"/>
        <transform name="to_world">
            <matrix value="0.9765587463011522 0.17013303491905896 0.13186434123004054 -0.14622775315389003 -0.15006648617885313 0.09893411455019889 0.983713543703114 0.30055586928610056 0.15431628273114584 -0.9804421147921564 0.12214624738960456 -0.38992453904360447 0.0 0.0 0.0 1.0"/>
            <scale value="1"/>
        </transform>
    </shape>
    <shape name="temp38" type="ply">
        <string name="filename" value="meshes/Cube_034.ply"/>
        <boolean name="face_normals" value="true"/>
        <ref id="mat-Material" name="bsdf"/>
        <transform name="to_world">
            <matrix value="0.9999153409322604 -0.0016888968614355174 0.012904395582054947 -0.03341590396004479 -0.012401245862343471 0.17712783908990598 0.9841097422770827 0.36927905330173105 -0.003947789733470207 -0.984186407410575 0.1770919213786954 -0.3825826168048173 0.0 0.0 0.0 1.0"/>
            <scale value="1"/>
        </transform>
    </shape>
    <shape name="temp39" type="ply">
        <string name="filename" value="meshes/Cube_035.ply"/>
        <boolean name="face_normals" value="true"/>
        <ref id="mat-Material" name="bsdf"/>
        <transform name="to_world">
            <matrix value="0.9986720493877066 -0.05136099019029124 0.004087558939265785 0.008242874258701516 0.006395123814994672 0.20228576851757216 0.9793057163700457 0.09101260042836445 -0.05112494614619513 -0.97797873694003 0.20234558538812095 -0.16216536399150489 0.0 0.0 0.0 1.0"/>
            <scale value="1"/>
        </transform>
    </shape>
    <shape name="temp40" type="ply">
        <string name="filename" value="meshes/Cube_036.ply"/>
        <boolean name="face_normals" value="true"/>
        <ref id="mat-Material" name="bsdf"/>
        <transform name="to_world">
            <matrix value="0.9986277252684712 -0.052203169226340836 0.004250009810406217 0.0028231039980743944 0.006605197978110977 0.20601977794140042 0.9785256117792955 -0.23951523488864912 -0.051957707698390324 -0.9771544127002668 0.2060818372266856 0.17616503835136754 0.0 0.0 0.0 1.0"/>
            <scale value="1"/>
        </transform>
    </shape>
    <shape name="temp41" type="ply">
        <string name="filename" value="meshes/Cube_037.ply"/>
        <boolean name="face_normals" value="true"/>
        <ref id="mat-Material" name="bsdf"/>
        <transform name="to_world">
            <matrix value="0.9986742655936685 -0.05131445508454956 0.00410904727481099 -0.007111659342587728 0.006561893313617966 0.20606216222417365 0.9785168651520659 -0.5707811520231598 -0.05105881456029587 -0.9771923750007822 0.20612571220003204 0.519666870163556 0.0 0.0 0.0 1.0"/>
            <scale value="1"/>
        </transform>
    </shape>
    <shape name="temp42" type="ply">
        <string name="filename" value="meshes/Cube_038.ply"/>
        <boolean name="face_normals" value="true"/>
        <ref id="mat-Material" name="bsdf"/>
        <transform name="to_world">
            <matrix value="0.9988817024716902 -0.04708184630274309 0.004368396591935799 0.010281107157447789 0.005437496786501356 0.20614976753305536 0.9785055181762006 -0.9049037631073739 -0.04697040212613935 -0.9773871925210097 0.20617521338224512 0.870138371903163 0.0 0.0 0.0 1.0"/>
            <scale value="1"/>
        </transform>
    </shape>
    <shape name="temp43" type="ply">
        <string name="filename" value="meshes/Cube_039.ply"/>
        <boolean name="face_normals" value="true"/>
        <ref id="mat-Material" name="bsdf"/>
        <transform name="to_world">
            <matrix value="0.9999172639925819 -0.01246176540110481 -0.0032103807291207227 0.022913892159466265 0.008290560638396857 0.4330210240051794 0.9013456774986873 -1.3192399615209598 -0.009842194132420202 -0.9012977204287266 0.4330884567228019 1.4779838454743681 0.0 0.0 0.0 1.0"/>
            <scale value="1"/>
        </transform>
    </shape>
    <shape name="temp47" type="ply">
        <string name="filename" value="meshes/Plane_001.ply"/>
        <boolean name="face_normals" value="true"/>
        <ref id="mat-Material.002" name="bsdf"/>
        <transform name="to_world">
            <scale value="1"/>
        </transform>
    </shape>
    <shape name="temp49" type="ply">
        <string name="filename" value="meshes/Plane_002.ply"/>
        <boolean name="face_normals" value="true"/>
        <ref id="mat-Material.003" name="bsdf"/>
        <transform name="to_world">
            <scale value="1"/>
        </transform>
    </shape>
    <shape name="temp51" type="ply">
        <string name="filename" value="meshes/Plane_003.ply"/>
        <boolean name="face_normals" value="true"/>
        <ref id="mat-Material.004" name="bsdf"/>
        <transform name="to_world">
            <scale value="1"/>
        </transform>
    </shape>
    <shape name="temp53" type="ply">
        <string name="filename" value="meshes/Plane_004.ply"/>
        <boolean name="face_normals" value="true"/>
        <ref id="mat-Material.005" name="bsdf"/>
        <transform name="to_world">
            <scale value="1"/>
        </transform>
    </shape>
    <emitter type="point">
        <rgb name="intensity" value="100"/>
        <animation name="to_world">
            <transform time="0">
                <rotate angle="-142.5518126578256" x="1"/>
                <rotate angle="3.976628485794621e-06" y="1"/>
                <rotate angle="-179.999991348578" z="1"/>
                <translate value="-0.000000 3.030926 4.073377"/>
                <translate x="21.45" y="0.0" z="0.0"/>
            </transform>
            <transform time="0.0015">
                <rotate angle="-142.5518126578256" x="1"/>
                <rotate angle="3.976628485794621e-06" y="1"/>
                <rotate angle="-179.999991348578" z="1"/>
                <translate value="-0.000000 3.030926 4.073377"/>
                <translate x="21.599999999999998" y="0.0" z="0.0"/>
            </transform>
        </animation>
    </emitter>
</scene>
