
<scene version="2.1.0">
    <default name="spp" value="1024"/>
    <default name="resx" value="1280"/>
    <default name="resy" value="720"/>
    <integrator name="temp0" type="path">
        <integer name="max_depth" value="12"/>
    </integrator>
    <sensor name="temp44" type="perspective">
        <string name="fov_axis" value="x"/>
        <float name="fov" value="83.974423"/>
        <float name="principal_point_offset_x" value="0.000000"/>
        <float name="principal_point_offset_y" value="-0.000000"/>
        <float name="near_clip" value="0.100000"/>
        <float name="far_clip" value="1000.000000"/>
        <sampler name="sampler" type="independent">
            <integer name="sample_count" value="$spp"/>
        </sampler>
        <film name="film" type="hdrfilm">
            <integer name="width" value="$resx"/>
            <integer name="height" value="$resy"/>
        </film>
        <float name="shutter_open" value="0.0"/>
        <float name="shutter_close" value="0.0015"/>
        <animation name="to_world">
            <transform time="0">
                <rotate angle="-142.5518126578256" x="1"/>
                <rotate angle="3.976628485794621e-06" y="1"/>
                <rotate angle="-179.999991348578" z="1"/>
                <translate value="-0.000000 3.030926 4.073377"/>
                <translate x="24.75" y="0.0" z="0.0"/>
            </transform>
            <transform time="0.0015">
                <rotate angle="-142.5518126578256" x="1"/>
                <rotate angle="3.976628485794621e-06" y="1"/>
                <rotate angle="-179.999991348578" z="1"/>
                <translate value="-0.000000 3.030926 4.073377"/>
                <translate x="24.9" y="0.0" z="0.0"/>
            </transform>
        </animation>
    </sensor>
    <bsdf id="mat-Material" name="mat-Material" type="twosided">
        <bsdf name="bsdf" type="diffuse">
            <texture name="reflectance" type="bitmap">
                <string name="filename" value="textures/siggraph_2023_logo.jpg"/>
            </texture>
        </bsdf>
    </bsdf>
    <bsdf id="mat-Material.001" name="mat-Material.001" type="twosided">
        <bsdf name="bsdf" type="principled">
            <rgb name="base_color" value="0.433648 0.266232 0.084399"/>
            <float name="spec_tint" value="0.000000"/>
            <float name="spec_trans" value="0.000000"/>
            <float name="metallic" value="0.000000"/>
            <float name="anisotropic" value="0.000000"/>
            <float name="roughness" value="0.500000"/>
            <float name="sheen" value="0.000000"/>
            <float name="sheen_tint" value="0.500000"/>
            <float name="clearcoat" value="0.000000"/>
            <float name="clearcoat_gloss" value="0.173205"/>
            <float name="specular" value="0.500000"/>
        </bsdf>
    </bsdf>
    <bsdf id="mat-Material.002" name="mat-Material.002" type="twosided">
        <bsdf name="bsdf" type="principled">
            <rgb name="base_color" value="0.433648 0.266232 0.084399"/>
            <float name="spec_tint" value="0.000000"/>
            <float name="spec_trans" value="0.000000"/>
            <float name="metallic" value="0.000000"/>
            <float name="anisotropic" value="0.000000"/>
            <float name="roughness" value="0.500000"/>
            <float name="sheen" value="0.000000"/>
            <float name="sheen_tint" value="0.500000"/>
            <float name="clearcoat" value="0.000000"/>
            <float name="clearcoat_gloss" value="0.173205"/>
            <float name="specular" value="0.500000"/>
        </bsdf>
    </bsdf>
    <bsdf id="mat-Material.003" name="mat-Material.003" type="twosided">
        <bsdf name="bsdf" type="principled">
            <rgb name="base_color" value="0.433648 0.266232 0.084399"/>
            <float name="spec_tint" value="0.000000"/>
            <float name="spec_trans" value="0.000000"/>
            <float name="metallic" value="0.000000"/>
            <float name="anisotropic" value="0.000000"/>
            <float name="roughness" value="0.500000"/>
            <float name="sheen" value="0.000000"/>
            <float name="sheen_tint" value="0.500000"/>
            <float name="clearcoat" value="0.000000"/>
            <float name="clearcoat_gloss" value="0.173205"/>
            <float name="specular" value="0.500000"/>
        </bsdf>
    </bsdf>
    <bsdf id="mat-Material.004" name="mat-Material.004" type="twosided">
        <bsdf name="bsdf" type="principled">
            <rgb name="base_color" value="0.433648 0.266232 0.084399"/>
            <float name="spec_tint" value="0.000000"/>
            <float name="spec_trans" value="0.000000"/>
            <float name="metallic" value="0.000000"/>
            <float name="anisotropic" value="0.000000"/>
            <float name="roughness" value="0.500000"/>
            <float name="sheen" value="0.000000"/>
            <float name="sheen_tint" value="0.500000"/>
            <float name="clearcoat" value="0.000000"/>
            <float name="clearcoat_gloss" value="0.173205"/>
            <float name="specular" value="0.500000"/>
        </bsdf>
    </bsdf>
    <bsdf id="mat-Material.005" name="mat-Material.005" type="twosided">
        <bsdf name="bsdf" type="principled">
            <rgb name="base_color" value="0.433648 0.266232 0.084399"/>
            <float name="spec_tint" value="0.000000"/>
            <float name="spec_trans" value="0.000000"/>
            <float name="metallic" value="0.000000"/>
            <float name="anisotropic" value="0.000000"/>
            <float name="roughness" value="0.500000"/>
            <float name="sheen" value="0.000000"/>
            <float name="sheen_tint" value="0.500000"/>
            <float name="clearcoat" value="0.000000"/>
            <float name="clearcoat_gloss" value="0.173205"/>
            <float name="specular" value="0.500000"/>
        </bsdf>
    </bsdf>
    <emitter name="temp45" type="point">
        <point name="position" x="-6.815235034541981e-16" y="3.0693089962005615" z="4.109199523925781"/>
        <rgb name="intensity" value="7.957747 7.957747 7.957747"/>
    </emitter>
    <shape name="temp2" type="ply">
        <string name="filename" value="meshes/Cube.ply"/>
        <boolean name="face_normals" value="true"/>
        <ref id="mat-Material" name="bsdf"/>
        <transform name="to_world">
            <matrix value="0.9999991135176153 0.00010774848098651921 0.0013456000446314385 -0.0022075432572763454 -0.0001075216700618942 0.9999995828318624 -0.00017272934011189057 -0.017341282508428396 -0.0013456137738087006 0.00017258558725801641 0.999998699825682 0.00312287916853915 0.0 0.0 0.0 1.0"/>
        </transform>
    </shape>
    <shape name="temp4" type="ply">
        <string name="filename" value="meshes/Plane.ply"/>
        <boolean name="face_normals" value="true"/>
        <ref id="mat-Material.001" name="bsdf"/>
    </shape>
    <shape name="temp5" type="ply">
        <string name="filename" value="meshes/Cube_001.ply"/>
        <boolean name="face_normals" value="true"/>
        <ref id="mat-Material" name="bsdf"/>
        <transform name="to_world">
            <matrix value="0.9999986702764229 3.49549354119431e-05 -0.001621748795920384 0.002146425606662783 -3.534161485177129e-05 0.9999967669469342 -0.00022677640453103664 -0.017351533579868517 0.0016213984436915254 0.00022683100310164506 0.9999956266863852 -0.003647979557164449 0.0 0.0 0.0 1.0"/>
        </transform>
    </shape>
    <shape name="temp6" type="ply">
        <string name="filename" value="meshes/Cube_002.ply"/>
        <boolean name="face_normals" value="true"/>
        <ref id="mat-Material" name="bsdf"/>
        <transform name="to_world">
            <matrix value="1.0 -2.0364667527423592e-05 0.0003533140970573036 -0.0009004271234618333 2.0592121476454142e-05 0.9999965583628654 -0.0006586600356200485 -0.017329863371971538 -0.00035328982477789183 0.0006586646865085737 0.9999966904653725 0.0008871324114934631 0.0 0.0 0.0 1.0"/>
        </transform>
    </shape>
    <shape name="temp7" type="ply">
        <string name="filename" value="meshes/Cube_003.ply"/>
        <boolean name="face_normals" value="true"/>
        <ref id="mat-Material" name="bsdf"/>
        <transform name="to_world">
            <matrix value="0.9999991135176153 -0.0004548655362800701 0.0012968482356161715 -0.0012431734766189528 0.00046045778836828737 0.9999904051328368 -0.0043130800845917056 -0.017369721296825735 -0.001294836062812596 0.004313679151813743 0.9999897168031219 0.003708473252840544 0.0 0.0 0.0 1.0"/>
        </transform>
    </shape>
    <shape name="temp8" type="ply">
        <string name="filename" value="meshes/Cube_004.ply"/>
        <boolean name="face_normals" value="true"/>
        <ref id="mat-Material" name="bsdf"/>
        <transform name="to_world">
            <matrix value="0.9999995567588077 -0.00024208590326288057 0.0010062439098652972 -0.0005181899154378389 0.00024356524598999693 0.9999986442035531 -0.0014755276461975101 -0.018432883408515732 -0.001005813994720111 0.001475770874572142 0.9999983452326864 0.0031040441810777225 0.0 0.0 0.0 1.0"/>
        </transform>
    </shape>
    <shape name="temp9" type="ply">
        <string name="filename" value="meshes/Cube_005.ply"/>
        <boolean name="face_normals" value="true"/>
        <ref id="mat-Material" name="bsdf"/>
        <transform name="to_world">
            <matrix value="1.0 6.497185157992002e-05 0.0007957468697712308 -0.0006724381238452093 -6.586852225159435e-05 0.9999957240265903 0.0011230279310538833 -0.01710394117643424 -0.0007948976733383331 -0.0011230760726957196 0.9999956266863852 0.0022293155178448043 0.0 0.0 0.0 1.0"/>
        </transform>
    </shape>
    <shape name="temp10" type="ply">
        <string name="filename" value="meshes/Cube_006.ply"/>
        <boolean name="face_normals" value="true"/>
        <ref id="mat-Material" name="bsdf"/>
        <transform name="to_world">
            <matrix value="0.9999991135176153 -0.00011439626384216027 -0.0013053194622857254 -0.0011802057246967923 0.0001161795002721501 0.9999989570796562 0.0013684074661210032 -0.017173386139677005 0.0013051458529467562 -0.0013685565773857325 0.999998227035021 -0.003060322348010902 0.0 0.0 0.0 1.0"/>
        </transform>
    </shape>
    <shape name="temp11" type="ply">
        <string name="filename" value="meshes/Cube_007.ply"/>
        <boolean name="face_normals" value="true"/>
        <ref id="mat-Material" name="bsdf"/>
        <transform name="to_world">
            <matrix value="0.9999995567588076 0.0008857950077488981 -6.515480821010438e-05 0.0005371518900807448 -0.0008859777546110381 0.9999940553540402 -0.0028495554113018716 -0.018369039005333043 6.179358434968538e-05 0.0028496108864197174 0.9999946811050631 -6.780804117667572e-05 0.0 0.0 0.0 1.0"/>
        </transform>
    </shape>
    <shape name="temp12" type="ply">
        <string name="filename" value="meshes/Cube_008.ply"/>
        <boolean name="face_normals" value="true"/>
        <ref id="mat-Material" name="bsdf"/>
        <transform name="to_world">
            <matrix value="0.9999995567588076 0.0008779281553033543 0.00010449311876832359 0.0001154849257369861 -0.0008778028356798523 0.9999981227433812 -0.0011968991078913015 -0.017265260755065653 -0.00010627992986151373 0.0011968069950753302 0.9999988180233473 -5.242152264905986e-05 0.0 0.0 0.0 1.0"/>
        </transform>
    </shape>
    <shape name="temp13" type="ply">
        <string name="filename" value="meshes/Cube_009.ply"/>
        <boolean name="face_normals" value="true"/>
        <ref id="mat-Material" name="bsdf"/>
        <transform name="to_world">
            <matrix value="0.9999993351382115 0.0006263096472217645 0.0008934195104630938 0.001632067008999094 -0.000626192318807433 0.9999996871238969 -0.0001320485404715898 -0.016696815787394237 -0.0008936141354935136 0.00013149004115363676 0.9999995272093389 0.001517504367421485 0.0 0.0 0.0 1.0"/>
        </transform>
    </shape>
    <shape name="temp14" type="ply">
        <string name="filename" value="meshes/Cube_010.ply"/>
        <boolean name="face_normals" value="true"/>
        <ref id="mat-Material" name="bsdf"/>
        <transform name="to_world">
            <matrix value="0.9999840433170752 0.00024385605196246323 0.005678913205563233 0.011634448704344824 -0.0002452480111767699 0.9999998957079657 0.00024444151839557546 -0.016977309460509182 -0.005678852696768062 -0.00024582675424416435 0.999983925117524 0.009357184070259983 0.0 0.0 0.0 1.0"/>
        </transform>
    </shape>
    <shape name="temp15" type="ply">
        <string name="filename" value="meshes/Cube_011.ply"/>
        <boolean name="face_normals" value="true"/>
        <ref id="mat-Material" name="bsdf"/>
        <transform name="to_world">
            <matrix value="0.999997562173442 0.0017270072566397524 -0.0009939312590746257 -0.002234537793952329 -0.0017262227694773479 0.9999977055752436 0.0007881727633810395 -0.01404723672903943 0.0009954576642607535 -0.0007864443299549667 0.9999992908140085 -0.0014520310538683745 0.0 0.0 0.0 1.0"/>
        </transform>
    </shape>
    <shape name="temp16" type="ply">
        <string name="filename" value="meshes/Cube_012.ply"/>
        <boolean name="face_normals" value="true"/>
        <ref id="mat-Material" name="bsdf"/>
        <transform name="to_world">
            <matrix value="0.9999957892086726 0.0028940017479344967 -0.0001899877358102521 -0.00038394374945593945 -0.002893494017130386 0.9999919695133526 0.002626769359950187 -0.010611783645840839 0.00019784912778998172 -0.0026262121341696166 0.9999965722677073 -0.00036857406071688636 0.0 0.0 0.0 1.0"/>
        </transform>
    </shape>
    <shape name="temp17" type="ply">
        <string name="filename" value="meshes/Cube_013.ply"/>
        <boolean name="face_normals" value="true"/>
        <ref id="mat-Material" name="bsdf"/>
        <transform name="to_world">
            <matrix value="0.9998865302547573 0.011817625562394797 0.00688215361819601 0.022390067654181778 -0.012029158178597833 0.9995105574826406 0.026006701334829872 0.024370677036009453 -0.00651013825579272 -0.02610423154500306 0.999568578521782 -0.06190320090586965 0.0 0.0 0.0 1.0"/>
        </transform>
    </shape>
    <shape name="temp18" type="ply">
        <string name="filename" value="meshes/Cube_014.ply"/>
        <boolean name="face_normals" value="true"/>
        <ref id="mat-Material" name="bsdf"/>
        <transform name="to_world">
            <matrix value="0.9973301366778542 0.06848975747930325 -0.020481586931309664 -0.007183799600411156 -0.060003466146124215 0.9602693237495907 0.2685113618687712 0.2656136239445431 0.03857951392397882 -0.2664608289548061 0.9619624547480239 -0.13327073344865276 0.0 0.0 0.0 1.0"/>
        </transform>
    </shape>
    <shape name="temp19" type="ply">
        <string name="filename" value="meshes/Cube_015.ply"/>
        <boolean name="face_normals" value="true"/>
        <ref id="mat-Material" name="bsdf"/>
        <transform name="to_world">
            <matrix value="0.9935632514046313 0.11264721342113332 -0.008713579162413521 -0.0015656992476066889 -0.08743331436261031 0.815698871351604 0.5703221737401665 0.3576822844206209 0.07168477750178626 -0.565881590995843 0.8203538507144577 -0.140390466168835 0.0 0.0 0.0 1.0"/>
        </transform>
    </shape>
    <shape name="temp20" type="ply">
        <string name="filename" value="meshes/Cube_016.ply"/>
        <boolean name="face_normals" value="true"/>
        <ref id="mat-Material" name="bsdf"/>
        <transform name="to_world">
            <matrix value="0.9901773319362371 0.13155380530345856 0.04671346663823619 0.08010218380676265 -0.12953063417176838 0.7400580489463376 0.6589755051886411 0.21308575660462517 0.052370609031127946 -0.6585706150935604 0.7498618269293051 -0.15994056286997552 0.0 0.0 0.0 1.0"/>
        </transform>
    </shape>
    <shape name="temp21" type="ply">
        <string name="filename" value="meshes/Cube_017.ply"/>
        <boolean name="face_normals" value="true"/>
        <ref id="mat-Material" name="bsdf"/>
        <transform name="to_world">
            <matrix value="0.9647284172566207 0.22340792994912637 0.13830226074310398 0.20894692676968096 -0.2579516583425971 0.7047631215023059 0.6601514537603641 0.07284639322116987 0.05044785090075475 -0.6726556715051217 0.7377338008917778 -0.1894464237954705 0.0 0.0 0.0 1.0"/>
        </transform>
    </shape>
    <shape name="temp22" type="ply">
        <string name="filename" value="meshes/Cube_018.ply"/>
        <boolean name="face_normals" value="true"/>
        <ref id="mat-Material" name="bsdf"/>
        <transform name="to_world">
            <matrix value="0.04482744177140456 0.993919670103437 0.10052142900031724 0.8874819747366937 -0.7794753176709626 -0.028115828819226443 0.6251720367017934 0.18970480151754085 0.624208149609859 -0.10630569455366139 0.7734859942858521 -0.38395949782940675 0.0 0.0 0.0 1.0"/>
        </transform>
    </shape>
    <shape name="temp23" type="ply">
        <string name="filename" value="meshes/Cube_019.ply"/>
        <boolean name="face_normals" value="true"/>
        <ref id="mat-Material" name="bsdf"/>
        <transform name="to_world">
            <matrix value="-0.0746206520255236 0.9911702192009979 -0.10958241474047811 0.4405197499765632 -0.8631944924622403 -0.00916834924482138 0.5047263700409579 -0.09431501505021553 0.4992633331383073 0.1322622298054119 0.8562576917130671 -0.03349422493723608 0.0 0.0 0.0 1.0"/>
        </transform>
    </shape>
    <shape name="temp24" type="ply">
        <string name="filename" value="meshes/Cube_020.ply"/>
        <boolean name="face_normals" value="true"/>
        <ref id="mat-Material" name="bsdf"/>
        <transform name="to_world">
            <matrix value="0.1273885728710974 0.9915134647792361 0.025936385637173667 -0.17796449227243544 -0.9214696260794919 0.12796983924748764 -0.3665447898592974 0.22653878760295637 -0.3667527712261587 0.022795866491601348 0.929951808151587 0.11526570860927726 0.0 0.0 0.0 1.0"/>
        </transform>
    </shape>
    <shape name="temp25" type="ply">
        <string name="filename" value="meshes/Cube_021.ply"/>
        <boolean name="face_normals" value="true"/>
        <ref id="mat-Material" name="bsdf"/>
        <transform name="to_world">
            <matrix value="0.2797599671646925 0.9499056157088834 -0.13895941612244522 -0.2353311490647952 -0.744343577523771 0.12320618743781589 -0.6563229131847604 0.160152124056273 -0.6063583835525603 0.2870541254800041 0.7415112800759869 0.1293763583802799 0.0 0.0 0.0 1.0"/>
        </transform>
    </shape>
    <shape name="temp26" type="ply">
        <string name="filename" value="meshes/Cube_022.ply"/>
        <boolean name="face_normals" value="true"/>
        <ref id="mat-Material" name="bsdf"/>
        <transform name="to_world">
            <matrix value="0.6890002606258211 0.5809991385477961 -0.4326471880066247 -0.12151771223205318 -0.5516471285949077 0.03374897533076219 -0.8333265172679698 0.022100147412597936 -0.46970712394974 0.812940451334208 0.3436058136230847 0.4524339288015224 0.0 0.0 0.0 1.0"/>
        </transform>
    </shape>
    <shape name="temp27" type="ply">
        <string name="filename" value="meshes/Cube_023.ply"/>
        <boolean name="face_normals" value="true"/>
        <ref id="mat-Material" name="bsdf"/>
        <transform name="to_world">
            <matrix value="0.8713798275614466 0.373054379952568 -0.3182678983178581 -0.10562482036088111 -0.4145228641536664 0.21344741491334374 -0.8846214672490817 -0.20908193759143961 -0.2621463821767398 0.9028298600609483 0.3405709703697365 0.07923416184600035 0.0 0.0 0.0 1.0"/>
        </transform>
    </shape>
    <shape name="temp28" type="ply">
        <string name="filename" value="meshes/Cube_024.ply"/>
        <boolean name="face_normals" value="true"/>
        <ref id="mat-Material" name="bsdf"/>
        <transform name="to_world">
            <matrix value="0.9057248145922092 0.35101882888388747 -0.23738572058733837 -0.1096621618483325 -0.32593827511803514 0.2189675922932358 -0.9196532458733648 -0.45380967326400057 -0.2708847493116464 0.9103577633947475 0.3127092985157683 -0.24899373246536616 0.0 0.0 0.0 1.0"/>
        </transform>
    </shape>
    <shape name="temp29" type="ply">
        <string name="filename" value="meshes/Cube_025.ply"/>
        <boolean name="face_normals" value="true"/>
        <ref id="mat-Material" name="bsdf"/>
        <transform name="to_world">
            <matrix value="0.8874302559983831 0.4038738233251221 -0.22215201543566948 -0.2833761455167676 -0.32087827799023805 0.19528976498832973 -0.9267646084040432 -0.7915841979140599 -0.33091527533256393 0.8937227667425218 0.3029004288684086 -0.7452538789062777 0.0 0.0 0.0 1.0"/>
        </transform>
    </shape>
    <shape name="temp30" type="ply">
        <string name="filename" value="meshes/Cube_026.ply"/>
        <boolean name="face_normals" value="true"/>
        <ref id="mat-Material" name="bsdf"/>
        <transform name="to_world">
            <matrix value="0.9184648961840479 0.2765477459362609 -0.2826893372940583 -0.3006303494044989 -0.34450664595843816 0.20850644420480452 -0.9153320574289361 -1.1305269178163786 -0.19419682036498254 0.9380981930362122 0.2867685751176894 -0.8569411854470177 0.0 0.0 0.0 1.0"/>
        </transform>
    </shape>
    <shape name="temp31" type="ply">
        <string name="filename" value="meshes/Cube_027.ply"/>
        <boolean name="face_normals" value="true"/>
        <ref id="mat-Material" name="bsdf"/>
        <transform name="to_world">
            <matrix value="0.8732904187210897 0.24686143551727807 -0.419932783351717 -0.5197609868998537 -0.47088614552140234 0.20691754463177614 -0.8575721679484809 -1.5611641072891496 -0.12478895070626052 0.9466608819351596 0.29697163397870835 -1.0087705536090195 0.0 0.0 0.0 1.0"/>
        </transform>
    </shape>
    <shape name="temp32" type="ply">
        <string name="filename" value="meshes/Cube_028.ply"/>
        <boolean name="face_normals" value="true"/>
        <ref id="mat-Material" name="bsdf"/>
        <transform name="to_world">
            <matrix value="-0.11898588188154113 0.9807400771343886 0.15488362021482663 -1.482436037015464 -0.7940357908398002 -0.0003590493155313784 -0.6077517102020187 -2.1198295462950103 -0.5959905288222018 -0.19531450305888537 0.778784322829028 -1.325093420736831 0.0 0.0 0.0 1.0"/>
        </transform>
    </shape>
    <shape name="temp33" type="ply">
        <string name="filename" value="meshes/Cube_029.ply"/>
        <boolean name="face_normals" value="true"/>
        <ref id="mat-Material" name="bsdf"/>
        <transform name="to_world">
            <matrix value="0.0023311898189271084 0.9881179042307107 0.153661503635051 -1.6625739264317478 -0.9997344985257798 -0.001016063267719738 0.021754729443180253 -1.8605295482788131 0.02165485650509639 -0.15368715101277997 0.9878553080916703 -0.1306010628132659 0.0 0.0 0.0 1.0"/>
        </transform>
    </shape>
    <shape name="temp34" type="ply">
        <string name="filename" value="meshes/Cube_030.ply"/>
        <boolean name="face_normals" value="true"/>
        <ref id="mat-Material" name="bsdf"/>
        <transform name="to_world">
            <matrix value="-0.042780448439032906 0.9821448056243367 -0.18319261227503753 -3.2045485789450487 -0.9695183814740477 0.0034425938803112626 0.24486509302021334 -1.864374740998319 0.24112354973492905 0.18809478513149086 0.9520602308115126 0.3154451392157551 0.0 0.0 0.0 1.0"/>
        </transform>
    </shape>
    <shape name="temp35" type="ply">
        <string name="filename" value="meshes/Cube_031.ply"/>
        <boolean name="face_normals" value="true"/>
        <ref id="mat-Material" name="bsdf"/>
        <transform name="to_world">
            <matrix value="0.10105936861178633 0.988315120467729 0.1140887716473114 -2.043859787338984 -0.744756456694449 -0.0008491530443887758 0.6672002897261171 -1.0416582761463145 0.6595018944128561 -0.1524169991844363 0.7359662730054026 0.678749467484145 0.0 0.0 0.0 1.0"/>
        </transform>
    </shape>
    <shape name="temp36" type="ply">
        <string name="filename" value="meshes/Cube_032.ply"/>
        <boolean name="face_normals" value="true"/>
        <ref id="mat-Material" name="bsdf"/>
        <transform name="to_world">
            <matrix value="0.7798702455733503 0.5752307461260724 0.24679176077170784 -0.5334921639767793 -0.2803541984692222 -0.0315130584056251 0.9593767626226832 0.30202952314296677 0.5596407618784207 -0.8173826662467174 0.13669513890826018 -0.21031911359567879 0.0 0.0 0.0 1.0"/>
        </transform>
    </shape>
    <shape name="temp37" type="ply">
        <string name="filename" value="meshes/Cube_033.ply"/>
        <boolean name="face_normals" value="true"/>
        <ref id="mat-Material" name="bsdf"/>
        <transform name="to_world">
            <matrix value="0.978523856127455 0.15862257338509 0.13163421037576928 -0.12974026196287025 -0.14891753852209202 0.1024811283563784 0.9835178083694349 0.30390488946996247 0.14252393945679906 -0.9819997163256666 0.12390350389886819 -0.39328151183412524 0.0 0.0 0.0 1.0"/>
        </transform>
    </shape>
    <shape name="temp38" type="ply">
        <string name="filename" value="meshes/Cube_034.ply"/>
        <boolean name="face_normals" value="true"/>
        <ref id="mat-Material" name="bsdf"/>
        <transform name="to_world">
            <matrix value="0.9999217679295495 0.004766047936790684 0.011574612748989292 -0.035753041183052225 -0.012247649491956945 0.1815577684007651 0.9833039887929702 0.3694274767451814 0.0025850114444875864 -0.9833686535689778 0.18160195423291842 -0.34052403899456785 0.0 0.0 0.0 1.0"/>
        </transform>
    </shape>
    <shape name="temp39" type="ply">
        <string name="filename" value="meshes/Cube_035.ply"/>
        <boolean name="face_normals" value="true"/>
        <ref id="mat-Material" name="bsdf"/>
        <transform name="to_world">
            <matrix value="0.9990813826288458 -0.042794505061292426 0.0023439105272041382 0.00950306594580752 0.0068005055609039996 0.21228622740252345 0.9771840682785361 0.0920716956016142 -0.04231567593395352 -0.9762699119566646 0.21238215101784738 -0.13395609142920914 0.0 0.0 0.0 1.0"/>
        </transform>
    </shape>
    <shape name="temp40" type="ply">
        <string name="filename" value="meshes/Cube_036.ply"/>
        <boolean name="face_normals" value="true"/>
        <ref id="mat-Material" name="bsdf"/>
        <transform name="to_world">
            <matrix value="0.9997650821680523 -0.021547829369888388 0.0024211444276183505 0.005422930846208818 0.002234041987351669 0.21342655650646714 0.976956655970566 -0.2509012237655512 -0.02156802998792611 -0.9767213921735086 0.21342451258828773 0.2462113189283111 0.0 0.0 0.0 1.0"/>
        </transform>
    </shape>
    <shape name="temp41" type="ply">
        <string name="filename" value="meshes/Cube_037.ply"/>
        <boolean name="face_normals" value="true"/>
        <ref id="mat-Material" name="bsdf"/>
        <transform name="to_world">
            <matrix value="0.9989973884228946 -0.04468591410925216 0.002789654016522142 -0.0016182734411327448 0.006831062608704902 0.21369969734451622 0.976875572372194 -0.56900082654355 -0.044248746070666825 -0.975876835279075 0.2137906416762131 0.5070202112447888 0.0 0.0 0.0 1.0"/>
        </transform>
    </shape>
    <shape name="temp42" type="ply">
        <string name="filename" value="meshes/Cube_038.ply"/>
        <boolean name="face_normals" value="true"/>
        <ref id="mat-Material" name="bsdf"/>
        <transform name="to_world">
            <matrix value="0.9993085437399274 -0.03707671513465145 0.0028086247417972 0.003734199289899376 0.0051844792004638075 0.21373463517603455 0.9768780545231646 -0.9040654046796384 -0.03681973114762237 -0.9761878341256052 0.21377911740384975 0.8505724234484269 0.0 0.0 0.0 1.0"/>
        </transform>
    </shape>
    <shape name="temp43" type="ply">
        <string name="filename" value="meshes/Cube_039.ply"/>
        <boolean name="face_normals" value="true"/>
        <ref id="mat-Material" name="bsdf"/>
        <transform name="to_world">
            <matrix value="0.9999658561677529 -0.0033371995184007966 -0.007576886280002772 0.018319617260036614 0.008274766638462185 0.4330021007793328 0.9013549136516912 -1.3192864431311264 0.0002728125324002855 -0.9013867412991572 0.4330148297724091 1.4662002082045151 0.0 0.0 0.0 1.0"/>
        </transform>
    </shape>
    <shape name="temp47" type="ply">
        <string name="filename" value="meshes/Plane_001.ply"/>
        <boolean name="face_normals" value="true"/>
        <ref id="mat-Material.002" name="bsdf"/>
    </shape>
    <shape name="temp49" type="ply">
        <string name="filename" value="meshes/Plane_002.ply"/>
        <boolean name="face_normals" value="true"/>
        <ref id="mat-Material.003" name="bsdf"/>
    </shape>
    <shape name="temp51" type="ply">
        <string name="filename" value="meshes/Plane_003.ply"/>
        <boolean name="face_normals" value="true"/>
        <ref id="mat-Material.004" name="bsdf"/>
    </shape>
    <shape name="temp53" type="ply">
        <string name="filename" value="meshes/Plane_004.ply"/>
        <boolean name="face_normals" value="true"/>
        <ref id="mat-Material.005" name="bsdf"/>
    </shape>
    <emitter type="point">
        <rgb name="intensity" value="100"/>
        <animation name="to_world">
            <transform time="0">
                <rotate angle="-142.5518126578256" x="1"/>
                <rotate angle="3.976628485794621e-06" y="1"/>
                <rotate angle="-179.999991348578" z="1"/>
                <translate value="-0.000000 3.030926 4.073377"/>
                <translate x="24.75" y="0.0" z="0.0"/>
            </transform>
            <transform time="0.0015">
                <rotate angle="-142.5518126578256" x="1"/>
                <rotate angle="3.976628485794621e-06" y="1"/>
                <rotate angle="-179.999991348578" z="1"/>
                <translate value="-0.000000 3.030926 4.073377"/>
                <translate x="24.9" y="0.0" z="0.0"/>
            </transform>
        </animation>
    </emitter>
</scene>
