
<scene version="2.1.0">
    <default name="spp" value="1024"/>
    <default name="resx" value="1280"/>
    <default name="resy" value="720"/>
    <integrator name="temp0" type="path">
        <integer name="max_depth" value="12"/>
    </integrator>
    <sensor name="temp44" type="perspective">
        <string name="fov_axis" value="x"/>
        <float name="fov" value="83.974423"/>
        <float name="principal_point_offset_x" value="0.000000"/>
        <float name="principal_point_offset_y" value="-0.000000"/>
        <float name="near_clip" value="0.100000"/>
        <float name="far_clip" value="1000.000000"/>
        <sampler name="sampler" type="independent">
            <integer name="sample_count" value="$spp"/>
        </sampler>
        <film name="film" type="hdrfilm">
            <integer name="width" value="$resx"/>
            <integer name="height" value="$resy"/>
        </film>
        <float name="shutter_open" value="0.0"/>
        <float name="shutter_close" value="0.0015"/>
        <animation name="to_world">
            <transform time="0">
                <rotate angle="-142.5518126578256" x="1"/>
                <rotate angle="3.976628485794621e-06" y="1"/>
                <rotate angle="-179.999991348578" z="1"/>
                <translate value="-0.000000 3.030926 4.073377"/>
                <translate x="42.15" y="0.0" z="0.0"/>
            </transform>
            <transform time="0.0015">
                <rotate angle="-142.5518126578256" x="1"/>
                <rotate angle="3.976628485794621e-06" y="1"/>
                <rotate angle="-179.999991348578" z="1"/>
                <translate value="-0.000000 3.030926 4.073377"/>
                <translate x="42.3" y="0.0" z="0.0"/>
            </transform>
        </animation>
    </sensor>
    <bsdf id="mat-Material" name="mat-Material" type="twosided">
        <bsdf name="bsdf" type="diffuse">
            <texture name="reflectance" type="bitmap">
                <string name="filename" value="textures/siggraph_2023_logo.jpg"/>
            </texture>
        </bsdf>
    </bsdf>
    <bsdf id="mat-Material.001" name="mat-Material.001" type="twosided">
        <bsdf name="bsdf" type="principled">
            <rgb name="base_color" value="0.433648 0.266232 0.084399"/>
            <float name="spec_tint" value="0.000000"/>
            <float name="spec_trans" value="0.000000"/>
            <float name="metallic" value="0.000000"/>
            <float name="anisotropic" value="0.000000"/>
            <float name="roughness" value="0.500000"/>
            <float name="sheen" value="0.000000"/>
            <float name="sheen_tint" value="0.500000"/>
            <float name="clearcoat" value="0.000000"/>
            <float name="clearcoat_gloss" value="0.173205"/>
            <float name="specular" value="0.500000"/>
        </bsdf>
    </bsdf>
    <bsdf id="mat-Material.002" name="mat-Material.002" type="twosided">
        <bsdf name="bsdf" type="principled">
            <rgb name="base_color" value="0.433648 0.266232 0.084399"/>
            <float name="spec_tint" value="0.000000"/>
            <float name="spec_trans" value="0.000000"/>
            <float name="metallic" value="0.000000"/>
            <float name="anisotropic" value="0.000000"/>
            <float name="roughness" value="0.500000"/>
            <float name="sheen" value="0.000000"/>
            <float name="sheen_tint" value="0.500000"/>
            <float name="clearcoat" value="0.000000"/>
            <float name="clearcoat_gloss" value="0.173205"/>
            <float name="specular" value="0.500000"/>
        </bsdf>
    </bsdf>
    <bsdf id="mat-Material.003" name="mat-Material.003" type="twosided">
        <bsdf name="bsdf" type="principled">
            <rgb name="base_color" value="0.433648 0.266232 0.084399"/>
            <float name="spec_tint" value="0.000000"/>
            <float name="spec_trans" value="0.000000"/>
            <float name="metallic" value="0.000000"/>
            <float name="anisotropic" value="0.000000"/>
            <float name="roughness" value="0.500000"/>
            <float name="sheen" value="0.000000"/>
            <float name="sheen_tint" value="0.500000"/>
            <float name="clearcoat" value="0.000000"/>
            <float name="clearcoat_gloss" value="0.173205"/>
            <float name="specular" value="0.500000"/>
        </bsdf>
    </bsdf>
    <bsdf id="mat-Material.004" name="mat-Material.004" type="twosided">
        <bsdf name="bsdf" type="principled">
            <rgb name="base_color" value="0.433648 0.266232 0.084399"/>
            <float name="spec_tint" value="0.000000"/>
            <float name="spec_trans" value="0.000000"/>
            <float name="metallic" value="0.000000"/>
            <float name="anisotropic" value="0.000000"/>
            <float name="roughness" value="0.500000"/>
            <float name="sheen" value="0.000000"/>
            <float name="sheen_tint" value="0.500000"/>
            <float name="clearcoat" value="0.000000"/>
            <float name="clearcoat_gloss" value="0.173205"/>
            <float name="specular" value="0.500000"/>
        </bsdf>
    </bsdf>
    <bsdf id="mat-Material.005" name="mat-Material.005" type="twosided">
        <bsdf name="bsdf" type="principled">
            <rgb name="base_color" value="0.433648 0.266232 0.084399"/>
            <float name="spec_tint" value="0.000000"/>
            <float name="spec_trans" value="0.000000"/>
            <float name="metallic" value="0.000000"/>
            <float name="anisotropic" value="0.000000"/>
            <float name="roughness" value="0.500000"/>
            <float name="sheen" value="0.000000"/>
            <float name="sheen_tint" value="0.500000"/>
            <float name="clearcoat" value="0.000000"/>
            <float name="clearcoat_gloss" value="0.173205"/>
            <float name="specular" value="0.500000"/>
        </bsdf>
    </bsdf>
    <emitter name="temp45" type="point">
        <point name="position" x="-6.815235034541981e-16" y="3.0693089962005615" z="4.109199523925781"/>
        <rgb name="intensity" value="7.957747 7.957747 7.957747"/>
    </emitter>
    <shape name="temp2" type="ply">
        <string name="filename" value="meshes/Cube.ply"/>
        <boolean name="face_normals" value="true"/>
        <ref id="mat-Material" name="bsdf"/>
        <transform name="to_world">
            <matrix value="0.9536236740439731 -0.2929653979888324 -0.06773544147537164 0.3534875440900074 0.0032121467589317533 0.2344328703462287 -0.971282104258851 1.3489413333186069 0.30000992860270875 0.9263037025758047 0.2246283629008733 1.4629453146842841 0.0 0.0 0.0 1.0"/>
        </transform>
    </shape>
    <shape name="temp4" type="ply">
        <string name="filename" value="meshes/Plane.ply"/>
        <boolean name="face_normals" value="true"/>
        <ref id="mat-Material.001" name="bsdf"/>
    </shape>
    <shape name="temp5" type="ply">
        <string name="filename" value="meshes/Cube_001.ply"/>
        <boolean name="face_normals" value="true"/>
        <ref id="mat-Material" name="bsdf"/>
        <transform name="to_world">
            <matrix value="0.9982237109216403 -0.024145066048145376 -0.0544615599916978 0.04178423389311492 -0.05447604901892994 5.9412981855271864e-05 -0.9985152009289391 1.1727322493250978 0.02411244497160597 0.9997081908877964 -0.0012560192161036282 1.0754161304662284 0.0 0.0 0.0 1.0"/>
        </transform>
    </shape>
    <shape name="temp6" type="ply">
        <string name="filename" value="meshes/Cube_002.ply"/>
        <boolean name="face_normals" value="true"/>
        <ref id="mat-Material" name="bsdf"/>
        <transform name="to_world">
            <matrix value="0.9997411471436651 -0.021873700260521503 0.006313185516909122 -0.04009265728339173 0.010959473128059474 0.21933000711271677 -0.9755893453787786 0.6543663354977609 0.019955068640331048 0.9754054352836639 0.21951285068656295 0.5426200327014119 0.0 0.0 0.0 1.0"/>
        </transform>
    </shape>
    <shape name="temp7" type="ply">
        <string name="filename" value="meshes/Cube_003.ply"/>
        <boolean name="face_normals" value="true"/>
        <ref id="mat-Material" name="bsdf"/>
        <transform name="to_world">
            <matrix value="0.9957420034856488 -0.05011825673778689 0.077355419433871 -0.07517691592940423 0.08655053304185792 0.21977429117918834 -0.9717035971331865 0.14294047940387686 0.03169898781441314 0.9742609344983449 0.22317722652487987 0.2160144102149581 0.0 0.0 0.0 1.0"/>
        </transform>
    </shape>
    <shape name="temp8" type="ply">
        <string name="filename" value="meshes/Cube_004.ply"/>
        <boolean name="face_normals" value="true"/>
        <ref id="mat-Material" name="bsdf"/>
        <transform name="to_world">
            <matrix value="0.978193641439151 -0.16554031617173143 0.12541172974718465 0.04736115187709489 0.16076936476445275 0.2213062368722402 -0.9618611593488916 -0.37317424293610896 0.13147227437693587 0.9610483852464317 0.24309548338353582 -0.33962320452753925 0.0 0.0 0.0 1.0"/>
        </transform>
    </shape>
    <shape name="temp9" type="ply">
        <string name="filename" value="meshes/Cube_005.ply"/>
        <boolean name="face_normals" value="true"/>
        <ref id="mat-Material" name="bsdf"/>
        <transform name="to_world">
            <matrix value="0.973244188664727 -0.21373275791941565 0.08432585488825356 0.12323738152061581 0.13199773681047183 0.21969930520646697 -0.9665965124124096 -0.6329512450388919 0.18806694980914035 0.9518649501588368 0.2420340683494547 -0.7899958591587342 0.0 0.0 0.0 1.0"/>
        </transform>
    </shape>
    <shape name="temp10" type="ply">
        <string name="filename" value="meshes/Cube_006.ply"/>
        <boolean name="face_normals" value="true"/>
        <ref id="mat-Material" name="bsdf"/>
        <transform name="to_world">
            <matrix value="0.9873481234054398 -0.1441130796812001 -0.06614153413950445 0.034049219111175866 -0.03316989700847654 0.22017967431683505 -0.9748948158976805 -0.5446634537528681 0.15505833497332572 0.9647549241484035 0.2126137829824675 -1.0409632856302493 0.0 0.0 0.0 1.0"/>
        </transform>
    </shape>
    <shape name="temp11" type="ply">
        <string name="filename" value="meshes/Cube_007.ply"/>
        <boolean name="face_normals" value="true"/>
        <ref id="mat-Material" name="bsdf"/>
        <transform name="to_world">
            <matrix value="0.9154417696315956 -0.25325005266747735 -0.31275374083790797 0.18019730888402186 -0.26165797470688457 0.21588544980111513 -0.9406981037784956 -0.26170927383498976 0.3057575036301454 0.9430026302451071 0.13136207207126277 -1.8252573051311929 0.0 0.0 0.0 1.0"/>
        </transform>
    </shape>
    <shape name="temp12" type="ply">
        <string name="filename" value="meshes/Cube_008.ply"/>
        <boolean name="face_normals" value="true"/>
        <ref id="mat-Material" name="bsdf"/>
        <transform name="to_world">
            <matrix value="0.31098996590588746 0.8919981936619645 -0.32802298802752206 1.7757997563250418 -0.5693078522836672 -0.10149296133059948 -0.815797448916151 0.39944722978945174 -0.7609932680527705 0.4404817874820357 0.47624746997897505 0.9979987293210805 0.0 0.0 0.0 1.0"/>
        </transform>
    </shape>
    <shape name="temp13" type="ply">
        <string name="filename" value="meshes/Cube_009.ply"/>
        <boolean name="face_normals" value="true"/>
        <ref id="mat-Material" name="bsdf"/>
        <transform name="to_world">
            <matrix value="-0.06552399087277737 0.9907759953110302 0.11861382742478965 2.6050853897924924 -0.8753313227912849 -5.066204583426327e-06 -0.48349948773131873 1.1278900193493036 -0.47903890239297053 -0.13551037392866008 0.8672575210356385 0.8528912670122989 0.0 0.0 0.0 1.0"/>
        </transform>
    </shape>
    <shape name="temp14" type="ply">
        <string name="filename" value="meshes/Cube_010.ply"/>
        <boolean name="face_normals" value="true"/>
        <ref id="mat-Material" name="bsdf"/>
        <transform name="to_world">
            <matrix value="0.019623932010347026 0.9947202157593609 0.10061365863852365 1.9190790033503535 -0.9954556696753879 0.010114216464374885 0.09404985861195281 1.9981992028053583 0.09254395179663386 -0.10195774921103076 0.9904244525438738 -0.31446213795746836 0.0 0.0 0.0 1.0"/>
        </transform>
    </shape>
    <shape name="temp15" type="ply">
        <string name="filename" value="meshes/Cube_011.ply"/>
        <boolean name="face_normals" value="true"/>
        <ref id="mat-Material" name="bsdf"/>
        <transform name="to_world">
            <matrix value="0.06630828400058864 0.9850009281991061 0.1590170871272814 1.5908399295392077 -0.9214733957771525 -0.0006198033886567812 0.38823252412059756 2.082265993477546 0.3825566417919709 -0.17236716845040811 0.9076637474995284 -0.9567286793139852 0.0 0.0 0.0 1.0"/>
        </transform>
    </shape>
    <shape name="temp16" type="ply">
        <string name="filename" value="meshes/Cube_012.ply"/>
        <boolean name="face_normals" value="true"/>
        <ref id="mat-Material" name="bsdf"/>
        <transform name="to_world">
            <matrix value="0.09301139395809066 0.9904608247831248 0.10166687075463535 1.0960885587943936 -0.7384130103700709 0.0001230035897318235 0.6743491209166843 1.8462375653019152 0.6679039744551236 -0.13779420261439274 0.7313804399884449 -1.8335818548212017 0.0 0.0 0.0 1.0"/>
        </transform>
    </shape>
    <shape name="temp17" type="ply">
        <string name="filename" value="meshes/Cube_013.ply"/>
        <boolean name="face_normals" value="true"/>
        <ref id="mat-Material" name="bsdf"/>
        <transform name="to_world">
            <matrix value="0.9014863206903216 0.17060447663128386 0.39773372524527195 0.6891848546026893 -0.42103070863628866 0.1330573209879376 0.8972181470293854 1.4751213959426388 0.10014201447803031 -0.976313610319071 0.1917780994855565 -1.387204210402377 0.0 0.0 0.0 1.0"/>
        </transform>
    </shape>
    <shape name="temp18" type="ply">
        <string name="filename" value="meshes/Cube_014.ply"/>
        <boolean name="face_normals" value="true"/>
        <ref id="mat-Material" name="bsdf"/>
        <transform name="to_world">
            <matrix value="0.9395199609238565 0.29768117090752844 0.16937643876108044 0.11156764015543108 -0.21618546186618726 0.13186832922075079 0.9674060482218106 1.0254462836179346 0.2656432892396995 -0.9455137738489809 0.18824727518922263 -0.866548724885053 0.0 0.0 0.0 1.0"/>
        </transform>
    </shape>
    <shape name="temp19" type="ply">
        <string name="filename" value="meshes/Cube_015.ply"/>
        <boolean name="face_normals" value="true"/>
        <ref id="mat-Material" name="bsdf"/>
        <transform name="to_world">
            <matrix value="0.9830356082244289 0.13112473744480346 0.1282484264344823 0.01976678686374994 -0.1496745723165735 0.169345431904602 0.974125230899139 0.6397331232628107 0.10601363055314728 -0.9767948137657142 0.18609865439049955 -0.2967119817804547 0.0 0.0 0.0 1.0"/>
        </transform>
    </shape>
    <shape name="temp20" type="ply">
        <string name="filename" value="meshes/Cube_016.ply"/>
        <boolean name="face_normals" value="true"/>
        <ref id="mat-Material" name="bsdf"/>
        <transform name="to_world">
            <matrix value="0.9850740744680662 0.02628074789903697 0.17011135638439961 0.039670755192861784 -0.1721002053093203 0.16860061991185238 0.9705438416416048 0.32794905621762593 -0.0031742983935166224 -0.9853335154967535 0.17060749108435008 0.18903441560710096 0.0 0.0 0.0 1.0"/>
        </transform>
    </shape>
    <shape name="temp21" type="ply">
        <string name="filename" value="meshes/Cube_017.ply"/>
        <boolean name="face_normals" value="true"/>
        <ref id="mat-Material" name="bsdf"/>
        <transform name="to_world">
            <matrix value="0.9433967700127831 -0.1357540314085891 0.3025959516826856 0.21763138549885497 -0.28582796125008203 0.12999132290273935 0.9494208550797338 0.15911308086180104 -0.16822598918136897 -0.9821713810142609 0.08383386892635386 0.44918312619391415 0.0 0.0 0.0 1.0"/>
        </transform>
    </shape>
    <shape name="temp22" type="ply">
        <string name="filename" value="meshes/Cube_018.ply"/>
        <boolean name="face_normals" value="true"/>
        <ref id="mat-Material" name="bsdf"/>
        <transform name="to_world">
            <matrix value="0.2000671732027013 0.9576923718720212 0.20684527594663327 0.8533426069261665 -0.6051153136286029 -0.04525728844882286 0.7948320198420784 0.021672826166658145 0.7705737048049117 -0.2842027812599729 0.5704635381478237 -0.15539213636245575 0.0 0.0 0.0 1.0"/>
        </transform>
    </shape>
    <shape name="temp23" type="ply">
        <string name="filename" value="meshes/Cube_019.ply"/>
        <boolean name="face_normals" value="true"/>
        <ref id="mat-Material" name="bsdf"/>
        <transform name="to_world">
            <matrix value="-0.08090889265939397 0.983788324715335 -0.16004436667563393 0.5072758595972249 -0.9135014813120649 -0.008959667141543063 0.40673707780384954 -0.046422168891176355 0.39870928164786434 0.17910935645557263 0.899416978196313 -0.0553319465442052 0.0 0.0 0.0 1.0"/>
        </transform>
    </shape>
    <shape name="temp24" type="ply">
        <string name="filename" value="meshes/Cube_020.ply"/>
        <boolean name="face_normals" value="true"/>
        <ref id="mat-Material" name="bsdf"/>
        <transform name="to_world">
            <matrix value="0.09840537208898387 0.9414989523698263 -0.32232834264222654 0.13937876400470744 -0.9612908882106594 0.006166471292362396 -0.275465451362247 0.14086114086036122 -0.25736274262620196 0.3369586071944678 0.9056614788389343 0.11807271737966274 0.0 0.0 0.0 1.0"/>
        </transform>
    </shape>
    <shape name="temp25" type="ply">
        <string name="filename" value="meshes/Cube_021.ply"/>
        <boolean name="face_normals" value="true"/>
        <ref id="mat-Material" name="bsdf"/>
        <transform name="to_world">
            <matrix value="0.18839364072996506 0.9408751770357284 -0.2815340733137567 -0.17397141639882702 -0.7961728782487363 -0.021518460733006138 -0.6046860173580364 0.09293621139744979 -0.5749921989550146 0.3380689912665851 0.7450455084650804 0.3106288126360877 0.0 0.0 0.0 1.0"/>
        </transform>
    </shape>
    <shape name="temp26" type="ply">
        <string name="filename" value="meshes/Cube_022.ply"/>
        <boolean name="face_normals" value="true"/>
        <ref id="mat-Material" name="bsdf"/>
        <transform name="to_world">
            <matrix value="0.6375512608438958 0.40084591269088055 -0.6579143265498906 -0.08600507171584942 -0.7117451824114802 -0.020394855899696092 -0.7021416471364724 -0.1954785252777037 -0.29486872968847233 0.9159184060839802 0.27229728036628037 0.6904308228501108 0.0 0.0 0.0 1.0"/>
        </transform>
    </shape>
    <shape name="temp27" type="ply">
        <string name="filename" value="meshes/Cube_023.ply"/>
        <boolean name="face_normals" value="true"/>
        <ref id="mat-Material" name="bsdf"/>
        <transform name="to_world">
            <matrix value="0.8560744875688575 0.2854380161152052 -0.43088486081752125 -0.0664012843434269 -0.4804362202518674 0.13207706972756833 -0.8670277447743631 -0.2871346247292009 -0.19057268091775748 0.9492527475736459 0.25020259079826446 0.20551908948737307 0.0 0.0 0.0 1.0"/>
        </transform>
    </shape>
    <shape name="temp28" type="ply">
        <string name="filename" value="meshes/Cube_024.ply"/>
        <boolean name="face_normals" value="true"/>
        <ref id="mat-Material" name="bsdf"/>
        <transform name="to_world">
            <matrix value="0.8538935192818784 0.4473446205125745 -0.265985997831782 -0.1945358031284808 -0.37586859760259705 0.17656433879893121 -0.9096965109467585 -0.5107620127338512 -0.3599843181266145 0.8767595630580929 0.31891018443090896 -0.3493664364173323 0.0 0.0 0.0 1.0"/>
        </transform>
    </shape>
    <shape name="temp29" type="ply">
        <string name="filename" value="meshes/Cube_025.ply"/>
        <boolean name="face_normals" value="true"/>
        <ref id="mat-Material" name="bsdf"/>
        <transform name="to_world">
            <matrix value="0.9019543833894477 0.3578758215605009 -0.24166824657545904 -0.2614297344980421 -0.3212571827235221 0.18211044317857092 -0.9293167323924485 -0.7932537856982116 -0.28856967396950856 0.9158387269697115 0.2792255547134629 -0.6961146590872747 0.0 0.0 0.0 1.0"/>
        </transform>
    </shape>
    <shape name="temp30" type="ply">
        <string name="filename" value="meshes/Cube_026.ply"/>
        <boolean name="face_normals" value="true"/>
        <ref id="mat-Material" name="bsdf"/>
        <transform name="to_world">
            <matrix value="0.9233429871265029 0.2326834549030814 -0.3054445154155759 -0.3336515768059238 -0.3505468709831267 0.1861842986256396 -0.9178520316523892 -1.1484114550898523 -0.156699923053329 0.9545646537608752 0.2534784390910883 -0.8893443048661644 0.0 0.0 0.0 1.0"/>
        </transform>
    </shape>
    <shape name="temp31" type="ply">
        <string name="filename" value="meshes/Cube_027.ply"/>
        <boolean name="face_normals" value="true"/>
        <ref id="mat-Material" name="bsdf"/>
        <transform name="to_world">
            <matrix value="0.8722853693174263 0.1729089655690278 -0.45740676213570886 -0.6016719396071315 -0.4847163788258364 0.182234581987097 -0.8554768779363254 -1.5849260637317901 -0.06456430720515152 0.9679323895599503 0.24277233096670087 -1.0294353255672442 0.0 0.0 0.0 1.0"/>
        </transform>
    </shape>
    <shape name="temp32" type="ply">
        <string name="filename" value="meshes/Cube_028.ply"/>
        <boolean name="face_normals" value="true"/>
        <ref id="mat-Material" name="bsdf"/>
        <transform name="to_world">
            <matrix value="-0.10550337129250904 0.9846327773177341 0.13916693576335126 -1.486443114779668 -0.7971008036849301 -6.232742275610474e-05 -0.6038463411439927 -2.1221135291240127 -0.5945584165297052 -0.17463786676901194 0.7848581462540086 -1.360429500185333 0.0 0.0 0.0 1.0"/>
        </transform>
    </shape>
    <shape name="temp33" type="ply">
        <string name="filename" value="meshes/Cube_029.ply"/>
        <boolean name="face_normals" value="true"/>
        <ref id="mat-Material" name="bsdf"/>
        <transform name="to_world">
            <matrix value="0.0023883586246757687 0.9762832613370657 0.21648352726418266 -1.5687834557559206 -0.9985944821790447 -0.009134404273470401 0.05221076913111951 -1.819575456713966 0.05294994743159459 -0.21630386944305968 0.9748892606074131 -0.11942535672752286 0.0 0.0 0.0 1.0"/>
        </transform>
    </shape>
    <shape name="temp34" type="ply">
        <string name="filename" value="meshes/Cube_030.ply"/>
        <boolean name="face_normals" value="true"/>
        <ref id="mat-Material" name="bsdf"/>
        <transform name="to_world">
            <matrix value="-0.041560074309771114 0.9785492153344646 -0.2017759766140907 -3.225501409805223 -0.9756637163901476 0.003766709987340398 0.21922594173401694 -1.9217715362050194 0.215283388491421 0.20597816358890744 0.9545788507575808 0.24221777673593425 0.0 0.0 0.0 1.0"/>
        </transform>
    </shape>
    <shape name="temp35" type="ply">
        <string name="filename" value="meshes/Cube_031.ply"/>
        <boolean name="face_normals" value="true"/>
        <ref id="mat-Material" name="bsdf"/>
        <transform name="to_world">
            <matrix value="0.14541453689273742 0.9761808465593016 0.16101277196691788 -1.8688507413518012 -0.7386818361532338 -0.001142304395074913 0.6740477168702582 -1.0147747022869886 0.6581766032477168 -0.21695496461371275 0.7209207739961354 0.6547073697559642 0.0 0.0 0.0 1.0"/>
        </transform>
    </shape>
    <shape name="temp36" type="ply">
        <string name="filename" value="meshes/Cube_032.ply"/>
        <boolean name="face_normals" value="true"/>
        <ref id="mat-Material" name="bsdf"/>
        <transform name="to_world">
            <matrix value="0.6930636742567289 0.6130972022618857 0.3788878167047342 -0.6763809428343222 -0.4803030262735649 0.0010391157704156872 0.8768918127314016 -0.4032491791663281 0.5372182980601993 -0.7900065286813525 0.29518814940752236 -0.13376005266011437 0.0 0.0 0.0 1.0"/>
        </transform>
    </shape>
    <shape name="temp37" type="ply">
        <string name="filename" value="meshes/Cube_033.ply"/>
        <boolean name="face_normals" value="true"/>
        <ref id="mat-Material" name="bsdf"/>
        <transform name="to_world">
            <matrix value="0.9765853407726935 0.16989757479303247 0.13197008086138678 -0.14566353297371393 -0.15008973417939214 0.09859257899600145 0.9837441568984177 0.300511715323594 0.1541245365913334 -0.9805173093489465 0.12178395972580033 -0.38908225126460794 0.0 0.0 0.0 1.0"/>
        </transform>
    </shape>
    <shape name="temp38" type="ply">
        <string name="filename" value="meshes/Cube_034.ply"/>
        <boolean name="face_normals" value="true"/>
        <ref id="mat-Material" name="bsdf"/>
        <transform name="to_world">
            <matrix value="0.9999153409322604 -0.0017053332860542778 0.012904549239019791 -0.0336837729897852 -0.012398426848360098 0.17714223139065088 0.9841072601261122 0.36932625770287575 -0.00396417192793962 -0.9841838001097153 0.17710608145899415 -0.38095650749772414 0.0 0.0 0.0 1.0"/>
        </transform>
    </shape>
    <shape name="temp39" type="ply">
        <string name="filename" value="meshes/Cube_035.ply"/>
        <boolean name="face_normals" value="true"/>
        <ref id="mat-Material" name="bsdf"/>
        <transform name="to_world">
            <matrix value="0.9986742655936685 -0.051317688137615426 0.004068647312823359 0.00832148966265378 0.00644397785921596 0.20303425158993205 0.9791505228355526 0.09115834863255048 -0.05107381827465707 -0.9778258448176246 0.2030957505102593 -0.16194606478963608 0.0 0.0 0.0 1.0"/>
        </transform>
    </shape>
    <shape name="temp40" type="ply">
        <string name="filename" value="meshes/Cube_036.ply"/>
        <boolean name="face_normals" value="true"/>
        <ref id="mat-Material" name="bsdf"/>
        <transform name="to_world">
            <matrix value="0.9986376981952991 -0.05200944677247442 0.004213994981799923 0.002899327617281733 0.00661521079664626 0.2062981229519652 0.9784669857373242 -0.23947517381341704 -0.05175886969950021 -0.9771060211963132 0.20636116194924026 0.1762393129925534 0.0 0.0 0.0 1.0"/>
        </transform>
    </shape>
    <shape name="temp41" type="ply">
        <string name="filename" value="meshes/Cube_037.ply"/>
        <boolean name="face_normals" value="true"/>
        <ref id="mat-Material" name="bsdf"/>
        <transform name="to_world">
            <matrix value="0.9986753736966494 -0.051299875058142805 0.004018070531856399 -0.006935913789428039 0.006670757782872096 0.20649743545887453 0.9784244345778287 -0.570417792864914 -0.05102277905135748 -0.9771013280547658 0.20656610488104352 0.5180197136909179 0.0 0.0 0.0 1.0"/>
        </transform>
    </shape>
    <shape name="temp42" type="ply">
        <string name="filename" value="meshes/Cube_038.ply"/>
        <boolean name="face_normals" value="true"/>
        <ref id="mat-Material" name="bsdf"/>
        <transform name="to_world">
            <matrix value="0.9988876862277869 -0.04696009578180438 0.0042947121674094995 0.01002073910514456 0.005505339283403099 0.20658427943590524 0.9784134421949591 -0.904722619408093 -0.04683361789417882 -0.9773011515926437 0.20661301753438724 0.8681066778923523 0.0 0.0 0.0 1.0"/>
        </transform>
    </shape>
    <shape name="temp43" type="ply">
        <string name="filename" value="meshes/Cube_039.ply"/>
        <boolean name="face_normals" value="true"/>
        <ref id="mat-Material" name="bsdf"/>
        <transform name="to_world">
            <matrix value="0.9999177669148159 -0.012420503244064324 -0.0032294963437466246 0.022740031060935362 0.008289909856107846 0.43302019767237343 0.9013460804618671 -1.3192418822969496 -0.009796720833816452 -0.9012987091600496 0.4330874864675185 1.4761335723945406 0.0 0.0 0.0 1.0"/>
        </transform>
    </shape>
    <shape name="temp47" type="ply">
        <string name="filename" value="meshes/Plane_001.ply"/>
        <boolean name="face_normals" value="true"/>
        <ref id="mat-Material.002" name="bsdf"/>
    </shape>
    <shape name="temp49" type="ply">
        <string name="filename" value="meshes/Plane_002.ply"/>
        <boolean name="face_normals" value="true"/>
        <ref id="mat-Material.003" name="bsdf"/>
    </shape>
    <shape name="temp51" type="ply">
        <string name="filename" value="meshes/Plane_003.ply"/>
        <boolean name="face_normals" value="true"/>
        <ref id="mat-Material.004" name="bsdf"/>
    </shape>
    <shape name="temp53" type="ply">
        <string name="filename" value="meshes/Plane_004.ply"/>
        <boolean name="face_normals" value="true"/>
        <ref id="mat-Material.005" name="bsdf"/>
    </shape>
    <emitter type="point">
        <rgb name="intensity" value="100"/>
        <animation name="to_world">
            <transform time="0">
                <rotate angle="-142.5518126578256" x="1"/>
                <rotate angle="3.976628485794621e-06" y="1"/>
                <rotate angle="-179.999991348578" z="1"/>
                <translate value="-0.000000 3.030926 4.073377"/>
                <translate x="42.15" y="0.0" z="0.0"/>
            </transform>
            <transform time="0.0015">
                <rotate angle="-142.5518126578256" x="1"/>
                <rotate angle="3.976628485794621e-06" y="1"/>
                <rotate angle="-179.999991348578" z="1"/>
                <translate value="-0.000000 3.030926 4.073377"/>
                <translate x="42.3" y="0.0" z="0.0"/>
            </transform>
        </animation>
    </emitter>
</scene>
