
<scene version="2.1.0">
    <default name="spp" value="1024"/>
    <default name="resx" value="1280"/>
    <default name="resy" value="720"/>
    <integrator name="temp0" type="path">
        <integer name="max_depth" value="12"/>
    </integrator>
    <sensor name="temp44" type="perspective">
        <string name="fov_axis" value="x"/>
        <float name="fov" value="83.974423"/>
        <float name="principal_point_offset_x" value="0.000000"/>
        <float name="principal_point_offset_y" value="-0.000000"/>
        <float name="near_clip" value="0.100000"/>
        <float name="far_clip" value="1000.000000"/>
        <sampler name="sampler" type="independent">
            <integer name="sample_count" value="$spp"/>
        </sampler>
        <film name="film" type="hdrfilm">
            <integer name="width" value="$resx"/>
            <integer name="height" value="$resy"/>
        </film>
        <float name="shutter_open" value="0.0"/>
        <float name="shutter_close" value="0.0015"/>
        <animation name="to_world">
            <transform time="0">
                <rotate angle="-142.5518126578256" x="1"/>
                <rotate angle="3.976628485794621e-06" y="1"/>
                <rotate angle="-179.999991348578" z="1"/>
                <translate value="-0.000000 3.030926 4.073377"/>
            </transform>
            <transform time="0.0015">
                <rotate angle="-142.5518126578256" x="1"/>
                <rotate angle="3.976628485794621e-06" y="1"/>
                <rotate angle="-179.999991348578" z="1"/>
                <translate value="-0.000000 3.030926 4.073377"/>
                <translate x="0.15" y="0.0" z="0.0"/>
            </transform>
        </animation>
    </sensor>
    <bsdf id="mat-Material" name="mat-Material" type="twosided">
        <bsdf name="bsdf" type="diffuse">
            <texture name="reflectance" type="bitmap">
                <string name="filename" value="textures/siggraph_2023_logo.jpg"/>
            </texture>
        </bsdf>
    </bsdf>
    <bsdf id="mat-Material.001" name="mat-Material.001" type="twosided">
        <bsdf name="bsdf" type="principled">
            <rgb name="base_color" value="0.433648 0.266232 0.084399"/>
            <float name="spec_tint" value="0.000000"/>
            <float name="spec_trans" value="0.000000"/>
            <float name="metallic" value="0.000000"/>
            <float name="anisotropic" value="0.000000"/>
            <float name="roughness" value="0.500000"/>
            <float name="sheen" value="0.000000"/>
            <float name="sheen_tint" value="0.500000"/>
            <float name="clearcoat" value="0.000000"/>
            <float name="clearcoat_gloss" value="0.173205"/>
            <float name="specular" value="0.500000"/>
        </bsdf>
    </bsdf>
    <bsdf id="mat-Material.002" name="mat-Material.002" type="twosided">
        <bsdf name="bsdf" type="principled">
            <rgb name="base_color" value="0.433648 0.266232 0.084399"/>
            <float name="spec_tint" value="0.000000"/>
            <float name="spec_trans" value="0.000000"/>
            <float name="metallic" value="0.000000"/>
            <float name="anisotropic" value="0.000000"/>
            <float name="roughness" value="0.500000"/>
            <float name="sheen" value="0.000000"/>
            <float name="sheen_tint" value="0.500000"/>
            <float name="clearcoat" value="0.000000"/>
            <float name="clearcoat_gloss" value="0.173205"/>
            <float name="specular" value="0.500000"/>
        </bsdf>
    </bsdf>
    <bsdf id="mat-Material.003" name="mat-Material.003" type="twosided">
        <bsdf name="bsdf" type="principled">
            <rgb name="base_color" value="0.433648 0.266232 0.084399"/>
            <float name="spec_tint" value="0.000000"/>
            <float name="spec_trans" value="0.000000"/>
            <float name="metallic" value="0.000000"/>
            <float name="anisotropic" value="0.000000"/>
            <float name="roughness" value="0.500000"/>
            <float name="sheen" value="0.000000"/>
            <float name="sheen_tint" value="0.500000"/>
            <float name="clearcoat" value="0.000000"/>
            <float name="clearcoat_gloss" value="0.173205"/>
            <float name="specular" value="0.500000"/>
        </bsdf>
    </bsdf>
    <bsdf id="mat-Material.004" name="mat-Material.004" type="twosided">
        <bsdf name="bsdf" type="principled">
            <rgb name="base_color" value="0.433648 0.266232 0.084399"/>
            <float name="spec_tint" value="0.000000"/>
            <float name="spec_trans" value="0.000000"/>
            <float name="metallic" value="0.000000"/>
            <float name="anisotropic" value="0.000000"/>
            <float name="roughness" value="0.500000"/>
            <float name="sheen" value="0.000000"/>
            <float name="sheen_tint" value="0.500000"/>
            <float name="clearcoat" value="0.000000"/>
            <float name="clearcoat_gloss" value="0.173205"/>
            <float name="specular" value="0.500000"/>
        </bsdf>
    </bsdf>
    <bsdf id="mat-Material.005" name="mat-Material.005" type="twosided">
        <bsdf name="bsdf" type="principled">
            <rgb name="base_color" value="0.433648 0.266232 0.084399"/>
            <float name="spec_tint" value="0.000000"/>
            <float name="spec_trans" value="0.000000"/>
            <float name="metallic" value="0.000000"/>
            <float name="anisotropic" value="0.000000"/>
            <float name="roughness" value="0.500000"/>
            <float name="sheen" value="0.000000"/>
            <float name="sheen_tint" value="0.500000"/>
            <float name="clearcoat" value="0.000000"/>
            <float name="clearcoat_gloss" value="0.173205"/>
            <float name="specular" value="0.500000"/>
        </bsdf>
    </bsdf>
    <emitter name="temp45" type="point">
        <point name="position" x="-6.815235034541981e-16" y="3.0693089962005615" z="4.109199523925781"/>
        <rgb name="intensity" value="7.957747 7.957747 7.957747"/>
    </emitter>
    <shape name="temp2" type="ply">
        <string name="filename" value="meshes/Cube.ply"/>
        <boolean name="face_normals" value="true"/>
        <ref id="mat-Material" name="bsdf"/>
        <transform name="to_world">
            <matrix value="0.9999991135176153 0.00015206946683826182 0.0014726223475852928 -0.0023713349661598215 -0.00015298647050584457 0.9999997914159312 0.0006224454529594567 -0.018241226934414267 -0.001472527024415498 -0.000622669333761626 0.9999988180233473 0.003387479802262172 0.0 0.0 0.0 1.0"/>
        </transform>
    </shape>
    <shape name="temp4" type="ply">
        <string name="filename" value="meshes/Plane.ply"/>
        <boolean name="face_normals" value="true"/>
        <ref id="mat-Material.001" name="bsdf"/>
    </shape>
    <shape name="temp5" type="ply">
        <string name="filename" value="meshes/Cube_001.ply"/>
        <boolean name="face_normals" value="true"/>
        <ref id="mat-Material" name="bsdf"/>
        <transform name="to_world">
            <matrix value="0.9999986702764229 0.00024834227811348225 -0.0018228585774390915 0.0024256040378918264 -0.0002562191171699227 0.9999906137169057 -0.004322583176879024 -0.012705171391709291 0.0018217700571071954 0.0043230487481827114 0.9999891258147956 -0.004245962736621034 0.0 0.0 0.0 1.0"/>
        </transform>
    </shape>
    <shape name="temp6" type="ply">
        <string name="filename" value="meshes/Cube_002.ply"/>
        <boolean name="face_normals" value="true"/>
        <ref id="mat-Material" name="bsdf"/>
        <transform name="to_world">
            <matrix value="1.0 9.738644161836208e-05 0.0003215047413811444 -0.0009340445844463474 -9.875768358606945e-05 0.9999908223009742 0.004268637762452006 -0.020146870095526348 -0.0003210852494650079 -0.004268668795614728 0.9999910169774399 0.0009110850420580574 0.0 0.0 0.0 1.0"/>
        </transform>
    </shape>
    <shape name="temp7" type="ply">
        <string name="filename" value="meshes/Cube_003.ply"/>
        <boolean name="face_normals" value="true"/>
        <ref id="mat-Material" name="bsdf"/>
        <transform name="to_world">
            <matrix value="0.9999991135176153 0.00044391070098847993 0.0014156652566473186 -0.001120657880158582 -0.0004488083017302363 0.9999939510620058 0.003460000255306957 -0.017625099939648448 -0.0014141211324989762 -0.0034606391433035133 0.9999931445354147 0.004159022895246389 0.0 0.0 0.0 1.0"/>
        </transform>
    </shape>
    <shape name="temp8" type="ply">
        <string name="filename" value="meshes/Cube_004.ply"/>
        <boolean name="face_normals" value="true"/>
        <ref id="mat-Material" name="bsdf"/>
        <transform name="to_world">
            <matrix value="0.9999995567588077 -0.00034065324358656136 0.001171180477906256 -0.00044979361441122023 0.0003429627482372298 0.9999979141593124 -0.0019721776879685652 -0.01869630015599183 -0.001170506908357224 0.001972577452479335 0.9999973996513641 0.003560150491743918 0.0 0.0 0.0 1.0"/>
        </transform>
    </shape>
    <shape name="temp9" type="ply">
        <string name="filename" value="meshes/Cube_005.ply"/>
        <boolean name="face_normals" value="true"/>
        <ref id="mat-Material" name="bsdf"/>
        <transform name="to_world">
            <matrix value="0.9999995567588077 -0.0006972631684337214 0.000816093415869975 -0.000669327777621298 0.0007013848627813917 0.9999868592036677 -0.005057654457163038 -0.021145966639270097 -0.0008125541862357653 0.005058228328636716 0.9999869982568208 0.0018315785934113205 0.0 0.0 0.0 1.0"/>
        </transform>
    </shape>
    <shape name="temp10" type="ply">
        <string name="filename" value="meshes/Cube_006.ply"/>
        <boolean name="face_normals" value="true"/>
        <ref id="mat-Material" name="bsdf"/>
        <transform name="to_world">
            <matrix value="0.9999991135176153 0.00017778579667642147 -0.001523163669252674 -0.0013002328050788492 -0.00017744895191187655 1.0 0.00022137855355370734 -0.01717771664241491 0.0015232027899373612 -0.00022110745625470617 0.9999988180233473 -0.0037433447718622226 0.0 0.0 0.0 1.0"/>
        </transform>
    </shape>
    <shape name="temp11" type="ply">
        <string name="filename" value="meshes/Cube_007.ply"/>
        <boolean name="face_normals" value="true"/>
        <ref id="mat-Material" name="bsdf"/>
        <transform name="to_world">
            <matrix value="1.0 -2.450028471725387e-05 -0.0001790087092767674 0.00043691178367755157 2.4513232522556545e-05 1.0 7.181288269449071e-05 -0.017767075452921777 0.0001790069447030018 -7.181716354868248e-05 1.0 -0.00046465596262512676 0.0 0.0 0.0 1.0"/>
        </transform>
    </shape>
    <shape name="temp12" type="ply">
        <string name="filename" value="meshes/Cube_008.ply"/>
        <boolean name="face_normals" value="true"/>
        <ref id="mat-Material" name="bsdf"/>
        <transform name="to_world">
            <matrix value="0.9999977837940383 0.002140447996862896 8.780809994416342e-05 7.70146785153969e-05 -0.00214018123245873 0.9999933253097996 -0.00294699874852312 -0.016547205022328815 -9.411517533735087e-05 0.0029468068907832962 0.9999957448840504 -0.00012627229871897683 0.0 0.0 0.0 1.0"/>
        </transform>
    </shape>
    <shape name="temp13" type="ply">
        <string name="filename" value="meshes/Cube_009.ply"/>
        <boolean name="face_normals" value="true"/>
        <ref id="mat-Material" name="bsdf"/>
        <transform name="to_world">
            <matrix value="0.9974651036209259 0.07107812933463768 0.0033838573193431423 0.03327049298240903 -0.07106344199834405 0.9974625748034617 -0.004289936981732787 0.13239761922537585 -0.0036801872959982412 0.004038592224403084 0.9999851070941767 0.01952787882120921 0.0 0.0 0.0 1.0"/>
        </transform>
    </shape>
    <shape name="temp14" type="ply">
        <string name="filename" value="meshes/Cube_010.ply"/>
        <boolean name="face_normals" value="true"/>
        <ref id="mat-Material" name="bsdf"/>
        <transform name="to_world">
            <matrix value="0.9439924861753072 0.329744088206031 0.012133415851063378 0.11676668201020357 -0.3294986321576804 0.9439732762091096 -0.01858124032847604 0.5489352185885061 -0.017580665464596554 0.013542606424806487 0.9997536760655874 0.020132617167211153 0.0 0.0 0.0 1.0"/>
        </transform>
    </shape>
    <shape name="temp15" type="ply">
        <string name="filename" value="meshes/Cube_011.ply"/>
        <boolean name="face_normals" value="true"/>
        <ref id="mat-Material" name="bsdf"/>
        <transform name="to_world">
            <matrix value="0.8783497953112175 0.477558022873329 -0.020983371479659837 0.18461168102364112 -0.47052401746724887 0.8714871835518947 0.13826580858313622 0.8924299440394432 0.08431670824269051 -0.11157251529442684 0.9901728097145244 -0.21411420309085716 0.0 0.0 0.0 1.0"/>
        </transform>
    </shape>
    <shape name="temp16" type="ply">
        <string name="filename" value="meshes/Cube_012.ply"/>
        <boolean name="face_normals" value="true"/>
        <ref id="mat-Material" name="bsdf"/>
        <transform name="to_world">
            <matrix value="0.9117032517946836 0.41084303423073154 0.002316541857811991 0.1896287395177152 -0.38529024319757743 0.8530137269175655 0.3520212509946334 0.9436470328287965 0.14264942103835454 -0.32183124297332416 0.9359893451896624 -0.7042614784927064 0.0 0.0 0.0 1.0"/>
        </transform>
    </shape>
    <shape name="temp17" type="ply">
        <string name="filename" value="meshes/Cube_013.ply"/>
        <boolean name="face_normals" value="true"/>
        <ref id="mat-Material" name="bsdf"/>
        <transform name="to_world">
            <matrix value="0.9442110040831379 0.29845147187348126 0.1392556194715997 0.24805317167394492 -0.3110187544213309 0.6689833403904277 0.6750767457440566 1.0891355131436253 0.10831790853983941 -0.6807259977097471 0.7244857337781978 -0.7814985670398615 0.0 0.0 0.0 1.0"/>
        </transform>
    </shape>
    <shape name="temp18" type="ply">
        <string name="filename" value="meshes/Cube_014.ply"/>
        <boolean name="face_normals" value="true"/>
        <ref id="mat-Material" name="bsdf"/>
        <transform name="to_world">
            <matrix value="0.9460672981967175 0.2991087202741629 0.12446091226849215 0.09342214823570216 -0.2101986252431178 0.274390048036911 0.9383639362848393 0.9910794847720985 0.246522063660073 -0.9139169376521361 0.3224635608417754 -0.7584207932024942 0.0 0.0 0.0 1.0"/>
        </transform>
    </shape>
    <shape name="temp19" type="ply">
        <string name="filename" value="meshes/Cube_015.ply"/>
        <boolean name="face_normals" value="true"/>
        <ref id="mat-Material" name="bsdf"/>
        <transform name="to_world">
            <matrix value="0.9727468720469056 0.21095629538007146 0.09623403326838766 0.0386633397348457 -0.14767227455423232 0.2436641546191985 0.9585513883261366 0.6275381089104956 0.17876364961251856 -0.9466387720238704 0.2681760823714801 -0.408023620921874 0.0 0.0 0.0 1.0"/>
        </transform>
    </shape>
    <shape name="temp20" type="ply">
        <string name="filename" value="meshes/Cube_016.ply"/>
        <boolean name="face_normals" value="true"/>
        <ref id="mat-Material" name="bsdf"/>
        <transform name="to_world">
            <matrix value="0.967207243624862 0.21433744313476827 0.13627233403984018 0.06281830272370514 -0.18802127380426822 0.24350500497473004 0.9515006611977395 0.344875027010353 0.17075920124391208 -0.9459199913229028 0.2758199253841779 -0.1996179753605155 0.0 0.0 0.0 1.0"/>
        </transform>
    </shape>
    <shape name="temp21" type="ply">
        <string name="filename" value="meshes/Cube_017.ply"/>
        <boolean name="face_normals" value="true"/>
        <ref id="mat-Material" name="bsdf"/>
        <transform name="to_world">
            <matrix value="0.9446396183161445 0.19438172553256727 0.26433347627370984 0.1752557090838721 -0.30741821756759874 0.24276932896419237 0.9200853765375743 0.1327405669274955 0.11467571587884977 -0.9504097634030908 0.2890859585428781 0.017273489852830004 0.0 0.0 0.0 1.0"/>
        </transform>
    </shape>
    <shape name="temp22" type="ply">
        <string name="filename" value="meshes/Cube_018.ply"/>
        <boolean name="face_normals" value="true"/>
        <ref id="mat-Material" name="bsdf"/>
        <transform name="to_world">
            <matrix value="0.1745177092585993 0.9803657730229881 0.09179601825161068 0.8653040379715139 -0.42557249032404476 -0.00897059381798537 0.9048799560872034 -0.10188142994858325 0.8879371023018402 -0.19698337376387867 0.41565107292748665 -0.21929508356858807 0.0 0.0 0.0 1.0"/>
        </transform>
    </shape>
    <shape name="temp23" type="ply">
        <string name="filename" value="meshes/Cube_019.ply"/>
        <boolean name="face_normals" value="true"/>
        <ref id="mat-Material" name="bsdf"/>
        <transform name="to_world">
            <matrix value="-0.055074313818310114 0.9881077879033756 -0.14356092214981694 0.46303545933691737 -0.9521224161254692 -0.008669081374902748 0.3055948628457932 0.04936630559541027 0.30071610047036756 0.15351791632858666 0.9412767995476339 -0.04684945967001897 0.0 0.0 0.0 1.0"/>
        </transform>
    </shape>
    <shape name="temp24" type="ply">
        <string name="filename" value="meshes/Cube_020.ply"/>
        <boolean name="face_normals" value="true"/>
        <ref id="mat-Material" name="bsdf"/>
        <transform name="to_world">
            <matrix value="0.04563462422634035 0.996419760685216 -0.07117064383315029 -0.10103775152572747 -0.8857310126896126 0.0074134850964702945 -0.4641393018644168 0.32334281417281685 -0.46194982983291627 0.0842188613587447 0.882898499508734 0.14919211471498794 0.0 0.0 0.0 1.0"/>
        </transform>
    </shape>
    <shape name="temp25" type="ply">
        <string name="filename" value="meshes/Cube_021.ply"/>
        <boolean name="face_normals" value="true"/>
        <ref id="mat-Material" name="bsdf"/>
        <transform name="to_world">
            <matrix value="0.27406937079253296 0.9231215440227107 -0.26968972167286576 -0.13704940378184602 -0.6739956597822444 -0.015667489878458063 -0.7385692219898718 0.26679134012298333 -0.6860145879541227 0.3841887018353312 0.6178858598241881 0.22793205172156117 0.0 0.0 0.0 1.0"/>
        </transform>
    </shape>
    <shape name="temp26" type="ply">
        <string name="filename" value="meshes/Cube_022.ply"/>
        <boolean name="face_normals" value="true"/>
        <ref id="mat-Material" name="bsdf"/>
        <transform name="to_world">
            <matrix value="0.5983171018408693 0.3919353055652316 -0.6988585887860674 -0.0906852914113564 -0.7533114549480787 -0.022036406263362417 -0.6572948525862359 -0.23155449714348098 -0.2730173821465994 0.9197287155601629 0.2820645444354667 0.668835051471337 0.0 0.0 0.0 1.0"/>
        </transform>
    </shape>
    <shape name="temp27" type="ply">
        <string name="filename" value="meshes/Cube_023.ply"/>
        <boolean name="face_normals" value="true"/>
        <ref id="mat-Material" name="bsdf"/>
        <transform name="to_world">
            <matrix value="0.8643061413726648 0.2830216739705855 -0.4157815631499394 -0.07217520812783873 -0.47227393369466353 0.17231499114560628 -0.864445007590654 -0.2787371127491284 -0.17301139839050256 0.9435072993994865 0.28259667032449043 0.1877726441055162 0.0 0.0 0.0 1.0"/>
        </transform>
    </shape>
    <shape name="temp28" type="ply">
        <string name="filename" value="meshes/Cube_024.ply"/>
        <boolean name="face_normals" value="true"/>
        <ref id="mat-Material" name="bsdf"/>
        <transform name="to_world">
            <matrix value="0.8984410320782515 0.3275562499087445 -0.29242291502864404 -0.11865951325870272 -0.36597427960009005 0.19062516817090544 -0.9108924349239114 -0.4976810413378287 -0.24262526439337123 0.9254019936465293 0.29114259791849184 -0.221100717612851 0.0 0.0 0.0 1.0"/>
        </transform>
    </shape>
    <shape name="temp29" type="ply">
        <string name="filename" value="meshes/Cube_025.ply"/>
        <boolean name="face_normals" value="true"/>
        <ref id="mat-Material" name="bsdf"/>
        <transform name="to_world">
            <matrix value="0.891103617380019 0.38758361613856657 -0.23603700248829726 -0.2854513008625156 -0.32598740840420765 0.18487237783752553 -0.9271216835508093 -0.7965864232049811 -0.31570048951557284 0.903106442536132 0.29108775420180877 -0.7315482902703596 0.0 0.0 0.0 1.0"/>
        </transform>
    </shape>
    <shape name="temp30" type="ply">
        <string name="filename" value="meshes/Cube_026.ply"/>
        <boolean name="face_normals" value="true"/>
        <ref id="mat-Material" name="bsdf"/>
        <transform name="to_world">
            <matrix value="0.9277193290392127 0.22998312554883685 -0.2940152739750962 -0.29737417111508635 -0.34336618637051064 0.21683127426093451 -0.9138294105104201 -1.1347612507768854 -0.14641364686442315 0.9487317045698684 0.28012681191110966 -0.8175753513117023 0.0 0.0 0.0 1.0"/>
        </transform>
    </shape>
    <shape name="temp31" type="ply">
        <string name="filename" value="meshes/Cube_027.ply"/>
        <boolean name="face_normals" value="true"/>
        <ref id="mat-Material" name="bsdf"/>
        <transform name="to_world">
            <matrix value="0.8792349479723489 0.1724775615688025 -0.44406933758718853 -0.5197103424580426 -0.4735752898354157 0.2152892122405475 -0.8540358120014127 -1.5726760627276375 -0.05169872186969773 0.9611983571918745 0.2709707479690095 -0.944929208734697 0.0 0.0 0.0 1.0"/>
        </transform>
    </shape>
    <shape name="temp32" type="ply">
        <string name="filename" value="meshes/Cube_028.ply"/>
        <boolean name="face_normals" value="true"/>
        <ref id="mat-Material" name="bsdf"/>
        <transform name="to_world">
            <matrix value="-0.11106228070642007 0.9806529932856789 0.1611981650048863 -1.4575693058025836 -0.8284071507215081 -0.0017475861608642056 -0.5601240791810888 -2.104358606356749 -0.5490056327090724 -0.19574632422724816 0.8125737257937092 -1.2088147167827783 0.0 0.0 0.0 1.0"/>
        </transform>
    </shape>
    <shape name="temp33" type="ply">
        <string name="filename" value="meshes/Cube_029.ply"/>
        <boolean name="face_normals" value="true"/>
        <ref id="mat-Material" name="bsdf"/>
        <transform name="to_world">
            <matrix value="-0.011770252133319859 0.9832730177734486 0.18175652131978567 -1.6479726950972913 -0.9995966505149576 -0.006871576874701465 -0.027558092970501172 -1.9313088998467949 -0.025848186345689125 -0.1820075590866521 0.982957551436078 -0.2459278738223225 0.0 0.0 0.0 1.0"/>
        </transform>
    </shape>
    <shape name="temp34" type="ply">
        <string name="filename" value="meshes/Cube_030.ply"/>
        <boolean name="face_normals" value="true"/>
        <ref id="mat-Material" name="bsdf"/>
        <transform name="to_world">
            <matrix value="-0.03984914517450243 0.9819042686160571 -0.18513750966718442 -3.2004459546548123 -0.9735215184171173 0.0035870674087762223 0.22856620744251033 -1.9010744745109984 0.22509419370537945 0.1893435341757353 0.9557624051081929 0.28119341291942446 0.0 0.0 0.0 1.0"/>
        </transform>
    </shape>
    <shape name="temp35" type="ply">
        <string name="filename" value="meshes/Cube_031.ply"/>
        <boolean name="face_normals" value="true"/>
        <ref id="mat-Material" name="bsdf"/>
        <transform name="to_world">
            <matrix value="0.11160627062179647 0.98382889431671 0.14008782559319863 -1.9875326792454033 -0.7863763614153223 0.001245908102030983 0.6177466229745058 -1.2122428834681735 0.6075826157258429 -0.1791061129733033 0.7737989817034742 0.5934424424713591 0.0 0.0 0.0 1.0"/>
        </transform>
    </shape>
    <shape name="temp36" type="ply">
        <string name="filename" value="meshes/Cube_032.ply"/>
        <boolean name="face_normals" value="true"/>
        <ref id="mat-Material" name="bsdf"/>
        <transform name="to_world">
            <matrix value="0.7728145106528588 0.588387290555522 0.23781961239676025 -0.5743252615186623 -0.2756924757148151 -0.026272936425661683 0.9608867377964457 0.312762900211961 0.5716220145489489 -0.8081522997436502 0.14190984260326103 -0.18183569357824947 0.0 0.0 0.0 1.0"/>
        </transform>
    </shape>
    <shape name="temp37" type="ply">
        <string name="filename" value="meshes/Cube_033.ply"/>
        <boolean name="face_normals" value="true"/>
        <ref id="mat-Material" name="bsdf"/>
        <transform name="to_world">
            <matrix value="0.9779904153524566 0.16058941686151898 0.133213425741844 -0.13209131795944185 -0.15017858187639954 0.0985526977220534 0.9837348192828617 0.30022223115637997 0.14484882815893566 -0.9820888860150639 0.12050069949378305 -0.39319143037614956 0.0 0.0 0.0 1.0"/>
        </transform>
    </shape>
    <shape name="temp38" type="ply">
        <string name="filename" value="meshes/Cube_034.ply"/>
        <boolean name="face_normals" value="true"/>
        <ref id="mat-Material" name="bsdf"/>
        <transform name="to_world">
            <matrix value="0.9999255354796844 0.002446492971759803 0.011965717003585171 -0.03638371743753588 -0.012210807284048459 0.18062243571960462 0.9834766755819226 0.3695994243246351 0.0002447919159898374 -0.9835493916645636 0.18063884419703835 -0.3505183824134317 0.0 0.0 0.0 1.0"/>
        </transform>
    </shape>
    <shape name="temp39" type="ply">
        <string name="filename" value="meshes/Cube_035.ply"/>
        <boolean name="face_normals" value="true"/>
        <ref id="mat-Material" name="bsdf"/>
        <transform name="to_world">
            <matrix value="0.9990137883470118 -0.044314081719066464 0.0028038140968209085 0.008998387018571474 0.006652474083687483 0.21180731838063674 0.977288791409961 0.09165368197585347 -0.04390153751504804 -0.9763063098766643 0.2118932618347776 -0.14067979894490762 0.0 0.0 0.0 1.0"/>
        </transform>
    </shape>
    <shape name="temp40" type="ply">
        <string name="filename" value="meshes/Cube_036.ply"/>
        <boolean name="face_normals" value="true"/>
        <ref id="mat-Material" name="bsdf"/>
        <transform name="to_world">
            <matrix value="0.9996888446829674 -0.02478126831628854 0.002861163604007563 0.004686572501695796 0.002455223774748372 0.21188011422063605 0.9772925737352496 -0.25039945615339954 -0.02482477345942659 -0.9769814965072599 0.21187491755712848 0.23817247078043552 0.0 0.0 0.0 1.0"/>
        </transform>
    </shape>
    <shape name="temp41" type="ply">
        <string name="filename" value="meshes/Cube_037.ply"/>
        <boolean name="face_normals" value="true"/>
        <ref id="mat-Material" name="bsdf"/>
        <transform name="to_world">
            <matrix value="0.998940210309081 -0.045923683260919904 0.0030649836579908006 -0.004593095151123272 0.0067426780987435 0.2118915863444182 0.9772698797835186 -0.5695028113478192 -0.04552929203743793 -0.9762134899660635 0.21197680394458707 0.5091138142830958 0.0 0.0 0.0 1.0"/>
        </transform>
    </shape>
    <shape name="temp42" type="ply">
        <string name="filename" value="meshes/Cube_038.ply"/>
        <boolean name="face_normals" value="true"/>
        <ref id="mat-Material" name="bsdf"/>
        <transform name="to_world">
            <matrix value="0.9992704249973849 -0.0380824866558342 0.0030013223954789866 0.004898548160419125 0.0051409108074613455 0.21191515634418875 0.9772746076901292 -0.90447585763299 -0.037853077069005564 -0.9765457643876077 0.21195635574849617 0.8568701781682113 0.0 0.0 0.0 1.0"/>
        </transform>
    </shape>
    <shape name="temp43" type="ply">
        <string name="filename" value="meshes/Cube_039.ply"/>
        <boolean name="face_normals" value="true"/>
        <ref id="mat-Material" name="bsdf"/>
        <transform name="to_world">
            <matrix value="0.9999654652987532 -0.004270224883047091 -0.007131705939964614 0.020120226437772004 0.008277508933583231 0.43300535657438854 0.9013533243161794 -1.319278374517544 -0.0007608927189896775 -0.9013813467732725 0.4330257498050706 1.4706156980306477 0.0 0.0 0.0 1.0"/>
        </transform>
    </shape>
    <shape name="temp47" type="ply">
        <string name="filename" value="meshes/Plane_001.ply"/>
        <boolean name="face_normals" value="true"/>
        <ref id="mat-Material.002" name="bsdf"/>
    </shape>
    <shape name="temp49" type="ply">
        <string name="filename" value="meshes/Plane_002.ply"/>
        <boolean name="face_normals" value="true"/>
        <ref id="mat-Material.003" name="bsdf"/>
    </shape>
    <shape name="temp51" type="ply">
        <string name="filename" value="meshes/Plane_003.ply"/>
        <boolean name="face_normals" value="true"/>
        <ref id="mat-Material.004" name="bsdf"/>
    </shape>
    <shape name="temp53" type="ply">
        <string name="filename" value="meshes/Plane_004.ply"/>
        <boolean name="face_normals" value="true"/>
        <ref id="mat-Material.005" name="bsdf"/>
    </shape>
    <emitter type="point">
        <transform name="to_world">
            <rotate angle="-142.5518126578256" x="1"/>
            <rotate angle="3.976628485794621e-06" y="1"/>
            <rotate angle="-179.999991348578" z="1"/>
            <translate value="-0.000000 3.030926 4.073377"/>
        </transform>
        <rgb name="intensity" value="100"/>
    </emitter>
</scene>
