
<scene version="2.1.0">
    <default name="spp" value="1024"/>
    <default name="resx" value="1280"/>
    <default name="resy" value="720"/>
    <integrator name="temp0" type="path">
        <integer name="max_depth" value="12"/>
    </integrator>
    <sensor name="temp44" type="perspective">
        <string name="fov_axis" value="x"/>
        <float name="fov" value="83.974423"/>
        <float name="principal_point_offset_x" value="0.000000"/>
        <float name="principal_point_offset_y" value="-0.000000"/>
        <float name="near_clip" value="0.100000"/>
        <float name="far_clip" value="1000.000000"/>
        <sampler name="sampler" type="independent">
            <integer name="sample_count" value="$spp"/>
        </sampler>
        <film name="film" type="hdrfilm">
            <integer name="width" value="$resx"/>
            <integer name="height" value="$resy"/>
        </film>
        <float name="shutter_open" value="0.0"/>
        <float name="shutter_close" value="0.0015"/>
        <animation name="to_world">
            <transform time="0">
                <rotate angle="-142.5518126578256" x="1"/>
                <rotate angle="3.976628485794621e-06" y="1"/>
                <rotate angle="-179.999991348578" z="1"/>
                <translate value="-0.000000 3.030926 4.073377"/>
                <translate x="22.95" y="0.0" z="0.0"/>
            </transform>
            <transform time="0.0015">
                <rotate angle="-142.5518126578256" x="1"/>
                <rotate angle="3.976628485794621e-06" y="1"/>
                <rotate angle="-179.999991348578" z="1"/>
                <translate value="-0.000000 3.030926 4.073377"/>
                <translate x="23.099999999999998" y="0.0" z="0.0"/>
            </transform>
        </animation>
    </sensor>
    <bsdf id="mat-Material" name="mat-Material" type="twosided">
        <bsdf name="bsdf" type="diffuse">
            <texture name="reflectance" type="bitmap">
                <string name="filename" value="textures/siggraph_2023_logo.jpg"/>
            </texture>
        </bsdf>
    </bsdf>
    <bsdf id="mat-Material.001" name="mat-Material.001" type="twosided">
        <bsdf name="bsdf" type="principled">
            <rgb name="base_color" value="0.433648 0.266232 0.084399"/>
            <float name="spec_tint" value="0.000000"/>
            <float name="spec_trans" value="0.000000"/>
            <float name="metallic" value="0.000000"/>
            <float name="anisotropic" value="0.000000"/>
            <float name="roughness" value="0.500000"/>
            <float name="sheen" value="0.000000"/>
            <float name="sheen_tint" value="0.500000"/>
            <float name="clearcoat" value="0.000000"/>
            <float name="clearcoat_gloss" value="0.173205"/>
            <float name="specular" value="0.500000"/>
        </bsdf>
    </bsdf>
    <bsdf id="mat-Material.002" name="mat-Material.002" type="twosided">
        <bsdf name="bsdf" type="principled">
            <rgb name="base_color" value="0.433648 0.266232 0.084399"/>
            <float name="spec_tint" value="0.000000"/>
            <float name="spec_trans" value="0.000000"/>
            <float name="metallic" value="0.000000"/>
            <float name="anisotropic" value="0.000000"/>
            <float name="roughness" value="0.500000"/>
            <float name="sheen" value="0.000000"/>
            <float name="sheen_tint" value="0.500000"/>
            <float name="clearcoat" value="0.000000"/>
            <float name="clearcoat_gloss" value="0.173205"/>
            <float name="specular" value="0.500000"/>
        </bsdf>
    </bsdf>
    <bsdf id="mat-Material.003" name="mat-Material.003" type="twosided">
        <bsdf name="bsdf" type="principled">
            <rgb name="base_color" value="0.433648 0.266232 0.084399"/>
            <float name="spec_tint" value="0.000000"/>
            <float name="spec_trans" value="0.000000"/>
            <float name="metallic" value="0.000000"/>
            <float name="anisotropic" value="0.000000"/>
            <float name="roughness" value="0.500000"/>
            <float name="sheen" value="0.000000"/>
            <float name="sheen_tint" value="0.500000"/>
            <float name="clearcoat" value="0.000000"/>
            <float name="clearcoat_gloss" value="0.173205"/>
            <float name="specular" value="0.500000"/>
        </bsdf>
    </bsdf>
    <bsdf id="mat-Material.004" name="mat-Material.004" type="twosided">
        <bsdf name="bsdf" type="principled">
            <rgb name="base_color" value="0.433648 0.266232 0.084399"/>
            <float name="spec_tint" value="0.000000"/>
            <float name="spec_trans" value="0.000000"/>
            <float name="metallic" value="0.000000"/>
            <float name="anisotropic" value="0.000000"/>
            <float name="roughness" value="0.500000"/>
            <float name="sheen" value="0.000000"/>
            <float name="sheen_tint" value="0.500000"/>
            <float name="clearcoat" value="0.000000"/>
            <float name="clearcoat_gloss" value="0.173205"/>
            <float name="specular" value="0.500000"/>
        </bsdf>
    </bsdf>
    <bsdf id="mat-Material.005" name="mat-Material.005" type="twosided">
        <bsdf name="bsdf" type="principled">
            <rgb name="base_color" value="0.433648 0.266232 0.084399"/>
            <float name="spec_tint" value="0.000000"/>
            <float name="spec_trans" value="0.000000"/>
            <float name="metallic" value="0.000000"/>
            <float name="anisotropic" value="0.000000"/>
            <float name="roughness" value="0.500000"/>
            <float name="sheen" value="0.000000"/>
            <float name="sheen_tint" value="0.500000"/>
            <float name="clearcoat" value="0.000000"/>
            <float name="clearcoat_gloss" value="0.173205"/>
            <float name="specular" value="0.500000"/>
        </bsdf>
    </bsdf>
    <emitter name="temp45" type="point">
        <point name="position" x="-6.815235034541981e-16" y="3.0693089962005615" z="4.109199523925781"/>
        <rgb name="intensity" value="7.957747 7.957747 7.957747"/>
    </emitter>
    <shape name="temp2" type="ply">
        <string name="filename" value="meshes/Cube.ply"/>
        <boolean name="face_normals" value="true"/>
        <ref id="mat-Material" name="bsdf"/>
        <transform name="to_world">
            <matrix value="0.9999991135176153 0.0002109799696718764 0.001262803762089848 -0.002118880359273989 -0.00021106458556062035 1.0 6.672894107657271e-05 -0.017394263861888887 -0.0012627897246053825 -6.699537777703615e-05 0.9999992908140084 0.0029480755700307393 0.0 0.0 0.0 1.0"/>
        </transform>
    </shape>
    <shape name="temp4" type="ply">
        <string name="filename" value="meshes/Plane.ply"/>
        <boolean name="face_normals" value="true"/>
        <ref id="mat-Material.001" name="bsdf"/>
    </shape>
    <shape name="temp5" type="ply">
        <string name="filename" value="meshes/Cube_001.ply"/>
        <boolean name="face_normals" value="true"/>
        <ref id="mat-Material" name="bsdf"/>
        <transform name="to_world">
            <matrix value="0.9999991135176153 -0.00015944041066031462 -0.0015105342487190918 0.0020712839277645667 0.00016413420811415056 0.9999949939823497 0.0031040361665944085 -0.021104979511009425 0.001510034094112516 -0.003104279519338872 0.9999939719190715 -0.003166916407467024 0.0 0.0 0.0 1.0"/>
        </transform>
    </shape>
    <shape name="temp6" type="ply">
        <string name="filename" value="meshes/Cube_002.ply"/>
        <boolean name="face_normals" value="true"/>
        <ref id="mat-Material" name="bsdf"/>
        <transform name="to_world">
            <matrix value="1.0 1.4626445748326637e-05 0.0003280422542469603 -0.0008671622529909939 -1.4333660002092097e-05 0.9999968712389685 -0.0008774108186795809 -0.017072701753045566 -0.0003280157687486592 0.0008774015848217546 0.9999969268607032 0.0008854093243777506 0.0 0.0 0.0 1.0"/>
        </transform>
    </shape>
    <shape name="temp7" type="ply">
        <string name="filename" value="meshes/Cube_003.ply"/>
        <boolean name="face_normals" value="true"/>
        <ref id="mat-Material" name="bsdf"/>
        <transform name="to_world">
            <matrix value="0.9999991135176153 -0.00046023344728976295 0.001224806758637058 -0.0012780019660290076 0.0004656315211860425 0.9999900922567336 -0.004409127507386172 -0.017347945438184936 -0.0012227606125238687 0.004409694570348106 0.9999895986054566 0.003466460071299804 0.0 0.0 0.0 1.0"/>
        </transform>
    </shape>
    <shape name="temp8" type="ply">
        <string name="filename" value="meshes/Cube_004.ply"/>
        <boolean name="face_normals" value="true"/>
        <ref id="mat-Material" name="bsdf"/>
        <transform name="to_world">
            <matrix value="0.9999995567588077 0.00029452591969930523 0.0008854470779409587 -0.0005707383872415317 -0.00029475805236274153 0.9999998957079657 0.00026031971995663566 -0.017055236177539984 -0.0008853676331097625 -0.00026058021830408634 0.9999996454070041 0.0028013859710980093 0.0 0.0 0.0 1.0"/>
        </transform>
    </shape>
    <shape name="temp9" type="ply">
        <string name="filename" value="meshes/Cube_005.ply"/>
        <boolean name="face_normals" value="true"/>
        <ref id="mat-Material" name="bsdf"/>
        <transform name="to_world">
            <matrix value="0.9999997783794039 0.0003193383504754674 0.0007861161240054258 -0.0006241852041293239 -0.000321722187058421 0.9999935338938682 0.0030309131809781184 -0.015782976079150052 -0.00078480950380035 -0.0030311603740329524 0.9999933809307451 0.0022432876432470217 0.0 0.0 0.0 1.0"/>
        </transform>
    </shape>
    <shape name="temp10" type="ply">
        <string name="filename" value="meshes/Cube_006.ply"/>
        <boolean name="face_normals" value="true"/>
        <ref id="mat-Material" name="bsdf"/>
        <transform name="to_world">
            <matrix value="0.9999995567588077 9.771642161515002e-06 -0.0011508386597141223 -0.0011226893685860606 -8.63633301242672e-06 0.9999989570796561 0.0010004778849804338 -0.01707582672493768 0.0011506364057039824 -0.0010004627959025747 0.9999984634303516 -0.0025966060434041704 0.0 0.0 0.0 1.0"/>
        </transform>
    </shape>
    <shape name="temp11" type="ply">
        <string name="filename" value="meshes/Cube_007.ply"/>
        <boolean name="face_normals" value="true"/>
        <ref id="mat-Material" name="bsdf"/>
        <transform name="to_world">
            <matrix value="0.9999980054146345 -0.0021314757531449265 -6.896573733358361e-05 0.0005891528084784881 0.0021318217035709284 0.9999826875222925 0.005451311781328646 -0.01729187967333265 5.729956190040548e-05 -0.005451446843392996 0.9999851070941765 0.0001080710375255256 0.0 0.0 0.0 1.0"/>
        </transform>
    </shape>
    <shape name="temp12" type="ply">
        <string name="filename" value="meshes/Cube_008.ply"/>
        <boolean name="face_normals" value="true"/>
        <ref id="mat-Material" name="bsdf"/>
        <transform name="to_world">
            <matrix value="0.9999991135176153 0.0013371490312312927 0.00011031600854994632 0.0001512835524026812 -0.0013369417598802895 0.999996975531003 -0.0018507981415544694 -0.017028186662824657 -0.00011323105986060951 0.0018506506780025156 0.9999981088373557 1.1357974671666327e-05 0.0 0.0 0.0 1.0"/>
        </transform>
    </shape>
    <shape name="temp13" type="ply">
        <string name="filename" value="meshes/Cube_009.ply"/>
        <boolean name="face_normals" value="true"/>
        <ref id="mat-Material" name="bsdf"/>
        <transform name="to_world">
            <matrix value="0.9999993351382115 0.00034305821789943334 0.0008370014008787288 0.0014890799253592935 -0.00034302192093640905 0.9999995828318624 -4.207955081104875e-05 -0.017150174301568594 -0.0008372272072081655 4.1787732336579615e-05 0.9999996454070041 0.0014225063123948223 0.0 0.0 0.0 1.0"/>
        </transform>
    </shape>
    <shape name="temp14" type="ply">
        <string name="filename" value="meshes/Cube_010.ply"/>
        <boolean name="face_normals" value="true"/>
        <ref id="mat-Material" name="bsdf"/>
        <transform name="to_world">
            <matrix value="0.999986259523037 -0.0004731521015887848 0.005255280953486382 0.010898666907679266 0.0004719944701228842 0.9999997914159312 0.00022151696301973286 -0.018267479372124223 -0.005255377845386835 -0.0002190341306111722 0.9999862890708293 0.00869296188158919 0.0 0.0 0.0 1.0"/>
        </transform>
    </shape>
    <shape name="temp15" type="ply">
        <string name="filename" value="meshes/Cube_011.ply"/>
        <boolean name="face_normals" value="true"/>
        <ref id="mat-Material" name="bsdf"/>
        <transform name="to_world">
            <matrix value="0.999998670276423 -0.00031537911197418564 -0.0008693745594182027 -0.0018947385170018372 0.0003154458917746846 0.9999987484955875 7.03997114085805e-05 -0.01809791978677938 0.0008701422981523935 -7.066306789620024e-05 0.9999995272093389 -0.0013250474550019486 0.0 0.0 0.0 1.0"/>
        </transform>
    </shape>
    <shape name="temp16" type="ply">
        <string name="filename" value="meshes/Cube_012.ply"/>
        <boolean name="face_normals" value="true"/>
        <ref id="mat-Material" name="bsdf"/>
        <transform name="to_world">
            <matrix value="0.999996232449865 -0.0027853617786380716 -0.0001896851497871733 -0.0002943262905166222 0.0027847425743803044 0.999991030885043 -0.0031958048339062765 -0.02534388916295255 0.0001985849081692898 0.003195254503851505 0.9999950356980589 -0.00044756212356711345 0.0 0.0 0.0 1.0"/>
        </transform>
    </shape>
    <shape name="temp17" type="ply">
        <string name="filename" value="meshes/Cube_013.ply"/>
        <boolean name="face_normals" value="true"/>
        <ref id="mat-Material" name="bsdf"/>
        <transform name="to_world">
            <matrix value="0.9999982270352306 -0.0019214117804110357 0.00030036154301851304 -0.00011878503490414527 0.0019228844541130123 0.9999853991151864 -0.004981003271238584 -0.025087948678000516 -0.00029056897985380134 0.004981573683365212 0.9999873528498167 -0.000131127977733958 0.0 0.0 0.0 1.0"/>
        </transform>
    </shape>
    <shape name="temp18" type="ply">
        <string name="filename" value="meshes/Cube_014.ply"/>
        <boolean name="face_normals" value="true"/>
        <ref id="mat-Material" name="bsdf"/>
        <transform name="to_world">
            <matrix value="0.9999997783794039 0.0009348174785106264 -6.092439557259914e-05 -0.0004963975997077652 -0.0009345518920193536 0.9999895707965617 0.0042218787660731096 -0.013347478381842637 6.534305981805836e-05 -0.004221817685008854 0.9999900713961176 0.0004925716747080089 0.0 0.0 0.0 1.0"/>
        </transform>
    </shape>
    <shape name="temp19" type="ply">
        <string name="filename" value="meshes/Cube_015.ply"/>
        <boolean name="face_normals" value="true"/>
        <ref id="mat-Material" name="bsdf"/>
        <transform name="to_world">
            <matrix value="0.9992010577507815 0.03249341395802872 -0.022559868299433454 -0.00839535636236638 -0.027778767683107372 0.9823870569413649 0.1822199980048234 0.10075939338757112 0.02824785205318185 -0.181438197583345 0.9825319216434582 -0.04338458451722432 0.0 0.0 0.0 1.0"/>
        </transform>
    </shape>
    <shape name="temp20" type="ply">
        <string name="filename" value="meshes/Cube_016.ply"/>
        <boolean name="face_normals" value="true"/>
        <ref id="mat-Material" name="bsdf"/>
        <transform name="to_world">
            <matrix value="0.9968722685261522 0.07511495068029694 -0.02361900211857495 0.06479354659530917 -0.06344155510285855 0.9436647803714049 0.32341493384949466 0.0932166442780655 0.046777880314240274 -0.3209046082478313 0.9455173771843519 -0.14457674035001444 0.0 0.0 0.0 1.0"/>
        </transform>
    </shape>
    <shape name="temp21" type="ply">
        <string name="filename" value="meshes/Cube_017.ply"/>
        <boolean name="face_normals" value="true"/>
        <ref id="mat-Material" name="bsdf"/>
        <transform name="to_world">
            <matrix value="0.9891636393293228 0.13410789636709128 0.05358274853068482 0.2139615747735521 -0.14422126511674085 0.9060097241892859 0.3964662916806337 0.02963637597938032 0.005176159563283318 -0.3999985399115187 0.9162315416616038 -0.19170401641860843 0.0 0.0 0.0 1.0"/>
        </transform>
    </shape>
    <shape name="temp22" type="ply">
        <string name="filename" value="meshes/Cube_018.ply"/>
        <boolean name="face_normals" value="true"/>
        <ref id="mat-Material" name="bsdf"/>
        <transform name="to_world">
            <matrix value="-0.16044763814498242 0.9822019385803352 0.08559800453973593 1.0568725957915275 -0.9230657397606852 -0.1804414264647295 0.3362886689571798 0.5937714659947585 0.3458520602737103 -0.026089424161961357 0.9375598375680405 -0.39406916077380943 0.0 0.0 0.0 1.0"/>
        </transform>
    </shape>
    <shape name="temp23" type="ply">
        <string name="filename" value="meshes/Cube_019.ply"/>
        <boolean name="face_normals" value="true"/>
        <ref id="mat-Material" name="bsdf"/>
        <transform name="to_world">
            <matrix value="-0.03995665101138775 0.9939817238638947 -0.10193785072202227 0.41891984102923485 -0.9565885143796308 -0.008611246227235657 0.29044570448408846 0.06330583357969584 0.28781357098153104 0.10917478927794454 0.9511775087809045 -0.038928538535670465 0.0 0.0 0.0 1.0"/>
        </transform>
    </shape>
    <shape name="temp24" type="ply">
        <string name="filename" value="meshes/Cube_020.ply"/>
        <boolean name="face_normals" value="true"/>
        <ref id="mat-Material" name="bsdf"/>
        <transform name="to_world">
            <matrix value="0.11241701682975465 0.9933369132409158 0.024740071595620118 -0.19707366592916392 -0.9686932082865058 0.11511900882905954 -0.21949256875041695 0.08621845249953866 -0.22088293561728184 0.0006377059117655934 0.9752088669159444 0.0995381691587624 0.0 0.0 0.0 1.0"/>
        </transform>
    </shape>
    <shape name="temp25" type="ply">
        <string name="filename" value="meshes/Cube_021.ply"/>
        <boolean name="face_normals" value="true"/>
        <ref id="mat-Material" name="bsdf"/>
        <transform name="to_world">
            <matrix value="0.27820022357085744 0.9594652321644979 -0.04461562355651101 -0.3123061928809897 -0.7656898517269564 0.19344701860361313 -0.6133360770951364 0.11249038517564913 -0.5798829222714517 0.2047579486174005 0.788474758415792 0.08829981218298893 0.0 0.0 0.0 1.0"/>
        </transform>
    </shape>
    <shape name="temp26" type="ply">
        <string name="filename" value="meshes/Cube_022.ply"/>
        <boolean name="face_normals" value="true"/>
        <ref id="mat-Material" name="bsdf"/>
        <transform name="to_world">
            <matrix value="0.5718994835353626 0.7870335799492307 -0.23029036202053707 -0.21688927544901465 -0.45117764752396605 0.06743805574617823 -0.8898234646950666 0.14318283360157175 -0.6849590090545311 0.6128528460253263 0.39353026167544713 0.1986210397038944 0.0 0.0 0.0 1.0"/>
        </transform>
    </shape>
    <shape name="temp27" type="ply">
        <string name="filename" value="meshes/Cube_023.ply"/>
        <boolean name="face_normals" value="true"/>
        <ref id="mat-Material" name="bsdf"/>
        <transform name="to_world">
            <matrix value="0.8603590785547501 0.4644248398595812 -0.2097407405131008 -0.12111308435137108 -0.38030761381990574 0.3110748754231649 -0.8709320500534017 -0.17447178412981765 -0.3392949716946174 0.8290994591415097 0.4442409605971535 -0.03325139851680897 0.0 0.0 0.0 1.0"/>
        </transform>
    </shape>
    <shape name="temp28" type="ply">
        <string name="filename" value="meshes/Cube_024.ply"/>
        <boolean name="face_normals" value="true"/>
        <ref id="mat-Material" name="bsdf"/>
        <transform name="to_world">
            <matrix value="0.8888945032773254 0.4109282408228224 -0.20243807506119094 -0.12594995653294416 -0.3446171459876921 0.30862755854433355 -0.8865253952411729 -0.4788250967951059 -0.301819638066972 0.857791136428582 0.4159504676136033 -0.27641473181005793 0.0 0.0 0.0 1.0"/>
        </transform>
    </shape>
    <shape name="temp29" type="ply">
        <string name="filename" value="meshes/Cube_025.ply"/>
        <boolean name="face_normals" value="true"/>
        <ref id="mat-Material" name="bsdf"/>
        <transform name="to_world">
            <matrix value="0.8798703342215887 0.43213070712085155 -0.19769993253277268 -0.2788918740602449 -0.31949108819258654 0.2299459975845965 -0.9192609478223499 -0.7865143276393041 -0.3517850430919087 0.8719939385469617 0.3403835088726259 -0.760280472903958 0.0 0.0 0.0 1.0"/>
        </transform>
    </shape>
    <shape name="temp30" type="ply">
        <string name="filename" value="meshes/Cube_026.ply"/>
        <boolean name="face_normals" value="true"/>
        <ref id="mat-Material" name="bsdf"/>
        <transform name="to_world">
            <matrix value="0.9004090229723045 0.3440230235095104 -0.266208445837811 -0.3108352724558057 -0.3572414529800878 0.2356402383698738 -0.9037744533239784 -1.1389780301315702 -0.24821754986906655 0.9089014294266233 0.3350751335279024 -0.8677918941356532 0.0 0.0 0.0 1.0"/>
        </transform>
    </shape>
    <shape name="temp31" type="ply">
        <string name="filename" value="meshes/Cube_027.ply"/>
        <boolean name="face_normals" value="true"/>
        <ref id="mat-Material" name="bsdf"/>
        <transform name="to_world">
            <matrix value="0.8425815608118051 0.3284389776877622 -0.4268003040989532 -0.5826120337209796 -0.5104850920257363 0.23455539262822184 -0.8272639226211893 -1.5925541261737497 -0.17161600863079252 0.9149232514918977 0.3652940214202537 -0.9694820192107542 0.0 0.0 0.0 1.0"/>
        </transform>
    </shape>
    <shape name="temp32" type="ply">
        <string name="filename" value="meshes/Cube_028.ply"/>
        <boolean name="face_normals" value="true"/>
        <ref id="mat-Material" name="bsdf"/>
        <transform name="to_world">
            <matrix value="-0.11556749499580693 0.9801085888661996 0.16132970718655987 -1.4660176906831515 -0.815829295406071 -0.001033646696132643 -0.5781871645845753 -2.112228303405012 -0.5665203084249513 -0.19845734351501704 0.7997194933007927 -1.240857133072275 0.0 0.0 0.0 1.0"/>
        </transform>
    </shape>
    <shape name="temp33" type="ply">
        <string name="filename" value="meshes/Cube_029.ply"/>
        <boolean name="face_normals" value="true"/>
        <ref id="mat-Material" name="bsdf"/>
        <transform name="to_world">
            <matrix value="0.008556762353575272 0.9892441539100127 0.14601853528507622 -1.6574616623996001 -0.9903931903969136 -0.011723355992516005 0.13746118979661018 -1.6597189378896648 0.13769462720756276 -0.1458022560452878 0.9796400975650807 0.10594835718129636 0.0 0.0 0.0 1.0"/>
        </transform>
    </shape>
    <shape name="temp34" type="ply">
        <string name="filename" value="meshes/Cube_030.ply"/>
        <boolean name="face_normals" value="true"/>
        <ref id="mat-Material" name="bsdf"/>
        <transform name="to_world">
            <matrix value="-0.034312462709847134 0.982373440911533 -0.1837496066332201 -3.1870150108243767 -0.9784681103568382 0.004385054227313017 0.20617856001875684 -1.94555511856945 0.20335039026993476 0.18687575030600284 0.9610701662953991 0.24075892701118684 0.0 0.0 0.0 1.0"/>
        </transform>
    </shape>
    <shape name="temp35" type="ply">
        <string name="filename" value="meshes/Cube_031.ply"/>
        <boolean name="face_normals" value="true"/>
        <ref id="mat-Material" name="bsdf"/>
        <transform name="to_world">
            <matrix value="0.10576014091523987 0.9890822926726502 0.10262037132032939 -2.047398370469687 -0.6773201903454976 -0.003904266169958471 0.7356747975628587 -0.7544269621218438 0.728043604295539 -0.14731245684917077 0.6695123542563688 0.7702602898281004 0.0 0.0 0.0 1.0"/>
        </transform>
    </shape>
    <shape name="temp36" type="ply">
        <string name="filename" value="meshes/Cube_032.ply"/>
        <boolean name="face_normals" value="true"/>
        <ref id="mat-Material" name="bsdf"/>
        <transform name="to_world">
            <matrix value="0.8018035927358087 0.55872955615396 0.21183429301957685 -0.4973384669558609 -0.24040433791290133 -0.02288818329533627 0.9703820290378569 0.4254885304760801 0.5470535984979443 -0.8289997559566396 0.11600483853962529 -0.255559282321399 0.0 0.0 0.0 1.0"/>
        </transform>
    </shape>
    <shape name="temp37" type="ply">
        <string name="filename" value="meshes/Cube_033.ply"/>
        <boolean name="face_normals" value="true"/>
        <ref id="mat-Material" name="bsdf"/>
        <transform name="to_world">
            <matrix value="0.9787731792981542 0.15581403061596963 0.1331331340678294 -0.1274159378036479 -0.1499792341501382 0.10183327666799466 0.9834204134932563 0.30055248973937154 0.13967720073684414 -0.9825126245507622 0.12304062548313296 -0.4006418854822329 0.0 0.0 0.0 1.0"/>
        </transform>
    </shape>
    <shape name="temp38" type="ply">
        <string name="filename" value="meshes/Cube_034.ply"/>
        <boolean name="face_normals" value="true"/>
        <ref id="mat-Material" name="bsdf"/>
        <transform name="to_world">
            <matrix value="0.9999202165853762 0.005183125340252762 0.011543396745592762 -0.03547099851925184 -0.01229243458203242 0.1814761598838604 0.983318645303463 0.36928878115260944 0.0030018132997179214 -0.9833816900732757 0.1815253503260601 -0.3375842681753302 0.0 0.0 0.0 1.0"/>
        </transform>
    </shape>
    <shape name="temp39" type="ply">
        <string name="filename" value="meshes/Cube_035.ply"/>
        <boolean name="face_normals" value="true"/>
        <ref id="mat-Material" name="bsdf"/>
        <transform name="to_world">
            <matrix value="0.9990937933822317 -0.04250733694461885 0.0022508641431307538 0.00956096984619248 0.006847484694881629 0.2126829543013164 0.9770973111922314 0.09219776832525933 -0.04201253220147262 -0.9761961774883559 0.2127813399927474 -0.132005651756244 0.0 0.0 0.0 1.0"/>
        </transform>
    </shape>
    <shape name="temp40" type="ply">
        <string name="filename" value="meshes/Cube_036.ply"/>
        <boolean name="face_normals" value="true"/>
        <ref id="mat-Material" name="bsdf"/>
        <transform name="to_world">
            <matrix value="0.9998045306341719 -0.01963959905970302 0.002392836086787345 0.005390062682559149 0.0018791897373707286 0.21466241711390568 0.9766865743054352 -0.25177113837238463 -0.019695389139172417 -0.9764908024854878 0.21465732605676988 0.2496992965745476 0.0 0.0 0.0 1.0"/>
        </transform>
    </shape>
    <shape name="temp41" type="ply">
        <string name="filename" value="meshes/Cube_037.ply"/>
        <boolean name="face_normals" value="true"/>
        <ref id="mat-Material" name="bsdf"/>
        <transform name="to_world">
            <matrix value="0.9990343990624562 -0.04386108926772391 0.002621789692312566 -0.0019739300099441692 0.006867355197534871 0.21479768388250042 0.9766345673327184 -0.5687457717246915 -0.043399407297877585 -0.9756731529359252 0.2148914638118936 0.5055617240519048 0.0 0.0 0.0 1.0"/>
        </transform>
    </shape>
    <shape name="temp42" type="ply">
        <string name="filename" value="meshes/Cube_038.ply"/>
        <boolean name="face_normals" value="true"/>
        <ref id="mat-Material" name="bsdf"/>
        <transform name="to_world">
            <matrix value="0.9993353598320648 -0.03636202268143164 0.002645535603264336 0.0027076411369291176 0.005231086011839858 0.2148217753424429 0.976639295239329 -0.903716477780989 -0.036080901268910885 -0.9759760170037732 0.21486923083105725 0.8465012621046151 0.0 0.0 0.0 1.0"/>
        </transform>
    </shape>
    <shape name="temp43" type="ply">
        <string name="filename" value="meshes/Cube_039.ply"/>
        <boolean name="face_normals" value="true"/>
        <ref id="mat-Material" name="bsdf"/>
        <transform name="to_world">
            <matrix value="0.9999652583319436 -0.002677273503401216 -0.007892162571322955 0.018272177139849965 0.008273200252981228 0.4330002249903312 0.9013558292044106 -1.3192910541786032 0.0010041304892904838 -0.9013898792512656 0.4330073094986859 1.4632529909187537 0.0 0.0 0.0 1.0"/>
        </transform>
    </shape>
    <shape name="temp47" type="ply">
        <string name="filename" value="meshes/Plane_001.ply"/>
        <boolean name="face_normals" value="true"/>
        <ref id="mat-Material.002" name="bsdf"/>
    </shape>
    <shape name="temp49" type="ply">
        <string name="filename" value="meshes/Plane_002.ply"/>
        <boolean name="face_normals" value="true"/>
        <ref id="mat-Material.003" name="bsdf"/>
    </shape>
    <shape name="temp51" type="ply">
        <string name="filename" value="meshes/Plane_003.ply"/>
        <boolean name="face_normals" value="true"/>
        <ref id="mat-Material.004" name="bsdf"/>
    </shape>
    <shape name="temp53" type="ply">
        <string name="filename" value="meshes/Plane_004.ply"/>
        <boolean name="face_normals" value="true"/>
        <ref id="mat-Material.005" name="bsdf"/>
    </shape>
    <emitter type="point">
        <rgb name="intensity" value="100"/>
        <animation name="to_world">
            <transform time="0">
                <rotate angle="-142.5518126578256" x="1"/>
                <rotate angle="3.976628485794621e-06" y="1"/>
                <rotate angle="-179.999991348578" z="1"/>
                <translate value="-0.000000 3.030926 4.073377"/>
                <translate x="22.95" y="0.0" z="0.0"/>
            </transform>
            <transform time="0.0015">
                <rotate angle="-142.5518126578256" x="1"/>
                <rotate angle="3.976628485794621e-06" y="1"/>
                <rotate angle="-179.999991348578" z="1"/>
                <translate value="-0.000000 3.030926 4.073377"/>
                <translate x="23.099999999999998" y="0.0" z="0.0"/>
            </transform>
        </animation>
    </emitter>
</scene>
