
<scene version="2.1.0">
    <default name="spp" value="1024"/>
    <default name="resx" value="1280"/>
    <default name="resy" value="720"/>
    <integrator name="temp0" type="path">
        <integer name="max_depth" value="12"/>
    </integrator>
    <sensor name="temp44" type="perspective">
        <string name="fov_axis" value="x"/>
        <float name="fov" value="83.974423"/>
        <float name="principal_point_offset_x" value="0.000000"/>
        <float name="principal_point_offset_y" value="-0.000000"/>
        <float name="near_clip" value="0.100000"/>
        <float name="far_clip" value="1000.000000"/>
        <sampler name="sampler" type="independent">
            <integer name="sample_count" value="$spp"/>
        </sampler>
        <film name="film" type="hdrfilm">
            <integer name="width" value="$resx"/>
            <integer name="height" value="$resy"/>
        </film>
        <float name="shutter_open" value="0.0"/>
        <float name="shutter_close" value="0.0015"/>
        <animation name="to_world">
            <transform time="0">
                <rotate angle="-142.5518126578256" x="1"/>
                <rotate angle="3.976628485794621e-06" y="1"/>
                <rotate angle="-179.999991348578" z="1"/>
                <translate value="-0.000000 3.030926 4.073377"/>
                <translate x="25.65" y="0.0" z="0.0"/>
            </transform>
            <transform time="0.0015">
                <rotate angle="-142.5518126578256" x="1"/>
                <rotate angle="3.976628485794621e-06" y="1"/>
                <rotate angle="-179.999991348578" z="1"/>
                <translate value="-0.000000 3.030926 4.073377"/>
                <translate x="25.8" y="0.0" z="0.0"/>
            </transform>
        </animation>
    </sensor>
    <bsdf id="mat-Material" name="mat-Material" type="twosided">
        <bsdf name="bsdf" type="diffuse">
            <texture name="reflectance" type="bitmap">
                <string name="filename" value="textures/siggraph_2023_logo.jpg"/>
            </texture>
        </bsdf>
    </bsdf>
    <bsdf id="mat-Material.001" name="mat-Material.001" type="twosided">
        <bsdf name="bsdf" type="principled">
            <rgb name="base_color" value="0.433648 0.266232 0.084399"/>
            <float name="spec_tint" value="0.000000"/>
            <float name="spec_trans" value="0.000000"/>
            <float name="metallic" value="0.000000"/>
            <float name="anisotropic" value="0.000000"/>
            <float name="roughness" value="0.500000"/>
            <float name="sheen" value="0.000000"/>
            <float name="sheen_tint" value="0.500000"/>
            <float name="clearcoat" value="0.000000"/>
            <float name="clearcoat_gloss" value="0.173205"/>
            <float name="specular" value="0.500000"/>
        </bsdf>
    </bsdf>
    <bsdf id="mat-Material.002" name="mat-Material.002" type="twosided">
        <bsdf name="bsdf" type="principled">
            <rgb name="base_color" value="0.433648 0.266232 0.084399"/>
            <float name="spec_tint" value="0.000000"/>
            <float name="spec_trans" value="0.000000"/>
            <float name="metallic" value="0.000000"/>
            <float name="anisotropic" value="0.000000"/>
            <float name="roughness" value="0.500000"/>
            <float name="sheen" value="0.000000"/>
            <float name="sheen_tint" value="0.500000"/>
            <float name="clearcoat" value="0.000000"/>
            <float name="clearcoat_gloss" value="0.173205"/>
            <float name="specular" value="0.500000"/>
        </bsdf>
    </bsdf>
    <bsdf id="mat-Material.003" name="mat-Material.003" type="twosided">
        <bsdf name="bsdf" type="principled">
            <rgb name="base_color" value="0.433648 0.266232 0.084399"/>
            <float name="spec_tint" value="0.000000"/>
            <float name="spec_trans" value="0.000000"/>
            <float name="metallic" value="0.000000"/>
            <float name="anisotropic" value="0.000000"/>
            <float name="roughness" value="0.500000"/>
            <float name="sheen" value="0.000000"/>
            <float name="sheen_tint" value="0.500000"/>
            <float name="clearcoat" value="0.000000"/>
            <float name="clearcoat_gloss" value="0.173205"/>
            <float name="specular" value="0.500000"/>
        </bsdf>
    </bsdf>
    <bsdf id="mat-Material.004" name="mat-Material.004" type="twosided">
        <bsdf name="bsdf" type="principled">
            <rgb name="base_color" value="0.433648 0.266232 0.084399"/>
            <float name="spec_tint" value="0.000000"/>
            <float name="spec_trans" value="0.000000"/>
            <float name="metallic" value="0.000000"/>
            <float name="anisotropic" value="0.000000"/>
            <float name="roughness" value="0.500000"/>
            <float name="sheen" value="0.000000"/>
            <float name="sheen_tint" value="0.500000"/>
            <float name="clearcoat" value="0.000000"/>
            <float name="clearcoat_gloss" value="0.173205"/>
            <float name="specular" value="0.500000"/>
        </bsdf>
    </bsdf>
    <bsdf id="mat-Material.005" name="mat-Material.005" type="twosided">
        <bsdf name="bsdf" type="principled">
            <rgb name="base_color" value="0.433648 0.266232 0.084399"/>
            <float name="spec_tint" value="0.000000"/>
            <float name="spec_trans" value="0.000000"/>
            <float name="metallic" value="0.000000"/>
            <float name="anisotropic" value="0.000000"/>
            <float name="roughness" value="0.500000"/>
            <float name="sheen" value="0.000000"/>
            <float name="sheen_tint" value="0.500000"/>
            <float name="clearcoat" value="0.000000"/>
            <float name="clearcoat_gloss" value="0.173205"/>
            <float name="specular" value="0.500000"/>
        </bsdf>
    </bsdf>
    <emitter name="temp45" type="point">
        <point name="position" x="-6.815235034541981e-16" y="3.0693089962005615" z="4.109199523925781"/>
        <rgb name="intensity" value="7.957747 7.957747 7.957747"/>
    </emitter>
    <shape name="temp2" type="ply">
        <string name="filename" value="meshes/Cube.ply"/>
        <boolean name="face_normals" value="true"/>
        <ref id="mat-Material" name="bsdf"/>
        <transform name="to_world">
            <matrix value="0.9999991135176153 0.00014699117480805054 0.0013819611923969587 -0.002267555017062106 -0.00014633497155278028 0.9999992699557594 -0.00047988843085980295 -0.016844963554476955 -0.0013820260377606038 0.0004796859975428796 0.9999983452326863 0.003135933106617972 0.0 0.0 0.0 1.0"/>
        </transform>
    </shape>
    <shape name="temp4" type="ply">
        <string name="filename" value="meshes/Plane.ply"/>
        <boolean name="face_normals" value="true"/>
        <ref id="mat-Material.001" name="bsdf"/>
    </shape>
    <shape name="temp5" type="ply">
        <string name="filename" value="meshes/Cube_001.ply"/>
        <boolean name="face_normals" value="true"/>
        <ref id="mat-Material" name="bsdf"/>
        <transform name="to_world">
            <matrix value="0.9999986702764229 -0.0001913564847744059 -0.0016662466709627577 0.002254070148987486 0.00019563868396371096 0.9999959326106591 0.0025650607228685533 -0.020671904610913006 0.0016657912653117671 -0.0025653785905140137 0.9999947993027283 -0.003549117637712429 0.0 0.0 0.0 1.0"/>
        </transform>
    </shape>
    <shape name="temp6" type="ply">
        <string name="filename" value="meshes/Cube_002.ply"/>
        <boolean name="face_normals" value="true"/>
        <ref id="mat-Material" name="bsdf"/>
        <transform name="to_world">
            <matrix value="1.0 -8.888622364801022e-06 0.0003659565193340649 -0.0008582894049118384 9.612682548885072e-06 0.9999960369026935 -0.0019668128141398446 -0.01643595864949246 -0.0003659268527925082 0.0019668136489071238 0.999995981279381 0.0005955001459557185 0.0 0.0 0.0 1.0"/>
        </transform>
    </shape>
    <shape name="temp7" type="ply">
        <string name="filename" value="meshes/Cube_003.ply"/>
        <boolean name="face_normals" value="true"/>
        <ref id="mat-Material" name="bsdf"/>
        <transform name="to_world">
            <matrix value="0.9999991135176153 0.0005660971626309126 0.0013296055365677572 -0.0012212328905976122 -0.0005718298946681631 0.9999900922567337 0.004311685352141576 -0.01756081443462798 -0.0013270729947325215 -0.004312440162445273 0.9999895986054568 0.0040684921324251055 0.0 0.0 0.0 1.0"/>
        </transform>
    </shape>
    <shape name="temp8" type="ply">
        <string name="filename" value="meshes/Cube_004.ply"/>
        <boolean name="face_normals" value="true"/>
        <ref id="mat-Material" name="bsdf"/>
        <transform name="to_world">
            <matrix value="0.9999995567588077 -0.00024300711480258562 0.001057750906457895 -0.0004986452631914329 0.0002445924574532779 0.9999986442035531 -0.0014949569784137966 -0.01843764848284224 -0.0010573075402418677 0.001495215081462508 0.9999982270350211 0.0032473513050563924 0.0 0.0 0.0 1.0"/>
        </transform>
    </shape>
    <shape name="temp9" type="ply">
        <string name="filename" value="meshes/Cube_005.ply"/>
        <boolean name="face_normals" value="true"/>
        <ref id="mat-Material" name="bsdf"/>
        <transform name="to_world">
            <matrix value="0.9999997783794039 -9.25956827269447e-05 0.0008009333833230659 -0.0006531673076872746 9.286634327789273e-05 0.9999959326106591 -0.00033379020670880485 -0.018015150973074684 -0.0007999439743132864 0.0003338680038296035 0.9999957448840504 0.0019263195492855711 0.0 0.0 0.0 1.0"/>
        </transform>
    </shape>
    <shape name="temp10" type="ply">
        <string name="filename" value="meshes/Cube_006.ply"/>
        <boolean name="face_normals" value="true"/>
        <ref id="mat-Material" name="bsdf"/>
        <transform name="to_world">
            <matrix value="0.9999991135176153 -0.00011135124931427987 -0.0013700917828510318 -0.0011826160656567275 0.00011328712987144232 0.9999989570796561 0.0014116051668454604 -0.017129463925533328 0.0013699189045914468 -0.0014117605955492334 0.9999981088373557 -0.0032610524826255927 0.0 0.0 0.0 1.0"/>
        </transform>
    </shape>
    <shape name="temp11" type="ply">
        <string name="filename" value="meshes/Cube_007.ply"/>
        <boolean name="face_normals" value="true"/>
        <ref id="mat-Material" name="bsdf"/>
        <transform name="to_world">
            <matrix value="0.999997562173442 -0.0022758096712089323 -7.732715837210612e-05 0.0006470325862624193 0.0022762230354220632 0.999980393097536 0.0058303125950013735 -0.01724796185255828 6.404081719492152e-05 -0.005830481641473187 0.9999830977338671 0.00010724951323426435 0.0 0.0 0.0 1.0"/>
        </transform>
    </shape>
    <shape name="temp12" type="ply">
        <string name="filename" value="meshes/Cube_008.ply"/>
        <boolean name="face_normals" value="true"/>
        <ref id="mat-Material" name="bsdf"/>
        <transform name="to_world">
            <matrix value="0.999998670276423 0.0016763035982837703 9.862661404821804e-05 0.0001517371524026867 -0.0016760722447684243 0.9999955154425215 -0.0023123765720880467 -0.016872624012276377 -0.00010280425405166774 0.002312212805810318 0.9999971632560336 -2.0945676663886026e-05 0.0 0.0 0.0 1.0"/>
        </transform>
    </shape>
    <shape name="temp13" type="ply">
        <string name="filename" value="meshes/Cube_009.ply"/>
        <boolean name="face_normals" value="true"/>
        <ref id="mat-Material" name="bsdf"/>
        <transform name="to_world">
            <matrix value="0.9999993351382115 -0.00025585130458905805 0.0009099837312733529 0.001629435013210001 0.0002556792493976352 0.9999994785398281 0.00019199780530575138 -0.018024986926718528 -0.0009103642201525814 -0.00019176729109784054 0.9999995272093389 0.0015320529481019918 0.0 0.0 0.0 1.0"/>
        </transform>
    </shape>
    <shape name="temp14" type="ply">
        <string name="filename" value="meshes/Cube_010.ply"/>
        <boolean name="face_normals" value="true"/>
        <ref id="mat-Material" name="bsdf"/>
        <transform name="to_world">
            <matrix value="0.999982491972902 -0.0004953475323461745 0.005913169158352249 0.01237407152073422 0.0004941806863855808 0.9999997914159312 0.0001988617801230296 -0.018350719327752146 -0.005913269666168463 -0.0001959349050838195 0.999982624943206 0.009717261145699152 0.0 0.0 0.0 1.0"/>
        </transform>
    </shape>
    <shape name="temp15" type="ply">
        <string name="filename" value="meshes/Cube_011.ply"/>
        <boolean name="face_normals" value="true"/>
        <ref id="mat-Material" name="bsdf"/>
        <transform name="to_world">
            <matrix value="0.9999971189322497 -0.002154083137438129 -0.0010814034412541056 -0.0023039404683347087 0.0021533853875789636 0.9999973926991405 -0.0006474277114899005 -0.02184787186857365 0.0010827939088022382 0.0006450994215963773 0.9999992908140084 -0.001626997501586902 0.0 0.0 0.0 1.0"/>
        </transform>
    </shape>
    <shape name="temp16" type="ply">
        <string name="filename" value="meshes/Cube_012.ply"/>
        <boolean name="face_normals" value="true"/>
        <ref id="mat-Material" name="bsdf"/>
        <transform name="to_world">
            <matrix value="0.999771065924149 0.019102165519801928 0.0029716973326569278 0.05909301766956132 -0.01915841129945907 0.999589610844703 0.01769454508318988 0.03013579825577481 -0.002563638354192264 -0.017756202768744928 0.9998102927472494 -0.09986443451875326 0.0 0.0 0.0 1.0"/>
        </transform>
    </shape>
    <shape name="temp17" type="ply">
        <string name="filename" value="meshes/Cube_013.ply"/>
        <boolean name="face_normals" value="true"/>
        <ref id="mat-Material" name="bsdf"/>
        <transform name="to_world">
            <matrix value="0.997393963409553 0.06091140808847302 0.036472017175539134 0.0915415588227721 -0.06556290744946608 0.9875479482628076 0.13985536624492162 0.21055702675255045 -0.02717587322947306 -0.14194106248552948 0.9891093853201337 -0.1959062472912645 0.0 0.0 0.0 1.0"/>
        </transform>
    </shape>
    <shape name="temp18" type="ply">
        <string name="filename" value="meshes/Cube_014.ply"/>
        <boolean name="face_normals" value="true"/>
        <ref id="mat-Material" name="bsdf"/>
        <transform name="to_world">
            <matrix value="0.9873851340450014 0.1561529901569178 -0.021117206696039573 -0.004028256983661549 -0.12007800601744242 0.8330842491912154 0.5373072018783027 0.5519798695769167 0.10227743973249508 -0.5279492222942996 0.8415302626210285 -0.2847545747032238 0.0 0.0 0.0 1.0"/>
        </transform>
    </shape>
    <shape name="temp19" type="ply">
        <string name="filename" value="meshes/Cube_015.ply"/>
        <boolean name="face_normals" value="true"/>
        <ref id="mat-Material" name="bsdf"/>
        <transform name="to_world">
            <matrix value="0.9845262283543164 0.17447759077057212 0.006859814259460896 0.0030177360542528175 -0.11711742079723134 0.6335521032574575 0.7633506626870301 0.4885258365928513 0.1293175681306037 -0.7522728363053087 0.6443418068451577 -0.25098356435117986 0.0 0.0 0.0 1.0"/>
        </transform>
    </shape>
    <shape name="temp20" type="ply">
        <string name="filename" value="meshes/Cube_016.ply"/>
        <boolean name="face_normals" value="true"/>
        <ref id="mat-Material" name="bsdf"/>
        <transform name="to_world">
            <matrix value="0.9826807936499494 0.17295067195357755 0.06561482170354986 0.08151643852733464 -0.15546243796839512 0.5824019707022817 0.7971579134991662 0.2640365799155734 0.0999057890845651 -0.7935197101515781 0.5993038866701874 -0.20762668617270155 0.0 0.0 0.0 1.0"/>
        </transform>
    </shape>
    <shape name="temp21" type="ply">
        <string name="filename" value="meshes/Cube_017.ply"/>
        <boolean name="face_normals" value="true"/>
        <ref id="mat-Material" name="bsdf"/>
        <transform name="to_world">
            <matrix value="0.9512558795944166 0.22726444079654085 0.20819529421999233 0.20569541961845078 -0.30303642378822293 0.5641209328713892 0.7674942000405653 0.0924069400181752 0.057151851773053416 -0.7931912945353061 0.605506072759646 -0.16609079993609577 0.0 0.0 0.0 1.0"/>
        </transform>
    </shape>
    <shape name="temp22" type="ply">
        <string name="filename" value="meshes/Cube_018.ply"/>
        <boolean name="face_normals" value="true"/>
        <ref id="mat-Material" name="bsdf"/>
        <transform name="to_world">
            <matrix value="0.04857147796116143 0.9913324976064978 0.12187186332945804 0.8887358850669895 -0.6743901444434397 -0.05756849379358103 0.735686971922381 0.08607442358036885 0.7363173660126199 -0.11798094793115892 0.6657560324542422 -0.3648931857807398 0.0 0.0 0.0 1.0"/>
        </transform>
    </shape>
    <shape name="temp23" type="ply">
        <string name="filename" value="meshes/Cube_019.ply"/>
        <boolean name="face_normals" value="true"/>
        <ref id="mat-Material" name="bsdf"/>
        <transform name="to_world">
            <matrix value="-0.08162805149398877 0.9894559710318447 -0.11962714782887435 0.45031298065778 -0.8595410769342603 -0.009143170018960292 0.5109566871747495 -0.09742528877183027 0.5044765144221819 0.14453696422574636 0.8512237713470894 -0.032175560746531495 0.0 0.0 0.0 1.0"/>
        </transform>
    </shape>
    <shape name="temp24" type="ply">
        <string name="filename" value="meshes/Cube_020.ply"/>
        <boolean name="face_normals" value="true"/>
        <ref id="mat-Material" name="bsdf"/>
        <transform name="to_world">
            <matrix value="0.10735242953773699 0.9940889100563651 0.014305498963550042 -0.1670145181267104 -0.9037511817046884 0.1035722332656968 -0.41523229933012196 0.2742268535187301 -0.41428804249599727 0.03160775485673848 0.9095802041093429 0.1290409057955586 0.0 0.0 0.0 1.0"/>
        </transform>
    </shape>
    <shape name="temp25" type="ply">
        <string name="filename" value="meshes/Cube_021.ply"/>
        <boolean name="face_normals" value="true"/>
        <ref id="mat-Material" name="bsdf"/>
        <transform name="to_world">
            <matrix value="0.2545388119717673 0.9480815480275249 -0.18847681505516758 -0.22362809790892582 -0.7349329021483013 0.06341884932512626 -0.6745137702643987 0.18452422972138316 -0.6278148031920459 0.3100325808315413 0.7136871950795731 0.17056650778873345 0.0 0.0 0.0 1.0"/>
        </transform>
    </shape>
    <shape name="temp26" type="ply">
        <string name="filename" value="meshes/Cube_022.ply"/>
        <boolean name="face_normals" value="true"/>
        <ref id="mat-Material" name="bsdf"/>
        <transform name="to_world">
            <matrix value="0.6891983894388034 0.49203114994482955 -0.5313021694945064 -0.11366017115843785 -0.6075212268207019 -0.006431556266595471 -0.7939575935144468 -0.04896234128867001 -0.3944687266744323 0.8703692772353433 0.29446797103306177 0.5600189692315405 0.0 0.0 0.0 1.0"/>
        </transform>
    </shape>
    <shape name="temp27" type="ply">
        <string name="filename" value="meshes/Cube_023.ply"/>
        <boolean name="face_normals" value="true"/>
        <ref id="mat-Material" name="bsdf"/>
        <transform name="to_world">
            <matrix value="0.8670123504725837 0.31378532110474466 -0.38682916324090433 -0.09795444375456641 -0.4554571412361465 0.18497169514186845 -0.8707447067539564 -0.25833644768139596 -0.2017653631829682 0.9312699849610887 0.303269678374697 0.1568637401948063 0.0 0.0 0.0 1.0"/>
        </transform>
    </shape>
    <shape name="temp28" type="ply">
        <string name="filename" value="meshes/Cube_024.ply"/>
        <boolean name="face_normals" value="true"/>
        <ref id="mat-Material" name="bsdf"/>
        <transform name="to_world">
            <matrix value="0.89733558854452 0.3216562409396295 -0.3019477556863715 -0.1233078556984244 -0.3733924971676888 0.1891471936056468 -0.9081063977559464 -0.5063125785447091 -0.2350737641992316 0.9277399081812929 0.28983332238034965 -0.21381322330900468 0.0 0.0 0.0 1.0"/>
        </transform>
    </shape>
    <shape name="temp29" type="ply">
        <string name="filename" value="meshes/Cube_025.ply"/>
        <boolean name="face_normals" value="true"/>
        <ref id="mat-Material" name="bsdf"/>
        <transform name="to_world">
            <matrix value="0.8880598801121222 0.40075820308996446 -0.2252608149681741 -0.28779001434279305 -0.32081258964553117 0.1892646994407861 -0.9280392520262626 -0.7921414345953418 -0.32928594287152924 0.8964206973799755 0.29664670859689446 -0.747196558534784 0.0 0.0 0.0 1.0"/>
        </transform>
    </shape>
    <shape name="temp30" type="ply">
        <string name="filename" value="meshes/Cube_026.ply"/>
        <boolean name="face_normals" value="true"/>
        <ref id="mat-Material" name="bsdf"/>
        <transform name="to_world">
            <matrix value="0.9226936387797038 0.2569971611708241 -0.2873663007109353 -0.30303628861255877 -0.3426887365321164 0.20527463221414077 -0.9167462924938337 -1.1305489550603165 -0.1766114920030424 0.9443547764708827 0.2774808389764839 -0.851158490015959 0.0 0.0 0.0 1.0"/>
        </transform>
    </shape>
    <shape name="temp31" type="ply">
        <string name="filename" value="meshes/Cube_027.ply"/>
        <boolean name="face_normals" value="true"/>
        <ref id="mat-Material" name="bsdf"/>
        <transform name="to_world">
            <matrix value="0.8796841729207998 0.1960261501847012 -0.4331514192466459 -0.5113281718162621 -0.46840820563554586 0.20098074143293082 -0.8603417756409741 -1.5604779892618221 -0.08161032184629459 0.9597397287989938 0.268592374548544 -0.9877935473100774 0.0 0.0 0.0 1.0"/>
        </transform>
    </shape>
    <shape name="temp32" type="ply">
        <string name="filename" value="meshes/Cube_028.ply"/>
        <boolean name="face_normals" value="true"/>
        <ref id="mat-Material" name="bsdf"/>
        <transform name="to_world">
            <matrix value="-0.11079835273843272 0.9806561220467104 0.16135625438217843 -1.4593023180235143 -0.8293339680547208 -0.001774745892458226 -0.5587051162095805 -2.1036736336700157 -0.5476116391591183 -0.19573010681590164 0.8134877483392047 -1.1985119963130948 0.0 0.0 0.0 1.0"/>
        </transform>
    </shape>
    <shape name="temp33" type="ply">
        <string name="filename" value="meshes/Cube_029.ply"/>
        <boolean name="face_normals" value="true"/>
        <ref id="mat-Material" name="bsdf"/>
        <transform name="to_world">
            <matrix value="-0.004669215746763896 0.986850130260751 0.16156155190697752 -1.664854620818568 -0.9998931788726426 -0.0024773196112827297 -0.013728363326384885 -1.9124911754219256 -0.01314624565845252 -0.16161262601085055 0.9867564243977002 -0.20584549161644983 0.0 0.0 0.0 1.0"/>
        </transform>
    </shape>
    <shape name="temp34" type="ply">
        <string name="filename" value="meshes/Cube_030.ply"/>
        <boolean name="face_normals" value="true"/>
        <ref id="mat-Material" name="bsdf"/>
        <transform name="to_world">
            <matrix value="-0.04482427838672362 0.9821533868302041 -0.18266095195760554 -3.2094494374677236 -0.9664953572239439 0.0036188454467828597 0.25663226038822284 -1.8374997448399466 0.25271318978655427 0.18804680210273333 0.9490847275282808 0.33763477692591726 0.0 0.0 0.0 1.0"/>
        </transform>
    </shape>
    <shape name="temp35" type="ply">
        <string name="filename" value="meshes/Cube_031.ply"/>
        <boolean name="face_normals" value="true"/>
        <ref id="mat-Material" name="bsdf"/>
        <transform name="to_world">
            <matrix value="0.09923022302123835 0.9870235679139299 0.12622989398615006 -2.0333088807251825 -0.7919596490948129 0.0015559443330837278 0.610506661384019 -1.234371757250838 0.602389158675028 -0.1605600482246367 0.7818358319531786 0.5898693309633898 0.0 0.0 0.0 1.0"/>
        </transform>
    </shape>
    <shape name="temp36" type="ply">
        <string name="filename" value="meshes/Cube_032.ply"/>
        <boolean name="face_normals" value="true"/>
        <ref id="mat-Material" name="bsdf"/>
        <transform name="to_world">
            <matrix value="0.7738574571784684 0.580138937848205 0.25413065380802147 -0.5458899792070431 -0.28836888570937214 -0.03451030718175807 0.9568970938030854 0.27810321276304484 0.5639034124252917 -0.8137855296888135 0.14058864092069362 -0.19769140193363066 0.0 0.0 0.0 1.0"/>
        </transform>
    </shape>
    <shape name="temp37" type="ply">
        <string name="filename" value="meshes/Cube_033.ply"/>
        <boolean name="face_normals" value="true"/>
        <ref id="mat-Material" name="bsdf"/>
        <transform name="to_world">
            <matrix value="0.9788398870976035 0.15706064373215303 0.13116409098194365 -0.12970669564629023 -0.1494783937648375 0.11108960145841981 0.9825002446691671 0.30134958560612846 0.13974277827125298 -0.9813164992084235 0.13221659391206378 -0.39705574743886873 0.0 0.0 0.0 1.0"/>
        </transform>
    </shape>
    <shape name="temp38" type="ply">
        <string name="filename" value="meshes/Cube_034.ply"/>
        <boolean name="face_normals" value="true"/>
        <ref id="mat-Material" name="bsdf"/>
        <transform name="to_world">
            <matrix value="0.9999242057561075 0.0037474578816619145 0.011750549973736478 -0.03586136962838693 -0.012234511823015565 0.18082290586809563 0.9834396797126945 0.3695232252715378 0.0015606300762197555 -0.9835085091870854 0.18085502772680834 -0.34395118887004444 0.0 0.0 0.0 1.0"/>
        </transform>
    </shape>
    <shape name="temp39" type="ply">
        <string name="filename" value="meshes/Cube_035.ply"/>
        <boolean name="face_normals" value="true"/>
        <ref id="mat-Material" name="bsdf"/>
        <transform name="to_world">
            <matrix value="0.9990572259838625 -0.043341214334731544 0.002487658981769665 0.009465101561763056 0.0067783257716385915 0.21233399315427087 0.9771736668839928 0.09193749166898149 -0.04288011034932725 -0.9762354955853183 0.21242756256084222 -0.1356644602289852 0.0 0.0 0.0 1.0"/>
        </transform>
    </shape>
    <shape name="temp40" type="ply">
        <string name="filename" value="meshes/Cube_036.ply"/>
        <boolean name="face_normals" value="true"/>
        <ref id="mat-Material" name="bsdf"/>
        <transform name="to_world">
            <matrix value="0.9997451363143963 -0.02242437263126717 0.002656327050103045 0.005325117166216531 0.0021831667632932466 0.21306904341260224 0.9770347846273062 -0.2510453602239364 -0.022475373519352797 -0.9767796914207287 0.21306371421506587 0.24398060339090466 0.0 0.0 0.0 1.0"/>
        </transform>
    </shape>
    <shape name="temp41" type="ply">
        <string name="filename" value="meshes/Cube_037.ply"/>
        <boolean name="face_normals" value="true"/>
        <ref id="mat-Material" name="bsdf"/>
        <transform name="to_world">
            <matrix value="0.9989812101193738 -0.04503856719431483 0.0028588232902353123 -0.0021797699279404448 0.006812916314289919 0.21312963708457877 0.9770002709090488 -0.5691259690704528 -0.044612004389860765 -0.9759852989948334 0.21321928598208784 0.5080732211559187 0.0 0.0 0.0 1.0"/>
        </transform>
    </shape>
    <shape name="temp42" type="ply">
        <string name="filename" value="meshes/Cube_038.ply"/>
        <boolean name="face_normals" value="true"/>
        <ref id="mat-Material" name="bsdf"/>
        <transform name="to_world">
            <matrix value="0.9992987924336956 -0.03732497189329674 0.002995140657585619 0.0038296427225832375 0.005034679190889798 0.21319231659724294 0.9769974341650824 -0.9045855365431776 -0.03710493912525464 -0.9762970278856042 0.21323073933585204 0.8527959976424071 0.0 0.0 0.0 1.0"/>
        </transform>
    </shape>
    <shape name="temp43" type="ply">
        <string name="filename" value="meshes/Cube_039.ply"/>
        <boolean name="face_normals" value="true"/>
        <ref id="mat-Material" name="bsdf"/>
        <transform name="to_world">
            <matrix value="0.9999659555310384 -0.003630700124848737 -0.007436761280692925 0.018612410765368903 0.008275549819932813 0.4330030386781935 0.9013544558733406 -1.3192841351397537 -5.239879328568786e-05 -0.9013852076023448 0.43301823645448134 1.4677297918491565 0.0 0.0 0.0 1.0"/>
        </transform>
    </shape>
    <shape name="temp47" type="ply">
        <string name="filename" value="meshes/Plane_001.ply"/>
        <boolean name="face_normals" value="true"/>
        <ref id="mat-Material.002" name="bsdf"/>
    </shape>
    <shape name="temp49" type="ply">
        <string name="filename" value="meshes/Plane_002.ply"/>
        <boolean name="face_normals" value="true"/>
        <ref id="mat-Material.003" name="bsdf"/>
    </shape>
    <shape name="temp51" type="ply">
        <string name="filename" value="meshes/Plane_003.ply"/>
        <boolean name="face_normals" value="true"/>
        <ref id="mat-Material.004" name="bsdf"/>
    </shape>
    <shape name="temp53" type="ply">
        <string name="filename" value="meshes/Plane_004.ply"/>
        <boolean name="face_normals" value="true"/>
        <ref id="mat-Material.005" name="bsdf"/>
    </shape>
    <emitter type="point">
        <rgb name="intensity" value="100"/>
        <animation name="to_world">
            <transform time="0">
                <rotate angle="-142.5518126578256" x="1"/>
                <rotate angle="3.976628485794621e-06" y="1"/>
                <rotate angle="-179.999991348578" z="1"/>
                <translate value="-0.000000 3.030926 4.073377"/>
                <translate x="25.65" y="0.0" z="0.0"/>
            </transform>
            <transform time="0.0015">
                <rotate angle="-142.5518126578256" x="1"/>
                <rotate angle="3.976628485794621e-06" y="1"/>
                <rotate angle="-179.999991348578" z="1"/>
                <translate value="-0.000000 3.030926 4.073377"/>
                <translate x="25.8" y="0.0" z="0.0"/>
            </transform>
        </animation>
    </emitter>
</scene>
