
<scene version="2.1.0">
    <default name="spp" value="1024"/>
    <default name="resx" value="640"/>
    <default name="resy" value="360"/>
    <integrator name="temp0" type="path">
        <integer name="max_depth" value="12"/>
    </integrator>
    <sensor name="temp44" type="perspective">
        <string name="fov_axis" value="x"/>
        <float name="fov" value="83.974423"/>
        <float name="principal_point_offset_x" value="0.000000"/>
        <float name="principal_point_offset_y" value="-0.000000"/>
        <float name="near_clip" value="0.100000"/>
        <float name="far_clip" value="1000.000000"/>
        <sampler name="sampler" type="independent">
            <integer name="sample_count" value="$spp"/>
        </sampler>
        <film name="film" type="hdrfilm">
            <integer name="width" value="$resx"/>
            <integer name="height" value="$resy"/>
        </film>
        <float name="shutter_open" value="0.0"/>
        <float name="shutter_close" value="0.0015"/>
        <animation name="to_world">
            <transform time="0">
                <rotate angle="-142.5518126578256" x="1"/>
                <rotate angle="3.976628485794621e-06" y="1"/>
                <rotate angle="-179.999991348578" z="1"/>
                <translate value="-0.000000 3.030926 4.073377"/>
            </transform>
            <transform time="0.0015">
                <rotate angle="-142.5518126578256" x="1"/>
                <rotate angle="3.976628485794621e-06" y="1"/>
                <rotate angle="-179.999991348578" z="1"/>
                <translate value="-0.000000 3.030926 4.073377"/>
                <translate x="0.15" y="0.0" z="0.0"/>
            </transform>
        </animation>
    </sensor>
    <bsdf id="mat-Material" name="mat-Material" type="twosided">
        <bsdf name="bsdf" type="diffuse">
            <texture name="reflectance" type="bitmap">
                <string name="filename" value="textures/siggraph_2023_logo.jpg"/>
            </texture>
        </bsdf>
    </bsdf>
    <bsdf id="mat-Material.001" name="mat-Material.001" type="twosided">
        <bsdf name="bsdf" type="principled">
            <rgb name="base_color" value="0.433648 0.266232 0.084399"/>
            <float name="spec_tint" value="0.000000"/>
            <float name="spec_trans" value="0.000000"/>
            <float name="metallic" value="0.000000"/>
            <float name="anisotropic" value="0.000000"/>
            <float name="roughness" value="0.500000"/>
            <float name="sheen" value="0.000000"/>
            <float name="sheen_tint" value="0.500000"/>
            <float name="clearcoat" value="0.000000"/>
            <float name="clearcoat_gloss" value="0.173205"/>
            <float name="specular" value="0.500000"/>
        </bsdf>
    </bsdf>
    <bsdf id="mat-Material.002" name="mat-Material.002" type="twosided">
        <bsdf name="bsdf" type="principled">
            <rgb name="base_color" value="0.433648 0.266232 0.084399"/>
            <float name="spec_tint" value="0.000000"/>
            <float name="spec_trans" value="0.000000"/>
            <float name="metallic" value="0.000000"/>
            <float name="anisotropic" value="0.000000"/>
            <float name="roughness" value="0.500000"/>
            <float name="sheen" value="0.000000"/>
            <float name="sheen_tint" value="0.500000"/>
            <float name="clearcoat" value="0.000000"/>
            <float name="clearcoat_gloss" value="0.173205"/>
            <float name="specular" value="0.500000"/>
        </bsdf>
    </bsdf>
    <bsdf id="mat-Material.003" name="mat-Material.003" type="twosided">
        <bsdf name="bsdf" type="principled">
            <rgb name="base_color" value="0.433648 0.266232 0.084399"/>
            <float name="spec_tint" value="0.000000"/>
            <float name="spec_trans" value="0.000000"/>
            <float name="metallic" value="0.000000"/>
            <float name="anisotropic" value="0.000000"/>
            <float name="roughness" value="0.500000"/>
            <float name="sheen" value="0.000000"/>
            <float name="sheen_tint" value="0.500000"/>
            <float name="clearcoat" value="0.000000"/>
            <float name="clearcoat_gloss" value="0.173205"/>
            <float name="specular" value="0.500000"/>
        </bsdf>
    </bsdf>
    <bsdf id="mat-Material.004" name="mat-Material.004" type="twosided">
        <bsdf name="bsdf" type="principled">
            <rgb name="base_color" value="0.433648 0.266232 0.084399"/>
            <float name="spec_tint" value="0.000000"/>
            <float name="spec_trans" value="0.000000"/>
            <float name="metallic" value="0.000000"/>
            <float name="anisotropic" value="0.000000"/>
            <float name="roughness" value="0.500000"/>
            <float name="sheen" value="0.000000"/>
            <float name="sheen_tint" value="0.500000"/>
            <float name="clearcoat" value="0.000000"/>
            <float name="clearcoat_gloss" value="0.173205"/>
            <float name="specular" value="0.500000"/>
        </bsdf>
    </bsdf>
    <bsdf id="mat-Material.005" name="mat-Material.005" type="twosided">
        <bsdf name="bsdf" type="principled">
            <rgb name="base_color" value="0.433648 0.266232 0.084399"/>
            <float name="spec_tint" value="0.000000"/>
            <float name="spec_trans" value="0.000000"/>
            <float name="metallic" value="0.000000"/>
            <float name="anisotropic" value="0.000000"/>
            <float name="roughness" value="0.500000"/>
            <float name="sheen" value="0.000000"/>
            <float name="sheen_tint" value="0.500000"/>
            <float name="clearcoat" value="0.000000"/>
            <float name="clearcoat_gloss" value="0.173205"/>
            <float name="specular" value="0.500000"/>
        </bsdf>
    </bsdf>
    <emitter name="temp45" type="point">
        <point name="position" x="-6.815235034541981e-16" y="3.0693089962005615" z="4.109199523925781"/>
        <rgb name="intensity" value="7.957747 7.957747 7.957747"/>
    </emitter>
    <shape name="temp2" type="ply">
        <string name="filename" value="meshes/Cube.ply"/>
        <boolean name="face_normals" value="true"/>
        <ref id="mat-Material" name="bsdf"/>
        <transform name="to_world">
            <matrix value="0.9999632109810347 0.007131230666864126 0.0048074299997967005 -0.11660412500755513 0.008584300928856243 -0.7934750731608621 -0.6085420979896469 1.5947315788107455 -0.0005250679488747879 0.6085609159343628 -0.793507024014456 3.939821021427046 0.0 0.0 0.0 1.0"/>
            <scale value="1"/>
        </transform>
    </shape>
    <shape name="temp4" type="ply">
        <string name="filename" value="meshes/Plane.ply"/>
        <boolean name="face_normals" value="true"/>
        <ref id="mat-Material.001" name="bsdf"/>
        <transform name="to_world">
            <scale value="1"/>
        </transform>
    </shape>
    <shape name="temp5" type="ply">
        <string name="filename" value="meshes/Cube_001.ply"/>
        <boolean name="face_normals" value="true"/>
        <ref id="mat-Material" name="bsdf"/>
        <transform name="to_world">
            <matrix value="0.9979571013444392 -0.03336890386986023 -0.05448203182732172 0.050802791275055714 -0.05451246128288185 -1.3529993346168205e-06 -0.9985133097662948 1.1729020072252836 0.03331921610135685 0.9994430805363949 -0.0018203693346086074 1.0401545823123755 0.0 0.0 0.0 1.0"/>
            <scale value="1"/>
        </transform>
    </shape>
    <shape name="temp6" type="ply">
        <string name="filename" value="meshes/Cube_002.ply"/>
        <boolean name="face_normals" value="true"/>
        <ref id="mat-Material" name="bsdf"/>
        <transform name="to_world">
            <matrix value="0.9997969955339017 -0.018681767457965095 0.007554911089352234 -0.03265553148225786 0.011474769824848812 0.21959626467649654 -0.9755233910815607 0.6528610846083409 0.016565474702452187 0.9754119013897957 0.21976598280649481 0.5333384773032304 0.0 0.0 0.0 1.0"/>
            <scale value="1"/>
        </transform>
    </shape>
    <shape name="temp7" type="ply">
        <string name="filename" value="meshes/Cube_003.ply"/>
        <boolean name="face_normals" value="true"/>
        <ref id="mat-Material" name="bsdf"/>
        <transform name="to_world">
            <matrix value="0.9949984663854745 -0.06117528779386888 0.07897022411695706 -0.05372242519703008 0.09086865522395204 0.22592741691575083 -0.969896709424278 0.1372486824571107 0.04149218477129641 0.972221399473951 0.23035639905612074 0.20896818172049714 0.0 0.0 0.0 1.0"/>
            <scale value="1"/>
        </transform>
    </shape>
    <shape name="temp8" type="ply">
        <string name="filename" value="meshes/Cube_004.ply"/>
        <boolean name="face_normals" value="true"/>
        <ref id="mat-Material" name="bsdf"/>
        <transform name="to_world">
            <matrix value="0.9832100236336203 -0.1334004000642439 0.12451048436930434 0.02917050175942304 0.15266968602566897 0.22761089893476116 -0.9617096299420216 -0.3515324899053137 0.09995248454417961 0.9645711615838206 0.24415548004563375 -0.24735750860456823 0.0 0.0 0.0 1.0"/>
            <scale value="1"/>
        </transform>
    </shape>
    <shape name="temp9" type="ply">
        <string name="filename" value="meshes/Cube_005.ply"/>
        <boolean name="face_normals" value="true"/>
        <ref id="mat-Material" name="bsdf"/>
        <transform name="to_world">
            <matrix value="0.980864834484874 -0.17512935341024524 0.0850537633900225 0.09096521603229846 0.12344635097255982 0.22162349324083325 -0.9672869049752234 -0.6096866466762741 0.15055046123678476 0.9592770893344709 0.23900182544474233 -0.6905985238694663 0.0 0.0 0.0 1.0"/>
            <scale value="1"/>
        </transform>
    </shape>
    <shape name="temp10" type="ply">
        <string name="filename" value="meshes/Cube_006.ply"/>
        <boolean name="face_normals" value="true"/>
        <ref id="mat-Material" name="bsdf"/>
        <transform name="to_world">
            <matrix value="0.9864948841101578 -0.153900542944331 -0.0560628783211771 0.039688565287457234 -0.021105465695791158 0.2199877769735703 -0.9752742304031816 -0.5731064742950462 0.16242839438537518 0.9632860751361533 0.21376870418953986 -1.0432157025710926 0.0 0.0 0.0 1.0"/>
            <scale value="1"/>
        </transform>
    </shape>
    <shape name="temp11" type="ply">
        <string name="filename" value="meshes/Cube_007.ply"/>
        <boolean name="face_normals" value="true"/>
        <ref id="mat-Material" name="bsdf"/>
        <transform name="to_world">
            <matrix value="0.9325284959762565 -0.25756169395293926 -0.2530867320283996 0.19401334300540674 -0.2054879464990151 0.1978163333840888 -0.9584589577518993 -0.4063445896887369 0.29692709746164636 0.9457963009701246 0.1315435054874448 -1.774420082338234 0.0 0.0 0.0 1.0"/>
            <scale value="1"/>
        </transform>
    </shape>
    <shape name="temp12" type="ply">
        <string name="filename" value="meshes/Cube_008.ply"/>
        <boolean name="face_normals" value="true"/>
        <ref id="mat-Material" name="bsdf"/>
        <transform name="to_world">
            <matrix value="0.40854081453547436 0.8719790247860449 -0.26971643434521564 1.6269410638326989 -0.494015800662025 -0.03723144279686206 -0.8686554448227295 0.11441567496158894 -0.7674911839326841 0.4881253089651519 0.41556100630655457 0.9134951013626913 0.0 0.0 0.0 1.0"/>
            <scale value="1"/>
        </transform>
    </shape>
    <shape name="temp13" type="ply">
        <string name="filename" value="meshes/Cube_009.ply"/>
        <boolean name="face_normals" value="true"/>
        <ref id="mat-Material" name="bsdf"/>
        <transform name="to_world">
            <matrix value="-0.07500230485420023 0.9905056703579095 0.11520780804320929 2.6234566826815726 -0.8409171901345148 -0.0007314584406672187 -0.5411632825099133 0.9605065456106784 -0.5359410985644304 -0.1374687071750834 0.832988353747646 0.9188044983021615 0.0 0.0 0.0 1.0"/>
            <scale value="1"/>
        </transform>
    </shape>
    <shape name="temp14" type="ply">
        <string name="filename" value="meshes/Cube_010.ply"/>
        <boolean name="face_normals" value="true"/>
        <ref id="mat-Material" name="bsdf"/>
        <transform name="to_world">
            <matrix value="0.018321649495502877 0.9963066018943605 0.08388942182902849 1.9033828399795611 -0.9971929535288204 0.012116164639577159 0.07389242877763284 1.9838394295780946 0.07260312892822507 -0.08500772803974778 0.9937317414156582 -0.245820233735089 0.0 0.0 0.0 1.0"/>
            <scale value="1"/>
        </transform>
    </shape>
    <shape name="temp15" type="ply">
        <string name="filename" value="meshes/Cube_011.ply"/>
        <boolean name="face_normals" value="true"/>
        <ref id="mat-Material" name="bsdf"/>
        <transform name="to_world">
            <matrix value="0.0482665280208217 0.9971647167532638 0.0577316875175228 1.440059513978071 -0.8476912452772651 0.01032409375436723 0.5303895653209941 2.2283865870749153 0.528289869102011 -0.07453868504431369 0.8457860877565657 -1.2736053050765452 0.0 0.0 0.0 1.0"/>
            <scale value="1"/>
        </transform>
    </shape>
    <shape name="temp16" type="ply">
        <string name="filename" value="meshes/Cube_012.ply"/>
        <boolean name="face_normals" value="true"/>
        <ref id="mat-Material" name="bsdf"/>
        <transform name="to_world">
            <matrix value="0.09403322004088457 0.9900538772649623 0.1046476267563582 1.1028293612560143 -0.7439945250847921 3.65320395558828e-05 0.6681855854637674 1.8457082494432868 0.6615361498651661 -0.14068889060391346 0.7365981577239101 -1.8111048882706 0.0 0.0 0.0 1.0"/>
            <scale value="1"/>
        </transform>
    </shape>
    <shape name="temp17" type="ply">
        <string name="filename" value="meshes/Cube_013.ply"/>
        <boolean name="face_normals" value="true"/>
        <ref id="mat-Material" name="bsdf"/>
        <transform name="to_world">
            <matrix value="0.9093425492042048 0.15393979846607275 0.38652125832288864 0.6796647788280474 -0.4080094126699608 0.14821489582268685 0.9008666725607902 1.4664815297537463 0.08139105042843693 -0.9769005658885787 0.19758701830314487 -1.3679322852413158 0.0 0.0 0.0 1.0"/>
            <scale value="1"/>
        </transform>
    </shape>
    <shape name="temp18" type="ply">
        <string name="filename" value="meshes/Cube_014.ply"/>
        <boolean name="face_normals" value="true"/>
        <ref id="mat-Material" name="bsdf"/>
        <transform name="to_world">
            <matrix value="0.9373394358780697 0.3046301491584676 0.16910301210202255 0.11400380975234159 -0.21706478590563927 0.13092473661046716 0.9673374935759569 1.0263638450420598 0.27254041029950693 -0.9434294975418367 0.18884535537546435 -0.8722804233321774 0.0 0.0 0.0 1.0"/>
            <scale value="1"/>
        </transform>
    </shape>
    <shape name="temp19" type="ply">
        <string name="filename" value="meshes/Cube_015.ply"/>
        <boolean name="face_normals" value="true"/>
        <ref id="mat-Material" name="bsdf"/>
        <transform name="to_world">
            <matrix value="0.9835592976931956 0.12654180129030104 0.1288350059878937 0.030040980812164886 -0.14959390241956502 0.17128877838568446 0.9737977051686894 0.6393962714675657 0.10115814491150248 -0.9770605498693221 0.18740254011510563 -0.2943213764800982 0.0 0.0 0.0 1.0"/>
            <scale value="1"/>
        </transform>
    </shape>
    <shape name="temp20" type="ply">
        <string name="filename" value="meshes/Cube_016.ply"/>
        <boolean name="face_normals" value="true"/>
        <ref id="mat-Material" name="bsdf"/>
        <transform name="to_world">
            <matrix value="0.9849546209667268 0.02345152401949844 0.17121610268256693 0.060518341808135534 -0.1726917328425767 0.170940317840404 0.9700293272047056 0.3309766808537742 -0.0065190673496126955 -0.9850021797035187 0.1724183147755119 0.16883504370896707 0.0 0.0 0.0 1.0"/>
            <scale value="1"/>
        </transform>
    </shape>
    <shape name="temp21" type="ply">
        <string name="filename" value="meshes/Cube_017.ply"/>
        <boolean name="face_normals" value="true"/>
        <ref id="mat-Material" name="bsdf"/>
        <transform name="to_world">
            <matrix value="0.9463562914541326 -0.09270758807983763 0.30954101009833573 0.20589315215378878 -0.29208043231972936 0.16428661119721 0.9421779385476154 0.13427418834035393 -0.13820047621833706 -0.9820463348650357 0.12839554706843787 0.4149111116204117 0.0 0.0 0.0 1.0"/>
            <scale value="1"/>
        </transform>
    </shape>
    <shape name="temp22" type="ply">
        <string name="filename" value="meshes/Cube_018.ply"/>
        <boolean name="face_normals" value="true"/>
        <ref id="mat-Material" name="bsdf"/>
        <transform name="to_world">
            <matrix value="0.25878091828937266 0.9559291064467078 0.13868011503942365 0.8506378787443998 -0.4668358075056691 -0.00191703151496695 0.8843421661660601 -0.08949090595705876 0.8456341629035489 -0.29359167165530237 0.4457654740837435 -0.13655000591303262 0.0 0.0 0.0 1.0"/>
            <scale value="1"/>
        </transform>
    </shape>
    <shape name="temp23" type="ply">
        <string name="filename" value="meshes/Cube_019.ply"/>
        <boolean name="face_normals" value="true"/>
        <ref id="mat-Material" name="bsdf"/>
        <transform name="to_world">
            <matrix value="-0.08019554028441901 0.9840476990048455 -0.15880357486474642 0.5041122910575923 -0.9138525283364094 -0.008963996303890302 0.40594751739987833 -0.045660994261411805 0.3980482317335873 0.17767818815534508 0.8999934282098113 -0.05774241054209883 0.0 0.0 0.0 1.0"/>
            <scale value="1"/>
        </transform>
    </shape>
    <shape name="temp24" type="ply">
        <string name="filename" value="meshes/Cube_020.ply"/>
        <boolean name="face_normals" value="true"/>
        <ref id="mat-Material" name="bsdf"/>
        <transform name="to_world">
            <matrix value="0.09587916726946819 0.9470477234451934 -0.30644399480466505 0.12176900683331604 -0.9596604898890233 0.006200903920147188 -0.2810920148205482 0.14626316852031623 -0.26430718707155915 0.3210332316490629 0.9094390762153537 0.11433508979602336 0.0 0.0 0.0 1.0"/>
            <scale value="1"/>
        </transform>
    </shape>
    <shape name="temp25" type="ply">
        <string name="filename" value="meshes/Cube_021.ply"/>
        <boolean name="face_normals" value="true"/>
        <ref id="mat-Material" name="bsdf"/>
        <transform name="to_world">
            <matrix value="0.18573858166364376 0.9381433514871002 -0.29221252318447205 -0.16714944348321356 -0.8002852700313992 -0.02811917659353014 -0.5989600496619311 0.09216940062963959 -0.5701274052483303 0.3451033846936839 0.7455594319136533 0.30378634188370335 0.0 0.0 0.0 1.0"/>
            <scale value="1"/>
        </transform>
    </shape>
    <shape name="temp26" type="ply">
        <string name="filename" value="meshes/Cube_022.ply"/>
        <boolean name="face_normals" value="true"/>
        <ref id="mat-Material" name="bsdf"/>
        <transform name="to_world">
            <matrix value="0.6378422486866764 0.39994597672618964 -0.6581796803084108 -0.08367423720867151 -0.711737204070018 -0.020414181213667264 -0.70214944818238 -0.19545310301123442 -0.29425812062188517 0.9163112741775009 0.2716352552431302 0.684495710233495 0.0 0.0 0.0 1.0"/>
            <scale value="1"/>
        </transform>
    </shape>
    <shape name="temp27" type="ply">
        <string name="filename" value="meshes/Cube_023.ply"/>
        <boolean name="face_normals" value="true"/>
        <ref id="mat-Material" name="bsdf"/>
        <transform name="to_world">
            <matrix value="0.8568472785877272 0.28207866539569443 -0.4315607150675074 -0.06525635691943332 -0.48038967992667014 0.1329003406177843 -0.8669276313518833 -0.28712057995595985 -0.1871872268526152 0.9501415242906578 0.24938288998965064 0.20488579955312414 0.0 0.0 0.0 1.0"/>
            <scale value="1"/>
        </transform>
    </shape>
    <shape name="temp28" type="ply">
        <string name="filename" value="meshes/Cube_024.ply"/>
        <boolean name="face_normals" value="true"/>
        <ref id="mat-Material" name="bsdf"/>
        <transform name="to_world">
            <matrix value="0.8554719011678519 0.44314603179238377 -0.26793637750632243 -0.19170811764676243 -0.37693780616885364 0.17808242408061356 -0.9089580119341819 -0.5114887359755291 -0.35508650295109984 0.8785830049872452 0.31938285689430435 -0.3425732207881519 0.0 0.0 0.0 1.0"/>
            <scale value="1"/>
        </transform>
    </shape>
    <shape name="temp29" type="ply">
        <string name="filename" value="meshes/Cube_025.ply"/>
        <boolean name="face_normals" value="true"/>
        <ref id="mat-Material" name="bsdf"/>
        <transform name="to_world">
            <matrix value="0.9005504169126655 0.3627066285931213 -0.23969304539121297 -0.2641433940543415 -0.3210525382650121 0.18307240161610938 -0.9291986529248485 -0.7929921410882895 -0.29314536360847976 0.913744021459129 0.28131375286570237 -0.7012042531410514 0.0 0.0 0.0 1.0"/>
            <scale value="1"/>
        </transform>
    </shape>
    <shape name="temp30" type="ply">
        <string name="filename" value="meshes/Cube_026.ply"/>
        <boolean name="face_normals" value="true"/>
        <ref id="mat-Material" name="bsdf"/>
        <transform name="to_world">
            <matrix value="0.9233999436197203 0.23481351541331977 -0.30363750950900215 -0.3316450208603037 -0.34949310937242367 0.18726487882308526 -0.9180341742545628 -1.1469659516026838 -0.15870614350022252 0.9538313764671282 0.25498593211388015 -0.8890039616332794 0.0 0.0 0.0 1.0"/>
            <scale value="1"/>
        </transform>
    </shape>
    <shape name="temp31" type="ply">
        <string name="filename" value="meshes/Cube_027.ply"/>
        <boolean name="face_normals" value="true"/>
        <ref id="mat-Material" name="bsdf"/>
        <transform name="to_world">
            <matrix value="0.8731284140652841 0.17250578299330654 -0.45594820294633687 -0.5949941165014607 -0.48324370996423927 0.18309148705840148 -0.8561267286999533 -1.5832764203540213 -0.06420658940086202 0.9678425941183464 0.2432247916293359 -1.0270647870726024 0.0 0.0 0.0 1.0"/>
            <scale value="1"/>
        </transform>
    </shape>
    <shape name="temp32" type="ply">
        <string name="filename" value="meshes/Cube_028.ply"/>
        <boolean name="face_normals" value="true"/>
        <ref id="mat-Material" name="bsdf"/>
        <transform name="to_world">
            <matrix value="-0.10553218197001207 0.984574999530686 0.1395523665300144 -1.4862508656744104 -0.7976701469965091 -1.692154944589642e-05 -0.6030941312022452 -2.1218961981303743 -0.5937889498197781 -0.17496254873045308 0.7853679327842973 -1.3564899814575078 0.0 0.0 0.0 1.0"/>
            <scale value="1"/>
        </transform>
    </shape>
    <shape name="temp33" type="ply">
        <string name="filename" value="meshes/Cube_029.ply"/>
        <boolean name="face_normals" value="true"/>
        <ref id="mat-Material" name="bsdf"/>
        <transform name="to_world">
            <matrix value="-0.004401646552381357 0.9775017051747622 0.21088205716890115 -1.5917725259481341 -0.9989353346559651 -0.013983231926711902 0.04396615102541202 -1.8294489975639499 0.04592581560811805 -0.2104640369777837 0.9765223977483817 -0.12987392955543342 0.0 0.0 0.0 1.0"/>
            <scale value="1"/>
        </transform>
    </shape>
    <shape name="temp34" type="ply">
        <string name="filename" value="meshes/Cube_030.ply"/>
        <boolean name="face_normals" value="true"/>
        <ref id="mat-Material" name="bsdf"/>
        <transform name="to_world">
            <matrix value="-0.04317725045925464 0.978607812386914 -0.20115271404941823 -3.2287364014100204 -0.9740189444578133 0.003569481271355041 0.22643797259507623 -1.905799286621004 0.2223119058085028 0.20570348376796177 0.9530285890805478 0.260005160552067 0.0 0.0 0.0 1.0"/>
            <scale value="1"/>
        </transform>
    </shape>
    <shape name="temp35" type="ply">
        <string name="filename" value="meshes/Cube_031.ply"/>
        <boolean name="face_normals" value="true"/>
        <ref id="mat-Material" name="bsdf"/>
        <transform name="to_world">
            <matrix value="0.1326791979816569 0.9770403172146518 0.16669875339286397 -1.896296923303188 -0.7858883528625402 0.0012178952615957098 0.6183673971124783 -1.2103225942527898 0.6039670973198092 -0.21305110518268836 0.7680061141288288 0.5760639499643063 0.0 0.0 0.0 1.0"/>
            <scale value="1"/>
        </transform>
    </shape>
    <shape name="temp36" type="ply">
        <string name="filename" value="meshes/Cube_032.ply"/>
        <boolean name="face_normals" value="true"/>
        <ref id="mat-Material" name="bsdf"/>
        <transform name="to_world">
            <matrix value="0.6991841702613528 0.613874177918039 0.36647020638730726 -0.6700635924608735 -0.4638638753109337 -0.0005412819159698221 0.8859063940681793 -0.3525678785338751 0.5440333530132423 -0.7894037207226188 0.284375545186731 -0.12401570039565035 0.0 0.0 0.0 1.0"/>
            <scale value="1"/>
        </transform>
    </shape>
    <shape name="temp37" type="ply">
        <string name="filename" value="meshes/Cube_033.ply"/>
        <boolean name="face_normals" value="true"/>
        <ref id="mat-Material" name="bsdf"/>
        <transform name="to_world">
            <matrix value="0.976615924414966 0.16973947849811127 0.1319466068050651 -0.14355119016333928 -0.15010726436854974 0.09898077480638184 0.9837026695179095 0.3003932794721833 0.15391302189434194 -0.9805055243490614 0.1221453254478155 -0.38383600019555486 0.0 0.0 0.0 1.0"/>
            <scale value="1"/>
        </transform>
    </shape>
    <shape name="temp38" type="ply">
        <string name="filename" value="meshes/Cube_034.ply"/>
        <boolean name="face_normals" value="true"/>
        <ref id="mat-Material" name="bsdf"/>
        <transform name="to_world">
            <matrix value="0.9999184436206068 -0.0011075417741743723 0.012741353722588188 -0.03379625118881213 -0.012339551120779679 0.17835660783900648 0.9838887126430369 0.36940002612025946 -0.0033622016321913665 -0.9839653082976828 0.17832836351550116 -0.37645574880255883 0.0 0.0 0.0 1.0"/>
            <scale value="1"/>
        </transform>
    </shape>
    <shape name="temp39" type="ply">
        <string name="filename" value="meshes/Cube_035.ply"/>
        <boolean name="face_normals" value="true"/>
        <ref id="mat-Material" name="bsdf"/>
        <transform name="to_world">
            <matrix value="0.9987819732034106 -0.049214388963399754 0.003630512207218473 0.00897747093059742 0.006511629762404991 0.2043609505593182 0.9788740584964972 0.09132405074874808 -0.0489166298776477 -0.9776577260581992 0.20443245972650953 -0.15568282450465531 0.0 0.0 0.0 1.0"/>
            <scale value="1"/>
        </transform>
    </shape>
    <shape name="temp40" type="ply">
        <string name="filename" value="meshes/Cube_036.ply"/>
        <boolean name="face_normals" value="true"/>
        <ref id="mat-Material" name="bsdf"/>
        <transform name="to_world">
            <matrix value="0.9987846326505646 -0.049153711857795726 0.003701619922641992 0.0028081658710465973 0.00657378547480883 0.20724689887635764 0.978266758892365 -0.23952211120966602 -0.04885258152535251 -0.9770530408428465 0.20731811388676 0.18206538221069254 0.0 0.0 0.0 1.0"/>
            <scale value="1"/>
        </transform>
    </shape>
    <shape name="temp41" type="ply">
        <string name="filename" value="meshes/Cube_037.ply"/>
        <boolean name="face_normals" value="true"/>
        <ref id="mat-Material" name="bsdf"/>
        <transform name="to_world">
            <matrix value="0.9987638003145239 -0.0495709008537346 0.0037414525358363503 -0.005717087900080298 0.006623441785588278 0.20728590409721687 0.9782580122651354 -0.5704492285789076 -0.0492686963567347 -0.9770236304891505 0.20735799377902048 0.5188845298772278 0.0 0.0 0.0 1.0"/>
            <scale value="1"/>
        </transform>
    </shape>
    <shape name="temp42" type="ply">
        <string name="filename" value="meshes/Cube_038.ply"/>
        <boolean name="face_normals" value="true"/>
        <ref id="mat-Material" name="bsdf"/>
        <transform name="to_world">
            <matrix value="0.9989605994039292 -0.045424520725956 0.00385475681775953 0.009804122085108613 0.005654636214223787 0.20736946287516453 0.9782464288939394 -0.9041349556435616 -0.0452357333957417 -0.9772073930537334 0.20741075721679486 0.866756673586957 0.0 0.0 0.0 1.0"/>
            <scale value="1"/>
        </transform>
    </shape>
    <shape name="temp43" type="ply">
        <string name="filename" value="meshes/Cube_039.ply"/>
        <boolean name="face_normals" value="true"/>
        <ref id="mat-Material" name="bsdf"/>
        <transform name="to_world">
            <matrix value="0.9999329796527291 -0.010879317635568157 -0.003967605951109498 0.022216945636984065 0.008287688194996735 0.43301760294945646 0.9013473474239282 -1.3192484112644722 -0.008087997400826438 -0.9013197983406956 0.43307867914384446 1.4759363152057523 0.0 0.0 0.0 1.0"/>
            <scale value="1"/>
        </transform>
    </shape>
    <shape name="temp47" type="ply">
        <string name="filename" value="meshes/Plane_001.ply"/>
        <boolean name="face_normals" value="true"/>
        <ref id="mat-Material.002" name="bsdf"/>
        <transform name="to_world">
            <scale value="1"/>
        </transform>
    </shape>
    <shape name="temp49" type="ply">
        <string name="filename" value="meshes/Plane_002.ply"/>
        <boolean name="face_normals" value="true"/>
        <ref id="mat-Material.003" name="bsdf"/>
        <transform name="to_world">
            <scale value="1"/>
        </transform>
    </shape>
    <shape name="temp51" type="ply">
        <string name="filename" value="meshes/Plane_003.ply"/>
        <boolean name="face_normals" value="true"/>
        <ref id="mat-Material.004" name="bsdf"/>
        <transform name="to_world">
            <scale value="1"/>
        </transform>
    </shape>
    <shape name="temp53" type="ply">
        <string name="filename" value="meshes/Plane_004.ply"/>
        <boolean name="face_normals" value="true"/>
        <ref id="mat-Material.005" name="bsdf"/>
        <transform name="to_world">
            <scale value="1"/>
        </transform>
    </shape>
    <emitter type="point">
        <transform name="to_world">
            <rotate angle="-142.5518126578256" x="1"/>
            <rotate angle="3.976628485794621e-06" y="1"/>
            <rotate angle="-179.999991348578" z="1"/>
            <translate value="-0.000000 3.030926 4.073377"/>
        </transform>
        <rgb name="intensity" value="100"/>
    </emitter>
</scene>
