
<scene version="2.1.0">
    <default name="spp" value="1024"/>
    <default name="resx" value="1280"/>
    <default name="resy" value="720"/>
    <integrator name="temp0" type="path">
        <integer name="max_depth" value="12"/>
    </integrator>
    <sensor name="temp44" type="perspective">
        <string name="fov_axis" value="x"/>
        <float name="fov" value="83.974423"/>
        <float name="principal_point_offset_x" value="0.000000"/>
        <float name="principal_point_offset_y" value="-0.000000"/>
        <float name="near_clip" value="0.100000"/>
        <float name="far_clip" value="1000.000000"/>
        <sampler name="sampler" type="independent">
            <integer name="sample_count" value="$spp"/>
        </sampler>
        <film name="film" type="hdrfilm">
            <integer name="width" value="$resx"/>
            <integer name="height" value="$resy"/>
        </film>
        <float name="shutter_open" value="0.0"/>
        <float name="shutter_close" value="0.0015"/>
        <animation name="to_world">
            <transform time="0">
                <rotate angle="-142.5518126578256" x="1"/>
                <rotate angle="3.976628485794621e-06" y="1"/>
                <rotate angle="-179.999991348578" z="1"/>
                <translate value="-0.000000 3.030926 4.073377"/>
                <translate x="27.45" y="0.0" z="0.0"/>
            </transform>
            <transform time="0.0015">
                <rotate angle="-142.5518126578256" x="1"/>
                <rotate angle="3.976628485794621e-06" y="1"/>
                <rotate angle="-179.999991348578" z="1"/>
                <translate value="-0.000000 3.030926 4.073377"/>
                <translate x="27.599999999999998" y="0.0" z="0.0"/>
            </transform>
        </animation>
    </sensor>
    <bsdf id="mat-Material" name="mat-Material" type="twosided">
        <bsdf name="bsdf" type="diffuse">
            <texture name="reflectance" type="bitmap">
                <string name="filename" value="textures/siggraph_2023_logo.jpg"/>
            </texture>
        </bsdf>
    </bsdf>
    <bsdf id="mat-Material.001" name="mat-Material.001" type="twosided">
        <bsdf name="bsdf" type="principled">
            <rgb name="base_color" value="0.433648 0.266232 0.084399"/>
            <float name="spec_tint" value="0.000000"/>
            <float name="spec_trans" value="0.000000"/>
            <float name="metallic" value="0.000000"/>
            <float name="anisotropic" value="0.000000"/>
            <float name="roughness" value="0.500000"/>
            <float name="sheen" value="0.000000"/>
            <float name="sheen_tint" value="0.500000"/>
            <float name="clearcoat" value="0.000000"/>
            <float name="clearcoat_gloss" value="0.173205"/>
            <float name="specular" value="0.500000"/>
        </bsdf>
    </bsdf>
    <bsdf id="mat-Material.002" name="mat-Material.002" type="twosided">
        <bsdf name="bsdf" type="principled">
            <rgb name="base_color" value="0.433648 0.266232 0.084399"/>
            <float name="spec_tint" value="0.000000"/>
            <float name="spec_trans" value="0.000000"/>
            <float name="metallic" value="0.000000"/>
            <float name="anisotropic" value="0.000000"/>
            <float name="roughness" value="0.500000"/>
            <float name="sheen" value="0.000000"/>
            <float name="sheen_tint" value="0.500000"/>
            <float name="clearcoat" value="0.000000"/>
            <float name="clearcoat_gloss" value="0.173205"/>
            <float name="specular" value="0.500000"/>
        </bsdf>
    </bsdf>
    <bsdf id="mat-Material.003" name="mat-Material.003" type="twosided">
        <bsdf name="bsdf" type="principled">
            <rgb name="base_color" value="0.433648 0.266232 0.084399"/>
            <float name="spec_tint" value="0.000000"/>
            <float name="spec_trans" value="0.000000"/>
            <float name="metallic" value="0.000000"/>
            <float name="anisotropic" value="0.000000"/>
            <float name="roughness" value="0.500000"/>
            <float name="sheen" value="0.000000"/>
            <float name="sheen_tint" value="0.500000"/>
            <float name="clearcoat" value="0.000000"/>
            <float name="clearcoat_gloss" value="0.173205"/>
            <float name="specular" value="0.500000"/>
        </bsdf>
    </bsdf>
    <bsdf id="mat-Material.004" name="mat-Material.004" type="twosided">
        <bsdf name="bsdf" type="principled">
            <rgb name="base_color" value="0.433648 0.266232 0.084399"/>
            <float name="spec_tint" value="0.000000"/>
            <float name="spec_trans" value="0.000000"/>
            <float name="metallic" value="0.000000"/>
            <float name="anisotropic" value="0.000000"/>
            <float name="roughness" value="0.500000"/>
            <float name="sheen" value="0.000000"/>
            <float name="sheen_tint" value="0.500000"/>
            <float name="clearcoat" value="0.000000"/>
            <float name="clearcoat_gloss" value="0.173205"/>
            <float name="specular" value="0.500000"/>
        </bsdf>
    </bsdf>
    <bsdf id="mat-Material.005" name="mat-Material.005" type="twosided">
        <bsdf name="bsdf" type="principled">
            <rgb name="base_color" value="0.433648 0.266232 0.084399"/>
            <float name="spec_tint" value="0.000000"/>
            <float name="spec_trans" value="0.000000"/>
            <float name="metallic" value="0.000000"/>
            <float name="anisotropic" value="0.000000"/>
            <float name="roughness" value="0.500000"/>
            <float name="sheen" value="0.000000"/>
            <float name="sheen_tint" value="0.500000"/>
            <float name="clearcoat" value="0.000000"/>
            <float name="clearcoat_gloss" value="0.173205"/>
            <float name="specular" value="0.500000"/>
        </bsdf>
    </bsdf>
    <emitter name="temp45" type="point">
        <point name="position" x="-6.815235034541981e-16" y="3.0693089962005615" z="4.109199523925781"/>
        <rgb name="intensity" value="7.957747 7.957747 7.957747"/>
    </emitter>
    <shape name="temp2" type="ply">
        <string name="filename" value="meshes/Cube.ply"/>
        <boolean name="face_normals" value="true"/>
        <ref id="mat-Material" name="bsdf"/>
        <transform name="to_world">
            <matrix value="0.9999991135176153 0.00019673576361584657 0.0014543489885352992 -0.0023725224491575325 -0.00019503210839197415 0.9999989570796561 -0.0011745822067125873 -0.015767300960560254 -0.0014545868371549588 0.0011742970195422415 0.9999981088373558 0.003275287032976193 0.0 0.0 0.0 1.0"/>
        </transform>
    </shape>
    <shape name="temp4" type="ply">
        <string name="filename" value="meshes/Plane.ply"/>
        <boolean name="face_normals" value="true"/>
        <ref id="mat-Material.001" name="bsdf"/>
    </shape>
    <shape name="temp5" type="ply">
        <string name="filename" value="meshes/Cube_001.ply"/>
        <boolean name="face_normals" value="true"/>
        <ref id="mat-Material" name="bsdf"/>
        <transform name="to_world">
            <matrix value="0.9999986702764229 2.9397838651879445e-05 -0.001779075798271572 0.002370296152718332 -2.8111464522088495e-05 0.999996454070831 0.0007436311552025176 -0.018349900694553584 0.0017786692835626663 -0.0007435834325845861 0.9999950356980589 -0.004072679350244135 0.0 0.0 0.0 1.0"/>
        </transform>
    </shape>
    <shape name="temp6" type="ply">
        <string name="filename" value="meshes/Cube_002.ply"/>
        <boolean name="face_normals" value="true"/>
        <ref id="mat-Material" name="bsdf"/>
        <transform name="to_world">
            <matrix value="1.0 -2.590822718142433e-06 0.0004014820096061606 -0.0009440007049157373 3.021353587682859e-06 0.999996454070831 -0.0010967774115751448 -0.01700428399833548 -0.0004013646509830203 0.0010967798791463907 0.9999964540700421 0.0008890374646513544 0.0 0.0 0.0 1.0"/>
        </transform>
    </shape>
    <shape name="temp7" type="ply">
        <string name="filename" value="meshes/Cube_003.ply"/>
        <boolean name="face_normals" value="true"/>
        <ref id="mat-Material" name="bsdf"/>
        <transform name="to_world">
            <matrix value="0.9999991135176153 0.0005111801060858574 0.0013953506239181958 -0.0011403337040520878 -0.0005166089123393028 0.9999914480531806 0.0038863037746188003 -0.01758225949257955 -0.0013931602565125428 -0.0038870141816308356 0.9999907805821093 0.004249632511237028 0.0 0.0 0.0 1.0"/>
        </transform>
    </shape>
    <shape name="temp8" type="ply">
        <string name="filename" value="meshes/Cube_004.ply"/>
        <boolean name="face_normals" value="true"/>
        <ref id="mat-Material" name="bsdf"/>
        <transform name="to_world">
            <matrix value="0.9999995567588077 0.0002888263600202744 0.001145401567111925 -0.0004614268845652969 -0.00028898195476457686 0.9999998957079657 0.0001367600057869577 -0.017081012453092514 -0.001145355186897081 -0.00013708948047965995 0.9999995272093389 0.003577530467331896 0.0 0.0 0.0 1.0"/>
        </transform>
    </shape>
    <shape name="temp9" type="ply">
        <string name="filename" value="meshes/Cube_005.ply"/>
        <boolean name="face_normals" value="true"/>
        <ref id="mat-Material" name="bsdf"/>
        <transform name="to_world">
            <matrix value="0.9999997783794039 0.0001225635816387616 0.0008109600912675093 -0.0006782618033933652 -0.00012370263302997905 0.9999955154425215 0.0014063335509746345 -0.01685558473224047 -0.0008100343600572314 -0.0014064323155126056 0.9999953902910548 0.0019523589243117256 0.0 0.0 0.0 1.0"/>
        </transform>
    </shape>
    <shape name="temp10" type="ply">
        <string name="filename" value="meshes/Cube_006.ply"/>
        <boolean name="face_normals" value="true"/>
        <ref id="mat-Material" name="bsdf"/>
        <transform name="to_world">
            <matrix value="0.9999991135176153 5.538532777943494e-06 -0.001499087986814814 -0.0012479612499560755 -3.961689777262433e-06 0.9999988527876218 0.001045928611683319 -0.01704729678497985 0.001498868848477112 -0.001045923083581722 0.9999978724420253 -0.0035972951328910874 0.0 0.0 0.0 1.0"/>
        </transform>
    </shape>
    <shape name="temp11" type="ply">
        <string name="filename" value="meshes/Cube_007.ply"/>
        <boolean name="face_normals" value="true"/>
        <ref id="mat-Material" name="bsdf"/>
        <transform name="to_world">
            <matrix value="0.9999991135176153 0.0015112364237844242 -0.0001690841241151132 0.0004027611833452571 -0.001512039760507919 0.9999863377434959 -0.004890605696843792 -0.018817047756885308 0.00016140517209282533 0.004890863600619912 0.9999877074428124 -0.0005785284433383886 0.0 0.0 0.0 1.0"/>
        </transform>
    </shape>
    <shape name="temp12" type="ply">
        <string name="filename" value="meshes/Cube_008.ply"/>
        <boolean name="face_normals" value="true"/>
        <ref id="mat-Material" name="bsdf"/>
        <transform name="to_world">
            <matrix value="0.9999997783794039 0.00027714043756765956 9.468661307426927e-05 0.00011891701794031206 -0.0002770988800181552 0.9999986442035531 -0.0004443842161674549 -0.017655680810293395 -9.585334567316814e-05 0.00044435811381598295 0.9999992908140084 -8.023469097451219e-05 0.0 0.0 0.0 1.0"/>
        </transform>
    </shape>
    <shape name="temp13" type="ply">
        <string name="filename" value="meshes/Cube_009.ply"/>
        <boolean name="face_normals" value="true"/>
        <ref id="mat-Material" name="bsdf"/>
        <transform name="to_world">
            <matrix value="0.9999906919349606 0.0034279727922940702 0.00101082761532428 0.0030000997930617057 -0.0034275907890934302 0.9999909265930087 -0.00037533077616624456 -0.010912982831522478 -0.0010122188299496301 0.0003716895100985977 0.9999995272093389 0.002332638129601383 0.0 0.0 0.0 1.0"/>
        </transform>
    </shape>
    <shape name="temp14" type="ply">
        <string name="filename" value="meshes/Cube_010.ply"/>
        <boolean name="face_normals" value="true"/>
        <ref id="mat-Material" name="bsdf"/>
        <transform name="to_world">
            <matrix value="0.9812147734062376 0.18577371131547715 0.010036672007625168 0.051149542317310726 -0.18569374781703712 0.9812455806250431 -0.008014333594471375 0.30572550180980385 -0.011491672827719242 0.005920012181309616 0.9999118245417122 0.017743943976225807 0.0 0.0 0.0 1.0"/>
        </transform>
    </shape>
    <shape name="temp15" type="ply">
        <string name="filename" value="meshes/Cube_011.ply"/>
        <boolean name="face_normals" value="true"/>
        <ref id="mat-Material" name="bsdf"/>
        <transform name="to_world">
            <matrix value="0.9373248089187219 0.3449400633678401 -0.0105118266219911 0.1193791594556115 -0.34274524978414156 0.9342395963481103 0.08490625270377158 0.6198064629692825 0.03976792112788927 -0.0756082728613354 0.9962072733169716 -0.12868878646476 0.0 0.0 0.0 1.0"/>
        </transform>
    </shape>
    <shape name="temp16" type="ply">
        <string name="filename" value="meshes/Cube_012.ply"/>
        <boolean name="face_normals" value="true"/>
        <ref id="mat-Material" name="bsdf"/>
        <transform name="to_world">
            <matrix value="0.9588191256801536 0.2810457570871652 0.005165545286017074 0.15468699376351824 -0.27295293487723105 0.9279366029581393 0.24853651196798643 0.6612058456561958 0.06630258835126687 -0.23931475961728998 0.9680339142196992 -0.5447364460881926 0.0 0.0 0.0 1.0"/>
        </transform>
    </shape>
    <shape name="temp17" type="ply">
        <string name="filename" value="meshes/Cube_013.ply"/>
        <boolean name="face_normals" value="true"/>
        <ref id="mat-Material" name="bsdf"/>
        <transform name="to_world">
            <matrix value="0.9620237595008749 0.24702423538294993 0.11412154785988943 0.20645380218121917 -0.2665795254482498 0.7763058927085268 0.5686250916622895 0.9164066648426685 0.05289147505349921 -0.5773838551759094 0.81321152039548 -0.6253074379145592 0.0 0.0 0.0 1.0"/>
        </transform>
    </shape>
    <shape name="temp18" type="ply">
        <string name="filename" value="meshes/Cube_014.ply"/>
        <boolean name="face_normals" value="true"/>
        <ref id="mat-Material" name="bsdf"/>
        <transform name="to_world">
            <matrix value="0.9532531244071649 0.2853589627531428 0.09874247139971093 0.08771731675319583 -0.20298061972210552 0.3636883295127685 0.9083669054101908 0.9562250095220336 0.22371471135247073 -0.8859467526589254 0.4046968679037077 -0.6981298348317377 0.0 0.0 0.0 1.0"/>
        </transform>
    </shape>
    <shape name="temp19" type="ply">
        <string name="filename" value="meshes/Cube_015.ply"/>
        <boolean name="face_normals" value="true"/>
        <ref id="mat-Material" name="bsdf"/>
        <transform name="to_world">
            <matrix value="0.9708001567300857 0.22570277187368984 0.08105636562982099 0.03414115609835727 -0.1456034462889188 0.2858836559781237 0.9469722722461008 0.6185464694561555 0.19064089573726078 -0.9311286692544997 0.3103945154392154 -0.40343642682055986 0.0 0.0 0.0 1.0"/>
        </transform>
    </shape>
    <shape name="temp20" type="ply">
        <string name="filename" value="meshes/Cube_016.ply"/>
        <boolean name="face_normals" value="true"/>
        <ref id="mat-Material" name="bsdf"/>
        <transform name="to_world">
            <matrix value="0.9642080520967968 0.23475865780323432 0.12305022313355249 0.06488343748319925 -0.18956523801165548 0.28575433385548876 0.9391887195930596 0.33527998593242175 0.1853192311715574 -0.9288992184354943 0.3200290435303089 -0.22354303319689983 0.0 0.0 0.0 1.0"/>
        </transform>
    </shape>
    <shape name="temp21" type="ply">
        <string name="filename" value="meshes/Cube_017.ply"/>
        <boolean name="face_normals" value="true"/>
        <ref id="mat-Material" name="bsdf"/>
        <transform name="to_world">
            <matrix value="0.9385237763440403 0.21844435915673632 0.2672156081435355 0.1782530360112322 -0.3233469541351744 0.28520137748919017 0.9020690974095327 0.12619316483747994 0.12077604440922154 -0.9330348147669177 0.3383072486845782 -0.01685047900734135 0.0 0.0 0.0 1.0"/>
        </transform>
    </shape>
    <shape name="temp22" type="ply">
        <string name="filename" value="meshes/Cube_018.ply"/>
        <boolean name="face_normals" value="true"/>
        <ref id="mat-Material" name="bsdf"/>
        <transform name="to_world">
            <matrix value="0.1667806904633998 0.9817173977885918 0.09173026489042366 0.866250870251893 -0.46419985213473824 -0.0038971951700273034 0.8855918700809087 -0.08882985811878291 0.8697568999356413 -0.1902893999662094 0.4550626660381703 -0.2376065820362171 0.0 0.0 0.0 1.0"/>
        </transform>
    </shape>
    <shape name="temp23" type="ply">
        <string name="filename" value="meshes/Cube_019.ply"/>
        <boolean name="face_normals" value="true"/>
        <ref id="mat-Material" name="bsdf"/>
        <transform name="to_world">
            <matrix value="-0.06124070744840229 0.9881869455574723 -0.14046005368065168 0.4618889938864109 -0.9378553686259701 -0.008872813778229247 0.34650933927032324 0.011016225545686563 0.34116999274857407 0.15299644572746823 0.9273199010354588 -0.04864279718322323 0.0 0.0 0.0 1.0"/>
        </transform>
    </shape>
    <shape name="temp24" type="ply">
        <string name="filename" value="meshes/Cube_020.ply"/>
        <boolean name="face_normals" value="true"/>
        <ref id="mat-Material" name="bsdf"/>
        <transform name="to_world">
            <matrix value="0.03632720506312231 0.9980226651974713 -0.05072003651743665 -0.12145802345224327 -0.8879384167929689 0.008930685814538035 -0.4598658652785517 0.31910580698809865 -0.45851547301844137 0.06173813498510902 0.8865042374882998 0.15437370929454292 0.0 0.0 0.0 1.0"/>
        </transform>
    </shape>
    <shape name="temp25" type="ply">
        <string name="filename" value="meshes/Cube_021.ply"/>
        <boolean name="face_normals" value="true"/>
        <ref id="mat-Material" name="bsdf"/>
        <transform name="to_world">
            <matrix value="0.25673416343543837 0.9310835108036118 -0.2590501588340226 -0.16170829142152066 -0.6810443028436581 -0.015921233441032242 -0.7320571216220879 0.2576030848581141 -0.6857238217319384 0.3643740496388367 0.6300286605698735 0.2330636856331419 0.0 0.0 0.0 1.0"/>
        </transform>
    </shape>
    <shape name="temp26" type="ply">
        <string name="filename" value="meshes/Cube_022.ply"/>
        <boolean name="face_normals" value="true"/>
        <ref id="mat-Material" name="bsdf"/>
        <transform name="to_world">
            <matrix value="0.592111060286121 0.3921410737490692 -0.704009643038323 -0.09333673618879795 -0.7589747476627893 -0.02226075928772712 -0.6507392554776343 -0.2366017222560588 -0.2708535672937643 0.919635582773459 0.2844443362279154 0.6686016390086108 0.0 0.0 0.0 1.0"/>
        </transform>
    </shape>
    <shape name="temp27" type="ply">
        <string name="filename" value="meshes/Cube_023.ply"/>
        <boolean name="face_normals" value="true"/>
        <ref id="mat-Material" name="bsdf"/>
        <transform name="to_world">
            <matrix value="0.861454992402846 0.27181612062833865 -0.42894866486281275 -0.07121925997308887 -0.4825945832380365 0.17526936546640443 -0.8581206051153113 -0.2896731614025052 -0.15807798208241805 0.9462503884878282 0.28216288489296726 0.20335814966686494 0.0 0.0 0.0 1.0"/>
        </transform>
    </shape>
    <shape name="temp28" type="ply">
        <string name="filename" value="meshes/Cube_024.ply"/>
        <boolean name="face_normals" value="true"/>
        <ref id="mat-Material" name="bsdf"/>
        <transform name="to_world">
            <matrix value="0.889897558095623 0.3217031723551019 -0.3231982775290636 -0.1258031070338106 -0.39217187297771205 0.1782211742031567 -0.9023877583150876 -0.5230160641414112 -0.2327719018770378 0.9298926000629923 0.28478131777158633 -0.21103727517205317 0.0 0.0 0.0 1.0"/>
        </transform>
    </shape>
    <shape name="temp29" type="ply">
        <string name="filename" value="meshes/Cube_025.ply"/>
        <boolean name="face_normals" value="true"/>
        <ref id="mat-Material" name="bsdf"/>
        <transform name="to_world">
            <matrix value="0.8863206016733243 0.3981020935582982 -0.23651855159635402 -0.29274749798866523 -0.3317710854267615 0.18957927550409556 -0.9240905044250842 -0.8005763433510339 -0.3230364636799302 0.8975135736082751 0.3001083636195151 -0.7349834776476671 0.0 0.0 0.0 1.0"/>
        </transform>
    </shape>
    <shape name="temp30" type="ply">
        <string name="filename" value="meshes/Cube_026.ply"/>
        <boolean name="face_normals" value="true"/>
        <ref id="mat-Material" name="bsdf"/>
        <transform name="to_world">
            <matrix value="0.9261761848280313 0.2312784326158737 -0.29779629908926336 -0.3034761469627148 -0.3473841899412617 0.21630616386781612 -0.9124220309101079 -1.1373123626273365 -0.14661390323512882 0.9485275007665466 0.2806974702390098 -0.8161433079707694 0.0 0.0 0.0 1.0"/>
        </transform>
    </shape>
    <shape name="temp31" type="ply">
        <string name="filename" value="meshes/Cube_027.ply"/>
        <boolean name="face_normals" value="true"/>
        <ref id="mat-Material" name="bsdf"/>
        <transform name="to_world">
            <matrix value="0.87469970409218 0.16814366436320327 -0.45455607084484384 -0.5349870984914535 -0.4824141840727483 0.21191943231759847 -0.8499148504019429 -1.5777467570516204 -0.046584250399360316 0.9627102788143247 0.26648455558387046 -0.9417863256975744 0.0 0.0 0.0 1.0"/>
        </transform>
    </shape>
    <shape name="temp32" type="ply">
        <string name="filename" value="meshes/Cube_028.ply"/>
        <boolean name="face_normals" value="true"/>
        <ref id="mat-Material" name="bsdf"/>
        <transform name="to_world">
            <matrix value="-0.10893235164274051 0.9806357851000056 0.16274725178608493 -1.4521254077934884 -0.8372358504114165 -0.002252119735598835 -0.5468211683508258 -2.0978976696913674 -0.5358657475617301 -0.19582721312911563 0.8212687006436099 -1.1740794578950084 0.0 0.0 0.0 1.0"/>
        </transform>
    </shape>
    <shape name="temp33" type="ply">
        <string name="filename" value="meshes/Cube_029.ply"/>
        <boolean name="face_normals" value="true"/>
        <ref id="mat-Material" name="bsdf"/>
        <transform name="to_world">
            <matrix value="-0.011798331462855503 0.9839131622804913 0.17825240969580175 -1.6533891922775568 -0.9994512674038654 -0.006090802902655901 -0.03254052643348947 -1.9376582138338798 -0.030931278555813818 -0.17853840971334295 0.983445235002962 -0.25463384595297556 0.0 0.0 0.0 1.0"/>
        </transform>
    </shape>
    <shape name="temp34" type="ply">
        <string name="filename" value="meshes/Cube_030.ply"/>
        <boolean name="face_normals" value="true"/>
        <ref id="mat-Material" name="bsdf"/>
        <transform name="to_world">
            <matrix value="-0.03571400993093911 0.9819140870652099 -0.18592506417325644 -3.19193859845905 -0.9782778498153044 0.0036506740959418495 0.207194105032726 -1.942709214521618 0.20412545754781564 0.18929168087621479 0.960454907008039 0.2396366009624884 0.0 0.0 0.0 1.0"/>
        </transform>
    </shape>
    <shape name="temp35" type="ply">
        <string name="filename" value="meshes/Cube_031.ply"/>
        <boolean name="face_normals" value="true"/>
        <ref id="mat-Material" name="bsdf"/>
        <transform name="to_world">
            <matrix value="0.10767611745537005 0.9841855730742998 0.14065213670647408 -1.9962854656698819 -0.8007460192508515 0.002001824067681359 0.5989679689055039 -1.2693201877989644 0.5892133709911052 -0.17712687960318968 0.7882985256968815 0.5642558222203469 0.0 0.0 0.0 1.0"/>
        </transform>
    </shape>
    <shape name="temp36" type="ply">
        <string name="filename" value="meshes/Cube_032.ply"/>
        <boolean name="face_normals" value="true"/>
        <ref id="mat-Material" name="bsdf"/>
        <transform name="to_world">
            <matrix value="0.7722462754442606 0.5854392676196178 0.2467566560651241 -0.5637998883191802 -0.28008069649148004 -0.03489894101868288 0.959336102625832 0.30594010145987705 0.5702530641263628 -0.809958429195095 0.13702209728991666 -0.18754150870235398 0.0 0.0 0.0 1.0"/>
        </transform>
    </shape>
    <shape name="temp37" type="ply">
        <string name="filename" value="meshes/Cube_033.ply"/>
        <boolean name="face_normals" value="true"/>
        <ref id="mat-Material" name="bsdf"/>
        <transform name="to_world">
            <matrix value="0.978137349807722 0.16038899885904515 0.13237321763830662 -0.132116804182272 -0.14995042347263515 0.10291715249372685 0.9833200636754462 0.3005664059406176 0.1440911959888445 -0.9816711964173601 0.1247176494172146 -0.3913479274868791 0.0 0.0 0.0 1.0"/>
        </transform>
    </shape>
    <shape name="temp38" type="ply">
        <string name="filename" value="meshes/Cube_034.ply"/>
        <boolean name="face_normals" value="true"/>
        <ref id="mat-Material" name="bsdf"/>
        <transform name="to_world">
            <matrix value="0.9999246489972999 0.0030780354718067345 0.011901653869011458 -0.03615436013024387 -0.012262132397917121 0.18087636596492032 0.9834295147134818 0.3693978743188264 0.0008742976843307147 -0.9835010001606097 0.18090046290933626 -0.34810021490674287 0.0 0.0 0.0 1.0"/>
        </transform>
    </shape>
    <shape name="temp39" type="ply">
        <string name="filename" value="meshes/Cube_035.ply"/>
        <boolean name="face_normals" value="true"/>
        <ref id="mat-Material" name="bsdf"/>
        <transform name="to_world">
            <matrix value="0.9990270855827824 -0.04402146955819808 0.00273660690435114 0.009095889642815047 0.006664381758320081 0.21199295820183844 0.9772484860061057 0.09169455410356736 -0.04360006701806828 -0.9762791939477247 0.21208012052379532 -0.13984388815729829 0.0 0.0 0.0 1.0"/>
        </transform>
    </shape>
    <shape name="temp40" type="ply">
        <string name="filename" value="meshes/Cube_036.ply"/>
        <boolean name="face_normals" value="true"/>
        <ref id="mat-Material" name="bsdf"/>
        <transform name="to_world">
            <matrix value="0.9997067959512577 -0.024059995035699163 0.002784382400651316 0.004749767287445916 0.002382013627007218 0.21206846563473175 0.9772519137383983 -0.25057203880094836 -0.024103154636214222 -0.9769584479676612 0.21206360830995777 0.23986263335203542 0.0 0.0 0.0 1.0"/>
        </transform>
    </shape>
    <shape name="temp41" type="ply">
        <string name="filename" value="meshes/Cube_037.ply"/>
        <boolean name="face_normals" value="true"/>
        <ref id="mat-Material" name="bsdf"/>
        <transform name="to_world">
            <matrix value="0.9989464156857739 -0.04579107593920192 0.003033023009303102 -0.004305655248505902 0.006757079005083089 0.21213479536859933 0.977217045427145 -0.5694173065759458 -0.04539124456807919 -0.9761669757187287 0.2122207875652274 0.5085934074989513 0.0 0.0 0.0 1.0"/>
        </transform>
    </shape>
    <shape name="temp42" type="ply">
        <string name="filename" value="meshes/Cube_038.ply"/>
        <boolean name="face_normals" value="true"/>
        <ref id="mat-Material" name="bsdf"/>
        <transform name="to_world">
            <matrix value="0.9992753006505009 -0.03794421627664922 0.003042431543458208 0.004553606628759921 0.0050809336255179275 0.21216368426212345 0.9772209459500989 -0.9045982724684986 -0.03772538149769426 -0.9764971642995852 0.21220279788057403 0.8558241905452768 0.0 0.0 0.0 1.0"/>
        </transform>
    </shape>
    <shape name="temp43" type="ply">
        <string name="filename" value="meshes/Cube_039.ply"/>
        <boolean name="face_normals" value="true"/>
        <ref id="mat-Material" name="bsdf"/>
        <transform name="to_world">
            <matrix value="0.9999658076312583 -0.00416716480058426 -0.0071807832345870595 0.01984340141447527 0.008277116227164979 0.43300491447726613 0.9013535403155828 -1.3192795290261787 -0.000646774635964619 -0.9013819343842944 0.4330244379497258 1.469788714482768 0.0 0.0 0.0 1.0"/>
        </transform>
    </shape>
    <shape name="temp47" type="ply">
        <string name="filename" value="meshes/Plane_001.ply"/>
        <boolean name="face_normals" value="true"/>
        <ref id="mat-Material.002" name="bsdf"/>
    </shape>
    <shape name="temp49" type="ply">
        <string name="filename" value="meshes/Plane_002.ply"/>
        <boolean name="face_normals" value="true"/>
        <ref id="mat-Material.003" name="bsdf"/>
    </shape>
    <shape name="temp51" type="ply">
        <string name="filename" value="meshes/Plane_003.ply"/>
        <boolean name="face_normals" value="true"/>
        <ref id="mat-Material.004" name="bsdf"/>
    </shape>
    <shape name="temp53" type="ply">
        <string name="filename" value="meshes/Plane_004.ply"/>
        <boolean name="face_normals" value="true"/>
        <ref id="mat-Material.005" name="bsdf"/>
    </shape>
    <emitter type="point">
        <rgb name="intensity" value="100"/>
        <animation name="to_world">
            <transform time="0">
                <rotate angle="-142.5518126578256" x="1"/>
                <rotate angle="3.976628485794621e-06" y="1"/>
                <rotate angle="-179.999991348578" z="1"/>
                <translate value="-0.000000 3.030926 4.073377"/>
                <translate x="27.45" y="0.0" z="0.0"/>
            </transform>
            <transform time="0.0015">
                <rotate angle="-142.5518126578256" x="1"/>
                <rotate angle="3.976628485794621e-06" y="1"/>
                <rotate angle="-179.999991348578" z="1"/>
                <translate value="-0.000000 3.030926 4.073377"/>
                <translate x="27.599999999999998" y="0.0" z="0.0"/>
            </transform>
        </animation>
    </emitter>
</scene>
