
<scene version="2.1.0">
    <default name="spp" value="1024"/>
    <default name="resx" value="1280"/>
    <default name="resy" value="720"/>
    <integrator name="temp0" type="path">
        <integer name="max_depth" value="12"/>
    </integrator>
    <sensor name="temp44" type="perspective">
        <string name="fov_axis" value="x"/>
        <float name="fov" value="83.974423"/>
        <float name="principal_point_offset_x" value="0.000000"/>
        <float name="principal_point_offset_y" value="-0.000000"/>
        <float name="near_clip" value="0.100000"/>
        <float name="far_clip" value="1000.000000"/>
        <sampler name="sampler" type="independent">
            <integer name="sample_count" value="$spp"/>
        </sampler>
        <film name="film" type="hdrfilm">
            <integer name="width" value="$resx"/>
            <integer name="height" value="$resy"/>
        </film>
        <float name="shutter_open" value="0.0"/>
        <float name="shutter_close" value="0.0015"/>
        <animation name="to_world">
            <transform time="0">
                <rotate angle="-142.5518126578256" x="1"/>
                <rotate angle="3.976628485794621e-06" y="1"/>
                <rotate angle="-179.999991348578" z="1"/>
                <translate value="-0.000000 3.030926 4.073377"/>
            </transform>
            <transform time="0.0015">
                <rotate angle="-142.5518126578256" x="1"/>
                <rotate angle="3.976628485794621e-06" y="1"/>
                <rotate angle="-179.999991348578" z="1"/>
                <translate value="-0.000000 3.030926 4.073377"/>
                <translate x="0.15" y="0.0" z="0.0"/>
            </transform>
        </animation>
    </sensor>
    <bsdf id="mat-Material" name="mat-Material" type="twosided">
        <bsdf name="bsdf" type="diffuse">
            <texture name="reflectance" type="bitmap">
                <string name="filename" value="textures/siggraph_2023_logo.jpg"/>
            </texture>
        </bsdf>
    </bsdf>
    <bsdf id="mat-Material.001" name="mat-Material.001" type="twosided">
        <bsdf name="bsdf" type="principled">
            <rgb name="base_color" value="0.433648 0.266232 0.084399"/>
            <float name="spec_tint" value="0.000000"/>
            <float name="spec_trans" value="0.000000"/>
            <float name="metallic" value="0.000000"/>
            <float name="anisotropic" value="0.000000"/>
            <float name="roughness" value="0.500000"/>
            <float name="sheen" value="0.000000"/>
            <float name="sheen_tint" value="0.500000"/>
            <float name="clearcoat" value="0.000000"/>
            <float name="clearcoat_gloss" value="0.173205"/>
            <float name="specular" value="0.500000"/>
        </bsdf>
    </bsdf>
    <bsdf id="mat-Material.002" name="mat-Material.002" type="twosided">
        <bsdf name="bsdf" type="principled">
            <rgb name="base_color" value="0.433648 0.266232 0.084399"/>
            <float name="spec_tint" value="0.000000"/>
            <float name="spec_trans" value="0.000000"/>
            <float name="metallic" value="0.000000"/>
            <float name="anisotropic" value="0.000000"/>
            <float name="roughness" value="0.500000"/>
            <float name="sheen" value="0.000000"/>
            <float name="sheen_tint" value="0.500000"/>
            <float name="clearcoat" value="0.000000"/>
            <float name="clearcoat_gloss" value="0.173205"/>
            <float name="specular" value="0.500000"/>
        </bsdf>
    </bsdf>
    <bsdf id="mat-Material.003" name="mat-Material.003" type="twosided">
        <bsdf name="bsdf" type="principled">
            <rgb name="base_color" value="0.433648 0.266232 0.084399"/>
            <float name="spec_tint" value="0.000000"/>
            <float name="spec_trans" value="0.000000"/>
            <float name="metallic" value="0.000000"/>
            <float name="anisotropic" value="0.000000"/>
            <float name="roughness" value="0.500000"/>
            <float name="sheen" value="0.000000"/>
            <float name="sheen_tint" value="0.500000"/>
            <float name="clearcoat" value="0.000000"/>
            <float name="clearcoat_gloss" value="0.173205"/>
            <float name="specular" value="0.500000"/>
        </bsdf>
    </bsdf>
    <bsdf id="mat-Material.004" name="mat-Material.004" type="twosided">
        <bsdf name="bsdf" type="principled">
            <rgb name="base_color" value="0.433648 0.266232 0.084399"/>
            <float name="spec_tint" value="0.000000"/>
            <float name="spec_trans" value="0.000000"/>
            <float name="metallic" value="0.000000"/>
            <float name="anisotropic" value="0.000000"/>
            <float name="roughness" value="0.500000"/>
            <float name="sheen" value="0.000000"/>
            <float name="sheen_tint" value="0.500000"/>
            <float name="clearcoat" value="0.000000"/>
            <float name="clearcoat_gloss" value="0.173205"/>
            <float name="specular" value="0.500000"/>
        </bsdf>
    </bsdf>
    <bsdf id="mat-Material.005" name="mat-Material.005" type="twosided">
        <bsdf name="bsdf" type="principled">
            <rgb name="base_color" value="0.433648 0.266232 0.084399"/>
            <float name="spec_tint" value="0.000000"/>
            <float name="spec_trans" value="0.000000"/>
            <float name="metallic" value="0.000000"/>
            <float name="anisotropic" value="0.000000"/>
            <float name="roughness" value="0.500000"/>
            <float name="sheen" value="0.000000"/>
            <float name="sheen_tint" value="0.500000"/>
            <float name="clearcoat" value="0.000000"/>
            <float name="clearcoat_gloss" value="0.173205"/>
            <float name="specular" value="0.500000"/>
        </bsdf>
    </bsdf>
    <emitter name="temp45" type="point">
        <point name="position" x="-6.815235034541981e-16" y="3.0693089962005615" z="4.109199523925781"/>
        <rgb name="intensity" value="7.957747 7.957747 7.957747"/>
    </emitter>
    <shape name="temp2" type="ply">
        <string name="filename" value="meshes/Cube.ply"/>
        <boolean name="face_normals" value="true"/>
        <ref id="mat-Material" name="bsdf"/>
        <transform name="to_world">
            <matrix value="0.9999991135176153 9.638993122983253e-05 0.0013324399165808157 -0.002187005541328002 -9.458390289826551e-05 0.9999989570796562 -0.0013570486704890215 -0.0157991858004706 -0.0013325669693117527 0.0013569217580299653 0.999998227035021 0.0030256297912163443 0.0 0.0 0.0 1.0"/>
        </transform>
    </shape>
    <shape name="temp4" type="ply">
        <string name="filename" value="meshes/Plane.ply"/>
        <boolean name="face_normals" value="true"/>
        <ref id="mat-Material.001" name="bsdf"/>
    </shape>
    <shape name="temp5" type="ply">
        <string name="filename" value="meshes/Cube_001.ply"/>
        <boolean name="face_normals" value="true"/>
        <ref id="mat-Material" name="bsdf"/>
        <transform name="to_world">
            <matrix value="0.9999986702764229 -0.00012507211794177586 -0.0016069823615988078 0.0021573937043848357 0.00012967752430291459 0.9999957240265904 0.002868666791798595 -0.02079649476022341 0.00160660305269074 -0.0028688694534888814 0.9999945629073979 -0.0034450053844142237 0.0 0.0 0.0 1.0"/>
        </transform>
    </shape>
    <shape name="temp6" type="ply">
        <string name="filename" value="meshes/Cube_002.ply"/>
        <boolean name="face_normals" value="true"/>
        <ref id="mat-Material" name="bsdf"/>
        <transform name="to_world">
            <matrix value="1.0 -2.8209952380257103e-05 0.0003491594491232333 -0.000912871212794375 2.9217284810833522e-05 0.9999957240265904 -0.00288359752087489 -0.01583860010050933 -0.00034907748210635304 0.0028835986175047923 0.9999958630817157 0.0008136411459064297 0.0 0.0 0.0 1.0"/>
        </transform>
    </shape>
    <shape name="temp7" type="ply">
        <string name="filename" value="meshes/Cube_003.ply"/>
        <boolean name="face_normals" value="true"/>
        <ref id="mat-Material" name="bsdf"/>
        <transform name="to_world">
            <matrix value="0.9999991135176153 -9.213784069600333e-05 0.0012843074633315382 -0.0012383568153020441 9.347136750545631e-05 0.9999958283186248 -0.0010255822298793297 -0.017573682771832577 -0.0012834004400498558 0.001025707986475409 0.9999951538957241 0.0036874893704453293 0.0 0.0 0.0 1.0"/>
        </transform>
    </shape>
    <shape name="temp8" type="ply">
        <string name="filename" value="meshes/Cube_004.ply"/>
        <boolean name="face_normals" value="true"/>
        <ref id="mat-Material" name="bsdf"/>
        <transform name="to_world">
            <matrix value="0.9999995567588077 -0.00010108161268858605 0.0009884740728693334 -0.0005018025780574309 0.00010218748393250677 0.9999988527876218 -0.0011106922317184853 -0.01807326825485253 -0.000988115373909405 0.0011107950598949156 0.9999985816280168 0.00302423115704375 0.0 0.0 0.0 1.0"/>
        </transform>
    </shape>
    <shape name="temp9" type="ply">
        <string name="filename" value="meshes/Cube_005.ply"/>
        <boolean name="face_normals" value="true"/>
        <ref id="mat-Material" name="bsdf"/>
        <transform name="to_world">
            <matrix value="0.9999997783794039 -0.0004665983901481573 0.0007952256180674114 -0.0006360472450659405 0.0004692627746544049 0.9999925952655588 -0.0033535313443660607 -0.020020324028865666 -0.0007932177892193105 0.003353904589475265 0.9999925535470883 0.002078665046589351 0.0 0.0 0.0 1.0"/>
        </transform>
    </shape>
    <shape name="temp10" type="ply">
        <string name="filename" value="meshes/Cube_006.ply"/>
        <boolean name="face_normals" value="true"/>
        <ref id="mat-Material" name="bsdf"/>
        <transform name="to_world">
            <matrix value="0.9999991135176153 3.551414930030473e-05 -0.0012842731860086116 -0.0011792204606921874 -3.487842780576106e-05 0.999999165663725 0.0004856458391348688 -0.01738213147009343 0.0012840497883966548 -0.00048560248465342716 0.9999984634303516 -0.0029842044302086923 0.0 0.0 0.0 1.0"/>
        </transform>
    </shape>
    <shape name="temp11" type="ply">
        <string name="filename" value="meshes/Cube_007.ply"/>
        <boolean name="face_normals" value="true"/>
        <ref id="mat-Material" name="bsdf"/>
        <transform name="to_world">
            <matrix value="0.9999988918970191 0.001581896362919593 -6.927257847261194e-05 0.0005007808912345091 -0.0015822314357291406 0.9999853991151864 -0.005125712672822716 -0.018893617832836163 6.104450673460668e-05 0.005125811652757586 0.9999868800591556 -0.000186616345110302 0.0 0.0 0.0 1.0"/>
        </transform>
    </shape>
    <shape name="temp12" type="ply">
        <string name="filename" value="meshes/Cube_008.ply"/>
        <boolean name="face_normals" value="true"/>
        <ref id="mat-Material" name="bsdf"/>
        <transform name="to_world">
            <matrix value="0.9999993351382115 -0.0007423497621098696 0.00010588418709082923 0.00015144228010544047 0.0007422592358167251 0.9999984356194842 0.0008510468294421875 -0.018337737913406815 -0.00010743856233832777 -0.0008509681429551774 0.9999991726163431 1.1759788506982005e-05 0.0 0.0 0.0 1.0"/>
        </transform>
    </shape>
    <shape name="temp13" type="ply">
        <string name="filename" value="meshes/Cube_009.ply"/>
        <boolean name="face_normals" value="true"/>
        <ref id="mat-Material" name="bsdf"/>
        <transform name="to_world">
            <matrix value="0.9999993351382115 0.0007464149613180844 0.0008878334888026624 0.0015914226893378736 -0.0007462586010953375 0.9999995828318624 -0.00017428505778211066 -0.016513406773405098 -0.0008880292964698499 0.00017362141574350836 0.9999995272093389 0.001493706307281517 0.0 0.0 0.0 1.0"/>
        </transform>
    </shape>
    <shape name="temp14" type="ply">
        <string name="filename" value="meshes/Cube_010.ply"/>
        <boolean name="face_normals" value="true"/>
        <ref id="mat-Material" name="bsdf"/>
        <transform name="to_world">
            <matrix value="0.9999842649376715 0.0003657062760860451 0.005607663652941396 0.011514584132376493 -0.00036716504706334977 0.9999997914159312 0.00025898172238583407 -0.016738782329737772 -0.005607572864419611 -0.0002610346186978931 0.9999842797105198 0.009248347307116989 0.0 0.0 0.0 1.0"/>
        </transform>
    </shape>
    <shape name="temp15" type="ply">
        <string name="filename" value="meshes/Cube_011.ply"/>
        <boolean name="face_normals" value="true"/>
        <ref id="mat-Material" name="bsdf"/>
        <transform name="to_world">
            <matrix value="0.999998670276423 -0.0004645772105218148 -0.000970156980683192 -0.0020948361123351855 0.00046462536367939837 0.9999988527876218 4.132190377669913e-05 -0.01836423151098393 0.0009708644267029771 -4.175644472626471e-05 0.9999995272093389 -0.0014271522898380296 0.0 0.0 0.0 1.0"/>
        </transform>
    </shape>
    <shape name="temp16" type="ply">
        <string name="filename" value="meshes/Cube_012.ply"/>
        <boolean name="face_normals" value="true"/>
        <ref id="mat-Material" name="bsdf"/>
        <transform name="to_world">
            <matrix value="0.9999944594850956 0.003395457664734483 -0.00018749695641011942 -0.00042859442602016795 -0.003394864075655953 0.999989362212493 0.003085148179685036 -0.009379462055106785 0.00019797146235907146 -0.003084497406257105 0.9999953902910546 -0.000325886298662037 0.0 0.0 0.0 1.0"/>
        </transform>
    </shape>
    <shape name="temp17" type="ply">
        <string name="filename" value="meshes/Cube_013.ply"/>
        <boolean name="face_normals" value="true"/>
        <ref id="mat-Material" name="bsdf"/>
        <transform name="to_world">
            <matrix value="0.9999844865582677 0.0046700158315308195 0.00189560214854988 0.00523069548637195 -0.004696215783996156 0.9999237625228661 0.010408439124183667 -0.0009954686822277459 -0.0018388904697824752 -0.010420051812282682 0.9999335729121208 -0.01792114728161065 0.0 0.0 0.0 1.0"/>
        </transform>
    </shape>
    <shape name="temp18" type="ply">
        <string name="filename" value="meshes/Cube_014.ply"/>
        <boolean name="face_normals" value="true"/>
        <ref id="mat-Material" name="bsdf"/>
        <transform name="to_world">
            <matrix value="0.9989235887643677 0.04385919115269814 -0.006455040444877101 0.004926136177180462 -0.041471800108860035 0.9809022512478542 0.1856026733475139 0.17785095708619494 0.014838879610373263 -0.18504382351284776 0.9817654097842137 -0.09483278008397239 0.0 0.0 0.0 1.0"/>
        </transform>
    </shape>
    <shape name="temp19" type="ply">
        <string name="filename" value="meshes/Cube_015.ply"/>
        <boolean name="face_normals" value="true"/>
        <ref id="mat-Material" name="bsdf"/>
        <transform name="to_world">
            <matrix value="0.994601322277125 0.10102118588386456 -0.021484943272212533 -0.00855543713032314 -0.07683858662794513 0.860840426929872 0.5013088027474811 0.31153176192641524 0.06948499362619165 -0.49699211343635996 0.8639845094867811 -0.12111709317722708 0.0 0.0 0.0 1.0"/>
        </transform>
    </shape>
    <shape name="temp20" type="ply">
        <string name="filename" value="meshes/Cube_016.ply"/>
        <boolean name="face_normals" value="true"/>
        <ref id="mat-Material" name="bsdf"/>
        <transform name="to_world">
            <matrix value="0.9916852384726264 0.1240292601731665 0.03345613282769948 0.07700107954260299 -0.11885927003494515 0.7866017066348507 0.6048204081034428 0.19331748432597168 0.04896288209606987 -0.6037799604941774 0.7948456125735841 -0.15448198730098903 0.0 0.0 0.0 1.0"/>
        </transform>
    </shape>
    <shape name="temp21" type="ply">
        <string name="filename" value="meshes/Cube_017.ply"/>
        <boolean name="face_normals" value="true"/>
        <ref id="mat-Material" name="bsdf"/>
        <transform name="to_world">
            <matrix value="0.9711563010281423 0.20814743973484795 0.11571330399824878 0.21099926171169192 -0.23418187427197634 0.7462265056119544 0.6224220498217343 0.060558155149183446 0.043529589452277986 -0.6316091426569022 0.7735656595122408 -0.18704057873354024 0.0 0.0 0.0 1.0"/>
        </transform>
    </shape>
    <shape name="temp22" type="ply">
        <string name="filename" value="meshes/Cube_018.ply"/>
        <boolean name="face_normals" value="true"/>
        <ref id="mat-Material" name="bsdf"/>
        <transform name="to_world">
            <matrix value="0.04388178668751673 0.994493693460681 0.09511012712868085 0.8867537787360584 -0.8138539910323441 -0.01965417700026907 0.5799901517705301 0.22843033624821865 0.5786653387160543 -0.10286208629957261 0.8085100900618929 -0.38110388497558884 0.0 0.0 0.0 1.0"/>
        </transform>
    </shape>
    <shape name="temp23" type="ply">
        <string name="filename" value="meshes/Cube_019.ply"/>
        <boolean name="face_normals" value="true"/>
        <ref id="mat-Material" name="bsdf"/>
        <transform name="to_world">
            <matrix value="-0.07069832206614222 0.9916048041082719 -0.10824711207644458 0.4379301292861498 -0.8733704237563096 -0.00911254570598407 0.48680665840543785 -0.08547006737798188 0.48173159263652277 0.12897757304092627 0.8666836713707762 -0.037432802265708054 0.0 0.0 0.0 1.0"/>
        </transform>
    </shape>
    <shape name="temp24" type="ply">
        <string name="filename" value="meshes/Cube_020.ply"/>
        <boolean name="face_normals" value="true"/>
        <ref id="mat-Material" name="bsdf"/>
        <transform name="to_world">
            <matrix value="0.12269782720567454 0.9920774172702888 0.026614249243676696 -0.18117200803995404 -0.9310485046436155 0.12432484118041333 -0.34279935170588755 0.20375814709566015 -0.3433854071212681 0.017332383356958882 0.9389459413111926 0.11053175521041336 0.0 0.0 0.0 1.0"/>
        </transform>
    </shape>
    <shape name="temp25" type="ply">
        <string name="filename" value="meshes/Cube_021.ply"/>
        <boolean name="face_normals" value="true"/>
        <ref id="mat-Material" name="bsdf"/>
        <transform name="to_world">
            <matrix value="0.2752326351398071 0.9537777703614554 -0.12027101779063978 -0.2516086979517371 -0.7426836392584043 0.1315133608525248 -0.6565836572343353 0.16113206166393054 -0.61046168889078 0.27004315604382767 0.7445436411783645 0.12252449571433399 0.0 0.0 0.0 1.0"/>
        </transform>
    </shape>
    <shape name="temp26" type="ply">
        <string name="filename" value="meshes/Cube_022.ply"/>
        <boolean name="face_normals" value="true"/>
        <ref id="mat-Material" name="bsdf"/>
        <transform name="to_world">
            <matrix value="0.678733243266723 0.6149134480406656 -0.4007477657095335 -0.12565160151285856 -0.5344670999792563 0.0399335033988774 -0.8441787177066249 0.043446379024688106 -0.5032294553274932 0.7872668812301454 0.35558703816035264 0.41067299124913526 0.0 0.0 0.0 1.0"/>
        </transform>
    </shape>
    <shape name="temp27" type="ply">
        <string name="filename" value="meshes/Cube_023.ply"/>
        <boolean name="face_normals" value="true"/>
        <ref id="mat-Material" name="bsdf"/>
        <transform name="to_world">
            <matrix value="0.8688032665102912 0.394111150278564 -0.29947316936638013 -0.11038054286027182 -0.407606728046707 0.22607697169305604 -0.8846929768365672 -0.2011799484557807 -0.2810109267818739 0.8907046595595123 0.3570292860719181 0.05401428240939388 0.0 0.0 0.0 1.0"/>
        </transform>
    </shape>
    <shape name="temp28" type="ply">
        <string name="filename" value="meshes/Cube_024.ply"/>
        <boolean name="face_normals" value="true"/>
        <ref id="mat-Material" name="bsdf"/>
        <transform name="to_world">
            <matrix value="0.9051718712047473 0.3626185018240677 -0.22153037845474044 -0.10822743427658105 -0.3175154735500251 0.23060939921530674 -0.9197583235977855 -0.4459383431623777 -0.2824783875594608 0.9029128765203172 0.32385155602498417 -0.2589660992828947 0.0 0.0 0.0 1.0"/>
        </transform>
    </shape>
    <shape name="temp29" type="ply">
        <string name="filename" value="meshes/Cube_025.ply"/>
        <boolean name="face_normals" value="true"/>
        <ref id="mat-Material" name="bsdf"/>
        <transform name="to_world">
            <matrix value="0.8872254785675154 0.40603131264040315 -0.21900726017339123 -0.2806838886285553 -0.32036416253122635 0.2006595949714553 -0.9257939691768857 -0.7905930354465214 -0.33195959590586976 0.8915501550822551 0.3081070360233389 -0.7441460478444393 0.0 0.0 0.0 1.0"/>
        </transform>
    </shape>
    <shape name="temp30" type="ply">
        <string name="filename" value="meshes/Cube_026.ply"/>
        <boolean name="face_normals" value="true"/>
        <ref id="mat-Material" name="bsdf"/>
        <transform name="to_world">
            <matrix value="0.9165259375880942 0.28670057548344574 -0.27882025491926865 -0.3002182858659686 -0.3442023830419466 0.2104598652964084 -0.9149995673965452 -1.1297379263743526 -0.20364368638380786 0.934593563512806 0.2915865483492278 -0.861867529696661 0.0 0.0 0.0 1.0"/>
        </transform>
    </shape>
    <shape name="temp31" type="ply">
        <string name="filename" value="meshes/Cube_027.ply"/>
        <boolean name="face_normals" value="true"/>
        <ref id="mat-Material" name="bsdf"/>
        <transform name="to_world">
            <matrix value="0.8658461828954997 0.2647684821128732 -0.4243656685898215 -0.5396854924548389 -0.48123228143333563 0.20934027987810347 -0.8511943401284383 -1.5713004170517997 -0.1364900527811612 0.941261474731083 0.30872769196364613 -1.0059351448851077 0.0 0.0 0.0 1.0"/>
        </transform>
    </shape>
    <shape name="temp32" type="ply">
        <string name="filename" value="meshes/Cube_028.ply"/>
        <boolean name="face_normals" value="true"/>
        <ref id="mat-Material" name="bsdf"/>
        <transform name="to_world">
            <matrix value="-0.1207929983848291 0.980810161381494 0.15303295209070394 -1.4879080560158504 -0.7824884712965869 0.00077804464950576 -0.6226271227709693 -2.1175078716439906 -0.6107981089557769 -0.19496300761540436 0.7673786027239362 -1.3651387622052638 0.0 0.0 0.0 1.0"/>
        </transform>
    </shape>
    <shape name="temp33" type="ply">
        <string name="filename" value="meshes/Cube_029.ply"/>
        <boolean name="face_normals" value="true"/>
        <ref id="mat-Material" name="bsdf"/>
        <transform name="to_world">
            <matrix value="0.006057143541000697 0.9884291116613095 0.15155123797870645 -1.6578254487042523 -0.9992546899350563 0.0003565304543169602 0.03766050651954682 -1.831291310437731 0.03717219432757651 -0.1516805305544373 0.9876952684529012 -0.09802434132275106 0.0 0.0 0.0 1.0"/>
        </transform>
    </shape>
    <shape name="temp34" type="ply">
        <string name="filename" value="meshes/Cube_030.ply"/>
        <boolean name="face_normals" value="true"/>
        <ref id="mat-Material" name="bsdf"/>
        <transform name="to_world">
            <matrix value="-0.039368678699353975 0.982131573122571 -0.1840186879775363 -3.1978309434244485 -0.973869847953621 0.003463073492712131 0.22683225104799237 -1.9042408306671705 0.22341653841703474 0.18816319677242427 0.9563325461930413 0.28058464625780566 0.0 0.0 0.0 1.0"/>
        </transform>
    </shape>
    <shape name="temp35" type="ply">
        <string name="filename" value="meshes/Cube_031.ply"/>
        <boolean name="face_normals" value="true"/>
        <ref id="mat-Material" name="bsdf"/>
        <transform name="to_world">
            <matrix value="0.101633255145587 0.9886907803755765 0.11026232317038288 -2.047845257904891 -0.7277475191790463 -0.0016525145852410083 0.6857432576505803 -0.9673195557776246 0.6781712134348179 -0.14995365261992022 0.7193475630714561 0.7057846721401813 0.0 0.0 0.0 1.0"/>
        </transform>
    </shape>
    <shape name="temp36" type="ply">
        <string name="filename" value="meshes/Cube_032.ply"/>
        <boolean name="face_normals" value="true"/>
        <ref id="mat-Material" name="bsdf"/>
        <transform name="to_world">
            <matrix value="0.7837559194861239 0.571506894746393 0.24308307262868298 -0.5247899831052631 -0.27569189950126505 -0.030573689622733997 0.9607557747833319 0.31660805656348107 0.5565088196132455 -0.820020628964401 0.13360548739752853 -0.2191252010349023 0.0 0.0 0.0 1.0"/>
        </transform>
    </shape>
    <shape name="temp37" type="ply">
        <string name="filename" value="meshes/Cube_033.ply"/>
        <boolean name="face_normals" value="true"/>
        <ref id="mat-Material" name="bsdf"/>
        <transform name="to_world">
            <matrix value="0.9782459438998488 0.1589533147137288 0.1333013293455017 -0.12931338772328638 -0.15010852760594795 0.09884906439615956 0.9837156712610888 0.3003788543300471 0.14318818070766115 -0.9823251074729415 0.12055890002415962 -0.3931156961636079 0.0 0.0 0.0 1.0"/>
        </transform>
    </shape>
    <shape name="temp38" type="ply">
        <string name="filename" value="meshes/Cube_034.ply"/>
        <boolean name="face_normals" value="true"/>
        <ref id="mat-Material" name="bsdf"/>
        <transform name="to_world">
            <matrix value="0.9999222111707418 0.004643481852143097 0.011605166845460336 -0.03572130173411736 -0.01225511367363619 0.18143391118073182 0.9833268009423664 0.36939500667212094 0.0024604894801135407 -0.9833921192767139 0.18147667652750388 -0.34055092341381876 0.0 0.0 0.0 1.0"/>
        </transform>
    </shape>
    <shape name="temp39" type="ply">
        <string name="filename" value="meshes/Cube_035.ply"/>
        <boolean name="face_normals" value="true"/>
        <ref id="mat-Material" name="bsdf"/>
        <transform name="to_world">
            <matrix value="0.999074069149172 -0.04296400047557168 0.0023796026761842577 0.009519610600770445 0.006808337632772899 0.21243953669306648 0.9771506183392662 0.09209217362146209 -0.0424878197320341 -0.9762291337712208 0.2125352760931984 -0.13441553308227386 0.0 0.0 0.0 1.0"/>
        </transform>
    </shape>
    <shape name="temp40" type="ply">
        <string name="filename" value="meshes/Cube_036.ply"/>
        <boolean name="face_normals" value="true"/>
        <ref id="mat-Material" name="bsdf"/>
        <transform name="to_world">
            <matrix value="0.9997761631978612 -0.021030803695275366 0.0023655324261110935 0.005429532405116788 0.0021806402884968273 0.21355035115127977 0.9769297069028855 -0.2510343018169924 -0.021050783029890413 -0.9767056440763168 0.2135483719217191 0.2474702915607357 0.0 0.0 0.0 1.0"/>
        </transform>
    </shape>
    <shape name="temp41" type="ply">
        <string name="filename" value="meshes/Cube_037.ply"/>
        <boolean name="face_normals" value="true"/>
        <ref id="mat-Material" name="bsdf"/>
        <transform name="to_world">
            <matrix value="0.9990080262115111 -0.04444782582395922 0.0027391481541543406 -0.0016268661611309465 0.006837110634774576 0.2138696933605605 0.9768383401076355 -0.5689603261263312 -0.04400416779693171 -0.9758504493943762 0.2139614254827547 0.5070684852335565 0.0 0.0 0.0 1.0"/>
        </transform>
    </shape>
    <shape name="temp42" type="ply">
        <string name="filename" value="meshes/Cube_038.ply"/>
        <boolean name="face_normals" value="true"/>
        <ref id="mat-Material" name="bsdf"/>
        <transform name="to_world">
            <matrix value="0.9993138626342356 -0.03693719325105387 0.002768792128602842 0.0035695127655106518 0.005199644697860209 0.21389660070543134 0.9768425952235851 -0.9039869622226521 -0.036674071010784945 -0.9761576937276686 0.21394187558891986 0.8499693828063762 0.0 0.0 0.0 1.0"/>
        </transform>
    </shape>
    <shape name="temp43" type="ply">
        <string name="filename" value="meshes/Cube_039.ply"/>
        <boolean name="face_normals" value="true"/>
        <ref id="mat-Material" name="bsdf"/>
        <transform name="to_world">
            <matrix value="0.9999657033700414 -0.0032012853561323154 -0.00764188773713885 0.01831298207456311 0.008274506329011003 0.43300177024819764 0.9013550748359765 -1.3192872104309195 0.0004234697601629169 -0.9013873827145173 0.4330133469516502 1.4657792403744798 0.0 0.0 0.0 1.0"/>
        </transform>
    </shape>
    <shape name="temp47" type="ply">
        <string name="filename" value="meshes/Plane_001.ply"/>
        <boolean name="face_normals" value="true"/>
        <ref id="mat-Material.002" name="bsdf"/>
    </shape>
    <shape name="temp49" type="ply">
        <string name="filename" value="meshes/Plane_002.ply"/>
        <boolean name="face_normals" value="true"/>
        <ref id="mat-Material.003" name="bsdf"/>
    </shape>
    <shape name="temp51" type="ply">
        <string name="filename" value="meshes/Plane_003.ply"/>
        <boolean name="face_normals" value="true"/>
        <ref id="mat-Material.004" name="bsdf"/>
    </shape>
    <shape name="temp53" type="ply">
        <string name="filename" value="meshes/Plane_004.ply"/>
        <boolean name="face_normals" value="true"/>
        <ref id="mat-Material.005" name="bsdf"/>
    </shape>
    <emitter type="point">
        <transform name="to_world">
            <rotate angle="-142.5518126578256" x="1"/>
            <rotate angle="3.976628485794621e-06" y="1"/>
            <rotate angle="-179.999991348578" z="1"/>
            <translate value="-0.000000 3.030926 4.073377"/>
        </transform>
        <rgb name="intensity" value="100"/>
    </emitter>
</scene>
