
<scene version="2.1.0">
    <default name="spp" value="1024"/>
    <default name="resx" value="1280"/>
    <default name="resy" value="720"/>
    <integrator name="temp0" type="path">
        <integer name="max_depth" value="12"/>
    </integrator>
    <sensor name="temp44" type="perspective">
        <string name="fov_axis" value="x"/>
        <float name="fov" value="83.974423"/>
        <float name="principal_point_offset_x" value="0.000000"/>
        <float name="principal_point_offset_y" value="-0.000000"/>
        <float name="near_clip" value="0.100000"/>
        <float name="far_clip" value="1000.000000"/>
        <sampler name="sampler" type="independent">
            <integer name="sample_count" value="$spp"/>
        </sampler>
        <film name="film" type="hdrfilm">
            <integer name="width" value="$resx"/>
            <integer name="height" value="$resy"/>
        </film>
        <float name="shutter_open" value="0.0"/>
        <float name="shutter_close" value="0.0015"/>
        <animation name="to_world">
            <transform time="0">
                <rotate angle="-142.5518126578256" x="1"/>
                <rotate angle="3.976628485794621e-06" y="1"/>
                <rotate angle="-179.999991348578" z="1"/>
                <translate value="-0.000000 3.030926 4.073377"/>
            </transform>
            <transform time="0.0015">
                <rotate angle="-142.5518126578256" x="1"/>
                <rotate angle="3.976628485794621e-06" y="1"/>
                <rotate angle="-179.999991348578" z="1"/>
                <translate value="-0.000000 3.030926 4.073377"/>
                <translate x="0.15" y="0.0" z="0.0"/>
            </transform>
        </animation>
    </sensor>
    <bsdf id="mat-Material" name="mat-Material" type="twosided">
        <bsdf name="bsdf" type="diffuse">
            <texture name="reflectance" type="bitmap">
                <string name="filename" value="textures/siggraph_2023_logo.jpg"/>
            </texture>
        </bsdf>
    </bsdf>
    <bsdf id="mat-Material.001" name="mat-Material.001" type="twosided">
        <bsdf name="bsdf" type="principled">
            <rgb name="base_color" value="0.433648 0.266232 0.084399"/>
            <float name="spec_tint" value="0.000000"/>
            <float name="spec_trans" value="0.000000"/>
            <float name="metallic" value="0.000000"/>
            <float name="anisotropic" value="0.000000"/>
            <float name="roughness" value="0.500000"/>
            <float name="sheen" value="0.000000"/>
            <float name="sheen_tint" value="0.500000"/>
            <float name="clearcoat" value="0.000000"/>
            <float name="clearcoat_gloss" value="0.173205"/>
            <float name="specular" value="0.500000"/>
        </bsdf>
    </bsdf>
    <bsdf id="mat-Material.002" name="mat-Material.002" type="twosided">
        <bsdf name="bsdf" type="principled">
            <rgb name="base_color" value="0.433648 0.266232 0.084399"/>
            <float name="spec_tint" value="0.000000"/>
            <float name="spec_trans" value="0.000000"/>
            <float name="metallic" value="0.000000"/>
            <float name="anisotropic" value="0.000000"/>
            <float name="roughness" value="0.500000"/>
            <float name="sheen" value="0.000000"/>
            <float name="sheen_tint" value="0.500000"/>
            <float name="clearcoat" value="0.000000"/>
            <float name="clearcoat_gloss" value="0.173205"/>
            <float name="specular" value="0.500000"/>
        </bsdf>
    </bsdf>
    <bsdf id="mat-Material.003" name="mat-Material.003" type="twosided">
        <bsdf name="bsdf" type="principled">
            <rgb name="base_color" value="0.433648 0.266232 0.084399"/>
            <float name="spec_tint" value="0.000000"/>
            <float name="spec_trans" value="0.000000"/>
            <float name="metallic" value="0.000000"/>
            <float name="anisotropic" value="0.000000"/>
            <float name="roughness" value="0.500000"/>
            <float name="sheen" value="0.000000"/>
            <float name="sheen_tint" value="0.500000"/>
            <float name="clearcoat" value="0.000000"/>
            <float name="clearcoat_gloss" value="0.173205"/>
            <float name="specular" value="0.500000"/>
        </bsdf>
    </bsdf>
    <bsdf id="mat-Material.004" name="mat-Material.004" type="twosided">
        <bsdf name="bsdf" type="principled">
            <rgb name="base_color" value="0.433648 0.266232 0.084399"/>
            <float name="spec_tint" value="0.000000"/>
            <float name="spec_trans" value="0.000000"/>
            <float name="metallic" value="0.000000"/>
            <float name="anisotropic" value="0.000000"/>
            <float name="roughness" value="0.500000"/>
            <float name="sheen" value="0.000000"/>
            <float name="sheen_tint" value="0.500000"/>
            <float name="clearcoat" value="0.000000"/>
            <float name="clearcoat_gloss" value="0.173205"/>
            <float name="specular" value="0.500000"/>
        </bsdf>
    </bsdf>
    <bsdf id="mat-Material.005" name="mat-Material.005" type="twosided">
        <bsdf name="bsdf" type="principled">
            <rgb name="base_color" value="0.433648 0.266232 0.084399"/>
            <float name="spec_tint" value="0.000000"/>
            <float name="spec_trans" value="0.000000"/>
            <float name="metallic" value="0.000000"/>
            <float name="anisotropic" value="0.000000"/>
            <float name="roughness" value="0.500000"/>
            <float name="sheen" value="0.000000"/>
            <float name="sheen_tint" value="0.500000"/>
            <float name="clearcoat" value="0.000000"/>
            <float name="clearcoat_gloss" value="0.173205"/>
            <float name="specular" value="0.500000"/>
        </bsdf>
    </bsdf>
    <emitter name="temp45" type="point">
        <point name="position" x="-6.815235034541981e-16" y="3.0693089962005615" z="4.109199523925781"/>
        <rgb name="intensity" value="7.957747 7.957747 7.957747"/>
    </emitter>
    <shape name="temp2" type="ply">
        <string name="filename" value="meshes/Cube.ply"/>
        <boolean name="face_normals" value="true"/>
        <ref id="mat-Material" name="bsdf"/>
        <transform name="to_world">
            <matrix value="0.9999991135176153 0.00021152468696745882 0.0014424405737598345 -0.0023669843789071443 -0.00021021533543606955 0.9999990613716906 -0.0009036941971092634 -0.01609854850488085 -0.001442625973579279 0.0009033895954094819 0.9999981088373558 0.003196113500497866 0.0 0.0 0.0 1.0"/>
        </transform>
    </shape>
    <shape name="temp4" type="ply">
        <string name="filename" value="meshes/Plane.ply"/>
        <boolean name="face_normals" value="true"/>
        <ref id="mat-Material.001" name="bsdf"/>
    </shape>
    <shape name="temp5" type="ply">
        <string name="filename" value="meshes/Cube_001.ply"/>
        <boolean name="face_normals" value="true"/>
        <ref id="mat-Material" name="bsdf"/>
        <transform name="to_world">
            <matrix value="0.9999986702764229 -0.00015020670681214712 -0.0017556903901988605 0.0023923505192651184 0.00015590698672226686 0.9999946811062466 0.0032469489636665107 -0.021245093540892157 0.0017551930138096227 -0.0032472253104252405 0.9999932627330799 -0.003886106002942147 0.0 0.0 0.0 1.0"/>
        </transform>
    </shape>
    <shape name="temp6" type="ply">
        <string name="filename" value="meshes/Cube_002.ply"/>
        <boolean name="face_normals" value="true"/>
        <ref id="mat-Material" name="bsdf"/>
        <transform name="to_world">
            <matrix value="1.0 -3.4744328077710084e-05 0.000393199899201031 -0.0009193229559512073 3.591915812540889e-05 0.9999954111504872 -0.0029823398504374024 -0.015785527339385486 -0.0003930869000952082 0.002982357959463772 0.9999953902910548 0.0007029899578861465 0.0 0.0 0.0 1.0"/>
        </transform>
    </shape>
    <shape name="temp7" type="ply">
        <string name="filename" value="meshes/Cube_003.ply"/>
        <boolean name="face_normals" value="true"/>
        <ref id="mat-Material" name="bsdf"/>
        <transform name="to_world">
            <matrix value="0.9999991135176153 2.538050948744635e-05 0.0013817318889263446 -0.0011660365611754209 -2.517233217558734e-05 0.9999960369026935 -0.0001617062258492622 -0.017555046922721168 -0.0013808004758637442 0.00016167038293949157 0.9999952720933893 0.004141809011760644 0.0 0.0 0.0 1.0"/>
        </transform>
    </shape>
    <shape name="temp8" type="ply">
        <string name="filename" value="meshes/Cube_004.ply"/>
        <boolean name="face_normals" value="true"/>
        <ref id="mat-Material" name="bsdf"/>
        <transform name="to_world">
            <matrix value="0.9999995567588077 6.764381350081238e-06 0.0011300866956235186 -0.0004702538231438069 -5.880259278367891e-06 0.9999989570796561 -0.000789273183644658 -0.017803211385949258 -0.0011297287186606314 0.0007892643865646831 0.999998699825682 0.0035294973463385754 0.0 0.0 0.0 1.0"/>
        </transform>
    </shape>
    <shape name="temp9" type="ply">
        <string name="filename" value="meshes/Cube_005.ply"/>
        <boolean name="face_normals" value="true"/>
        <ref id="mat-Material" name="bsdf"/>
        <transform name="to_world">
            <matrix value="0.9999995567588077 0.00046692065253440076 0.000810540489555818 -0.000723432121932488 -0.00047064169800381896 0.9999891536284242 0.004597924638114209 -0.014761015736045296 -0.0008083522597322468 -0.0045982983711670075 0.9999890076171304 0.0021346818590909644 0.0 0.0 0.0 1.0"/>
        </transform>
    </shape>
    <shape name="temp10" type="ply">
        <string name="filename" value="meshes/Cube_006.ply"/>
        <boolean name="face_normals" value="true"/>
        <ref id="mat-Material" name="bsdf"/>
        <transform name="to_world">
            <matrix value="0.9999991135176153 0.00022277195712345883 -0.0014827057904090632 -0.0012192670978878883 -0.0002231431296728703 0.9999998957079657 -0.000251626445971138 -0.017391328187035926 0.0014826484370429075 0.00025195686794334026 0.9999989362210127 -0.00358854378345963 0.0 0.0 0.0 1.0"/>
        </transform>
    </shape>
    <shape name="temp11" type="ply">
        <string name="filename" value="meshes/Cube_007.ply"/>
        <boolean name="face_normals" value="true"/>
        <ref id="mat-Material" name="bsdf"/>
        <transform name="to_world">
            <matrix value="0.9999986702764229 0.0017895689193050813 -0.00014369987532510266 0.00042131241629239646 -0.0017903730672467807 0.9999815403099143 -0.005798671080009891 -0.019037118643122602 0.00013331897231870106 0.0057989249577095805 0.9999833341291976 -0.0005391238132183007 0.0 0.0 0.0 1.0"/>
        </transform>
    </shape>
    <shape name="temp12" type="ply">
        <string name="filename" value="meshes/Cube_008.ply"/>
        <boolean name="face_normals" value="true"/>
        <ref id="mat-Material" name="bsdf"/>
        <transform name="to_world">
            <matrix value="0.9999988918970191 -0.001364142938490644 9.426121967697997e-05 0.00017332814893178394 0.001363997202261594 0.9999970798230373 0.0015585331386066196 -0.018843387862060468 -9.701175652938601e-05 -0.0015584056250951665 0.9999984634303516 -1.572797126503378e-05 0.0 0.0 0.0 1.0"/>
        </transform>
    </shape>
    <shape name="temp13" type="ply">
        <string name="filename" value="meshes/Cube_009.ply"/>
        <boolean name="face_normals" value="true"/>
        <ref id="mat-Material" name="bsdf"/>
        <transform name="to_world">
            <matrix value="0.9999993351382115 0.00017592814695999149 0.0009380154895676377 0.0016489323097483854 -0.00017593351027521734 0.9999995828318624 8.724169673221294e-06 -0.017408592458087735 -0.000938279550447053 -8.89089593115059e-06 0.9999995272093389 0.001560292428562593 0.0 0.0 0.0 1.0"/>
        </transform>
    </shape>
    <shape name="temp14" type="ply">
        <string name="filename" value="meshes/Cube_010.ply"/>
        <boolean name="face_normals" value="true"/>
        <ref id="mat-Material" name="bsdf"/>
        <transform name="to_world">
            <matrix value="0.994607527653818 0.0949733951020289 0.008191582813303006 0.026140793321089983 -0.09495141633290605 0.9946383465123702 -0.0028415475194801575 0.14980352922478746 -0.008491754384098634 0.0020057652636606923 0.9999602855844709 0.013462501760627354 0.0 0.0 0.0 1.0"/>
        </transform>
    </shape>
    <shape name="temp15" type="ply">
        <string name="filename" value="meshes/Cube_011.ply"/>
        <boolean name="face_normals" value="true"/>
        <ref id="mat-Material" name="bsdf"/>
        <transform name="to_world">
            <matrix value="0.9640702040859745 0.26280038713203163 -0.0059194099950782494 0.08433028651367824 -0.2619885883122617 0.9625672944351857 0.05676577619697594 0.45780139547139115 0.021057518079808237 -0.05297502414360596 0.9982889705976216 -0.08950384328058114 0.0 0.0 0.0 1.0"/>
        </transform>
    </shape>
    <shape name="temp16" type="ply">
        <string name="filename" value="meshes/Cube_012.ply"/>
        <boolean name="face_normals" value="true"/>
        <ref id="mat-Material" name="bsdf"/>
        <transform name="to_world">
            <matrix value="0.9770394413742605 0.2104913197739783 0.00675663951745094 0.13874037267340467 -0.20770665677352323 0.9590379476996307 0.18777268792364998 0.49674335969625644 0.033932311751033194 -0.1846469506052067 0.9817617456565904 -0.45770130734300685 0.0 0.0 0.0 1.0"/>
        </transform>
    </shape>
    <shape name="temp17" type="ply">
        <string name="filename" value="meshes/Cube_013.ply"/>
        <boolean name="face_normals" value="true"/>
        <ref id="mat-Material" name="bsdf"/>
        <transform name="to_world">
            <matrix value="0.9724924516024942 0.20985503407220765 0.09911094080140855 0.18322782389569853 -0.23077516679166069 0.8380471942313991 0.49178124354345254 0.7893998768712152 0.02102237348566647 -0.5010612757418814 0.8638813229250044 -0.5280508524477762 0.0 0.0 0.0 1.0"/>
        </transform>
    </shape>
    <shape name="temp18" type="ply">
        <string name="filename" value="meshes/Cube_014.ply"/>
        <boolean name="face_normals" value="true"/>
        <ref id="mat-Material" name="bsdf"/>
        <transform name="to_world">
            <matrix value="0.9584233112953813 0.2745206216639585 0.07660895389865544 0.07654799339107066 -0.19575940070244863 0.43928378488307823 0.8755849011465646 0.9195765189743517 0.20732555799633706 -0.8541708470390448 0.4749114817684829 -0.6442409608588179 0.0 0.0 0.0 1.0"/>
        </transform>
    </shape>
    <shape name="temp19" type="ply">
        <string name="filename" value="meshes/Cube_015.ply"/>
        <boolean name="face_normals" value="true"/>
        <ref id="mat-Material" name="bsdf"/>
        <transform name="to_world">
            <matrix value="0.9707163841447306 0.22983638665645995 0.06961356691713541 0.03020967840546529 -0.14356925732278775 0.32276288371646755 0.9352912697786063 0.6096455850927396 0.19260465367792676 -0.917902666330151 0.3463078122510462 -0.3922850149413775 0.0 0.0 0.0 1.0"/>
        </transform>
    </shape>
    <shape name="temp20" type="ply">
        <string name="filename" value="meshes/Cube_016.ply"/>
        <boolean name="face_normals" value="true"/>
        <ref id="mat-Material" name="bsdf"/>
        <transform name="to_world">
            <matrix value="0.9630217170454606 0.24404596775707466 0.11391006859719702 0.06883675967633929 -0.1914882842488037 0.32267444407131074 0.9266980631184988 0.32918348105118844 0.18952168956450666 -0.9142524451267462 0.357473236502654 -0.24207402257401633 0.0 0.0 0.0 1.0"/>
        </transform>
    </shape>
    <shape name="temp21" type="ply">
        <string name="filename" value="meshes/Cube_017.ply"/>
        <boolean name="face_normals" value="true"/>
        <ref id="mat-Material" name="bsdf"/>
        <transform name="to_world">
            <matrix value="0.9363897916234507 0.22814132822163308 0.266675563010939 0.18408433246354516 -0.33112517219920323 0.32258537867394765 0.886460859315938 0.12043520514098613 0.11621792928352721 -0.9183746920777685 0.37760962715255675 -0.04211517193392603 0.0 0.0 0.0 1.0"/>
        </transform>
    </shape>
    <shape name="temp22" type="ply">
        <string name="filename" value="meshes/Cube_018.ply"/>
        <boolean name="face_normals" value="true"/>
        <ref id="mat-Material" name="bsdf"/>
        <transform name="to_world">
            <matrix value="0.16118485905816565 0.9824078110562071 0.09416231187068608 0.8663389880870483 -0.4924041756866249 -0.0026698552217978696 0.8701934328431598 -0.07704571551799368 0.8551337081380856 -0.18670109694361764 0.4833251461750527 -0.2576616113215086 0.0 0.0 0.0 1.0"/>
        </transform>
    </shape>
    <shape name="temp23" type="ply">
        <string name="filename" value="meshes/Cube_019.ply"/>
        <boolean name="face_normals" value="true"/>
        <ref id="mat-Material" name="bsdf"/>
        <transform name="to_world">
            <matrix value="-0.06716582273543642 0.9881671300709396 -0.13784150260436734 0.46121816609956734 -0.9246565324000446 -0.009817876906197658 0.38017841701176447 -0.021115383443497376 0.37432720419412546 0.15306473615158223 0.9143777294795852 -0.04806892097433668 0.0 0.0 0.0 1.0"/>
        </transform>
    </shape>
    <shape name="temp24" type="ply">
        <string name="filename" value="meshes/Cube_020.ply"/>
        <boolean name="face_normals" value="true"/>
        <ref id="mat-Material" name="bsdf"/>
        <transform name="to_world">
            <matrix value="0.03361900433548114 0.9987462912037053 -0.03642586096962093 -0.1346106959492859 -0.8904317816907303 0.013360841173911973 -0.45490179973480094 0.3141327402225492 -0.4538623599047239 0.04772040752763468 0.8897633017165464 0.15265769850151956 0.0 0.0 0.0 1.0"/>
        </transform>
    </shape>
    <shape name="temp25" type="ply">
        <string name="filename" value="meshes/Cube_021.ply"/>
        <boolean name="face_normals" value="true"/>
        <ref id="mat-Material" name="bsdf"/>
        <transform name="to_world">
            <matrix value="0.23760314222546083 0.9383043783881875 -0.25085539650352395 -0.17939123695862302 -0.6880023030812354 -0.019767891819958576 -0.7254074391719355 0.2518903348569886 -0.68557821700025 0.34498073726124945 0.6409286128652958 0.2279770715210097 0.0 0.0 0.0 1.0"/>
        </transform>
    </shape>
    <shape name="temp26" type="ply">
        <string name="filename" value="meshes/Cube_022.ply"/>
        <boolean name="face_normals" value="true"/>
        <ref id="mat-Material" name="bsdf"/>
        <transform name="to_world">
            <matrix value="0.5971540369521318 0.39350719510745213 -0.6989371902334688 -0.09242671126298069 -0.7539107170401417 -0.02209422576722435 -0.6565653365962192 -0.2321765520699225 -0.27381257900774253 0.9190550933100832 0.28347109665212206 0.6664729972784738 0.0 0.0 0.0 1.0"/>
        </transform>
    </shape>
    <shape name="temp27" type="ply">
        <string name="filename" value="meshes/Cube_023.ply"/>
        <boolean name="face_normals" value="true"/>
        <ref id="mat-Material" name="bsdf"/>
        <transform name="to_world">
            <matrix value="0.8598364971889643 0.2694569305185609 -0.43367196176447365 -0.07243410975210196 -0.48547897529728185 0.16849980080221433 -0.8578437861832602 -0.2917334147437926 -0.15808387719027636 0.9481438103720515 0.2756992455679421 0.20409568417232965 0.0 0.0 0.0 1.0"/>
        </transform>
    </shape>
    <shape name="temp28" type="ply">
        <string name="filename" value="meshes/Cube_024.ply"/>
        <boolean name="face_normals" value="true"/>
        <ref id="mat-Material" name="bsdf"/>
        <transform name="to_world">
            <matrix value="0.8836895219555092 0.32069185249768994 -0.3408773387181038 -0.13541763099387882 -0.4067918956007425 0.16613185016154836 -0.8982529675887818 -0.5344701849085929 -0.23147087816717996 0.9324824841528254 0.2772748204459267 -0.21158240991507468 0.0 0.0 0.0 1.0"/>
        </transform>
    </shape>
    <shape name="temp29" type="ply">
        <string name="filename" value="meshes/Cube_025.ply"/>
        <boolean name="face_normals" value="true"/>
        <ref id="mat-Material" name="bsdf"/>
        <transform name="to_world">
            <matrix value="0.88453123697979 0.4018062337434792 -0.23697095316015643 -0.2953318638181565 -0.33667441895512096 0.19826237998594143 -0.920503796272613 -0.8034526135506306 -0.3228795341357772 0.8939974719610866 0.31064722204755235 -0.7299186682621368 0.0 0.0 0.0 1.0"/>
        </transform>
    </shape>
    <shape name="temp30" type="ply">
        <string name="filename" value="meshes/Cube_026.ply"/>
        <boolean name="face_normals" value="true"/>
        <ref id="mat-Material" name="bsdf"/>
        <transform name="to_world">
            <matrix value="0.9230282858799314 0.23653673269743006 -0.30341175196834574 -0.31322513687058284 -0.3537145384884057 0.21160916351530906 -0.9110964440941591 -1.1417207798574522 -0.1513070739521335 0.9482949295298725 0.27899518746386104 -0.8225400840400499 0.0 0.0 0.0 1.0"/>
        </transform>
    </shape>
    <shape name="temp31" type="ply">
        <string name="filename" value="meshes/Cube_027.ply"/>
        <boolean name="face_normals" value="true"/>
        <ref id="mat-Material" name="bsdf"/>
        <transform name="to_world">
            <matrix value="0.8733894831275808 0.16877366125530063 -0.45684378665605097 -0.5389133193647484 -0.48457010923235944 0.20716151498780827 -0.8498653255801969 -1.577135690375723 -0.04879460557739257 0.9636359749115082 0.2627153502362298 -0.9490857227058092 0.0 0.0 0.0 1.0"/>
        </transform>
    </shape>
    <shape name="temp32" type="ply">
        <string name="filename" value="meshes/Cube_028.ply"/>
        <boolean name="face_normals" value="true"/>
        <ref id="mat-Material" name="bsdf"/>
        <transform name="to_world">
            <matrix value="-0.10802466016697783 0.9806281717814957 0.16339759897990686 -1.4500119771625415 -0.840918519858092 -0.0024650861556496043 -0.5411503989643993 -2.0950203125589253 -0.5302645086139492 -0.19586265156239896 0.8248947686186143 -1.1590403501081754 0.0 0.0 0.0 1.0"/>
        </transform>
    </shape>
    <shape name="temp33" type="ply">
        <string name="filename" value="meshes/Cube_029.ply"/>
        <boolean name="face_normals" value="true"/>
        <ref id="mat-Material" name="bsdf"/>
        <transform name="to_world">
            <matrix value="-0.011446737035638366 0.9843639124530947 0.1757689821904486 -1.6566899959572718 -0.9994098243523803 -0.005568924519683036 -0.0338997168456731 -1.939322757907226 -0.032390552668577925 -0.1760531826800133 0.9838467524718677 -0.25606388460452734 0.0 0.0 0.0 1.0"/>
        </transform>
    </shape>
    <shape name="temp34" type="ply">
        <string name="filename" value="meshes/Cube_030.ply"/>
        <boolean name="face_normals" value="true"/>
        <ref id="mat-Material" name="bsdf"/>
        <transform name="to_world">
            <matrix value="-0.034428917960279914 0.9819518350232412 -0.1859703952263934 -3.1890283949479903 -0.9796371804323587 0.0036698108073213147 0.2007376577973573 -1.9538193828292618 0.19779710675008952 0.18909498789115753 0.9618306719845864 0.2271310803122938 0.0 0.0 0.0 1.0"/>
        </transform>
    </shape>
    <shape name="temp35" type="ply">
        <string name="filename" value="meshes/Cube_031.ply"/>
        <boolean name="face_normals" value="true"/>
        <ref id="mat-Material" name="bsdf"/>
        <transform name="to_world">
            <matrix value="0.10534048015431885 0.9845376629823768 0.13995434496981468 -2.0027787947421354 -0.8067681157107727 0.0023245495105574825 0.5908513352317455 -1.2935253041483228 0.5813894990842637 -0.17515334057815332 0.7945387714345555 0.5518371054900919 0.0 0.0 0.0 1.0"/>
        </transform>
    </shape>
    <shape name="temp36" type="ply">
        <string name="filename" value="meshes/Cube_032.ply"/>
        <boolean name="face_normals" value="true"/>
        <ref id="mat-Material" name="bsdf"/>
        <transform name="to_world">
            <matrix value="0.7708305630758812 0.5854687822653482 0.2510846999741384 -0.5627502459712814 -0.28237132264944764 -0.039291439918401914 0.9584985539697632 0.3022436448977034 0.5710384875192145 -0.8097412931795096 0.13503339793229732 -0.18679245868070837 0.0 0.0 0.0 1.0"/>
        </transform>
    </shape>
    <shape name="temp37" type="ply">
        <string name="filename" value="meshes/Cube_033.ply"/>
        <boolean name="face_normals" value="true"/>
        <ref id="mat-Material" name="bsdf"/>
        <transform name="to_world">
            <matrix value="0.9782191278077115 0.16031590057214612 0.13185810039331455 -0.1320711964821537 -0.1498180716525982 0.10560940964451018 0.9830570738702312 0.30075409835554145 0.14367428332331608 -0.9813996199598267 0.12732735930813704 -0.3902273658984086 0.0 0.0 0.0 1.0"/>
        </transform>
    </shape>
    <shape name="temp38" type="ply">
        <string name="filename" value="meshes/Cube_034.ply"/>
        <boolean name="face_normals" value="true"/>
        <ref id="mat-Material" name="bsdf"/>
        <transform name="to_world">
            <matrix value="0.9999242057561075 0.0032961132444626145 0.011889526788555252 -0.03605951750675351 -0.012289726378347136 0.18096070693312588 0.9834136762263362 0.36931678361835507 0.0010899057137335624 -0.9834847306032459 0.18098748003050447 -0.3471839252671819 0.0 0.0 0.0 1.0"/>
        </transform>
    </shape>
    <shape name="temp39" type="ply">
        <string name="filename" value="meshes/Cube_035.ply"/>
        <boolean name="face_normals" value="true"/>
        <ref id="mat-Material" name="bsdf"/>
        <transform name="to_world">
            <matrix value="0.9990208802060894 -0.04416245153027702 0.0027263000679400183 0.009128588293158213 0.006707684206607131 0.2120657540418378 0.9772324111236296 0.09179550807845765 -0.04373514477143824 -0.9762569797444012 0.21215439593664792 -0.14013661200108235 0.0 0.0 0.0 1.0"/>
        </transform>
    </shape>
    <shape name="temp40" type="ply">
        <string name="filename" value="meshes/Cube_036.ply"/>
        <boolean name="face_normals" value="true"/>
        <ref id="mat-Material" name="bsdf"/>
        <transform name="to_world">
            <matrix value="0.9997158823957009 -0.023683584225204047 0.002746050897805826 0.004636894957768423 0.002341372842080255 0.21214115718269672 0.9772363116465832 -0.25068267747832496 -0.023727013511764507 -0.9769519818615294 0.21213637079269498 0.24086466194916492 0.0 0.0 0.0 1.0"/>
        </transform>
    </shape>
    <shape name="temp41" type="ply">
        <string name="filename" value="meshes/Cube_037.ply"/>
        <boolean name="face_normals" value="true"/>
        <ref id="mat-Material" name="bsdf"/>
        <transform name="to_world">
            <matrix value="0.9989499616153128 -0.04571843653725416 0.0030125984527452822 -0.00406989561752602 0.006766681825515445 0.21224398912859835 0.9771932876964268 -0.5693765925811644 -0.04531518437947119 -0.9761466387720239 0.21233047499859348 0.5083491858097196 0.0 0.0 0.0 1.0"/>
        </transform>
    </shape>
    <shape name="temp42" type="ply">
        <string name="filename" value="meshes/Cube_038.ply"/>
        <boolean name="face_normals" value="true"/>
        <ref id="mat-Material" name="bsdf"/>
        <transform name="to_world">
            <matrix value="0.9992790682006358 -0.03785320061824318 0.0029939941402325468 0.004379324128642947 0.00511306639575765 0.21227027072126287 0.9771976610100416 -0.904467548753494 -0.03762560347288339 -0.9764775573971212 0.21231078326756025 0.85534688291597 0.0 0.0 0.0 1.0"/>
        </transform>
    </shape>
    <shape name="temp43" type="ply">
        <string name="filename" value="meshes/Cube_039.ply"/>
        <boolean name="face_normals" value="true"/>
        <ref id="mat-Material" name="bsdf"/>
        <transform name="to_world">
            <matrix value="0.9999657558745996 -0.0040759322881118 -0.007224319182771444 0.019611283626119524 0.008276853642451256 0.43300463764000025 0.9013536757258909 -1.3192802924833806 -0.0005456967550635887 -0.9013824640085463 0.43302342213251477 1.469429529105899 0.0 0.0 0.0 1.0"/>
        </transform>
    </shape>
    <shape name="temp47" type="ply">
        <string name="filename" value="meshes/Plane_001.ply"/>
        <boolean name="face_normals" value="true"/>
        <ref id="mat-Material.002" name="bsdf"/>
    </shape>
    <shape name="temp49" type="ply">
        <string name="filename" value="meshes/Plane_002.ply"/>
        <boolean name="face_normals" value="true"/>
        <ref id="mat-Material.003" name="bsdf"/>
    </shape>
    <shape name="temp51" type="ply">
        <string name="filename" value="meshes/Plane_003.ply"/>
        <boolean name="face_normals" value="true"/>
        <ref id="mat-Material.004" name="bsdf"/>
    </shape>
    <shape name="temp53" type="ply">
        <string name="filename" value="meshes/Plane_004.ply"/>
        <boolean name="face_normals" value="true"/>
        <ref id="mat-Material.005" name="bsdf"/>
    </shape>
    <emitter type="point">
        <transform name="to_world">
            <rotate angle="-142.5518126578256" x="1"/>
            <rotate angle="3.976628485794621e-06" y="1"/>
            <rotate angle="-179.999991348578" z="1"/>
            <translate value="-0.000000 3.030926 4.073377"/>
        </transform>
        <rgb name="intensity" value="100"/>
    </emitter>
</scene>
