
<scene version="2.1.0">
    <default name="spp" value="1024"/>
    <default name="resx" value="1280"/>
    <default name="resy" value="720"/>
    <integrator name="temp0" type="path">
        <integer name="max_depth" value="12"/>
    </integrator>
    <sensor name="temp44" type="perspective">
        <string name="fov_axis" value="x"/>
        <float name="fov" value="83.974423"/>
        <float name="principal_point_offset_x" value="0.000000"/>
        <float name="principal_point_offset_y" value="-0.000000"/>
        <float name="near_clip" value="0.100000"/>
        <float name="far_clip" value="1000.000000"/>
        <sampler name="sampler" type="independent">
            <integer name="sample_count" value="$spp"/>
        </sampler>
        <film name="film" type="hdrfilm">
            <integer name="width" value="$resx"/>
            <integer name="height" value="$resy"/>
        </film>
        <float name="shutter_open" value="0.0"/>
        <float name="shutter_close" value="0.0015"/>
        <animation name="to_world">
            <transform time="0">
                <rotate angle="-142.5518126578256" x="1"/>
                <rotate angle="3.976628485794621e-06" y="1"/>
                <rotate angle="-179.999991348578" z="1"/>
                <translate value="-0.000000 3.030926 4.073377"/>
            </transform>
            <transform time="0.0015">
                <rotate angle="-142.5518126578256" x="1"/>
                <rotate angle="3.976628485794621e-06" y="1"/>
                <rotate angle="-179.999991348578" z="1"/>
                <translate value="-0.000000 3.030926 4.073377"/>
                <translate x="0.15" y="0.0" z="0.0"/>
            </transform>
        </animation>
    </sensor>
    <bsdf id="mat-Material" name="mat-Material" type="twosided">
        <bsdf name="bsdf" type="diffuse">
            <texture name="reflectance" type="bitmap">
                <string name="filename" value="textures/siggraph_2023_logo.jpg"/>
            </texture>
        </bsdf>
    </bsdf>
    <bsdf id="mat-Material.001" name="mat-Material.001" type="twosided">
        <bsdf name="bsdf" type="principled">
            <rgb name="base_color" value="0.433648 0.266232 0.084399"/>
            <float name="spec_tint" value="0.000000"/>
            <float name="spec_trans" value="0.000000"/>
            <float name="metallic" value="0.000000"/>
            <float name="anisotropic" value="0.000000"/>
            <float name="roughness" value="0.500000"/>
            <float name="sheen" value="0.000000"/>
            <float name="sheen_tint" value="0.500000"/>
            <float name="clearcoat" value="0.000000"/>
            <float name="clearcoat_gloss" value="0.173205"/>
            <float name="specular" value="0.500000"/>
        </bsdf>
    </bsdf>
    <bsdf id="mat-Material.002" name="mat-Material.002" type="twosided">
        <bsdf name="bsdf" type="principled">
            <rgb name="base_color" value="0.433648 0.266232 0.084399"/>
            <float name="spec_tint" value="0.000000"/>
            <float name="spec_trans" value="0.000000"/>
            <float name="metallic" value="0.000000"/>
            <float name="anisotropic" value="0.000000"/>
            <float name="roughness" value="0.500000"/>
            <float name="sheen" value="0.000000"/>
            <float name="sheen_tint" value="0.500000"/>
            <float name="clearcoat" value="0.000000"/>
            <float name="clearcoat_gloss" value="0.173205"/>
            <float name="specular" value="0.500000"/>
        </bsdf>
    </bsdf>
    <bsdf id="mat-Material.003" name="mat-Material.003" type="twosided">
        <bsdf name="bsdf" type="principled">
            <rgb name="base_color" value="0.433648 0.266232 0.084399"/>
            <float name="spec_tint" value="0.000000"/>
            <float name="spec_trans" value="0.000000"/>
            <float name="metallic" value="0.000000"/>
            <float name="anisotropic" value="0.000000"/>
            <float name="roughness" value="0.500000"/>
            <float name="sheen" value="0.000000"/>
            <float name="sheen_tint" value="0.500000"/>
            <float name="clearcoat" value="0.000000"/>
            <float name="clearcoat_gloss" value="0.173205"/>
            <float name="specular" value="0.500000"/>
        </bsdf>
    </bsdf>
    <bsdf id="mat-Material.004" name="mat-Material.004" type="twosided">
        <bsdf name="bsdf" type="principled">
            <rgb name="base_color" value="0.433648 0.266232 0.084399"/>
            <float name="spec_tint" value="0.000000"/>
            <float name="spec_trans" value="0.000000"/>
            <float name="metallic" value="0.000000"/>
            <float name="anisotropic" value="0.000000"/>
            <float name="roughness" value="0.500000"/>
            <float name="sheen" value="0.000000"/>
            <float name="sheen_tint" value="0.500000"/>
            <float name="clearcoat" value="0.000000"/>
            <float name="clearcoat_gloss" value="0.173205"/>
            <float name="specular" value="0.500000"/>
        </bsdf>
    </bsdf>
    <bsdf id="mat-Material.005" name="mat-Material.005" type="twosided">
        <bsdf name="bsdf" type="principled">
            <rgb name="base_color" value="0.433648 0.266232 0.084399"/>
            <float name="spec_tint" value="0.000000"/>
            <float name="spec_trans" value="0.000000"/>
            <float name="metallic" value="0.000000"/>
            <float name="anisotropic" value="0.000000"/>
            <float name="roughness" value="0.500000"/>
            <float name="sheen" value="0.000000"/>
            <float name="sheen_tint" value="0.500000"/>
            <float name="clearcoat" value="0.000000"/>
            <float name="clearcoat_gloss" value="0.173205"/>
            <float name="specular" value="0.500000"/>
        </bsdf>
    </bsdf>
    <emitter name="temp45" type="point">
        <point name="position" x="-6.815235034541981e-16" y="3.0693089962005615" z="4.109199523925781"/>
        <rgb name="intensity" value="7.957747 7.957747 7.957747"/>
    </emitter>
    <shape name="temp2" type="ply">
        <string name="filename" value="meshes/Cube.ply"/>
        <boolean name="face_normals" value="true"/>
        <ref id="mat-Material" name="bsdf"/>
        <transform name="to_world">
            <matrix value="0.9999991135176153 0.00020542527162860358 0.001448209801801427 -0.0023701438817864684 -0.00020262372191402186 0.9999981227433812 -0.0019343213397374406 -0.014744813216303665 -0.001448605297264138 0.0019340248590493157 0.9999971632560337 0.0031999008007372876 0.0 0.0 0.0 1.0"/>
        </transform>
    </shape>
    <shape name="temp4" type="ply">
        <string name="filename" value="meshes/Plane.ply"/>
        <boolean name="face_normals" value="true"/>
        <ref id="mat-Material.001" name="bsdf"/>
    </shape>
    <shape name="temp5" type="ply">
        <string name="filename" value="meshes/Cube_001.ply"/>
        <boolean name="face_normals" value="true"/>
        <ref id="mat-Material" name="bsdf"/>
        <transform name="to_world">
            <matrix value="0.9999986702764229 -0.00013644339132665726 -0.0017647620610079615 0.0023770669716869364 0.0001422329959381377 0.9999945768142122 0.0032810017110294024 -0.021231114824114383 0.0017643038365184646 -0.003281258930005444 0.9999931445354147 -0.00395302576997647 0.0 0.0 0.0 1.0"/>
        </transform>
    </shape>
    <shape name="temp6" type="ply">
        <string name="filename" value="meshes/Cube_002.ply"/>
        <boolean name="face_normals" value="true"/>
        <ref id="mat-Material" name="bsdf"/>
        <transform name="to_world">
            <matrix value="1.0 -4.940459677570747e-05 0.00039740182620120736 -0.0009203589733131068 5.0804305467646054e-05 0.999993742477937 -0.0035224795411661195 -0.01546044728807866 -0.00039722566472881617 0.003522501006418132 0.9999938537214063 0.0007531862622770502 0.0 0.0 0.0 1.0"/>
        </transform>
    </shape>
    <shape name="temp7" type="ply">
        <string name="filename" value="meshes/Cube_003.ply"/>
        <boolean name="face_normals" value="true"/>
        <ref id="mat-Material" name="bsdf"/>
        <transform name="to_world">
            <matrix value="0.9999991135176153 0.00036065228409984504 0.001387120520485783 -0.001133847126119747 -0.00036427378476562296 0.999996454070831 0.0026112228210378604 -0.017610749611700338 -0.0013861747753210396 -0.002611716584310724 0.9999957448840504 0.004235658039149659 0.0 0.0 0.0 1.0"/>
        </transform>
    </shape>
    <shape name="temp8" type="ply">
        <string name="filename" value="meshes/Cube_004.ply"/>
        <boolean name="face_normals" value="true"/>
        <ref id="mat-Material" name="bsdf"/>
        <transform name="to_world">
            <matrix value="0.9999995567588077 0.00034936371429822934 0.001137063903804121 -0.00047932870640954306 -0.0003496720901658963 0.9999997914159312 0.0002705071767258396 -0.016926985516143633 -0.0011369712797437 -0.0002709027309912124 0.9999995272093389 0.003579347971324559 0.0 0.0 0.0 1.0"/>
        </transform>
    </shape>
    <shape name="temp9" type="ply">
        <string name="filename" value="meshes/Cube_005.ply"/>
        <boolean name="face_normals" value="true"/>
        <ref id="mat-Material" name="bsdf"/>
        <transform name="to_world">
            <matrix value="0.9999995567588077 0.0004107792075056892 0.0008108478034855074 -0.0007172566955215842 -0.0004140302680545435 0.9999918652213181 0.004012219747425773 -0.015135439709109688 -0.00080919441799772 -0.004012552589258337 0.9999917261634315 0.0020624271194500388 0.0 0.0 0.0 1.0"/>
        </transform>
    </shape>
    <shape name="temp10" type="ply">
        <string name="filename" value="meshes/Cube_006.ply"/>
        <boolean name="face_normals" value="true"/>
        <ref id="mat-Material" name="bsdf"/>
        <transform name="to_world">
            <matrix value="0.9999991135176153 0.00021782225717164176 -0.0014907585973435783 -0.001224420771779755 -0.00021781980295269553 1.0 1.1698282966156226e-06 -0.017226784255988448 0.0014907575346570288 -8.451096422157468e-07 0.999999054418678 -0.0035869271883270937 0.0 0.0 0.0 1.0"/>
        </transform>
    </shape>
    <shape name="temp11" type="ply">
        <string name="filename" value="meshes/Cube_007.ply"/>
        <boolean name="face_normals" value="true"/>
        <ref id="mat-Material" name="bsdf"/>
        <transform name="to_world">
            <matrix value="0.9999986702764229 0.0018071556850630863 -0.00016612421818154311 0.00039811254806432217 -0.0018080960663230663 0.9999812274338111 -0.005856221523227496 -0.019029260856654018 0.00015553776680903573 0.005856521276617934 0.9999829795362019 -0.0005963663552859266 0.0 0.0 0.0 1.0"/>
        </transform>
    </shape>
    <shape name="temp12" type="ply">
        <string name="filename" value="meshes/Cube_008.ply"/>
        <boolean name="face_normals" value="true"/>
        <ref id="mat-Material" name="bsdf"/>
        <transform name="to_world">
            <matrix value="1.0 -0.000620037002813799 9.598690558985128e-05 0.00014015965712710354 0.0006199703205697599 0.9999993742477937 0.0007189774861815109 -0.018232981386006764 -9.643244029097898e-05 -0.0007189183664530071 0.9999997636046695 -5.355875685575384e-05 0.0 0.0 0.0 1.0"/>
        </transform>
    </shape>
    <shape name="temp13" type="ply">
        <string name="filename" value="meshes/Cube_009.ply"/>
        <boolean name="face_normals" value="true"/>
        <ref id="mat-Material" name="bsdf"/>
        <transform name="to_world">
            <matrix value="0.9999991135176153 0.0009645469658318437 0.0009407541294718314 0.0016414168328582335 -0.000964235754671319 0.9999993742477937 -0.0003292325047361804 -0.016293785678947348 -0.0009410719699588849 0.000328325925122491 0.9999995272093389 0.0015585178680093126 0.0 0.0 0.0 1.0"/>
        </transform>
    </shape>
    <shape name="temp14" type="ply">
        <string name="filename" value="meshes/Cube_010.ply"/>
        <boolean name="face_normals" value="true"/>
        <ref id="mat-Material" name="bsdf"/>
        <transform name="to_world">
            <matrix value="0.990717642949717 0.1356348777593065 0.009058456310124198 0.03387127400671819 -0.13559630124089805 0.9907528424793972 -0.004749820457746462 0.220341651516625 -0.009618932249697267 0.0034774385042019265 0.9999477566319528 0.015305577411301119 0.0 0.0 0.0 1.0"/>
        </transform>
    </shape>
    <shape name="temp15" type="ply">
        <string name="filename" value="meshes/Cube_011.ply"/>
        <boolean name="face_normals" value="true"/>
        <ref id="mat-Material" name="bsdf"/>
        <transform name="to_world">
            <matrix value="0.9539906777512424 0.29973113513536065 -0.007944065082471238 0.09839672778009279 -0.2984944426419303 0.9518915446276045 0.06930914883024498 0.5307296325701502 0.028335988348075537 -0.0637490066183725 0.9975637097235546 -0.1077106817352238 0.0 0.0 0.0 1.0"/>
        </transform>
    </shape>
    <shape name="temp16" type="ply">
        <string name="filename" value="meshes/Cube_012.ply"/>
        <boolean name="face_normals" value="true"/>
        <ref id="mat-Material" name="bsdf"/>
        <transform name="to_world">
            <matrix value="0.9702487646867969 0.24203761605096127 0.005935863110083159 0.14334655873471736 -0.23756123377072375 0.9470014997194545 0.21622426068542355 0.5727668981292874 0.04671314493809693 -0.21120138166087152 0.9763257168333805 -0.49817465374197667 0.0 0.0 0.0 1.0"/>
        </transform>
    </shape>
    <shape name="temp17" type="ply">
        <string name="filename" value="meshes/Cube_013.ply"/>
        <boolean name="face_normals" value="true"/>
        <ref id="mat-Material" name="bsdf"/>
        <transform name="to_world">
            <matrix value="0.9678973701613576 0.22819868884054376 0.10535820748039929 0.19213392862273593 -0.24880843470259403 0.8104667485706778 0.5303188831171656 0.8530486232432773 0.03562881741476916 -0.5395081170490361 0.8412262582259664 -0.574424486868057 0.0 0.0 0.0 1.0"/>
        </transform>
    </shape>
    <shape name="temp18" type="ply">
        <string name="filename" value="meshes/Cube_014.ply"/>
        <boolean name="face_normals" value="true"/>
        <ref id="mat-Material" name="bsdf"/>
        <transform name="to_world">
            <matrix value="0.9554600223038968 0.2816191546922029 0.0882450294335826 0.08245897888424192 -0.20013146533765228 0.39852906514706227 0.895054184173711 0.9412919948081071 0.21689630992842543 -0.8728488203527991 0.4371394084726923 -0.674698594417278 0.0 0.0 0.0 1.0"/>
        </transform>
    </shape>
    <shape name="temp19" type="ply">
        <string name="filename" value="meshes/Cube_015.ply"/>
        <boolean name="face_normals" value="true"/>
        <ref id="mat-Material" name="bsdf"/>
        <transform name="to_world">
            <matrix value="0.9706725032666876 0.22819013689372433 0.07565936567568168 0.03275362098798529 -0.14462171137197333 0.30285822749430047 0.9419987508870735 0.6146223620697508 0.19204085088125214 -0.92531397116951 0.3269775296782518 -0.3992506548398181 0.0 0.0 0.0 1.0"/>
        </transform>
    </shape>
    <shape name="temp20" type="ply">
        <string name="filename" value="meshes/Cube_016.ply"/>
        <boolean name="face_normals" value="true"/>
        <ref id="mat-Material" name="bsdf"/>
        <transform name="to_world">
            <matrix value="0.9628807663462919 0.24136409809291587 0.12084730232740658 0.06692965774575921 -0.1930219652605283 0.3027251508584277 0.9333275337678909 0.3339810270791306 0.18868826315052295 -0.9220091651839816 0.33807699963264165 -0.23210057527221478 0.0 0.0 0.0 1.0"/>
        </transform>
    </shape>
    <shape name="temp21" type="ply">
        <string name="filename" value="meshes/Cube_017.ply"/>
        <boolean name="face_normals" value="true"/>
        <ref id="mat-Material" name="bsdf"/>
        <transform name="to_world">
            <matrix value="0.9366790065014619 0.22530312479793418 0.2680876705178618 0.1805445564207382 -0.32879777918432984 0.3023599201540185 0.8946903717600246 0.12398067391047131 0.12051754614584054 -0.9261841839044017 0.3572933396561204 -0.02853403914370667 0.0 0.0 0.0 1.0"/>
        </transform>
    </shape>
    <shape name="temp22" type="ply">
        <string name="filename" value="meshes/Cube_018.ply"/>
        <boolean name="face_normals" value="true"/>
        <ref id="mat-Material" name="bsdf"/>
        <transform name="to_world">
            <matrix value="0.16594311974426756 0.9818398366369574 0.09194336346113022 0.8656721048956721 -0.4774997473525203 -0.0015750287324554724 0.8786306185851173 -0.08476699991193416 0.8628190671723163 -0.1897055835869368 0.4685669856900451 -0.2454556614446033 0.0 0.0 0.0 1.0"/>
        </transform>
    </shape>
    <shape name="temp23" type="ply">
        <string name="filename" value="meshes/Cube_019.ply"/>
        <boolean name="face_normals" value="true"/>
        <ref id="mat-Material" name="bsdf"/>
        <transform name="to_world">
            <matrix value="-0.06367226214347894 0.98819831338922 -0.13932036815263196 0.4615903324866311 -0.932053784659245 -0.008989055593911848 0.36220847136850676 -0.003808344726686362 0.3566814177335482 0.15291669360877555 0.9216262013019708 -0.04894116485861011 0.0 0.0 0.0 1.0"/>
        </transform>
    </shape>
    <shape name="temp24" type="ply">
        <string name="filename" value="meshes/Cube_020.ply"/>
        <boolean name="face_normals" value="true"/>
        <ref id="mat-Material" name="bsdf"/>
        <transform name="to_world">
            <matrix value="0.03432143458496186 0.9984697493757566 -0.043358307693817495 -0.12830062616846843 -0.8890393735581549 0.010684103720596439 -0.4577060393420671 0.31694136618436547 -0.456542351890338 0.054256367024721606 0.8880457714403523 0.15406005252934996 0.0 0.0 0.0 1.0"/>
        </transform>
    </shape>
    <shape name="temp25" type="ply">
        <string name="filename" value="meshes/Cube_021.ply"/>
        <boolean name="face_normals" value="true"/>
        <ref id="mat-Material" name="bsdf"/>
        <transform name="to_world">
            <matrix value="0.25045011143083573 0.9339435112624968 -0.25499869746172876 -0.17028952975404707 -0.6841312561278095 -0.015635011253110512 -0.7291916556230648 0.2533421531674157 -0.6850106466534404 0.3570786132496772 0.6350240484969748 0.23362005760165905 0.0 0.0 0.0 1.0"/>
        </transform>
    </shape>
    <shape name="temp26" type="ply">
        <string name="filename" value="meshes/Cube_022.ply"/>
        <boolean name="face_normals" value="true"/>
        <ref id="mat-Material" name="bsdf"/>
        <transform name="to_world">
            <matrix value="0.5923909670990929 0.3923831355608721 -0.7036394479507125 -0.09358694327637695 -0.75865295455714 -0.022250851544460735 -0.6511147694601818 -0.23632175781457748 -0.27114313676472934 0.9195326465355229 0.2845015438979037 0.6679237491127077 0.0 0.0 0.0 1.0"/>
        </transform>
    </shape>
    <shape name="temp27" type="ply">
        <string name="filename" value="meshes/Cube_023.ply"/>
        <boolean name="face_normals" value="true"/>
        <ref id="mat-Material" name="bsdf"/>
        <transform name="to_world">
            <matrix value="0.860181338836616 0.27053040842846504 -0.43232167163648455 -0.07218104209759468 -0.48521834947617754 0.1731484096507677 -0.8570782199053378 -0.2916398046235723 -0.15701003675355968 0.9470125546750991 0.28020529516084575 0.20446360256124163 0.0 0.0 0.0 1.0"/>
        </transform>
    </shape>
    <shape name="temp28" type="ply">
        <string name="filename" value="meshes/Cube_024.ply"/>
        <boolean name="face_normals" value="true"/>
        <ref id="mat-Material" name="bsdf"/>
        <transform name="to_world">
            <matrix value="0.88612779175465 0.32120590793516374 -0.3340729355241192 -0.1316744307488117 -0.4014283004182424 0.17176280654036205 -0.8996404899813294 -0.5302499046657565 -0.23158860302786924 0.9313024197837818 0.2811449665997038 -0.21074847869236507 0.0 0.0 0.0 1.0"/>
        </transform>
    </shape>
    <shape name="temp29" type="ply">
        <string name="filename" value="meshes/Cube_025.ply"/>
        <boolean name="face_normals" value="true"/>
        <ref id="mat-Material" name="bsdf"/>
        <transform name="to_world">
            <matrix value="0.8850276671152268 0.40090588061065074 -0.2366442548133635 -0.2946289179965219 -0.33485648736673956 0.1950716381984177 -0.9218559775632464 -0.8023981317066602 -0.3234150138202604 0.8951097465077813 0.30688983646643825 -0.7323706178928551 0.0 0.0 0.0 1.0"/>
        </transform>
    </shape>
    <shape name="temp30" type="ply">
        <string name="filename" value="meshes/Cube_026.ply"/>
        <boolean name="face_normals" value="true"/>
        <ref id="mat-Material" name="bsdf"/>
        <transform name="to_world">
            <matrix value="0.9242824368336977 0.23457885833595804 -0.30112320877348175 -0.3093940321214521 -0.35123216619062564 0.21377259747654995 -0.9115576513840238 -1.1400062747790343 -0.14946026520007022 0.9483005612997292 0.279977646457545 -0.8196444872670271 0.0 0.0 0.0 1.0"/>
        </transform>
    </shape>
    <shape name="temp31" type="ply">
        <string name="filename" value="meshes/Cube_027.ply"/>
        <boolean name="face_normals" value="true"/>
        <ref id="mat-Material" name="bsdf"/>
        <transform name="to_world">
            <matrix value="0.8734471044825868 0.16840992192698306 -0.4568680171774303 -0.538840468161345 -0.4846097793190752 0.20938628309446983 -0.8493003407402294 -1.5782078823124708 -0.047368742985708125 0.9632214140748359 0.2645008441677253 -0.9451863474897467 0.0 0.0 0.0 1.0"/>
        </transform>
    </shape>
    <shape name="temp32" type="ply">
        <string name="filename" value="meshes/Cube_028.ply"/>
        <boolean name="face_normals" value="true"/>
        <ref id="mat-Material" name="bsdf"/>
        <transform name="to_world">
            <matrix value="-0.10836458183739431 0.9806321348788023 0.16314875743522414 -1.4507545830338964 -0.839549791056102 -0.0023885921201110506 -0.5432778387415069 -2.0961129272937638 -0.5323659151069009 -0.1958434826864794 0.823548379013579 -1.1648211787349898 0.0 0.0 0.0 1.0"/>
        </transform>
    </shape>
    <shape name="temp33" type="ply">
        <string name="filename" value="meshes/Cube_029.ply"/>
        <boolean name="face_normals" value="true"/>
        <ref id="mat-Material" name="bsdf"/>
        <transform name="to_world">
            <matrix value="-0.01169600923360052 0.9841334270571083 0.1770432948592053 -1.6551310414812657 -0.9994171378320541 -0.005825565314972373 -0.033641797720297996 -1.9390431000589894 -0.03207664703994667 -0.17733352384011616 0.9836279685934619 -0.25636324504240315 0.0 0.0 0.0 1.0"/>
        </transform>
    </shape>
    <shape name="temp34" type="ply">
        <string name="filename" value="meshes/Cube_030.ply"/>
        <boolean name="face_normals" value="true"/>
        <ref id="mat-Material" name="bsdf"/>
        <transform name="to_world">
            <matrix value="-0.03469452358857677 0.9819218308060143 -0.1860799463450809 -3.1897886072750334 -0.9793981368029135 0.003656578626400678 0.20190384792197485 -1.9518194443673507 0.19893414529058642 0.18925134802984483 0.9615662182299123 0.22928740167809258 0.0 0.0 0.0 1.0"/>
        </transform>
    </shape>
    <shape name="temp35" type="ply">
        <string name="filename" value="meshes/Cube_031.ply"/>
        <boolean name="face_normals" value="true"/>
        <ref id="mat-Material" name="bsdf"/>
        <transform name="to_world">
            <matrix value="0.10647601976501125 0.9843280359932669 0.14057432718343002 -1.9992677124557139 -0.8045044829414195 0.0022018301166193527 0.5939427951667556 -1.2843802197577714 0.5843248638806299 -0.17633330065516256 0.7921307304001085 0.5564142130435972 0.0 0.0 0.0 1.0"/>
        </transform>
    </shape>
    <shape name="temp36" type="ply">
        <string name="filename" value="meshes/Cube_032.ply"/>
        <boolean name="face_normals" value="true"/>
        <ref id="mat-Material" name="bsdf"/>
        <transform name="to_world">
            <matrix value="0.771455976398293 0.5853663674875841 0.2494029835927457 -0.5628839989773424 -0.28110396310814906 -0.03809314530174815 0.958921110623086 0.3053857188778857 0.5708206344731723 -0.8098735354791072 0.1351615833002774 -0.1874826410212016 0.0 0.0 0.0 1.0"/>
        </transform>
    </shape>
    <shape name="temp37" type="ply">
        <string name="filename" value="meshes/Cube_033.ply"/>
        <boolean name="face_normals" value="true"/>
        <ref id="mat-Material" name="bsdf"/>
        <transform name="to_world">
            <matrix value="0.9781956360245166 0.1603873823325122 0.13194436104942506 -0.13210739083185574 -0.1498434915349797 0.10512735100318508 0.9831050621223288 0.3007153621754286 0.1438066794674723 -0.9814397723930642 0.12686812591928234 -0.3902992955097776 0.0 0.0 0.0 1.0"/>
        </transform>
    </shape>
    <shape name="temp38" type="ply">
        <string name="filename" value="meshes/Cube_034.ply"/>
        <boolean name="face_normals" value="true"/>
        <ref id="mat-Material" name="bsdf"/>
        <transform name="to_world">
            <matrix value="0.9999242057561075 0.0032807791866472824 0.011897942462322132 -0.03606243301625911 -0.01229524916360387 0.1809767574772174 0.9834107212847046 0.3692702069717291 0.0010731002239254505 -0.9834818104262832 0.18100334215718303 -0.3473651855254434 0.0 0.0 0.0 1.0"/>
        </transform>
    </shape>
    <shape name="temp39" type="ply">
        <string name="filename" value="meshes/Cube_035.ply"/>
        <boolean name="face_normals" value="true"/>
        <ref id="mat-Material" name="bsdf"/>
        <transform name="to_world">
            <matrix value="0.99901910724132 -0.04420096657857466 0.0027717352504679446 0.009149095149782127 0.006668350983197614 0.2119971298832138 0.9772476586224488 0.09170844508635191 -0.04378289957750249 -0.9762702248327677 0.21208398558744948 -0.14039311800314974 0.0 0.0 0.0 1.0"/>
        </transform>
    </shape>
    <shape name="temp40" type="ply">
        <string name="filename" value="meshes/Cube_036.ply"/>
        <boolean name="face_normals" value="true"/>
        <ref id="mat-Material" name="bsdf"/>
        <transform name="to_world">
            <matrix value="0.9997132229485468 -0.02379789872409125 0.002752705426360254 0.004708733829029921 0.002357608766956192 0.21207847767003252 0.9772497861804235 -0.2506289372510372 -0.02384028158226468 -0.9769627239410709 0.21207384422776973 0.2405866229329202 0.0 0.0 0.0 1.0"/>
        </transform>
    </shape>
    <shape name="temp41" type="ply">
        <string name="filename" value="meshes/Cube_037.ply"/>
        <boolean name="face_normals" value="true"/>
        <ref id="mat-Material" name="bsdf"/>
        <transform name="to_world">
            <matrix value="0.9989490751329281 -0.04573412205922536 0.003017562754686419 -0.004228508427218447 0.006761879307196287 0.2121731748372523 0.9772086533929112 -0.5693917386501707 -0.04533204970684027 -0.976161343948872 0.2122595327599013 0.5085302386104668 0.0 0.0 0.0 1.0"/>
        </transform>
    </shape>
    <shape name="temp42" type="ply">
        <string name="filename" value="meshes/Cube_038.ply"/>
        <boolean name="face_normals" value="true"/>
        <ref id="mat-Material" name="bsdf"/>
        <transform name="to_world">
            <matrix value="0.9992770736152702 -0.03790389697615676 0.002991724745059456 0.004478140983426471 0.005123172294943327 0.2121952847485415 0.9772138540901829 -0.9044515446066591 -0.037675049244096474 -0.976491949697866 0.21223610598264575 0.8555879527867334 0.0 0.0 0.0 1.0"/>
        </transform>
    </shape>
    <shape name="temp43" type="ply">
        <string name="filename" value="meshes/Cube_039.ply"/>
        <boolean name="face_normals" value="true"/>
        <ref id="mat-Material" name="bsdf"/>
        <transform name="to_world">
            <matrix value="0.9999658069383316 -0.004119505871561982 -0.0072035314760834765 0.019736066399005825 0.008276983808446698 0.43300480290120796 0.901353595135739 -1.3192799113011189 -0.0005939679970727404 -0.9013821641458813 0.433023925412035 1.4695965193623284 0.0 0.0 0.0 1.0"/>
        </transform>
    </shape>
    <shape name="temp47" type="ply">
        <string name="filename" value="meshes/Plane_001.ply"/>
        <boolean name="face_normals" value="true"/>
        <ref id="mat-Material.002" name="bsdf"/>
    </shape>
    <shape name="temp49" type="ply">
        <string name="filename" value="meshes/Plane_002.ply"/>
        <boolean name="face_normals" value="true"/>
        <ref id="mat-Material.003" name="bsdf"/>
    </shape>
    <shape name="temp51" type="ply">
        <string name="filename" value="meshes/Plane_003.ply"/>
        <boolean name="face_normals" value="true"/>
        <ref id="mat-Material.004" name="bsdf"/>
    </shape>
    <shape name="temp53" type="ply">
        <string name="filename" value="meshes/Plane_004.ply"/>
        <boolean name="face_normals" value="true"/>
        <ref id="mat-Material.005" name="bsdf"/>
    </shape>
    <emitter type="point">
        <transform name="to_world">
            <rotate angle="-142.5518126578256" x="1"/>
            <rotate angle="3.976628485794621e-06" y="1"/>
            <rotate angle="-179.999991348578" z="1"/>
            <translate value="-0.000000 3.030926 4.073377"/>
        </transform>
        <rgb name="intensity" value="100"/>
    </emitter>
</scene>
