
<scene version="2.1.0">
    <default name="spp" value="1024"/>
    <default name="resx" value="1280"/>
    <default name="resy" value="720"/>
    <integrator name="temp0" type="path">
        <integer name="max_depth" value="12"/>
    </integrator>
    <sensor name="temp44" type="perspective">
        <string name="fov_axis" value="x"/>
        <float name="fov" value="83.974423"/>
        <float name="principal_point_offset_x" value="0.000000"/>
        <float name="principal_point_offset_y" value="-0.000000"/>
        <float name="near_clip" value="0.100000"/>
        <float name="far_clip" value="1000.000000"/>
        <sampler name="sampler" type="independent">
            <integer name="sample_count" value="$spp"/>
        </sampler>
        <film name="film" type="hdrfilm">
            <integer name="width" value="$resx"/>
            <integer name="height" value="$resy"/>
        </film>
        <float name="shutter_open" value="0.0"/>
        <float name="shutter_close" value="0.0015"/>
        <animation name="to_world">
            <transform time="0">
                <rotate angle="-142.5518126578256" x="1"/>
                <rotate angle="3.976628485794621e-06" y="1"/>
                <rotate angle="-179.999991348578" z="1"/>
                <translate value="-0.000000 3.030926 4.073377"/>
                <translate x="37.199999999999996" y="0.0" z="0.0"/>
            </transform>
            <transform time="0.0015">
                <rotate angle="-142.5518126578256" x="1"/>
                <rotate angle="3.976628485794621e-06" y="1"/>
                <rotate angle="-179.999991348578" z="1"/>
                <translate value="-0.000000 3.030926 4.073377"/>
                <translate x="37.35" y="0.0" z="0.0"/>
            </transform>
        </animation>
    </sensor>
    <bsdf id="mat-Material" name="mat-Material" type="twosided">
        <bsdf name="bsdf" type="diffuse">
            <texture name="reflectance" type="bitmap">
                <string name="filename" value="textures/siggraph_2023_logo.jpg"/>
            </texture>
        </bsdf>
    </bsdf>
    <bsdf id="mat-Material.001" name="mat-Material.001" type="twosided">
        <bsdf name="bsdf" type="principled">
            <rgb name="base_color" value="0.433648 0.266232 0.084399"/>
            <float name="spec_tint" value="0.000000"/>
            <float name="spec_trans" value="0.000000"/>
            <float name="metallic" value="0.000000"/>
            <float name="anisotropic" value="0.000000"/>
            <float name="roughness" value="0.500000"/>
            <float name="sheen" value="0.000000"/>
            <float name="sheen_tint" value="0.500000"/>
            <float name="clearcoat" value="0.000000"/>
            <float name="clearcoat_gloss" value="0.173205"/>
            <float name="specular" value="0.500000"/>
        </bsdf>
    </bsdf>
    <bsdf id="mat-Material.002" name="mat-Material.002" type="twosided">
        <bsdf name="bsdf" type="principled">
            <rgb name="base_color" value="0.433648 0.266232 0.084399"/>
            <float name="spec_tint" value="0.000000"/>
            <float name="spec_trans" value="0.000000"/>
            <float name="metallic" value="0.000000"/>
            <float name="anisotropic" value="0.000000"/>
            <float name="roughness" value="0.500000"/>
            <float name="sheen" value="0.000000"/>
            <float name="sheen_tint" value="0.500000"/>
            <float name="clearcoat" value="0.000000"/>
            <float name="clearcoat_gloss" value="0.173205"/>
            <float name="specular" value="0.500000"/>
        </bsdf>
    </bsdf>
    <bsdf id="mat-Material.003" name="mat-Material.003" type="twosided">
        <bsdf name="bsdf" type="principled">
            <rgb name="base_color" value="0.433648 0.266232 0.084399"/>
            <float name="spec_tint" value="0.000000"/>
            <float name="spec_trans" value="0.000000"/>
            <float name="metallic" value="0.000000"/>
            <float name="anisotropic" value="0.000000"/>
            <float name="roughness" value="0.500000"/>
            <float name="sheen" value="0.000000"/>
            <float name="sheen_tint" value="0.500000"/>
            <float name="clearcoat" value="0.000000"/>
            <float name="clearcoat_gloss" value="0.173205"/>
            <float name="specular" value="0.500000"/>
        </bsdf>
    </bsdf>
    <bsdf id="mat-Material.004" name="mat-Material.004" type="twosided">
        <bsdf name="bsdf" type="principled">
            <rgb name="base_color" value="0.433648 0.266232 0.084399"/>
            <float name="spec_tint" value="0.000000"/>
            <float name="spec_trans" value="0.000000"/>
            <float name="metallic" value="0.000000"/>
            <float name="anisotropic" value="0.000000"/>
            <float name="roughness" value="0.500000"/>
            <float name="sheen" value="0.000000"/>
            <float name="sheen_tint" value="0.500000"/>
            <float name="clearcoat" value="0.000000"/>
            <float name="clearcoat_gloss" value="0.173205"/>
            <float name="specular" value="0.500000"/>
        </bsdf>
    </bsdf>
    <bsdf id="mat-Material.005" name="mat-Material.005" type="twosided">
        <bsdf name="bsdf" type="principled">
            <rgb name="base_color" value="0.433648 0.266232 0.084399"/>
            <float name="spec_tint" value="0.000000"/>
            <float name="spec_trans" value="0.000000"/>
            <float name="metallic" value="0.000000"/>
            <float name="anisotropic" value="0.000000"/>
            <float name="roughness" value="0.500000"/>
            <float name="sheen" value="0.000000"/>
            <float name="sheen_tint" value="0.500000"/>
            <float name="clearcoat" value="0.000000"/>
            <float name="clearcoat_gloss" value="0.173205"/>
            <float name="specular" value="0.500000"/>
        </bsdf>
    </bsdf>
    <emitter name="temp45" type="point">
        <point name="position" x="-6.815235034541981e-16" y="3.0693089962005615" z="4.109199523925781"/>
        <rgb name="intensity" value="7.957747 7.957747 7.957747"/>
    </emitter>
    <shape name="temp2" type="ply">
        <string name="filename" value="meshes/Cube.ply"/>
        <boolean name="face_normals" value="true"/>
        <ref id="mat-Material" name="bsdf"/>
        <transform name="to_world">
            <matrix value="0.9879212342671538 -0.08284798601652403 -0.1309523753239207 0.2074505606113357 -0.14158085517182686 -0.13909105320353843 -0.9801063873545519 1.8340502072931033 0.06298554856416448 0.9868078919868258 -0.1491406556944562 2.376217379248282 0.0 0.0 0.0 1.0"/>
        </transform>
    </shape>
    <shape name="temp4" type="ply">
        <string name="filename" value="meshes/Plane.ply"/>
        <boolean name="face_normals" value="true"/>
        <ref id="mat-Material.001" name="bsdf"/>
    </shape>
    <shape name="temp5" type="ply">
        <string name="filename" value="meshes/Cube_001.ply"/>
        <boolean name="face_normals" value="true"/>
        <ref id="mat-Material" name="bsdf"/>
        <transform name="to_world">
            <matrix value="0.9987252383307892 -0.0347435980334694 -0.03661510726910913 0.03519658882007626 -0.03674211518242921 -0.0030235282829568044 -0.9993203634247254 1.1347416889143942 0.03460927845652779 0.9993915602714096 -0.004296225097524893 1.0283033925287715 0.0 0.0 0.0 1.0"/>
        </transform>
    </shape>
    <shape name="temp6" type="ply">
        <string name="filename" value="meshes/Cube_002.ply"/>
        <boolean name="face_normals" value="true"/>
        <ref id="mat-Material" name="bsdf"/>
        <transform name="to_world">
            <matrix value="0.999547007501414 -0.02941727868708844 -0.006364235088537142 -0.008551988166330737 0.0003152801195687441 0.22167397058547464 -0.9751208098336676 0.6819006862496988 0.030096192203564725 0.9746770597155331 0.2215827282006864 0.49022621786817744 0.0 0.0 0.0 1.0"/>
        </transform>
    </shape>
    <shape name="temp7" type="ply">
        <string name="filename" value="meshes/Cube_003.ply"/>
        <boolean name="face_normals" value="true"/>
        <ref id="mat-Material" name="bsdf"/>
        <transform name="to_world">
            <matrix value="0.9985302122061533 -0.05118625931588597 0.01782593360789863 -0.02542998837603161 0.0293628895425219 0.23440552497481348 -0.9716954414942832 0.30602206936005505 0.04555894487320643 0.9707905127622163 0.23556390451330692 0.22515761148548696 0.0 0.0 0.0 1.0"/>
        </transform>
    </shape>
    <shape name="temp8" type="ply">
        <string name="filename" value="meshes/Cube_004.ply"/>
        <boolean name="face_normals" value="true"/>
        <ref id="mat-Material" name="bsdf"/>
        <transform name="to_world">
            <matrix value="0.994318534396403 -0.09190389280447538 0.053713486968234615 -0.001608590587647285 0.07419268049224594 0.2364811450431039 -0.9687993622999563 -0.1387370764664186 0.07633424463722481 0.9672798343008158 0.2419560578903797 -0.15902536543966883 0.0 0.0 0.0 1.0"/>
        </transform>
    </shape>
    <shape name="temp9" type="ply">
        <string name="filename" value="meshes/Cube_005.ply"/>
        <boolean name="face_normals" value="true"/>
        <ref id="mat-Material" name="bsdf"/>
        <transform name="to_world">
            <matrix value="0.9903683688901418 -0.1305408793487171 0.046151767693363106 0.04130328373102721 0.0776127738565707 0.24736631325572617 -0.9658087249734174 -0.48402139525695037 0.11466113324362132 0.960088064193833 0.25511547675501073 -0.5733661710689808 0.0 0.0 0.0 1.0"/>
        </transform>
    </shape>
    <shape name="temp10" type="ply">
        <string name="filename" value="meshes/Cube_006.ply"/>
        <boolean name="face_normals" value="true"/>
        <ref id="mat-Material" name="bsdf"/>
        <transform name="to_world">
            <matrix value="0.9881295576275605 -0.12687559837554727 -0.08661763669914581 0.0025279978432344308 -0.053047150225077874 0.24735066945056872 -0.9674729481003508 -0.48589424296020245 0.1441736388506224 0.9605832427730835 0.2376841578723664 -0.9480597310903731 0.0 0.0 0.0 1.0"/>
        </transform>
    </shape>
    <shape name="temp11" type="ply">
        <string name="filename" value="meshes/Cube_007.ply"/>
        <boolean name="face_normals" value="true"/>
        <ref id="mat-Material" name="bsdf"/>
        <transform name="to_world">
            <matrix value="0.9213628070996602 -0.2048822230055713 -0.3303246511632305 0.11434740871634697 -0.2724172778962709 0.26583559820868 -0.9247272352478676 -0.2241782956012993 0.2772721873243657 0.9419950649009331 0.18911751731950388 -1.6243165569520839 0.0 0.0 0.0 1.0"/>
        </transform>
    </shape>
    <shape name="temp12" type="ply">
        <string name="filename" value="meshes/Cube_008.ply"/>
        <boolean name="face_normals" value="true"/>
        <ref id="mat-Material" name="bsdf"/>
        <transform name="to_world">
            <matrix value="0.20273896462403396 0.9401501388126978 -0.2738876299524231 2.0412290104023514 -0.572541740023084 -0.11309951754504895 -0.8120373447887358 0.431660386502248 -0.7944136539562823 0.32144369377355697 0.5153453664860449 1.197571779571591 0.0 0.0 0.0 1.0"/>
        </transform>
    </shape>
    <shape name="temp13" type="ply">
        <string name="filename" value="meshes/Cube_009.ply"/>
        <boolean name="face_normals" value="true"/>
        <ref id="mat-Material" name="bsdf"/>
        <transform name="to_world">
            <matrix value="-0.05894363213108593 0.9917578005227117 0.11376329073647075 2.578152170120513 -0.8879441941609179 -1.3069773456842913e-05 -0.4599520306595288 1.1960089517856223 -0.45615945690543186 -0.1281266230447851 0.8806260315701236 0.8190527255449256 0.0 0.0 0.0 1.0"/>
        </transform>
    </shape>
    <shape name="temp14" type="ply">
        <string name="filename" value="meshes/Cube_010.ply"/>
        <boolean name="face_normals" value="true"/>
        <ref id="mat-Material" name="bsdf"/>
        <transform name="to_world">
            <matrix value="0.020402573812955765 0.9974513112637483 0.06837191226329145 1.8707176886782682 -0.9582772633225005 7.858801100489547e-06 0.28584072344535794 2.2866866496708633 0.2851117499694164 -0.07135112416383863 0.9558349695830127 -0.6776514453088647 0.0 0.0 0.0 1.0"/>
        </transform>
    </shape>
    <shape name="temp15" type="ply">
        <string name="filename" value="meshes/Cube_011.ply"/>
        <boolean name="face_normals" value="true"/>
        <ref id="mat-Material" name="bsdf"/>
        <transform name="to_world">
            <matrix value="-0.021244732078428866 0.9995016926597181 -0.02334202952955911 1.3916266221097877 -0.8291517959246631 -0.00456906739977014 0.5590049836863583 2.2638320595068055 0.5586199774124289 0.031229999395106203 0.8288358333715505 -1.3684134538447192 0.0 0.0 0.0 1.0"/>
        </transform>
    </shape>
    <shape name="temp16" type="ply">
        <string name="filename" value="meshes/Cube_012.ply"/>
        <boolean name="face_normals" value="true"/>
        <ref id="mat-Material" name="bsdf"/>
        <transform name="to_world">
            <matrix value="0.09171466968779864 0.9897480930201513 0.1094857645095908 1.1127255926309798 -0.7668289815913067 5.6439720247046974e-05 0.6418516184333515 1.8415948393340438 0.6352652443943286 -0.1428240405654297 0.7589727393632739 -1.7450984042569182 0.0 0.0 0.0 1.0"/>
        </transform>
    </shape>
    <shape name="temp17" type="ply">
        <string name="filename" value="meshes/Cube_013.ply"/>
        <boolean name="face_normals" value="true"/>
        <ref id="mat-Material" name="bsdf"/>
        <transform name="to_world">
            <matrix value="0.9242868692456212 0.19116686099749072 0.33037736732193873 0.5717705180926071 -0.3603445402436408 0.15156723811748707 0.9204234218602327 1.4546244411466118 0.12588009971153863 -0.9697847203826266 0.20897753818848366 -1.398368949828006 0.0 0.0 0.0 1.0"/>
        </transform>
    </shape>
    <shape name="temp18" type="ply">
        <string name="filename" value="meshes/Cube_014.ply"/>
        <boolean name="face_normals" value="true"/>
        <ref id="mat-Material" name="bsdf"/>
        <transform name="to_world">
            <matrix value="0.941765199183727 0.2893551206345962 0.17132496273227615 0.11192047251525694 -0.21624793671224957 0.13096449273397398 0.9675150264691852 1.0255757155241112 0.25751807980823616 -0.9482202564332542 0.18591024731206687 -0.8606041791760854 0.0 0.0 0.0 1.0"/>
        </transform>
    </shape>
    <shape name="temp19" type="ply">
        <string name="filename" value="meshes/Cube_015.ply"/>
        <boolean name="face_normals" value="true"/>
        <ref id="mat-Material" name="bsdf"/>
        <transform name="to_world">
            <matrix value="0.9837379238937143 0.1251838564274138 0.12879926301391753 0.03418106612462013 -0.14946168357188575 0.1728648813260941 0.9735395614677502 0.6390794424130921 0.09960657911766635 -0.9769579265074892 0.18876391718409663 -0.2971455288111208 0.0 0.0 0.0 1.0"/>
        </transform>
    </shape>
    <shape name="temp20" type="ply">
        <string name="filename" value="meshes/Cube_016.ply"/>
        <boolean name="face_normals" value="true"/>
        <ref id="mat-Material" name="bsdf"/>
        <transform name="to_world">
            <matrix value="0.98485356197487 0.03317464952661846 0.17018546632052087 0.06617470075601306 -0.17337716102243333 0.1770928178247602 0.9688026718345838 0.3317688580777119 0.0020010611194144962 -0.9836349111327575 0.18016222393162312 0.14007839466815775 0.0 0.0 0.0 1.0"/>
        </transform>
    </shape>
    <shape name="temp21" type="ply">
        <string name="filename" value="meshes/Cube_017.ply"/>
        <boolean name="face_normals" value="true"/>
        <ref id="mat-Material" name="bsdf"/>
        <transform name="to_world">
            <matrix value="0.950122955106759 -0.06313739641193686 0.3054187483245481 0.20501978094586393 -0.29108845853124055 0.1720217845201419 0.9411037581656857 0.13283647372175095 -0.11195753926673722 -0.9830677710497828 0.14506326175440323 0.3763476500207762 0.0 0.0 0.0 1.0"/>
        </transform>
    </shape>
    <shape name="temp22" type="ply">
        <string name="filename" value="meshes/Cube_018.ply"/>
        <boolean name="face_normals" value="true"/>
        <ref id="mat-Material" name="bsdf"/>
        <transform name="to_world">
            <matrix value="0.24616232910835828 0.9559612283932978 0.1598192001233038 0.8470137349941516 -0.521803920734291 -0.008244594022397756 0.8530259311493872 -0.05688779027453905 0.8167773883165167 -0.2933770386485421 0.49679447931800896 -0.14704322443827478 0.0 0.0 0.0 1.0"/>
        </transform>
    </shape>
    <shape name="temp23" type="ply">
        <string name="filename" value="meshes/Cube_019.ply"/>
        <boolean name="face_normals" value="true"/>
        <ref id="mat-Material" name="bsdf"/>
        <transform name="to_world">
            <matrix value="-0.08105556116994399 0.984165757587767 -0.15763178685084067 0.5019004618070592 -0.9110211035996504 -0.009000225270794268 0.4122618730736735 -0.04911808189541153 0.4043153962487611 0.1770219409581935 0.8973252341141156 -0.051005041527230954 0.0 0.0 0.0 1.0"/>
        </transform>
    </shape>
    <shape name="temp24" type="ply">
        <string name="filename" value="meshes/Cube_020.ply"/>
        <boolean name="face_normals" value="true"/>
        <ref id="mat-Material" name="bsdf"/>
        <transform name="to_world">
            <matrix value="0.09508844166212839 0.9523247879463862 -0.28988899341298524 0.112220948849822 -0.9565926842917157 0.006828086091723965 -0.29134755344247387 0.15887991830165366 -0.27547804323529235 0.3050093676700587 0.9116366071990968 0.10854536094997591 0.0 0.0 0.0 1.0"/>
        </transform>
    </shape>
    <shape name="temp25" type="ply">
        <string name="filename" value="meshes/Cube_021.ply"/>
        <boolean name="face_normals" value="true"/>
        <ref id="mat-Material" name="bsdf"/>
        <transform name="to_world">
            <matrix value="0.2087704134731139 0.9334744056918421 -0.29161704334686617 -0.15403536277031613 -0.7818211716814976 -0.019830341890147114 -0.623187734297322 0.11468665221485125 -0.5875126545360417 0.3580954605849115 0.7256698379888242 0.29408312240103374 0.0 0.0 0.0 1.0"/>
        </transform>
    </shape>
    <shape name="temp26" type="ply">
        <string name="filename" value="meshes/Cube_022.ply"/>
        <boolean name="face_normals" value="true"/>
        <ref id="mat-Material" name="bsdf"/>
        <transform name="to_world">
            <matrix value="0.6363254773264401 0.39942868823565 -0.659959737147304 -0.08240344218056217 -0.7134786987147778 -0.0205665727343077 -0.70037530122675 -0.19693154629569992 -0.29332314765073303 0.9165334162107367 0.27189670847869674 0.678786574741204 0.0 0.0 0.0 1.0"/>
        </transform>
    </shape>
    <shape name="temp27" type="ply">
        <string name="filename" value="meshes/Cube_023.ply"/>
        <boolean name="face_normals" value="true"/>
        <ref id="mat-Material" name="bsdf"/>
        <transform name="to_world">
            <matrix value="0.8582350667609884 0.27641727660124776 -0.43246539999744693 -0.06310621947849049 -0.4803285126421253 0.13561353960907174 -0.8665411249864663 -0.28720202821523255 -0.1808787522583139 0.9514211875525372 0.24915949640229945 0.20755460141374726 0.0 0.0 0.0 1.0"/>
        </transform>
    </shape>
    <shape name="temp28" type="ply">
        <string name="filename" value="meshes/Cube_024.ply"/>
        <boolean name="face_normals" value="true"/>
        <ref id="mat-Material" name="bsdf"/>
        <transform name="to_world">
            <matrix value="0.8566083715850482 0.4392390436003279 -0.27072395124393583 -0.19035766310663127 -0.37833787212314307 0.17794642726777815 -0.9084027193027662 -0.5125142347296179 -0.35083165344921435 0.8805703939944475 0.3186110261401228 -0.3378477309411487 0.0 0.0 0.0 1.0"/>
        </transform>
    </shape>
    <shape name="temp29" type="ply">
        <string name="filename" value="meshes/Cube_025.ply"/>
        <boolean name="face_normals" value="true"/>
        <ref id="mat-Material" name="bsdf"/>
        <transform name="to_world">
            <matrix value="0.8996271455089916 0.3655444148486827 -0.23884745929390605 -0.2662894200014774 -0.32110670233871785 0.18314427968620614 -0.9291657939739049 -0.7929957939542664 -0.2959078200157085 0.9125982691693973 0.2821404273365669 -0.7072559061600254 0.0 0.0 0.0 1.0"/>
        </transform>
    </shape>
    <shape name="temp30" type="ply">
        <string name="filename" value="meshes/Cube_026.ply"/>
        <boolean name="face_normals" value="true"/>
        <ref id="mat-Material" name="bsdf"/>
        <transform name="to_world">
            <matrix value="0.9236228939394745 0.23677232840310125 -0.30142910433118797 -0.325668990690539 -0.34858477519693204 0.19182221128314664 -0.9174384580216263 -1.145179615177137 -0.1594032732475573 0.9524405378965967 0.2597067468645705 -0.8809662712034583 0.0 0.0 0.0 1.0"/>
        </transform>
    </shape>
    <shape name="temp31" type="ply">
        <string name="filename" value="meshes/Cube_027.ply"/>
        <boolean name="face_normals" value="true"/>
        <ref id="mat-Material" name="bsdf"/>
        <transform name="to_world">
            <matrix value="0.8738712863036698 0.1746309417779289 -0.4537100119568758 -0.5820934618723922 -0.4818789703329805 0.18759959367823406 -0.8559201191810698 -1.5821855455794898 -0.06435432169027369 0.9665973472278135 0.24808886195032764 -1.0193157464852827 0.0 0.0 0.0 1.0"/>
        </transform>
    </shape>
    <shape name="temp32" type="ply">
        <string name="filename" value="meshes/Cube_028.ply"/>
        <boolean name="face_normals" value="true"/>
        <ref id="mat-Material" name="bsdf"/>
        <transform name="to_world">
            <matrix value="-0.10542123869956581 0.984358280683238 0.14115567058027015 -1.4826713148437842 -0.8021654991693661 -0.0002853868087263231 -0.5971019823639627 -2.119707885448032 -0.587721864378833 -0.17617738406376 0.7896483430342096 -1.3372269197758924 0.0 0.0 0.0 1.0"/>
        </transform>
    </shape>
    <shape name="temp33" type="ply">
        <string name="filename" value="meshes/Cube_029.ply"/>
        <boolean name="face_normals" value="true"/>
        <ref id="mat-Material" name="bsdf"/>
        <transform name="to_world">
            <matrix value="0.004387617968643345 0.9774203573879435 0.21125809122117573 -1.5721355606857714 -0.9978547126290053 -0.009521163982537342 0.06477567737899988 -1.796929893502251 0.06532448801209871 -0.21108895484780663 0.9752817950537586 -0.08684459812322332 0.0 0.0 0.0 1.0"/>
        </transform>
    </shape>
    <shape name="temp34" type="ply">
        <string name="filename" value="meshes/Cube_030.ply"/>
        <boolean name="face_normals" value="true"/>
        <ref id="mat-Material" name="bsdf"/>
        <transform name="to_world">
            <matrix value="-0.043135931552987464 0.9787325947362404 -0.20055319714945616 -3.2282759546464552 -0.9738988290092874 0.003582510016611113 0.22695410875965005 -1.9046526976261458 0.22284584248867834 0.2051083556738066 0.9530321676085776 0.26384833071292757 0.0 0.0 0.0 1.0"/>
        </transform>
    </shape>
    <shape name="temp35" type="ply">
        <string name="filename" value="meshes/Cube_031.ply"/>
        <boolean name="face_normals" value="true"/>
        <ref id="mat-Material" name="bsdf"/>
        <transform name="to_world">
            <matrix value="0.14241694103296473 0.9775525996875412 0.15526832997573164 -1.8852337557415502 -0.7324392272001163 -0.0014319630055295636 0.6808313172751561 -0.9875254900652924 0.6657708762169188 -0.21068638759508826 0.7157937138699287 0.6708148787026431 0.0 0.0 0.0 1.0"/>
        </transform>
    </shape>
    <shape name="temp36" type="ply">
        <string name="filename" value="meshes/Cube_032.ply"/>
        <boolean name="face_normals" value="true"/>
        <ref id="mat-Material" name="bsdf"/>
        <transform name="to_world">
            <matrix value="0.7462377687592969 0.614016849421075 0.2571243642738574 -0.655455331768017 -0.32247875544965043 -0.004461634089311527 0.9465663814635803 0.13692675685877223 0.582354656780615 -0.7892802389539092 0.19467791372610574 -0.11271796458507488 0.0 0.0 0.0 1.0"/>
        </transform>
    </shape>
    <shape name="temp37" type="ply">
        <string name="filename" value="meshes/Cube_033.ply"/>
        <boolean name="face_normals" value="true"/>
        <ref id="mat-Material" name="bsdf"/>
        <transform name="to_world">
            <matrix value="0.976724961748285 0.16896919839056534 0.13212744923292077 -0.141600929200568 -0.1501370058525567 0.09862311570366879 0.9837338737015395 0.3003745895962224 0.1531899182131352 -0.9806746860288306 0.12169619795934095 -0.3800979960180384 0.0 0.0 0.0 1.0"/>
        </transform>
    </shape>
    <shape name="temp38" type="ply">
        <string name="filename" value="meshes/Cube_034.ply"/>
        <boolean name="face_normals" value="true"/>
        <ref id="mat-Material" name="bsdf"/>
        <transform name="to_world">
            <matrix value="0.9999246489972998 0.0019420595173781816 0.01213975124592159 -0.03342541617976691 -0.012290985183333422 0.18016194467098992 0.9835601231335998 0.3694015714179607 -0.0002769876264788742 -0.9836351197168263 0.18017222345410455 -0.36488645521522733 0.0 0.0 0.0 1.0"/>
        </transform>
    </shape>
    <shape name="temp39" type="ply">
        <string name="filename" value="meshes/Cube_035.ply"/>
        <boolean name="face_normals" value="true"/>
        <ref id="mat-Material" name="bsdf"/>
        <transform name="to_world">
            <matrix value="0.9989131725963474 -0.04650154456502922 0.0031888075321225796 0.008839335381999103 0.006436744162956738 0.20538036347859825 0.9786610663036895 0.0911435420523386 -0.046164190721366176 -0.9775767954395179 0.20545645337976767 -0.14793472003268454 0.0 0.0 0.0 1.0"/>
        </transform>
    </shape>
    <shape name="temp40" type="ply">
        <string name="filename" value="meshes/Cube_036.ply"/>
        <boolean name="face_normals" value="true"/>
        <ref id="mat-Material" name="bsdf"/>
        <transform name="to_world">
            <matrix value="0.998997831664087 -0.044647899662719565 0.0031936299968653983 0.002893024060410365 0.0061751432112292495 0.20813014811554725 0.9780816613485598 -0.24054968084496575 -0.04433400351401618 -0.9770816168602675 0.20819726812100228 0.1923145866892057 0.0 0.0 0.0 1.0"/>
        </transform>
    </shape>
    <shape name="temp41" type="ply">
        <string name="filename" value="meshes/Cube_037.ply"/>
        <boolean name="face_normals" value="true"/>
        <ref id="mat-Material" name="bsdf"/>
        <transform name="to_world">
            <matrix value="0.998855108000149 -0.04772276257084036 0.0033535277984361026 -0.005533223294246881 0.006662996629593973 0.20818873938046362 0.9780660592567447 -0.570221719304769 -0.04737419485237409 -0.9769237187202117 0.20826837583642577 0.5197229621130144 0.0 0.0 0.0 1.0"/>
        </transform>
    </shape>
    <shape name="temp42" type="ply">
        <string name="filename" value="meshes/Cube_038.ply"/>
        <boolean name="face_normals" value="true"/>
        <ref id="mat-Material" name="bsdf"/>
        <transform name="to_world">
            <matrix value="0.9990346206830525 -0.04379670979489929 0.0035152694835849448 0.008560235942231209 0.0056871523880948965 0.20823078992872684 0.9780632225127784 -0.903871885343828 -0.043567954193682215 -0.9770985121698376 0.20827880087050216 0.8650271801093141 0.0 0.0 0.0 1.0"/>
        </transform>
    </shape>
    <shape name="temp43" type="ply">
        <string name="filename" value="meshes/Cube_039.ply"/>
        <boolean name="face_normals" value="true"/>
        <ref id="mat-Material" name="bsdf"/>
        <transform name="to_world">
            <matrix value="0.9999450533079258 -0.009400793750758012 -0.004675721428355643 0.021639979081090388 0.008285601168941057 0.4330150660862343 0.9013485853511587 -1.3192545619777698 -0.006448734609017042 -0.9013378012616667 0.43306910875163523 1.4750002961738724 0.0 0.0 0.0 1.0"/>
        </transform>
    </shape>
    <shape name="temp47" type="ply">
        <string name="filename" value="meshes/Plane_001.ply"/>
        <boolean name="face_normals" value="true"/>
        <ref id="mat-Material.002" name="bsdf"/>
    </shape>
    <shape name="temp49" type="ply">
        <string name="filename" value="meshes/Plane_002.ply"/>
        <boolean name="face_normals" value="true"/>
        <ref id="mat-Material.003" name="bsdf"/>
    </shape>
    <shape name="temp51" type="ply">
        <string name="filename" value="meshes/Plane_003.ply"/>
        <boolean name="face_normals" value="true"/>
        <ref id="mat-Material.004" name="bsdf"/>
    </shape>
    <shape name="temp53" type="ply">
        <string name="filename" value="meshes/Plane_004.ply"/>
        <boolean name="face_normals" value="true"/>
        <ref id="mat-Material.005" name="bsdf"/>
    </shape>
    <emitter type="point">
        <rgb name="intensity" value="100"/>
        <animation name="to_world">
            <transform time="0">
                <rotate angle="-142.5518126578256" x="1"/>
                <rotate angle="3.976628485794621e-06" y="1"/>
                <rotate angle="-179.999991348578" z="1"/>
                <translate value="-0.000000 3.030926 4.073377"/>
                <translate x="37.199999999999996" y="0.0" z="0.0"/>
            </transform>
            <transform time="0.0015">
                <rotate angle="-142.5518126578256" x="1"/>
                <rotate angle="3.976628485794621e-06" y="1"/>
                <rotate angle="-179.999991348578" z="1"/>
                <translate value="-0.000000 3.030926 4.073377"/>
                <translate x="37.35" y="0.0" z="0.0"/>
            </transform>
        </animation>
    </emitter>
</scene>
