
<scene version="2.1.0">
    <default name="spp" value="1024"/>
    <default name="resx" value="1280"/>
    <default name="resy" value="720"/>
    <integrator name="temp0" type="path">
        <integer name="max_depth" value="12"/>
    </integrator>
    <sensor name="temp44" type="perspective">
        <string name="fov_axis" value="x"/>
        <float name="fov" value="83.974423"/>
        <float name="principal_point_offset_x" value="0.000000"/>
        <float name="principal_point_offset_y" value="-0.000000"/>
        <float name="near_clip" value="0.100000"/>
        <float name="far_clip" value="1000.000000"/>
        <sampler name="sampler" type="independent">
            <integer name="sample_count" value="$spp"/>
        </sampler>
        <film name="film" type="hdrfilm">
            <integer name="width" value="$resx"/>
            <integer name="height" value="$resy"/>
        </film>
        <float name="shutter_open" value="0.0"/>
        <float name="shutter_close" value="0.0015"/>
        <animation name="to_world">
            <transform time="0">
                <rotate angle="-142.5518126578256" x="1"/>
                <rotate angle="3.976628485794621e-06" y="1"/>
                <rotate angle="-179.999991348578" z="1"/>
                <translate value="-0.000000 3.030926 4.073377"/>
            </transform>
            <transform time="0.0015">
                <rotate angle="-142.5518126578256" x="1"/>
                <rotate angle="3.976628485794621e-06" y="1"/>
                <rotate angle="-179.999991348578" z="1"/>
                <translate value="-0.000000 3.030926 4.073377"/>
                <translate x="0.15" y="0.0" z="0.0"/>
            </transform>
        </animation>
    </sensor>
    <bsdf id="mat-Material" name="mat-Material" type="twosided">
        <bsdf name="bsdf" type="diffuse">
            <texture name="reflectance" type="bitmap">
                <string name="filename" value="textures/siggraph_2023_logo.jpg"/>
            </texture>
        </bsdf>
    </bsdf>
    <bsdf id="mat-Material.001" name="mat-Material.001" type="twosided">
        <bsdf name="bsdf" type="principled">
            <rgb name="base_color" value="0.433648 0.266232 0.084399"/>
            <float name="spec_tint" value="0.000000"/>
            <float name="spec_trans" value="0.000000"/>
            <float name="metallic" value="0.000000"/>
            <float name="anisotropic" value="0.000000"/>
            <float name="roughness" value="0.500000"/>
            <float name="sheen" value="0.000000"/>
            <float name="sheen_tint" value="0.500000"/>
            <float name="clearcoat" value="0.000000"/>
            <float name="clearcoat_gloss" value="0.173205"/>
            <float name="specular" value="0.500000"/>
        </bsdf>
    </bsdf>
    <bsdf id="mat-Material.002" name="mat-Material.002" type="twosided">
        <bsdf name="bsdf" type="principled">
            <rgb name="base_color" value="0.433648 0.266232 0.084399"/>
            <float name="spec_tint" value="0.000000"/>
            <float name="spec_trans" value="0.000000"/>
            <float name="metallic" value="0.000000"/>
            <float name="anisotropic" value="0.000000"/>
            <float name="roughness" value="0.500000"/>
            <float name="sheen" value="0.000000"/>
            <float name="sheen_tint" value="0.500000"/>
            <float name="clearcoat" value="0.000000"/>
            <float name="clearcoat_gloss" value="0.173205"/>
            <float name="specular" value="0.500000"/>
        </bsdf>
    </bsdf>
    <bsdf id="mat-Material.003" name="mat-Material.003" type="twosided">
        <bsdf name="bsdf" type="principled">
            <rgb name="base_color" value="0.433648 0.266232 0.084399"/>
            <float name="spec_tint" value="0.000000"/>
            <float name="spec_trans" value="0.000000"/>
            <float name="metallic" value="0.000000"/>
            <float name="anisotropic" value="0.000000"/>
            <float name="roughness" value="0.500000"/>
            <float name="sheen" value="0.000000"/>
            <float name="sheen_tint" value="0.500000"/>
            <float name="clearcoat" value="0.000000"/>
            <float name="clearcoat_gloss" value="0.173205"/>
            <float name="specular" value="0.500000"/>
        </bsdf>
    </bsdf>
    <bsdf id="mat-Material.004" name="mat-Material.004" type="twosided">
        <bsdf name="bsdf" type="principled">
            <rgb name="base_color" value="0.433648 0.266232 0.084399"/>
            <float name="spec_tint" value="0.000000"/>
            <float name="spec_trans" value="0.000000"/>
            <float name="metallic" value="0.000000"/>
            <float name="anisotropic" value="0.000000"/>
            <float name="roughness" value="0.500000"/>
            <float name="sheen" value="0.000000"/>
            <float name="sheen_tint" value="0.500000"/>
            <float name="clearcoat" value="0.000000"/>
            <float name="clearcoat_gloss" value="0.173205"/>
            <float name="specular" value="0.500000"/>
        </bsdf>
    </bsdf>
    <bsdf id="mat-Material.005" name="mat-Material.005" type="twosided">
        <bsdf name="bsdf" type="principled">
            <rgb name="base_color" value="0.433648 0.266232 0.084399"/>
            <float name="spec_tint" value="0.000000"/>
            <float name="spec_trans" value="0.000000"/>
            <float name="metallic" value="0.000000"/>
            <float name="anisotropic" value="0.000000"/>
            <float name="roughness" value="0.500000"/>
            <float name="sheen" value="0.000000"/>
            <float name="sheen_tint" value="0.500000"/>
            <float name="clearcoat" value="0.000000"/>
            <float name="clearcoat_gloss" value="0.173205"/>
            <float name="specular" value="0.500000"/>
        </bsdf>
    </bsdf>
    <emitter name="temp45" type="point">
        <point name="position" x="-6.815235034541981e-16" y="3.0693089962005615" z="4.109199523925781"/>
        <rgb name="intensity" value="7.957747 7.957747 7.957747"/>
    </emitter>
    <shape name="temp2" type="ply">
        <string name="filename" value="meshes/Cube.ply"/>
        <boolean name="face_normals" value="true"/>
        <ref id="mat-Material" name="bsdf"/>
        <transform name="to_world">
            <matrix value="0.9999986702764229 0.00018163980451501075 0.0017144074916516988 -0.0026765657328802206 -0.0001795711907408688 0.9999989570796561 -0.0012109539922679816 -0.015781981273649104 -0.0017146320122972836 0.00121064383644506 0.99999775424436 0.00400713319526802 0.0 0.0 0.0 1.0"/>
        </transform>
    </shape>
    <shape name="temp4" type="ply">
        <string name="filename" value="meshes/Plane.ply"/>
        <boolean name="face_normals" value="true"/>
        <ref id="mat-Material.001" name="bsdf"/>
    </shape>
    <shape name="temp5" type="ply">
        <string name="filename" value="meshes/Cube_001.ply"/>
        <boolean name="face_normals" value="true"/>
        <ref id="mat-Material" name="bsdf"/>
        <transform name="to_world">
            <matrix value="0.9999982270352306 -0.00013082059058493233 -0.001985614398555908 0.002532363095555157 0.00013687997205807522 0.9999952025664185 0.003051000874189932 -0.021032359988962523 0.0019852041657580223 -0.003051268921182338 0.9999934991284103 -0.004357314641477872 0.0 0.0 0.0 1.0"/>
        </transform>
    </shape>
    <shape name="temp6" type="ply">
        <string name="filename" value="meshes/Cube_002.ply"/>
        <boolean name="face_normals" value="true"/>
        <ref id="mat-Material" name="bsdf"/>
        <transform name="to_world">
            <matrix value="1.0 -5.017020460011306e-05 0.0002959858654503969 -0.0008494844789010969 5.1019565552712904e-05 0.9999955154425215 -0.002884610474866212 -0.015880992929327126 -0.0002958269284981038 0.0028846258940434647 0.9999956266863852 0.001039852110070849 0.0 0.0 0.0 1.0"/>
        </transform>
    </shape>
    <shape name="temp7" type="ply">
        <string name="filename" value="meshes/Cube_003.ply"/>
        <boolean name="face_normals" value="true"/>
        <ref id="mat-Material" name="bsdf"/>
        <transform name="to_world">
            <matrix value="0.9999986702764229 0.0006154231232126953 0.0017012355438345498 -0.0011411277412727294 -0.0006235339797562882 0.9999884235841836 0.004771970700217153 -0.0175592308397772 -0.001698278628505373 -0.004773028202651938 0.9999872346521514 0.005372277573673034 0.0 0.0 0.0 1.0"/>
        </transform>
    </shape>
    <shape name="temp8" type="ply">
        <string name="filename" value="meshes/Cube_004.ply"/>
        <boolean name="face_normals" value="true"/>
        <ref id="mat-Material" name="bsdf"/>
        <transform name="to_world">
            <matrix value="0.9999991135176153 -0.00018604840610483852 0.0013365579232386539 -0.00040759873171269945 0.0001878057699365456 0.9999988527876218 -0.0013164536823537033 -0.018303977654798798 -0.0013361948984711726 0.001316702577890506 0.9999981088373558 0.004195133784138078 0.0 0.0 0.0 1.0"/>
        </transform>
    </shape>
    <shape name="temp9" type="ply">
        <string name="filename" value="meshes/Cube_005.ply"/>
        <boolean name="face_normals" value="true"/>
        <ref id="mat-Material" name="bsdf"/>
        <transform name="to_world">
            <matrix value="0.9997830334363427 -0.007091175225218649 0.01849632712574955 0.007089857404239508 0.008343997716421376 0.9977958921453498 -0.0605473095611037 -0.05794528132925547 -0.01794912078677085 0.06070563990463537 0.9976479846588886 0.0628664160408759 0.0 0.0 0.0 1.0"/>
        </transform>
    </shape>
    <shape name="temp10" type="ply">
        <string name="filename" value="meshes/Cube_006.ply"/>
        <boolean name="face_normals" value="true"/>
        <ref id="mat-Material" name="bsdf"/>
        <transform name="to_world">
            <matrix value="0.999703471642315 0.016102526370240896 0.017867881959301234 0.03336296082916346 -0.010328596857951835 0.9565523556441806 -0.2898801286557947 -0.17913668765079166 -0.021807315961824524 0.2896149120922442 0.9564350591295641 0.052394685322524004 0.0 0.0 0.0 1.0"/>
        </transform>
    </shape>
    <shape name="temp11" type="ply">
        <string name="filename" value="meshes/Cube_007.ply"/>
        <boolean name="face_normals" value="true"/>
        <ref id="mat-Material" name="bsdf"/>
        <transform name="to_world">
            <matrix value="0.9935342191065322 0.11234106415420203 -0.014171793687393651 0.14755151432646674 -0.10997549762688666 0.9267304655805 -0.35835369091121416 -0.0940126094983039 -0.027315824419752957 0.3576172816072654 0.9331423180264204 0.13972441325286145 0.0 0.0 0.0 1.0"/>
        </transform>
    </shape>
    <shape name="temp12" type="ply">
        <string name="filename" value="meshes/Cube_008.ply"/>
        <boolean name="face_normals" value="true"/>
        <ref id="mat-Material" name="bsdf"/>
        <transform name="to_world">
            <matrix value="-0.01245731609479688 0.9963798149024974 -0.08297825966703246 2.6302212939554077 -0.9543698705913015 -0.0365679577325243 -0.2950581319757307 2.03762760086202 -0.2971066544686691 0.07520075173698385 0.9515588144490499 0.843613954230703 0.0 0.0 0.0 1.0"/>
        </transform>
    </shape>
    <shape name="temp13" type="ply">
        <string name="filename" value="meshes/Cube_009.ply"/>
        <boolean name="face_normals" value="true"/>
        <ref id="mat-Material" name="bsdf"/>
        <transform name="to_world">
            <matrix value="-0.012088887145473532 0.9981019892662639 0.06020867325011903 2.377390736678678 -0.9638348430128345 0.004394331310763147 -0.26541167537625865 1.6959105814891728 -0.2651868394598131 -0.06115000740473445 0.9619695466079399 0.5351167004493587 0.0 0.0 0.0 1.0"/>
        </transform>
    </shape>
    <shape name="temp14" type="ply">
        <string name="filename" value="meshes/Cube_010.ply"/>
        <boolean name="face_normals" value="true"/>
        <ref id="mat-Material" name="bsdf"/>
        <transform name="to_world">
            <matrix value="0.11184945490198164 0.9935513106379962 0.008543279966299482 1.5894952498621473 -0.9934615275509859 0.11173293730171477 0.01218640977428501 1.840478161322445 0.011179548585440059 -0.009667077924922251 0.9998263676297254 -0.11098730490427733 0.0 0.0 0.0 1.0"/>
        </transform>
    </shape>
    <shape name="temp15" type="ply">
        <string name="filename" value="meshes/Cube_011.ply"/>
        <boolean name="face_normals" value="true"/>
        <ref id="mat-Material" name="bsdf"/>
        <transform name="to_world">
            <matrix value="0.08284337451930493 0.9920633761834539 -0.091833605109165 1.1008101379923554 -0.8450991707843774 0.1188689528871164 0.5207887235645012 2.185963089062199 0.5276072776657855 0.03466242754310911 0.8486711745680231 -1.099009690995667 0.0 0.0 0.0 1.0"/>
        </transform>
    </shape>
    <shape name="temp16" type="ply">
        <string name="filename" value="meshes/Cube_012.ply"/>
        <boolean name="face_normals" value="true"/>
        <ref id="mat-Material" name="bsdf"/>
        <transform name="to_world">
            <matrix value="0.11201609142824723 0.9881682772833177 0.1046942084562392 1.0772988675527857 -0.6824859448217905 -3.520335903784342e-06 0.7304884022086888 1.8802349421864433 0.7218484221500034 -0.1533704161043588 0.6744077469586558 -1.9508427710878538 0.0 0.0 0.0 1.0"/>
        </transform>
    </shape>
    <shape name="temp17" type="ply">
        <string name="filename" value="meshes/Cube_013.ply"/>
        <boolean name="face_normals" value="true"/>
        <ref id="mat-Material" name="bsdf"/>
        <transform name="to_world">
            <matrix value="0.8540916480948606 0.3279811356568208 0.4034395993382822 0.66062889129227 -0.44087093791609266 0.046308906748320375 0.8962319057104129 1.5619274863633406 0.2752776241208311 -0.9433215552862504 0.1841810036494711 -1.5672679004338153 0.0 0.0 0.0 1.0"/>
        </transform>
    </shape>
    <shape name="temp18" type="ply">
        <string name="filename" value="meshes/Cube_014.ply"/>
        <boolean name="face_normals" value="true"/>
        <ref id="mat-Material" name="bsdf"/>
        <transform name="to_world">
            <matrix value="0.9386122029619149 0.2917684383102187 0.18404612829363703 0.12110673614816186 -0.24719080380903752 0.1969810689099188 0.9485807060750291 1.0414941309214871 0.2405244119519101 -0.9358399576157173 0.2570156224218134 -0.7802803052191618 0.0 0.0 0.0 1.0"/>
        </transform>
    </shape>
    <shape name="temp19" type="ply">
        <string name="filename" value="meshes/Cube_015.ply"/>
        <boolean name="face_normals" value="true"/>
        <ref id="mat-Material" name="bsdf"/>
        <transform name="to_world">
            <matrix value="0.9837849074601039 0.13238595144580048 0.12099379651373622 0.04315948003888004 -0.14832762881918776 0.22138852328736836 0.9638345875681587 0.631623339276461 0.10081243894352576 -0.9661521245330325 0.23743573001951207 -0.31864136689674377 0.0 0.0 0.0 1.0"/>
        </transform>
    </shape>
    <shape name="temp20" type="ply">
        <string name="filename" value="meshes/Cube_016.ply"/>
        <boolean name="face_normals" value="true"/>
        <ref id="mat-Material" name="bsdf"/>
        <transform name="to_world">
            <matrix value="0.9851766848040961 0.059468079337036406 0.16088748244173684 0.0880092079757182 -0.1702467479393717 0.2249448816598286 0.9593756988436959 0.3260881340778901 0.020866880042976665 -0.9725471034973292 0.23173940629785528 0.0048102264918200854 0.0 0.0 0.0 1.0"/>
        </transform>
    </shape>
    <shape name="temp21" type="ply">
        <string name="filename" value="meshes/Cube_017.ply"/>
        <boolean name="face_normals" value="true"/>
        <ref id="mat-Material" name="bsdf"/>
        <transform name="to_world">
            <matrix value="0.9586737425690615 0.054155818556890264 0.2792989554635925 0.17931323819110928 -0.28423929616844584 0.2245878900261356 0.9320693196211434 0.11602441224038318 -0.012244099130006188 -0.9729407016350906 0.23070027152367664 0.18797058649292006 0.0 0.0 0.0 1.0"/>
        </transform>
    </shape>
    <shape name="temp22" type="ply">
        <string name="filename" value="meshes/Cube_018.ply"/>
        <boolean name="face_normals" value="true"/>
        <ref id="mat-Material" name="bsdf"/>
        <transform name="to_world">
            <matrix value="0.20325319089334376 0.9756025472286478 0.08294728005896645 0.8647316889880483 -0.3699725146136621 -0.0018919816112284975 0.9289659217219415 -0.13332698715850283 0.9064594868685364 -0.21953389803993553 0.36055914114739673 -0.18751257296752857 0.0 0.0 0.0 1.0"/>
        </transform>
    </shape>
    <shape name="temp23" type="ply">
        <string name="filename" value="meshes/Cube_019.ply"/>
        <boolean name="face_normals" value="true"/>
        <ref id="mat-Material" name="bsdf"/>
        <transform name="to_world">
            <matrix value="-0.06268726940376967 0.9874939249889972 -0.1446462485715812 0.4695195591831035 -0.9378633469674325 -0.008751892378963878 0.34670011030206127 0.010853750491476796 0.34109814335129346 0.15741373484376014 0.9266831702126754 -0.05133448048891198 0.0 0.0 0.0 1.0"/>
        </transform>
    </shape>
    <shape name="temp24" type="ply">
        <string name="filename" value="meshes/Cube_020.ply"/>
        <boolean name="face_normals" value="true"/>
        <ref id="mat-Material" name="bsdf"/>
        <transform name="to_world">
            <matrix value="0.07295226645197997 0.9837978950481363 -0.16368256168156267 -0.010033091324110288 -0.9325005158796345 0.009119201335919827 -0.3609983644245043 0.22285179640781017 -0.3536602073885895 0.17897459477384434 0.9180558041400587 0.09731688821803347 0.0 0.0 0.0 1.0"/>
        </transform>
    </shape>
    <shape name="temp25" type="ply">
        <string name="filename" value="meshes/Cube_021.ply"/>
        <boolean name="face_normals" value="true"/>
        <ref id="mat-Material" name="bsdf"/>
        <transform name="to_world">
            <matrix value="0.2268773702322761 0.9228001159727423 -0.31132733141348806 -0.12994374822917654 -0.7554777962757102 -0.034991886079725004 -0.6541851902107747 0.1692711393308871 -0.6145698698821156 0.38366338285814405 0.6892370624381531 0.21536403422152484 0.0 0.0 0.0 1.0"/>
        </transform>
    </shape>
    <shape name="temp26" type="ply">
        <string name="filename" value="meshes/Cube_022.ply"/>
        <boolean name="face_normals" value="true"/>
        <ref id="mat-Material" name="bsdf"/>
        <transform name="to_world">
            <matrix value="0.6391209995266183 0.3932862002865945 -0.6608265988243587 -0.07479998080675465 -0.7124556980428243 -0.020563325080357013 -0.7012870780166054 -0.19346346394711325 -0.2893963409553089 0.9191857712291651 0.267065615306314 0.6682895351062694 0.0 0.0 0.0 1.0"/>
        </transform>
    </shape>
    <shape name="temp27" type="ply">
        <string name="filename" value="meshes/Cube_023.ply"/>
        <boolean name="face_normals" value="true"/>
        <ref id="mat-Material" name="bsdf"/>
        <transform name="to_world">
            <matrix value="0.8492596542364107 0.31950605206675525 -0.4203081791365991 -0.07892832352637469 -0.4803424747396845 0.13724252904011697 -0.8662683247750345 -0.28726410703668537 -0.2190954289422315 0.9375775672005724 0.27003202211147365 0.14821312871516867 0.0 0.0 0.0 1.0"/>
        </transform>
    </shape>
    <shape name="temp28" type="ply">
        <string name="filename" value="meshes/Cube_024.ply"/>
        <boolean name="face_normals" value="true"/>
        <ref id="mat-Material" name="bsdf"/>
        <transform name="to_world">
            <matrix value="0.8633447512264485 0.41977168387832875 -0.28003556331352497 -0.18168701139175264 -0.38216370847494885 0.18153345792755043 -0.9060886454122049 -0.5153097519642036 -0.3295145223544263 0.8892859750158002 0.3171477390441402 -0.3122661208080776 0.0 0.0 0.0 1.0"/>
        </transform>
    </shape>
    <shape name="temp29" type="ply">
        <string name="filename" value="meshes/Cube_025.ply"/>
        <boolean name="face_normals" value="true"/>
        <ref id="mat-Material" name="bsdf"/>
        <transform name="to_world">
            <matrix value="0.8958137199105717 0.3779051067637556 -0.23389281410202162 -0.2725472086027027 -0.3210734370872317 0.18641232272961455 -0.9285270537908119 -0.7927405336508682 -0.30729466408523 0.9068836914374154 0.28832606575288844 -0.7192904971832956 0.0 0.0 0.0 1.0"/>
        </transform>
    </shape>
    <shape name="temp30" type="ply">
        <string name="filename" value="meshes/Cube_026.ply"/>
        <boolean name="face_normals" value="true"/>
        <ref id="mat-Material" name="bsdf"/>
        <transform name="to_world">
            <matrix value="0.923841190226709 0.24340446745358485 -0.29541780747113255 -0.31230352276738654 -0.34621106347745767 0.20215805249226676 -0.9161158261473092 -1.1401901947057613 -0.1632663640215805 0.9486221979337662 0.2710312651736253 -0.8584860992775125 0.0 0.0 0.0 1.0"/>
        </transform>
    </shape>
    <shape name="temp31" type="ply">
        <string name="filename" value="meshes/Cube_027.ply"/>
        <boolean name="face_normals" value="true"/>
        <ref id="mat-Material" name="bsdf"/>
        <transform name="to_world">
            <matrix value="0.8745826884173984 0.18962371433994615 -0.4462526848599665 -0.5516769997269152 -0.4792693878129948 0.19856616182369224 -0.8549071651897475 -1.5781116782268643 -0.07349592749992465 0.9615653608608682 0.26454575928052604 -0.9969295179408086 0.0 0.0 0.0 1.0"/>
        </transform>
    </shape>
    <shape name="temp32" type="ply">
        <string name="filename" value="meshes/Cube_028.ply"/>
        <boolean name="face_normals" value="true"/>
        <ref id="mat-Material" name="bsdf"/>
        <transform name="to_world">
            <matrix value="-0.11078396956174084 0.9812642488991976 0.1576285364150459 -1.4638521453500337 -0.8221847092426426 -0.001385299620585579 -0.569219153127912 -2.1084847991003834 -0.5583360814287259 -0.19266010391658306 0.8069339241955822 -1.2447905402466102 0.0 0.0 0.0 1.0"/>
        </transform>
    </shape>
    <shape name="temp33" type="ply">
        <string name="filename" value="meshes/Cube_029.ply"/>
        <boolean name="face_normals" value="true"/>
        <ref id="mat-Material" name="bsdf"/>
        <transform name="to_world">
            <matrix value="0.006120334221588683 0.9805768601005793 0.19603939717299554 -1.5917352721234876 -0.996640675003147 -0.010028754356799736 0.08127774985686262 -1.7666978604963157 0.0816651286197292 -0.1958783996595908 0.9772213005430946 -0.04484881503882643 0.0 0.0 0.0 1.0"/>
        </transform>
    </shape>
    <shape name="temp34" type="ply">
        <string name="filename" value="meshes/Cube_030.ply"/>
        <boolean name="face_normals" value="true"/>
        <ref id="mat-Material" name="bsdf"/>
        <transform name="to_world">
            <matrix value="-0.041297372744499544 0.9814738476083298 -0.1870911897578632 -3.2061029570866157 -0.9723770756341557 0.003570066433232289 0.23336549566629425 -1.890305400992343 0.22971002350696915 0.1915625567074833 0.9542154327517534 0.2878077520862603 0.0 0.0 0.0 1.0"/>
        </transform>
    </shape>
    <shape name="temp35" type="ply">
        <string name="filename" value="meshes/Cube_031.ply"/>
        <boolean name="face_normals" value="true"/>
        <ref id="mat-Material" name="bsdf"/>
        <transform name="to_world">
            <matrix value="0.1326544207990043 0.9806370366044183 0.1440556502975508 -1.9253229717709819 -0.7304000960946905 -0.0015245034134782854 0.6829731771674261 -0.9787341025542939 0.6699683703085135 -0.19582766158486348 0.7160548125124995 0.6809411082585657 0.0 0.0 0.0 1.0"/>
        </transform>
    </shape>
    <shape name="temp36" type="ply">
        <string name="filename" value="meshes/Cube_032.ply"/>
        <boolean name="face_normals" value="true"/>
        <ref id="mat-Material" name="bsdf"/>
        <transform name="to_world">
            <matrix value="0.7631941821934056 0.6020540316171732 0.23439361760975008 -0.6180952947598366 -0.28955991911734724 -0.005551801853478035 0.9570369216410941 0.247864017545223 0.57748121987068 -0.798435306608152 0.1701027043153022 -0.14277611587718098 0.0 0.0 0.0 1.0"/>
        </transform>
    </shape>
    <shape name="temp37" type="ply">
        <string name="filename" value="meshes/Cube_033.ply"/>
        <boolean name="face_normals" value="true"/>
        <ref id="mat-Material" name="bsdf"/>
        <transform name="to_world">
            <matrix value="0.9772530836289752 0.16562935028148423 0.13245255191123262 -0.13680244972638644 -0.15008605527749558 0.0988725509623026 0.9837166168424109 0.3005051811933025 0.14983644400002127 -0.9812191947403441 0.12148215380731228 -0.3808068852800974 0.0 0.0 0.0 1.0"/>
        </transform>
    </shape>
    <shape name="temp38" type="ply">
        <string name="filename" value="meshes/Cube_034.ply"/>
        <boolean name="face_normals" value="true"/>
        <ref id="mat-Material" name="bsdf"/>
        <transform name="to_world">
            <matrix value="0.9999250922384922 0.001959743274728163 0.012103299085953815 -0.03550984003710522 -0.012258121065126314 0.1809362295926562 0.9834185223306121 0.3694300994665691 -0.0002626784710661014 -0.9834928653819279 0.18094666637668838 -0.35614180017004216 0.0 0.0 0.0 1.0"/>
        </transform>
    </shape>
    <shape name="temp39" type="ply">
        <string name="filename" value="meshes/Cube_035.ply"/>
        <boolean name="face_normals" value="true"/>
        <ref id="mat-Material" name="bsdf"/>
        <transform name="to_world">
            <matrix value="0.9989295725204644 -0.04615587904627021 0.0031259500137345688 0.009829513716820726 0.006568244959904402 0.2083906800466394 0.9780236262949145 0.09148779885449707 -0.04579297622276948 -0.976955944958836 0.20847075387889277 -0.1451531688084698 0.0 0.0 0.0 1.0"/>
        </transform>
    </shape>
    <shape name="temp40" type="ply">
        <string name="filename" value="meshes/Cube_036.ply"/>
        <boolean name="face_normals" value="true"/>
        <ref id="mat-Material" name="bsdf"/>
        <transform name="to_world">
            <matrix value="0.9994760889106373 -0.03220896786345252 0.003129566862291682 0.004080166407353092 0.0037281016688917373 0.21067043091382767 0.9775501264478623 -0.24703506596179264 -0.03214518320931445 -0.9770262377900101 0.21068015191709522 0.22196685008473158 0.0 0.0 0.0 1.0"/>
        </transform>
    </shape>
    <shape name="temp41" type="ply">
        <string name="filename" value="meshes/Cube_037.ply"/>
        <boolean name="face_normals" value="true"/>
        <ref id="mat-Material" name="bsdf"/>
        <transform name="to_world">
            <matrix value="0.9988859132630177 -0.04708458918324737 0.003208712018953232 -0.004924545647049694 0.006790967010444536 0.21068482321457252 0.9775305056354284 -0.5695177455767979 -0.04670266228389776 -0.9764194667339698 0.210769875764798 0.5123767216954129 0.0 0.0 0.0 1.0"/>
        </transform>
    </shape>
    <shape name="temp42" type="ply">
        <string name="filename" value="meshes/Cube_038.ply"/>
        <boolean name="face_normals" value="true"/>
        <ref id="mat-Material" name="bsdf"/>
        <transform name="to_world">
            <matrix value="0.9991950739946847 -0.039986129159427064 0.0032863206059663345 0.007018471644816948 0.005215554840459765 0.2106701180377245 0.977543270983277 -0.9046487399656218 -0.039780515826370016 -0.9767391218193537 0.21070902760671947 0.8610940907530944 0.0 0.0 0.0 1.0"/>
        </transform>
    </shape>
    <shape name="temp43" type="ply">
        <string name="filename" value="meshes/Cube_039.ply"/>
        <boolean name="face_normals" value="true"/>
        <ref id="mat-Material" name="bsdf"/>
        <transform name="to_world">
            <matrix value="0.9999624046411384 -0.005969421735673781 -0.006318712388410872 0.021240309690875314 0.00828051156030091 0.4330089429012551 0.9013515737958541 -1.3192695385387543 -0.002644481538280112 -0.9013699275899842 0.43304199810645333 1.4736424901593184 0.0 0.0 0.0 1.0"/>
        </transform>
    </shape>
    <shape name="temp47" type="ply">
        <string name="filename" value="meshes/Plane_001.ply"/>
        <boolean name="face_normals" value="true"/>
        <ref id="mat-Material.002" name="bsdf"/>
    </shape>
    <shape name="temp49" type="ply">
        <string name="filename" value="meshes/Plane_002.ply"/>
        <boolean name="face_normals" value="true"/>
        <ref id="mat-Material.003" name="bsdf"/>
    </shape>
    <shape name="temp51" type="ply">
        <string name="filename" value="meshes/Plane_003.ply"/>
        <boolean name="face_normals" value="true"/>
        <ref id="mat-Material.004" name="bsdf"/>
    </shape>
    <shape name="temp53" type="ply">
        <string name="filename" value="meshes/Plane_004.ply"/>
        <boolean name="face_normals" value="true"/>
        <ref id="mat-Material.005" name="bsdf"/>
    </shape>
    <emitter type="point">
        <transform name="to_world">
            <rotate angle="-142.5518126578256" x="1"/>
            <rotate angle="3.976628485794621e-06" y="1"/>
            <rotate angle="-179.999991348578" z="1"/>
            <translate value="-0.000000 3.030926 4.073377"/>
        </transform>
        <rgb name="intensity" value="100"/>
    </emitter>
</scene>
