
<scene version="2.1.0">
    <default name="spp" value="1024"/>
    <default name="resx" value="1280"/>
    <default name="resy" value="720"/>
    <integrator name="temp0" type="path">
        <integer name="max_depth" value="12"/>
    </integrator>
    <sensor name="temp44" type="perspective">
        <string name="fov_axis" value="x"/>
        <float name="fov" value="83.974423"/>
        <float name="principal_point_offset_x" value="0.000000"/>
        <float name="principal_point_offset_y" value="-0.000000"/>
        <float name="near_clip" value="0.100000"/>
        <float name="far_clip" value="1000.000000"/>
        <sampler name="sampler" type="independent">
            <integer name="sample_count" value="$spp"/>
        </sampler>
        <film name="film" type="hdrfilm">
            <integer name="width" value="$resx"/>
            <integer name="height" value="$resy"/>
        </film>
        <float name="shutter_open" value="0.0"/>
        <float name="shutter_close" value="0.0015"/>
        <animation name="to_world">
            <transform time="0">
                <rotate angle="-142.5518126578256" x="1"/>
                <rotate angle="3.976628485794621e-06" y="1"/>
                <rotate angle="-179.999991348578" z="1"/>
                <translate value="-0.000000 3.030926 4.073377"/>
                <translate x="24.15" y="0.0" z="0.0"/>
            </transform>
            <transform time="0.0015">
                <rotate angle="-142.5518126578256" x="1"/>
                <rotate angle="3.976628485794621e-06" y="1"/>
                <rotate angle="-179.999991348578" z="1"/>
                <translate value="-0.000000 3.030926 4.073377"/>
                <translate x="24.3" y="0.0" z="0.0"/>
            </transform>
        </animation>
    </sensor>
    <bsdf id="mat-Material" name="mat-Material" type="twosided">
        <bsdf name="bsdf" type="diffuse">
            <texture name="reflectance" type="bitmap">
                <string name="filename" value="textures/siggraph_2023_logo.jpg"/>
            </texture>
        </bsdf>
    </bsdf>
    <bsdf id="mat-Material.001" name="mat-Material.001" type="twosided">
        <bsdf name="bsdf" type="principled">
            <rgb name="base_color" value="0.433648 0.266232 0.084399"/>
            <float name="spec_tint" value="0.000000"/>
            <float name="spec_trans" value="0.000000"/>
            <float name="metallic" value="0.000000"/>
            <float name="anisotropic" value="0.000000"/>
            <float name="roughness" value="0.500000"/>
            <float name="sheen" value="0.000000"/>
            <float name="sheen_tint" value="0.500000"/>
            <float name="clearcoat" value="0.000000"/>
            <float name="clearcoat_gloss" value="0.173205"/>
            <float name="specular" value="0.500000"/>
        </bsdf>
    </bsdf>
    <bsdf id="mat-Material.002" name="mat-Material.002" type="twosided">
        <bsdf name="bsdf" type="principled">
            <rgb name="base_color" value="0.433648 0.266232 0.084399"/>
            <float name="spec_tint" value="0.000000"/>
            <float name="spec_trans" value="0.000000"/>
            <float name="metallic" value="0.000000"/>
            <float name="anisotropic" value="0.000000"/>
            <float name="roughness" value="0.500000"/>
            <float name="sheen" value="0.000000"/>
            <float name="sheen_tint" value="0.500000"/>
            <float name="clearcoat" value="0.000000"/>
            <float name="clearcoat_gloss" value="0.173205"/>
            <float name="specular" value="0.500000"/>
        </bsdf>
    </bsdf>
    <bsdf id="mat-Material.003" name="mat-Material.003" type="twosided">
        <bsdf name="bsdf" type="principled">
            <rgb name="base_color" value="0.433648 0.266232 0.084399"/>
            <float name="spec_tint" value="0.000000"/>
            <float name="spec_trans" value="0.000000"/>
            <float name="metallic" value="0.000000"/>
            <float name="anisotropic" value="0.000000"/>
            <float name="roughness" value="0.500000"/>
            <float name="sheen" value="0.000000"/>
            <float name="sheen_tint" value="0.500000"/>
            <float name="clearcoat" value="0.000000"/>
            <float name="clearcoat_gloss" value="0.173205"/>
            <float name="specular" value="0.500000"/>
        </bsdf>
    </bsdf>
    <bsdf id="mat-Material.004" name="mat-Material.004" type="twosided">
        <bsdf name="bsdf" type="principled">
            <rgb name="base_color" value="0.433648 0.266232 0.084399"/>
            <float name="spec_tint" value="0.000000"/>
            <float name="spec_trans" value="0.000000"/>
            <float name="metallic" value="0.000000"/>
            <float name="anisotropic" value="0.000000"/>
            <float name="roughness" value="0.500000"/>
            <float name="sheen" value="0.000000"/>
            <float name="sheen_tint" value="0.500000"/>
            <float name="clearcoat" value="0.000000"/>
            <float name="clearcoat_gloss" value="0.173205"/>
            <float name="specular" value="0.500000"/>
        </bsdf>
    </bsdf>
    <bsdf id="mat-Material.005" name="mat-Material.005" type="twosided">
        <bsdf name="bsdf" type="principled">
            <rgb name="base_color" value="0.433648 0.266232 0.084399"/>
            <float name="spec_tint" value="0.000000"/>
            <float name="spec_trans" value="0.000000"/>
            <float name="metallic" value="0.000000"/>
            <float name="anisotropic" value="0.000000"/>
            <float name="roughness" value="0.500000"/>
            <float name="sheen" value="0.000000"/>
            <float name="sheen_tint" value="0.500000"/>
            <float name="clearcoat" value="0.000000"/>
            <float name="clearcoat_gloss" value="0.173205"/>
            <float name="specular" value="0.500000"/>
        </bsdf>
    </bsdf>
    <emitter name="temp45" type="point">
        <point name="position" x="-6.815235034541981e-16" y="3.0693089962005615" z="4.109199523925781"/>
        <rgb name="intensity" value="7.957747 7.957747 7.957747"/>
    </emitter>
    <shape name="temp2" type="ply">
        <string name="filename" value="meshes/Cube.ply"/>
        <boolean name="face_normals" value="true"/>
        <ref id="mat-Material" name="bsdf"/>
        <transform name="to_world">
            <matrix value="0.9999991135176153 0.0001238180062283203 0.0013185836042817812 -0.002184589127158576 -0.00012309583583764607 0.999999165663725 -0.0005420107597698643 -0.016809012842398857 -0.0013186115203704788 0.0005418482217165218 0.9999984634303516 0.0029714702079433053 0.0 0.0 0.0 1.0"/>
        </transform>
    </shape>
    <shape name="temp4" type="ply">
        <string name="filename" value="meshes/Plane.ply"/>
        <boolean name="face_normals" value="true"/>
        <ref id="mat-Material.001" name="bsdf"/>
    </shape>
    <shape name="temp5" type="ply">
        <string name="filename" value="meshes/Cube_001.ply"/>
        <boolean name="face_normals" value="true"/>
        <ref id="mat-Material" name="bsdf"/>
        <transform name="to_world">
            <matrix value="0.9999988918970191 -4.2065566316175904e-05 -0.001592102457518577 0.0021463802594963166 4.407523930591977e-05 0.9999968712389686 0.0012520489565273716 -0.01903077083601068 0.001591805445483993 -0.0012521176497581467 0.9999956266863852 -0.0033306356409611437 0.0 0.0 0.0 1.0"/>
        </transform>
    </shape>
    <shape name="temp6" type="ply">
        <string name="filename" value="meshes/Cube_002.ply"/>
        <boolean name="face_normals" value="true"/>
        <ref id="mat-Material" name="bsdf"/>
        <transform name="to_world">
            <matrix value="1.0 1.8429132519716415e-05 0.0003449988913058998 -0.0009225643332433364 -1.8427087710340108e-05 0.9999965583628654 9.952243415326445e-06 -0.01760686044267515 -0.00034486513943481425 -9.960932203920223e-06 0.9999966904653725 0.0009429520916902634 0.0 0.0 0.0 1.0"/>
        </transform>
    </shape>
    <shape name="temp7" type="ply">
        <string name="filename" value="meshes/Cube_003.ply"/>
        <boolean name="face_normals" value="true"/>
        <ref id="mat-Material" name="bsdf"/>
        <transform name="to_world">
            <matrix value="0.9999991135176153 0.00042971342634792243 0.0012730928688511802 -0.001252587748955758 -0.0004339623812335225 0.9999926995575932 0.003346383931547477 -0.017630672298548977 -0.0012712733610270432 -0.0033469316240564177 0.9999921989540925 0.00379839344755592 0.0 0.0 0.0 1.0"/>
        </transform>
    </shape>
    <shape name="temp8" type="ply">
        <string name="filename" value="meshes/Cube_004.ply"/>
        <boolean name="face_normals" value="true"/>
        <ref id="mat-Material" name="bsdf"/>
        <transform name="to_world">
            <matrix value="0.9999995567588077 0.00026734355673382383 0.0009704796603093659 -0.0005170880212930218 -0.0002674639245993543 0.9999998957079657 0.00012698625266594838 -0.017128200660818077 -0.0009704145368927375 -0.00012724525106221437 0.9999995272093389 0.0030261590952172773 0.0 0.0 0.0 1.0"/>
        </transform>
    </shape>
    <shape name="temp9" type="ply">
        <string name="filename" value="meshes/Cube_005.ply"/>
        <boolean name="face_normals" value="true"/>
        <ref id="mat-Material" name="bsdf"/>
        <transform name="to_world">
            <matrix value="0.9999995567588077 -0.0006735252584878072 0.0007948485675152155 -0.0006075114321166808 0.0006774055142750258 0.9999877978319773 -0.00489172857466381 -0.021033322898013157 -0.000791535688894326 0.004892264242641676 0.9999878256404777 0.001920142213907572 0.0 0.0 0.0 1.0"/>
        </transform>
    </shape>
    <shape name="temp10" type="ply">
        <string name="filename" value="meshes/Cube_006.ply"/>
        <boolean name="face_normals" value="true"/>
        <ref id="mat-Material" name="bsdf"/>
        <transform name="to_world">
            <matrix value="0.9999993351382115 0.00016746307540522668 -0.0012630094260274096 -0.0011928333033781602 -0.00016755647336031784 0.9999997914159312 -6.837262144928301e-05 -0.017410256391941548 0.0012629537238465535 6.858452765094708e-05 0.999999054418678 -0.00294560967756452 0.0 0.0 0.0 1.0"/>
        </transform>
    </shape>
    <shape name="temp11" type="ply">
        <string name="filename" value="meshes/Cube_007.ply"/>
        <boolean name="face_normals" value="true"/>
        <ref id="mat-Material" name="bsdf"/>
        <transform name="to_world">
            <matrix value="0.9999988918970191 0.001647310412725297 -6.914386121513818e-05 0.0004862937085690078 -0.0016476560519265923 0.9999842519028083 -0.005339626807419598 -0.018940966079236427 6.0295650740124144e-05 0.005339729216161928 0.9999858162801681 -0.00023737436096360476 0.0 0.0 0.0 1.0"/>
        </transform>
    </shape>
    <shape name="temp12" type="ply">
        <string name="filename" value="meshes/Cube_008.ply"/>
        <boolean name="face_normals" value="true"/>
        <ref id="mat-Material" name="bsdf"/>
        <transform name="to_world">
            <matrix value="0.9999980054146345 -0.0020526455760361936 0.00010361550110372979 0.0002129172984226546 0.0020523973143129672 0.9999949939823496 0.0023353140110094033 -0.0193558929734014 -0.00010859697319454565 -0.00233509239231326 0.9999972814536988 8.268916286235939e-05 0.0 0.0 0.0 1.0"/>
        </transform>
    </shape>
    <shape name="temp13" type="ply">
        <string name="filename" value="meshes/Cube_009.ply"/>
        <boolean name="face_normals" value="true"/>
        <ref id="mat-Material" name="bsdf"/>
        <transform name="to_world">
            <matrix value="0.9999991135176153 -0.0005079877269133938 0.0008819129677495306 0.0016016297423828707 0.0005076397051914182 0.999999165663725 0.00039640991139430217 -0.018234976219508398 -0.0008824466736521478 -0.0003959643154375155 0.9999995272093389 0.0014957776984824145 0.0 0.0 0.0 1.0"/>
        </transform>
    </shape>
    <shape name="temp14" type="ply">
        <string name="filename" value="meshes/Cube_010.ply"/>
        <boolean name="face_normals" value="true"/>
        <ref id="mat-Material" name="bsdf"/>
        <transform name="to_world">
            <matrix value="0.9999847081788639 0.0003408868577435793 0.005534924809737218 0.011416879360652499 -0.0003422848108335239 0.9999998957079657 0.0002514891723846757 -0.016794151232968707 -0.005534839200960238 -0.00025338062629452486 0.9999846343035155 0.009125737616001994 0.0 0.0 0.0 1.0"/>
        </transform>
    </shape>
    <shape name="temp15" type="ply">
        <string name="filename" value="meshes/Cube_011.ply"/>
        <boolean name="face_normals" value="true"/>
        <ref id="mat-Material" name="bsdf"/>
        <transform name="to_world">
            <matrix value="0.9999977837940383 -0.0019881273948058396 -0.0009450659803007043 -0.0019577009239587495 0.001987566641313271 0.999997809867278 -0.0005960341846559573 -0.021543690579119146 0.000946266756733277 0.0005941569344816582 0.9999995272093389 -0.0014382412740493455 0.0 0.0 0.0 1.0"/>
        </transform>
    </shape>
    <shape name="temp16" type="ply">
        <string name="filename" value="meshes/Cube_012.ply"/>
        <boolean name="face_normals" value="true"/>
        <ref id="mat-Material" name="bsdf"/>
        <transform name="to_world">
            <matrix value="0.999996232449865 0.0027577045740400444 -0.00019086996318379122 -0.00045078534115161606 -0.0027572195125410664 0.9999926995575932 0.002498062740266304 -0.010968947782352911 0.0001980942401693536 -0.002497528278785123 0.9999968086630379 -0.00031069382571924375 0.0 0.0 0.0 1.0"/>
        </transform>
    </shape>
    <shape name="temp17" type="ply">
        <string name="filename" value="meshes/Cube_013.ply"/>
        <boolean name="face_normals" value="true"/>
        <ref id="mat-Material" name="bsdf"/>
        <transform name="to_world">
            <matrix value="0.9999964540704611 0.0026932531397116954 0.0003108515858107958 -0.00024261482958604086 -0.002695001746370298 0.999979558761261 0.005771485616998905 -0.008372601341576191 -0.0002952520446716203 -0.005772303373012976 0.9999833341291976 0.00025650885071126783 0.0 0.0 0.0 1.0"/>
        </transform>
    </shape>
    <shape name="temp18" type="ply">
        <string name="filename" value="meshes/Cube_014.ply"/>
        <boolean name="face_normals" value="true"/>
        <ref id="mat-Material" name="bsdf"/>
        <transform name="to_world">
            <matrix value="0.999640974634193 0.025293746858202466 0.003929747326487009 0.013687080469239388 -0.025461050623463065 0.992569609718349 0.11420978241700988 0.10240851545452595 -0.0007759491123651885 -0.1142461250294625 0.9929133407813622 -0.06702079555252577 0.0 0.0 0.0 1.0"/>
        </transform>
    </shape>
    <shape name="temp19" type="ply">
        <string name="filename" value="meshes/Cube_015.ply"/>
        <boolean name="face_normals" value="true"/>
        <ref id="mat-Material" name="bsdf"/>
        <transform name="to_world">
            <matrix value="0.9953805402932838 0.0894818041687612 -0.03388500123634758 -0.015284998510892378 -0.06610800546782335 0.8988384996130766 0.4315496044869725 0.26509693350518754 0.0693746930554743 -0.4273152310172854 0.9006487160660412 -0.10633540602220021 0.0 0.0 0.0 1.0"/>
        </transform>
    </shape>
    <shape name="temp20" type="ply">
        <string name="filename" value="meshes/Cube_016.ply"/>
        <boolean name="face_normals" value="true"/>
        <ref id="mat-Material" name="bsdf"/>
        <transform name="to_world">
            <matrix value="0.9930369024887107 0.11586177550931015 0.01945493383058303 0.074247054887212 -0.10760781398762825 0.8289426039217977 0.5477263260714265 0.17268130024971648 0.047596303013862806 -0.5460337739324146 0.8356704951678431 -0.15075158970607022 0.0 0.0 0.0 1.0"/>
        </transform>
    </shape>
    <shape name="temp21" type="ply">
        <string name="filename" value="meshes/Cube_017.ply"/>
        <boolean name="face_normals" value="true"/>
        <ref id="mat-Material" name="bsdf"/>
        <transform name="to_world">
            <matrix value="0.9731061190333088 0.20673188395216752 0.10135569176129178 0.21443575917420715 -0.22690449659324818 0.7843081162146999 0.5765124218654334 0.06229844573814408 0.03964120955202499 -0.5840081723238143 0.8101265613320594 -0.1900615948411284 0.0 0.0 0.0 1.0"/>
        </transform>
    </shape>
    <shape name="temp22" type="ply">
        <string name="filename" value="meshes/Cube_018.ply"/>
        <boolean name="face_normals" value="true"/>
        <ref id="mat-Material" name="bsdf"/>
        <transform name="to_world">
            <matrix value="0.063609765135357 0.9937377847954729 0.08917637975680592 0.8754767371428152 -0.846269770773385 0.006761973247007341 0.5313914087317816 0.2670903915659487 0.5275678291996659 -0.1086776082916339 0.8418966753833504 -0.37763884121416785 0.0 0.0 0.0 1.0"/>
        </transform>
    </shape>
    <shape name="temp23" type="ply">
        <string name="filename" value="meshes/Cube_019.ply"/>
        <boolean name="face_normals" value="true"/>
        <ref id="mat-Material" name="bsdf"/>
        <transform name="to_world">
            <matrix value="-0.06595982993721933 0.9919365570696441 -0.10818301348257128 0.4361717987275771 -0.8876339253262698 -0.008820797083160383 0.46012979994808756 -0.07261588160021798 0.45546265958899135 0.12642016549060014 0.8810604079899731 -0.04072878728101492 0.0 0.0 0.0 1.0"/>
        </transform>
    </shape>
    <shape name="temp24" type="ply">
        <string name="filename" value="meshes/Cube_020.ply"/>
        <boolean name="face_normals" value="true"/>
        <ref id="mat-Material" name="bsdf"/>
        <transform name="to_world">
            <matrix value="0.11061932860521169 0.9934712362945637 0.026785245796250415 -0.18549156426661895 -0.9408817521027422 0.11332845597564167 -0.3188688160088078 0.1808375231251721 -0.31981208277298734 0.010164382417175474 0.9473354934131495 0.10684846189331676 0.0 0.0 0.0 1.0"/>
        </transform>
    </shape>
    <shape name="temp25" type="ply">
        <string name="filename" value="meshes/Cube_021.ply"/>
        <boolean name="face_normals" value="true"/>
        <ref id="mat-Material" name="bsdf"/>
        <transform name="to_world">
            <matrix value="0.2727374310095084 0.9565851033429769 -0.10237954357735163 -0.26713058607826157 -0.74213025262975 0.14145798178226743 -0.6551367996138246 0.16010912435953917 -0.6122550427550455 0.25465924663606043 0.7484867152916101 0.11569696092454923 0.0 0.0 0.0 1.0"/>
        </transform>
    </shape>
    <shape name="temp26" type="ply">
        <string name="filename" value="meshes/Cube_022.ply"/>
        <boolean name="face_normals" value="true"/>
        <ref id="mat-Material" name="bsdf"/>
        <transform name="to_world">
            <matrix value="0.6605796353720655 0.6530437630234678 -0.369273500414401 -0.1364782914117175 -0.5184672010382483 0.04178188155345071 -0.8540338026411032 0.06463052652514804 -0.5423736363684717 0.7556706707855068 0.3660404396764032 0.36580730914762366 0.0 0.0 0.0 1.0"/>
        </transform>
    </shape>
    <shape name="temp27" type="ply">
        <string name="filename" value="meshes/Cube_023.ply"/>
        <boolean name="face_normals" value="true"/>
        <ref id="mat-Material" name="bsdf"/>
        <transform name="to_world">
            <matrix value="0.8662672620282362 0.41248897111736404 -0.28154778424292737 -0.11284116971873703 -0.40263427105439986 0.24305446338619552 -0.8824466302082028 -0.19621359676328173 -0.2956529784921643 0.8778317894635843 0.37659820973088287 0.03247146364343928 0.0 0.0 0.0 1.0"/>
        </transform>
    </shape>
    <shape name="temp28" type="ply">
        <string name="filename" value="meshes/Cube_024.ply"/>
        <boolean name="face_normals" value="true"/>
        <ref id="mat-Material" name="bsdf"/>
        <transform name="to_world">
            <matrix value="0.9025813480560327 0.37559795837913496 -0.21024797397381967 -0.10983775481810015 -0.3151630817319029 0.243771575414613 -0.9171567929852995 -0.44436337807844106 -0.2932353858946469 0.8940703720931202 0.3383951877475354 -0.26954059392426666 0.0 0.0 0.0 1.0"/>
        </transform>
    </shape>
    <shape name="temp29" type="ply">
        <string name="filename" value="meshes/Cube_025.ply"/>
        <boolean name="face_normals" value="true"/>
        <ref id="mat-Material" name="bsdf"/>
        <transform name="to_world">
            <matrix value="0.8858483281828706 0.4110821758655717 -0.21509702137155626 -0.28020375661468633 -0.3202250291209463 0.20623000982430967 -0.9246175478145016 -0.7898765400015499 -0.33573811626039185 0.8879506198075604 0.31432458780928196 -0.7465500023608825 0.0 0.0 0.0 1.0"/>
        </transform>
    </shape>
    <shape name="temp30" type="ply">
        <string name="filename" value="meshes/Cube_026.ply"/>
        <boolean name="face_normals" value="true"/>
        <ref id="mat-Material" name="bsdf"/>
        <transform name="to_world">
            <matrix value="0.9102463179954151 0.3019376417068017 -0.28313766103840904 -0.31343233050077157 -0.3539844945366091 0.2131373546951231 -0.9106022596556855 -1.1382564142267215 -0.2145610050582685 0.9291454519286726 0.30095028558919884 -0.864546465160249 0.0 0.0 0.0 1.0"/>
        </transform>
    </shape>
    <shape name="temp31" type="ply">
        <string name="filename" value="meshes/Cube_027.ply"/>
        <boolean name="face_normals" value="true"/>
        <ref id="mat-Material" name="bsdf"/>
        <transform name="to_world">
            <matrix value="0.8571925634765711 0.28293803175901033 -0.4301963594173517 -0.5623372988309441 -0.49339371164855583 0.21218641992561893 -0.8434999085150071 -1.58118023705803 -0.14734068581823212 0.9353270493906216 0.32152696254221425 -1.0012256876150285 0.0 0.0 0.0 1.0"/>
        </transform>
    </shape>
    <shape name="temp32" type="ply">
        <string name="filename" value="meshes/Cube_028.ply"/>
        <boolean name="face_normals" value="true"/>
        <ref id="mat-Material" name="bsdf"/>
        <transform name="to_world">
            <matrix value="-0.12177635113212665 0.98082267642562 0.15217517981410816 -1.4903775837435607 -0.7774667702078093 0.0010493906216431001 -0.6289222122253264 -2.115730995489927 -0.6170207720552385 -0.1948991913195654 0.7624291936886229 -1.3818303118072126 0.0 0.0 0.0 1.0"/>
        </transform>
    </shape>
    <shape name="temp33" type="ply">
        <string name="filename" value="meshes/Cube_029.ply"/>
        <boolean name="face_normals" value="true"/>
        <ref id="mat-Material" name="bsdf"/>
        <transform name="to_world">
            <matrix value="0.009449376980180026 0.9886804554641726 0.14972543864335558 -1.6527760466661205 -0.9984127532901794 0.0011428602716181744 0.05551446479387982 -1.8011727984680084 0.05471641871754366 -0.15002930606166162 0.9871227189623568 -0.06042871955841844 0.0 0.0 0.0 1.0"/>
        </transform>
    </shape>
    <shape name="temp34" type="ply">
        <string name="filename" value="meshes/Cube_030.ply"/>
        <boolean name="face_normals" value="true"/>
        <ref id="mat-Material" name="bsdf"/>
        <transform name="to_world">
            <matrix value="-0.03566644488210765 0.9821077594263176 -0.18490376402332317 -3.1907111861200423 -0.9780867035232641 0.0036367411518465984 0.2079832210954462 -1.941287420271442 0.20493446020194728 0.1882842849985472 0.960457138732945 0.24345708400451005 0.0 0.0 0.0 1.0"/>
        </transform>
    </shape>
    <shape name="temp35" type="ply">
        <string name="filename" value="meshes/Cube_031.ply"/>
        <boolean name="face_normals" value="true"/>
        <ref id="mat-Material" name="bsdf"/>
        <transform name="to_world">
            <matrix value="0.10230403420403633 0.9889516147535684 0.10727020837302806 -2.0502463941706246 -0.712736934579373 -0.002340126568812927 0.7013571692321077 -0.9028322240478289 0.6938597354381972 -0.14821861904831435 0.7046222615373923 0.7278872461438877 0.0 0.0 0.0 1.0"/>
        </transform>
    </shape>
    <shape name="temp36" type="ply">
        <string name="filename" value="meshes/Cube_032.ply"/>
        <boolean name="face_normals" value="true"/>
        <ref id="mat-Material" name="bsdf"/>
        <transform name="to_world">
            <matrix value="0.7871850549707726 0.5683676002194304 0.23936185553314002 -0.5177073640144931 -0.2689405826316825 -0.03290509633455216 0.9625819287116786 0.34095040548248456 0.5549714375375647 -0.822112205713952 0.1269541856393619 -0.22756899683050547 0.0 0.0 0.0 1.0"/>
        </transform>
    </shape>
    <shape name="temp37" type="ply">
        <string name="filename" value="meshes/Cube_033.ply"/>
        <boolean name="face_normals" value="true"/>
        <ref id="mat-Material" name="bsdf"/>
        <transform name="to_world">
            <matrix value="0.9783984188700185 0.15849935234646648 0.1327198322916967 -0.1294241494009407 -0.14997451363143965 0.10235198353020195 0.9833712432645061 0.30052965845811686 0.14228199625195248 -0.9820330897766691 0.1239123805435296 -0.3930097381664439 0.0 0.0 0.0 1.0"/>
        </transform>
    </shape>
    <shape name="temp38" type="ply">
        <string name="filename" value="meshes/Cube_034.ply"/>
        <boolean name="face_normals" value="true"/>
        <ref id="mat-Material" name="bsdf"/>
        <transform name="to_world">
            <matrix value="0.9999226544119342 0.004436116957259039 0.011651181196548059 -0.0356924348266634 -0.012262577855315437 0.1813620331106351 0.983340039080876 0.3693837964028536 0.0022491299175394085 -0.98340630299339 0.18140236565535167 -0.3405894197243043 0.0 0.0 0.0 1.0"/>
        </transform>
    </shape>
    <shape name="temp39" type="ply">
        <string name="filename" value="meshes/Cube_035.ply"/>
        <boolean name="face_normals" value="true"/>
        <ref id="mat-Material" name="bsdf"/>
        <transform name="to_world">
            <matrix value="0.9990714097020178 -0.04302505303249948 0.0023932781460554364 0.009533781566406052 0.006816167488435837 0.21262809669123095 0.9771094855517539 0.09209098405687732 -0.04254906901619958 -0.9761854354088144 0.21272387228789547 -0.13422178401798296 0.0 0.0 0.0 1.0"/>
        </transform>
    </shape>
    <shape name="temp40" type="ply">
        <string name="filename" value="meshes/Cube_036.ply"/>
        <boolean name="face_normals" value="true"/>
        <ref id="mat-Material" name="bsdf"/>
        <transform name="to_world">
            <matrix value="0.9997843631599197 -0.020633088107996488 0.0024218701612830785 0.005397626071810713 0.0020473753916035935 0.21386938048445736 0.9768602066757096 -0.2513755472184477 -0.020673624666904245 -0.9766443203600996 0.21386546079832594 0.2480501336372167 0.0 0.0 0.0 1.0"/>
        </transform>
    </shape>
    <shape name="temp41" type="ply">
        <string name="filename" value="meshes/Cube_037.ply"/>
        <boolean name="face_normals" value="true"/>
        <ref id="mat-Material" name="bsdf"/>
        <transform name="to_world">
            <matrix value="0.9990140099676079 -0.04431481176330714 0.002712967371298108 -0.001708055565032618 0.00684315866084425 0.21406889114623204 0.9767947251691527 -0.5689125511610222 -0.04386723507917174 -0.975812799969964 0.2141610376998545 0.5067902483710037 0.0 0.0 0.0 1.0"/>
        </transform>
    </shape>
    <shape name="temp42" type="ply">
        <string name="filename" value="meshes/Cube_038.ply"/>
        <boolean name="face_normals" value="true"/>
        <ref id="mat-Material" name="bsdf"/>
        <transform name="to_world">
            <matrix value="0.9993178518049668 -0.0368316288538514 0.002781687493883271 0.003267140313759187 0.005171029046481817 0.21407295853557298 0.9768040627847088 -0.9040248933725121 -0.0365727726686843 -0.9761230687722533 0.21411736366253903 0.8491707689284256 0.0 0.0 0.0 1.0"/>
        </transform>
    </shape>
    <shape name="temp43" type="ply">
        <string name="filename" value="meshes/Cube_039.ply"/>
        <boolean name="face_normals" value="true"/>
        <ref id="mat-Material" name="bsdf"/>
        <transform name="to_world">
            <matrix value="0.999965727517891 -0.0031224314172823087 -0.007679479558169087 0.018295158479049833 0.008274246019559823 0.4330014397170624 0.9013552360202619 -1.3192879827307122 0.0005108088146298348 -0.9013877927168704 0.4330123342993168 1.4651181661623869 0.0 0.0 0.0 1.0"/>
        </transform>
    </shape>
    <shape name="temp47" type="ply">
        <string name="filename" value="meshes/Plane_001.ply"/>
        <boolean name="face_normals" value="true"/>
        <ref id="mat-Material.002" name="bsdf"/>
    </shape>
    <shape name="temp49" type="ply">
        <string name="filename" value="meshes/Plane_002.ply"/>
        <boolean name="face_normals" value="true"/>
        <ref id="mat-Material.003" name="bsdf"/>
    </shape>
    <shape name="temp51" type="ply">
        <string name="filename" value="meshes/Plane_003.ply"/>
        <boolean name="face_normals" value="true"/>
        <ref id="mat-Material.004" name="bsdf"/>
    </shape>
    <shape name="temp53" type="ply">
        <string name="filename" value="meshes/Plane_004.ply"/>
        <boolean name="face_normals" value="true"/>
        <ref id="mat-Material.005" name="bsdf"/>
    </shape>
    <emitter type="point">
        <rgb name="intensity" value="100"/>
        <animation name="to_world">
            <transform time="0">
                <rotate angle="-142.5518126578256" x="1"/>
                <rotate angle="3.976628485794621e-06" y="1"/>
                <rotate angle="-179.999991348578" z="1"/>
                <translate value="-0.000000 3.030926 4.073377"/>
                <translate x="24.15" y="0.0" z="0.0"/>
            </transform>
            <transform time="0.0015">
                <rotate angle="-142.5518126578256" x="1"/>
                <rotate angle="3.976628485794621e-06" y="1"/>
                <rotate angle="-179.999991348578" z="1"/>
                <translate value="-0.000000 3.030926 4.073377"/>
                <translate x="24.3" y="0.0" z="0.0"/>
            </transform>
        </animation>
    </emitter>
</scene>
