<scene version="2.1.0">
	<default name="spp" value="1024" />
	<default name="resx" value="1280" />
	<default name="resy" value="720" />
	<integrator type="path" name="temp0">
		<integer name="max_depth" value="12" />
	</integrator>
	<sensor type="perspective" name="temp44">
		<string name="fov_axis" value="x" />
		<float name="fov" value="83.974423" />
		<float name="principal_point_offset_x" value="0.000000" />
		<float name="principal_point_offset_y" value="-0.000000" />
		<float name="near_clip" value="0.100000" />
		<float name="far_clip" value="1000.000000" />
		<transform name="to_world">
			<rotate x="1" angle="-142.5518126578256" />
			<rotate y="1" angle="3.976628485794621e-06" />
			<rotate z="1" angle="-179.999991348578" />
			<translate value="-0.000000 3.030926 4.073377" />
		</transform>
		<sampler type="correlated" name="sampler">
			<integer name="sample_count" value="1024" />
		</sampler>
		<film type="hdrfilm" name="film">
			<integer name="width" value="$resx" />
			<integer name="height" value="$resy" />
		</film>
		<float name="shutter_open" value="0.0" />
		<float name="shutter_close" value="0.0015" />
	</sensor>
	<bsdf type="twosided" id="mat-Material" name="mat-Material">
		<bsdf type="diffuse" name="bsdf">
			<texture type="bitmap" name="reflectance">
				<string name="filename" value="textures/siggraph_2023_logo.jpg" />
			</texture>
		</bsdf>
	</bsdf>
	<bsdf type="twosided" id="mat-Material.001" name="mat-Material.001">
		<bsdf type="principled" name="bsdf">
			<rgb value="0.433648 0.266232 0.084399" name="base_color" />
			<float name="spec_tint" value="0.000000" />
			<float name="spec_trans" value="0.000000" />
			<float name="metallic" value="0.000000" />
			<float name="anisotropic" value="0.000000" />
			<float name="roughness" value="0.500000" />
			<float name="sheen" value="0.000000" />
			<float name="sheen_tint" value="0.500000" />
			<float name="clearcoat" value="0.000000" />
			<float name="clearcoat_gloss" value="0.173205" />
			<float name="specular" value="0.500000" />
		</bsdf>
	</bsdf>
	<bsdf type="twosided" id="mat-Material.002" name="mat-Material.002">
		<bsdf type="principled" name="bsdf">
			<rgb value="0.433648 0.266232 0.084399" name="base_color" />
			<float name="spec_tint" value="0.000000" />
			<float name="spec_trans" value="0.000000" />
			<float name="metallic" value="0.000000" />
			<float name="anisotropic" value="0.000000" />
			<float name="roughness" value="0.500000" />
			<float name="sheen" value="0.000000" />
			<float name="sheen_tint" value="0.500000" />
			<float name="clearcoat" value="0.000000" />
			<float name="clearcoat_gloss" value="0.173205" />
			<float name="specular" value="0.500000" />
		</bsdf>
	</bsdf>
	<bsdf type="twosided" id="mat-Material.003" name="mat-Material.003">
		<bsdf type="principled" name="bsdf">
			<rgb value="0.433648 0.266232 0.084399" name="base_color" />
			<float name="spec_tint" value="0.000000" />
			<float name="spec_trans" value="0.000000" />
			<float name="metallic" value="0.000000" />
			<float name="anisotropic" value="0.000000" />
			<float name="roughness" value="0.500000" />
			<float name="sheen" value="0.000000" />
			<float name="sheen_tint" value="0.500000" />
			<float name="clearcoat" value="0.000000" />
			<float name="clearcoat_gloss" value="0.173205" />
			<float name="specular" value="0.500000" />
		</bsdf>
	</bsdf>
	<bsdf type="twosided" id="mat-Material.004" name="mat-Material.004">
		<bsdf type="principled" name="bsdf">
			<rgb value="0.433648 0.266232 0.084399" name="base_color" />
			<float name="spec_tint" value="0.000000" />
			<float name="spec_trans" value="0.000000" />
			<float name="metallic" value="0.000000" />
			<float name="anisotropic" value="0.000000" />
			<float name="roughness" value="0.500000" />
			<float name="sheen" value="0.000000" />
			<float name="sheen_tint" value="0.500000" />
			<float name="clearcoat" value="0.000000" />
			<float name="clearcoat_gloss" value="0.173205" />
			<float name="specular" value="0.500000" />
		</bsdf>
	</bsdf>
	<bsdf type="twosided" id="mat-Material.005" name="mat-Material.005">
		<bsdf type="principled" name="bsdf">
			<rgb value="0.433648 0.266232 0.084399" name="base_color" />
			<float name="spec_tint" value="0.000000" />
			<float name="spec_trans" value="0.000000" />
			<float name="metallic" value="0.000000" />
			<float name="anisotropic" value="0.000000" />
			<float name="roughness" value="0.500000" />
			<float name="sheen" value="0.000000" />
			<float name="sheen_tint" value="0.500000" />
			<float name="clearcoat" value="0.000000" />
			<float name="clearcoat_gloss" value="0.173205" />
			<float name="specular" value="0.500000" />
		</bsdf>
	</bsdf>
	<emitter type="point" name="temp45">
		<point name="position" x="-6.815235034541981e-16" y="3.0693089962005615" z="4.109199523925781" />
		<rgb value="7.957747 7.957747 7.957747" name="intensity" />
	</emitter>
	<shape type="ply" name="temp2">
		<string name="filename" value="meshes/Cube.ply" />
		<boolean name="face_normals" value="true" />
		<ref id="mat-Material" name="bsdf" />
		<animation name="to_world">
			<transform time="0">
				<matrix value="0.9986006875557376 -0.0434737663816713 0.015400269301560542 -0.08207318030897981 -0.017658826616456305 -0.6789897439213388 -0.7318276999538084 1.7158386707139741 0.04344678313272237 0.730675103196968 -0.6793475819830825 3.567886160502758 0.0 0.0 0.0 1.0" />
			</transform>
			<transform time="0.0015">
				<matrix value="0.9985336045873945 -0.04523220674975566 0.014786778143676267 -0.07941970102894999 -0.019147248965326616 -0.676248635075059 -0.7343349905516406 1.7200398778539738 0.04438389151028378 0.7331176859192934 -0.6766605098598777 3.5597471540404024 0.0 0.0 0.0 1.0" />
			</transform>
		</animation>
	</shape>
	<shape type="ply" name="temp4">
		<string name="filename" value="meshes/Plane.ply" />
		<boolean name="face_normals" value="true" />
		<ref id="mat-Material.001" name="bsdf" />
	</shape>
	<shape type="ply" name="temp5">
		<string name="filename" value="meshes/Cube_001.ply" />
		<boolean name="face_normals" value="true" />
		<ref id="mat-Material" name="bsdf" />
		<animation name="to_world">
			<transform time="0">
				<matrix value="0.9980302361411777 -0.031098893878683337 -0.054486948850196754 0.047779954704331384 -0.05451392397881662 -1.9326805347261187e-05 -0.9985130733709643 1.1728982904918128 0.03105160524230223 0.9995161892524973 -0.0017146119736126076 1.0498671519032439 0.0 0.0 0.0 1.0" />
			</transform>
			<transform time="0.0015">
				<matrix value="0.9980311935574718 -0.03106793591990514 -0.05448701523106766 0.047743967463652406 -0.05451394631853015 -1.9583916274851804e-05 -0.9985130733709643 1.1728982424332908 0.03102067925987688 0.9995171579324116 -0.0017131816360519262 1.0500086923877294 0.0 0.0 0.0 1.0" />
			</transform>
		</animation>
	</shape>
	<shape type="ply" name="temp6">
		<string name="filename" value="meshes/Cube_002.ply" />
		<boolean name="face_normals" value="true" />
		<ref id="mat-Material" name="bsdf" />
		<animation name="to_world">
			<transform time="0">
				<matrix value="0.9997540011382433 -0.02115609805954241 0.006680189267557436 -0.03540930431703715 0.011164627313940644 0.2195640384378722 -0.975534265266765 0.6536440229039031 0.01917177502140855 0.9753686201955267 0.21974611377896375 0.5325056435070454 0.0 0.0 0.0 1.0" />
			</transform>
			<transform time="0.0015">
				<matrix value="0.9997537777411081 -0.02117190631501088 0.006662512382049665 -0.03543828134754469 0.011150900996100858 0.21956641883735134 -0.9755338908105702 0.6536768578578093 0.019191054034615622 0.9753677416253719 0.21974833413399192 0.5325428394203671 0.0 0.0 0.0 1.0" />
			</transform>
		</animation>
	</shape>
	<shape type="ply" name="temp7">
		<string name="filename" value="meshes/Cube_003.ply" />
		<boolean name="face_normals" value="true" />
		<ref id="mat-Material" name="bsdf" />
		<animation name="to_world">
			<transform time="0">
				<matrix value="0.9950906605534842 -0.061873627256097435 0.0772438408378607 -0.05884803226304092 0.089183053293548 0.22219209341228938 -0.9709152187058678 0.14066598391372517 0.04291074274813085 0.9730372760589292 0.2266194143920314 0.2013086410181607 0.0 0.0 0.0 1.0" />
			</transform>
			<transform time="0.0015">
				<matrix value="0.9950937242856255 -0.061855527209079955 0.07721884503581705 -0.058914254912663166 0.0891520074745165 0.22213437811135328 -0.9709312777704064 0.14073608520691322 0.04290417391493672 0.9730516110198304 0.22655913375295353 0.20126864767237002 0.0 0.0 0.0 1.0" />
			</transform>
		</animation>
	</shape>
	<shape type="ply" name="temp8">
		<string name="filename" value="meshes/Cube_004.ply" />
		<boolean name="face_normals" value="true" />
		<ref id="mat-Material" name="bsdf" />
		<animation name="to_world">
			<transform time="0">
				<matrix value="0.982011056208302 -0.143505098837561 0.12270684709619067 0.03366776759077639 0.1530414324136965 0.2243479140550203 -0.9624164519803073 -0.3523858302479998 0.11058244995363697 0.9638828341568928 0.24227341862161667 -0.2786106165525428 0.0 0.0 0.0 1.0" />
			</transform>
			<transform time="0.0015">
				<matrix value="0.9819995672127723 -0.14363753540378782 0.12264393760441754 0.03372776059764718 0.15300557717348073 0.22428841908633484 -0.9624360258268567 -0.35228743704517085 0.11073413182142469 0.9638769620042344 0.24222753922737833 -0.27905312913159486 0.0 0.0 0.0 1.0" />
			</transform>
		</animation>
	</shape>
	<shape type="ply" name="temp9">
		<string name="filename" value="meshes/Cube_005.ply" />
		<boolean name="face_normals" value="true" />
		<ref id="mat-Material" name="bsdf" />
		<animation name="to_world">
			<transform time="0">
				<matrix value="0.9792509933035121 -0.1848721483950499 0.0829775268415078 0.09811038054324794 0.12354459538284515 0.22010802568921395 -0.9676199859959407 -0.6100059643202727 0.16062180977151805 0.9577947866497853 0.2383796329347866 -0.7193720924636386 0.0 0.0 0.0 1.0" />
			</transform>
			<transform time="0.0015">
				<matrix value="0.979232036460888 -0.18500891098064565 0.0828966902594058 0.09818171715818744 0.12349201886705212 0.22007024717255905 -0.9676352876377214 -0.6098645617072236 0.16077790213703413 0.9577770725729042 0.23834564252473506 -0.7198278959943862 0.0 0.0 0.0 1.0" />
			</transform>
		</animation>
	</shape>
	<shape type="ply" name="temp10">
		<string name="filename" value="meshes/Cube_006.ply" />
		<boolean name="face_normals" value="true" />
		<ref id="mat-Material" name="bsdf" />
		<animation name="to_world">
			<transform time="0">
				<matrix value="0.9861030588961167 -0.15432745195787437 -0.06151155429457033 0.038901247115645354 -0.026241913064445496 0.22091159581413491 -0.9749404401964729 -0.5608882735480583 0.16404906148109932 0.9630059467318006 0.21379164635636785 -1.051554188224674 0.0 0.0 0.0 1.0" />
			</transform>
			<transform time="0.0015">
				<matrix value="0.9861072396139345 -0.15431665831052002 -0.06147167981603867 0.03892601610569218 -0.02621251910766016 0.22086663104416285 -0.9749514185712767 -0.5609635679322587 0.16402865893987106 0.9630179914029822 0.21375304758200914 -1.0515845139552582 0.0 0.0 0.0 1.0" />
			</transform>
		</animation>
	</shape>
	<shape type="ply" name="temp11">
		<string name="filename" value="meshes/Cube_007.ply" />
		<boolean name="face_normals" value="true" />
		<ref id="mat-Material" name="bsdf" />
		<animation name="to_world">
			<transform time="0">
				<matrix value="0.9216214383353989 -0.25535894189473596 -0.29211300075031876 0.18250366651550975 -0.24103225554805002 0.213134330226126 -0.9467849289466554 -0.3145401318706345 0.3040598677013689 0.9430548805543331 0.13487441025274916 -1.790587612279492 0.0 0.0 0.0 1.0" />
			</transform>
			<transform time="0.0015">
				<matrix value="0.9214413004596553 -0.2553233710671879 -0.2927124200146076 0.1823528214353578 -0.24157206600301537 0.2133862020221185 -0.9465907989407252 -0.31313076936762363 0.3041779522357012 0.9430075879489082 0.13493887458876777 -1.7908253766627955 0.0 0.0 0.0 1.0" />
			</transform>
		</animation>
	</shape>
	<shape type="ply" name="temp12">
		<string name="filename" value="meshes/Cube_008.ply" />
		<boolean name="face_normals" value="true" />
		<ref id="mat-Material" name="bsdf" />
		<animation name="to_world">
			<transform time="0">
				<matrix value="0.3931311798903244 0.8790327122395046 -0.2696994138814175 1.6567649070634998 -0.5032864118207108 -0.039763705537698445 -0.8631935307108265 0.14224252219666098 -0.7694981800516643 0.4750951664813745 0.42677808293788333 0.9412663241244617 0.0 0.0 0.0 1.0" />
			</transform>
			<transform time="0.0015">
				<matrix value="0.39291138583167734 0.8791054157970981 -0.26978283250919044 1.6570792722323537 -0.5035530043878156 -0.039800727883288506 -0.8630363782541386 0.1430393487810957 -0.7694361075619272 0.47495754635123455 0.4270432064342117 0.9415626038224025 0.0 0.0 0.0 1.0" />
			</transform>
		</animation>
	</shape>
	<shape type="ply" name="temp13">
		<string name="filename" value="meshes/Cube_009.ply" />
		<boolean name="face_normals" value="true" />
		<ref id="mat-Material" name="bsdf" />
		<animation name="to_world">
			<transform time="0">
				<matrix value="-0.07584397555436176 0.9904961797827806 0.11473494646354948 2.6221812071308808 -0.8341475674036881 1.0937324659017193e-05 -0.5514964770003891 0.9335703713534307 -0.546256429213495 -0.1375403870903148 0.8262188188649147 0.9326337331867772 0.0 0.0 0.0 1.0" />
			</transform>
			<transform time="0.0015">
				<matrix value="-0.07578584442836886 0.990496112200461 0.11477400735089413 2.6220666543123965 -0.8344288243970317 1.0827127181425828e-05 -0.551071069231925 0.9346954734119122 -0.5458350224316268 -0.13754091648515165 0.8264973547013135 0.9322229145157969 0.0 0.0 0.0 1.0" />
			</transform>
		</animation>
	</shape>
	<shape type="ply" name="temp14">
		<string name="filename" value="meshes/Cube_010.ply" />
		<boolean name="face_normals" value="true" />
		<ref id="mat-Material" name="bsdf" />
		<animation name="to_world">
			<transform time="0">
				<matrix value="0.035604997633092036 0.9953611946026788 0.08937314341017286 1.8784908055176603 -0.9985368608240386 0.031805701854103786 0.043612279035374665 1.9331563438077541 0.04056740856377443 -0.09079520590376348 0.9950372346285119 -0.19283570841725084 0.0 0.0 0.0 1.0" />
			</transform>
			<transform time="0.0015">
				<matrix value="0.03560684959534367 0.9953551797762347 0.08943945024087754 1.8785146741042862 -0.9985464669008566 0.031826301696031706 0.043377160543733036 1.932549506077144 0.04032916780581866 -0.0908539829980319 0.9950415834265931 -0.19253700837317805 0.0 0.0 0.0 1.0" />
			</transform>
		</animation>
	</shape>
	<shape type="ply" name="temp15">
		<string name="filename" value="meshes/Cube_011.ply" />
		<boolean name="face_normals" value="true" />
		<ref id="mat-Material" name="bsdf" />
		<animation name="to_world">
			<transform time="0">
				<matrix value="0.0784736812244804 0.9932798384724972 0.08487351195049314 1.4462515139003587 -0.8664800178005663 0.025908081172576203 0.4984678036651678 2.1951556814483975 0.4929291948789686 -0.11267446492971761 0.8626866991221696 -1.1917061589288815 0.0 0.0 0.0 1.0" />
			</transform>
			<transform time="0.0015">
				<matrix value="0.07854502788672013 0.9932392590441523 0.0852824538588252 1.4468330567405463 -0.8667828964452193 0.025834745344837193 0.4979451223897209 2.1945677235867223 0.4923854302947084 -0.11304905720712285 0.8629484780438483 -1.1904877352646812 0.0 0.0 0.0 1.0" />
			</transform>
		</animation>
	</shape>
	<shape type="ply" name="temp16">
		<string name="filename" value="meshes/Cube_012.ply" />
		<boolean name="face_normals" value="true" />
		<ref id="mat-Material" name="bsdf" />
		<animation name="to_world">
			<transform time="0">
				<matrix value="0.09549290193554563 0.9899976638584298 0.10385299567254708 1.0995688051112809 -0.7367346775952215 0.0001312978309342689 0.6761723199033994 1.8477107978021814 0.6693954810673957 -0.14108333350715338 0.729378053341188 -1.8307695940656046 0.0 0.0 0.0 1.0" />
			</transform>
			<transform time="0.0015">
				<matrix value="0.09546409647064244 0.9899988277761562 0.10386841390637042 1.0996078073618571 -0.7369121825761562 0.0001367389135216337 0.6759789217891228 1.8475971697285298 0.6692042371626401 -0.14107518082666598 0.729555145590252 -1.8303295965484943 0.0 0.0 0.0 1.0" />
			</transform>
		</animation>
	</shape>
	<shape type="ply" name="temp17">
		<string name="filename" value="meshes/Cube_013.ply" />
		<boolean name="face_normals" value="true" />
		<ref id="mat-Material" name="bsdf" />
		<animation name="to_world">
			<transform time="0">
				<matrix value="0.9178665205743697 0.1757302632539532 0.35582260610722605 0.6282978455105137 -0.3794359356910219 0.1259127117389028 0.9165938175056416 1.4663497459148531 0.11627623766238142 -0.9763518854956896 0.1822540625719528 -1.4139552596026848 0.0 0.0 0.0 1.0" />
			</transform>
			<transform time="0.0015">
				<matrix value="0.9180144733056916 0.17570040087966712 0.35545571562957673 0.6277087212820937 -0.37907461476008036 0.12600198047394423 0.9167311237840019 1.4661633936672092 0.11628742826316615 -0.9763457505228994 0.18227980303120217 -1.4139286906323214 0.0 0.0 0.0 1.0" />
			</transform>
		</animation>
	</shape>
	<shape type="ply" name="temp18">
		<string name="filename" value="meshes/Cube_014.ply" />
		<boolean name="face_normals" value="true" />
		<ref id="mat-Material" name="bsdf" />
		<animation name="to_world">
			<transform time="0">
				<matrix value="0.9392469243493663 0.29799748864781206 0.17033073125113174 0.11250828347750658 -0.21637738530247663 0.12882507722825146 0.9677723427864674 1.0259982253527578 0.26645129577130167 -0.9458326988901242 0.1854784003222541 -0.8697312794732841 0.0 0.0 0.0 1.0" />
			</transform>
			<transform time="0.0015">
				<matrix value="0.9392551421725577 0.2979568716737341 0.1703564087336574 0.11251970328728844 -0.21636930949603553 0.1287316266494563 0.9677865806322401 1.026008781761269 0.266428844359204 -0.9458582224794921 0.18538049364388737 -0.8698190883184298 0.0 0.0 0.0 1.0" />
			</transform>
		</animation>
	</shape>
	<shape type="ply" name="temp19">
		<string name="filename" value="meshes/Cube_015.ply" />
		<boolean name="face_normals" value="true" />
		<ref id="mat-Material" name="bsdf" />
		<animation name="to_world">
			<transform time="0">
				<matrix value="0.983702464598326 0.12573165033801048 0.128532668179912 0.02626530691652801 -0.14906504919090752 0.17055611641494048 0.9740072696292045 0.6391634008980016 0.10054141911646074 -0.9772929125219274 0.1865185397765875 -0.2942384675019172 0.0 0.0 0.0 1.0" />
			</transform>
			<transform time="0.0015">
				<matrix value="0.9836995923494436 0.12577729768941048 0.12851006889751543 0.026243656535782003 -0.1490470992310861 0.1705152929393304 0.974017167187264 0.6391640021316505 0.1005962248165253 -0.9772941590402667 0.18648243709318224 -0.2943141393442199 0.0 0.0 0.0 1.0" />
			</transform>
		</animation>
	</shape>
	<shape type="ply" name="temp20">
		<string name="filename" value="meshes/Cube_016.ply" />
		<boolean name="face_normals" value="true" />
		<ref id="mat-Material" name="bsdf" />
		<animation name="to_world">
			<transform time="0">
				<matrix value="0.9851726956333651 0.02049406369740292 0.17033763399478322 0.056385394886858786 -0.17132103161728074 0.1704371609205232 0.9703594532837911 0.32908594038150374 -0.009145481953878095 -0.9851537160294772 0.17142097469577103 0.1775683642480812 0.0 0.0 0.0 1.0" />
			</transform>
			<transform time="0.0015">
				<matrix value="0.9851748019492123 0.02052987849712471 0.17032117834709276 0.05630863110377138 -0.17131209732756253 0.17031484217845472 0.9703825078708792 0.3291452156050917 -0.009086616010879444 -0.9851741333991422 0.1713067800239647 0.1775372020012887 0.0 0.0 0.0 1.0" />
			</transform>
		</animation>
	</shape>
	<shape type="ply" name="temp21">
		<string name="filename" value="meshes/Cube_017.ply" />
		<boolean name="face_normals" value="true" />
		<ref id="mat-Material" name="bsdf" />
		<animation name="to_world">
			<transform time="0">
				<matrix value="0.9456147489393238 -0.10465863131305757 0.3079817464981578 0.20863117462882708 -0.28936715352279235 0.16182494373444747 0.9434366254850242 0.1336889766992804 -0.14858204926359908 -0.9812481879259026 0.12274146719234684 0.4263924349840458 0.0 0.0 0.0 1.0" />
			</transform>
			<transform time="0.0015">
				<matrix value="0.9456203338677063 -0.10483031818867719 0.3079062254919491 0.2086833260646061 -0.2892959616428535 0.16165600745923545 0.9434874408927401 0.13377511902242348 -0.14868509119225654 -0.9812577320512591 0.12254039442814917 0.4264460385280101 0.0 0.0 0.0 1.0" />
			</transform>
		</animation>
	</shape>
	<shape type="ply" name="temp22">
		<string name="filename" value="meshes/Cube_018.ply" />
		<boolean name="face_normals" value="true" />
		<ref id="mat-Material" name="bsdf" />
		<animation name="to_world">
			<transform time="0">
				<matrix value="0.2454044974797306 0.9569813087815979 0.15467348840551823 0.8507203061176677 -0.5125873850010727 -0.00733042219501359 0.8585256685141749 -0.062283960217482184 0.8227378742507008 -0.29003802487573604 0.4887544377313424 -0.14301333747189304 0.0 0.0 0.0 1.0" />
			</transform>
			<transform time="0.0015">
				<matrix value="0.2450887176505139 0.9570101814503591 0.1549958628498933 0.8507451509919608 -0.5132797086803078 -0.007543905731645502 0.8581104816977568 -0.061740531525285525 0.8224007201027174 -0.2899373572561226 0.4893817199406759 -0.14316445416689422 0.0 0.0 0.0 1.0" />
			</transform>
		</animation>
	</shape>
	<shape type="ply" name="temp23">
		<string name="filename" value="meshes/Cube_019.ply" />
		<boolean name="face_normals" value="true" />
		<ref id="mat-Material" name="bsdf" />
		<animation name="to_world">
			<transform time="0">
				<matrix value="-0.08064175119276204 0.9839420511740156 -0.15923219505829744 0.5056485384126888 -0.9133419144828172 -0.008975061688738337 0.40709450754361143 -0.046601769436755036 0.3991283440331757 0.17826228612311049 0.8993992485465233 -0.058083751756576985 0.0 0.0 0.0 1.0" />
			</transform>
			<transform time="0.0015">
				<matrix value="-0.0806337152786665 0.9839416381709513 -0.15923878123214294 0.5056603716672109 -0.913361318119712 -0.008973514954717154 0.4070509855213271 -0.046576463626266315 0.39908554273774594 0.17826461245673397 0.8994177756178008 -0.05807804108165073 0.0 0.0 0.0 1.0" />
			</transform>
		</animation>
	</shape>
	<shape type="ply" name="temp24">
		<string name="filename" value="meshes/Cube_020.ply" />
		<boolean name="face_normals" value="true" />
		<ref id="mat-Material" name="bsdf" />
		<animation name="to_world">
			<transform time="0">
				<matrix value="0.09643109517474147 0.9455090052553627 -0.3109858582896837 0.12731194563252687 -0.960827917482453 0.006865893667738907 -0.27705887408731944 0.14239827420103157 -0.25982709538522947 0.32552067655406763 0.9091340080448786 0.11496874677142127 0.0 0.0 0.0 1.0" />
			</transform>
			<transform time="0.0015">
				<matrix value="0.09641568655425828 0.9454832522498042 -0.31106893650274625 0.12741469629854046 -0.9608214114031736 0.006817602670181649 -0.27708261801421497 0.14242171666651482 -0.2598568604125702 0.32559649873321617 0.9090983581130297 0.11498651269304251 0.0 0.0 0.0 1.0" />
			</transform>
		</animation>
	</shape>
	<shape type="ply" name="temp25">
		<string name="filename" value="meshes/Cube_021.ply" />
		<boolean name="face_normals" value="true" />
		<ref id="mat-Material" name="bsdf" />
		<animation name="to_world">
			<transform time="0">
				<matrix value="0.18924743407673744 0.9384044987411951 -0.2891032154020068 -0.16736780580498256 -0.797557563733651 -0.024845543497078782 -0.6027292550095716 0.09361967011622946 -0.5727877388848406 0.34464293536188295 0.7437303230436749 0.3062236644449585 0.0 0.0 0.0 1.0" />
			</transform>
			<transform time="0.0015">
				<matrix value="0.18931905679400868 0.9384097100889508 -0.2890394216829917 -0.16737566788249184 -0.7975036611962907 -0.024777275592394905 -0.6028034058465218 0.09364486971750316 -0.5728391521398363 0.34463367658409816 0.7436950305473096 0.30627461358874447 0.0 0.0 0.0 1.0" />
			</transform>
		</animation>
	</shape>
	<shape type="ply" name="temp26">
		<string name="filename" value="meshes/Cube_022.ply" />
		<boolean name="face_normals" value="true" />
		<ref id="mat-Material" name="bsdf" />
		<animation name="to_world">
			<transform time="0">
				<matrix value="0.6378750485349105 0.4000808263266469 -0.6580662105497562 -0.08424110219088443 -0.711657199034798 -0.02041096693316758 -0.7022305317807518 -0.19536043817752707 -0.29438078762186914 0.9162525577621432 0.27170073674968714 0.6861034348675406 0.0 0.0 0.0 1.0" />
			</transform>
			<transform time="0.0015">
				<matrix value="0.6378772825062635 0.4000818400614408 -0.6580634191490309 -0.08425335488547762 -0.7116544703983596 -0.020410966032069985 -0.702233306160741 -0.1953571827150814 -0.29438255405493186 0.9162521147224926 0.27170032825202 0.6861390229412851 0.0 0.0 0.0 1.0" />
			</transform>
		</animation>
	</shape>
	<shape type="ply" name="temp27">
		<string name="filename" value="meshes/Cube_023.ply" />
		<boolean name="face_normals" value="true" />
		<ref id="mat-Material" name="bsdf" />
		<animation name="to_world">
			<transform time="0">
				<matrix value="0.8565491988858689 0.28336635914422126 -0.4313087176451621 -0.06578811744092372 -0.48041605277761523 0.13259382632873268 -0.8669598993145008 -0.28712932228536026 -0.1884784106080028 0.9498012193824661 0.2497068697901424 0.20454747216160057 0.0 0.0 0.0 1.0" />
			</transform>
			<transform time="0.0015">
				<matrix value="0.8565465021633071 0.2833781710318576 -0.4313063007006316 -0.06578373203974089 -0.4804141858158416 0.13258082949775946 -0.8669629204951639 -0.2871265395215582 -0.1884954318740189 0.9497995148061829 0.24970052956593397 0.20454374949751955 0.0 0.0 0.0 1.0" />
			</transform>
		</animation>
	</shape>
	<shape type="ply" name="temp28">
		<string name="filename" value="meshes/Cube_024.ply" />
		<boolean name="face_normals" value="true" />
		<ref id="mat-Material" name="bsdf" />
		<animation name="to_world">
			<transform time="0">
				<matrix value="0.8545466351788125 0.4452552338957455 -0.2673898315021363 -0.1933074365595357 -0.3769073111748197 0.17742887804715252 -0.9090984307605168 -0.511527518336838 -0.35733816820825953 0.8776480268990015 0.31944148293627583 -0.3451731403221049 0.0 0.0 0.0 1.0" />
			</transform>
			<transform time="0.0015">
				<matrix value="0.8545178648191734 0.4453042385866002 -0.26740018010970334 -0.19334676796645123 -0.3769299125821368 0.17741076072909784 -0.9090925926480242 -0.5115461257355911 -0.35738312847743264 0.8776268285780878 0.3194494316200486 -0.34522053679728193 0.0 0.0 0.0 1.0" />
			</transform>
		</animation>
	</shape>
	<shape type="ply" name="temp29">
		<string name="filename" value="meshes/Cube_025.ply" />
		<boolean name="face_normals" value="true" />
		<ref id="mat-Material" name="bsdf" />
		<animation name="to_world">
			<transform time="0">
				<matrix value="0.9009156476551654 0.3614767126316426 -0.2401791923884486 -0.2632414523435341 -0.3210893494460372 0.18283940278209432 -0.9292317482711228 -0.7930219442464279 -0.29198139007529783 0.91427799667517 0.28078919162725563 -0.6994173678652376 0.0 0.0 0.0 1.0" />
			</transform>
			<transform time="0.0015">
				<matrix value="0.9009162859326949 0.3614726351650269 -0.24018296248150134 -0.26323776616313255 -0.321093927491617 0.1828456316192172 -0.9292289398496614 -0.7930247332633932 -0.2919743993406567 0.9142783721325011 0.28079526803005406 -0.6993882739865172 0.0 0.0 0.0 1.0" />
			</transform>
		</animation>
	</shape>
	<shape type="ply" name="temp30">
		<string name="filename" value="meshes/Cube_026.ply" />
		<boolean name="face_normals" value="true" />
		<ref id="mat-Material" name="bsdf" />
		<animation name="to_world">
			<transform time="0">
				<matrix value="0.9232538956468397 0.23442711342593076 -0.3043784906725494 -0.3327313244925875 -0.350058264054735 0.18684926463686558 -0.9179034476367796 -1.147716292419657 -0.15830860047479994 0.9540078385893043 0.25457247668078264 -0.8892024790925191 0.0 0.0 0.0 1.0" />
			</transform>
			<transform time="0.0015">
				<matrix value="0.9232546775368131 0.2344094143673429 -0.30438973286876325 -0.3327533448585853 -0.3500630367749613 0.18683895833312697 -0.9179037199685576 -1.1477236385189697 -0.15829345095763891 0.9540142063456396 0.2545580260758083 -0.8891945323144561 0.0 0.0 0.0 1.0" />
			</transform>
		</animation>
	</shape>
	<shape type="ply" name="temp31">
		<string name="filename" value="meshes/Cube_027.ply" />
		<boolean name="face_normals" value="true" />
		<ref id="mat-Material" name="bsdf" />
		<animation name="to_world">
			<transform time="0">
				<matrix value="0.8727002430734699 0.17324278351268088 -0.45648789348593755 -0.597564193305085 -0.4839347229831196 0.18279343085333827 -0.8558001485508258 -1.583975372469985 -0.0648182400842513 0.9677671909774875 0.24336213731637402 -1.0279565636594827 0.0 0.0 0.0 1.0" />
			</transform>
			<transform time="0.0015">
				<matrix value="0.8726945304895815 0.17323266944309582 -0.4565026504641622 -0.5976154258093795 -0.48394602049539054 0.18278324469594565 -0.8557959359186336 -1.583987250113137 -0.06481080574672725 0.9677709230233587 0.2433492696398598 -1.0279574251989896 0.0 0.0 0.0 1.0" />
			</transform>
		</animation>
	</shape>
	<shape type="ply" name="temp32">
		<string name="filename" value="meshes/Cube_028.ply" />
		<boolean name="face_normals" value="true" />
		<ref id="mat-Material" name="bsdf" />
		<animation name="to_world">
			<transform time="0">
				<matrix value="-0.10571360059004267 0.9845666561679353 0.13947473430346824 -1.4862374884854774 -0.7971138793001045 -4.7600855611850086e-05 -0.6038290842848639 -2.122133829243163 -0.5945034546218533 -0.17501015804414893 0.7848167770711658 -1.3587639488344005 0.0 0.0 0.0 1.0" />
			</transform>
			<transform time="0.0015">
				<matrix value="-0.10571469523600566 0.9845661755825514 0.13947730273255027 -1.486233017785863 -0.7971081986300925 -4.523809436720111e-05 -0.6038365904294973 -2.1221336474537686 -0.5945108905550711 -0.17501286659333548 0.7848105389713742 -1.358784635747281 0.0 0.0 0.0 1.0" />
			</transform>
		</animation>
	</shape>
	<shape type="ply" name="temp33">
		<string name="filename" value="meshes/Cube_029.ply" />
		<boolean name="face_normals" value="true" />
		<ref id="mat-Material" name="bsdf" />
		<animation name="to_world">
			<transform time="0">
				<matrix value="-0.000852335304870157 0.9772105218147649 0.21226793661390164 -1.582666716490794 -0.9988110055015097 -0.011174897741660288 0.047432947646471726 -1.8260540943121617 0.04872368698661589 -0.21197627147633719 0.976058944702877 -0.12651583947752698 0.0 0.0 0.0 1.0" />
			</transform>
			<transform time="0.0015">
				<matrix value="-0.0007792493523196426 0.9772049500279714 0.2122938872792422 -1.5824812235137378 -0.9988076066736655 -0.011119907510033292 0.047517613043166186 -1.8259579994800594 0.04879477514645623 -0.21200486630667348 0.9760491833107066 -0.12640832408766317 0.0 0.0 0.0 1.0" />
			</transform>
		</animation>
	</shape>
	<shape type="ply" name="temp34">
		<string name="filename" value="meshes/Cube_030.ply" />
		<boolean name="face_normals" value="true" />
		<ref id="mat-Material" name="bsdf" />
		<animation name="to_world">
			<transform time="0">
				<matrix value="-0.04198600724557121 0.9785783366302561 -0.20154746315527625 -3.2263268308684525 -0.9755666541666332 0.0033834100247817304 0.2196571589835015 -1.9206415179677836 0.21563363389792578 0.20584672625655087 0.9545265824427744 0.24551327179229865 0.0 0.0 0.0 1.0" />
			</transform>
			<transform time="0.0015">
				<matrix value="-0.041958265165498776 0.978577009415249 -0.2015596748508941 -3.22627300007829 -0.9756130581299028 0.003369417107920129 0.2194512723647854 -1.921083271566923 0.21542908790490167 0.20585325455719677 0.9545713881751847 0.24509090554396684 0.0 0.0 0.0 1.0" />
			</transform>
		</animation>
	</shape>
	<shape type="ply" name="temp35">
		<string name="filename" value="meshes/Cube_031.ply" />
		<boolean name="face_normals" value="true" />
		<ref id="mat-Material" name="bsdf" />
		<animation name="to_world">
			<transform time="0">
				<matrix value="0.1375353928092095 0.9768525915527624 0.1638297769231824 -1.8868529925845732 -0.7666020421008215 0.0002489939990363416 0.6420621284751886 -1.135462000371295 0.6271588062273614 -0.21391266167872633 0.7488913058998128 0.6107730106864446 0.0 0.0 0.0 1.0" />
			</transform>
			<transform time="0.0015">
				<matrix value="0.13763876504648842 0.9768476505342852 0.16377244682871267 -1.8866456700561351 -0.7661943742427741 0.0002287696820218392 0.6425488789766651 -1.133895816641413 0.6276344506422932 -0.21393524168261846 0.7484865272635381 0.6114853974373584 0.0 0.0 0.0 1.0" />
			</transform>
		</animation>
	</shape>
	<shape type="ply" name="temp36">
		<string name="filename" value="meshes/Cube_032.ply" />
		<boolean name="face_normals" value="true" />
		<ref id="mat-Material" name="bsdf" />
		<animation name="to_world">
			<transform time="0">
				<matrix value="0.6697274687204691 0.6129939531478464 0.41910457231120407 -0.697464013162693 -0.5324022608846739 0.002970805530815168 0.8464319197995747 -0.568661280456451 0.5176106374340235 -0.7900818275301769 0.328347913409336 -0.15205161547730084 0.0 0.0 0.0 1.0" />
			</transform>
			<transform time="0.0015">
				<matrix value="0.6694444724208577 0.6129943436234708 0.4195562345651487 -0.6977941647049586 -0.5329877528624207 0.0029928694310599616 0.8460635740489861 -0.5705446622755346 0.5173745864467019 -0.7900814370545526 0.3287209568830963 -0.1523443250483672 0.0 0.0 0.0 1.0" />
			</transform>
		</animation>
	</shape>
	<shape type="ply" name="temp37">
		<string name="filename" value="meshes/Cube_033.ply" />
		<boolean name="face_normals" value="true" />
		<ref id="mat-Material" name="bsdf" />
		<animation name="to_world">
			<transform time="0">
				<matrix value="0.9766057298675418 0.1698110124044946 0.13193258856196466 -0.1443989976186273 -0.15005611433495206 0.09868766204374843 0.9837399017824682 0.30060117930068997 0.15402974946234843 -0.9805228368267689 0.12186009084199761 -0.38549945384430734 0.0 0.0 0.0 1.0" />
			</transform>
			<transform time="0.0015">
				<matrix value="0.976605953264677 0.16981166494933603 0.13193008651375354 -0.14441000085598887 -0.15005288465065314 0.09868262716093842 0.9837408974955317 0.30061054943215404 0.1540314712159841 -0.9805232273023932 0.1218547463308528 -0.38551904479706756 0.0 0.0 0.0 1.0" />
			</transform>
		</animation>
	</shape>
	<shape type="ply" name="temp38">
		<string name="filename" value="meshes/Cube_034.ply" />
		<boolean name="face_normals" value="true" />
		<ref id="mat-Material" name="bsdf" />
		<animation name="to_world">
			<transform time="0">
				<matrix value="0.9999171138970298 -0.0013213779897918957 0.01281092486836326 -0.03395563204629437 -0.012371963132970586 0.177779622587986 0.9839926083908049 0.3693317622615803 -0.003577747607827285 -0.9840694960400315 0.17774855668830947 -0.3772377306845966 0.0 0.0 0.0 1.0" />
			</transform>
			<transform time="0.0015">
				<matrix value="0.9999170819831532 -0.0013223544792186105 0.012812582688062318 -0.03395619286703018 -0.01237342271411101 0.1777792516361429 0.9839926509426453 0.3693265687895576 -0.003578998472215587 -0.9840695636223511 0.17774816861552567 -0.3772454748119875 0.0 0.0 0.0 1.0" />
			</transform>
		</animation>
	</shape>
	<shape type="ply" name="temp39">
		<string name="filename" value="meshes/Cube_035.ply" />
		<boolean name="face_normals" value="true" />
		<ref id="mat-Material" name="bsdf" />
		<animation name="to_world">
			<transform time="0">
				<matrix value="0.9987301139839051 -0.05023621102867405 0.0038612104102830076 0.008786030533653788 0.006493541089345014 0.2043339702100233 0.97887973198443 0.09125617794447075 -0.04996420827371739 -0.9776113161028988 0.2044006645545532 -0.15872066141956603 0.0 0.0 0.0 1.0" />
			</transform>
			<transform time="0.0015">
				<matrix value="0.9987294437924992 -0.05024929721849208 0.0038640664898056155 0.008782751330958218 0.0064932806721130065 0.20433116854741867 0.9788803277101945 0.09125632251304616 -0.049977620080304555 -0.977611233502286 0.2043978016667361 -0.1587593038038361 0.0 0.0 0.0 1.0" />
			</transform>
		</animation>
	</shape>
	<shape type="ply" name="temp40">
		<string name="filename" value="meshes/Cube_036.ply" />
		<boolean name="face_normals" value="true" />
		<ref id="mat-Material" name="bsdf" />
		<animation name="to_world">
			<transform time="0">
				<matrix value="0.9987281193985393 -0.05027273409911498 0.003882344152832418 0.0031393029981696685 0.006616593709166405 0.20699804765311636 0.9783191204580775 -0.23942335901493567 -0.049986436819513966 -0.9770487648694369 0.20706739299919957 0.17945536979651044 0.0 0.0 0.0 1.0" />
			</transform>
			<transform time="0.0015">
				<matrix value="0.998727146025307 -0.050292158008681906 0.0038838879335994056 0.003142012945720082 0.0066189773566000636 0.20699537064234563 0.9783196736320017 -0.23941696196006465 -0.05000577662865571 -0.9770483368480795 0.2070647632954675 0.17940760696911456 0.0 0.0 0.0 1.0" />
			</transform>
		</animation>
	</shape>
	<shape type="ply" name="temp41">
		<string name="filename" value="meshes/Cube_037.ply" />
		<boolean name="face_normals" value="true" />
		<ref id="mat-Material" name="bsdf" />
		<animation name="to_world">
			<transform time="0">
				<matrix value="0.9987161518863459 -0.05050932057911281 0.003941903956359531 -0.0061754829961686575 0.00661108200493948 0.20707022817011284 0.9783037547615929 -0.5705241180523852 -0.0502297097479376 -0.9770213360643941 0.20713826431929253 0.5172083065032453 0.0 0.0 0.0 1.0" />
			</transform>
			<transform time="0.0015">
				<matrix value="0.99871575296289 -0.05051701745440028 0.003943630710039915 -0.006178155430126781 0.006610904085078152 0.20706858667066128 0.9783041036866835 -0.5705255529405469 -0.05023761002805813 -0.9770212910095144 0.2071365843726365 0.5171929758901221 0.0 0.0 0.0 1.0" />
			</transform>
		</animation>
	</shape>
	<shape type="ply" name="temp42">
		<string name="filename" value="meshes/Cube_038.ply" />
		<boolean name="face_normals" value="true" />
		<ref id="mat-Material" name="bsdf" />
		<animation name="to_world">
			<transform time="0">
				<matrix value="0.9989286860380797 -0.046111377635198986 0.003959929100312468 0.010034599671333577 0.005681937655466849 0.20710401878925294 0.9783024545872749 -0.9041159832740957 -0.0459310015300686 -0.9772315888057101 0.20714412692348969 0.8665615339014521 0.0 0.0 0.0 1.0" />
			</transform>
			<transform time="0.0015">
				<matrix value="0.998928366899315 -0.04611839192905852 0.003960887367756584 0.010040233691778973 0.005682330674855595 0.20710137406781268 0.9783030162715672 -0.9041158066288036 -0.045938076836482336 -0.9772318140801088 0.20714147509280062 0.8665597999747423 0.0 0.0 0.0 1.0" />
			</transform>
		</animation>
	</shape>
	<shape type="ply" name="temp43">
		<string name="filename" value="meshes/Cube_039.ply" />
		<boolean name="face_normals" value="true" />
		<ref id="mat-Material" name="bsdf" />
		<animation name="to_world">
			<transform time="0">
				<matrix value="0.9999267668248302 -0.011529593299456381 -0.003655868134829849 0.022243822122709922 0.008288343470626888 0.43301832188337175 0.9013469960145866 -1.319246488344426 -0.008809108542914678 -0.901311442407271 0.4330821894751432 1.4753950289798023 0.0 0.0 0.0 1.0" />
			</transform>
			<transform time="0.0015">
