<scene version="2.1.0">
	<default name="spp" value="1024" />
	<default name="resx" value="640" />
	<default name="resy" value="360" />
	<integrator type="path" name="temp0">
		<integer name="max_depth" value="12" />
	</integrator>
	<sensor type="perspective" name="temp44">
		<string name="fov_axis" value="x" />
		<float name="fov" value="83.974423" />
		<float name="principal_point_offset_x" value="0.000000" />
		<float name="principal_point_offset_y" value="-0.000000" />
		<float name="near_clip" value="0.100000" />
		<float name="far_clip" value="1000.000000" />
		<transform name="to_world">
			<rotate x="1" angle="-142.5518126578256" />
			<rotate y="1" angle="3.976628485794621e-06" />
			<rotate z="1" angle="-179.999991348578" />
			<translate value="-0.000000 3.030926 4.073377" />
		</transform>
		<sampler type="correlated" name="sampler">
			<integer name="sample_count" value="1024" />
		</sampler>
		<film type="hdrfilm" name="film">
			<integer name="width" value="$resx" />
			<integer name="height" value="$resy" />
		</film>
		<float name="shutter_open" value="0.0" />
		<float name="shutter_close" value="0.0015" />
	</sensor>
	<bsdf type="twosided" id="mat-Material" name="mat-Material">
		<bsdf type="diffuse" name="bsdf">
			<texture type="bitmap" name="reflectance">
				<string name="filename" value="textures/siggraph_2023_logo.jpg" />
			</texture>
		</bsdf>
	</bsdf>
	<bsdf type="twosided" id="mat-Material.001" name="mat-Material.001">
		<bsdf type="principled" name="bsdf">
			<rgb value="0.433648 0.266232 0.084399" name="base_color" />
			<float name="spec_tint" value="0.000000" />
			<float name="spec_trans" value="0.000000" />
			<float name="metallic" value="0.000000" />
			<float name="anisotropic" value="0.000000" />
			<float name="roughness" value="0.500000" />
			<float name="sheen" value="0.000000" />
			<float name="sheen_tint" value="0.500000" />
			<float name="clearcoat" value="0.000000" />
			<float name="clearcoat_gloss" value="0.173205" />
			<float name="specular" value="0.500000" />
		</bsdf>
	</bsdf>
	<bsdf type="twosided" id="mat-Material.002" name="mat-Material.002">
		<bsdf type="principled" name="bsdf">
			<rgb value="0.433648 0.266232 0.084399" name="base_color" />
			<float name="spec_tint" value="0.000000" />
			<float name="spec_trans" value="0.000000" />
			<float name="metallic" value="0.000000" />
			<float name="anisotropic" value="0.000000" />
			<float name="roughness" value="0.500000" />
			<float name="sheen" value="0.000000" />
			<float name="sheen_tint" value="0.500000" />
			<float name="clearcoat" value="0.000000" />
			<float name="clearcoat_gloss" value="0.173205" />
			<float name="specular" value="0.500000" />
		</bsdf>
	</bsdf>
	<bsdf type="twosided" id="mat-Material.003" name="mat-Material.003">
		<bsdf type="principled" name="bsdf">
			<rgb value="0.433648 0.266232 0.084399" name="base_color" />
			<float name="spec_tint" value="0.000000" />
			<float name="spec_trans" value="0.000000" />
			<float name="metallic" value="0.000000" />
			<float name="anisotropic" value="0.000000" />
			<float name="roughness" value="0.500000" />
			<float name="sheen" value="0.000000" />
			<float name="sheen_tint" value="0.500000" />
			<float name="clearcoat" value="0.000000" />
			<float name="clearcoat_gloss" value="0.173205" />
			<float name="specular" value="0.500000" />
		</bsdf>
	</bsdf>
	<bsdf type="twosided" id="mat-Material.004" name="mat-Material.004">
		<bsdf type="principled" name="bsdf">
			<rgb value="0.433648 0.266232 0.084399" name="base_color" />
			<float name="spec_tint" value="0.000000" />
			<float name="spec_trans" value="0.000000" />
			<float name="metallic" value="0.000000" />
			<float name="anisotropic" value="0.000000" />
			<float name="roughness" value="0.500000" />
			<float name="sheen" value="0.000000" />
			<float name="sheen_tint" value="0.500000" />
			<float name="clearcoat" value="0.000000" />
			<float name="clearcoat_gloss" value="0.173205" />
			<float name="specular" value="0.500000" />
		</bsdf>
	</bsdf>
	<bsdf type="twosided" id="mat-Material.005" name="mat-Material.005">
		<bsdf type="principled" name="bsdf">
			<rgb value="0.433648 0.266232 0.084399" name="base_color" />
			<float name="spec_tint" value="0.000000" />
			<float name="spec_trans" value="0.000000" />
			<float name="metallic" value="0.000000" />
			<float name="anisotropic" value="0.000000" />
			<float name="roughness" value="0.500000" />
			<float name="sheen" value="0.000000" />
			<float name="sheen_tint" value="0.500000" />
			<float name="clearcoat" value="0.000000" />
			<float name="clearcoat_gloss" value="0.173205" />
			<float name="specular" value="0.500000" />
		</bsdf>
	</bsdf>
	<emitter type="point" name="temp45">
		<point name="position" x="-6.815235034541981e-16" y="3.0693089962005615" z="4.109199523925781" />
		<rgb value="7.957747 7.957747 7.957747" name="intensity" />
	</emitter>
	<shape type="ply" name="temp2">
		<string name="filename" value="meshes/Cube.ply" />
		<boolean name="face_normals" value="true" />
		<ref id="mat-Material" name="bsdf" />
		<animation name="to_world">
			<transform time="0">
				<matrix value="0.9999986702764229 0.00019037905982816845 0.0017036467762059587 -0.002667579891361349 -0.00018714042058270262 0.9999981227433812 -0.0019008595807008743 -0.014848701145984411 -0.00170400530471059 0.001900536686808935 0.9999969268607032 0.003962042458252046 0.0 0.0 0.0 1.0" />
				<scale value="1" />
			</transform>
			<transform time="0.0015">
				<matrix value="0.999998670276423 0.00018974982337783788 0.0017044215601145945 -0.0026682268823025627 -0.0001865954273141983 0.9999981828165542 -0.0018511855835497515 -0.014915898390332178 -0.001704770439898995 0.001850863606813456 0.9999969864332797 0.003965289043262556 0.0 0.0 0.0 1.0" />
				<scale value="1" />
			</transform>
		</animation>
	</shape>
	<shape type="ply" name="temp4">
		<string name="filename" value="meshes/Plane.ply" />
		<boolean name="face_normals" value="true" />
		<ref id="mat-Material.001" name="bsdf" />
		<transform name="to_world">
			<scale value="1" />
		</transform>
	</shape>
	<shape type="ply" name="temp5">
		<string name="filename" value="meshes/Cube_001.ply" />
		<boolean name="face_normals" value="true" />
		<ref id="mat-Material" name="bsdf" />
		<animation name="to_world">
			<transform time="0">
				<matrix value="0.9999982270352306 -0.00012320518623428582 -0.0019807564745135103 0.002532317893252145 0.00012861042113232167 0.9999962454867622 0.0027289240561089046 -0.020684378333040765 0.0019804149446746343 -0.0027291765309549187 0.9999945629073977 -0.004292907147161573 0.0 0.0 0.0 1.0" />
				<scale value="1" />
			</transform>
			<transform time="0.0015">
				<matrix value="0.9999982270352306 -0.00012375350412061853 -0.001981106250640981 0.002532321147870036 0.00012920583832565102 0.999996170395296 0.00275211395804917 -0.020709433413148414 0.0019807597741099093 -0.0027523675541076633 0.9999944863140853 -0.004297544560950967 0.0 0.0 0.0 1.0" />
				<scale value="1" />
			</transform>
		</animation>
	</shape>
	<shape type="ply" name="temp6">
		<string name="filename" value="meshes/Cube_002.ply" />
		<boolean name="face_normals" value="true" />
		<ref id="mat-Material" name="bsdf" />
		<animation name="to_world">
			<transform time="0">
				<matrix value="1.0 -6.643360873383213e-05 0.0002906906100465179 -0.0008215528349331258 6.750208766601599e-05 0.9999933253097996 -0.0036770348082668393 -0.015398174114115537 -0.0002904453155611345 0.003677055543851672 0.9999933809307451 0.0009240552820570791 0.0 0.0 0.0 1.0" />
				<scale value="1" />
			</transform>
			<transform time="0.0015">
				<matrix value="1.0 -6.526262490046303e-05 0.000291071874535829 -0.0008235639454765884 6.631532708568889e-05 0.9999934830018786 -0.003619979343374556 -0.015432937625026946 -0.0002908327978923136 0.0036199996961719183 0.9999935426277383 0.0009323927870741508 0.0 0.0 0.0 1.0" />
				<scale value="1" />
			</transform>
		</animation>
	</shape>
	<shape type="ply" name="temp7">
		<string name="filename" value="meshes/Cube_003.ply" />
		<boolean name="face_normals" value="true" />
		<ref id="mat-Material" name="bsdf" />
		<animation name="to_world">
			<transform time="0">
				<matrix value="0.9999986702764229 0.0006227319089822557 0.0016818345790579267 -0.0011346475542470813 -0.0006307721084274334 0.9999883192921492 0.00478575254798707 -0.01754695102346321 -0.0016788336373967914 -0.004786814566677027 0.9999872346521514 0.005324742543783734 0.0 0.0 0.0 1.0" />
				<scale value="1" />
			</transform>
			<transform time="0.0015">
				<matrix value="0.999998670276423 0.0006222056679869915 0.0016832314708721127 -0.0011351141351782228 -0.0006302509548246533 0.9999883268012958 0.004784760239070693 -0.01754783518438439 -0.0016802336991575974 -0.004785821932585075 0.9999872346521514 0.005328165120696994 0.0 0.0 0.0 1.0" />
				<scale value="1" />
			</transform>
		</animation>
	</shape>
	<shape type="ply" name="temp8">
		<string name="filename" value="meshes/Cube_004.ply" />
		<boolean name="face_normals" value="true" />
		<ref id="mat-Material" name="bsdf" />
		<animation name="to_world">
			<transform time="0">
				<matrix value="0.9999991135176153 -0.00035918802393710775 0.0013329647142145931 -0.00038816005701480805 0.0003618386176548286 0.9999979141593124 -0.001988122553012835 -0.018750052406819595 -0.0013322456194472959 0.001988602966482626 0.9999971632560337 0.004135622197674993 0.0 0.0 0.0 1.0" />
				<scale value="1" />
			</transform>
			<transform time="0.0015">
				<matrix value="0.9999991135176153 -0.00034672177199315324 0.0013332234294037685 -0.00038955966398676774 0.0003493080521300638 0.999997981741632 -0.0019397616205504582 -0.01871793451078776 -0.0013325299720866573 0.0019402253644623612 0.9999972313389783 0.004139907100458779 0.0 0.0 0.0 1.0" />
				<scale value="1" />
			</transform>
		</animation>
	</shape>
	<shape type="ply" name="temp9">
		<string name="filename" value="meshes/Cube_005.ply" />
		<boolean name="face_normals" value="true" />
		<ref id="mat-Material" name="bsdf" />
		<animation name="to_world">
			<transform time="0">
				<matrix value="0.9999109085203368 -0.004439098666522049 0.012608546825896258 0.0049362464554847385 0.004877918078389864 0.9993757078821834 -0.03498851827879614 -0.041160606889694695 -0.01244536165821849 0.03504690012786204 0.9993083072628682 0.04879674669090395 0.0 0.0 0.0 1.0" />
				<scale value="1" />
			</transform>
			<transform time="0.0015">
				<matrix value="0.9999017013669748 -0.004630051233989284 0.013032473790317127 0.005091308924794591 0.0051274798053157645 0.9992619593291545 -0.03682878069532095 -0.04236912278559741 -0.012841638655906222 0.03689435895113089 0.9991887621226594 0.049809779092620354 0.0 0.0 0.0 1.0" />
				<scale value="1" />
			</transform>
		</animation>
	</shape>
	<shape type="ply" name="temp10">
		<string name="filename" value="meshes/Cube_006.ply" />
		<boolean name="face_normals" value="true" />
		<ref id="mat-Material" name="bsdf" />
		<animation name="to_world">
			<transform time="0">
				<matrix value="0.9996445205637319 0.015553169122048797 0.021657523683266188 0.03595874506247965 -0.009346870805830217 0.9651132715785434 -0.26166551857334475 -0.16350961869538255 -0.024971703482280106 0.2613700218804688 0.9649156234146739 0.06738776489786469 0.0 0.0 0.0 1.0" />
				<scale value="1" />
			</transform>
			<transform time="0.0015">
				<matrix value="0.9996487651093026 0.015592723476788304 0.021384665113403596 0.035771845607289604 -0.00941755621254948 0.9644968757689364 -0.263697003003032 -0.1646347856628435 -0.024743863935374553 0.2634036865143508 0.9643050130163796 0.06630824589613614 0.0 0.0 0.0 1.0" />
				<scale value="1" />
			</transform>
		</animation>
	</shape>
	<shape type="ply" name="temp11">
		<string name="filename" value="meshes/Cube_007.ply" />
		<boolean name="face_normals" value="true" />
		<ref id="mat-Material" name="bsdf" />
		<animation name="to_world">
			<transform time="0">
				<matrix value="0.994295929095593 0.10631809487654952 -0.008517465596205571 0.15150914838692087 -0.10299746288741496 0.9363543259292942 -0.33560714121926094 -0.08932005188121722 -0.027705756993902774 0.33457009780506985 0.9419635279828245 0.14825764010709186 0.0 0.0 0.0 1.0" />
				<scale value="1" />
			</transform>
			<transform time="0.0015">
				<matrix value="0.9942410850988765 0.10675175560311212 -0.008924583732661296 0.15122419417530078 -0.10349988942748156 0.9356613968973165 -0.3372449190015261 -0.08965792143556034 -0.027677681399354476 0.33622952158960845 0.941328390703767 0.14764323794315265 0.0 0.0 0.0 1.0" />
				<scale value="1" />
			</transform>
		</animation>
	</shape>
	<shape type="ply" name="temp12">
		<string name="filename" value="meshes/Cube_008.ply" />
		<boolean name="face_normals" value="true" />
		<ref id="mat-Material" name="bsdf" />
		<animation name="to_world">
			<transform time="0">
				<matrix value="-0.00041975871722453004 0.9970645964002561 -0.07656336505916266 2.5935170001120045 -0.9618285117556429 -0.021354315500090735 -0.27281865026776503 2.071920781661249 -0.27365272407172 0.07352630140815106 0.959014250383315 0.7852542403118787 0.0 0.0 0.0 1.0" />
				<scale value="1" />
			</transform>
			<transform time="0.0015">
				<matrix value="-0.001286476715897718 0.9970152913435366 -0.0770252448610061 2.5961597515527526 -0.9612914809993183 -0.02244971526722223 -0.27441991857103143 2.0694516331373283 -0.27534143407966044 0.07364686376082466 0.9584774504072483 0.7894562069455002 0.0 0.0 0.0 1.0" />
				<scale value="1" />
			</transform>
		</animation>
	</shape>
	<shape type="ply" name="temp13">
		<string name="filename" value="meshes/Cube_009.ply" />
		<boolean name="face_normals" value="true" />
		<ref id="mat-Material" name="bsdf" />
		<animation name="to_world">
			<transform time="0">
				<matrix value="-0.015182278507943769 0.9982700037336549 0.056803197577798885 2.3756855395240324 -0.9699814902478073 -0.000914822609678718 -0.2431779853538909 1.7476120264142276 -0.24270522510447196 -0.05879002467549534 0.9683171158256746 0.4985490020599468 0.0 0.0 0.0 1.0" />
				<scale value="1" />
			</transform>
			<transform time="0.0015">
				<matrix value="-0.014959550766202045 0.998257906498447 0.05704839574937668 2.375808315683585 -0.9695389245658383 -0.0005325574111637275 -0.24477883664912212 1.7438894628186061 -0.24432392723729066 -0.05895994615074416 0.9678600835294809 0.501181918470647 0.0 0.0 0.0 1.0" />
				<scale value="1" />
			</transform>
		</animation>
	</shape>
	<shape type="ply" name="temp14">
		<string name="filename" value="meshes/Cube_010.ply" />
		<boolean name="face_normals" value="true" />
		<ref id="mat-Material" name="bsdf" />
		<animation name="to_world">
			<transform time="0">
				<matrix value="0.12824957847762608 0.9917079489302767 0.008203461678662155 1.5597051125342583 -0.9917419733452476 0.12824591227371235 0.0009692326749408185 1.81526354066383 -9.086533091500939e-05 -0.008260018814283003 0.9999659590724036 -0.09032440831245614 0.0 0.0 0.0 1.0" />
				<scale value="1" />
			</transform>
			<transform time="0.0015">
				<matrix value="0.12706875068693502 0.9918406730968192 0.008227928986848973 1.5618500367406536 -0.9918657832290189 0.127056959052477 0.001776882348488377 1.817079022398958 0.0007206174547871268 -0.00836132869120706 0.999955908327719 -0.09181216067110501 0.0 0.0 0.0 1.0" />
				<scale value="1" />
			</transform>
		</animation>
	</shape>
	<shape type="ply" name="temp15">
		<string name="filename" value="meshes/Cube_011.ply" />
		<boolean name="face_normals" value="true" />
		<ref id="mat-Material" name="bsdf" />
		<animation name="to_world">
			<transform time="0">
				<matrix value="0.10540217932829457 0.9900907966451339 -0.0927928028023248 1.068694769520885 -0.8477103046485364 0.13824228291091584 0.512129680804841 2.164404119005787 0.5198829134066277 0.024681815432300913 0.8538809730599154 -1.0734715481725758 0.0 0.0 0.0 1.0" />
				<scale value="1" />
			</transform>
			<transform time="0.0015">
				<matrix value="0.10377791939388836 0.9902328246443409 -0.09272373946340387 1.0710071130483274 -0.8475223000022426 0.136847380830769 0.5127531418589134 2.1659563896861798 0.520439076531897 0.02540043100212822 0.8535058615667153 -1.0753103238762496 0.0 0.0 0.0 1.0" />
				<scale value="1" />
			</transform>
		</animation>
	</shape>
	<shape type="ply" name="temp16">
		<string name="filename" value="meshes/Cube_012.ply" />
		<boolean name="face_normals" value="true" />
		<ref id="mat-Material" name="bsdf" />
		<animation name="to_world">
			<transform time="0">
				<matrix value="0.1138253576513181 0.9883268011755798 0.10126232742549882 1.0702106630318784 -0.6645896384392946 -1.713491008983716e-05 0.7472087621347633 1.8890738536340104 0.738488139752175 -0.15234915721607017 0.6568298629710827 -1.9937967673258545 0.0 0.0 0.0 1.0" />
				<scale value="1" />
			</transform>
			<transform time="0.0015">
				<matrix value="0.11369508839894896 0.9883153872727145 0.10150942681330233 1.070721021923126 -0.6658781931157092 -1.6154645064200946e-05 0.7460048769579231 1.8884374418271967 0.7372900609155573 -0.15242268903253603 0.6580954908682344 -1.990704030112923 0.0 0.0 0.0 1.0" />
				<scale value="1" />
			</transform>
		</animation>
	</shape>
	<shape type="ply" name="temp17">
		<string name="filename" value="meshes/Cube_013.ply" />
		<boolean name="face_normals" value="true" />
		<ref id="mat-Material" name="bsdf" />
		<animation name="to_world">
			<transform time="0">
				<matrix value="0.8495665987621159 0.341062694113549 0.4023845669781254 0.6582537463674424 -0.437895659250355 0.030723369550480474 0.8985008280928428 1.5781948417311638 0.2940825084614744 -0.9395383617390072 0.1754513850638811 -1.5938180953866696 0.0 0.0 0.0 1.0" />
				<scale value="1" />
			</transform>
			<transform time="0.0015">
				<matrix value="0.8498924075270138 0.34012080683446816 0.40246053052347347 0.6584247595382406 -0.43810988274186397 0.03184554618355108 0.8983374630674675 1.5770235734043874 0.29272853512537467 -0.9398107560327174 0.1760799276587251 -1.5919064507637501 0.0 0.0 0.0 1.0" />
				<scale value="1" />
			</transform>
		</animation>
	</shape>
	<shape type="ply" name="temp18">
		<string name="filename" value="meshes/Cube_014.ply" />
		<boolean name="face_normals" value="true" />
		<ref id="mat-Material" name="bsdf" />
		<animation name="to_world">
			<transform time="0">
				<matrix value="0.9393592859916281 0.28945524098760383 0.1839034164325959 0.11992720881501384 -0.2505538741939659 0.2131261954474441 0.9443515936118417 1.0411807297090347 0.23415293062211562 -0.9331627810931057 0.2727262196935276 -0.7618103767594335 0.0 0.0 0.0 1.0" />
				<scale value="1" />
			</transform>
			<transform time="0.0015">
				<matrix value="0.9393054951528355 0.28962179385967807 0.18391369185099754 0.12001213614183773 -0.250311729251932 0.2119637277372589 0.9446560945812067 1.0412032949573753 0.23461168461792475 -0.9333555408868904 0.2715950385910666 -0.763140232886232 0.0 0.0 0.0 1.0" />
				<scale value="1" />
			</transform>
		</animation>
	</shape>
	<shape type="ply" name="temp19">
		<string name="filename" value="meshes/Cube_015.ply" />
		<boolean name="face_normals" value="true" />
		<ref id="mat-Material" name="bsdf" />
		<animation name="to_world">
			<transform time="0">
				<matrix value="0.9839803768259321 0.13091046946016358 0.12101927993036739 0.041870962334093265 -0.14830096786146765 0.22429837533868838 0.9631703166893684 0.6311902780594556 0.09894468704512373 -0.9656875035198562 0.24011926617215915 -0.3158528717807404 0.0 0.0 0.0 1.0" />
				<scale value="1" />
			</transform>
			<transform time="0.0015">
				<matrix value="0.9839663028064082 0.1310167058629119 0.12101744509501258 0.04196373709323406 -0.1483028874811374 0.22408886263879013 0.9632181449578936 0.6312214589659745 0.09907916733349328 -0.9657209567680569 0.23992604847768545 -0.31605364664149044 0.0 0.0 0.0 1.0" />
				<scale value="1" />
			</transform>
		</animation>
	</shape>
	<shape type="ply" name="temp20">
		<string name="filename" value="meshes/Cube_016.ply" />
		<boolean name="face_normals" value="true" />
		<ref id="mat-Material" name="bsdf" />
		<animation name="to_world">
			<transform time="0">
				<matrix value="0.9855215264517478 0.05743894222847048 0.15952554984371906 0.08782352844635977 -0.16852074457428456 0.2282591782204859 0.9589047993452795 0.32438719324411147 0.018665307689170907 -0.9719045602734955 0.23463409075973204 0.00460827936581687 0.0 0.0 0.0 1.0" />
				<scale value="1" />
			</transform>
			<transform time="0.0015">
				<matrix value="0.985496697455853 0.05758504243789058 0.1596236105597478 0.08783689758637982 -0.16864501880495855 0.22802054504998784 0.9589387046516504 0.3245096629436587 0.018823823434896855 -0.9719508241258331 0.23442567014374707 0.004622819791535913 0.0 0.0 0.0 1.0" />
				<scale value="1" />
			</transform>
		</animation>
	</shape>
	<shape type="ply" name="temp21">
		<string name="filename" value="meshes/Cube_017.ply" />
		<boolean name="face_normals" value="true" />
		<ref id="mat-Material" name="bsdf" />
		<animation name="to_world">
			<transform time="0">
				<matrix value="0.9591566538481314 0.05488147210292372 0.277500932579579 0.17908928107267108 -0.28261404152638087 0.22812380715985675 0.9317129536603689 0.11413896382857763 -0.012170795901614639 -0.972084151156703 0.23431665910989594 0.18454358160180095 0.0 0.0 0.0 1.0" />
				<scale value="1" />
			</transform>
			<transform time="0.0015">
				<matrix value="0.9591218836797157 0.054829224211643046 0.2776303922985835 0.17910540624320137 -0.28273106173293283 0.22786921705278712 0.9317386124200848 0.11427471828629895 -0.012176073818505502 -0.9721458237779088 0.23405627503754298 0.18479032990193434 0.0 0.0 0.0 1.0" />
				<scale value="1" />
			</transform>
		</animation>
	</shape>
	<shape type="ply" name="temp22">
		<string name="filename" value="meshes/Cube_018.ply" />
		<boolean name="face_normals" value="true" />
		<ref id="mat-Material" name="bsdf" />
		<animation name="to_world">
			<transform time="0">
				<matrix value="0.20332222570905292 0.975822603421196 0.08018964578996464 0.8653567349830456 -0.3590037356367692 -0.0018961731080903504 0.9333343892324764 -0.13809505536033523 0.9109209310901782 -0.21855584734149178 0.3499383717373307 -0.18645076844475017 0.0 0.0 0.0 1.0" />
				<scale value="1" />
			</transform>
			<transform time="0.0015">
				<matrix value="0.2033172551227925 0.9758067591218238 0.08038819863417829 0.8653117309513412 -0.35979350035934105 -0.0018958713154876153 0.9330198545391628 -0.13775174895690084 0.910599701966554 -0.21862626811851216 0.35070307937017764 -0.1865272195936086 0.0 0.0 0.0 1.0" />
				<scale value="1" />
			</transform>
		</animation>
	</shape>
	<shape type="ply" name="temp23">
		<string name="filename" value="meshes/Cube_019.ply" />
		<boolean name="face_normals" value="true" />
		<ref id="mat-Material" name="bsdf" />
		<animation name="to_world">
			<transform time="0">
				<matrix value="-0.060914415444650705 0.9875206237497992 -0.1452317643460052 0.46913441560066355 -0.9418924094059327 -0.008714485954991729 0.3358016945762874 0.02113001774573068 0.3303455331039117 0.15724781664626022 0.9306692682760775 -0.050860917915690584 0.0 0.0 0.0 1.0" />
				<scale value="1" />
			</transform>
			<transform time="0.0015">
				<matrix value="-0.06104206297206771 0.9875187014082639 -0.14518960653572172 0.46916214638229176 -0.9416023122688065 -0.008717179260610613 0.3365863930637189 0.020390114664975107 0.33111973342892836 0.15725976294762103 0.9303822646234542 -0.05089501496651534 0.0 0.0 0.0 1.0" />
				<scale value="1" />
			</transform>
		</animation>
	</shape>
	<shape type="ply" name="temp24">
		<string name="filename" value="meshes/Cube_020.ply" />
		<boolean name="face_normals" value="true" />
		<ref id="mat-Material" name="bsdf" />
		<animation name="to_world">
			<transform time="0">
				<matrix value="0.07182189545546197 0.9847246481126534 -0.15861599512136013 -0.014839615632382841 -0.9302405658814324 0.00875793592412189 -0.36684536652801303 0.22848000196912552 -0.359852338163873 0.17389859350603876 0.9166600079059914 0.09772396861258537 0.0 0.0 0.0 1.0" />
				<scale value="1" />
			</transform>
			<transform time="0.0015">
				<matrix value="0.07190328346941949 0.9846579208243715 -0.15898079375047278 -0.01449354034498262 -0.9304032848848071 0.008783947449955755 -0.36642437564070623 0.22807476468491428 -0.3594064976146038 0.17426407144496778 0.9167605068428273 0.09769465835521352 0.0 0.0 0.0 1.0" />
				<scale value="1" />
			</transform>
		</animation>
	</shape>
	<shape type="ply" name="temp25">
		<string name="filename" value="meshes/Cube_021.ply" />
		<boolean name="face_normals" value="true" />
		<ref id="mat-Material" name="bsdf" />
		<animation name="to_world">
			<transform time="0">
				<matrix value="0.2331746086623513 0.9215023058968802 -0.31058516827328814 -0.12651604758722268 -0.7502260530081006 -0.0327376659025537 -0.6603708286270963 0.1752413596763387 -0.6187013210360497 0.38699061163106485 0.6837011565877942 0.2141437547777918 0.0 0.0 0.0 1.0" />
				<scale value="1" />
			</transform>
			<transform time="0.0015">
				<matrix value="0.23272120024085113 0.9215957497174434 -0.3106386048743682 -0.12676284598221768 -0.7506041845734736 -0.03289997235221322 -0.6599254555351516 0.1748114969336623 -0.6184038517934586 0.38675104732638566 0.6840997481864856 0.21423161630352497 0.0 0.0 0.0 1.0" />
				<scale value="1" />
			</transform>
		</animation>
	</shape>
	<shape type="ply" name="temp26">
		<string name="filename" value="meshes/Cube_022.ply" />
		<boolean name="face_normals" value="true" />
		<ref id="mat-Material" name="bsdf" />
		<animation name="to_world">
			<transform time="0">
				<matrix value="0.6482916597964281 0.39288039998081026 -0.6521988784459938 -0.07164926530724591 -0.7030390389112579 -0.019992286561137034 -0.7108703083209739 -0.18279819760519989 -0.2923258992920552 0.9193722453866419 0.26324936728789783 0.6675965808371876 0.0 0.0 0.0 1.0" />
				<scale value="1" />
			</transform>
			<transform time="0.0015">
				<matrix value="0.6476313616922321 0.39290961807031616 -0.652820084252529 -0.07187612045289286 -0.7037170492168955 -0.02003340199236777 -0.7101803046990014 -0.18356610906840107 -0.29211496771690426 0.9193588190324818 0.26352414154161186 0.6676464743428576 0.0 0.0 0.0 1.0" />
				<scale value="1" />
			</transform>
		</animation>
	</shape>
	<shape type="ply" name="temp27">
		<string name="filename" value="meshes/Cube_023.ply" />
		<boolean name="face_normals" value="true" />
		<ref id="mat-Material" name="bsdf" />
		<animation name="to_world">
			<transform time="0">
				<matrix value="0.847947438686446 0.32319100251760974 -0.42015842269470816 -0.08162142135618955 -0.4803821448264002 0.133432834886937 -0.866849857288139 -0.2871609741586852 -0.2240953004022857 0.936879540614447 0.26839923956350076 0.14287312621529413 0.0 0.0 0.0 1.0" />
				<scale value="1" />
			</transform>
			<transform time="0.0015">
				<matrix value="0.84804191971774 0.32292568184001735 -0.4201692053310465 -0.08142751520994454 -0.480379288534456 0.13370713725480382 -0.8668079862772593 -0.28716839984471215 -0.2237353038972177 0.9369297993327875 0.2685168017879504 0.1432576125470664 0.0 0.0 0.0 1.0" />
				<scale value="1" />
			</transform>
		</animation>
	</shape>
	<shape type="ply" name="temp28">
		<string name="filename" value="meshes/Cube_024.ply" />
		<boolean name="face_normals" value="true" />
		<ref id="mat-Material" name="bsdf" />
		<animation name="to_world">
			<transform time="0">
				<matrix value="0.8643070278550495 0.41724635655777886 -0.28085490952914305 -0.18110258027296844 -0.38217017979635726 0.1817813496640754 -0.9060361656488272 -0.5153650852375021 -0.3269861194588203 0.8904274513321222 0.3165740075769431 -0.30948900084579195 0.0 0.0 0.0 1.0" />
				<scale value="1" />
			</transform>
			<transform time="0.0015">
				<matrix value="0.8642377428292298 0.4174281830340821 -0.2807959156577166 -0.18114465998679632 -0.38216971385376075 0.18176350117346973 -0.906039944252248 -0.5153611011780798 -0.3271681673800707 0.8903452637223452 0.31661531690353056 -0.3096889566823699 0.0 0.0 0.0 1.0" />
				<scale value="1" />
			</transform>
		</animation>
	</shape>
	<shape type="ply" name="temp29">
		<string name="filename" value="meshes/Cube_025.ply" />
		<boolean name="face_normals" value="true" />
		<ref id="mat-Material" name="bsdf" />
		<animation name="to_world">
			<transform time="0">
				<matrix value="0.8959415949945659 0.3776418736689729 -0.23382784084542535 -0.27238405783097086 -0.32101512870837745 0.1866949854304028 -0.9284904125145798 -0.7927212612704716 -0.3069824671513952 0.9069352117024007 0.288496624983866 -0.7187528132382215 0.0 0.0 0.0 1.0" />
				<scale value="1" />
			</transform>
			<transform time="0.0015">
				<matrix value="0.8959323878412039 0.37766082675504664 -0.2338325189947507 -0.2723958048744883 -0.3210193269788273 0.1866746333903134 -0.9284930507286799 -0.7927226489040623 -0.30700494569028797 0.9069315021839695 0.2884843445227483 -0.7187915271016886 0.0 0.0 0.0 1.0" />
				<scale value="1" />
			</transform>
		</animation>
	</shape>
	<shape type="ply" name="temp30">
		<string name="filename" value="meshes/Cube_026.ply" />
		<boolean name="face_normals" value="true" />
		<ref id="mat-Material" name="bsdf" />
		<animation name="to_world">
			<transform time="0">
				<matrix value="0.9238981467199265 0.24389401426297863 -0.29483651135335853 -0.311333573515297 -0.3460023190379184 0.20348925687753822 -0.9159009427918573 -1.140109861923313 -0.1633868148156028 0.9482129559908473 0.2723912475101662 -0.8567260962019704 0.0 0.0 0.0 1.0" />
				<scale value="1" />
			</transform>
			<transform time="0.0015">
				<matrix value="0.9238940457867999 0.24385876632873532 -0.29487836534350215 -0.31140341097884683 -0.3460173488780427 0.2033934086282267 -0.9159164146409995 -1.140115645976194 -0.16337814221967167 0.9482424218821918 0.27229332721521055 -0.8568528184509654 0.0 0.0 0.0 1.0" />
				<scale value="1" />
			</transform>
		</animation>
	</shape>
	<shape type="ply" name="temp31">
		<string name="filename" value="meshes/Cube_027.ply" />
		<boolean name="face_normals" value="true" />
		<ref id="mat-Material" name="bsdf" />
		<animation name="to_world">
			<transform time="0">
				<matrix value="0.8735556985747136 0.19172353016021346 -0.44737343512201067 -0.5543891006213819 -0.4810244013141215 0.1998060376744545 -0.8536353583114943 -1.5800692489852184 -0.07427405957516219 0.9608952845399574 0.2667652750388752 -0.9944216370869807 0.0 0.0 0.0 1.0" />
				<scale value="1" />
			</transform>
			<transform time="0.0015">
				<matrix value="0.8736296430264983 0.1915723410021277 -0.44729273981201856 -0.5541938262325901 -0.4808980383202325 0.1997167651848398 -0.8537269298718735 -1.5799283016354593 -0.0742180331693226 0.9609435308070032 0.266605467347351 -0.9946022073975813 0.0 0.0 0.0 1.0" />
				<scale value="1" />
			</transform>
		</animation>
	</shape>
	<shape type="ply" name="temp32">
		<string name="filename" value="meshes/Cube_028.ply" />
		<boolean name="face_normals" value="true" />
		<ref id="mat-Material" name="bsdf" />
		<animation name="to_world">
			<transform time="0">
				<matrix value="-0.11128008942834298 0.9811122954051016 0.1582261792699261 -1.4634425330291425 -0.8219331698659815 -0.0013677942026143928 -0.5695822563556067 -2.108638577389323 -0.5586080099002353 -0.19343448270108027 0.8065610105616706 -1.2446866810967936 0.0 0.0 0.0 1.0" />
				<scale value="1" />
			</transform>
			<transform time="0.0015">
				<matrix value="-0.1112443682264084 0.9811232362317297 0.15818314829587915 -1.4634720255881275 -0.8219512809908791 -0.0013690546128748825 -0.569556112504911 -2.108627505175364 -0.5585884307370199 -0.19337872653649785 0.8065878607729157 -1.244694159075228 0.0 0.0 0.0 1.0" />
				<scale value="1" />
			</transform>
		</animation>
	</shape>
	<shape type="ply" name="temp33">
		<string name="filename" value="meshes/Cube_029.ply" />
		<boolean name="face_normals" value="true" />
		<ref id="mat-Material" name="bsdf" />
		<animation name="to_world">
			<transform time="0">
				<matrix value="0.005937379770826574 0.9805931296579431 0.19596331333586436 -1.5922151620839184 -0.9967271070356561 -0.009996575049590863 0.08022174827585066 -1.7686490386340528 0.08062388857271018 -0.19579817822674342 0.9773244871048711 -0.04671710825091657 0.0 0.0 0.0 1.0" />
				<scale value="1" />
			</transform>
			<transform time="0.0015">
				<matrix value="0.005950552702048345 0.9805919582310701 0.1959687914597878 -1.5921806094539255 -0.9967208838297442 -0.009998891996781058 0.08029778160621681 -1.7685085515603425 0.08069885905562328 -0.195803954262325 0.9773170575535504 -0.04658258898733787 0.0 0.0 0.0 1.0" />
				<scale value="1" />
			</transform>
		</animation>
	</shape>
	<shape type="ply" name="temp34">
		<string name="filename" value="meshes/Cube_030.ply" />
		<boolean name="face_normals" value="true" />
		<ref id="mat-Material" name="bsdf" />
		<animation name="to_world">
			<transform time="0">
				<matrix value="-0.04069419935239057 0.9814677637291678 -0.1872563747599049 -3.205239836248233 -0.9731357194862853 0.0035723676457682504 0.230203981745574 -1.8973974118487604 0.2266066729776031 0.19159381410099563 0.9549561846852485 0.2815847589482099 0.0 0.0 0.0 1.0" />
				<scale value="1" />
			</transform>
			<transform time="0.0015">
				<matrix value="-0.04073762853148928 0.9814682017754762 -0.18724448124946172 -3.205301981942928 -0.9730810962549602 0.003572201955814622 0.23043161438998816 -1.8968867788969712 0.22683011779083445 0.19159156353265364 0.9549028496926769 0.28203282162315235 0.0 0.0 0.0 1.0" />
				<scale value="1" />
			</transform>
		</animation>
	</shape>
	<shape type="ply" name="temp35">
		<string name="filename" value="meshes/Cube_031.ply" />
		<boolean name="face_normals" value="true" />
		<ref id="mat-Material" name="bsdf" />
		<animation name="to_world">
			<transform time="0">
				<matrix value="0.13356071606501108 0.9806488216043036 0.14314122587999342 -1.9241760196784068 -0.7250601478298024 -0.0017737488606095245 0.6886831881787205 -0.9555613022057147 0.6756103874459911 -0.19576697405005603 0.7107925342572293 0.6885820407305796 0.0 0.0 0.0 1.0" />
				<scale value="1" />
			</transform>
			<transform time="0.0015">
				<matrix value="0.13349546176178972 0.9806479730707353 0.14320706549149134 -1.9242586015503822 -0.7254446302565931 -0.001755802901280726 0.6882720608078694 -0.9572297705263055 0.675204155712385 -0.1957713436224753 0.7111714243538503 0.6880318847900995 0.0 0.0 0.0 1.0" />
				<scale value="1" />
			</transform>
		</animation>
	</shape>
	<shape type="ply" name="temp36">
		<string name="filename" value="meshes/Cube_032.ply" />
		<boolean name="face_normals" value="true" />
		<ref id="mat-Material" name="bsdf" />
		<animation name="to_world">
			<transform time="0">
				<matrix value="0.767039521157675 0.6012638108726532 0.22390294836984145 -0.6178254639558367 -0.27586786625462967 -0.0060021129566166 0.9611770312623368 0.2937582637791857 0.5792648224287136 -0.7990279982395505 0.16126549039502133 -0.14689727766290606 0.0 0.0 0.0 1.0" />
				<scale value="1" />
			</transform>
			<transform time="0.0015">
				<matrix value="0.7667626523223462 0.6013207076766075 0.22465828864055923 -0.6178448920845748 -0.2768537098342426 -0.005969690038423932 0.9608789386001246 0.2904538251793228 0.5791364009897921 -0.7989853237592981 0.16190177997791488 -0.1466005492666795 0.0 0.0 0.0 1.0" />
				<scale value="1" />
			</transform>
		</animation>
	</shape>
	<shape type="ply" name="temp37">
		<string name="filename" value="meshes/Cube_033.ply" />
		<boolean name="face_normals" value="true" />
		<ref id="mat-Material" name="bsdf" />
		<animation name="to_world">
			<transform time="0">
				<matrix value="0.9772767970327662 0.16544683922131398 0.1325066273430914 -0.1366559076369489 -0.15008177799998937 0.09863696568583484 0.9837409655614555 0.300533827424492 0.14968680577348248 -0.9812737394743265 0.12122614948411448 -0.3812271688953295 0.0 0.0 0.0 1.0" />
				<scale value="1" />
			</transform>
			<transform time="0.0015">
				<matrix value="0.9772750896403749 0.16545998022790234 0.13250273384970168 -0.1366664588362076 -0.15008208596889733 0.0986539280971391 0.9837392124256342 0.30053176486284533 0.14969757989817925 -0.9812698121906432 0.12124458209030642 -0.3811969079908583 0.0 0.0 0.0 1.0" />
				<scale value="1" />
			</transform>
		</animation>
	</shape>
	<shape type="ply" name="temp38">
		<string name="filename" value="meshes/Cube_034.ply" />
		<boolean name="face_normals" value="true" />
		<ref id="mat-Material" name="bsdf" />
		<animation name="to_world">
			<transform time="0">
				<matrix value="0.9999250922384922 0.0018958790045533905 0.012114220550224316 -0.035504988730127085 -0.012257298852714498 0.18094250797312605 0.9834173403539594 0.3694199317314736 -0.00032753751150210893 -0.9834918224615841 0.18095216256812321 -0.3561398651002653 0.0 0.0 0.0 1.0" />
				<scale value="1" />
			</transform>
			<transform time="0.0015">
				<matrix value="0.9999250922384922 0.0019004773055787906 0.012113434192215111 -0.035505338029818305 -0.012257358052955353 0.18094205592249943 0.9834174254576401 0.3694206638201139 -0.0003228675858719063 -0.9834918975530503 0.1809517668360082 -0.3561400044275185 0.0 0.0 0.0 1.0" />
				<scale value="1" />
			</transform>
		</animation>
	</shape>
	<shape type="ply" name="temp39">
		<string name="filename" value="meshes/Cube_035.ply" />
		<boolean name="face_normals" value="true" />
		<ref id="mat-Material" name="bsdf" />
		<animation name="to_world">
			<transform time="0">
				<matrix value="0.9989295725204644 -0.04615210367462554 0.003127226548519432 0.009834798538787215 0.006570802461584286 0.20848872498816287 0.9780027053081625 0.0914936749908733 -0.045788898403799815 -0.9769351908439937 0.2085688343015298 -0.1451027073578327 0.0 0.0 0.0 1.0" />
				<scale value="1" />
			</transform>
			<transform time="0.0015">
				<matrix value="0.9989295725204644 -0.046152375505733256 0.0031271346365443304 0.009834418025517416 0.0065706183185170455 0.2084816656394236 0.97800421164331 0.09149325190228479 -0.04578919201146335 -0.9769366851641715 0.2085617723981095 -0.14510634064041109 0.0 0.0 0.0 1.0" />
				<scale value="1" />
			</transform>
		</animation>
	</shape>
	<shape type="ply" name="temp40">
		<string name="filename" value="meshes/Cube_036.ply" />
		<boolean name="face_normals" value="true" />
		<ref id="mat-Material" name="bsdf" />
		<animation name="to_world">
			<transform time="0">
				<matrix value="0.9994947050407161 -0.03163600828495921 0.003085999202874945 0.004038627608311529 0.0036510574848367186 0.21070620308162102 0.9775426799949506 -0.24724139200592998 -0.031575780060174426 -0.9770373970376891 0.21071520934461288 0.22357985291461951 0.0 0.0 0.0 1.0" />
				<scale value="1" />
			</transform>
			<transform time="0.0015">
				<matrix value="0.9994933646579044 -0.03167726203467072 0.0030891361245436967 0.004041618449695984 0.0036566047548450002 0.21070362744432972 0.9775432161481387 -0.24722653629306068 -0.03161677774287543 -0.9770365935590005 0.2107126851694448 0.2234637148526586 0.0 0.0 0.0 1.0" />
				<scale value="1" />
			</transform>
		</animation>
	</shape>
	<shape type="ply" name="temp41">
		<string name="filename" value="meshes/Cube_037.ply" />
		<boolean name="face_normals" value="true" />
		<ref id="mat-Material" name="bsdf" />
		<animation name="to_world">
			<transform time="0">
				<matrix value="0.9988927835014991 -0.046940384587306 0.003172070742721033 -0.00496994055107125 0.006798752541988238 0.21073477909904198 0.9775197496478892 -0.5694870036220813 -0.046553622432968636 -0.9764156079286976 0.21082064166202938 0.512699976890775 0.0 0.0 0.0 1.0" />
