<scene version="2.1.0">
	<default name="spp" value="1024" />
	<default name="resx" value="1280" />
	<default name="resy" value="720" />
	<integrator type="path" name="temp0">
		<integer name="max_depth" value="12" />
	</integrator>
	<sensor type="perspective" name="temp44">
		<string name="fov_axis" value="x" />
		<float name="fov" value="83.974423" />
		<float name="principal_point_offset_x" value="0.000000" />
		<float name="principal_point_offset_y" value="-0.000000" />
		<float name="near_clip" value="0.100000" />
		<float name="far_clip" value="1000.000000" />
		<transform name="to_world">
			<rotate x="1" angle="-142.5518126578256" />
			<rotate y="1" angle="3.976628485794621e-06" />
			<rotate z="1" angle="-179.999991348578" />
			<translate value="-0.000000 3.030926 4.073377" />
		</transform>
		<sampler type="correlated" name="sampler">
			<integer name="sample_count" value="1024" />
		</sampler>
		<film type="hdrfilm" name="film">
			<integer name="width" value="$resx" />
			<integer name="height" value="$resy" />
		</film>
		<float name="shutter_open" value="0.0" />
		<float name="shutter_close" value="0.0015" />
	</sensor>
	<bsdf type="twosided" id="mat-Material" name="mat-Material">
		<bsdf type="diffuse" name="bsdf">
			<texture type="bitmap" name="reflectance">
				<string name="filename" value="textures/siggraph_2023_logo.jpg" />
			</texture>
		</bsdf>
	</bsdf>
	<bsdf type="twosided" id="mat-Material.001" name="mat-Material.001">
		<bsdf type="principled" name="bsdf">
			<rgb value="0.433648 0.266232 0.084399" name="base_color" />
			<float name="spec_tint" value="0.000000" />
			<float name="spec_trans" value="0.000000" />
			<float name="metallic" value="0.000000" />
			<float name="anisotropic" value="0.000000" />
			<float name="roughness" value="0.500000" />
			<float name="sheen" value="0.000000" />
			<float name="sheen_tint" value="0.500000" />
			<float name="clearcoat" value="0.000000" />
			<float name="clearcoat_gloss" value="0.173205" />
			<float name="specular" value="0.500000" />
		</bsdf>
	</bsdf>
	<bsdf type="twosided" id="mat-Material.002" name="mat-Material.002">
		<bsdf type="principled" name="bsdf">
			<rgb value="0.433648 0.266232 0.084399" name="base_color" />
			<float name="spec_tint" value="0.000000" />
			<float name="spec_trans" value="0.000000" />
			<float name="metallic" value="0.000000" />
			<float name="anisotropic" value="0.000000" />
			<float name="roughness" value="0.500000" />
			<float name="sheen" value="0.000000" />
			<float name="sheen_tint" value="0.500000" />
			<float name="clearcoat" value="0.000000" />
			<float name="clearcoat_gloss" value="0.173205" />
			<float name="specular" value="0.500000" />
		</bsdf>
	</bsdf>
	<bsdf type="twosided" id="mat-Material.003" name="mat-Material.003">
		<bsdf type="principled" name="bsdf">
			<rgb value="0.433648 0.266232 0.084399" name="base_color" />
			<float name="spec_tint" value="0.000000" />
			<float name="spec_trans" value="0.000000" />
			<float name="metallic" value="0.000000" />
			<float name="anisotropic" value="0.000000" />
			<float name="roughness" value="0.500000" />
			<float name="sheen" value="0.000000" />
			<float name="sheen_tint" value="0.500000" />
			<float name="clearcoat" value="0.000000" />
			<float name="clearcoat_gloss" value="0.173205" />
			<float name="specular" value="0.500000" />
		</bsdf>
	</bsdf>
	<bsdf type="twosided" id="mat-Material.004" name="mat-Material.004">
		<bsdf type="principled" name="bsdf">
			<rgb value="0.433648 0.266232 0.084399" name="base_color" />
			<float name="spec_tint" value="0.000000" />
			<float name="spec_trans" value="0.000000" />
			<float name="metallic" value="0.000000" />
			<float name="anisotropic" value="0.000000" />
			<float name="roughness" value="0.500000" />
			<float name="sheen" value="0.000000" />
			<float name="sheen_tint" value="0.500000" />
			<float name="clearcoat" value="0.000000" />
			<float name="clearcoat_gloss" value="0.173205" />
			<float name="specular" value="0.500000" />
		</bsdf>
	</bsdf>
	<bsdf type="twosided" id="mat-Material.005" name="mat-Material.005">
		<bsdf type="principled" name="bsdf">
			<rgb value="0.433648 0.266232 0.084399" name="base_color" />
			<float name="spec_tint" value="0.000000" />
			<float name="spec_trans" value="0.000000" />
			<float name="metallic" value="0.000000" />
			<float name="anisotropic" value="0.000000" />
			<float name="roughness" value="0.500000" />
			<float name="sheen" value="0.000000" />
			<float name="sheen_tint" value="0.500000" />
			<float name="clearcoat" value="0.000000" />
			<float name="clearcoat_gloss" value="0.173205" />
			<float name="specular" value="0.500000" />
		</bsdf>
	</bsdf>
	<emitter type="point" name="temp45">
		<point name="position" x="-6.815235034541981e-16" y="3.0693089962005615" z="4.109199523925781" />
		<rgb value="7.957747 7.957747 7.957747" name="intensity" />
	</emitter>
	<shape type="ply" name="temp2">
		<string name="filename" value="meshes/Cube.ply" />
		<boolean name="face_normals" value="true" />
		<ref id="mat-Material" name="bsdf" />
		<animation name="to_world">
			<transform time="0">
				<matrix value="0.9999982270352306 0.0002286498561812846 0.0018946518393211482 -0.002931709313116926 -0.00022758750910860652 0.9999990613716906 -0.0005798292847481042 -0.01648889013396246 -0.0018947785301058283 0.0005793964828554325 0.9999975178490295 0.00438410609098383 0.0 0.0 0.0 1.0" />
			</transform>
			<transform time="0.0015">
				<matrix value="0.9999982270352306 0.00022895652972932388 0.001896837131632874 -0.0029349752772683466 -0.00022805045180070252 0.9999991139357169 -0.0004966961798237466 -0.016598016010908698 -0.001896945003610098 0.0004962622700553389 0.9999975604008697 0.004391745479940366 0.0 0.0 0.0 1.0" />
			</transform>
		</animation>
	</shape>
	<shape type="ply" name="temp4">
		<string name="filename" value="meshes/Plane.ply" />
		<boolean name="face_normals" value="true" />
		<ref id="mat-Material.001" name="bsdf" />
	</shape>
	<shape type="ply" name="temp5">
		<string name="filename" value="meshes/Cube_001.ply" />
		<boolean name="face_normals" value="true" />
		<ref id="mat-Material" name="bsdf" />
		<animation name="to_world">
			<transform time="0">
				<matrix value="0.9999982270352306 0.00015911074353962994 -0.0020528464125353823 0.0025550131201494963 -0.000164916750439252 0.9999959326106591 -0.0028282691937642694 -0.014474589129315735 0.00205238844948912 0.0028286002131729182 0.9999939719190716 -0.004643326435261497 0.0 0.0 0.0 1.0" />
			</transform>
			<transform time="0.0015">
				<matrix value="0.9999982270352306 0.00015913212208006256 -0.002053194571692921 0.0025560670644881375 -0.00016494157943514688 0.9999959251015125 -0.002829471708771851 -0.014474016268941861 0.0020527363107426602 0.0028298025777300207 0.9999939634087034 -0.004638840608374344 0.0 0.0 0.0 1.0" />
			</transform>
		</animation>
	</shape>
	<shape type="ply" name="temp6">
		<string name="filename" value="meshes/Cube_002.ply" />
		<boolean name="face_normals" value="true" />
		<ref id="mat-Material" name="bsdf" />
		<animation name="to_world">
			<transform time="0">
				<matrix value="1.0 -9.056094513613247e-06 0.0004780823705345513 -0.0008226754251663415 8.65849507204442e-06 0.9999971841150717 0.0008778363302745354 -0.018273439238401634 -0.00047784059982944083 -0.0008778302250830685 0.9999971632560336 0.0016029176864215677 0.0 0.0 0.0 1.0" />
			</transform>
			<transform time="0.0015">
				<matrix value="1.0 -1.7083267124394943e-05 0.00047879102888332217 -0.0008226511580891859 1.676173148999255e-05 0.9999973267888574 0.0007174061053263805 -0.018190909879569356 -0.00047855483238487366 -0.0007173962562251823 0.9999972994219227 0.0015954412344860933 0.0 0.0 0.0 1.0" />
			</transform>
		</animation>
	</shape>
	<shape type="ply" name="temp7">
		<string name="filename" value="meshes/Cube_003.ply" />
		<boolean name="face_normals" value="true" />
		<ref id="mat-Material" name="bsdf" />
		<animation name="to_world">
			<transform time="0">
				<matrix value="0.9999742920108434 -0.0056130202347405116 -0.00262509922693999 -0.004583749905615164 0.0054629853712676885 0.9981738464779537 -0.05059351775636246 -0.01325000383254829 0.003023560928820783 0.050577079113851446 0.9981919303144389 0.0442751912686041 0.0 0.0 0.0 1.0" />
			</transform>
			<transform time="0.0015">
				<matrix value="0.9999727920586493 -0.005878962519490238 -0.0026274821299981845 -0.004719896916823607 0.005721560693894825 0.9980545261381313 -0.05291961240564961 -0.013049244258293763 0.0030521372520909214 0.052902345687587844 0.9980740191648987 0.045813678280530595 0.0 0.0 0.0 1.0" />
			</transform>
		</animation>
	</shape>
	<shape type="ply" name="temp8">
		<string name="filename" value="meshes/Cube_004.ply" />
		<boolean name="face_normals" value="true" />
		<ref id="mat-Material" name="bsdf" />
		<animation name="to_world">
			<transform time="0">
				<matrix value="0.9966278210085688 -0.027954635050884087 0.07655620228064759 -0.004670476964972581 0.04860870578890726 0.9580316338598691 -0.27753302324569845 -0.13197075351492812 -0.06530715728147765 0.2803587854566844 0.9561962998457285 0.23979433319868038 0.0 0.0 0.0 1.0" />
			</transform>
			<transform time="0.0015">
				<matrix value="0.9965719078969906 -0.02816056513692901 0.07720886410962455 -0.004583560371078129 0.049237029699405174 0.9569589522649276 -0.2811258325661391 -0.133428886145702 -0.06569271839729315 0.28400379280928484 0.9551012452557033 0.2408257973134777 0.0 0.0 0.0 1.0" />
			</transform>
		</animation>
	</shape>
	<shape type="ply" name="temp9">
		<string name="filename" value="meshes/Cube_005.ply" />
		<boolean name="face_normals" value="true" />
		<ref id="mat-Material" name="bsdf" />
		<animation name="to_world">
			<transform time="0">
				<matrix value="0.9968241768567818 -0.06606874305154321 0.04406997585458094 0.024870106840454653 0.0791817368672067 0.8112427855985216 -0.5773937036576504 -0.39466743724111664 0.002645281165617958 0.5790389697615675 0.8139397362111787 -0.06536696597283458 0.0 0.0 0.0 1.0" />
			</transform>
			<transform time="0.0015">
				<matrix value="0.9967932203966043 -0.06648188803862007 0.04415077158691625 0.024966041640811266 0.07955668821478926 0.8092581556920807 -0.5801307061102927 -0.3964193471044014 0.0030865763561645793 0.5817723291685335 0.8119937809805444 -0.06723148473147966 0.0 0.0 0.0 1.0" />
			</transform>
		</animation>
	</shape>
	<shape type="ply" name="temp10">
		<string name="filename" value="meshes/Cube_006.ply" />
		<boolean name="face_normals" value="true" />
		<ref id="mat-Material" name="bsdf" />
		<animation name="to_world">
			<transform time="0">
				<matrix value="0.9942923831660542 -0.05523130930305806 -0.08913694901567348 -0.007806421011119502 -0.031860429553904335 0.6561851433911181 -0.752721383045065 -0.4155491224689265 0.10020185203899815 0.7512243884836565 0.6507212894325141 -0.5157025330985175 0.0 0.0 0.0 1.0" />
			</transform>
			<transform time="0.0015">
				<matrix value="0.9941594618705503 -0.05643351917173977 -0.08987472814188915 -0.007643012297491635 -0.031938908010119185 0.6538710872223735 -0.7547353361165383 -0.4165887786108364 0.10149586717967696 0.7531572953881654 0.6482905836368986 -0.5212669752057025 0.0 0.0 0.0 1.0" />
			</transform>
		</animation>
	</shape>
	<shape type="ply" name="temp11">
		<string name="filename" value="meshes/Cube_007.ply" />
		<boolean name="face_normals" value="true" />
		<ref id="mat-Material" name="bsdf" />
		<animation name="to_world">
			<transform time="0">
				<matrix value="0.9744407182634873 0.14911547839799094 -0.16706815655611718 0.032791578385246156 -0.224373434250488 0.645177744914199 -0.7295252094344431 -0.1653327779984564 -0.0012590731472074909 0.7484430242186962 0.6621342195951871 -0.20862577876565955 0.0 0.0 0.0 1.0" />
			</transform>
			<transform time="0.0015">
				<matrix value="0.9743255570402398 0.14857029783311684 -0.16822645084019644 0.031940182408556485 -0.22487694586235465 0.6432768119560062 -0.731051492884689 -0.16551469819859957 -0.0006592226377280992 0.7501902975095647 0.6601603333365638 -0.21238623096995113 0.0 0.0 0.0 1.0" />
			</transform>
		</animation>
	</shape>
	<shape type="ply" name="temp12">
		<string name="filename" value="meshes/Cube_008.ply" />
		<boolean name="face_normals" value="true" />
		<ref id="mat-Material" name="bsdf" />
		<animation name="to_world">
			<transform time="0">
				<matrix value="0.07718074666638298 0.9891891920078928 -0.1246458797948656 2.390836710788485 -0.8079325103230874 -0.01120057131176435 -0.5887283869659179 1.2289504912660483 -0.583771920493168 0.14609124927256306 0.7983415449191316 1.3059541077306605 0.0 0.0 0.0 1.0" />
			</transform>
			<transform time="0.0015">
				<matrix value="0.07714172876100889 0.9891623017538398 -0.12488338459371265 2.390720697216235 -0.8069933806801597 -0.011608794428687863 -0.5900094356500033 1.225149200359926 -0.5850768310312742 0.14624197811996092 0.7973597718384192 1.3076323889373027 0.0 0.0 0.0 1.0" />
			</transform>
		</animation>
	</shape>
	<shape type="ply" name="temp13">
		<string name="filename" value="meshes/Cube_009.ply" />
		<boolean name="face_normals" value="true" />
		<ref id="mat-Material" name="bsdf" />
		<animation name="to_world">
			<transform time="0">
				<matrix value="-0.0683395032507309 0.9932061040041884 0.09411821232177565 2.5664158449146957 -0.8078983807512761 0.00027728686358393317 -0.5890062696769562 0.8312810674116375 -0.5850258498263381 -0.11633753491175852 0.8023947792564043 0.969130604350278 0.0 0.0 0.0 1.0" />
			</transform>
			<transform time="0.0015">
				<matrix value="-0.06859316431508958 0.9931840346222666 0.09416693673205809 2.5670141116734007 -0.8070799813030403 0.0002625405065758559 -0.5901288127558314 0.8281864229130075 -0.5861263838995207 -0.11652599647001685 0.801565052411541 0.9701910512894785 0.0 0.0 0.0 1.0" />
			</transform>
		</animation>
	</shape>
	<shape type="ply" name="temp14">
		<string name="filename" value="meshes/Cube_010.ply" />
		<boolean name="face_normals" value="true" />
		<ref id="mat-Material" name="bsdf" />
		<animation name="to_world">
			<transform time="0">
				<matrix value="0.062303821448264005 0.9979375207280419 0.01318795178102606 1.689531580369594 -0.9813807672327743 0.05883487025028003 0.1822328815503373 2.134711378372045 0.18106974488809932 -0.0243952939262405 0.9830833137519202 -0.4534027318853344 0.0 0.0 0.0 1.0" />
			</transform>
			<transform time="0.0015">
				<matrix value="0.06288130144732253 0.9979008310376472 0.013236031956445972 1.68861936926096 -0.9811802842607802 0.05937165859288946 0.18313925447206747 2.1360122323805517 0.18195765275929024 -0.024601540898272867 0.9829146552776084 -0.4553073646033037 0.0 0.0 0.0 1.0" />
			</transform>
		</animation>
	</shape>
	<shape type="ply" name="temp15">
		<string name="filename" value="meshes/Cube_011.ply" />
		<boolean name="face_normals" value="true" />
		<ref id="mat-Material" name="bsdf" />
		<animation name="to_world">
			<transform time="0">
				<matrix value="0.03574444352841265 0.9959918485345927 -0.08139173968524435 1.184876475092506 -0.8143637184035517 0.07623627777557607 0.5752739467287851 2.2634128086324674 0.5791688607105688 0.045725006935420295 0.8139009673769716 -1.2690151520774104 0.0 0.0 0.0 1.0" />
			</transform>
			<transform time="0.0015">
				<matrix value="0.03645542645337379 0.9959696514971783 -0.08135113842127994 1.1840316127922021 -0.8143384585703244 0.0767918547539482 0.575236092611632 2.263038004423586 0.5791605152318715 0.04528222860302935 0.8139317834197348 -1.2689321902508146 0.0 0.0 0.0 1.0" />
			</transform>
		</animation>
	</shape>
	<shape type="ply" name="temp16">
		<string name="filename" value="meshes/Cube_012.ply" />
		<boolean name="face_normals" value="true" />
		<ref id="mat-Material" name="bsdf" />
		<animation name="to_world">
			<transform time="0">
				<matrix value="0.08020362943617947 0.9891512297073775 0.12307263341088676 1.1440755394908595 -0.8379337336687782 3.673520043886088e-05 0.5457711002926101 1.8107032251383735 0.5398458318484753 -0.1468996689770829 0.8288459983707634 -1.5187061585216115 0.0 0.0 0.0 1.0" />
			</transform>
			<transform time="0.0015">
				<matrix value="0.08019519619432186 0.9891561782350013 0.12303838258357244 1.1440449770578254 -0.8378904903661594 3.672093306027923e-05 0.5458374981842531 1.8107326772215122 0.5399142073288157 -0.1468663689154733 0.8288073612997484 -1.5188624015728958 0.0 0.0 0.0 1.0" />
			</transform>
		</animation>
	</shape>
	<shape type="ply" name="temp17">
		<string name="filename" value="meshes/Cube_013.ply" />
		<boolean name="face_normals" value="true" />
		<ref id="mat-Material" name="bsdf" />
		<animation name="to_world">
			<transform time="0">
				<matrix value="0.9029687408581504 0.29312632059788535 0.3141849963666038 0.5306646836610538 -0.38543662360135245 0.22934339820993155 0.8937729214822365 1.4376862766648273 0.18993128875036125 -0.9281560333984812 0.3200788047473856 -1.327511586748299 0.0 0.0 0.0 1.0" />
			</transform>
			<transform time="0.0015">
				<matrix value="0.9028594677451119 0.29327656360349674 0.31435889722764354 0.5308876145277999 -0.38565077049955787 0.22929811805580136 0.8936921921307721 1.4377497077206063 0.19001624987230376 -0.9281197717294439 0.3201335434347795 -1.3275383406832204 0.0 0.0 0.0 1.0" />
			</transform>
		</animation>
	</shape>
	<shape type="ply" name="temp18">
		<string name="filename" value="meshes/Cube_014.ply" />
		<boolean name="face_normals" value="true" />
		<ref id="mat-Material" name="bsdf" />
		<animation name="to_world">
			<transform time="0">
				<matrix value="0.9435406017797021 0.28476335094478156 0.16923625633007594 0.10715406993435928 -0.21597376987271888 0.1414542898442503 0.9660984274509823 1.0238305518795208 0.2511703783684115 -0.9481034493547452 0.19496922369191827 -0.8406886541782737 0.0 0.0 0.0 1.0" />
			</transform>
			<transform time="0.0015">
				<matrix value="0.9435489153445229 0.28472633085193544 0.16925216476109983 0.10713411903940195 -0.2159787276934287 0.14144094308704447 0.9660992699774207 1.0238349820789954 0.2511348614152863 -0.948116560324747 0.1949512225613872 -0.8406732348590338 0.0 0.0 0.0 1.0" />
			</transform>
		</animation>
	</shape>
	<shape type="ply" name="temp19">
		<string name="filename" value="meshes/Cube_015.ply" />
		<boolean name="face_normals" value="true" />
		<ref id="mat-Material" name="bsdf" />
		<animation name="to_world">
			<transform time="0">
				<matrix value="0.9832242073517757 0.13236764819376626 0.12549094582244535 0.04631253447613465 -0.14913211158331072 0.1872670063805867 0.9709226651587797 0.6370223189968354 0.10501842110395423 -0.9733492135337687 0.2038657964796953 -0.3226155794779856 0.0 0.0 0.0 1.0" />
			</transform>
			<transform time="0.0015">
				<matrix value="0.983232887926176 0.13229364630472187 0.1255010212471975 0.04628121715718295 -0.14912550062379964 0.1872553867271039 0.9709259161193805 0.6370180884766288 0.10494657339385388 -0.9733615135159354 0.20384408482868793 -0.3225335730194261 0.0 0.0 0.0 1.0" />
			</transform>
		</animation>
	</shape>
	<shape type="ply" name="temp20">
		<string name="filename" value="meshes/Cube_016.ply" />
		<boolean name="face_normals" value="true" />
		<ref id="mat-Material" name="bsdf" />
		<animation name="to_world">
			<transform time="0">
				<matrix value="0.9847106166903357 0.04944726264697356 0.16702762657669773 0.08760815761842033 -0.17339495715630632 0.18652469739666225 0.9670275792976315 0.33763679595045454 0.016661793229756732 -0.9812039681033242 0.19224763971082232 0.0497520046423158 0.0 0.0 0.0 1.0" />
			</transform>
			<transform time="0.0015">
				<matrix value="0.9847203663795977 0.04933782809867898 0.16700255503237832 0.08759098173087318 -0.17334905064069586 0.1865112380022571 0.9670384044858102 0.3375992566808703 0.016563427162710503 -0.9812120404359428 0.19221495904641597 0.049924904659473385 0.0 0.0 0.0 1.0" />
			</transform>
		</animation>
	</shape>
	<shape type="ply" name="temp21">
		<string name="filename" value="meshes/Cube_017.ply" />
		<boolean name="face_normals" value="true" />
		<ref id="mat-Material" name="bsdf" />
		<animation name="to_world">
			<transform time="0">
				<matrix value="0.9533597239139262 0.020268865907559712 0.3010772298816936 0.18653873429774442 -0.3003140585468426 0.16171765851867767 0.9400019195300839 0.16181669194439946 -0.029669656771750288 -0.9866086942011544 0.16027934363418106 0.2563657268431654 0.0 0.0 0.0 1.0" />
			</transform>
			<transform time="0.0015">
				<matrix value="0.9534795126492621 0.019946761138303844 0.30071959868449893 0.1866162279860049 -0.2999193110216848 0.16140271214380503 0.9401822201879085 0.1619014360664251 -0.029816123912122555 -0.986666935142354 0.15989372524056789 0.25662360942492846 0.0 0.0 0.0 1.0" />
			</transform>
		</animation>
	</shape>
	<shape type="ply" name="temp22">
		<string name="filename" value="meshes/Cube_018.ply" />
		<boolean name="face_normals" value="true" />
		<ref id="mat-Material" name="bsdf" />
		<animation name="to_world">
			<transform time="0">
				<matrix value="0.14452488533350355 0.9776262298638154 0.15250478582346658 0.8694886102206099 -0.5942381747682293 -0.037456911745994664 0.8032064426237802 0.008645689890542235 0.7910026913605199 -0.20688007250382232 0.5755683771129605 -0.21318450983058446 0.0 0.0 0.0 1.0" />
			</transform>
			<transform time="0.0015">
				<matrix value="0.14406302611751373 0.9776070214667567 0.15306560290924945 0.8695153676283497 -0.5952184254409905 -0.037937607514253 0.8024588152996397 0.009652657775548282 0.7903506749072684 -0.20688380229694942 0.5764630976387362 -0.2132335156415477 0.0 0.0 0.0 1.0" />
			</transform>
		</animation>
	</shape>
	<shape type="ply" name="temp23">
		<string name="filename" value="meshes/Cube_019.ply" />
		<boolean name="face_normals" value="true" />
		<ref id="mat-Material" name="bsdf" />
		<animation name="to_world">
			<transform time="0">
				<matrix value="-0.07407870101963204 0.9873403028223511 -0.14024311368582398 0.4745250116519812 -0.9088716054373283 -0.008987445324900974 0.4168160291163401 -0.05130952923261088 0.41027876325069546 0.15836190587435311 0.8980312287687444 -0.04961977948660218 0.0 0.0 0.0 1.0" />
			</transform>
			<transform time="0.0015">
				<matrix value="-0.07395976278910411 0.9873402953132044 -0.14030598828508806 0.47457298188281394 -0.9092224187244417 -0.008986393143276311 0.4160510831931874 -0.050940262079206045 0.40952308095250134 0.15836200950057652 0.8983764518493004 -0.049665548968488946 0.0 0.0 0.0 1.0" />
			</transform>
		</animation>
	</shape>
	<shape type="ply" name="temp24">
		<string name="filename" value="meshes/Cube_020.ply" />
		<boolean name="face_normals" value="true" />
		<ref id="mat-Material" name="bsdf" />
		<animation name="to_world">
			<transform time="0">
				<matrix value="0.09360422689672858 0.9668656514309537 -0.23741999784389778 0.056197899317802225 -0.945368322618821 0.011522656505105592 -0.3257525298388382 0.1888821396941497 -0.3122509224219252 0.25493620946454665 0.9151424681193132 0.10732553438053621 0.0 0.0 0.0 1.0" />
			</transform>
			<transform time="0.0015">
				<matrix value="0.0933513919001443 0.9667973759738993 -0.23779772967962862 0.056532343536779606 -0.9453482188338124 0.011129303547055621 -0.3258247828636899 0.1889551681938115 -0.31238757148912444 0.2552129328281185 0.9150187528986398 0.10731405190665216 0.0 0.0 0.0 1.0" />
			</transform>
		</animation>
	</shape>
	<shape type="ply" name="temp25">
		<string name="filename" value="meshes/Cube_021.ply" />
		<boolean name="face_normals" value="true" />
		<ref id="mat-Material" name="bsdf" />
		<animation name="to_world">
			<transform time="0">
				<matrix value="0.17656479654342788 0.9344332666559594 -0.3092425609935412 -0.1689622688621675 -0.8083360814287259 -0.0416045538073893 -0.5872381508022548 0.09656874601560339 -0.56159678526028 0.3536638834599091 0.7480081329449516 0.26022118848952086 0.0 0.0 0.0 1.0" />
			</transform>
			<transform time="0.0015">
				<matrix value="0.17619442802850666 0.9345213940007143 -0.3091877457128347 -0.16908482934556684 -0.8083964465260718 -0.04184209514796852 -0.5871382220604359 0.09642017103061046 -0.5616263375098927 0.353403105816023 0.7481092446279316 0.2606876880586507 0.0 0.0 0.0 1.0" />
			</transform>
		</animation>
	</shape>
	<shape type="ply" name="temp26">
		<string name="filename" value="meshes/Cube_022.ply" />
		<boolean name="face_normals" value="true" />
		<ref id="mat-Material" name="bsdf" />
		<animation name="to_world">
			<transform time="0">
				<matrix value="0.6516596279965321 0.39894300023152834 -0.6451016996351474 -0.07510368252340477 -0.69729153037 -0.01959226194821692 -0.7164971081759216 -0.1746667151104593 -0.2984824086435578 0.916766300323514 0.2654107297949365 0.6666958219996602 0.0 0.0 0.0 1.0" />
			</transform>
			<transform time="0.0015">
				<matrix value="0.6519186888887898 0.39897080660146933 -0.6448228063632899 -0.07511383981650593 -0.6969953376824678 -0.01958734375754543 -0.7167854990185396 -0.17422896918656156 -0.29860874451065184 0.9167543082163587 0.26531008618220003 0.6667222681391906 0.0 0.0 0.0 1.0" />
			</transform>
		</animation>
	</shape>
	<shape type="ply" name="temp27">
		<string name="filename" value="meshes/Cube_023.ply" />
		<boolean name="face_normals" value="true" />
		<ref id="mat-Material" name="bsdf" />
		<animation name="to_world">
			<transform time="0">
				<matrix value="0.8583558499859049 0.27629556779712283 -0.4322538261766223 -0.06439868944800425 -0.48005702741180833 0.13543681675680974 -0.8667179486937031 -0.2865445219562327 -0.1809314536360848 0.9514620700300153 0.248882913865579 0.199262524894059 0.0 0.0 0.0 1.0" />
			</transform>
			<transform time="0.0015">
				<matrix value="0.8583895989102734 0.27587129350383766 -0.43245802394797345 -0.06426860441224322 -0.48015195523737286 0.13544100160422215 -0.8666647248518247 -0.28664483841629795 -0.18051955399801733 0.9515846793760581 0.24871362562403043 0.19973467011523682 0.0 0.0 0.0 1.0" />
			</transform>
		</animation>
	</shape>
	<shape type="ply" name="temp28">
		<string name="filename" value="meshes/Cube_024.ply" />
		<boolean name="face_normals" value="true" />
		<ref id="mat-Material" name="bsdf" />
		<animation name="to_world">
			<transform time="0">
				<matrix value="0.8589950037852798 0.4290886127699338 -0.27930297418421157 -0.1880597650405837 -0.3835736143837086 0.17801833662548522 -0.9061901772066676 -0.5165056510948264 -0.3391146611775677 0.8855458540787573 0.31750410500491466 -0.32310887624474627 0.0 0.0 0.0 1.0" />
			</transform>
			<transform time="0.0015">
				<matrix value="0.8589646058179407 0.4291498648789288 -0.27930236143771087 -0.188086892621937 -0.38360204645625706 0.17803377918551322 -0.9061751053448246 -0.516528617083719 -0.33915949379123495 0.8855130766537526 0.3175476525583032 -0.3231508747088822 0.0 0.0 0.0 1.0" />
			</transform>
		</animation>
	</shape>
	<shape type="ply" name="temp29">
		<string name="filename" value="meshes/Cube_025.ply" />
		<boolean name="face_normals" value="true" />
		<ref id="mat-Material" name="bsdf" />
		<animation name="to_world">
			<transform time="0">
				<matrix value="0.8966968779863376 0.3720721575727489 -0.23978405759346716 -0.27237732946670157 -0.324229602483569 0.18331050033060575 -0.9280475258628311 -0.7955046912291204 -0.30134590188058374 0.9099224484432329 0.2850113304281923 -0.7165231470741928 0.0 0.0 0.0 1.0" />
			</transform>
			<transform time="0.0015">
				<matrix value="0.8967245792311148 0.37202349079349223 -0.23975597337885274 -0.27230927680614897 -0.3241970630951187 0.18334765558809102 -0.9280515512669258 -0.795470569910361 -0.3012984778601471 0.9099348610625988 0.2850218407327526 -0.7164584221957493 0.0 0.0 0.0 1.0" />
			</transform>
		</animation>
	</shape>
	<shape type="ply" name="temp30">
		<string name="filename" value="meshes/Cube_026.ply" />
		<boolean name="face_normals" value="true" />
		<ref id="mat-Material" name="bsdf" />
		<animation name="to_world">
			<transform time="0">
				<matrix value="0.9227716492295581 0.24131049198724303 -0.3004363621406259 -0.32172088557746154 -0.35059057456469284 0.20214715397467373 -0.9144519576133717 -1.1459868342766173 -0.1599344091683554 0.9491602405391482 0.27113681568870707 -0.864339175096527 0.0 0.0 0.0 1.0" />
			</transform>
			<transform time="0.0015">
				<matrix value="0.9227773777703848 0.24130053485882233 -0.30042675393508056 -0.3217216617030365 -0.35056996777465516 0.20209809596887804 -0.9144707059542189 -1.1459713486273158 -0.15994650771892577 0.9491732238536574 0.27108424714516965 -0.8644277463006951 0.0 0.0 0.0 1.0" />
			</transform>
		</animation>
	</shape>
	<shape type="ply" name="temp31">
		<string name="filename" value="meshes/Cube_027.ply" />
		<boolean name="face_normals" value="true" />
		<ref id="mat-Material" name="bsdf" />
		<animation name="to_world">
			<transform time="0">
				<matrix value="0.8739047510136926 0.17655284581674222 -0.4528970484151821 -0.5678641109158105 -0.48225217941694276 0.19797074817019628 -0.8533691771693173 -1.583641855298005 -0.0610029971969427 0.9641742261009589 0.2581517383803421 -0.9990442640947619 0.0 0.0 0.0 1.0" />
			</transform>
			<transform time="0.0015">
				<matrix value="0.8739419466367202 0.17641185032519568 -0.4528802149071495 -0.5678062666033032 -0.48219540463069993 0.19791572414740946 -0.8534140268090196 -1.5835815872080596 -0.060918845091768745 0.9642113363035645 0.2580330017250995 -0.9990872901650334 0.0 0.0 0.0 1.0" />
			</transform>
		</animation>
	</shape>
	<shape type="ply" name="temp32">
		<string name="filename" value="meshes/Cube_028.ply" />
		<boolean name="face_normals" value="true" />
		<ref id="mat-Material" name="bsdf" />
		<animation name="to_world">
			<transform time="0">
				<matrix value="-0.10834787164444255 0.9841632545789418 0.14029778010600913 -1.4888166690502427 -0.7905071477074679 0.00028030987249255874 -0.6124521949542835 -2.1202035793621965 -0.6027925081600705 -0.1772644303673374 0.777957411962833 -1.3727537737083906 0.0 0.0 0.0 1.0" />
			</transform>
			<transform time="0.0015">
				<matrix value="-0.10834016763466232 0.9841622032984148 0.14031113202246626 -1.488788593458338 -0.7905525132828722 0.0002814658305235374 -0.6123936351116284 -2.1202174135586462 -0.6027343929910158 -0.17727028524895852 0.7780011041924786 -1.3725974440467392 0.0 0.0 0.0 1.0" />
			</transform>
		</animation>
	</shape>
	<shape type="ply" name="temp33">
		<string name="filename" value="meshes/Cube_029.ply" />
		<boolean name="face_normals" value="true" />
		<ref id="mat-Material" name="bsdf" />
		<animation name="to_world">
			<transform time="0">
				<matrix value="-0.008692041781687757 0.9804912363403508 0.19637019697877311 -1.6199953685229764 -0.998767567864659 -0.018092058578749876 0.04612546871284161 -1.818289178716898 0.048778360787692786 -0.1957278645371624 0.9794401071154522 -0.10963219780877065 0.0 0.0 0.0 1.0" />
			</transform>
			<transform time="0.0015">
				<matrix value="-0.008708050579972787 0.9804914991604825 0.19636817661739447 -1.6200365007750457 -0.9987776686065623 -0.01806655826773649 0.04591677321196813 -1.8186406316465578 0.04856870417190689 -0.19572890530488418 0.9794503450882344 -0.11006077477157875 0.0 0.0 0.0 1.0" />
			</transform>
		</animation>
	</shape>
	<shape type="ply" name="temp34">
		<string name="filename" value="meshes/Cube_030.ply" />
		<boolean name="face_normals" value="true" />
		<ref id="mat-Material" name="bsdf" />
		<animation name="to_world">
			<transform time="0">
				<matrix value="-0.03723009525718734 0.9811576177696965 -0.18958739919624634 -3.1981947610071684 -0.9775167191923506 0.003644651257088056 0.21082297727779176 -1.9364757677688416 0.20754155989806383 0.19317401547550117 0.9589624208924292 0.2429852291011816 0.0 0.0 0.0 1.0" />
			</transform>
			<transform time="0.0015">
				<matrix value="-0.03722058793076884 0.9811534218947151 -0.18961100825977725 -3.198201138591259 -0.9775345903811417 0.0036425286438882733 0.21074014904598887 -1.9366171289071208 0.2074590886470753 0.19319539296328797 0.9589759662034443 0.24280612908819715 0.0 0.0 0.0 1.0" />
			</transform>
		</animation>
	</shape>
	<shape type="ply" name="temp35">
		<string name="filename" value="meshes/Cube_031.ply" />
		<boolean name="face_normals" value="true" />
		<ref id="mat-Material" name="bsdf" />
		<animation name="to_world">
			<transform time="0">
				<matrix value="0.12038969322390594 0.9803968520492342 0.15597379274086676 -1.9414836500183994 -0.7970593606334448 0.0018007792700809099 0.6038984663143746 -1.2545458052798768 0.59177951587424 -0.1970234636218955 0.7816512072000343 0.565190014891171 0.0 0.0 0.0 1.0" />
			</transform>
			<transform time="0.0015">
				<matrix value="0.12041808540410884 0.9803868498659338 0.15601474378095864 -1.9413547959320456 -0.7970669561360451 0.0018011822108886422 0.6038884496111621 -1.254576037903659 0.5917635110651895 -0.1970732282383883 0.7816507731712631 0.5651662119221652 0.0 0.0 0.0 1.0" />
			</transform>
		</animation>
	</shape>
	<shape type="ply" name="temp36">
		<string name="filename" value="meshes/Cube_032.ply" />
		<boolean name="face_normals" value="true" />
		<ref id="mat-Material" name="bsdf" />
		<animation name="to_world">
			<transform time="0">
				<matrix value="0.6603693174262935 0.6136276315487577 0.432758766602635 -0.7060935126151273 -0.5504350855544149 0.0036400276999643323 0.8347756206441205 -0.6269724354829813 0.5106623885026781 -0.789587066119064 0.3401646067965549 -0.15648479499943946 0.0 0.0 0.0 1.0" />
			</transform>
			<transform time="0.0015">
				<matrix value="0.6599844520329851 0.6136324824574754 0.43333919072540283 -0.7065867971154104 -0.5511898806468432 0.0036685289663337013 0.8342778066641594 -0.6294223964047656 0.5103465209103011 -0.7895831613628206 0.3406478595367567 -0.15687014444680414 0.0 0.0 0.0 1.0" />
			</transform>
		</animation>
	</shape>
	<shape type="ply" name="temp37">
		<string name="filename" value="meshes/Cube_033.ply" />
		<boolean name="face_normals" value="true" />
		<ref id="mat-Material" name="bsdf" />
		<animation name="to_world">
			<transform time="0">
				<matrix value="0.9768805394068014 0.16848140368734918 0.13160067769813355 -0.13998553078428944 -0.14999062544878172 0.10148378363157379 0.9834652104083919 0.3006016319731895 0.15234033565769012 -0.9804666234202364 0.12440814883071778 -0.37294261719590677 0.0 0.0 0.0 1.0" />
			</transform>
			<transform time="0.0015">
				<matrix value="0.9768801564402838 0.1684904086559782 0.1315919724426399 -0.13999727500750728 -0.1499886611496849 0.10152013691219983 0.9834617637093255 0.3006047117092515 0.15234470945446055 -0.9804613144535748 0.12444464299105402 -0.37290590247441924 0.0 0.0 0.0 1.0" />
			</transform>
		</animation>
	</shape>
	<shape type="ply" name="temp38">
		<string name="filename" value="meshes/Cube_034.ply" />
		<boolean name="face_normals" value="true" />
		<ref id="mat-Material" name="bsdf" />
		<animation name="to_world">
			<transform time="0">
				<matrix value="0.999924870617896 0.002407107084975064 0.012032498684459986 -0.034396065463558 -0.012269603228214252 0.18183711461485996 0.9832522182155841 0.3693323859691476 0.00017883869034638415 -0.983325685250812 0.18185298243440856 -0.35885126821274765 0.0 0.0 0.0 1.0" />
			</transform>
			<transform time="0.0015">
				<matrix value="0.9999248865748342 0.00239709446396086 0.012034410113127381 -0.03440069084853936 -0.012269662268885723 0.18183833785484466 0.9832519884356463 0.36933276988181696 0.00016863089015313327 -0.9833254825038532 0.18185408282499937 -0.3588870824727761 0.0 0.0 0.0 1.0" />
			</transform>
		</animation>
	</shape>
	<shape type="ply" name="temp39">
		<string name="filename" value="meshes/Cube_035.ply" />
		<boolean name="face_normals" value="true" />
		<ref id="mat-Material" name="bsdf" />
		<animation name="to_world">
			<transform time="0">
				<matrix value="0.9989111780109817 -0.04654700546281676 0.003205615240123285 0.008356819614818933 0.006532419990532368 0.2075545395193806 0.978201750176469 0.0913954537858002 -0.04619769975550816 -0.9771154074794075 0.2076325905949645 -0.14905374540082317 0.0 0.0 0.0 1.0" />
			</transform>
			<transform time="0.0015">
				<matrix value="0.9989107790875258 -0.04655527228233283 0.003207507945980937 0.008344961889545423 0.006532235687895745 0.2075534687150723 0.9782019714460387 0.09139489228865676 -0.04620618565526194 -0.9771152422781819 0.20763148594918968 -0.14908295309768194 0.0 0.0 0.0 1.0" />
			</transform>
		</animation>
	</shape>
	<shape type="ply" name="temp40">
		<string name="filename" value="meshes/Cube_036.ply" />
		<boolean name="face_normals" value="true" />
		<ref id="mat-Material" name="bsdf" />
		<animation name="to_world">
			<transform time="0">
				<matrix value="0.9993464408618736 -0.036007836503463536 0.003240507190909559 0.00291742364591685 0.004376477101273521 0.20946085189905367 0.9778073245674792 -0.24535398119697993 -0.03588748854221518 -0.9771536826560261 0.2094814857541082 0.21168301433001777 0.0 0.0 0.0 1.0" />
			</transform>
			<transform time="0.0015">
				<matrix value="0.9993454036608883 -0.03603638252434677 0.0032413905671147044 0.0029123399492661005 0.004381449442797168 0.20945672937755822 0.9778081841146538 -0.2453408117742522 -0.0359156037099703 -0.9771535099456539 0.2094774501375718 0.21160688543495998 0.0 0.0 0.0 1.0" />
			</transform>
		</animation>
	</shape>
	<shape type="ply" name="temp41">
		<string name="filename" value="meshes/Cube_037.ply" />
		<boolean name="face_normals" value="true" />
		<ref id="mat-Material" name="bsdf" />
		<animation name="to_world">
			<transform time="0">
				<matrix value="0.9988562161031298 -0.04770417773031332 0.0033430082062275044 -0.006020653219526606 0.0067322153903979776 0.20948400473068668 0.9777890039293631 -0.5698451466385521 -0.047344940933678706 -0.9766476577051998 0.2095655597534113 0.5132406749269478 0.0 0.0 0.0 1.0" />
			</transform>
			<transform time="0.0015">
				<matrix value="0.9988562958878211 -0.04770243861195568 0.003342266102132238 -0.006023327187392388 0.0067323783107373645 0.209479927264071 0.9777898719869057 -0.5698448585481426 -0.04734311226855689 -0.9766486113668208 0.2095614994568075 0.5132549484876844 0.0 0.0 0.0 1.0" />
			</transform>
		</animation>
	</shape>
	<shape type="ply" name="temp42">
		<string name="filename" value="meshes/Cube_038.ply" />
		<boolean name="face_normals" value="true" />
		<ref id="mat-Material" name="bsdf" />
		<animation name="to_world">
			<transform time="0">
				<matrix value="0.9991223824391385 -0.0417539938634567 0.0034053338351218215 0.0073241998661734975 0.0054209018362596124 0.2094624162795694 0.9778017692772119 -0.9043469610095718 -0.041540424926466285 -0.9769247616405554 0.2095048416127646 0.8616463343424715 0.0 0.0 0.0 1.0" />
			</transform>
			<transform time="0.0015">
				<matrix value="0.9991218718171149 -0.041766377197150914 0.00340315432986038 0.007323425072528105 0.0054253981823156865 0.20945687452936246 0.9778029266872686 -0.9043357353207029 -0.041552106841379305 -0.9769254224454582 0.20949945454977947 0.8616427686719954 0.0 0.0 0.0 1.0" />
			</transform>
		</animation>
	</shape>
	<shape type="ply" name="temp43">
		<string name="filename" value="meshes/Cube_039.ply" />
		<boolean name="face_normals" value="true" />
		<ref id="mat-Material" name="bsdf" />
		<animation name="to_world">
			<transform time="0">
				<matrix value="0.999956053182018 -0.007552457755593588 -0.0055601789274728145 0.021023259573779818 0.008282338254838801 0.4330111492307873 0.9013504970543392 -1.319264160190801 -0.004399785455291365 -0.9013569492229225 0.43305462146012563 1.4729680208309293 0.0 0.0 0.0 1.0" />
			</transform>
			<transform time="0.0015">
