<scene version="2.1.0">
	<default name="spp" value="1024" />
	<default name="resx" value="1280" />
	<default name="resy" value="720" />
	<integrator type="path" name="temp0">
		<integer name="max_depth" value="12" />
	</integrator>
	<sensor type="perspective" name="temp44">
		<string name="fov_axis" value="x" />
		<float name="fov" value="83.974423" />
		<float name="principal_point_offset_x" value="0.000000" />
		<float name="principal_point_offset_y" value="-0.000000" />
		<float name="near_clip" value="0.100000" />
		<float name="far_clip" value="1000.000000" />
		<transform name="to_world">
			<rotate x="1" angle="-142.5518126578256" />
			<rotate y="1" angle="3.976628485794621e-06" />
			<rotate z="1" angle="-179.999991348578" />
			<translate value="-0.000000 3.030926 4.073377" />
		</transform>
		<sampler type="correlated" name="sampler">
			<integer name="sample_count" value="1024" />
		</sampler>
		<film type="hdrfilm" name="film">
			<integer name="width" value="$resx" />
			<integer name="height" value="$resy" />
		</film>
		<float name="shutter_open" value="0.0" />
		<float name="shutter_close" value="0.0015" />
	</sensor>
	<bsdf type="twosided" id="mat-Material" name="mat-Material">
		<bsdf type="diffuse" name="bsdf">
			<texture type="bitmap" name="reflectance">
				<string name="filename" value="textures/siggraph_2023_logo.jpg" />
			</texture>
		</bsdf>
	</bsdf>
	<bsdf type="twosided" id="mat-Material.001" name="mat-Material.001">
		<bsdf type="principled" name="bsdf">
			<rgb value="0.433648 0.266232 0.084399" name="base_color" />
			<float name="spec_tint" value="0.000000" />
			<float name="spec_trans" value="0.000000" />
			<float name="metallic" value="0.000000" />
			<float name="anisotropic" value="0.000000" />
			<float name="roughness" value="0.500000" />
			<float name="sheen" value="0.000000" />
			<float name="sheen_tint" value="0.500000" />
			<float name="clearcoat" value="0.000000" />
			<float name="clearcoat_gloss" value="0.173205" />
			<float name="specular" value="0.500000" />
		</bsdf>
	</bsdf>
	<bsdf type="twosided" id="mat-Material.002" name="mat-Material.002">
		<bsdf type="principled" name="bsdf">
			<rgb value="0.433648 0.266232 0.084399" name="base_color" />
			<float name="spec_tint" value="0.000000" />
			<float name="spec_trans" value="0.000000" />
			<float name="metallic" value="0.000000" />
			<float name="anisotropic" value="0.000000" />
			<float name="roughness" value="0.500000" />
			<float name="sheen" value="0.000000" />
			<float name="sheen_tint" value="0.500000" />
			<float name="clearcoat" value="0.000000" />
			<float name="clearcoat_gloss" value="0.173205" />
			<float name="specular" value="0.500000" />
		</bsdf>
	</bsdf>
	<bsdf type="twosided" id="mat-Material.003" name="mat-Material.003">
		<bsdf type="principled" name="bsdf">
			<rgb value="0.433648 0.266232 0.084399" name="base_color" />
			<float name="spec_tint" value="0.000000" />
			<float name="spec_trans" value="0.000000" />
			<float name="metallic" value="0.000000" />
			<float name="anisotropic" value="0.000000" />
			<float name="roughness" value="0.500000" />
			<float name="sheen" value="0.000000" />
			<float name="sheen_tint" value="0.500000" />
			<float name="clearcoat" value="0.000000" />
			<float name="clearcoat_gloss" value="0.173205" />
			<float name="specular" value="0.500000" />
		</bsdf>
	</bsdf>
	<bsdf type="twosided" id="mat-Material.004" name="mat-Material.004">
		<bsdf type="principled" name="bsdf">
			<rgb value="0.433648 0.266232 0.084399" name="base_color" />
			<float name="spec_tint" value="0.000000" />
			<float name="spec_trans" value="0.000000" />
			<float name="metallic" value="0.000000" />
			<float name="anisotropic" value="0.000000" />
			<float name="roughness" value="0.500000" />
			<float name="sheen" value="0.000000" />
			<float name="sheen_tint" value="0.500000" />
			<float name="clearcoat" value="0.000000" />
			<float name="clearcoat_gloss" value="0.173205" />
			<float name="specular" value="0.500000" />
		</bsdf>
	</bsdf>
	<bsdf type="twosided" id="mat-Material.005" name="mat-Material.005">
		<bsdf type="principled" name="bsdf">
			<rgb value="0.433648 0.266232 0.084399" name="base_color" />
			<float name="spec_tint" value="0.000000" />
			<float name="spec_trans" value="0.000000" />
			<float name="metallic" value="0.000000" />
			<float name="anisotropic" value="0.000000" />
			<float name="roughness" value="0.500000" />
			<float name="sheen" value="0.000000" />
			<float name="sheen_tint" value="0.500000" />
			<float name="clearcoat" value="0.000000" />
			<float name="clearcoat_gloss" value="0.173205" />
			<float name="specular" value="0.500000" />
		</bsdf>
	</bsdf>
	<emitter type="point" name="temp45">
		<point name="position" x="-6.815235034541981e-16" y="3.0693089962005615" z="4.109199523925781" />
		<rgb value="7.957747 7.957747 7.957747" name="intensity" />
	</emitter>
	<shape type="ply" name="temp2">
		<string name="filename" value="meshes/Cube.ply" />
		<boolean name="face_normals" value="true" />
		<ref id="mat-Material" name="bsdf" />
		<animation name="to_world">
			<transform time="0">
				<matrix value="0.9999991135176153 0.00014699117480805054 0.0013819611923969587 -0.002267555017062106 -0.00014633497155278028 0.9999992699557594 -0.00047988843085980295 -0.016844963554476955 -0.0013820260377606038 0.0004796859975428796 0.9999983452326863 0.003135933106617972 0.0 0.0 0.0 1.0" />
			</transform>
			<transform time="0.0015">
				<matrix value="0.9999991135176153 0.00014734571916580455 0.0013824097738976639 -0.0022682522680261075 -0.00014680073862294405 0.9999993075014925 -0.00039925056585209763 -0.01695090495864032 -0.001382462938729499 0.00039904744962258187 0.9999983792741585 0.0031386048049353355 0.0 0.0 0.0 1.0" />
			</transform>
		</animation>
	</shape>
	<shape type="ply" name="temp4">
		<string name="filename" value="meshes/Plane.ply" />
		<boolean name="face_normals" value="true" />
		<ref id="mat-Material.001" name="bsdf" />
	</shape>
	<shape type="ply" name="temp5">
		<string name="filename" value="meshes/Cube_001.ply" />
		<boolean name="face_normals" value="true" />
		<ref id="mat-Material" name="bsdf" />
		<animation name="to_world">
			<transform time="0">
				<matrix value="0.9999986702764229 -0.0001913564847744059 -0.0016662466709627577 0.002254070148987486 0.00019563868396371096 0.9999959326106591 0.0025650607228685533 -0.020671904610913006 0.0016657912653117671 -0.0025653785905140137 0.9999947993027283 -0.003549117637712429 0.0 0.0 0.0 1.0" />
			</transform>
			<transform time="0.0015">
				<matrix value="0.9999986702764229 -0.0001887964214531806 -0.0016667892920305808 0.0022546819389619483 0.00019321989935205716 0.9999957148454071 0.0026490167803847942 -0.020746346764870492 0.0016663240674794594 -0.0026493301739239036 0.9999945780331587 -0.003554187252026452 0.0 0.0 0.0 1.0" />
			</transform>
		</animation>
	</shape>
	<shape type="ply" name="temp6">
		<string name="filename" value="meshes/Cube_002.ply" />
		<boolean name="face_normals" value="true" />
		<ref id="mat-Material" name="bsdf" />
		<animation name="to_world">
			<transform time="0">
				<matrix value="1.0 -8.888622364801022e-06 0.0003659565193340649 -0.0008582894049118384 9.612682548885072e-06 0.9999960369026935 -0.0019668128141398446 -0.01643595864949246 -0.0003659268527925082 0.0019668136489071238 0.999995981279381 0.0005955001459557185 0.0 0.0 0.0 1.0" />
			</transform>
			<transform time="0.0015">
				<matrix value="1.0 -9.295248661695386e-06 0.00036611038678867976 -0.0008585858823655874 1.0073086492107786e-05 0.9999957515551218 -0.0021129474845094386 -0.016336160591012342 -0.00036607849157656265 0.002112948295273629 0.9999956919268668 0.0005955078336468517 0.0 0.0 0.0 1.0" />
			</transform>
		</animation>
	</shape>
	<shape type="ply" name="temp7">
		<string name="filename" value="meshes/Cube_003.ply" />
		<boolean name="face_normals" value="true" />
		<ref id="mat-Material" name="bsdf" />
		<animation name="to_world">
			<transform time="0">
				<matrix value="0.9999991135176153 0.0005660971626309126 0.0013296055365677572 -0.0012212328905976122 -0.0005718298946681631 0.9999900922567337 0.004311685352141576 -0.01756081443462798 -0.0013270729947325215 -0.004312440162445273 0.9999895986054568 0.0040684921324251055 0.0 0.0 0.0 1.0" />
			</transform>
			<transform time="0.0015">
				<matrix value="0.9999991135176153 0.0005728285118457358 0.0013300557350383946 -0.0012208268808540186 -0.0005786428690173055 0.9999898294366019 0.0043717515299442075 -0.017560409232113244 -0.0013274597909153567 -0.004372514987432905 0.9999893432944148 0.004067440967180313 0.0 0.0 0.0 1.0" />
			</transform>
		</animation>
	</shape>
	<shape type="ply" name="temp8">
		<string name="filename" value="meshes/Cube_004.ply" />
		<boolean name="face_normals" value="true" />
		<ref id="mat-Material" name="bsdf" />
		<animation name="to_world">
			<transform time="0">
				<matrix value="0.9999995567588077 -0.00024300711480258562 0.001057750906457895 -0.0004986452631914329 0.0002445924574532779 0.9999986442035531 -0.0014949569784137966 -0.01843764848284224 -0.0010573075402418677 0.001495215081462508 0.9999982270350211 0.0032473513050563924 0.0 0.0 0.0 1.0" />
			</transform>
			<transform time="0.0015">
				<matrix value="0.9999995567588076 -0.00025244187694764656 0.001058296931672944 -0.0004981411004004444 0.0002540733999615638 0.9999985766212335 -0.0015378871897028675 -0.018462111272968533 -0.0010578290129834127 0.001538155460596772 0.9999981674624446 0.00324912986504424 0.0 0.0 0.0 1.0" />
			</transform>
		</animation>
	</shape>
	<shape type="ply" name="temp9">
		<string name="filename" value="meshes/Cube_005.ply" />
		<boolean name="face_normals" value="true" />
		<ref id="mat-Material" name="bsdf" />
		<animation name="to_world">
			<transform time="0">
				<matrix value="0.9999997783794039 -9.25956827269447e-05 0.0008009333833230659 -0.0006531673076872746 9.286634327789273e-05 0.9999959326106591 -0.00033379020670880485 -0.018015150973074684 -0.0007999439743132864 0.0003338680038296035 0.9999957448840504 0.0019263195492855711 0.0 0.0 0.0 1.0" />
			</transform>
			<transform time="0.0015">
				<matrix value="0.9999997624224656 -0.00011716853904105538 0.000801020869906774 -0.0006518301013973061 0.00011760060283043791 0.9999958650283394 -0.0005354399738612889 -0.01814861706435611 -0.0008000046106785823 0.0005355380008129759 0.999995676801106 0.0019205522574494754 0.0 0.0 0.0 1.0" />
			</transform>
		</animation>
	</shape>
	<shape type="ply" name="temp10">
		<string name="filename" value="meshes/Cube_006.ply" />
		<boolean name="face_normals" value="true" />
		<ref id="mat-Material" name="bsdf" />
		<animation name="to_world">
			<transform time="0">
				<matrix value="0.9999991135176153 -0.00011135124931427987 -0.0013700917828510318 -0.0011826160656567275 0.00011328712987144232 0.9999989570796561 0.0014116051668454604 -0.017129463925533328 0.0013699189045914468 -0.0014117605955492334 0.9999981088373557 -0.0032610524826255927 0.0 0.0 0.0 1.0" />
			</transform>
			<transform time="0.0015">
				<matrix value="0.9999991135176153 -0.00011624935301856014 -0.0013708952467000465 -0.0011833241908936983 0.0001182037178528934 0.999998942061363 0.0014242731050212256 -0.017133072115727146 0.001370714038823735 -0.0014244353592238411 0.9999980918166196 -0.003264486797146831 0.0 0.0 0.0 1.0" />
			</transform>
		</animation>
	</shape>
	<shape type="ply" name="temp11">
		<string name="filename" value="meshes/Cube_007.ply" />
		<boolean name="face_normals" value="true" />
		<ref id="mat-Material" name="bsdf" />
		<animation name="to_world">
			<transform time="0">
				<matrix value="0.999997562173442 -0.0022758096712089323 -7.732715837210612e-05 0.0006470325862624193 0.0022762230354220632 0.999980393097536 0.0058303125950013735 -0.01724796185255828 6.404081719492152e-05 -0.005830481641473187 0.9999830977338671 0.00010724951323426435 0.0 0.0 0.0 1.0" />
			</transform>
			<transform time="0.0015">
				<matrix value="0.9999975462165038 -0.002281640148103524 -7.742083199339735e-05 0.0006464549907268021 0.0022820548176390888 0.9999802879694832 0.0058446832025159 -0.017248568003592403 6.406778442053995e-05 -0.005844852946644087 0.9999830211405545 0.00010573571127596028 0.0 0.0 0.0 1.0" />
			</transform>
		</animation>
	</shape>
	<shape type="ply" name="temp12">
		<string name="filename" value="meshes/Cube_008.ply" />
		<boolean name="face_normals" value="true" />
		<ref id="mat-Material" name="bsdf" />
		<animation name="to_world">
			<transform time="0">
				<matrix value="0.999998670276423 0.0016763035982837703 9.862661404821804e-05 0.0001517371524026867 -0.0016760722447684243 0.9999955154425215 -0.0023123765720880467 -0.016872624012276377 -0.00010280425405166774 0.002312212805810318 0.9999971632560336 -2.0945676663886026e-05 0.0 0.0 0.0 1.0" />
			</transform>
			<transform time="0.0015">
				<matrix value="0.9999987341041758 0.0016424467334521802 9.874067851139297e-05 0.0001534236251088247 -0.0016422199194400127 0.9999956731346007 -0.002266146891100183 -0.0168911416897828 -0.00010276255857205767 0.0022659860486569697 0.9999972653804504 -1.8549507876385155e-05 0.0 0.0 0.0 1.0" />
			</transform>
		</animation>
	</shape>
	<shape type="ply" name="temp13">
		<string name="filename" value="meshes/Cube_009.ply" />
		<boolean name="face_normals" value="true" />
		<ref id="mat-Material" name="bsdf" />
		<animation name="to_world">
			<transform time="0">
				<matrix value="0.9999993351382115 -0.00025585130458905805 0.0009099837312733529 0.001629435013210001 0.0002556792493976352 0.9999994785398281 0.00019199780530575138 -0.018024986926718528 -0.0009103642201525814 -0.00019176729109784054 0.9999995272093389 0.0015320529481019918 0.0 0.0 0.0 1.0" />
			</transform>
			<transform time="0.0015">
				<matrix value="0.9999993510951497 -0.0001959922924753409 0.0009102035540804714 0.0016282155571399495 0.00019584615637251526 0.999999501067268 0.0001633459406310139 -0.017945049414450073 -0.0009105652775743521 -0.00016316985508768453 0.9999995272093389 0.001531677263476117 0.0 0.0 0.0 1.0" />
			</transform>
		</animation>
	</shape>
	<shape type="ply" name="temp14">
		<string name="filename" value="meshes/Cube_010.ply" />
		<boolean name="face_normals" value="true" />
		<ref id="mat-Material" name="bsdf" />
		<animation name="to_world">
			<transform time="0">
				<matrix value="0.999982491972902 -0.0004953475323461745 0.005913169158352249 0.01237407152073422 0.0004941806863855808 0.9999997914159312 0.0001988617801230296 -0.018350719327752146 -0.005913269666168463 -0.0001959349050838195 0.999982624943206 0.009717261145699152 0.0 0.0 0.0 1.0" />
			</transform>
			<transform time="0.0015">
				<matrix value="0.9999824760159638 -0.0004970070537496192 0.005916978399098135 0.012384686844523658 0.0004958381335601298 0.9999997914159313 0.00019908447092418594 -0.01835328294028552 -0.005917079385172252 -0.0001961459121038955 0.9999825994121019 0.009723709567594609 0.0 0.0 0.0 1.0" />
			</transform>
		</animation>
	</shape>
	<shape type="ply" name="temp15">
		<string name="filename" value="meshes/Cube_011.ply" />
		<boolean name="face_normals" value="true" />
		<ref id="mat-Material" name="bsdf" />
		<animation name="to_world">
			<transform time="0">
				<matrix value="0.9999971189322497 -0.002154083137438129 -0.0010814034412541056 -0.0023039404683347087 0.0021533853875789636 0.9999973926991405 -0.0006474277114899005 -0.02184787186857365 0.0010827939088022382 0.0006450994215963773 0.9999992908140084 -0.001626997501586902 0.0 0.0 0.0 1.0" />
			</transform>
			<transform time="0.0015">
				<matrix value="0.9999971348891881 -0.0021454395089445673 -0.0010824903003596844 -0.0023084261772356434 0.0021447415141366494 0.9999974152265804 -0.000647130869851794 -0.02183392201727457 0.0010838745126595644 0.0006448096436282374 0.9999992908140084 -0.0016279817115195864 0.0 0.0 0.0 1.0" />
			</transform>
		</animation>
	</shape>
	<shape type="ply" name="temp16">
		<string name="filename" value="meshes/Cube_012.ply" />
		<boolean name="face_normals" value="true" />
		<ref id="mat-Material" name="bsdf" />
		<animation name="to_world">
			<transform time="0">
				<matrix value="0.999771065924149 0.019102165519801928 0.0029716973326569278 0.05909301766956132 -0.01915841129945907 0.999589610844703 0.01769454508318988 0.03013579825577481 -0.002563638354192264 -0.017756202768744928 0.9998102927472494 -0.09986443451875326 0.0 0.0 0.0 1.0" />
			</transform>
			<transform time="0.0015">
				<matrix value="0.9997582844166222 0.019758668056974016 0.0030512185522708272 0.06032233497980677 -0.01981763055506092 0.9995674062981419 0.018235474289841715 0.03168571157955133 -0.0026211118947604612 -0.018300264170406488 0.9998004802928705 -0.10204947025844821 0.0 0.0 0.0 1.0" />
			</transform>
		</animation>
	</shape>
	<shape type="ply" name="temp17">
		<string name="filename" value="meshes/Cube_013.ply" />
		<boolean name="face_normals" value="true" />
		<ref id="mat-Material" name="bsdf" />
		<animation name="to_world">
			<transform time="0">
				<matrix value="0.997393963409553 0.06091140808847302 0.036472017175539134 0.0915415588227721 -0.06556290744946608 0.9875479482628076 0.13985536624492162 0.21055702675255045 -0.02717587322947306 -0.14194106248552948 0.9891093853201337 -0.1959062472912645 0.0 0.0 0.0 1.0" />
			</transform>
			<transform time="0.0015">
				<matrix value="0.9973282686948364 0.061700530790506865 0.03695054325731769 0.0924395389537905 -0.06646565527321627 0.9872158337260133 0.1417772958554716 0.2137004235966437 -0.02740889766431956 -0.14391309504759736 0.988819990254084 -0.1973992984040725 0.0 0.0 0.0 1.0" />
			</transform>
		</animation>
	</shape>
	<shape type="ply" name="temp18">
		<string name="filename" value="meshes/Cube_014.ply" />
		<boolean name="face_normals" value="true" />
		<ref id="mat-Material" name="bsdf" />
		<animation name="to_world">
			<transform time="0">
				<matrix value="0.9873851340450014 0.1561529901569178 -0.021117206696039573 -0.004028256983661549 -0.12007800601744242 0.8330842491912154 0.5373072018783027 0.5519798695769167 0.10227743973249508 -0.5279492222942996 0.8415302626210285 -0.2847545747032238 0.0 0.0 0.0 1.0" />
			</transform>
			<transform time="0.0015">
				<matrix value="0.9872282613852056 0.15719555782116146 -0.020742608378033753 -0.0036286688436404048 -0.12077827784761282 0.8309638839504366 0.540438285434562 0.5553358213216936 0.10296969798828345 -0.5309867171577467 0.8395405045259638 -0.28696352127306307 0.0 0.0 0.0 1.0" />
			</transform>
		</animation>
	</shape>
	<shape type="ply" name="temp19">
		<string name="filename" value="meshes/Cube_015.ply" />
		<boolean name="face_normals" value="true" />
		<ref id="mat-Material" name="bsdf" />
		<animation name="to_world">
			<transform time="0">
				<matrix value="0.9845262283543164 0.17447759077057212 0.006859814259460896 0.0030177360542528175 -0.11711742079723134 0.6335521032574575 0.7633506626870301 0.4885258365928513 0.1293175681306037 -0.7522728363053087 0.6443418068451577 -0.25098356435117986 0.0 0.0 0.0 1.0" />
			</transform>
			<transform time="0.0015">
				<matrix value="0.9843405374640668 0.17552141171138697 0.006960517444773809 0.0030189561151539074 -0.11744225140181534 0.630946481943677 0.7654633870902656 0.4899765953033408 0.13043706862057322 -0.7542251543538354 0.6418377842286624 -0.25269284673455505 0.0 0.0 0.0 1.0" />
			</transform>
		</animation>
	</shape>
	<shape type="ply" name="temp20">
		<string name="filename" value="meshes/Cube_016.ply" />
		<boolean name="face_normals" value="true" />
		<ref id="mat-Material" name="bsdf" />
		<animation name="to_world">
			<transform time="0">
				<matrix value="0.9826807936499494 0.17295067195357755 0.06561482170354986 0.08151643852733464 -0.15546243796839512 0.5824019707022817 0.7971579134991662 0.2640365799155734 0.0999057890845651 -0.7935197101515781 0.5993038866701874 -0.20762668617270155 0.0 0.0 0.0 1.0" />
			</transform>
			<transform time="0.0015">
				<matrix value="0.9825376599139746 0.17372371156537655 0.06572084812408742 0.08151369204297668 -0.1557696967925939 0.5803931988894514 0.7985655964600585 0.26459125017400253 0.10083553764350403 -0.7948255507491302 0.5974198698983301 -0.20847552019389712 0.0 0.0 0.0 1.0" />
			</transform>
		</animation>
	</shape>
	<shape type="ply" name="temp21">
		<string name="filename" value="meshes/Cube_017.ply" />
		<boolean name="face_normals" value="true" />
		<ref id="mat-Material" name="bsdf" />
		<animation name="to_world">
			<transform time="0">
				<matrix value="0.9512558795944166 0.22726444079654085 0.20819529421999233 0.20569541961845078 -0.30303642378822293 0.5641209328713892 0.7674942000405653 0.0924069400181752 0.057151851773053416 -0.7931912945353061 0.605506072759646 -0.16609079993609577 0.0 0.0 0.0 1.0" />
			</transform>
			<transform time="0.0015">
				<matrix value="0.9511708610274965 0.22696347419993423 0.20891229358050373 0.20568448157879188 -0.30330271955627663 0.5623554498999626 0.7686867153656708 0.09243559010691701 0.05715496497170322 -0.7945331414909104 0.6037480009247823 -0.16544577037884908 0.0 0.0 0.0 1.0" />
			</transform>
		</animation>
	</shape>
	<shape type="ply" name="temp22">
		<string name="filename" value="meshes/Cube_018.ply" />
		<boolean name="face_normals" value="true" />
		<ref id="mat-Material" name="bsdf" />
		<animation name="to_world">
			<transform time="0">
				<matrix value="0.04857147796116143 0.9913324976064978 0.12187186332945804 0.8887358850669895 -0.6743901444434397 -0.05756849379358103 0.735686971922381 0.08607442358036885 0.7363173660126199 -0.11798094793115892 0.6657560324542422 -0.3648931857807398 0.0 0.0 0.0 1.0" />
			</transform>
			<transform time="0.0015">
				<matrix value="0.04902870168659376 0.9912862412633068 0.12206593206073824 0.888382960759296 -0.6730368365116646 -0.05762245602303549 0.7369232986222849 0.0845352766122511 0.737526694490694 -0.11834331982335164 0.6643543152613633 -0.36459529708437904 0.0 0.0 0.0 1.0" />
			</transform>
		</animation>
	</shape>
	<shape type="ply" name="temp23">
		<string name="filename" value="meshes/Cube_019.ply" />
		<boolean name="face_normals" value="true" />
		<ref id="mat-Material" name="bsdf" />
		<animation name="to_world">
			<transform time="0">
				<matrix value="-0.08162805149398877 0.9894559710318447 -0.11962714782887435 0.45031298065778 -0.8595410769342603 -0.009143170018960292 0.5109566871747495 -0.09742528877183027 0.5044765144221819 0.14453696422574636 0.8512237713470894 -0.032175560746531495 0.0 0.0 0.0 1.0" />
			</transform>
			<transform time="0.0015">
				<matrix value="-0.08163777565214964 0.9894400441318596 -0.11975230130163794 0.4504336122522974 -0.8597388312698162 -0.0091436719303205 0.5106239998663533 -0.0972590676584194 0.5041379879775101 0.14464600829841662 0.8514058847133119 -0.03225399896275076 0.0 0.0 0.0 1.0" />
			</transform>
		</animation>
	</shape>
	<shape type="ply" name="temp24">
		<string name="filename" value="meshes/Cube_020.ply" />
		<boolean name="face_normals" value="true" />
		<ref id="mat-Material" name="bsdf" />
		<animation name="to_world">
			<transform time="0">
				<matrix value="0.10735242953773699 0.9940889100563651 0.014305498963550042 -0.1670145181267104 -0.9037511817046884 0.1035722332656968 -0.41523229933012196 0.2742268535187301 -0.41428804249599727 0.03160775485673848 0.9095802041093429 0.1290409057955586 0.0 0.0 0.0 1.0" />
			</transform>
			<transform time="0.0015">
				<matrix value="0.10685652570576903 0.9941457383464953 0.01407745939566393 -0.16684599181825804 -0.9036460276347338 0.10301416252140472 -0.4156003472177379 0.27458924846744315 -0.41464591101232223 0.03164894620299471 0.909415766777302 0.12919640072576102 0.0 0.0 0.0 1.0" />
			</transform>
		</animation>
	</shape>
	<shape type="ply" name="temp25">
		<string name="filename" value="meshes/Cube_021.ply" />
		<boolean name="face_normals" value="true" />
		<ref id="mat-Material" name="bsdf" />
		<animation name="to_world">
			<transform time="0">
				<matrix value="0.2545388119717673 0.9480815480275249 -0.18847681505516758 -0.22362809790892582 -0.7349329021483013 0.06341884932512626 -0.6745137702643987 0.18452422972138316 -0.6278148031920459 0.3100325808315413 0.7136871950795731 0.17056650778873345 0.0 0.0 0.0 1.0" />
			</transform>
			<transform time="0.0015">
				<matrix value="0.25259703928465205 0.9484835877376625 -0.18907684195973626 -0.22419260707831856 -0.7347393444875016 0.06132685288937054 -0.6749213573221349 0.18522479444546835 -0.6288286432197934 0.3092310770485572 0.7131435187261099 0.17118961029224883 0.0 0.0 0.0 1.0" />
			</transform>
		</animation>
	</shape>
	<shape type="ply" name="temp26">
		<string name="filename" value="meshes/Cube_022.ply" />
		<boolean name="face_normals" value="true" />
		<ref id="mat-Material" name="bsdf" />
		<animation name="to_world">
			<transform time="0">
				<matrix value="0.6891983894388034 0.49203114994482955 -0.5313021694945064 -0.11366017115843785 -0.6075212268207019 -0.006431556266595471 -0.7939575935144468 -0.04896234128867001 -0.3944687266744323 0.8703692772353433 0.29446797103306177 0.5600189692315405 0.0 0.0 0.0 1.0" />
			</transform>
			<transform time="0.0015">
				<matrix value="0.6885461336314783 0.49130422700609444 -0.532821465932571 -0.11337096482055023 -0.6085410187864113 -0.007418311297474079 -0.7931692781205877 -0.050234804086891384 -0.39403774094254107 0.8707729314120047 0.2938522459035604 0.5607767757857633 0.0 0.0 0.0 1.0" />
			</transform>
		</animation>
	</shape>
	<shape type="ply" name="temp27">
		<string name="filename" value="meshes/Cube_023.ply" />
		<boolean name="face_normals" value="true" />
		<ref id="mat-Material" name="bsdf" />
		<animation name="to_world">
			<transform time="0">
				<matrix value="0.8670123504725837 0.31378532110474466 -0.38682916324090433 -0.09795444375456641 -0.4554571412361465 0.18497169514186845 -0.8707447067539564 -0.25833644768139596 -0.2017653631829682 0.9312699849610887 0.303269678374697 0.1568637401948063 0.0 0.0 0.0 1.0" />
			</transform>
			<transform time="0.0015">
				<matrix value="0.8667224288617781 0.3134746677089958 -0.38773098141364615 -0.09798556654342384 -0.4561691557771646 0.18454664665556655 -0.8704625710318663 -0.2592009713764206 -0.20140394012762192 0.9314590878004685 0.3029294508801952 0.15737573085854764 0.0 0.0 0.0 1.0" />
			</transform>
		</animation>
	</shape>
	<shape type="ply" name="temp28">
		<string name="filename" value="meshes/Cube_024.ply" />
		<boolean name="face_normals" value="true" />
		<ref id="mat-Material" name="bsdf" />
		<animation name="to_world">
			<transform time="0">
				<matrix value="0.89733558854452 0.3216562409396295 -0.3019477556863715 -0.1233078556984244 -0.3733924971676888 0.1891471936056468 -0.9081063977559464 -0.5063125785447091 -0.2350737641992316 0.9277399081812929 0.28983332238034965 -0.21381322330900468 0.0 0.0 0.0 1.0" />
			</transform>
			<transform time="0.0015">
				<matrix value="0.8971079149497722 0.3214940734091825 -0.3027971244607288 -0.12361736039217604 -0.3740728212293707 0.18864206307428072 -0.9079318756380379 -0.5069966115588911 -0.23486222626042771 0.9278991246171175 0.28949526502970446 -0.21361597486546655 0.0 0.0 0.0 1.0" />
			</transform>
		</animation>
	</shape>
	<shape type="ply" name="temp29">
		<string name="filename" value="meshes/Cube_025.ply" />
		<boolean name="face_normals" value="true" />
		<ref id="mat-Material" name="bsdf" />
		<animation name="to_world">
			<transform time="0">
				<matrix value="0.8880598801121222 0.40075820308996446 -0.2252608149681741 -0.28779001434279305 -0.32081258964553117 0.1892646994407861 -0.9280392520262626 -0.7921414345953418 -0.32928594287152924 0.8964206973799755 0.29664670859689446 -0.747196558534784 0.0 0.0 0.0 1.0" />
			</transform>
			<transform time="0.0015">
				<matrix value="0.8880587950403223 0.40078012979810046 -0.22522612415483084 -0.2877693685948428 -0.32081461458099325 0.18934825972256553 -0.9280215079088472 -0.7921357088701902 -0.32928692741461835 0.8963932439399258 0.2967285528065754 -0.7471682063051264 0.0 0.0 0.0 1.0" />
			</transform>
		</animation>
	</shape>
	<shape type="ply" name="temp30">
		<string name="filename" value="meshes/Cube_026.ply" />
		<boolean name="face_normals" value="true" />
		<ref id="mat-Material" name="bsdf" />
		<animation name="to_world">
			<transform time="0">
				<matrix value="0.9226936387797038 0.2569971611708241 -0.2873663007109353 -0.30303628861255877 -0.3426887365321164 0.20527463221414077 -0.9167462924938337 -1.1305489550603165 -0.1766114920030424 0.9443547764708827 0.2774808389764839 -0.851158490015959 0.0 0.0 0.0 1.0" />
			</transform>
			<transform time="0.0015">
				<matrix value="0.9227704395234326 0.2567936257516369 -0.2873017155276902 -0.30294002484316507 -0.3425732051079018 0.20531768365355357 -0.9167798403647458 -1.1304547655175616 -0.17643440828527718 0.944400807539675 0.2774368914357963 -0.851074031518352 0.0 0.0 0.0 1.0" />
			</transform>
		</animation>
	</shape>
	<shape type="ply" name="temp31">
		<string name="filename" value="meshes/Cube_027.ply" />
		<boolean name="face_normals" value="true" />
		<ref id="mat-Material" name="bsdf" />
		<animation name="to_world">
			<transform time="0">
				<matrix value="0.8796841729207998 0.1960261501847012 -0.4331514192466459 -0.5113281718162621 -0.46840820563554586 0.20098074143293082 -0.8603417756409741 -1.5604779892618221 -0.08161032184629459 0.9597397287989938 0.268592374548544 -0.9877935473100774 0.0 0.0 0.0 1.0" />
			</transform>
			<transform time="0.0015">
				<matrix value="0.8796226908377774 0.19539587972488082 -0.4335614998422251 -0.5116939797455997 -0.46863522499582605 0.2009630018249512 -0.860222315604446 -1.5607889668416433 -0.08096992204407862 0.9598721751271113 0.2683136940358882 -0.9872412274546973 0.0 0.0 0.0 1.0" />
			</transform>
		</animation>
	</shape>
	<shape type="ply" name="temp32">
		<string name="filename" value="meshes/Cube_028.ply" />
		<boolean name="face_normals" value="true" />
		<ref id="mat-Material" name="bsdf" />
		<animation name="to_world">
			<transform time="0">
				<matrix value="-0.11079835273843272 0.9806561220467104 0.16135625438217843 -1.4593023180235143 -0.8293339680547208 -0.001774745892458226 -0.5587051162095805 -2.1036736336700157 -0.5476116391591183 -0.19573010681590164 0.8134877483392047 -1.1985119963130948 0.0 0.0 0.0 1.0" />
			</transform>
			<transform time="0.0015">
				<matrix value="-0.11074082318901132 0.9806519019063089 0.16142137316550126 -1.459093722743113 -0.8296201078711646 -0.001791226667098155 -0.5582803211876171 -2.103473371138535 -0.5471899291954234 -0.19575107310418471 0.8137665905488537 -1.1974428851646146 0.0 0.0 0.0 1.0" />
			</transform>
		</animation>
	</shape>
	<shape type="ply" name="temp33">
		<string name="filename" value="meshes/Cube_029.ply" />
		<boolean name="face_normals" value="true" />
		<ref id="mat-Material" name="bsdf" />
		<animation name="to_world">
			<transform time="0">
				<matrix value="-0.004669215746763896 0.986850130260751 0.16156155190697752 -1.664854620818568 -0.9998931788726426 -0.0024773196112827297 -0.013728363326384885 -1.9124911754219256 -0.01314624565845252 -0.16161262601085055 0.9867564243977002 -0.20584549161644983 0.0 0.0 0.0 1.0" />
			</transform>
			<transform time="0.0015">
				<matrix value="-0.004740510548954384 0.9868337978668482 0.16165926284687876 -1.6648355514510822 -0.9998887747576896 -0.0024961600601571318 -0.014046340463580779 -1.9129181526367278 -0.013456531513834625 -0.16171207714871128 0.9867359995143442 -0.2065433660456899 0.0 0.0 0.0 1.0" />
			</transform>
		</animation>
	</shape>
	<shape type="ply" name="temp34">
		<string name="filename" value="meshes/Cube_030.ply" />
		<boolean name="face_normals" value="true" />
		<ref id="mat-Material" name="bsdf" />
		<animation name="to_world">
			<transform time="0">
				<matrix value="-0.04482427838672362 0.9821533868302041 -0.18266095195760554 -3.2094494374677236 -0.9664953572239439 0.0036188454467828597 0.25663226038822284 -1.8374997448399466 0.25271318978655427 0.18804680210273333 0.9490847275282808 0.33763477692591726 0.0 0.0 0.0 1.0" />
			</transform>
			<transform time="0.0015">
				<matrix value="-0.04477632164710557 0.9821534065060353 -0.18267263068382297 -3.2093692785382117 -0.9665623653473783 0.00361910573859838 0.25637993813942095 -1.8380810264749265 0.2524654704347769 0.18804670942659962 0.9491507029842394 0.33715168760776243 0.0 0.0 0.0 1.0" />
			</transform>
		</animation>
	</shape>
	<shape type="ply" name="temp35">
		<string name="filename" value="meshes/Cube_031.ply" />
		<boolean name="face_normals" value="true" />
		<ref id="mat-Material" name="bsdf" />
		<animation name="to_world">
			<transform time="0">
				<matrix value="0.09923022302123835 0.9870235679139299 0.12622989398615006 -2.0333088807251825 -0.7919596490948129 0.0015559443330837278 0.610506661384019 -1.234371757250838 0.602389158675028 -0.1605600482246367 0.7818358319531786 0.5898693309633898 0.0 0.0 0.0 1.0" />
			</transform>
			<transform time="0.0015">
				<matrix value="0.099230388973396 0.9870059064010752 0.12636789726365497 -2.0331488797792394 -0.7923516631964509 0.0015751972593820718 0.6099980902988238 -1.2359234650393158 0.6018737495700127 -0.16066845927624673 0.7822106711146006 0.5890196777913119 0.0 0.0 0.0 1.0" />
			</transform>
		</animation>
	</shape>
	<shape type="ply" name="temp36">
		<string name="filename" value="meshes/Cube_032.ply" />
		<boolean name="face_normals" value="true" />
		<ref id="mat-Material" name="bsdf" />
		<animation name="to_world">
			<transform time="0">
				<matrix value="0.7738574571784684 0.580138937848205 0.25413065380802147 -0.5458899792070431 -0.28836888570937214 -0.03451030718175807 0.9568970938030854 0.27810321276304484 0.5639034124252917 -0.8137855296888135 0.14058864092069362 -0.19769140193363066 0.0 0.0 0.0 1.0" />
			</transform>
			<transform time="0.0015">
				<matrix value="0.7738051503349316 0.5801901877738996 0.25417293331656826 -0.5460244026444561 -0.28842135052659745 -0.03452583985154552 0.9568807198549285 0.27794453499401417 0.5639483471633636 -0.8137483293764485 0.14062364151143447 -0.1975568728858927 0.0 0.0 0.0 1.0" />
			</transform>
		</animation>
	</shape>
	<shape type="ply" name="temp37">
		<string name="filename" value="meshes/Cube_033.ply" />
		<boolean name="face_normals" value="true" />
		<ref id="mat-Material" name="bsdf" />
		<animation name="to_world">
			<transform time="0">
				<matrix value="0.9788398870976035 0.15706064373215303 0.13116409098194365 -0.12970669564629023 -0.1494783937648375 0.11108960145841981 0.9825002446691671 0.30134958560612846 0.13974277827125298 -0.9813164992084235 0.13221659391206378 -0.39705574743886873 0.0 0.0 0.0 1.0" />
			</transform>
			<transform time="0.0015">
				<matrix value="0.9788297863557003 0.1570934609556348 0.13120018515498083 -0.1297265980964089 -0.1494891232101072 0.11087936938227519 0.9825223801365042 0.3013350976172127 0.13980206467957412 -0.9813350468005796 0.13201627857062387 -0.39704113409166153 0.0 0.0 0.0 1.0" />
			</transform>
		</animation>
	</shape>
	<shape type="ply" name="temp38">
		<string name="filename" value="meshes/Cube_034.ply" />
		<boolean name="face_normals" value="true" />
		<ref id="mat-Material" name="bsdf" />
		<animation name="to_world">
			<transform time="0">
				<matrix value="0.9999242057561075 0.0037474578816619145 0.011750549973736478 -0.03586136962838693 -0.012234511823015565 0.18082290586809563 0.9834396797126945 0.3695232252715378 0.0015606300762197555 -0.9835085091870854 0.18085502772680834 -0.34395118887004444 0.0 0.0 0.0 1.0" />
			</transform>
			<transform time="0.0015">
				<matrix value="0.9999242057561075 0.0037463419473824306 0.011751169528531608 -0.03586610527139679 -0.0122349094699164 0.18081680543737996 0.9834407945709112 0.3695225868648929 0.0015594964953274868 -0.9835096355590787 0.18084891558046406 -0.3439593157161957 0.0 0.0 0.0 1.0" />
			</transform>
		</animation>
	</shape>
	<shape type="ply" name="temp39">
		<string name="filename" value="meshes/Cube_035.ply" />
		<boolean name="face_normals" value="true" />
		<ref id="mat-Material" name="bsdf" />
		<animation name="to_world">
			<transform time="0">
				<matrix value="0.9990572259838625 -0.043341214334731544 0.002487658981769665 0.009465101561763056 0.0067783257716385915 0.21233399315427087 0.9771736668839928 0.09193749166898149 -0.04288011034932725 -0.9762354955853183 0.21242756256084222 -0.1356644602289852 0.0 0.0 0.0 1.0" />
			</transform>
			<transform time="0.0015">
				<matrix value="0.9990567472757155 -0.04335220096715408 0.0024903516622254247 0.009459393532475342 0.006778075407277673 0.2123350294165047 0.9771734456144231 0.09193570999885656 -0.04289141073384705 -0.9762347822163893 0.2124285548697586 -0.13569829958852164 0.0 0.0 0.0 1.0" />
			</transform>
		</animation>
	</shape>
	<shape type="ply" name="temp40">
		<string name="filename" value="meshes/Cube_036.ply" />
		<boolean name="face_normals" value="true" />
		<ref id="mat-Material" name="bsdf" />
		<animation name="to_world">
			<transform time="0">
				<matrix value="0.9997451363143963 -0.02242437263126717 0.002656327050103045 0.005325117166216531 0.0021831667632932466 0.21306904341260224 0.9770347846273062 -0.2510453602239364 -0.022475373519352797 -0.9767796914207287 0.21306371421506587 0.24398060339090466 0.0 0.0 0.0 1.0" />
			</transform>
			<transform time="0.0015">
				<matrix value="0.999744912917261 -0.02243437181090892 0.0026590367512949343 0.0053186380971790475 0.0021825562508363465 0.21306494341854668 0.977035678215953 -0.2510474180274419 -0.02248573021054534 -0.9767803597347781 0.21305957732514946 0.24395736032190046 0.0 0.0 0.0 1.0" />
			</transform>
		</animation>
	</shape>
	<shape type="ply" name="temp41">
		<string name="filename" value="meshes/Cube_037.ply" />
		<boolean name="face_normals" value="true" />
		<ref id="mat-Material" name="bsdf" />
		<animation name="to_world">
			<transform time="0">
				<matrix value="0.9989812101193738 -0.04503856719431483 0.0028588232902353123 -0.0021797699279404448 0.006812916314289919 0.21312963708457877 0.9770002709090488 -0.5691259690704528 -0.044612004389860765 -0.9759852989948334 0.21321928598208784 0.5080732211559187 0.0 0.0 0.0 1.0" />
			</transform>
			<transform time="0.0015">
				<matrix value="0.9989810345930532 -0.04504237808622546 0.002859575606772257 -0.0021876948049879713 0.006812698502083001 0.21312317170933728 0.9770016751197795 -0.569127266760316 -0.04461593298805441 -0.9759865304948794 0.21321280703887996 0.5080858118343297 0.0 0.0 0.0 1.0" />
			</transform>
		</animation>
	</shape>
	<shape type="ply" name="temp42">
		<string name="filename" value="meshes/Cube_038.ply" />
		<boolean name="face_normals" value="true" />
		<ref id="mat-Material" name="bsdf" />
		<animation name="to_world">
			<transform time="0">
				<matrix value="0.9992987924336956 -0.03732497189329674 0.002995140657585619 0.0038296427225832375 0.005034679190889798 0.21319231659724294 0.9769974341650824 -0.9045855365431776 -0.03710493912525464 -0.9762970278856042 0.21323073933585204 0.8527959976424071 0.0 0.0 0.0 1.0" />
			</transform>
			<transform time="0.0015">
				<matrix value="0.9992986647781896 -0.03732814525865916 0.0029976946190419197 0.0038319004535175877 0.005032621064996149 0.21318602393237376 0.9769988213550771 -0.9045925870076219 -0.0371086162421017 -0.9762982819130901 0.21322436507017137 0.8528223686772027 0.0 0.0 0.0 1.0" />
			</transform>
		</animation>
	</shape>
	<shape type="ply" name="temp43">
		<string name="filename" value="meshes/Cube_039.ply" />
		<boolean name="face_normals" value="true" />
		<ref id="mat-Material" name="bsdf" />
		<animation name="to_world">
			<transform time="0">
