<scene version="2.1.0">
	<default name="spp" value="1024" />
	<default name="resx" value="640" />
	<default name="resy" value="360" />
	<integrator type="path" name="temp0">
		<integer name="max_depth" value="12" />
	</integrator>
	<sensor type="perspective" name="temp44">
		<string name="fov_axis" value="x" />
		<float name="fov" value="83.974423" />
		<float name="principal_point_offset_x" value="0.000000" />
		<float name="principal_point_offset_y" value="-0.000000" />
		<float name="near_clip" value="0.100000" />
		<float name="far_clip" value="1000.000000" />
		<transform name="to_world">
			<rotate x="1" angle="-142.5518126578256" />
			<rotate y="1" angle="3.976628485794621e-06" />
			<rotate z="1" angle="-179.999991348578" />
			<translate value="-0.000000 3.030926 4.073377" />
		</transform>
		<sampler type="correlated" name="sampler">
			<integer name="sample_count" value="1024" />
		</sampler>
		<film type="hdrfilm" name="film">
			<integer name="width" value="$resx" />
			<integer name="height" value="$resy" />
		</film>
		<float name="shutter_open" value="0.0" />
		<float name="shutter_close" value="0.0015" />
	</sensor>
	<bsdf type="twosided" id="mat-Material" name="mat-Material">
		<bsdf type="diffuse" name="bsdf">
			<texture type="bitmap" name="reflectance">
				<string name="filename" value="textures/siggraph_2023_logo.jpg" />
			</texture>
		</bsdf>
	</bsdf>
	<bsdf type="twosided" id="mat-Material.001" name="mat-Material.001">
		<bsdf type="principled" name="bsdf">
			<rgb value="0.433648 0.266232 0.084399" name="base_color" />
			<float name="spec_tint" value="0.000000" />
			<float name="spec_trans" value="0.000000" />
			<float name="metallic" value="0.000000" />
			<float name="anisotropic" value="0.000000" />
			<float name="roughness" value="0.500000" />
			<float name="sheen" value="0.000000" />
			<float name="sheen_tint" value="0.500000" />
			<float name="clearcoat" value="0.000000" />
			<float name="clearcoat_gloss" value="0.173205" />
			<float name="specular" value="0.500000" />
		</bsdf>
	</bsdf>
	<bsdf type="twosided" id="mat-Material.002" name="mat-Material.002">
		<bsdf type="principled" name="bsdf">
			<rgb value="0.433648 0.266232 0.084399" name="base_color" />
			<float name="spec_tint" value="0.000000" />
			<float name="spec_trans" value="0.000000" />
			<float name="metallic" value="0.000000" />
			<float name="anisotropic" value="0.000000" />
			<float name="roughness" value="0.500000" />
			<float name="sheen" value="0.000000" />
			<float name="sheen_tint" value="0.500000" />
			<float name="clearcoat" value="0.000000" />
			<float name="clearcoat_gloss" value="0.173205" />
			<float name="specular" value="0.500000" />
		</bsdf>
	</bsdf>
	<bsdf type="twosided" id="mat-Material.003" name="mat-Material.003">
		<bsdf type="principled" name="bsdf">
			<rgb value="0.433648 0.266232 0.084399" name="base_color" />
			<float name="spec_tint" value="0.000000" />
			<float name="spec_trans" value="0.000000" />
			<float name="metallic" value="0.000000" />
			<float name="anisotropic" value="0.000000" />
			<float name="roughness" value="0.500000" />
			<float name="sheen" value="0.000000" />
			<float name="sheen_tint" value="0.500000" />
			<float name="clearcoat" value="0.000000" />
			<float name="clearcoat_gloss" value="0.173205" />
			<float name="specular" value="0.500000" />
		</bsdf>
	</bsdf>
	<bsdf type="twosided" id="mat-Material.004" name="mat-Material.004">
		<bsdf type="principled" name="bsdf">
			<rgb value="0.433648 0.266232 0.084399" name="base_color" />
			<float name="spec_tint" value="0.000000" />
			<float name="spec_trans" value="0.000000" />
			<float name="metallic" value="0.000000" />
			<float name="anisotropic" value="0.000000" />
			<float name="roughness" value="0.500000" />
			<float name="sheen" value="0.000000" />
			<float name="sheen_tint" value="0.500000" />
			<float name="clearcoat" value="0.000000" />
			<float name="clearcoat_gloss" value="0.173205" />
			<float name="specular" value="0.500000" />
		</bsdf>
	</bsdf>
	<bsdf type="twosided" id="mat-Material.005" name="mat-Material.005">
		<bsdf type="principled" name="bsdf">
			<rgb value="0.433648 0.266232 0.084399" name="base_color" />
			<float name="spec_tint" value="0.000000" />
			<float name="spec_trans" value="0.000000" />
			<float name="metallic" value="0.000000" />
			<float name="anisotropic" value="0.000000" />
			<float name="roughness" value="0.500000" />
			<float name="sheen" value="0.000000" />
			<float name="sheen_tint" value="0.500000" />
			<float name="clearcoat" value="0.000000" />
			<float name="clearcoat_gloss" value="0.173205" />
			<float name="specular" value="0.500000" />
		</bsdf>
	</bsdf>
	<emitter type="point" name="temp45">
		<point name="position" x="-6.815235034541981e-16" y="3.0693089962005615" z="4.109199523925781" />
		<rgb value="7.957747 7.957747 7.957747" name="intensity" />
	</emitter>
	<shape type="ply" name="temp2">
		<string name="filename" value="meshes/Cube.ply" />
		<boolean name="face_normals" value="true" />
		<ref id="mat-Material" name="bsdf" />
		<animation name="to_world">
			<transform time="0">
				<matrix value="0.9999986702764229 0.00015583002901404397 0.0017466021717166226 -0.0027026075410367945 -0.000156863057974175 0.9999997914159312 0.0005913287356017514 -0.018226180197847608 -0.0017465077026454408 -0.0005916028225596186 0.9999983452326863 0.004064589529873208 0.0 0.0 0.0 1.0" />
				<scale value="1" />
			</transform>
			<transform time="0.0015">
				<matrix value="0.999998670276423 0.00015643382447561943 0.0017473538074241216 -0.00270382926200527 -0.00015732598470933278 0.9999997463610515 0.0005113826784140482 -0.018118889804148393 -0.0017472728378338457 -0.0005116577443298552 0.9999983026808459 0.004062827542051782 0.0 0.0 0.0 1.0" />
				<scale value="1" />
			</transform>
		</animation>
	</shape>
	<shape type="ply" name="temp4">
		<string name="filename" value="meshes/Plane.ply" />
		<boolean name="face_normals" value="true" />
		<ref id="mat-Material.001" name="bsdf" />
		<transform name="to_world">
			<scale value="1" />
		</transform>
	</shape>
	<shape type="ply" name="temp5">
		<string name="filename" value="meshes/Cube_001.ply" />
		<boolean name="face_normals" value="true" />
		<ref id="mat-Material" name="bsdf" />
		<animation name="to_world">
			<transform time="0">
				<matrix value="0.9999982270352306 0.00015174240701843676 -0.0019997673869947582 0.0024881206088767094 -0.0001542723132048643 0.9999991656637249 -0.0012649750532007693 -0.016091177368687704 0.0019995762614201094 0.0012652813903379688 0.9999971632560337 -0.00465760011578642 0.0 0.0 0.0 1.0" />
				<scale value="1" />
			</transform>
			<transform time="0.0015">
				<matrix value="0.9999982270352306 0.00015329279048487848 -0.0020001301839853683 0.002490490296169594 -0.00015598383844309428 0.9999989779350593 -0.001344940173612938 -0.016004974877770264 0.0019999210908553844 0.0013452495216478616 0.9999969760279364 -0.004655803103941071 0.0 0.0 0.0 1.0" />
				<scale value="1" />
			</transform>
		</animation>
	</shape>
	<shape type="ply" name="temp6">
		<string name="filename" value="meshes/Cube_002.ply" />
		<boolean name="face_normals" value="true" />
		<ref id="mat-Material" name="bsdf" />
		<animation name="to_world">
			<transform time="0">
				<matrix value="1.0 0.00012119652165206926 0.0003452624720994411 -0.0008201966354546286 -0.00012228226662907982 0.9999949939823496 0.003145972698230487 -0.01940506849248108 -0.00034487887991177724 -0.0031460192773396355 0.9999950356980589 0.0014094272295979149 0.0 0.0 0.0 1.0" />
				<scale value="1" />
			</transform>
			<transform time="0.0015">
				<matrix value="1.0 0.00012052063838292334 0.0003468317839706235 -0.0008213900344447636 -0.00012160854873982758 0.9999950165097895 0.00313882484009271 -0.01940246439520912 -0.00034645103725145605 -0.0031388712455787623 0.9999950612291632 0.0014102448855270787 0.0 0.0 0.0 1.0" />
				<scale value="1" />
			</transform>
		</animation>
	</shape>
	<shape type="ply" name="temp7">
		<string name="filename" value="meshes/Cube_003.ply" />
		<boolean name="face_normals" value="true" />
		<ref id="mat-Material" name="bsdf" />
		<animation name="to_world">
			<transform time="0">
				<matrix value="0.9999986702764229 6.89695738418891e-05 0.0017604502101790883 -0.00113533182665293 -6.98299904082606e-05 0.9999997914159312 0.0004886409679726878 -0.01773755462872384 -0.0017604166112615176 -0.000488762533295232 0.9999983452326863 0.005390299986674285 0.0 0.0 0.0 1.0" />
				<scale value="1" />
			</transform>
			<transform time="0.0015">
				<matrix value="0.9999986543194846 5.051925517108263e-05 0.0017620540741446146 -0.001135195436687655 -5.1073503100659606e-05 0.9999994685226264 0.0003185225400193592 -0.017724462173555416 -0.0017619534239830042 -0.00031861045215365316 0.9999980303490679 0.005392428938918996 0.0 0.0 0.0 1.0" />
				<scale value="1" />
			</transform>
		</animation>
	</shape>
	<shape type="ply" name="temp8">
		<string name="filename" value="meshes/Cube_004.ply" />
		<boolean name="face_normals" value="true" />
		<ref id="mat-Material" name="bsdf" />
		<animation name="to_world">
			<transform time="0">
				<matrix value="0.9999991135176153 0.0003388990515682393 0.0013482122130337984 -0.00040861085745014236 -0.0003395865800750673 0.9999997914159312 0.0005092002698689094 -0.016955790038457097 -0.0013480383031308784 -0.0005096584853042094 0.999999054418678 0.004239397795225405 0.0 0.0 0.0 1.0" />
				<scale value="1" />
			</transform>
			<transform time="0.0015">
				<matrix value="0.9999991135176153 0.0003180130360625598 0.001348501225133285 -0.00040677342847121004 -0.00031861458359199796 0.9999997688884914 0.0004457039882176875 -0.017009270977407415 -0.0013483226557702396 -0.00044613388326700113 0.9999990288875739 0.004236468465744004 0.0 0.0 0.0 1.0" />
				<scale value="1" />
			</transform>
		</animation>
	</shape>
	<shape type="ply" name="temp9">
		<string name="filename" value="meshes/Cube_005.ply" />
		<boolean name="face_normals" value="true" />
		<ref id="mat-Material" name="bsdf" />
		<animation name="to_world">
			<transform time="0">
				<matrix value="0.9993023383632343 -0.01536942741587283 0.03404799581674823 0.013360738124402971 0.020236907984901433 0.9888428381617069 -0.1475808956640841 -0.11523841293747894 -0.03139987979298863 0.14816690062846383 0.9884639078701206 0.09441329122084441 0.0 0.0 0.0 1.0" />
				<scale value="1" />
			</transform>
			<transform time="0.0015">
				<matrix value="0.9992869718317132 -0.015601749373909558 0.03433757725985851 0.013501745968873562 0.020613953521058038 0.9883146147517345 -0.15032184267232446 -0.11704145728242721 -0.03156989538496233 0.1509242277296177 0.9879340183129227 0.09462789237250767 0.0 0.0 0.0 1.0" />
				<scale value="1" />
			</transform>
		</animation>
	</shape>
	<shape type="ply" name="temp10">
		<string name="filename" value="meshes/Cube_006.ply" />
		<boolean name="face_normals" value="true" />
		<ref id="mat-Material" name="bsdf" />
		<animation name="to_world">
			<transform time="0">
				<matrix value="0.9998111792520571 0.017772313802216413 0.007851847264031363 0.026652408208563738 -0.013460126908818195 0.9249933774558167 -0.37974451338257603 -0.2287665462632416 -0.014011846950589244 0.3795671046236831 0.9250581887106101 0.007904382150688782 0.0 0.0 0.0 1.0" />
				<scale value="1" />
			</transform>
			<transform time="0.0015">
				<matrix value="0.999811370735316 0.01781747305908599 0.007654191242404413 0.02652486664644742 -0.013548875250481582 0.9238319828026837 -0.3822847305944517 -0.23016058978677778 -0.013891754714288109 0.38210937126741445 0.9238994595467227 0.006734647061484157 0.0 0.0 0.0 1.0" />
				<scale value="1" />
			</transform>
		</animation>
	</shape>
	<shape type="ply" name="temp11">
		<string name="filename" value="meshes/Cube_007.ply" />
		<boolean name="face_normals" value="true" />
		<ref id="mat-Material" name="bsdf" />
		<animation name="to_world">
			<transform time="0">
				<matrix value="0.9907991993291102 0.13099296445936054 -0.03403754714313879 0.13279546107518625 -0.1327583608586114 0.891727347248672 -0.4326634992844313 -0.10925975220699757 -0.026323668902375242 0.4332011605617586 0.9009127696502437 0.1087469280286475 0.0 0.0 0.0 1.0" />
				<scale value="1" />
			</transform>
			<transform time="0.0015">
				<matrix value="0.9907113085133076 0.131412885700349 -0.03471663451599432 0.13228485963089656 -0.13338581958391815 0.8905520006011155 -0.4347028813356829 -0.10966668404748763 -0.026252902274840357 0.43530212216766623 0.8998179959023647 0.10758469751990626 0.0 0.0 0.0 1.0" />
				<scale value="1" />
			</transform>
		</animation>
	</shape>
	<shape type="ply" name="temp12">
		<string name="filename" value="meshes/Cube_008.ply" />
		<boolean name="face_normals" value="true" />
		<ref id="mat-Material" name="bsdf" />
		<animation name="to_world">
			<transform time="0">
				<matrix value="0.020185390061114097 0.9950171351812492 -0.09763916711305985 2.558772577950419 -0.9323082051036563 -0.016539210676166975 -0.36128747516076065 1.8708543190511029 -0.36110208376549346 0.09832246262694949 0.9273285294650231 0.9689774920610694 0.0 0.0 0.0 1.0" />
				<scale value="1" />
			</transform>
			<transform time="0.0015">
				<matrix value="0.02109627400853194 0.9949698200483845 -0.09781056167070452 2.556451801240133 -0.931679086856773 -0.01593434313372828 -0.3628191371636236 1.8665178566927811 -0.3625479036423844 0.09881659601308776 0.9266717077681359 0.9714966267349715 0.0 0.0 0.0 1.0" />
				<scale value="1" />
			</transform>
		</animation>
	</shape>
	<shape type="ply" name="temp13">
		<string name="filename" value="meshes/Cube_009.ply" />
		<boolean name="face_normals" value="true" />
		<ref id="mat-Material" name="bsdf" />
		<animation name="to_world">
			<transform time="0">
				<matrix value="-0.025288434773512617 0.9972043477263295 0.07031215057815206 2.4291170802494184 -0.9428174537743761 -0.0004077609960306452 -0.3333100877924978 1.5337299876595885 -0.3323496481551415 -0.07472038262661575 0.9401919813758303 0.6421044871726236 0.0 0.0 0.0 1.0" />
				<scale value="1" />
			</transform>
			<transform time="0.0015">
				<matrix value="-0.02554166053259621 0.9971749494173048 0.07060793863269213 2.4302221926995986 -0.9421595651678537 -0.00039156428489827674 -0.3350297523362842 1.5293334059881643 -0.3340544523309866 -0.07508758064734239 0.9395083264884343 0.6446557994757038 0.0 0.0 0.0 1.0" />
				<scale value="1" />
			</transform>
		</animation>
	</shape>
	<shape type="ply" name="temp14">
		<string name="filename" value="meshes/Cube_010.ply" />
		<boolean name="face_normals" value="true" />
		<ref id="mat-Material" name="bsdf" />
		<animation name="to_world">
			<transform time="0">
				<matrix value="0.08791631428991875 0.9960832083567122 0.009431038990573027 1.634660779001159 -0.9950263905805928 0.08736996347692956 0.04784799874805033 1.909392071634662 0.046836587610167596 -0.013590747627877679 0.998810222301441 -0.17810572405784098 0.0 0.0 0.0 1.0" />
				<scale value="1" />
			</transform>
			<transform time="0.0015">
				<matrix value="0.08742689744159576 0.9961227590319698 0.009460049133232933 1.6356313024456024 -0.9950150930683219 0.08686704438924366 0.04871133473847589 1.9109939085852166 0.047701997794139916 -0.013660244779863565 0.9987581728903556 -0.17982503200686523 0.0 0.0 0.0 1.0" />
				<scale value="1" />
			</transform>
		</animation>
	</shape>
	<shape type="ply" name="temp15">
		<string name="filename" value="meshes/Cube_011.ply" />
		<boolean name="face_normals" value="true" />
		<ref id="mat-Material" name="bsdf" />
		<animation name="to_world">
			<transform time="0">
				<matrix value="0.05843301827749381 0.9942649810292791 -0.08956853597062267 1.1367939158734544 -0.8335013217452356 0.0979698304002937 0.543762449169094 2.22097050653422 0.549419176741539 0.042881797494071 0.834445967355696 -1.1638771457030463 0.0 0.0 0.0 1.0" />
				<scale value="1" />
			</transform>
			<transform time="0.0015">
				<matrix value="0.05774253602893106 0.9943042313386719 -0.08950864255329176 1.1378358305420453 -0.8332893976485264 0.0973834396387585 0.5441786061674716 2.2217092409942722 0.5497973242638502 0.0431723691790089 0.8341770567455787 -1.1652167988284101 0.0 0.0 0.0 1.0" />
				<scale value="1" />
			</transform>
		</animation>
	</shape>
	<shape type="ply" name="temp16">
		<string name="filename" value="meshes/Cube_012.ply" />
		<boolean name="face_normals" value="true" />
		<ref id="mat-Material" name="bsdf" />
		<animation name="to_world">
			<transform time="0">
				<matrix value="0.10671257758937074 0.9877141897656141 0.11416256244973644 1.0965194580575117 -0.7438048178544644 0.003106409162680973 0.6683898310293456 1.8421209591992032 0.6598234658979092 -0.15624020958527232 0.7349982341268809 -1.791944808288745 0.0 0.0 0.0 1.0" />
				<scale value="1" />
			</transform>
			<transform time="0.0015">
				<matrix value="0.10632719519126348 0.9877383466902968 0.11429355829017665 1.0971848358515428 -0.7449944075999407 0.003009341427958039 0.6669965391008512 1.8419965804086158 0.6584735248801017 -0.156086427518858 0.7361814476196913 -1.788710923849284 0.0 0.0 0.0 1.0" />
				<scale value="1" />
			</transform>
		</animation>
	</shape>
	<shape type="ply" name="temp17">
		<string name="filename" value="meshes/Cube_013.ply" />
		<boolean name="face_normals" value="true" />
		<ref id="mat-Material" name="bsdf" />
		<animation name="to_world">
			<transform time="0">
				<matrix value="0.8692558157676848 0.2876061432179933 0.40209143676826786 0.6691451399025161 -0.44651674476576475 0.1076847585535112 0.8882717657454656 1.5016986455650114 0.2121733090791753 -0.9516756601164317 0.22202660771282315 -1.4625754647391733 0.0 0.0 0.0 1.0" />
				<scale value="1" />
			</transform>
			<transform time="0.0015">
				<matrix value="0.8697449278384876 0.28684072088452756 0.4015426286628615 0.668283695081378 -0.4462097125300889 0.1099098343384446 0.8880768868271456 1.500751225302314 0.2106398361448615 -0.9515742490913026 0.22362011966663511 -1.4592875835817394 0.0 0.0 0.0 1.0" />
				<scale value="1" />
			</transform>
		</animation>
	</shape>
	<shape type="ply" name="temp18">
		<string name="filename" value="meshes/Cube_014.ply" />
		<boolean name="face_normals" value="true" />
		<ref id="mat-Material" name="bsdf" />
		<animation name="to_world">
			<transform time="0">
				<matrix value="0.9398534999211031 0.29735911710535373 0.16808733956439906 0.10802402434142455 -0.21947362448960778 0.14863556817257415 0.9642298405608053 1.0258914457741752 0.26173884406242964 -0.9431251733855072 0.2049581556625428 -0.8424787127309399 0.0 0.0 0.0 1.0" />
				<scale value="1" />
			</transform>
			<transform time="0.0015">
				<matrix value="0.9398393939877027 0.2974505710020621 0.16800308521848215 0.10794728773874493 -0.2193411260529671 0.1483996082582735 0.9642952512497528 1.0258083030044738 0.2618982746194246 -0.9431325774040764 0.20471471828611768 -0.8427696498060424 0.0 0.0 0.0 1.0" />
				<scale value="1" />
			</transform>
		</animation>
	</shape>
	<shape type="ply" name="temp19">
		<string name="filename" value="meshes/Cube_015.ply" />
		<boolean name="face_normals" value="true" />
		<ref id="mat-Material" name="bsdf" />
		<animation name="to_world">
			<transform time="0">
				<matrix value="0.9829578193951708 0.1361519785241843 0.12351769489967619 0.04766089496906756 -0.14899787598820624 0.19651476879498897 0.9691137680895616 0.6356317316674581 0.10767374611499095 -0.9710018084238763 0.21345209992336064 -0.3364330921234234 0.0 0.0 0.0 1.0" />
				<scale value="1" />
			</transform>
			<transform time="0.0015">
				<matrix value="0.9829581864047502 0.13623934744513036 0.12341646236946964 0.04759450475125899 -0.14889956848312336 0.19636223549965787 0.9691593155794455 0.6356035761059619 0.10780303241996476 -0.9710199805587014 0.21330163150975096 -0.3364592426453633 0.0 0.0 0.0 1.0" />
				<scale value="1" />
			</transform>
		</animation>
	</shape>
	<shape type="ply" name="temp20">
		<string name="filename" value="meshes/Cube_016.ply" />
		<boolean name="face_normals" value="true" />
		<ref id="mat-Material" name="bsdf" />
		<animation name="to_world">
			<transform time="0">
				<matrix value="0.9843682128692421 0.0658929379691838 0.16333274392097588 0.08785331353388781 -0.17373689557414806 0.2111400579446543 0.9618916543465299 0.33250752543753737 0.02889579754160705 -0.9752323105065881 0.2192875422970345 0.002610049684385607 0.0 0.0 0.0 1.0" />
				<scale value="1" />
			</transform>
			<transform time="0.0015">
				<matrix value="0.9843804358839308 0.06597973544407193 0.16322238827620367 0.08776390968387686 -0.17363106756407465 0.21063659669658227 0.9620172333376967 0.3326465593573336 0.02909185358022646 -0.9753315889340766 0.21880221472909844 0.0027108163439550563 0.0 0.0 0.0 1.0" />
				<scale value="1" />
			</transform>
		</animation>
	</shape>
	<shape type="ply" name="temp21">
		<string name="filename" value="meshes/Cube_017.ply" />
		<boolean name="face_normals" value="true" />
		<ref id="mat-Material" name="bsdf" />
		<animation name="to_world">
			<transform time="0">
				<matrix value="0.9549037546074922 0.05379322644095089 0.2920023677356306 0.17980345332039283 -0.2966990055440608 0.21047238034053437 0.9314888508870262 0.1279523531519193 -0.01135066672340154 -0.9761185842147748 0.21694127136245503 0.19734585623431428 0.0 0.0 0.0 1.0" />
				<scale value="1" />
			</transform>
			<transform time="0.0015">
				<matrix value="0.9547098458940513 0.05384234977632218 0.2926080591411833 0.17974179115509617 -0.29730626597694876 0.2099870236449678 0.9313959517092288 0.12861086107247482 -0.011287623413542149 -0.9762170065995484 0.2164876747018492 0.1977200493458574 0.0 0.0 0.0 1.0" />
				<scale value="1" />
			</transform>
		</animation>
	</shape>
	<shape type="ply" name="temp22">
		<string name="filename" value="meshes/Cube_018.ply" />
		<boolean name="face_normals" value="true" />
		<ref id="mat-Material" name="bsdf" />
		<animation name="to_world">
			<transform time="0">
				<matrix value="0.20233437406365298 0.9749588567924359 0.09228136150472248 0.8627276412674896 -0.4073609951296657 -0.0019018883115745385 0.9132653712517748 -0.11683881736491945 0.8905717279491939 -0.22237669031314727 0.3967753785753021 -0.19121444997651826 0.0 0.0 0.0 1.0" />
				<scale value="1" />
			</transform>
			<transform time="0.0015">
				<matrix value="0.20224465139134093 0.9749520234690099 0.09253910906504889 0.8626904369480586 -0.40846450676752305 -0.0019021318331994875 0.9127505961082603 -0.1163382301065458 0.8900642175286054 -0.22240660675328902 0.39784838280167095 -0.19133195569617564 0.0 0.0 0.0 1.0" />
				<scale value="1" />
			</transform>
		</animation>
	</shape>
	<shape type="ply" name="temp23">
		<string name="filename" value="meshes/Cube_019.ply" />
		<boolean name="face_normals" value="true" />
		<ref id="mat-Material" name="bsdf" />
		<animation name="to_world">
			<transform time="0">
				<matrix value="-0.06843564226535255 0.9874090312730095 -0.1426184612460587 0.47049089726260335 -0.9241033673919865 -0.008867234154389756 0.3820403848326865 -0.022682698819943177 0.37596542364106683 0.15793931455103322 0.9130748366153673 -0.052105748317651024 0.0 0.0 0.0 1.0" />
				<scale value="1" />
			</transform>
			<transform time="0.0015">
				<matrix value="-0.06859371329120986 0.9874067635107298 -0.14255548537341464 0.4705102281951465 -0.923684992428383 -0.008870133886449277 0.3830116476088385 -0.023616680992978308 0.37692368565293927 0.1579533055930192 0.9126612667688815 -0.05209339006269853 0.0 0.0 0.0 1.0" />
				<scale value="1" />
			</transform>
		</animation>
	</shape>
	<shape type="ply" name="temp24">
		<string name="filename" value="meshes/Cube_020.ply" />
		<boolean name="face_normals" value="true" />
		<ref id="mat-Material" name="bsdf" />
		<animation name="to_world">
			<transform time="0">
				<matrix value="0.0758238657499985 0.9808794627351414 -0.1792376344629747 0.004092843940141921 -0.9386507589880393 0.00956535995209423 -0.3447362568516328 0.20718254826376675 -0.33643014298649937 0.1943807900356989 0.9214288109274953 0.09648184675899885 0.0 0.0 0.0 1.0" />
				<scale value="1" />
			</transform>
			<transform time="0.0015">
				<matrix value="0.07584324320623306 0.9808049297111529 -0.17962522470885217 0.004407372565156247 -0.9387692081074417 0.009520722559808873 -0.3444100544437973 0.20686940060521064 -0.3360899371008099 0.19474887683367167 0.9214715585065568 0.096495636127524 0.0 0.0 0.0 1.0" />
				<scale value="1" />
			</transform>
		</animation>
	</shape>
	<shape type="ply" name="temp25">
		<string name="filename" value="meshes/Cube_021.ply" />
		<boolean name="face_normals" value="true" />
		<ref id="mat-Material" name="bsdf" />
		<animation name="to_world">
			<transform time="0">
				<matrix value="0.20780459091497394 0.9267265024831934 -0.3130420249434897 -0.14207975412098528 -0.771002983899707 -0.04176829230137061 -0.6354604342771338 0.15136661041479066 -0.6019733984365997 0.37340782565709196 0.7058294142927454 0.2189595832544876 0.0 0.0 0.0 1.0" />
				<scale value="1" />
			</transform>
			<transform time="0.0015">
				<matrix value="0.20733101611493143 0.9268221314654236 -0.3130629264074573 -0.14241389633964374 -0.7713666265651619 -0.041939560166608734 -0.6349998106056167 0.15094063676348016 -0.601660658404117 0.37314738592480384 0.7062275378211933 0.21907392451159913 0.0 0.0 0.0 1.0" />
				<scale value="1" />
			</transform>
		</animation>
	</shape>
	<shape type="ply" name="temp26">
		<string name="filename" value="meshes/Cube_022.ply" />
		<boolean name="face_normals" value="true" />
		<ref id="mat-Material" name="bsdf" />
		<animation name="to_world">
			<transform time="0">
				<matrix value="0.6199672178814135 0.3955556992468029 -0.6776255601978346 -0.08213375568147241 -0.7314428209997039 -0.021188136572504866 -0.6815735986130214 -0.2123877523564094 -0.28395799314571823 0.9181974999113518 0.27619035686711885 0.6697324010892811 0.0 0.0 0.0 1.0" />
				<scale value="1" />
			</transform>
			<transform time="0.0015">
				<matrix value="0.6198637211800163 0.39560266895892304 -0.6776924857322977 -0.08218648046314264 -0.7315312064805918 -0.021190797814067675 -0.681478333552902 -0.2124647639477051 -0.28395542407866226 0.9181771651422996 0.27626033762371716 0.6697423410974082 0.0 0.0 0.0 1.0" />
				<scale value="1" />
			</transform>
		</animation>
	</shape>
	<shape type="ply" name="temp27">
		<string name="filename" value="meshes/Cube_023.ply" />
		<boolean name="face_normals" value="true" />
		<ref id="mat-Material" name="bsdf" />
		<animation name="to_world">
			<transform time="0">
				<matrix value="0.8514016172984626 0.31697874319755204 -0.41789966531149103 -0.07541803043708539 -0.47981878527091787 0.14884859508200482 -0.8646492531562322 -0.28714275200757367 -0.21187159479953974 0.9366795084925005 0.27882214608191286 0.1550183285227298 0.0 0.0 0.0 1.0" />
				<scale value="1" />
			</transform>
			<transform time="0.0015">
				<matrix value="0.8513748415561031 0.3171270112976019 -0.41784089270963426 -0.07544248011282605 -0.479815881108159 0.14889979019092908 -0.8646420108330088 -0.28714007983540935 -0.21198491299642103 0.9366207794567704 0.27893192131958305 0.15489843390585287 0.0 0.0 0.0 1.0" />
				<scale value="1" />
			</transform>
		</animation>
	</shape>
	<shape type="ply" name="temp28">
		<string name="filename" value="meshes/Cube_024.ply" />
		<boolean name="face_normals" value="true" />
		<ref id="mat-Material" name="bsdf" />
		<animation name="to_world">
			<transform time="0">
				<matrix value="0.8616165538174592 0.42474891692722294 -0.27785812592401027 -0.1830571232693795 -0.38163638442840503 0.1812416592445502 -0.9063692466695444 -0.5149248539468754 -0.3346200181906185 0.8869835197727268 0.3182604518649464 -0.3184631733149902 0.0 0.0 0.0 1.0" />
				<scale value="1" />
			</transform>
			<transform time="0.0015">
				<matrix value="0.861572688194249 0.42482358037208473 -0.2778796231137424 -0.18309730444269814 -0.38166827915655066 0.18119164982987754 -0.9063657659290059 -0.5149504970425585 -0.334696233314714 0.8869578460004265 0.3182515840614227 -0.31855373957630817 0.0 0.0 0.0 1.0" />
				<scale value="1" />
			</transform>
		</animation>
	</shape>
	<shape type="ply" name="temp29">
		<string name="filename" value="meshes/Cube_025.ply" />
		<boolean name="face_normals" value="true" />
		<ref id="mat-Material" name="bsdf" />
		<animation name="to_world">
			<transform time="0">
				<matrix value="0.8959433679593353 0.3775302811921831 -0.23400043307624552 -0.27198115285519686 -0.32086278671056523 0.18582508557161423 -0.9287175884272194 -0.7925590670293554 -0.30713587292806904 0.9071602739125991 0.2876240898188786 -0.7201386394310761 0.0 0.0 0.0 1.0" />
				<scale value="1" />
			</transform>
			<transform time="0.0015">
				<matrix value="0.8959149326953992 0.3775366639668118 -0.23409842911347697 -0.2720396158447227 -0.3209500009521866 0.185776402272235 -0.9286970443987105 -0.7926353146575625 -0.30712735671013264 0.9071675577848224 0.2876102179189327 -0.7201482059882728 0.0 0.0 0.0 1.0" />
				<scale value="1" />
			</transform>
		</animation>
	</shape>
	<shape type="ply" name="temp30">
		<string name="filename" value="meshes/Cube_026.ply" />
		<boolean name="face_normals" value="true" />
		<ref id="mat-Material" name="bsdf" />
		<animation name="to_world">
			<transform time="0">
				<matrix value="0.92428288007489 0.24164380932913107 -0.29548210700103683 -0.3127092376967767 -0.3456609789956864 0.20148265727760245 -0.9164734922824016 -1.1399605262842116 -0.16192562590088774 0.9492170796978868 0.26975378480743945 -0.8605090162591177 0.0 0.0 0.0 1.0" />
				<scale value="1" />
			</transform>
			<transform time="0.0015">
				<matrix value="0.9242539341889304 0.24166934793679223 -0.29555145799039834 -0.3128176809828721 -0.3457438705027397 0.2015232314495447 -0.9164331531377735 -1.1400542732086687 -0.1619132161900218 0.9492019262400038 0.2698143445865898 -0.8605292126457867 0.0 0.0 0.0 1.0" />
				<scale value="1" />
			</transform>
		</animation>
	</shape>
	<shape type="ply" name="temp31">
		<string name="filename" value="meshes/Cube_027.ply" />
		<boolean name="face_normals" value="true" />
		<ref id="mat-Material" name="bsdf" />
		<animation name="to_world">
			<transform time="0">
				<matrix value="0.8752484366883145 0.18464854627333274 -0.44704106328728505 -0.5515419040336645 -0.47860164495671303 0.1971268587447828 -0.855617533157991 -1.5780168335702356 -0.06986474051774118 0.9628321962025185 0.2609081079343256 -0.9990756172678821 0.0 0.0 0.0 1.0" />
				<scale value="1" />
			</transform>
			<transform time="0.0015">
				<matrix value="0.8751965766390483 0.1845918109160308 -0.44716537423361025 -0.5518176619735471 -0.4787113967778986 0.19717346876877975 -0.855545092905022 -1.5781333302386094 -0.06975743329949331 0.962833457739151 0.26093154548797654 -0.9989887990091971 0.0 0.0 0.0 1.0" />
				<scale value="1" />
			</transform>
		</animation>
	</shape>
	<shape type="ply" name="temp32">
		<string name="filename" value="meshes/Cube_028.ply" />
		<boolean name="face_normals" value="true" />
		<ref id="mat-Material" name="bsdf" />
		<animation name="to_world">
			<transform time="0">
				<matrix value="-0.10924680910665624 0.981886559468361 0.15480298576758272 -1.4664813879770806 -0.8209407528363004 -0.0013145927500349379 -0.571011975314654 -2.1092817216055986 -0.560465633737392 -0.1894652738813115 0.8062144550071132 -1.2528881890004353 0.0 0.0 0.0 1.0" />
				<scale value="1" />
			</transform>
			<transform time="0.0015">
				<matrix value="-0.1092117820315349 0.9819076151154889 0.15469290160355179 -1.466609403817967 -0.8208142621869056 -0.0013074317274504082 -0.5711926589390416 -2.1093594510340408 -0.5606563989340007 -0.18935527013970302 0.806106645664466 -1.2534573178596953 0.0 0.0 0.0 1.0" />
				<scale value="1" />
			</transform>
		</animation>
	</shape>
	<shape type="ply" name="temp33">
		<string name="filename" value="meshes/Cube_029.ply" />
		<boolean name="face_normals" value="true" />
		<ref id="mat-Material" name="bsdf" />
		<animation name="to_world">
			<transform time="0">
				<matrix value="0.006240570043632663 0.9805322231098633 0.19625890205715946 -1.5911050441164838 -0.9965910319896034 -0.01004765103050959 0.08188847719328769 -1.7655709805864177 0.08226623016274044 -0.19610085456892976 0.9771268606085478 -0.043749915119363214 0.0 0.0 0.0 1.0" />
				<scale value="1" />
			</transform>
			<transform time="0.0015">
				<matrix value="0.006223266499379182 0.9805309690823775 0.19626571035161144 -1.5911250891543005 -0.9965996327793125 -0.010044493359263607 0.08178228482057287 -1.7657668932435837 0.08216145371489676 -0.1961072989185607 0.9771342305872921 -0.043936885271704695 0.0 0.0 0.0 1.0" />
				<scale value="1" />
			</transform>
		</animation>
	</shape>
	<shape type="ply" name="temp34">
		<string name="filename" value="meshes/Cube_030.ply" />
		<boolean name="face_normals" value="true" />
		<ref id="mat-Material" name="bsdf" />
		<animation name="to_world">
			<transform time="0">
				<matrix value="-0.04248048340440804 0.9814915279406741 -0.18673398265909041 -3.2075085304600677 -0.9708633419329821 0.003565968913812004 0.23960694637545132 -1.8762652166261042 0.2358379007477035 0.19147177341346108 0.9527429746426166 0.3001226825661345 0.0 0.0 0.0 1.0" />
				<scale value="1" />
			</transform>
			<transform time="0.0015">
				<matrix value="-0.0424815924733451 0.9814899312139501 -0.1867421201256346 -3.2075197223299963 -0.9708645706414376 0.0035658581317931 0.23960194325609954 -1.8762765592222423 0.2358326169746513 0.19147995824809486 0.9527426406757713 0.3001077418121426 0.0 0.0 0.0 1.0" />
				<scale value="1" />
			</transform>
		</animation>
	</shape>
	<shape type="ply" name="temp35">
		<string name="filename" value="meshes/Cube_031.ply" />
		<boolean name="face_normals" value="true" />
		<ref id="mat-Material" name="bsdf" />
		<animation name="to_world">
			<transform time="0">
				<matrix value="0.12935573119726537 0.9806250430204643 0.14711020892146523 -1.9298584779999106 -0.7488152162928371 -0.0006505924830473299 0.6627787514638781 -1.059396178520732 0.650033154441188 -0.19589254165945313 0.7342228574427415 0.653238087350513 0.0 0.0 0.0 1.0" />
				<scale value="1" />
			</transform>
			<transform time="0.0015">
				<matrix value="0.1292885317432731 0.9806209730629951 0.14719531175107822 -1.929923379860751 -0.7493622520494356 -0.0005918592421951713 0.662146031129351 -1.0618267041194325 0.6494013554286812 -0.1959128306227109 0.7347637168643752 0.652327772464861 0.0 0.0 0.0 1.0" />
				<scale value="1" />
			</transform>
		</animation>
	</shape>
	<shape type="ply" name="temp36">
		<string name="filename" value="meshes/Cube_032.ply" />
		<boolean name="face_normals" value="true" />
		<ref id="mat-Material" name="bsdf" />
		<animation name="to_world">
			<transform time="0">
				<matrix value="0.74922432791338 0.6045696597785255 0.27047810010018436 -0.6209585412696126 -0.3367108755431921 -0.00398653172667978 0.9415997155691382 0.08845796696817616 0.570341047503045 -0.7965423018920662 0.20057836481567548 -0.1312034309571728 0.0 0.0 0.0 1.0" />
				<scale value="1" />
			</transform>
			<transform time="0.0015">
				<matrix value="0.7487539014172514 0.6046371069334836 0.2715588572718604 -0.6211901425662176 -0.3381272293379369 -0.003938354393599922 0.9410595114458455 0.08358131225066923 0.5700667796486487 -0.7964911871310107 0.20149735265598837 -0.13102153765639862 0.0 0.0 0.0 1.0" />
				<scale value="1" />
			</transform>
		</animation>
	</shape>
	<shape type="ply" name="temp37">
		<string name="filename" value="meshes/Cube_033.ply" />
		<boolean name="face_normals" value="true" />
		<ref id="mat-Material" name="bsdf" />
		<animation name="to_world">
			<transform time="0">
				<matrix value="0.9772222783661066 0.16588067322594036 0.1323635608890545 -0.13717756136570314 -0.15009893143413347 0.09933784987370235 0.9836679194043215 0.30043493886838035 0.150022782597287 -0.981129816466878 0.12197367879831743 -0.38035301106975294 0.0 0.0 0.0 1.0" />
				<scale value="1" />
			</transform>
			<transform time="0.0015">
				<matrix value="0.9772220390120332 0.16588209170373724 0.1323636306740726 -0.13718580955674264 -0.15009924099873523 0.09933825461670528 0.9836678257902728 0.3004340031395085 0.15002410383177292 -0.9811295311193063 0.12197431367177508 -0.3803615296733732 0.0 0.0 0.0 1.0" />
				<scale value="1" />
			</transform>
		</animation>
	</shape>
	<shape type="ply" name="temp38">
		<string name="filename" value="meshes/Cube_034.ply" />
		<boolean name="face_normals" value="true" />
		<ref id="mat-Material" name="bsdf" />
		<animation name="to_world">
			<transform time="0">
				<matrix value="0.9999250922384922 0.0021347515659448967 0.012073607832439206 -0.03542364820263133 -0.012260583269949842 0.18103123963597909 0.9834010290761529 0.36942910023438724 -8.638504894269246e-05 -0.983474927152014 0.1810438130377698 -0.3562908463359934 0.0 0.0 0.0 1.0" />
				<scale value="1" />
			</transform>
			<transform time="0.0015">
				<matrix value="0.9999250922384922 0.0021408656633073978 0.012072542334357471 -0.03541216002347987 -0.012260642310621316 0.18103723644047137 0.9833999227283045 0.36942850331961063 -8.025421774619081e-05 -0.9834738082891673 0.1810498851853842 -0.3563001889800256 0.0 0.0 0.0 1.0" />
				<scale value="1" />
			</transform>
		</animation>
	</shape>
	<shape type="ply" name="temp39">
		<string name="filename" value="meshes/Cube_035.ply" />
		<boolean name="face_normals" value="true" />
		<ref id="mat-Material" name="bsdf" />
		<animation name="to_world">
			<transform time="0">
				<matrix value="0.998929129279272 -0.04616705915235606 0.00312401157202422 0.009701336873948474 0.006560568022452826 0.20813698967300276 0.9780776426279407 0.09147182980424966 -0.04580520967967846 -0.9770094467724745 0.20821695985203542 -0.14543457494855316 0.0 0.0 0.0 1.0" />
				<scale value="1" />
			</transform>
			<transform time="0.0015">
				<matrix value="0.9989291133223338 -0.0461673264779758 0.003123982636772799 0.00969259286428948 0.0065603837198162035 0.20813125568864227 0.978078868120942 0.09147125739069256 -0.045805503287342 -0.9770106557450806 0.20821122216188603 -0.14545216245575812 0.0 0.0 0.0 1.0" />
				<scale value="1" />
			</transform>
		</animation>
	</shape>
	<shape type="ply" name="temp40">
		<string name="filename" value="meshes/Cube_036.ply" />
		<boolean name="face_normals" value="true" />
		<ref id="mat-Material" name="bsdf" />
		<animation name="to_world">
			<transform time="0">
				<matrix value="0.9994033973550911 -0.034378054452956996 0.003328493532932943 0.004128542650016609 0.003985740044359579 0.21051910317193792 0.9775816852244881 -0.2463445870628204 -0.0343080650394396 -0.9769850424364288 0.21053063187053478 0.21568979281618705 0.0 0.0 0.0 1.0" />
				<scale value="1" />
			</transform>
			<transform time="0.0015">
				<matrix value="0.9994031260871411 -0.03438609449624509 0.003328917349262579 0.004120199770169794 0.0039868405943897 0.21051401947967488 0.9775827745516005 -0.24634190539774364 -0.03431603505138022 -0.976985853424264 0.21052556054220486 0.21566969812345005 0.0 0.0 0.0 1.0" />
				<scale value="1" />
			</transform>
		</animation>
	</shape>
	<shape type="ply" name="temp41">
		<string name="filename" value="meshes/Cube_037.ply" />
		<boolean name="face_normals" value="true" />
		<ref id="mat-Material" name="bsdf" />
		<animation name="to_world">
			<transform time="0">
				<matrix value="0.9988648593063807 -0.04751876735158722 0.003316650126873374 -0.00497962897390547 0.006767610415813428 0.21048948423417319 0.977572702201928 -0.5696149215850319 -0.04715120020850065 -0.9764406380169496 0.2105721428905759 0.5114407752718226 0.0 0.0 0.0 1.0" />
				<scale value="1" />
			</transform>
