<scene version="2.1.0">
	<default name="spp" value="1024" />
	<default name="resx" value="640" />
	<default name="resy" value="360" />
	<integrator type="path" name="temp0">
		<integer name="max_depth" value="12" />
	</integrator>
	<sensor type="perspective" name="temp44">
		<string name="fov_axis" value="x" />
		<float name="fov" value="83.974423" />
		<float name="principal_point_offset_x" value="0.000000" />
		<float name="principal_point_offset_y" value="-0.000000" />
		<float name="near_clip" value="0.100000" />
		<float name="far_clip" value="1000.000000" />
		<transform name="to_world">
			<rotate x="1" angle="-142.5518126578256" />
			<rotate y="1" angle="3.976628485794621e-06" />
			<rotate z="1" angle="-179.999991348578" />
			<translate value="-0.000000 3.030926 4.073377" />
		</transform>
		<sampler type="correlated" name="sampler">
			<integer name="sample_count" value="1024" />
		</sampler>
		<film type="hdrfilm" name="film">
			<integer name="width" value="$resx" />
			<integer name="height" value="$resy" />
		</film>
		<float name="shutter_open" value="0.0" />
		<float name="shutter_close" value="0.0015" />
	</sensor>
	<bsdf type="twosided" id="mat-Material" name="mat-Material">
		<bsdf type="diffuse" name="bsdf">
			<texture type="bitmap" name="reflectance">
				<string name="filename" value="textures/siggraph_2023_logo.jpg" />
			</texture>
		</bsdf>
	</bsdf>
	<bsdf type="twosided" id="mat-Material.001" name="mat-Material.001">
		<bsdf type="principled" name="bsdf">
			<rgb value="0.433648 0.266232 0.084399" name="base_color" />
			<float name="spec_tint" value="0.000000" />
			<float name="spec_trans" value="0.000000" />
			<float name="metallic" value="0.000000" />
			<float name="anisotropic" value="0.000000" />
			<float name="roughness" value="0.500000" />
			<float name="sheen" value="0.000000" />
			<float name="sheen_tint" value="0.500000" />
			<float name="clearcoat" value="0.000000" />
			<float name="clearcoat_gloss" value="0.173205" />
			<float name="specular" value="0.500000" />
		</bsdf>
	</bsdf>
	<bsdf type="twosided" id="mat-Material.002" name="mat-Material.002">
		<bsdf type="principled" name="bsdf">
			<rgb value="0.433648 0.266232 0.084399" name="base_color" />
			<float name="spec_tint" value="0.000000" />
			<float name="spec_trans" value="0.000000" />
			<float name="metallic" value="0.000000" />
			<float name="anisotropic" value="0.000000" />
			<float name="roughness" value="0.500000" />
			<float name="sheen" value="0.000000" />
			<float name="sheen_tint" value="0.500000" />
			<float name="clearcoat" value="0.000000" />
			<float name="clearcoat_gloss" value="0.173205" />
			<float name="specular" value="0.500000" />
		</bsdf>
	</bsdf>
	<bsdf type="twosided" id="mat-Material.003" name="mat-Material.003">
		<bsdf type="principled" name="bsdf">
			<rgb value="0.433648 0.266232 0.084399" name="base_color" />
			<float name="spec_tint" value="0.000000" />
			<float name="spec_trans" value="0.000000" />
			<float name="metallic" value="0.000000" />
			<float name="anisotropic" value="0.000000" />
			<float name="roughness" value="0.500000" />
			<float name="sheen" value="0.000000" />
			<float name="sheen_tint" value="0.500000" />
			<float name="clearcoat" value="0.000000" />
			<float name="clearcoat_gloss" value="0.173205" />
			<float name="specular" value="0.500000" />
		</bsdf>
	</bsdf>
	<bsdf type="twosided" id="mat-Material.004" name="mat-Material.004">
		<bsdf type="principled" name="bsdf">
			<rgb value="0.433648 0.266232 0.084399" name="base_color" />
			<float name="spec_tint" value="0.000000" />
			<float name="spec_trans" value="0.000000" />
			<float name="metallic" value="0.000000" />
			<float name="anisotropic" value="0.000000" />
			<float name="roughness" value="0.500000" />
			<float name="sheen" value="0.000000" />
			<float name="sheen_tint" value="0.500000" />
			<float name="clearcoat" value="0.000000" />
			<float name="clearcoat_gloss" value="0.173205" />
			<float name="specular" value="0.500000" />
		</bsdf>
	</bsdf>
	<bsdf type="twosided" id="mat-Material.005" name="mat-Material.005">
		<bsdf type="principled" name="bsdf">
			<rgb value="0.433648 0.266232 0.084399" name="base_color" />
			<float name="spec_tint" value="0.000000" />
			<float name="spec_trans" value="0.000000" />
			<float name="metallic" value="0.000000" />
			<float name="anisotropic" value="0.000000" />
			<float name="roughness" value="0.500000" />
			<float name="sheen" value="0.000000" />
			<float name="sheen_tint" value="0.500000" />
			<float name="clearcoat" value="0.000000" />
			<float name="clearcoat_gloss" value="0.173205" />
			<float name="specular" value="0.500000" />
		</bsdf>
	</bsdf>
	<emitter type="point" name="temp45">
		<point name="position" x="-6.815235034541981e-16" y="3.0693089962005615" z="4.109199523925781" />
		<rgb value="7.957747 7.957747 7.957747" name="intensity" />
	</emitter>
	<shape type="ply" name="temp2">
		<string name="filename" value="meshes/Cube.ply" />
		<boolean name="face_normals" value="true" />
		<ref id="mat-Material" name="bsdf" />
		<animation name="to_world">
			<transform time="0">
				<matrix value="0.9999995567588077 0.00012533754116928058 0.0009594009931440625 -0.0017513647648299546 -0.00012596604417873614 0.9999997914159312 0.0006549261713743221 -0.018404173260631318 -0.0009593202098481102 -0.0006550457529154838 0.9999995272093389 0.002215792402193495 0.0 0.0 0.0 1.0" />
				<scale value="1" />
			</transform>
			<transform time="0.0015">
				<matrix value="0.9999995567588077 0.0001251013935263144 0.0009596995368557821 -0.001751320905161006 -0.00012565769230426821 0.9999997613793448 0.0005801099938488279 -0.018305478154841265 -0.0009596277000479133 -0.000580229421828493 0.9999994931678667 0.002212684364953754 0.0 0.0 0.0 1.0" />
				<scale value="1" />
			</transform>
		</animation>
	</shape>
	<shape type="ply" name="temp4">
		<string name="filename" value="meshes/Plane.ply" />
		<boolean name="face_normals" value="true" />
		<ref id="mat-Material.001" name="bsdf" />
		<transform name="to_world">
			<scale value="1" />
		</transform>
	</shape>
	<shape type="ply" name="temp5">
		<string name="filename" value="meshes/Cube_001.ply" />
		<boolean name="face_normals" value="true" />
		<ref id="mat-Material" name="bsdf" />
		<animation name="to_world">
			<transform time="0">
				<matrix value="1.0 0.00024963132765845614 -0.000780799593021799 0.0013928628049759695 -0.0002530362021676267 0.9999904051328369 -0.004362533987738647 -0.012670731139074354 0.0007797055814703905 0.004362723523902692 0.9999903077914484 -0.001619973467082203 0.0 0.0 0.0 1.0" />
				<scale value="1" />
			</transform>
			<transform time="0.0015">
				<matrix value="1.0 0.0002402435712694191 -0.0007818568360465115 0.0013951342395079453 -0.00024352332184746192 0.9999907505535814 -0.004202336904323632 -0.012858791116092507 0.0007808021422659523 0.004202519297385703 0.999990648206171 -0.0016133903937872941 0.0 0.0 0.0 1.0" />
				<scale value="1" />
			</transform>
		</animation>
	</shape>
	<shape type="ply" name="temp6">
		<string name="filename" value="meshes/Cube_002.ply" />
		<boolean name="face_normals" value="true" />
		<ref id="mat-Material" name="bsdf" />
		<animation name="to_world">
			<transform time="0">
				<matrix value="1.0 -1.3767508025272046e-05 0.00026551923525164995 -0.0008610321060906756 1.4689323383455049e-05 0.9999939510620058 -0.003471961859031791 -0.015408452724512356 -0.0002654708905779333 0.0034719569148747562 0.9999940901167368 0.0003718575145968961 0.0 0.0 0.0 1.0" />
				<scale value="1" />
			</transform>
			<transform time="0.0015">
				<matrix value="1.0 -1.4441967560218468e-05 0.0002657275690618807 -0.0008610885150760161 1.534643010000387e-05 0.9999941237723782 -0.003405338697946134 -0.015456075641697962 -0.0002656790807510953 0.003405334264215742 0.99999425181373 0.00038072027168016076 0.0 0.0 0.0 1.0" />
				<scale value="1" />
			</transform>
		</animation>
	</shape>
	<shape type="ply" name="temp7">
		<string name="filename" value="meshes/Cube_003.ply" />
		<boolean name="face_normals" value="true" />
		<ref id="mat-Material" name="bsdf" />
		<animation name="to_world">
			<transform time="0">
				<matrix value="1.0 -0.0005025436827186013 0.0006476475591472937 -0.0009118361953781573 0.0005055653364112002 0.9999889450443554 -0.004672590103262209 -0.017353612168183152 -0.0006452926898889592 0.004672908892564605 0.9999888894194651 0.0014384503122001902 0.0 0.0 0.0 1.0" />
				<scale value="1" />
			</transform>
			<transform time="0.0015">
				<matrix value="1.0 -0.0005015677940236164 0.0006483113678563621 -0.0009125590264551075 0.0005045887717911714 0.9999889675717952 -0.004667010705958807 -0.017353110552646815 -0.0006459636791417731 0.004667329070984253 0.9999889149505693 0.0014444147612690946 0.0 0.0 0.0 1.0" />
				<scale value="1" />
			</transform>
		</animation>
	</shape>
	<shape type="ply" name="temp8">
		<string name="filename" value="meshes/Cube_004.ply" />
		<boolean name="face_normals" value="true" />
		<ref id="mat-Material" name="bsdf" />
		<animation name="to_world">
			<transform time="0">
				<matrix value="1.0 0.00033461473479578575 0.0005044912748847455 -0.0005446034069778172 -0.00033487714240630325 0.9999997914159312 0.0005194574632606197 -0.01699367735309415 -0.0005043153962487611 -0.0005196267179505364 0.9999997636046695 0.0017063176722133463 0.0 0.0 0.0 1.0" />
				<scale value="1" />
			</transform>
			<transform time="0.0015">
				<matrix value="1.0 0.0003124243805218784 0.0005049033469064519 -0.0005433469324471157 -0.0003126518879941969 0.9999997613793448 0.00045147349432137244 -0.01705013062100206 -0.0005047199046330378 -0.0004516313952890345 0.9999997380735653 0.001703941607473577 0.0 0.0 0.0 1.0" />
				<scale value="1" />
			</transform>
		</animation>
	</shape>
	<shape type="ply" name="temp9">
		<string name="filename" value="meshes/Cube_005.ply" />
		<boolean name="face_normals" value="true" />
		<ref id="mat-Material" name="bsdf" />
		<animation name="to_world">
			<transform time="0">
				<matrix value="1.0 0.0001326498728680101 0.0005746675927059747 -0.0005525063926552498 -0.00013389296966279983 0.9999977055752436 0.00216314965573748 -0.016610842026792028 -0.0005743785315242002 -0.0021632253771721424 0.9999976360466947 0.0015485349229779621 0.0 0.0 0.0 1.0" />
				<scale value="1" />
			</transform>
			<transform time="0.0015">
				<matrix value="1.0 0.00014512854268773328 0.0005748454593985328 -0.0005523785361599264 -0.0001464262351015141 0.9999973751727922 0.002257021057982549 -0.016540790518323276 -0.000574484166455321 -0.002257103752050348 0.9999973126527082 0.0015466598426074013 0.0 0.0 0.0 1.0" />
				<scale value="1" />
			</transform>
		</animation>
	</shape>
	<shape type="ply" name="temp10">
		<string name="filename" value="meshes/Cube_006.ply" />
		<boolean name="face_normals" value="true" />
		<ref id="mat-Material" name="bsdf" />
		<animation name="to_world">
			<transform time="0">
				<matrix value="1.0 -9.731719170753177e-05 -0.0006530137331503318 -0.0008510358134827811 9.812074599265638e-05 0.9999991656637249 0.0012301918442665387 -0.017201069507211342 0.0006528942763378349 -0.001230255953510783 0.999999054418678 -0.0016116407488951934 0.0 0.0 0.0 1.0" />
				<scale value="1" />
			</transform>
			<transform time="0.0015">
				<matrix value="1.0 -8.502028078179224e-05 -0.000653529121040347 -0.0008513471218032047 8.577475118107705e-05 0.9999991806820181 0.0011557055286072432 -0.017221188831244308 0.0006534064940552029 -0.0011557614644480078 0.9999990714394141 -0.001613386988114615 0.0 0.0 0.0 1.0" />
				<scale value="1" />
			</transform>
		</animation>
	</shape>
	<shape type="ply" name="temp11">
		<string name="filename" value="meshes/Cube_007.ply" />
		<boolean name="face_normals" value="true" />
		<ref id="mat-Material" name="bsdf" />
		<animation name="to_world">
			<transform time="0">
				<matrix value="0.9999991135176153 0.0013083769447857112 -4.374424672864322e-05 0.0004077867221403686 -0.0013085499453040369 0.9999901965487681 -0.004237362660222845 -0.018681985079286922 3.81997670324293e-05 0.004237414558750831 0.9999910169774399 -0.0002374778643443598 0.0 0.0 0.0 1.0" />
				<scale value="1" />
			</transform>
			<transform time="0.0015">
				<matrix value="0.9999990975606771 0.001322502625770607 -4.3909467014256744e-05 0.00040799284554726006 -0.0013226780588486012 0.9999899487469296 -0.004283453111589166 -0.01869357182569996 3.82267310666601e-05 0.004283505700716187 0.9999907957078702 -0.000237040196158686 0.0 0.0 0.0 1.0" />
				<scale value="1" />
			</transform>
		</animation>
	</shape>
	<shape type="ply" name="temp12">
		<string name="filename" value="meshes/Cube_008.ply" />
		<boolean name="face_normals" value="true" />
		<ref id="mat-Material" name="bsdf" />
		<animation name="to_world">
			<transform time="0">
				<matrix value="1.0 -0.00010484749375812174 0.00016389335544732852 0.00033854044958792073 0.00010482565550939937 1.0 0.00013508763884088751 -0.017832869273665175 -0.00016390749024426137 -0.0001350702824019707 1.0 0.00044203741773696237 0.0 0.0 0.0 1.0" />
				<scale value="1" />
			</transform>
			<transform time="0.0015">
				<matrix value="0.9999999521291854 -0.0001604812367231761 0.00016386241174904425 0.00034036817977329994 0.0001604490210030362 0.9999998873628007 0.0001978954487363886 -0.017876412986142922 -0.00016398768981583432 -0.00019786899025353105 0.9999999404274236 0.0004425247983923087 0.0 0.0 0.0 1.0" />
				<scale value="1" />
			</transform>
		</animation>
	</shape>
	<shape type="ply" name="temp13">
		<string name="filename" value="meshes/Cube_009.ply" />
		<boolean name="face_normals" value="true" />
		<ref id="mat-Material" name="bsdf" />
		<animation name="to_world">
			<transform time="0">
				<matrix value="0.9999986702764229 -0.00161730872319434 0.0005932742691720159 0.0012127406027948595 0.0016168507890579708 0.99999833132745 0.0007759487608393169 -0.01997279119827655 -0.000594528276128625 -0.0007749878499779944 0.9999995272093389 0.0010388100927836152 0.0 0.0 0.0 1.0" />
				<scale value="1" />
			</transform>
			<transform time="0.0015">
				<matrix value="0.9999986862333612 -0.0016018536228914993 0.0005938042097914223 0.0012131413365412905 0.0016013979305010734 0.9999983613640365 0.0007714726476518598 -0.019947602192093947 -0.0005950409725541402 -0.000770520283195282 0.9999995272093389 0.00103959034580844 0.0 0.0 0.0 1.0" />
				<scale value="1" />
			</transform>
		</animation>
	</shape>
	<shape type="ply" name="temp14">
		<string name="filename" value="meshes/Cube_010.ply" />
		<boolean name="face_normals" value="true" />
		<ref id="mat-Material" name="bsdf" />
		<animation name="to_world">
			<transform time="0">
				<matrix value="0.999993794623307 -0.00023319490303969566 0.0035250326107358464 0.007123556772542949 0.0002326612910374858 1.0 0.00015160623535235434 -0.0179450624425444 -0.003525057311086172 -0.00015078500614280083 0.9999938537214063 0.0058012335201831355 0.0 0.0 0.0 1.0" />
				<scale value="1" />
			</transform>
			<transform time="0.0015">
				<matrix value="0.9999937786663687 -0.00024289251535311037 0.003529158437173749 0.00713525986062509 0.00024235913620721046 0.9999999924908534 0.00015139871002708982 -0.017962423635742682 -0.0035291848922996173 -0.00015054122920686675 0.9999938367006701 0.005808137686341957 0.0 0.0 0.0 1.0" />
				<scale value="1" />
			</transform>
		</animation>
	</shape>
	<shape type="ply" name="temp15">
		<string name="filename" value="meshes/Cube_011.ply" />
		<boolean name="face_normals" value="true" />
		<ref id="mat-Material" name="bsdf" />
		<animation name="to_world">
			<transform time="0">
				<matrix value="1.0 0.0004020916810415854 -0.0005468580460223886 -0.00102354162182694 -0.0004018801404897283 0.9999997914159312 0.0003872320990817933 -0.01660839402239428 0.0005470128203082476 -0.0003870131387104916 0.9999997636046695 -0.0008380601400530541 0.0 0.0 0.0 1.0" />
				<scale value="1" />
			</transform>
			<transform time="0.0015">
				<matrix value="0.9999999521291854 0.0003326111993611998 -0.0005469938714967057 -0.001024859334023798 -0.00033241472148327976 0.9999997538701981 0.0003595951043091727 -0.01675103388082609 0.0005471639325133403 -0.00035941432158214515 0.9999997636046695 -0.0008390803873102414 0.0 0.0 0.0 1.0" />
				<scale value="1" />
			</transform>
		</animation>
	</shape>
	<shape type="ply" name="temp16">
		<string name="filename" value="meshes/Cube_012.ply" />
		<boolean name="face_normals" value="true" />
		<ref id="mat-Material" name="bsdf" />
		<animation name="to_world">
			<transform time="0">
				<matrix value="0.9999968973116535 0.002521739674567136 -0.0001713104953380477 -0.0005494936509919945 -0.002521342063411858 0.9999941596460746 0.002288904879719692 -0.011533331815284431 0.00017708150496341488 -0.0022884655095813094 0.9999973996513641 -0.0001630082114969511 0.0 0.0 0.0 1.0" />
				<scale value="1" />
			</transform>
			<transform time="0.0015">
				<matrix value="0.9999968334839006 0.002544436220414827 -0.0001712479441327701 -0.0005490284698226536 -0.0025440350635544695 0.9999940394997286 0.0023096239664996514 -0.011478737783852269 0.00017713618939074884 -0.002309180241452543 0.9999973485891558 -0.0001634477178788628 0.0 0.0 0.0 1.0" />
				<scale value="1" />
			</transform>
		</animation>
	</shape>
	<shape type="ply" name="temp17">
		<string name="filename" value="meshes/Cube_013.ply" />
		<boolean name="face_normals" value="true" />
		<ref id="mat-Material" name="bsdf" />
		<animation name="to_world">
			<transform time="0">
				<matrix value="0.999997340552846 0.0023099976430000233 0.00026192602622758916 -0.0002536490757799603 -0.0023112634678836294 0.9999849819470489 0.004946548651813791 -0.009714722540524356 -0.00025049510041185976 -0.004947132281930571 0.9999879438381429 0.00023016261651309655 0.0 0.0 0.0 1.0" />
				<scale value="1" />
			</transform>
			<transform time="0.0015">
				<matrix value="0.9999974043805989 0.002282756486525279 0.0002618351354966552 -0.00025254796673778563 -0.002284007581252501 0.9999852748037672 0.004888494325021721 -0.009809431551211788 -0.00025062920252079315 -0.004889071334975473 0.9999881821284489 0.00022746938167949476 0.0 0.0 0.0 1.0" />
				<scale value="1" />
			</transform>
		</animation>
	</shape>
	<shape type="ply" name="temp18">
		<string name="filename" value="meshes/Cube_014.ply" />
		<boolean name="face_normals" value="true" />
		<ref id="mat-Material" name="bsdf" />
		<animation name="to_world">
			<transform time="0">
				<matrix value="1.0 -0.000851721757195629 -6.143654605619306e-05 -0.0002499807800994125 0.0008514441684529287 0.9999899879646993 -0.004365512568903329 -0.02189993755718883 6.515423907011544e-05 0.004365462232725589 0.9999905441867787 -9.319952634867512e-05 0.0 0.0 0.0 1.0" />
				<scale value="1" />
			</transform>
			<transform time="0.0015">
				<matrix value="1.0 -0.0008204961529080454 -6.161632758156577e-05 -0.00025167599420536076 0.0008202287622732415 0.9999903484037371 -0.004205282329094334 -0.021748593161650558 6.520022696611092e-05 0.0042052338417747715 0.9999908846015013 -8.50972673270697e-05 0.0 0.0 0.0 1.0" />
				<scale value="1" />
			</transform>
		</animation>
	</shape>
	<shape type="ply" name="temp19">
		<string name="filename" value="meshes/Cube_015.ply" />
		<boolean name="face_normals" value="true" />
		<ref id="mat-Material" name="bsdf" />
		<animation name="to_world">
			<transform time="0">
				<matrix value="1.0 -0.00020240810307390342 -8.916666390872114e-05 0.00019789735233211037 0.00020239500945876704 1.0 -0.00014657976143928826 -0.01804386832914101 8.919652782579557e-05 0.00014656159591842696 1.0 -0.00016714123078093168 0.0 0.0 0.0 1.0" />
				<scale value="1" />
			</transform>
			<transform time="0.0015">
				<matrix value="1.0 -0.00020236658500223081 -8.922940234209619e-05 0.00019755490300730108 0.00020235337780690992 1.0 -0.00014775220080612834 -0.018044389907957 8.92594939040739e-05 0.0001477340365262407 1.0 -0.00016737116091641198 0.0 0.0 0.0 1.0" />
				<scale value="1" />
			</transform>
		</animation>
	</shape>
	<shape type="ply" name="temp20">
		<string name="filename" value="meshes/Cube_016.ply" />
		<boolean name="face_normals" value="true" />
		<ref id="mat-Material" name="bsdf" />
		<animation name="to_world">
			<transform time="0">
				<matrix value="0.9999995567588077 0.0008181334646022407 0.0003872108235020455 0.0006850284781114713 -0.0008201380430369469 0.9999860248673927 0.0052066780735293495 -0.01621209332052237 -0.00038294620647593114 -0.0052069863147992486 0.9999865254661597 0.0007557797158986579 0.0 0.0 0.0 1.0" />
				<scale value="1" />
			</transform>
			<transform time="0.0015">
				<matrix value="0.9999995727157459 0.0007993105120394679 0.000387146059601071 0.0006860915077274275 -0.0008012780590279488 0.9999864078338704 0.00511055261519859 -0.016244575670660753 -0.00038300799174078003 -0.005110853844288075 0.9999868999223547 0.0007503248595630852 0.0 0.0 0.0 1.0" />
				<scale value="1" />
			</transform>
		</animation>
	</shape>
	<shape type="ply" name="temp21">
		<string name="filename" value="meshes/Cube_017.ply" />
		<boolean name="face_normals" value="true" />
		<ref id="mat-Material" name="bsdf" />
		<animation name="to_world">
			<transform time="0">
				<matrix value="1.0 0.0006700283465749453 0.0005010919100317195 0.0003017964737987988 -0.0006708854363354946 0.99999833132745 0.0017105187884644752 -0.017642597064033705 -0.000499945038092148 -0.0017108545063545138 0.9999985816280168 0.00025170005117144956 0.0 0.0 0.0 1.0" />
				<scale value="1" />
			</transform>
			<transform time="0.0015">
				<matrix value="1.0 0.0006354224443678188 0.000501375901014048 0.0003030468648854708 -0.0006362481573013893 0.999998391400623 0.0016479394308893105 -0.01765423226269147 -0.0005002700809240106 -0.0016482577194556168 0.9999986326902252 0.0002499599253915069 0.0 0.0 0.0 1.0" />
				<scale value="1" />
			</transform>
		</animation>
	</shape>
	<shape type="ply" name="temp22">
		<string name="filename" value="meshes/Cube_018.ply" />
		<boolean name="face_normals" value="true" />
		<ref id="mat-Material" name="bsdf" />
		<animation name="to_world">
			<transform time="0">
				<matrix value="1.0 -0.0005537156123089631 -1.476641068204308e-05 0.0005809272519716191 0.0005537190595485676 0.9999997914159312 0.00035924052799369866 -0.01779518812413089 1.4567520703796095e-05 -0.0003592485133170499 1.0 -2.6085333681091782e-05 0.0 0.0 0.0 1.0" />
				<scale value="1" />
			</transform>
			<transform time="0.0015">
				<matrix value="0.9999999521291854 -0.0005927368927297797 -1.436733314133515e-05 0.0005806328238109682 0.0005927401563103083 0.9999997388519049 0.0003224463771831592 -0.01779555328319414 1.4214679289833028e-05 -0.0003224543706928291 0.9999999914896319 -2.5851239972268917e-05 0.0 0.0 0.0 1.0" />
				<scale value="1" />
			</transform>
		</animation>
	</shape>
	<shape type="ply" name="temp23">
		<string name="filename" value="meshes/Cube_019.ply" />
		<boolean name="face_normals" value="true" />
		<ref id="mat-Material" name="bsdf" />
		<animation name="to_world">
			<transform time="0">
				<matrix value="0.9999618812574576 0.0064406401027902295 -0.0058891986718364745 0.003378966683197926 -0.006405774900846945 0.9999618291154159 0.005920237378735106 -0.01801556566196344 0.005927114304811649 -0.0058822834949512235 0.999965249886412 -0.0008761611768204336 0.0 0.0 0.0 1.0" />
				<scale value="1" />
			</transform>
			<transform time="0.0015">
				<matrix value="0.9999622801809135 0.006369456021015729 -0.005889200373910088 0.0033774969272943813 -0.006334701261820405 0.999962324719093 0.005901569886384571 -0.018013360626381203 0.005926613895228576 -0.005864037620306345 0.9999653520108288 -0.0008769624792675079 0.0 0.0 0.0 1.0" />
				<scale value="1" />
			</transform>
		</animation>
	</shape>
	<shape type="ply" name="temp24">
		<string name="filename" value="meshes/Cube_020.ply" />
		<boolean name="face_normals" value="true" />
		<ref id="mat-Material" name="bsdf" />
		<animation name="to_world">
			<transform time="0">
				<matrix value="0.9999465460361443 -0.0040130299123133425 0.00953339897608178 -0.00728849576807622 0.003932310995451299 0.9999564572219913 0.008470470198147919 -0.015318896076750244 -0.009566971277280277 -0.008432528740023445 0.999918916393984 -0.0008993190273969276 0.0 0.0 0.0 1.0" />
				<scale value="1" />
			</transform>
			<transform time="0.0015">
				<matrix value="0.9999463894625036 -0.0040372542375240955 0.009537439698839138 -0.0072922216103022 0.003956442980826984 0.9999563009492406 0.008476540643708156 -0.015319462217925923 -0.009571243714273692 -0.008438348814979756 0.9999188227799319 -0.0008997626486180987 0.0 0.0 0.0 1.0" />
				<scale value="1" />
			</transform>
		</animation>
	</shape>
	<shape type="ply" name="temp25">
		<string name="filename" value="meshes/Cube_021.ply" />
		<boolean name="face_normals" value="true" />
		<ref id="mat-Material" name="bsdf" />
		<animation name="to_world">
			<transform time="0">
				<matrix value="0.9989171617670786 0.037978632647995614 0.026875666930326256 -0.016690730442523782 -0.03807866467385426 0.9992695385911816 0.003220011715752581 -0.021932292064986814 -0.026733755653541406 -0.004239911310053961 0.9996338236330086 -0.013478003570566499 0.0 0.0 0.0 1.0" />
				<scale value="1" />
			</transform>
			<transform time="0.0015">
				<matrix value="0.9989224594705728 0.037830886433635996 0.026876371588802038 -0.01668523003459944 -0.037932485077509 0.9992745622102717 0.00328039192613681 -0.02190485319727243 -0.026733025304478353 -0.004296347277680075 0.9996335513012304 -0.013476246289295517 0.0 0.0 0.0 1.0" />
				<scale value="1" />
			</transform>
		</animation>
	</shape>
	<shape type="ply" name="temp26">
		<string name="filename" value="meshes/Cube_022.ply" />
		<boolean name="face_normals" value="true" />
		<ref id="mat-Material" name="bsdf" />
		<animation name="to_world">
			<transform time="0">
				<matrix value="0.9994144783849 0.030154936246279383 0.016179203735424457 -0.007439559924174222 -0.030292840590964615 0.9995062815092309 0.008346149900170253 -0.020021455649199382 -0.015919530448010467 -0.008831378552968882 0.9998342868732982 -0.011502801519234218 0.0 0.0 0.0 1.0" />
				<scale value="1" />
			</transform>
			<transform time="0.0015">
				<matrix value="0.9994150687916148 0.03013506178791514 0.016179660742189548 -0.007439884826204855 -0.030273333872248925 0.9995066644757087 0.00836912278772486 -0.02001680425272706 -0.015919479545377493 -0.008854040932199443 0.9998340826244647 -0.011503376333292896 0.0 0.0 0.0 1.0" />
				<scale value="1" />
			</transform>
		</animation>
	</shape>
	<shape type="ply" name="temp27">
		<string name="filename" value="meshes/Cube_023.ply" />
		<boolean name="face_normals" value="true" />
		<ref id="mat-Material" name="bsdf" />
		<animation name="to_world">
			<transform time="0">
				<matrix value="0.9994698835339443 0.031036433379291357 0.00986314601524939 -0.00274810174455975 -0.031119724764949196 0.9994802085006351 0.008405839721129156 -0.02000703771053436 -0.00959712921544536 -0.008708328553281759 0.9999160796576617 -0.00862240049110996 0.0 0.0 0.0 1.0" />
				<scale value="1" />
			</transform>
			<transform time="0.0015">
				<matrix value="0.999467362337703 0.03112592663781676 0.009823301323005958 -0.0024403419427707776 -0.031207223199640574 0.9994784889060587 0.008213244134561004 -0.020059459488124088 -0.00956299461187956 -0.008515353472263376 0.999917551951337 -0.008068628134464875 0.0 0.0 0.0 1.0" />
				<scale value="1" />
			</transform>
		</animation>
	</shape>
	<shape type="ply" name="temp28">
		<string name="filename" value="meshes/Cube_024.ply" />
		<boolean name="face_normals" value="true" />
		<ref id="mat-Material" name="bsdf" />
		<animation name="to_world">
			<transform time="0">
				<matrix value="0.9969695599678738 0.06592764635822645 0.04130098278994715 0.04821230764269324 -0.06266047547369186 0.9951410341180962 -0.07594838260678805 -0.06566728173999548 -0.046107411524625594 0.07313026283678506 0.9962562071503913 0.06425952762451204 0.0 0.0 0.0 1.0" />
				<scale value="1" />
			</transform>
			<transform time="0.0015">
				<matrix value="0.9968720630752533 0.06675602012056775 0.041954454805963895 0.0484413388379509 -0.06332058369032283 0.9949155119176 -0.07770526469219621 -0.06661746814680741 -0.04696346615571029 0.07478946585241301 0.9960455755407831 0.06390409441014862 0.0 0.0 0.0 1.0" />
				<scale value="1" />
			</transform>
		</animation>
	</shape>
	<shape type="ply" name="temp29">
		<string name="filename" value="meshes/Cube_025.ply" />
		<boolean name="face_normals" value="true" />
		<ref id="mat-Material" name="bsdf" />
		<animation name="to_world">
			<transform time="0">
				<matrix value="0.9797452072329871 0.19418436328670088 0.048908751875205964 0.029510206697318075 -0.16093772993136854 0.9088977792054198 -0.3847125976490011 -0.35438703611984 -0.1191582583812477 0.36904904437208896 0.921739907455956 -0.11445381684187503 0.0 0.0 0.0 1.0" />
				<scale value="1" />
			</transform>
			<transform time="0.0015">
				<matrix value="0.9795390595479192 0.19522420362889145 0.04855538607448546 0.029052084502505616 -0.1616982216507469 0.9076393588687851 -0.3870860882401158 -0.35637418670377363 -0.11971738151855982 0.3713086967735577 0.9206637969452435 -0.11573434118999218 0.0 0.0 0.0 1.0" />
				<scale value="1" />
			</transform>
		</animation>
	</shape>
	<shape type="ply" name="temp30">
		<string name="filename" value="meshes/Cube_026.ply" />
		<boolean name="face_normals" value="true" />
		<ref id="mat-Material" name="bsdf" />
		<animation name="to_world">
			<transform time="0">
				<matrix value="0.9655477486006876 0.258868681727827 -0.02654762113014934 0.0392812162048406 -0.23631155955300012 0.8295190259958325 -0.5060186251153018 -0.6869695035439777 -0.1089706255197003 0.494858611288987 0.8621139132362946 -0.12931150008864917 0.0 0.0 0.0 1.0" />
				<scale value="1" />
			</transform>
			<transform time="0.0015">
				<matrix value="0.9653008149814891 0.2596717023584287 -0.02714326859931177 0.03847555513417607 -0.23703719653219008 0.8280549301332233 -0.5079085395722281 -0.6893769495343285 -0.1094773572417029 0.4967175305718302 0.8608992539334841 -0.1310830173605299 0.0 0.0 0.0 1.0" />
				<scale value="1" />
			</transform>
		</animation>
	</shape>
	<shape type="ply" name="temp31">
		<string name="filename" value="meshes/Cube_027.ply" />
		<boolean name="face_normals" value="true" />
		<ref id="mat-Material" name="bsdf" />
		<animation name="to_world">
			<transform time="0">
				<matrix value="0.8954256622466655 0.43069669164808533 -0.11275329168677997 -0.13515781682531536 -0.4128216379712319 0.7083832023077742 -0.5725135584541826 -1.201862072320092 -0.16670709026340938 0.5591901097777955 0.8121054266439286 -0.33143044247856757 0.0 0.0 0.0 1.0" />
				<scale value="1" />
			</transform>
			<transform time="0.0015">
				<matrix value="0.8946661598574578 0.4318834521985071 -0.11385703706467315 -0.1375088089598988 -0.4141443213471451 0.7067270149654296 -0.573477519334535 -1.2046547602489102 -0.16728912277694657 0.560243447811039 0.8112225610608675 -0.3333522922167996 0.0 0.0 0.0 1.0" />
				<scale value="1" />
			</transform>
		</animation>
	</shape>
	<shape type="ply" name="temp32">
		<string name="filename" value="meshes/Cube_028.ply" />
		<boolean name="face_normals" value="true" />
		<ref id="mat-Material" name="bsdf" />
		<animation name="to_world">
			<transform time="0">
				<matrix value="-0.08172215159912558 0.9876772703854426 0.13347239682643997 -1.4511152411230885 -0.8656097137193787 -0.003958053743771159 -0.5007039852943194 -2.0720865660017593 -0.49400604935579323 -0.15645359108761991 0.8552664860921536 -1.0169689384707672 0.0 0.0 0.0 1.0" />
				<scale value="1" />
			</transform>
			<transform time="0.0015">
				<matrix value="-0.0822444030392563 0.9875661950886112 0.13392376291957594 -1.4511955896642212 -0.86481982931977 -0.003917896704923776 -0.502005501413601 -2.0728322240919947 -0.4952359622841913 -0.1571157033327759 0.8543908202804755 -1.0201150837132573 0.0 0.0 0.0 1.0" />
				<scale value="1" />
			</transform>
		</animation>
	</shape>
	<shape type="ply" name="temp33">
		<string name="filename" value="meshes/Cube_029.ply" />
		<boolean name="face_normals" value="true" />
		<ref id="mat-Material" name="bsdf" />
		<animation name="to_world">
			<transform time="0">
				<matrix value="0.11223332393662006 0.9848136197053542 0.1324602702187744 -1.494615683853439 -0.9890998125976239 0.12350581845259823 -0.0801772823141779 -2.0261515745927823 -0.09531932868461972 -0.12201780056442849 0.9879402922129961 -0.35290378472067174 0.0 0.0 0.0 1.0" />
				<scale value="1" />
			</transform>
			<transform time="0.0015">
				<matrix value="0.11077933570304623 0.9849516828751449 0.13244208356221954 -1.4975095498124746 -0.9893122473163567 0.1219483230733909 -0.0794313528084664 -2.0251679407227865 -0.09438516962795242 -0.12219801332512265 0.9879953968462168 -0.350922185695519 0.0 0.0 0.0 1.0" />
				<scale value="1" />
			</transform>
		</animation>
	</shape>
	<shape type="ply" name="temp34">
		<string name="filename" value="meshes/Cube_030.ply" />
		<boolean name="face_normals" value="true" />
		<ref id="mat-Material" name="bsdf" />
		<animation name="to_world">
			<transform time="0">
				<matrix value="0.068457125035145 0.9767505948608823 -0.20315400798537903 -2.9570970243553067 -0.9787330607896421 0.10522196103314492 0.17609483443186535 -1.9814033763641112 0.1933769927648638 0.18677860506659924 0.9631818024713507 0.2260519256981557 0.0 0.0 0.0 1.0" />
				<scale value="1" />
			</transform>
			<transform time="0.0015">
				<matrix value="0.06887801667057239 0.976723208957085 -0.2031316714316997 -2.956119111960498 -0.9785832080582697 0.10573177666477249 0.17658214219816104 -1.980454175432659 0.1939486818182848 0.18661321816445559 0.9630938828292114 0.22726136476312972 0.0 0.0 0.0 1.0" />
				<scale value="1" />
			</transform>
		</animation>
	</shape>
	<shape type="ply" name="temp35">
		<string name="filename" value="meshes/Cube_031.ply" />
		<boolean name="face_normals" value="true" />
		<ref id="mat-Material" name="bsdf" />
		<animation name="to_world">
			<transform time="0">
				<matrix value="0.11291941697826523 0.9901354336358498 0.08295287080853349 -2.061362604843837 -0.537090422976205 -0.00941339068004664 0.8434722502613351 -0.2086018287897484 0.8359324996852987 -0.13979752744444887 0.5307292654109662 0.8813732343361669 0.0 0.0 0.0 1.0" />
				<scale value="1" />
			</transform>
			<transform time="0.0015">
				<matrix value="0.11302237752653768 0.9901080552872663 0.08313217660433138 -2.060812718662321 -0.5377879645742433 -0.009388524967014275 0.8430169285491226 -0.211196415481667 0.8354584350072524 -0.1399892960308795 0.531406605605258 0.8810878315004218 0.0 0.0 0.0 1.0" />
				<scale value="1" />
			</transform>
		</animation>
	</shape>
	<shape type="ply" name="temp36">
		<string name="filename" value="meshes/Cube_032.ply" />
		<boolean name="face_normals" value="true" />
		<ref id="mat-Material" name="bsdf" />
		<animation name="to_world">
			<transform time="0">
				<matrix value="0.9116655762933334 0.4109262592741692 0.002411468766739744 -0.30163506768546977 -0.0022706980339593672 -0.0008306923113826412 0.9999971632560337 1.1599301524906291 0.410927092142752 -0.9116681928067698 0.0001757755303411043 -0.66585527785892 0.0 0.0 0.0 1.0" />
				<scale value="1" />
			</transform>
			<transform time="0.0015">
				<matrix value="0.9116438908142711 0.41096629053481065 0.0028193332624747683 -0.3012292686940826 -0.0026069606678036216 -0.0010769704689650064 0.999993784639912 1.158922301980951 0.4109694562180742 -0.9116489693914177 9.006262648300078e-05 -0.6658453215881376 0.0 0.0 0.0 1.0" />
				<scale value="1" />
			</transform>
		</animation>
	</shape>
	<shape type="ply" name="temp37">
		<string name="filename" value="meshes/Cube_033.ply" />
		<boolean name="face_normals" value="true" />
		<ref id="mat-Material" name="bsdf" />
		<animation name="to_world">
			<transform time="0">
				<matrix value="0.9790001187886396 0.16030547136870782 0.12594062883994664 -0.12325067930961131 -0.1470024927884658 0.12710606291312684 0.9809354257787216 0.3077085904312261 0.14124155403907968 -0.9788493668430593 0.14800215214308915 -0.3671233648755875 0.0 0.0 0.0 1.0" />
				<scale value="1" />
			</transform>
			<transform time="0.0015">
				<matrix value="0.9789957146736865 0.16026898893075986 0.12602046545380102 -0.12322262959722974 -0.1470630334121323 0.1270088066988237 0.9809387703533711 0.3075217959934311 0.14120861572717341 -0.9788678168163094 0.14791067079261144 -0.3672930552680115 0.0 0.0 0.0 1.0" />
				<scale value="1" />
			</transform>
		</animation>
	</shape>
	<shape type="ply" name="temp38">
		<string name="filename" value="meshes/Cube_034.ply" />
		<boolean name="face_normals" value="true" />
		<ref id="mat-Material" name="bsdf" />
		<animation name="to_world">
			<transform time="0">
				<matrix value="0.999922432791338 0.005252637024089375 0.011300122310944016 -0.0372817742351117 -0.012069865449703648 0.18275877461031284 0.9830837865425812 0.3698167729041163 0.00309858836545059 -0.9831436956508136 0.1828080077499845 -0.3269441221716084 0.0 0.0 0.0 1.0" />
				<scale value="1" />
			</transform>
			<transform time="0.0015">
				<matrix value="0.9999224966190909 0.005239903839254048 0.01130114951236946 -0.037291550996899646 -0.012068506716412873 0.1827441160051922 0.9830865268810982 0.3698221917100633 0.003086062328504897 -0.9831464815442104 0.18279319885851464 -0.32699256166148344 0.0 0.0 0.0 1.0" />
				<scale value="1" />
			</transform>
		</animation>
	</shape>
	<shape type="ply" name="temp39">
		<string name="filename" value="meshes/Cube_035.ply" />
		<boolean name="face_normals" value="true" />
		<ref id="mat-Material" name="bsdf" />
		<animation name="to_world">
			<transform time="0">
				<matrix value="0.9992970194689261 -0.03746345085655048 0.0014462666321844676 -0.0006147954995352478 0.00674733213126322 0.21765601566883527 0.9760023280212151 0.09189763672274115 -0.036879205250812466 -0.9753063578510002 0.2177558423923964 -0.11621886440012175 0.0 0.0 0.0 1.0" />
				<scale value="1" />
			</transform>
			<transform time="0.0015">
				<matrix value="0.9992952801626585 -0.037508656670129106 0.0014553574924551602 -0.0006205124696587153 0.006748114021236772 0.21765097703145198 0.9760034428794316 0.09189957858849244 -0.036925339471931565 -0.9753057120643908 0.2177507634047352 -0.11635527656792678 0.0 0.0 0.0 1.0" />
				<scale value="1" />
			</transform>
		</animation>
	</shape>
	<shape type="ply" name="temp40">
		<string name="filename" value="meshes/Cube_036.ply" />
		<boolean name="face_normals" value="true" />
		<ref id="mat-Material" name="bsdf" />
		<animation name="to_world">
			<transform time="0">
				<matrix value="0.9998076333225183 -0.019574528130690435 0.0013962311965244213 -0.0006237824779953272 0.002922559558319017 0.2188745637985662 0.9757486758315561 -0.24247809606827178 -0.019405422967340213 -0.9755566587335194 0.21888961803715284 0.21594315828154892 0.0 0.0 0.0 1.0" />
				<scale value="1" />
			</transform>
			<transform time="0.0015">
				<matrix value="0.9998073939684448 -0.019585977101270483 0.0014048295617951935 -0.0006207490756081336 0.0029165380481063685 0.21886780556660648 0.9757502076978078 -0.24250361344309257 -0.019418495688989866 -0.9755579427975918 0.2188827203838362 0.21594838151442686 0.0 0.0 0.0 1.0" />
				<scale value="1" />
			</transform>
		</animation>
	</shape>
	<shape type="ply" name="temp41">
		<string name="filename" value="meshes/Cube_037.ply" />
		<boolean name="face_normals" value="true" />
		<ref id="mat-Material" name="bsdf" />
		<animation name="to_world">
			<transform time="0">
