<scene version="2.1.0">
	<default name="spp" value="1024" />
	<default name="resx" value="1280" />
	<default name="resy" value="720" />
	<integrator type="path" name="temp0">
		<integer name="max_depth" value="12" />
	</integrator>
	<sensor type="perspective" name="temp44">
		<string name="fov_axis" value="x" />
		<float name="fov" value="83.974423" />
		<float name="principal_point_offset_x" value="0.000000" />
		<float name="principal_point_offset_y" value="-0.000000" />
		<float name="near_clip" value="0.100000" />
		<float name="far_clip" value="1000.000000" />
		<transform name="to_world">
			<rotate x="1" angle="-142.5518126578256" />
			<rotate y="1" angle="3.976628485794621e-06" />
			<rotate z="1" angle="-179.999991348578" />
			<translate value="-0.000000 3.030926 4.073377" />
		</transform>
		<sampler type="correlated" name="sampler">
			<integer name="sample_count" value="1024" />
		</sampler>
		<film type="hdrfilm" name="film">
			<integer name="width" value="$resx" />
			<integer name="height" value="$resy" />
		</film>
		<float name="shutter_open" value="0.0" />
		<float name="shutter_close" value="0.0015" />
	</sensor>
	<bsdf type="twosided" id="mat-Material" name="mat-Material">
		<bsdf type="diffuse" name="bsdf">
			<texture type="bitmap" name="reflectance">
				<string name="filename" value="textures/siggraph_2023_logo.jpg" />
			</texture>
		</bsdf>
	</bsdf>
	<bsdf type="twosided" id="mat-Material.001" name="mat-Material.001">
		<bsdf type="principled" name="bsdf">
			<rgb value="0.433648 0.266232 0.084399" name="base_color" />
			<float name="spec_tint" value="0.000000" />
			<float name="spec_trans" value="0.000000" />
			<float name="metallic" value="0.000000" />
			<float name="anisotropic" value="0.000000" />
			<float name="roughness" value="0.500000" />
			<float name="sheen" value="0.000000" />
			<float name="sheen_tint" value="0.500000" />
			<float name="clearcoat" value="0.000000" />
			<float name="clearcoat_gloss" value="0.173205" />
			<float name="specular" value="0.500000" />
		</bsdf>
	</bsdf>
	<bsdf type="twosided" id="mat-Material.002" name="mat-Material.002">
		<bsdf type="principled" name="bsdf">
			<rgb value="0.433648 0.266232 0.084399" name="base_color" />
			<float name="spec_tint" value="0.000000" />
			<float name="spec_trans" value="0.000000" />
			<float name="metallic" value="0.000000" />
			<float name="anisotropic" value="0.000000" />
			<float name="roughness" value="0.500000" />
			<float name="sheen" value="0.000000" />
			<float name="sheen_tint" value="0.500000" />
			<float name="clearcoat" value="0.000000" />
			<float name="clearcoat_gloss" value="0.173205" />
			<float name="specular" value="0.500000" />
		</bsdf>
	</bsdf>
	<bsdf type="twosided" id="mat-Material.003" name="mat-Material.003">
		<bsdf type="principled" name="bsdf">
			<rgb value="0.433648 0.266232 0.084399" name="base_color" />
			<float name="spec_tint" value="0.000000" />
			<float name="spec_trans" value="0.000000" />
			<float name="metallic" value="0.000000" />
			<float name="anisotropic" value="0.000000" />
			<float name="roughness" value="0.500000" />
			<float name="sheen" value="0.000000" />
			<float name="sheen_tint" value="0.500000" />
			<float name="clearcoat" value="0.000000" />
			<float name="clearcoat_gloss" value="0.173205" />
			<float name="specular" value="0.500000" />
		</bsdf>
	</bsdf>
	<bsdf type="twosided" id="mat-Material.004" name="mat-Material.004">
		<bsdf type="principled" name="bsdf">
			<rgb value="0.433648 0.266232 0.084399" name="base_color" />
			<float name="spec_tint" value="0.000000" />
			<float name="spec_trans" value="0.000000" />
			<float name="metallic" value="0.000000" />
			<float name="anisotropic" value="0.000000" />
			<float name="roughness" value="0.500000" />
			<float name="sheen" value="0.000000" />
			<float name="sheen_tint" value="0.500000" />
			<float name="clearcoat" value="0.000000" />
			<float name="clearcoat_gloss" value="0.173205" />
			<float name="specular" value="0.500000" />
		</bsdf>
	</bsdf>
	<bsdf type="twosided" id="mat-Material.005" name="mat-Material.005">
		<bsdf type="principled" name="bsdf">
			<rgb value="0.433648 0.266232 0.084399" name="base_color" />
			<float name="spec_tint" value="0.000000" />
			<float name="spec_trans" value="0.000000" />
			<float name="metallic" value="0.000000" />
			<float name="anisotropic" value="0.000000" />
			<float name="roughness" value="0.500000" />
			<float name="sheen" value="0.000000" />
			<float name="sheen_tint" value="0.500000" />
			<float name="clearcoat" value="0.000000" />
			<float name="clearcoat_gloss" value="0.173205" />
			<float name="specular" value="0.500000" />
		</bsdf>
	</bsdf>
	<emitter type="point" name="temp45">
		<point name="position" x="-6.815235034541981e-16" y="3.0693089962005615" z="4.109199523925781" />
		<rgb value="7.957747 7.957747 7.957747" name="intensity" />
	</emitter>
	<shape type="ply" name="temp2">
		<string name="filename" value="meshes/Cube.ply" />
		<boolean name="face_normals" value="true" />
		<ref id="mat-Material" name="bsdf" />
		<animation name="to_world">
			<transform time="0">
				<matrix value="0.9999984486558267 0.00020211671112983732 0.0018283074898078153 -0.0028246983385196156 -0.00020186954702523108 0.9999994785398281 -0.00012937798242258877 -0.01715331263452116 -0.0018283411077838472 0.0001290082036114245 0.9999979906396905 0.004190466509715329 0.0 0.0 0.0 1.0" />
			</transform>
			<transform time="0.0015">
				<matrix value="0.9999984326988884 0.00020269785900520112 0.001829166696567656 -0.0028259767124838627 -0.00020233247376038886 0.9999994710306814 -0.0001939652932597412 -0.017066418185034554 -0.0018292134735971965 0.00019359444879804013 0.9999979821293223 0.004189010449735954 0.0 0.0 0.0 1.0" />
			</transform>
		</animation>
	</shape>
	<shape type="ply" name="temp4">
		<string name="filename" value="meshes/Plane.ply" />
		<boolean name="face_normals" value="true" />
		<ref id="mat-Material.001" name="bsdf" />
	</shape>
	<shape type="ply" name="temp5">
		<string name="filename" value="meshes/Cube_001.ply" />
		<boolean name="face_normals" value="true" />
		<ref id="mat-Material" name="bsdf" />
		<animation name="to_world">
			<transform time="0">
				<matrix value="0.9999982270352306 -0.00013425722170192086 -0.0020335565535641088 0.002546479203934915 0.0001403995287459643 0.999995098274384 0.0030226145228998517 -0.02096167435395571 0.002033105241415748 -0.0030228983590691308 0.9999931445354145 -0.0044673003375559905 0.0 0.0 0.0 1.0" />
			</transform>
			<transform time="0.0015">
				<matrix value="0.9999982270352306 -0.00013124973338837496 -0.0020338837772162074 0.002546370204657719 0.00013726876150716891 0.9999952860030497 0.0029614908467614663 -0.02089441878821257 0.002033450070851023 -0.0029617680484323224 0.9999933317635119 -0.004474840329120334 0.0 0.0 0.0 1.0" />
			</transform>
		</animation>
	</shape>
	<shape type="ply" name="temp6">
		<string name="filename" value="meshes/Cube_002.ply" />
		<boolean name="face_normals" value="true" />
		<ref id="mat-Material" name="bsdf" />
		<animation name="to_world">
			<transform time="0">
				<matrix value="1.0 2.3625378840814898e-05 0.0004382970364062993 -0.0008248315176597742 -2.333908660401009e-05 0.9999968712389686 -0.000707348017896072 -0.017176886742582692 -0.00043815566453379005 0.0007073346501940877 0.9999969268607031 0.001662505359860622 0.0 0.0 0.0 1.0" />
			</transform>
			<transform time="0.0015">
				<matrix value="1.0 2.835781575232232e-05 0.0004390119924274383 -0.0008238764482592267 -2.814616211834911e-05 0.9999969913853145 -0.0005358968663037674 -0.017277358738237047 -0.00043887000878779054 0.0005358815343087948 0.999997046005856 0.0016704332564303759 0.0 0.0 0.0 1.0" />
			</transform>
		</animation>
	</shape>
	<shape type="ply" name="temp7">
		<string name="filename" value="meshes/Cube_003.ply" />
		<boolean name="face_normals" value="true" />
		<ref id="mat-Material" name="bsdf" />
		<animation name="to_world">
			<transform time="0">
				<matrix value="0.9999984486558267 0.00022066671811740365 0.0018488147847313201 -0.0011574213761176289 -0.0002237598997920312 0.9999954111504872 0.0016601122121354958 -0.017648585367573077 -0.0018476243158572197 -0.0016605262993223105 0.9999938537214063 0.005854542130657503 0.0 0.0 0.0 1.0" />
			</transform>
			<transform time="0.0015">
				<matrix value="0.9999984326988884 0.00024414426026865435 0.00184953510228434 -0.0011552756300016313 -0.00024757127386477263 0.9999951107846223 0.0018400620725885317 -0.017642356494348546 -0.0018482654656355327 -0.0018405200182095125 0.9999935473481558 0.005859676295978189 0.0 0.0 0.0 1.0" />
			</transform>
		</animation>
	</shape>
	<shape type="ply" name="temp8">
		<string name="filename" value="meshes/Cube_004.ply" />
		<boolean name="face_normals" value="true" />
		<ref id="mat-Material" name="bsdf" />
		<animation name="to_world">
			<transform time="0">
				<matrix value="0.9993635056477792 -0.015311776865106597 0.030695910029828362 -0.007189705263469737 0.018821284264760374 0.993362542055763 -0.10776804511935838 -0.06240537900724244 -0.02865726064532372 0.10832060622873746 0.9930467859454466 0.13791796358056868 0.0 0.0 0.0 1.0" />
			</transform>
			<transform time="0.0015">
				<matrix value="0.9993392830155374 -0.015623634277424862 0.03132942012651189 -0.007224447534435994 0.019272626581897764 0.9930824583959119 -0.11027091032579685 -0.06346594715902626 -0.029206037144314367 0.11084504315472972 0.9927555866813671 0.1398733647112441 0.0 0.0 0.0 1.0" />
			</transform>
		</animation>
	</shape>
	<shape type="ply" name="temp9">
		<string name="filename" value="meshes/Cube_005.ply" />
		<boolean name="face_normals" value="true" />
		<ref id="mat-Material" name="bsdf" />
		<animation name="to_world">
			<transform time="0">
				<matrix value="0.9981126790029555 -0.042466610905192284 0.04408612165565616 0.021185706853704023 0.05683112244626587 0.9070705827630298 -0.4145117656319958 -0.28961782726049123 -0.022168522074297863 0.41622825771813204 0.9078047573141897 0.03635437929452211 0.0 0.0 0.0 1.0" />
			</transform>
			<transform time="0.0015">
				<matrix value="0.9980957646484256 -0.0428211597684343 0.044127662464254945 0.02123891627441802 0.05724510765616074 0.9056647203324736 -0.4175314229391802 -0.29157563949871373 -0.021869023747440666 0.4192558104714517 0.9064239415852786 0.03506997383713559 0.0 0.0 0.0 1.0" />
			</transform>
		</animation>
	</shape>
	<shape type="ply" name="temp10">
		<string name="filename" value="meshes/Cube_006.ply" />
		<boolean name="face_normals" value="true" />
		<ref id="mat-Material" name="bsdf" />
		<animation name="to_world">
			<transform time="0">
				<matrix value="0.9990804961464611 -0.004857344140769216 -0.04034660756153016 0.001386024103001482 -0.021883903607451415 0.782434718401078 -0.6206815892007048 -0.35998706925686597 0.034598855639889584 0.6209901277160254 0.78161137458684 -0.23335888635867474 0.0 0.0 0.0 1.0" />
			</transform>
			<transform time="0.0015">
				<matrix value="0.9990469387053513 -0.005488032935147921 -0.04110149422963005 0.0010394534933580231 -0.021973179166354113 0.7803974268493776 -0.6232466566873303 -0.3613689145239969 0.03551122374213273 0.6235521359062257 0.7795354745462216 -0.23737985392356153 0.0 0.0 0.0 1.0" />
			</transform>
		</animation>
	</shape>
	<shape type="ply" name="temp11">
		<string name="filename" value="meshes/Cube_007.ply" />
		<boolean name="face_normals" value="true" />
		<ref id="mat-Material" name="bsdf" />
		<animation name="to_world">
			<transform time="0">
				<matrix value="0.9810219634875634 0.15872415382657903 -0.11064135944335518 0.0750650738719787 -0.1929548585440059 0.7523507424549929 -0.6286556764901534 -0.14779439357760463 -0.016910839374710787 0.6381339652040057 0.768757260291589 -0.052756155905284347 0.0 0.0 0.0 1.0" />
			</transform>
			<transform time="0.0015">
				<matrix value="0.9809007386277864 0.158847565149481 -0.11153912497882443 0.07442024026583126 -0.19357740253233602 0.7504978680351803 -0.6306820546990017 -0.14817987752883757 -0.016839627069890978 0.640287783692985 0.76697097658659 -0.05483818989008585 0.0 0.0 0.0 1.0" />
			</transform>
		</animation>
	</shape>
	<shape type="ply" name="temp12">
		<string name="filename" value="meshes/Cube_008.ply" />
		<boolean name="face_normals" value="true" />
		<ref id="mat-Material" name="bsdf" />
		<animation name="to_world">
			<transform time="0">
				<matrix value="0.06699900891269389 0.9913624294203658 -0.11260016661142896 2.4290382349679946 -0.8595537093082424 -4.260423467376409e-06 -0.5104698309915224 1.4597233890527108 -0.5060482476902702 0.13106388304274097 0.8521364937182669 1.2028530734426064 0.0 0.0 0.0 1.0" />
			</transform>
			<transform time="0.0015">
				<matrix value="0.067369098181196 0.9913175172144201 -0.11277542487617513 2.4279132990340635 -0.858661716460863 -4.502601705994671e-06 -0.5119718173409427 1.4553394464196798 -0.507514355218434 0.1314036388871378 0.8512135698327239 1.204884162682807 0.0 0.0 0.0 1.0" />
			</transform>
		</animation>
	</shape>
	<shape type="ply" name="temp13">
		<string name="filename" value="meshes/Cube_009.ply" />
		<boolean name="face_normals" value="true" />
		<ref id="mat-Material" name="bsdf" />
		<animation name="to_world">
			<transform time="0">
				<matrix value="-0.053688874823368385 0.9943749048335186 0.09119356475175418 2.5296981651278387 -0.8622612481317384 -9.139009809708755e-05 -0.5056049332868737 1.061185476922096 -0.5027438846012691 -0.10586727169952213 0.8574205203439458 0.8794020919971033 0.0 0.0 0.0 1.0" />
			</transform>
			<transform time="0.0015">
				<matrix value="-0.05399425232454917 0.994350169704546 0.09128346998206624 2.530552337902611 -0.8611872983176567 -8.452897806308834e-05 -0.5074364666188743 1.0556819528570127 -0.5045532258708842 -0.1060995889267965 0.8563309379205863 0.8816229501425302 0.0 0.0 0.0 1.0" />
			</transform>
		</animation>
	</shape>
	<shape type="ply" name="temp14">
		<string name="filename" value="meshes/Cube_010.ply" />
		<boolean name="face_normals" value="true" />
		<ref id="mat-Material" name="bsdf" />
		<animation name="to_world">
			<transform time="0">
				<matrix value="0.03557423447813668 0.9992722501840755 0.011421641330603124 1.7318612455091875 -0.9904840548413463 0.03375479482628076 0.132619896165715 2.0600452426417024 0.13214334154216023 -0.01593626400902752 0.9910237147067682 -0.3491062598339979 0.0 0.0 0.0 1.0" />
			</transform>
			<transform time="0.0015">
				<matrix value="0.03502246030872906 0.9992916688372399 0.011441624525856505 1.7328949037302661 -0.9903848345993962 0.033190921742720716 0.1335044902045301 2.0615192465334222 0.1330356327842845 -0.01591321671094112 0.9909051057070466 -0.35097548395635253 0.0 0.0 0.0 1.0" />
			</transform>
		</animation>
	</shape>
	<shape type="ply" name="temp15">
		<string name="filename" value="meshes/Cube_011.ply" />
		<boolean name="face_normals" value="true" />
		<ref id="mat-Material" name="bsdf" />
		<animation name="to_world">
			<transform time="0">
				<matrix value="0.0018220005425272192 0.9964751378219234 -0.0835616951625478 1.2244772424901824 -0.818349121584605 0.04951434328348869 0.572547126591118 2.274809228572996 0.5746721788141349 0.06735413194611023 0.8155987586408404 -1.2608555747747223 0.0 0.0 0.0 1.0" />
			</transform>
			<transform time="0.0015">
				<matrix value="0.0013093720935689625 0.9964815506331386 -0.08349642489467343 1.2253430829207033 -0.81827852808985 0.04906710376708967 0.5726866966273836 2.2751697246865277 0.574774319175782 0.06758806889631093 0.8155074679226073 -1.2614355430101356 0.0 0.0 0.0 1.0" />
			</transform>
		</animation>
	</shape>
	<shape type="ply" name="temp16">
		<string name="filename" value="meshes/Cube_012.ply" />
		<boolean name="face_normals" value="true" />
		<ref id="mat-Material" name="bsdf" />
		<animation name="to_world">
			<transform time="0">
				<matrix value="0.08369960569263528 0.9888052930293291 0.12351411351041866 1.13954392547295 -0.8279588122554418 3.881374068411403e-05 0.560697928845951 1.8169016536008966 0.5544153914617562 -0.1492100191271591 0.8186938827034738 -1.5496583686609917 0.0 0.0 0.0 1.0" />
			</transform>
			<transform time="0.0015">
				<matrix value="0.08358031321807852 0.988813177633282 0.12353186188301817 1.139745116193257 -0.8283671662618333 3.875275139525078e-05 0.5600949096959708 1.8166582155548738 0.5538235486225918 -0.14915779376331828 0.8191041930789906 -1.548382439837385 0.0 0.0 0.0 1.0" />
			</transform>
		</animation>
	</shape>
	<shape type="ply" name="temp17">
		<string name="filename" value="meshes/Cube_013.ply" />
		<boolean name="face_normals" value="true" />
		<ref id="mat-Material" name="bsdf" />
		<animation name="to_world">
			<transform time="0">
				<matrix value="0.9026471693730974 0.2816064310640082 0.32534202858397776 0.5501500578693971 -0.3906422697849571 0.21918629268933698 0.8940313015785062 1.4423147085165087 0.18050310534779365 -0.934132801304902 0.3078448736017807 -1.3331608953545677 0.0 0.0 0.0 1.0" />
			</transform>
			<transform time="0.0015">
				<matrix value="0.9027713941372628 0.28186654790299154 0.3247721998694509 0.5492370348824682 -0.3902415894701632 0.21959415198810667 0.8941063800455753 1.4420902257620982 0.18074900495739443 -0.9339586867221794 0.30822903161623394 -1.3329099763116856 0.0 0.0 0.0 1.0" />
			</transform>
		</animation>
	</shape>
	<shape type="ply" name="temp18">
		<string name="filename" value="meshes/Cube_014.ply" />
		<boolean name="face_normals" value="true" />
		<ref id="mat-Material" name="bsdf" />
		<animation name="to_world">
			<transform time="0">
				<matrix value="0.9420061007717715 0.28920087271574374 0.17024153929292266 0.11042636533289957 -0.21737407960966407 0.13935377526735263 0.9660874350681126 1.025400580124923 0.25567151483882866 -0.9470680380373908 0.1941404689421451 -0.8445189252536814 0.0 0.0 0.0 1.0" />
			</transform>
			<transform time="0.0015">
				<matrix value="0.942062572376188 0.2890754174031313 0.17014221138308905 0.11028701119786796 -0.21727614549693589 0.139466042265753 0.9660932731806051 1.0252946783845416 0.25554672998613115 -0.9470898295808876 0.19419850114198017 -0.8443776116244529 0.0 0.0 0.0 1.0" />
			</transform>
		</animation>
	</shape>
	<shape type="ply" name="temp19">
		<string name="filename" value="meshes/Cube_015.ply" />
		<boolean name="face_normals" value="true" />
		<ref id="mat-Material" name="bsdf" />
		<animation name="to_world">
			<transform time="0">
				<matrix value="0.98248887021366 0.1376348965318727 0.12557933403653065 0.04841620540633479 -0.1504566714004826 0.18853818027086727 0.9704716228681278 0.6381509906033038 0.10989374178895692 -0.972371684295497 0.20594543712096963 -0.3281965703340875 0.0 0.0 0.0 1.0" />
			</transform>
			<transform time="0.0015">
				<matrix value="0.9825057526543134 0.13752650124947058 0.12556603658642912 0.048396044869578866 -0.15041390042323546 0.18847660226490887 0.9704902095119818 0.6381216313658418 0.10980134632949036 -0.9723989650251744 0.20586592645421214 -0.32809962240354995 0.0 0.0 0.0 1.0" />
			</transform>
		</animation>
	</shape>
	<shape type="ply" name="temp20">
		<string name="filename" value="meshes/Cube_016.ply" />
		<boolean name="face_normals" value="true" />
		<ref id="mat-Material" name="bsdf" />
		<animation name="to_world">
			<transform time="0">
				<matrix value="0.9841844893950112 0.05844399413461599 0.1672047930571637 0.08654471208850056 -0.1753429357105245 0.18776769157925255 0.9664345816109964 0.33987430742708113 0.02508484079662853 -0.9804682920927865 0.19504852250554466 0.035477514943344 0.0 0.0 0.0 1.0" />
			</transform>
			<transform time="0.0015">
				<matrix value="0.9842027920031677 0.058240253715726026 0.1671682776209073 0.08656275430942821 -0.1752651232969116 0.1876834149248854 0.9664650742597732 0.33982918474266033 0.024910668900952563 -0.9804965790481113 0.1949287433302141 0.0358259274451281 0.0 0.0 0.0 1.0" />
			</transform>
		</animation>
	</shape>
	<shape type="ply" name="temp21">
		<string name="filename" value="meshes/Cube_017.ply" />
		<boolean name="face_normals" value="true" />
		<ref id="mat-Material" name="bsdf" />
		<animation name="to_world">
			<transform time="0">
				<matrix value="0.9465768039473288 0.03693811102095644 0.3203167366475643 0.18137019105001606 -0.32150147510668814 0.18442839621795368 0.9287596667960537 0.15702281532027895 -0.024786346664255436 -0.9821332101296767 0.18646059928107453 0.24554441073993283 0.0 0.0 0.0 1.0" />
			</transform>
			<transform time="0.0015">
				<matrix value="0.9466463921549749 0.03662353034152427 0.32014740585417545 0.18143958909022181 -0.321284005973942 0.18413993009772855 0.9288922242890338 0.1570968036973629 -0.024949989055097765 -0.9821992080193369 0.18609120505314045 0.24575477223959685 0.0 0.0 0.0 1.0" />
			</transform>
		</animation>
	</shape>
	<shape type="ply" name="temp22">
		<string name="filename" value="meshes/Cube_018.ply" />
		<boolean name="face_normals" value="true" />
		<ref id="mat-Material" name="bsdf" />
		<animation name="to_world">
			<transform time="0">
				<matrix value="0.1820765450944724 0.9754983594862991 0.12290270062753506 0.862283856178969 -0.5300803418985262 -0.007962975284873693 0.847595103023449 -0.05296707955357641 0.8278313804126398 -0.21971651339214016 0.5157251355845418 -0.2033917451271077 0.0 0.0 0.0 1.0" />
			</transform>
			<transform time="0.0015">
				<matrix value="0.18134038930159746 0.9755783093703828 0.12335872274303938 0.8624521403894884 -0.5314408783233222 -0.008396919932270073 0.8467401599580091 -0.05187440740084003 0.8271221264219366 -0.21934582436914896 0.5170215625037207 -0.20365893284125802 0.0 0.0 0.0 1.0" />
			</transform>
		</animation>
	</shape>
	<shape type="ply" name="temp23">
		<string name="filename" value="meshes/Cube_019.ply" />
		<boolean name="face_normals" value="true" />
		<ref id="mat-Material" name="bsdf" />
		<animation name="to_world">
			<transform time="0">
				<matrix value="-0.07739895430537899 0.9873498976895143 -0.1383819732485588 0.4720170025960846 -0.8988703111730467 -0.009058060418461359 0.4381215128733805 -0.061599497041360855 0.43132584964904164 0.15829753683073194 0.8882004925533107 -0.049497388805115616 0.0 0.0 0.0 1.0" />
			</transform>
			<transform time="0.0015">
				<matrix value="-0.07739961811400961 0.98734948468645 -0.13838456210252414 0.4720473998482595 -0.8988736142592615 -0.00905873406400481 0.43811469606856046 -0.06159453803575382 0.43131882540483024 0.15830008543509544 0.8882034456510293 -0.049439238773618305 0.0 0.0 0.0 1.0" />
			</transform>
		</animation>
	</shape>
	<shape type="ply" name="temp24">
		<string name="filename" value="meshes/Cube_020.ply" />
		<boolean name="face_normals" value="true" />
		<ref id="mat-Material" name="bsdf" />
		<animation name="to_world">
			<transform time="0">
				<matrix value="0.10824009421031103 0.9703517198595248 -0.21603861935420687 0.040495180531787384 -0.9450698743584064 0.033021960719642085 -0.32519156371945357 0.18789493444780797 -0.30842455143097824 0.23937198368227158 0.9206242394422184 0.10144716520929176 0.0 0.0 0.0 1.0" />
			</transform>
			<transform time="0.0015">
				<matrix value="0.10824543292994568 0.9702672802620016 -0.21641519292863542 0.0407927704116397 -0.9450925653474608 0.03291871763516233 -0.3251360761196872 0.18784472122915158 -0.30835312535373083 0.2397285092691165 0.9205554671579395 0.10156792548183677 0.0 0.0 0.0 1.0" />
			</transform>
		</animation>
	</shape>
	<shape type="ply" name="temp25">
		<string name="filename" value="meshes/Cube_021.ply" />
		<boolean name="face_normals" value="true" />
		<ref id="mat-Material" name="bsdf" />
		<animation name="to_world">
			<transform time="0">
				<matrix value="0.20177143558730343 0.928385267290055 -0.31206535763540366 -0.15302155239597287 -0.8016544420745815 -0.0265153736887884 -0.5971810566020253 0.10563771066014352 -0.5626869369728754 0.37066786532978185 0.7388946201623469 0.23795826522980984 0.0 0.0 0.0 1.0" />
			</transform>
			<transform time="0.0015">
				<matrix value="0.201634702179255 0.9284295036728047 -0.3120221675174739 -0.15320716848690896 -0.8018557867212404 -0.026470446464549442 -0.5969127502280405 0.10531695391937808 -0.5624490988084714 0.3705602892952762 0.7391297020594059 0.23828281458041878 0.0 0.0 0.0 1.0" />
			</transform>
		</animation>
	</shape>
	<shape type="ply" name="temp26">
		<string name="filename" value="meshes/Cube_022.ply" />
		<boolean name="face_normals" value="true" />
		<ref id="mat-Material" name="bsdf" />
		<animation name="to_world">
			<transform time="0">
				<matrix value="0.6315202995601275 0.39813463267302573 -0.6652958889433649 -0.07977296086264368 -0.7188787061612298 -0.020720065578831222 -0.6947825422993985 -0.20155673217785153 -0.2904040719681859 0.9170929429752015 0.2731254914067933 0.6681350799463452 0.0 0.0 0.0 1.0" />
			</transform>
			<transform time="0.0015">
				<matrix value="0.631895351436421 0.3981478788076668 -0.6649319345426978 -0.079663483426176 -0.7184874101218125 -0.02070501815009848 -0.6951878655992293 -0.20122166125216406 -0.2905570974101731 0.9170875288804871 0.27298095131557765 0.6680902481777392 0.0 0.0 0.0 1.0" />
			</transform>
		</animation>
	</shape>
	<shape type="ply" name="temp27">
		<string name="filename" value="meshes/Cube_023.ply" />
		<boolean name="face_normals" value="true" />
		<ref id="mat-Material" name="bsdf" />
		<animation name="to_world">
			<transform time="0">
				<matrix value="0.853624028636927 0.3060129572423518 -0.4214717169534693 -0.0725131809788942 -0.47857571534696036 0.14139162076078954 -0.8665845035296187 -0.2853043041657476 -0.20559445735753784 0.9414432557470125 0.26714468954437637 0.16640277656857566 0.0 0.0 0.0 1.0" />
			</transform>
			<transform time="0.0015">
				<matrix value="0.8537158448595356 0.305565614850644 -0.42161054658771335 -0.07237610157849572 -0.4785532001071097 0.14123320254725086 -0.8666227916755431 -0.2852681043124087 -0.20526564868825165 0.9416124593478443 0.2668014664003157 0.16686217809385484 0.0 0.0 0.0 1.0" />
			</transform>
		</animation>
	</shape>
	<shape type="ply" name="temp28">
		<string name="filename" value="meshes/Cube_024.ply" />
		<boolean name="face_normals" value="true" />
		<ref id="mat-Material" name="bsdf" />
		<animation name="to_world">
			<transform time="0">
				<matrix value="0.8599049779531831 0.42670992004972647 -0.28014536894455633 -0.18639847607506077 -0.38354487019238437 0.1779688291967636 -0.9062121619724071 -0.5164842413599089 -0.336832678222851 0.8867045385807524 0.31669906070679366 -0.32159508716087143 0.0 0.0 0.0 1.0" />
			</transform>
			<transform time="0.0015">
				<matrix value="0.8598748672107321 0.42675804617042634 -0.28016450876233445 -0.18645151740882412 -0.3835721804921749 0.17793992048409854 -0.906206281308074 -0.516505704262552 -0.33687847463558773 0.886687184942909 0.31669895858237684 -0.3216261103581367 0.0 0.0 0.0 1.0" />
			</transform>
		</animation>
	</shape>
	<shape type="ply" name="temp29">
		<string name="filename" value="meshes/Cube_025.ply" />
		<boolean name="face_normals" value="true" />
		<ref id="mat-Material" name="bsdf" />
		<animation name="to_world">
			<transform time="0">
				<matrix value="0.8956200235095129 0.3744789048502054 -0.24006205850217083 -0.274645494851019 -0.32515181010838135 0.1828665082818305 -0.9278125489042841 -0.7962028757676478 -0.3035471927762323 0.9090240768590577 0.2855413287592413 -0.7185405023415531 0.0 0.0 0.0 1.0" />
			</transform>
			<transform time="0.0015">
				<matrix value="0.8956268690360161 0.3744381001474618 -0.24010016793036582 -0.27464110228074234 -0.32517164777399604 0.18284745006770403 -0.9278093575162597 -0.7962177334393888 -0.3035057446291649 0.9090447195031215 0.2855196698725159 -0.7185125614444191 0.0 0.0 0.0 1.0" />
			</transform>
		</animation>
	</shape>
	<shape type="ply" name="temp30">
		<string name="filename" value="meshes/Cube_026.ply" />
		<boolean name="face_normals" value="true" />
		<ref id="mat-Material" name="bsdf" />
		<animation name="to_world">
			<transform time="0">
				<matrix value="0.922743946655036 0.242035634502308 -0.29993709520254586 -0.32059522830005216 -0.3506126923001913 0.20399051568239324 -0.9140343652619898 -1.145743121334259 -0.16004464325289391 0.9485812111642538 0.2730916868745275 -0.8611919033951729 0.0 0.0 0.0 1.0" />
			</transform>
			<transform time="0.0015">
				<matrix value="0.9227451912962185 0.2420050797847034 -0.2999579711354093 -0.32062469300950935 -0.3506264727120517 0.20400130407334494 -0.9140266718892591 -1.1457593230979592 -0.16000736146239986 0.9485866853321411 0.2730945123167251 -0.8611842842846079 0.0 0.0 0.0 1.0" />
			</transform>
		</animation>
	</shape>
	<shape type="ply" name="temp31">
		<string name="filename" value="meshes/Cube_027.ply" />
		<boolean name="face_normals" value="true" />
		<ref id="mat-Material" name="bsdf" />
		<animation name="to_world">
			<transform time="0">
				<matrix value="0.8732068677563308 0.18183633242460207 -0.4521546488796516 -0.5668530174680546 -0.48305488921629636 0.2000512699641027 -0.8524302149164509 -1.5842684452858224 -0.06454848349458447 0.9627634677518602 0.26252363362316977 -0.9978320918812799 0.0 0.0 0.0 1.0" />
			</transform>
			<transform time="0.0015">
				<matrix value="0.8732305159387963 0.18175155866472853 -0.4521430832894513 -0.5668462335586573 -0.48302195409577775 0.20006508979754567 -0.8524456357033845 -1.5842502751919132 -0.06447508955716907 0.962776601249302 0.2624934898994836 -0.9978169350755082 0.0 0.0 0.0 1.0" />
			</transform>
		</animation>
	</shape>
	<shape type="ply" name="temp32">
		<string name="filename" value="meshes/Cube_028.ply" />
		<boolean name="face_normals" value="true" />
		<ref id="mat-Material" name="bsdf" />
		<animation name="to_world">
			<transform time="0">
				<matrix value="-0.10770124923097653 0.9838826047144171 0.14273160005125052 -1.4843534265893203 -0.8000904655273595 -0.0005712888201024983 -0.5998298662806173 -2.120263249089658 -0.5900816804869271 -0.17881229102483612 0.7872560222892429 -1.337982546955482 0.0 0.0 0.0 1.0" />
			</transform>
			<transform time="0.0015">
				<matrix value="-0.10775502889991254 0.9838927946263831 0.14262073889061522 -1.484613559129658 -0.7997576516665761 -0.0005817757939088093 -0.6002737755892548 -2.1203941894234455 -0.5905231132262814 -0.17875615790109328 0.7869379047309739 -1.3391889851163268 0.0 0.0 0.0 1.0" />
			</transform>
		</animation>
	</shape>
	<shape type="ply" name="temp33">
		<string name="filename" value="meshes/Cube_029.ply" />
		<boolean name="face_normals" value="true" />
		<ref id="mat-Material" name="bsdf" />
		<animation name="to_world">
			<transform time="0">
				<matrix value="0.0013403525008554556 0.9804655804998926 0.19667324397274644 -1.599850726189941 -0.9980599333010653 -0.010896628864280604 0.06112111194689994 -1.801960413379447 0.06207016685371444 -0.19638350684051453 0.9785517334633194 -0.08154487317898873 0.0 0.0 0.0 1.0" />
			</transform>
			<transform time="0.0015">
				<matrix value="0.0011812414017639329 0.9804660235395433 0.1966721146469042 -1.6001678320190014 -0.9980787624881836 -0.010993334432861964 0.06079627545304367 -1.8024351354294335 0.06177070937661913 -0.1963759241042557 0.9785722519607241 -0.08218621915849468 0.0 0.0 0.0 1.0" />
			</transform>
		</animation>
	</shape>
	<shape type="ply" name="temp34">
		<string name="filename" value="meshes/Cube_030.ply" />
		<boolean name="face_normals" value="true" />
		<ref id="mat-Material" name="bsdf" />
		<animation name="to_world">
			<transform time="0">
				<matrix value="-0.03990968558157147 0.9812955174128635 -0.1883224228314539 -3.2033369016910767 -0.9743111738191899 0.0035782508027459355 0.22512420764910474 -1.9086920252831825 0.2215872732211489 0.192473830369862 0.9559449220460992 0.2713793923767238 0.0 0.0 0.0 1.0" />
			</transform>
			<transform time="0.0015">
				<matrix value="-0.03984454116907391 0.9812948751853199 -0.18833955174552341 -3.203196234282064 -0.9743895821660994 0.003578548539078712 0.22478485394651795 -1.9094462250182391 0.2212542404195223 0.19247707632944283 0.9560214589887815 0.2707135197602989 0.0 0.0 0.0 1.0" />
			</transform>
		</animation>
	</shape>
	<shape type="ply" name="temp35">
		<string name="filename" value="meshes/Cube_031.ply" />
		<boolean name="face_normals" value="true" />
		<ref id="mat-Material" name="bsdf" />
		<animation name="to_world">
			<transform time="0">
				<matrix value="0.12105898742436089 0.980649238772441 0.1538542485677989 -1.9426189250058687 -0.7903808239676469 0.0014615235397550806 0.6125913136063006 -1.2280693263851237 0.6005122538460039 -0.19576771452350014 0.7752629779854485 0.5789959792301917 0.0 0.0 0.0 1.0" />
			</transform>
			<transform time="0.0015">
				<matrix value="0.12101197988001214 0.9806484127663126 0.1538964999921311 -1.9426846404245102 -0.7906149282085038 0.0014735398263624124 0.6122892295814661 -1.2289943201386144 0.600213587833045 -0.1957717612026147 0.7754932855660229 0.5785218315621099 0.0 0.0 0.0 1.0" />
			</transform>
		</animation>
	</shape>
	<shape type="ply" name="temp36">
		<string name="filename" value="meshes/Cube_032.ply" />
		<boolean name="face_normals" value="true" />
		<ref id="mat-Material" name="bsdf" />
		<animation name="to_world">
			<transform time="0">
				<matrix value="0.6904066649291611 0.6113056736952546 0.3864128710638405 -0.6692398522068939 -0.4896376857845458 0.0019991875650521565 0.8716199604652448 -0.4335036638596709 0.5320363652803856 -0.7913903796855805 0.30072145490924546 -0.13624845936424146 0.0 0.0 0.0 1.0" />
			</transform>
			<transform time="0.0015">
				<matrix value="0.6897104956278113 0.6113954530522663 0.3875146999068454 -0.670066331608931 -0.4910824748432267 0.002015064979761014 0.8708083011317834 -0.43801147888770897 0.5316101075892936 -0.7913209876616474 0.30165819963252594 -0.13652452986608468 0.0 0.0 0.0 1.0" />
			</transform>
		</animation>
	</shape>
	<shape type="ply" name="temp37">
		<string name="filename" value="meshes/Cube_033.ply" />
		<boolean name="face_normals" value="true" />
		<ref id="mat-Material" name="bsdf" />
		<animation name="to_world">
			<transform time="0">
				<matrix value="0.9769643119921565 0.16740525590136476 0.13234838430883444 -0.1387836919931631 -0.15012896102491546 0.09839595722357919 0.9837578678275883 0.3004130121801475 0.15166372797756134 -0.9809655565127248 0.12126173880112581 -0.3769282845638201 0.0 0.0 0.0 1.0" />
			</transform>
			<transform time="0.0015">
				<matrix value="0.976958663236021 0.16743839977272462 0.13234815963511753 -0.13881005113286168 -0.15012926899382342 0.09837273218399223 0.9837601400958618 0.3004137778849695 0.1516998114019939 -0.9809622299607712 0.12124352065620911 -0.3768364879451347 0.0 0.0 0.0 1.0" />
			</transform>
		</animation>
	</shape>
	<shape type="ply" name="temp38">
		<string name="filename" value="meshes/Cube_034.ply" />
		<boolean name="face_normals" value="true" />
		<ref id="mat-Material" name="bsdf" />
		<animation name="to_world">
			<transform time="0">
				<matrix value="0.9999250922384922 0.0024452883987626794 0.012022156388749285 -0.03456172450632233 -0.012266323243390831 0.18161284502412273 0.9832937055960921 0.36937390147071403 0.00022106033930999758 -0.983367089188462 0.181629175155229 -0.3578543282779381 0.0 0.0 0.0 1.0" />
			</transform>
			<transform time="0.0015">
				<matrix value="0.9999250922384922 0.0024466051276228334 0.012021971713762274 -0.034554513486971916 -0.012266382284062302 0.18161868038196266 0.983292633289716 0.3693732615705786 0.00022231583121038758 -0.9833660078713485 0.1816350268843105 -0.3578721302120281 0.0 0.0 0.0 1.0" />
			</transform>
		</animation>
	</shape>
	<shape type="ply" name="temp39">
		<string name="filename" value="meshes/Cube_035.ply" />
		<boolean name="face_normals" value="true" />
		<ref id="mat-Material" name="bsdf" />
		<animation name="to_world">
			<transform time="0">
				<matrix value="0.9989213725584059 -0.046331944858715585 0.00315325367441082 0.008860832023667164 0.006542656645869789 0.20763340515578102 0.9781849661080015 0.09143506442140636 -0.04597594618697332 -0.9771088370812415 0.20771255131551636 -0.1476129216768498 0.0 0.0 0.0 1.0" />
			</transform>
			<transform time="0.0015">
				<matrix value="0.9989212608598382 -0.046334099983796076 0.003153781317230849 0.008852042455737851 0.006542472502802548 0.20763093765020105 0.9781854937508214 0.09143389004962277 -0.04597818015832633 -0.977109265102599 0.20771007054322543 -0.1476377538881775 0.0 0.0 0.0 1.0" />
			</transform>
		</animation>
	</shape>
	<shape type="ply" name="temp40">
		<string name="filename" value="meshes/Cube_036.ply" />
		<boolean name="face_normals" value="true" />
		<ref id="mat-Material" name="bsdf" />
		<animation name="to_world">
			<transform time="0">
				<matrix value="0.999375694780569 -0.03517602409563163 0.0033312829978332003 0.0032898073813028006 0.0041274442535552385 0.20985757879784658 0.9777232860274758 -0.2460043679471697 -0.03509152265760327 -0.977098929337975 0.20987178626458028 0.2137704606571168 0.0 0.0 0.0 1.0" />
			</transform>
			<transform time="0.0015">
				<matrix value="0.9993754235126191 -0.03518406864440769 0.003329029452369594 0.003282570491598748 0.004131043500543698 0.2098493262457091 0.9777250391632972 -0.2459951363294875 -0.03509894949536634 -0.9771004161490062 0.2098636460975261 0.21375255315162128 0.0 0.0 0.0 1.0" />
			</transform>
		</animation>
	</shape>
	<shape type="ply" name="temp41">
		<string name="filename" value="meshes/Cube_037.ply" />
		<boolean name="face_normals" value="true" />
		<ref id="mat-Material" name="bsdf" />
		<animation name="to_world">
			<transform time="0">
				<matrix value="0.9988520053118024 -0.047785452512707986 0.0033870959353714076 -0.005850907973801611 0.006723159972838179 0.2098346345502823 0.9777138302142545 -0.5698296514226939 -0.04743121783177046 -0.9765683957590687 0.20991504661006732 0.5123382097664128 0.0 0.0 0.0 1.0" />
			</transform>
			<transform time="0.0015">
				<matrix value="0.998851973397926 -0.04778612458133065 0.0033867146708820963 -0.005855156903307962 0.006723322893177567 0.20982738822379216 0.9777153791012423 -0.5698301958833738 -0.04743184493944313 -0.976569920115833 0.20990781875446973 0.5123499145333114 0.0 0.0 0.0 1.0" />
			</transform>
		</animation>
	</shape>
	<shape type="ply" name="temp42">
		<string name="filename" value="meshes/Cube_038.ply" />
		<boolean name="face_normals" value="true" />
		<ref id="mat-Material" name="bsdf" />
		<animation name="to_world">
			<transform time="0">
				<matrix value="0.9991472039459104 -0.04113826412166292 0.0035566504861942764 0.007178117685466168 0.005160969687621337 0.20987687282420747 0.9777143030049156 -0.904962435124329 -0.04096793460242151 -0.9768619778358569 0.2099102241453245 0.8613642270432578 0.0 0.0 0.0 1.0" />
			</transform>
			<transform time="0.0015">
				<matrix value="0.9991468848071456 -0.041146367992697296 0.0035529510291964295 0.007188168690492451 0.005165939476034866 0.20986841752511115 0.9777160901822093 -0.904950741907018 -0.04097512495835993 -0.9768634496285948 0.20990195802482298 0.8613825064255733 0.0 0.0 0.0 1.0" />
			</transform>
		</animation>
	</shape>
	<shape type="ply" name="temp43">
		<string name="filename" value="meshes/Cube_039.ply" />
		<boolean name="face_normals" value="true" />
		<ref id="mat-Material" name="bsdf" />
		<animation name="to_world">
			<transform time="0">
				<matrix value="0.9999585675412666 -0.007046629586504365 -0.005802625959220863 0.02102428230766651 0.008281815360673898 0.4330105418623862 0.9013507936489327 -1.3192657009477957 -0.003838890203422463 -0.9013613880650901 0.4330508478245114 1.4730720887734716 0.0 0.0 0.0 1.0" />
			</transform>
			<transform time="0.0015">
