<scene version="2.1.0">
	<default name="spp" value="1024" />
	<default name="resx" value="1280" />
	<default name="resy" value="720" />
	<integrator type="path" name="temp0">
		<integer name="max_depth" value="12" />
	</integrator>
	<sensor type="perspective" name="temp44">
		<string name="fov_axis" value="x" />
		<float name="fov" value="83.974423" />
		<float name="principal_point_offset_x" value="0.000000" />
		<float name="principal_point_offset_y" value="-0.000000" />
		<float name="near_clip" value="0.100000" />
		<float name="far_clip" value="1000.000000" />
		<transform name="to_world">
			<rotate x="1" angle="-142.5518126578256" />
			<rotate y="1" angle="3.976628485794621e-06" />
			<rotate z="1" angle="-179.999991348578" />
			<translate value="-0.000000 3.030926 4.073377" />
		</transform>
		<sampler type="correlated" name="sampler">
			<integer name="sample_count" value="1024" />
		</sampler>
		<film type="hdrfilm" name="film">
			<integer name="width" value="$resx" />
			<integer name="height" value="$resy" />
		</film>
		<float name="shutter_open" value="0.0" />
		<float name="shutter_close" value="0.0015" />
	</sensor>
	<bsdf type="twosided" id="mat-Material" name="mat-Material">
		<bsdf type="diffuse" name="bsdf">
			<texture type="bitmap" name="reflectance">
				<string name="filename" value="textures/siggraph_2023_logo.jpg" />
			</texture>
		</bsdf>
	</bsdf>
	<bsdf type="twosided" id="mat-Material.001" name="mat-Material.001">
		<bsdf type="principled" name="bsdf">
			<rgb value="0.433648 0.266232 0.084399" name="base_color" />
			<float name="spec_tint" value="0.000000" />
			<float name="spec_trans" value="0.000000" />
			<float name="metallic" value="0.000000" />
			<float name="anisotropic" value="0.000000" />
			<float name="roughness" value="0.500000" />
			<float name="sheen" value="0.000000" />
			<float name="sheen_tint" value="0.500000" />
			<float name="clearcoat" value="0.000000" />
			<float name="clearcoat_gloss" value="0.173205" />
			<float name="specular" value="0.500000" />
		</bsdf>
	</bsdf>
	<bsdf type="twosided" id="mat-Material.002" name="mat-Material.002">
		<bsdf type="principled" name="bsdf">
			<rgb value="0.433648 0.266232 0.084399" name="base_color" />
			<float name="spec_tint" value="0.000000" />
			<float name="spec_trans" value="0.000000" />
			<float name="metallic" value="0.000000" />
			<float name="anisotropic" value="0.000000" />
			<float name="roughness" value="0.500000" />
			<float name="sheen" value="0.000000" />
			<float name="sheen_tint" value="0.500000" />
			<float name="clearcoat" value="0.000000" />
			<float name="clearcoat_gloss" value="0.173205" />
			<float name="specular" value="0.500000" />
		</bsdf>
	</bsdf>
	<bsdf type="twosided" id="mat-Material.003" name="mat-Material.003">
		<bsdf type="principled" name="bsdf">
			<rgb value="0.433648 0.266232 0.084399" name="base_color" />
			<float name="spec_tint" value="0.000000" />
			<float name="spec_trans" value="0.000000" />
			<float name="metallic" value="0.000000" />
			<float name="anisotropic" value="0.000000" />
			<float name="roughness" value="0.500000" />
			<float name="sheen" value="0.000000" />
			<float name="sheen_tint" value="0.500000" />
			<float name="clearcoat" value="0.000000" />
			<float name="clearcoat_gloss" value="0.173205" />
			<float name="specular" value="0.500000" />
		</bsdf>
	</bsdf>
	<bsdf type="twosided" id="mat-Material.004" name="mat-Material.004">
		<bsdf type="principled" name="bsdf">
			<rgb value="0.433648 0.266232 0.084399" name="base_color" />
			<float name="spec_tint" value="0.000000" />
			<float name="spec_trans" value="0.000000" />
			<float name="metallic" value="0.000000" />
			<float name="anisotropic" value="0.000000" />
			<float name="roughness" value="0.500000" />
			<float name="sheen" value="0.000000" />
			<float name="sheen_tint" value="0.500000" />
			<float name="clearcoat" value="0.000000" />
			<float name="clearcoat_gloss" value="0.173205" />
			<float name="specular" value="0.500000" />
		</bsdf>
	</bsdf>
	<bsdf type="twosided" id="mat-Material.005" name="mat-Material.005">
		<bsdf type="principled" name="bsdf">
			<rgb value="0.433648 0.266232 0.084399" name="base_color" />
			<float name="spec_tint" value="0.000000" />
			<float name="spec_trans" value="0.000000" />
			<float name="metallic" value="0.000000" />
			<float name="anisotropic" value="0.000000" />
			<float name="roughness" value="0.500000" />
			<float name="sheen" value="0.000000" />
			<float name="sheen_tint" value="0.500000" />
			<float name="clearcoat" value="0.000000" />
			<float name="clearcoat_gloss" value="0.173205" />
			<float name="specular" value="0.500000" />
		</bsdf>
	</bsdf>
	<emitter type="point" name="temp45">
		<point name="position" x="-6.815235034541981e-16" y="3.0693089962005615" z="4.109199523925781" />
		<rgb value="7.957747 7.957747 7.957747" name="intensity" />
	</emitter>
	<shape type="ply" name="temp2">
		<string name="filename" value="meshes/Cube.ply" />
		<boolean name="face_normals" value="true" />
		<ref id="mat-Material" name="bsdf" />
		<animation name="to_world">
			<transform time="0">
				<matrix value="0.9712187980362643 -0.21586135834117265 -0.09600450522220924 0.3044380199062806 -0.14568910264934126 -0.24176027224392657 -0.9522683550336366 1.9097805570698752 0.1850413632680705 0.9386913018357486 -0.26709142967640787 2.453810071818108 0.0 0.0 0.0 1.0" />
			</transform>
			<transform time="0.0015">
				<matrix value="0.9707159789555171 -0.21754650095289135 -0.09730227592850549 0.3091390473771474 -0.145853700062937 -0.2336438061179196 -0.95430377125337 1.9052308118066141 0.1875509077530217 0.9403941810517882 -0.25936804428164767 2.4350845179990817 0.0 0.0 0.0 1.0" />
			</transform>
		</animation>
	</shape>
	<shape type="ply" name="temp4">
		<string name="filename" value="meshes/Plane.ply" />
		<boolean name="face_normals" value="true" />
		<ref id="mat-Material.001" name="bsdf" />
	</shape>
	<shape type="ply" name="temp5">
		<string name="filename" value="meshes/Cube_001.ply" />
		<boolean name="face_normals" value="true" />
		<ref id="mat-Material" name="bsdf" />
		<animation name="to_world">
			<transform time="0">
				<matrix value="0.9981191060002446 -0.028156137690515476 -0.05445559100960191 0.044750408505869865 -0.05447720144603006 -3.412226780942931e-07 -0.9985149645336086 1.1727831534370075 0.028114316779161284 0.9996033773932416 -0.0015342080590950503 1.061808381698468 0.0 0.0 0.0 1.0" />
			</transform>
			<transform time="0.0015">
				<matrix value="0.9981202389428594 -0.028115477163387095 -0.05445565994358323 0.04472032401595831 -0.054477187084785654 3.744110096094493e-07 -0.9985149645336086 1.1727825391285231 0.028073755359151645 0.9996045262926747 -0.0015312782797850001 1.061956962608524 0.0 0.0 0.0 1.0" />
			</transform>
		</animation>
	</shape>
	<shape type="ply" name="temp6">
		<string name="filename" value="meshes/Cube_002.ply" />
		<boolean name="face_normals" value="true" />
		<ref id="mat-Material" name="bsdf" />
		<animation name="to_world">
			<transform time="0">
				<matrix value="0.9997391525582995 -0.021889093764796433 0.006540361429548754 -0.0380301348931138 0.011186561104344296 0.2194296060055525 -0.9755642874737424 0.6538005982529207 0.01991906415827611 0.9753826996201684 0.21961716012615945 0.5371105211103957 0.0 0.0 0.0 1.0" />
			</transform>
			<transform time="0.0015">
				<matrix value="0.9997389451181025 -0.021901292373483747 0.006532008503292976 -0.03803693003881807 0.011180959261607249 0.2194231631577509 -0.9755658023192579 0.6538190444540679 0.01993287233520905 0.9753838710470415 0.21961068628917244 0.537151395054425 0.0 0.0 0.0 1.0" />
			</transform>
		</animation>
	</shape>
	<shape type="ply" name="temp7">
		<string name="filename" value="meshes/Cube_003.ply" />
		<boolean name="face_normals" value="true" />
		<ref id="mat-Material" name="bsdf" />
		<animation name="to_world">
			<transform time="0">
				<matrix value="0.9952218599464211 -0.05905401910212902 0.07775168892643897 -0.06525971280101817 0.08896599808165212 0.22043727564176105 -0.9713354114058856 0.13938555497641308 0.040221904270540246 0.9736114037082075 0.22463784235362755 0.20209855402827742 0.0 0.0 0.0 1.0" />
			</transform>
			<transform time="0.0015">
				<matrix value="0.9952240620038977 -0.058990873937270615 0.07777145936249073 -0.06533616670446826 0.08897043091909401 0.2204217016716672 -0.9713385432213335 0.13935291679660194 0.04015760642619676 0.9736187626718971 0.22461747278766403 0.20218032005628023 0.0 0.0 0.0 1.0" />
			</transform>
		</animation>
	</shape>
	<shape type="ply" name="temp8">
		<string name="filename" value="meshes/Cube_004.ply" />
		<boolean name="face_normals" value="true" />
		<ref id="mat-Material" name="bsdf" />
		<animation name="to_world">
			<transform time="0">
				<matrix value="0.9802137131733055 -0.1540483456154586 0.12428855643300249 0.040299866007650564 0.1569552521421847 0.2223538503576174 -0.962249202283957 -0.36289627125412327 0.12059679767103348 0.9627174749646972 0.24213429996959956 -0.3090390229639115 0.0 0.0 0.0 1.0" />
			</transform>
			<transform time="0.0015">
				<matrix value="0.9801919159956755 -0.1541685685547049 0.12431150378945291 0.0403805466273866 0.15700554841150383 0.22233858426253503 -0.9622445300918894 -0.36303167571012196 0.12070855687504914 0.9627017658299641 0.24214110826405155 -0.30937011450855945 0.0 0.0 0.0 1.0" />
			</transform>
		</animation>
	</shape>
	<shape type="ply" name="temp9">
		<string name="filename" value="meshes/Cube_005.ply" />
		<boolean name="face_normals" value="true" />
		<ref id="mat-Material" name="bsdf" />
		<animation name="to_world">
			<transform time="0">
				<matrix value="0.9755827291955882 -0.20173213425305003 0.0867975453654459 0.11485384300067447 0.1317546855026444 0.22144911695934488 -0.9662299814524224 -0.6322522086184565 0.17569832649855416 0.9540735425709655 0.24262009237383936 -0.7575793446120846 0.0 0.0 0.0 1.0" />
			</transform>
			<transform time="0.0015">
				<matrix value="0.9755484536922578 -0.201930559697961 0.0867216745831098 0.11499503599002575 0.13172094296105105 0.22140256025028898 -0.966245249052731 -0.6321610122793035 0.17591397494464758 0.9540423946307779 0.24258640833703815 -0.7581519610180385 0.0 0.0 0.0 1.0" />
			</transform>
		</animation>
	</shape>
	<shape type="ply" name="temp10">
		<string name="filename" value="meshes/Cube_006.ply" />
		<boolean name="face_normals" value="true" />
		<ref id="mat-Material" name="bsdf" />
		<animation name="to_world">
			<transform time="0">
				<matrix value="0.9868696445382934 -0.14637613339368366 -0.0682699904165333 0.03309355437532857 -0.034249971632563686 0.22340709561285127 -0.9741226305505033 -0.5417026923222812 0.15784067074803157 0.9636700784067515 0.21545981728532113 -1.0420310975721372 0.0 0.0 0.0 1.0" />
			</transform>
			<transform time="0.0015">
				<matrix value="0.9868868939885262 -0.1462806553453006 -0.06822533906840676 0.033107740006483775 -0.034240235506699135 0.22332610195738722 -0.9741415490987118 -0.5417364887189919 0.1577349273097308 0.9637033589445798 0.21538843146695527 -1.041901190354643 0.0 0.0 0.0 1.0" />
			</transform>
		</animation>
	</shape>
	<shape type="ply" name="temp11">
		<string name="filename" value="meshes/Cube_007.ply" />
		<boolean name="face_normals" value="true" />
		<ref id="mat-Material" name="bsdf" />
		<animation name="to_world">
			<transform time="0">
				<matrix value="0.9113918748570546 -0.24961338942854222 -0.3271930040220301 0.17437255585623235 -0.27381430764839276 0.22573249510348897 -0.9349159921913894 -0.22875106128170022 0.3072263827795478 0.941667483620936 0.1373827420061737 -1.8125940966107876 0.0 0.0 0.0 1.0" />
			</transform>
			<transform time="0.0015">
				<matrix value="0.9113505304300857 -0.24961586744692746 -0.32730626851060696 0.1744027417419944 -0.27391944951012204 0.22576521245532072 -0.934877295547798 -0.2284783318563305 0.3072553127085692 0.9416589907761066 0.13737630050858532 -1.8129351947102146 0.0 0.0 0.0 1.0" />
			</transform>
		</animation>
	</shape>
	<shape type="ply" name="temp12">
		<string name="filename" value="meshes/Cube_008.ply" />
		<boolean name="face_normals" value="true" />
		<ref id="mat-Material" name="bsdf" />
		<animation name="to_world">
			<transform time="0">
				<matrix value="0.3408689876548463 0.8934024859049315 -0.292212523184472 1.744668927182113 -0.5350282433287769 -0.07119066043973693 -0.8417339171982804 0.26683211448478056 -0.772863488804614 0.4433553459053905 0.4538992464189654 0.9990754476100634 0.0 0.0 0.0 1.0" />
			</transform>
			<transform time="0.0015">
				<matrix value="0.33984706862926994 0.893644806066421 -0.29266372587854117 1.7464858428775336 -0.5354029601093673 -0.0719661300113828 -0.841430156630937 0.26867911759191354 -0.7730547965371226 0.4427425169404288 0.45417208030876055 1.0000999561369857 0.0 0.0 0.0 1.0" />
			</transform>
		</animation>
	</shape>
	<shape type="ply" name="temp13">
		<string name="filename" value="meshes/Cube_009.ply" />
		<boolean name="face_normals" value="true" />
		<ref id="mat-Material" name="bsdf" />
		<animation name="to_world">
			<transform time="0">
				<matrix value="-0.0669742538921009 0.990662108409484 0.11874731986794011 2.6069615718198307 -0.8711353800438632 -3.5606864918871236e-05 -0.4909751354663442 1.1056898768282597 -0.4863856251562425 -0.1363372324648588 0.8630038234580759 0.8646575838136218 0.0 0.0 0.0 1.0" />
			</transform>
			<transform time="0.0015">
				<matrix value="-0.0668730821166047 0.9906698578487978 0.11873967500430735 2.606715622762522 -0.8714240889273628 -3.135435258626407e-05 -0.49046286237104075 1.1072076845746963 -0.48588245502285415 -0.13628087707037595 0.8632963162981013 0.8640116158965365 0.0 0.0 0.0 1.0" />
			</transform>
		</animation>
	</shape>
	<shape type="ply" name="temp14">
		<string name="filename" value="meshes/Cube_010.ply" />
		<boolean name="face_normals" value="true" />
		<ref id="mat-Material" name="bsdf" />
		<animation name="to_world">
			<transform time="0">
				<matrix value="0.02901604444468084 0.9951399911977523 0.09408992762047771 1.8919725097857154 -0.9985900497671211 0.024690805405664727 0.04677325101732731 1.9260842388139816 0.044221954356794976 -0.09531887289512603 0.9944536927550978 -0.21420539318820386 0.0 0.0 0.0 1.0" />
			</transform>
			<transform time="0.0015">
				<matrix value="0.02908941029788495 0.9951329776548075 0.09414146811155284 1.8918773216132574 -0.9985737736901206 0.024730823149842273 0.04709985000840983 1.926505871678247 0.04454160039257679 -0.09538171694320488 0.9944334550998393 -0.21498473689058517 0.0 0.0 0.0 1.0" />
			</transform>
		</animation>
	</shape>
	<shape type="ply" name="temp15">
		<string name="filename" value="meshes/Cube_011.ply" />
		<boolean name="face_normals" value="true" />
		<ref id="mat-Material" name="bsdf" />
		<animation name="to_world">
			<transform time="0">
				<matrix value="0.07783029447171855 0.9894709890847957 0.12184520975594074 1.51019050970933 -0.8935766816127597 0.015121015262096311 0.4485346089855756 2.14145664314922 0.4419777554975205 -0.14380318633023448 0.8853408182398854 -1.0800753881766803 0.0 0.0 0.0 1.0" />
			</transform>
			<transform time="0.0015">
				<matrix value="0.07793890218043265 0.9894062377134749 0.12230162675252328 1.5108325865317034 -0.8939141868133844 0.015122537291025109 0.4478622048047615 2.1406650741512765 0.4412763060453083 -0.14424853203985544 0.8856186562261028 -1.0785478452046984 0.0 0.0 0.0 1.0" />
			</transform>
		</animation>
	</shape>
	<shape type="ply" name="temp16">
		<string name="filename" value="meshes/Cube_012.ply" />
		<boolean name="face_normals" value="true" />
		<ref id="mat-Material" name="bsdf" />
		<animation name="to_world">
			<transform time="0">
				<matrix value="0.09343606334448529 0.9903872988988848 0.10199210345037897 1.0977163949385076 -0.7376863164352061 6.737834855649395e-05 0.6751416362622873 1.846974294124692 0.6686448521081438 -0.13832100253846813 0.7306015173743476 -1.8301287316592942 0.0 0.0 0.0 1.0" />
			</transform>
			<transform time="0.0015">
				<matrix value="0.0934082392312836 0.9903911961459816 0.10197978554364172 1.0977064575545914 -0.7377681117006027 7.197054764934901e-05 0.6750522688872369 1.8469197544553233 0.6685584931584119 -0.13829312257889026 0.7306858210803993 -1.829928425456195 0.0 0.0 0.0 1.0" />
			</transform>
		</animation>
	</shape>
	<shape type="ply" name="temp17">
		<string name="filename" value="meshes/Cube_013.ply" />
		<boolean name="face_normals" value="true" />
		<ref id="mat-Material" name="bsdf" />
		<animation name="to_world">
			<transform time="0">
				<matrix value="0.916546769924135 0.1736494285839436 0.3601980472800117 0.6343860164352996 -0.38354600045742493 0.12704375885178643 0.9147175477672225 1.4659801258230223 0.11307936056252627 -0.9765780949182664 0.18303765399382818 -1.4104857845147576 0.0 0.0 0.0 1.0" />
			</transform>
			<transform time="0.0015">
				<matrix value="0.916382174106233 0.17358349827660313 0.3606486457379482 0.6350763158341541 -0.3839864534407714 0.12707039529668368 0.914529162259736 1.4660787713630414 0.1129194991681989 -0.9765863549795506 0.18309235438456584 -1.4102855773960985 0.0 0.0 0.0 1.0" />
			</transform>
		</animation>
	</shape>
	<shape type="ply" name="temp18">
		<string name="filename" value="meshes/Cube_014.ply" />
		<boolean name="face_normals" value="true" />
		<ref id="mat-Material" name="bsdf" />
		<animation name="to_world">
			<transform time="0">
				<matrix value="0.9391926273033029 0.29805036470924423 0.17053896007802938 0.11274426695347167 -0.2162408448531719 0.12754408945753543 0.9679733970150834 1.0261489004102748 0.26675360842654694 -0.9459907013222144 0.18423910962171547 -0.8716418808720932 0.0 0.0 0.0 1.0" />
			</transform>
			<transform time="0.0015">
				<matrix value="0.9391892763462732 0.29806338556948664 0.17053468021392948 0.11275412468472962 -0.21624049380053073 0.1275492136991902 0.9679728012893187 1.0261460332266306 0.2667657117641988 -0.9459859104866697 0.18424620641764483 -0.8716348640576774 0.0 0.0 0.0 1.0" />
			</transform>
		</animation>
	</shape>
	<shape type="ply" name="temp19">
		<string name="filename" value="meshes/Cube_015.ply" />
		<boolean name="face_normals" value="true" />
		<ref id="mat-Material" name="bsdf" />
		<animation name="to_world">
			<transform time="0">
				<matrix value="0.9829112790699737 0.13242320456048212 0.12786710894657038 0.023703152552106366 -0.14959860077620396 0.16986083270931934 0.9740471022423989 0.6395952978594692 0.10726685070040973 -0.9765302248744846 0.1867684332804911 -0.29915037236597775 0.0 0.0 0.0 1.0" />
			</transform>
			<transform time="0.0015">
				<matrix value="0.9829106727063206 0.13242241309642816 0.12787258111323618 0.023682197695079253 -0.14960356019260765 0.16985797022262705 0.9740468469313568 0.6395966380770463 0.1072654815951091 -0.976530833115361 0.18676605548365377 -0.2991123457721525 0.0 0.0 0.0 1.0" />
			</transform>
		</animation>
	</shape>
	<shape type="ply" name="temp20">
		<string name="filename" value="meshes/Cube_016.ply" />
		<boolean name="face_normals" value="true" />
		<ref id="mat-Material" name="bsdf" />
		<animation name="to_world">
			<transform time="0">
				<matrix value="0.985139895785131 0.027267579986775772 0.16957622827467814 0.04597166519290863 -0.17174086967467872 0.16881929944954666 0.9705694905349673 0.32915803230460544 -0.0021626181016157027 -0.9852696887717111 0.1709936546765379 0.1784198621719675 0.0 0.0 0.0 1.0" />
			</transform>
			<transform time="0.0015">
				<matrix value="0.9851368639668661 0.027292898576440905 0.16958972912257642 0.045902611691257963 -0.17175853560099952 0.16880350996694474 0.9705691160787726 0.3291628190347521 -0.002137656663133495 -0.9852716937138591 0.17098241928861851 0.17852783897323632 0.0 0.0 0.0 1.0" />
			</transform>
		</animation>
	</shape>
	<shape type="ply" name="temp21">
		<string name="filename" value="meshes/Cube_017.ply" />
		<boolean name="face_normals" value="true" />
		<ref id="mat-Material" name="bsdf" />
		<animation name="to_world">
			<transform time="0">
				<matrix value="0.9449099954434805 -0.11935333724080822 0.30478591802471844 0.21302176709557225 -0.28660711278006196 0.1480968580981722 0.9465295037920175 0.14381782781440816 -0.1581119343577524 -0.981738986239709 0.1057320312363334 0.43511965812309694 0.0 0.0 0.0 1.0" />
			</transform>
			<transform time="0.0015">
				<matrix value="0.9449037403236922 -0.1195177958118896 0.30474086413618245 0.21308816971029687 -0.28657116498960444 0.14792972251632008 0.9465665409138362 0.14395429454863518 -0.15821440662371483 -0.9817442050966112 0.10553033466215656 0.4352308364845743 0.0 0.0 0.0 1.0" />
			</transform>
		</animation>
	</shape>
	<shape type="ply" name="temp22">
		<string name="filename" value="meshes/Cube_018.ply" />
		<boolean name="face_normals" value="true" />
		<ref id="mat-Material" name="bsdf" />
		<animation name="to_world">
			<transform time="0">
				<matrix value="0.22103006593655977 0.9581261224430201 0.1819355080442967 0.8518471955794223 -0.5680222312052436 -0.025163456905488473 0.8225518544977285 -0.017262895913175466 0.7927011916096216 -0.2852188985509665 0.5386898781665745 -0.152166685378001 0.0 0.0 0.0 1.0" />
			</transform>
			<transform time="0.0015">
				<matrix value="0.22072501714830667 0.9581331660225515 0.18226899107210698 0.851873661529988 -0.5686556737823889 -0.02539985235029319 0.8221071962767013 -0.0167081233220431 0.7923323469823018 -0.28517436931149853 0.5392562261405629 -0.15224438371074692 0.0 0.0 0.0 1.0" />
			</transform>
		</animation>
	</shape>
	<shape type="ply" name="temp23">
		<string name="filename" value="meshes/Cube_019.ply" />
		<boolean name="face_normals" value="true" />
		<ref id="mat-Material" name="bsdf" />
		<animation name="to_world">
			<transform time="0">
				<matrix value="-0.08089532947890792 0.9838627892278844 -0.1595927924954884 0.5068656043892708 -0.913341471241625 -0.0090620089148831 0.4070940347529503 -0.04658452758285543 0.3990784572369762 0.17869467046845897 0.8993357764002758 -0.056700573278142985 0.0 0.0 0.0 1.0" />
			</transform>
			<transform time="0.0015">
				<matrix value="-0.08090178884750576 0.9838617304382107 -0.1595960102656538 0.506874619701702 -0.9133384075094838 -0.009065324578574011 0.4071008600681384 -0.0465886418325402 0.3990841857778029 0.1787003000756814 0.8993321169420079 -0.05668153375610121 0.0 0.0 0.0 1.0" />
			</transform>
		</animation>
	</shape>
	<shape type="ply" name="temp24">
		<string name="filename" value="meshes/Cube_020.ply" />
		<boolean name="face_normals" value="true" />
		<ref id="mat-Material" name="bsdf" />
		<animation name="to_world">
			<transform time="0">
				<matrix value="0.09730221335655591 0.9431881719321896 -0.3176905026534591 0.13508911337954127 -0.9610300040240571 0.006052210980311478 -0.2763772281518907 0.141888343423561 -0.25875316330435105 0.332202346986957 0.9070212247790674 0.11684061755071434 0.0 0.0 0.0 1.0" />
			</transform>
			<transform time="0.0015">
				<matrix value="0.09730114738724865 0.9431656558624516 -0.31775766647822856 0.1351350797621319 -0.9610395579810795 0.006043709474288344 -0.2763441653719658 0.14186461512988158 -0.25871805593469743 0.33226642322929756 0.9070077783975525 0.11687458710175527 0.0 0.0 0.0 1.0" />
			</transform>
		</animation>
	</shape>
	<shape type="ply" name="temp25">
		<string name="filename" value="meshes/Cube_021.ply" />
		<boolean name="face_normals" value="true" />
		<ref id="mat-Material" name="bsdf" />
		<animation name="to_world">
			<transform time="0">
				<matrix value="0.19280160790174938 0.9396919839056532 -0.28249951184364247 -0.17055607330070133 -0.7931508597992649 -0.020254754152387353 -0.6086886630945756 0.09671427947205262 -0.5777019539844723 0.34142062437555143 0.7414121122348295 0.30900331543137594 0.0 0.0 0.0 1.0" />
			</transform>
			<transform time="0.0015">
				<matrix value="0.19277722091304367 0.9397104188606101 -0.2824548324113013 -0.17061390613742144 -0.7931360198467057 -0.020254856126598476 -0.6087079986508193 0.09673867659814409 -0.5777304530761613 0.3413698775626805 0.7414132696448863 0.30900883295816933 0.0 0.0 0.0 1.0" />
			</transform>
		</animation>
	</shape>
	<shape type="ply" name="temp26">
		<string name="filename" value="meshes/Cube_022.ply" />
		<boolean name="face_normals" value="true" />
		<ref id="mat-Material" name="bsdf" />
		<animation name="to_world">
			<transform time="0">
				<matrix value="0.6378630810227169 0.40018574411323615 -0.6580140853793743 -0.08517350245274624 -0.7116359234575649 -0.020404808488537263 -0.7022521619534954 -0.19534014084578805 -0.29445797807551766 0.9162067735590491 0.2717710643605199 0.6890182934211303 0.0 0.0 0.0 1.0" />
			</transform>
			<transform time="0.0015">
				<matrix value="0.6378626342284464 0.4001865025370449 -0.6580140598482701 -0.08518145962570597 -0.7116361628116386 -0.02040471995569859 -0.7022519151528215 -0.19534050124855667 -0.29445835465926 0.9162064431565978 0.2717717707210693 0.6890441377942793 0.0 0.0 0.0 1.0" />
			</transform>
		</animation>
	</shape>
	<shape type="ply" name="temp27">
		<string name="filename" value="meshes/Cube_023.ply" />
		<boolean name="face_normals" value="true" />
		<ref id="mat-Material" name="bsdf" />
		<animation name="to_world">
			<transform time="0">
				<matrix value="0.8560441255471812 0.2855339647868375 -0.4308814330852285 -0.0664752769522785 -0.48043932294021385 0.13198374921520245 -0.8670400373315506 -0.2871048108425963 -0.19070009059849974 0.9492367908923853 0.25016571312670177 0.203541427021024 0.0 0.0 0.0 1.0" />
			</transform>
			<transform time="0.0015">
				<matrix value="0.856042019231334 0.2855439594609913 -0.4308789906095939 -0.06648683846477627 -0.4804387165765609 0.13197975510011423 -0.8670409819824058 -0.28710211088177295 -0.19071107216339356 0.9492343354014399 0.2501666407568208 0.20354279082153914 0.0 0.0 0.0 1.0" />
			</transform>
		</animation>
	</shape>
	<shape type="ply" name="temp28">
		<string name="filename" value="meshes/Cube_024.ply" />
		<boolean name="face_normals" value="true" />
		<ref id="mat-Material" name="bsdf" />
		<animation name="to_world">
			<transform time="0">
				<matrix value="0.854422306024357 0.44595857937562444 -0.2666148094109927 -0.19377411672527023 -0.3762424272242286 0.17715299432859918 -0.9094276112582803 -0.5110347882605126 -0.3583355273772355 0.8773469357957379 0.3191521350517068 -0.34713673580436505 0.0 0.0 0.0 1.0" />
			</transform>
			<transform time="0.0015">
				<matrix value="0.8544359970773634 0.4459465947776159 -0.26659098889077876 -0.1937702756446128 -0.3762196550776724 0.1771706663542592 -0.90943359404703 -0.5110143897379028 -0.3583268069104896 0.8773494588690028 0.3191549945353766 -0.34713479366724936 0.0 0.0 0.0 1.0" />
			</transform>
		</animation>
	</shape>
	<shape type="ply" name="temp29">
		<string name="filename" value="meshes/Cube_025.ply" />
		<boolean name="face_normals" value="true" />
		<ref id="mat-Material" name="bsdf" />
		<animation name="to_world">
			<transform time="0">
				<matrix value="0.901435569573797 0.3595462670752133 -0.24112311894325614 -0.2623522110510502 -0.3213342180427533 0.1824675599627052 -0.9292201648999268 -0.7932785356349616 -0.2901006068858406 0.9151128544104059 0.28001712447774363 -0.6972600000766467 0.0 0.0 0.0 1.0" />
			</transform>
			<transform time="0.0015">
				<matrix value="0.9014458139281444 0.35950480907671367 -0.24114663309021966 -0.26234176336356113 -0.32134282202385 0.18245949288648927 -0.9292187691995641 -0.7932882935532177 -0.29005924331054583 0.9151307487068059 0.2800014994419763 -0.6972319467056395 0.0 0.0 0.0 1.0" />
			</transform>
		</animation>
	</shape>
	<shape type="ply" name="temp30">
		<string name="filename" value="meshes/Cube_026.ply" />
		<boolean name="face_normals" value="true" />
		<ref id="mat-Material" name="bsdf" />
		<animation name="to_world">
			<transform time="0">
				<matrix value="0.9232111228717774 0.2335306190983745 -0.30519677310918014 -0.3339804393516068 -0.3505437904568398 0.18630272223068145 -0.9178293377006583 -1.148388515176857 -0.15748231024401316 0.9543346898250605 0.25385939016623793 -0.8895917161673977 0.0 0.0 0.0 1.0" />
			</transform>
			<transform time="0.0015">
				<matrix value="0.9232109313885186 0.23352232149135727 -0.3052037345902573 -0.3339837995454514 -0.3505500535550974 0.18631204408529792 -0.9178250569855217 -1.1483947606624934 -0.1574695510761998 0.954334900081166 0.25386651334430826 -0.8895867274555076 0.0 0.0 0.0 1.0" />
			</transform>
		</animation>
	</shape>
	<shape type="ply" name="temp31">
		<string name="filename" value="meshes/Cube_027.ply" />
		<boolean name="face_normals" value="true" />
		<ref id="mat-Material" name="bsdf" />
		<animation name="to_world">
			<transform time="0">
				<matrix value="0.872416347089767 0.17295437432079813 -0.45713999000520544 -0.6002484399329968 -0.48447126644646443 0.18231401080048307 -0.8555988579268792 -1.5845561274091433 -0.06463653335744565 0.9679092367283173 0.24284502253083895 -1.0290493895743227 0.0 0.0 0.0 1.0" />
			</transform>
			<transform time="0.0015">
				<matrix value="0.872416618357717 0.1729420735877168 -0.4571441345544531 -0.6002628457822274 -0.48447300575273217 0.18232444851428753 -0.8555956580284867 -1.5845644780474601 -0.06461992856751753 0.9679094695118626 0.24284852029211365 -1.029050876238734 0.0 0.0 0.0 1.0" />
			</transform>
		</animation>
	</shape>
	<shape type="ply" name="temp32">
		<string name="filename" value="meshes/Cube_028.ply" />
		<boolean name="face_normals" value="true" />
		<ref id="mat-Material" name="bsdf" />
		<animation name="to_world">
			<transform time="0">
				<matrix value="-0.10555607267027997 0.9846142133356139 0.13925799524467153 -1.4863346557894714 -0.7969365828231627 -8.551905102592077e-07 -0.6040632338597542 -2.122112530167472 -0.5947691777166696 -0.17474229438303962 0.7846751762681783 -1.3604135047557573 0.0 0.0 0.0 1.0" />
			</transform>
			<transform time="0.0015">
				<matrix value="-0.1055509919811457 0.9846151144332086 0.13925547021846665 -1.4863391221802118 -0.7969446251200335 -6.555610487788761e-07 -0.6040526214307773 -2.1221154197158185 -0.5947593003719016 -0.17473721294352057 0.7846837972710281 -1.3604171372910927 0.0 0.0 0.0 1.0" />
			</transform>
		</animation>
	</shape>
	<shape type="ply" name="temp33">
		<string name="filename" value="meshes/Cube_029.ply" />
		<boolean name="face_normals" value="true" />
		<ref id="mat-Material" name="bsdf" />
		<animation name="to_world">
			<transform time="0">
				<matrix value="0.0024494882337193075 0.9764614964238262 0.21567750192543994 -1.5697844014355233 -0.9985565850570983 -0.00918366974467224 0.052919754186679505 -1.8182956368744785 0.0536548560618552 -0.2154958147606602 0.9750294430384174 -0.11703635093382414 0.0 0.0 0.0 1.0" />
			</transform>
			<transform time="0.0015">
				<matrix value="0.002445427831215835 0.9764542876430691 0.21571016471807336 -1.5697335907281533 -0.9985578456552189 -0.009184393250949262 0.05289592430506075 -1.8183369749135712 0.053631662652129514 -0.21552842698443925 0.9750235113118763 -0.11708070055116584 0.0 0.0 0.0 1.0" />
			</transform>
		</animation>
	</shape>
	<shape type="ply" name="temp34">
		<string name="filename" value="meshes/Cube_030.ply" />
		<boolean name="face_normals" value="true" />
		<ref id="mat-Material" name="bsdf" />
		<animation name="to_world">
			<transform time="0">
				<matrix value="-0.042319862236560944 0.9785547329174198 -0.20159212917564034 -3.226656428036646 -0.9750243742464908 0.0035795652299187826 0.2220607838739933 -1.9155121338174577 0.21802020175416437 0.20595552441857917 0.9539636422732598 0.24937258473585233 0.0 0.0 0.0 1.0" />
			</transform>
			<transform time="0.0015">
				<matrix value="-0.042346658202394166 0.9785547111872517 -0.201586605832985 -3.226707255141622 -0.9749950506643433 0.003579419171001995 0.222189601076834 -1.9152268469663898 0.2181462037961745 0.205955626983147 0.953934820719152 0.2496050646409847 0.0 0.0 0.0 1.0" />
			</transform>
		</animation>
	</shape>
	<shape type="ply" name="temp35">
		<string name="filename" value="meshes/Cube_031.ply" />
		<boolean name="face_normals" value="true" />
		<ref id="mat-Material" name="bsdf" />
		<animation name="to_world">
			<transform time="0">
				<matrix value="0.1443195316890858 0.9764530487690412 0.1603456052453287 -1.8727890438151702 -0.7399579275460217 -0.0010914912300828286 0.6726428194209166 -1.0203745860436713 0.6569789655459757 -0.21572682161681855 0.7223766146392063 0.6537751454777794 0.0 0.0 0.0 1.0" />
			</transform>
			<transform time="0.0015">
				<matrix value="0.14436657433869865 0.9764494819243957 0.16032499313387533 -1.8726895231246852 -0.7397821140005401 -0.0010993941563536042 0.6728362260455614 -1.0196038113822947 0.6571666670104429 -0.2157429362454692 0.7222010968082342 0.6540332132112399 0.0 0.0 0.0 1.0" />
			</transform>
		</animation>
	</shape>
	<shape type="ply" name="temp36">
		<string name="filename" value="meshes/Cube_032.ply" />
		<boolean name="face_normals" value="true" />
		<ref id="mat-Material" name="bsdf" />
		<animation name="to_world">
			<transform time="0">
				<matrix value="0.6643835312848498 0.6131046069963269 0.42741233160969616 -0.7047776930694267 -0.5432217783900416 0.0033705276968355713 0.8395667630056437 -0.6035195718687056 0.5133012249413592 -0.789994430805364 0.33529072606934607 -0.15778522852857013 0.0 0.0 0.0 1.0" />
			</transform>
			<transform time="0.0015">
				<matrix value="0.6645378348775897 0.6131049148713383 0.4271720243466453 -0.7046056277943975 -0.5429105542666912 0.0033586317818485893 0.8397681863970057 -0.6025128058572189 0.5134308591075866 -0.7899942355675518 0.33509269831484206 -0.15763624737087648 0.0 0.0 0.0 1.0" />
			</transform>
		</animation>
	</shape>
	<shape type="ply" name="temp37">
		<string name="filename" value="meshes/Cube_033.ply" />
		<boolean name="face_normals" value="true" />
		<ref id="mat-Material" name="bsdf" />
		<animation name="to_world">
			<transform time="0">
				<matrix value="0.976608610935292 0.16980930201513073 0.131911785772878 -0.14499230385211592 -0.15005281218806904 0.09880146551166714 0.9837290275972637 0.30061069640340465 0.1540132387279332 -0.9805115732870555 0.12197072385668581 -0.38713918879440895 0.0 0.0 0.0 1.0" />
			</transform>
			<transform time="0.0015">
				<matrix value="0.976608946030995 0.16980792408672557 0.1319111440911259 -0.14500284200930308 -0.15005341057325286 0.09881049075499203 0.9837280318842001 0.30060833420097005 0.15401058668479845 -0.9805108974638596 0.12197946570676216 -0.38717252425676996 0.0 0.0 0.0 1.0" />
			</transform>
		</animation>
	</shape>
	<shape type="ply" name="temp38">
		<string name="filename" value="meshes/Cube_034.ply" />
		<boolean name="face_normals" value="true" />
		<ref id="mat-Material" name="bsdf" />
		<animation name="to_world">
			<transform time="0">
				<matrix value="0.9999162274146451 -0.0015385817951996464 0.012872482212433353 -0.033944539669506835 -0.012395049350474356 0.17749310108192556 0.9840441425728605 0.36929741720180004 -0.003798809720102052 -0.9841208077209479 0.17745913788514117 -0.3790677409726588 0.0 0.0 0.0 1.0" />
			</transform>
			<transform time="0.0015">
				<matrix value="0.9999162274146451 -0.0015392988436105737 0.012872630292837684 -0.03394246405862045 -0.012395089881097476 0.17748748048567908 0.9840451553066604 0.36929739773609954 -0.003799470816053159 -0.9841218214557419 0.17745350742562938 -0.3790885918523448 0.0 0.0 0.0 1.0" />
			</transform>
		</animation>
	</shape>
	<shape type="ply" name="temp39">
		<string name="filename" value="meshes/Cube_035.ply" />
		<boolean name="face_normals" value="true" />
		<ref id="mat-Material" name="bsdf" />
		<animation name="to_world">
			<transform time="0">
				<matrix value="0.9986975357562671 -0.05086999372161953 0.003989856749157606 0.008520841612667862 0.006471835568155426 0.20384147193605648 0.978982682150876 0.0911727911095712 -0.050614132834066454 -0.9776812960579697 0.2039051681219951 -0.16061772340387293 0.0 0.0 0.0 1.0" />
			</transform>
			<transform time="0.0015">
				<matrix value="0.99869732831607 -0.05087410948488301 0.003990546088970868 0.0085182601884438 0.006471575150923418 0.20383324641684683 0.9789843927348572 0.09117207176311198 -0.050618356635617465 -0.9776827978872941 0.20389692412845056 -0.16062996827339196 0.0 0.0 0.0 1.0" />
			</transform>
		</animation>
	</shape>
	<shape type="ply" name="temp40">
		<string name="filename" value="meshes/Cube_036.ply" />
		<boolean name="face_normals" value="true" />
		<ref id="mat-Material" name="bsdf" />
		<animation name="to_world">
			<transform time="0">
				<matrix value="0.9986614115990902 -0.05156453695379655 0.004130334674325245 0.0031509686707096307 0.006627227065370984 0.20671933762043124 0.9783779828953795 -0.23941558567374194 -0.05130343937435619 -0.9770405257987206 0.2067843095908895 0.17609813605757907 0.0 0.0 0.0 1.0" />
			</transform>
			<transform time="0.0015">
				<matrix value="0.998661124374202 -0.05157005242199035 0.004131409533811852 0.0031502440164947266 0.006627082814649333 0.2067148614181299 0.9783789275462347 -0.23941620138177472 -0.05130908813049165 -0.9770411866036234 0.20677980930825673 0.1760916605095546 0.0 0.0 0.0 1.0" />
			</transform>
		</animation>
	</shape>
	<shape type="ply" name="temp41">
		<string name="filename" value="meshes/Cube_037.ply" />
		<boolean name="face_normals" value="true" />
		<ref id="mat-Material" name="bsdf" />
		<animation name="to_world">
			<transform time="0">
				<matrix value="0.9986857898646695 -0.05109517065305586 0.004050362134006839 -0.0065786235520426395 0.006609012068571185 0.20673382378400704 0.9783750279537479 -0.5705570737126171 -0.050827575630244655 -0.9770621142498379 0.20679979348503927 0.516895502674731 0.0 0.0 0.0 1.0" />
			</transform>
			<transform time="0.0015">
				<matrix value="0.9986854707259047 -0.05110137921548287 0.00405071191013431 -0.006584841455878449 0.006609752949213472 0.2067299175259343 0.978375844949082 -0.5705551230764192 -0.050833747773954246 -0.9770626173626615 0.20679590594890718 0.5168950960456906 0.0 0.0 0.0 1.0" />
			</transform>
		</animation>
	</shape>
	<shape type="ply" name="temp42">
		<string name="filename" value="meshes/Cube_038.ply" />
		<boolean name="face_normals" value="true" />
		<ref id="mat-Material" name="bsdf" />
		<animation name="to_world">
			<transform time="0">
				<matrix value="0.9989012050841538 -0.04667715149252331 0.004195012436758339 0.010059408480922905 0.005555507537759717 0.2068174868539891 0.9783637991755476 -0.9045269860208531 -0.04653485116847243 -0.9772653794248504 0.20684959016141546 0.8667491769522264 0.0 0.0 0.0 1.0" />
			</transform>
			<transform time="0.0015">
				<matrix value="0.9989009178592656 -0.04668314078786895 0.004196722169702594 0.010058083124853592 0.005554905482480082 0.20681392751849031 0.9783645565983055 -0.9045290105840622 -0.04654108554424115 -0.9772658449919409 0.2068459809143191 0.8667569218461705 0.0 0.0 0.0 1.0" />
			</transform>
		</animation>
	</shape>
	<shape type="ply" name="temp43">
		<string name="filename" value="meshes/Cube_039.ply" />
		<boolean name="face_normals" value="true" />
		<ref id="mat-Material" name="bsdf" />
		<animation name="to_world">
			<transform time="0">
				<matrix value="0.9999213025749443 -0.012092099736351912 -0.003386437694765387 0.02246933128607398 0.00828912441005316 0.4330193134771152 0.9013465124614661 -1.3192441814123406 -0.009432782356174684 -0.9013035563164731 0.43308536794578545 1.4752159298092902 0.0 0.0 0.0 1.0" />
			</transform>
			<transform time="0.0015">
