<scene version="2.1.0">
	<default name="spp" value="1024" />
	<default name="resx" value="1280" />
	<default name="resy" value="720" />
	<integrator type="path" name="temp0">
		<integer name="max_depth" value="12" />
	</integrator>
	<sensor type="perspective" name="temp44">
		<string name="fov_axis" value="x" />
		<float name="fov" value="83.974423" />
		<float name="principal_point_offset_x" value="0.000000" />
		<float name="principal_point_offset_y" value="-0.000000" />
		<float name="near_clip" value="0.100000" />
		<float name="far_clip" value="1000.000000" />
		<transform name="to_world">
			<rotate x="1" angle="-142.5518126578256" />
			<rotate y="1" angle="3.976628485794621e-06" />
			<rotate z="1" angle="-179.999991348578" />
			<translate value="-0.000000 3.030926 4.073377" />
		</transform>
		<sampler type="correlated" name="sampler">
			<integer name="sample_count" value="1024" />
		</sampler>
		<film type="hdrfilm" name="film">
			<integer name="width" value="$resx" />
			<integer name="height" value="$resy" />
		</film>
		<float name="shutter_open" value="0.0" />
		<float name="shutter_close" value="0.0015" />
	</sensor>
	<bsdf type="twosided" id="mat-Material" name="mat-Material">
		<bsdf type="diffuse" name="bsdf">
			<texture type="bitmap" name="reflectance">
				<string name="filename" value="textures/siggraph_2023_logo.jpg" />
			</texture>
		</bsdf>
	</bsdf>
	<bsdf type="twosided" id="mat-Material.001" name="mat-Material.001">
		<bsdf type="principled" name="bsdf">
			<rgb value="0.433648 0.266232 0.084399" name="base_color" />
			<float name="spec_tint" value="0.000000" />
			<float name="spec_trans" value="0.000000" />
			<float name="metallic" value="0.000000" />
			<float name="anisotropic" value="0.000000" />
			<float name="roughness" value="0.500000" />
			<float name="sheen" value="0.000000" />
			<float name="sheen_tint" value="0.500000" />
			<float name="clearcoat" value="0.000000" />
			<float name="clearcoat_gloss" value="0.173205" />
			<float name="specular" value="0.500000" />
		</bsdf>
	</bsdf>
	<bsdf type="twosided" id="mat-Material.002" name="mat-Material.002">
		<bsdf type="principled" name="bsdf">
			<rgb value="0.433648 0.266232 0.084399" name="base_color" />
			<float name="spec_tint" value="0.000000" />
			<float name="spec_trans" value="0.000000" />
			<float name="metallic" value="0.000000" />
			<float name="anisotropic" value="0.000000" />
			<float name="roughness" value="0.500000" />
			<float name="sheen" value="0.000000" />
			<float name="sheen_tint" value="0.500000" />
			<float name="clearcoat" value="0.000000" />
			<float name="clearcoat_gloss" value="0.173205" />
			<float name="specular" value="0.500000" />
		</bsdf>
	</bsdf>
	<bsdf type="twosided" id="mat-Material.003" name="mat-Material.003">
		<bsdf type="principled" name="bsdf">
			<rgb value="0.433648 0.266232 0.084399" name="base_color" />
			<float name="spec_tint" value="0.000000" />
			<float name="spec_trans" value="0.000000" />
			<float name="metallic" value="0.000000" />
			<float name="anisotropic" value="0.000000" />
			<float name="roughness" value="0.500000" />
			<float name="sheen" value="0.000000" />
			<float name="sheen_tint" value="0.500000" />
			<float name="clearcoat" value="0.000000" />
			<float name="clearcoat_gloss" value="0.173205" />
			<float name="specular" value="0.500000" />
		</bsdf>
	</bsdf>
	<bsdf type="twosided" id="mat-Material.004" name="mat-Material.004">
		<bsdf type="principled" name="bsdf">
			<rgb value="0.433648 0.266232 0.084399" name="base_color" />
			<float name="spec_tint" value="0.000000" />
			<float name="spec_trans" value="0.000000" />
			<float name="metallic" value="0.000000" />
			<float name="anisotropic" value="0.000000" />
			<float name="roughness" value="0.500000" />
			<float name="sheen" value="0.000000" />
			<float name="sheen_tint" value="0.500000" />
			<float name="clearcoat" value="0.000000" />
			<float name="clearcoat_gloss" value="0.173205" />
			<float name="specular" value="0.500000" />
		</bsdf>
	</bsdf>
	<bsdf type="twosided" id="mat-Material.005" name="mat-Material.005">
		<bsdf type="principled" name="bsdf">
			<rgb value="0.433648 0.266232 0.084399" name="base_color" />
			<float name="spec_tint" value="0.000000" />
			<float name="spec_trans" value="0.000000" />
			<float name="metallic" value="0.000000" />
			<float name="anisotropic" value="0.000000" />
			<float name="roughness" value="0.500000" />
			<float name="sheen" value="0.000000" />
			<float name="sheen_tint" value="0.500000" />
			<float name="clearcoat" value="0.000000" />
			<float name="clearcoat_gloss" value="0.173205" />
			<float name="specular" value="0.500000" />
		</bsdf>
	</bsdf>
	<emitter type="point" name="temp45">
		<point name="position" x="-6.815235034541981e-16" y="3.0693089962005615" z="4.109199523925781" />
		<rgb value="7.957747 7.957747 7.957747" name="intensity" />
	</emitter>
	<shape type="ply" name="temp2">
		<string name="filename" value="meshes/Cube.ply" />
		<boolean name="face_normals" value="true" />
		<ref id="mat-Material" name="bsdf" />
		<animation name="to_world">
			<transform time="0">
				<matrix value="0.9999995567588077 0.0002427292808229893 0.0012348098270484483 -0.0020784102660720283 -0.00024134349951332115 0.9999990613716906 -0.0011185612412835133 -0.015743241419490295 -0.00123507385284747 0.0011182609094682566 0.9999983452326863 0.0028271971731013146 0.0 0.0 0.0 1.0" />
			</transform>
			<transform time="0.0015">
				<matrix value="0.9999995567588076 0.0002422553034882136 0.001235284790690155 -0.0020791677068963256 -0.00024079847433094038 0.999998993789371 -0.0011756761936485708 -0.01566883579497956 -0.0012355621351574845 0.0011753763797721886 0.9999982771497418 0.0028297029869638396 0.0 0.0 0.0 1.0" />
			</transform>
		</animation>
	</shape>
	<shape type="ply" name="temp4">
		<string name="filename" value="meshes/Plane.ply" />
		<boolean name="face_normals" value="true" />
		<ref id="mat-Material.001" name="bsdf" />
	</shape>
	<shape type="ply" name="temp5">
		<string name="filename" value="meshes/Cube_001.ply" />
		<boolean name="face_normals" value="true" />
		<ref id="mat-Material" name="bsdf" />
		<animation name="to_world">
			<transform time="0">
				<matrix value="0.9999991135176153 0.0001608107037000728 -0.0014756257502596803 0.002061499849252968 -0.00016486710742570835 0.9999961411947278 -0.0027508615427821177 -0.014557589963097972 0.0014751731743338529 0.0027510966307415373 0.9999951538957241 -0.0032660675685097784 0.0 0.0 0.0 1.0" />
			</transform>
			<transform time="0.0015">
				<matrix value="0.9999991135176153 0.00015947839336067832 -0.001476200285207747 0.0020626144188343187 -0.00016350495935015048 0.9999961937587543 -0.0027295617935890848 -0.014581281447608677 0.0014757549643019288 0.0027297951341532668 0.9999952134683006 -0.0032612442417469852 0.0 0.0 0.0 1.0" />
			</transform>
		</animation>
	</shape>
	<shape type="ply" name="temp6">
		<string name="filename" value="meshes/Cube_002.ply" />
		<boolean name="face_normals" value="true" />
		<ref id="mat-Material" name="bsdf" />
		<animation name="to_world">
			<transform time="0">
				<matrix value="1.0 1.8643661234442236e-05 0.0003197246845422512 -0.0008997219501725162 -1.9092703008898514e-05 0.9999968712389685 0.0013903721382572277 -0.018549848365513932 -0.00031959108340558163 -0.0013903817714210624 0.9999969268607032 0.0010858963174463776 0.0 0.0 0.0 1.0" />
			</transform>
			<transform time="0.0015">
				<matrix value="1.0 2.2375571940898174e-05 0.00031988433904715015 -0.0008978782283961034 -2.2872320844399548e-05 0.9999966609828632 0.001538914570470134 -0.018633656064708907 -0.0003197427381465744 -0.0015389256073348654 0.9999967226118696 0.001087377992036283 0.0 0.0 0.0 1.0" />
			</transform>
		</animation>
	</shape>
	<shape type="ply" name="temp7">
		<string name="filename" value="meshes/Cube_003.ply" />
		<boolean name="face_normals" value="true" />
		<ref id="mat-Material" name="bsdf" />
		<animation name="to_world">
			<transform time="0">
				<matrix value="0.9999993351382115 0.0003370331627810931 0.0011999651553282799 -0.0012882429684832886 -0.00034014417749504895 0.9999941596460746 0.0026040186733399494 -0.017656258186739632 -0.001198506454478243 -0.002604420313585289 0.9999937355237409 0.00347599031922205 0.0 0.0 0.0 1.0" />
			</transform>
			<transform time="0.0015">
				<matrix value="0.9999993510951497 0.00031764866872478645 0.0012002991872748303 -0.0012870042065445204 -0.0003205768862418123 0.9999945651399922 0.002450730349271926 -0.0176620878809123 -0.0011989430363083735 -0.002451108920481228 0.99999413551104 0.0034704624075399017 0.0 0.0 0.0 1.0" />
			</transform>
		</animation>
	</shape>
	<shape type="ply" name="temp8">
		<string name="filename" value="meshes/Cube_004.ply" />
		<boolean name="face_normals" value="true" />
		<ref id="mat-Material" name="bsdf" />
		<animation name="to_world">
			<transform time="0">
				<matrix value="0.9999997783794039 -0.000307040963825265 0.0008458484961238258 -0.0005332480888382563 0.0003084420160736986 0.9999984356194842 -0.001652110230197045 -0.018593070602917122 -0.0008453163589686309 0.0016523706622335599 0.9999983452326864 0.002607839310225679 0.0 0.0 0.0 1.0" />
			</transform>
			<transform time="0.0015">
				<matrix value="0.9999997624224656 -0.0003113239557840105 0.0008465640478707293 -0.0005345822791795602 0.0003127494479379993 0.999998383055458 -0.001679594463862899 -0.018604354952694566 -0.000846016389849034 0.001679858719449233 0.9999982941704779 0.0026104955515593832 0.0 0.0 0.0 1.0" />
			</transform>
		</animation>
	</shape>
	<shape type="ply" name="temp9">
		<string name="filename" value="meshes/Cube_005.ply" />
		<boolean name="face_normals" value="true" />
		<ref id="mat-Material" name="bsdf" />
		<animation name="to_world">
			<transform time="0">
				<matrix value="0.9999995567588077 -0.0006428081256009829 0.0007844873601780718 -0.0005412655191234794 0.0006464429007831186 0.9999888407523211 -0.004643182524144237 -0.020875872741657336 -0.0007814453031503811 0.004643680007008425 0.9999887712217999 0.001918142951176982 0.0 0.0 0.0 1.0" />
			</transform>
			<transform time="0.0015">
				<matrix value="0.9999995567588076 -0.0006370245808727786 0.0007844934876430785 -0.0005420151465978479 0.000640626118088035 0.9999890434992799 -0.0046005677070956544 -0.020847694869544124 -0.0007815057799462947 0.004601061094441045 0.9999889669602653 0.001923575163142757 0.0 0.0 0.0 1.0" />
			</transform>
		</animation>
	</shape>
	<shape type="ply" name="temp10">
		<string name="filename" value="meshes/Cube_006.ply" />
		<boolean name="face_normals" value="true" />
		<ref id="mat-Material" name="bsdf" />
		<animation name="to_world">
			<transform time="0">
				<matrix value="0.9999995567588077 0.0002197089000736302 -0.0010861502594911544 -0.0010599156056791958 -0.00021983100986300302 0.9999998957079657 -0.0001181302925959564 -0.017329301739825054 0.001086120433950857 0.00011836833026367111 0.9999994090116737 -0.0023887650248695103 0.0 0.0 0.0 1.0" />
			</transform>
			<transform time="0.0015">
				<matrix value="0.9999995567588076 0.00021904066111574536 -0.0010873057121633368 -0.0010607487207915259 -0.00021913444163819716 0.9999999032171123 -9.193801790604694e-05 -0.017312590835303933 0.0010872816203462738 9.217560084027947e-05 0.9999994175220417 -0.002390874875148988 0.0 0.0 0.0 1.0" />
			</transform>
		</animation>
	</shape>
	<shape type="ply" name="temp11">
		<string name="filename" value="meshes/Cube_007.ply" />
		<boolean name="face_normals" value="true" />
		<ref id="mat-Material" name="bsdf" />
		<animation name="to_world">
			<transform time="0">
				<matrix value="0.9999993351382115 -0.0010078834348790108 -5.9768658801636414e-05 0.0005645793732700355 0.0010080443844000377 0.9999940553540402 0.0026956750528698155 -0.01740308669806609 5.5801628290844234e-05 -0.0026957373759706983 0.9999949175003937 0.00015680258701933347 0.0 0.0 0.0 1.0" />
			</transform>
			<transform time="0.0015">
				<matrix value="0.9999992872673967 -0.0010598347899595808 -6.006138993196755e-05 0.0005669028313509228 0.0010600034624249663 0.9999936723875624 0.0028203834333836186 -0.017400105372006376 5.5828579559524444e-05 -0.002820449207976109 0.9999945855960392 0.00015722074490762312 0.0 0.0 0.0 1.0" />
			</transform>
		</animation>
	</shape>
	<shape type="ply" name="temp12">
		<string name="filename" value="meshes/Cube_008.ply" />
		<boolean name="face_normals" value="true" />
		<ref id="mat-Material" name="bsdf" />
		<animation name="to_world">
			<transform time="0">
				<matrix value="0.9999982270352306 0.0019923084624642543 0.00010999522008641667 0.00013723611938232239 -0.001991999053236813 0.9999940553540402 -0.0027475520081546934 -0.01666025338829788 -0.00011554810319364144 0.0027473223020172167 0.9999963358723768 -9.359699222888374e-06 0.0 0.0 0.0 1.0" />
			</transform>
			<transform time="0.0015">
				<matrix value="0.9999981951213541 0.0020097624975978505 0.00010985856059602921 0.0001365508671108775 -0.0020094506778771224 0.9999939577351341 -0.002771142748430819 -0.016651209192554965 -0.00011550639175709314 0.0027709111597579907 0.9999962762998004 -1.031901996857184e-05 0.0 0.0 0.0 1.0" />
			</transform>
		</animation>
	</shape>
	<shape type="ply" name="temp13">
		<string name="filename" value="meshes/Cube_009.ply" />
		<boolean name="face_normals" value="true" />
		<ref id="mat-Material" name="bsdf" />
		<animation name="to_world">
			<transform time="0">
				<matrix value="0.9999991135176153 -0.0010043896517271805 0.0008122047126827513 0.0015001754382393262 0.0010038300471431332 0.9999990613716906 0.0006873607926997339 -0.018819245448704447 -0.0008129819139863872 -0.0006865409043788054 0.9999995272093389 0.0014120408145321672 0.0 0.0 0.0 1.0" />
			</transform>
			<transform time="0.0015">
				<matrix value="0.9999990816037387 -0.001048624007007334 0.0008126004447977729 0.001500867589663407 0.0010480556907937276 0.9999990088076642 0.0006976257433486714 -0.018895205818794118 -0.0008134183362471354 -0.0006967694884498562 0.9999995272093389 0.0014121024632163248 0.0 0.0 0.0 1.0" />
			</transform>
		</animation>
	</shape>
	<shape type="ply" name="temp14">
		<string name="filename" value="meshes/Cube_010.ply" />
		<boolean name="face_normals" value="true" />
		<ref id="mat-Material" name="bsdf" />
		<animation name="to_world">
			<transform time="0">
				<matrix value="0.9999869243848256 -0.0004948709177490442 0.005114732109719583 0.010561609369811209 0.0004938216610197739 0.9999997914159312 0.00020653103563375932 -0.01832912316763194 -0.0051148304957032206 -0.00020400220681944758 0.9999869982568208 0.00846849852974596 0.0 0.0 0.0 1.0" />
			</transform>
			<transform time="0.0015">
				<matrix value="0.9999869084278874 -0.0004953296515161774 0.005117623081751257 0.010568276388363721 0.0004942785081614639 0.9999997914159313 0.00020680078025994697 -0.018329501538891103 -0.00511772189291154 -0.00020426818830194266 0.9999869812360848 0.008473379030479131 0.0 0.0 0.0 1.0" />
			</transform>
		</animation>
	</shape>
	<shape type="ply" name="temp15">
		<string name="filename" value="meshes/Cube_011.ply" />
		<boolean name="face_normals" value="true" />
		<ref id="mat-Material" name="bsdf" />
		<animation name="to_world">
			<transform time="0">
				<matrix value="0.9999984486558269 -0.0013946035129728863 -0.0008379339804576708 -0.0017108890418493505 0.0013943193322305493 0.9999984356194842 -0.00033790384005302825 -0.02029216956317334 0.0008387541731158261 0.00033672800428848846 0.9999996454070041 -0.0013101681499491091 0.0 0.0 0.0 1.0" />
			</transform>
			<transform time="0.0015">
				<matrix value="0.9999983688711356 -0.0014571730266512524 -0.0008384371134176724 -0.0017121563274715738 0.0014568643069088375 0.9999983380005781 -0.0003670555697064304 -0.02042443213115164 0.0008393190487293721 0.0003658265256527253 0.9999996368966362 -0.0013116215692035521 0.0 0.0 0.0 1.0" />
			</transform>
		</animation>
	</shape>
	<shape type="ply" name="temp16">
		<string name="filename" value="meshes/Cube_012.ply" />
		<boolean name="face_normals" value="true" />
		<ref id="mat-Material" name="bsdf" />
		<animation name="to_world">
			<transform time="0">
				<matrix value="0.9999991135176153 -0.0009792519340957777 -0.00019681400557231075 -0.0003231492837036942 0.0009790289294661426 0.9999979141593123 -0.0011374814961555026 -0.020457913129998395 0.0001988306854104502 0.0011372881568051595 0.9999988180233473 -0.0004148879664607197 0.0 0.0 0.0 1.0" />
			</transform>
			<transform time="0.0015">
				<matrix value="0.9999990496898623 -0.0010423163155548218 -0.00019666517625559037 -0.00032224623416480445 0.0010420787816702104 0.9999977639763798 -0.0012117224323723807 -0.020631441387893922 0.0001988262653385589 0.001211516656876293 0.9999987329196667 -0.0004167126710383821 0.0 0.0 0.0 1.0" />
			</transform>
		</animation>
	</shape>
	<shape type="ply" name="temp17">
		<string name="filename" value="meshes/Cube_013.ply" />
		<boolean name="face_normals" value="true" />
		<ref id="mat-Material" name="bsdf" />
		<animation name="to_world">
			<transform time="0">
				<matrix value="0.9999984486558268 -0.0017469489365341253 0.0002965094811075216 -9.99313834787463e-05 0.0017482740187969724 0.9999875892479084 -0.004525871341368568 -0.02443795502633142 -0.00028822733663459374 0.0045263910993006175 0.9999893622101261 -0.00019651246980145753 0.0 0.0 0.0 1.0" />
			</transform>
			<transform time="0.0015">
				<matrix value="0.9999984007850121 -0.0017741569025808007 0.00029679891872541153 -9.937786630565888e-05 0.0017755034169106296 0.9999872212997241 -0.004596867384877054 -0.024543282475518503 -0.00028826946295153617 0.004597395487196457 0.9999890388161397 -0.00019750835271588026 0.0 0.0 0.0 1.0" />
			</transform>
		</animation>
	</shape>
	<shape type="ply" name="temp18">
		<string name="filename" value="meshes/Cube_014.ply" />
		<boolean name="face_normals" value="true" />
		<ref id="mat-Material" name="bsdf" />
		<animation name="to_world">
			<transform time="0">
				<matrix value="0.9999997783794039 -0.0008007271240637183 -6.207114932100169e-05 -0.0003876024870123618 0.0008004669989202645 0.9999899879646993 -0.004086743375375455 -0.021638749782047828 6.58009279697603e-05 0.004086703182784306 0.9999905441867789 0.00021532746262187263 0.0 0.0 0.0 1.0" />
			</transform>
			<transform time="0.0015">
				<matrix value="0.9999997943363421 -0.0007793137411907813 -6.22391695177086e-05 -0.0003892068883878606 0.0007790604471382206 0.9999904535317898 -0.00397587285333531 -0.021534151217534554 6.579269418963065e-05 0.00397583401202761 0.9999910037466544 0.0002219239211578204 0.0 0.0 0.0 1.0" />
			</transform>
		</animation>
	</shape>
	<shape type="ply" name="temp19">
		<string name="filename" value="meshes/Cube_015.ply" />
		<boolean name="face_normals" value="true" />
		<ref id="mat-Material" name="bsdf" />
		<animation name="to_world">
			<transform time="0">
				<matrix value="0.9997608713767249 0.013638807483162051 -0.016508466971553604 -0.005076240260206366 -0.012202970779767636 0.9964248690613509 0.0807867331158181 0.03452896438319403 0.017628136596297694 -0.08055633542821267 0.9963653035954312 -0.030299083121736292 0.0 0.0 0.0 1.0" />
			</transform>
			<transform time="0.0015">
				<matrix value="0.99975431307511 0.013914169992348978 -0.016678147541069988 -0.005162133140630818 -0.012436877154590426 0.996298369977358 0.08231167362998329 0.03552193671650053 0.01783816596616078 -0.08207444908796133 0.9962388480363535 -0.03050406579753554 0.0 0.0 0.0 1.0" />
			</transform>
		</animation>
	</shape>
	<shape type="ply" name="temp20">
		<string name="filename" value="meshes/Cube_016.ply" />
		<boolean name="face_normals" value="true" />
		<ref id="mat-Material" name="bsdf" />
		<animation name="to_world">
			<transform time="0">
				<matrix value="0.998143262645228 0.052754144043986206 -0.03004465271398387 0.06320659682802587 -0.04455161720981442 0.9725110184534327 0.22752047065364728 0.059861238763483954 0.041327203750884264 -0.2257596110324286 0.9730764630152413 -0.1380008782341151 0.0 0.0 0.0 1.0" />
			</transform>
			<transform time="0.0015">
				<matrix value="0.9981274333624981 0.053101315921586845 -0.029961139621125413 0.06321638332505689 -0.0448455261403464 0.9721483792356203 0.22901297560200642 0.06037766113179369 0.04139281564909147 -0.2272406325115236 0.9727300740142606 -0.13807876404381292 0.0 0.0 0.0 1.0" />
			</transform>
		</animation>
	</shape>
	<shape type="ply" name="temp21">
		<string name="filename" value="meshes/Cube_017.ply" />
		<boolean name="face_normals" value="true" />
		<ref id="mat-Material" name="bsdf" />
		<animation name="to_world">
			<transform time="0">
				<matrix value="0.9953264648678166 0.09025399282053635 0.03381325525353163 0.21502176561319275 -0.09640637770886855 0.9435538136468213 0.316007840760323 0.009034648839422232 -0.003470266051093299 -0.3177859635436765 0.9478606458982337 -0.19298485724207387 0.0 0.0 0.0 1.0" />
			</transform>
			<transform time="0.0015">
				<matrix value="0.9953508151555643 0.08989448191320658 0.03405648327490238 0.21497581982428127 -0.09614855507501799 0.9430471414876538 0.31759934767141884 0.008873571310354463 -0.003652600718523772 -0.3193924553536772 0.947321377915428 -0.1927906961845428 0.0 0.0 0.0 1.0" />
			</transform>
		</animation>
	</shape>
	<shape type="ply" name="temp22">
		<string name="filename" value="meshes/Cube_018.ply" />
		<boolean name="face_normals" value="true" />
		<ref id="mat-Material" name="bsdf" />
		<animation name="to_world">
			<transform time="0">
				<matrix value="-0.21171094202937096 0.9744786962661367 0.07141832706806908 1.0847617189500254 -0.9410717483382887 -0.2229518608827695 0.25243750771239765 0.6932776966889236 0.26193821395075056 -0.013308816014250465 0.9647427002303909 -0.3599871835775419 0.0 0.0 0.0 1.0" />
			</transform>
			<transform time="0.0015">
				<matrix value="-0.2131807818853882 0.9741309476860754 0.07180608752132421 1.0866040496584084 -0.9403267667628755 -0.22449324088241152 0.25385338360462606 0.6934867166703815 0.2634267090632592 -0.012949721939649671 0.9643435043955668 -0.3612993718389799 0.0 0.0 0.0 1.0" />
			</transform>
		</animation>
	</shape>
	<shape type="ply" name="temp23">
		<string name="filename" value="meshes/Cube_019.ply" />
		<boolean name="face_normals" value="true" />
		<ref id="mat-Material" name="bsdf" />
		<animation name="to_world">
			<transform time="0">
				<matrix value="-0.028128888333359928 0.995354207036375 -0.09197444944709496 0.4036321772381859 -0.9778239782847276 -0.008306287975337018 0.20831002869366522 0.13796115239069048 0.20657045230104232 0.09583358537241643 0.9735166311206889 -0.02809473105526694 0.0 0.0 0.0 1.0" />
			</transform>
			<transform time="0.0015">
				<matrix value="-0.028326186300482226 0.9953258675170239 -0.0922208569419748 0.403954284355483 -0.9775244505971039 -0.008310410722106852 0.20971585639431933 0.1367033667599491 0.20796141701136017 0.09612762327943501 0.9731925392840384 -0.02831927942680857 0.0 0.0 0.0 1.0" />
			</transform>
		</animation>
	</shape>
	<shape type="ply" name="temp24">
		<string name="filename" value="meshes/Cube_020.ply" />
		<boolean name="face_normals" value="true" />
		<ref id="mat-Material" name="bsdf" />
		<animation name="to_world">
			<transform time="0">
				<matrix value="0.1320350897084301 0.9909972916968339 0.021721196862711054 -0.19733121930337089 -0.9769838549048899 0.1338177392323729 -0.1654659998132999 0.0353373928660033 -0.16688697996730717 0.0005682190223683293 0.9858733695057552 0.09954109072068007 0.0 0.0 0.0 1.0" />
			</transform>
			<transform time="0.0015">
				<matrix value="0.13172961826568014 0.9910365496988236 0.021786935200581982 -0.19733762115128795 -0.9768526509536966 0.13352691580999798 -0.16647588774584293 0.03628554521952312 -0.16789675134888882 0.0005896384353014333 0.9857024217416184 0.09951924646943024 0.0 0.0 0.0 1.0" />
			</transform>
		</animation>
	</shape>
	<shape type="ply" name="temp25">
		<string name="filename" value="meshes/Cube_021.ply" />
		<boolean name="face_normals" value="true" />
		<ref id="mat-Material" name="bsdf" />
		<animation name="to_world">
			<transform time="0">
				<matrix value="0.28534682293578145 0.9582021513360852 -0.019698019148967356 -0.3258199903562795 -0.7829062261203807 0.22114489709504967 -0.5813985951498297 0.07666960895507531 -0.5527793882207768 0.18128595207155268 0.813290476435877 0.07659879383024415 0.0 0.0 0.0 1.0" />
			</transform>
			<transform time="0.0015">
				<matrix value="0.285276550175485 0.958214113406654 -0.020134218064137926 -0.32555124895644805 -0.7825771621400828 0.2207095393013505 -0.5820072992256774 0.07735181429677668 -0.5532817126364387 0.18175381020274617 0.8128447544188417 0.07674602807172476 0.0 0.0 0.0 1.0" />
			</transform>
		</animation>
	</shape>
	<shape type="ply" name="temp26">
		<string name="filename" value="meshes/Cube_022.ply" />
		<boolean name="face_normals" value="true" />
		<ref id="mat-Material" name="bsdf" />
		<animation name="to_world">
			<transform time="0">
				<matrix value="0.5487308231698128 0.8181851934512946 -0.17108848466338014 -0.24511881930001483 -0.4480441539146176 0.11498786040719783 -0.8864490395494116 0.14384542663477667 -0.7057897937510084 0.5630486021738632 0.429658914633391 0.1388632409707471 0.0 0.0 0.0 1.0" />
			</transform>
			<transform time="0.0015">
				<matrix value="0.5488889245138527 0.8178808777752946 -0.17203676008435184 -0.24496006256191089 -0.4478493516126354 0.11390931642148856 -0.8866874064485437 0.14415894880473645 -0.7057905277701673 0.563711081616289 0.42878952947334487 0.13980289869898582 0.0 0.0 0.0 1.0" />
			</transform>
		</animation>
	</shape>
	<shape type="ply" name="temp27">
		<string name="filename" value="meshes/Cube_023.ply" />
		<boolean name="face_normals" value="true" />
		<ref id="mat-Material" name="bsdf" />
		<animation name="to_world">
			<transform time="0">
				<matrix value="0.8470662751960456 0.5000452627429222 -0.17943657300526072 -0.13347883281941658 -0.37810177970203557 0.3300742767868876 -0.86492016220502 -0.1735366062695634 -0.3732682788235315 0.800487669552775 0.46866946306583 -0.07242699130795666 0.0 0.0 0.0 1.0" />
			</transform>
			<transform time="0.0015">
				<matrix value="0.8474931232938523 0.4991474241179255 -0.1799235626480799 -0.13307135847887203 -0.37802408058268416 0.329992321960656 -0.8649854026866061 -0.17343120900924097 -0.3723783077202267 0.8010823188737649 0.46836260472451097 -0.07145797944674795 0.0 0.0 0.0 1.0" />
			</transform>
		</animation>
	</shape>
	<shape type="ply" name="temp28">
		<string name="filename" value="meshes/Cube_024.ply" />
		<boolean name="face_normals" value="true" />
		<ref id="mat-Material" name="bsdf" />
		<animation name="to_world">
			<transform time="0">
				<matrix value="0.8811054258040838 0.4363989629200101 -0.18183891691224202 -0.13111783300676472 -0.3417800477636709 0.3223337219949815 -0.8827563080911975 -0.4749336578591613 -0.3266288005716038 0.8399837930178569 0.43312707052760124 -0.3008202213213196 0.0 0.0 0.0 1.0" />
			</transform>
			<transform time="0.0015">
				<matrix value="0.88127504805753 0.43580486927587014 -0.182442755610667 -0.13099356056643527 -0.3421158328063537 0.3224308302790962 -0.8825908410049101 -0.47533064286416893 -0.3258198588006602 0.8402551810859198 0.4332107955286245 -0.2997744893507297 0.0 0.0 0.0 1.0" />
			</transform>
		</animation>
	</shape>
	<shape type="ply" name="temp29">
		<string name="filename" value="meshes/Cube_025.ply" />
		<boolean name="face_normals" value="true" />
		<ref id="mat-Material" name="bsdf" />
		<animation name="to_world">
			<transform time="0">
				<matrix value="0.8779282729372885 0.43822793232698476 -0.19283574401411563 -0.277420702231061 -0.3186229559932414 0.2341441691366497 -0.9185073195086191 -0.7852456527020102 -0.3573638540353565 0.8678248644725013 0.34519320826759575 -0.7693705155311613 0.0 0.0 0.0 1.0" />
			</transform>
			<transform time="0.0015">
				<matrix value="0.8780319930358209 0.4379962225896721 -0.19289015164819187 -0.27736542950064147 -0.3186013981696849 0.23418775222364333 -0.9185036855814555 -0.7852184612294895 -0.357128289734651 0.8679301126715542 0.34517247701098946 -0.7690546290704141 0.0 0.0 0.0 1.0" />
			</transform>
		</animation>
	</shape>
	<shape type="ply" name="temp30">
		<string name="filename" value="meshes/Cube_026.ply" />
		<boolean name="face_normals" value="true" />
		<ref id="mat-Material" name="bsdf" />
		<animation name="to_world">
			<transform time="0">
				<matrix value="0.9035810785653878 0.34608341694078093 -0.2524985804460402 -0.28919118686087036 -0.3489786836445773 0.2527634260350463 -0.9023679011073231 -1.1298968934113414 -0.24845335418339903 0.9034961818686214 0.3491690231341198 -0.8535387669039651 0.0 0.0 0.0 1.0" />
			</transform>
			<transform time="0.0015">
				<matrix value="0.9036828678743938 0.3459587726160036 -0.25230519084213154 -0.2889961567204945 -0.34863954445347733 0.2524074474302875 -0.9025987788825579 -1.1296145340653605 -0.24855954122458274 0.90364351883449 0.348712229128232 -0.8541372293404228 0.0 0.0 0.0 1.0" />
			</transform>
		</animation>
	</shape>
	<shape type="ply" name="temp31">
		<string name="filename" value="meshes/Cube_027.ply" />
		<boolean name="face_normals" value="true" />
		<ref id="mat-Material" name="bsdf" />
		<animation name="to_world">
			<transform time="0">
				<matrix value="0.8538270331030252 0.33070013328521997 -0.40192418707191757 -0.5309835743020346 -0.4905928705540692 0.25339470571916656 -0.8336921026466348 -1.5792818058113314 -0.17388602407331563 0.9090733026992865 0.37860402411043254 -0.9512605482133454 0.0 0.0 0.0 1.0" />
			</transform>
			<transform time="0.0015">
				<matrix value="0.8535734454405823 0.3306684972505018 -0.40248894360707776 -0.5320984672964484 -0.4910819985818101 0.2531361733101204 -0.8334828497166531 -1.5796001425312234 -0.17375125336867017 0.9091568719920419 0.37846526255913304 -0.9512952280932019 0.0 0.0 0.0 1.0" />
			</transform>
		</animation>
	</shape>
	<shape type="ply" name="temp32">
		<string name="filename" value="meshes/Cube_028.ply" />
		<boolean name="face_normals" value="true" />
		<ref id="mat-Material" name="bsdf" />
		<animation name="to_world">
			<transform time="0">
				<matrix value="-0.1113908554023123 0.9797168679850571 0.16656819225181207 -1.4509052940574219 -0.837279066427671 -0.0022485206174922773 -0.5467124264987818 -2.0978082458056058 -0.5352489774425693 -0.20037367835919428 0.8205462765135093 -1.157348806340638 0.0 0.0 0.0 1.0" />
			</transform>
			<transform time="0.0015">
				<matrix value="-0.11146004468650259 0.97972141852791 0.16649518520832984 -1.4511271558491874 -0.8369630233089733 -0.0022301462613486984 -0.547196513255054 -2.0980513980604987 -0.5357289461877628 -0.20035165853764017 0.8202385671353838 -1.1585792054938095 0.0 0.0 0.0 1.0" />
			</transform>
		</animation>
	</shape>
	<shape type="ply" name="temp33">
		<string name="filename" value="meshes/Cube_029.ply" />
		<boolean name="face_normals" value="true" />
		<ref id="mat-Material" name="bsdf" />
		<animation name="to_world">
			<transform time="0">
				<matrix value="0.01236169766695566 0.989300054440442 0.14536773894012625 -1.6512680383227296 -0.9852981328908013 -0.012700403401588994 0.17022089016080083 -1.5945479066340136 0.17024583929492737 -0.1453407116471258 0.9745982579555302 0.15995746590190696 0.0 0.0 0.0 1.0" />
			</transform>
			<transform time="0.0015">
				<matrix value="0.01230273566318883 0.9892990632330878 0.14537950367293928 -1.6513611930709484 -0.9853862471037392 -0.012685292070018504 0.1697120356803491 -1.5955774630809962 0.1697402149844383 -0.14534878397974438 0.9746853785934114 0.15913370236414917 0.0 0.0 0.0 1.0" />
			</transform>
		</animation>
	</shape>
	<shape type="ply" name="temp34">
		<string name="filename" value="meshes/Cube_030.ply" />
		<boolean name="face_normals" value="true" />
		<ref id="mat-Material" name="bsdf" />
		<animation name="to_world">
			<transform time="0">
				<matrix value="-0.04252160195822872 0.9824579600243848 -0.18156274294923758 -3.2035274801749045 -0.9690871040738859 0.003612112595437464 0.24650507404448402 -1.860580539042496 0.24283666627988576 0.18644892789229614 0.9519341384279449 0.3205086819567514 0.0 0.0 0.0 1.0" />
			</transform>
			<transform time="0.0015">
				<matrix value="-0.04239815648828435 0.9824571858368183 -0.18159580963473332 -3.2032719508816623 -0.9692572390655594 0.003611205460552625 0.24583621034988207 -1.8621015441466122 0.24217930808143645 0.18645299311339675 0.9521010313215132 0.31919904797848464 0.0 0.0 0.0 1.0" />
			</transform>
		</animation>
	</shape>
	<shape type="ply" name="temp35">
		<string name="filename" value="meshes/Cube_031.ply" />
		<boolean name="face_normals" value="true" />
		<ref id="mat-Material" name="bsdf" />
		<animation name="to_world">
			<transform time="0">
				<matrix value="0.1056971120176871 0.9891128502387245 0.10239046504162212 -2.047890406517527 -0.6765172589255479 -0.003938861923603999 0.7364143603544229 -0.7511196895758878 0.7288002170108878 -0.1471061046299406 0.6687356773979114 0.7710840508731376 0.0 0.0 0.0 1.0" />
			</transform>
			<transform time="0.0015">
				<matrix value="0.10570957438644923 0.9891123771624873 0.10238222275015119 -2.0478677992562018 -0.6764250278225452 -0.003942826302471576 0.7364990640477735 -0.7507401590574958 0.728884022850502 -0.14710921642030073 0.668643663298393 0.7711790908968938 0.0 0.0 0.0 1.0" />
			</transform>
		</animation>
	</shape>
	<shape type="ply" name="temp36">
		<string name="filename" value="meshes/Cube_032.ply" />
		<boolean name="face_normals" value="true" />
		<ref id="mat-Material" name="bsdf" />
		<animation name="to_world">
			<transform time="0">
				<matrix value="0.8122727280786204 0.5503684637574751 0.19307590985016793 -0.4797959052702572 -0.22306742407721616 -0.012724663814627167 0.9747054632379257 0.4725906697785394 0.5389099280708193 -0.834821754484036 0.11244360198401873 -0.27877171398362943 0.0 0.0 0.0 1.0" />
			</transform>
			<transform time="0.0015">
				<matrix value="0.8121223498926866 0.5504691313770886 0.19342157717193686 -0.47994964408342655 -0.22342629561813854 -0.012836487998651239 0.9746218744027915 0.47153093347884645 0.5389880213265451 -0.8347536840699084 0.11257465058874094 -0.2784521907732624 0.0 0.0 0.0 1.0" />
			</transform>
		</animation>
	</shape>
	<shape type="ply" name="temp37">
		<string name="filename" value="meshes/Cube_033.ply" />
		<boolean name="face_normals" value="true" />
		<ref id="mat-Material" name="bsdf" />
		<animation name="to_world">
			<transform time="0">
				<matrix value="0.9793170362411728 0.15262448818684127 0.13282340890576858 -0.1254774914512422 -0.14958989108677423 0.10422535005621342 0.9832207776366235 0.3015869181483438 0.13622548211344493 -0.9827535391501868 0.12490253420522235 -0.40914736647346334 0.0 0.0 0.0 1.0" />
			</transform>
			<transform time="0.0015">
				<matrix value="0.9792969943267487 0.152703799793462 0.1328800275334681 -0.1255009066937203 -0.14959640630465587 0.10378924284968138 0.983266010242889 0.30160391835601014 0.1363623926435078 -0.9827874729837713 0.12448621636088839 -0.40905837580458826 0.0 0.0 0.0 1.0" />
			</transform>
		</animation>
	</shape>
	<shape type="ply" name="temp38">
		<string name="filename" value="meshes/Cube_034.ply" />
		<boolean name="face_normals" value="true" />
		<ref id="mat-Material" name="bsdf" />
		<animation name="to_world">
			<transform time="0">
				<matrix value="0.9999182220000107 0.005718286356724646 0.011447904851825043 -0.035506217241891624 -0.01229533559563638 0.18138272465025668 0.9833359021625917 0.36927966613091034 0.0035465456440915066 -0.9833959780819861 0.18143819136769357 -0.3352344127445694 0.0 0.0 0.0 1.0" />
			</transform>
			<transform time="0.0015">
				<matrix value="0.9999182060430724 0.005717682621336243 0.011448606957190403 -0.03550526585528596 -0.012295932863834545 0.18138725566932834 0.9833350596361532 0.3692764288404236 0.0035457679029218953 -0.9833951445667111 0.1814427171814305 -0.33526383464541887 0.0 0.0 0.0 1.0" />
			</transform>
		</animation>
	</shape>
	<shape type="ply" name="temp39">
		<string name="filename" value="meshes/Cube_035.ply" />
		<boolean name="face_normals" value="true" />
		<ref id="mat-Material" name="bsdf" />
		<animation name="to_world">
			<transform time="0">
				<matrix value="0.9991119662711183 -0.04208494377616427 0.002187988895092953 0.009756438360407849 0.006834519890005266 0.21304943651013825 0.9770175277681774 0.0921545238738371 -0.041583889157788545 -0.9761345408960356 0.21314784731320158 -0.13068946019942776 0.0 0.0 0.0 1.0" />
			</transform>
			<transform time="0.0015">
				<matrix value="0.9991116311754153 -0.042092910980730126 0.002187234280756631 0.009752495287989535 0.006836298929049172 0.2130339376315106 0.9770208893635632 0.09215997111117918 -0.04159162077307192 -0.9761375821004175 0.2131324239731574 -0.1307117067673223 0.0 0.0 0.0 1.0" />
			</transform>
		</animation>
	</shape>
	<shape type="ply" name="temp40">
		<string name="filename" value="meshes/Cube_036.ply" />
		<boolean name="face_normals" value="true" />
		<ref id="mat-Material" name="bsdf" />
		<animation name="to_world">
			<transform time="0">
				<matrix value="0.9998218170406736 -0.018743693982141034 0.0022654922861839698 0.005356874781828669 0.0018175127254546324 0.21499083273017774 0.9766144737296234 -0.2519202060705463 -0.018792427046932153 -0.976436153459471 0.21498660111266554 0.25169166165430906 0.0 0.0 0.0 1.0" />
			</transform>
			<transform time="0.0015">
				<matrix value="0.9998215617296617 -0.01875732248252809 0.0022668461155357466 0.005357879763284792 0.0018189716683175287 0.21498306076342405 0.9766161843136044 -0.2519169198952426 -0.018806042304481817 -0.976437602724769 0.21497882348729094 0.2516711445466505 0.0 0.0 0.0 1.0" />
			</transform>
		</animation>
	</shape>
	<shape type="ply" name="temp41">
		<string name="filename" value="meshes/Cube_037.ply" />
		<boolean name="face_normals" value="true" />
		<ref id="mat-Material" name="bsdf" />
		<animation name="to_world">
			<transform time="0">
				<matrix value="0.9990523503307467 -0.04345436076283366 0.002536521896590281 -0.0023011267884101017 0.006879451249674218 0.21516781631252568 0.9765528927460202 -0.5686589359240559 -0.04298127128665827 -0.9756098476710546 0.21526285269592327 0.5054074102547639 0.0 0.0 0.0 1.0" />
			</transform>
			<transform time="0.0015">
				<matrix value="0.9990520631058584 -0.0434612181155288 0.0025379907861182967 -0.0022941149849828395 0.0068792334374673005 0.21516188408669434 0.9765542033427022 -0.5686601984039448 -0.04298832521077477 -0.975610853896702 0.21525690139553544 0.505410402730717 0.0 0.0 0.0 1.0" />
			</transform>
		</animation>
	</shape>
	<shape type="ply" name="temp42">
		<string name="filename" value="meshes/Cube_038.ply" />
		<boolean name="face_normals" value="true" />
		<ref id="mat-Material" name="bsdf" />
		<animation name="to_world">
			<transform time="0">
				<matrix value="0.999336911176238 -0.03632331990747211 0.0026076177922472734 0.0027715489803323834 0.0052734775994766215 0.21519138631229623 0.9765577388502961 -0.9035257329028406 -0.03603295365292796 -0.975896129305436 0.2152401705639589 0.8444949801053836 0.0 0.0 0.0 1.0" />
			</transform>
			<transform time="0.0015">
				<matrix value="0.999336911176238 -0.03632303080532717 0.0026080867135276535 0.002769761055219569 0.005272725229838805 0.21518512368401355 0.9765591260402907 -0.9035288144854665 -0.03603280668952681 -0.9758975184975611 0.21523388310403246 0.8445347494197801 0.0 0.0 0.0 1.0" />
			</transform>
		</animation>
	</shape>
	<shape type="ply" name="temp43">
		<string name="filename" value="meshes/Cube_039.ply" />
		<boolean name="face_normals" value="true" />
		<ref id="mat-Material" name="bsdf" />
