<scene version="2.1.0">
	<default name="spp" value="1024" />
	<default name="resx" value="1280" />
	<default name="resy" value="720" />
	<integrator type="path" name="temp0">
		<integer name="max_depth" value="12" />
	</integrator>
	<sensor type="perspective" name="temp44">
		<string name="fov_axis" value="x" />
		<float name="fov" value="83.974423" />
		<float name="principal_point_offset_x" value="0.000000" />
		<float name="principal_point_offset_y" value="-0.000000" />
		<float name="near_clip" value="0.100000" />
		<float name="far_clip" value="1000.000000" />
		<transform name="to_world">
			<rotate x="1" angle="-142.5518126578256" />
			<rotate y="1" angle="3.976628485794621e-06" />
			<rotate z="1" angle="-179.999991348578" />
			<translate value="-0.000000 3.030926 4.073377" />
		</transform>
		<sampler type="correlated" name="sampler">
			<integer name="sample_count" value="1024" />
		</sampler>
		<film type="hdrfilm" name="film">
			<integer name="width" value="$resx" />
			<integer name="height" value="$resy" />
		</film>
		<float name="shutter_open" value="0.0" />
		<float name="shutter_close" value="0.0015" />
	</sensor>
	<bsdf type="twosided" id="mat-Material" name="mat-Material">
		<bsdf type="diffuse" name="bsdf">
			<texture type="bitmap" name="reflectance">
				<string name="filename" value="textures/siggraph_2023_logo.jpg" />
			</texture>
		</bsdf>
	</bsdf>
	<bsdf type="twosided" id="mat-Material.001" name="mat-Material.001">
		<bsdf type="principled" name="bsdf">
			<rgb value="0.433648 0.266232 0.084399" name="base_color" />
			<float name="spec_tint" value="0.000000" />
			<float name="spec_trans" value="0.000000" />
			<float name="metallic" value="0.000000" />
			<float name="anisotropic" value="0.000000" />
			<float name="roughness" value="0.500000" />
			<float name="sheen" value="0.000000" />
			<float name="sheen_tint" value="0.500000" />
			<float name="clearcoat" value="0.000000" />
			<float name="clearcoat_gloss" value="0.173205" />
			<float name="specular" value="0.500000" />
		</bsdf>
	</bsdf>
	<bsdf type="twosided" id="mat-Material.002" name="mat-Material.002">
		<bsdf type="principled" name="bsdf">
			<rgb value="0.433648 0.266232 0.084399" name="base_color" />
			<float name="spec_tint" value="0.000000" />
			<float name="spec_trans" value="0.000000" />
			<float name="metallic" value="0.000000" />
			<float name="anisotropic" value="0.000000" />
			<float name="roughness" value="0.500000" />
			<float name="sheen" value="0.000000" />
			<float name="sheen_tint" value="0.500000" />
			<float name="clearcoat" value="0.000000" />
			<float name="clearcoat_gloss" value="0.173205" />
			<float name="specular" value="0.500000" />
		</bsdf>
	</bsdf>
	<bsdf type="twosided" id="mat-Material.003" name="mat-Material.003">
		<bsdf type="principled" name="bsdf">
			<rgb value="0.433648 0.266232 0.084399" name="base_color" />
			<float name="spec_tint" value="0.000000" />
			<float name="spec_trans" value="0.000000" />
			<float name="metallic" value="0.000000" />
			<float name="anisotropic" value="0.000000" />
			<float name="roughness" value="0.500000" />
			<float name="sheen" value="0.000000" />
			<float name="sheen_tint" value="0.500000" />
			<float name="clearcoat" value="0.000000" />
			<float name="clearcoat_gloss" value="0.173205" />
			<float name="specular" value="0.500000" />
		</bsdf>
	</bsdf>
	<bsdf type="twosided" id="mat-Material.004" name="mat-Material.004">
		<bsdf type="principled" name="bsdf">
			<rgb value="0.433648 0.266232 0.084399" name="base_color" />
			<float name="spec_tint" value="0.000000" />
			<float name="spec_trans" value="0.000000" />
			<float name="metallic" value="0.000000" />
			<float name="anisotropic" value="0.000000" />
			<float name="roughness" value="0.500000" />
			<float name="sheen" value="0.000000" />
			<float name="sheen_tint" value="0.500000" />
			<float name="clearcoat" value="0.000000" />
			<float name="clearcoat_gloss" value="0.173205" />
			<float name="specular" value="0.500000" />
		</bsdf>
	</bsdf>
	<bsdf type="twosided" id="mat-Material.005" name="mat-Material.005">
		<bsdf type="principled" name="bsdf">
			<rgb value="0.433648 0.266232 0.084399" name="base_color" />
			<float name="spec_tint" value="0.000000" />
			<float name="spec_trans" value="0.000000" />
			<float name="metallic" value="0.000000" />
			<float name="anisotropic" value="0.000000" />
			<float name="roughness" value="0.500000" />
			<float name="sheen" value="0.000000" />
			<float name="sheen_tint" value="0.500000" />
			<float name="clearcoat" value="0.000000" />
			<float name="clearcoat_gloss" value="0.173205" />
			<float name="specular" value="0.500000" />
		</bsdf>
	</bsdf>
	<emitter type="point" name="temp45">
		<point name="position" x="-6.815235034541981e-16" y="3.0693089962005615" z="4.109199523925781" />
		<rgb value="7.957747 7.957747 7.957747" name="intensity" />
	</emitter>
	<shape type="ply" name="temp2">
		<string name="filename" value="meshes/Cube.ply" />
		<boolean name="face_normals" value="true" />
		<ref id="mat-Material" name="bsdf" />
		<animation name="to_world">
			<transform time="0">
				<matrix value="0.9999991135176153 0.00010774848098651921 0.0013456000446314385 -0.0022075432572763454 -0.0001075216700618942 0.9999995828318624 -0.00017272934011189057 -0.017341282508428396 -0.0013456137738087006 0.00017258558725801641 0.999998699825682 0.00312287916853915 0.0 0.0 0.0 1.0" />
			</transform>
			<transform time="0.0015">
				<matrix value="0.9999991135176153 0.0001081288042446263 0.0013460437752223465 -0.0022082107295626225 -0.00010798743713205796 0.9999995978501557 -0.00010917663472039793 -0.01742454479104742 -0.0013460506747775959 0.00010903230028071236 0.9999987083360502 0.003123927657287796 0.0 0.0 0.0 1.0" />
			</transform>
		</animation>
	</shape>
	<shape type="ply" name="temp4">
		<string name="filename" value="meshes/Plane.ply" />
		<boolean name="face_normals" value="true" />
		<ref id="mat-Material.001" name="bsdf" />
	</shape>
	<shape type="ply" name="temp5">
		<string name="filename" value="meshes/Cube_001.ply" />
		<boolean name="face_normals" value="true" />
		<ref id="mat-Material" name="bsdf" />
		<animation name="to_world">
			<transform time="0">
				<matrix value="0.9999986702764229 3.49549354119431e-05 -0.001621748795920384 0.002146425606662783 -3.534161485177129e-05 0.9999967669469342 -0.00022677640453103664 -0.017351533579868517 0.0016213984436915254 0.00022683100310164506 0.9999956266863852 -0.003647979557164449 0.0 0.0 0.0 1.0" />
			</transform>
			<transform time="0.0015">
				<matrix value="0.9999986702764229 4.453974532480327e-05 -0.0016222901404329975 0.0021455668792813992 -4.52218797394072e-05 0.9999967294012011 -0.0004088998129878683 -0.01714803396944589 0.0016219310862898354 0.00040896985990433125 0.9999955841345449 -0.0036548838674551895 0.0 0.0 0.0 1.0" />
			</transform>
		</animation>
	</shape>
	<shape type="ply" name="temp6">
		<string name="filename" value="meshes/Cube_002.ply" />
		<boolean name="face_normals" value="true" />
		<ref id="mat-Material" name="bsdf" />
		<animation name="to_world">
			<transform time="0">
				<matrix value="1.0 -2.0364667527423592e-05 0.0003533140970573036 -0.0009004271234618333 2.0592121476454142e-05 0.9999965583628654 -0.0006586600356200485 -0.017329863371971538 -0.00035328982477789183 0.0006586646865085737 0.9999966904653725 0.0008871324114934631 0.0 0.0 0.0 1.0" />
			</transform>
			<transform time="0.0015">
				<matrix value="1.0 -2.0118245870049282e-05 0.0003534618370469117 -0.0008988802379278656 2.0281610628242914e-05 0.999996686018358 -0.0004769801024430828 -0.01745198238320956 -0.0003534414795188845 0.00047698493893035183 0.9999968096105254 0.0008925958095546366 0.0 0.0 0.0 1.0" />
			</transform>
		</animation>
	</shape>
	<shape type="ply" name="temp7">
		<string name="filename" value="meshes/Cube_003.ply" />
		<boolean name="face_normals" value="true" />
		<ref id="mat-Material" name="bsdf" />
		<animation name="to_world">
			<transform time="0">
				<matrix value="0.9999991135176153 -0.0004548655362800701 0.0012968482356161715 -0.0012431734766189528 0.00046045778836828737 0.9999904051328368 -0.0043130800845917056 -0.017369721296825735 -0.001294836062812596 0.004313679151813743 0.9999897168031219 0.003708473252840544 0.0 0.0 0.0 1.0" />
			</transform>
			<transform time="0.0015">
				<matrix value="0.9999991135176153 -0.0004590622481441297 0.0012972742646415044 -0.001243766119326386 0.00046471533884366313 0.9999902098950246 -0.004358736507186712 -0.01736387184023285 -0.0012952228589954307 0.004359340920775257 0.9999895210646563 0.003711822045362415 0.0 0.0 0.0 1.0" />
			</transform>
		</animation>
	</shape>
	<shape type="ply" name="temp8">
		<string name="filename" value="meshes/Cube_004.ply" />
		<boolean name="face_normals" value="true" />
		<ref id="mat-Material" name="bsdf" />
		<animation name="to_world">
			<transform time="0">
				<matrix value="0.9999995567588077 -0.00024208590326288057 0.0010062439098652972 -0.0005181899154378389 0.00024356524598999693 0.9999986442035531 -0.0014755276461975101 -0.018432883408515732 -0.001005813994720111 0.001475770874572142 0.9999983452326864 0.0031040441810777225 0.0 0.0 0.0 1.0" />
			</transform>
			<transform time="0.0015">
				<matrix value="0.9999995567588076 -0.00023325823309476216 0.0010068581031285467 -0.0005193073943913042 0.00023469719352240857 0.9999987117858726 -0.0014344479293404884 -0.018410026340424716 -0.001006451155263865 0.0014346824011777766 0.9999983962948947 0.0031099033583408776 0.0 0.0 0.0 1.0" />
			</transform>
		</animation>
	</shape>
	<shape type="ply" name="temp9">
		<string name="filename" value="meshes/Cube_005.ply" />
		<boolean name="face_normals" value="true" />
		<ref id="mat-Material" name="bsdf" />
		<animation name="to_world">
			<transform time="0">
				<matrix value="1.0 6.497185157992002e-05 0.0007957468697712308 -0.0006724381238452093 -6.586852225159435e-05 0.9999957240265903 0.0011230279310538833 -0.01710394117643424 -0.0007948976733383331 -0.0011230760726957196 0.9999956266863852 0.0022293155178448043 0.0 0.0 0.0 1.0" />
			</transform>
			<transform time="0.0015">
				<matrix value="1.0 8.575671888060223e-05 0.0007958433773450878 -0.0006737175561469891 -8.680662619785093e-05 0.9999955062613383 0.001315547179620492 -0.01697949987715453 -0.0007949581501342466 -0.0013156117184537877 0.9999954139271836 0.0022322393768537435 0.0 0.0 0.0 1.0" />
			</transform>
		</animation>
	</shape>
	<shape type="ply" name="temp10">
		<string name="filename" value="meshes/Cube_006.ply" />
		<boolean name="face_normals" value="true" />
		<ref id="mat-Material" name="bsdf" />
		<animation name="to_world">
			<transform time="0">
				<matrix value="0.9999991135176153 -0.00011439626384216027 -0.0013053194622857254 -0.0011802057246967923 0.0001161795002721501 0.9999989570796562 0.0013684074661210032 -0.017173386139677005 0.0013051458529467562 -0.0013685565773857325 0.999998227035021 -0.003060322348010902 0.0 0.0 0.0 1.0" />
			</transform>
			<transform time="0.0015">
				<matrix value="0.9999991135176153 -0.00011038289530202147 -0.0013060710128895438 -0.0011814374945591918 0.00011214014497021023 0.9999989871162427 0.0013477201230139265 -0.01717796672529558 0.0013059054032067787 -0.0013478641476799662 0.9999982525661253 -0.003065544000701674 0.0 0.0 0.0 1.0" />
			</transform>
		</animation>
	</shape>
	<shape type="ply" name="temp11">
		<string name="filename" value="meshes/Cube_007.ply" />
		<boolean name="face_normals" value="true" />
		<ref id="mat-Material" name="bsdf" />
		<animation name="to_world">
			<transform time="0">
				<matrix value="0.9999995567588076 0.0008857950077488981 -6.515480821010438e-05 0.0005371518900807448 -0.0008859777546110381 0.9999940553540402 -0.0028495554113018716 -0.018369039005333043 6.179358434968538e-05 0.0028496108864197174 0.9999946811050631 -6.780804117667572e-05 0.0 0.0 0.0 1.0" />
			</transform>
			<transform time="0.0015">
				<matrix value="0.9999995886726841 0.0008493990000785715 -6.497249910541638e-05 0.0005388584357469612 -0.0008495739627295424 0.9999944233022247 -0.0027304118753620787 -0.01834251146097906 6.182055157530382e-05 0.0027304650591648736 0.9999950130094176 -6.234807014754476e-05 0.0 0.0 0.0 1.0" />
			</transform>
		</animation>
	</shape>
	<shape type="ply" name="temp12">
		<string name="filename" value="meshes/Cube_008.ply" />
		<boolean name="face_normals" value="true" />
		<ref id="mat-Material" name="bsdf" />
		<animation name="to_world">
			<transform time="0">
				<matrix value="0.9999995567588076 0.0008779281553033543 0.00010449311876832359 0.0001154849257369861 -0.0008778028356798523 0.9999981227433812 -0.0011968991078913015 -0.017265260755065653 -0.00010627992986151373 0.0011968069950753302 0.9999988180233473 -5.242152264905986e-05 0.0 0.0 0.0 1.0" />
			</transform>
			<transform time="0.0015">
				<matrix value="0.9999995248449312 0.0009296654321228799 0.00010432473262578988 0.00011560001099001447 -0.0009295324210190742 0.9999979875787419 -0.0012706759141650197 -0.017238292110161216 -0.00010623821842496543 0.0012705783833550008 0.9999987329196667 -5.3863016187292205e-05 0.0 0.0 0.0 1.0" />
			</transform>
		</animation>
	</shape>
	<shape type="ply" name="temp13">
		<string name="filename" value="meshes/Cube_009.ply" />
		<boolean name="face_normals" value="true" />
		<ref id="mat-Material" name="bsdf" />
		<animation name="to_world">
			<transform time="0">
				<matrix value="0.9999993351382115 0.0006263096472217645 0.0008934195104630938 0.001632067008999094 -0.000626192318807433 0.9999996871238969 -0.0001320485404715898 -0.016696815787394237 -0.0008936141354935136 0.00013149004115363676 0.9999995272093389 0.001517504367421485 0.0 0.0 0.0 1.0" />
			</transform>
			<transform time="0.0015">
				<matrix value="0.9999993510951497 0.000596037611441747 0.0008936364397450702 0.0016343824853297744 -0.0005959372458502013 0.9999997096513367 -0.00011305207133313544 -0.0167302159823549 -0.0008938151929152843 0.00011252048752136428 0.9999995272093389 0.0015193166493028176 0.0 0.0 0.0 1.0" />
			</transform>
		</animation>
	</shape>
	<shape type="ply" name="temp14">
		<string name="filename" value="meshes/Cube_010.ply" />
		<boolean name="face_normals" value="true" />
		<ref id="mat-Material" name="bsdf" />
		<animation name="to_world">
			<transform time="0">
				<matrix value="0.9999840433170752 0.00024385605196246323 0.005678913205563233 0.011634448704344824 -0.0002452480111767699 0.9999998957079657 0.00024444151839557546 -0.016977309460509182 -0.005678852696768062 -0.00024582675424416435 0.999983925117524 0.009357184070259983 0.0 0.0 0.0 1.0" />
			</transform>
			<transform time="0.0015">
				<matrix value="0.9999840433170752 0.0002369750004005855 0.0056813854674861095 0.011638146858615559 -0.00023835994347629004 0.9999999032171123 0.0002431249133937146 -0.01699159397715249 -0.005681327139180283 -0.0002444716536447723 0.9999839080967878 0.009360538025899433 0.0 0.0 0.0 1.0" />
			</transform>
		</animation>
	</shape>
	<shape type="ply" name="temp15">
		<string name="filename" value="meshes/Cube_011.ply" />
		<boolean name="face_normals" value="true" />
		<ref id="mat-Material" name="bsdf" />
		<animation name="to_world">
			<transform time="0">
				<matrix value="0.999997562173442 0.0017270072566397524 -0.0009939312590746257 -0.002234537793952329 -0.0017262227694773479 0.9999977055752436 0.0007881727633810395 -0.01404723672903943 0.0009954576642607535 -0.0007864443299549667 0.9999992908140085 -0.0014520310538683745 0.0 0.0 0.0 1.0" />
			</transform>
			<transform time="0.0015">
				<matrix value="0.9999974504748744 0.0017910662846420428 -0.000994742807773302 -0.002237849601912219 -0.001790267696349798 0.9999975854288976 0.0008017599064115033 -0.013932400226394165 0.0009963429551940737 -0.00079996627555146 0.9999992737932724 -0.0014541186331449092 0.0 0.0 0.0 1.0" />
			</transform>
		</animation>
	</shape>
	<shape type="ply" name="temp16">
		<string name="filename" value="meshes/Cube_012.ply" />
		<boolean name="face_normals" value="true" />
		<ref id="mat-Material" name="bsdf" />
		<animation name="to_world">
			<transform time="0">
				<matrix value="0.9999957892086726 0.0028940017479344967 -0.0001899877358102521 -0.00038394374945593945 -0.002893494017130386 0.9999919695133526 0.002626769359950187 -0.010611783645840839 0.00019784912778998172 -0.0026262121341696166 0.9999965722677073 -0.00036857406071688636 0.0 0.0 0.0 1.0" />
			</transform>
			<transform time="0.0015">
				<matrix value="0.9999959009072403 0.0028555257817413637 -0.00019018617206242324 -0.0003820222386501287 -0.002855024551723456 0.9999921722603113 0.0025915937109382454 -0.010707359211878719 0.00019784472367502862 -0.002591043421423177 0.999996665881756 -0.000370582579944317 0.0 0.0 0.0 1.0" />
			</transform>
		</animation>
	</shape>
	<shape type="ply" name="temp17">
		<string name="filename" value="meshes/Cube_013.ply" />
		<boolean name="face_normals" value="true" />
		<ref id="mat-Material" name="bsdf" />
		<animation name="to_world">
			<transform time="0">
				<matrix value="0.9998865302547573 0.011817625562394797 0.00688215361819601 0.022390067654181778 -0.012029158178597833 0.9995105574826406 0.026006701334829872 0.024370677036009453 -0.00651013825579272 -0.02610423154500306 0.999568578521782 -0.06190320090586965 0.0 0.0 0.0 1.0" />
			</transform>
			<transform time="0.0015">
				<matrix value="0.9998803070488453 0.012200981239182222 0.007127255622614671 0.02323168306209188 -0.012424105165483614 0.9994846584359416 0.02681909936823929 0.025703919725808294 -0.00673537187511499 -0.02692204234097422 0.9995457537146318 -0.06376200715329965 0.0 0.0 0.0 1.0" />
			</transform>
		</animation>
	</shape>
	<shape type="ply" name="temp18">
		<string name="filename" value="meshes/Cube_014.ply" />
		<boolean name="face_normals" value="true" />
		<ref id="mat-Material" name="bsdf" />
		<animation name="to_world">
			<transform time="0">
				<matrix value="0.9973301366778542 0.06848975747930325 -0.020481586931309664 -0.007183799600411156 -0.060003466146124215 0.9602693237495907 0.2685113618687712 0.2656136239445431 0.03857951392397882 -0.2664608289548061 0.9619624547480239 -0.13327073344865276 0.0 0.0 0.0 1.0" />
			</transform>
			<transform time="0.0015">
				<matrix value="0.9972539103839019 0.06947169779555082 -0.02090965589186776 -0.007503880860399496 -0.06070978086880448 0.9593425148369266 0.2716680565266852 0.2689602363758369 0.039451456878464866 -0.26954847740854104 0.9610722106758505 -0.13481990327397994 0.0 0.0 0.0 1.0" />
			</transform>
		</animation>
	</shape>
	<shape type="ply" name="temp19">
		<string name="filename" value="meshes/Cube_015.ply" />
		<boolean name="face_normals" value="true" />
		<ref id="mat-Material" name="bsdf" />
		<animation name="to_world">
			<transform time="0">
				<matrix value="0.9935632514046313 0.11264721342113332 -0.008713579162413521 -0.0015656992476066889 -0.08743331436261031 0.815698871351604 0.5703221737401665 0.3576822844206209 0.07168477750178626 -0.565881590995843 0.8203538507144577 -0.140390466168835 0.0 0.0 0.0 1.0" />
			</transform>
			<transform time="0.0015">
				<matrix value="0.9935063170490062 0.1131700820586497 -0.008447354424457577 -0.0014142581911939073 -0.08780355362633183 0.8139727438176227 0.5727341992778794 0.35929979488573094 0.07202248695122035 -0.5682656624476903 0.8186798017434995 -0.1413996587845279 0.0 0.0 0.0 1.0" />
			</transform>
		</animation>
	</shape>
	<shape type="ply" name="temp20">
		<string name="filename" value="meshes/Cube_016.ply" />
		<boolean name="face_normals" value="true" />
		<ref id="mat-Material" name="bsdf" />
		<animation name="to_world">
			<transform time="0">
				<matrix value="0.9901773319362371 0.13155380530345856 0.04671346663823619 0.08010218380676265 -0.12953063417176838 0.7400580489463376 0.6589755051886411 0.21308575660462517 0.052370609031127946 -0.6585706150935604 0.7498618269293051 -0.15994056286997552 0.0 0.0 0.0 1.0" />
			</transform>
			<transform time="0.0015">
				<matrix value="0.9901243549012944 0.13176977737128096 0.04722810050964084 0.08024176064042735 -0.12989937986607103 0.7383219117199095 0.6608527817489909 0.2137742061959605 0.0524601354330997 -0.6604784339392056 0.7481800250130397 -0.16014627095439468 0.0 0.0 0.0 1.0" />
			</transform>
		</animation>
	</shape>
	<shape type="ply" name="temp21">
		<string name="filename" value="meshes/Cube_017.ply" />
		<boolean name="face_normals" value="true" />
		<ref id="mat-Material" name="bsdf" />
		<animation name="to_world">
			<transform time="0">
				<matrix value="0.9647284172566207 0.22340792994912637 0.13830226074310398 0.20894692676968096 -0.2579516583425971 0.7047631215023059 0.6601514537603641 0.07284639322116987 0.05044785090075475 -0.6726556715051217 0.7377338008917778 -0.1894464237954705 0.0 0.0 0.0 1.0" />
			</transform>
			<transform time="0.0015">
				<matrix value="0.9644507824882567 0.22401878400852646 0.13925216760163375 0.20892614248033883 -0.25894434585301934 0.7032070686301646 0.6614247750302464 0.073430785642883 0.05068132005546988 -0.6740831152230694 0.7364163108116382 -0.18955995984785862 0.0 0.0 0.0 1.0" />
			</transform>
		</animation>
	</shape>
	<shape type="ply" name="temp22">
		<string name="filename" value="meshes/Cube_018.ply" />
		<boolean name="face_normals" value="true" />
		<ref id="mat-Material" name="bsdf" />
		<animation name="to_world">
			<transform time="0">
				<matrix value="0.04482744177140456 0.993919670103437 0.10052142900031724 0.8874819747366937 -0.7794753176709626 -0.028115828819226443 0.6251720367017934 0.18970480151754085 0.624208149609859 -0.10630569455366139 0.7734859942858521 -0.38395949782940675 0.0 0.0 0.0 1.0" />
			</transform>
			<transform time="0.0015">
				<matrix value="0.04474841822617957 0.9939023465021801 0.10072796456977584 0.8875834642472635 -0.7782277563688756 -0.028519947812063746 0.6267093495890514 0.18840621596365204 0.6257717061598289 -0.10636078690968245 0.7722166218267519 -0.3840333029153769 0.0 0.0 0.0 1.0" />
			</transform>
		</animation>
	</shape>
	<shape type="ply" name="temp23">
		<string name="filename" value="meshes/Cube_019.ply" />
		<boolean name="face_normals" value="true" />
		<ref id="mat-Material" name="bsdf" />
		<animation name="to_world">
			<transform time="0">
				<matrix value="-0.0746206520255236 0.9911702192009979 -0.10958241474047811 0.4405197499765632 -0.8631944924622403 -0.00916834924482138 0.5047263700409579 -0.09431501505021553 0.4992633331383073 0.1322622298054119 0.8562576917130671 -0.03349422493723608 0.0 0.0 0.0 1.0" />
			</transform>
			<transform time="0.0015">
				<matrix value="-0.07475725139529088 0.9911506503649012 -0.1096663516496662 0.4406339624822678 -0.8629060548466907 -0.00916849499735731 0.5052196735258445 -0.09456022882795123 0.4997416264049861 0.13240883162582637 0.8559561693725248 -0.03337367518719453 0.0 0.0 0.0 1.0" />
			</transform>
		</animation>
	</shape>
	<shape type="ply" name="temp24">
		<string name="filename" value="meshes/Cube_020.ply" />
		<boolean name="face_normals" value="true" />
		<ref id="mat-Material" name="bsdf" />
		<animation name="to_world">
			<transform time="0">
				<matrix value="0.1273885728710974 0.9915134647792361 0.025936385637173667 -0.17796449227243544 -0.9214696260794919 0.12796983924748764 -0.3665447898592974 0.22653878760295637 -0.3667527712261587 0.022795866491601348 0.929951808151587 0.11526570860927726 0.0 0.0 0.0 1.0" />
			</transform>
			<transform time="0.0015">
				<matrix value="0.12741443862619875 0.9915111118735218 0.025899410641062652 -0.177870993144264 -0.9211321765900782 0.12795944278295562 -0.3673967713163781 0.2273525301476671 -0.3675916522748126 0.022956702767717458 0.9296170272919679 0.11547197933262816 0.0 0.0 0.0 1.0" />
			</transform>
		</animation>
	</shape>
	<shape type="ply" name="temp25">
		<string name="filename" value="meshes/Cube_021.ply" />
		<boolean name="face_normals" value="true" />
		<ref id="mat-Material" name="bsdf" />
		<animation name="to_world">
			<transform time="0">
				<matrix value="0.2797599671646925 0.9499056157088834 -0.13895941612244522 -0.2353311490647952 -0.744343577523771 0.12320618743781589 -0.6563229131847604 0.160152124056273 -0.6063583835525603 0.2870541254800041 0.7415112800759869 0.1293763583802799 0.0 0.0 0.0 1.0" />
			</transform>
			<transform time="0.0015">
				<matrix value="0.2799788804003489 0.9497414657637282 -0.13964079874156787 -0.2347336002600769 -0.744412942334282 0.12295322231007522 -0.6562917226858023 0.16009377572516625 -0.6061722299111019 0.28770589687934706 0.7414111896371747 0.1296302636242659 0.0 0.0 0.0 1.0" />
			</transform>
		</animation>
	</shape>
	<shape type="ply" name="temp26">
		<string name="filename" value="meshes/Cube_022.ply" />
		<boolean name="face_normals" value="true" />
		<ref id="mat-Material" name="bsdf" />
		<animation name="to_world">
			<transform time="0">
				<matrix value="0.6890002606258211 0.5809991385477961 -0.4326471880066247 -0.12151771223205318 -0.5516471285949077 0.03374897533076219 -0.8333265172679698 0.022100147412597936 -0.46970712394974 0.812940451334208 0.3436058136230847 0.4524339288015224 0.0 0.0 0.0 1.0" />
			</transform>
			<transform time="0.0015">
				<matrix value="0.689294059772618 0.5798100877076546 -0.4337760542889721 -0.12146243262178419 -0.5522531890660403 0.03348747155239775 -0.8329358998841552 0.021345242022111674 -0.46856435186104745 0.8138011121742796 0.3431317350596569 0.4539133633271722 0.0 0.0 0.0 1.0" />
			</transform>
		</animation>
	</shape>
	<shape type="ply" name="temp27">
		<string name="filename" value="meshes/Cube_023.ply" />
		<boolean name="face_normals" value="true" />
		<ref id="mat-Material" name="bsdf" />
		<animation name="to_world">
			<transform time="0">
				<matrix value="0.8713798275614466 0.373054379952568 -0.3182678983178581 -0.10562482036088111 -0.4145228641536664 0.21344741491334374 -0.8846214672490817 -0.20908193759143961 -0.2621463821767398 0.9028298600609483 0.3405709703697365 0.07923416184600035 0.0 0.0 0.0 1.0" />
			</transform>
			<transform time="0.0015">
				<matrix value="0.871423517658336 0.37228348345121487 -0.3190518478928999 -0.10549527810089401 -0.41492235727225557 0.2130992458210717 -0.8845182790362939 -0.20955444416064473 -0.26136941172724537 0.9032307133259199 0.34010638937706916 0.08023036171035743 0.0 0.0 0.0 1.0" />
			</transform>
		</animation>
	</shape>
	<shape type="ply" name="temp28">
		<string name="filename" value="meshes/Cube_024.ply" />
		<boolean name="face_normals" value="true" />
		<ref id="mat-Material" name="bsdf" />
		<animation name="to_world">
			<transform time="0">
				<matrix value="0.9057248145922092 0.35101882888388747 -0.23738572058733837 -0.1096621618483325 -0.32593827511803514 0.2189675922932358 -0.9196532458733648 -0.45380967326400057 -0.2708847493116464 0.9103577633947475 0.3127092985157683 -0.24899373246536616 0.0 0.0 0.0 1.0" />
			</transform>
			<transform time="0.0015">
				<matrix value="0.9057406757888156 0.35059433682535024 -0.23795291023672832 -0.10969699068050527 -0.3262327875399712 0.21851947645942602 -0.9196555606934786 -0.4540999611096893 -0.27047736070001827 0.9106292265542766 0.31227192516980473 -0.2486632073254848 0.0 0.0 0.0 1.0" />
			</transform>
		</animation>
	</shape>
	<shape type="ply" name="temp29">
		<string name="filename" value="meshes/Cube_025.ply" />
		<boolean name="face_normals" value="true" />
		<ref id="mat-Material" name="bsdf" />
		<animation name="to_world">
			<transform time="0">
				<matrix value="0.8874302559983831 0.4038738233251221 -0.22215201543566948 -0.2833761455167676 -0.32087827799023805 0.19528976498832973 -0.9267646084040432 -0.7915841979140599 -0.33091527533256393 0.8937227667425218 0.3029004288684086 -0.7452538789062777 0.0 0.0 0.0 1.0" />
			</transform>
			<transform time="0.0015">
				<matrix value="0.8874230594192387 0.4038347457261016 -0.22225174503487577 -0.28349969506378847 -0.32090113949564847 0.19510757431841536 -0.9267950840320839 -0.7916213902669493 -0.33091236797841733 0.8937802342416193 0.3027340341520022 -0.745322963211609 0.0 0.0 0.0 1.0" />
			</transform>
		</animation>
	</shape>
	<shape type="ply" name="temp30">
		<string name="filename" value="meshes/Cube_026.ply" />
		<boolean name="face_normals" value="true" />
		<ref id="mat-Material" name="bsdf" />
		<animation name="to_world">
			<transform time="0">
				<matrix value="0.9184648961840479 0.2765477459362609 -0.2826893372940583 -0.3006303494044989 -0.34450664595843816 0.20850644420480452 -0.9153320574289361 -1.1305269178163786 -0.19419682036498254 0.9380981930362122 0.2867685751176894 -0.8569411854470177 0.0 0.0 0.0 1.0" />
			</transform>
			<transform time="0.0015">
				<matrix value="0.9184638430261243 0.276264163014084 -0.2829701964609388 -0.3008843731745373 -0.34468700723131707 0.20844297464481204 -0.9152786378485922 -1.1307662536093888 -0.193881862318085 0.9381958945429101 0.28666224657908557 -0.8567698731690261 0.0 0.0 0.0 1.0" />
			</transform>
		</animation>
	</shape>
	<shape type="ply" name="temp31">
		<string name="filename" value="meshes/Cube_027.ply" />
		<boolean name="face_normals" value="true" />
		<ref id="mat-Material" name="bsdf" />
		<animation name="to_world">
			<transform time="0">
				<matrix value="0.8732904187210897 0.24686143551727807 -0.419932783351717 -0.5197609868998537 -0.47088614552140234 0.20691754463177614 -0.8575721679484809 -1.5611641072891496 -0.12478895070626052 0.9466608819351596 0.29697163397870835 -1.0087705536090195 0.0 0.0 0.0 1.0" />
			</transform>
			<transform time="0.0015">
				<matrix value="0.8734997577938046 0.24625667137578838 -0.4198529646096356 -0.5192313696761142 -0.47061101599234123 0.2068382089958862 -0.8577423838201486 -1.5608821422220074 -0.12436216803190056 0.9468359351612099 0.2965929736620251 -1.0087953200882849 0.0 0.0 0.0 1.0" />
			</transform>
		</animation>
	</shape>
	<shape type="ply" name="temp32">
		<string name="filename" value="meshes/Cube_028.ply" />
		<boolean name="face_normals" value="true" />
		<ref id="mat-Material" name="bsdf" />
		<animation name="to_world">
			<transform time="0">
				<matrix value="-0.11898588188154113 0.9807400771343886 0.15488362021482663 -1.482436037015464 -0.7940357908398002 -0.0003590493155313784 -0.6077517102020187 -2.1198295462950103 -0.5959905288222018 -0.19531450305888537 0.778784322829028 -1.325093420736831 0.0 0.0 0.0 1.0" />
			</transform>
			<transform time="0.0015">
				<matrix value="-0.11891630005667025 0.9807355791555621 0.15496559208002852 -1.4821960973170776 -0.794560981547954 -0.00042400576164645476 -0.6070655107145713 -2.119889750127093 -0.5953046996168285 -0.19533699820942066 0.7793035233639363 -1.3232560004408387 0.0 0.0 0.0 1.0" />
			</transform>
		</animation>
	</shape>
	<shape type="ply" name="temp33">
		<string name="filename" value="meshes/Cube_029.ply" />
		<boolean name="face_normals" value="true" />
		<ref id="mat-Material" name="bsdf" />
		<animation name="to_world">
			<transform time="0">
				<matrix value="0.0023311898189271084 0.9881179042307107 0.153661503635051 -1.6625739264317478 -0.9997344985257798 -0.001016063267719738 0.021754729443180253 -1.8605295482788131 0.02165485650509639 -0.15368715101277997 0.9878553080916703 -0.1306010628132659 0.0 0.0 0.0 1.0" />
			</transform>
			<transform time="0.0015">
				<matrix value="0.0021809876699358725 0.9881050260442541 0.15374656135971326 -1.6627469911850528 -0.9997461151768154 -0.0010863617808148226 0.02121760437105347 -1.8615451167433972 0.021134721752822647 -0.15376945201067088 0.9878539038809395 -0.13171494098047298 0.0 0.0 0.0 1.0" />
			</transform>
		</animation>
	</shape>
	<shape type="ply" name="temp34">
		<string name="filename" value="meshes/Cube_030.ply" />
		<boolean name="face_normals" value="true" />
		<ref id="mat-Material" name="bsdf" />
		<animation name="to_world">
			<transform time="0">
				<matrix value="-0.042780448439032906 0.9821448056243367 -0.18319261227503753 -3.2045485789450487 -0.9695183814740477 0.0034425938803112626 0.24486509302021334 -1.864374740998319 0.24112354973492905 0.18809478513149086 0.9520602308115126 0.3154451392157551 0.0 0.0 0.0 1.0" />
			</transform>
			<transform time="0.0015">
				<matrix value="-0.04287510106635547 0.9821449686084205 -0.18316964515272705 -3.2047395795873825 -0.9693782863840905 0.003452959822117756 0.24541958898485583 -1.863114493684468 0.24167000504327812 0.18809375503804204 0.9519220357510843 0.3165052852437973 0.0 0.0 0.0 1.0" />
			</transform>
		</animation>
	</shape>
	<shape type="ply" name="temp35">
		<string name="filename" value="meshes/Cube_031.ply" />
		<boolean name="face_normals" value="true" />
		<ref id="mat-Material" name="bsdf" />
		<animation name="to_world">
			<transform time="0">
				<matrix value="0.10105936861178633 0.988315120467729 0.1140887716473114 -2.043859787338984 -0.744756456694449 -0.0008491530443887758 0.6672002897261171 -1.0416582761463145 0.6595018944128561 -0.1524169991844363 0.7359662730054026 0.678749467484145 0.0 0.0 0.0 1.0" />
			</transform>
			<transform time="0.0015">
				<matrix value="0.10102997433586222 0.9883016790952757 0.11423124627219766 -2.0437360981875576 -0.745402680779121 -0.0008181535600297596 0.6664789849704016 -1.0445077405682224 0.6587766356131024 -0.1525043283069053 0.7365980997512829 0.6776670951025595 0.0 0.0 0.0 1.0" />
			</transform>
		</animation>
	</shape>
	<shape type="ply" name="temp36">
		<string name="filename" value="meshes/Cube_032.ply" />
		<boolean name="face_normals" value="true" />
		<ref id="mat-Material" name="bsdf" />
		<animation name="to_world">
			<transform time="0">
				<matrix value="0.7798702455733503 0.5752307461260724 0.24679176077170784 -0.5334921639767793 -0.2803541984692222 -0.0315130584056251 0.9593767626226832 0.30202952314296677 0.5596407618784207 -0.8173826662467174 0.13669513890826018 -0.21031911359567879 0.0 0.0 0.0 1.0" />
			</transform>
			<transform time="0.0015">
				<matrix value="0.7797755092310446 0.5753028864976693 0.24692293958506142 -0.5336752169254357 -0.28049754443247554 -0.03156106212723506 0.9593333001729754 0.3015978303394048 0.559700951449446 -0.8173300496563376 0.13676337078422113 -0.21014633833728424 0.0 0.0 0.0 1.0" />
			</transform>
		</animation>
	</shape>
	<shape type="ply" name="temp37">
		<string name="filename" value="meshes/Cube_033.ply" />
		<boolean name="face_normals" value="true" />
		<ref id="mat-Material" name="bsdf" />
		<animation name="to_world">
			<transform time="0">
				<matrix value="0.978523856127455 0.15862257338509 0.13163421037576928 -0.12974026196287025 -0.14891753852209202 0.1024811283563784 0.9835178083694349 0.30390488946996247 0.14252393945679906 -0.9819997163256666 0.12390350389886819 -0.39328151183412524 0.0 0.0 0.0 1.0" />
			</transform>
			<transform time="0.0015">
				<matrix value="0.9785450628983702 0.15858752969963483 0.13151879957236648 -0.1297658304863846 -0.14883437893847634 0.10273803428426624 0.9835036300962385 0.30415269097564096 0.14246523388102966 -0.9819785630596325 0.12413865643198208 -0.39331099735105945 0.0 0.0 0.0 1.0" />
			</transform>
		</animation>
	</shape>
	<shape type="ply" name="temp38">
		<string name="filename" value="meshes/Cube_034.ply" />
		<boolean name="face_normals" value="true" />
		<ref id="mat-Material" name="bsdf" />
		<animation name="to_world">
			<transform time="0">
				<matrix value="0.9999217679295495 0.004766047936790684 0.011574612748989292 -0.035753041183052225 -0.012247649491956945 0.1815577684007651 0.9833039887929702 0.3694274767451814 0.0025850114444875864 -0.9833686535689778 0.18160195423291842 -0.34052403899456785 0.0 0.0 0.0 1.0" />
			</transform>
			<transform time="0.0015">
				<matrix value="0.9999217519726111 0.00476914876379674 0.011573742138336243 -0.035756557101318684 -0.012247380777117055 0.1815669896328168 0.9833022952297252 0.3694278893795606 0.0025881037395482955 -0.9833669339744013 0.18161121096026273 -0.3405192848126197 0.0 0.0 0.0 1.0" />
			</transform>
		</animation>
	</shape>
	<shape type="ply" name="temp39">
		<string name="filename" value="meshes/Cube_035.ply" />
		<boolean name="face_normals" value="true" />
		<ref id="mat-Material" name="bsdf" />
		<animation name="to_world">
			<transform time="0">
				<matrix value="0.9990813826288458 -0.042794505061292426 0.0023439105272041382 0.00950306594580752 0.0068005055609039996 0.21228622740252345 0.9771840682785361 0.0920716956016142 -0.04231567593395352 -0.9762699119566646 0.21238215101784738 -0.13395609142920914 0.0 0.0 0.0 1.0" />
			</transform>
			<transform time="0.0015">
				<matrix value="0.9990817177245488 -0.042786709065269546 0.0023424265743246476 0.009501894610193535 0.006800223601805374 0.21228451531709364 0.9771844427347309 0.09207110478270805 -0.042307754750243905 -0.9762706253255936 0.21238044894423438 -0.13393324233297046 0.0 0.0 0.0 1.0" />
			</transform>
		</animation>
	</shape>
	<shape type="ply" name="temp40">
		<string name="filename" value="meshes/Cube_036.ply" />
		<boolean name="face_normals" value="true" />
		<ref id="mat-Material" name="bsdf" />
		<animation name="to_world">
			<transform time="0">
				<matrix value="0.9997650821680523 -0.021547829369888388 0.0024211444276183505 0.005422930846208818 0.002234041987351669 0.21342655650646714 0.976956655970566 -0.2509012237655512 -0.02156802998792611 -0.9767213921735086 0.21342451258828773 0.2462113189283111 0.0 0.0 0.0 1.0" />
			</transform>
			<transform time="0.0015">
				<matrix value="0.9997646992015345 -0.021565338447066724 0.0024255488835067006 0.005421718158441688 0.002233431474894769 0.21342451401858598 0.9769570985097054 -0.25090346765643534 -0.02158608031688903 -0.9767214522466816 0.21342241903774375 0.24616165181408634 0.0 0.0 0.0 1.0" />
			</transform>
		</animation>
	</shape>
	<shape type="ply" name="temp41">
		<string name="filename" value="meshes/Cube_037.ply" />
		<boolean name="face_normals" value="true" />
		<ref id="mat-Material" name="bsdf" />
		<animation name="to_world">
			<transform time="0">
				<matrix value="0.9989973884228946 -0.04468591410925216 0.002789654016522142 -0.0016182734411327448 0.006831062608704902 0.21369969734451622 0.976875572372194 -0.56900082654355 -0.044248746070666825 -0.975876835279075 0.2137906416762131 0.5070202112447888 0.0 0.0 0.0 1.0" />
			</transform>
			<transform time="0.0015">
				<matrix value="0.998997005456377 -0.044694586422685825 0.002791502468465856 -0.0016202053967149773 0.006830844796497984 0.21369377262783154 0.9768768659481399 -0.5690019553083345 -0.04425765482928386 -0.9758777363766696 0.21378468952478846 0.507020173810078 0.0 0.0 0.0 1.0" />
			</transform>
		</animation>
	</shape>
	<shape type="ply" name="temp42">
		<string name="filename" value="meshes/Cube_038.ply" />
		<boolean name="face_normals" value="true" />
		<ref id="mat-Material" name="bsdf" />
		<animation name="to_world">
			<transform time="0">
				<matrix value="0.9993085437399274 -0.03707671513465145 0.0028086247417972 0.003734199289899376 0.0051844792004638075 0.21373463517603455 0.9768780545231646 -0.9040654046796384 -0.03681973114762237 -0.9761878341256052 0.21377911740384975 0.8505724234484269 0.0 0.0 0.0 1.0" />
			</transform>
			<transform time="0.0015">
				<matrix value="0.9993083203427919 -0.03708230344156749 0.00281382542772171 0.003732857734561829 0.005180362789107128 0.2137285828038573 0.9768793906509508 -0.9040778187925247 -0.03682633444780309 -0.9761889454793052 0.21377290228205187 0.8505901655338288 0.0 0.0 0.0 1.0" />
			</transform>
		</animation>
	</shape>
	<shape type="ply" name="temp43">
		<string name="filename" value="meshes/Cube_039.ply" />
		<boolean name="face_normals" value="true" />
		<ref id="mat-Material" name="bsdf" />
		<animation name="to_world">
			<transform time="0">
