<scene version="2.1.0">
	<default name="spp" value="1024" />
	<default name="resx" value="640" />
	<default name="resy" value="360" />
	<integrator type="path" name="temp0">
		<integer name="max_depth" value="12" />
	</integrator>
	<sensor type="perspective" name="temp44">
		<string name="fov_axis" value="x" />
		<float name="fov" value="83.974423" />
		<float name="principal_point_offset_x" value="0.000000" />
		<float name="principal_point_offset_y" value="-0.000000" />
		<float name="near_clip" value="0.100000" />
		<float name="far_clip" value="1000.000000" />
		<transform name="to_world">
			<rotate x="1" angle="-142.5518126578256" />
			<rotate y="1" angle="3.976628485794621e-06" />
			<rotate z="1" angle="-179.999991348578" />
			<translate value="-0.000000 3.030926 4.073377" />
		</transform>
		<sampler type="correlated" name="sampler">
			<integer name="sample_count" value="1024" />
		</sampler>
		<film type="hdrfilm" name="film">
			<integer name="width" value="$resx" />
			<integer name="height" value="$resy" />
		</film>
		<float name="shutter_open" value="0.0" />
		<float name="shutter_close" value="0.0015" />
	</sensor>
	<bsdf type="twosided" id="mat-Material" name="mat-Material">
		<bsdf type="diffuse" name="bsdf">
			<texture type="bitmap" name="reflectance">
				<string name="filename" value="textures/siggraph_2023_logo.jpg" />
			</texture>
		</bsdf>
	</bsdf>
	<bsdf type="twosided" id="mat-Material.001" name="mat-Material.001">
		<bsdf type="principled" name="bsdf">
			<rgb value="0.433648 0.266232 0.084399" name="base_color" />
			<float name="spec_tint" value="0.000000" />
			<float name="spec_trans" value="0.000000" />
			<float name="metallic" value="0.000000" />
			<float name="anisotropic" value="0.000000" />
			<float name="roughness" value="0.500000" />
			<float name="sheen" value="0.000000" />
			<float name="sheen_tint" value="0.500000" />
			<float name="clearcoat" value="0.000000" />
			<float name="clearcoat_gloss" value="0.173205" />
			<float name="specular" value="0.500000" />
		</bsdf>
	</bsdf>
	<bsdf type="twosided" id="mat-Material.002" name="mat-Material.002">
		<bsdf type="principled" name="bsdf">
			<rgb value="0.433648 0.266232 0.084399" name="base_color" />
			<float name="spec_tint" value="0.000000" />
			<float name="spec_trans" value="0.000000" />
			<float name="metallic" value="0.000000" />
			<float name="anisotropic" value="0.000000" />
			<float name="roughness" value="0.500000" />
			<float name="sheen" value="0.000000" />
			<float name="sheen_tint" value="0.500000" />
			<float name="clearcoat" value="0.000000" />
			<float name="clearcoat_gloss" value="0.173205" />
			<float name="specular" value="0.500000" />
		</bsdf>
	</bsdf>
	<bsdf type="twosided" id="mat-Material.003" name="mat-Material.003">
		<bsdf type="principled" name="bsdf">
			<rgb value="0.433648 0.266232 0.084399" name="base_color" />
			<float name="spec_tint" value="0.000000" />
			<float name="spec_trans" value="0.000000" />
			<float name="metallic" value="0.000000" />
			<float name="anisotropic" value="0.000000" />
			<float name="roughness" value="0.500000" />
			<float name="sheen" value="0.000000" />
			<float name="sheen_tint" value="0.500000" />
			<float name="clearcoat" value="0.000000" />
			<float name="clearcoat_gloss" value="0.173205" />
			<float name="specular" value="0.500000" />
		</bsdf>
	</bsdf>
	<bsdf type="twosided" id="mat-Material.004" name="mat-Material.004">
		<bsdf type="principled" name="bsdf">
			<rgb value="0.433648 0.266232 0.084399" name="base_color" />
			<float name="spec_tint" value="0.000000" />
			<float name="spec_trans" value="0.000000" />
			<float name="metallic" value="0.000000" />
			<float name="anisotropic" value="0.000000" />
			<float name="roughness" value="0.500000" />
			<float name="sheen" value="0.000000" />
			<float name="sheen_tint" value="0.500000" />
			<float name="clearcoat" value="0.000000" />
			<float name="clearcoat_gloss" value="0.173205" />
			<float name="specular" value="0.500000" />
		</bsdf>
	</bsdf>
	<bsdf type="twosided" id="mat-Material.005" name="mat-Material.005">
		<bsdf type="principled" name="bsdf">
			<rgb value="0.433648 0.266232 0.084399" name="base_color" />
			<float name="spec_tint" value="0.000000" />
			<float name="spec_trans" value="0.000000" />
			<float name="metallic" value="0.000000" />
			<float name="anisotropic" value="0.000000" />
			<float name="roughness" value="0.500000" />
			<float name="sheen" value="0.000000" />
			<float name="sheen_tint" value="0.500000" />
			<float name="clearcoat" value="0.000000" />
			<float name="clearcoat_gloss" value="0.173205" />
			<float name="specular" value="0.500000" />
		</bsdf>
	</bsdf>
	<emitter type="point" name="temp45">
		<point name="position" x="-6.815235034541981e-16" y="3.0693089962005615" z="4.109199523925781" />
		<rgb value="7.957747 7.957747 7.957747" name="intensity" />
	</emitter>
	<shape type="ply" name="temp2">
		<string name="filename" value="meshes/Cube.ply" />
		<boolean name="face_normals" value="true" />
		<ref id="mat-Material" name="bsdf" />
		<animation name="to_world">
			<transform time="0">
				<matrix value="0.9999995567588077 0.000170568787897118 0.0009162777569487226 -0.0016973596024496551 -0.00016879289466639006 0.9999981227433812 -0.001937959463874302 -0.014804261124250817 -0.0009166050561409295 0.0019378044023753555 0.9999978724420252 0.0020655888138703116 0.0 0.0 0.0 1.0" />
				<scale value="1" />
			</transform>
			<transform time="0.0015">
				<matrix value="0.9999995567588077 0.00017020545032866971 0.000916595534092269 -0.001698034820502552 -0.00016848452683498392 0.9999981903257008 -0.0018778828183189506 -0.014885284017326634 -0.0009169127059101151 0.0018777280004669337 0.9999979320146016 0.002070234950022723 0.0 0.0 0.0 1.0" />
				<scale value="1" />
			</transform>
		</animation>
	</shape>
	<shape type="ply" name="temp4">
		<string name="filename" value="meshes/Plane.ply" />
		<boolean name="face_normals" value="true" />
		<ref id="mat-Material.001" name="bsdf" />
		<transform name="to_world">
			<scale value="1" />
		</transform>
	</shape>
	<shape type="ply" name="temp5">
		<string name="filename" value="meshes/Cube_001.ply" />
		<boolean name="face_normals" value="true" />
		<ref id="mat-Material" name="bsdf" />
		<animation name="to_world">
			<transform time="0">
				<matrix value="1.0 0.00021946798547420546 -0.0006930874695818309 0.0012999009317127275 -0.00022213342623668726 0.9999924909735245 -0.003849225167025121 -0.013274680210523915 0.0006922363645711997 0.0038493710147406365 0.999992435349423 -0.001494419922564938 0.0 0.0 0.0 1.0" />
				<scale value="1" />
			</transform>
			<transform time="0.0015">
				<matrix value="1.0 0.0002092918152465757 -0.0006935466039389366 0.0013010317752342891 -0.00021184989760595708 0.9999927537936563 -0.0036944964631620996 -0.013459193732756197 0.0006927251255893612 0.003694635436888262 0.999992699170833 -0.0014867647349724425 0.0 0.0 0.0 1.0" />
				<scale value="1" />
			</transform>
		</animation>
	</shape>
	<shape type="ply" name="temp6">
		<string name="filename" value="meshes/Cube_002.ply" />
		<boolean name="face_normals" value="true" />
		<ref id="mat-Material" name="bsdf" />
		<animation name="to_world">
			<transform time="0">
				<matrix value="1.0 -0.00012714930239058201 0.00023672392003975225 -0.0007546203007127161 0.0001274566643086235 0.9999991656637249 -0.0012991909133417269 -0.017160256841017907 -0.00023655782435947216 0.001299220104166884 0.9999992908140084 0.00020810005322602354 0.0 0.0 0.0 1.0" />
				<scale value="1" />
			</transform>
			<transform time="0.0015">
				<matrix value="1.0 -0.0001243823395524829 0.00023693267936838623 -0.0007563307908417148 0.0001247101720564218 0.9999989629167662 -0.0013824645244428374 -0.01709686347001583 -0.00023676599857569593 0.0013824933112709494 0.9999990865651749 0.000213235073836192 0.0 0.0 0.0 1.0" />
				<scale value="1" />
			</transform>
		</animation>
	</shape>
	<shape type="ply" name="temp7">
		<string name="filename" value="meshes/Cube_003.ply" />
		<boolean name="face_normals" value="true" />
		<ref id="mat-Material" name="bsdf" />
		<animation name="to_world">
			<transform time="0">
				<matrix value="1.0 -0.00043739662052091785 0.0006011698732117284 -0.0008702856732134556 0.0004398849700457602 0.9999912394691118 -0.004144790248787174 -0.017377729610432435 -0.0005993507403014394 0.004145045189738498 0.9999912533727704 0.001471255898132462 0.0 0.0 0.0 1.0" />
				<scale value="1" />
			</transform>
			<transform time="0.0015">
				<matrix value="1.0 -0.0004171838976287997 0.0006012115740152468 -0.0008725554322684773 0.00041956728781504846 0.9999915473441233 -0.003970040648740244 -0.01738811664239739 -0.0005994547795387365 0.003970283694034519 0.9999915512356526 0.0014802503891575946 0.0 0.0 0.0 1.0" />
				<scale value="1" />
			</transform>
		</animation>
	</shape>
	<shape type="ply" name="temp8">
		<string name="filename" value="meshes/Cube_004.ply" />
		<boolean name="face_normals" value="true" />
		<ref id="mat-Material" name="bsdf" />
		<animation name="to_world">
			<transform time="0">
				<matrix value="1.0 -0.00021608266603813335 0.0004483993908565123 -0.0005243899621421022 0.00021660443560326013 0.9999991656637249 -0.0011624716739295192 -0.018343591986630492 -0.0004481478723536285 0.0011625683373555297 0.9999992908140084 0.0014860487552856814 0.0 0.0 0.0 1.0" />
				<scale value="1" />
			</transform>
			<transform time="0.0015">
				<matrix value="1.0 -0.00019472304865500922 0.00044880363333959887 -0.0005250412142761162 0.00019521526092695492 0.9999991806820181 -0.001097201916677236 -0.018289022094804055 -0.0004485523807379052 0.0010972888477527784 0.9999993078347446 0.0014889675623055122 0.0 0.0 0.0 1.0" />
				<scale value="1" />
			</transform>
		</animation>
	</shape>
	<shape type="ply" name="temp9">
		<string name="filename" value="meshes/Cube_005.ply" />
		<boolean name="face_normals" value="true" />
		<ref id="mat-Material" name="bsdf" />
		<animation name="to_world">
			<transform time="0">
				<matrix value="1.0 0.0004353921276200766 0.0005616185704607014 -0.0004977824627672156 -0.0004378411849078147 0.9999904051328369 0.00436801835940695 -0.014937217691876448 -0.0005597116804691974 -0.004368257259247053 0.9999903077914484 0.0014944040405674985 0.0 0.0 0.0 1.0" />
				<scale value="1" />
			</transform>
			<transform time="0.0015">
				<matrix value="1.0 0.00043047130874726504 0.0005616872491309859 -0.000497141938984224 -0.0004328918213752274 0.9999905928615024 0.004316643820509083 -0.014969578476884644 -0.0005598173154003182 -0.0043168799784257285 0.9999904950195458 0.0014890820463627566 0.0 0.0 0.0 1.0" />
				<scale value="1" />
			</transform>
		</animation>
	</shape>
	<shape type="ply" name="temp10">
		<string name="filename" value="meshes/Cube_006.ply" />
		<boolean name="face_normals" value="true" />
		<ref id="mat-Material" name="bsdf" />
		<animation name="to_world">
			<transform time="0">
				<matrix value="1.0 0.0002281555119383092 -0.0006008483755622072 -0.0008146760474558867 -0.00022839021890796006 0.9999997914159312 -0.00039191272662629354 -0.01747174963495829 0.0006007558148812025 0.0003920483581305027 0.9999997636046695 -0.0013710211021005225 0.0 0.0 0.0 1.0" />
				<scale value="1" />
			</transform>
			<transform time="0.0015">
				<matrix value="1.0 0.00021083408833405597 -0.00060123772490118 -0.0008140730051828468 -0.0002110189214947294 0.9999997313427582 -0.00031002358220199406 -0.017459607155075663 0.0006011312816378901 0.0003101487241265193 0.999999704032093 -0.0013707600362885919 0.0 0.0 0.0 1.0" />
				<scale value="1" />
			</transform>
		</animation>
	</shape>
	<shape type="ply" name="temp11">
		<string name="filename" value="meshes/Cube_007.ply" />
		<boolean name="face_normals" value="true" />
		<ref id="mat-Material" name="bsdf" />
		<animation name="to_world">
			<transform time="0">
				<matrix value="0.9999995567588077 -0.001180888276115247 -3.8150187626973846e-05 0.0005337091232546776 0.001181002859792173 0.9999943682301434 0.0031292122692958874 -0.017391463049776623 3.44546892258704e-05 -0.003129251204051537 0.9999952720933893 0.00013644635885934342 0.0 0.0 0.0 1.0" />
				<scale value="1" />
			</transform>
			<transform time="0.0015">
				<matrix value="0.9999995088879929 -0.0012115885960728458 -3.842622141516148e-05 0.0005336792116721466 0.0012117067216372858 0.9999940077911056 0.003204440518843088 -0.017389000320847305 3.4481653260101196e-05 -0.0032044809887515307 0.9999949572097709 0.0001364897237243312 0.0 0.0 0.0 1.0" />
				<scale value="1" />
			</transform>
		</animation>
	</shape>
	<shape type="ply" name="temp12">
		<string name="filename" value="meshes/Cube_008.ply" />
		<boolean name="face_normals" value="true" />
		<ref id="mat-Material" name="bsdf" />
		<animation name="to_world">
			<transform time="0">
				<matrix value="0.9999995567588077 -0.0010129655857144943 0.00015159086965586986 0.00029511328630649203 0.0010127883948818053 0.9999987484955875 0.0011626040553146162 -0.018494439826489184 -0.0001527683958392063 -0.0011624515302770205 0.9999992908140084 0.00040648072006232994 0.0 0.0 0.0 1.0" />
				<scale value="1" />
			</transform>
			<transform time="0.0015">
				<matrix value="0.9999995727157459 -0.000957881264480326 0.00015169656842723694 0.00029470152106617753 0.0009577155756711788 0.9999987710230274 0.001088060720189285 -0.018464889065032353 -0.00015284859541077924 -0.001087916566913953 0.9999992993243765 0.0004044982391888072 0.0 0.0 0.0 1.0" />
				<scale value="1" />
			</transform>
		</animation>
	</shape>
	<shape type="ply" name="temp13">
		<string name="filename" value="meshes/Cube_009.ply" />
		<boolean name="face_normals" value="true" />
		<ref id="mat-Material" name="bsdf" />
		<animation name="to_world">
			<transform time="0">
				<matrix value="0.9999986702764229 -0.0016850568287295354 0.0005220578118964532 0.0011314680977312364 0.00168466225907625 0.99999833132745 0.0007547842868969377 -0.02015021990704763 -0.0005233260109888357 -0.0007539041723071276 0.9999995272093389 0.0008874298018692883 0.0 0.0 0.0 1.0" />
				<scale value="1" />
			</transform>
			<transform time="0.0015">
				<matrix value="0.9999986862333612 -0.0016747921256632333 0.0005225776251778623 0.0011302256302825938 0.0016743970011397998 0.9999983463457432 0.0007551430840145574 -0.02012830395159653 -0.0005238387074143508 -0.0007542676150036286 0.9999995272093389 0.0008880621329831492 0.0 0.0 0.0 1.0" />
				<scale value="1" />
			</transform>
		</animation>
	</shape>
	<shape type="ply" name="temp14">
		<string name="filename" value="meshes/Cube_010.ply" />
		<boolean name="face_normals" value="true" />
		<ref id="mat-Material" name="bsdf" />
		<animation name="to_world">
			<transform time="0">
				<matrix value="0.9999951243468841 3.9118899176718686e-05 0.003135854978083789 0.006068184316515568 -3.968484664741227e-05 1.0 0.00018042849963193245 -0.017416381577503193 -0.0031358427876679662 -0.0001805520385963961 0.9999952720933893 0.005172244087040978 0.0 0.0 0.0 1.0" />
				<scale value="1" />
			</transform>
			<transform time="0.0015">
				<matrix value="0.9999951243468841 4.789517674535668e-05 0.0031381638409398185 0.006070835581999352 -4.846091853592822e-05 1.0 0.0001802209743066679 -0.01740137400569395 -0.00313815032050624 -0.00018037269013847812 0.9999952635830213 0.005175573017824571 0.0 0.0 0.0 1.0" />
				<scale value="1" />
			</transform>
		</animation>
	</shape>
	<shape type="ply" name="temp15">
		<string name="filename" value="meshes/Cube_011.ply" />
		<boolean name="face_normals" value="true" />
		<ref id="mat-Material" name="bsdf" />
		<animation name="to_world">
			<transform time="0">
				<matrix value="0.9999986702764229 0.0016672979811147984 -0.0005248023616839101 -0.0010680493111758782 -0.0016669148817343852 0.99999833132745 0.0007296578272148706 -0.014221191337600969 0.0005260164850264261 -0.000728782307064951 0.9999995272093389 -0.0007760468135364906 0.0 0.0 0.0 1.0" />
				<scale value="1" />
			</transform>
			<transform time="0.0015">
				<matrix value="0.9999987181472376 0.0016047300368480764 -0.0005249978448383627 -0.0010651449731357999 -0.0016043563436585965 0.999998391400623 0.0007116726025617375 -0.014340914316172366 0.000526167756800901 -0.0007108299649615239 0.9999995442300751 -0.0007778110981302679 0.0 0.0 0.0 1.0" />
				<scale value="1" />
			</transform>
		</animation>
	</shape>
	<shape type="ply" name="temp16">
		<string name="filename" value="meshes/Cube_012.ply" />
		<boolean name="face_normals" value="true" />
		<ref id="mat-Material" name="bsdf" />
		<animation name="to_world">
			<transform time="0">
				<matrix value="0.9999986702764229 -0.0016751365704190248 -0.0001661594410857921 -0.0004043091756213979 0.001674804574958291 0.999996454070831 -0.0019855671194898023 -0.022414092135982833 0.0001694847941676551 0.001985284393948559 0.9999981088373558 -0.0002909887679005685 0.0 0.0 0.0 1.0" />
				<scale value="1" />
			</transform>
			<transform time="0.0015">
				<matrix value="0.9999986224056082 -0.0017033334910758074 -0.00016608374987222218 -0.00040354962654449734 0.0017029964955863296 0.9999963264153385 -0.002015833817994502 -0.022489632718266716 0.00016953949455192731 0.002015546705383701 0.9999980407544113 -0.0002916431218106547 0.0 0.0 0.0 1.0" />
				<scale value="1" />
			</transform>
		</animation>
	</shape>
	<shape type="ply" name="temp17">
		<string name="filename" value="meshes/Cube_013.ply" />
		<boolean name="face_normals" value="true" />
		<ref id="mat-Material" name="bsdf" />
		<animation name="to_world">
			<transform time="0">
				<matrix value="0.9999982270352306 -0.0018389584980278378 0.00024064571857325016 -0.00015280224449765178 0.0018400847831752734 0.9999868592036677 -0.0047696303864449025 -0.024811377667170953 -0.00023187054875032577 0.0047700736093178675 0.9999886530241345 -6.882144594766437e-05 0.0 0.0 0.0 1.0" />
				<scale value="1" />
			</transform>
			<transform time="0.0015">
				<matrix value="0.9999982589491071 -0.0018224747948207263 0.00024064171870025964 -0.00015423807084761793 0.0018235912131066394 0.9999870694597731 -0.004726613880023653 -0.024747070676559343 -0.00023200465085925913 0.004727053182680615 0.9999888317418639 -6.576289302256e-05 0.0 0.0 0.0 1.0" />
				<scale value="1" />
			</transform>
		</animation>
	</shape>
	<shape type="ply" name="temp18">
		<string name="filename" value="meshes/Cube_014.ply" />
		<boolean name="face_normals" value="true" />
		<ref id="mat-Material" name="bsdf" />
		<animation name="to_world">
			<transform time="0">
				<matrix value="0.9999995567588077 0.0012381174870625734 -5.184480551992553e-05 -0.0002764881513740436 -0.001237808651004296 0.9999835218585675 0.005591175078636906 -0.011909987653213938 5.8766247005905746e-05 -0.005591108478316643 0.999984397908185 0.00010845003661630326 0.0 0.0 0.0 1.0" />
				<scale value="1" />
			</transform>
			<transform time="0.0015">
				<matrix value="0.9999995567588077 0.0012302612676837862 -5.197121001679468e-05 -0.00027608593206611474 -0.0012299540077271229 0.9999837170963798 0.005555386427813245 -0.011947443117456618 5.881225085883946e-05 -0.005555320185882429 0.9999845851362825 0.00010474403076606431 0.0 0.0 0.0 1.0" />
				<scale value="1" />
			</transform>
		</animation>
	</shape>
	<shape type="ply" name="temp19">
		<string name="filename" value="meshes/Cube_015.ply" />
		<boolean name="face_normals" value="true" />
		<ref id="mat-Material" name="bsdf" />
		<animation name="to_world">
			<transform time="0">
				<matrix value="1.0 -0.00020817732983190212 -8.045100446739896e-05 0.00024996146431521815 0.00020817709081302847 1.0 -3.003828185982608e-06 -0.01798087852745156 8.045182234183824e-05 2.987090731984073e-06 1.0 -0.00014506530265806505 0.0 0.0 0.0 1.0" />
				<scale value="1" />
			</transform>
			<transform time="0.0015">
				<matrix value="1.0 -0.00020813554894009775 -8.051433862653855e-05 0.0002495861962071293 0.00020813545916117135 1.0 -1.2133761027053229e-06 -0.017979961671059936 8.051478842011657e-05 1.196633840722229e-06 1.0 -0.00014383679258368537 0.0 0.0 0.0 1.0" />
				<scale value="1" />
			</transform>
		</animation>
	</shape>
	<shape type="ply" name="temp20">
		<string name="filename" value="meshes/Cube_016.ply" />
		<boolean name="face_normals" value="true" />
		<ref id="mat-Material" name="bsdf" />
		<animation name="to_world">
			<transform time="0">
				<matrix value="0.9999995567588077 -0.0011544648462839706 0.0003793081276024171 0.0007373202635122533 0.001156074975134169 0.9999901965487681 -0.004278353610536802 -0.01915538962643032 -0.00037436638671552955 0.00427879346631263 0.9999907805821093 0.00041521915264478015 0.0 0.0 0.0 1.0" />
				<scale value="1" />
			</transform>
			<transform time="0.0015">
				<matrix value="0.9999995408018695 -0.001163431368082275 0.000379460037672377 0.0007370201460518295 0.0011650560186814048 0.9999900088201025 -0.004315141378571292 -0.019165995810768856 -0.0003744281560234402 0.0043155844550952695 0.999990610374748 0.0004171151842893603 0.0 0.0 0.0 1.0" />
				<scale value="1" />
			</transform>
		</animation>
	</shape>
	<shape type="ply" name="temp21">
		<string name="filename" value="meshes/Cube_017.ply" />
		<boolean name="face_normals" value="true" />
		<ref id="mat-Material" name="bsdf" />
		<animation name="to_world">
			<transform time="0">
				<matrix value="1.0 0.0006311190743873364 0.0004558292960950801 0.00032332043437999225 -0.0006318491845248544 0.9999985399115188 0.0016020511550039454 -0.017655110720473877 -0.00045481865229856017 -0.0016023386445790043 0.9999985816280168 0.00017409096594397933 0.0 0.0 0.0 1.0" />
				<scale value="1" />
			</transform>
			<transform time="0.0015">
				<matrix value="1.0 0.000595929861670619 0.0004561192443350539 0.0003247914666064291 -0.0005966318069581261 0.9999985924755451 0.001540254002378369 -0.017667261360542592 -0.00045514353556104037 -0.001540525362038639 0.9999986326902252 0.00017237555311372282 0.0 0.0 0.0 1.0" />
				<scale value="1" />
			</transform>
		</animation>
	</shape>
	<shape type="ply" name="temp22">
		<string name="filename" value="meshes/Cube_018.ply" />
		<boolean name="face_normals" value="true" />
		<ref id="mat-Material" name="bsdf" />
		<animation name="to_world">
			<transform time="0">
				<matrix value="0.9999933513821148 0.003721463092091952 -4.465507793717652e-05 0.00042567393352199723 -0.0037212004035267815 0.9999808102656735 0.004929575467081714 -0.01787994578702723 6.299964363408135e-05 -0.004929381777678585 0.9999879438381429 9.261971631885357e-05 0.0 0.0 0.0 1.0" />
				<scale value="1" />
			</transform>
			<transform time="0.0015">
				<matrix value="0.9999932396835471 0.0037483439597117765 -4.403931876620293e-05 0.0004254818496590855 -0.0037480822595256638 0.9999805324272486 0.004961066382032561 -0.017881993067131927 6.265709604097417e-05 -0.004960872735684006 0.9999877736307817 9.322090454750906e-05 0.0 0.0 0.0 1.0" />
				<scale value="1" />
			</transform>
		</animation>
	</shape>
	<shape type="ply" name="temp23">
		<string name="filename" value="meshes/Cube_019.ply" />
		<boolean name="face_normals" value="true" />
		<ref id="mat-Material" name="bsdf" />
		<animation name="to_world">
			<transform time="0">
				<matrix value="0.9999680866341505 0.005372293360977675 -0.005932198982459939 0.003250227201613276 -0.005338804702611754 0.999969755310029 0.005646988016175114 -0.017985996567865592 0.005962365276839584 -0.005615135277197798 0.9999664318630647 -0.0008454381031497427 0.0 0.0 0.0 1.0" />
				<scale value="1" />
			</transform>
			<transform time="0.0015">
				<matrix value="0.9999670175192886 0.005517524236493353 -0.005930728390858311 0.0032461795661610803 -0.005483752423325211 0.9999683811361971 0.00569601284245024 -0.01799261413639412 0.005962167729944225 -0.0056633051011310345 0.9999661340001824 -0.0008437970286288518 0.0 0.0 0.0 1.0" />
				<scale value="1" />
			</transform>
		</animation>
	</shape>
	<shape type="ply" name="temp24">
		<string name="filename" value="meshes/Cube_020.ply" />
		<boolean name="face_normals" value="true" />
		<ref id="mat-Material" name="bsdf" />
		<animation name="to_world">
			<transform time="0">
				<matrix value="0.9999583088346289 -0.0020488208470211752 0.008904043687601716 -0.006907813517132627 0.0019758700860862443 0.9999644376585872 0.008193485787785854 -0.015378530877704855 -0.008920512049520591 -0.0081755372649761 0.9999269538357416 -0.000803028762866087 0.0 0.0 0.0 1.0" />
				<scale value="1" />
			</transform>
			<transform time="0.0015">
				<matrix value="0.999958326086553 -0.002000059808109413 0.008908070793769613 -0.006912862310809176 0.0019270515758504315 0.999964477861377 0.008196235487668234 -0.015389785000265997 -0.00892414172745111 -0.008178719311625587 0.9999268942631623 -0.0008019322481937416 0.0 0.0 0.0 1.0" />
				<scale value="1" />
			</transform>
		</animation>
	</shape>
	<shape type="ply" name="temp25">
		<string name="filename" value="meshes/Cube_021.ply" />
		<boolean name="face_normals" value="true" />
		<ref id="mat-Material" name="bsdf" />
		<animation name="to_world">
			<transform time="0">
				<matrix value="0.9992690952738078 0.02709972195743634 0.02696105292371381 -0.01657662828928419 -0.027328478955794672 0.9995932610659063 0.008152920356994773 -0.019913843771163398 -0.026729154809964774 -0.00888375609847671 0.9996033286353702 -0.013494123681545456 0.0 0.0 0.0 1.0" />
				<scale value="1" />
			</transform>
			<transform time="0.0015">
				<matrix value="0.99926382948419 0.027278499720211055 0.026960121038410695 -0.016583022104753778 -0.027504926470432442 0.999588620413294 0.008063799782618298 -0.019949486117584913 -0.026729498362844988 -0.008799398645691906 0.9996039669129752 -0.01349527567803536 0.0 0.0 0.0 1.0" />
				<scale value="1" />
			</transform>
		</animation>
	</shape>
	<shape type="ply" name="temp26">
		<string name="filename" value="meshes/Cube_022.ply" />
		<boolean name="face_normals" value="true" />
		<ref id="mat-Material" name="bsdf" />
		<animation name="to_world">
			<transform time="0">
				<matrix value="0.9991640471112199 0.03755554072291067 0.016153200249066118 -0.007741750908448197 -0.03756990800085811 0.9992937343431584 0.0005860925790305049 -0.02228667675037105 -0.016119782386304203 -0.0011924772069758856 0.9998695097775473 -0.011757996205812304 0.0 0.0 0.0 1.0" />
				<scale value="1" />
			</transform>
			<transform time="0.0015">
				<matrix value="0.9991642705083552 0.037549054322058656 0.0161542061745714 -0.007740729028420882 -0.037563523151161834 0.9992939746358503 0.0005923785921943414 -0.022284796861765398 -0.01612056044661258 -0.0011986926027263167 0.9998694842464432 -0.01175773896144079 0.0 0.0 0.0 1.0" />
				<scale value="1" />
			</transform>
		</animation>
	</shape>
	<shape type="ply" name="temp27">
		<string name="filename" value="meshes/Cube_023.ply" />
		<boolean name="face_normals" value="true" />
		<ref id="mat-Material" name="bsdf" />
		<animation name="to_world">
			<transform time="0">
				<matrix value="0.9994317647914018 0.032244427155142745 0.009843170609819579 -0.0027849601245840683 -0.032301232919700655 0.9994620616866525 0.005667436212265986 -0.020745122367826385 -0.009655145055112611 -0.005982159804598444 0.9999357004700957 -0.008704393084040252 0.0 0.0 0.0 1.0" />
				<scale value="1" />
			</transform>
			<transform time="0.0015">
				<matrix value="0.9994322913703636 0.032227855970377486 0.00984366336013054 -0.002783829302193878 -0.03228495173647994 0.9994624071073971 0.005697194416278803 -0.020733837485428078 -0.00965478825797366 -0.006011759659118601 0.9999355132419984 -0.008702613963431104 0.0 0.0 0.0 1.0" />
				<scale value="1" />
			</transform>
		</animation>
	</shape>
	<shape type="ply" name="temp28">
		<string name="filename" value="meshes/Cube_024.ply" />
		<boolean name="face_normals" value="true" />
		<ref id="mat-Material" name="bsdf" />
		<animation name="to_world">
			<transform time="0">
				<matrix value="0.9994579160217508 0.03188789440640103 0.008202374260141714 -0.001365359163994162 -0.03193485418251254 0.9994739509785722 0.005657791282780349 -0.021402660010888586 -0.008017634794079007 -0.005916662321165235 0.9999503569805885 -0.00792781504029369 0.0 0.0 0.0 1.0" />
				<scale value="1" />
			</transform>
			<transform time="0.0015">
				<matrix value="0.9994589532227361 0.03185484740303261 0.008202489150110591 -0.0013635901820150298 -0.031902488565119555 0.9994743865090763 0.005743103467447745 -0.021356150148409265 -0.008015298379182526 -0.006001674796809869 0.9999497782755601 -0.007923773754715495 0.0 0.0 0.0 1.0" />
				<scale value="1" />
			</transform>
		</animation>
	</shape>
	<shape type="ply" name="temp29">
		<string name="filename" value="meshes/Cube_025.ply" />
		<boolean name="face_normals" value="true" />
		<ref id="mat-Material" name="bsdf" />
		<animation name="to_world">
			<transform time="0">
				<matrix value="0.9968543172578618 0.07115209324542211 0.0349160158309225 0.042957769961772696 -0.06734096949259522 0.9926761961774884 -0.10029492681436962 -0.11334018238550736 -0.04179650087673108 0.09762812797884124 0.9943449509030537 0.006514365401553646 0.0 0.0 0.0 1.0" />
				<scale value="1" />
			</transform>
			<transform time="0.0015">
				<matrix value="0.996775952734186 0.07191990649117228 0.035294618277102896 0.04306724730063581 -0.06796287041631446 0.9923910363345209 -0.10215553411679057 -0.11492836303283509 -0.04240845073462774 0.09941722195999121 0.9940927461454481 0.005764649109703665 0.0 0.0 0.0 1.0" />
				<scale value="1" />
			</transform>
		</animation>
	</shape>
	<shape type="ply" name="temp30">
		<string name="filename" value="meshes/Cube_026.ply" />
		<boolean name="face_normals" value="true" />
		<ref id="mat-Material" name="bsdf" />
		<animation name="to_world">
			<transform time="0">
				<matrix value="0.9884828208578668 0.1481590578674782 0.030842758809153797 0.1161153187027848 -0.13587359293083487 0.9586062829693194 -0.250224220971008 -0.35817864203799776 -0.066639052740383 0.2431514549781717 0.9676965780830326 0.009908750540630895 0.0 0.0 0.0 1.0" />
				<scale value="1" />
			</transform>
			<transform time="0.0015">
				<matrix value="0.9883543994189454 0.1489938053934722 0.03060122179791756 0.11575287717061823 -0.13660725784565123 0.9579583412347537 -0.2520665369393469 -0.36056011034289787 -0.06691642421926619 0.24494895695079424 0.9671744329607738 0.009139524158382322 0.0 0.0 0.0 1.0" />
				<scale value="1" />
			</transform>
		</animation>
	</shape>
	<shape type="ply" name="temp31">
		<string name="filename" value="meshes/Cube_027.ply" />
		<boolean name="face_normals" value="true" />
		<ref id="mat-Material" name="bsdf" />
		<animation name="to_world">
			<transform time="0">
				<matrix value="0.9115543227540526 0.410702657152452 -0.0197993618271657 -0.006235761139533391 -0.38907459217377893 0.8459725545082318 -0.36462490443718765 -0.922286930889245 -0.1330027197279563 0.3400788030611798 0.9309439596501539 -0.16311567940739535 0.0 0.0 0.0 1.0" />
				<scale value="1" />
			</transform>
			<transform time="0.0015">
				<matrix value="0.9115780826350857 0.4106163845669128 -0.02030825630634733 -0.006788502449233331 -0.3889190072388988 0.8452257022943621 -0.366383716674073 -0.9242027632434004 -0.1332842336280055 0.34188459513167296 0.930185668834828 -0.1642786795975027 0.0 0.0 0.0 1.0" />
				<scale value="1" />
			</transform>
		</animation>
	</shape>
	<shape type="ply" name="temp32">
		<string name="filename" value="meshes/Cube_028.ply" />
		<boolean name="face_normals" value="true" />
		<ref id="mat-Material" name="bsdf" />
		<animation name="to_world">
			<transform time="0">
				<matrix value="-0.042537755284764736 0.9967919770223791 0.06779456394753726 -1.5021278214760998 -0.9504518400714859 -0.019458398950404965 -0.31026248864711425 -1.9128481418116572 -0.3079479794407005 -0.07763332172215351 0.9482306045905137 -0.5795398735020297 0.0 0.0 0.0 1.0" />
				<scale value="1" />
			</transform>
			<transform time="0.0015">
				<matrix value="-0.04239543966101327 0.9967668514177821 0.06821315916636542 -1.5008949130484388 -0.9499770573312188 -0.019064508917096042 -0.311639713000702 -1.9143251110613007 -0.30933517033512564 -0.07800245184630597 0.9477158209366311 -0.5824807911287131 0.0 0.0 0.0 1.0" />
				<scale value="1" />
			</transform>
		</animation>
	</shape>
	<shape type="ply" name="temp33">
		<string name="filename" value="meshes/Cube_029.ply" />
		<boolean name="face_normals" value="true" />
		<ref id="mat-Material" name="bsdf" />
		<animation name="to_world">
			<transform time="0">
				<matrix value="0.09436569525926951 0.9858346387219638 0.13865460798325943 -1.5340455572142042 -0.9763685958296323 0.11884632151565529 -0.18049989102175262 -2.1144074368251413 -0.19442167662186385 -0.11834496884796933 0.9737530264512191 -0.5638688477435476 0.0 0.0 0.0 1.0" />
				<scale value="1" />
			</transform>
			<transform time="0.0015">
				<matrix value="0.09200651603513221 0.9859965058865459 0.13854808115307965 -1.5387545384527157 -0.9766538899283496 0.11643203626146 -0.18007781250927546 -2.113936812783363 -0.1936926280492791 -0.11871767557865781 0.9738436108089027 -0.5624641429477061 0.0 0.0 0.0 1.0" />
				<scale value="1" />
			</transform>
		</animation>
	</shape>
	<shape type="ply" name="temp34">
		<string name="filename" value="meshes/Cube_030.ply" />
		<boolean name="face_normals" value="true" />
		<ref id="mat-Material" name="bsdf" />
		<animation name="to_world">
			<transform time="0">
				<matrix value="0.10694508440052584 0.9738551851506297 -0.2004212581987914 -2.864814345804358 -0.9748565458595788 0.14233921455953413 0.17144725494273172 -1.978058898675379 0.19549256265490075 0.17704651133071708 0.9645917077437343 0.2362574329486613 0.0 0.0 0.0 1.0" />
				<scale value="1" />
			</transform>
			<transform time="0.0015">
				<matrix value="0.10719503278391919 0.9738087743619993 -0.20050837339996364 -2.864344273483947 -0.9748865197733678 0.14254195908490538 0.17109507944792254 -1.9785627570688968 0.19519561716596429 0.17713477027091798 0.9646342833063729 0.2356122909309174 0.0 0.0 0.0 1.0" />
				<scale value="1" />
			</transform>
		</animation>
	</shape>
	<shape type="ply" name="temp35">
		<string name="filename" value="meshes/Cube_031.ply" />
		<boolean name="face_normals" value="true" />
		<ref id="mat-Material" name="bsdf" />
		<animation name="to_world">
			<transform time="0">
				<matrix value="0.08777221657828438 0.9942910540378748 0.060673201894377624 -2.1644977588753123 -0.4768353288051813 -0.011539684162003076 0.8789171297257199 0.009760044207124549 0.8745995315827079 -0.10607559503820217 0.4731001025482944 0.8960040937650424 0.0 0.0 0.0 1.0" />
				<scale value="1" />
			</transform>
			<transform time="0.0015">
				<matrix value="0.08826406047691301 0.9942250636573613 0.06096700362901133 -2.1626961513569656 -0.47706987984030885 -0.011531462322275268 0.8787888529478765 0.008924444558866356 0.8744170480370437 -0.10665111330634348 0.4732965729054425 0.895872152786992 0.0 0.0 0.0 1.0" />
				<scale value="1" />
			</transform>
		</animation>
	</shape>
	<shape type="ply" name="temp36">
		<string name="filename" value="meshes/Cube_032.ply" />
		<boolean name="face_normals" value="true" />
		<ref id="mat-Material" name="bsdf" />
		<animation name="to_world">
			<transform time="0">
				<matrix value="0.958084010162634 0.2803609755894064 0.0589329303896126 0.014635046492735615 -0.036278196788451615 -0.08532402492162454 0.9956926406824071 1.1198907955941944 0.28418178562373786 -0.9560949307813769 -0.07157658192209261 -1.0556824664542688 0.0 0.0 0.0 1.0" />
				<scale value="1" />
			</transform>
			<transform time="0.0015">
				<matrix value="0.9578540068549037 0.2812169507219859 0.058328918079679104 0.012456060862773993 -0.03568814750914477 -0.08498634535626867 0.9957366052438309 1.1213839206702976 0.28498167023653886 -0.9558609683000777 -0.07138399229278211 -1.0533199601648269 0.0 0.0 0.0 1.0" />
				<scale value="1" />
			</transform>
		</animation>
	</shape>
	<shape type="ply" name="temp37">
		<string name="filename" value="meshes/Cube_033.ply" />
		<boolean name="face_normals" value="true" />
		<ref id="mat-Material" name="bsdf" />
		<animation name="to_world">
			<transform time="0">
				<matrix value="0.9804260257044433 0.1524243517728603 0.12462894206943309 -0.11776183871650625 -0.1454829733328369 0.1343218827632383 0.9802002363007724 0.3116805679452866 0.13266603371824398 -0.979144721884432 0.15386778220047176 -0.38796562995219164 0.0 0.0 0.0 1.0" />
				<scale value="1" />
			</transform>
			<transform time="0.0015">
				<matrix value="0.9804771517345507 0.15245230006567242 0.12416851668949194 -0.1179744304389225 -0.14501591853775753 0.1342423165965471 0.980277195559184 0.3132035492559637 0.13277596106575018 -0.9791511872596735 0.1537290410740556 -0.38775048441391585 0.0 0.0 0.0 1.0" />
				<scale value="1" />
			</transform>
		</animation>
	</shape>
	<shape type="ply" name="temp38">
		<string name="filename" value="meshes/Cube_034.ply" />
		<boolean name="face_normals" value="true" />
		<ref id="mat-Material" name="bsdf" />
		<animation name="to_world">
			<transform time="0">
				<matrix value="0.9999100220379521 0.005623524528443567 0.01218185325428904 -0.03637987976183776 -0.01300182438074773 0.18194890524651508 0.9832220778109415 0.3672916175949542 0.003312700455829242 -0.9832917903396375 0.18200563471909853 -0.3254698529432326 0.0 0.0 0.0 1.0" />
				<scale value="1" />
			</transform>
			<transform time="0.0015">
				<matrix value="0.9999105326599758 0.005594759015204573 0.012151935055356602 -0.03640569981629829 -0.012967516325263306 0.18207679126988904 0.9831986147261864 0.3673771699658411 0.003288296233630227 -0.983268046418019 0.1821330638642827 -0.32550340950623263 0.0 0.0 0.0 1.0" />
				<scale value="1" />
			</transform>
		</animation>
	</shape>
	<shape type="ply" name="temp39">
		<string name="filename" value="meshes/Cube_035.ply" />
		<boolean name="face_normals" value="true" />
		<ref id="mat-Material" name="bsdf" />
		<animation name="to_world">
			<transform time="0">
				<matrix value="0.9993612894418175 -0.035718770271764184 0.0011479451808684312 0.0011221461257338028 0.006707400532244024 0.21902098981483994 0.9756971416495004 0.09179679848395328 -0.03510214050036612 -0.9750660690037817 0.21912062355414708 -0.111477118510583 0.0 0.0 0.0 1.0" />
				<scale value="1" />
			</transform>
			<transform time="0.0015">
				<matrix value="0.9993612415710028 -0.03572062052549183 0.0011410327195113315 0.00112091984265947 0.006713962344385335 0.21900452225629807 0.9757007925974004 0.09181394629001133 -0.03510254612573607 -0.9750696959216001 0.21910440534572564 -0.11146689538492013 0.0 0.0 0.0 1.0" />
				<scale value="1" />
			</transform>
		</animation>
	</shape>
	<shape type="ply" name="temp40">
		<string name="filename" value="meshes/Cube_036.ply" />
		<boolean name="face_normals" value="true" />
		<ref id="mat-Material" name="bsdf" />
		<animation name="to_world">
			<transform time="0">
				<matrix value="0.9997868009864777 -0.02063831731060045 0.001094822422191659 0.0012429032470357981 0.003461828954996835 0.21945651335042332 0.975616294446459 -0.2393276614897583 -0.020375341074097518 -0.9754039751951826 0.21948110279367275 0.20480262200982458 0.0 0.0 0.0 1.0" />
				<scale value="1" />
			</transform>
			<transform time="0.0015">
				<matrix value="0.9997871041683042 -0.02062343703547152 0.0010900361060882334 0.0012424448678986422 0.003463189283981434 0.2194544182985158 0.9756167540063346 -0.23933324059099323 -0.020359780984915678 -0.9754047561464313 0.2194790526460059 0.20489794601299724 0.0 0.0 0.0 1.0" />
				<scale value="1" />
			</transform>
		</animation>
	</shape>
	<shape type="ply" name="temp41">
		<string name="filename" value="meshes/Cube_037.ply" />
