<scene version="2.1.0">
	<default name="spp" value="1024" />
	<default name="resx" value="640" />
	<default name="resy" value="360" />
	<integrator type="path" name="temp0">
		<integer name="max_depth" value="12" />
	</integrator>
	<sensor type="perspective" name="temp44">
		<string name="fov_axis" value="x" />
		<float name="fov" value="83.974423" />
		<float name="principal_point_offset_x" value="0.000000" />
		<float name="principal_point_offset_y" value="-0.000000" />
		<float name="near_clip" value="0.100000" />
		<float name="far_clip" value="1000.000000" />
		<transform name="to_world">
			<rotate x="1" angle="-142.5518126578256" />
			<rotate y="1" angle="3.976628485794621e-06" />
			<rotate z="1" angle="-179.999991348578" />
			<translate value="-0.000000 3.030926 4.073377" />
		</transform>
		<sampler type="correlated" name="sampler">
			<integer name="sample_count" value="1024" />
		</sampler>
		<film type="hdrfilm" name="film">
			<integer name="width" value="$resx" />
			<integer name="height" value="$resy" />
		</film>
		<float name="shutter_open" value="0.0" />
		<float name="shutter_close" value="0.0015" />
	</sensor>
	<bsdf type="twosided" id="mat-Material" name="mat-Material">
		<bsdf type="diffuse" name="bsdf">
			<texture type="bitmap" name="reflectance">
				<string name="filename" value="textures/siggraph_2023_logo.jpg" />
			</texture>
		</bsdf>
	</bsdf>
	<bsdf type="twosided" id="mat-Material.001" name="mat-Material.001">
		<bsdf type="principled" name="bsdf">
			<rgb value="0.433648 0.266232 0.084399" name="base_color" />
			<float name="spec_tint" value="0.000000" />
			<float name="spec_trans" value="0.000000" />
			<float name="metallic" value="0.000000" />
			<float name="anisotropic" value="0.000000" />
			<float name="roughness" value="0.500000" />
			<float name="sheen" value="0.000000" />
			<float name="sheen_tint" value="0.500000" />
			<float name="clearcoat" value="0.000000" />
			<float name="clearcoat_gloss" value="0.173205" />
			<float name="specular" value="0.500000" />
		</bsdf>
	</bsdf>
	<bsdf type="twosided" id="mat-Material.002" name="mat-Material.002">
		<bsdf type="principled" name="bsdf">
			<rgb value="0.433648 0.266232 0.084399" name="base_color" />
			<float name="spec_tint" value="0.000000" />
			<float name="spec_trans" value="0.000000" />
			<float name="metallic" value="0.000000" />
			<float name="anisotropic" value="0.000000" />
			<float name="roughness" value="0.500000" />
			<float name="sheen" value="0.000000" />
			<float name="sheen_tint" value="0.500000" />
			<float name="clearcoat" value="0.000000" />
			<float name="clearcoat_gloss" value="0.173205" />
			<float name="specular" value="0.500000" />
		</bsdf>
	</bsdf>
	<bsdf type="twosided" id="mat-Material.003" name="mat-Material.003">
		<bsdf type="principled" name="bsdf">
			<rgb value="0.433648 0.266232 0.084399" name="base_color" />
			<float name="spec_tint" value="0.000000" />
			<float name="spec_trans" value="0.000000" />
			<float name="metallic" value="0.000000" />
			<float name="anisotropic" value="0.000000" />
			<float name="roughness" value="0.500000" />
			<float name="sheen" value="0.000000" />
			<float name="sheen_tint" value="0.500000" />
			<float name="clearcoat" value="0.000000" />
			<float name="clearcoat_gloss" value="0.173205" />
			<float name="specular" value="0.500000" />
		</bsdf>
	</bsdf>
	<bsdf type="twosided" id="mat-Material.004" name="mat-Material.004">
		<bsdf type="principled" name="bsdf">
			<rgb value="0.433648 0.266232 0.084399" name="base_color" />
			<float name="spec_tint" value="0.000000" />
			<float name="spec_trans" value="0.000000" />
			<float name="metallic" value="0.000000" />
			<float name="anisotropic" value="0.000000" />
			<float name="roughness" value="0.500000" />
			<float name="sheen" value="0.000000" />
			<float name="sheen_tint" value="0.500000" />
			<float name="clearcoat" value="0.000000" />
			<float name="clearcoat_gloss" value="0.173205" />
			<float name="specular" value="0.500000" />
		</bsdf>
	</bsdf>
	<bsdf type="twosided" id="mat-Material.005" name="mat-Material.005">
		<bsdf type="principled" name="bsdf">
			<rgb value="0.433648 0.266232 0.084399" name="base_color" />
			<float name="spec_tint" value="0.000000" />
			<float name="spec_trans" value="0.000000" />
			<float name="metallic" value="0.000000" />
			<float name="anisotropic" value="0.000000" />
			<float name="roughness" value="0.500000" />
			<float name="sheen" value="0.000000" />
			<float name="sheen_tint" value="0.500000" />
			<float name="clearcoat" value="0.000000" />
			<float name="clearcoat_gloss" value="0.173205" />
			<float name="specular" value="0.500000" />
		</bsdf>
	</bsdf>
	<emitter type="point" name="temp45">
		<point name="position" x="-6.815235034541981e-16" y="3.0693089962005615" z="4.109199523925781" />
		<rgb value="7.957747 7.957747 7.957747" name="intensity" />
	</emitter>
	<shape type="ply" name="temp2">
		<string name="filename" value="meshes/Cube.ply" />
		<boolean name="face_normals" value="true" />
		<ref id="mat-Material" name="bsdf" />
		<animation name="to_world">
			<transform time="0">
				<matrix value="0.9999982270352306 0.00022439056949708297 0.0018643010428343611 -0.002886349425672563 -0.0002211578523723155 0.99999833132745 -0.0017344372680075325 -0.014973277204348434 -0.0018646891017628589 0.0017340198530316653 0.9999969268607032 0.0042780051642294925 0.0 0.0 0.0 1.0" />
				<scale value="1" />
			</transform>
			<transform time="0.0015">
				<matrix value="0.9999982270352306 0.00022469724304512227 0.0018664863351460868 -0.0028896153898239837 -0.00022162079506441156 0.9999983838914763 -0.001651304163083175 -0.015082403081294675 -0.0018668555752671288 0.0016508856402315717 0.9999969694125436 0.004285644553186028 0.0 0.0 0.0 1.0" />
				<scale value="1" />
			</transform>
		</animation>
	</shape>
	<shape type="ply" name="temp4">
		<string name="filename" value="meshes/Plane.ply" />
		<boolean name="face_normals" value="true" />
		<ref id="mat-Material.001" name="bsdf" />
		<transform name="to_world">
			<scale value="1" />
		</transform>
	</shape>
	<shape type="ply" name="temp5">
		<string name="filename" value="meshes/Cube_001.ply" />
		<boolean name="face_normals" value="true" />
		<ref id="mat-Material" name="bsdf" />
		<animation name="to_world">
			<transform time="0">
				<matrix value="0.9999982270352306 0.00015881382411774155 -0.002048010946049385 0.0025403752385448897 -0.0001645719087916004 0.9999960369026935 -0.0028115678636623028 -0.014482545396095003 0.0020475571204924587 0.002811900972627513 0.9999940901167368 -0.0047056285896215355 0.0 0.0 0.0 1.0" />
				<scale value="1" />
			</transform>
			<transform time="0.0015">
				<matrix value="0.9999982270352306 0.00015883520265817417 -0.0020483591052069235 0.002541429182883531 -0.00016459673778749525 0.9999960293935468 -0.0028127703786698845 -0.01448197253572113 0.0020479049817459984 0.002813103337184615 0.9999940816063687 -0.004701142762734383 0.0 0.0 0.0 1.0" />
				<scale value="1" />
			</transform>
		</animation>
	</shape>
	<shape type="ply" name="temp6">
		<string name="filename" value="meshes/Cube_002.ply" />
		<boolean name="face_normals" value="true" />
		<ref id="mat-Material" name="bsdf" />
		<animation name="to_world">
			<transform time="0">
				<matrix value="1.0 0.00010243063015333014 0.00046824005094792164 -0.0008230124625119295 -0.00010388465445803126 0.9999952025664184 0.00310599824783781 -0.019419661993436865 -0.00046792086194455233 -0.0031060441405606322 0.9999952720933893 0.001706755635202728 0.0 0.0 0.0 1.0" />
				<scale value="1" />
			</transform>
			<transform time="0.0015">
				<matrix value="1.0 9.440345754254844e-05 0.00046894870929669257 -0.000822988195434774 -9.578141804008312e-05 0.9999953452402043 0.002945568022889655 -0.019337132634604588 -0.00046863509449998516 -0.002945610171702746 0.9999954082592785 0.0016992791832672535 0.0 0.0 0.0 1.0" />
				<scale value="1" />
			</transform>
		</animation>
	</shape>
	<shape type="ply" name="temp7">
		<string name="filename" value="meshes/Cube_003.ply" />
		<boolean name="face_normals" value="true" />
		<ref id="mat-Material" name="bsdf" />
		<animation name="to_world">
			<transform time="0">
				<matrix value="0.9999951243468841 -0.001919436489279822 -0.002592003880665746 -0.0026928494492781674 0.0018717189070735975 0.9998310469042996 -0.018287164537296327 -0.016038286639511345 0.0026266739003629257 0.018282226760084522 0.9998295589666877 0.022907657988960994 0.0 0.0 0.0 1.0" />
				<scale value="1" />
			</transform>
			<transform time="0.0015">
				<matrix value="0.99999362439469 -0.002185378774029548 -0.0025943867837239405 -0.0028289964604866105 0.002130294229700734 0.9997117265644773 -0.020613259186583476 -0.015837527065256818 0.002655250223633064 0.020607493333820923 0.9997116478171474 0.02444614500088749 0.0 0.0 0.0 1.0" />
				<scale value="1" />
			</transform>
		</animation>
	</shape>
	<shape type="ply" name="temp8">
		<string name="filename" value="meshes/Cube_004.ply" />
		<boolean name="face_normals" value="true" />
		<ref id="mat-Material" name="bsdf" />
		<animation name="to_world">
			<transform time="0">
				<matrix value="0.9974043795775734 -0.02509454072916819 0.06749159969192961 -0.0058776325653746575 0.0398821244373053 0.9729297509714804 -0.22763369219720478 -0.11171923545031998 -0.05995222746428806 0.22973449333886778 0.9714051480283921 0.22546867192963202 0.0 0.0 0.0 1.0" />
				<scale value="1" />
			</transform>
			<transform time="0.0015">
				<matrix value="0.9973484664659953 -0.02530047081521311 0.06814426152090658 -0.005790715971480205 0.040510448347803214 0.9718570693765388 -0.23122650151764546 -0.11317736808109385 -0.060337788580103566 0.23337950069146823 0.9703100934383668 0.22650013604442934 0.0 0.0 0.0 1.0" />
				<scale value="1" />
			</transform>
		</animation>
	</shape>
	<shape type="ply" name="temp9">
		<string name="filename" value="meshes/Cube_005.ply" />
		<boolean name="face_normals" value="true" />
		<ref id="mat-Material" name="bsdf" />
		<animation name="to_world">
			<transform time="0">
				<matrix value="0.9972541208133654 -0.06033071004102849 0.042947830860086585 0.023537700376568438 0.07397416258441528 0.8388066488257759 -0.5393803889270536 -0.3703357451199079 -0.003483720637487213 0.5410762520780188 0.8409664597577138 -0.03947128644026585 0.0 0.0 0.0 1.0" />
				<scale value="1" />
			</transform>
			<transform time="0.0015">
				<matrix value="0.997223164353188 -0.060743855028105344 0.0430286265924219 0.02363363517692505 0.07434911393199782 0.8368220189193352 -0.5421173913796958 -0.3720876549831928 -0.003042425446940592 0.5438096114849849 0.8390205045270795 -0.04133580519891094 0.0 0.0 0.0 1.0" />
				<scale value="1" />
			</transform>
		</animation>
	</shape>
	<shape type="ply" name="temp10">
		<string name="filename" value="meshes/Cube_006.ply" />
		<boolean name="face_normals" value="true" />
		<ref id="mat-Material" name="bsdf" />
		<animation name="to_world">
			<transform time="0">
				<matrix value="0.9961384827322097 -0.038534217173560724 -0.07889018065803949 -0.010075950165125747 -0.03077046843502173 0.6883242981667546 -0.7247502601530612 -0.4011096848659882 0.08222970708849045 0.7243788887892321 0.6844805519925526 -0.43841985148586154 0.0 0.0 0.0 1.0" />
				<scale value="1" />
			</transform>
			<transform time="0.0015">
				<matrix value="0.9960055614367058 -0.03973642704224243 -0.07962795978425515 -0.00991254145149788 -0.030848946891236576 0.6860102419980101 -0.7267642132245347 -0.40214934100789806 0.08352372222916925 0.726311795693741 0.6820498461969372 -0.4439842935930465 0.0 0.0 0.0 1.0" />
				<scale value="1" />
			</transform>
		</animation>
	</shape>
	<shape type="ply" name="temp11">
		<string name="filename" value="meshes/Cube_007.ply" />
		<boolean name="face_normals" value="true" />
		<ref id="mat-Material" name="bsdf" />
		<animation name="to_world">
			<transform time="0">
				<matrix value="0.9760401541060977 0.15668730953667223 -0.1509809933426347 0.044616333306830125 -0.21738032931047627 0.6715791691262205 -0.7083271673551287 -0.16280614897873436 -0.009590196923196938 0.7241757279062541 0.6895488678791226 -0.15639811158432199 0.0 0.0 0.0 1.0" />
				<scale value="1" />
			</transform>
			<transform time="0.0015">
				<matrix value="0.9759249928828502 0.15614212897179813 -0.152139287626714 0.04376493733014045 -0.21788384092234292 0.6696782361680277 -0.7098534508053745 -0.16298806917887756 -0.008990346413717546 0.7259230011971226 0.6875749816204992 -0.16015856378861357 0.0 0.0 0.0 1.0" />
				<scale value="1" />
			</transform>
		</animation>
	</shape>
	<shape type="ply" name="temp12">
		<string name="filename" value="meshes/Cube_008.ply" />
		<boolean name="face_normals" value="true" />
		<ref id="mat-Material" name="bsdf" />
		<animation name="to_world">
			<transform time="0">
				<matrix value="0.07772265334815531 0.9895626617830183 -0.12134725481194517 2.392447984622283 -0.8209757688904964 -0.005530896515185963 -0.5709363288088843 1.2817453535642138 -0.5656484529995904 0.14399782655400345 0.8119770639794506 1.282645019478672 0.0 0.0 0.0 1.0" />
				<scale value="1" />
			</transform>
			<transform time="0.0015">
				<matrix value="0.07768363544278122 0.9895357715289652 -0.12158475961079222 2.392331971050033 -0.8200366392475686 -0.005939119632109477 -0.5722173774929697 1.2779440626580914 -0.5669533635376967 0.1441485554014013 0.8109952908987383 1.2843233006853145 0.0 0.0 0.0 1.0" />
				<scale value="1" />
			</transform>
		</animation>
	</shape>
	<shape type="ply" name="temp13">
		<string name="filename" value="meshes/Cube_009.ply" />
		<boolean name="face_normals" value="true" />
		<ref id="mat-Material" name="bsdf" />
		<animation name="to_world">
			<transform time="0">
				<matrix value="-0.06481648928154149 0.99351261829324 0.09344149522883305 2.5581067173252965 -0.819264857888009 0.0004820941006167831 -0.5734156430354862 0.8742615533049429 -0.5697408989285975 -0.11372005514962778 0.8139185788290961 0.9544024102940356 0.0 0.0 0.0 1.0" />
				<scale value="1" />
			</transform>
			<transform time="0.0015">
				<matrix value="-0.06507015034590016 0.9934905489113183 0.09349021963911548 2.5587049840840015 -0.818446458439773 0.0004673477436087058 -0.5745381861143614 0.871166908806313 -0.5708414330017799 -0.11390851670788614 0.8130888519842329 0.9554628572332361 0.0 0.0 0.0 1.0" />
				<scale value="1" />
			</transform>
		</animation>
	</shape>
	<shape type="ply" name="temp14">
		<string name="filename" value="meshes/Cube_010.ply" />
		<boolean name="face_normals" value="true" />
		<ref id="mat-Material" name="bsdf" />
		<animation name="to_world">
			<transform time="0">
				<matrix value="0.05428339423467316 0.9984470916080372 0.012520182251344025 1.7022009763870454 -0.9841652084031438 0.05137959588922518 0.16964457016473444 2.1166442506658987 0.16873788843441892 -0.021530798480673644 0.985425755082145 -0.42694992294303247 0.0 0.0 0.0 1.0" />
				<scale value="1" />
			</transform>
			<transform time="0.0015">
				<matrix value="0.054860874233731684 0.9984104019176425 0.012568262426763939 1.701288765278411 -0.9839647254311497 0.05191638423183461 0.1705509430864646 2.1179451046744053 0.16962579630560987 -0.021737045452706008 0.9852570966078332 -0.4288545556610017 0.0 0.0 0.0 1.0" />
				<scale value="1" />
			</transform>
		</animation>
	</shape>
	<shape type="ply" name="temp15">
		<string name="filename" value="meshes/Cube_011.ply" />
		<boolean name="face_normals" value="true" />
		<ref id="mat-Material" name="bsdf" />
		<animation name="to_world">
			<transform time="0">
				<matrix value="0.02586983867793563 0.9963001357882288 -0.08195563710669136 1.1966104859606594 -0.8147145438073 0.06852005431529151 0.5757996899438844 2.26861833935489 0.5792847682823695 0.05187460760122064 0.8134729736310464 -1.2701673812330585 0.0 0.0 0.0 1.0" />
				<scale value="1" />
			</transform>
			<transform time="0.0015">
				<matrix value="0.026580821602896775 0.9962779387508144 -0.08191503584272695 1.1957656236603558 -0.8146892839740728 0.06907563129366365 0.5757618358267315 2.2682435351460084 0.5792764228036722 0.0514318292688297 0.8135037896738098 -1.2700844194064627 0.0 0.0 0.0 1.0" />
				<scale value="1" />
			</transform>
		</animation>
	</shape>
	<shape type="ply" name="temp16">
		<string name="filename" value="meshes/Cube_012.ply" />
		<boolean name="face_normals" value="true" />
		<ref id="mat-Material" name="bsdf" />
		<animation name="to_world">
			<transform time="0">
				<matrix value="0.08032075592125908 0.9890825012567191 0.1235483317345129 1.1445000109357923 -0.8385343254844183 3.693335530418858e-05 0.5448489221082113 1.8102941749730184 0.5388961875938564 -0.14736216243275774 0.8293826157710672 -1.5165361508633417 0.0 0.0 0.0 1.0" />
				<scale value="1" />
			</transform>
			<transform time="0.0015">
				<matrix value="0.08031232267940147 0.9890874497843429 0.12351408090719859 1.1444694485027582 -0.8384910821817994 3.691908792560692e-05 0.5449153199998543 1.8103236270561573 0.5389645630741967 -0.14732886237114817 0.8293439787000522 -1.516692393914626 0.0 0.0 0.0 1.0" />
				<scale value="1" />
			</transform>
		</animation>
	</shape>
	<shape type="ply" name="temp17">
		<string name="filename" value="meshes/Cube_013.ply" />
		<boolean name="face_normals" value="true" />
		<ref id="mat-Material" name="bsdf" />
		<animation name="to_world">
			<transform time="0">
				<matrix value="0.9044863987007714 0.29103964557395035 0.31176974527457557 0.527568471163107 -0.3824624087144764 0.229972279177261 0.8948941445349419 1.4368053038747979 0.1887512920480757 -0.9286596596325167 0.3193185573644001 -1.3271400102641513 0.0 0.0 0.0 1.0" />
				<scale value="1" />
			</transform>
			<transform time="0.0015">
				<matrix value="0.9043771255877329 0.2911898885795618 0.3119436461356154 0.5277914020298531 -0.3826765556126819 0.22992699902313082 0.8948134151834775 1.4368687349305769 0.18883625317001823 -0.9286233979634795 0.3193732960517941 -1.327166764199073 0.0 0.0 0.0 1.0" />
				<scale value="1" />
			</transform>
		</animation>
	</shape>
	<shape type="ply" name="temp18">
		<string name="filename" value="meshes/Cube_014.ply" />
		<boolean name="face_normals" value="true" />
		<ref id="mat-Material" name="bsdf" />
		<animation name="to_world">
			<transform time="0">
				<matrix value="0.9434251374490937 0.2852775106742897 0.1690153094343958 0.10743116126412322 -0.21590491235348663 0.1416396585061626 0.9660867258821211 1.02376902231575 0.25166366149138253 -0.9479213554627125 0.19521923539348712 -0.8409028079634236 0.0 0.0 0.0 1.0" />
				<scale value="1" />
			</transform>
			<transform time="0.0015">
				<matrix value="0.9434334510139145 0.28524049058144363 0.16903121786541966 0.1074112103691659 -0.2159098701741965 0.14162631174895682 0.9660875684085596 1.0237734525152247 0.2516281445382574 -0.9479344664327144 0.19520123426295607 -0.8408873886441837 0.0 0.0 0.0 1.0" />
				<scale value="1" />
			</transform>
		</animation>
	</shape>
	<shape type="ply" name="temp19">
		<string name="filename" value="meshes/Cube_015.ply" />
		<boolean name="face_normals" value="true" />
		<ref id="mat-Material" name="bsdf" />
		<animation name="to_world">
			<transform time="0">
				<matrix value="0.9831036457474553 0.13339543576340726 0.12535101160653794 0.04674749027994851 -0.1492239289963069 0.18742838787459093 0.9708775136506484 0.6370810752818096 0.1060162900003014 -0.9731783831814493 0.20416734236331976 -0.3237545398454331 0.0 0.0 0.0 1.0" />
				<scale value="1" />
			</transform>
			<transform time="0.0015">
				<matrix value="0.9831123263218556 0.1333214338743629 0.1253610870312901 0.04671617296099681 -0.14921731803679583 0.18741676822110817 0.9708807646112493 0.6370768447616031 0.10594444229020104 -0.973190683163616 0.2041456307123124 -0.3236725333868736 0.0 0.0 0.0 1.0" />
				<scale value="1" />
			</transform>
		</animation>
	</shape>
	<shape type="ply" name="temp20">
		<string name="filename" value="meshes/Cube_016.ply" />
		<boolean name="face_normals" value="true" />
		<ref id="mat-Material" name="bsdf" />
		<animation name="to_world">
			<transform time="0">
				<matrix value="0.9845752065060714 0.05096716261005418 0.16737583689856889 0.08784670779526693 -0.17403253744944833 0.18671163043909034 0.9668772318674143 0.3381581663526195 0.018027966746272786 -0.9810918541663626 0.19270153056520703 0.04735065393735316 0.0 0.0 0.0 1.0" />
				<scale value="1" />
			</transform>
			<transform time="0.0015">
				<matrix value="0.9845849561953336 0.0508577280617596 0.16735076535424945 0.08782953190771978 -0.17398663093383784 0.1866981710446852 0.9668880570555929 0.33812062708303536 0.017929600679226557 -0.9810999264989811 0.1926688499008007 0.04752355395451075 0.0 0.0 0.0 1.0" />
				<scale value="1" />
			</transform>
		</animation>
	</shape>
	<shape type="ply" name="temp21">
		<string name="filename" value="meshes/Cube_017.ply" />
		<boolean name="face_normals" value="true" />
		<ref id="mat-Material" name="bsdf" />
		<animation name="to_world">
			<transform time="0">
				<matrix value="0.9516960180984244 0.024742471679498064 0.3060442503691313 0.185462450292724 -0.30579657534125143 0.16609184373715905 0.9374977837937762 0.16063970908162634 -0.0276354234815 -0.9857998051824799 0.16563506896360977 0.2527840816259191 0.0 0.0 0.0 1.0" />
				<scale value="1" />
			</transform>
			<transform time="0.0015">
				<matrix value="0.9518158068337603 0.024420366910242196 0.3056866191719367 0.1855399439809845 -0.3054018278160936 0.1657768973622864 0.937678084451601 0.16072445320365195 -0.027781890621872266 -0.9858580461236794 0.1652494505699966 0.2530419642076821 0.0 0.0 0.0 1.0" />
				<scale value="1" />
			</transform>
		</animation>
	</shape>
	<shape type="ply" name="temp22">
		<string name="filename" value="meshes/Cube_018.ply" />
		<boolean name="face_normals" value="true" />
		<ref id="mat-Material" name="bsdf" />
		<animation name="to_world">
			<transform time="0">
				<matrix value="0.1509394940313141 0.9778930088877672 0.1447157842580567 0.8691169855036459 -0.5806237999244717 -0.03078068845257737 0.813589989319659 -0.0053397514083450975 0.8000583305409138 -0.2068282706503443 0.5631419019706387 -0.2125038844573865 0.0 0.0 0.0 1.0" />
				<scale value="1" />
			</transform>
			<transform time="0.0015">
				<matrix value="0.15047763481532428 0.9778738004907084 0.14527660134383957 0.8691437429113859 -0.581604050597233 -0.03126138422083571 0.8128423619955185 -0.00433278352333905 0.7994063140876622 -0.2068320004434714 0.5640366224964144 -0.21255289026834973 0.0 0.0 0.0 1.0" />
				<scale value="1" />
			</transform>
		</animation>
	</shape>
	<shape type="ply" name="temp23">
		<string name="filename" value="meshes/Cube_019.ply" />
		<boolean name="face_normals" value="true" />
		<ref id="mat-Material" name="bsdf" />
		<animation name="to_world">
			<transform time="0">
				<matrix value="-0.07573059445735754 0.9873404071143854 -0.139369869334845 0.47385876910602165 -0.903999276630374 -0.009002058724758722 0.4274401080610335 -0.056438157637199574 0.42077418279621365 0.15836046664427864 0.8932365404772633 -0.04898410240917084 0.0 0.0 0.0 1.0" />
				<scale value="1" />
			</transform>
			<transform time="0.0015">
				<matrix value="-0.07561165622682961 0.9873403996052389 -0.13943274393410907 0.47390673933685445 -0.9043500899174874 -0.009001006543134057 0.42667516213788076 -0.05606889048379474 0.42001850049801953 0.15836057027050202 0.8935817635578193 -0.049029871891057605 0.0 0.0 0.0 1.0" />
				<scale value="1" />
			</transform>
		</animation>
	</shape>
	<shape type="ply" name="temp24">
		<string name="filename" value="meshes/Cube_020.ply" />
		<boolean name="face_normals" value="true" />
		<ref id="mat-Material" name="bsdf" />
		<animation name="to_world">
			<transform time="0">
				<matrix value="0.0971157678859554 0.9678139064954977 -0.23217380628804413 0.05155291504183168 -0.9456475373875429 0.01698580462180893 -0.3247490316610145 0.18786787120517978 -0.310353049077284 0.2510928909090188 0.9168607075808418 0.10748501063282045 0.0 0.0 0.0 1.0" />
				<scale value="1" />
			</transform>
			<transform time="0.0015">
				<matrix value="0.09686293288937113 0.9677456310384432 -0.23255153812377496 0.05188735926080906 -0.9456274336025344 0.016592451663758962 -0.3248212846858662 0.18794089970484162 -0.31048969814448324 0.25136961427259064 0.9167369923601683 0.1074735281589364 0.0 0.0 0.0 1.0" />
				<scale value="1" />
			</transform>
		</animation>
	</shape>
	<shape type="ply" name="temp25">
		<string name="filename" value="meshes/Cube_021.ply" />
		<boolean name="face_normals" value="true" />
		<ref id="mat-Material" name="bsdf" />
		<animation name="to_world">
			<transform time="0">
				<matrix value="0.18170872139099725 0.9332092953404406 -0.3100038721555141 -0.1672600671617283 -0.8074976907133878 -0.0383054213085313 -0.5886260277877983 0.09863225445717533 -0.56118634391616 0.3572857372299619 0.7466038264839363 0.2537421314737327 0.0 0.0 0.0 1.0" />
				<scale value="1" />
			</transform>
			<transform time="0.0015">
				<matrix value="0.18133835287607603 0.9332974226851956 -0.30994905687480756 -0.16738262764512768 -0.8075580558107338 -0.03854296264911052 -0.5885260990459792 0.0984836794721824 -0.5612158961657726 0.3570249595860758 0.7467049381669163 0.25420863104286257 0.0 0.0 0.0 1.0" />
				<scale value="1" />
			</transform>
		</animation>
	</shape>
	<shape type="ply" name="temp26">
		<string name="filename" value="meshes/Cube_022.ply" />
		<boolean name="face_normals" value="true" />
		<ref id="mat-Material" name="bsdf" />
		<animation name="to_world">
			<transform time="0">
				<matrix value="0.6480616176175963 0.3985568068282081 -0.6489751553235519 -0.07496261126528714 -0.70140525187624 -0.01966056905905641 -0.7124917438930812 -0.18074642233216745 -0.2967277718974446 0.9169328547024236 0.2668085353843622 0.6663285203831022 0.0 0.0 0.0 1.0" />
				<scale value="1" />
			</transform>
			<transform time="0.0015">
				<matrix value="0.6483206785098539 0.3985846131981491 -0.6486962620516944 -0.0749727685583883 -0.7011090591887078 -0.019655650868384916 -0.7127801347356992 -0.1803086764082697 -0.29685410776453863 0.9169208625952684 0.2667078917716258 0.6663549665226326 0.0 0.0 0.0 1.0" />
				<scale value="1" />
			</transform>
		</animation>
	</shape>
	<shape type="ply" name="temp27">
		<string name="filename" value="meshes/Cube_023.ply" />
		<boolean name="face_normals" value="true" />
		<ref id="mat-Material" name="bsdf" />
		<animation name="to_world">
			<transform time="0">
				<matrix value="0.8578871224249902 0.2821881720317966 -0.4294177913962501 -0.06620539714801066 -0.47873860648515054 0.1353786948060481 -0.8674571568922714 -0.28515126008120634 -0.18665219040932438 0.9497591896926096 0.2512341018230335 0.19270505729886023 0.0 0.0 0.0 1.0" />
				<scale value="1" />
			</transform>
			<transform time="0.0015">
				<matrix value="0.8579208713493589 0.2817638977385114 -0.42962198916760125 -0.06607531211224962 -0.4788335343107151 0.1353828796534605 -0.8674039330503931 -0.2852515765412716 -0.18624029077125692 0.9498817990386523 0.25106481358148497 0.1931772025200381 0.0 0.0 0.0 1.0" />
				<scale value="1" />
			</transform>
		</animation>
	</shape>
	<shape type="ply" name="temp28">
		<string name="filename" value="meshes/Cube_024.ply" />
		<boolean name="face_normals" value="true" />
		<ref id="mat-Material" name="bsdf" />
		<animation name="to_world">
			<transform time="0">
				<matrix value="0.8594171910209972 0.42823790264547174 -0.27931148441611064 -0.18768299910569486 -0.3831787308054402 0.1778038600567766 -0.9063995052718522 -0.516186684130427 -0.33849199595054846 0.886001088808839 0.31689928755175284 -0.3225255735758502 0.0 0.0 0.0 1.0" />
				<scale value="1" />
			</transform>
			<transform time="0.0015">
				<matrix value="0.8593867930536581 0.4282991547544667 -0.27931087166961 -0.18771012668704817 -0.38320716287798867 0.1778193026168046 -0.9063844334100092 -0.5162096501193196 -0.3385368285642157 0.8859683113838343 0.3169428351051414 -0.32256757203998615 0.0 0.0 0.0 1.0" />
				<scale value="1" />
			</transform>
		</animation>
	</shape>
	<shape type="ply" name="temp29">
		<string name="filename" value="meshes/Cube_025.ply" />
		<boolean name="face_normals" value="true" />
		<ref id="mat-Material" name="bsdf" />
		<animation name="to_world">
			<transform time="0">
				<matrix value="0.896312144631374 0.37274807424758516 -0.2401741098888422 -0.2733224901848964 -0.32468153120329346 0.18279446334447869 -0.9279916183671607 -0.7959785908515955 -0.30200455829242223 0.9097500537103977 0.2848653563115898 -0.7174220893359369 0.0 0.0 0.0 1.0" />
				<scale value="1" />
			</transform>
			<transform time="0.0015">
				<matrix value="0.8963398458761513 0.3726994074683285 -0.24014602567422777 -0.2732544375243438 -0.3246489918148431 0.18283161860196395 -0.9279956437712554 -0.7959444695328363 -0.30195713427198556 0.9097624663297639 0.2848758666161501 -0.7173573644574932 0.0 0.0 0.0 1.0" />
				<scale value="1" />
			</transform>
		</animation>
	</shape>
	<shape type="ply" name="temp30">
		<string name="filename" value="meshes/Cube_026.ply" />
		<boolean name="face_normals" value="true" />
		<ref id="mat-Material" name="bsdf" />
		<animation name="to_world">
			<transform time="0">
				<matrix value="0.9226920874355306 0.24144878322483487 -0.3005698073047103 -0.3217101062280586 -0.350876775402596 0.2028285042645013 -0.9141915681567926 -1.14620190929788 -0.1597663764323339 0.9489799196116999 0.2718669226670499 -0.8631090391655721 0.0 0.0 0.0 1.0" />
				<scale value="1" />
			</transform>
			<transform time="0.0015">
				<matrix value="0.9226978159763572 0.2414388260964142 -0.3005601990991649 -0.32171088235363365 -0.35085616861255836 0.20277944625870564 -0.9142103164976397 -1.1461864236485786 -0.15977847498290426 0.9489929029262092 0.27181435412351257 -0.8631976103697402 0.0 0.0 0.0 1.0" />
				<scale value="1" />
			</transform>
		</animation>
	</shape>
	<shape type="ply" name="temp31">
		<string name="filename" value="meshes/Cube_027.ply" />
		<boolean name="face_normals" value="true" />
		<ref id="mat-Material" name="bsdf" />
		<animation name="to_world">
			<transform time="0">
				<matrix value="0.8733881534040037 0.1785110852003346 -0.45313084339707654 -0.5686674912907853 -0.48304070549814104 0.19873495848134112 -0.8527462754733699 -1.584478898709894 -0.062171757735002046 0.9636588148670382 0.2598008322061216 -0.9984466893467827 0.0 0.0 0.0 1.0" />
				<scale value="1" />
			</transform>
			<transform time="0.0015">
				<matrix value="0.8734253490270313 0.1783700897087881 -0.453114009889044 -0.5686096469782781 -0.48298393071189816 0.19867993445855434 -0.8527911251130724 -1.5844186306199486 -0.06208760562982809 0.9636959250696437 0.259682095550879 -0.9984897154170543 0.0 0.0 0.0 1.0" />
				<scale value="1" />
			</transform>
		</animation>
	</shape>
	<shape type="ply" name="temp32">
		<string name="filename" value="meshes/Cube_028.ply" />
		<boolean name="face_normals" value="true" />
		<ref id="mat-Material" name="bsdf" />
		<animation name="to_world">
			<transform time="0">
				<matrix value="-0.10845487006827687 0.9841778554637555 0.1401123397889746 -1.4892066015876742 -0.7898770803525363 0.00026425515671964006 -0.613265513088973 -2.120011440819111 -0.6035996503713476 -0.177183113868129 0.7773505851493617 -1.374924984269178 0.0 0.0 0.0 1.0" />
				<scale value="1" />
			</transform>
			<transform time="0.0015">
				<matrix value="-0.10844716605849664 0.9841768041832284 0.14012569170543177 -1.4891785259957695 -0.7899224459279407 0.0002654111147506187 -0.6132069532463179 -2.1200252750155606 -0.6035415352022929 -0.1771889687497501 0.7773942773790073 -1.3747686546075266 0.0 0.0 0.0 1.0" />
				<scale value="1" />
			</transform>
		</animation>
	</shape>
	<shape type="ply" name="temp33">
		<string name="filename" value="meshes/Cube_029.ply" />
		<boolean name="face_normals" value="true" />
		<ref id="mat-Material" name="bsdf" />
		<animation name="to_world">
			<transform time="0">
				<matrix value="-0.008469700918573048 0.9804875861191474 0.19639825710450706 -1.61942409638474 -0.9986272820272789 -0.018446223898311097 0.04902397095930643 -1.813407966127829 0.05169021163880452 -0.1957134096611969 0.9792979153241382 -0.10367983523131663 0.0 0.0 0.0 1.0" />
				<scale value="1" />
			</transform>
			<transform time="0.0015">
				<matrix value="-0.008485709716858079 0.9804878489392792 0.19639623674312842 -1.619465228636809 -0.9986373827691821 -0.018420723587297714 0.04881527545843295 -1.8137594190574888 0.051480555023018626 -0.19571445042891872 0.9793081532969204 -0.10410841219412473 0.0 0.0 0.0 1.0" />
				<scale value="1" />
			</transform>
		</animation>
	</shape>
	<shape type="ply" name="temp34">
		<string name="filename" value="meshes/Cube_030.ply" />
		<boolean name="face_normals" value="true" />
		<ref id="mat-Material" name="bsdf" />
		<animation name="to_world">
			<transform time="0">
				<matrix value="-0.037362139344705 0.9812158928786875 -0.18925950078255344 -3.1981061848675965 -0.977268512208293 0.0036741315242821084 0.2119733509798911 -1.9345124500396618 0.20868697561262656 0.1928771106734597 0.9587742945828458 0.245472689481518 0.0 0.0 0.0 1.0" />
				<scale value="1" />
			</transform>
			<transform time="0.0015">
				<matrix value="-0.03735263201828651 0.9812116970037061 -0.18928310984608435 -3.1981125624516866 -0.9772863833970842 0.0036720089110823255 0.21189052274808823 -1.934653811177941 0.20860450436163802 0.1928984881612465 0.9587878398938608 0.2452935894685336 0.0 0.0 0.0 1.0" />
				<scale value="1" />
			</transform>
		</animation>
	</shape>
	<shape type="ply" name="temp35">
		<string name="filename" value="meshes/Cube_031.ply" />
		<boolean name="face_normals" value="true" />
		<ref id="mat-Material" name="bsdf" />
		<animation name="to_world">
			<transform time="0">
				<matrix value="0.11999536369712797 0.9805357690390324 0.15540503739537734 -1.9432732614724058 -0.7969538692296645 0.0017951829595159183 0.6040375849663917 -1.2541259144457078 0.5920018013322057 -0.1963322994516325 0.781657235280963 0.56552060639337 0.0 0.0 0.0 1.0" />
				<scale value="1" />
			</transform>
			<transform time="0.0015">
				<matrix value="0.12002375587733087 0.980525766855732 0.15544598843546922 -1.943144407386052 -0.7969614647322648 0.0017955859003236506 0.6040275682631793 -1.25415614706949 0.5919857965231553 -0.1963820640681253 0.7816568012521917 0.5654968034243641 0.0 0.0 0.0 1.0" />
				<scale value="1" />
			</transform>
		</animation>
	</shape>
	<shape type="ply" name="temp36">
		<string name="filename" value="meshes/Cube_032.ply" />
		<boolean name="face_normals" value="true" />
		<ref id="mat-Material" name="bsdf" />
		<animation name="to_world">
			<transform time="0">
				<matrix value="0.6657145845854897 0.6135602588945461 0.42469744943622073 -0.6992424486188624 -0.5399519881140442 0.0032441831117822886 0.8416895930738059 -0.5929457448939586 0.5150493682040045 -0.7896412979769432 0.3334528705721382 -0.1511328049748073 0.0 0.0 0.0 1.0" />
				<scale value="1" />
			</transform>
			<transform time="0.0015">
				<matrix value="0.6653297191921813 0.6135651098032638 0.4252778735589885 -0.6997357331191455 -0.5407067832064725 0.0032726843781516577 0.8411917790938448 -0.595395705815743 0.5147335006116275 -0.7896373932206998 0.33393612331234 -0.15151815442217198 0.0 0.0 0.0 1.0" />
				<scale value="1" />
			</transform>
		</animation>
	</shape>
	<shape type="ply" name="temp37">
		<string name="filename" value="meshes/Cube_033.ply" />
		<boolean name="face_normals" value="true" />
		<ref id="mat-Material" name="bsdf" />
		<animation name="to_world">
			<transform time="0">
				<matrix value="0.9768858583011097 0.16835633667971708 0.1317215820899333 -0.13982241918275795 -0.1500179069441711 0.10097888503471882 0.9835130804628242 0.30055885854560316 0.15227958945227799 -0.9805403578885452 0.12390129360252773 -0.37345253572440673 0.0 0.0 0.0 1.0" />
				<scale value="1" />
			</transform>
			<transform time="0.0015">
				<matrix value="0.976885475334592 0.1683653416483461 0.1317128768344396 -0.1398341634059758 -0.15001594264507429 0.10101523831534487 0.9835096337637579 0.30056193828166516 0.15228396324904842 -0.9805350489218835 0.12393778776286399 -0.3734158210029192 0.0 0.0 0.0 1.0" />
				<scale value="1" />
			</transform>
		</animation>
	</shape>
	<shape type="ply" name="temp38">
		<string name="filename" value="meshes/Cube_034.ply" />
		<boolean name="face_normals" value="true" />
		<ref id="mat-Material" name="bsdf" />
		<animation name="to_world">
			<transform time="0">
				<matrix value="0.9999246489972998 0.0025461690407010094 0.012005951488841432 -0.03433182503334686 -0.012268783232008395 0.18182012544245896 0.9832554095525462 0.36932705393405296 0.0003206114246303812 -0.9833285011357403 0.18183769947628978 -0.3583538558932984 0.0 0.0 0.0 1.0" />
				<scale value="1" />
			</transform>
			<transform time="0.0015">
				<matrix value="0.999924664954238 0.002536156419686805 0.012007862917508827 -0.034336450418328224 -0.012268842272679869 0.18182134868244368 0.9832551797726085 0.3693274378467224 0.00031040362443713037 -0.9833282983887816 0.1818387998668806 -0.3583896701533269 0.0 0.0 0.0 1.0" />
				<scale value="1" />
			</transform>
		</animation>
	</shape>
	<shape type="ply" name="temp39">
		<string name="filename" value="meshes/Cube_035.ply" />
		<boolean name="face_normals" value="true" />
		<ref id="mat-Material" name="bsdf" />
		<animation name="to_world">
			<transform time="0">
				<matrix value="0.9989167185258861 -0.046432190362164526 0.003179328079368314 0.008521507608567624 0.006534979708418214 0.20756941156348363 0.9781986770371721 0.09140325223245982 -0.04607984192246116 -0.977117701904164 0.20764793265191592 -0.14864808943505076 0.0 0.0 0.0 1.0" />
				<scale value="1" />
			</transform>
			<transform time="0.0015">
				<matrix value="0.9989163196024302 -0.046440457181680606 0.0031812207852259656 0.008509649883294114 0.006534795405781591 0.20756834075917535 0.9781988983067419 0.09140269073531637 -0.04608832782221494 -0.9771175367029383 0.2076468280061411 -0.14867729713190952 0.0 0.0 0.0 1.0" />
				<scale value="1" />
			</transform>
		</animation>
	</shape>
	<shape type="ply" name="temp40">
		<string name="filename" value="meshes/Cube_036.ply" />
		<boolean name="face_normals" value="true" />
		<ref id="mat-Material" name="bsdf" />
		<animation name="to_world">
			<transform time="0">
				<matrix value="0.9993608462006252 -0.03561137033475657 0.003228238273255036 0.002988029414133564 0.004307417907298764 0.20951810822592995 0.9777953866032875 -0.2455368869194377 -0.03549700634898684 -0.9771560813728168 0.20953753508697695 0.21274034317717722 0.0 0.0 0.0 1.0" />
				<scale value="1" />
			</transform>
			<transform time="0.0015">
				<matrix value="0.9993598089996398 -0.03563991635563981 0.0032291216494601807 0.0029829457174828143 0.004312390248822411 0.20951398570443452 0.977796246150462 -0.24552371749670998 -0.03552512151674196 -0.9771559086624446 0.20953349947044053 0.2126642142821194 0.0 0.0 0.0 1.0" />
				<scale value="1" />
			</transform>
		</animation>
	</shape>
	<shape type="ply" name="temp41">
		<string name="filename" value="meshes/Cube_037.ply" />
		<boolean name="face_normals" value="true" />
		<ref id="mat-Material" name="bsdf" />
		<animation name="to_world">
			<transform time="0">
				<matrix value="0.998855108000149 -0.04772833176547642 0.003353315042638626 -0.005983515371161374 0.0067299526441110084 0.20954063530535666 0.9777769477675061 -0.56984914783022 -0.04737033865400061 -0.9766344126168331 0.2096219518595093 0.5130424341997313 0.0 0.0 0.0 1.0" />
				<scale value="1" />
			</transform>
			<transform time="0.0015">
