<scene version="2.1.0">
	<default name="spp" value="1024" />
	<default name="resx" value="1280" />
	<default name="resy" value="720" />
	<integrator type="path" name="temp0">
		<integer name="max_depth" value="12" />
	</integrator>
	<sensor type="perspective" name="temp44">
		<string name="fov_axis" value="x" />
		<float name="fov" value="83.974423" />
		<float name="principal_point_offset_x" value="0.000000" />
		<float name="principal_point_offset_y" value="-0.000000" />
		<float name="near_clip" value="0.100000" />
		<float name="far_clip" value="1000.000000" />
		<transform name="to_world">
			<rotate x="1" angle="-142.5518126578256" />
			<rotate y="1" angle="3.976628485794621e-06" />
			<rotate z="1" angle="-179.999991348578" />
			<translate value="-0.000000 3.030926 4.073377" />
		</transform>
		<sampler type="correlated" name="sampler">
			<integer name="sample_count" value="1024" />
		</sampler>
		<film type="hdrfilm" name="film">
			<integer name="width" value="$resx" />
			<integer name="height" value="$resy" />
		</film>
		<float name="shutter_open" value="0.0" />
		<float name="shutter_close" value="0.0015" />
	</sensor>
	<bsdf type="twosided" id="mat-Material" name="mat-Material">
		<bsdf type="diffuse" name="bsdf">
			<texture type="bitmap" name="reflectance">
				<string name="filename" value="textures/siggraph_2023_logo.jpg" />
			</texture>
		</bsdf>
	</bsdf>
	<bsdf type="twosided" id="mat-Material.001" name="mat-Material.001">
		<bsdf type="principled" name="bsdf">
			<rgb value="0.433648 0.266232 0.084399" name="base_color" />
			<float name="spec_tint" value="0.000000" />
			<float name="spec_trans" value="0.000000" />
			<float name="metallic" value="0.000000" />
			<float name="anisotropic" value="0.000000" />
			<float name="roughness" value="0.500000" />
			<float name="sheen" value="0.000000" />
			<float name="sheen_tint" value="0.500000" />
			<float name="clearcoat" value="0.000000" />
			<float name="clearcoat_gloss" value="0.173205" />
			<float name="specular" value="0.500000" />
		</bsdf>
	</bsdf>
	<bsdf type="twosided" id="mat-Material.002" name="mat-Material.002">
		<bsdf type="principled" name="bsdf">
			<rgb value="0.433648 0.266232 0.084399" name="base_color" />
			<float name="spec_tint" value="0.000000" />
			<float name="spec_trans" value="0.000000" />
			<float name="metallic" value="0.000000" />
			<float name="anisotropic" value="0.000000" />
			<float name="roughness" value="0.500000" />
			<float name="sheen" value="0.000000" />
			<float name="sheen_tint" value="0.500000" />
			<float name="clearcoat" value="0.000000" />
			<float name="clearcoat_gloss" value="0.173205" />
			<float name="specular" value="0.500000" />
		</bsdf>
	</bsdf>
	<bsdf type="twosided" id="mat-Material.003" name="mat-Material.003">
		<bsdf type="principled" name="bsdf">
			<rgb value="0.433648 0.266232 0.084399" name="base_color" />
			<float name="spec_tint" value="0.000000" />
			<float name="spec_trans" value="0.000000" />
			<float name="metallic" value="0.000000" />
			<float name="anisotropic" value="0.000000" />
			<float name="roughness" value="0.500000" />
			<float name="sheen" value="0.000000" />
			<float name="sheen_tint" value="0.500000" />
			<float name="clearcoat" value="0.000000" />
			<float name="clearcoat_gloss" value="0.173205" />
			<float name="specular" value="0.500000" />
		</bsdf>
	</bsdf>
	<bsdf type="twosided" id="mat-Material.004" name="mat-Material.004">
		<bsdf type="principled" name="bsdf">
			<rgb value="0.433648 0.266232 0.084399" name="base_color" />
			<float name="spec_tint" value="0.000000" />
			<float name="spec_trans" value="0.000000" />
			<float name="metallic" value="0.000000" />
			<float name="anisotropic" value="0.000000" />
			<float name="roughness" value="0.500000" />
			<float name="sheen" value="0.000000" />
			<float name="sheen_tint" value="0.500000" />
			<float name="clearcoat" value="0.000000" />
			<float name="clearcoat_gloss" value="0.173205" />
			<float name="specular" value="0.500000" />
		</bsdf>
	</bsdf>
	<bsdf type="twosided" id="mat-Material.005" name="mat-Material.005">
		<bsdf type="principled" name="bsdf">
			<rgb value="0.433648 0.266232 0.084399" name="base_color" />
			<float name="spec_tint" value="0.000000" />
			<float name="spec_trans" value="0.000000" />
			<float name="metallic" value="0.000000" />
			<float name="anisotropic" value="0.000000" />
			<float name="roughness" value="0.500000" />
			<float name="sheen" value="0.000000" />
			<float name="sheen_tint" value="0.500000" />
			<float name="clearcoat" value="0.000000" />
			<float name="clearcoat_gloss" value="0.173205" />
			<float name="specular" value="0.500000" />
		</bsdf>
	</bsdf>
	<emitter type="point" name="temp45">
		<point name="position" x="-6.815235034541981e-16" y="3.0693089962005615" z="4.109199523925781" />
		<rgb value="7.957747 7.957747 7.957747" name="intensity" />
	</emitter>
	<shape type="ply" name="temp2">
		<string name="filename" value="meshes/Cube.ply" />
		<boolean name="face_normals" value="true" />
		<ref id="mat-Material" name="bsdf" />
		<animation name="to_world">
			<transform time="0">
				<matrix value="0.9999991135176153 0.0002509162055220546 0.0014118852953121388 -0.0023522865746037347 -0.00024817340304630805 0.9999981227433812 -0.0019419545449602643 -0.014650107280191116 -0.001412370329789177 0.0019416027182675843 0.9999971632560337 0.0031197370017588266 0.0 0.0 0.0 1.0" />
			</transform>
			<transform time="0.0015">
				<matrix value="0.9999991135176153 0.0002502612577536906 0.0014123412808330605 -0.002352461968400055 -0.0002476267981270419 0.9999981903257008 -0.001865328254699189 -0.014752819608363759 -0.0014128072307580722 0.0018649771559209475 0.9999972313389783 0.003125253159701333 0.0 0.0 0.0 1.0" />
			</transform>
		</animation>
	</shape>
	<shape type="ply" name="temp4">
		<string name="filename" value="meshes/Plane.ply" />
		<boolean name="face_normals" value="true" />
		<ref id="mat-Material.001" name="bsdf" />
	</shape>
	<shape type="ply" name="temp5">
		<string name="filename" value="meshes/Cube_001.ply" />
		<boolean name="face_normals" value="true" />
		<ref id="mat-Material" name="bsdf" />
		<animation name="to_world">
			<transform time="0">
				<matrix value="0.9999986702764229 0.00019795775338271213 -0.001710336764059967 0.0022590271972156017 -0.00020392020240165808 0.9999939510620058 -0.0034865474509255113 -0.013692165681598312 0.0017096344678534895 0.003486879019154275 0.999992435349423 -0.003999812659457258 0.0 0.0 0.0 1.0" />
			</transform>
			<transform time="0.0015">
				<matrix value="0.999998670276423 0.00019459822125723729 -0.0017109742757317147 0.002260227458459618 -0.0002004555043164028 0.9999941087540849 -0.003424383041876459 -0.013764493958512702 0.0017102906171537443 0.0034247092924420603 0.9999925970464163 -0.0039948375265076936 0.0 0.0 0.0 1.0" />
			</transform>
		</animation>
	</shape>
	<shape type="ply" name="temp6">
		<string name="filename" value="meshes/Cube_002.ply" />
		<boolean name="face_normals" value="true" />
		<ref id="mat-Material" name="bsdf" />
		<animation name="to_world">
			<transform time="0">
				<matrix value="1.0 5.2592178514589416e-05 0.00037664158827403516 -0.0009229311977216881 -5.3894139819547646e-05 0.9999939510620058 0.00345768358106776 -0.01980240170387476 -0.000376457598661057 -0.003457696022093225 0.9999940901167368 0.0009970300382359243 0.0 0.0 0.0 1.0" />
			</transform>
			<transform time="0.0015">
				<matrix value="1.0 5.358021700880865e-05 0.0003767952855212887 -0.0009239483723149182 -5.487641702346489e-05 0.9999940036260322 0.003441158148359181 -0.019788692102804265 -0.0003766092534020497 -0.0034411713940370237 0.9999941411789451 0.0009912785459296675 0.0 0.0 0.0 1.0" />
			</transform>
		</animation>
	</shape>
	<shape type="ply" name="temp7">
		<string name="filename" value="meshes/Cube_003.ply" />
		<boolean name="face_normals" value="true" />
		<ref id="mat-Material" name="bsdf" />
		<animation name="to_world">
			<transform time="0">
				<matrix value="0.9999991135176153 -0.0003255454994858403 0.0013549116567010274 -0.001162835306723231 0.0003295812966400545 0.9999954111504872 -0.0029790303158099777 -0.01748919157421902 -0.0013539378434011139 0.002979469070111363 0.9999947993027284 0.00377063292838431 0.0 0.0 0.0 1.0" />
			</transform>
			<transform time="0.0015">
				<matrix value="0.9999991135176153 -0.0003329258642431961 0.0013553612594459003 -0.001163024107096301 0.00033706668040951385 0.9999951032754757 -0.0030549972653052186 -0.017481717723645984 -0.0013543246395839488 0.003055446615631968 0.9999944929294781 0.0037734589271590227 0.0 0.0 0.0 1.0" />
			</transform>
		</animation>
	</shape>
	<shape type="ply" name="temp8">
		<string name="filename" value="meshes/Cube_004.ply" />
		<boolean name="face_normals" value="true" />
		<ref id="mat-Material" name="bsdf" />
		<animation name="to_world">
			<transform time="0">
				<matrix value="0.9999995567588077 0.00033610611088746265 0.0010937042722782505 -0.000497738505400136 -0.00033671127446026523 0.9999997914159312 0.0005535243943433434 -0.016951396334891566 -0.001093515913245288 -0.0005538929087674142 0.9999992908140084 0.003403702557388144 0.0 0.0 0.0 1.0" />
			</transform>
			<transform time="0.0015">
				<matrix value="0.9999995567588077 0.0003119575964489568 0.0010942373617338409 -0.0004962739822859854 -0.0003124802329119231 0.9999997538701981 0.0004788125539303258 -0.017013207784145758 -0.0010940373859868327 -0.00047915437243942655 0.9999992567725362 0.0034022764716458397 0.0 0.0 0.0 1.0" />
			</transform>
		</animation>
	</shape>
	<shape type="ply" name="temp9">
		<string name="filename" value="meshes/Cube_005.ply" />
		<boolean name="face_normals" value="true" />
		<ref id="mat-Material" name="bsdf" />
		<animation name="to_world">
			<transform time="0">
				<matrix value="0.9999995567588077 -0.000463569749469675 0.0008056967492332517 -0.0006677597031545801 0.0004662498426493767 0.9999943682301434 -0.003333079602345231 -0.020006425658963822 -0.0008041459008168049 0.003333448749851384 0.9999940901167368 0.002053080872168267 0.0 0.0 0.0 1.0" />
			</transform>
			<transform time="0.0015">
				<matrix value="0.9999995727157459 -0.00044258869820434845 0.0008057109615479202 -0.0006679092377296256 0.00044510876644876117 0.9999944883764894 -0.0031342597027817143 -0.019884782954385075 -0.0008042065371821008 0.003134612104071395 0.9999942092618896 0.0020609806850697817 0.0 0.0 0.0 1.0" />
			</transform>
		</animation>
	</shape>
	<shape type="ply" name="temp10">
		<string name="filename" value="meshes/Cube_006.ply" />
		<boolean name="face_normals" value="true" />
		<ref id="mat-Material" name="bsdf" />
		<animation name="to_world">
			<transform time="0">
				<matrix value="0.9999991135176153 0.00012836972777693188 -0.001425043059409456 -0.0011789286251722153 -0.000127325908156879 0.9999995828318625 0.0007327782455778707 -0.016968832895938757 0.0014251356761289795 -0.0007325952238419935 0.9999988180233473 -0.00335269879430522 0.0 0.0 0.0 1.0" />
			</transform>
			<transform time="0.0015">
				<matrix value="0.9999991135176153 0.00011648500892756285 -0.0014259500944378218 -0.0011798060642178114 -0.00011537561349967021 0.9999995227586896 0.0007775344414389638 -0.016968206071891152 0.0014260249562968589 -0.0007773685856666684 0.9999987584507708 -0.0033558748710457807 0.0 0.0 0.0 1.0" />
			</transform>
		</animation>
	</shape>
	<shape type="ply" name="temp11">
		<string name="filename" value="meshes/Cube_007.ply" />
		<boolean name="face_normals" value="true" />
		<ref id="mat-Material" name="bsdf" />
		<animation name="to_world">
			<transform time="0">
				<matrix value="1.0 -0.0002611201381660871 -6.610275348553095e-05 0.0005412254892007695 0.00026116746184136574 0.9999995828318625 0.0007253365205727763 -0.017648660133983918 6.59135112326183e-05 -0.000725353184974438 0.9999997636046695 -0.0001550124705307354 0.0 0.0 0.0 1.0" />
			</transform>
			<transform time="0.0015">
				<matrix value="0.9999999840430618 -0.00021211139237224962 -6.626355689011876e-05 0.0005402561456952755 0.00021214819437536512 0.9999993500483173 0.0005713906003643719 -0.01768019920586431 6.594046250129851e-05 -0.0005714041151392434 0.9999995508454679 -0.00016011360432403252 0.0 0.0 0.0 1.0" />
			</transform>
		</animation>
	</shape>
	<shape type="ply" name="temp12">
		<string name="filename" value="meshes/Cube_008.ply" />
		<boolean name="face_normals" value="true" />
		<ref id="mat-Material" name="bsdf" />
		<animation name="to_world">
			<transform time="0">
				<matrix value="0.9999982270352306 -0.002081362387703552 9.497867950513948e-05 0.0002555077866004396 0.0020811326408132946 0.9999949939823496 0.0023685630142484923 -0.01937712631896371 -9.99078944802288e-05 -0.0023683719804848745 0.9999971632560337 8.303127191156001e-05 0.0 0.0 0.0 1.0" />
			</transform>
			<transform time="0.0015">
				<matrix value="0.9999981791644159 -0.0020999133589756783 9.48387690541512e-05 0.00025511043917337796 0.00209968178366546 0.9999948963634435 0.0023894627761424712 -0.019393649931934244 -9.986618304368051e-05 -0.0023892697853507504 0.9999971121938254 8.24707407479146e-05 0.0 0.0 0.0 1.0" />
			</transform>
		</animation>
	</shape>
	<shape type="ply" name="temp13">
		<string name="filename" value="meshes/Cube_009.ply" />
		<boolean name="face_normals" value="true" />
		<ref id="mat-Material" name="bsdf" />
		<animation name="to_world">
			<transform time="0">
				<matrix value="0.9999995567588077 -0.0001731266543323954 0.0009242466435408995 0.0016954929571557642 0.00017273020617807305 0.9999997914159312 0.00042910953188523854 -0.017482860178187676 -0.0009243218852998173 -0.0004289489657358951 0.9999995272093389 0.0016135313550944552 0.0 0.0 0.0 1.0" />
			</transform>
			<transform time="0.0015">
				<matrix value="0.9999995248449313 -0.00022186830729003777 0.0009244040853501016 0.0016967683974891377 0.00022145794038250623 0.9999997463610515 0.0004439545924193871 -0.01756107498812621 -0.0009245227831522055 -0.00044374866772157453 0.9999995186989709 0.001612922612946924 0.0 0.0 0.0 1.0" />
			</transform>
		</animation>
	</shape>
	<shape type="ply" name="temp14">
		<string name="filename" value="meshes/Cube_010.ply" />
		<boolean name="face_normals" value="true" />
		<ref id="mat-Material" name="bsdf" />
		<animation name="to_world">
			<transform time="0">
				<matrix value="0.9999809406287288 -0.00035528124432912067 0.006156916383662057 0.013126194124139845 0.0003539693135257709 1.0 0.00021432664444865753 -0.018081308357850823 -0.006156996916814266 -0.0002121425129791437 0.9999810883735576 0.010129715245596804 0.0 0.0 0.0 1.0" />
			</transform>
			<transform time="0.0015">
				<matrix value="0.9999809406287288 -0.00035331932959121114 0.0061594669409711315 0.013131260128468292 0.0003520053654815894 1.0 0.00021454934376018194 -0.01807752677209662 -0.006159546995113723 -0.00021237657307934902 0.9999810713528214 0.01013301001892942 0.0 0.0 0.0 1.0" />
			</transform>
		</animation>
	</shape>
	<shape type="ply" name="temp15">
		<string name="filename" value="meshes/Cube_011.ply" />
		<boolean name="face_normals" value="true" />
		<ref id="mat-Material" name="bsdf" />
		<animation name="to_world">
			<transform time="0">
				<matrix value="0.9950729309057901 0.09914351209683307 -0.0007205069639700421 0.019708148416771376 -0.09912841051935457 0.9950060802256046 0.011687385141418778 0.14818778320824688 0.0018756371592140093 -0.011558379552086571 0.9999316817494767 -0.022613345577246147 0.0 0.0 0.0 1.0" />
			</transform>
			<transform time="0.0015">
				<matrix value="0.9947183836951297 0.10173992118953781 -0.000739524062240686 0.02072473119632263 -0.10172223636067941 0.9946426225108103 0.012184419571665054 0.15280470490467893 0.002009575230822318 -0.012038801762133473 0.9999224139586539 -0.023201589375317556 0.0 0.0 0.0 1.0" />
			</transform>
		</animation>
	</shape>
	<shape type="ply" name="temp16">
		<string name="filename" value="meshes/Cube_012.ply" />
		<boolean name="face_normals" value="true" />
		<ref id="mat-Material" name="bsdf" />
		<animation name="to_world">
			<transform time="0">
				<matrix value="0.9966978531169608 0.08083542091222157 0.007696393694674628 0.11741456324557342 -0.08118321463334202 0.9939763006781068 0.07362166156604343 0.18318974297551416 -0.0016987972207004275 -0.07400335403182577 0.9972566321891958 -0.27007227157357727 0.0 0.0 0.0 1.0" />
			</transform>
			<transform time="0.0015">
				<matrix value="0.9965013593795256 0.08266988140268787 0.007731598534249032 0.11776635995211616 -0.08301050745847245 0.9936564635960393 0.07494524336764395 0.18729428679253993 -0.0014215219621547975 -0.07531958203190008 0.9971340233164836 -0.272715122325306 0.0 0.0 0.0 1.0" />
			</transform>
		</animation>
	</shape>
	<shape type="ply" name="temp17">
		<string name="filename" value="meshes/Cube_013.ply" />
		<boolean name="face_normals" value="true" />
		<ref id="mat-Material" name="bsdf" />
		<animation name="to_world">
			<transform time="0">
				<matrix value="0.9894597244458155 0.12273403653975717 0.07685221651353766 0.15467874069182563 -0.14028574873188696 0.9440398145270461 0.2985105675804607 0.4710365999653851 -0.035914136202699516 -0.30614551241805255 0.9513070534220351 -0.31597230762579875 0.0 0.0 0.0 1.0" />
			</transform>
			<transform time="0.0015">
				<matrix value="0.9892697411391804 0.12391203842155912 0.0771440966070623 0.15512782462539412 -0.1415764559992695 0.9428150727130107 0.3012745223687647 0.47557774295802285 -0.035304309255865744 -0.30895964020608396 0.950288243219504 -0.31881334667219285 0.0 0.0 0.0 1.0" />
			</transform>
		</animation>
	</shape>
	<shape type="ply" name="temp18">
		<string name="filename" value="meshes/Cube_014.ply" />
		<boolean name="face_normals" value="true" />
		<ref id="mat-Material" name="bsdf" />
		<animation name="to_world">
			<transform time="0">
				<matrix value="0.9725394351688839 0.23242522782594913 0.012070321937344837 0.03180835026714934 -0.16514595045981842 0.6526197116116665 0.7394691790132009 0.7698355943612424 0.16399396660088966 -0.7211560563427287 0.6730825147357029 -0.4693328859943061 0.0 0.0 0.0 1.0" />
			</transform>
			<transform time="0.0015">
				<matrix value="0.9723705948054112 0.23299150008185487 0.013114581544537417 0.03279253700177946 -0.16566585942141612 0.6495518122135473 0.7417786205742584 0.7723605916093997 0.16443032024680343 -0.7234602004379322 0.670225584176289 -0.4719285070832392 0.0 0.0 0.0 1.0" />
			</transform>
		</animation>
	</shape>
	<shape type="ply" name="temp19">
		<string name="filename" value="meshes/Cube_015.ply" />
		<boolean name="face_normals" value="true" />
		<ref id="mat-Material" name="bsdf" />
		<animation name="to_world">
			<transform time="0">
				<matrix value="0.9710386204915722 0.23734739468068908 0.027397013192277817 0.007307996560086849 -0.13499659590764274 0.45042686729672965 0.882548398397996 0.5710733196222727 0.1971302349001023 -0.8606867004711916 0.46942297318189535 -0.3514256755631325 0.0 0.0 0.0 1.0" />
			</transform>
			<transform time="0.0015">
				<matrix value="0.9710081586964802 0.23734611061661676 0.028178141580306074 0.0078014340768965225 -0.13521841011467045 0.448205864472924 0.883553702646408 0.5718597970183648 0.1971248685817736 -0.8617514899530335 0.4673069127143783 -0.3520862995004808 0.0 0.0 0.0 1.0" />
			</transform>
		</animation>
	</shape>
	<shape type="ply" name="temp20">
		<string name="filename" value="meshes/Cube_016.ply" />
		<boolean name="face_normals" value="true" />
		<ref id="mat-Material" name="bsdf" />
		<animation name="to_world">
			<transform time="0">
				<matrix value="0.9716635905727917 0.2228255632291317 0.0788598274975994 0.07743776120244317 -0.17300962542573317 0.4431353940048767 0.8796014942076053 0.29692041981639555 0.16105208615899594 -0.8683200430517518 0.46912960657670716 -0.2525048674744063 0.0 0.0 0.0 1.0" />
			</transform>
			<transform time="0.0015">
				<matrix value="0.9714904577929337 0.22341779460490943 0.07922862344665851 0.07740555211075748 -0.17324721625759462 0.441198469706925 0.8804588286864714 0.297384856630272 0.16178731485375944 -0.8690816582478803 0.4673394676749747 -0.2528754419519724 0.0 0.0 0.0 1.0" />
			</transform>
		</animation>
	</shape>
	<shape type="ply" name="temp21">
		<string name="filename" value="meshes/Cube_017.ply" />
		<boolean name="face_normals" value="true" />
		<ref id="mat-Material" name="bsdf" />
		<animation name="to_world">
			<transform time="0">
				<matrix value="0.944800514868969 0.21692555426001672 0.24555163086774578 0.206450567056922 -0.3193063009394941 0.44158373711732646 0.8384791080898737 0.09643638378895639 0.07345596930643392 -0.8706015355959142 0.48647416837304697 -0.1078042229862387 0.0 0.0 0.0 1.0" />
			</transform>
			<transform time="0.0015">
				<matrix value="0.9445835643367155 0.2173475607910221 0.245990008437141 0.20612936720873246 -0.3197212212259696 0.4397039198794344 0.8392401307333485 0.09676273323577046 0.07427472140300487 -0.8713809549786833 0.48484325845781023 -0.10679676264350965 0.0 0.0 0.0 1.0" />
			</transform>
		</animation>
	</shape>
	<shape type="ply" name="temp22">
		<string name="filename" value="meshes/Cube_018.ply" />
		<boolean name="face_normals" value="true" />
		<ref id="mat-Material" name="bsdf" />
		<animation name="to_world">
			<transform time="0">
				<matrix value="0.12849588760821734 0.985026792623633 0.11493928658725991 0.8669865533341089 -0.5794975240546995 -0.019474336859099377 0.8147412345793417 -0.01681896107104676 0.8047806222042563 -0.17129787265108265 0.5683182505232611 -0.3120742424148647 0.0 0.0 0.0 1.0" />
			</transform>
			<transform time="0.0015">
				<matrix value="0.12967163470977414 0.9849015700945658 0.1145064330977757 0.8668439666037585 -0.5781421576778918 -0.018743045924865732 0.8156676817572635 -0.01816934912275882 0.80550425339631 -0.17201477838822415 0.5670102750346181 -0.3112854649472877 0.0 0.0 0.0 1.0" />
			</transform>
		</animation>
	</shape>
	<shape type="ply" name="temp23">
		<string name="filename" value="meshes/Cube_019.ply" />
		<boolean name="face_normals" value="true" />
		<ref id="mat-Material" name="bsdf" />
		<animation name="to_world">
			<transform time="0">
				<matrix value="-0.07830587010905506 0.9884682211742032 -0.129610311753434 0.456935062702578 -0.8851003586707729 -0.009104431785709072 0.46531111280265103 -0.0748516533054178 0.45876527187528254 0.1511547005462817 0.8756066495169734 -0.040330923058063184 0.0 0.0 0.0 1.0" />
			</transform>
			<transform time="0.0015">
				<matrix value="-0.07816115823188872 0.9884613953599238 -0.1297456002235262 0.4570148182028206 -0.8856564420113511 -0.009101878075125889 0.4642078457074431 -0.07431417405751167 0.4576708700534641 0.15119931463910652 0.8761486578382959 -0.04044858570979146 0.0 0.0 0.0 1.0" />
			</transform>
		</animation>
	</shape>
	<shape type="ply" name="temp24">
		<string name="filename" value="meshes/Cube_020.ply" />
		<boolean name="face_normals" value="true" />
		<ref id="mat-Material" name="bsdf" />
		<animation name="to_world">
			<transform time="0">
				<matrix value="0.060951557653649006 0.9981241254835896 -0.0057625380140321055 -0.15763268857240692 -0.8975781853809773 0.05228437098883349 -0.43774363566272506 0.2966878064566184 -0.43662107142609924 0.03185349164639928 0.8990814146717966 0.14568360890969323 0.0 0.0 0.0 1.0" />
			</transform>
			<transform time="0.0015">
				<matrix value="0.060436900144763 0.9981473928958297 -0.006158231832813154 -0.15736603721494336 -0.897472649527889 0.051637627096968716 -0.438021201317073 0.29696893424495496 -0.43689863617824987 0.03199455197289109 0.898939819167706 0.14578775218444223 0.0 0.0 0.0 1.0" />
			</transform>
		</animation>
	</shape>
	<shape type="ply" name="temp25">
		<string name="filename" value="meshes/Cube_021.ply" />
		<boolean name="face_normals" value="true" />
		<ref id="mat-Material" name="bsdf" />
		<animation name="to_world">
			<transform time="0">
				<matrix value="0.1651025571470869 0.959830462868907 -0.22686221603601908 -0.23261139354915109 -0.7093880257505404 -0.044236676171147404 -0.70342881971121 0.24504877150646381 -0.6852083322252304 0.27707118765682914 0.6735884007430378 0.2029038912946538 0.0 0.0 0.0 1.0" />
			</transform>
			<transform time="0.0015">
				<matrix value="0.16615313323804087 0.9595398363671989 -0.22724553152403387 -0.23180065696345348 -0.7090586745453542 -0.04390410507823843 -0.7037751831810867 0.2451907814237292 -0.6852715057437058 0.2780711807124705 0.6730869187944408 0.20322623777977514 0.0 0.0 0.0 1.0" />
			</transform>
		</animation>
	</shape>
	<shape type="ply" name="temp26">
		<string name="filename" value="meshes/Cube_022.ply" />
		<boolean name="face_normals" value="true" />
		<ref id="mat-Material" name="bsdf" />
		<animation name="to_world">
			<transform time="0">
				<matrix value="0.6473839018344866 0.42016799360898416 -0.6358876006394021 -0.08331641954925773 -0.6939814051454984 -0.019959784991541916 -0.7197164579847487 -0.16961037413295232 -0.31509409124031296 0.9072268122305355 0.278667070745085 0.6377066970748334 0.0 0.0 0.0 1.0" />
			</transform>
			<transform time="0.0015">
				<matrix value="0.6464533729812679 0.4195064002458597 -0.6372056864453063 -0.08343657042365445 -0.6952325088878736 -0.019906453455312237 -0.7184503705277216 -0.17111697364424086 -0.31409967080639833 0.9075262694886711 0.2787623443155725 0.6384943438572551 0.0 0.0 0.0 1.0" />
			</transform>
		</animation>
	</shape>
	<shape type="ply" name="temp27">
		<string name="filename" value="meshes/Cube_023.ply" />
		<boolean name="face_normals" value="true" />
		<ref id="mat-Material" name="bsdf" />
		<animation name="to_world">
			<transform time="0">
				<matrix value="0.8465694018194164 0.30700487878136845 -0.4348203702801899 -0.10401257556255683 -0.4895293133130152 0.12830250113156857 -0.8624961644857623 -0.2935476213026142 -0.20900205132023822 0.9430198384307804 0.2589048939034117 0.161534826107529 0.0 0.0 0.0 1.0" />
			</transform>
			<transform time="0.0015">
				<matrix value="0.8468030433090645 0.3062236647125568 -0.4348956274649885 -0.10343200614622397 -0.4894760809670607 0.12872166770332155 -0.8624611358108069 -0.2934910945287247 -0.20812546808811322 0.9432050590413568 0.2588948261379908 0.16233397217072495 0.0 0.0 0.0 1.0" />
			</transform>
		</animation>
	</shape>
	<shape type="ply" name="temp28">
		<string name="filename" value="meshes/Cube_024.ply" />
		<boolean name="face_normals" value="true" />
		<ref id="mat-Material" name="bsdf" />
		<animation name="to_world">
			<transform time="0">
				<matrix value="0.8848166843076661 0.3159800426763005 -0.34242667371439944 -0.13932432766100944 -0.40625954076666543 0.1633306286932417 -0.8990419370044268 -0.534171865146149 -0.2281505140711349 0.9346013854153848 0.2728874413089493 -0.20648437593237395 0.0 0.0 0.0 1.0" />
			</transform>
			<transform time="0.0015">
				<matrix value="0.8847074431085041 0.316056598426111 -0.34263584154070054 -0.1393571073510109 -0.4064570334084342 0.16317619258015661 -0.8989797177035038 -0.53432510332327 -0.22821916720220045 0.9346020462202876 0.2728273496000425 -0.206641266522585 0.0 0.0 0.0 1.0" />
			</transform>
		</animation>
	</shape>
	<shape type="ply" name="temp29">
		<string name="filename" value="meshes/Cube_025.ply" />
		<boolean name="face_normals" value="true" />
		<ref id="mat-Material" name="bsdf" />
		<animation name="to_world">
			<transform time="0">
				<matrix value="0.8864074769470256 0.40399209049211243 -0.22599183206853954 -0.2889109675078402 -0.32855062789547307 0.2051510461533969 -0.9219370611616183 -0.7964512640118482 -0.3260928998079879 0.8914614025609953 0.31457930377792837 -0.7315505892671466 0.0 0.0 0.0 1.0" />
			</transform>
			<transform time="0.0015">
				<matrix value="0.8863650953190715 0.40396232423490314 -0.22620827625953618 -0.28904575536147853 -0.32876784331290126 0.20515976652536894 -0.9218569020048143 -0.7966179078266028 -0.32598670797972273 0.8914728690278869 0.3146561183600829 -0.731383750015587 0.0 0.0 0.0 1.0" />
			</transform>
		</animation>
	</shape>
	<shape type="ply" name="temp30">
		<string name="filename" value="meshes/Cube_026.ply" />
		<boolean name="face_normals" value="true" />
		<ref id="mat-Material" name="bsdf" />
		<animation name="to_world">
			<transform time="0">
				<matrix value="0.9222528354139076 0.24812827085892836 -0.2964494366935669 -0.31293850317142236 -0.34873006965978576 0.20301883722725025 -0.9149704907708899 -1.136285101670232 -0.16684515989482773 0.9472146726377333 0.2737644679852168 -0.8446726446918481 0.0 0.0 0.0 1.0" />
			</transform>
			<transform time="0.0015">
				<matrix value="0.9222243203652803 0.2479530073767727 -0.29668085062198984 -0.3130942579140896 -0.3489279053757266 0.20312858415604432 -0.9148698046063132 -1.1364750947222384 -0.16658008483254905 0.947236426635497 0.27384681430661356 -0.8442834604322682 0.0 0.0 0.0 1.0" />
			</transform>
		</animation>
	</shape>
	<shape type="ply" name="temp31">
		<string name="filename" value="meshes/Cube_027.ply" />
		<boolean name="face_normals" value="true" />
		<ref id="mat-Material" name="bsdf" />
		<animation name="to_world">
			<transform time="0">
				<matrix value="0.8719626897293924 0.17463415397258789 -0.45736704772017983 -0.5454069072376598 -0.48607602118338306 0.19735331846824206 -0.8513411416286977 -1.5741120059108622 -0.05841036865256451 0.9646525093706394 0.2569702345183516 -0.9683554118888327 0.0 0.0 0.0 1.0" />
			</transform>
			<transform time="0.0015">
				<matrix value="0.8719748329593898 0.1744705334222695 -0.4574054890527293 -0.5453186535891115 -0.4860792923557214 0.19749987147920345 -0.8513049300125811 -1.5741909762540345 -0.05819014216089124 0.9646514505809657 0.257021492465207 -0.9679783966053704 0.0 0.0 0.0 1.0" />
			</transform>
		</animation>
	</shape>
	<shape type="ply" name="temp32">
		<string name="filename" value="meshes/Cube_028.ply" />
		<boolean name="face_normals" value="true" />
		<ref id="mat-Material" name="bsdf" />
		<animation name="to_world">
			<transform time="0">
				<matrix value="-0.10780100066131586 0.9806141966488884 0.16362984557238638 -1.4504145033736484 -0.8419654555544327 -0.0025312803098724926 -0.5395257720553298 -2.0941876634353234 -0.5286524403973569 -0.1959320474820774 0.8259161146441706 -1.1523199801106783 0.0 0.0 0.0 1.0" />
			</transform>
			<transform time="0.0015">
				<matrix value="-0.10778946858205288 0.9806142266854749 0.16363723767808763 -1.4503652463545245 -0.8420082680197193 -0.00253319281442563 -0.5394587954586584 -2.094153045662985 -0.5285864425008138 -0.19593186350798517 0.8259583005386688 -1.1521917372023307 0.0 0.0 0.0 1.0" />
			</transform>
		</animation>
	</shape>
	<shape type="ply" name="temp33">
		<string name="filename" value="meshes/Cube_029.ply" />
		<boolean name="face_normals" value="true" />
		<ref id="mat-Material" name="bsdf" />
		<animation name="to_world">
			<transform time="0">
				<matrix value="-0.009112272107540951 0.9855872580164073 0.1689222878718321 -1.6632192288862644 -0.9995443480542597 -0.0041144271342843375 -0.029913110532310275 -1.9339055772902938 -0.028786964099236385 -0.1691178145395611 0.9851754124271135 -0.24311514375479892 0.0 0.0 0.0 1.0" />
			</transform>
			<transform time="0.0015">
				<matrix value="-0.009153825570400708 0.98556891317121 0.16902600968469766 -1.6631274218179217 -0.9995408375278478 -0.00413450373887564 -0.0300219223963155 -1.934052513796554 -0.02888972741975224 -0.1692232467127062 0.9851540003410619 -0.2434126834272954 0.0 0.0 0.0 1.0" />
			</transform>
		</animation>
	</shape>
	<shape type="ply" name="temp34">
		<string name="filename" value="meshes/Cube_030.ply" />
		<boolean name="face_normals" value="true" />
		<ref id="mat-Material" name="bsdf" />
		<animation name="to_world">
			<transform time="0">
				<matrix value="-0.038120780952579696 0.9821149275721348 -0.1843831039401869 -3.1956298681266553 -0.9753084365354724 0.003599757160729027 0.2208169397765675 -1.9182907072569295 0.21753128426242746 0.18824810778125725 0.9577279743610134 0.2674658212318688 0.0 0.0 0.0 1.0" />
			</transform>
			<transform time="0.0015">
				<matrix value="-0.038012268749410674 0.9821135545170537 -0.18441187364975223 -3.195410855076744 -0.9754272875749178 0.00360705173324979 0.22027231725065172 -1.9192700749675373 0.216997575975151 0.18825509614042926 0.9578434955729314 0.2663848733528233 0.0 0.0 0.0 1.0" />
			</transform>
		</animation>
	</shape>
	<shape type="ply" name="temp35">
		<string name="filename" value="meshes/Cube_031.ply" />
		<boolean name="face_normals" value="true" />
		<ref id="mat-Material" name="bsdf" />
		<animation name="to_world">
			<transform time="0">
				<matrix value="0.10071725289746768 0.9857660145633397 0.13461536824955403 -2.02018861457023 -0.8092786338242672 0.0024677017998719296 0.5874199388114326 -1.3036763062673924 0.5787267276211954 -0.16810465914234402 0.7980079911077532 0.5491726330361457 0.0 0.0 0.0 1.0" />
			</transform>
			<transform time="0.0015">
				<matrix value="0.10077169956642194 0.9857473318065444 0.1347102009829757 -2.0199474853873616 -0.8093271269595658 0.0024702903528954386 0.5873529707251294 -1.3038730464352717 0.5786491609444313 -0.1682131955967026 0.7980410368669496 0.5490137710477122 0.0 0.0 0.0 1.0" />
			</transform>
		</animation>
	</shape>
	<shape type="ply" name="temp36">
		<string name="filename" value="meshes/Cube_032.ply" />
		<boolean name="face_normals" value="true" />
		<ref id="mat-Material" name="bsdf" />
		<animation name="to_world">
			<transform time="0">
				<matrix value="0.7721545245174434 0.5821885891999341 0.2546247200488298 -0.5527653753502415 -0.28961242103658164 -0.03423473633930788 0.9565316266220857 0.27375308366693935 0.5655988099860468 -0.8123327416498582 0.14217453445485584 -0.1920071007904398 0.0 0.0 0.0 1.0" />
			</transform>
			<transform time="0.0015">
				<matrix value="0.772068404921785 0.5823079095397564 0.2546118693930517 -0.5530974309064752 -0.2895067829140732 -0.034399337584175065 0.9565571577262806 0.274249473794581 0.5657693098710961 -0.8122394329939342 0.1420234847831073 -0.1917597166425442 0.0 0.0 0.0 1.0" />
			</transform>
		</animation>
	</shape>
	<shape type="ply" name="temp37">
		<string name="filename" value="meshes/Cube_033.ply" />
		<boolean name="face_normals" value="true" />
		<ref id="mat-Material" name="bsdf" />
		<animation name="to_world">
			<transform time="0">
				<matrix value="0.9781114201979693 0.1597008695869827 0.1333954265068193 -0.13090904513182 -0.15016453113060188 0.09795610556856889 0.9837965184641301 0.30029760249106213 0.1440462513319398 -0.9822932984024547 0.11979338102530328 -0.39414901265115343 0.0 0.0 0.0 1.0" />
			</transform>
			<transform time="0.0015">
				<matrix value="0.9781153136908988 0.15970832616957828 0.13335772983147545 -0.1309323444377034 -0.15015613458970223 0.09815121422341695 0.9837778296958594 0.3003075386275937 0.14402846891996987 -0.9822720850632477 0.11998439964066898 -0.3940701437690114 0.0 0.0 0.0 1.0" />
			</transform>
		</animation>
	</shape>
	<shape type="ply" name="temp38">
		<string name="filename" value="meshes/Cube_034.ply" />
		<boolean name="face_normals" value="true" />
		<ref id="mat-Material" name="bsdf" />
		<animation name="to_world">
			<transform time="0">
				<matrix value="0.9999242057561075 0.0035141117551723638 0.011821610410093893 -0.03602134303631477 -0.012262116884475389 0.18076688018722506 0.9834494901189115 0.36947804430599673 0.0013189971402078268 -0.9835195641427299 0.18079623620810545 -0.3456639232301997 0.0 0.0 0.0 1.0" />
			</transform>
			<transform time="0.0015">
				<matrix value="0.9999242057561075 0.0035079198630508595 0.01182314653152962 -0.03602240249378598 -0.012262514531376225 0.18077212532614045 0.983448519936952 0.3694749031369834 0.001312564579266225 -0.9835186254994022 0.18080140710774173 -0.3456994249344546 0.0 0.0 0.0 1.0" />
			</transform>
		</animation>
	</shape>
	<shape type="ply" name="temp39">
		<string name="filename" value="meshes/Cube_035.ply" />
		<boolean name="face_normals" value="true" />
		<ref id="mat-Material" name="bsdf" />
		<animation name="to_world">
			<transform time="0">
				<matrix value="0.9990346206830525 -0.043851671697019125 0.002611601053566709 0.008988045683649748 0.006760930771044648 0.21222573802258132 0.9771973064170458 0.09189773580036062 -0.04340599829440789 -0.9762362256295589 0.21231737869728207 -0.13798054696352363 0.0 0.0 0.0 1.0" />
			</transform>
			<transform time="0.0015">
				<matrix value="0.9990344291997937 -0.043856018741998556 0.0026127797395437092 0.00899001944139556 0.006760680247114347 0.21222522740061103 0.9771974170518307 0.09189693652148662 -0.0434104997466842 -0.9762361430289461 0.21231684509720442 -0.13801740063989162 0.0 0.0 0.0 1.0" />
			</transform>
		</animation>
	</shape>
	<shape type="ply" name="temp40">
		<string name="filename" value="meshes/Cube_036.ply" />
		<boolean name="face_normals" value="true" />
		<ref id="mat-Material" name="bsdf" />
		<animation name="to_world">
			<transform time="0">
				<matrix value="0.9997287363902791 -0.023132223527031454 0.0027215485217963586 0.00477393735331999 0.0022601932177005713 0.212642280407907 0.9771275697945393 -0.2508705848388687 -0.02318186452067011 -0.9768563460660002 0.21263681970742768 0.24219452002733557 0.0 0.0 0.0 1.0" />
			</transform>
			<transform time="0.0015">
				<matrix value="0.999728528950082 -0.02314100096851782 0.0027220080816718678 0.004769745445021807 0.0022613622229957237 0.21263188774898228 0.9771298250420765 -0.2508684882411864 -0.023190563126410574 -0.976858396063028 0.212626434505278 0.24217392622354192 0.0 0.0 0.0 1.0" />
			</transform>
		</animation>
	</shape>
	<shape type="ply" name="temp41">
		<string name="filename" value="meshes/Cube_037.ply" />
		<boolean name="face_normals" value="true" />
		<ref id="mat-Material" name="bsdf" />
		<animation name="to_world">
			<transform time="0">
				<matrix value="0.9989637020922757 -0.045419806726001884 0.0029452021440110896 -0.0029722635940108155 0.006790689984699314 0.21271278182314993 0.9770911649136376 -0.5692488703127723 -0.045005779865148296 -0.9760585120029702 0.2128007362296174 0.5080918490879114 0.0 0.0 0.0 1.0" />
			</transform>
			<transform time="0.0015">
				<matrix value="0.9989634308243257 -0.04542590565488821 0.002946520400024355 -0.0029865884087883093 0.006790344197847745 0.21270508494786244 0.9770928414561464 -0.5692509011287346 -0.04501207328158849 -0.976059908704242 0.21279301221956162 0.5080894332660252 0.0 0.0 0.0 1.0" />
			</transform>
		</animation>
	</shape>
	<shape type="ply" name="temp42">
		<string name="filename" value="meshes/Cube_038.ply" />
		<boolean name="face_normals" value="true" />
		<ref id="mat-Material" name="bsdf" />
		<animation name="to_world">
			<transform time="0">
				<matrix value="0.9992894843686562 -0.03756966186436613 0.0030306590559977986 0.003997480505838258 0.005036314750889585 0.2127768171322611 0.9770878553790103 -0.9046623784729346 -0.03735372154169925 -0.9763782713803886 0.21281482539131702 0.8540896602266911 0.0 0.0 0.0 1.0" />
			</transform>
			<transform time="0.0015">
				<matrix value="0.9992893088423356 -0.03757436784655409 0.003032152625593203 0.0039982283867806044 0.005035531584360973 0.21276833930572495 0.9770897021288805 -0.904663866033618 -0.03735868143681107 -0.9763799384109386 0.21280631332117841 0.8541037698214566 0.0 0.0 0.0 1.0" />
			</transform>
		</animation>
	</shape>
	<shape type="ply" name="temp43">
		<string name="filename" value="meshes/Cube_039.ply" />
		<boolean name="face_normals" value="true" />
		<ref id="mat-Material" name="bsdf" />
		<animation name="to_world">
			<transform time="0">
