<scene version="2.1.0">
	<default name="spp" value="1024" />
	<default name="resx" value="640" />
	<default name="resy" value="360" />
	<integrator type="path" name="temp0">
		<integer name="max_depth" value="12" />
	</integrator>
	<sensor type="perspective" name="temp44">
		<string name="fov_axis" value="x" />
		<float name="fov" value="83.974423" />
		<float name="principal_point_offset_x" value="0.000000" />
		<float name="principal_point_offset_y" value="-0.000000" />
		<float name="near_clip" value="0.100000" />
		<float name="far_clip" value="1000.000000" />
		<transform name="to_world">
			<rotate x="1" angle="-142.5518126578256" />
			<rotate y="1" angle="3.976628485794621e-06" />
			<rotate z="1" angle="-179.999991348578" />
			<translate value="-0.000000 3.030926 4.073377" />
		</transform>
		<sampler type="correlated" name="sampler">
			<integer name="sample_count" value="1024" />
		</sampler>
		<film type="hdrfilm" name="film">
			<integer name="width" value="$resx" />
			<integer name="height" value="$resy" />
		</film>
		<float name="shutter_open" value="0.0" />
		<float name="shutter_close" value="0.0015" />
	</sensor>
	<bsdf type="twosided" id="mat-Material" name="mat-Material">
		<bsdf type="diffuse" name="bsdf">
			<texture type="bitmap" name="reflectance">
				<string name="filename" value="textures/siggraph_2023_logo.jpg" />
			</texture>
		</bsdf>
	</bsdf>
	<bsdf type="twosided" id="mat-Material.001" name="mat-Material.001">
		<bsdf type="principled" name="bsdf">
			<rgb value="0.433648 0.266232 0.084399" name="base_color" />
			<float name="spec_tint" value="0.000000" />
			<float name="spec_trans" value="0.000000" />
			<float name="metallic" value="0.000000" />
			<float name="anisotropic" value="0.000000" />
			<float name="roughness" value="0.500000" />
			<float name="sheen" value="0.000000" />
			<float name="sheen_tint" value="0.500000" />
			<float name="clearcoat" value="0.000000" />
			<float name="clearcoat_gloss" value="0.173205" />
			<float name="specular" value="0.500000" />
		</bsdf>
	</bsdf>
	<bsdf type="twosided" id="mat-Material.002" name="mat-Material.002">
		<bsdf type="principled" name="bsdf">
			<rgb value="0.433648 0.266232 0.084399" name="base_color" />
			<float name="spec_tint" value="0.000000" />
			<float name="spec_trans" value="0.000000" />
			<float name="metallic" value="0.000000" />
			<float name="anisotropic" value="0.000000" />
			<float name="roughness" value="0.500000" />
			<float name="sheen" value="0.000000" />
			<float name="sheen_tint" value="0.500000" />
			<float name="clearcoat" value="0.000000" />
			<float name="clearcoat_gloss" value="0.173205" />
			<float name="specular" value="0.500000" />
		</bsdf>
	</bsdf>
	<bsdf type="twosided" id="mat-Material.003" name="mat-Material.003">
		<bsdf type="principled" name="bsdf">
			<rgb value="0.433648 0.266232 0.084399" name="base_color" />
			<float name="spec_tint" value="0.000000" />
			<float name="spec_trans" value="0.000000" />
			<float name="metallic" value="0.000000" />
			<float name="anisotropic" value="0.000000" />
			<float name="roughness" value="0.500000" />
			<float name="sheen" value="0.000000" />
			<float name="sheen_tint" value="0.500000" />
			<float name="clearcoat" value="0.000000" />
			<float name="clearcoat_gloss" value="0.173205" />
			<float name="specular" value="0.500000" />
		</bsdf>
	</bsdf>
	<bsdf type="twosided" id="mat-Material.004" name="mat-Material.004">
		<bsdf type="principled" name="bsdf">
			<rgb value="0.433648 0.266232 0.084399" name="base_color" />
			<float name="spec_tint" value="0.000000" />
			<float name="spec_trans" value="0.000000" />
			<float name="metallic" value="0.000000" />
			<float name="anisotropic" value="0.000000" />
			<float name="roughness" value="0.500000" />
			<float name="sheen" value="0.000000" />
			<float name="sheen_tint" value="0.500000" />
			<float name="clearcoat" value="0.000000" />
			<float name="clearcoat_gloss" value="0.173205" />
			<float name="specular" value="0.500000" />
		</bsdf>
	</bsdf>
	<bsdf type="twosided" id="mat-Material.005" name="mat-Material.005">
		<bsdf type="principled" name="bsdf">
			<rgb value="0.433648 0.266232 0.084399" name="base_color" />
			<float name="spec_tint" value="0.000000" />
			<float name="spec_trans" value="0.000000" />
			<float name="metallic" value="0.000000" />
			<float name="anisotropic" value="0.000000" />
			<float name="roughness" value="0.500000" />
			<float name="sheen" value="0.000000" />
			<float name="sheen_tint" value="0.500000" />
			<float name="clearcoat" value="0.000000" />
			<float name="clearcoat_gloss" value="0.173205" />
			<float name="specular" value="0.500000" />
		</bsdf>
	</bsdf>
	<emitter type="point" name="temp45">
		<point name="position" x="-6.815235034541981e-16" y="3.0693089962005615" z="4.109199523925781" />
		<rgb value="7.957747 7.957747 7.957747" name="intensity" />
	</emitter>
	<shape type="ply" name="temp2">
		<string name="filename" value="meshes/Cube.ply" />
		<boolean name="face_normals" value="true" />
		<ref id="mat-Material" name="bsdf" />
		<animation name="to_world">
			<transform time="0">
				<matrix value="1.0 0.00011540455923057509 0.0008048906411561433 -0.0015105698054260763 -0.00011601217672203635 0.9999995828318625 0.0007549166682820346 -0.018543430702344543 -0.0008048018977814892 -0.0007550096678715874 0.9999995272093389 0.0018637256808404778 0.0 0.0 0.0 1.0" />
				<scale value="1" />
			</transform>
			<transform time="0.0015">
				<matrix value="1.0 0.00011600821201836477 0.0008057112959486493 -0.001511631024689312 -0.00011656087200021137 0.999999575322716 0.000687774119433372 -0.01845317790081804 -0.0008056310202922195 -0.0006878676846322008 0.9999995101886029 0.0018638004927921162 0.0 0.0 0.0 1.0" />
				<scale value="1" />
			</transform>
		</animation>
	</shape>
	<shape type="ply" name="temp4">
		<string name="filename" value="meshes/Plane.ply" />
		<boolean name="face_normals" value="true" />
		<ref id="mat-Material.001" name="bsdf" />
		<transform name="to_world">
			<scale value="1" />
		</transform>
	</shape>
	<shape type="ply" name="temp5">
		<string name="filename" value="meshes/Cube_001.ply" />
		<boolean name="face_normals" value="true" />
		<ref id="mat-Material" name="bsdf" />
		<animation name="to_world">
			<transform time="0">
				<matrix value="1.0 -0.0001630520438109978 -0.0005830478071732745 0.0011468645991357107 0.00016517427357200983 0.9999933253097996 0.003641811904017822 -0.021664237102723416 0.0005824499536369712 -0.003641900784901851 0.9999933809307451 -0.0010215196864578058 0.0 0.0 0.0 1.0" />
				<scale value="1" />
			</transform>
			<transform time="0.0015">
				<matrix value="1.0 -0.00016274516000685312 -0.0005835571527019636 0.0011469297986875435 0.0001648713151426656 0.9999933102915063 0.0036452696665626233 -0.021665496946984303 0.0005829599373829863 -0.003645358746921246 0.9999933639100089 -0.0010275811701708044 0.0 0.0 0.0 1.0" />
				<scale value="1" />
			</transform>
		</animation>
	</shape>
	<shape type="ply" name="temp6">
		<string name="filename" value="meshes/Cube_002.ply" />
		<boolean name="face_normals" value="true" />
		<ref id="mat-Material" name="bsdf" />
		<animation name="to_world">
			<transform time="0">
				<matrix value="1.0 -4.134761995148335e-05 0.00015280168653884613 -0.0008141364269449447 4.194528808018056e-05 0.9999922823894557 -0.00391293370860304 -0.015169399742053835 -0.00015263896941103885 0.0039129390955377616 0.999992435349423 2.4080779473578673e-05 0.0 0.0 0.0 1.0" />
				<scale value="1" />
			</transform>
			<transform time="0.0015">
				<matrix value="1.0 -4.112775213839348e-05 0.00015327600339257974 -0.0008141570516017456 4.170794617655561e-05 0.9999925527187341 -0.0037964246422014427 -0.015249260103345274 -0.00015311828392176478 0.0037964301051192054 0.999992699170833 3.3501564268659646e-05 0.0 0.0 0.0 1.0" />
				<scale value="1" />
			</transform>
		</animation>
	</shape>
	<shape type="ply" name="temp7">
		<string name="filename" value="meshes/Cube_003.ply" />
		<boolean name="face_normals" value="true" />
		<ref id="mat-Material" name="bsdf" />
		<animation name="to_world">
			<transform time="0">
				<matrix value="1.0 -2.7531011236423787e-06 0.0005762467135139173 -0.000777907654271548 2.774822836495416e-06 1.0 -3.771143789350958e-05 -0.01776934649790285 -0.0005762445769440115 3.7713042553235874e-05 1.0 0.0012883475368616892 0.0 0.0 0.0 1.0" />
				<scale value="1" />
			</transform>
			<transform time="0.0015">
				<matrix value="1.0 -1.7554462630725278e-05 0.0005764095168550004 -0.000778538953246643 1.7657583073962302e-05 0.9999997146524284 -0.00017811185630239217 -0.017755805787730086 -0.0005763486161813087 0.00017812180692844667 0.9999997191578539 0.0012886175094695815 0.0 0.0 0.0 1.0" />
				<scale value="1" />
			</transform>
		</animation>
	</shape>
	<shape type="ply" name="temp8">
		<string name="filename" value="meshes/Cube_004.ply" />
		<boolean name="face_normals" value="true" />
		<ref id="mat-Material" name="bsdf" />
		<animation name="to_world">
			<transform time="0">
				<matrix value="1.0 -0.000377349438804563 0.00037748079169741777 -0.000509708866017089 0.0003781419151920032 0.9999977055752436 -0.0021038404312607294 -0.018771724273383972 -0.00037668586787511946 0.0021039833299612244 0.9999978724420252 0.0012254441016430369 0.0 0.0 0.0 1.0" />
				<scale value="1" />
			</transform>
			<transform time="0.0015">
				<matrix value="1.0 -0.00035988287090525466 0.00037777244201100464 -0.0005105749778583383 0.00036065162689034847 0.9999977881758564 -0.0020405621852393327 -0.01872692009626537 -0.0003770074640083231 0.002040698494975654 0.9999979490353378 0.0012301703359912386 0.0 0.0 0.0 1.0" />
				<scale value="1" />
			</transform>
		</animation>
	</shape>
	<shape type="ply" name="temp9">
		<string name="filename" value="meshes/Cube_005.ply" />
		<boolean name="face_normals" value="true" />
		<ref id="mat-Material" name="bsdf" />
		<animation name="to_world">
			<transform time="0">
				<matrix value="1.0 -0.0005217209020009471 0.0005382036129716738 -0.0004561183302467242 0.0005237382252977251 0.9999926995575932 -0.0037594894995558134 -0.020286687433170802 -0.0005362376269221154 0.0037597695563208276 0.9999929081400841 0.0012563335012421573 0.0 0.0 0.0 1.0" />
				<scale value="1" />
			</transform>
			<transform time="0.0015">
				<matrix value="1.0 -0.0005034758180692083 0.0005382385905844209 -0.0004578285088701535 0.0005054218861959503 0.999992962377725 -0.0036266849335700167 -0.020198417507854078 -0.0005363432618532361 0.003626955197418284 0.9999931634511261 0.0012626252198635894 0.0 0.0 0.0 1.0" />
				<scale value="1" />
			</transform>
		</animation>
	</shape>
	<shape type="ply" name="temp10">
		<string name="filename" value="meshes/Cube_006.ply" />
		<boolean name="face_normals" value="true" />
		<ref id="mat-Material" name="bsdf" />
		<animation name="to_world">
			<transform time="0">
				<matrix value="1.0 -0.00018371396449481982 -0.0005204526876021523 -0.0007536913080583574 0.00018454435691908364 0.9999987484955875 0.001596112904301024 -0.017171759004155407 0.0005201568364635027 -0.0015962083587979718 0.9999985816280168 -0.001267770323913675 0.0 0.0 0.0 1.0" />
				<scale value="1" />
			</transform>
			<transform time="0.0015">
				<matrix value="1.0 -0.00016841004584091816 -0.000520803910492194 -0.0007548252690526944 0.00016919584078130978 0.9999987785321739 0.0015108979080369303 -0.017191340861132193 0.0005205120379086309 -0.0015109853266820582 0.999998615669489 -0.0012708311521079378 0.0 0.0 0.0 1.0" />
				<scale value="1" />
			</transform>
		</animation>
	</shape>
	<shape type="ply" name="temp11">
		<string name="filename" value="meshes/Cube_007.ply" />
		<boolean name="face_normals" value="true" />
		<ref id="mat-Material" name="bsdf" />
		<animation name="to_world">
			<transform time="0">
				<matrix value="0.9999986702764229 -0.001762698076646302 -3.6467052873598e-05 0.0004973384566469008 0.0017628455729956191 0.9999881107080804 0.0045407760669585046 -0.017325249193304082 2.8462555870552295e-05 -0.004540827202699912 0.9999898350007872 5.795920866602522e-05 0.0 0.0 0.0 1.0" />
				<scale value="1" />
			</transform>
			<transform time="0.0015">
				<matrix value="0.9999986543194846 -0.0017669792664098583 -3.653257419733028e-05 0.0004969651017717962 0.0017671272982324221 0.9999880506349075 0.004550933191244059 -0.017326526997738845 2.8489519904783092e-05 -0.004550984900426852 0.9999897839385787 5.6238740513547006e-05 0.0 0.0 0.0 1.0" />
				<scale value="1" />
			</transform>
		</animation>
	</shape>
	<shape type="ply" name="temp12">
		<string name="filename" value="meshes/Cube_008.ply" />
		<boolean name="face_normals" value="true" />
		<ref id="mat-Material" name="bsdf" />
		<animation name="to_world">
			<transform time="0">
				<matrix value="1.0 -0.0005507516326917983 0.0001345933362047486 0.0002165046344519972 0.0005506651277332468 0.9999995828318625 0.0006402105620488099 -0.018127035547853054 -0.00013494611073583358 -0.0006401361636800906 0.9999997636046695 0.00034992001225386815 0.0 0.0 0.0 1.0" />
				<scale value="1" />
			</transform>
			<transform time="0.0015">
				<matrix value="0.9999999840430618 -0.0004965560940518007 0.00013463995600100856 0.00021472535780866543 0.0004964793547191466 0.9999995452861294 0.0005686849183356404 -0.018095646503877526 -0.00013502631030740654 -0.000568617924880914 0.9999997465839333 0.00034708079564611664 0.0 0.0 0.0 1.0" />
				<scale value="1" />
			</transform>
		</animation>
	</shape>
	<shape type="ply" name="temp13">
		<string name="filename" value="meshes/Cube_009.ply" />
		<boolean name="face_normals" value="true" />
		<ref id="mat-Material" name="bsdf" />
		<animation name="to_world">
			<transform time="0">
				<matrix value="1.0 0.0005467718486597431 0.0004192754861351775 0.0008543000351650676 -0.0005466848218259055 0.9999997914159312 -0.00020988052107204336 -0.01701511753869539 -0.0004193899405524913 0.0002096520191980777 1.0 0.0006249584543052134 0.0 0.0 0.0 1.0" />
				<scale value="1" />
			</transform>
			<transform time="0.0015">
				<matrix value="0.9999999680861236 0.0005742879900837823 0.0004194639056841362 0.0008546480996866555 -0.0005741958598994239 0.9999997613793448 -0.00022193292985677279 -0.01697658986378994 -0.0004195999019457975 0.0002216926354404644 0.9999999914896319 0.0006259496796214198 0.0 0.0 0.0 1.0" />
				<scale value="1" />
			</transform>
		</animation>
	</shape>
	<shape type="ply" name="temp14">
		<string name="filename" value="meshes/Cube_010.ply" />
		<boolean name="face_normals" value="true" />
		<ref id="mat-Material" name="bsdf" />
		<animation name="to_world">
			<transform time="0">
				<matrix value="0.9999968973116535 0.00032230618889790433 0.002565314847848873 0.004804962304849392 -0.0003229606029498588 1.0 0.0002544677535493577 -0.016791272061875084 -0.0025652362386907007 -0.00025529647096614056 0.9999966904653725 0.00429151556894003 0.0 0.0 0.0 1.0" />
				<scale value="1" />
			</transform>
			<transform time="0.0015">
				<matrix value="0.9999968813547153 0.0003144562396565466 0.0025682373082423875 0.004809838679785617 -0.00031510814577322393 1.0 0.00025325496652752155 -0.016807066884628158 -0.002568160507191787 -0.0002540638445481521 0.9999966819550046 0.004295731930986492 0.0 0.0 0.0 1.0" />
				<scale value="1" />
			</transform>
		</animation>
	</shape>
	<shape type="ply" name="temp15">
		<string name="filename" value="meshes/Cube_011.ply" />
		<boolean name="face_normals" value="true" />
		<ref id="mat-Material" name="bsdf" />
		<animation name="to_world">
			<transform time="0">
				<matrix value="0.9999986702764229 0.0015455912628305275 -0.0004771308793291668 -0.0009157825111703044 -0.0015452850661404507 0.9999985399115188 0.0006472456870853922 -0.014575651952216273 0.0004781331390163946 -0.0006465063211402041 0.9999997636046695 -0.0007225969255890696 0.0 0.0 0.0 1.0" />
				<scale value="1" />
			</transform>
			<transform time="0.0015">
				<matrix value="0.9999987021902994 0.0014597721546557659 -0.00047748363408546025 -0.000914510832022617 -0.001459480460442799 0.9999985774572518 0.0006168356739824785 -0.014746092071168173 0.00047845578830752177 -0.0006161376201157226 0.9999997721150375 -0.0007245210759223832 0.0 0.0 0.0 1.0" />
				<scale value="1" />
			</transform>
		</animation>
	</shape>
	<shape type="ply" name="temp16">
		<string name="filename" value="meshes/Cube_012.ply" />
		<boolean name="face_normals" value="true" />
		<ref id="mat-Material" name="bsdf" />
		<animation name="to_world">
			<transform time="0">
				<matrix value="0.9999977837940383 -0.0022580080638600988 -0.00015146558013068878 -0.0004469534911459849 0.0022576091215491456 0.9999941596460746 -0.002597346415135731 -0.023946178417031005 0.00015732934770853167 0.0025970072357813455 0.9999966904653725 -0.0002588118831519104 0.0 0.0 0.0 1.0" />
				<scale value="1" />
			</transform>
			<transform time="0.0015">
				<matrix value="0.9999977997509765 -0.0022478727433900923 -0.000151569730015068 -0.00044730989673122433 0.002247475348783758 0.9999942047009543 -0.0025856441484242987 -0.023917978486692977 0.00015738406404974212 0.0025853059578748033 0.9999967159964768 -0.0002583468039646013 0.0 0.0 0.0 1.0" />
				<scale value="1" />
			</transform>
		</animation>
	</shape>
	<shape type="ply" name="temp17">
		<string name="filename" value="meshes/Cube_013.ply" />
		<boolean name="face_normals" value="true" />
		<ref id="mat-Material" name="bsdf" />
		<animation name="to_world">
			<transform time="0">
				<matrix value="0.9999995567588077 -0.001078657052331657 0.00020507224004905677 -0.00023342632436995636 0.0010792213847918629 0.9999954111504872 -0.0027813801799535815 -0.021863050296388686 -0.0002020710001471561 0.002781591621595126 0.9999962176747115 3.308378436317483e-06 0.0 0.0 0.0 1.0" />
				<scale value="1" />
			</transform>
			<transform time="0.0015">
				<matrix value="0.9999995727157459 -0.0010339568596316661 0.00020510019660815025 -0.00023530191556754177 0.0010344984750750273 0.9999955763517129 -0.002669641685474489 -0.021697857193554788 -0.0002022051182130277 0.002669844256140997 0.9999963538406005 8.167820409046938e-06 0.0 0.0 0.0 1.0" />
				<scale value="1" />
			</transform>
		</animation>
	</shape>
	<shape type="ply" name="temp18">
		<string name="filename" value="meshes/Cube_014.ply" />
		<boolean name="face_normals" value="true" />
		<ref id="mat-Material" name="bsdf" />
		<animation name="to_world">
			<transform time="0">
				<matrix value="1.0 0.0008427255263097515 -4.520469708065951e-05 -0.00026467296982657373 -0.0008425394528985315 0.9999918652213181 0.003965531669646036 -0.01365169141087047 4.854599159260107e-05 -0.003965491851663354 0.9999921989540925 0.00013261704494704762 0.0 0.0 0.0 1.0" />
				<scale value="1" />
			</transform>
			<transform time="0.0015">
				<matrix value="0.9999999840430618 0.000851263876567674 -4.518090209154983e-05 -0.0002641199229332359 -0.0008510762552852836 0.999991707529239 0.003998810612927336 -0.01361553936176504 4.859199544553478e-05 -0.003998770061656259 0.9999920542778354 0.0001306012664915218 0.0 0.0 0.0 1.0" />
				<scale value="1" />
			</transform>
		</animation>
	</shape>
	<shape type="ply" name="temp19">
		<string name="filename" value="meshes/Cube_015.ply" />
		<boolean name="face_normals" value="true" />
		<ref id="mat-Material" name="bsdf" />
		<animation name="to_world">
			<transform time="0">
				<matrix value="1.0 -0.00021744263416648764 -6.641597729848362e-05 0.0003334246840065447 0.00021742842097984672 1.0 -0.0002029631209100653 -0.018088837819552284 6.646002762279111e-05 0.0002029487529801449 1.0 -0.00021828524869133004 0.0 0.0 0.0 1.0" />
				<scale value="1" />
			</transform>
			<transform time="0.0015">
				<matrix value="1.0 -0.000217400958402736 -6.647906465694932e-05 0.00033304598727844614 0.00021738678932798963 1.0 -0.00020240781939382532 -0.018088517008446884 6.652299370106945e-05 0.00020239343656916053 1.0 -0.00021812402392741104 0.0 0.0 0.0 1.0" />
				<scale value="1" />
			</transform>
		</animation>
	</shape>
	<shape type="ply" name="temp20">
		<string name="filename" value="meshes/Cube_016.ply" />
		<boolean name="face_normals" value="true" />
		<ref id="mat-Material" name="bsdf" />
		<animation name="to_world">
			<transform time="0">
				<matrix value="1.0 -0.0005319269204856671 0.0003618810638357223 0.0006145822392341627 0.0005327714807979051 0.9999970798230373 -0.0023349026831342807 -0.018472577465426854 -0.0003606383205059332 0.0023350944781539477 0.9999971632560337 0.0002921347369710392 0.0 0.0 0.0 1.0" />
				<scale value="1" />
			</transform>
			<transform time="0.0015">
				<matrix value="0.9999999680861236 -0.0005597872811908552 0.0003621288857537745 0.0006166088255088515 0.0005606659640972289 0.9999967193839995 -0.002427453701774068 -0.018503634025811067 -0.00036070008981384385 0.0024276560490805333 0.9999968313516793 0.00029380237102883745 0.0 0.0 0.0 1.0" />
				<scale value="1" />
			</transform>
		</animation>
	</shape>
	<shape type="ply" name="temp21">
		<string name="filename" value="meshes/Cube_017.ply" />
		<boolean name="face_normals" value="true" />
		<ref id="mat-Material" name="bsdf" />
		<animation name="to_world">
			<transform time="0">
				<matrix value="1.0 -0.0005019554756446812 0.00024573767399287317 0.000418432758242937 0.0005020858930512192 0.9999995828318625 -0.000543430313729699 -0.018029440849659795 -0.0002454643128786388 0.0005435533964786838 1.0 3.1197579375558115e-05 0.0 0.0 0.0 1.0" />
				<scale value="1" />
			</transform>
			<transform time="0.0015">
				<matrix value="1.0 -0.00047768057475938177 0.00024609732214729926 0.0004164148644838949 0.0004778003426018638 0.9999995903410092 -0.0005005639302011154 -0.018021054949348317 -0.0002458297586781143 0.0005006809751213483 0.9999999914896319 3.394126248081306e-05 0.0 0.0 0.0 1.0" />
				<scale value="1" />
			</transform>
		</animation>
	</shape>
	<shape type="ply" name="temp22">
		<string name="filename" value="meshes/Cube_018.ply" />
		<boolean name="face_normals" value="true" />
		<ref id="mat-Material" name="bsdf" />
		<animation name="to_world">
			<transform time="0">
				<matrix value="0.9999911351761529 0.004222874163317155 -0.00011403308872720498 0.0005102882048544366 -0.004222178193597115 0.9999758042480231 0.005521036584068563 -0.017887952335054413 0.00013734493206885487 -0.00552051528608348 0.999984870698846 -2.888051686716908e-05 0.0 0.0 0.0 1.0" />
				<scale value="1" />
			</transform>
			<transform time="0.0015">
				<matrix value="0.9999913107024735 0.004171764959030233 -0.00011420282801826101 0.0005126284357309018 -0.004171076737174605 0.999976262305967 0.005461696340661874 -0.017886276605011738 0.00013706621222869076 -0.005461181538775966 0.9999851515409921 -3.167888994308067e-05 0.0 0.0 0.0 1.0" />
				<scale value="1" />
			</transform>
		</animation>
	</shape>
	<shape type="ply" name="temp23">
		<string name="filename" value="meshes/Cube_019.ply" />
		<boolean name="face_normals" value="true" />
		<ref id="mat-Material" name="bsdf" />
		<animation name="to_world">
			<transform time="0">
				<matrix value="0.9999756217344206 0.0036356370053168083 -0.005986522629415805 0.0034109409077427155 -0.0036051731566042054 0.9999806016816049 0.005091458989428874 -0.017879186069310937 0.006004911998893671 -0.005069754684276724 0.9999692686070311 -0.0009284459295839653 0.0 0.0 0.0 1.0" />
				<scale value="1" />
			</transform>
			<transform time="0.0015">
				<matrix value="0.9999751908970882 0.0037252444028708634 -0.005985693719566277 0.003405305665086975 -0.003694606848764817 0.9999800009498752 0.0051212061299632065 -0.017883324581980366 0.0060047181220941066 -0.005098968268294649 0.9999691069100378 -0.0009265019008980598 0.0 0.0 0.0 1.0" />
				<scale value="1" />
			</transform>
		</animation>
	</shape>
	<shape type="ply" name="temp24">
		<string name="filename" value="meshes/Cube_020.ply" />
		<boolean name="face_normals" value="true" />
		<ref id="mat-Material" name="bsdf" />
		<animation name="to_world">
			<transform time="0">
				<matrix value="0.9999536894710599 -0.00414246268836061 0.008682517623377966 -0.006811871871335778 0.00406625612988696 0.9999530881634526 0.008776011162966531 -0.015490315026233048 -0.00871845983519266 -0.008740293858943112 0.9999238806966132 -0.0007863803934919922 0.0 0.0 0.0 1.0" />
				<scale value="1" />
			</transform>
			<transform time="0.0015">
				<matrix value="0.9999539809418133 -0.00401781435933493 0.00868342057342871 -0.0068148613488009935 0.003941927949228643 0.9999536931858514 0.00873832725307441 -0.015483687382068597 -0.008718248913958546 -0.008703693424771878 0.9999241870698634 -0.0007888707521267378 0.0 0.0 0.0 1.0" />
				<scale value="1" />
			</transform>
		</animation>
	</shape>
	<shape type="ply" name="temp25">
		<string name="filename" value="meshes/Cube_021.ply" />
		<boolean name="face_normals" value="true" />
		<ref id="mat-Material" name="bsdf" />
		<animation name="to_world">
			<transform time="0">
				<matrix value="0.9988196487047606 0.04041668839417383 0.026950296936174678 -0.016925670010873584 -0.040491226483838544 0.999177344432787 0.002225680948569359 -0.022385731731527025 -0.026838165548812378 -0.003314302818179353 0.9996345328190002 -0.013576151845338114 0.0 0.0 0.0 1.0" />
				<scale value="1" />
			</transform>
			<transform time="0.0015">
				<matrix value="0.9988234304991225 0.04031995256373159 0.02695027651129132 -0.01692021684217234 -0.04039552299150634 0.9991809863688987 0.0022654202824561463 -0.022367872842229505 -0.026836959204281755 -0.003351428189261067 0.9996344136738473 -0.013574423626137843 0.0 0.0 0.0 1.0" />
				<scale value="1" />
			</transform>
		</animation>
	</shape>
	<shape type="ply" name="temp26">
		<string name="filename" value="meshes/Cube_022.ply" />
		<boolean name="face_normals" value="true" />
		<ref id="mat-Material" name="bsdf" />
		<animation name="to_world">
			<transform time="0">
				<matrix value="0.9993737001952033 0.03148532715368266 0.016160079353184552 -0.007562311009903122 -0.03159873552152645 0.9994774969077412 0.006810880426041121 -0.02044154808391041 -0.015937193609525786 -0.007317241767708266 0.9998463430351554 -0.011524085095132475 0.0 0.0 0.0 1.0" />
				<scale value="1" />
			</transform>
			<transform time="0.0015">
				<matrix value="0.9993754235445329 0.03142904309609271 0.016160875923635434 -0.007561367794941923 -0.03154348765470338 0.9994786983712007 0.006875874106953376 -0.020423788061380316 -0.015936447463093882 -0.007381341420193781 0.9998458239027035 -0.011523799720727385 0.0 0.0 0.0 1.0" />
				<scale value="1" />
			</transform>
		</animation>
	</shape>
	<shape type="ply" name="temp27">
		<string name="filename" value="meshes/Cube_023.ply" />
		<boolean name="face_normals" value="true" />
		<ref id="mat-Material" name="bsdf" />
		<animation name="to_world">
			<transform time="0">
				<matrix value="0.9994446187859801 0.03179907930992047 0.009967656390876843 -0.0027919112838385995 -0.031863811484202 0.9994716565538158 0.006404422294727297 -0.020416834344947843 -0.009758730521765803 -0.006718480339908598 0.9999297905868324 -0.008815357469834723 0.0 0.0 0.0 1.0" />
				<scale value="1" />
			</transform>
			<transform time="0.0015">
				<matrix value="0.9994441400778331 0.03181381300650735 0.009968484449689567 -0.0027914150904409965 -0.031878313628378806 0.9994713411696576 0.006380173702999749 -0.020427319199041463 -0.009760241484247346 -0.006694413299710941 0.9999299352630895 -0.008815297030431548 0.0 0.0 0.0 1.0" />
				<scale value="1" />
			</transform>
		</animation>
	</shape>
	<shape type="ply" name="temp28">
		<string name="filename" value="meshes/Cube_024.ply" />
		<boolean name="face_normals" value="true" />
		<ref id="mat-Material" name="bsdf" />
		<animation name="to_world">
			<transform time="0">
				<matrix value="0.999490715869985 0.030838320230777417 0.008234902257622686 -0.0012600543887306692 -0.030907195045627247 0.9994870917749045 0.00837007310761992 -0.01992557831837133 -0.007972552732404655 -0.008620324848828697 0.9999312089588157 -0.007789425854798193 0.0 0.0 0.0 1.0" />
				<scale value="1" />
			</transform>
			<transform time="0.0015">
				<matrix value="0.9994922477360556 0.03078746453528045 0.008234450357078437 -0.001258707808238307 -0.030857391366991452 0.9994872344486904 0.008503435681419003 -0.019847482852760234 -0.007968604347607598 -0.00875321474223711 0.9999298472999254 -0.007785313864294673 0.0 0.0 0.0 1.0" />
				<scale value="1" />
			</transform>
		</animation>
	</shape>
	<shape type="ply" name="temp29">
		<string name="filename" value="meshes/Cube_025.ply" />
		<boolean name="face_normals" value="true" />
		<ref id="mat-Material" name="bsdf" />
		<animation name="to_world">
			<transform time="0">
				<matrix value="0.999504456346948 0.031195165855622282 0.004276958878086673 0.0010247167113910383 -0.031225402330030298 0.9994864660226982 0.00719367538476886 -0.021382405422438744 -0.00405036461020483 -0.007323657813663508 0.9999650134910815 -0.004985773412615968 0.0 0.0 0.0 1.0" />
				<scale value="1" />
			</transform>
			<transform time="0.0015">
				<matrix value="0.9995044084761333 0.03119642589042544 0.004277618431611709 0.0010255221291462645 -0.031226650003030952 0.9994864585135516 0.007189399775853015 -0.021384277141073264 -0.004051147457594676 -0.00731941003960242 0.9999650390221857 -0.004984897845361749 0.0 0.0 0.0 1.0" />
				<scale value="1" />
			</transform>
		</animation>
	</shape>
	<shape type="ply" name="temp30">
		<string name="filename" value="meshes/Cube_026.ply" />
		<boolean name="face_normals" value="true" />
		<ref id="mat-Material" name="bsdf" />
		<animation name="to_world">
			<transform time="0">
				<matrix value="0.9994109324553613 0.03220047849185375 0.01189295452084794 0.008067154229574935 -0.032271398355043286 0.9994620616866525 0.005819651165594457 -0.025031815003165647 -0.011699156246066236 -0.006200034207787278 0.9999122973323732 -0.015054547636234039 0.0 0.0 0.0 1.0" />
				<scale value="1" />
			</transform>
			<transform time="0.0015">
				<matrix value="0.9994064804695935 0.032325702522750244 0.011908968480435813 0.008279723077192274 -0.03239606480725909 0.9994581043663827 0.005764993326697121 -0.025214232277273187 -0.011716334209215803 -0.006147443899420649 0.9999123824360538 -0.014795692923691827 0.0 0.0 0.0 1.0" />
				<scale value="1" />
			</transform>
		</animation>
	</shape>
	<shape type="ply" name="temp31">
		<string name="filename" value="meshes/Cube_027.ply" />
		<boolean name="face_normals" value="true" />
		<ref id="mat-Material" name="bsdf" />
		<animation name="to_world">
			<transform time="0">
				<matrix value="0.9937706882826531 0.10809813046099165 0.027107996261171455 0.1047817869736527 -0.1071948683307714 0.9936961722737542 -0.032817652679470156 -0.16945826583522966 -0.030484648784544002 0.02970737740992819 0.9990936603027467 0.01979264607107112 0.0 0.0 0.0 1.0" />
				<scale value="1" />
			</transform>
			<transform time="0.0015">
				<matrix value="0.9935816623923123 0.10952328238739024 0.027280618864927907 0.1057956543117178 -0.10857121010288999 0.9934651834145173 -0.0339496039702411 -0.17255036693530681 -0.030862756574078963 0.030757716290010853 0.9990335260419996 0.019942254604991085 0.0 0.0 0.0 1.0" />
				<scale value="1" />
			</transform>
		</animation>
	</shape>
	<shape type="ply" name="temp32">
		<string name="filename" value="meshes/Cube_028.ply" />
		<boolean name="face_normals" value="true" />
		<ref id="mat-Material" name="bsdf" />
		<animation name="to_world">
			<transform time="0">
				<matrix value="0.8684105548138653 0.4931350811287736 0.05177769288558797 -0.10920477334540446 -0.48773285676040334 0.8683440302196599 -0.0899753486949323 -0.8796292895219587 -0.08933087423119815 0.052881860069291624 0.9945971847207297 -0.1450721768661547 0.0 0.0 0.0 1.0" />
				<scale value="1" />
			</transform>
			<transform time="0.0015">
				<matrix value="0.86617683877187 0.49659070029442254 0.051788304463528195 -0.11272840003075513 -0.49110012178079104 0.8660883501567542 -0.0908404199494063 -0.8860914857732778 -0.09004318237987977 0.05319792455609628 0.9945078088353112 -0.14642620295007194 0.0 0.0 0.0 1.0" />
				<scale value="1" />
			</transform>
		</animation>
	</shape>
	<shape type="ply" name="temp33">
		<string name="filename" value="meshes/Cube_029.ply" />
		<boolean name="face_normals" value="true" />
		<ref id="mat-Material" name="bsdf" />
		<animation name="to_world">
			<transform time="0">
				<matrix value="0.7885987727537866 0.5977299795796196 0.1443288523810447 -0.09165114233602734 -0.5873570768775254 0.8016930768861735 -0.1109057439810203 -1.3109053676127451 -0.18199913302022777 0.0026875702667581657 0.9832951239680753 -0.44068617441092406 0.0 0.0 0.0 1.0" />
				<scale value="1" />
			</transform>
			<transform time="0.0015">
				<matrix value="0.7864011991768952 0.6003382891678908 0.14441393733888475 -0.09573872142381563 -0.5898969427365122 0.7995508675378717 -0.11151132390075136 -1.316796867549163 -0.18244822508993513 0.0024618868448840155 0.9832089479810493 -0.44176292104943854 0.0 0.0 0.0 1.0" />
				<scale value="1" />
			</transform>
		</animation>
	</shape>
	<shape type="ply" name="temp34">
		<string name="filename" value="meshes/Cube_030.ply" />
		<boolean name="face_normals" value="true" />
		<ref id="mat-Material" name="bsdf" />
		<animation name="to_world">
			<transform time="0">
				<matrix value="0.3657316608934042 0.9187933268101652 -0.14852309372570704 -1.9204612145462556 -0.883462805636872 0.39291588779158826 0.25516699031212303 -1.640408390489184 0.2928028032263942 0.03789198528390897 0.9554219666368801 0.5104182041500198 0.0 0.0 0.0 1.0" />
				<scale value="1" />
			</transform>
			<transform time="0.0015">
				<matrix value="0.3612102357236947 0.9202069380546474 -0.1488059916665245 -1.9346631024015137 -0.8849027485122934 0.38867520913139963 0.2556091126358988 -1.643103445982175 0.29303507904004733 0.03941464397836361 0.955255502035968 0.5101068967552647 0.0 0.0 0.0 1.0" />
				<scale value="1" />
			</transform>
		</animation>
	</shape>
	<shape type="ply" name="temp35">
		<string name="filename" value="meshes/Cube_031.ply" />
		<boolean name="face_normals" value="true" />
		<ref id="mat-Material" name="bsdf" />
		<animation name="to_world">
			<transform time="0">
				<matrix value="0.005154487285183157 0.9997588768165065 0.021343850719185514 -2.4550714755004033 -0.5837273747533364 -0.01432208091810364 0.811823407014606 -0.3783983254939948 0.8119336485664694 -0.016643529826478914 0.5835127967884276 0.8689697710768565 0.0 0.0 0.0 1.0" />
				<scale value="1" />
			</transform>
			<transform time="0.0015">
				<matrix value="0.0059302472413430085 0.999741388014024 0.021554985291546418 -2.4526127736110572 -0.5825998255837208 -0.014092113528081682 0.8126051098524787 -0.3743493304413076 0.8126973316734949 -0.017386749040121482 0.5823708841118366 0.8699936971531084 0.0 0.0 0.0 1.0" />
				<scale value="1" />
			</transform>
		</animation>
	</shape>
	<shape type="ply" name="temp36">
		<string name="filename" value="meshes/Cube_032.ply" />
		<boolean name="face_normals" value="true" />
		<ref id="mat-Material" name="bsdf" />
		<animation name="to_world">
			<transform time="0">
				<matrix value="0.8135820625608349 0.5098422478687923 0.2795445702120135 -0.26809377569147097 -0.22678143067619105 -0.16445583545219986 0.9599607772867583 0.5855372200984789 0.535401230792143 -0.8444023336385614 -0.01817558594128602 -0.3115078219115397 0.0 0.0 0.0 1.0" />
				<scale value="1" />
			</transform>
			<transform time="0.0015">
				<matrix value="0.8148165710874449 0.5082385044064552 0.2786317736644679 -0.26401294800606756 -0.22578623473507814 -0.1644701426292586 0.9601784129292841 0.5887606878102817 0.5338164993851344 -0.8453119541146079 -0.01921749498481905 -0.31670080527823474 0.0 0.0 0.0 1.0" />
				<scale value="1" />
			</transform>
		</animation>
	</shape>
	<shape type="ply" name="temp37">
		<string name="filename" value="meshes/Cube_033.ply" />
		<boolean name="face_normals" value="true" />
		<ref id="mat-Material" name="bsdf" />
		<animation name="to_world">
			<transform time="0">
				<matrix value="0.9742157733583676 0.2149463000314962 0.0685727064570439 -0.15468730355458682 -0.13596928870426417 0.3167972750577257 0.9386970173055565 0.30815302517127613 0.18004581340964174 -0.9238167547239077 0.33785478802194313 -0.11103819478799992 0.0 0.0 0.0 1.0" />
				<scale value="1" />
			</transform>
			<transform time="0.0015">
				<matrix value="0.974158807088866 0.21506410352370092 0.06897632683222492 -0.15458727730569266 -0.1360927762578831 0.31523296212430035 0.9391673598174038 0.3081421642759759 0.18025597745606353 -0.9242854831651948 0.3363582057562441 -0.11146168116070622 0.0 0.0 0.0 1.0" />
				<scale value="1" />
			</transform>
		</animation>
	</shape>
	<shape type="ply" name="temp38">
		<string name="filename" value="meshes/Cube_034.ply" />
		<boolean name="face_normals" value="true" />
		<ref id="mat-Material" name="bsdf" />
		<animation name="to_world">
			<transform time="0">
				<matrix value="0.9999308543739928 0.00920348210244398 0.007338136571255936 -0.028331444503312042 -0.009426392708150497 0.2527513281590579 0.9674854770528688 0.3713456556612338 0.00704951181415074 -0.967487375449238 0.25282055088622246 -0.2801755875344083 0.0 0.0 0.0 1.0" />
				<scale value="1" />
			</transform>
			<transform time="0.0015">
				<matrix value="0.9999310139433751 0.00921576196009774 0.007299008452003575 -0.028370249089880895 -0.009384269103887576 0.2518300685057474 0.9677136059792186 0.3715779227067761 0.007079218526925501 -0.967715007719935 0.251899106953686 -0.2804275049546318 0.0 0.0 0.0 1.0" />
				<scale value="1" />
			</transform>
		</animation>
	</shape>
	<shape type="ply" name="temp39">
		<string name="filename" value="meshes/Cube_035.ply" />
		<boolean name="face_normals" value="true" />
		<ref id="mat-Material" name="bsdf" />
		<animation name="to_world">
			<transform time="0">
				<matrix value="0.999724747219548 -0.02338006311753921 -0.0020875196976409163 0.004020262669891306 0.007644585276945962 0.2402106281926399 0.9706907613395294 0.09410545483513554 -0.02219337017554124 -0.9704390486063457 0.24032327534240683 -0.06928737103220373 0.0 0.0 0.0 1.0" />
				<scale value="1" />
			</transform>
			<transform time="0.0015">
				<matrix value="0.9997236302338715 -0.02342789262694754 -0.0020710749432215933 0.004012752086344068 0.007627037272398708 0.23967285314816436 0.9708195998016651 0.09406423824765239 -0.022247808546887616 -0.9705666139891589 0.23978532646665135 -0.06947526828664258 0.0 0.0 0.0 1.0" />
				<scale value="1" />
			</transform>
		</animation>
	</shape>
	<shape type="ply" name="temp40">
		<string name="filename" value="meshes/Cube_036.ply" />
		<boolean name="face_normals" value="true" />
		<ref id="mat-Material" name="bsdf" />
		<animation name="to_world">
			<transform time="0">
				<matrix value="0.9998320115880978 -0.01823282779507867 -0.0020177027007220933 0.005840902723492025 0.00633973196318616 0.2402308608473102 0.9706952528508095 -0.23298557213615204 -0.017213803594508772 -0.9705445921451411 0.24030625487860863 0.1949041968684845 0.0 0.0 0.0 1.0" />
				<scale value="1" />
			</transform>
			<transform time="0.0015">
				<matrix value="0.9998311658703712 -0.01827884354521194 -0.0020015793829045846 0.005844336767048014 0.0063248864256985156 0.2396951132724226 0.9708235892012294 -0.23289829070913795 -0.017265689174876187 -0.9706719622901422 0.2397704055106548 0.19498112919887334 0.0 0.0 0.0 1.0" />
				<scale value="1" />
			</transform>
		</animation>
	</shape>
	<shape type="ply" name="temp41">
		<string name="filename" value="meshes/Cube_037.ply" />
		<boolean name="face_normals" value="true" />
		<ref id="mat-Material" name="bsdf" />
		<animation name="to_world">
