<scene version="2.1.0">
	<default name="spp" value="1024" />
	<default name="resx" value="640" />
	<default name="resy" value="360" />
	<integrator type="path" name="temp0">
		<integer name="max_depth" value="12" />
	</integrator>
	<sensor type="perspective" name="temp44">
		<string name="fov_axis" value="x" />
		<float name="fov" value="83.974423" />
		<float name="principal_point_offset_x" value="0.000000" />
		<float name="principal_point_offset_y" value="-0.000000" />
		<float name="near_clip" value="0.100000" />
		<float name="far_clip" value="1000.000000" />
		<transform name="to_world">
			<rotate x="1" angle="-142.5518126578256" />
			<rotate y="1" angle="3.976628485794621e-06" />
			<rotate z="1" angle="-179.999991348578" />
			<translate value="-0.000000 3.030926 4.073377" />
		</transform>
		<sampler type="correlated" name="sampler">
			<integer name="sample_count" value="1024" />
		</sampler>
		<film type="hdrfilm" name="film">
			<integer name="width" value="$resx" />
			<integer name="height" value="$resy" />
		</film>
		<float name="shutter_open" value="0.0" />
		<float name="shutter_close" value="0.0015" />
	</sensor>
	<bsdf type="twosided" id="mat-Material" name="mat-Material">
		<bsdf type="diffuse" name="bsdf">
			<texture type="bitmap" name="reflectance">
				<string name="filename" value="textures/siggraph_2023_logo.jpg" />
			</texture>
		</bsdf>
	</bsdf>
	<bsdf type="twosided" id="mat-Material.001" name="mat-Material.001">
		<bsdf type="principled" name="bsdf">
			<rgb value="0.433648 0.266232 0.084399" name="base_color" />
			<float name="spec_tint" value="0.000000" />
			<float name="spec_trans" value="0.000000" />
			<float name="metallic" value="0.000000" />
			<float name="anisotropic" value="0.000000" />
			<float name="roughness" value="0.500000" />
			<float name="sheen" value="0.000000" />
			<float name="sheen_tint" value="0.500000" />
			<float name="clearcoat" value="0.000000" />
			<float name="clearcoat_gloss" value="0.173205" />
			<float name="specular" value="0.500000" />
		</bsdf>
	</bsdf>
	<bsdf type="twosided" id="mat-Material.002" name="mat-Material.002">
		<bsdf type="principled" name="bsdf">
			<rgb value="0.433648 0.266232 0.084399" name="base_color" />
			<float name="spec_tint" value="0.000000" />
			<float name="spec_trans" value="0.000000" />
			<float name="metallic" value="0.000000" />
			<float name="anisotropic" value="0.000000" />
			<float name="roughness" value="0.500000" />
			<float name="sheen" value="0.000000" />
			<float name="sheen_tint" value="0.500000" />
			<float name="clearcoat" value="0.000000" />
			<float name="clearcoat_gloss" value="0.173205" />
			<float name="specular" value="0.500000" />
		</bsdf>
	</bsdf>
	<bsdf type="twosided" id="mat-Material.003" name="mat-Material.003">
		<bsdf type="principled" name="bsdf">
			<rgb value="0.433648 0.266232 0.084399" name="base_color" />
			<float name="spec_tint" value="0.000000" />
			<float name="spec_trans" value="0.000000" />
			<float name="metallic" value="0.000000" />
			<float name="anisotropic" value="0.000000" />
			<float name="roughness" value="0.500000" />
			<float name="sheen" value="0.000000" />
			<float name="sheen_tint" value="0.500000" />
			<float name="clearcoat" value="0.000000" />
			<float name="clearcoat_gloss" value="0.173205" />
			<float name="specular" value="0.500000" />
		</bsdf>
	</bsdf>
	<bsdf type="twosided" id="mat-Material.004" name="mat-Material.004">
		<bsdf type="principled" name="bsdf">
			<rgb value="0.433648 0.266232 0.084399" name="base_color" />
			<float name="spec_tint" value="0.000000" />
			<float name="spec_trans" value="0.000000" />
			<float name="metallic" value="0.000000" />
			<float name="anisotropic" value="0.000000" />
			<float name="roughness" value="0.500000" />
			<float name="sheen" value="0.000000" />
			<float name="sheen_tint" value="0.500000" />
			<float name="clearcoat" value="0.000000" />
			<float name="clearcoat_gloss" value="0.173205" />
			<float name="specular" value="0.500000" />
		</bsdf>
	</bsdf>
	<bsdf type="twosided" id="mat-Material.005" name="mat-Material.005">
		<bsdf type="principled" name="bsdf">
			<rgb value="0.433648 0.266232 0.084399" name="base_color" />
			<float name="spec_tint" value="0.000000" />
			<float name="spec_trans" value="0.000000" />
			<float name="metallic" value="0.000000" />
			<float name="anisotropic" value="0.000000" />
			<float name="roughness" value="0.500000" />
			<float name="sheen" value="0.000000" />
			<float name="sheen_tint" value="0.500000" />
			<float name="clearcoat" value="0.000000" />
			<float name="clearcoat_gloss" value="0.173205" />
			<float name="specular" value="0.500000" />
		</bsdf>
	</bsdf>
	<emitter type="point" name="temp45">
		<point name="position" x="-6.815235034541981e-16" y="3.0693089962005615" z="4.109199523925781" />
		<rgb value="7.957747 7.957747 7.957747" name="intensity" />
	</emitter>
	<shape type="ply" name="temp2">
		<string name="filename" value="meshes/Cube.ply" />
		<boolean name="face_normals" value="true" />
		<ref id="mat-Material" name="bsdf" />
		<animation name="to_world">
			<transform time="0">
				<matrix value="0.9999995567588077 8.209451778492063e-05 0.0011204098527682602 -0.0018457531737570143 -8.019252624431099e-05 0.9999985399115188 -0.0016975879638844668 -0.015348740701936814 -0.0011205491935669745 0.0016974967825907393 0.9999978724420252 0.002469374786770784 0.0 0.0 0.0 1.0" />
				<scale value="1" />
			</transform>
			<transform time="0.0015">
				<matrix value="0.9999995567588077 8.303032265523777e-05 0.0011207276299118065 -0.0018464182853227189 -8.115883055305424e-05 0.9999985774572518 -0.0016701005813824286 -0.01538294557383316 -0.0011208656196521898 0.0016700082748262687 0.9999979149938656 0.0024752719205097533 0.0 0.0 0.0 1.0" />
				<scale value="1" />
			</transform>
		</animation>
	</shape>
	<shape type="ply" name="temp4">
		<string name="filename" value="meshes/Plane.ply" />
		<boolean name="face_normals" value="true" />
		<ref id="mat-Material.001" name="bsdf" />
		<transform name="to_world">
			<scale value="1" />
		</transform>
	</shape>
	<shape type="ply" name="temp5">
		<string name="filename" value="meshes/Cube_001.ply" />
		<boolean name="face_normals" value="true" />
		<ref id="mat-Material" name="bsdf" />
		<animation name="to_world">
			<transform time="0">
				<matrix value="0.9999991135176153 0.00020821716938903642 -0.0013463423259693036 0.0020378236642657477 -0.0002131484840264739 0.9999933253097996 -0.0036636784720918765 -0.013487843154458778 0.0013455694496894652 0.0036639627218552303 0.999992435349423 -0.0030351379264023093 0.0 0.0 0.0 1.0" />
				<scale value="1" />
			</transform>
			<transform time="0.0015">
				<matrix value="0.9999991135176153 0.0002051956990444805 -0.0013467625679443522 0.002038822990966355 -0.00021005475284132372 0.9999934830018786 -0.003609297645675055 -0.01354920668855929 0.0013460077867828016 0.003609577802537428 0.9999925970464163 -0.003029474118019851 0.0 0.0 0.0 1.0" />
				<scale value="1" />
			</transform>
		</animation>
	</shape>
	<shape type="ply" name="temp6">
		<string name="filename" value="meshes/Cube_002.ply" />
		<boolean name="face_normals" value="true" />
		<ref id="mat-Material" name="bsdf" />
		<animation name="to_world">
			<transform time="0">
				<matrix value="1.0 -3.3499644364162755e-05 0.0003168761208093609 -0.0009087648180892138 3.425523068931097e-05 0.9999970798230373 -0.0023846615362576066 -0.016207591318983083 -0.00031679644768778804 0.0023846790829810003 0.9999971632560337 0.0007415346731474148 0.0 0.0 0.0 1.0" />
				<scale value="1" />
			</transform>
			<transform time="0.0015">
				<matrix value="1.0 -3.2136788318139626e-05 0.00031657868344548985 -0.0009096364494363062 3.28335568513584e-05 0.9999970347681576 -0.0021963662386726896 -0.01632616781930366 -0.000316501419856747 0.0021963831764971356 0.9999971207041934 0.0007484482423987832 0.0 0.0 0.0 1.0" />
				<scale value="1" />
			</transform>
		</animation>
	</shape>
	<shape type="ply" name="temp7">
		<string name="filename" value="meshes/Cube_003.ply" />
		<boolean name="face_normals" value="true" />
		<ref id="mat-Material" name="bsdf" />
		<animation name="to_world">
			<transform time="0">
				<matrix value="0.9999995567588077 -0.00039136003070357493 0.0010477277444434095 -0.0012575040515163671 0.0003952944628537286 0.999992908141662 -0.0037581420461717907 -0.017406636920556606 -0.001046248672492629 0.0037585618545626725 0.999992435349423 0.002949089518130499 0.0 0.0 0.0 1.0" />
				<scale value="1" />
			</transform>
			<transform time="0.0015">
				<matrix value="0.9999995567588077 -0.00036441818881318035 0.0010485437185334798 -0.0012611961093465204 0.0003681538810582918 0.9999931183977674 -0.0035694789304791053 -0.017402432836023825 -0.0010470988581618307 0.003569869840594501 0.9999926481086246 0.0029598879280207753 0.0 0.0 0.0 1.0" />
				<scale value="1" />
			</transform>
		</animation>
	</shape>
	<shape type="ply" name="temp8">
		<string name="filename" value="meshes/Cube_004.ply" />
		<boolean name="face_normals" value="true" />
		<ref id="mat-Material" name="bsdf" />
		<animation name="to_world">
			<transform time="0">
				<matrix value="1.0 0.00037595192554383083 0.000731922494481351 -0.000581077579674627 -0.0003762257835174557 0.9999997914159312 0.00037363227571638423 -0.016843501944503403 -0.0007317823437530472 -0.00037390780166992406 0.9999997636046695 0.0023796334653104732 0.0 0.0 0.0 1.0" />
				<scale value="1" />
			</transform>
			<transform time="0.0015">
				<matrix value="1.0 0.00037072390748271646 0.0007322515053107431 -0.0005801955720993615 -0.0003709883493788981 0.9999997989250778 0.0003608211463427417 -0.016856816044340545 -0.0007321161629009395 -0.0003610929090592897 0.9999997636046695 0.0023769755863135822 0.0 0.0 0.0 1.0" />
				<scale value="1" />
			</transform>
		</animation>
	</shape>
	<shape type="ply" name="temp9">
		<string name="filename" value="meshes/Cube_005.ply" />
		<boolean name="face_normals" value="true" />
		<ref id="mat-Material" name="bsdf" />
		<animation name="to_world">
			<transform time="0">
				<matrix value="0.9999995567588077 0.0005224426028788774 0.0007681453509785111 -0.0005622167306125192 -0.0005263533483326153 0.9999868592036677 0.005098669047010048 -0.014420792612367284 -0.0007654731067838951 -0.005099060745938347 0.9999867618614903 0.0021314333873177493 0.0 0.0 0.0 1.0" />
				<scale value="1" />
			</transform>
			<transform time="0.0015">
				<matrix value="0.9999995727157459 0.0005085489395063058 0.0007681166710381322 -0.0005617095688619164 -0.0005123584433084431 0.9999872947341718 0.004966667281064557 -0.014508503122029599 -0.0007655335835798087 -0.004967048671770036 0.9999871958902616 0.002123844812285985 0.0 0.0 0.0 1.0" />
				<scale value="1" />
			</transform>
		</animation>
	</shape>
	<shape type="ply" name="temp10">
		<string name="filename" value="meshes/Cube_006.ply" />
		<boolean name="face_normals" value="true" />
		<ref id="mat-Material" name="bsdf" />
		<animation name="to_world">
			<transform time="0">
				<matrix value="0.9999995567588077 0.00023924384103390952 -0.0010013398887334457 -0.0010196974371896594 -0.00024000358138883424 0.9999995828318625 -0.0007584460505668523 -0.017694730272072856 0.0010011577459944293 0.0007586870050039319 0.9999992908140084 -0.0022204167279994413 0.0 0.0 0.0 1.0" />
				<scale value="1" />
			</transform>
			<transform time="0.0015">
				<matrix value="0.9999995567588077 0.00022485048900852876 -0.00100161809266549 -0.0010190510400679559 -0.00022552412797819483 0.9999995527952761 -0.0006729234044972096 -0.017672807148621857 0.0010014331627483787 0.0006731497901933572 0.9999992567725362 -0.002217162840340973 0.0 0.0 0.0 1.0" />
				<scale value="1" />
			</transform>
		</animation>
	</shape>
	<shape type="ply" name="temp11">
		<string name="filename" value="meshes/Cube_007.ply" />
		<boolean name="face_normals" value="true" />
		<ref id="mat-Material" name="bsdf" />
		<animation name="to_world">
			<transform time="0">
				<matrix value="0.9999991135176153 -0.0015443731318689343 -5.4884613075214854e-05 0.0005900842814408058 0.0015445803126446073 0.9999906137169057 0.004013425363611478 -0.017346128028351837 4.8686055809385014e-05 -0.004013499560930535 0.999991962558762 0.00017561514860675587 0.0 0.0 0.0 1.0" />
				<scale value="1" />
			</transform>
			<transform time="0.0015">
				<matrix value="0.9999990496898623 -0.0015722555694651908 -5.518428015551894e-05 0.0005900543768784997 0.0015724672961829602 0.9999902157321348 0.004082755077052841 -0.017343043248411502 4.8713007078065225e-05 -0.004082830910959009 0.9999916221440394 0.00017525607942771133 0.0 0.0 0.0 1.0" />
				<scale value="1" />
			</transform>
		</animation>
	</shape>
	<shape type="ply" name="temp12">
		<string name="filename" value="meshes/Cube_008.ply" />
		<boolean name="face_normals" value="true" />
		<ref id="mat-Material" name="bsdf" />
		<animation name="to_world">
			<transform time="0">
				<matrix value="0.9999986702764229 0.001624290031975938 0.00015547886365710193 0.000256418110051726 -0.0016239337833117917 0.9999960369026935 -0.0022496727106648805 -0.016862011902320007 -0.00015913245287902885 0.0022494164860676273 0.9999976360466947 0.00023588458828083247 0.0 0.0 0.0 1.0" />
				<scale value="1" />
			</transform>
			<transform time="0.0015">
				<matrix value="0.9999986383625464 0.0016418224626002674 0.00015417455613709499 0.00025432082410203904 -0.0016414663096289564 0.999995946792934 -0.0022735054007050936 -0.016852772705204595 -0.0001579179064821518 0.002273249165799215 0.9999975679637502 0.000232228563222631 0.0 0.0 0.0 1.0" />
				<scale value="1" />
			</transform>
		</animation>
	</shape>
	<shape type="ply" name="temp13">
		<string name="filename" value="meshes/Cube_009.ply" />
		<boolean name="face_normals" value="true" />
		<ref id="mat-Material" name="bsdf" />
		<animation name="to_world">
			<transform time="0">
				<matrix value="0.9999986702764229 -0.001560997282149584 0.0007201523709742466 0.001443023561627843 0.0015604926714501257 0.9999985399115188 0.0007006710317852433 -0.019962468243354403 -0.0007212465006107864 -0.0006995471639867091 0.9999995272093389 0.001249211414961815 0.0 0.0 0.0 1.0" />
				<scale value="1" />
			</transform>
			<transform time="0.0015">
				<matrix value="0.9999986862333612 -0.0015528397207168593 0.00072048810499441 0.0014402619875530328 0.001552334367638326 0.999998554929812 0.0007013904131977762 -0.019944372916572292 -0.0007215774475097961 -0.000700271946818657 0.9999995272093389 0.001249895322148358 0.0 0.0 0.0 1.0" />
				<scale value="1" />
			</transform>
		</animation>
	</shape>
	<shape type="ply" name="temp14">
		<string name="filename" value="meshes/Cube_010.ply" />
		<boolean name="face_normals" value="true" />
		<ref id="mat-Material" name="bsdf" />
		<animation name="to_world">
			<transform time="0">
				<matrix value="0.9999902486937682 -0.0005411004478299956 0.004408134646997944 0.00907231005800635 0.0005400273391167444 0.9999997914159312 0.0002451135903202731 -0.018338954608520697 -0.00440825527855936 -0.00024273136666367698 0.9999903077914484 0.007319985854602473 0.0 0.0 0.0 1.0" />
				<scale value="1" />
			</transform>
			<transform time="0.0015">
				<matrix value="0.9999902486937682 -0.0005347523654587554 0.004410611164104853 0.009080391680737638 0.0005336779138233511 0.9999997914159312 0.000245243628744306 -0.018327642710972362 -0.004410730997526639 -0.0002428884580110076 0.9999902992810804 0.007324242676653184 0.0 0.0 0.0 1.0" />
				<scale value="1" />
			</transform>
		</animation>
	</shape>
	<shape type="ply" name="temp15">
		<string name="filename" value="meshes/Cube_011.ply" />
		<boolean name="face_normals" value="true" />
		<ref id="mat-Material" name="bsdf" />
		<animation name="to_world">
			<transform time="0">
				<matrix value="0.9999982270352306 -0.0018967341992353309 -0.0006158192918446921 -0.0012593968069307682 0.0018963852794281124 0.9999979141593124 -0.0005623868552849249 -0.02138071761815058 0.0006168853618709742 0.0005612162954217883 0.9999997636046695 -0.0009841048176628675 0.0 0.0 0.0 1.0" />
				<scale value="1" />
			</transform>
			<transform time="0.0015">
				<matrix value="0.9999982429921689 -0.001881999751733796 -0.0006163861674615004 -0.00126282375935009 0.0018816541531876186 0.9999979441958989 -0.0005567804801147578 -0.02135031122641548 0.0006174357166707257 0.0005556182266151456 0.9999997636046695 -0.0009839315035564532 0.0 0.0 0.0 1.0" />
				<scale value="1" />
			</transform>
		</animation>
	</shape>
	<shape type="ply" name="temp16">
		<string name="filename" value="meshes/Cube_012.ply" />
		<boolean name="face_normals" value="true" />
		<ref id="mat-Material" name="bsdf" />
		<animation name="to_world">
			<transform time="0">
				<matrix value="0.9999986702764229 -0.001634496050460658 -0.0001951717672111166 -0.00030705099563843596 0.0016341150335001692 0.9999966626548998 -0.0019469684899208123 -0.0223171176157953 0.00019835353626688083 0.001946646281050346 0.9999981088373558 -0.0004172865062268549 0.0 0.0 0.0 1.0" />
				<scale value="1" />
			</transform>
			<transform time="0.0015">
				<matrix value="0.99999860644867 -0.001670175234994456 -0.0001950557538736548 -0.00030642965988212994 0.0016697866093568403 0.9999964974536742 -0.0019855360312287323 -0.02241132190593156 0.0001984082206942148 0.0019852064998685764 0.9999980152233071 -0.0004177319783796606 0.0 0.0 0.0 1.0" />
				<scale value="1" />
			</transform>
		</animation>
	</shape>
	<shape type="ply" name="temp17">
		<string name="filename" value="meshes/Cube_013.ply" />
		<boolean name="face_normals" value="true" />
		<ref id="mat-Material" name="bsdf" />
		<animation name="to_world">
			<transform time="0">
				<matrix value="0.9999977837940383 -0.0021257323908114548 0.0002888230869353284 -9.584549720365043e-05 0.002127291778585068 0.9999824789382238 -0.005510824305789652 -0.025899849480578496 -0.00027710375567127106 0.005511414763163219 0.999984870698846 -0.0001617661860318087 0.0 0.0 0.0 1.0" />
				<scale value="1" />
			</transform>
			<transform time="0.0015">
				<matrix value="0.9999977997509765 -0.0021214108018390724 0.0002888188317512959 -9.669130862420871e-05 0.0021229671291844105 0.99998255402969 -0.00549956083365565 -0.02588210381434556 -0.00027714591390209 0.005500150442498607 0.9999849302714224 -0.00015961929778533218 0.0 0.0 0.0 1.0" />
				<scale value="1" />
			</transform>
		</animation>
	</shape>
	<shape type="ply" name="temp18">
		<string name="filename" value="meshes/Cube_014.ply" />
		<boolean name="face_normals" value="true" />
		<ref id="mat-Material" name="bsdf" />
		<animation name="to_world">
			<transform time="0">
				<matrix value="0.9999995567588077 -0.0010306743731527276 -6.253602073848956e-05 -0.00034413711536340763 0.0010303318812751872 0.9999853991151865 -0.005278305858680035 -0.022762671596527062 6.797546925945035e-05 0.005278242804371088 0.9999862890708293 3.692218259976343e-05 0.0 0.0 0.0 1.0" />
				<scale value="1" />
			</transform>
			<transform time="0.0015">
				<matrix value="0.9999995567588077 -0.0010326631706355435 -6.250614934658149e-05 -0.0003448605035903694 0.0010323199562099813 0.9999853465511601 -0.005288563405308756 -0.02277235852807309 6.796721952238246e-05 0.005288499998290768 0.9999862294982529 3.948676636881612e-05 0.0 0.0 0.0 1.0" />
				<scale value="1" />
			</transform>
		</animation>
	</shape>
	<shape type="ply" name="temp19">
		<string name="filename" value="meshes/Cube_015.ply" />
		<boolean name="face_normals" value="true" />
		<ref id="mat-Material" name="bsdf" />
		<animation name="to_world">
			<transform time="0">
				<matrix value="1.0 -0.00018627245668230354 -9.637601230390417e-05 7.247441650981568e-05 0.0001862051816668351 0.9999997914159312 -0.0006979595773440606 -0.018292532682382345 9.650601832890979e-05 0.0006979410666572109 0.9999997636046695 -0.00024092680807047406 0.0 0.0 0.0 1.0" />
				<scale value="1" />
			</transform>
			<transform time="0.0015">
				<matrix value="1.0 -0.00018623115637588297 -9.6361059587214e-05 7.215899171838391e-05 0.000186163550014978 0.9999997839067846 -0.0007014783592278881 -0.01829418608481604 9.649168899837407e-05 0.0007014598527642434 0.9999997636046695 -0.0002410123397655624 0.0 0.0 0.0 1.0" />
				<scale value="1" />
			</transform>
		</animation>
	</shape>
	<shape type="ply" name="temp20">
		<string name="filename" value="meshes/Cube_016.ply" />
		<boolean name="face_normals" value="true" />
		<ref id="mat-Material" name="bsdf" />
		<animation name="to_world">
			<transform time="0">
				<matrix value="1.0 0.0006625047192145559 0.0004098929554664292 0.0007804365278185621 -0.0006643033046290338 0.9999899879646993 0.004406976309878346 -0.01648124174603166 -0.0004069703223427247 -0.00440725830842492 0.9999903077914484 0.0008090905812314642 0.0 0.0 0.0 1.0" />
				<scale value="1" />
			</transform>
			<transform time="0.0015">
				<matrix value="0.9999999840430618 0.000671818463952658 0.0004100395891081888 0.0007807790027239387 -0.0006736369965112801 0.9999897401628608 0.004454419909766999 -0.01646518496492539 -0.00040703210760757356 -0.004454705527178729 0.9999900695011426 0.0008076478323946759 0.0 0.0 0.0 1.0" />
				<scale value="1" />
			</transform>
		</animation>
	</shape>
	<shape type="ply" name="temp21">
		<string name="filename" value="meshes/Cube_017.ply" />
		<boolean name="face_normals" value="true" />
		<ref id="mat-Material" name="bsdf" />
		<animation name="to_world">
			<transform time="0">
				<matrix value="0.9999995567588077 0.0007651426819322394 0.000691591087139574 0.00017694480476537766 -0.00076649256152631 0.9999977055752436 0.001953438630117427 -0.01760566190531293 -0.0006900955096121285 -0.0019539675818640322 0.9999978724420252 0.0005314041518018897 0.0 0.0 0.0 1.0" />
				<scale value="1" />
			</transform>
			<transform time="0.0015">
				<matrix value="0.9999995567588077 0.0007640513776536756 0.0006922037485365719 0.00017775394511258748 -0.0007654006282428365 0.9999977130843902 0.001950937007424726 -0.017605895997998364 -0.0006907120857055585 -0.0019514656843925404 0.9999978809523933 0.0005299879935849456 0.0 0.0 0.0 1.0" />
				<scale value="1" />
			</transform>
		</animation>
	</shape>
	<shape type="ply" name="temp22">
		<string name="filename" value="meshes/Cube_018.ply" />
		<boolean name="face_normals" value="true" />
		<ref id="mat-Material" name="bsdf" />
		<animation name="to_world">
			<transform time="0">
				<matrix value="0.9997079040542385 0.024162733118769854 -0.0007938037001542716 0.02145427111163556 -0.02415813870612577 0.9996937985870515 0.005366457677434789 -0.004771448978129589 0.0009232315119666257 -0.0053457155789355115 0.9999853434895072 -0.013546771633723809 0.0 0.0 0.0 1.0" />
				<scale value="1" />
			</transform>
			<transform time="0.0015">
				<matrix value="0.9995606055573841 0.026656855619849422 -0.0009136428735796961 0.023445890748338957 -0.026649210322389545 0.9995416182216117 0.005828347691719921 -0.0034038878012455807 0.0010989515497902272 -0.005791624774918999 0.9999796075014313 -0.014905334658137901 0.0 0.0 0.0 1.0" />
				<scale value="1" />
			</transform>
		</animation>
	</shape>
	<shape type="ply" name="temp23">
		<string name="filename" value="meshes/Cube_019.ply" />
		<boolean name="face_normals" value="true" />
		<ref id="mat-Material" name="bsdf" />
		<animation name="to_world">
			<transform time="0">
				<matrix value="0.955687848276767 0.29407078926125785 -0.013552284264439383 0.038638425535950593 -0.29373571655257635 0.9556262423788596 0.022309076493273843 0.05698833998077074 0.01951137090954866 -0.017339722958639864 0.9996593543287059 -0.006204269821465824 0.0 0.0 0.0 1.0" />
				<scale value="1" />
			</transform>
			<transform time="0.0015">
				<matrix value="0.9535054497481378 0.29952492274545156 -0.013709760115113781 0.039327523224838186 -0.29917779044553855 0.9534439341875968 0.02265775137911693 0.05841879175189327 0.019899774115633335 -0.017459309122252617 0.9996474057719427 -0.006274751576414489 0.0 0.0 0.0 1.0" />
				<scale value="1" />
			</transform>
		</animation>
	</shape>
	<shape type="ply" name="temp24">
		<string name="filename" value="meshes/Cube_020.ply" />
		<boolean name="face_normals" value="true" />
		<ref id="mat-Material" name="bsdf" />
		<animation name="to_world">
			<transform time="0">
				<matrix value="0.8512939420621503 0.5246617339637693 0.005354000325848871 -0.04006241866770793 -0.5246768958430228 0.8512994029901633 0.0018679552829159421 -0.07445291619445316 -0.003577801037984631 -0.004399293194598166 0.999983925114677 0.026442961759042927 0.0 0.0 0.0 1.0" />
				<scale value="1" />
			</transform>
			<transform time="0.0015">
				<matrix value="0.8478002502474463 0.529410500349652 0.005342438987966584 -0.04120010366906137 -0.5294251829793923 0.8478059994995216 0.0017469525681682043 -0.07488082914004526 -0.003620953872621984 -0.004319332889054378 0.9999840102183222 0.027238930283615286 0.0 0.0 0.0 1.0" />
				<scale value="1" />
			</transform>
		</animation>
	</shape>
	<shape type="ply" name="temp25">
		<string name="filename" value="meshes/Cube_021.ply" />
		<boolean name="face_normals" value="true" />
		<ref id="mat-Material" name="bsdf" />
		<animation name="to_world">
			<transform time="0">
				<matrix value="0.7776781962565621 0.6275330970771115 0.03767441838474853 -0.06274636803135858 -0.609645903476252 0.7674260517330208 -0.19846744907217195 -0.13929393460651956 -0.15345723697624403 0.13137569536713925 0.9793832540384596 0.03995985208797259 0.0 0.0 0.0 1.0" />
				<scale value="1" />
			</transform>
			<transform time="0.0015">
				<matrix value="0.7745957625836829 0.6308838284827455 0.03783817063187085 -0.06403625484856355 -0.6125080675737248 0.7641700932669021 -0.2006247388688166 -0.139362004116052 -0.15566499746250512 0.13203621642412605 0.9788696703464741 0.03949291043155417 0.0 0.0 0.0 1.0" />
				<scale value="1" />
			</transform>
		</animation>
	</shape>
	<shape type="ply" name="temp26">
		<string name="filename" value="meshes/Cube_022.ply" />
		<boolean name="face_normals" value="true" />
		<ref id="mat-Material" name="bsdf" />
		<animation name="to_world">
			<transform time="0">
				<matrix value="0.8498081652119491 0.5260980386840014 -0.032354365110696844 0.05115048815972251 -0.48292723575289837 0.7525387809929853 -0.4477353563730526 -0.14691298596153113 -0.21120487139800045 0.3961140787988895 0.8935807320785153 0.17644859072797425 0.0 0.0 0.0 1.0" />
				<scale value="1" />
			</transform>
			<transform time="0.0015">
				<matrix value="0.8474015717011074 0.5294916473168465 -0.03284869239286165 0.0494674387427564 -0.48533590366571067 0.749044737524072 -0.45025451042396747 -0.14752721543316094 -0.21407612775887996 0.39735868230573995 0.8921670918599774 0.17504918595618196 0.0 0.0 0.0 1.0" />
				<scale value="1" />
			</transform>
		</animation>
	</shape>
	<shape type="ply" name="temp27">
		<string name="filename" value="meshes/Cube_023.ply" />
		<boolean name="face_normals" value="true" />
		<ref id="mat-Material" name="bsdf" />
		<animation name="to_world">
			<transform time="0">
				<matrix value="0.7992064209692089 0.6007492339750076 -0.0192332422896117 -0.1300157770564494 -0.4193905610901606 0.5344424443549851 -0.7338141299162546 -0.25367702704424794 -0.4305591310345072 0.5945348888142622 0.6790782095039433 -0.14056947408847364 0.0 0.0 0.0 1.0" />
				<scale value="1" />
			</transform>
			<transform time="0.0015">
				<matrix value="0.7975753984843784 0.6027212034602438 -0.0201182209970633 -0.13186247894713496 -0.4199471933494141 0.5313266666380045 -0.7355205267962277 -0.2538488473640438 -0.43278833285867574 0.5950200247409181 0.6770494569024048 -0.14254483933919446 0.0 0.0 0.0 1.0" />
				<scale value="1" />
			</transform>
		</animation>
	</shape>
	<shape type="ply" name="temp28">
		<string name="filename" value="meshes/Cube_024.ply" />
		<boolean name="face_normals" value="true" />
		<ref id="mat-Material" name="bsdf" />
		<animation name="to_world">
			<transform time="0">
				<matrix value="0.850914051986873 0.519742064940564 -0.07624702082784698 -0.12744116902288516 -0.33398281465249 0.4232373081808758 -0.8422148634982444 -0.4620249534298586 -0.4054638341781511 0.7421175037492986 0.5337236850627938 -0.3644353573611598 0.0 0.0 0.0 1.0" />
				<scale value="1" />
			</transform>
			<transform time="0.0015">
				<matrix value="0.8502805774958514 0.5206463764499488 -0.07686149493324276 -0.12833132451286056 -0.33420518735235605 0.4214055720088039 -0.8429813497980169 -0.4623660998382598 -0.4065539483706656 0.7424486796427653 0.5323523328631709 -0.36592117121555184 0.0 0.0 0.0 1.0" />
				<scale value="1" />
			</transform>
		</animation>
	</shape>
	<shape type="ply" name="temp29">
		<string name="filename" value="meshes/Cube_025.ply" />
		<boolean name="face_normals" value="true" />
		<ref id="mat-Material" name="bsdf" />
		<animation name="to_world">
			<transform time="0">
				<matrix value="0.8722046994204179 0.46350884292159533 -0.15626577643337128 -0.25158887568654154 -0.31468449205445836 0.2871399578243013 -0.9047234623783923 -0.7741797755738229 -0.3744771083653797 0.838278096795523 0.3963037698908941 -0.7617924588588276 0.0 0.0 0.0 1.0" />
				<scale value="1" />
			</transform>
			<transform time="0.0015">
				<matrix value="0.8719814139836849 0.46380161703923745 -0.15662042985278 -0.25204962807286074 -0.3148169330461214 0.2863023125186259 -0.9049315408775811 -0.7744293881032394 -0.37487744081892005 0.8383898854612836 0.3956688538814062 -0.7625880021481175 0.0 0.0 0.0 1.0" />
				<scale value="1" />
			</transform>
		</animation>
	</shape>
	<shape type="ply" name="temp30">
		<string name="filename" value="meshes/Cube_026.ply" />
		<boolean name="face_normals" value="true" />
		<ref id="mat-Material" name="bsdf" />
		<animation name="to_world">
			<transform time="0">
				<matrix value="0.8726523730246956 0.44066993031206264 -0.21044649877239907 -0.2792717259678338 -0.35931121205190536 0.2875558744574207 -0.8878103220602704 -1.129186468765162 -0.3307161713889583 0.8503655435805125 0.4092740724911009 -0.8628018252847114 0.0 0.0 0.0 1.0" />
				<scale value="1" />
			</transform>
			<transform time="0.0015">
				<matrix value="0.8725785402714787 0.4406038873675228 -0.2108780152830603 -0.27980855171620916 -0.35943306401935515 0.28681562278343165 -0.8879914482237974 -1.1293493257686587 -0.3307775992183907 0.8506398376883181 0.40863811821670915 -0.8636097723141036 0.0 0.0 0.0 1.0" />
				<scale value="1" />
			</transform>
		</animation>
	</shape>
	<shape type="ply" name="temp31">
		<string name="filename" value="meshes/Cube_027.ply" />
		<boolean name="face_normals" value="true" />
		<ref id="mat-Material" name="bsdf" />
		<animation name="to_world">
			<transform time="0">
				<matrix value="0.8253642999359959 0.4284174935286793 -0.367739176521594 -0.5317272428757205 -0.5110921108386656 0.29016463540547704 -0.8090670374606225 -1.5901972177221633 -0.23991364775090554 0.8557236511389733 0.4584523386826445 -0.9109847582691741 0.0 0.0 0.0 1.0" />
				<scale value="1" />
			</transform>
			<transform time="0.0015">
				<matrix value="0.8252760740244903 0.42860651376744635 -0.36771533898064396 -0.5320347270047228 -0.510982965381133 0.28952683852799754 -0.8093561091326857 -1.5900766495784318 -0.24043297428425764 0.8558378877865327 0.45795115459692975 -0.9124426402992776 0.0 0.0 0.0 1.0" />
				<scale value="1" />
			</transform>
		</animation>
	</shape>
	<shape type="ply" name="temp32">
		<string name="filename" value="meshes/Cube_028.ply" />
		<boolean name="face_normals" value="true" />
		<ref id="mat-Material" name="bsdf" />
		<animation name="to_world">
			<transform time="0">
				<matrix value="-0.12268539449352601 0.9749924388275073 0.18530490978917794 -1.4347424811198703 -0.8395639747742573 -0.00239406536607547 -0.5432560903710981 -2.096077438377269 -0.529226880982648 -0.22222484111108562 0.8188620779811461 -1.1242283690438821 0.0 0.0 0.0 1.0" />
				<scale value="1" />
			</transform>
			<transform time="0.0015">
				<matrix value="-0.12257105664829146 0.9750075772670971 0.1852999542018537 -1.4346190760935338 -0.8398275993508503 -0.002409196822158906 -0.5428424524416677 -2.095861206033039 -0.5288288511152951 -0.22215794963297752 0.8191334651083703 -1.1233425870429192 0.0 0.0 0.0 1.0" />
				<scale value="1" />
			</transform>
		</animation>
	</shape>
	<shape type="ply" name="temp33">
		<string name="filename" value="meshes/Cube_029.ply" />
		<boolean name="face_normals" value="true" />
		<ref id="mat-Material" name="bsdf" />
		<animation name="to_world">
			<transform time="0">
				<matrix value="0.015684147212810733 0.989708253463017 0.14223833755456594 -1.6504359139080804 -0.9790639455203386 -0.013672577243895265 0.20309323289998915 -1.5269952837340905 0.20294781987387128 -0.14244577335672257 0.968773358813598 0.21183040685322907 0.0 0.0 0.0 1.0" />
				<scale value="1" />
			</transform>
			<transform time="0.0015">
				<matrix value="0.01571612172564756 0.9897045889994656 0.14226011899059146 -1.6503349189786478 -0.9790155959974843 -0.01367931910591536 0.20332216860923158 -1.5265153288765259 0.20317489348774154 -0.14247047769819404 0.968721360464721 0.21219186319081051 0.0 0.0 0.0 1.0" />
				<scale value="1" />
			</transform>
		</animation>
	</shape>
	<shape type="ply" name="temp34">
		<string name="filename" value="meshes/Cube_030.ply" />
		<boolean name="face_normals" value="true" />
		<ref id="mat-Material" name="bsdf" />
		<animation name="to_world">
			<transform time="0">
				<matrix value="-0.030425021779179925 0.9820529926777654 -0.1861350126932978 -3.181430185363402 -0.9837393414853125 0.003557231940616109 0.1795668943487006 -1.9893732639053794 0.17700627891802118 0.18857164563672577 0.9659761599683925 0.19145112715252455 0.0 0.0 0.0 1.0" />
				<scale value="1" />
			</transform>
			<transform time="0.0015">
				<matrix value="-0.03045314316781435 0.98206107735815 -0.1860875067426918 -3.1814377797498796 -0.9837015641654995 0.003559856698520745 0.1797704652240156 -1.9890349771774054 0.17720801027360672 0.18852933228740193 0.965946825669502 0.19187692365950318 0.0 0.0 0.0 1.0" />
				<scale value="1" />
			</transform>
		</animation>
	</shape>
	<shape type="ply" name="temp35">
		<string name="filename" value="meshes/Cube_031.ply" />
		<boolean name="face_normals" value="true" />
		<ref id="mat-Material" name="bsdf" />
		<animation name="to_world">
			<transform time="0">
				<matrix value="0.08996045402081815 0.9888541017014203 0.11863658047535318 -2.068133762496573 -0.8058900549087189 0.0022836430459114397 0.5920608519404038 -1.2899697965835617 0.58519095717049 -0.1488701000994946 0.7971132347816959 0.5694114213688302 0.0 0.0 0.0 1.0" />
				<scale value="1" />
			</transform>
			<transform time="0.0015">
				<matrix value="0.09001780804391896 0.9888589300826982 0.118551636789623 -2.068060766915378 -0.8053910016653953 0.0022570408427227545 0.5927240819444439 -1.2879747638488424 0.5858530264948301 -0.14883829360714812 0.7966212504038594 0.5704637290342194 0.0 0.0 0.0 1.0" />
				<scale value="1" />
			</transform>
		</animation>
	</shape>
	<shape type="ply" name="temp36">
		<string name="filename" value="meshes/Cube_032.ply" />
		<boolean name="face_normals" value="true" />
		<ref id="mat-Material" name="bsdf" />
		<animation name="to_world">
			<transform time="0">
				<matrix value="0.8170100899425028 0.5128373065122033 0.2636145980735672 -0.36952127918066413 -0.26539660335409476 -0.07142842541972329 0.9614900186799591 0.4021944360091416 0.5119174259388292 -0.8555090181322131 0.07774754018838816 -0.37216711115663315 0.0 0.0 0.0 1.0" />
				<scale value="1" />
			</transform>
			<transform time="0.0015">
				<matrix value="0.8170432325032185 0.5130547038160546 0.26307081959568723 -0.3702100709628577 -0.26485898219105536 -0.07129492931290808 0.9616435542302194 0.40326320121799414 0.5121341052031326 -0.8553885564021043 0.07763310126901837 -0.3719412738171054 0.0 0.0 0.0 1.0" />
				<scale value="1" />
			</transform>
		</animation>
	</shape>
	<shape type="ply" name="temp37">
		<string name="filename" value="meshes/Cube_033.ply" />
		<boolean name="face_normals" value="true" />
		<ref id="mat-Material" name="bsdf" />
		<animation name="to_world">
			<transform time="0">
				<matrix value="0.9802420806096162 0.1474192310339721 0.1318848603447306 -0.12225165810410976 -0.14931545830252807 0.1141716188000993 0.9821760284733447 0.30159562056500056 0.12973417052729744 -0.9824624600822239 0.1339277651516405 -0.41528567509200776 0.0 0.0 0.0 1.0" />
				<scale value="1" />
			</transform>
			<transform time="0.0015">
				<matrix value="0.9802356499635072 0.14744977749151542 0.1318983935320275 -0.12227762523625091 -0.1493221203242415 0.11408836338967272 0.9821845984139862 0.30158176767822775 0.12977490859061336 -0.9824674386464343 0.13385098461095826 -0.41523799964402514 0.0 0.0 0.0 1.0" />
				<scale value="1" />
			</transform>
		</animation>
	</shape>
	<shape type="ply" name="temp38">
		<string name="filename" value="meshes/Cube_034.ply" />
		<boolean name="face_normals" value="true" />
		<ref id="mat-Material" name="bsdf" />
		<animation name="to_world">
			<transform time="0">
				<matrix value="0.9999228760325304 0.005059778108267647 0.011351491016268254 -0.03736317409939094 -0.012082839119403858 0.18198861965320814 0.9832265693222215 0.3697722693148717 0.0029090672964237527 -0.9832876186582622 0.18203572784467503 -0.33012537461843583 0.0 0.0 0.0 1.0" />
				<scale value="1" />
			</transform>
			<transform time="0.0015">
				<matrix value="0.999922844118654 0.005060924454590949 0.011353809240529155 -0.03735709653086072 -0.012085305264208195 0.18198122539652953 0.9832279054500078 0.3697658264341317 0.0029098637072111 -0.9832889778138009 0.18202835446178356 -0.33013507850942087 0.0 0.0 0.0 1.0" />
				<scale value="1" />
			</transform>
		</animation>
	</shape>
	<shape type="ply" name="temp39">
		<string name="filename" value="meshes/Cube_035.ply" />
		<boolean name="face_normals" value="true" />
		<ref id="mat-Material" name="bsdf" />
		<animation name="to_world">
			<transform time="0">
				<matrix value="0.9991401120868327 -0.04140183095095563 0.0022479470247520096 0.009179760680604776 0.0067599733700691635 0.21614774426758834 0.9763373002045764 0.0919450300956036 -0.040908059365952334 -0.9754824028050386 0.21624170666081668 -0.12841646627412134 0.0 0.0 0.0 1.0" />
				<scale value="1" />
			</transform>
			<transform time="0.0015">
				<matrix value="0.9991399684743886 -0.04140540455383301 0.002249385362058672 0.009201251014319156 0.006759591201398418 0.21615366898427305 0.9763359896078945 0.09194398237473266 -0.04091181818232315 -0.9754809385214473 0.2162476060479593 -0.12845016249329286 0.0 0.0 0.0 1.0" />
				<scale value="1" />
			</transform>
		</animation>
	</shape>
	<shape type="ply" name="temp40">
		<string name="filename" value="meshes/Cube_036.ply" />
		<boolean name="face_normals" value="true" />
		<ref id="mat-Material" name="bsdf" />
		<animation name="to_world">
			<transform time="0">
				<matrix value="0.9998555033712926 -0.01684336796524155 0.002299315730076247 0.004246069261874652 0.0014039930712536812 0.2166141382453491 0.9762562166062045 -0.25242396338535816 -0.0169415116652217 -0.9761119095245744 0.21660660649302327 0.25148118989702867 0.0 0.0 0.0 1.0" />
				<scale value="1" />
			</transform>
			<transform time="0.0015">
				<matrix value="0.9998555671990454 -0.01684026488549151 0.002299447896092296 0.004259290694963165 0.0014030375697921236 0.21660520987001564 0.9762582080323318 -0.25244325520385824 -0.01693852356896767 -0.9761139445033089 0.21659767060655505 0.2515614973675004 0.0 0.0 0.0 1.0" />
				<scale value="1" />
			</transform>
		</animation>
	</shape>
	<shape type="ply" name="temp41">
		<string name="filename" value="meshes/Cube_037.ply" />
