<scene version="2.1.0">
	<default name="spp" value="1024" />
	<default name="resx" value="640" />
	<default name="resy" value="360" />
	<integrator type="path" name="temp0">
		<integer name="max_depth" value="12" />
	</integrator>
	<sensor type="perspective" name="temp44">
		<string name="fov_axis" value="x" />
		<float name="fov" value="83.974423" />
		<float name="principal_point_offset_x" value="0.000000" />
		<float name="principal_point_offset_y" value="-0.000000" />
		<float name="near_clip" value="0.100000" />
		<float name="far_clip" value="1000.000000" />
		<transform name="to_world">
			<rotate x="1" angle="-142.5518126578256" />
			<rotate y="1" angle="3.976628485794621e-06" />
			<rotate z="1" angle="-179.999991348578" />
			<translate value="-0.000000 3.030926 4.073377" />
		</transform>
		<sampler type="correlated" name="sampler">
			<integer name="sample_count" value="1024" />
		</sampler>
		<film type="hdrfilm" name="film">
			<integer name="width" value="$resx" />
			<integer name="height" value="$resy" />
		</film>
		<float name="shutter_open" value="0.0" />
		<float name="shutter_close" value="0.0015" />
	</sensor>
	<bsdf type="twosided" id="mat-Material" name="mat-Material">
		<bsdf type="diffuse" name="bsdf">
			<texture type="bitmap" name="reflectance">
				<string name="filename" value="textures/siggraph_2023_logo.jpg" />
			</texture>
		</bsdf>
	</bsdf>
	<bsdf type="twosided" id="mat-Material.001" name="mat-Material.001">
		<bsdf type="principled" name="bsdf">
			<rgb value="0.433648 0.266232 0.084399" name="base_color" />
			<float name="spec_tint" value="0.000000" />
			<float name="spec_trans" value="0.000000" />
			<float name="metallic" value="0.000000" />
			<float name="anisotropic" value="0.000000" />
			<float name="roughness" value="0.500000" />
			<float name="sheen" value="0.000000" />
			<float name="sheen_tint" value="0.500000" />
			<float name="clearcoat" value="0.000000" />
			<float name="clearcoat_gloss" value="0.173205" />
			<float name="specular" value="0.500000" />
		</bsdf>
	</bsdf>
	<bsdf type="twosided" id="mat-Material.002" name="mat-Material.002">
		<bsdf type="principled" name="bsdf">
			<rgb value="0.433648 0.266232 0.084399" name="base_color" />
			<float name="spec_tint" value="0.000000" />
			<float name="spec_trans" value="0.000000" />
			<float name="metallic" value="0.000000" />
			<float name="anisotropic" value="0.000000" />
			<float name="roughness" value="0.500000" />
			<float name="sheen" value="0.000000" />
			<float name="sheen_tint" value="0.500000" />
			<float name="clearcoat" value="0.000000" />
			<float name="clearcoat_gloss" value="0.173205" />
			<float name="specular" value="0.500000" />
		</bsdf>
	</bsdf>
	<bsdf type="twosided" id="mat-Material.003" name="mat-Material.003">
		<bsdf type="principled" name="bsdf">
			<rgb value="0.433648 0.266232 0.084399" name="base_color" />
			<float name="spec_tint" value="0.000000" />
			<float name="spec_trans" value="0.000000" />
			<float name="metallic" value="0.000000" />
			<float name="anisotropic" value="0.000000" />
			<float name="roughness" value="0.500000" />
			<float name="sheen" value="0.000000" />
			<float name="sheen_tint" value="0.500000" />
			<float name="clearcoat" value="0.000000" />
			<float name="clearcoat_gloss" value="0.173205" />
			<float name="specular" value="0.500000" />
		</bsdf>
	</bsdf>
	<bsdf type="twosided" id="mat-Material.004" name="mat-Material.004">
		<bsdf type="principled" name="bsdf">
			<rgb value="0.433648 0.266232 0.084399" name="base_color" />
			<float name="spec_tint" value="0.000000" />
			<float name="spec_trans" value="0.000000" />
			<float name="metallic" value="0.000000" />
			<float name="anisotropic" value="0.000000" />
			<float name="roughness" value="0.500000" />
			<float name="sheen" value="0.000000" />
			<float name="sheen_tint" value="0.500000" />
			<float name="clearcoat" value="0.000000" />
			<float name="clearcoat_gloss" value="0.173205" />
			<float name="specular" value="0.500000" />
		</bsdf>
	</bsdf>
	<bsdf type="twosided" id="mat-Material.005" name="mat-Material.005">
		<bsdf type="principled" name="bsdf">
			<rgb value="0.433648 0.266232 0.084399" name="base_color" />
			<float name="spec_tint" value="0.000000" />
			<float name="spec_trans" value="0.000000" />
			<float name="metallic" value="0.000000" />
			<float name="anisotropic" value="0.000000" />
			<float name="roughness" value="0.500000" />
			<float name="sheen" value="0.000000" />
			<float name="sheen_tint" value="0.500000" />
			<float name="clearcoat" value="0.000000" />
			<float name="clearcoat_gloss" value="0.173205" />
			<float name="specular" value="0.500000" />
		</bsdf>
	</bsdf>
	<emitter type="point" name="temp45">
		<point name="position" x="-6.815235034541981e-16" y="3.0693089962005615" z="4.109199523925781" />
		<rgb value="7.957747 7.957747 7.957747" name="intensity" />
	</emitter>
	<shape type="ply" name="temp2">
		<string name="filename" value="meshes/Cube.ply" />
		<boolean name="face_normals" value="true" />
		<ref id="mat-Material" name="bsdf" />
		<animation name="to_world">
			<transform time="0">
				<matrix value="0.9999991135176153 0.00018172323814251716 0.0014962453329651869 -0.002412237781912463 -0.00018004634529907257 0.9999993742477937 -0.0011209441062152588 -0.015862298672399244 -0.0014964487515668576 0.0011206721413031917 0.9999983452326863 0.0034644815081421587 0.0 0.0 0.0 1.0" />
				<scale value="1" />
			</transform>
			<transform time="0.0015">
				<matrix value="0.9999991135176153 0.00018210783410505213 0.0014966886380376918 -0.0024129067876140172 -0.0001805334308387193 0.9999993817569404 -0.0010526769973304897 -0.01595202656207121 -0.0014968792697604586 0.0010524043868022465 0.9999983537430543 0.0034664972904639058 0.0 0.0 0.0 1.0" />
				<scale value="1" />
			</transform>
		</animation>
	</shape>
	<shape type="ply" name="temp4">
		<string name="filename" value="meshes/Plane.ply" />
		<boolean name="face_normals" value="true" />
		<ref id="mat-Material.001" name="bsdf" />
		<transform name="to_world">
			<scale value="1" />
		</transform>
	</shape>
	<shape type="ply" name="temp5">
		<string name="filename" value="meshes/Cube_001.ply" />
		<boolean name="face_normals" value="true" />
		<ref id="mat-Material" name="bsdf" />
		<animation name="to_world">
			<transform time="0">
				<matrix value="0.9999982270352306 -0.0001476328836956091 -0.0018663080391905637 0.0025600897631381514 0.000154329491318678 0.9999935338938684 0.0035885993151154485 -0.021551412415545756 0.00186576617786028 -0.0035888724570994715 0.999991962558762 -0.004100290662568673 0.0 0.0 0.0 1.0" />
				<scale value="1" />
			</transform>
			<transform time="0.0015">
				<matrix value="0.9999982270352306 -0.00014665215911019964 -0.0018668510006731092 0.0025588133330570932 0.00015330523141026244 0.9999936089853346 0.0035644162532220006 -0.021526027809594034 0.0018663157348131195 -0.0035646875983913156 0.9999920391520746 -0.004107599664470021 0.0 0.0 0.0 1.0" />
				<scale value="1" />
			</transform>
		</animation>
	</shape>
	<shape type="ply" name="temp6">
		<string name="filename" value="meshes/Cube_002.ply" />
		<boolean name="face_normals" value="true" />
		<ref id="mat-Material" name="bsdf" />
		<animation name="to_world">
			<transform time="0">
				<matrix value="1.0 3.446351134593042e-05 0.0002828635606526591 -0.0008690016514458776 -3.336205536259789e-05 0.9999924909735245 -0.003892721907842699 -0.015002899592404861 -0.000282996647323621 0.0038927064408674594 0.999992435349423 0.0006569439365750052 0.0 0.0 0.0 1.0" />
				<scale value="1" />
			</transform>
			<transform time="0.0015">
				<matrix value="1.0 3.531596468874423e-05 0.00028217719946821846 -0.0008687935556551464 -3.4228845821727604e-05 0.9999926336473104 -0.003848554799659064 -0.015030380920658478 -0.00028231104151538313 0.0038485394426325046 0.9999925800256801 0.0006624709213069799 0.0 0.0 0.0 1.0" />
				<scale value="1" />
			</transform>
		</animation>
	</shape>
	<shape type="ply" name="temp7">
		<string name="filename" value="meshes/Cube_003.ply" />
		<boolean name="face_normals" value="true" />
		<ref id="mat-Material" name="bsdf" />
		<animation name="to_world">
			<transform time="0">
				<matrix value="0.9999991135176153 -0.0005132732472159241 0.0014446189567306714 -0.0011057192830623563 0.000520396186707374 0.9999876935399428 -0.0049345397690228505 -0.01729519678723712 -0.0014420674896769127 0.004935276363461911 0.9999867618614903 0.0041033770094398014 0.0 0.0 0.0 1.0" />
				<scale value="1" />
			</transform>
			<transform time="0.0015">
				<matrix value="0.9999991135176153 -0.0005083566334652209 0.0014450796229540288 -0.001106477510499784 0.0005154127710685915 0.9999878962869017 -0.004887030639300098 -0.017299858321176177 -0.0014425706119394865 0.004887760661290911 0.9999869661103239 0.00410957141771706 0.0 0.0 0.0 1.0" />
				<scale value="1" />
			</transform>
		</animation>
	</shape>
	<shape type="ply" name="temp8">
		<string name="filename" value="meshes/Cube_004.ply" />
		<boolean name="face_normals" value="true" />
		<ref id="mat-Material" name="bsdf" />
		<animation name="to_world">
			<transform time="0">
				<matrix value="0.9999995567588077 0.0003704932804642247 0.0012042640044139738 -0.0004502786024391803 -0.0003712122823907366 0.9999997914159312 0.0005966098072857987 -0.01686893377387999 -0.0012040425369707478 -0.0005970552101171616 0.9999992908140084 0.003781719057200938 0.0 0.0 0.0 1.0" />
				<scale value="1" />
			</transform>
			<transform time="0.0015">
				<matrix value="0.9999995567588077 0.00035491442942505466 0.0012049534293309177 -0.00044992258361588447 -0.00035557354146033065 0.9999997839067846 0.0005473409887582496 -0.01690886508361857 -0.0012047382594778271 -0.0005477676497092521 0.9999992823036404 0.003781757687825952 0.0 0.0 0.0 1.0" />
				<scale value="1" />
			</transform>
		</animation>
	</shape>
	<shape type="ply" name="temp9">
		<string name="filename" value="meshes/Cube_005.ply" />
		<boolean name="face_normals" value="true" />
		<ref id="mat-Material" name="bsdf" />
		<animation name="to_world">
			<transform time="0">
				<matrix value="1.0 -5.56961180418962e-05 0.0008159350309985197 -0.0007265343649707212 5.5923297998145474e-05 1.0 -0.0002784807912246271 -0.01800177874018105 -0.0008159183868857343 0.0002785264787046095 0.9999997636046695 0.0021784942530975737 0.0 0.0 0.0 1.0" />
				<scale value="1" />
			</transform>
			<transform time="0.0015">
				<matrix value="0.9999999840430618 -3.819740348589939e-05 0.0008160643034894268 -0.0007277320158417081 3.8285136749859866e-05 0.9999996395609622 -0.00010812169006242084 -0.017890660463116475 -0.0008159788636816479 0.00010815317810354883 0.9999994061692108 0.0021797332564087247 0.0 0.0 0.0 1.0" />
				<scale value="1" />
			</transform>
		</animation>
	</shape>
	<shape type="ply" name="temp10">
		<string name="filename" value="meshes/Cube_006.ply" />
		<boolean name="face_normals" value="true" />
		<ref id="mat-Material" name="bsdf" />
		<animation name="to_world">
			<transform time="0">
				<matrix value="0.9999991135176153 -0.00023290914286548623 -0.0015560722632157991 -0.001276393566677747 0.00023573117953573145 0.99999833132745 0.0018139937525442048 -0.01714403861705327 0.0015556480452176935 -0.0018143580929575762 0.9999971632560337 -0.003655682287683537 0.0 0.0 0.0 1.0" />
				<scale value="1" />
			</transform>
			<transform time="0.0015">
				<matrix value="0.9999991135176153 -0.0002238870774114488 -0.0015566405004914978 -0.0012783375616986748 0.0002266532534379972 0.9999983763823297 0.0017777851150565362 -0.017146104382864367 0.0015562320691571226 -0.0017781353212998174 0.9999972143182422 -0.003661693288669443 0.0 0.0 0.0 1.0" />
				<scale value="1" />
			</transform>
		</animation>
	</shape>
	<shape type="ply" name="temp11">
		<string name="filename" value="meshes/Cube_007.ply" />
		<boolean name="face_normals" value="true" />
		<ref id="mat-Material" name="bsdf" />
		<animation name="to_world">
			<transform time="0">
				<matrix value="0.9999977837940383 -0.0022248598836518067 -0.0002151422083389871 0.0004567118548259863 0.0022260459162415985 0.9999812274338111 0.005691666733645344 -0.017290969350823526 0.00020247523611458316 -0.00569212157113864 0.9999839251175239 -0.000500234088263829 0.0 0.0 0.0 1.0" />
				<scale value="1" />
			</transform>
			<transform time="0.0015">
				<matrix value="0.9999977837940383 -0.0022205705840098984 -0.0002155172091974024 0.0004558040455219454 0.002221756691243825 0.9999813025252774 0.0056807326127554575 -0.01729047932960462 0.00020289768009743681 -0.005681188028382724 0.9999839846901004 -0.0005033584052929232 0.0 0.0 0.0 1.0" />
				<scale value="1" />
			</transform>
		</animation>
	</shape>
	<shape type="ply" name="temp12">
		<string name="filename" value="meshes/Cube_008.ply" />
		<boolean name="face_normals" value="true" />
		<ref id="mat-Material" name="bsdf" />
		<animation name="to_world">
			<transform time="0">
				<matrix value="0.999533267024451 0.030519603773702976 0.0015162845651342418 0.028945329752483318 -0.030507830298904134 0.9995081587658498 -0.007260007914515667 0.04899963797391643 -0.0017371109893675302 0.007210359119191195 0.9999725781416585 0.027183750239100135 0.0 0.0 0.0 1.0" />
				<scale value="1" />
			</transform>
			<transform time="0.0015">
				<matrix value="0.9994154409925181 0.03252588630442811 0.0016482915224042525 0.031151392345073466 -0.03251010116423021 0.9993844605935468 -0.0077386301634533574 0.053381804664341836 -0.0019242585885086748 0.007671930968290153 0.9999654804946924 0.029053226403334496 0.0 0.0 0.0 1.0" />
				<scale value="1" />
			</transform>
		</animation>
	</shape>
	<shape type="ply" name="temp13">
		<string name="filename" value="meshes/Cube_009.ply" />
		<boolean name="face_normals" value="true" />
		<ref id="mat-Material" name="bsdf" />
		<animation name="to_world">
			<transform time="0">
				<matrix value="0.9513449710740799 0.3078907353214176 0.012078359378582867 0.16062271583231125 -0.307497158823957 0.9511750583513933 -0.02667541644583403 0.6196446361430543 -0.019701751866488662 0.021663457948408817 0.9995714152657484 0.060621070702148394 0.0 0.0 0.0 1.0" />
				<scale value="1" />
			</transform>
			<transform time="0.0015">
				<matrix value="0.9493167803965612 0.31285389076288356 0.012230162217905148 0.16525927261649742 -0.31244060552384656 0.9491399970162396 -0.027220786362542167 0.629733333417563 -0.020188476938900655 0.021970232869927497 0.9995505648639893 0.061657220580694345 0.0 0.0 0.0 1.0" />
				<scale value="1" />
			</transform>
		</animation>
	</shape>
	<shape type="ply" name="temp14">
		<string name="filename" value="meshes/Cube_010.ply" />
		<boolean name="face_normals" value="true" />
		<ref id="mat-Material" name="bsdf" />
		<animation name="to_world">
			<transform time="0">
				<matrix value="0.8276465488354281 0.5611009484317607 0.012918437464688447 0.3173868298346436 -0.5604603148430838 0.8274838712368827 -0.033976107996733965 0.9442126706927993 -0.029753828274178364 0.02087993275249623 0.9993392750511677 0.02972075228813731 0.0 0.0 0.0 1.0" />
				<scale value="1" />
			</transform>
			<transform time="0.0015">
				<matrix value="0.82460209267555 0.5649887114763547 0.012891164288150604 0.3225039377129205 -0.5643390635616807 0.8244365919553872 -0.03423608612453021 0.9508818338339383 -0.03000024329288417 0.02093779448179145 0.9993298370529836 0.029855576115607404 0.0 0.0 0.0 1.0" />
				<scale value="1" />
			</transform>
		</animation>
	</shape>
	<shape type="ply" name="temp15">
		<string name="filename" value="meshes/Cube_011.ply" />
		<boolean name="face_normals" value="true" />
		<ref id="mat-Material" name="bsdf" />
		<animation name="to_world">
			<transform time="0">
				<matrix value="0.7304384364578291 0.6817518141599381 -0.04091712405223202 0.34697722414359156 -0.6594715323911798 0.7196133685701354 0.21737980834012183 1.304421497681246 0.17764362344355855 -0.13179889158425856 0.9752290788950504 -0.37403961693168397 0.0 0.0 0.0 1.0" />
				<scale value="1" />
			</transform>
			<transform time="0.0015">
				<matrix value="0.7271211964388106 0.6848567186326102 -0.041335280136068034 0.3507351144752419 -0.6621595424647475 0.7163094491845425 0.2188628123135732 1.3109693178358433 0.17958485678616146 -0.13160741285088753 0.9748450655568544 -0.3774689382738186 0.0 0.0 0.0 1.0" />
				<scale value="1" />
			</transform>
		</animation>
	</shape>
	<shape type="ply" name="temp16">
		<string name="filename" value="meshes/Cube_012.ply" />
		<boolean name="face_normals" value="true" />
		<ref id="mat-Material" name="bsdf" />
		<animation name="to_world">
			<transform time="0">
				<matrix value="0.7747625556932558 0.6322468884471542 0.002669399711881371 0.29898521267868805 -0.5478243949314483 0.6691900472025747 0.5020691683281319 1.3554548355288556 0.3156453946353632 -0.39044664106644866 0.8648234765148332 -1.0362352101442076 0.0 0.0 0.0 1.0" />
				<scale value="1" />
			</transform>
			<transform time="0.0015">
				<matrix value="0.7702027169799418 0.6369010575234213 0.002800689160019823 0.302387646720151 -0.5505689723510617 0.664046664733036 0.5047855927107929 1.3627655250830397 0.31999537248408194 -0.39000706313234795 0.8630783744809006 -1.0448855051139376 0.0 0.0 0.0 1.0" />
				<scale value="1" />
			</transform>
		</animation>
	</shape>
	<shape type="ply" name="temp17">
		<string name="filename" value="meshes/Cube_013.ply" />
		<boolean name="face_normals" value="true" />
		<ref id="mat-Material" name="bsdf" />
		<animation name="to_world">
			<transform time="0">
				<matrix value="0.909150182526723 0.37856694401395014 0.17359057558007868 0.3133991502939717 -0.35900639508392324 0.5011144646794168 0.7873999870455359 1.2739430296640628 0.21109490325817737 -0.7781846094159021 0.5914961034957669 -1.02776094701457 0.0 0.0 0.0 1.0" />
				<scale value="1" />
			</transform>
			<transform time="0.0015">
				<matrix value="0.9083369212125989 0.3800110955831315 0.1744249524900527 0.3149963397892775 -0.3596819815306429 0.49782391157481093 0.7889449847951566 1.2765248841934602 0.21310824281328009 -0.7793464696361255 0.588972617667507 -1.0325073378202438 0.0 0.0 0.0 1.0" />
				<scale value="1" />
			</transform>
		</animation>
	</shape>
	<shape type="ply" name="temp18">
		<string name="filename" value="meshes/Cube_014.ply" />
		<boolean name="face_normals" value="true" />
		<ref id="mat-Material" name="bsdf" />
		<animation name="to_world">
			<transform time="0">
				<matrix value="0.9372853604526025 0.3181320045137593 0.14243837528326073 0.08984503468859051 -0.2132914736351274 0.2002598123160549 0.9562441699001607 1.01095309306288 0.275687201144626 -0.9266541238113316 0.2555554084651277 -0.8159741257258689 0.0 0.0 0.0 1.0" />
				<scale value="1" />
			</transform>
			<transform time="0.0015">
				<matrix value="0.9371770607127964 0.3183273099082488 0.14270311751509976 0.09012094978267735 -0.21337171150335213 0.1994512687081128 0.9563857228521855 1.0111802617383383 0.2759878601791705 -0.9267512996777659 0.254845935674133 -0.8168231229721065 0.0 0.0 0.0 1.0" />
				<scale value="1" />
			</transform>
		</animation>
	</shape>
	<shape type="ply" name="temp19">
		<string name="filename" value="meshes/Cube_015.ply" />
		<boolean name="face_normals" value="true" />
		<ref id="mat-Material" name="bsdf" />
		<animation name="to_world">
			<transform time="0">
				<matrix value="0.9750690126536495 0.1920859866965081 0.11110126655890191 0.042581914010645594 -0.1506684963663087 0.20552806185769146 0.966983609766153 0.6363160871158939 0.16290957702379497 -0.9596152041099406 0.22934535986697563 -0.40311665847589595 0.0 0.0 0.0 1.0" />
				<scale value="1" />
			</transform>
			<transform time="0.0015">
				<matrix value="0.9751319787319278 0.19170246754559872 0.11119187985183698 0.04264023045396194 -0.15064121000192554 0.2053602204160569 0.9670230978739746 0.6363443050728621 0.1625463316861022 -0.9597252055988051 0.2291316143136924 -0.40260476114286164 0.0 0.0 0.0 1.0" />
				<scale value="1" />
			</transform>
		</animation>
	</shape>
	<shape type="ply" name="temp20">
		<string name="filename" value="meshes/Cube_016.ply" />
		<boolean name="face_normals" value="true" />
		<ref id="mat-Material" name="bsdf" />
		<animation name="to_world">
			<transform time="0">
				<matrix value="0.9708187728601645 0.186557528529086 0.15069107810927232 0.06697415510919225 -0.18854602705189646 0.2054629210530158 0.9603309723743688 0.3557419987325685 0.1481955651059258 -0.9607190310018502 0.23464189180563955 -0.15903598043996636 0.0 0.0 0.0 1.0" />
				<scale value="1" />
			</transform>
			<transform time="0.0015">
				<matrix value="0.9708502399423654 0.18613840701221276 0.15098301352018936 0.06705886184707505 -0.1887100755468169 0.20529505408028273 0.960333882920247 0.3559210513953895 0.14776025344807883 -0.9608331850487967 0.2344349153991152 -0.15822362066013126 0.0 0.0 0.0 1.0" />
				<scale value="1" />
			</transform>
		</animation>
	</shape>
	<shape type="ply" name="temp21">
		<string name="filename" value="meshes/Cube_017.ply" />
		<boolean name="face_normals" value="true" />
		<ref id="mat-Material" name="bsdf" />
		<animation name="to_world">
			<transform time="0">
				<matrix value="0.9426255303380867 0.1704924044111359 0.2870354654458582 0.17825548359768106 -0.31882250317803934 0.2046498394945591 0.9254569876332147 0.1529711092756695 0.09904166821801084 -0.963872822121592 0.24726502422342952 0.07267511482489636 0.0 0.0 0.0 1.0" />
				<scale value="1" />
			</transform>
			<transform time="0.0015">
				<matrix value="0.9424966301910181 0.16997543195554707 0.28772887321505664 0.1784039025069505 -0.3193574004917219 0.2044608425341466 0.9253093582783914 0.15344135077287208 0.09845616347471355 -0.9639997942818221 0.24697985881030815 0.07362943719402665 0.0 0.0 0.0 1.0" />
				<scale value="1" />
			</transform>
		</animation>
	</shape>
	<shape type="ply" name="temp22">
		<string name="filename" value="meshes/Cube_018.ply" />
		<boolean name="face_normals" value="true" />
		<ref id="mat-Material" name="bsdf" />
		<animation name="to_world">
			<transform time="0">
				<matrix value="0.18617920773296315 0.9788602132146351 0.08467451436125273 0.8645906858408181 -0.3810678389509722 -0.007494550741203488 0.9245168434036957 -0.12316204299851147 0.9056073556762353 -0.2043924884705156 0.3716167691282828 -0.20600948258862478 0.0 0.0 0.0 1.0" />
				<scale value="1" />
			</transform>
			<transform time="0.0015">
				<matrix value="0.18642278082096916 0.9788319037318705 0.08444794198122195 0.8646118442712121 -0.3803433157660711 -0.007351896779534056 0.9248071746102324 -0.1236127219587666 0.9058522787212161 -0.20453056440585551 0.3709230464754659 -0.20575219170648887 0.0 0.0 0.0 1.0" />
				<scale value="1" />
			</transform>
		</animation>
	</shape>
	<shape type="ply" name="temp23">
		<string name="filename" value="meshes/Cube_019.ply" />
		<boolean name="face_normals" value="true" />
		<ref id="mat-Material" name="bsdf" />
		<animation name="to_world">
			<transform time="0">
				<matrix value="-0.05019121425038163 0.9879302828608557 -0.1465414890352754 0.46479866963238237 -0.9622642178477271 -0.008543559654000747 0.27198299277434035 0.08035345059008406 0.2674481895370257 0.15466275084841571 0.9510789319280735 -0.04537545148964872 0.0 0.0 0.0 1.0" />
				<scale value="1" />
			</transform>
			<transform time="0.0015">
				<matrix value="-0.05015382554840141 0.9879274368942861 -0.14657325143096753 0.4648254989357809 -0.9623399654335323 -0.008542779678941128 0.27171098439024743 0.08060158124451239 0.26717855876888064 0.15468094100519264 0.9511506573101252 -0.04535199516447544 0.0 0.0 0.0 1.0" />
				<scale value="1" />
			</transform>
		</animation>
	</shape>
	<shape type="ply" name="temp24">
		<string name="filename" value="meshes/Cube_020.ply" />
		<boolean name="face_normals" value="true" />
		<ref id="mat-Material" name="bsdf" />
		<animation name="to_world">
			<transform time="0">
				<matrix value="0.056061193489527546 0.9942037483336178 -0.09173909422022386 -0.07881097464462722 -0.8871644127006875 0.007450944684641416 -0.46139286091547327 0.32061791855772637 -0.4580349778859676 0.10725392792340623 0.8824401289657771 0.13098421773894653 0.0 0.0 0.0 1.0" />
				<scale value="1" />
			</transform>
			<transform time="0.0015">
				<matrix value="0.05617902667680555 0.9941699016016015 -0.09201967424693634 -0.078508481164567 -0.8872544024107685 0.007448937174474809 -0.46121870474346416 0.3204477653741119 -0.4578444900847031 0.10755583851561613 0.882500246205939 0.1307012577590683 0.0 0.0 0.0 1.0" />
				<scale value="1" />
			</transform>
		</animation>
	</shape>
	<shape type="ply" name="temp25">
		<string name="filename" value="meshes/Cube_021.ply" />
		<boolean name="face_normals" value="true" />
		<ref id="mat-Material" name="bsdf" />
		<animation name="to_world">
			<transform time="0">
				<matrix value="0.2860751347009983 0.9164998341756654 -0.2796232898570801 -0.11654874018891771 -0.6726034391970598 -0.015777365708361926 -0.7398348825895311 0.26874505480173994 -0.682470431380058 0.3997238346929538 0.6119275155181715 0.22184460475937007 0.0 0.0 0.0 1.0" />
				<scale value="1" />
			</transform>
			<transform time="0.0015">
				<matrix value="0.2861358540423731 0.9164425844418198 -0.279747694417454 -0.11637124295622098 -0.6726932927162654 -0.01578067371272328 -0.7397528511517528 0.26862992509027034 -0.6823559243912781 0.39985426106062993 0.6119693014253705 0.22178228062313993 0.0 0.0 0.0 1.0" />
				<scale value="1" />
			</transform>
		</animation>
	</shape>
	<shape type="ply" name="temp26">
		<string name="filename" value="meshes/Cube_022.ply" />
		<boolean name="face_normals" value="true" />
		<ref id="mat-Material" name="bsdf" />
		<animation name="to_world">
			<transform time="0">
				<matrix value="0.6309697939992235 0.3931498905976559 -0.6688129786709949 -0.07950100001096827 -0.7211002310173095 -0.020789749344524565 -0.6925191752072359 -0.20348636240056803 -0.28616825967551196 0.919239377334838 0.2703825963866501 0.6656106879679031 0.0 0.0 0.0 1.0" />
				<scale value="1" />
			</transform>
			<transform time="0.0015">
				<matrix value="0.6317850020598123 0.39319984144098497 -0.6679864942763644 -0.07923217641911756 -0.7202279609455895 -0.0207307544850041 -0.6933983813320291 -0.20243828540961506 -0.2864944482155398 0.9192192528218912 0.2700960863353744 0.665516132389347 0.0 0.0 0.0 1.0" />
				<scale value="1" />
			</transform>
		</animation>
	</shape>
	<shape type="ply" name="temp27">
		<string name="filename" value="meshes/Cube_023.ply" />
		<boolean name="face_normals" value="true" />
		<ref id="mat-Material" name="bsdf" />
		<animation name="to_world">
			<transform time="0">
				<matrix value="0.8488188508706144 0.31940561883764446 -0.4212921746999316 -0.08907809331241157 -0.48169147930861467 0.138798368038246 -0.8652794831074261 -0.28833182184269557 -0.217900472849704 0.9373980806093992 0.27166953256605714 0.1427048086114311 0.0 0.0 0.0 1.0" />
				<scale value="1" />
			</transform>
			<transform time="0.0015">
				<matrix value="0.8488767905133485 0.31935358045155454 -0.4212144920602344 -0.08888591105343642 -0.48154789877836923 0.1385880999181976 -0.8653918965591965 -0.28815896697703 -0.21799009818469284 0.9374462142392458 0.27142804236184526 0.14270124518966196 0.0 0.0 0.0 1.0" />
				<scale value="1" />
			</transform>
		</animation>
	</shape>
	<shape type="ply" name="temp28">
		<string name="filename" value="meshes/Cube_024.ply" />
		<boolean name="face_normals" value="true" />
		<ref id="mat-Material" name="bsdf" />
		<animation name="to_world">
			<transform time="0">
				<matrix value="0.8869406961014277 0.36389868654611895 -0.2844533192504755 -0.15010735710967915 -0.3683988532463871 0.1858769812879232 -0.9108964536445304 -0.49903538130344904 -0.27860075847432836 0.9127033955400554 0.29892189545558345 -0.2629448678021109 0.0 0.0 0.0 1.0" />
				<scale value="1" />
			</transform>
			<transform time="0.0015">
				<matrix value="0.8865469746073984 0.36460658130731416 -0.28473936123150756 -0.15073460306069922 -0.36892804595465034 0.18584741327218474 -0.9106834901940724 -0.49964210913550666 -0.27911936854115366 0.9124183032794075 0.29928657323753594 -0.2633866358183236 0.0 0.0 0.0 1.0" />
				<scale value="1" />
			</transform>
		</animation>
	</shape>
	<shape type="ply" name="temp29">
		<string name="filename" value="meshes/Cube_025.ply" />
		<boolean name="face_normals" value="true" />
		<ref id="mat-Material" name="bsdf" />
		<animation name="to_world">
			<transform time="0">
				<matrix value="0.8952399441870691 0.3804644332875144 -0.23193254128289853 -0.2781497290707743 -0.3205071743019395 0.1882298095836036 -0.9283561399668385 -0.7920013641206773 -0.30954994175810735 0.9054369523364545 0.2904523235533433 -0.7252853428189822 0.0 0.0 0.0 1.0" />
				<scale value="1" />
			</transform>
			<transform time="0.0015">
				<matrix value="0.8951945147839119 0.38052148027440114 -0.23201359828353343 -0.27820590320417743 -0.32060015059395786 0.18820029037731817 -0.9283298684606219 -0.7920800773685575 -0.3095845204432643 0.9054190505309079 0.2904711910393433 -0.7252642543953229 0.0 0.0 0.0 1.0" />
				<scale value="1" />
			</transform>
		</animation>
	</shape>
	<shape type="ply" name="temp30">
		<string name="filename" value="meshes/Cube_026.ply" />
		<boolean name="face_normals" value="true" />
		<ref id="mat-Material" name="bsdf" />
		<animation name="to_world">
			<transform time="0">
				<matrix value="0.9251693624595986 0.24407965408418036 -0.29066697051346485 -0.3030554226860932 -0.3424801029028752 0.2067149677841906 -0.9165023325127264 -1.133620672619448 -0.16361446349199596 0.9474670593609402 0.27483888476247703 -0.8478169055129099 0.0 0.0 0.0 1.0" />
				<scale value="1" />
			</transform>
			<transform time="0.0015">
				<matrix value="0.9251114706876792 0.24414819006539865 -0.2907925324838956 -0.3032637040216658 -0.34264358811787593 0.2068268608270892 -0.9164152969785259 -1.133831371753294 -0.16359699383601545 0.9474247152831392 0.274993943668621 -0.847705889904861 0.0 0.0 0.0 1.0" />
				<scale value="1" />
			</transform>
		</animation>
	</shape>
	<shape type="ply" name="temp31">
		<string name="filename" value="meshes/Cube_027.ply" />
		<boolean name="face_normals" value="true" />
		<ref id="mat-Material" name="bsdf" />
		<animation name="to_world">
			<transform time="0">
				<matrix value="0.8753525983685179 0.197849936277567 -0.4411505644411307 -0.5372638748991635 -0.476941263450154 0.20373922402554737 -0.8549955770433657 -1.573959495224703 -0.07928117802871139 0.958825087657455 0.2727063624857631 -0.9866844266586828 0.0 0.0 0.0 1.0" />
				<scale value="1" />
			</transform>
			<transform time="0.0015">
				<matrix value="0.8752761167635539 0.19777205891795105 -0.441335792602065 -0.5375900782406282 -0.47710877938775303 0.20384440839685394 -0.8548762021105183 -1.5741685953019833 -0.07910655008374064 0.9588185622090405 0.2727782750959121 -0.9864155977391892 0.0 0.0 0.0 1.0" />
				<scale value="1" />
			</transform>
		</animation>
	</shape>
	<shape type="ply" name="temp32">
		<string name="filename" value="meshes/Cube_028.ply" />
		<boolean name="face_normals" value="true" />
		<ref id="mat-Material" name="bsdf" />
		<animation name="to_world">
			<transform time="0">
				<matrix value="-0.11543317075246397 0.980655496294504 0.15808211995550095 -1.4687780391419936 -0.8095556595694886 -0.0006613470776329046 -0.5870431246545673 -2.1159395568057557 -0.5755823746026343 -0.19574046301491588 0.7939715408389482 -1.2799106411283372 0.0 0.0 0.0 1.0" />
				<scale value="1" />
			</transform>
			<transform time="0.0015">
				<matrix value="-0.1155350191021414 0.9806551884194925 0.1580082593221018 -1.4690566480640501 -0.8090998974995987 -0.0006368806244245972 -0.5876577859880605 -2.116164589077033 -0.5761888339972229 -0.1957420376829625 0.7935215295964082 -1.2815590347646773 0.0 0.0 0.0 1.0" />
				<scale value="1" />
			</transform>
		</animation>
	</shape>
	<shape type="ply" name="temp33">
		<string name="filename" value="meshes/Cube_029.ply" />
		<boolean name="face_normals" value="true" />
		<ref id="mat-Material" name="bsdf" />
		<animation name="to_world">
			<transform time="0">
				<matrix value="-0.009980116200110987 0.9825027168074958 0.1859805985624327 -1.6383639837403 -0.9998639249539473 -0.007361524165507288 -0.014765205065857375 -1.915191610073595 -0.013137744292383168 -0.18610262753351425 0.982442682406183 -0.22239737792851244 0.0 0.0 0.0 1.0" />
				<scale value="1" />
			</transform>
			<transform time="0.0015">
				<matrix value="-0.009971102923548514 0.9824896959472533 0.1860494882898451 -1.6382604934136389 -0.999866813159768 -0.007412371751125902 -0.014446701987915065 -1.9147655908312675 -0.012814676450766067 -0.18616881765732785 0.9824329210140125 -0.22176828650265926 0.0 0.0 0.0 1.0" />
				<scale value="1" />
			</transform>
		</animation>
	</shape>
	<shape type="ply" name="temp34">
		<string name="filename" value="meshes/Cube_030.ply" />
		<boolean name="face_normals" value="true" />
		<ref id="mat-Material" name="bsdf" />
		<animation name="to_world">
			<transform time="0">
				<matrix value="-0.04357032830377215 0.9819380098720978 -0.18411710645529214 -3.2085460322887114 -0.96856075382917 0.0036645932028324915 0.24874888459035094 -1.8556488556481845 0.24493079948756166 0.18916669659780852 0.9509074788740798 0.31966614964111395 0.0 0.0 0.0 1.0" />
				<scale value="1" />
			</transform>
			<transform time="0.0015">
				<matrix value="-0.04356680625531151 0.9819386327248147 -0.1841146371211627 -3.2085523644752567 -0.9685646161073321 0.0036644458900214876 0.24873382684033618 -1.8556830281799452 0.24491613016034555 0.18916348565985278 0.9509118962511804 0.31963141983028 0.0 0.0 0.0 1.0" />
				<scale value="1" />
			</transform>
		</animation>
	</shape>
	<shape type="ply" name="temp35">
		<string name="filename" value="meshes/Cube_031.ply" />
		<boolean name="face_normals" value="true" />
		<ref id="mat-Material" name="bsdf" />
		<animation name="to_world">
			<transform time="0">
				<matrix value="0.1172592358167251 0.9836063351153367 0.13699998250674553 -1.9777313038166728 -0.7556260604545527 -0.0011500261773006303 0.6550022906707529 -1.0896969952552475 0.6444221641871755 -0.18032578745700562 0.7431037572201044 0.6485140369591282 0.0 0.0 0.0 1.0" />
				<scale value="1" />
			</transform>
			<transform time="0.0015">
				<matrix value="0.11742177957236989 0.983592721032511 0.1369556588077895 -1.9773513340374331 -0.7550735674250776 -0.0011500086809890012 0.6556249772813314 -1.087251549390459 0.6450254321941168 -0.1803995768372006 0.7425500556530606 0.6493503002270499 0.0 0.0 0.0 1.0" />
				<scale value="1" />
			</transform>
		</animation>
	</shape>
	<shape type="ply" name="temp36">
		<string name="filename" value="meshes/Cube_032.ply" />
		<boolean name="face_normals" value="true" />
		<ref id="mat-Material" name="bsdf" />
		<animation name="to_world">
			<transform time="0">
				<matrix value="0.7745147838667298 0.5915884302588738 0.2239417172040484 -0.5874612495938734 -0.26358290471910034 -0.019992213556712966 0.9644295946151035 0.3470271451188918 0.5750225609766908 -0.8059922031275096 0.14044832847225736 -0.17712596721906948 0.0 0.0 0.0 1.0" />
				<scale value="1" />
			</transform>
			<transform time="0.0015">
				<matrix value="0.7745889836295261 0.5916040117381143 0.22363787919235567 -0.587618828351224 -0.2633063310871289 -0.019854503617179407 0.9645065794046193 0.34781050289902643 0.5750474218864621 -0.8059838454473195 0.14039415827745014 -0.17714042640635239 0.0 0.0 0.0 1.0" />
				<scale value="1" />
			</transform>
		</animation>
	</shape>
	<shape type="ply" name="temp37">
		<string name="filename" value="meshes/Cube_033.ply" />
		<boolean name="face_normals" value="true" />
		<ref id="mat-Material" name="bsdf" />
		<animation name="to_world">
			<transform time="0">
				<matrix value="0.9781415605990493 0.16075711845280682 0.13189762569257923 -0.13280325345947386 -0.1497267418049136 0.10432557470125546 0.9832081304864402 0.30119633278187985 0.14429743611564694 -0.9814648024813161 0.12611478127994832 -0.39149742322116865 0.0 0.0 0.0 1.0" />
				<scale value="1" />
			</transform>
			<transform time="0.0015">
				<matrix value="0.978137810718564 0.16077736836850215 0.13190070048856112 -0.13281942734008248 -0.14973090497009933 0.10431511070543781 0.9832086070670518 0.30118315384037064 0.1443184833171799 -0.9814625947922092 0.12610785979760109 -0.3914425371325632 0.0 0.0 0.0 1.0" />
				<scale value="1" />
			</transform>
		</animation>
	</shape>
	<shape type="ply" name="temp38">
		<string name="filename" value="meshes/Cube_034.ply" />
		<boolean name="face_normals" value="true" />
		<ref id="mat-Material" name="bsdf" />
		<animation name="to_world">
			<transform time="0">
				<matrix value="0.9999255354796844 0.001139421763244567 0.012168638755312395 -0.036509521271729906 -0.012174386155272708 0.1805407959150896 0.9834922776737376 0.3696926491057049 -0.001076322587393866 -0.983566704142271 0.18054121292552933 -0.3544682433983817 0.0 0.0 0.0 1.0" />
				<scale value="1" />
			</transform>
			<transform time="0.0015">
				<matrix value="0.999925503565808 0.0011436928156601837 0.012170170621564091 -0.036509413893137097 -0.01217666704002413 0.1805377727326596 0.9834928053165577 0.36968656284767193 -0.0010723611179074548 -0.983567259819121 0.18053824025396423 -0.3544597513423176 0.0 0.0 0.0 1.0" />
				<scale value="1" />
			</transform>
		</animation>
	</shape>
	<shape type="ply" name="temp39">
		<string name="filename" value="meshes/Cube_035.ply" />
		<boolean name="face_normals" value="true" />
		<ref id="mat-Material" name="bsdf" />
		<animation name="to_world">
			<transform time="0">
				<matrix value="0.9989716804337381 -0.04524474211708659 0.0030095962320475476 0.008763856352146604 0.006636601616589277 0.21154283378144145 0.9773462354752799 0.09166209691395459 -0.044856451907444146 -0.9763209107614779 0.21162549684388596 -0.1433503471319268 0.0 0.0 0.0 1.0" />
				<scale value="1" />
			</transform>
			<transform time="0.0015">
				<matrix value="0.998971329381097 -0.04525210783900803 0.0030114429819176488 0.008763350024132798 0.006636315827825474 0.21154194019299347 0.9773464312137454 0.0916605234499429 -0.04486404741004437 -0.9763207605785454 0.21162456836273008 -0.14337320226415548 0.0 0.0 0.0 1.0" />
				<scale value="1" />
			</transform>
		</animation>
	</shape>
	<shape type="ply" name="temp40">
		<string name="filename" value="meshes/Cube_036.ply" />
		<boolean name="face_normals" value="true" />
		<ref id="mat-Material" name="bsdf" />
		<animation name="to_world">
			<transform time="0">
				<matrix value="0.9996542718699637 -0.026121879843061347 0.0030902543188244913 0.00441702325761284 0.002510983516746539 0.21171178687714193 0.9773289786161513 -0.2503471203553881 -0.026183923819249787 -0.9769829565957411 0.21170409829128725 0.23497530487113466 0.0 0.0 0.0 1.0" />
				<scale value="1" />
			</transform>
			<transform time="0.0015">
				<matrix value="0.9996538729465078 -0.026136975480515398 0.003092039794044524 0.004420884474489129 0.002512313687117872 0.21170728889831542 0.9773299487981107 -0.250343212482925 -0.026199066315358 -0.9769835272908844 0.21169959460450727 0.23494155859277127 0.0 0.0 0.0 1.0" />
				<scale value="1" />
			</transform>
		</animation>
	</shape>
	<shape type="ply" name="temp41">
		<string name="filename" value="meshes/Cube_037.ply" />
		<boolean name="face_normals" value="true" />
		<ref id="mat-Material" name="bsdf" />
		<animation name="to_world">
			<transform time="0">
