<scene version="2.1.0">
	<default name="spp" value="1024" />
	<default name="resx" value="640" />
	<default name="resy" value="360" />
	<integrator type="path" name="temp0">
		<integer name="max_depth" value="12" />
	</integrator>
	<sensor type="perspective" name="temp44">
		<string name="fov_axis" value="x" />
		<float name="fov" value="83.974423" />
		<float name="principal_point_offset_x" value="0.000000" />
		<float name="principal_point_offset_y" value="-0.000000" />
		<float name="near_clip" value="0.100000" />
		<float name="far_clip" value="1000.000000" />
		<transform name="to_world">
			<rotate x="1" angle="-142.5518126578256" />
			<rotate y="1" angle="3.976628485794621e-06" />
			<rotate z="1" angle="-179.999991348578" />
			<translate value="-0.000000 3.030926 4.073377" />
		</transform>
		<sampler type="correlated" name="sampler">
			<integer name="sample_count" value="1024" />
		</sampler>
		<film type="hdrfilm" name="film">
			<integer name="width" value="$resx" />
			<integer name="height" value="$resy" />
		</film>
		<float name="shutter_open" value="0.0" />
		<float name="shutter_close" value="0.0015" />
	</sensor>
	<bsdf type="twosided" id="mat-Material" name="mat-Material">
		<bsdf type="diffuse" name="bsdf">
			<texture type="bitmap" name="reflectance">
				<string name="filename" value="textures/siggraph_2023_logo.jpg" />
			</texture>
		</bsdf>
	</bsdf>
	<bsdf type="twosided" id="mat-Material.001" name="mat-Material.001">
		<bsdf type="principled" name="bsdf">
			<rgb value="0.433648 0.266232 0.084399" name="base_color" />
			<float name="spec_tint" value="0.000000" />
			<float name="spec_trans" value="0.000000" />
			<float name="metallic" value="0.000000" />
			<float name="anisotropic" value="0.000000" />
			<float name="roughness" value="0.500000" />
			<float name="sheen" value="0.000000" />
			<float name="sheen_tint" value="0.500000" />
			<float name="clearcoat" value="0.000000" />
			<float name="clearcoat_gloss" value="0.173205" />
			<float name="specular" value="0.500000" />
		</bsdf>
	</bsdf>
	<bsdf type="twosided" id="mat-Material.002" name="mat-Material.002">
		<bsdf type="principled" name="bsdf">
			<rgb value="0.433648 0.266232 0.084399" name="base_color" />
			<float name="spec_tint" value="0.000000" />
			<float name="spec_trans" value="0.000000" />
			<float name="metallic" value="0.000000" />
			<float name="anisotropic" value="0.000000" />
			<float name="roughness" value="0.500000" />
			<float name="sheen" value="0.000000" />
			<float name="sheen_tint" value="0.500000" />
			<float name="clearcoat" value="0.000000" />
			<float name="clearcoat_gloss" value="0.173205" />
			<float name="specular" value="0.500000" />
		</bsdf>
	</bsdf>
	<bsdf type="twosided" id="mat-Material.003" name="mat-Material.003">
		<bsdf type="principled" name="bsdf">
			<rgb value="0.433648 0.266232 0.084399" name="base_color" />
			<float name="spec_tint" value="0.000000" />
			<float name="spec_trans" value="0.000000" />
			<float name="metallic" value="0.000000" />
			<float name="anisotropic" value="0.000000" />
			<float name="roughness" value="0.500000" />
			<float name="sheen" value="0.000000" />
			<float name="sheen_tint" value="0.500000" />
			<float name="clearcoat" value="0.000000" />
			<float name="clearcoat_gloss" value="0.173205" />
			<float name="specular" value="0.500000" />
		</bsdf>
	</bsdf>
	<bsdf type="twosided" id="mat-Material.004" name="mat-Material.004">
		<bsdf type="principled" name="bsdf">
			<rgb value="0.433648 0.266232 0.084399" name="base_color" />
			<float name="spec_tint" value="0.000000" />
			<float name="spec_trans" value="0.000000" />
			<float name="metallic" value="0.000000" />
			<float name="anisotropic" value="0.000000" />
			<float name="roughness" value="0.500000" />
			<float name="sheen" value="0.000000" />
			<float name="sheen_tint" value="0.500000" />
			<float name="clearcoat" value="0.000000" />
			<float name="clearcoat_gloss" value="0.173205" />
			<float name="specular" value="0.500000" />
		</bsdf>
	</bsdf>
	<bsdf type="twosided" id="mat-Material.005" name="mat-Material.005">
		<bsdf type="principled" name="bsdf">
			<rgb value="0.433648 0.266232 0.084399" name="base_color" />
			<float name="spec_tint" value="0.000000" />
			<float name="spec_trans" value="0.000000" />
			<float name="metallic" value="0.000000" />
			<float name="anisotropic" value="0.000000" />
			<float name="roughness" value="0.500000" />
			<float name="sheen" value="0.000000" />
			<float name="sheen_tint" value="0.500000" />
			<float name="clearcoat" value="0.000000" />
			<float name="clearcoat_gloss" value="0.173205" />
			<float name="specular" value="0.500000" />
		</bsdf>
	</bsdf>
	<emitter type="point" name="temp45">
		<point name="position" x="-6.815235034541981e-16" y="3.0693089962005615" z="4.109199523925781" />
		<rgb value="7.957747 7.957747 7.957747" name="intensity" />
	</emitter>
	<shape type="ply" name="temp2">
		<string name="filename" value="meshes/Cube.ply" />
		<boolean name="face_normals" value="true" />
		<ref id="mat-Material" name="bsdf" />
		<animation name="to_world">
			<transform time="0">
				<matrix value="1.0 0.00012307565552758214 0.0005660580747680607 -0.00136246081571878 -0.00012347857460724397 0.9999997914159312 0.000711561764662775 -0.01846428706812009 -0.0005659702461052397 -0.0007116325249310109 0.9999995272093389 0.0013524823152659682 0.0 0.0 0.0 1.0" />
				<scale value="1" />
			</transform>
			<transform time="0.0015">
				<matrix value="1.0 0.00012363736222234176 0.0005670383840654658 -0.0013636412621407781 -0.0001240071960571184 0.9999997839067846 0.0006546285937595854 -0.018387207542562987 -0.0005669581401514159 -0.0006546997521643905 0.9999995272093389 0.0013527509123090376 0.0 0.0 0.0 1.0" />
				<scale value="1" />
			</transform>
		</animation>
	</shape>
	<shape type="ply" name="temp4">
		<string name="filename" value="meshes/Plane.ply" />
		<boolean name="face_normals" value="true" />
		<ref id="mat-Material.001" name="bsdf" />
		<transform name="to_world">
			<scale value="1" />
		</transform>
	</shape>
	<shape type="ply" name="temp5">
		<string name="filename" value="meshes/Cube_001.ply" />
		<boolean name="face_normals" value="true" />
		<ref id="mat-Material" name="bsdf" />
		<animation name="to_world">
			<transform time="0">
				<matrix value="1.0 -2.0026990778498318e-05 -0.00015012332744393766 0.0006543490255017659 2.007031578275508e-05 1.0 0.0002887025253167579 -0.01809686958607848 0.00015011737026773543 -0.0002887053812603901 1.0 -0.0005553948734819958 0.0 0.0 0.0 1.0" />
				<scale value="1" />
			</transform>
			<transform time="0.0015">
				<matrix value="1.0 -1.0793864238529223e-05 -0.00015052294879716493 0.0006558988142695718 1.0812454462392846e-05 0.9999997071432818 0.0001341681131566601 -0.01791628439548147 0.0001504830713782227 -0.00013416947161669227 0.9999997106474858 -0.0005564361039275376 0.0 0.0 0.0 1.0" />
				<scale value="1" />
			</transform>
		</animation>
	</shape>
	<shape type="ply" name="temp6">
		<string name="filename" value="meshes/Cube_002.ply" />
		<boolean name="face_normals" value="true" />
		<ref id="mat-Material" name="bsdf" />
		<animation name="to_world">
			<transform time="0">
				<matrix value="1.0 -3.87930908613062e-05 -6.930992893483573e-05 -0.0006278469519176433 3.860293922099474e-05 0.9999962454867622 -0.0027419021597550187 -0.01597226999679069 6.941600313460172e-05 0.0027418897299462063 0.9999962176747115 -4.192759175780658e-05 0.0 0.0 0.0 1.0" />
				<scale value="1" />
			</transform>
			<transform time="0.0015">
				<matrix value="1.0 -4.1492298669435716e-05 -6.914921063392858e-05 -0.0006264821772944843 4.1315053845461306e-05 0.9999962529959089 -0.0025494248673029705 -0.01610344805301083 6.924079595277302e-05 0.0025494127306232555 0.9999962346954476 -3.493821827598766e-05 0.0 0.0 0.0 1.0" />
				<scale value="1" />
			</transform>
		</animation>
	</shape>
	<shape type="ply" name="temp7">
		<string name="filename" value="meshes/Cube_003.ply" />
		<boolean name="face_normals" value="true" />
		<ref id="mat-Material" name="bsdf" />
		<animation name="to_world">
			<transform time="0">
				<matrix value="1.0 0.00046443954503642927 0.0005405368348840079 -0.0008761376211054994 -0.0004665689763078718 0.9999920738053869 0.003946076333943391 -0.017719869542660083 -0.0005387020479516052 -0.003946337576628572 0.9999921989540925 0.0014572993017629154 0.0 0.0 0.0 1.0" />
				<scale value="1" />
			</transform>
			<transform time="0.0015">
				<matrix value="1.0 0.0004582242243774646 0.0005406000669187308 -0.0008757696013547434 -0.0004603240849168609 0.9999922540249059 0.0038909027667413166 -0.017718861320293093 -0.00053880592761952 -0.003891160217067759 0.9999923691614538 0.0014516996943399535 0.0 0.0 0.0 1.0" />
				<scale value="1" />
			</transform>
		</animation>
	</shape>
	<shape type="ply" name="temp8">
		<string name="filename" value="meshes/Cube_004.ply" />
		<boolean name="face_normals" value="true" />
		<ref id="mat-Material" name="bsdf" />
		<animation name="to_world">
			<transform time="0">
				<matrix value="1.0 0.0003690165052573615 0.0001679716476896375 -0.0006016319791917191 -0.00036913791361051863 0.9999995828318625 0.0007182517525167829 -0.016867507307060825 -0.0001677065105039298 -0.0007183134726535857 0.9999997636046695 0.0007922386223191448 0.0 0.0 0.0 1.0" />
				<scale value="1" />
			</transform>
			<transform time="0.0015">
				<matrix value="1.0 0.0003491840380410308 0.00016833560209030446 -0.0006002382721818571 -0.0003492941205315326 0.999999575322716 0.0006533563663556782 -0.016918167252651904 -0.00016807291371969942 -0.0006534146967845656 0.9999997550943014 0.0007892470831811127 0.0 0.0 0.0 1.0" />
				<scale value="1" />
			</transform>
		</animation>
	</shape>
	<shape type="ply" name="temp9">
		<string name="filename" value="meshes/Cube_005.ply" />
		<boolean name="face_normals" value="true" />
		<ref id="mat-Material" name="bsdf" />
		<animation name="to_world">
			<transform time="0">
				<matrix value="1.0 0.0002506387887105959 0.0004885889609999712 -0.00035994226101632165 -0.0002518735805200815 0.9999966626548998 0.0025278934670259247 -0.01613866319864199 -0.0004879553638389651 -0.002528009711674242 0.9999966904653725 0.0011516496164502565 0.0 0.0 0.0 1.0" />
				<scale value="1" />
			</transform>
			<transform time="0.0015">
				<matrix value="1.0 0.00023178444791494351 0.0004887224035712302 -0.000360357287385407 -0.0002329433061981548 0.9999967227280728 0.0023728701342204937 -0.01624254726076554 -0.0004880941892016163 -0.0023729772972559027 0.9999967500379491 0.00114615184417332 0.0 0.0 0.0 1.0" />
				<scale value="1" />
			</transform>
		</animation>
	</shape>
	<shape type="ply" name="temp10">
		<string name="filename" value="meshes/Cube_006.ply" />
		<boolean name="face_normals" value="true" />
		<ref id="mat-Material" name="bsdf" />
		<animation name="to_world">
			<transform time="0">
				<matrix value="1.0 -0.0001884354734754069 -0.00022691209545076097 -0.0006088226046614409 0.00018887969902150074 0.9999979141593124 0.001960208992383815 -0.01690119165724302 0.00022654234637703514 -0.001960252219855952 0.9999981088373558 -0.0005161636527204472 0.0 0.0 0.0 1.0" />
				<scale value="1" />
			</transform>
			<transform time="0.0015">
				<matrix value="1.0 -0.00017334837392106662 -0.00022703049169128098 -0.0006085006349272824 0.00017377468576120465 0.9999979892507787 0.0018812158240876116 -0.016917177694898314 0.0002266721081987684 -0.0018812555468445374 0.9999981769203004 -0.0005202743431787074 0.0 0.0 0.0 1.0" />
				<scale value="1" />
			</transform>
		</animation>
	</shape>
	<shape type="ply" name="temp11">
		<string name="filename" value="meshes/Cube_007.ply" />
		<boolean name="face_normals" value="true" />
		<ref id="mat-Material" name="bsdf" />
		<animation name="to_world">
			<transform time="0">
				<matrix value="1.0 0.0006022677259956239 -1.9900444470500463e-05 0.00039280631955795897 -0.0006023027266425188 0.9999979141593124 -0.0019510013942596594 -0.018193656398772906 1.8725389032794532e-05 0.0019510119456096183 0.9999981088373558 -0.0002377856025492786 0.0 0.0 0.0 1.0" />
				<scale value="1" />
			</transform>
			<transform time="0.0015">
				<matrix value="0.9999999840430618 0.0006218756096547861 -2.003830477382189e-05 0.00039276075408707585 -0.0006219122080404508 0.9999977189215002 -0.0020143352980882016 -0.018208608457563624 1.875235306702533e-05 0.002014346190779961 0.9999979301196265 -0.00023785074111568614 0.0 0.0 0.0 1.0" />
				<scale value="1" />
			</transform>
		</animation>
	</shape>
	<shape type="ply" name="temp12">
		<string name="filename" value="meshes/Cube_008.ply" />
		<boolean name="face_normals" value="true" />
		<ref id="mat-Material" name="bsdf" />
		<animation name="to_world">
			<transform time="0">
				<matrix value="0.9999991135176153 0.0014544817415935406 0.00010305819911200458 5.601449147274451e-05 -0.0014542743521143492 0.9999968712389685 -0.0020119015593108793 -0.01695215054822591 -0.00010598428798621343 0.0020117495405935887 0.9999981088373558 0.00028879028312855937 0.0 0.0 0.0 1.0" />
				<scale value="1" />
			</transform>
			<transform time="0.0015">
				<matrix value="0.9999991294745535 0.0014376101909634067 0.00010319501178901721 5.731530620670978e-05 -0.0014374049961502627 0.9999969313121415 -0.001988902544926312 -0.01696239330284429 -0.00010606448755778639 0.0019887521783322234 0.9999981428788282 0.00029073932148055765 0.0 0.0 0.0 1.0" />
				<scale value="1" />
			</transform>
		</animation>
	</shape>
	<shape type="ply" name="temp13">
		<string name="filename" value="meshes/Cube_009.ply" />
		<boolean name="face_normals" value="true" />
		<ref id="mat-Material" name="bsdf" />
		<animation name="to_world">
			<transform time="0">
				<matrix value="0.9999982270352306 -0.0018754002206819447 0.00033386585321457465 0.0007727510142490068 0.0018751274318428018 0.9999979141593124 0.0008221427723782458 -0.020421637590769537 -0.0003354063723899742 -0.0008215146123569375 0.9999995272093389 0.0005739474074786255 0.0 0.0 0.0 1.0" />
				<scale value="1" />
			</transform>
			<transform time="0.0015">
				<matrix value="0.9999982429921689 -0.0018702511237518268 0.00033417146053178813 0.0007715998959364629 0.0018699766917496792 0.999997921668459 0.0008259017168488669 -0.020405001391966177 -0.0003357142934271098 -0.0008252747424363986 0.9999995272093389 0.0005743098300036954 0.0 0.0 0.0 1.0" />
				<scale value="1" />
			</transform>
		</animation>
	</shape>
	<shape type="ply" name="temp14">
		<string name="filename" value="meshes/Cube_010.ply" />
		<boolean name="face_normals" value="true" />
		<ref id="mat-Material" name="bsdf" />
		<animation name="to_world">
			<transform time="0">
				<matrix value="0.9999986702764229 0.00029754100241331766 0.001677640925894319 0.003109082216919301 -0.0002979489457064999 1.0 0.00024270944980877982 -0.016844793462170327 -0.0016775703999985818 -0.0002432090241811511 0.9999985816280168 0.002801403261565083 0.0 0.0 0.0 1.0" />
				<scale value="1" />
			</transform>
			<transform time="0.0015">
				<matrix value="0.999998670276423 0.00029973705234289874 0.0016798640042402532 0.0031111141953129567 -0.00030014575335035593 0.9999999924908534 0.0002428457859051808 -0.01684074339391861 -0.0016797928823560591 -0.00024334982068031214 0.9999985816280168 0.002805222488866457 0.0 0.0 0.0 1.0" />
				<scale value="1" />
			</transform>
		</animation>
	</shape>
	<shape type="ply" name="temp15">
		<string name="filename" value="meshes/Cube_011.ply" />
		<boolean name="face_normals" value="true" />
		<ref id="mat-Material" name="bsdf" />
		<animation name="to_world">
			<transform time="0">
				<matrix value="0.9999986702764229 0.0016573798086449755 -0.00031656644292636616 -0.0006566197644797267 -0.0016571680079145148 0.99999833132745 0.0006777123172841391 -0.014336679468298974 0.0003176900219315742 -0.0006771848659743066 0.9999997636046695 -0.0004534789331271938 0.0 0.0 0.0 1.0" />
				<scale value="1" />
			</transform>
			<transform time="0.0015">
				<matrix value="0.9999987181472376 0.0016112341502751443 -0.0003172405491807933 -0.0006557171388492933 -0.0016110252977042756 0.9999983838914763 0.0006671767369307353 -0.014418933082487793 0.00031832892178159603 -0.0006666637255508659 0.9999997721150375 -0.0004554272804018267 0.0 0.0 0.0 1.0" />
				<scale value="1" />
			</transform>
		</animation>
	</shape>
	<shape type="ply" name="temp16">
		<string name="filename" value="meshes/Cube_012.ply" />
		<boolean name="face_normals" value="true" />
		<ref id="mat-Material" name="bsdf" />
		<animation name="to_world">
			<transform time="0">
				<matrix value="0.9999977837940383 0.0022570569205065255 -0.00013296149923809785 -0.0006362860560022998 -0.0022567802605194436 0.9999954111504872 0.0020454035055536353 -0.012237892181273469 0.00013757763369484085 -0.0020450979615078964 0.9999978724420252 -6.06675509406962e-05 0.0 0.0 0.0 1.0" />
				<scale value="1" />
			</transform>
			<transform time="0.0015">
				<matrix value="0.9999977837940383 0.0022517669519857807 -0.00013303725002424422 -0.0006350217030310706 -0.0022514908546330523 0.9999954261687805 0.002040553957415487 -0.012251070534738269 0.00013763233407911306 -0.0020402490051682565 0.9999978894627614 -6.164508872188548e-05 0.0 0.0 0.0 1.0" />
				<scale value="1" />
			</transform>
		</animation>
	</shape>
	<shape type="ply" name="temp17">
		<string name="filename" value="meshes/Cube_013.ply" />
		<boolean name="face_normals" value="true" />
		<ref id="mat-Material" name="bsdf" />
		<animation name="to_world">
			<transform time="0">
				<matrix value="0.9999991135176153 0.0013626922362923765 6.776224870585376e-05 -0.0004313549685895923 -0.0013628868830747464 0.9999947853982809 0.0029298364475266194 -0.013006267723070841 -6.37695535852007e-05 -0.002929936611301502 0.9999957448840504 0.00018056071246275174 0.0 0.0 0.0 1.0" />
				<scale value="1" />
			</transform>
			<transform time="0.0015">
				<matrix value="0.9999991454314917 0.0013221402914241475 6.771516083935022e-05 -0.0004295238706814498 -0.0013223293086872222 0.9999949656177998 0.0028447654466901852 -0.013145529765110872 -6.386138576474753e-05 -0.0028448625606545676 0.9999958980706756 0.00017685034913206485 0.0 0.0 0.0 1.0" />
				<scale value="1" />
			</transform>
		</animation>
	</shape>
	<shape type="ply" name="temp18">
		<string name="filename" value="meshes/Cube_014.ply" />
		<boolean name="face_normals" value="true" />
		<ref id="mat-Material" name="bsdf" />
		<animation name="to_world">
			<transform time="0">
				<matrix value="1.0 0.0008061628248957602 -2.8937152410215874e-05 -0.00014867674264418262 -0.0008060518379439282 0.9999926995575932 0.0037229427814558266 -0.013888060411520131 3.193827600451751e-05 -0.003722906493847813 0.9999931445354147 8.517898612570018e-05 0.0 0.0 0.0 1.0" />
				<scale value="1" />
			</transform>
			<transform time="0.0015">
				<matrix value="1.0 0.0008052651815085756 -2.8991525151783032e-05 -0.00014827338091466706 -0.0008051541005987841 0.9999927295941797 0.0037164953266097976 -0.013894248205533862 3.198426868759446e-05 -0.003716459816381427 0.9999931700665189 8.231224127625434e-05 0.0 0.0 0.0 1.0" />
				<scale value="1" />
			</transform>
		</animation>
	</shape>
	<shape type="ply" name="temp19">
		<string name="filename" value="meshes/Cube_015.ply" />
		<boolean name="face_normals" value="true" />
		<ref id="mat-Material" name="bsdf" />
		<animation name="to_world">
			<transform time="0">
				<matrix value="1.0 -0.000232462772958327 -4.3718952428276475e-05 0.0004682188968873069 0.00023246183250092637 1.0 -2.0419568616345034e-05 -0.018017712212703152 4.372374904038282e-05 2.0409387951767022e-05 1.0 -8.801188592877374e-05 0.0 0.0 0.0 1.0" />
				<scale value="1" />
			</transform>
			<transform time="0.0015">
				<matrix value="1.0 -0.00023242109719457532 -4.378215042152702e-05 0.000467854546678241 0.00023242020084906926 1.0 -1.94180106319553e-05 -0.018017178351458673 4.378670714019203e-05 1.9407817975335092e-05 1.0 -8.763513569787947e-05 0.0 0.0 0.0 1.0" />
				<scale value="1" />
			</transform>
		</animation>
	</shape>
	<shape type="ply" name="temp20">
		<string name="filename" value="meshes/Cube_016.ply" />
		<boolean name="face_normals" value="true" />
		<ref id="mat-Material" name="bsdf" />
		<animation name="to_world">
			<transform time="0">
				<matrix value="0.9999995567588077 -0.0010883666407327142 0.00034265975951030235 0.0006058357439270301 0.0010897217686387352 0.9999914480531806 -0.003976027622321582 -0.019072193132620596 -0.0003383304345359353 0.003976392455097065 0.999991962558762 0.0003120990956023695 0.0 0.0 0.0 1.0" />
				<scale value="1" />
			</transform>
			<transform time="0.0015">
				<matrix value="0.9999995567588077 -0.001085003819601019 0.0003426911627684621 0.0006053556898812664 0.0010863532589771652 0.9999915156355003 -0.003958926037695005 -0.019067673327666106 -0.00033839220384384596 0.003959290223482705 0.9999920306417065 0.0003156964973072843 0.0 0.0 0.0 1.0" />
				<scale value="1" />
			</transform>
		</animation>
	</shape>
	<shape type="ply" name="temp21">
		<string name="filename" value="meshes/Cube_017.ply" />
		<boolean name="face_normals" value="true" />
		<ref id="mat-Material" name="bsdf" />
		<animation name="to_world">
			<transform time="0">
				<matrix value="0.9999995567588077 0.0009074783646174673 0.00014395790082837652 0.0003998900837162145 -0.0009078111508846208 0.9999968712389685 0.0023320517554480846 -0.017560153084587415 -0.00014184117072409653 -0.0023321805587132867 0.9999973996513641 0.0001018990671526887 0.0 0.0 0.0 1.0" />
				<scale value="1" />
			</transform>
			<transform time="0.0015">
				<matrix value="0.9999995727157459 0.0008914660105438137 0.0001441198786637573 0.00040086820162903603 -0.0008917927784366477 0.9999969538395814 0.0022880459187392807 -0.01756314040105013 -0.00014206086584972656 -0.002288172529112318 0.9999974762446767 9.898392376987788e-05 0.0 0.0 0.0 1.0" />
				<scale value="1" />
			</transform>
		</animation>
	</shape>
	<shape type="ply" name="temp22">
		<string name="filename" value="meshes/Cube_018.ply" />
		<boolean name="face_normals" value="true" />
		<ref id="mat-Material" name="bsdf" />
		<animation name="to_world">
			<transform time="0">
				<matrix value="0.9999911351761529 0.00429104986619332 -0.0002139347009906383 0.00047113778590240907 -0.004289785772666911 0.9999751784958169 0.0055976995897595435 -0.017887773724599987 0.00023794915846227222 -0.005596740248173325 0.999984397908185 -3.7181234850969247e-06 0.0 0.0 0.0 1.0" />
				<scale value="1" />
			</transform>
			<transform time="0.0015">
				<matrix value="0.9999910394345235 0.004309964205070482 -0.0002134453888683742 0.00047162456049043024 -0.0043086974571557935 0.9999749607305648 0.005619641871741483 -0.017889605303364583 0.000237671380081464 -0.005618679872041526 0.9999842702526641 -3.850515930677e-06 0.0 0.0 0.0 1.0" />
				<scale value="1" />
			</transform>
		</animation>
	</shape>
	<shape type="ply" name="temp23">
		<string name="filename" value="meshes/Cube_019.ply" />
		<boolean name="face_normals" value="true" />
		<ref id="mat-Material" name="bsdf" />
		<animation name="to_world">
			<transform time="0">
				<matrix value="0.9998772221897179 0.014515500925070346 -0.005927092843320484 0.0031829641317996926 -0.014460681846791024 0.9998531568155888 0.009189750276700735 -0.018481814567130384 0.006059630124089804 -0.009102913293688456 0.9999401919813758 -0.0008973536133813909 0.0 0.0 0.0 1.0" />
				<scale value="1" />
			</transform>
			<transform time="0.0015">
				<matrix value="0.9998774296299149 0.01450091726123298 -0.005927154969007358 0.0031850221222421045 -0.014446131512660741 0.999853412126574 0.009184233856121014 -0.018480155497197767 0.006059481405425447 -0.009097485081778402 0.9999402430435843 -0.0008984782484773686 0.0 0.0 0.0 1.0" />
				<scale value="1" />
			</transform>
		</animation>
	</shape>
	<shape type="ply" name="temp24">
		<string name="filename" value="meshes/Cube_020.ply" />
		<boolean name="face_normals" value="true" />
		<ref id="mat-Material" name="bsdf" />
		<animation name="to_world">
			<transform time="0">
				<matrix value="0.9999786622396434 -0.00017150110539737836 0.006494537002103926 -0.004893106076796827 0.00011915138254029733 0.9999675614584228 0.008061719029049123 -0.015609097492530422 -0.0064957044343191064 -0.00806077281278405 0.9999465746501324 -0.0005277976899814574 0.0 0.0 0.0 1.0" />
				<scale value="1" />
			</transform>
			<transform time="0.0015">
				<matrix value="0.9999781004514813 -0.00035360649526626053 0.006506174079397261 -0.0049051776899075115 0.00030088710803311263 0.9999667361098934 0.008101616485721297 -0.015603219841645786 -0.006509012007386832 -0.008099424038529156 0.9999461491317188 -0.0005269243883429338 0.0 0.0 0.0 1.0" />
				<scale value="1" />
			</transform>
		</animation>
	</shape>
	<shape type="ply" name="temp25">
		<string name="filename" value="meshes/Cube_021.ply" />
		<boolean name="face_normals" value="true" />
		<ref id="mat-Material" name="bsdf" />
		<animation name="to_world">
			<transform time="0">
				<matrix value="0.9987957136803735 0.04144231711870311 0.026275530104708948 -0.016706602924260072 -0.04150397498701303 0.9991366705393776 0.0018047057800076687 -0.022575263535706103 -0.026178055305863018 -0.0028930693771471124 0.999653208050112 -0.013202419781373043 0.0 0.0 0.0 1.0" />
				<scale value="1" />
			</transform>
			<transform time="0.0015">
				<matrix value="0.9988001975800177 0.04132572560276317 0.02628136906823833 -0.016705891091217447 -0.041388629620698274 0.999141153499911 0.0018529240787012765 -0.022553865619845844 -0.026182376444737265 -0.0029384364121037166 0.9996529357183339 -0.013205217137801917 0.0 0.0 0.0 1.0" />
				<scale value="1" />
			</transform>
		</animation>
	</shape>
	<shape type="ply" name="temp26">
		<string name="filename" value="meshes/Cube_022.ply" />
		<boolean name="face_normals" value="true" />
		<ref id="mat-Material" name="bsdf" />
		<animation name="to_world">
			<transform time="0">
				<matrix value="0.9993630624065869 0.03181151092041892 0.016182016839857764 -0.00764036787542044 -0.0319185429066339 0.9994699878812656 0.00639976530671585 -0.02053582841707846 -0.01596985605299037 -0.00691220070793433 0.9998487069884606 -0.01158758233709195 0.0 0.0 0.0 1.0" />
				<scale value="1" />
			</transform>
			<transform time="0.0015">
				<matrix value="0.9993651527654958 0.03174348706300026 0.01618281170823503 -0.007639175378078076 -0.031851791683036666 0.9994714596740035 0.006479532135552104 -0.02051467039988362 -0.015968723110375633 -0.0069908785425801786 0.99984809424196 -0.011586919631460349 0.0 0.0 0.0 1.0" />
				<scale value="1" />
			</transform>
		</animation>
	</shape>
	<shape type="ply" name="temp27">
		<string name="filename" value="meshes/Cube_023.ply" />
		<boolean name="face_normals" value="true" />
		<ref id="mat-Material" name="bsdf" />
		<animation name="to_world">
			<transform time="0">
				<matrix value="0.9994322080325942 0.032163037651510254 0.010074034289615483 -0.0027924366465962303 -0.03222264625629624 0.9994637303592027 0.005811661003422532 -0.020669603309411644 -0.009881716655408341 -0.006132964000475572 0.9999323909354684 -0.008944129376974197 0.0 0.0 0.0 1.0" />
				<scale value="1" />
			</transform>
			<transform time="0.0015">
				<matrix value="0.9994324952574825 0.03215435557618599 0.010073078575281787 -0.002791231466506991 -0.03221411200701961 0.9994639105787216 0.005827256252901609 -0.020663554105855853 -0.009880315795800624 -0.0061484360714497786 0.9999323058317877 -0.008941306696855826 0.0 0.0 0.0 1.0" />
				<scale value="1" />
			</transform>
		</animation>
	</shape>
	<shape type="ply" name="temp28">
		<string name="filename" value="meshes/Cube_024.ply" />
		<boolean name="face_normals" value="true" />
		<ref id="mat-Material" name="bsdf" />
		<animation name="to_world">
			<transform time="0">
				<matrix value="0.9995164238591415 0.03001885599981645 0.008128737114681522 -0.001054878176641072 -0.03010312006340122 0.9994920977925548 0.010448815446638246 -0.018735902027637696 -0.007810938128848442 -0.010688458834891109 0.9999125337277038 -0.007701457610193002 0.0 0.0 0.0 1.0" />
				<scale value="1" />
			</transform>
			<transform time="0.0015">
				<matrix value="0.9995149398638856 0.030067005398870875 0.008129850270824421 -0.0010573289617704065 -0.03015032595249223 0.9994917073169305 0.010327790353422966 -0.01880493327048163 -0.007815339850260778 -0.010567900161699352 0.9999135805029759 -0.007704028007316811 0.0 0.0 0.0 1.0" />
				<scale value="1" />
			</transform>
		</animation>
	</shape>
	<shape type="ply" name="temp29">
		<string name="filename" value="meshes/Cube_025.ply" />
		<boolean name="face_normals" value="true" />
		<ref id="mat-Material" name="bsdf" />
		<animation name="to_world">
			<transform time="0">
				<matrix value="0.9995004671762168 0.03131829303141485 0.004326861932361622 0.0010519688872487887 -0.03134737344134235 0.9994852145182855 0.006821494576381931 -0.02168355170557379 -0.004111000005318895 -0.006953729796025639 0.9999676138397174 -0.00493723906085114 0.0 0.0 0.0 1.0" />
				<scale value="1" />
			</transform>
			<transform time="0.0015">
				<matrix value="0.9995011054537463 0.031297702951377536 0.004325851751672309 0.0010527553541233334 -0.031327019728345104 0.9994853872286578 0.006881455225620557 -0.021630159809585856 -0.004108287964096345 -0.0070135463814609425 0.999967154279842 -0.004933689905998948 0.0 0.0 0.0 1.0" />
				<scale value="1" />
			</transform>
		</animation>
	</shape>
	<shape type="ply" name="temp30">
		<string name="filename" value="meshes/Cube_026.ply" />
		<boolean name="face_normals" value="true" />
		<ref id="mat-Material" name="bsdf" />
		<animation name="to_world">
			<transform time="0">
				<matrix value="0.999434424238556 0.03151054496759646 0.011768752414187312 0.00780327080905141 -0.03159940924813883 0.9994729080582284 0.007441535888829895 -0.022902513094037957 -0.011528051848581718 -0.007809206066459057 0.9999030779144826 -0.015094900379135079 0.0 0.0 0.0 1.0" />
				<scale value="1" />
			</transform>
			<transform time="0.0015">
				<matrix value="0.9994336583055207 0.03153445409044066 0.011768285194980544 0.007802476102414244 -0.03162266919829696 0.9994725401100439 0.007385564049103325 -0.02297718581429854 -0.011529204099091722 -0.007753520562946338 0.9999034608810455 -0.015094708769638138 0.0 0.0 0.0 1.0" />
				<scale value="1" />
			</transform>
		</animation>
	</shape>
	<shape type="ply" name="temp31">
		<string name="filename" value="meshes/Cube_027.ply" />
		<boolean name="face_normals" value="true" />
		<ref id="mat-Material" name="bsdf" />
		<animation name="to_world">
			<transform time="0">
				<matrix value="0.9994299918266324 0.02911149444227749 0.017096417617882078 0.018211789086298058 -0.02934842658241538 0.9994743681467098 0.013774850468133672 -0.015488722669773303 -0.016686421926609896 -0.014268743885879485 0.9997591131581897 -0.024955186395431372 0.0 0.0 0.0 1.0" />
				<scale value="1" />
			</transform>
			<transform time="0.0015">
				<matrix value="0.9994328162047001 0.029008156570125253 0.01709914604188371 0.018218843792199825 -0.029247660272719727 0.9994747736406273 0.013926334168653517 -0.015179583612099591 -0.016686604314413933 -0.014418541448913283 0.9997566536618189 -0.024958192831657795 0.0 0.0 0.0 1.0" />
				<scale value="1" />
			</transform>
		</animation>
	</shape>
	<shape type="ply" name="temp32">
		<string name="filename" value="meshes/Cube_028.ply" />
		<boolean name="face_normals" value="true" />
		<ref id="mat-Material" name="bsdf" />
		<animation name="to_world">
			<transform time="0">
				<matrix value="0.9994180243144388 -0.0033415272108346912 0.03395549432391172 0.04536602701067993 0.0020197171412006873 0.999241588325967 0.03888764650009621 0.06859500072821922 -0.03405968597248004 -0.03879642820640645 0.998666730335809 -0.05904197282589352 0.0 0.0 0.0 1.0" />
				<scale value="1" />
			</transform>
			<transform time="0.0015">
				<matrix value="0.9994171626397741 -0.0031329242440496967 0.03398317770019029 0.04540325136376788 0.0018144298542425068 0.9992460863047935 0.03876186751527984 0.06806796570570955 -0.034079701557956074 -0.038677764165998864 0.9986704493666534 -0.05907267882099738 0.0 0.0 0.0 1.0" />
				<scale value="1" />
			</transform>
		</animation>
	</shape>
	<shape type="ply" name="temp33">
		<string name="filename" value="meshes/Cube_029.ply" />
		<boolean name="face_normals" value="true" />
		<ref id="mat-Material" name="bsdf" />
		<animation name="to_world">
			<transform time="0">
				<matrix value="0.9752166119707035 -0.21622366886861916 0.04690830366965927 0.11181803971618542 0.2113449356147844 0.9731020414122811 0.09168243029529086 0.5868378293821814 -0.0654704916608602 -0.07949637376596451 0.9946829962257121 -0.18287969575390783 0.0 0.0 0.0 1.0" />
				<scale value="1" />
			</transform>
			<transform time="0.0015">
				<matrix value="0.9756271680345716 -0.21396574131812948 0.0471966987674613 0.11314742770732539 0.2090831832323088 0.9735375493889127 0.09146282620463168 0.5819061677382283 -0.06553432420088473 -0.07938061125981163 0.9946878045836688 -0.18300929622461887 0.0 0.0 0.0 1.0" />
				<scale value="1" />
			</transform>
		</animation>
	</shape>
	<shape type="ply" name="temp34">
		<string name="filename" value="meshes/Cube_030.ply" />
		<boolean name="face_normals" value="true" />
		<ref id="mat-Material" name="bsdf" />
		<animation name="to_world">
			<transform time="0">
				<matrix value="0.995348469425574 0.09211458388064088 -0.02821552036702497 -0.027034436278732255 -0.09285855915099384 0.9953317856719616 -0.026299696892374366 -0.22049286323276018 0.025661216777872125 0.02879741010830643 0.999255935743015 -0.00849072591404565 0.0 0.0 0.0 1.0" />
				<scale value="1" />
			</transform>
			<transform time="0.0015">
				<matrix value="0.9950644464705239 0.09433155605464486 -0.02849863724249669 -0.02800228793845193 -0.09506310864468158 0.9950685228513955 -0.025660059474754724 -0.22468792710113158 0.02597351751448355 0.028264154144500366 0.9992579790325726 -0.007789770216547081 0.0 0.0 0.0 1.0" />
				<scale value="1" />
			</transform>
		</animation>
	</shape>
	<shape type="ply" name="temp35">
		<string name="filename" value="meshes/Cube_031.ply" />
		<boolean name="face_normals" value="true" />
		<ref id="mat-Material" name="bsdf" />
		<animation name="to_world">
			<transform time="0">
				<matrix value="0.9914188505160214 0.12357208561124519 -0.042653755068906875 -0.07173109382481524 -0.11653090188944855 0.9832646744106979 0.1400394591085721 -0.10711407505702253 0.059244903169529115 -0.13386723206854906 0.989226755601742 -0.30558607881873967 0.0 0.0 0.0 1.0" />
				<scale value="1" />
			</transform>
			<transform time="0.0015">
				<matrix value="0.9911802304616437 0.12513275060124163 -0.042853967434893184 -0.07216947845933465 -0.11796118928266079 0.9828670801153604 0.14127174678779236 -0.10920898877665164 0.05984684675059689 -0.13495506862320295 0.9890212046818685 -0.306298149863573 0.0 0.0 0.0 1.0" />
				<scale value="1" />
			</transform>
		</animation>
	</shape>
	<shape type="ply" name="temp36">
		<string name="filename" value="meshes/Cube_032.ply" />
		<boolean name="face_normals" value="true" />
		<ref id="mat-Material" name="bsdf" />
		<animation name="to_world">
			<transform time="0">
				<matrix value="0.99037368778445 0.1360293310917499 0.025622818957581693 -0.04880215205718841 -0.13668015892856192 0.9317448265936344 0.3364073394131061 -0.01691156546458139 0.021887343159104084 -0.33667095654568097 0.9413680481452186 -0.5421804221490489 0.0 0.0 0.0 1.0" />
				<scale value="1" />
			</transform>
			<transform time="0.0015">
				<matrix value="0.9901831300280386 0.13719106816196877 0.025994464177868968 -0.04888070540700807 -0.13782933294087468 0.9306709735718199 0.3386119077084989 -0.017811136761722923 0.022341508737323528 -0.3388706333930804 0.940484859168171 -0.5432185757000733 0.0 0.0 0.0 1.0" />
				<scale value="1" />
			</transform>
		</animation>
	</shape>
	<shape type="ply" name="temp37">
		<string name="filename" value="meshes/Cube_033.ply" />
		<boolean name="face_normals" value="true" />
		<ref id="mat-Material" name="bsdf" />
		<animation name="to_world">
			<transform time="0">
				<matrix value="0.9941040056593036 0.0834140414623412 0.0692819160881679 -0.03646942142069953 -0.105330906144564 0.591089079998248 0.7996993996976977 0.2946341449703636 0.025754378779739268 -0.8022817011282313 0.5963899596284055 -0.4361649300155822 0.0 0.0 0.0 1.0" />
				<scale value="1" />
			</transform>
			<transform time="0.0015">
				<matrix value="0.9940148063745657 0.08425382912754782 0.06940473346489767 -0.03686505057047951 -0.10574252972759998 0.5878304257484921 0.801790482234944 0.2949855811905512 0.026813447791499842 -0.8043267871741252 0.5932382639606929 -0.4351097514776497 0.0 0.0 0.0 1.0" />
				<scale value="1" />
			</transform>
		</animation>
	</shape>
	<shape type="ply" name="temp38">
		<string name="filename" value="meshes/Cube_034.ply" />
		<boolean name="face_normals" value="true" />
		<ref id="mat-Material" name="bsdf" />
		<animation name="to_world">
			<transform time="0">
				<matrix value="0.99983998992956 0.017878967008257845 -0.0008424207638311362 -0.02341478630656013 -0.00567544638820482 0.36131996170396496 0.9324247400005956 0.36814535704989126 0.016975175833781005 -0.9322704584469248 0.3613635944571914 -0.20795929027987037 0.0 0.0 0.0 1.0" />
				<scale value="1" />
			</transform>
			<transform time="0.0015">
				<matrix value="0.9998384580634894 0.017959205318663195 -0.0007794385084110392 -0.023374443147375596 -0.005730249854298026 0.3596551012972721 0.9330228912200428 0.36822742769511974 0.017040772892035646 -0.9328674731491007 0.35970007281152966 -0.20834062764467118 0.0 0.0 0.0 1.0" />
				<scale value="1" />
			</transform>
		</animation>
	</shape>
	<shape type="ply" name="temp39">
		<string name="filename" value="meshes/Cube_035.ply" />
		<boolean name="face_normals" value="true" />
		<ref id="mat-Material" name="bsdf" />
		<animation name="to_world">
			<transform time="0">
				<matrix value="0.9999379462330703 -0.007975155551569283 -0.007817262627174778 0.006321535715882121 0.009929382813234118 0.31457105729178614 0.9491820957958981 0.09944242205935515 -0.005110788136028949 -0.9492003929723856 0.3146306015646534 -0.037036286030468824 0.0 0.0 0.0 1.0" />
				<scale value="1" />
			</transform>
			<transform time="0.0015">
				<matrix value="0.9999381855871439 -0.007974499552520392 -0.007785518954292401 0.006346010026057695 0.009893026684727132 0.31352905056079516 0.9495103321817964 0.09935716789215297 -0.005129989758085576 -0.9495282648413386 0.3135884304017839 -0.03712025578188277 0.0 0.0 0.0 1.0" />
				<scale value="1" />
			</transform>
		</animation>
	</shape>
	<shape type="ply" name="temp40">
		<string name="filename" value="meshes/Cube_036.ply" />
		<boolean name="face_normals" value="true" />
		<ref id="mat-Material" name="bsdf" />
		<animation name="to_world">
			<transform time="0">
				<matrix value="0.9999352867859163 -0.008578877108524206 -0.007520184615297331 0.010757162774104767 0.00977583076696683 0.3045377464160043 0.9524502612404797 -0.22309261858072033 -0.005880773438151011 -0.952461604887542 0.3046017660622353 0.15663625116353463 0.0 0.0 0.0 1.0" />
				<scale value="1" />
			</transform>
			<transform time="0.0015">
				<matrix value="0.9999354623122368 -0.008576069363510803 -0.007497552142465323 0.010779599207195336 0.00974882253201712 0.3038171011238451 0.9526726456683857 -0.22323291712076765 -0.005891848510702926 -0.9526837554812049 0.30388097192860375 0.15684557373438826 0.0 0.0 0.0 1.0" />
				<scale value="1" />
			</transform>
		</animation>
	</shape>
	<shape type="ply" name="temp41">
