<scene version="2.1.0">
	<default name="spp" value="1024" />
	<default name="resx" value="640" />
	<default name="resy" value="360" />
	<integrator type="path" name="temp0">
		<integer name="max_depth" value="12" />
	</integrator>
	<sensor type="perspective" name="temp44">
		<string name="fov_axis" value="x" />
		<float name="fov" value="83.974423" />
		<float name="principal_point_offset_x" value="0.000000" />
		<float name="principal_point_offset_y" value="-0.000000" />
		<float name="near_clip" value="0.100000" />
		<float name="far_clip" value="1000.000000" />
		<transform name="to_world">
			<rotate x="1" angle="-142.5518126578256" />
			<rotate y="1" angle="3.976628485794621e-06" />
			<rotate z="1" angle="-179.999991348578" />
			<translate value="-0.000000 3.030926 4.073377" />
		</transform>
		<sampler type="correlated" name="sampler">
			<integer name="sample_count" value="1024" />
		</sampler>
		<film type="hdrfilm" name="film">
			<integer name="width" value="$resx" />
			<integer name="height" value="$resy" />
		</film>
		<float name="shutter_open" value="0.0" />
		<float name="shutter_close" value="0.0015" />
	</sensor>
	<bsdf type="twosided" id="mat-Material" name="mat-Material">
		<bsdf type="diffuse" name="bsdf">
			<texture type="bitmap" name="reflectance">
				<string name="filename" value="textures/siggraph_2023_logo.jpg" />
			</texture>
		</bsdf>
	</bsdf>
	<bsdf type="twosided" id="mat-Material.001" name="mat-Material.001">
		<bsdf type="principled" name="bsdf">
			<rgb value="0.433648 0.266232 0.084399" name="base_color" />
			<float name="spec_tint" value="0.000000" />
			<float name="spec_trans" value="0.000000" />
			<float name="metallic" value="0.000000" />
			<float name="anisotropic" value="0.000000" />
			<float name="roughness" value="0.500000" />
			<float name="sheen" value="0.000000" />
			<float name="sheen_tint" value="0.500000" />
			<float name="clearcoat" value="0.000000" />
			<float name="clearcoat_gloss" value="0.173205" />
			<float name="specular" value="0.500000" />
		</bsdf>
	</bsdf>
	<bsdf type="twosided" id="mat-Material.002" name="mat-Material.002">
		<bsdf type="principled" name="bsdf">
			<rgb value="0.433648 0.266232 0.084399" name="base_color" />
			<float name="spec_tint" value="0.000000" />
			<float name="spec_trans" value="0.000000" />
			<float name="metallic" value="0.000000" />
			<float name="anisotropic" value="0.000000" />
			<float name="roughness" value="0.500000" />
			<float name="sheen" value="0.000000" />
			<float name="sheen_tint" value="0.500000" />
			<float name="clearcoat" value="0.000000" />
			<float name="clearcoat_gloss" value="0.173205" />
			<float name="specular" value="0.500000" />
		</bsdf>
	</bsdf>
	<bsdf type="twosided" id="mat-Material.003" name="mat-Material.003">
		<bsdf type="principled" name="bsdf">
			<rgb value="0.433648 0.266232 0.084399" name="base_color" />
			<float name="spec_tint" value="0.000000" />
			<float name="spec_trans" value="0.000000" />
			<float name="metallic" value="0.000000" />
			<float name="anisotropic" value="0.000000" />
			<float name="roughness" value="0.500000" />
			<float name="sheen" value="0.000000" />
			<float name="sheen_tint" value="0.500000" />
			<float name="clearcoat" value="0.000000" />
			<float name="clearcoat_gloss" value="0.173205" />
			<float name="specular" value="0.500000" />
		</bsdf>
	</bsdf>
	<bsdf type="twosided" id="mat-Material.004" name="mat-Material.004">
		<bsdf type="principled" name="bsdf">
			<rgb value="0.433648 0.266232 0.084399" name="base_color" />
			<float name="spec_tint" value="0.000000" />
			<float name="spec_trans" value="0.000000" />
			<float name="metallic" value="0.000000" />
			<float name="anisotropic" value="0.000000" />
			<float name="roughness" value="0.500000" />
			<float name="sheen" value="0.000000" />
			<float name="sheen_tint" value="0.500000" />
			<float name="clearcoat" value="0.000000" />
			<float name="clearcoat_gloss" value="0.173205" />
			<float name="specular" value="0.500000" />
		</bsdf>
	</bsdf>
	<bsdf type="twosided" id="mat-Material.005" name="mat-Material.005">
		<bsdf type="principled" name="bsdf">
			<rgb value="0.433648 0.266232 0.084399" name="base_color" />
			<float name="spec_tint" value="0.000000" />
			<float name="spec_trans" value="0.000000" />
			<float name="metallic" value="0.000000" />
			<float name="anisotropic" value="0.000000" />
			<float name="roughness" value="0.500000" />
			<float name="sheen" value="0.000000" />
			<float name="sheen_tint" value="0.500000" />
			<float name="clearcoat" value="0.000000" />
			<float name="clearcoat_gloss" value="0.173205" />
			<float name="specular" value="0.500000" />
		</bsdf>
	</bsdf>
	<emitter type="point" name="temp45">
		<point name="position" x="-6.815235034541981e-16" y="3.0693089962005615" z="4.109199523925781" />
		<rgb value="7.957747 7.957747 7.957747" name="intensity" />
	</emitter>
	<shape type="ply" name="temp2">
		<string name="filename" value="meshes/Cube.ply" />
		<boolean name="face_normals" value="true" />
		<ref id="mat-Material" name="bsdf" />
		<animation name="to_world">
			<transform time="0">
				<matrix value="0.9999995567588077 0.00019780131533113767 0.0010105309391844643 -0.0018187834966263416 -0.0001969458022399637 0.9999995828318625 -0.0008466286007145758 -0.01621990591830741 -0.0010106962964538933 0.0008464299793710357 0.9999992908140084 0.0021762522568840037 0.0 0.0 0.0 1.0" />
				<scale value="1" />
			</transform>
			<transform time="0.0015">
				<matrix value="0.9999995567588077 0.00019730284316008125 0.0010110392634689856 -0.0018188891609382473 -0.00019641239370861853 0.9999995377769828 -0.000880303446318258 -0.016176337804173664 -0.0010112104290038496 0.0008801051979458413 0.9999992397518 0.00217864401089143 0.0 0.0 0.0 1.0" />
				<scale value="1" />
			</transform>
		</animation>
	</shape>
	<shape type="ply" name="temp4">
		<string name="filename" value="meshes/Plane.ply" />
		<boolean name="face_normals" value="true" />
		<ref id="mat-Material.001" name="bsdf" />
		<transform name="to_world">
			<scale value="1" />
		</transform>
	</shape>
	<shape type="ply" name="temp5">
		<string name="filename" value="meshes/Cube_001.ply" />
		<boolean name="face_normals" value="true" />
		<ref id="mat-Material" name="bsdf" />
		<animation name="to_world">
			<transform time="0">
				<matrix value="0.9999995567588077 0.00015961374402145915 -0.0008812463329174351 0.0015185042460563736 -0.00016206936901956822 0.9999960369026935 -0.0027873373422829455 -0.014517458711424569 0.0008807956002106282 0.0027874903790598283 0.9999957448840504 -0.0019245618720432622 0.0 0.0 0.0 1.0" />
				<scale value="1" />
			</transform>
			<transform time="0.0015">
				<matrix value="0.9999995567588077 0.00016142281007987944 -0.0008819817989256107 0.0015196035684458893 -0.0001639119485915285 0.9999959242654941 -0.0028222375106806237 -0.014476894556019217 0.0008815187686514731 0.0028223919163694604 0.9999956342492655 -0.0019228550958169028 0.0 0.0 0.0 1.0" />
				<scale value="1" />
			</transform>
		</animation>
	</shape>
	<shape type="ply" name="temp6">
		<string name="filename" value="meshes/Cube_002.ply" />
		<boolean name="face_normals" value="true" />
		<ref id="mat-Material" name="bsdf" />
		<animation name="to_world">
			<transform time="0">
				<matrix value="1.0 -3.339931542708631e-05 0.0002886930695035367 -0.0008924733690522935 3.418329264379188e-05 0.9999962454867622 -0.002715685917599207 -0.015984287334250613 -0.0002886018754421331 0.002715691570909197 0.9999962176747115 0.0003935180873032573 0.0 0.0 0.0 1.0" />
				<scale value="1" />
			</transform>
			<transform time="0.0015">
				<matrix value="1.0 -3.3813294680352856e-05 0.00029038212225339333 -0.0008936212878282642 3.460381860266959e-05 0.999996230468469 -0.002721511264539686 -0.015981062500496565 -0.0002902894971868859 0.002721517166858484 0.9999962091643434 0.00039754613653471846 0.0 0.0 0.0 1.0" />
				<scale value="1" />
			</transform>
		</animation>
	</shape>
	<shape type="ply" name="temp7">
		<string name="filename" value="meshes/Cube_003.ply" />
		<boolean name="face_normals" value="true" />
		<ref id="mat-Material" name="bsdf" />
		<animation name="to_world">
			<transform time="0">
				<matrix value="0.9999995567588077 0.0006653956944076525 0.0007204194976977459 -0.0010250040877628486 -0.0006691124715660774 0.9999864420355303 0.005171313332082014 -0.01755546588904583 -0.0007169692231045676 -0.0051718023540798 0.9999865254661597 0.001999118321435067 0.0 0.0 0.0 1.0" />
				<scale value="1" />
			</transform>
			<transform time="0.0015">
				<matrix value="0.9999995727157459 0.00064832643545611 0.0007208725896935255 -0.0010239673793401931 -0.0006519473697087294 0.9999868925843277 0.005036928492870967 -0.01756059771549703 -0.0007175366518282314 -0.005037404924395569 0.9999869680052992 0.0019923172246992978 0.0 0.0 0.0 1.0" />
				<scale value="1" />
			</transform>
		</animation>
	</shape>
	<shape type="ply" name="temp8">
		<string name="filename" value="meshes/Cube_004.ply" />
		<boolean name="face_normals" value="true" />
		<ref id="mat-Material" name="bsdf" />
		<animation name="to_world">
			<transform time="0">
				<matrix value="1.0 0.0002256128721400517 0.0005532761792462865 -0.0005520468078663576 -0.0002256102101495141 1.0 -6.478981381976559e-06 -0.01725280555920289 -0.000553280250768137 6.3541382036322835e-06 1.0 0.0018074532846819417 0.0 0.0 0.0 1.0" />
				<scale value="1" />
			</transform>
			<transform time="0.0015">
				<matrix value="1.0 0.00020522035775036489 0.0005538496929501855 -0.0005524256956058576 -0.0002051777337051342 0.9999999249085338 -7.670868837316789e-05 -0.017304824957926904 -0.0005538294885822121 7.659534749901557e-05 0.9999999234066874 0.0018069791166031644 0.0 0.0 0.0 1.0" />
				<scale value="1" />
			</transform>
		</animation>
	</shape>
	<shape type="ply" name="temp9">
		<string name="filename" value="meshes/Cube_005.ply" />
		<boolean name="face_normals" value="true" />
		<ref id="mat-Material" name="bsdf" />
		<animation name="to_world">
			<transform time="0">
				<matrix value="0.9999995567588077 -0.0006705644076316739 0.0005893666543583498 -0.0005097755637542001 0.0006734074787199904 0.9999881107080804 -0.00483619931152224 -0.02100506980576744 -0.0005861155582977412 0.004836582725484593 0.9999881802334736 0.001149630436694693 0.0 0.0 0.0 1.0" />
				<scale value="1" />
			</transform>
			<transform time="0.0015">
				<matrix value="0.9999995727157459 -0.0006636457803001 0.0005894143124195137 -0.0005106764483238827 0.0006664591895346087 0.9999883209641858 -0.004785333692634658 -0.020971421995806667 -0.0005862211932288619 0.0047857133633407755 0.9999883929926753 0.0011556131416663171 0.0 0.0 0.0 1.0" />
				<scale value="1" />
			</transform>
		</animation>
	</shape>
	<shape type="ply" name="temp10">
		<string name="filename" value="meshes/Cube_006.ply" />
		<boolean name="face_normals" value="true" />
		<ref id="mat-Material" name="bsdf" />
		<animation name="to_world">
			<transform time="0">
				<matrix value="1.0 0.00024171139056741126 -0.000709994463621359 -0.0009030176015265567 -0.00024225170071645504 0.9999995828318625 -0.0007616350235757063 -0.017723276246580877 0.0007098108778480464 0.0007618074226726711 0.9999995272093389 -0.0017683183705908823 0.0 0.0 0.0 1.0" />
				<scale value="1" />
			</transform>
			<transform time="0.0015">
				<matrix value="1.0 0.00023841451476134973 -0.0007104966604408735 -0.0009021070171601554 -0.00023891863141470662 0.9999995903410092 -0.0007110837776844454 -0.017696896242183114 0.0007103230955654144 0.0007112538201443058 0.9999995272093389 -0.0017646886948464258 0.0 0.0 0.0 1.0" />
				<scale value="1" />
			</transform>
		</animation>
	</shape>
	<shape type="ply" name="temp11">
		<string name="filename" value="meshes/Cube_007.ply" />
		<boolean name="face_normals" value="true" />
		<ref id="mat-Material" name="bsdf" />
		<animation name="to_world">
			<transform time="0">
				<matrix value="1.0 -0.0008325987697711625 -4.326909211427729e-05 0.0005453180665542234 0.0008327039308401904 0.999996454070831 0.0024898101792774907 -0.017205710471430713 4.119585587214797e-05 -0.002489849256293503 0.9999969268607032 0.00015532147114716288 0.0 0.0 0.0 1.0" />
				<scale value="1" />
			</transform>
			<transform time="0.0015">
				<matrix value="0.999999936172247 -0.000875769904981118 -4.360367723475199e-05 0.000546387193955499 0.0008758802143185243 0.9999960110311804 0.002588304073040735 -0.017207869282963823 4.1222818310684946e-05 -0.002588344855246596 0.9999965524045084 0.00015682737706798944 0.0 0.0 0.0 1.0" />
				<scale value="1" />
			</transform>
		</animation>
	</shape>
	<shape type="ply" name="temp12">
		<string name="filename" value="meshes/Cube_008.ply" />
		<boolean name="face_normals" value="true" />
		<ref id="mat-Material" name="bsdf" />
		<animation name="to_world">
			<transform time="0">
				<matrix value="1.0 -0.00015894377199258277 0.00017278725696787058 0.0003279360043992874 0.00015890950255927465 1.0 0.00019831795266514457 -0.017872154918623928 -0.00017281885441654388 -0.0001982904449723939 1.0 0.00036594166898140656 0.0 0.0 0.0 1.0" />
				<scale value="1" />
			</transform>
			<transform time="0.0015">
				<matrix value="0.9999999680861236 -0.00010633331658556683 0.00017278354644739423 0.00032672542336097154 0.0001063116523398301 0.9999999098902406 0.00012586650856202607 -0.017842711987778617 -0.00017289905398811683 -0.0001258481305899237 0.9999999404274236 0.0003646081309286267 0.0 0.0 0.0 1.0" />
				<scale value="1" />
			</transform>
		</animation>
	</shape>
	<shape type="ply" name="temp13">
		<string name="filename" value="meshes/Cube_009.ply" />
		<boolean name="face_normals" value="true" />
		<ref id="mat-Material" name="bsdf" />
		<animation name="to_world">
			<transform time="0">
				<matrix value="1.0 -1.3635828902660073e-05 0.0006344236043574279 0.001262411610337022 1.3448203720743866e-05 1.0 0.0002957872933727515 -0.01738265431588104 -0.0006344288482643561 -0.00029577846703224503 0.9999997636046695 0.0011198283361513184 0.0 0.0 0.0 1.0" />
				<scale value="1" />
			</transform>
			<transform time="0.0015">
				<matrix value="0.9999999521291854 -6.599100110837317e-05 0.0006346877661821649 0.001263068135344823 6.57909407944503e-05 0.9999999474359736 0.0003151099138569281 -0.017461427529498436 -0.0006347368171723064 -0.0003150675123258404 0.9999997550943014 0.0011207825320939495 0.0 0.0 0.0 1.0" />
				<scale value="1" />
			</transform>
		</animation>
	</shape>
	<shape type="ply" name="temp14">
		<string name="filename" value="meshes/Cube_010.ply" />
		<boolean name="face_normals" value="true" />
		<ref id="mat-Material" name="bsdf" />
		<animation name="to_world">
			<transform time="0">
				<matrix value="0.99999246489973 -0.0004123477597028094 0.0038888923034881076 0.007928203391583066 0.0004116185927269439 0.9999997914159312 0.00018843875540695222 -0.018200442522293303 -0.003888980492068642 -0.00018683667658831555 0.999992435349423 0.00643422729117904 0.0 0.0 0.0 1.0" />
				<scale value="1" />
			</transform>
			<transform time="0.0015">
				<matrix value="0.99999246489973 -0.00040654379009579363 0.0038909373449341226 0.007932416660027393 0.0004058107140033959 0.9999997989250778 0.00018930928095631905 -0.018188855306378104 -0.003891024575856644 -0.00018772922877409042 0.999992426839055 0.006438088954369638 0.0 0.0 0.0 1.0" />
				<scale value="1" />
			</transform>
		</animation>
	</shape>
	<shape type="ply" name="temp15">
		<string name="filename" value="meshes/Cube_011.ply" />
		<boolean name="face_normals" value="true" />
		<ref id="mat-Material" name="bsdf" />
		<animation name="to_world">
			<transform time="0">
				<matrix value="0.9999991135176153 0.0011393237287322469 -0.0005631953273153386 -0.0011168494702609166 -0.001139019054052377 0.9999991656637249 0.0005400995035225268 -0.01530426561867304 0.0005638072290865508 -0.0005394568053681196 0.9999997636046695 -0.0008538696672151236 0.0 0.0 0.0 1.0" />
				<scale value="1" />
			</transform>
			<transform time="0.0015">
				<matrix value="0.9999991135176153 0.0010540260556989116 -0.0005633542158871119 -0.001115293661592889 -0.0010537389529145349 0.9999991656637249 0.00050898840629842 -0.015474850559088078 0.0005639585008610259 -0.0005083939438116145 0.9999997636046695 -0.0008552950301902633 0.0 0.0 0.0 1.0" />
				<scale value="1" />
			</transform>
		</animation>
	</shape>
	<shape type="ply" name="temp16">
		<string name="filename" value="meshes/Cube_012.ply" />
		<boolean name="face_normals" value="true" />
		<ref id="mat-Material" name="bsdf" />
		<animation name="to_world">
			<transform time="0">
				<matrix value="0.9999995567588077 -0.0010587331020831291 -0.00018173292906579875 -0.0003833966363802066 0.0010584865618135301 0.9999985399115188 -0.0013477937932987597 -0.020849602434392933 0.0001831596714341689 0.0013475990930764692 0.999999054418678 -0.0003507969824634305 0.0 0.0 0.0 1.0" />
				<scale value="1" />
			</transform>
			<transform time="0.0015">
				<matrix value="0.9999994769741165 -0.0011048576597509528 -0.0001816116478105047 -0.0003825530754937168 0.0011046024324536568 0.9999983596919999 -0.0013964412698538845 -0.020969347848519334 0.00018321435586150287 0.0013962380133991771 0.9999989608046294 -0.0003516552189967123 0.0 0.0 0.0 1.0" />
				<scale value="1" />
			</transform>
		</animation>
	</shape>
	<shape type="ply" name="temp17">
		<string name="filename" value="meshes/Cube_013.ply" />
		<boolean name="face_normals" value="true" />
		<ref id="mat-Material" name="bsdf" />
		<animation name="to_world">
			<transform time="0">
				<matrix value="0.9999982270352306 -0.00191598859462312 0.00027490885778031404 -0.00011852923832411655 0.0019173284257668517 0.999985816283324 -0.0049640182667399805 -0.02509873748166097 -0.00026539509633404076 0.00496453236494703 0.9999877074428124 -8.295685970693967e-05 0.0 0.0 0.0 1.0" />
				<scale value="1" />
			</transform>
			<transform time="0.0015">
				<matrix value="0.9999982270352306 -0.0019132429502522806 0.000274924176442831 -0.00011931980123579974 0.0019145809601414177 0.999985853829057 -0.004956848281645235 -0.025086969782008802 -0.00026543723860792144 0.004957361880837757 0.9999877414842846 -8.090542945269953e-05 0.0 0.0 0.0 1.0" />
				<scale value="1" />
			</transform>
		</animation>
	</shape>
	<shape type="ply" name="temp18">
		<string name="filename" value="meshes/Cube_014.ply" />
		<boolean name="face_normals" value="true" />
		<ref id="mat-Material" name="bsdf" />
		<animation name="to_world">
			<transform time="0">
				<matrix value="1.0 0.000854285255400763 -6.695732260539805e-05 -0.0003224913227091175 -0.000854019399780507 0.9999920738053869 0.0038715172466941296 -0.013715161127339726 7.026436677676779e-05 -0.003871462153463643 0.9999926717447536 0.00021879495810106508 0.0 0.0 0.0 1.0" />
				<scale value="1" />
			</transform>
			<transform time="0.0015">
				<matrix value="1.0 0.0008173351553103515 -6.706264692057024e-05 -0.0003215635790672276 -0.0008170810983389278 0.9999923441346653 0.0037002627697078068 -0.013891441194879195 7.02561170396999e-05 -0.003700210057433419 0.9999929185454275 0.00021406359651568913 0.0 0.0 0.0 1.0" />
				<scale value="1" />
			</transform>
		</animation>
	</shape>
	<shape type="ply" name="temp19">
		<string name="filename" value="meshes/Cube_015.ply" />
		<boolean name="face_normals" value="true" />
		<ref id="mat-Material" name="bsdf" />
		<animation name="to_world">
			<transform time="0">
				<matrix value="1.0 -0.00019779526639314345 -9.613890778738227e-05 0.00015984744997454836 0.0001977693443753579 1.0 -0.00027019749884284487 -0.018098491545911755 9.619220356472297e-05 0.00027017894427259435 1.0 -0.0001892221248450121 0.0 0.0 0.0 1.0" />
				<scale value="1" />
			</transform>
			<transform time="0.0015">
				<matrix value="1.0 -0.00019775374832147084 -9.62016972829657e-05 0.00015950497585987596 0.0001977277127235008 1.0 -0.00027113049049380867 -0.01809889327673103 9.62551696430013e-05 0.0002711119557403681 1.0 -0.00018932369045500407 0.0 0.0 0.0 1.0" />
				<scale value="1" />
			</transform>
		</animation>
	</shape>
	<shape type="ply" name="temp20">
		<string name="filename" value="meshes/Cube_016.ply" />
		<boolean name="face_normals" value="true" />
		<ref id="mat-Material" name="bsdf" />
		<animation name="to_world">
			<transform time="0">
				<matrix value="0.9999991135176153 -0.0013236077534870042 0.00039634041116712624 0.0007412729786107075 0.001325548245030823 0.9999868592036677 -0.004930379211205517 -0.019349748443584947 -0.0003898102395807293 0.004930902355539889 0.9999879438381429 0.00047471431860851565 0.0 0.0 0.0 1.0" />
				<scale value="1" />
			</transform>
			<transform time="0.0015">
				<matrix value="0.9999991454314917 -0.001296804380260318 0.0003962017772713477 0.0007402282736726318 0.0012986984624777948 0.9999872722067319 -0.004812711628399234 -0.019316744612649917 -0.00038987202484557816 0.004813224115900834 0.999988326804706 0.00048087485887812417 0.0 0.0 0.0 1.0" />
				<scale value="1" />
			</transform>
		</animation>
	</shape>
	<shape type="ply" name="temp21">
		<string name="filename" value="meshes/Cube_017.ply" />
		<boolean name="face_normals" value="true" />
		<ref id="mat-Material" name="bsdf" />
		<animation name="to_world">
			<transform time="0">
				<matrix value="0.9999995567588077 0.000805618420476281 0.0005421963301043307 0.00024861411080390194 -0.0008067388617920774 0.9999974969911749 0.0020668729294723988 -0.017611333557134012 -0.0005405326340760283 -0.002067310078990787 0.9999978724420252 0.00035473370367436474 0.0 0.0 0.0 1.0" />
				<scale value="1" />
			</transform>
			<transform time="0.0015">
				<matrix value="0.9999995567588077 0.0008013643387320299 0.0005426661875251982 0.00024891031941508187 -0.0008024794762688045 0.9999975195186147 0.0020556935397748792 -0.017612113493687676 -0.0005410188419840721 -0.0020561286593048806 0.9999978894627614 0.0003544323764045888 0.0 0.0 0.0 1.0" />
				<scale value="1" />
			</transform>
		</animation>
	</shape>
	<shape type="ply" name="temp22">
		<string name="filename" value="meshes/Cube_018.ply" />
		<boolean name="face_normals" value="true" />
		<ref id="mat-Material" name="bsdf" />
		<animation name="to_world">
			<transform time="0">
				<matrix value="0.9999986702764229 0.0016565141847595965 2.8863633462420944e-05 0.00038278788426232557 -0.0016565829295406072 0.9999954111504872 0.0025518639535416984 -0.017863102333042113 -2.4636409249911794e-05 -0.0025519030167513866 0.9999969268607032 0.0001813577225588392 0.0 0.0 0.0 1.0" />
				<scale value="1" />
			</transform>
			<transform time="0.0015">
				<matrix value="0.9999985107070406 0.0017185753292116585 2.961567766758713e-05 0.0003816928518897249 -0.001718648557794293 0.999994998147423 0.0026230999894296166 -0.017863577503603626 -2.4989244281099567e-05 -0.0026231428163938225 0.9999966715496613 0.00018268201501669352 0.0 0.0 0.0 1.0" />
				<scale value="1" />
			</transform>
		</animation>
	</shape>
	<shape type="ply" name="temp23">
		<string name="filename" value="meshes/Cube_019.ply" />
		<boolean name="face_normals" value="true" />
		<ref id="mat-Material" name="bsdf" />
		<animation name="to_world">
			<transform time="0">
				<matrix value="0.9999117950027215 0.011974379618833474 -0.005739654985742998 0.0030210007539695216 -0.011927877566144884 0.9998963337178234 0.008069023654189563 -0.018346268701295798 0.0058356913764766585 -0.007999843561948425 0.9999510661665802 -0.000797532162967296 0.0 0.0 0.0 1.0" />
				<scale value="1" />
			</transform>
			<transform time="0.0015">
				<matrix value="0.9999118588304745 0.011970394739995619 -0.005737958869387647 0.003020165584956446 -0.01192392790479277 0.9998964088092896 0.008065300368161134 -0.01834526309004158 0.005833919198916194 -0.007996163779737818 0.9999511087184206 -0.0007974540403971741 0.0 0.0 0.0 1.0" />
				<scale value="1" />
			</transform>
		</animation>
	</shape>
	<shape type="ply" name="temp24">
		<string name="filename" value="meshes/Cube_020.ply" />
		<boolean name="face_normals" value="true" />
		<ref id="mat-Material" name="bsdf" />
		<animation name="to_world">
			<transform time="0">
				<matrix value="0.999938756940879 -0.00486928866467297 0.009929928503515196 -0.007523729762609094 0.004780257911947396 0.9999483426360434 0.008969642578780437 -0.015448361041663472 -0.009973092430204167 -0.008921623995354273 0.9999104061617617 -0.0009432260636833556 0.0 0.0 0.0 1.0" />
				<scale value="1" />
			</transform>
			<transform time="0.0015">
				<matrix value="0.9999391408794913 -0.004723809426602767 0.009932165028241598 -0.007535322388836214 0.004634979737977909 0.9999489387177025 0.00894740754001976 -0.015459091088102662 -0.009974011453922097 -0.008900834492956061 0.9999105848794902 -0.0009437682270912255 0.0 0.0 0.0 1.0" />
				<scale value="1" />
			</transform>
		</animation>
	</shape>
	<shape type="ply" name="temp25">
		<string name="filename" value="meshes/Cube_021.ply" />
		<boolean name="face_normals" value="true" />
		<ref id="mat-Material" name="bsdf" />
		<animation name="to_world">
			<transform time="0">
				<matrix value="0.9993648353713563 0.023420403276438552 0.0268588355827925 -0.01631407936328577 -0.023698262671822446 0.9996683513306621 0.010073845173351059 -0.01924445340833103 -0.026613987450955362 -0.010703964974563173 0.9995886721248773 -0.013327818542082426 0.0 0.0 0.0 1.0" />
				<scale value="1" />
			</transform>
			<transform time="0.0015">
				<matrix value="0.999364947069924 0.02341645947263272 0.026858452616229576 -0.016315163010078695 -0.02369436870018477 0.9996684264221283 0.010075920852122108 -0.019242646127772944 -0.026613598420801174 -0.01070592598820349 0.9995886551041412 -0.013328235276320046 0.0 0.0 0.0 1.0" />
				<scale value="1" />
			</transform>
		</animation>
	</shape>
	<shape type="ply" name="temp26">
		<string name="filename" value="meshes/Cube_022.ply" />
		<boolean name="face_normals" value="true" />
		<ref id="mat-Material" name="bsdf" />
		<animation name="to_world">
			<transform time="0">
				<matrix value="0.9991547390461805 0.038063442930355865 0.015547319016916923 -0.0010962815761125233 -0.0381146115345542 0.9992689128389752 0.0030074213950066686 -0.023254750430442728 -0.015421469184985825 -0.0035974682065733187 0.999874710474819 0.006210857654551594 0.0 0.0 0.0 1.0" />
				<scale value="1" />
			</transform>
			<transform time="0.0015">
				<matrix value="0.9991394044285359 0.03843975855691084 0.015480577306404121 -0.00016962471267302395 -0.03848397348581152 0.9992510936340414 0.002520553450450819 -0.023326766880394117 -0.015377021931377013 -0.0031136865545107026 0.9998738594380125 0.007895501409747704 0.0 0.0 0.0 1.0" />
				<scale value="1" />
			</transform>
		</animation>
	</shape>
	<shape type="ply" name="temp27">
		<string name="filename" value="meshes/Cube_023.ply" />
		<boolean name="face_normals" value="true" />
		<ref id="mat-Material" name="bsdf" />
		<animation name="to_world">
			<transform time="0">
				<matrix value="0.9969429654963327 0.07807729291252194 0.0029710874327041593 0.06704595222426946 -0.0776188019367867 0.9940140543945535 -0.07688417716222536 -0.04889701535343194 -0.008956224613360706 0.07641852810566034 0.9970356025551498 0.12657116110618702 0.0 0.0 0.0 1.0" />
				<scale value="1" />
			</transform>
			<transform time="0.0015">
				<matrix value="0.996854324704433 0.07900984857509578 0.0033683309890940876 0.067246022001802 -0.07848011757040774 0.9937779442973204 -0.07846927917031551 -0.04942782266584164 -0.009584302627440403 0.07794516915231287 0.9968746289432008 0.12687878163759472 0.0 0.0 0.0 1.0" />
				<scale value="1" />
			</transform>
		</animation>
	</shape>
	<shape type="ply" name="temp28">
		<string name="filename" value="meshes/Cube_024.ply" />
		<boolean name="face_normals" value="true" />
		<ref id="mat-Material" name="bsdf" />
		<animation name="to_world">
			<transform time="0">
				<matrix value="0.9754439947023813 0.19689157591521475 0.09870462450729303 0.046589185460955806 -0.1553453114833155 0.9327343494158604 -0.3253839887551469 -0.19945628906541524 -0.15613055757969033 0.3020603934312705 0.9404163205445035 -0.02725157217108612 0.0 0.0 0.0 1.0" />
				<scale value="1" />
			</transform>
			<transform time="0.0015">
				<matrix value="0.975228065414175 0.19811301745930984 0.09814098368138618 0.046283203292116236 -0.15625641435992596 0.931585059507082 -0.3278847604110414 -0.20077841211101566 -0.15648405163242723 0.3044263903671989 0.939500775148073 -0.027756840529963463 0.0 0.0 0.0 1.0" />
				<scale value="1" />
			</transform>
		</animation>
	</shape>
	<shape type="ply" name="temp29">
		<string name="filename" value="meshes/Cube_025.ply" />
		<boolean name="face_normals" value="true" />
		<ref id="mat-Material" name="bsdf" />
		<animation name="to_world">
			<transform time="0">
				<matrix value="0.9501260577951056 0.31153365608241573 0.01441370884889185 -0.02951203244389955 -0.23557214459591475 0.7472079979475328 -0.6214386452467282 -0.5510881152941229 -0.204369028433036 0.5870494323384569 0.7833304414304565 -0.2920624496664296 0.0 0.0 0.0 1.0" />
				<scale value="1" />
			</transform>
			<transform time="0.0015">
				<matrix value="0.9497054169462725 0.3127525707986726 0.01409894352460368 -0.03030016404629522 -0.2361502213844633 0.7453194100263864 -0.6233237173042255 -0.5526357051807211 -0.20553169563232093 0.5886279225407044 0.7817306028690251 -0.2943754324014634 0.0 0.0 0.0 1.0" />
				<scale value="1" />
			</transform>
		</animation>
	</shape>
	<shape type="ply" name="temp30">
		<string name="filename" value="meshes/Cube_026.ply" />
		<boolean name="face_normals" value="true" />
		<ref id="mat-Material" name="bsdf" />
		<animation name="to_world">
			<transform time="0">
				<matrix value="0.9366236013524176 0.33848542935987636 -0.09035391217724355 -0.056961130709636265 -0.3044420302574168 0.6587714815517821 -0.6879936229995637 -0.9164186669046184 -0.17335327032216544 0.6718985113355013 0.7200703417945526 -0.34950670025102376 0.0 0.0 0.0 1.0" />
				<scale value="1" />
			</transform>
			<transform time="0.0015">
				<matrix value="0.936244815552577 0.3394094824157302 -0.09065190526814924 -0.05787242308628679 -0.3049277514788444 0.6571075372609771 -0.6892779992375625 -0.9180479005765398 -0.17442453298784824 0.6729659966009804 0.7187380096325078 -0.3521454262749474 0.0 0.0 0.0 1.0" />
				<scale value="1" />
			</transform>
		</animation>
	</shape>
	<shape type="ply" name="temp31">
		<string name="filename" value="meshes/Cube_027.ply" />
		<boolean name="face_normals" value="true" />
		<ref id="mat-Material" name="bsdf" />
		<animation name="to_world">
			<transform time="0">
				<matrix value="0.8412168211805463 0.4871933553459054 -0.23451433288528536 -0.35548296496156506 -0.5009183957505581 0.538925333160904 -0.6772298344145268 -1.4368362908249805 -0.20355616841037752 0.687169576762066 0.697397192852729 -0.5364727585131146 0.0 0.0 0.0 1.0" />
				<scale value="1" />
			</transform>
			<transform time="0.0015">
				<matrix value="0.8409253677036701 0.4871570711494283 -0.23556472506370557 -0.3571634030574055 -0.5013075695171901 0.5374041752931147 -0.6780868625201426 -1.4383451401993985 -0.20378330744769452 0.6883149844420409 0.6961438454166953 -0.538606562134853 0.0 0.0 0.0 1.0" />
				<scale value="1" />
			</transform>
		</animation>
	</shape>
	<shape type="ply" name="temp32">
		<string name="filename" value="meshes/Cube_028.ply" />
		<boolean name="face_normals" value="true" />
		<ref id="mat-Material" name="bsdf" />
		<animation name="to_world">
			<transform time="0">
				<matrix value="-0.13785492538477767 0.9761152468696747 0.16791330532206264 -1.4838829806167961 -0.7695784067074803 0.001158767935622613 -0.6385513032238177 -2.112603876046118 -0.6234945312901687 -0.21724990248694787 0.7510376573033628 -1.360515503186071 0.0 0.0 0.0 1.0" />
				<scale value="1" />
			</transform>
			<transform time="0.0015">
				<matrix value="-0.13814115136868788 0.9760533865198033 0.16802973651859646 -1.484217502698163 -0.7690563116453444 0.0011952244670147122 -0.6391662879512975 -2.112371851442523 -0.6240606355879591 -0.21752258963737633 0.7504756666378237 -1.3621479806686199 0.0 0.0 0.0 1.0" />
				<scale value="1" />
			</transform>
		</animation>
	</shape>
	<shape type="ply" name="temp33">
		<string name="filename" value="meshes/Cube_029.ply" />
		<boolean name="face_normals" value="true" />
		<ref id="mat-Material" name="bsdf" />
		<animation name="to_world">
			<transform time="0">
				<matrix value="0.0688311907054095 0.9893156982455995 0.12851781073338814 -1.5815185865365204 -0.9976273298973277 0.06806550791263666 0.010345416129064285 -1.8891228596407443 0.0014872426320016597 -0.1289249368511732 0.9916533536696356 -0.14622073878444808 0.0 0.0 0.0 1.0" />
				<scale value="1" />
			</transform>
			<transform time="0.0015">
				<matrix value="0.06889372115927399 0.9893166293797806 0.12847653119308897 -1.5814449873790641 -0.9976106070260566 0.06801313687135138 0.011235553821636875 -1.8875856619518079 0.0023773831979905366 -0.1289450861443038 0.9916382903181605 -0.14447839712024213 0.0 0.0 0.0 1.0" />
				<scale value="1" />
			</transform>
		</animation>
	</shape>
	<shape type="ply" name="temp34">
		<string name="filename" value="meshes/Cube_030.ply" />
		<boolean name="face_normals" value="true" />
		<ref id="mat-Material" name="bsdf" />
		<animation name="to_world">
			<transform time="0">
				<matrix value="0.09007087175211047 0.974760839859267 -0.20427548094243791 -2.911985759288724 -0.9609331197397292 0.13895683718787913 0.23937074009257742 -1.8520246087188446 0.2617147088120666 0.1747347136281489 0.9491961673745998 0.36426187603075455 0.0 0.0 0.0 1.0" />
				<scale value="1" />
			</transform>
			<transform time="0.0015">
				<matrix value="0.09020283968682581 0.9747399115137998 -0.2043158215742023 -2.9117549507124756 -0.9608409411759709 0.13914472829146074 0.2396253929146236 -1.851378022653002 0.2620019773759057 0.17469908648297505 0.9491222133515064 0.3648104252772316 0.0 0.0 0.0 1.0" />
				<scale value="1" />
			</transform>
		</animation>
	</shape>
	<shape type="ply" name="temp35">
		<string name="filename" value="meshes/Cube_031.ply" />
		<boolean name="face_normals" value="true" />
		<ref id="mat-Material" name="bsdf" />
		<animation name="to_world">
			<transform time="0">
				<matrix value="0.12106858359617535 0.9871303629571381 0.1044787695717604 -2.0079126820637536 -0.6243584083740672 -0.006098142976035777 0.7811142352067348 -0.5412544864183542 0.7716988725717031 -0.15980055191344594 0.6155850240721364 0.8266055632637452 0.0 0.0 0.0 1.0" />
				<scale value="1" />
			</transform>
			<transform time="0.0015">
				<matrix value="0.12105206976079516 0.9871125362430576 0.10466182163158048 -2.00766202706115 -0.625254294714376 -0.006061951142062101 0.7803743948693739 -0.5448173722970493 0.7709521516900222 -0.15991086803555393 0.6164622643019065 0.8257629823914123 0.0 0.0 0.0 1.0" />
				<scale value="1" />
			</transform>
		</animation>
	</shape>
	<shape type="ply" name="temp36">
		<string name="filename" value="meshes/Cube_032.ply" />
		<boolean name="face_normals" value="true" />
		<ref id="mat-Material" name="bsdf" />
		<animation name="to_world">
			<transform time="0">
				<matrix value="0.9117617596320744 0.40405070261543563 0.07371532139599953 -0.21311425937158424 -0.07618637937545543 -0.009982927393971504 0.9970436399963879 0.934763083643436 0.40359215959519673 -0.9146820240163698 0.021681092297720063 -0.6704998478323849 0.0 0.0 0.0 1.0" />
				<scale value="1" />
			</transform>
			<transform time="0.0015">
				<matrix value="0.9115763719236514 0.4042665079802031 0.0746467113956935 -0.21314302480568406 -0.07718865541006356 -0.0100386225091919 0.9969523492781549 0.9316779501111347 0.40378473909568274 -0.91458519357068 0.022059870057482597 -0.6698288046564053 0.0 0.0 0.0 1.0" />
				<scale value="1" />
			</transform>
		</animation>
	</shape>
	<shape type="ply" name="temp37">
		<string name="filename" value="meshes/Cube_033.ply" />
		<boolean name="face_normals" value="true" />
		<ref id="mat-Material" name="bsdf" />
		<animation name="to_world">
			<transform time="0">
				<matrix value="0.9800714327505599 0.15583461786355685 0.12319116202961465 -0.1243930814954366 -0.14287485350878595 0.12212933046599767 0.9821769740546669 0.3215789255370063 0.13801192141510957 -0.9802039117856257 0.14196031300632925 -0.3828300587380187 0.0 0.0 0.0 1.0" />
				<scale value="1" />
			</transform>
			<transform time="0.0015">
				<matrix value="0.9801154739000906 0.15576139467301714 0.12292455858027981 -0.12446250459503579 -0.14260121116636845 0.12215861313416451 0.9822120452814627 0.3224602309910318 0.13797456781839346 -0.9802118189170186 0.1419418778470269 -0.38297004047182936 0.0 0.0 0.0 1.0" />
				<scale value="1" />
			</transform>
		</animation>
	</shape>
	<shape type="ply" name="temp38">
		<string name="filename" value="meshes/Cube_034.ply" />
		<boolean name="face_normals" value="true" />
		<ref id="mat-Material" name="bsdf" />
		<animation name="to_world">
			<transform time="0">
				<matrix value="0.9999246489972998 0.004960062408353375 0.011258847686233423 -0.037857247467032895 -0.011976736042778094 0.1830799523593987 0.9830251605006097 0.3700536374212733 0.002814594868685364 -0.983085500695628 0.18312553395795284 -0.3277450174058083 0.0 0.0 0.0 1.0" />
				<scale value="1" />
			</transform>
			<transform time="0.0015">
				<matrix value="0.9999246809111763 0.0049500319906616765 0.011259889355284578 -0.03785777378215632 -0.011976071276731193 0.1831377209752758 0.9830143608435353 0.3700516768730148 0.002803841488008282 -0.9830747400885188 0.1831831814891514 -0.3277698680021872 0.0 0.0 0.0 1.0" />
				<scale value="1" />
			</transform>
		</animation>
	</shape>
	<shape type="ply" name="temp39">
		<string name="filename" value="meshes/Cube_035.ply" />
		<boolean name="face_normals" value="true" />
		<ref id="mat-Material" name="bsdf" />
		<animation name="to_world">
			<transform time="0">
				<matrix value="0.9991986199242234 -0.03998583714173079 0.0019823261395082318 0.0009321234502541742 0.006760554016031147 0.21732770434459758 0.9760753741783489 0.09186759266592125 -0.03946001698500249 -0.9752792419220606 0.21742382515066658 -0.12386542061452305 0.0 0.0 0.0 1.0" />
				<scale value="1" />
			</transform>
			<transform time="0.0015">
				<matrix value="0.9991994815988882 -0.039964426311967706 0.001973499526165957 0.0009658062710681899 0.006764477348435175 0.21732679573785632 0.9760755443857102 0.09187913146962633 -0.03943720494610064 -0.9752803157300275 0.21742311708804357 -0.12379788879097267 0.0 0.0 0.0 1.0" />
				<scale value="1" />
			</transform>
		</animation>
	</shape>
	<shape type="ply" name="temp40">
		<string name="filename" value="meshes/Cube_036.ply" />
		<boolean name="face_normals" value="true" />
		<ref id="mat-Material" name="bsdf" />
		<animation name="to_world">
			<transform time="0">
				<matrix value="0.9998492979945995 -0.017243866063997765 0.002050327620288582 -0.0008061221354100923 0.001764396917168859 0.2183376684055625 0.9758718377987624 -0.24724227741036164 -0.0172754673091891 -0.9757208143956382 0.21833522370799316 0.22921383489212138 0.0 0.0 0.0 1.0" />
				<scale value="1" />
			</transform>
			<transform time="0.0015">
				<matrix value="0.9998497926596849 -0.017215648042638976 0.0020455434317771725 -0.0007870447662436864 0.001762930474544992 0.21833926785379298 0.9758714803633037 -0.24726302389424126 -0.017246882847880462 -0.9757209495602774 0.218336851741404 0.2293635876271569 0.0 0.0 0.0 1.0" />
				<scale value="1" />
			</transform>
		</animation>
	</shape>
	<shape type="ply" name="temp41">
		<string name="filename" value="meshes/Cube_037.ply" />
		<boolean name="face_normals" value="true" />
		<ref id="mat-Material" name="bsdf" />
