<scene version="2.1.0">
	<default name="spp" value="1024" />
	<default name="resx" value="640" />
	<default name="resy" value="360" />
	<integrator type="path" name="temp0">
		<integer name="max_depth" value="12" />
	</integrator>
	<sensor type="perspective" name="temp44">
		<string name="fov_axis" value="x" />
		<float name="fov" value="83.974423" />
		<float name="principal_point_offset_x" value="0.000000" />
		<float name="principal_point_offset_y" value="-0.000000" />
		<float name="near_clip" value="0.100000" />
		<float name="far_clip" value="1000.000000" />
		<transform name="to_world">
			<rotate x="1" angle="-142.5518126578256" />
			<rotate y="1" angle="3.976628485794621e-06" />
			<rotate z="1" angle="-179.999991348578" />
			<translate value="-0.000000 3.030926 4.073377" />
		</transform>
		<sampler type="correlated" name="sampler">
			<integer name="sample_count" value="1024" />
		</sampler>
		<film type="hdrfilm" name="film">
			<integer name="width" value="$resx" />
			<integer name="height" value="$resy" />
		</film>
		<float name="shutter_open" value="0.0" />
		<float name="shutter_close" value="0.0015" />
	</sensor>
	<bsdf type="twosided" id="mat-Material" name="mat-Material">
		<bsdf type="diffuse" name="bsdf">
			<texture type="bitmap" name="reflectance">
				<string name="filename" value="textures/siggraph_2023_logo.jpg" />
			</texture>
		</bsdf>
	</bsdf>
	<bsdf type="twosided" id="mat-Material.001" name="mat-Material.001">
		<bsdf type="principled" name="bsdf">
			<rgb value="0.433648 0.266232 0.084399" name="base_color" />
			<float name="spec_tint" value="0.000000" />
			<float name="spec_trans" value="0.000000" />
			<float name="metallic" value="0.000000" />
			<float name="anisotropic" value="0.000000" />
			<float name="roughness" value="0.500000" />
			<float name="sheen" value="0.000000" />
			<float name="sheen_tint" value="0.500000" />
			<float name="clearcoat" value="0.000000" />
			<float name="clearcoat_gloss" value="0.173205" />
			<float name="specular" value="0.500000" />
		</bsdf>
	</bsdf>
	<bsdf type="twosided" id="mat-Material.002" name="mat-Material.002">
		<bsdf type="principled" name="bsdf">
			<rgb value="0.433648 0.266232 0.084399" name="base_color" />
			<float name="spec_tint" value="0.000000" />
			<float name="spec_trans" value="0.000000" />
			<float name="metallic" value="0.000000" />
			<float name="anisotropic" value="0.000000" />
			<float name="roughness" value="0.500000" />
			<float name="sheen" value="0.000000" />
			<float name="sheen_tint" value="0.500000" />
			<float name="clearcoat" value="0.000000" />
			<float name="clearcoat_gloss" value="0.173205" />
			<float name="specular" value="0.500000" />
		</bsdf>
	</bsdf>
	<bsdf type="twosided" id="mat-Material.003" name="mat-Material.003">
		<bsdf type="principled" name="bsdf">
			<rgb value="0.433648 0.266232 0.084399" name="base_color" />
			<float name="spec_tint" value="0.000000" />
			<float name="spec_trans" value="0.000000" />
			<float name="metallic" value="0.000000" />
			<float name="anisotropic" value="0.000000" />
			<float name="roughness" value="0.500000" />
			<float name="sheen" value="0.000000" />
			<float name="sheen_tint" value="0.500000" />
			<float name="clearcoat" value="0.000000" />
			<float name="clearcoat_gloss" value="0.173205" />
			<float name="specular" value="0.500000" />
		</bsdf>
	</bsdf>
	<bsdf type="twosided" id="mat-Material.004" name="mat-Material.004">
		<bsdf type="principled" name="bsdf">
			<rgb value="0.433648 0.266232 0.084399" name="base_color" />
			<float name="spec_tint" value="0.000000" />
			<float name="spec_trans" value="0.000000" />
			<float name="metallic" value="0.000000" />
			<float name="anisotropic" value="0.000000" />
			<float name="roughness" value="0.500000" />
			<float name="sheen" value="0.000000" />
			<float name="sheen_tint" value="0.500000" />
			<float name="clearcoat" value="0.000000" />
			<float name="clearcoat_gloss" value="0.173205" />
			<float name="specular" value="0.500000" />
		</bsdf>
	</bsdf>
	<bsdf type="twosided" id="mat-Material.005" name="mat-Material.005">
		<bsdf type="principled" name="bsdf">
			<rgb value="0.433648 0.266232 0.084399" name="base_color" />
			<float name="spec_tint" value="0.000000" />
			<float name="spec_trans" value="0.000000" />
			<float name="metallic" value="0.000000" />
			<float name="anisotropic" value="0.000000" />
			<float name="roughness" value="0.500000" />
			<float name="sheen" value="0.000000" />
			<float name="sheen_tint" value="0.500000" />
			<float name="clearcoat" value="0.000000" />
			<float name="clearcoat_gloss" value="0.173205" />
			<float name="specular" value="0.500000" />
		</bsdf>
	</bsdf>
	<emitter type="point" name="temp45">
		<point name="position" x="-6.815235034541981e-16" y="3.0693089962005615" z="4.109199523925781" />
		<rgb value="7.957747 7.957747 7.957747" name="intensity" />
	</emitter>
	<shape type="ply" name="temp2">
		<string name="filename" value="meshes/Cube.ply" />
		<boolean name="face_normals" value="true" />
		<ref id="mat-Material" name="bsdf" />
		<animation name="to_world">
			<transform time="0">
				<matrix value="0.9999995567588077 0.0001512820619786702 0.0009337520997815234 -0.0017350738660848464 -0.00015166206582309003 0.9999997914159312 0.00040678435686995567 -0.01798732710708123 -0.0009336920041061865 -0.0004069266597555812 0.9999995272093389 0.0021454074033109283 0.0 0.0 0.0 1.0" />
				<scale value="1" />
			</transform>
			<transform time="0.0015">
				<matrix value="0.9999995567588077 0.0001510479342961453 0.0009340481754865041 -0.001735783735876605 -0.0001513537139486221 0.9999997388519049 0.0003278633735156794 -0.017883876821993213 -0.0009339994943059897 -0.0003280054536677169 0.9999994761471306 0.002143726430938079 0.0 0.0 0.0 1.0" />
				<scale value="1" />
			</transform>
		</animation>
	</shape>
	<shape type="ply" name="temp4">
		<string name="filename" value="meshes/Plane.ply" />
		<boolean name="face_normals" value="true" />
		<ref id="mat-Material.001" name="bsdf" />
		<transform name="to_world">
			<scale value="1" />
		</transform>
	</shape>
	<shape type="ply" name="temp5">
		<string name="filename" value="meshes/Cube_001.ply" />
		<boolean name="face_normals" value="true" />
		<ref id="mat-Material" name="bsdf" />
		<animation name="to_world">
			<transform time="0">
				<matrix value="1.0 -0.00018715914755862778 -0.0007210932243897573 0.0013902684927047382 0.00019022936845221948 0.9999908223009742 0.004259985693354596 -0.022277855655862044 0.0007202890996353011 -0.004260114762954635 0.9999907805821093 -0.001232701504755851 0.0 0.0 0.0 1.0" />
				<scale value="1" />
			</transform>
			<transform time="0.0015">
				<matrix value="1.0 -0.00018415614220561517 -0.0007215945701724653 0.001388677925294545 0.00018718046030657354 0.9999910475753729 0.004194556281597413 -0.022206779758439814 0.0007208102532380812 -0.004194683663681587 0.9999910018516791 -0.0012377005920840207 0.0 0.0 0.0 1.0" />
				<scale value="1" />
			</transform>
		</animation>
	</shape>
	<shape type="ply" name="temp6">
		<string name="filename" value="meshes/Cube_002.ply" />
		<boolean name="face_normals" value="true" />
		<ref id="mat-Material" name="bsdf" />
		<animation name="to_world">
			<transform time="0">
				<matrix value="1.0 2.5661263644005397e-05 0.00024812999473783993 -0.0008500759805172287 -2.572895446494583e-05 1.0 0.00027258981958781163 -0.017907232849779908 -0.0002481228735503797 -0.00027259643362959225 1.0 0.0006093818472132639 0.0 0.0 0.0 1.0" />
				<scale value="1" />
			</transform>
			<transform time="0.0015">
				<matrix value="1.0 2.7908180532803328e-05 0.0002483496473375971 -0.0008515382070731654 -2.800697813734046e-05 0.9999997597073081 0.00039483521447992873 -0.017975458570614337 -0.0002483310637235417 -0.00039484211170143175 0.9999997617096942 0.00060873629112575 0.0 0.0 0.0 1.0" />
				<scale value="1" />
			</transform>
		</animation>
	</shape>
	<shape type="ply" name="temp7">
		<string name="filename" value="meshes/Cube_003.ply" />
		<boolean name="face_normals" value="true" />
		<ref id="mat-Material" name="bsdf" />
		<animation name="to_world">
			<transform time="0">
				<matrix value="1.0 0.0005901927942547604 0.000607833857579378 -0.0009709365126098213 -0.0005929680671315381 0.999989362212493 0.004574769715488764 -0.017578133999645695 -0.0006051261730378155 -0.004575116337764354 0.999989362210126 0.0017492503082008892 0.0 0.0 0.0 1.0" />
				<scale value="1" />
			</transform>
			<transform time="0.0015">
				<matrix value="1.0 0.0005881370902755431 0.0006079199825041956 -0.0009702420681865446 -0.00059090323932383 0.9999894297948126 0.004558979578580999 -0.01757884323588423 -0.0006052302122751126 -0.004559325803881913 0.9999894302930705 0.0017449108365429368 0.0 0.0 0.0 1.0" />
				<scale value="1" />
			</transform>
		</animation>
	</shape>
	<shape type="ply" name="temp8">
		<string name="filename" value="meshes/Cube_004.ply" />
		<boolean name="face_normals" value="true" />
		<ref id="mat-Material" name="bsdf" />
		<animation name="to_world">
			<transform time="0">
				<matrix value="1.0 -1.6878727136578765e-06 0.0004706181879730566 -0.0005311907233482849 1.972618332101123e-06 0.9999997914159312 -0.0006050443926791203 -0.017796831632287458 -0.0004706157683940662 0.0006050460657915871 0.9999997636046695 0.0015590346529088285 0.0 0.0 0.0 1.0" />
				<scale value="1" />
			</transform>
			<transform time="0.0015">
				<matrix value="1.0 -1.5663055006499744e-05 0.00047105264226277385 -0.0005306915289092875 1.5974760785179473e-05 0.999999716324465 -0.0006604872279267707 -0.017832739087122497 -0.0004710202767783429 0.0006604955568259793 0.9999996870113569 0.0015586258424204475 0.0 0.0 0.0 1.0" />
				<scale value="1" />
			</transform>
		</animation>
	</shape>
	<shape type="ply" name="temp9">
		<string name="filename" value="meshes/Cube_005.ply" />
		<boolean name="face_normals" value="true" />
		<ref id="mat-Material" name="bsdf" />
		<animation name="to_world">
			<transform time="0">
				<matrix value="1.0 -0.0003123817589060183 0.0005662471910324849 -0.0004889709507360784 0.00031359004090229727 0.9999977055752436 -0.002134030478922756 -0.019239364081372223 -0.0005655801938559679 0.002134207161525417 0.9999976360466947 0.001131108677361159 0.0 0.0 0.0 1.0" />
				<scale value="1" />
			</transform>
			<transform time="0.0015">
				<matrix value="1.0 -0.0003243762689881464 0.0005664373126550566 -0.0004889901428656038 0.00032563684312195596 0.9999973901910855 -0.0022250507376586955 -0.01929866657213037 -0.0005656858287870887 0.002225234013065414 0.9999973296734443 0.0011326359002753288 0.0 0.0 0.0 1.0" />
				<scale value="1" />
			</transform>
		</animation>
	</shape>
	<shape type="ply" name="temp10">
		<string name="filename" value="meshes/Cube_006.ply" />
		<boolean name="face_normals" value="true" />
		<ref id="mat-Material" name="bsdf" />
		<animation name="to_world">
			<transform time="0">
				<matrix value="1.0 6.63105441332602e-05 -0.0006215707902364946 -0.0008015766400757407 -6.59077490971177e-05 0.9999997914159312 0.0006477350254195899 -0.01717431544523007 0.0006216147453933943 -0.0006476931644914825 0.9999995272093389 -0.0014957452451026532 0.0 0.0 0.0 1.0" />
				<scale value="1" />
			</transform>
			<transform time="0.0015">
				<matrix value="1.0 7.263934301597536e-05 -0.0006219545227325446 -0.0008022502509164903 -7.226896656786734e-05 0.9999997839067846 0.0005960795592718979 -0.017193943790220628 0.0006219900525806995 -0.0005960336899401066 0.9999995272093389 -0.0014976615334172697 0.0 0.0 0.0 1.0" />
				<scale value="1" />
			</transform>
		</animation>
	</shape>
	<shape type="ply" name="temp11">
		<string name="filename" value="meshes/Cube_007.ply" />
		<boolean name="face_normals" value="true" />
		<ref id="mat-Material" name="bsdf" />
		<animation name="to_world">
			<transform time="0">
				<matrix value="0.9999982270352306 -0.00204619094202823 -4.667413045523594e-05 0.0005111496521994496 0.002046409125804261 0.9999841476107738 0.005239395187274745 -0.017284888780084384 3.5952667159550875e-05 -0.005239469111828178 0.9999862890708293 8.361675608026253e-05 0.0 0.0 0.0 1.0" />
				<scale value="1" />
			</transform>
			<transform time="0.0015">
				<matrix value="0.9999982749060453 -0.002017551507361017 -4.6459873428832e-05 0.000509643918784523 0.00201776626210168 0.999984500540665 0.005166506437908607 -0.017291254287911104 3.597963438516932e-05 -0.005166579627764372 0.9999865954440796 7.986274638512057e-05 0.0 0.0 0.0 1.0" />
				<scale value="1" />
			</transform>
		</animation>
	</shape>
	<shape type="ply" name="temp12">
		<string name="filename" value="meshes/Cube_008.ply" />
		<boolean name="face_normals" value="true" />
		<ref id="mat-Material" name="bsdf" />
		<animation name="to_world">
			<transform time="0">
				<matrix value="0.9999986702764229 0.0016758603571376425 0.00015334894172902382 0.0002572622473939745 -0.001675500463630287 0.9999958283186247 -0.002312610603465272 -0.01683362758374446 -0.00015722385630475137 0.0023123483854550157 0.9999973996513641 0.0003362011735159598 0.0 0.0 0.0 1.0" />
				<scale value="1" />
			</transform>
			<transform time="0.0015">
				<matrix value="0.9999986543194846 0.0016835448423331862 0.00015339158718339743 0.0002569671662635295 -0.001683183250682661 0.9999957907728916 -0.002323087632486389 -0.01682975014966201 -0.00015730405587632433 0.0023228238702669955 0.99999737412026 0.00033592736594697246 0.0 0.0 0.0 1.0" />
				<scale value="1" />
			</transform>
		</animation>
	</shape>
	<shape type="ply" name="temp13">
		<string name="filename" value="meshes/Cube_009.ply" />
		<boolean name="face_normals" value="true" />
		<ref id="mat-Material" name="bsdf" />
		<animation name="to_world">
			<transform time="0">
				<matrix value="1.0 0.00039799717577170896 0.0005517963444771669 0.001101042578656397 -0.0003979813909617802 1.0 -2.9404269583343775e-05 -0.017037045870947676 -0.0005518086900095209 2.9184665733600602e-05 1.0 0.0009048667919007158 0.0 0.0 0.0 1.0" />
				<scale value="1" />
			</transform>
			<transform time="0.0015">
				<matrix value="0.9999999680861236 0.00042553599481854633 0.0005522902011359777 0.0011008095733974915 -0.00042551143374873734 0.9999999699634136 -4.487870587736986e-05 -0.017003790161743464 -0.000552321386435036 4.4643310353646936e-05 0.9999999914896319 0.0009064291044440711 0.0 0.0 0.0 1.0" />
				<scale value="1" />
			</transform>
		</animation>
	</shape>
	<shape type="ply" name="temp14">
		<string name="filename" value="meshes/Cube_010.ply" />
		<boolean name="face_normals" value="true" />
		<ref id="mat-Material" name="bsdf" />
		<animation name="to_world">
			<transform time="0">
				<matrix value="0.9999946811056918 0.0004431514549781717 0.0032593242592197725 0.0062863088873472694 -0.0004437021631943152 0.9999997914159312 0.000168899499361969 -0.016729002361714707 -0.003259241135619394 -0.00017034476860726332 0.9999947993027284 0.005360659076346419 0.0 0.0 0.0 1.0" />
				<scale value="1" />
			</transform>
			<transform time="0.0015">
				<matrix value="0.9999946811056918 0.0004382945389431127 0.0032618824758601055 0.006294015758992197 -0.00043884503076473054 0.9999997989250778 0.0001686919825470725 -0.016737885718277817 -0.003261800149804264 -0.00017012220501053617 0.9999947907923604 0.005364839424594248 0.0 0.0 0.0 1.0" />
				<scale value="1" />
			</transform>
		</animation>
	</shape>
	<shape type="ply" name="temp15">
		<string name="filename" value="meshes/Cube_011.ply" />
		<boolean name="face_normals" value="true" />
		<ref id="mat-Material" name="bsdf" />
		<animation name="to_world">
			<transform time="0">
				<matrix value="0.9999991135176153 -0.0014983386278922789 -0.0005337948400572833 -0.0010299064729673013 0.0014981153384501097 0.9999987484955875 -0.00041407242491020525 -0.02060025361391532 0.0005344159056215395 0.0004132717871274428 0.9999997636046695 -0.0008412669848649745 0.0 0.0 0.0 1.0" />
				<scale value="1" />
			</transform>
			<transform time="0.0015">
				<matrix value="0.9999991454314917 -0.0014626384177479396 -0.0005339681111510863 -0.0010333264002286115 0.0014624228590043498 0.9999987860413205 -0.00039964870674169626 -0.02052638164776214 0.0005345670178266321 0.0003988670677559058 0.9999997721150375 -0.0008402971594584209 0.0 0.0 0.0 1.0" />
				<scale value="1" />
			</transform>
		</animation>
	</shape>
	<shape type="ply" name="temp16">
		<string name="filename" value="meshes/Cube_012.ply" />
		<boolean name="face_normals" value="true" />
		<ref id="mat-Material" name="bsdf" />
		<animation name="to_world">
			<transform time="0">
				<matrix value="0.999997340552846 -0.002312869845626931 -0.00016638307106847381 -0.00040500554453570814 0.0023124203273956747 0.999993742477937 -0.0026552869106487116 -0.02411769401775149 0.00017252365578243595 0.0026548997440673477 0.999996454070042 -0.0002825630676521751 0.0 0.0 0.0 1.0" />
				<scale value="1" />
			</transform>
			<transform time="0.0015">
				<matrix value="0.9999974043805989 -0.0022757875770468266 -0.00016659040916564092 -0.00040655535869166823 0.0022753450196824035 0.9999939001700161 -0.002613044847721375 -0.024015987298861584 0.00017257835616670816 0.002612663647794754 0.9999965476840907 -0.000280974948910628 0.0 0.0 0.0 1.0" />
				<scale value="1" />
			</transform>
		</animation>
	</shape>
	<shape type="ply" name="temp17">
		<string name="filename" value="meshes/Cube_013.ply" />
		<boolean name="face_normals" value="true" />
		<ref id="mat-Material" name="bsdf" />
		<animation name="to_world">
			<transform time="0">
				<matrix value="1.0 -0.0002679262363299216 0.0002394873814536516 -0.0002472020873435232 0.0002680758190653993 0.9999997914159312 -0.0006210105333031378 -0.018708556815705768 -0.0002393205467114163 0.0006210736656355661 0.9999997636046695 0.00015416295128689583 0.0 0.0 0.0 1.0" />
				<scale value="1" />
			</transform>
			<transform time="0.0015">
				<matrix value="0.9999999680861236 -0.00021035045533806596 0.00023975690481026955 -0.0002479386125823756 0.00021046859126866272 0.9999996111964123 -0.0004924818485649651 -0.018503820470107468 -0.00023945464882034966 0.0004925309673895154 0.9999996189284124 0.0001574065230776423 0.0 0.0 0.0 1.0" />
				<scale value="1" />
			</transform>
		</animation>
	</shape>
	<shape type="ply" name="temp18">
		<string name="filename" value="meshes/Cube_014.ply" />
		<boolean name="face_normals" value="true" />
		<ref id="mat-Material" name="bsdf" />
		<animation name="to_world">
			<transform time="0">
				<matrix value="1.0 0.00010668657949243153 -6.126090432560903e-05 -0.00023413360704227504 -0.00010665180922189895 0.9999997914159312 0.0005686702431704207 -0.017191702991084745 6.13215324798281e-05 -0.0005686648325174221 1.0 -0.0001806383224187691 0.0 0.0 0.0 1.0" />
				<scale value="1" />
			</transform>
			<transform time="0.0015">
				<matrix value="1.0 7.383023335674647e-05 -6.11892725576061e-05 -0.00023353720476283096 -7.380576033251126e-05 0.9999994835409197 0.0003995327202402617 -0.01735318576139182 6.136752037582358e-05 -0.000399529339645519 0.9999996936267497 -0.00018289694313981575 0.0 0.0 0.0 1.0" />
				<scale value="1" />
			</transform>
		</animation>
	</shape>
	<shape type="ply" name="temp19">
		<string name="filename" value="meshes/Cube_015.ply" />
		<boolean name="face_normals" value="true" />
		<ref id="mat-Material" name="bsdf" />
		<animation name="to_world">
			<transform time="0">
				<matrix value="1.0 -0.00020586454967742477 -8.394918256858656e-05 0.00022912753629356075 0.0002058642582713239 1.0 -2.055996380314699e-06 -0.017977772786950508 8.394943859070576e-05 2.038713203162969e-06 1.0 -0.00012519064296784288 0.0 0.0 0.0 1.0" />
				<scale value="1" />
			</transform>
			<transform time="0.0015">
				<matrix value="1.0 -0.00020582306164233864 -8.401178483607255e-05 0.00022875276730519376 0.00020582262661946677 1.0 -3.8123212068219675e-06 -0.017978574232523838 8.401240466898411e-05 3.7950270560154617e-06 1.0 -0.00012570726619377963 0.0 0.0 0.0 1.0" />
				<scale value="1" />
			</transform>
		</animation>
	</shape>
	<shape type="ply" name="temp20">
		<string name="filename" value="meshes/Cube_016.ply" />
		<boolean name="face_normals" value="true" />
		<ref id="mat-Material" name="bsdf" />
		<animation name="to_world">
			<transform time="0">
				<matrix value="0.9999995567588077 -0.0009563016375935239 0.00038098180654257173 0.0006998707860975673 0.0009575649747263872 0.9999939510620058 -0.0033259877424293214 -0.01889806264251037 -0.00037779840326792864 0.0033263527198319647 0.9999945629073977 0.0006124169783449096 0.0 0.0 0.0 1.0" />
				<scale value="1" />
			</transform>
			<transform time="0.0015">
				<matrix value="0.9999995727157459 -0.0009162728099155643 0.00038093712711023063 0.0006978914936005101 0.0009174707738682914 0.9999941312815248 -0.0031538450383280566 -0.01884453433764604 -0.00037786018853277754 0.003154194795444738 0.9999947246043911 0.0006181286838654115 0.0 0.0 0.0 1.0" />
				<scale value="1" />
			</transform>
		</animation>
	</shape>
	<shape type="ply" name="temp21">
		<string name="filename" value="meshes/Cube_017.ply" />
		<boolean name="face_normals" value="true" />
		<ref id="mat-Material" name="bsdf" />
		<animation name="to_world">
			<transform time="0">
				<matrix value="1.0 -0.0005231121577396162 0.0004731759854493946 0.00033395773440370036 0.0005233924971676888 0.9999995828318625 -0.00058726273591663 -0.018023661498235644 -0.0004728674336512259 0.0005875104031304298 0.9999997636046695 0.00016956582764260375 0.0 0.0 0.0 1.0" />
				<scale value="1" />
			</transform>
			<transform time="0.0015">
				<matrix value="1.0 -0.0004965206926306006 0.0004734953795628733 0.0003321519927704105 0.000496778621989538 0.9999995828318625 -0.0005405118799884668 -0.01801443183906932 -0.00047319247648308844 0.0005407468921765469 0.9999997636046695 0.00017269140335107567 0.0 0.0 0.0 1.0" />
				<scale value="1" />
			</transform>
		</animation>
	</shape>
	<shape type="ply" name="temp22">
		<string name="filename" value="meshes/Cube_018.ply" />
		<boolean name="face_normals" value="true" />
		<ref id="mat-Material" name="bsdf" />
		<animation name="to_world">
			<transform time="0">
				<matrix value="0.9999906919349606 0.004361586740727917 -1.9190691130116246e-05 0.00044329351859007105 -0.004361409116939437 0.9999743441595419 0.005681383536767275 -0.017935580124600725 4.397005817097408e-05 -0.005681243911952493 0.9999839251175239 9.689839109155995e-05 0.0 0.0 0.0 1.0" />
				<scale value="1" />
			</transform>
			<transform time="0.0015">
				<matrix value="0.9999908195904665 0.004327177653253751 -1.9169372658113473e-05 0.00044504793679779776 -0.004327002128437951 0.9999746820711398 0.005641442677364709 -0.017933549668849573 4.3617224735480137e-05 -0.0056413049387230105 0.9999841293663575 9.538880052338665e-05 0.0 0.0 0.0 1.0" />
				<scale value="1" />
			</transform>
		</animation>
	</shape>
	<shape type="ply" name="temp23">
		<string name="filename" value="meshes/Cube_019.ply" />
		<boolean name="face_normals" value="true" />
		<ref id="mat-Material" name="bsdf" />
		<animation name="to_world">
			<transform time="0">
				<matrix value="0.9999117950027215 0.011936859516543847 -0.005855559616302011 0.0030748911772330856 -0.011889359906529298 0.9998965423018922 0.00808077250211692 -0.018300632927906513 0.005951408354564587 -0.008010433375119676 0.9999503569805885 -0.00080440275642224 0.0 0.0 0.0 1.0" />
				<scale value="1" />
			</transform>
			<transform time="0.0015">
				<matrix value="0.9999116673472157 0.011947728856096145 -0.005855231116094702 0.003076518303484316 -0.011900207911850117 0.9998963771006665 0.008084800459322075 -0.018302337284036557 0.005951216233028228 -0.008014400232005638 0.9999503229391162 -0.000805193031934333 0.0 0.0 0.0 1.0" />
				<scale value="1" />
			</transform>
		</animation>
	</shape>
	<shape type="ply" name="temp24">
		<string name="filename" value="meshes/Cube_020.ply" />
		<boolean name="face_normals" value="true" />
		<ref id="mat-Material" name="bsdf" />
		<animation name="to_world">
			<transform time="0">
				<matrix value="0.9999523060455664 -0.003393093945874502 0.009131030483984878 -0.007156984283390511 0.0033174774611670816 0.9999601147414292 0.008283481491201993 -0.015270646837758806 -0.009158759295140356 -0.008252807284388456 0.9999241170915837 -0.0007964767973823728 0.0 0.0 0.0 1.0" />
				<scale value="1" />
			</transform>
			<transform time="0.0015">
				<matrix value="0.9999522774847527 -0.003389569074870778 0.009136126492382133 -0.007155547344323185 0.003313906000513394 0.9999601238971695 0.008283954667663523 -0.015271745027005247 -0.009163828352997328 -0.008253296241080623 0.9999240660293712 -0.0007969259670036126 0.0 0.0 0.0 1.0" />
				<scale value="1" />
			</transform>
		</animation>
	</shape>
	<shape type="ply" name="temp25">
		<string name="filename" value="meshes/Cube_021.ply" />
		<boolean name="face_normals" value="true" />
		<ref id="mat-Material" name="bsdf" />
		<animation name="to_world">
			<transform time="0">
				<matrix value="0.9989517345800821 0.036996744002686564 0.02696152571437487 -0.01685241231107093 -0.03710863575679888 0.9993045807147343 0.0036609835653238307 -0.021773380502645434 -0.026807342556296063 -0.0046576405387309325 0.9996298049123896 -0.013567723400277232 0.0 0.0 0.0 1.0" />
				<scale value="1" />
			</transform>
			<transform time="0.0015">
				<matrix value="0.9989483517091762 0.03708652561244225 0.026959464503229533 -0.016851666601496566 -0.03719741234224295 0.9993012917085139 0.00362263074060219 -0.0217902326273829 -0.0268063798742123 -0.004621631702660433 0.999629983630119 -0.013566401327421065 0.0 0.0 0.0 1.0" />
				<scale value="1" />
			</transform>
		</animation>
	</shape>
	<shape type="ply" name="temp26">
		<string name="filename" value="meshes/Cube_022.ply" />
		<boolean name="face_normals" value="true" />
		<ref id="mat-Material" name="bsdf" />
		<animation name="to_world">
			<transform time="0">
				<matrix value="0.9992145766071483 0.03617625770978865 0.01616873142228196 -0.007633440467797237 -0.03621203860808082 0.9993421258471121 0.001925716549706137 -0.021840406772304033 -0.01608843636918091 -0.0025097064596400257 0.999867618614903 -0.011681702474276912 0.0 0.0 0.0 1.0" />
				<scale value="1" />
			</transform>
			<transform time="0.0015">
				<matrix value="0.9992174169421543 0.036095997697949564 0.016168140802738252 -0.007629330814783834 -0.036133017775535334 0.9993446714478169 0.0020036709254555927 -0.021817267003666208 -0.016085394976753174 -0.0025863132716475476 0.9998673888349653 -0.011678046952195615 0.0 0.0 0.0 1.0" />
				<scale value="1" />
			</transform>
		</animation>
	</shape>
	<shape type="ply" name="temp27">
		<string name="filename" value="meshes/Cube_023.ply" />
		<boolean name="face_normals" value="true" />
		<ref id="mat-Material" name="bsdf" />
		<animation name="to_world">
			<transform time="0">
				<matrix value="0.9994716564987136 0.030963929556988297 0.009905744453810953 -0.0027379844264381337 -0.031049125307831008 0.9994810428369102 0.008564460987914998 -0.019955973663284332 -0.009635425254464768 -0.008867509485360527 0.999914424890348 -0.008624179500421714 0.0 0.0 0.0 1.0" />
				<scale value="1" />
			</transform>
			<transform time="0.0015">
				<matrix value="0.9994724224317489 0.030938490070062552 0.009906599745801483 -0.002737384658244301 -0.031024180145425802 0.9994813432027752 0.008614930874687558 -0.019939212847490173 -0.009634973353973932 -0.008917739068212156 0.9999139483097363 -0.008624082566497215 0.0 0.0 0.0 1.0" />
				<scale value="1" />
			</transform>
		</animation>
	</shape>
	<shape type="ply" name="temp28">
		<string name="filename" value="meshes/Cube_024.ply" />
		<boolean name="face_normals" value="true" />
		<ref id="mat-Material" name="bsdf" />
		<animation name="to_world">
			<transform time="0">
				<matrix value="0.9994348674797483 0.03186444955707173 0.010743813179607027 0.007488017919267342 -0.03192659216668706 0.999474159562641 0.005663228375382546 -0.021392824404998567 -0.010557717095103603 -0.006003026554837795 0.9999264810522052 0.010202878011721567 0.0 0.0 0.0 1.0" />
				<scale value="1" />
			</transform>
			<transform time="0.0015">
				<matrix value="0.9994232667856509 0.03209023157404103 0.011000997353567542 0.008044968012509871 -0.03214363125994773 0.9994652236781609 0.005087262834443998 -0.021710594599319035 -0.010835292024949301 -0.005439600340593225 0.9999214429143107 0.011163408137057882 0.0 0.0 0.0 1.0" />
				<scale value="1" />
			</transform>
		</animation>
	</shape>
	<shape type="ply" name="temp29">
		<string name="filename" value="meshes/Cube_025.ply" />
		<boolean name="face_normals" value="true" />
		<ref id="mat-Material" name="bsdf" />
		<animation name="to_world">
			<transform time="0">
				<matrix value="0.9919361129874988 0.11531939435529794 0.05257874210262299 0.045384701792959836 -0.10228078620349736 0.9733546367195567 -0.20522960842059082 -0.20276346827771885 -0.07484473261031829 0.19819679072551796 0.9773006111764876 -0.03766855392058149 0.0 0.0 0.0 1.0" />
				<scale value="1" />
			</transform>
			<transform time="0.0015">
				<matrix value="0.9918230580800984 0.11616175390322256 0.05267089407010421 0.04529982622663958 -0.10291901586211326 0.9728159080134602 -0.20716572821885235 -0.20440570777955966 -0.07534617460729576 0.20004339500790125 0.9768325664640178 -0.03845688288603467 0.0 0.0 0.0 1.0" />
				<scale value="1" />
			</transform>
		</animation>
	</shape>
	<shape type="ply" name="temp30">
		<string name="filename" value="meshes/Cube_026.ply" />
		<boolean name="face_normals" value="true" />
		<ref id="mat-Material" name="bsdf" />
		<animation name="to_world">
			<transform time="0">
				<matrix value="0.9809348665932659 0.19378590514013722 0.014637291552507422 0.09186420110820848 -0.1763295906047051 0.9191726304328329 -0.3521782174941055 -0.48978684033116976 -0.08170136358720416 0.3428827986976011 0.9358186677610194 -0.0364504122381597 0.0 0.0 0.0 1.0" />
				<scale value="1" />
			</transform>
			<transform time="0.0015">
				<matrix value="0.9807864191968586 0.19451687400707227 0.014191951225479853 0.09131365578466046 -0.17701233852530496 0.9183129608001155 -0.3539137794054373 -0.4920192135946196 -0.08191906728694236 0.344602813786232 0.9351175410879861 -0.037276634007797724 0.0 0.0 0.0 1.0" />
				<scale value="1" />
			</transform>
		</animation>
	</shape>
	<shape type="ply" name="temp31">
		<string name="filename" value="meshes/Cube_027.ply" />
		<boolean name="face_normals" value="true" />
		<ref id="mat-Material" name="bsdf" />
		<animation name="to_world">
			<transform time="0">
				<matrix value="0.9157402925746463 0.3989061851433911 -0.0478909990586738 -0.03314729684429163 -0.37415039528249533 0.8032731012070761 -0.46342609643700233 -1.022122460890019 -0.14639392263136342 0.44229626029623115 0.8848407239181486 -0.23158055979818026 0.0 0.0 0.0 1.0" />
				<scale value="1" />
			</transform>
			<transform time="0.0015">
				<matrix value="0.915961455738594 0.3983141114596924 -0.04840214367917181 -0.033423989104023305 -0.37358849723362403 0.8024816897171518 -0.4651357187464721 -1.0233207107276223 -0.146411952375876 0.44413118034647076 0.883852346791818 -0.23255051469654653 0.0 0.0 0.0 1.0" />
				<scale value="1" />
			</transform>
		</animation>
	</shape>
	<shape type="ply" name="temp32">
		<string name="filename" value="meshes/Cube_028.ply" />
		<boolean name="face_normals" value="true" />
		<ref id="mat-Material" name="bsdf" />
		<animation name="to_world">
			<transform time="0">
				<matrix value="-0.04697820317112479 0.9947539020864665 0.0908722325789643 -1.4630064838078287 -0.9212896723029217 -0.007991727555832741 -0.38879538140259023 -1.9892374665167356 -0.38602961383054357 -0.10198451054705344 0.916831631208155 -0.7511407495618678 0.0 0.0 0.0 1.0" />
				<scale value="1" />
			</transform>
			<transform time="0.0015">
				<matrix value="-0.0473170710942748 0.9946910204926546 0.09133456853653604 -1.4628274624919761 -0.9206453311369616 -0.007938721841474988 -0.3902343825179616 -1.9904110105310162 -0.38743590358434304 -0.10255652654921031 0.9161335937987292 -0.7544542844526523 0.0 0.0 0.0 1.0" />
				<scale value="1" />
			</transform>
		</animation>
	</shape>
	<shape type="ply" name="temp33">
		<string name="filename" value="meshes/Cube_029.ply" />
		<boolean name="face_normals" value="true" />
		<ref id="mat-Material" name="bsdf" />
		<animation name="to_world">
			<transform time="0">
				<matrix value="0.007908176381627122 0.9910390198217441 0.13333864434842593 -1.709650851529198 -0.9880666173782461 0.028256320618743783 -0.1514138804719018 -2.0826100576764843 -0.15382472824882498 -0.13055001533092905 0.979435970197168 -0.480455931064512 0.0 0.0 0.0 1.0" />
				<scale value="1" />
			</transform>
			<transform time="0.0015">
				<matrix value="0.00840171730063714 0.9910369848430096 0.1332989545448813 -1.708633483280788 -0.9881658535771343 0.028639061071148473 -0.15062321111023588 -2.082136574469068 -0.15309037080288918 -0.13046628459152132 0.9795545196243132 -0.4787835271812773 0.0 0.0 0.0 1.0" />
				<scale value="1" />
			</transform>
		</animation>
	</shape>
	<shape type="ply" name="temp34">
		<string name="filename" value="meshes/Cube_030.ply" />
		<boolean name="face_normals" value="true" />
		<ref id="mat-Material" name="bsdf" />
		<animation name="to_world">
			<transform time="0">
				<matrix value="0.11108052364420776 0.9725255675682565 -0.20458502032945106 -2.860251192214819 -0.976938407486249 0.14462816355455899 0.1570776007560914 -2.000610075150508 0.18235067887305434 0.1824187303933664 0.9661634996600096 0.20722644479542285 0.0 0.0 0.0 1.0" />
				<scale value="1" />
			</transform>
			<transform time="0.0015">
				<matrix value="0.11058037362209176 0.9725747995031966 -0.2046053770701919 -2.86141429488313 -0.9770017136886372 0.1441365590885499 0.15711472634156118 -2.000711644391196 0.1822966602423435 0.182526557279465 0.9661531280077607 0.207057268310144 0.0 0.0 0.0 1.0" />
				<scale value="1" />
			</transform>
		</animation>
	</shape>
	<shape type="ply" name="temp35">
		<string name="filename" value="meshes/Cube_031.ply" />
		<boolean name="face_normals" value="true" />
		<ref id="mat-Material" name="bsdf" />
		<animation name="to_world">
			<transform time="0">
				<matrix value="0.10824734454201661 0.9913792204379014 0.07382233756213061 -2.087845134015806 -0.4926993743207329 -0.010996474929237856 0.870130315289908 -0.04691589703205053 0.8634409345651892 -0.13056146659630433 0.4872613648237129 0.8933642152161094 0.0 0.0 0.0 1.0" />
				<scale value="1" />
			</transform>
			<transform time="0.0015">
				<matrix value="0.10833590076214364 0.9913610257756365 0.07393298851667467 -2.087431395869891 -0.49313787098345174 -0.01098124735607766 0.8698781275530385 -0.04849651183074387 0.8631752515435637 -0.13069883967552043 0.4876876151186155 0.8932467705890097 0.0 0.0 0.0 1.0" />
				<scale value="1" />
			</transform>
		</animation>
	</shape>
	<shape type="ply" name="temp36">
		<string name="filename" value="meshes/Cube_032.ply" />
		<boolean name="face_normals" value="true" />
		<ref id="mat-Material" name="bsdf" />
		<animation name="to_world">
			<transform time="0">
				<matrix value="0.941836561015696 0.3349067524920582 0.02796403103208783 -0.12019966811227567 -0.008290387694206128 -0.060029994389088556 0.9981622627004574 1.1825417360432362 0.33596990924193343 -0.940337030138312 -0.053761924371460275 -0.896901519526504 0.0 0.0 0.0 1.0" />
				<scale value="1" />
			</transform>
			<transform time="0.0015">
				<matrix value="0.9413914422236094 0.33611846593670464 0.02751641460712128 -0.12312393761412563 -0.008045676078656989 -0.0592491978288291 0.9982019125052721 1.182590601651772 0.3371550166834593 -0.9399220822051313 -0.05308962146402615 -0.8932772079035805 0.0 0.0 0.0 1.0" />
				<scale value="1" />
			</transform>
		</animation>
	</shape>
	<shape type="ply" name="temp37">
		<string name="filename" value="meshes/Cube_033.ply" />
		<boolean name="face_normals" value="true" />
		<ref id="mat-Material" name="bsdf" />
		<animation name="to_world">
			<transform time="0">
				<matrix value="0.9820651316337693 0.15457276768115005 0.10796278759264924 -0.12592943810190338 -0.12876839229327675 0.13160040298442086 0.9829041260913781 0.36610877023775534 0.13772226329590603 -0.9791774695832282 0.1491442252639472 -0.3768126090785062 0.0 0.0 0.0 1.0" />
				<scale value="1" />
			</transform>
			<transform time="0.0015">
				<matrix value="0.9820288615131594 0.1546655311730293 0.10815380280386772 -0.12593131616982123 -0.12897509368410137 0.1316095401140304 0.9828751993503253 0.36544160149301524 0.13778272253918752 -0.9791614751009234 0.14919284584773923 -0.3765827014065303 0.0 0.0 0.0 1.0" />
				<scale value="1" />
			</transform>
		</animation>
	</shape>
	<shape type="ply" name="temp38">
		<string name="filename" value="meshes/Cube_034.ply" />
		<boolean name="face_normals" value="true" />
		<ref id="mat-Material" name="bsdf" />
		<animation name="to_world">
			<transform time="0">
				<matrix value="0.9999250922384922 0.00498457937979613 0.011179111541245547 -0.03730883658468542 -0.01191222228723093 0.186342019469237 0.9824128965945361 0.37000250574857996 0.0028137793048914326 -0.9824722635334558 0.18638745856580846 -0.32572587358337357 0.0 0.0 0.0 1.0" />
				<scale value="1" />
			</transform>
			<transform time="0.0015">
				<matrix value="0.999925076281554 0.004990806940364088 0.011178435818021186 -0.03730749571998261 -0.011912608604705619 0.18630570974166138 0.9824197559511966 0.3700043186732716 0.002820463825887777 -0.9824790968568817 0.18635122312066138 -0.3257240509950684 0.0 0.0 0.0 1.0" />
				<scale value="1" />
			</transform>
		</animation>
	</shape>
	<shape type="ply" name="temp39">
		<string name="filename" value="meshes/Cube_035.ply" />
		<boolean name="face_normals" value="true" />
		<ref id="mat-Material" name="bsdf" />
		<animation name="to_world">
			<transform time="0">
				<matrix value="0.9993453327588928 -0.03616357579840767 0.0010756105736794603 0.0008892446772956752 0.006852823535043536 0.21839523760854193 0.9758363784991828 0.09216419555857674 -0.035524646869742056 -0.9751901765246975 0.21850010945103804 -0.11247303375808904 0.0 0.0 0.0 1.0" />
				<scale value="1" />
			</transform>
			<transform time="0.0015">
				<matrix value="0.9993452689311398 -0.036165215796029895 0.001076990529861197 0.0008688902940241427 0.006851496875198614 0.21838597883075708 0.9758384635393588 0.09216092116934722 -0.03552661324324085 -0.9751921814668456 0.218490803363559 -0.11246900958781367 0.0 0.0 0.0 1.0" />
				<scale value="1" />
			</transform>
		</animation>
	</shape>
	<shape type="ply" name="temp40">
		<string name="filename" value="meshes/Cube_036.ply" />
		<boolean name="face_normals" value="true" />
		<ref id="mat-Material" name="bsdf" />
		<animation name="to_world">
			<transform time="0">
				<matrix value="0.9998063035989412 -0.019649382695448487 0.0012196155171786123 0.0008580540086162713 0.003117700925664906 0.21919515751225954 0.9756761024650833 -0.24078636288550267 -0.01943876800224103 -0.9754832371413137 0.2192138578725082 0.2100921363152089 0.0 0.0 0.0 1.0" />
				<scale value="1" />
			</transform>
			<transform time="0.0015">
				<matrix value="0.9998063514697559 -0.01964698577584677 0.0012175309025210955 0.0008353232928838622 0.00311912588024936 0.21919092986271138 0.9756770471159385 -0.24079288275983382 -0.019435986069629006 -0.9754842358578144 0.21920966396312574 0.21016516104892163 0.0 0.0 0.0 1.0" />
				<scale value="1" />
			</transform>
		</animation>
	</shape>
	<shape type="ply" name="temp41">
		<string name="filename" value="meshes/Cube_037.ply" />
		<boolean name="face_normals" value="true" />
		<ref id="mat-Material" name="bsdf" />
		<animation name="to_world">
