<scene version="2.1.0">
	<default name="spp" value="1024" />
	<default name="resx" value="1280" />
	<default name="resy" value="720" />
	<integrator type="path" name="temp0">
		<integer name="max_depth" value="12" />
	</integrator>
	<sensor type="perspective" name="temp44">
		<string name="fov_axis" value="x" />
		<float name="fov" value="83.974423" />
		<float name="principal_point_offset_x" value="0.000000" />
		<float name="principal_point_offset_y" value="-0.000000" />
		<float name="near_clip" value="0.100000" />
		<float name="far_clip" value="1000.000000" />
		<transform name="to_world">
			<rotate x="1" angle="-142.5518126578256" />
			<rotate y="1" angle="3.976628485794621e-06" />
			<rotate z="1" angle="-179.999991348578" />
			<translate value="-0.000000 3.030926 4.073377" />
		</transform>
		<sampler type="correlated" name="sampler">
			<integer name="sample_count" value="1024" />
		</sampler>
		<film type="hdrfilm" name="film">
			<integer name="width" value="$resx" />
			<integer name="height" value="$resy" />
		</film>
		<float name="shutter_open" value="0.0" />
		<float name="shutter_close" value="0.0015" />
	</sensor>
	<bsdf type="twosided" id="mat-Material" name="mat-Material">
		<bsdf type="diffuse" name="bsdf">
			<texture type="bitmap" name="reflectance">
				<string name="filename" value="textures/siggraph_2023_logo.jpg" />
			</texture>
		</bsdf>
	</bsdf>
	<bsdf type="twosided" id="mat-Material.001" name="mat-Material.001">
		<bsdf type="principled" name="bsdf">
			<rgb value="0.433648 0.266232 0.084399" name="base_color" />
			<float name="spec_tint" value="0.000000" />
			<float name="spec_trans" value="0.000000" />
			<float name="metallic" value="0.000000" />
			<float name="anisotropic" value="0.000000" />
			<float name="roughness" value="0.500000" />
			<float name="sheen" value="0.000000" />
			<float name="sheen_tint" value="0.500000" />
			<float name="clearcoat" value="0.000000" />
			<float name="clearcoat_gloss" value="0.173205" />
			<float name="specular" value="0.500000" />
		</bsdf>
	</bsdf>
	<bsdf type="twosided" id="mat-Material.002" name="mat-Material.002">
		<bsdf type="principled" name="bsdf">
			<rgb value="0.433648 0.266232 0.084399" name="base_color" />
			<float name="spec_tint" value="0.000000" />
			<float name="spec_trans" value="0.000000" />
			<float name="metallic" value="0.000000" />
			<float name="anisotropic" value="0.000000" />
			<float name="roughness" value="0.500000" />
			<float name="sheen" value="0.000000" />
			<float name="sheen_tint" value="0.500000" />
			<float name="clearcoat" value="0.000000" />
			<float name="clearcoat_gloss" value="0.173205" />
			<float name="specular" value="0.500000" />
		</bsdf>
	</bsdf>
	<bsdf type="twosided" id="mat-Material.003" name="mat-Material.003">
		<bsdf type="principled" name="bsdf">
			<rgb value="0.433648 0.266232 0.084399" name="base_color" />
			<float name="spec_tint" value="0.000000" />
			<float name="spec_trans" value="0.000000" />
			<float name="metallic" value="0.000000" />
			<float name="anisotropic" value="0.000000" />
			<float name="roughness" value="0.500000" />
			<float name="sheen" value="0.000000" />
			<float name="sheen_tint" value="0.500000" />
			<float name="clearcoat" value="0.000000" />
			<float name="clearcoat_gloss" value="0.173205" />
			<float name="specular" value="0.500000" />
		</bsdf>
	</bsdf>
	<bsdf type="twosided" id="mat-Material.004" name="mat-Material.004">
		<bsdf type="principled" name="bsdf">
			<rgb value="0.433648 0.266232 0.084399" name="base_color" />
			<float name="spec_tint" value="0.000000" />
			<float name="spec_trans" value="0.000000" />
			<float name="metallic" value="0.000000" />
			<float name="anisotropic" value="0.000000" />
			<float name="roughness" value="0.500000" />
			<float name="sheen" value="0.000000" />
			<float name="sheen_tint" value="0.500000" />
			<float name="clearcoat" value="0.000000" />
			<float name="clearcoat_gloss" value="0.173205" />
			<float name="specular" value="0.500000" />
		</bsdf>
	</bsdf>
	<bsdf type="twosided" id="mat-Material.005" name="mat-Material.005">
		<bsdf type="principled" name="bsdf">
			<rgb value="0.433648 0.266232 0.084399" name="base_color" />
			<float name="spec_tint" value="0.000000" />
			<float name="spec_trans" value="0.000000" />
			<float name="metallic" value="0.000000" />
			<float name="anisotropic" value="0.000000" />
			<float name="roughness" value="0.500000" />
			<float name="sheen" value="0.000000" />
			<float name="sheen_tint" value="0.500000" />
			<float name="clearcoat" value="0.000000" />
			<float name="clearcoat_gloss" value="0.173205" />
			<float name="specular" value="0.500000" />
		</bsdf>
	</bsdf>
	<emitter type="point" name="temp45">
		<point name="position" x="-6.815235034541981e-16" y="3.0693089962005615" z="4.109199523925781" />
		<rgb value="7.957747 7.957747 7.957747" name="intensity" />
	</emitter>
	<shape type="ply" name="temp2">
		<string name="filename" value="meshes/Cube.ply" />
		<boolean name="face_normals" value="true" />
		<ref id="mat-Material" name="bsdf" />
		<animation name="to_world">
			<transform time="0">
				<matrix value="0.9999986702764229 0.0001786087651197377 0.001779632509274971 -0.0027541159657478165 -0.00017615136332125946 0.9999989570796562 -0.0013825214493303154 -0.015556998063112837 -0.001779877115811832 0.0013822063188457792 0.9999975178490295 0.00407245772223086 0.0 0.0 0.0 1.0" />
			</transform>
			<transform time="0.0015">
				<matrix value="0.9999986702764229 0.00017904126943772052 0.0017805074602157316 -0.0027553811897287135 -0.00017661429005641724 0.9999989871162427 -0.0013647488221818138 -0.015579394661863349 -0.001780749481625181 0.0013644326944319538 0.9999975433801336 0.004076548216787768 0.0 0.0 0.0 1.0" />
			</transform>
		</animation>
	</shape>
	<shape type="ply" name="temp4">
		<string name="filename" value="meshes/Plane.ply" />
		<boolean name="face_normals" value="true" />
		<ref id="mat-Material.001" name="bsdf" />
	</shape>
	<shape type="ply" name="temp5">
		<string name="filename" value="meshes/Cube_001.ply" />
		<boolean name="face_normals" value="true" />
		<ref id="mat-Material" name="bsdf" />
		<animation name="to_world">
			<transform time="0">
				<matrix value="0.9999982270352306 0.00010140079845981525 -0.002014290334125888 0.0025752067050206495 -0.0001049628164963734 0.999996975531003 -0.0017723255296082786 -0.015696042220701534 0.0020139439246702733 0.0017725286438072434 0.9999950356980589 -0.004504253915078527 0.0 0.0 0.0 1.0" />
			</transform>
			<transform time="0.0015">
				<matrix value="0.9999982270352306 9.46753777162501e-05 -0.002014610409068812 0.0025767376296820313 -9.798942545145304e-05 0.999997193296255 -0.0016489251075623825 -0.015839997016678434 0.002014288754105548 0.0016491147677954315 0.9999952569676286 -0.004496806835660606 0.0 0.0 0.0 1.0" />
			</transform>
		</animation>
	</shape>
	<shape type="ply" name="temp6">
		<string name="filename" value="meshes/Cube_002.ply" />
		<boolean name="face_normals" value="true" />
		<ref id="mat-Material" name="bsdf" />
		<animation name="to_world">
			<transform time="0">
				<matrix value="1.0 2.931753378540454e-05 0.00039867245110280787 -0.00083133994459339 -2.9431436792919488e-05 0.9999965583628654 0.0003497232519865483 -0.017826972789194234 -0.00039847050761754316 -0.00034973603686097674 0.9999965722677073 0.0013910580754553092 0.0 0.0 0.0 1.0" />
			</transform>
			<transform time="0.0015">
				<matrix value="1.0 2.4053907351008992e-05 0.0003993794073779657 -0.0008297554777084086 -2.409350585735302e-05 0.9999966259451851 0.00016268578680163565 -0.017718556275106163 -0.0003991848518715437 -0.00016269648569842564 0.9999966318402838 0.00138810016333711 0.0 0.0 0.0 1.0" />
			</transform>
		</animation>
	</shape>
	<shape type="ply" name="temp7">
		<string name="filename" value="meshes/Cube_003.ply" />
		<boolean name="face_normals" value="true" />
		<ref id="mat-Material" name="bsdf" />
		<animation name="to_world">
			<transform time="0">
				<matrix value="0.9999982270352306 -0.00046363649637168016 0.001814097766489638 -0.001142016661550338 0.00047171500655110487 0.9999898836726648 -0.004454373573649675 -0.01734632313392198 -0.0018120098860515545 0.004455225343798691 0.9999885348264692 0.00550135518646877 0.0 0.0 0.0 1.0" />
			</transform>
			<transform time="0.0015">
				<matrix value="0.9999982270352306 -0.0004650841096574543 0.001814752724415919 -0.0011427707572945539 0.0004731938955867956 0.9999898160903452 -0.004470039459183691 -0.0173443389259272 -0.0018126510358298675 0.00447089400423146 0.9999884582331567 0.005505093384302188 0.0 0.0 0.0 1.0" />
			</transform>
		</animation>
	</shape>
	<shape type="ply" name="temp8">
		<string name="filename" value="meshes/Cube_004.ply" />
		<boolean name="face_normals" value="true" />
		<ref id="mat-Material" name="bsdf" />
		<animation name="to_world">
			<transform time="0">
				<matrix value="0.9999745136314396 -0.0023908396134520037 0.005156239583830749 -0.0019823585441034464 0.002506549553478823 0.9998275009751305 -0.013525598777552467 -0.02385337064722487 -0.005095981663998356 0.013546472530521065 0.99981277489822 0.029103994296874026 0.0 0.0 0.0 1.0" />
			</transform>
			<transform time="0.0015">
				<matrix value="0.9999727424112955 -0.0025456119110313594 0.005429843917246878 -0.002099345048486692 0.002669530640929851 0.9998151409197908 -0.014409127914011558 -0.024243042519295516 -0.005365269198401926 0.014431480952508085 0.999799413620358 0.03090013254842901 0.0 0.0 0.0 1.0" />
			</transform>
		</animation>
	</shape>
	<shape type="ply" name="temp9">
		<string name="filename" value="meshes/Cube_005.ply" />
		<boolean name="face_normals" value="true" />
		<ref id="mat-Material" name="bsdf" />
		<animation name="to_world">
			<transform time="0">
				<matrix value="0.9987622489703507 -0.025473266822826607 0.042564527651398204 0.018328433262812194 0.035648541647828914 0.9642504635780929 -0.2598495887430435 -0.18892938782461158 -0.03428705319071605 0.26104348352081563 0.9639842258123843 0.09047004591690913 0.0 0.0 0.0 1.0" />
			</transform>
			<transform time="0.0015">
				<matrix value="0.9987540949749122 -0.02573611098386306 0.0425985648684741 0.01840409734671284 0.03600410595373253 0.9635362310971488 -0.26245116996385165 -0.19062913421994995 -0.034154901817482 0.2636560733226613 0.9632814396175783 0.08975692540900798 0.0 0.0 0.0 1.0" />
			</transform>
		</animation>
	</shape>
	<shape type="ply" name="temp10">
		<string name="filename" value="meshes/Cube_006.ply" />
		<boolean name="face_normals" value="true" />
		<ref id="mat-Material" name="bsdf" />
		<animation name="to_world">
			<transform time="0">
				<matrix value="0.9998238116260392 0.016785581834830622 -0.004431327392876274 0.019874473814548432 -0.0170887962810291 0.874347288302814 -0.48351107110251473 -0.2856092976566523 -0.004291970951745218 0.4835096563994635 0.874477270825365 -0.05702059306075091 0.0 0.0 0.0 1.0" />
			</transform>
			<transform time="0.0015">
				<matrix value="0.9998243382050009 0.016624217482706278 -0.004920418075363335 0.01964153785410661 -0.017172567972795514 0.8730235008448355 -0.48590194837558615 -0.28691395419380283 -0.0038323131549544073 0.48590910658359254 0.8731528447952523 -0.05935579589233348 0.0 0.0 0.0 1.0" />
			</transform>
		</animation>
	</shape>
	<shape type="ply" name="temp11">
		<string name="filename" value="meshes/Cube_007.ply" />
		<boolean name="face_normals" value="true" />
		<ref id="mat-Material" name="bsdf" />
		<animation name="to_world">
			<transform time="0">
				<matrix value="0.9870010655518264 0.14710594819188902 -0.0636545961634929 0.11015810264154813 -0.15881905919397477 0.8401251087244459 -0.5174373469635729 -0.12614222500767838 -0.02296924393690373 0.5208753021861696 0.8526316237380627 0.05277518209762533 0.0 0.0 0.0 1.0" />
			</transform>
			<transform time="0.0015">
				<matrix value="0.986903377175947 0.14742625910110838 -0.06442888306663372 0.10954938964425134 -0.15944054204591224 0.8387603813990845 -0.519462397555003 -0.12654391881726715 -0.02286925473010016 0.5229860181735392 0.8513448731073736 0.0510696129275912 0.0 0.0 0.0 1.0" />
			</transform>
		</animation>
	</shape>
	<shape type="ply" name="temp12">
		<string name="filename" value="meshes/Cube_008.ply" />
		<boolean name="face_normals" value="true" />
		<ref id="mat-Material" name="bsdf" />
		<animation name="to_world">
			<transform time="0">
				<matrix value="0.049367583466748924 0.9932924578086575 -0.10446778900865727 2.4822631060015086 -0.9046725600015602 0.00013358669692526226 -0.42543854879743326 1.6942015842491704 -0.42256241722470733 0.11557479511829846 0.8986144160491627 1.0741110425172704 0.0 0.0 0.0 1.0" />
			</transform>
			<transform time="0.0015">
				<matrix value="0.049646967115543644 0.9932629093167002 -0.10461666853654925 2.481395889301437 -0.9039409982112032 0.0001243122302803955 -0.42699417599676714 1.6901553085528684 -0.42409599228342587 0.11582871616040408 0.897860610197807 1.0766425099181005 0.0 0.0 0.0 1.0" />
			</transform>
		</animation>
	</shape>
	<shape type="ply" name="temp13">
		<string name="filename" value="meshes/Cube_009.ply" />
		<boolean name="face_normals" value="true" />
		<ref id="mat-Material" name="bsdf" />
		<animation name="to_world">
			<transform time="0">
				<matrix value="-0.03641325459596793 0.9959698429153379 0.08179521923539348 2.4747203438641736 -0.913643096873022 3.475302603337763e-05 -0.4056292110873192 1.3455939309769425 -0.40398706533552475 -0.08956671874315583 0.9099642286585843 0.7483119994896985 0.0 0.0 0.0 1.0" />
			</transform>
			<transform time="0.0015">
				<matrix value="-0.03670780292101501 0.9959397537648238 0.08203043729834147 2.475793606479876 -0.9128582867797723 3.4221123141560415e-05 -0.4073969421899366 1.3408410815024356 -0.4057354335484472 -0.08990127600534631 0.9091551054148062 0.7508564381233792 0.0 0.0 0.0 1.0" />
			</transform>
		</animation>
	</shape>
	<shape type="ply" name="temp14">
		<string name="filename" value="meshes/Cube_010.ply" />
		<boolean name="face_normals" value="true" />
		<ref id="mat-Material" name="bsdf" />
		<animation name="to_world">
			<transform time="0">
				<matrix value="0.06688693537720712 0.9976776249783594 0.010480929752290789 1.6751726838795624 -0.9941981944126788 0.06577692351013614 0.08390109975835669 1.9755264228565583 0.08302470449109706 -0.015942127307200533 0.9963453281900012 -0.249675493450482 0.0 0.0 0.0 1.0" />
			</transform>
			<transform time="0.0015">
				<matrix value="0.06635162956590573 0.9977133234614 0.010498502811308166 1.676148540812382 -0.9941611583590335 0.0652280379323188 0.08477029258408457 1.977084498431417 0.08389947022795702 -0.015972435048972736 0.996271951796545 -0.2513899833983972 0.0 0.0 0.0 1.0" />
			</transform>
		</animation>
	</shape>
	<shape type="ply" name="temp15">
		<string name="filename" value="meshes/Cube_011.ply" />
		<boolean name="face_normals" value="true" />
		<ref id="mat-Material" name="bsdf" />
		<animation name="to_world">
			<transform time="0">
				<matrix value="0.03205528724688712 0.9956603041572891 -0.08706618501906055 1.1771202842167252 -0.8251528738872429 0.07553209795942206 0.5597807149634935 2.249037055768669 0.5639342176881603 0.05393310291746537 0.8240362989757937 -1.2155538425837367 0.0 0.0 0.0 1.0" />
			</transform>
			<transform time="0.0015">
				<matrix value="0.03153702472217657 0.9956822684111584 -0.08700579970245549 1.1779399998569784 -0.8249756242173201 0.07508933689806835 0.5601017345572726 2.249580410726626 0.5642230223132894 0.054147666269381514 0.8238246120805452 -1.216595318040926 0.0 0.0 0.0 1.0" />
			</transform>
		</animation>
	</shape>
	<shape type="ply" name="temp16">
		<string name="filename" value="meshes/Cube_012.ply" />
		<boolean name="face_normals" value="true" />
		<ref id="mat-Material" name="bsdf" />
		<animation name="to_world">
			<transform time="0">
				<matrix value="0.09324318693963232 0.9884095047588456 0.11975315835981354 1.121297430068902 -0.7903593267698177 0.0003782745091495402 0.6122462946213916 1.8339081992132806 0.6051042325987941 -0.1518103637080407 0.7812343240346442 -1.6626072082147527 0.0 0.0 0.0 1.0" />
			</transform>
			<transform time="0.0015">
				<matrix value="0.0930441400920794 0.9884112543900085 0.11989369602492822 1.1217507170103405 -0.7913321255524229 0.0003759811406797391 0.6109904791786189 1.8335656286142181 0.6038642667993074 -0.15179897383444457 0.7821969487872102 -1.659762520889048 0.0 0.0 0.0 1.0" />
			</transform>
		</animation>
	</shape>
	<shape type="ply" name="temp17">
		<string name="filename" value="meshes/Cube_013.ply" />
		<boolean name="face_normals" value="true" />
		<ref id="mat-Material" name="bsdf" />
		<animation name="to_world">
			<transform time="0">
				<matrix value="0.8878389243777337 0.2692193532642364 0.37287368310071245 0.6241015356678761 -0.4271840044891468 0.18220705931922335 0.8854544061962053 1.4654759265792405 0.1706263618585635 -0.9455902199101838 0.2768092398424472 -1.361058463262567 0.0 0.0 0.0 1.0" />
			</transform>
			<transform time="0.0015">
				<matrix value="0.8881987054641356 0.2694263278725764 0.37186758738807046 0.6225812339141958 -0.4264060893889088 0.1831225992555519 0.8856413108996484 1.4647626896084196 0.1707018796644581 -0.9453548832550528 0.27756662855875824 -1.3603248845216624 0.0 0.0 0.0 1.0" />
			</transform>
		</animation>
	</shape>
	<shape type="ply" name="temp18">
		<string name="filename" value="meshes/Cube_014.ply" />
		<boolean name="face_normals" value="true" />
		<ref id="mat-Material" name="bsdf" />
		<animation name="to_world">
			<transform time="0">
				<matrix value="0.9396948195742403 0.2984337422276362 0.16705438652811377 0.10787087067461287 -0.2160118221290825 0.1391817977026551 0.9664155517868886 1.024219413619274 0.26516336983867794 -0.9442214912509412 0.19525262623392453 -0.8522222489114907 0.0 0.0 0.0 1.0" />
			</transform>
			<transform time="0.0015">
				<matrix value="0.9397116062732642 0.29832820868101173 0.16714852141135417 0.10801331663952582 -0.21602756524434588 0.1389730351665044 0.9664421041352514 1.024265310917312 0.2650910785256946 -0.9442856193630925 0.19504069168696553 -0.8523419205910185 0.0 0.0 0.0 1.0" />
			</transform>
		</animation>
	</shape>
	<shape type="ply" name="temp19">
		<string name="filename" value="meshes/Cube_015.ply" />
		<boolean name="face_normals" value="true" />
		<ref id="mat-Material" name="bsdf" />
		<animation name="to_world">
			<transform time="0">
				<matrix value="0.9822278011513633 0.14033671726220895 0.12456290503384944 0.04794667611657227 -0.15036314750889584 0.19152825375503468 0.9698919815176675 0.6382300203714708 0.11225617302008592 -0.9714004125792881 0.2092336016105141 -0.3355895958985169 0.0 0.0 0.0 1.0" />
			</transform>
			<transform time="0.0015">
				<matrix value="0.9821745049776559 0.14046328543035075 0.12484062642802438 0.0481000331240349 -0.15065806364136924 0.19147428551826295 0.9698569188012398 0.6384734112744286 0.11232754042634538 -0.971392768268027 0.2092308016994207 -0.33547656215472066 0.0 0.0 0.0 1.0" />
			</transform>
		</animation>
	</shape>
	<shape type="ply" name="temp20">
		<string name="filename" value="meshes/Cube_016.ply" />
		<boolean name="face_normals" value="true" />
		<ref id="mat-Material" name="bsdf" />
		<animation name="to_world">
			<transform time="0">
				<matrix value="0.9837917776985854 0.06884664482096187 0.165486730893702 0.08572252684175291 -0.17591059470557263 0.19381545107347792 0.9651185688059342 0.3406809263422958 0.03438858423444268 -0.9786132496772162 0.20279074143504258 0.011026670742121075 0.0 0.0 0.0 1.0" />
			</transform>
			<transform time="0.0015">
				<matrix value="0.983725827672857 0.06888572016723837 0.1658625317267154 0.08574791544523555 -0.17627875956732347 0.1935749819166308 0.9650997523821425 0.3409913527837544 0.03439195912687955 -0.9786581243374288 0.20257360790423268 0.011431143835241726 0.0 0.0 0.0 1.0" />
			</transform>
		</animation>
	</shape>
	<shape type="ply" name="temp21">
		<string name="filename" value="meshes/Cube_017.ply" />
		<boolean name="face_normals" value="true" />
		<ref id="mat-Material" name="bsdf" />
		<animation name="to_world">
			<transform time="0">
				<matrix value="0.9478411494485193 0.05305684124457942 0.3142384217113036 0.17816265785518548 -0.3184939284821471 0.19289384322404224 0.9280690378379094 0.15110844904703452 -0.011350329860095348 -0.9797727685154864 0.19972751892226426 0.2172472297832324 0.0 0.0 0.0 1.0" />
			</transform>
			<transform time="0.0015">
				<matrix value="0.9477204511677039 0.052905573991368776 0.3146280604027907 0.17816784302205724 -0.3188486671760664 0.1925988816919892 0.92800860571428 0.15145869878662108 -0.011476392225268015 -0.9798390292252783 0.19939530223722202 0.21793176538241743 0.0 0.0 0.0 1.0" />
			</transform>
		</animation>
	</shape>
	<shape type="ply" name="temp22">
		<string name="filename" value="meshes/Cube_018.ply" />
		<boolean name="face_normals" value="true" />
		<ref id="mat-Material" name="bsdf" />
		<animation name="to_world">
			<transform time="0">
				<matrix value="0.19800018438833603 0.9747246168832118 0.1033870959353714 0.8612532992310039 -0.45530976353968866 -0.001920913264486685 0.8901190770558947 -0.09484389792484522 0.8678201575456495 -0.22340135955096024 0.44342055060254804 -0.19585062584312488 0.0 0.0 0.0 1.0" />
			</transform>
			<transform time="0.0015">
				<matrix value="0.19786756308327091 0.9747214179867507 0.10367122648773608 0.8612215535447698 -0.4565551068273607 -0.001921796039763558 0.8894820674958629 -0.09426141290335457 0.8671970391075428 -0.22341530403623716 0.44463304827187 -0.19594942440716584 0.0 0.0 0.0 1.0" />
			</transform>
		</animation>
	</shape>
	<shape type="ply" name="temp23">
		<string name="filename" value="meshes/Cube_019.ply" />
		<boolean name="face_normals" value="true" />
		<ref id="mat-Material" name="bsdf" />
		<animation name="to_world">
			<transform time="0">
				<matrix value="-0.07452200869816517 0.9873341495923225 -0.1400505933286401 0.47106824879611253 -0.9078045022667354 -0.00906467461928193 0.4191477144590259 -0.0530408125106312 0.4125694337327823 0.15839523760854193 0.8969819880941856 -0.05132082395460019 0.0 0.0 0.0 1.0" />
			</transform>
			<transform time="0.0015">
				<matrix value="-0.07464409204121936 0.9873332935496076 -0.13999165562564286 0.4710711569065586 -0.9074677151283314 -0.009073091096090178 0.41987695938814595 -0.053358667323397016 0.41328844060413533 0.1584000825099424 0.8966504241543739 -0.05128902500611818 0.0 0.0 0.0 1.0" />
			</transform>
		</animation>
	</shape>
	<shape type="ply" name="temp24">
		<string name="filename" value="meshes/Cube_020.ply" />
		<boolean name="face_normals" value="true" />
		<ref id="mat-Material" name="bsdf" />
		<animation name="to_world">
			<transform time="0">
				<matrix value="0.08723967417244832 0.9767894537891086 -0.1952475554929504 0.019278907168012727 -0.9428787263010922 0.017793820594376057 -0.33250906297644006 0.19539655939823192 -0.3212738553757175 0.21307321738932866 0.9226476652637685 0.09725493185433426 0.0 0.0 0.0 1.0" />
			</transform>
			<transform time="0.0015">
				<matrix value="0.08802287061761731 0.9766440344812057 -0.19562510775907782 0.019743263965015526 -0.9429462465795234 0.018475554024529398 -0.33228109574714443 0.19517424993934923 -0.3208629969787974 0.21368292009686535 0.9226499290219998 0.09728301613475639 0.0 0.0 0.0 1.0" />
			</transform>
		</animation>
	</shape>
	<shape type="ply" name="temp25">
		<string name="filename" value="meshes/Cube_021.ply" />
		<boolean name="face_normals" value="true" />
		<ref id="mat-Material" name="bsdf" />
		<animation name="to_world">
			<transform time="0">
				<matrix value="0.19356017087834448 0.9296128888267772 -0.3136131560620509 -0.15265581337370648 -0.7858872447595595 -0.04442847965158117 -0.6167213764259958 0.13278309017316614 -0.5872442719940711 0.36584352440329315 0.7219698964730289 0.22395604996381419 0.0 0.0 0.0 1.0" />
			</transform>
			<transform time="0.0015">
				<matrix value="0.19348170582595775 0.9296294540042251 -0.3136124752326057 -0.15274901738640065 -0.7862316433575021 -0.044277480474904936 -0.6162933900160079 0.13229700260983235 -0.5868092379869495 0.36581976546338135 0.7223357827272466 0.22408711880868443 0.0 0.0 0.0 1.0" />
			</transform>
		</animation>
	</shape>
	<shape type="ply" name="temp26">
		<string name="filename" value="meshes/Cube_022.ply" />
		<boolean name="face_normals" value="true" />
		<ref id="mat-Material" name="bsdf" />
		<animation name="to_world">
			<transform time="0">
				<matrix value="0.6184023548518067 0.39719975887681647 -0.6780910226036487 -0.08339092874187443 -0.7324895350754486 -0.021223230842074746 -0.6804444563167432 -0.21329149411800197 -0.28466425366161546 0.9174866454049972 0.27781971168279906 0.6697869092338331 0.0 0.0 0.0 1.0" />
			</transform>
			<transform time="0.0015">
				<matrix value="0.6184966763137183 0.39722419363992423 -0.6779906853641626 -0.08337599708716945 -0.7323881287329603 -0.0212204351867874 -0.6805536868908573 -0.21320254138337236 -0.2847202433664971 0.9174761325997266 0.27779706559337813 0.6697709538667811 0.0 0.0 0.0 1.0" />
			</transform>
		</animation>
	</shape>
	<shape type="ply" name="temp27">
		<string name="filename" value="meshes/Cube_023.ply" />
		<boolean name="face_normals" value="true" />
		<ref id="mat-Material" name="bsdf" />
		<animation name="to_world">
			<transform time="0">
				<matrix value="0.85111306728224 0.31932458392692886 -0.4166953493001043 -0.0756311900308741 -0.4796206564579355 0.15021954516157965 -0.864522072468407 -0.2869637151734096 -0.21346735174025355 0.9356614096528535 0.2810086846916531 0.1537769827796081 0.0 0.0 0.0 1.0" />
			</transform>
			<transform time="0.0015">
				<matrix value="0.8511458428333762 0.31919695096179607 -0.41672618236360376 -0.07559763841570935 -0.47961219928067056 0.15021586492882025 -0.8645273999588157 -0.28695616865942464 -0.2133556116845638 0.9357055634349905 0.2809465675151468 0.15392739368980396 0.0 0.0 0.0 1.0" />
			</transform>
		</animation>
	</shape>
	<shape type="ply" name="temp28">
		<string name="filename" value="meshes/Cube_024.ply" />
		<boolean name="face_normals" value="true" />
		<ref id="mat-Material" name="bsdf" />
		<animation name="to_world">
			<transform time="0">
				<matrix value="0.8600909176333758 0.4270789052673735 -0.2790105531603455 -0.1848767737338654 -0.3829214736173977 0.1791092104467245 -0.9062508126089487 -0.5159648428578708 -0.3370677511892161 0.8862971738944524 0.3175882617425835 -0.3216346971189085 0.0 0.0 0.0 1.0" />
			</transform>
			<transform time="0.0015">
				<matrix value="0.8600688013169809 0.42709734022233037 -0.2790505348695148 -0.184927428316942 -0.3829502120631604 0.1790556905060061 -0.9062492467012248 -0.5159884370661828 -0.3370915605367577 0.8862991037451342 0.3175575988864453 -0.32168191796380863 0.0 0.0 0.0 1.0" />
			</transform>
		</animation>
	</shape>
	<shape type="ply" name="temp29">
		<string name="filename" value="meshes/Cube_025.ply" />
		<boolean name="face_normals" value="true" />
		<ref id="mat-Material" name="bsdf" />
		<animation name="to_world">
			<transform time="0">
				<matrix value="0.8951127339648635 0.3771556642046794 -0.23775141234390224 -0.27430344510136456 -0.3239788609410542 0.1839024202009499 -0.9280178582488495 -0.795247759324683 -0.30628482767668924 0.9077073899249724 0.28680344342894265 -0.7201664636784944 0.0 0.0 0.0 1.0" />
			</transform>
			<transform time="0.0015">
				<matrix value="0.8951097978882281 0.3771159258007562 -0.23782549509790787 -0.2743537268393604 -0.3240287933921816 0.18386135267807463 -0.9280085649269225 -0.7952888530109553 -0.30624058387404296 0.9077322151637044 0.2867720997433593 -0.7201493339419693 0.0 0.0 0.0 1.0" />
			</transform>
		</animation>
	</shape>
	<shape type="ply" name="temp30">
		<string name="filename" value="meshes/Cube_026.ply" />
		<boolean name="face_normals" value="true" />
		<ref id="mat-Material" name="bsdf" />
		<animation name="to_world">
			<transform time="0">
				<matrix value="0.9232986630072674 0.24233411830471213 -0.2979823422143907 -0.316930832279978 -0.34864984300396973 0.203334967241872 -0.9149301853670344 -1.143374712157146 -0.16112814634760392 0.9486456636415024 0.27222860752276135 -0.8606553964438963 0.0 0.0 0.0 1.0" />
			</transform>
			<transform time="0.0015">
				<matrix value="0.9232856900164816 0.24233274413088032 -0.2980236600513462 -0.31701790538113245 -0.34869926164168585 0.2033871873493102 -0.914899743780466 -1.143433043624288 -0.16109554632278827 0.9486348279429271 0.27228567805100506 -0.860625543212495 0.0 0.0 0.0 1.0" />
			</transform>
		</animation>
	</shape>
	<shape type="ply" name="temp31">
		<string name="filename" value="meshes/Cube_027.ply" />
		<boolean name="face_normals" value="true" />
		<ref id="mat-Material" name="bsdf" />
		<animation name="to_world">
			<transform time="0">
				<matrix value="0.8738154379134333 0.18274030449102358 -0.4506141787082508 -0.5602907247630771 -0.48173868449560037 0.19928761240074006 -0.8533532204845065 -1.5819068695043113 -0.0661402069404479 0.9627510569997685 0.26217353213865435 -0.9962649602068263 0.0 0.0 0.0 1.0" />
			</transform>
			<transform time="0.0015">
				<matrix value="0.8738159804493333 0.18271637959897147 -0.4506228252422048 -0.5603691340546324 -0.48174505131395645 0.19934996910520317 -0.8533350678694238 -1.5819539632362098 -0.06608665066864719 0.9627426918104316 0.2622177690318561 -0.9962362261778717 0.0 0.0 0.0 1.0" />
			</transform>
		</animation>
	</shape>
	<shape type="ply" name="temp32">
		<string name="filename" value="meshes/Cube_028.ply" />
		<boolean name="face_normals" value="true" />
		<ref id="mat-Material" name="bsdf" />
		<animation name="to_world">
			<transform time="0">
				<matrix value="-0.1078201708428852 0.9828064152116189 0.14987467501551935 -1.472553633904286 -0.8147296140078402 -0.0009687447202157593 -0.5798216018998621 -2.113000572299547 -0.5697083207009593 -0.1846271038310636 0.8008252324593483 -1.2802786477666657 0.0 0.0 0.0 1.0" />
			</transform>
			<transform time="0.0015">
				<matrix value="-0.10778750539462276 0.9828305345905686 0.14973999929192783 -1.4727348109246114 -0.8145353861556344 -0.0009581653088145325 -0.5800945379140741 -2.113112874976811 -0.5699922744168648 -0.1844987574970017 0.8006528209127199 -1.2811125346336278 0.0 0.0 0.0 1.0" />
			</transform>
		</animation>
	</shape>
	<shape type="ply" name="temp33">
		<string name="filename" value="meshes/Cube_029.ply" />
		<boolean name="face_normals" value="true" />
		<ref id="mat-Material" name="bsdf" />
		<animation name="to_world">
			<transform time="0">
				<matrix value="0.005312081691124716 0.9804872732430443 0.19651032031094495 -1.5924111687410905 -0.9970378191114965 -0.009876044745454431 0.07622887748622878 -1.775994487629285 0.07668221113528254 -0.19633432271709952 0.977530387437763 -0.053733980421481586 0.0 0.0 0.0 1.0" />
			</transform>
			<transform time="0.0015">
				<matrix value="0.005279836548615411 0.980486544855822 0.196514806125952 -1.5924651211431082 -0.9970527867195617 -0.009870004237728826 0.07603376453278701 -1.7763531668301118 0.07648970822810008 -0.1963382439934655 0.9775447018768484 -0.0540789043203784 0.0 0.0 0.0 1.0" />
			</transform>
		</animation>
	</shape>
	<shape type="ply" name="temp34">
		<string name="filename" value="meshes/Cube_030.ply" />
		<boolean name="face_normals" value="true" />
		<ref id="mat-Material" name="bsdf" />
		<animation name="to_world">
			<transform time="0">
				<matrix value="-0.04223668872150285 0.9814113441568866 -0.18720987283146806 -3.2075597376216485 -0.971298964908871 0.0035652369208644652 0.2378280203817523 -1.880277658215035 0.23407452213538107 0.19188241057106287 0.9530937780336988 0.2964239963320686 0.0 0.0 0.0 1.0" />
			</transform>
			<transform time="0.0015">
				<matrix value="-0.0422169170856036 0.9814087642855287 -0.18722786253902515 -3.207541040856417 -0.9713278728480697 0.003565405780566781 0.23770994189955402 -1.8805438734395685 0.23395812438995361 0.19189560725020421 0.9531197042156793 0.2961875681702449 0.0 0.0 0.0 1.0" />
			</transform>
		</animation>
	</shape>
	<shape type="ply" name="temp35">
		<string name="filename" value="meshes/Cube_031.ply" />
		<boolean name="face_normals" value="true" />
		<ref id="mat-Material" name="bsdf" />
		<animation name="to_world">
			<transform time="0">
				<matrix value="0.12565227373866855 0.9805832219146766 0.15054349650442225 -1.9350438050965462 -0.7706687800406719 0.0009319442329633748 0.637149951704434 -1.151957900997584 0.6246378719458465 -0.19610033310875785 0.755822535188627 0.6161291050157343 0.0 0.0 0.0 1.0" />
			</transform>
			<transform time="0.0015">
				<matrix value="0.12552001944318286 0.9805883506618195 0.15062049150637974 -1.935287350899416 -0.7711481902930272 0.0009284222179232948 0.6365700892659585 -1.1537614004513266 0.6240729803753622 -0.19607471640597182 0.7562960180262903 0.6152778453087027 0.0 0.0 0.0 1.0" />
			</transform>
		</animation>
	</shape>
	<shape type="ply" name="temp36">
		<string name="filename" value="meshes/Cube_032.ply" />
		<boolean name="face_normals" value="true" />
		<ref id="mat-Material" name="bsdf" />
		<animation name="to_world">
			<transform time="0">
				<matrix value="0.7280198908917481 0.6072052237794182 0.317689675339381 -0.6327096147449887 -0.3985415148565583 -0.001867349918547921 0.9168202842322896 -0.1258125738507735 0.5572705296023063 -0.7945418763805658 0.2406477870323923 -0.12632601162934542 0.0 0.0 0.0 1.0" />
			</transform>
			<transform time="0.0015">
				<matrix value="0.7274339999905455 0.6072600931137846 0.31892744880185586 -0.633092502979459 -0.4001606845276673 -0.0018111210531856397 0.9161165448762603 -0.1314869901983365 0.5568779729647682 -0.7945000729613216 0.24169485591208315 -0.12633861842041322 0.0 0.0 0.0 1.0" />
			</transform>
		</animation>
	</shape>
	<shape type="ply" name="temp37">
		<string name="filename" value="meshes/Cube_033.ply" />
		<boolean name="face_normals" value="true" />
		<ref id="mat-Material" name="bsdf" />
		<animation name="to_world">
			<transform time="0">
				<matrix value="0.9771905866208532 0.16606496767989853 0.13236746141200822 -0.13755129485226636 -0.15011180759077136 0.09924583301176623 0.9836751294619028 0.30040324365122756 0.15021709953601514 -0.9811078108476232 0.12191040758810098 -0.38033293319600825 0.0 0.0 0.0 1.0" />
			</transform>
			<transform time="0.0015">
				<matrix value="0.9771887834868325 0.16607540013730038 0.1323676026841181 -0.13756170771176782 -0.1501121155596793 0.09923839820569585 0.9836758358224522 0.3004028330168228 0.1502284481104884 -0.9811067971128293 0.1219045822411605 -0.380314450358728 0.0 0.0 0.0 1.0" />
			</transform>
		</animation>
	</shape>
	<shape type="ply" name="temp38">
		<string name="filename" value="meshes/Cube_034.ply" />
		<boolean name="face_normals" value="true" />
		<ref id="mat-Material" name="bsdf" />
		<animation name="to_world">
			<transform time="0">
				<matrix value="0.9999250922384922 0.0023474812430776164 0.0120369192771409 -0.034950351210522035 -0.012263043258567408 0.18128192639902552 0.9833548137890342 0.36940605705795615 0.00012633105330063987 -0.9834283086126449 0.18129709881466655 -0.3567914347611267 0.0 0.0 0.0 1.0" />
			</transform>
			<transform time="0.0015">
				<matrix value="0.9999250922384922 0.0023505698301746793 0.012036408655057002 -0.034939249640146226 -0.012263102299238882 0.18128798252577608 0.9833536989308176 0.3694055917522602 0.00012938519532202714 -0.9834271897497981 0.18130319138716425 -0.3568087924163591 0.0 0.0 0.0 1.0" />
			</transform>
		</animation>
	</shape>
	<shape type="ply" name="temp39">
		<string name="filename" value="meshes/Cube_035.ply" />
		<boolean name="face_normals" value="true" />
		<ref id="mat-Material" name="bsdf" />
		<animation name="to_world">
			<transform time="0">
				<matrix value="0.9989266914527142 -0.04621915302353037 0.0031315880423677164 0.009360899865999084 0.006552891085001251 0.2078996522903574 0.9781283494263394 0.09145010269817697 -0.04585932942926491 -0.977057525400325 0.20797934708555288 -0.14630892121985545 0.0 0.0 0.0 1.0" />
			</transform>
			<transform time="0.0015">
				<matrix value="0.99892654784027 -0.04622236919102854 0.0031321914274635237 0.009353876028555004 0.00655270694193401 0.20789403169411086 0.9781295493882366 0.09144968314862391 -0.04586263889825501 -0.9770585691717054 0.20797371407293067 -0.14633670014424227 0.0 0.0 0.0 1.0" />
			</transform>
		</animation>
	</shape>
	<shape type="ply" name="temp40">
		<string name="filename" value="meshes/Cube_036.ply" />
		<boolean name="face_normals" value="true" />
		<ref id="mat-Material" name="bsdf" />
		<animation name="to_world">
			<transform time="0">
				<matrix value="0.9993918730840899 -0.03471534532135505 0.0033459867873921858 0.0037948922990334033 0.004031597778120551 0.21028997357239848 0.9776308554532385 -0.24623841620717024 -0.034642426249098 -0.9770224832767723 0.21030202576614543 0.21485306121109982 0.0 0.0 0.0 1.0" />
			</transform>
			<transform time="0.0015">
				<matrix value="0.9993915858592017 -0.03472355056586882 0.003346398689206531 0.0037875548490848886 0.004032698487720054 0.21028364336179622 0.9776322171121288 -0.24623613511340614 -0.03465056061750245 -0.9770235570847392 0.21029570851993082 0.21483300495707736 0.0 0.0 0.0 1.0" />
			</transform>
		</animation>
	</shape>
	<shape type="ply" name="temp41">
		<string name="filename" value="meshes/Cube_037.ply" />
		<boolean name="face_normals" value="true" />
		<ref id="mat-Material" name="bsdf" />
		<animation name="to_world">
			<transform time="0">
				<matrix value="0.9988535566559757 -0.04775435262805498 0.003380086813821184 -0.005298620903580353 0.006744253821182319 0.2102629619354933 0.977621754233013 -0.5697123187902482 -0.047396423398170656 -0.9764777659811898 0.21034393865824846 0.5113863258524389 0.0 0.0 0.0 1.0" />
			</transform>
			<transform time="0.0015">
				<matrix value="0.9988535406990375 -0.047754868506427905 0.003380474035568141 -0.005308835980715886 0.006743693253942097 0.21025698465478226 0.9776230392985907 -0.5697148930241135 -0.04739705050584332 -0.9764790275178223 0.21033794310394668 0.5113980290983917 0.0 0.0 0.0 1.0" />
			</transform>
		</animation>
	</shape>
	<shape type="ply" name="temp42">
		<string name="filename" value="meshes/Cube_038.ply" />
		<boolean name="face_normals" value="true" />
		<ref id="mat-Material" name="bsdf" />
		<animation name="to_world">
			<transform time="0">
				<matrix value="0.9991618309052581 -0.040789970443637455 0.0034731083763848624 0.006735807315657372 0.005185800059217024 0.2102689065814531 0.9776300280695815 -0.9048109155129509 -0.0406077878363979 -0.9767922064648547 0.2103040942252876 0.8605478774000146 0.0 0.0 0.0 1.0" />
			</transform>
			<transform time="0.0015">
				<matrix value="0.9991617351636287 -0.040792398901654994 0.0034749849125431907 0.006737156683766101 0.005184247927834831 0.2102634324135657 0.9776312110107426 -0.9048162749989443 -0.04061058588551754 -0.9767932802728216 0.21029855227360367 0.8605632262934313 0.0 0.0 0.0 1.0" />
			</transform>
		</animation>
	</shape>
	<shape type="ply" name="temp43">
		<string name="filename" value="meshes/Cube_039.ply" />
		<boolean name="face_normals" value="true" />
		<ref id="mat-Material" name="bsdf" />
		<animation name="to_world">
			<transform time="0">
				<matrix value="0.9999599543343858 -0.0066618901828680134 -0.005986890598503326 0.02118818946408041 0.008281292488654453 0.4330099344946607 0.901351090242998 -1.3192672316393759 -0.00341231926581703 -0.9013645632839133 0.4330477019357031 1.4728919363443234 0.0 0.0 0.0 1.0" />
			</transform>
			<transform time="0.0015">
