<scene version="2.1.0">
	<default name="spp" value="1024" />
	<default name="resx" value="640" />
	<default name="resy" value="360" />
	<integrator type="path" name="temp0">
		<integer name="max_depth" value="12" />
	</integrator>
	<sensor type="perspective" name="temp44">
		<string name="fov_axis" value="x" />
		<float name="fov" value="83.974423" />
		<float name="principal_point_offset_x" value="0.000000" />
		<float name="principal_point_offset_y" value="-0.000000" />
		<float name="near_clip" value="0.100000" />
		<float name="far_clip" value="1000.000000" />
		<transform name="to_world">
			<rotate x="1" angle="-142.5518126578256" />
			<rotate y="1" angle="3.976628485794621e-06" />
			<rotate z="1" angle="-179.999991348578" />
			<translate value="-0.000000 3.030926 4.073377" />
		</transform>
		<sampler type="correlated" name="sampler">
			<integer name="sample_count" value="1024" />
		</sampler>
		<film type="hdrfilm" name="film">
			<integer name="width" value="$resx" />
			<integer name="height" value="$resy" />
		</film>
		<float name="shutter_open" value="0.0" />
		<float name="shutter_close" value="0.0015" />
	</sensor>
	<bsdf type="twosided" id="mat-Material" name="mat-Material">
		<bsdf type="diffuse" name="bsdf">
			<texture type="bitmap" name="reflectance">
				<string name="filename" value="textures/siggraph_2023_logo.jpg" />
			</texture>
		</bsdf>
	</bsdf>
	<bsdf type="twosided" id="mat-Material.001" name="mat-Material.001">
		<bsdf type="principled" name="bsdf">
			<rgb value="0.433648 0.266232 0.084399" name="base_color" />
			<float name="spec_tint" value="0.000000" />
			<float name="spec_trans" value="0.000000" />
			<float name="metallic" value="0.000000" />
			<float name="anisotropic" value="0.000000" />
			<float name="roughness" value="0.500000" />
			<float name="sheen" value="0.000000" />
			<float name="sheen_tint" value="0.500000" />
			<float name="clearcoat" value="0.000000" />
			<float name="clearcoat_gloss" value="0.173205" />
			<float name="specular" value="0.500000" />
		</bsdf>
	</bsdf>
	<bsdf type="twosided" id="mat-Material.002" name="mat-Material.002">
		<bsdf type="principled" name="bsdf">
			<rgb value="0.433648 0.266232 0.084399" name="base_color" />
			<float name="spec_tint" value="0.000000" />
			<float name="spec_trans" value="0.000000" />
			<float name="metallic" value="0.000000" />
			<float name="anisotropic" value="0.000000" />
			<float name="roughness" value="0.500000" />
			<float name="sheen" value="0.000000" />
			<float name="sheen_tint" value="0.500000" />
			<float name="clearcoat" value="0.000000" />
			<float name="clearcoat_gloss" value="0.173205" />
			<float name="specular" value="0.500000" />
		</bsdf>
	</bsdf>
	<bsdf type="twosided" id="mat-Material.003" name="mat-Material.003">
		<bsdf type="principled" name="bsdf">
			<rgb value="0.433648 0.266232 0.084399" name="base_color" />
			<float name="spec_tint" value="0.000000" />
			<float name="spec_trans" value="0.000000" />
			<float name="metallic" value="0.000000" />
			<float name="anisotropic" value="0.000000" />
			<float name="roughness" value="0.500000" />
			<float name="sheen" value="0.000000" />
			<float name="sheen_tint" value="0.500000" />
			<float name="clearcoat" value="0.000000" />
			<float name="clearcoat_gloss" value="0.173205" />
			<float name="specular" value="0.500000" />
		</bsdf>
	</bsdf>
	<bsdf type="twosided" id="mat-Material.004" name="mat-Material.004">
		<bsdf type="principled" name="bsdf">
			<rgb value="0.433648 0.266232 0.084399" name="base_color" />
			<float name="spec_tint" value="0.000000" />
			<float name="spec_trans" value="0.000000" />
			<float name="metallic" value="0.000000" />
			<float name="anisotropic" value="0.000000" />
			<float name="roughness" value="0.500000" />
			<float name="sheen" value="0.000000" />
			<float name="sheen_tint" value="0.500000" />
			<float name="clearcoat" value="0.000000" />
			<float name="clearcoat_gloss" value="0.173205" />
			<float name="specular" value="0.500000" />
		</bsdf>
	</bsdf>
	<bsdf type="twosided" id="mat-Material.005" name="mat-Material.005">
		<bsdf type="principled" name="bsdf">
			<rgb value="0.433648 0.266232 0.084399" name="base_color" />
			<float name="spec_tint" value="0.000000" />
			<float name="spec_trans" value="0.000000" />
			<float name="metallic" value="0.000000" />
			<float name="anisotropic" value="0.000000" />
			<float name="roughness" value="0.500000" />
			<float name="sheen" value="0.000000" />
			<float name="sheen_tint" value="0.500000" />
			<float name="clearcoat" value="0.000000" />
			<float name="clearcoat_gloss" value="0.173205" />
			<float name="specular" value="0.500000" />
		</bsdf>
	</bsdf>
	<emitter type="point" name="temp45">
		<point name="position" x="-6.815235034541981e-16" y="3.0693089962005615" z="4.109199523925781" />
		<rgb value="7.957747 7.957747 7.957747" name="intensity" />
	</emitter>
	<shape type="ply" name="temp2">
		<string name="filename" value="meshes/Cube.ply" />
		<boolean name="face_normals" value="true" />
		<ref id="mat-Material" name="bsdf" />
		<animation name="to_world">
			<transform time="0">
				<matrix value="0.9994583592629431 -0.019837083327249632 -0.026266759837946276 -0.04573164261198759 -0.03155039120467637 -0.8048051511921623 -0.5927000649141577 1.6728835851293713 -0.009382183831625082 0.5932074598006354 -0.8049951278922378 3.9896205222864722 0.0 0.0 0.0 1.0" />
				<scale value="1" />
			</transform>
			<transform time="0.0015">
				<matrix value="0.9994765342155937 -0.01886620848946413 -0.0251480711047678 -0.04828309280143105 -0.03010551916991664 -0.8043972618568062 -0.5932703872300324 1.6700700678856248 -0.009063322558065695 0.5937601930651818 -0.804581549535384 3.9878277115705614 0.0 0.0 0.0 1.0" />
				<scale value="1" />
			</transform>
		</animation>
	</shape>
	<shape type="ply" name="temp4">
		<string name="filename" value="meshes/Plane.ply" />
		<boolean name="face_normals" value="true" />
		<ref id="mat-Material.001" name="bsdf" />
		<transform name="to_world">
			<scale value="1" />
		</transform>
	</shape>
	<shape type="ply" name="temp5">
		<string name="filename" value="meshes/Cube_001.ply" />
		<boolean name="face_normals" value="true" />
		<ref id="mat-Material" name="bsdf" />
		<animation name="to_world">
			<transform time="0">
				<matrix value="0.9979300636317056 -0.034177104561107834 -0.05448018794374359 0.052139091187111575 -0.05451184074521256 5.907956022134942e-06 -0.9985133097662948 1.1729032836827575 0.03412660652770169 0.9994157560233865 -0.0018571595398990401 1.036678970521346 0.0 0.0 0.0 1.0" />
				<scale value="1" />
			</transform>
			<transform time="0.0015">
				<matrix value="0.997931037004938 -0.03414800887069187 -0.0544802543246145 0.052090983620556496 -0.05451186308492609 5.646557446914675e-06 -0.9985133097662948 1.1729032377295532 0.03409754000728895 0.9994167397215941 -0.0018558350713170873 1.0368040945478074 0.0 0.0 0.0 1.0" />
				<scale value="1" />
			</transform>
		</animation>
	</shape>
	<shape type="ply" name="temp6">
		<string name="filename" value="meshes/Cube_002.ply" />
		<boolean name="face_normals" value="true" />
		<ref id="mat-Material" name="bsdf" />
		<animation name="to_world">
			<transform time="0">
				<matrix value="0.9998045306341719 -0.018304440963408098 0.007481983129883632 -0.030725492768661322 0.01132250317803935 0.219706397064805 -0.9755004607344991 0.6531951749844852 0.01621215385079083 0.9753943803280194 0.21987065865885366 0.5324828309284623 0.0 0.0 0.0 1.0" />
				<scale value="1" />
			</transform>
			<transform time="0.0015">
				<matrix value="0.9998042593662219 -0.01831802493455569 0.007484608578431678 -0.030794975274070886 0.011327984865031481 0.2197024322353886 -0.9755012862402015 0.6531831475385048 0.016224873604966706 0.9753950110963356 0.21986689026787448 0.5325136346908141 0.0 0.0 0.0 1.0" />
				<scale value="1" />
			</transform>
		</animation>
	</shape>
	<shape type="ply" name="temp7">
		<string name="filename" value="meshes/Cube_003.ply" />
		<boolean name="face_normals" value="true" />
		<ref id="mat-Material" name="bsdf" />
		<animation name="to_world">
			<transform time="0">
				<matrix value="0.994996693420705 -0.060992276131933594 0.0791338806042832 -0.05056217332021484 0.09102995069384977 0.2269655398259992 -0.9696392749093306 0.1372065408319258 0.041179854865103976 0.9719911226620334 0.23138204747669258 0.21184072335051007 0.0 0.0 0.0 1.0" />
				<scale value="1" />
			</transform>
			<transform time="0.0015">
				<matrix value="0.9949967572484579 -0.06099886465717967 0.07912798887647181 -0.050675944208114394 0.09102414396402578 0.22692816680326192 -0.9696485427001533 0.13720805795470642 0.04119109892163181 0.971999412759904 0.23134512354276904 0.21173731019721917 0.0 0.0 0.0 1.0" />
				<scale value="1" />
			</transform>
		</animation>
	</shape>
	<shape type="ply" name="temp8">
		<string name="filename" value="meshes/Cube_004.ply" />
		<boolean name="face_normals" value="true" />
		<ref id="mat-Material" name="bsdf" />
		<animation name="to_world">
			<transform time="0">
				<matrix value="0.9838531666037265 -0.12790621225932006 0.12519231942115294 0.02697774169688527 0.15206235694390519 0.22846046184684507 -0.9616044340199358 -0.34984575438759924 0.0943937081026263 0.9651143144988873 0.24422119794752117 -0.23173542489444282 0.0 0.0 0.0 1.0" />
				<scale value="1" />
			</transform>
			<transform time="0.0015">
				<matrix value="0.9838300130863463 -0.12810400618500012 0.1251677729665431 0.027056682322186637 0.15208422114067582 0.22842987709265397 -0.9616082211337247 -0.34990647783781215 0.09459382725642868 0.9650947606810839 0.24421883206519912 -0.23229782890647155 0.0 0.0 0.0 1.0" />
				<scale value="1" />
			</transform>
		</animation>
	</shape>
	<shape type="ply" name="temp9">
		<string name="filename" value="meshes/Cube_005.ply" />
		<boolean name="face_normals" value="true" />
		<ref id="mat-Material" name="bsdf" />
		<animation name="to_world">
			<transform time="0">
				<matrix value="0.9814109076338544 -0.17148722526870844 0.08616902928039843 0.08860253240786697 0.12376118519148906 0.22233685075601298 -0.9670831322003063 -0.6105185024900471 0.1466838466952823 0.9597699734889649 0.23942733703969693 -0.6793499463944199 0.0 0.0 0.0 1.0" />
				<scale value="1" />
			</transform>
			<transform time="0.0015">
				<matrix value="0.981391248685948 -0.17161834397970313 0.08612887906594147 0.08868759037927405 0.12374985097826019 0.222311169474566 -0.9670904681375783 -0.6104885552015947 0.146823047045982 0.9597522293754972 0.23941201837717999 -0.6797549016628059 0.0 0.0 0.0 1.0" />
				<scale value="1" />
			</transform>
		</animation>
	</shape>
	<shape type="ply" name="temp10">
		<string name="filename" value="meshes/Cube_006.ply" />
		<boolean name="face_normals" value="true" />
		<ref id="mat-Material" name="bsdf" />
		<animation name="to_world">
			<transform time="0">
				<matrix value="0.9863867332592234 -0.1548263850503626 -0.05541390222027222 0.041116547807740655 -0.020236939011784895 0.2201277368837123 -0.9752612286600024 -0.5751419407401084 0.16319431516576335 0.9631056499166707 0.21399777126482378 -1.0438682917079802 0.0 0.0 0.0 1.0" />
				<scale value="1" />
			</transform>
			<transform time="0.0015">
				<matrix value="0.9863906267521529 -0.1547930542012519 -0.05543726573372101 0.04106513961447936 -0.020268206472688496 0.220122698246329 -0.975261696730246 -0.5750686627756387 0.16316674157649197 0.9631121453284986 0.21398952471816882 -1.043844798123155 0.0 0.0 0.0 1.0" />
				<scale value="1" />
			</transform>
		</animation>
	</shape>
	<shape type="ply" name="temp11">
		<string name="filename" value="meshes/Cube_007.ply" />
		<boolean name="face_normals" value="true" />
		<ref id="mat-Material" name="bsdf" />
		<animation name="to_world">
			<transform time="0">
				<matrix value="0.9363736133199297 -0.25715036616933273 -0.23891034045182713 0.19793798220264458 -0.19203867899940963 0.1944245061250712 -0.9619358602733391 -0.44028647284402483 0.29381226430649593 0.9466110303427245 0.1326711584931405 -1.7639500076963373 0.0 0.0 0.0 1.0" />
				<scale value="1" />
			</transform>
			<transform time="0.0015">
				<matrix value="0.9362351868807346 -0.25716517420647117 -0.23942069871431593 0.19779669293091567 -0.19252286037629748 0.1945466138601196 -0.9618106897798393 -0.43906454549959695 0.29392440009425397 0.9465816996160193 0.13263056233539694 -1.764326936414305 0.0 0.0 0.0 1.0" />
				<scale value="1" />
			</transform>
		</animation>
	</shape>
	<shape type="ply" name="temp12">
		<string name="filename" value="meshes/Cube_008.ply" />
		<boolean name="face_normals" value="true" />
		<ref id="mat-Material" name="bsdf" />
		<animation name="to_world">
			<transform time="0">
				<matrix value="0.40320600786841765 0.8719775646975635 -0.27763331396467594 1.6266774979946068 -0.4962900712199948 -0.04653272788330973 -0.866908719725441 0.129155550522997 -0.7688439560517493 0.48732935215874085 0.4139915777071638 0.9156147284926235 0.0 0.0 0.0 1.0" />
				<scale value="1" />
			</transform>
			<transform time="0.0015">
				<matrix value="0.4033980639813295 0.8719776172615898 -0.27734830173817976 1.6266869865165945 -0.4962081961699071 -0.046197876262571685 -0.8669716028350731 0.12862490651248212 -0.7687952554762537 0.48735800706225013 0.4140480780407472 0.9155384206950212 0.0 0.0 0.0 1.0" />
				<scale value="1" />
			</transform>
		</animation>
	</shape>
	<shape type="ply" name="temp13">
		<string name="filename" value="meshes/Cube_009.ply" />
		<boolean name="face_normals" value="true" />
		<ref id="mat-Material" name="bsdf" />
		<animation name="to_world">
			<transform time="0">
				<matrix value="-0.06970548395732828 0.9907459592051279 0.11646186163213955 2.61335520322283 -0.8578193065225601 6.16743460367984e-05 -0.5139520524078992 1.0370645968284404 -0.5092030168768517 -0.13572844857255495 0.8498766725560623 0.8876632536210907 0.0 0.0 0.0 1.0" />
				<scale value="1" />
			</transform>
			<transform time="0.0015">
				<matrix value="-0.06989617256063334 0.9907373086682194 0.11641671498059164 2.61371886230189 -0.8572108205968156 3.312110886365901e-05 -0.5149316723654911 1.0343084628864578 -0.510165603218986 -0.13579109888465096 0.8492686833511319 0.8887843563672532 0.0 0.0 0.0 1.0" />
				<scale value="1" />
			</transform>
		</animation>
	</shape>
	<shape type="ply" name="temp14">
		<string name="filename" value="meshes/Cube_010.ply" />
		<boolean name="face_normals" value="true" />
		<ref id="mat-Material" name="bsdf" />
		<animation name="to_world">
			<transform time="0">
				<matrix value="0.02167593040758687 0.9964649172025539 0.08116385458661313 1.892930427246349 -0.9954177725534415 0.013947584909359793 0.09460264545286491 2.007643520261376 0.09313618851579801 -0.08284252111392236 0.9922010816504744 -0.27712527407768417 0.0 0.0 0.0 1.0" />
				<scale value="1" />
			</transform>
			<transform time="0.0015">
				<matrix value="0.021555174362655128 0.9964592177602679 0.08126197657729194 1.8933067201254306 -0.9954816800910758 0.013881652724732664 0.0938570657232809 2.0067865592854024 0.09239698654341383 -0.08292046981043122 0.9922561862836952 -0.275998274593359 0.0 0.0 0.0 1.0" />
				<scale value="1" />
			</transform>
		</animation>
	</shape>
	<shape type="ply" name="temp15">
		<string name="filename" value="meshes/Cube_011.ply" />
		<boolean name="face_normals" value="true" />
		<ref id="mat-Material" name="bsdf" />
		<animation name="to_world">
			<transform time="0">
				<matrix value="0.02979794850246531 0.9984266503692981 0.04750045033310466 1.4483325295653766 -0.8413675231859468 -0.0006021696914833038 0.540463315936213 2.238408531136409 0.5396417192793962 -0.05607002584356612 0.8400258427375334 -1.301443080705225 0.0 0.0 0.0 1.0" />
				<scale value="1" />
			</transform>
			<transform time="0.0015">
				<matrix value="0.03046282800319815 0.9983812200322355 0.04786878076503062 1.4480346962389006 -0.8415951808237565 -0.00020881791380424183 0.540100655111492 2.238047735377463 0.53923304613424 -0.056734908212910946 0.8402332148761729 -1.3004409047477774 0.0 0.0 0.0 1.0" />
				<scale value="1" />
			</transform>
		</animation>
	</shape>
	<shape type="ply" name="temp16">
		<string name="filename" value="meshes/Cube_012.ply" />
		<boolean name="face_normals" value="true" />
		<ref id="mat-Material" name="bsdf" />
		<animation name="to_world">
			<transform time="0">
				<matrix value="0.09437513629666665 0.9900067372654212 0.10478553979218959 1.1031969467130458 -0.744184675556312 0.0002409271144688511 0.6679740116429429 1.845491859396545 0.6612737510792923 -0.14101989266263823 0.7367707263151972 -1.8102804965624537 0.0 0.0 0.0 1.0" />
				<scale value="1" />
			</transform>
			<transform time="0.0015">
				<matrix value="0.09436282711451159 0.9900084343325578 0.10478057484346048 1.10318371342486 -0.7441778300298088 0.00023356877403853736 0.6679816284223611 1.8454996495628704 0.6612831975867279 -0.14100797639786392 0.7367645137465099 -1.8103101751388042 0.0 0.0 0.0 1.0" />
				<scale value="1" />
			</transform>
		</animation>
	</shape>
	<shape type="ply" name="temp17">
		<string name="filename" value="meshes/Cube_013.ply" />
		<boolean name="face_normals" value="true" />
		<ref id="mat-Material" name="bsdf" />
		<animation name="to_world">
			<transform time="0">
				<matrix value="0.8993904547122744 0.15646756622022726 0.4081854719940088 0.7153383743787942 -0.42918805305419777 0.138690696941949 0.8925037149526192 1.476576080005883 0.08303636173445599 -0.9778971805691424 0.19189107281401693 -1.3766931662872808 0.0 0.0 0.0 1.0" />
				<scale value="1" />
			</transform>
			<transform time="0.0015">
				<matrix value="0.8997487358464821 0.15637656512506018 0.4074055478230617 0.7140541043906475 -0.4284256098012732 0.1390335735876819 0.892804786243654 1.476212670382252 0.08297712957972483 -0.9778613018665829 0.19209613013254265 -1.3763777695232777 0.0 0.0 0.0 1.0" />
				<scale value="1" />
			</transform>
		</animation>
	</shape>
	<shape type="ply" name="temp18">
		<string name="filename" value="meshes/Cube_014.ply" />
		<boolean name="face_normals" value="true" />
		<ref id="mat-Material" name="bsdf" />
		<animation name="to_world">
			<transform time="0">
				<matrix value="0.9365269747724843 0.30712064293953356 0.16910005716039092 0.1149931076390579 -0.21814212794777554 0.13286239917567577 0.9668308983826305 1.0270459806275658 0.27446669219735936 -0.9423504921541103 0.19142511397800863 -0.8728426892501882 0.0 0.0 0.0 1.0" />
				<scale value="1" />
			</transform>
			<transform time="0.0015">
				<matrix value="0.9365562238402705 0.30703098372886783 0.16910016353999174 0.11495749234529141 -0.21810334301369969 0.13279264220721676 0.9668491361013937 1.0270214233535713 0.27439734493948054 -0.9423893369695855 0.19133224118235231 -0.8728224473532694 0.0 0.0 0.0 1.0" />
				<scale value="1" />
			</transform>
		</animation>
	</shape>
	<shape type="ply" name="temp19">
		<string name="filename" value="meshes/Cube_015.ply" />
		<boolean name="face_normals" value="true" />
		<ref id="mat-Material" name="bsdf" />
		<animation name="to_world">
			<transform time="0">
				<matrix value="0.9835322599804619 0.12717693977969352 0.1284154515552685 0.031001704128177154 -0.14928478601201714 0.17115163436047082 0.97386933295384 0.6392512186396635 0.10187522051249319 -0.9770021463300677 0.1873187379704326 -0.2952318470790227 0.0 0.0 0.0 1.0" />
				<scale value="1" />
			</transform>
			<transform time="0.0015">
				<matrix value="0.9835332333536942 0.12715407442822976 0.12843055575651025 0.03096711753541523 -0.14929591438074277 0.17115657162437473 0.9738667543123164 0.6392564406250197 0.10184940537781537 -0.9770042488911218 0.18732175489591166 -0.295199069613022 0.0 0.0 0.0 1.0" />
				<scale value="1" />
			</transform>
		</animation>
	</shape>
	<shape type="ply" name="temp20">
		<string name="filename" value="meshes/Cube_016.ply" />
		<boolean name="face_normals" value="true" />
		<ref id="mat-Material" name="bsdf" />
		<animation name="to_world">
			<transform time="0">
				<matrix value="0.9850641015412382 0.02520144006441076 0.170334868169416 0.060897076655824445 -0.172128860852406 0.17028304858131546 0.9702451561414799 0.33123736669623793 -0.004553554173825012 -0.9850728897028302 0.17207759818561857 0.16459337058064571 0.0 0.0 0.0 1.0" />
				<scale value="1" />
			</transform>
			<transform time="0.0015">
				<matrix value="0.985060160177494 0.025138442078826147 0.17036659311948862 0.06088344198315288 -0.1721491245682716 0.1703067106532358 0.9702373861754365 0.3312279818557518 -0.004624313780307072 -0.9850703441021255 0.17208986417911062 0.1647460732565081 0.0 0.0 0.0 1.0" />
				<scale value="1" />
			</transform>
		</animation>
	</shape>
	<shape type="ply" name="temp21">
		<string name="filename" value="meshes/Cube_017.ply" />
		<boolean name="face_normals" value="true" />
		<ref id="mat-Material" name="bsdf" />
		<animation name="to_world">
			<transform time="0">
				<matrix value="0.9470433153022816 -0.0893364732188485 0.30842853367286005 0.20505215455469716 -0.29148737560435933 0.1637504667068539 0.9424547574796664 0.13456306174321 -0.13470095403234242 -0.9824482763655478 0.12903832961168285 0.41054123006816723 0.0 0.0 0.0 1.0" />
				<scale value="1" />
			</transform>
			<transform time="0.0015">
				<matrix value="0.9470185820480161 -0.08945783529563733 0.30846858346497386 0.20508243095268683 -0.2915087259877188 0.16376976821733089 0.9424447918386624 0.13455266213431344 -0.13482693884679525 -0.9824338062400073 0.12901518906987736 0.41069854832114006 0.0 0.0 0.0 1.0" />
				<scale value="1" />
			</transform>
		</animation>
	</shape>
	<shape type="ply" name="temp22">
		<string name="filename" value="meshes/Cube_018.ply" />
		<boolean name="face_normals" value="true" />
		<ref id="mat-Material" name="bsdf" />
		<animation name="to_world">
			<transform time="0">
				<matrix value="0.25991854113366913 0.9561328930818923 0.13510019143293867 0.8510488363957921 -0.4556147134800284 -0.001924582258256279 0.8901752209468957 -0.09475201955576383 0.8513861038567303 -0.2929267056440763 0.43512792060520983 -0.1358196371219939 0.0 0.0 0.0 1.0" />
				<scale value="1" />
			</transform>
			<transform time="0.0015">
				<matrix value="0.2598775860559932 0.9561255566456427 0.1352290707448411 0.8510340416836266 -0.45601867932840506 -0.0019243104271485655 0.8899652276148923 -0.09456261643576053 0.8511790306692447 -0.29295064480350697 0.4355108786577659 -0.13584593081917046 0.0 0.0 0.0 1.0" />
				<scale value="1" />
			</transform>
		</animation>
	</shape>
	<shape type="ply" name="temp23">
		<string name="filename" value="meshes/Cube_019.ply" />
		<boolean name="face_normals" value="true" />
		<ref id="mat-Material" name="bsdf" />
		<animation name="to_world">
			<transform time="0">
				<matrix value="-0.08071940704966252 0.9840322637837567 -0.1586343630871528 0.5040865919050272 -0.9126535609110911 -0.008988838666480332 0.4086350959126775 -0.04732395790435547 0.40068418710451803 0.17776297757929846 0.898806250859888 -0.057611044095884356 0.0 0.0 0.0 1.0" />
				<scale value="1" />
			</transform>
			<transform time="0.0015">
				<matrix value="-0.08070054754436166 0.9840328194606067 -0.15864045480861372 0.5040875170893225 -0.9126967244290188 -0.008987944327117662 0.4085383415381467 -0.047264090255327115 0.40058929119282993 0.17775992511119665 0.8988489899283103 -0.05761577336361636 0.0 0.0 0.0 1.0" />
				<scale value="1" />
			</transform>
		</animation>
	</shape>
	<shape type="ply" name="temp24">
		<string name="filename" value="meshes/Cube_020.ply" />
		<boolean name="face_normals" value="true" />
		<ref id="mat-Material" name="bsdf" />
		<animation name="to_world">
			<transform time="0">
				<matrix value="0.09557419190944222 0.947484304785987 -0.3051868444371552 0.11995781813004802 -0.9596030458678064 0.006192709247817735 -0.2812894049214945 0.1464023356712245 -0.264627387456992 0.3197421981538881 0.9098007610708188 0.11443575153259311 0.0 0.0 0.0 1.0" />
				<scale value="1" />
			</transform>
			<transform time="0.0015">
				<matrix value="0.09558517119807176 0.9474685876062435 -0.3052321025745158 0.12002302196662706 -0.9596051138856585 0.0061930042607418025 -0.2812822987641619 0.14639732557363025 -0.26461586005867804 0.3197886761033616 0.9097877402076882 0.11443212765209451 0.0 0.0 0.0 1.0" />
				<scale value="1" />
			</transform>
		</animation>
	</shape>
	<shape type="ply" name="temp25">
		<string name="filename" value="meshes/Cube_021.ply" />
		<boolean name="face_normals" value="true" />
		<ref id="mat-Material" name="bsdf" />
		<animation name="to_world">
			<transform time="0">
				<matrix value="0.1856890716224578 0.93796084042693 -0.29282904220649514 -0.16734773424033023 -0.8002147946818149 -0.028596750677376766 -0.5990314410517512 0.09281654334470248 -0.5702422047171501 0.3455595580520751 0.745260155425202 0.3020615258527337 0.0 0.0 0.0 1.0" />
				<scale value="1" />
			</transform>
			<transform time="0.0015">
				<matrix value="0.18569085401245872 0.9379674109302242 -0.2928068471665817 -0.16734059565885673 -0.8002173318349944 -0.028579557735271214 -0.5990288709205956 0.09279324583420004 -0.5702380718701471 0.345543135548413 0.7452709295511722 0.3021236202233586 0.0 0.0 0.0 1.0" />
				<scale value="1" />
			</transform>
		</animation>
	</shape>
	<shape type="ply" name="temp26">
		<string name="filename" value="meshes/Cube_022.ply" />
		<boolean name="face_normals" value="true" />
		<ref id="mat-Material" name="bsdf" />
		<animation name="to_world">
			<transform time="0">
				<matrix value="0.6378559891636394 0.3999372161953014 -0.6581721156578338 -0.08381311163928418 -0.711724793316632 -0.02041679685788959 -0.7021617407395675 -0.19543626012330284 -0.29425843089071974 0.9163150286907387 0.27162225349995106 0.6837002141410585 0.0 0.0 0.0 1.0" />
				<scale value="1" />
			</transform>
			<transform time="0.0015">
				<matrix value="0.637855494498554 0.39993753157945955 -0.658172387989612 -0.08380811207978918 -0.7117252401109025 -0.02041670269319095 -0.7021612982004282 -0.19543686647697006 -0.294258419720863 0.9163148935260994 0.2716227215701946 0.6837288524585993 0.0 0.0 0.0 1.0" />
				<scale value="1" />
			</transform>
		</animation>
	</shape>
	<shape type="ply" name="temp27">
		<string name="filename" value="meshes/Cube_023.ply" />
		<boolean name="face_normals" value="true" />
		<ref id="mat-Material" name="bsdf" />
		<animation name="to_world">
			<transform time="0">
				<matrix value="0.8571074611676391 0.2806874096570252 -0.431951003758213 -0.06517166460170976 -0.4804566093467157 0.13311207430598868 -0.866857894729377 -0.2871994335612971 -0.1858181877817906 0.9505238588887059 0.24894957734878853 0.20591101831461422 0.0 0.0 0.0 1.0" />
				<scale value="1" />
			</transform>
			<transform time="0.0015">
				<matrix value="0.8570980944448948 0.28073749566499345 -0.4319369531405377 -0.06517471357393136 -0.4804541998490421 0.13310445177125277 -0.8668604052879562 -0.28719659478608456 -0.1858674739769194 0.950510094622948 0.24896517685345165 0.2058741098486651 0.0 0.0 0.0 1.0" />
				<scale value="1" />
			</transform>
		</animation>
	</shape>
	<shape type="ply" name="temp28">
		<string name="filename" value="meshes/Cube_024.ply" />
		<boolean name="face_normals" value="true" />
		<ref id="mat-Material" name="bsdf" />
		<animation name="to_world">
			<transform time="0">
				<matrix value="0.8553247450919902 0.4426892326817862 -0.2691583049698336 -0.19210935652243888 -0.37768892269341714 0.17716396585061625 -0.9088256305490848 -0.5121790732763898 -0.35464219797988394 0.8789989216203645 0.3187315877586933 -0.3423731599837245 0.0 0.0 0.0 1.0" />
				<scale value="1" />
			</transform>
			<transform time="0.0015">
				<matrix value="0.8553300427954844 0.44270567771288827 -0.2691143148773057 -0.19209491169179724 -0.3776618820658828 0.17719703087593655 -0.9088303963552011 -0.5121542207359182 -0.3546581932147715 0.8789839483820004 0.31875503382271236 -0.3423803622879207 0.0 0.0 0.0 1.0" />
				<scale value="1" />
			</transform>
		</animation>
	</shape>
	<shape type="ply" name="temp29">
		<string name="filename" value="meshes/Cube_025.ply" />
		<boolean name="face_normals" value="true" />
		<ref id="mat-Material" name="bsdf" />
		<animation name="to_world">
			<transform time="0">
				<matrix value="0.9003589367175685 0.36310711000515206 -0.2398069879405286 -0.26497999850529796 -0.3212393644275895 0.1828916843789305 -0.9291695762991933 -0.7931096383052577 -0.293529299129297 0.9136213740266946 0.28131233449371923 -0.7020513094458463 0.0 0.0 0.0 1.0" />
				<scale value="1" />
			</transform>
			<transform time="0.0015">
				<matrix value="0.9003658301148864 0.36309269244363795 -0.2398028859431213 -0.2649498802631716 -0.3212326385781231 0.18289819030356375 -0.9291706230744653 -0.7931054083377673 -0.2935154772293972 0.9136257894049084 0.28131238555592764 -0.7020208149309614 0.0 0.0 0.0 1.0" />
				<scale value="1" />
			</transform>
		</animation>
	</shape>
	<shape type="ply" name="temp30">
		<string name="filename" value="meshes/Cube_026.ply" />
		<boolean name="face_normals" value="true" />
		<ref id="mat-Material" name="bsdf" />
		<animation name="to_world">
			<transform time="0">
				<matrix value="0.9233086359340954 0.235093226649535 -0.3036977903182874 -0.3317280877946335 -0.3497356066287607 0.18791349184332 -0.9178091258998979 -1.1471652332687023 -0.15870193270889515 0.9536348902743507 0.25572277635914314 -0.8878351748987765 0.0 0.0 0.0 1.0" />
				<scale value="1" />
			</transform>
			<transform time="0.0015">
				<matrix value="0.9233119230633721 0.235083156883915 -0.30369562017443086 -0.3317250973371503 -0.3497268765878519 0.1878901414009845 -0.9178172277702958 -1.1471580590139374 -0.15870208429980842 0.9536419638904685 0.2556962495418846 -0.8878772518944505 0.0 0.0 0.0 1.0" />
				<scale value="1" />
			</transform>
		</animation>
	</shape>
	<shape type="ply" name="temp31">
		<string name="filename" value="meshes/Cube_027.ply" />
		<boolean name="face_normals" value="true" />
		<ref id="mat-Material" name="bsdf" />
		<animation name="to_world">
			<transform time="0">
				<matrix value="0.8731208789650141 0.17216854427092568 -0.45609004014465504 -0.5944150718923468 -0.4833372338558261 0.18365787623872867 -0.8559527417366831 -1.5834297232928283 -0.06360360408278327 0.9677952455347366 0.24357087439323227 -1.025531322948669 0.0 0.0 0.0 1.0" />
				<scale value="1" />
			</transform>
			<transform time="0.0015">
				<matrix value="0.8731211502329641 0.172180685059184 -0.45608493392381605 -0.5944359178318099 -0.4833338669418583 0.1836374859019915 -0.855959005367579 -1.5834242042987274 -0.0636253119015592 0.9677969501110197 0.24355841521438512 -1.0255865285404202 0.0 0.0 0.0 1.0" />
				<scale value="1" />
			</transform>
		</animation>
	</shape>
	<shape type="ply" name="temp32">
		<string name="filename" value="meshes/Cube_028.ply" />
		<boolean name="face_normals" value="true" />
		<ref id="mat-Material" name="bsdf" />
		<animation name="to_world">
			<transform time="0">
				<matrix value="-0.1058080996122526 0.9845679076723479 0.13939317791443528 -1.4870723651414588 -0.7964849200481537 1.0857781124393281e-05 -0.6046583591043643 -2.1219709801737636 -0.5953287697220169 -0.17500232571236674 0.7841925752009007 -1.3603103057388177 0.0 0.0 0.0 1.0" />
				<scale value="1" />
			</transform>
			<transform time="0.0015">
				<matrix value="-0.10579816641820083 0.984568162983333 0.13939890879629024 -1.4870427906874537 -0.7965275889009963 9.857709222712426e-06 -0.6046020459988783 -2.1219682879771264 -0.5952733353185858 -0.17500089371810595 0.7842348887509197 -1.3601727718641485 0.0 0.0 0.0 1.0" />
				<scale value="1" />
			</transform>
		</animation>
	</shape>
	<shape type="ply" name="temp33">
		<string name="filename" value="meshes/Cube_029.ply" />
		<boolean name="face_normals" value="true" />
		<ref id="mat-Material" name="bsdf" />
		<animation name="to_world">
			<transform time="0">
				<matrix value="-0.005207117744363303 0.9775509310149909 0.21063429122297234 -1.593616574400793 -0.9989109563903856 -0.01485298786249304 0.04423833660898463 -1.8281409471659047 0.04637379948123051 -0.21017452229033654 0.976563530535894 -0.1280601740367573 0.0 0.0 0.0 1.0" />
				<scale value="1" />
			</transform>
			<transform time="0.0015">
				<matrix value="-0.0051781203174931225 0.9775491588563882 0.21064321093974125 -1.5935501875943086 -0.9989118340219886 -0.014821676147817485 0.04422853777119461 -1.8281880377336834 0.046357671803755614 -0.21018494498584778 0.9765620497318507 -0.12812547028016952 0.0 0.0 0.0 1.0" />
				<scale value="1" />
			</transform>
		</animation>
	</shape>
	<shape type="ply" name="temp34">
		<string name="filename" value="meshes/Cube_030.ply" />
		<boolean name="face_normals" value="true" />
		<ref id="mat-Material" name="bsdf" />
		<animation name="to_world">
			<transform time="0">
				<matrix value="-0.042665880623204935 0.9786080266995136 -0.20126039056437692 -3.227636797582366 -0.974650149652585 0.0035139624487504385 0.22370583365578217 -1.9118729574284254 0.21962749544107915 0.2057030802125664 0.953651027159006 0.2552303549780166 0.0 0.0 0.0 1.0" />
				<scale value="1" />
			</transform>
			<transform time="0.0015">
				<matrix value="-0.042684290231856464 0.9786080189841366 -0.20125651414781573 -3.2276763839535434 -0.9746274259019932 0.0035159611583435576 0.22380419223133396 -1.9116543017808678 0.21972413576055153 0.20570309474079307 0.9536286190296513 0.25540225072901446 0.0 0.0 0.0 1.0" />
				<scale value="1" />
			</transform>
		</animation>
	</shape>
	<shape type="ply" name="temp35">
		<string name="filename" value="meshes/Cube_031.ply" />
		<boolean name="face_normals" value="true" />
		<ref id="mat-Material" name="bsdf" />
		<animation name="to_world">
			<transform time="0">
				<matrix value="0.13212483622237944 0.9770532494269153 0.16706230577168654 -1.8970796488767039 -0.7881085479950428 0.001326346462309902 0.6155353810527252 -1.219060861704745 0.601189304767325 -0.21299061580274622 0.7701991536101587 0.5726069862622558 0.0 0.0 0.0 1.0" />
				<scale value="1" />
			</transform>
			<transform time="0.0015">
				<matrix value="0.13214479356503092 0.9770527838598247 0.1670492176766394 -1.8970514703052002 -0.7880286196914199 0.0013224421566152998 0.6156373352621436 -1.2187462790431518 0.6012893068992485 -0.2129927934552666 0.7701202029256199 0.5727314389467726 0.0 0.0 0.0 1.0" />
				<scale value="1" />
			</transform>
		</animation>
	</shape>
	<shape type="ply" name="temp36">
		<string name="filename" value="meshes/Cube_032.ply" />
		<boolean name="face_normals" value="true" />
		<ref id="mat-Material" name="bsdf" />
		<animation name="to_world">
			<transform time="0">
				<matrix value="0.7155131757876839 0.6135631790715088 0.33403818541053126 -0.6587098521318593 -0.4222913087494038 -0.0010386965164374676 0.9064597860811374 -0.20908872581919535 0.5565172411959003 -0.789645052490181 0.2583590570852172 -0.11658681106067803 0.0 0.0 0.0 1.0" />
				<scale value="1" />
			</transform>
			<transform time="0.0015">
				<matrix value="0.7149253221830784 0.6135743752091221 0.33520575684683823 -0.6591185933235629 -0.42378794509180034 -0.0010207893043052382 0.9057198521297277 -0.21425405796223812 0.55606781403049 -0.7896363644075395 0.25929566564260864 -0.11685425535584576 0.0 0.0 0.0 1.0" />
				<scale value="1" />
			</transform>
		</animation>
	</shape>
	<shape type="ply" name="temp37">
		<string name="filename" value="meshes/Cube_033.ply" />
		<boolean name="face_normals" value="true" />
		<ref id="mat-Material" name="bsdf" />
		<animation name="to_world">
			<transform time="0">
				<matrix value="0.976617254138543 0.169701495339189 0.13198532836020596 -0.14333691255861325 -0.15011045570513468 0.09878276594990229 0.983722053935013 0.3004429547530112 0.15390123167862532 -0.9805322231098633 0.12194694248643445 -0.38321803695472867 0.0 0.0 0.0 1.0" />
				<scale value="1" />
			</transform>
			<transform time="0.0015">
				<matrix value="0.9766172062677283 0.16970286275478882 0.1319839343619169 -0.14334462667580927 -0.15011034081517938 0.09878989438279048 0.9837213560848317 0.300441166414288 0.15390165613318238 -0.9805312619390958 0.12195408438731459 -0.38324028398735094 0.0 0.0 0.0 1.0" />
				<scale value="1" />
			</transform>
		</animation>
	</shape>
	<shape type="ply" name="temp38">
		<string name="filename" value="meshes/Cube_034.ply" />
		<boolean name="face_normals" value="true" />
		<ref id="mat-Material" name="bsdf" />
		<animation name="to_world">
			<transform time="0">
				<matrix value="0.9999193301029915 -0.0007728790650427702 0.012675517623035495 -0.03381651659128604 -0.012333478716444427 0.17866731466784033 0.9838322141590402 0.3693921858435738 -0.003025081246110559 -0.9839091991831848 0.17864338393296586 -0.375351632666147 0.0 0.0 0.0 1.0" />
				<scale value="1" />
			</transform>
			<transform time="0.0015">
				<matrix value="0.9999192981891151 -0.0007849271153403126 0.012677887760541592 -0.03381578702512392 -0.012333697326498257 0.1786561290430323 0.9838342481370077 0.36939246809805054 -0.0030372177741939173 -0.9839112191436261 0.17863204301648247 -0.3753913814830389 0.0 0.0 0.0 1.0" />
				<scale value="1" />
			</transform>
		</animation>
	</shape>
	<shape type="ply" name="temp39">
		<string name="filename" value="meshes/Cube_035.ply" />
		<boolean name="face_normals" value="true" />
		<ref id="mat-Material" name="bsdf" />
		<animation name="to_world">
			<transform time="0">
				<matrix value="0.9988116703632982 -0.048618589429376566 0.003498225380253709 0.008925695571542214 0.006518863458664213 0.20435498505495148 0.9788752404731499 0.09135903222608624 -0.048306419728133584 -0.9776888050844453 0.20442903199421683 -0.15390448031832926 0.0 0.0 0.0 1.0" />
				<scale value="1" />
			</transform>
			<transform time="0.0015">
				<matrix value="0.9988106012484363 -0.04864003855578742 0.003502987782222872 0.008927559514291285 0.006518603041432205 0.20435519981654487 0.9788751979213095 0.09135777287275242 -0.04832838764500276 -0.9776876862215986 0.20442915539455378 -0.15396850173337964 0.0 0.0 0.0 1.0" />
				<scale value="1" />
			</transform>
		</animation>
	</shape>
	<shape type="ply" name="temp40">
		<string name="filename" value="meshes/Cube_036.ply" />
		<boolean name="face_normals" value="true" />
		<ref id="mat-Material" name="bsdf" />
		<animation name="to_world">
			<transform time="0">
				<matrix value="0.9988059082277976 -0.04872786662300307 0.0035764722346592432 0.0027326863051744255 0.0066159421446136445 0.20741047050308392 0.9782317723834464 -0.23941980520889222 -0.048408941415925125 -0.9770396914624455 0.20748515082731273 0.18318955765243056 0.0 0.0 0.0 1.0" />
				<scale value="1" />
			</transform>
			<transform time="0.0015">
				<matrix value="0.9988051422947624 -0.04874319729674638 0.0035809776235128437 0.002735403613022749 0.0066144244802180405 0.20740458183030303 0.9782330319179201 -0.23942348828384927 -0.048424912715405305 -0.9770401720478293 0.20747913740123802 0.18314908668899257 0.0 0.0 0.0 1.0" />
				<scale value="1" />
			</transform>
		</animation>
	</shape>
	<shape type="ply" name="temp41">
		<string name="filename" value="meshes/Cube_037.ply" />
		<boolean name="face_normals" value="true" />
		<ref id="mat-Material" name="bsdf" />
		<animation name="to_world">
			<transform time="0">
				<matrix value="0.998778870515064 -0.049268912838975186 0.0036799897498984682 -0.005658020633132921 0.006628388357294952 0.207435980334694 0.9782263352908442 -0.5704169036408571 -0.04895949130094836 -0.9770069437636493 0.20750926315102683 0.5191350076845479 0.0 0.0 0.0 1.0" />
				<scale value="1" />
			</transform>
			<transform time="0.0015">
