<scene version="2.1.0">
	<default name="spp" value="1024" />
	<default name="resx" value="640" />
	<default name="resy" value="360" />
	<integrator type="path" name="temp0">
		<integer name="max_depth" value="12" />
	</integrator>
	<sensor type="perspective" name="temp44">
		<string name="fov_axis" value="x" />
		<float name="fov" value="83.974423" />
		<float name="principal_point_offset_x" value="0.000000" />
		<float name="principal_point_offset_y" value="-0.000000" />
		<float name="near_clip" value="0.100000" />
		<float name="far_clip" value="1000.000000" />
		<transform name="to_world">
			<rotate x="1" angle="-142.5518126578256" />
			<rotate y="1" angle="3.976628485794621e-06" />
			<rotate z="1" angle="-179.999991348578" />
			<translate value="-0.000000 3.030926 4.073377" />
		</transform>
		<sampler type="correlated" name="sampler">
			<integer name="sample_count" value="1024" />
		</sampler>
		<film type="hdrfilm" name="film">
			<integer name="width" value="$resx" />
			<integer name="height" value="$resy" />
		</film>
		<float name="shutter_open" value="0.0" />
		<float name="shutter_close" value="0.0015" />
	</sensor>
	<bsdf type="twosided" id="mat-Material" name="mat-Material">
		<bsdf type="diffuse" name="bsdf">
			<texture type="bitmap" name="reflectance">
				<string name="filename" value="textures/siggraph_2023_logo.jpg" />
			</texture>
		</bsdf>
	</bsdf>
	<bsdf type="twosided" id="mat-Material.001" name="mat-Material.001">
		<bsdf type="principled" name="bsdf">
			<rgb value="0.433648 0.266232 0.084399" name="base_color" />
			<float name="spec_tint" value="0.000000" />
			<float name="spec_trans" value="0.000000" />
			<float name="metallic" value="0.000000" />
			<float name="anisotropic" value="0.000000" />
			<float name="roughness" value="0.500000" />
			<float name="sheen" value="0.000000" />
			<float name="sheen_tint" value="0.500000" />
			<float name="clearcoat" value="0.000000" />
			<float name="clearcoat_gloss" value="0.173205" />
			<float name="specular" value="0.500000" />
		</bsdf>
	</bsdf>
	<bsdf type="twosided" id="mat-Material.002" name="mat-Material.002">
		<bsdf type="principled" name="bsdf">
			<rgb value="0.433648 0.266232 0.084399" name="base_color" />
			<float name="spec_tint" value="0.000000" />
			<float name="spec_trans" value="0.000000" />
			<float name="metallic" value="0.000000" />
			<float name="anisotropic" value="0.000000" />
			<float name="roughness" value="0.500000" />
			<float name="sheen" value="0.000000" />
			<float name="sheen_tint" value="0.500000" />
			<float name="clearcoat" value="0.000000" />
			<float name="clearcoat_gloss" value="0.173205" />
			<float name="specular" value="0.500000" />
		</bsdf>
	</bsdf>
	<bsdf type="twosided" id="mat-Material.003" name="mat-Material.003">
		<bsdf type="principled" name="bsdf">
			<rgb value="0.433648 0.266232 0.084399" name="base_color" />
			<float name="spec_tint" value="0.000000" />
			<float name="spec_trans" value="0.000000" />
			<float name="metallic" value="0.000000" />
			<float name="anisotropic" value="0.000000" />
			<float name="roughness" value="0.500000" />
			<float name="sheen" value="0.000000" />
			<float name="sheen_tint" value="0.500000" />
			<float name="clearcoat" value="0.000000" />
			<float name="clearcoat_gloss" value="0.173205" />
			<float name="specular" value="0.500000" />
		</bsdf>
	</bsdf>
	<bsdf type="twosided" id="mat-Material.004" name="mat-Material.004">
		<bsdf type="principled" name="bsdf">
			<rgb value="0.433648 0.266232 0.084399" name="base_color" />
			<float name="spec_tint" value="0.000000" />
			<float name="spec_trans" value="0.000000" />
			<float name="metallic" value="0.000000" />
			<float name="anisotropic" value="0.000000" />
			<float name="roughness" value="0.500000" />
			<float name="sheen" value="0.000000" />
			<float name="sheen_tint" value="0.500000" />
			<float name="clearcoat" value="0.000000" />
			<float name="clearcoat_gloss" value="0.173205" />
			<float name="specular" value="0.500000" />
		</bsdf>
	</bsdf>
	<bsdf type="twosided" id="mat-Material.005" name="mat-Material.005">
		<bsdf type="principled" name="bsdf">
			<rgb value="0.433648 0.266232 0.084399" name="base_color" />
			<float name="spec_tint" value="0.000000" />
			<float name="spec_trans" value="0.000000" />
			<float name="metallic" value="0.000000" />
			<float name="anisotropic" value="0.000000" />
			<float name="roughness" value="0.500000" />
			<float name="sheen" value="0.000000" />
			<float name="sheen_tint" value="0.500000" />
			<float name="clearcoat" value="0.000000" />
			<float name="clearcoat_gloss" value="0.173205" />
			<float name="specular" value="0.500000" />
		</bsdf>
	</bsdf>
	<emitter type="point" name="temp45">
		<point name="position" x="-6.815235034541981e-16" y="3.0693089962005615" z="4.109199523925781" />
		<rgb value="7.957747 7.957747 7.957747" name="intensity" />
	</emitter>
	<shape type="ply" name="temp2">
		<string name="filename" value="meshes/Cube.ply" />
		<boolean name="face_normals" value="true" />
		<ref id="mat-Material" name="bsdf" />
		<animation name="to_world">
			<transform time="0">
				<matrix value="0.9999995567588077 0.0001986769512518173 0.001093810650176989 -0.0018837063895493777 -0.00019663154423458452 0.9999981227433812 -0.0018697452272964743 -0.014829916609577887 -0.0010941807750338192 0.001869528579146182 0.9999978724420252 0.0023665433874326958 0.0 0.0 0.0 1.0" />
				<scale value="1" />
			</transform>
			<transform time="0.0015">
				<matrix value="0.9999995567588077 0.00019815846720501348 0.0010941373632070038 -0.001883705273767564 -0.00019616844197310613 0.9999981828165542 -0.0018189947536888123 -0.014898482610801756 -0.0010944972011190345 0.001818778537342187 0.9999979235042336 0.002370710879470644 0.0 0.0 0.0 1.0" />
				<scale value="1" />
			</transform>
		</animation>
	</shape>
	<shape type="ply" name="temp4">
		<string name="filename" value="meshes/Plane.ply" />
		<boolean name="face_normals" value="true" />
		<ref id="mat-Material.001" name="bsdf" />
		<transform name="to_world">
			<scale value="1" />
		</transform>
	</shape>
	<shape type="ply" name="temp5">
		<string name="filename" value="meshes/Cube_001.ply" />
		<boolean name="face_normals" value="true" />
		<ref id="mat-Material" name="bsdf" />
		<animation name="to_world">
			<transform time="0">
				<matrix value="0.9999991135176153 -0.0001331344136597535 -0.001288165435125793 0.0019658801098270118 0.00013560343742409495 0.9999981227433812 0.0019166815201732681 -0.01992094180369408 0.0012879082029760988 -0.0019168542185084988 0.9999973996513641 -0.002574138532893233 0.0 0.0 0.0 1.0" />
				<scale value="1" />
			</transform>
			<transform time="0.0015">
				<matrix value="0.9999991135176153 -0.0001342346613319441 -0.0012893793540265817 0.001968449282775271 0.00013680465977754515 0.9999979049781292 0.001991335745394486 -0.0199946593711541 0.0012891075264538988 -0.001991510304406578 0.9999971783817945 -0.0025797836260259654 0.0 0.0 0.0 1.0" />
				<scale value="1" />
			</transform>
		</animation>
	</shape>
	<shape type="ply" name="temp6">
		<string name="filename" value="meshes/Cube_002.ply" />
		<boolean name="face_normals" value="true" />
		<ref id="mat-Material" name="bsdf" />
		<animation name="to_world">
			<transform time="0">
				<matrix value="1.0 8.007208665416553e-05 0.00034168344679521217 -0.0009836746182925182 -8.135381816827918e-05 0.999992908141662 0.00375268131403654 -0.019873336935002872 -0.0003413817069041021 -0.003752711071433786 0.9999929081400841 0.0008460872391687912 0.0 0.0 0.0 1.0" />
				<scale value="1" />
			</transform>
			<transform time="0.0015">
				<matrix value="1.0 7.849276293664293e-05 0.00034137971175897305 -0.0009818014635127662 -7.974828210519883e-05 0.9999931108886208 0.003677400385311017 -0.019831066352866657 -0.00034108667907306107 -0.003677429548713567 0.9999931123889177 0.0008380480269861717 0.0 0.0 0.0 1.0" />
				<scale value="1" />
			</transform>
		</animation>
	</shape>
	<shape type="ply" name="temp7">
		<string name="filename" value="meshes/Cube_003.ply" />
		<boolean name="face_normals" value="true" />
		<ref id="mat-Material" name="bsdf" />
		<animation name="to_world">
			<transform time="0">
				<matrix value="0.9999995567588077 0.0004702214954226227 0.000929889400080658 -0.0011976954309180776 -0.0004736120788543811 0.9999931167257308 0.003648147298876035 -0.01761586866668091 -0.0009281692188494522 -0.003648579646783738 0.9999929081400841 0.002690639327496136 0.0 0.0 0.0 1.0" />
				<scale value="1" />
			</transform>
			<transform time="0.0015">
				<matrix value="0.9999995567588077 0.00044317272328433193 0.0009323975757567689 -0.0011980507661285566 -0.0004463730108361531 0.9999932969452496 0.00344856938082897 -0.01762182716489575 -0.0009307200949958217 -0.003448976016767786 0.9999930868578135 0.002691157897182616 0.0 0.0 0.0 1.0" />
				<scale value="1" />
			</transform>
		</animation>
	</shape>
	<shape type="ply" name="temp8">
		<string name="filename" value="meshes/Cube_004.ply" />
		<boolean name="face_normals" value="true" />
		<ref id="mat-Material" name="bsdf" />
		<animation name="to_world">
			<transform time="0">
				<matrix value="1.0 0.0003256310189540343 0.0007041129477977648 -0.000549958811274287 -0.00032597154036952136 0.9999997914159312 0.0004823788556669398 -0.016964297679119722 -0.0007039556616970465 -0.00048260930326663517 0.9999997636046695 0.0022074675262546244 0.0 0.0 0.0 1.0" />
				<scale value="1" />
			</transform>
			<transform time="0.0015">
				<matrix value="1.0 0.00030101265721139476 0.0007044617026810676 -0.0005492755094629879 -0.0003013001192397486 0.9999997538701981 0.0004078547539734357 -0.01702719966681153 -0.000704289640414321 -0.0004080676567630743 0.9999997210528292 0.002206224187715802 0.0 0.0 0.0 1.0" />
				<scale value="1" />
			</transform>
		</animation>
	</shape>
	<shape type="ply" name="temp9">
		<string name="filename" value="meshes/Cube_005.ply" />
		<boolean name="face_normals" value="true" />
		<ref id="mat-Material" name="bsdf" />
		<animation name="to_world">
			<transform time="0">
				<matrix value="0.9999995567588077 -0.0006317406549122592 0.0007364400092477853 -0.0005067249207248992 0.0006351070072886582 0.999989362212493 -0.0045805850406198095 -0.020828082531283654 -0.0007335375788747702 0.004581058897883498 0.999989362210126 0.001900209167919109 0.0 0.0 0.0 1.0" />
				<scale value="1" />
			</transform>
			<transform time="0.0015">
				<matrix value="0.9999995727157459 -0.0006091384569863846 0.0007368800803804254 -0.0005085635878297871 0.0006123841016098216 0.9999897451789708 -0.004416326005334404 -0.02071875086676985 -0.0007340821891767569 0.00441678290869858 0.9999897366663208 0.0019094181519433292 0.0 0.0 0.0 1.0" />
				<scale value="1" />
			</transform>
		</animation>
	</shape>
	<shape type="ply" name="temp10">
		<string name="filename" value="meshes/Cube_006.ply" />
		<boolean name="face_normals" value="true" />
		<ref id="mat-Material" name="bsdf" />
		<animation name="to_world">
			<transform time="0">
				<matrix value="0.9999995567588077 0.00023141776677380933 -0.0009267075189317201 -0.0009881022334004008 -0.0002317774680999314 0.9999997914159312 -0.00038887031872236836 -0.017460353244252103 0.0009266178746762123 0.00038908437851333796 0.9999995272093389 -0.0020305113799738983 0.0 0.0 0.0 1.0" />
				<scale value="1" />
			</transform>
			<transform time="0.0015">
				<matrix value="0.9999995567588077 0.0002136454189149097 -0.0009276169368631438 -0.0009874944084047182 -0.00021392647320945716 0.9999997313427582 -0.00030584163601416804 -0.017447988358454014 0.0009275124206337093 0.00030603892382631554 0.9999994676367625 -0.002030651680438076 0.0 0.0 0.0 1.0" />
				<scale value="1" />
			</transform>
		</animation>
	</shape>
	<shape type="ply" name="temp11">
		<string name="filename" value="meshes/Cube_007.ply" />
		<boolean name="face_normals" value="true" />
		<ref id="mat-Material" name="bsdf" />
		<animation name="to_world">
			<transform time="0">
				<matrix value="0.9999986702764229 0.0017674913385465447 -5.657460329317607e-05 0.00046526511475475374 -0.001767787712290369 0.9999818531860174 -0.005733957858277217 -0.01900967601214021 4.643882296414888e-05 0.0057340365397571666 0.9999836887221933 -0.00013650202709958315 0.0 0.0 0.0 1.0" />
				<scale value="1" />
			</transform>
			<transform time="0.0015">
				<matrix value="0.9999987021902994 0.0017472974410850076 -5.6406268212850755e-05 0.00046652585585431317 -0.0017475900581490665 0.9999822061159087 -0.005668077397012591 -0.01899520191511474 4.646579018976733e-05 0.005668155417327066 0.9999840036058119 -0.00013233717335477726 0.0 0.0 0.0 1.0" />
				<scale value="1" />
			</transform>
		</animation>
	</shape>
	<shape type="ply" name="temp12">
		<string name="filename" value="meshes/Cube_008.ply" />
		<boolean name="face_normals" value="true" />
		<ref id="mat-Material" name="bsdf" />
		<animation name="to_world">
			<transform time="0">
				<matrix value="0.9999977837940383 -0.0022206464854627335 0.00018280781863372008 0.00041979231918043425 0.002220177402854828 0.9999943682301434 0.0025246548509976594 -0.019487351052856705 -0.00018841340928714407 -0.0025242343400295776 0.9999969268607032 0.0004884438356320686 0.0 0.0 0.0 1.0" />
				<scale value="1" />
			</transform>
			<transform time="0.0015">
				<matrix value="0.999997831664853 -0.0021907404830348014 0.00018301040794550696 0.00041833357886963073 0.002190277451558033 0.9999944883764894 0.0024909182201218257 -0.019463911867930502 -0.00018849360885871702 -0.0024905034035868374 0.9999969949436478 0.0004867398627707472 0.0 0.0 0.0 1.0" />
				<scale value="1" />
			</transform>
		</animation>
	</shape>
	<shape type="ply" name="temp13">
		<string name="filename" value="meshes/Cube_009.ply" />
		<boolean name="face_normals" value="true" />
		<ref id="mat-Material" name="bsdf" />
		<animation name="to_world">
			<transform time="0">
				<matrix value="1.0 7.05454264814162e-05 0.0006943190892538938 0.0012270433552772353 -7.068367294473492e-05 1.0 0.0001987680493744743 -0.01735323390389576 -0.0006943018685275704 -0.00019881711974602807 0.9999997636046695 0.0011656930251504605 0.0 0.0 0.0 1.0" />
				<scale value="1" />
			</transform>
			<transform time="0.0015">
				<matrix value="0.9999999840430618 0.00010541864679913663 0.0006946121012263711 0.001229380208665882 -0.00010554208322891145 0.9999999774725602 0.00017774455523919875 -0.017313359312965706 -0.0006946098374355207 -0.00017781812912942175 0.9999997636046695 0.0011659585365240079 0.0 0.0 0.0 1.0" />
				<scale value="1" />
			</transform>
		</animation>
	</shape>
	<shape type="ply" name="temp14">
		<string name="filename" value="meshes/Cube_010.ply" />
		<boolean name="face_normals" value="true" />
		<ref id="mat-Material" name="bsdf" />
		<animation name="to_world">
			<transform time="0">
				<matrix value="0.9999911351761529 -7.904501869956177e-05 0.004244667275936232 0.008475818351999953 7.805122804404754e-05 1.0 0.00023428266546136566 -0.017545370880995947 -0.004244694846168712 -0.00023394997736862855 0.9999910169774399 0.007045269539748933 0.0 0.0 0.0 1.0" />
				<scale value="1" />
			</transform>
			<transform time="0.0015">
				<matrix value="0.9999911192192147 -9.041228976436078e-05 0.004246716572566279 0.008484465982893156 8.941754663264204e-05 0.9999999924908534 0.00023441267835429437 -0.017565092166642714 -0.004246746748856449 -0.00023403085087774666 0.9999910084670718 0.007048710352178052 0.0 0.0 0.0 1.0" />
				<scale value="1" />
			</transform>
		</animation>
	</shape>
	<shape type="ply" name="temp15">
		<string name="filename" value="meshes/Cube_011.ply" />
		<boolean name="face_normals" value="true" />
		<ref id="mat-Material" name="bsdf" />
		<animation name="to_world">
			<transform time="0">
				<matrix value="1.0 -5.270085081441649e-05 -0.000593212806386078 -0.0013115955493456788 5.282725826955092e-05 1.0 0.00021293734909113088 -0.017558826941514116 0.0005932029849634858 -0.00021296850589145705 1.0 -0.000889214051231324 0.0 0.0 0.0 1.0" />
				<scale value="1" />
			</transform>
			<transform time="0.0015">
				<matrix value="0.999999936172247 1.8060090547939196e-05 -0.0005933080374047251 -0.001311664861851573 -1.7920923044732606e-05 0.9999999173993872 0.00023432570823645634 -0.017421412827830062 0.0005933540971685785 -0.0002343146068106617 0.9999999829792638 -0.0008893414566674028 0.0 0.0 0.0 1.0" />
				<scale value="1" />
			</transform>
		</animation>
	</shape>
	<shape type="ply" name="temp16">
		<string name="filename" value="meshes/Cube_012.ply" />
		<boolean name="face_normals" value="true" />
		<ref id="mat-Material" name="bsdf" />
		<animation name="to_world">
			<transform time="0">
				<matrix value="0.9999951243468841 0.0032223381022604258 -0.00018436400909460117 -0.000481320176041411 -0.003221787254865459 0.9999906137169057 0.0029271179012255208 -0.009796105226208163 0.00019379435736232485 -0.0029265179184144274 0.9999957448840504 -0.0002407773409276448 0.0 0.0 0.0 1.0" />
				<scale value="1" />
			</transform>
			<transform time="0.0015">
				<matrix value="0.9999952041315753 0.0031883502028202835 -0.00018458898067439893 -0.00047937290214822965 -0.003187804880490426 0.9999907789181314 0.002896040845473674 -0.009880534617343846 0.00019384907370353528 -0.0028954466466137056 0.999995821477363 -0.00024266456688411562 0.0 0.0 0.0 1.0" />
				<scale value="1" />
			</transform>
		</animation>
	</shape>
	<shape type="ply" name="temp17">
		<string name="filename" value="meshes/Cube_013.ply" />
		<boolean name="face_normals" value="true" />
		<ref id="mat-Material" name="bsdf" />
		<animation name="to_world">
			<transform time="0">
				<matrix value="0.9999991135176153 0.001364450599992074 0.0002775943087351384 -0.00017813526093757304 -0.0013652582234538419 0.9999947853982809 0.0029328150286913016 -0.013000423516019488 -0.0002735915124630558 -0.002933188436933564 0.9999957448840504 4.889232330262949e-05 0.0 0.0 0.0 1.0" />
				<scale value="1" />
			</transform>
			<transform time="0.0015">
				<matrix value="0.9999991454314917 0.0013027041638749366 0.00027750299248580117 -0.0001756070077116719 -0.001303474362815523 0.9999949581086531 0.0027969228330885854 -0.013217510976853489 -0.0002736336706938747 -0.002797279340942875 0.9999958810499394 4.4347235411162224e-05 0.0 0.0 0.0 1.0" />
				<scale value="1" />
			</transform>
		</animation>
	</shape>
	<shape type="ply" name="temp18">
		<string name="filename" value="meshes/Cube_014.ply" />
		<boolean name="face_normals" value="true" />
		<ref id="mat-Material" name="bsdf" />
		<animation name="to_world">
			<transform time="0">
				<matrix value="0.9999991135176153 0.0013025053032499486 -6.102001748379865e-05 -0.0003932533278628858 -0.0013021273804268237 0.9999818531860174 0.005868041289754012 -0.011615964071441887 6.86620498664071e-05 -0.005867955855267687 0.9999827431408712 0.00037052830336981035 0.0 0.0 0.0 1.0" />
				<scale value="1" />
			</transform>
			<transform time="0.0015">
				<matrix value="0.9999991454314917 0.0012818959247058207 -6.120003729947718e-05 -0.0003923446265154576 -0.0012815236222074211 0.9999822962256681 0.005775785495782399 -0.01171288882571678 6.865381608627745e-05 -0.005775701783895269 0.9999831686592745 0.00036561844013003773 0.0 0.0 0.0 1.0" />
				<scale value="1" />
			</transform>
		</animation>
	</shape>
	<shape type="ply" name="temp19">
		<string name="filename" value="meshes/Cube_015.ply" />
		<boolean name="face_normals" value="true" />
		<ref id="mat-Material" name="bsdf" />
		<animation name="to_world">
			<transform time="0">
				<matrix value="1.0 -0.0001897230629318994 -9.760574081332286e-05 9.837171809634615e-05 0.00018967443047939196 0.9999997914159312 -0.0004969289882610807 -0.018199004003840058 9.770011010111219e-05 0.0004969098270212318 1.0 -0.00022265465932602702 0.0 0.0 0.0 1.0" />
				<scale value="1" />
			</transform>
			<transform time="0.0015">
				<matrix value="1.0 -0.00018968161244254639 -9.759106042841078e-05 9.806688752237275e-05 0.00018963279882753487 0.9999997914159312 -0.0004989005852306948 -0.018199909960508402 9.768578077057648e-05 0.0004988814285582835 1.0 -0.00022265730421084618 0.0 0.0 0.0 1.0" />
				<scale value="1" />
			</transform>
		</animation>
	</shape>
	<shape type="ply" name="temp20">
		<string name="filename" value="meshes/Cube_016.ply" />
		<boolean name="face_normals" value="true" />
		<ref id="mat-Material" name="bsdf" />
		<animation name="to_world">
			<transform time="0">
				<matrix value="0.9999991135176153 -0.001457011866347672 0.00040988349965320807 0.0008651201871328063 0.001459256383116411 0.9999835218585675 -0.005529026746240487 -0.019515873181484344 -0.00040182207589352993 0.00552961580900374 0.9999846343035155 0.0004389960361436962 0.0 0.0 0.0 1.0" />
				<scale value="1" />
			</transform>
			<transform time="0.0015">
				<matrix value="0.9999991294745535 -0.0014467021834931046 0.00040983456503683447 0.0008641571121167879 0.0014489280952739295 0.9999837621512595 -0.005483220541167537 -0.019503110771970263 -0.00040188386115837883 0.005483805884579375 0.9999848640834532 0.0004433072640375194 0.0 0.0 0.0 1.0" />
				<scale value="1" />
			</transform>
		</animation>
	</shape>
	<shape type="ply" name="temp21">
		<string name="filename" value="meshes/Cube_017.ply" />
		<boolean name="face_normals" value="true" />
		<ref id="mat-Material" name="bsdf" />
		<animation name="to_world">
			<transform time="0">
				<matrix value="1.0 -0.00010556585729095183 0.0006386834482135841 0.00021937519985093523 0.0001054098474009223 1.0 0.0002441136380721299 -0.017879885788175065 -0.0006387105581824984 -0.00024404544629690275 0.9999997636046695 0.0004549121169993564 0.0 0.0 0.0 1.0" />
				<scale value="1" />
			</transform>
			<transform time="0.0015">
				<matrix value="1.0 -0.0001208842385612473 0.0006393124495172668 0.00021959105027455155 0.00012074803939965764 0.9999999849817067 0.00021373494312369525 -0.01788452142154354 -0.0006393271342759283 -0.00021365668083264742 0.9999997550943014 0.00045445078449928163 0.0 0.0 0.0 1.0" />
				<scale value="1" />
			</transform>
		</animation>
	</shape>
	<shape type="ply" name="temp22">
		<string name="filename" value="meshes/Cube_018.ply" />
		<boolean name="face_normals" value="true" />
		<ref id="mat-Material" name="bsdf" />
		<animation name="to_world">
			<transform time="0">
				<matrix value="0.9999991135176153 -0.0015525162539135587 9.244688551515979e-05 0.0005288874497539342 0.001552571951342755 0.9999985399115188 -0.0005828161397493548 -0.017806814030766283 -9.1541716974542e-05 0.0005829590987499557 1.0 4.565984982152216e-05 0.0 0.0 0.0 1.0" />
				<scale value="1" />
			</transform>
			<transform time="0.0015">
				<matrix value="0.9999991135176153 -0.0015471676389576963 9.277427086425152e-05 0.0005271978020241791 0.001547223026076744 0.999998554929812 -0.000577816724029582 -0.01780591033651458 -9.187925408904315e-05 0.0005779596591120125 1.0 4.695070471880916e-05 0.0 0.0 0.0 1.0" />
				<scale value="1" />
			</transform>
		</animation>
	</shape>
	<shape type="ply" name="temp23">
		<string name="filename" value="meshes/Cube_019.ply" />
		<boolean name="face_normals" value="true" />
		<ref id="mat-Material" name="bsdf" />
		<animation name="to_world">
			<transform time="0">
				<matrix value="0.999912238243914 0.012065555886972465 -0.005496782423156152 0.002725174537638708 -0.012020896162772349 0.9998950822134107 0.008087107896975133 -0.018281928932043168 0.005593788063337394 -0.008020324431660559 0.9999522481432328 -0.0007204203762903871 0.0 0.0 0.0 1.0" />
				<scale value="1" />
			</transform>
			<transform time="0.0015">
				<matrix value="0.999880356281319 0.013203146920771219 -0.005525415556510778 0.0030918360104138427 -0.013158051409205933 0.9998631833585608 0.00811618782465317 -0.017958303675114386 0.005632686929952249 -0.008041618494193674 0.9999518311351976 -0.0008057099940168553 0.0 0.0 0.0 1.0" />
				<scale value="1" />
			</transform>
		</animation>
	</shape>
	<shape type="ply" name="temp24">
		<string name="filename" value="meshes/Cube_020.ply" />
		<boolean name="face_normals" value="true" />
		<ref id="mat-Material" name="bsdf" />
		<animation name="to_world">
			<transform time="0">
				<matrix value="0.9864876921771544 0.16363427785894116 0.008105618446281587 -0.009083167904138628 -0.16368873396695777 0.9864900432723628 0.006579614732627099 -0.03503624696586077 -0.006919464995699417 -0.007817506089025124 0.9999456290684657 0.0023929808526197416 0.0 0.0 0.0 1.0" />
				<scale value="1" />
			</transform>
			<transform time="0.0015">
				<matrix value="0.985550339244627 0.16776462263007477 0.008062086210759451 -0.009314272774158217 -0.16781849076201333 0.9855525710914126 0.006535872288484493 -0.035509543918622447 -0.006855055519470692 -0.007790681043346637 0.999946216283914 0.002627102919487016 0.0 0.0 0.0 1.0" />
				<scale value="1" />
			</transform>
		</animation>
	</shape>
	<shape type="ply" name="temp25">
		<string name="filename" value="meshes/Cube_021.ply" />
		<boolean name="face_normals" value="true" />
		<ref id="mat-Material" name="bsdf" />
		<animation name="to_world">
			<transform time="0">
				<matrix value="0.9435669746306472 0.3299583040446537 0.028451525482707445 0.00847947831947643 -0.3274551572885695 0.9423502835700415 -0.06891321029113977 -0.09502302401648455 -0.04954979992092577 0.055707590165678326 0.9972169177736666 0.05881945790733467 0.0 0.0 0.0 1.0" />
				<scale value="1" />
			</transform>
			<transform time="0.0015">
				<matrix value="0.9420832985134857 0.33355659699611917 0.02852770774451473 0.007834431507380491 -0.3309624476333637 0.9407973770303348 -0.07018935445010929 -0.09572486066219658 -0.050370718969709134 0.05662472504474938 0.9971036192436176 0.05871467372010786 0.0 0.0 0.0 1.0" />
				<scale value="1" />
			</transform>
		</animation>
	</shape>
	<shape type="ply" name="temp26">
		<string name="filename" value="meshes/Cube_022.ply" />
		<boolean name="face_normals" value="true" />
		<ref id="mat-Material" name="bsdf" />
		<animation name="to_world">
			<transform time="0">
				<matrix value="0.9588184608183651 0.28387603431625097 -0.009034509463141476 0.1086806860579087 -0.2777569158923243 0.9305575660742184 -0.23856614885057498 -0.09109263302978171 -0.05931608770502121 0.23125089951879654 0.9710843595648623 0.23178169117723346 0.0 0.0 0.0 1.0" />
				<scale value="1" />
			</transform>
			<transform time="0.0015">
				<matrix value="0.9579524937372483 0.2864351364667087 -0.009242062872620638 0.10841545281589357 -0.2800825247502318 0.9290569832681732 -0.2409381926791186 -0.09173124448127304 -0.06059765643387612 0.23335368584733332 0.9704121341017775 0.23162870763378435 0.0 0.0 0.0 1.0" />
				<scale value="1" />
			</transform>
		</animation>
	</shape>
	<shape type="ply" name="temp27">
		<string name="filename" value="meshes/Cube_023.ply" />
		<boolean name="face_normals" value="true" />
		<ref id="mat-Material" name="bsdf" />
		<animation name="to_world">
			<transform time="0">
				<matrix value="0.9121863846943498 0.40752300160818317 0.04291159145591629 0.0009905691649089166 -0.3226515751905494 0.7788485325067842 -0.5378577666031078 -0.19797010040702318 -0.25261104521592054 0.4767810472171757 0.8419427724728039 0.012610726086578317 0.0 0.0 0.0 1.0" />
				<scale value="1" />
			</transform>
			<transform time="0.0015">
				<matrix value="0.9110744573672669 0.4098406621673062 0.0422626707847407 -0.00023606360528202373 -0.3240027752107837 0.7761859017518501 -0.540493265895839 -0.19877228273379055 -0.2545296420459422 0.4786814094802253 0.8401156134699888 0.01102495436101969 0.0 0.0 0.0 1.0" />
				<scale value="1" />
			</transform>
		</animation>
	</shape>
	<shape type="ply" name="temp28">
		<string name="filename" value="meshes/Cube_024.ply" />
		<boolean name="face_normals" value="true" />
		<ref id="mat-Material" name="bsdf" />
		<animation name="to_world">
			<transform time="0">
				<matrix value="0.8987029876229329 0.4381984176812544 -0.0177613740431308 -0.05942566735883892 -0.3035026248743411 0.5921989558281517 -0.7464494603330999 -0.4163066713766504 -0.3165746054710147 0.6762266307623956 0.6652053495317718 -0.24437110233712767 0.0 0.0 0.0 1.0" />
				<scale value="1" />
			</transform>
			<transform time="0.0015">
				<matrix value="0.898164520742167 0.43921290338987606 -0.01850939624834948 -0.06018836137074457 -0.3039477979200178 0.5900936314080567 -0.7478177317794833 -0.4169697773883129 -0.3176081634873402 0.6772780839998369 0.6635414108780749 -0.24577580337563099 0.0 0.0 0.0 1.0" />
				<scale value="1" />
			</transform>
		</animation>
	</shape>
	<shape type="ply" name="temp29">
		<string name="filename" value="meshes/Cube_025.ply" />
		<boolean name="face_normals" value="true" />
		<ref id="mat-Material" name="bsdf" />
		<animation name="to_world">
			<transform time="0">
				<matrix value="0.8879397617489942 0.44351668568258096 -0.12188715810734332 -0.21389439186881365 -0.3085014547175933 0.3777102892435282 -0.873018829833658 -0.752474816660321 -0.3411603965767596 0.8127901665126622 0.47220936494285615 -0.6805593317273678 0.0 0.0 0.0 1.0" />
				<scale value="1" />
			</transform>
			<transform time="0.0015">
				<matrix value="0.8877288110255175 0.44379191843371424 -0.12238093051351029 -0.214447420980428 -0.30862855173064124 0.37649185511265515 -0.8734739047451967 -0.7528323593650383 -0.341584715499856 0.8131769701643041 0.4711971843170477 -0.6816214741925156 0.0 0.0 0.0 1.0" />
				<scale value="1" />
			</transform>
		</animation>
	</shape>
	<shape type="ply" name="temp30">
		<string name="filename" value="meshes/Cube_026.ply" />
		<boolean name="face_normals" value="true" />
		<ref id="mat-Material" name="bsdf" />
		<animation name="to_world">
			<transform time="0">
				<matrix value="0.8802592783678795 0.4385037847579278 -0.18126907414823218 -0.24161617706143368 -0.3626678332774849 0.3754317168763284 -0.8529498118529565 -1.1199118367882421 -0.3059675334691424 0.8165569862105072 0.48950830244040355 -0.7447052074439453 0.0 0.0 0.0 1.0" />
				<scale value="1" />
			</transform>
			<transform time="0.0015">
				<matrix value="0.8800753427408359 0.43868169896884096 -0.18171180562192943 -0.24234092875972954 -0.3627723193090527 0.3742972725504216 -0.8533805641325655 -1.120236572210282 -0.3063636772263959 0.8169578770212117 0.4885573028506143 -0.7462005000626752 0.0 0.0 0.0 1.0" />
				<scale value="1" />
			</transform>
		</animation>
	</shape>
	<shape type="ply" name="temp31">
		<string name="filename" value="meshes/Cube_027.ply" />
		<boolean name="face_normals" value="true" />
		<ref id="mat-Material" name="bsdf" />
		<animation name="to_world">
			<transform time="0">
				<matrix value="0.8289740562065292 0.42818033344249234 -0.3598111863215988 -0.5157879472766494 -0.5148596609736767 0.3329498167588956 -0.7899771689389773 -1.5799212499038142 -0.21845368218188135 0.8401226057156207 0.4964595071346475 -0.8336882377445243 0.0 0.0 0.0 1.0" />
				<scale value="1" />
			</transform>
			<transform time="0.0015">
				<matrix value="0.8289197228318363 0.4281485847705749 -0.3599729854392502 -0.5160547982839678 -0.5148394275759938 0.3323505643310264 -0.7902354330786453 -1.5801405412299716 -0.21870339390402668 0.8403693187278839 0.4959205625458284 -0.8347119270450933 0.0 0.0 0.0 1.0" />
				<scale value="1" />
			</transform>
		</animation>
	</shape>
	<shape type="ply" name="temp32">
		<string name="filename" value="meshes/Cube_028.ply" />
		<boolean name="face_normals" value="true" />
		<ref id="mat-Material" name="bsdf" />
		<animation name="to_world">
			<transform time="0">
				<matrix value="-0.13695027011118263 0.9736141153011015 0.1825379970034528 -1.4596874291828623 -0.8028884255540958 -0.0011705237337382647 -0.596128506392839 -2.1196208149964484 -0.5801854343852333 -0.22819743733613115 0.7818636084045159 -1.2523622475155687 0.0 0.0 0.0 1.0" />
				<scale value="1" />
			</transform>
			<transform time="0.0015">
				<matrix value="-0.13672173643746383 0.9736381896251713 0.18257689789587783 -1.459297190477145 -0.8034305465737177 -0.0011724036485950629 -0.5953784025515916 -2.1193162909848358 -0.5794685848919298 -0.22809401385970743 0.7824110974028722 -1.2505541239892124 0.0 0.0 0.0 1.0" />
				<scale value="1" />
			</transform>
		</animation>
	</shape>
	<shape type="ply" name="temp33">
		<string name="filename" value="meshes/Cube_029.ply" />
		<boolean name="face_normals" value="true" />
		<ref id="mat-Material" name="bsdf" />
		<animation name="to_world">
			<transform time="0">
				<matrix value="0.010884855689532593 0.9904188993853028 0.13766519896685783 -1.6678355186788731 -0.9855033535628613 -0.012684902476518649 0.16918168446802304 -1.5966998457374115 0.16930705444952104 -0.13751100802422914 0.9759231355854874 0.15674450868779655 0.0 0.0 0.0 1.0" />
				<scale value="1" />
			</transform>
			<transform time="0.0015">
				<matrix value="0.01095633654962291 0.990406839695828 0.13774513174787134 -1.6675562579443 -0.9854140425795558 -0.012699112335037177 0.16967986269173724 -1.5956860747040833 0.16980125359223328 -0.13759579229690794 0.975821726039625 0.1575657422838005 0.0 0.0 0.0 1.0" />
				<scale value="1" />
			</transform>
		</animation>
	</shape>
	<shape type="ply" name="temp34">
		<string name="filename" value="meshes/Cube_030.ply" />
		<boolean name="face_normals" value="true" />
		<ref id="mat-Material" name="bsdf" />
		<animation name="to_world">
			<transform time="0">
				<matrix value="0.05587367435615301 0.9787715547280315 -0.197190918868641 -2.993462685263621 -0.9760382065902813 0.09514396034849196 0.1956954995363283 -1.9454183431121082 0.21030266007863077 0.1815316478641252 0.9606348242673967 0.2562304799055386 0.0 0.0 0.0 1.0" />
				<scale value="1" />
			</transform>
			<transform time="0.0015">
				<matrix value="0.05440485121087045 0.9788542187320983 -0.19704282785565577 -2.9968140105160095 -0.9762182524481642 0.09358449876327513 0.19537345939425516 -1.946061993735218 0.20968770711436163 0.1817141634083681 0.9607288799069451 0.25505355351922054 0.0 0.0 0.0 1.0" />
				<scale value="1" />
			</transform>
		</animation>
	</shape>
	<shape type="ply" name="temp35">
		<string name="filename" value="meshes/Cube_031.ply" />
		<boolean name="face_normals" value="true" />
		<ref id="mat-Material" name="bsdf" />
		<animation name="to_world">
			<transform time="0">
				<matrix value="0.09365580016559491 0.9879909808248667 0.1228916255062997 -2.0556576835788416 -0.8037491999496479 0.0021859005512876936 0.5949642593899771 -1.2813915744109747 0.5875507732785842 -0.15449586273499602 0.794301785115699 0.5747275320895535 0.0 0.0 0.0 1.0" />
				<scale value="1" />
			</transform>
			<transform time="0.0015">
				<matrix value="0.09355336140920277 0.9880044897796395 0.12285973800819702 -2.055966776131162 -0.8040557008192805 0.0022018212186810933 0.594543830186831 -1.2826304623603004 0.5871413980281457 -0.15440850132319658 0.7946167963896243 0.5740422717052509 0.0 0.0 0.0 1.0" />
				<scale value="1" />
			</transform>
		</animation>
	</shape>
	<shape type="ply" name="temp36">
		<string name="filename" value="meshes/Cube_032.ply" />
		<boolean name="face_normals" value="true" />
		<ref id="mat-Material" name="bsdf" />
		<animation name="to_world">
			<transform time="0">
				<matrix value="0.8340097193928661 0.48729138985822545 0.25879520647004567 -0.3151188705439547 -0.26689400507422517 -0.05421909253415043 0.962199677462211 0.39029052540430464 0.48290330072851123 -0.8715545562061061 0.08483585417433966 -0.42424668321928705 0.0 0.0 0.0 1.0" />
				<scale value="1" />
			</transform>
			<transform time="0.0015">
				<matrix value="0.8337057078055983 0.48760028611366485 0.2591754837566613 -0.3157301415101608 -0.267205975982285 -0.05451003216727281 0.9620939616701077 0.3897324354975536 0.48324709296280083 -0.8713602795647037 0.08484928949240385 -0.42347885439765537 0.0 0.0 0.0 1.0" />
				<scale value="1" />
			</transform>
		</animation>
	</shape>
	<shape type="ply" name="temp37">
		<string name="filename" value="meshes/Cube_033.ply" />
		<boolean name="face_normals" value="true" />
		<ref id="mat-Material" name="bsdf" />
		<animation name="to_world">
			<transform time="0">
				<matrix value="0.9812721731406475 0.14321077628732873 0.12882571565140388 -0.11992810344862104 -0.1468736425738484 0.12353858700980137 0.9814103439977571 0.3084902155315429 0.12463361683039996 -0.981951637697816 0.14225885666925597 -0.42291262398329 0.0 0.0 0.0 1.0" />
				<scale value="1" />
			</transform>
			<transform time="0.0015">
				<matrix value="0.981264354240912 0.14324628403804515 0.1288455711911363 -0.11995602787066335 -0.14693691342964704 0.12383922020029799 0.9813616646924254 0.3082583966551081 0.1246200965166328 -0.9819073112053068 0.14256716687936688 -0.4227373523879959 0.0 0.0 0.0 1.0" />
				<scale value="1" />
			</transform>
		</animation>
	</shape>
	<shape type="ply" name="temp38">
		<string name="filename" value="meshes/Cube_034.ply" />
		<boolean name="face_normals" value="true" />
		<ref id="mat-Material" name="bsdf" />
		<animation name="to_world">
			<transform time="0">
				<matrix value="0.9999246489972998 0.004414450287115971 0.01146569360044745 -0.03836161696741325 -0.012079395135339266 0.1827432768140035 0.9830866232865475 0.36972771868629406 0.002244506911903154 -0.9831507875091517 0.18278283164728304 -0.3310935898866981 0.0 0.0 0.0 1.0" />
				<scale value="1" />
			</transform>
			<transform time="0.0015">
				<matrix value="0.9999246330403615 0.004412589820948924 0.011467274826833924 -0.03835509112056361 -0.012080578182740066 0.18272927901378558 0.9830892019280713 0.3697259790531436 0.0022425614419934493 -0.9831533931830296 0.18276881677315363 -0.33110000928907535 0.0 0.0 0.0 1.0" />
				<scale value="1" />
			</transform>
		</animation>
	</shape>
	<shape type="ply" name="temp39">
		<string name="filename" value="meshes/Cube_035.ply" />
		<boolean name="face_normals" value="true" />
		<ref id="mat-Material" name="bsdf" />
		<animation name="to_world">
			<transform time="0">
				<matrix value="0.999125485127485 -0.041756715885554095 0.0022796523664827353 0.008242376937863671 0.006828569376997909 0.21668443107652324 0.9762179205626587 0.09214137511427078 -0.04125763039712638 -0.9753482832488221 0.21678007338656644 -0.1299891101338565 0.0 0.0 0.0 1.0" />
				<scale value="1" />
			</transform>
			<transform time="0.0015">
				<matrix value="0.9991258361801262 -0.041748368718169164 0.0022795477740592167 0.00825636213586198 0.006826864059008652 0.21668455873201584 0.9762179035419225 0.09213560928467307 -0.04124945837034769 -0.9753486061421268 0.21678014487365818 -0.1299512478864475 0.0 0.0 0.0 1.0" />
				<scale value="1" />
			</transform>
		</animation>
	</shape>
	<shape type="ply" name="temp40">
		<string name="filename" value="meshes/Cube_036.ply" />
		<boolean name="face_normals" value="true" />
		<ref id="mat-Material" name="bsdf" />
		<animation name="to_world">
			<transform time="0">
				<matrix value="0.9998426493767143 -0.017625305836390825 0.002165924936917906 0.0041915972014989755 0.001707591125956736 0.21683106567686575 0.976207755563446 -0.25044604252910196 -0.017675603295586914 -0.9760499600561509 0.21682697422014363 0.24340071438847455 0.0 0.0 0.0 1.0" />
				<scale value="1" />
			</transform>
			<transform time="0.0015">
				<matrix value="0.9998429366016026 -0.017607756209820732 0.0021712404277076124 0.0041822189353397845 0.0016985725836046461 0.21682980414023326 0.9762080449159602 -0.25048677853829476 -0.017659625772900825 -0.976050553278734 0.21682559213636987 0.2435286305420467 0.0 0.0 0.0 1.0" />
				<scale value="1" />
			</transform>
		</animation>
	</shape>
	<shape type="ply" name="temp41">
		<string name="filename" value="meshes/Cube_037.ply" />
		<boolean name="face_normals" value="true" />
		<ref id="mat-Material" name="bsdf" />
