<scene version="2.1.0">
	<default name="spp" value="1024" />
	<default name="resx" value="640" />
	<default name="resy" value="360" />
	<integrator type="path" name="temp0">
		<integer name="max_depth" value="12" />
	</integrator>
	<sensor type="perspective" name="temp44">
		<string name="fov_axis" value="x" />
		<float name="fov" value="83.974423" />
		<float name="principal_point_offset_x" value="0.000000" />
		<float name="principal_point_offset_y" value="-0.000000" />
		<float name="near_clip" value="0.100000" />
		<float name="far_clip" value="1000.000000" />
		<transform name="to_world">
			<rotate x="1" angle="-142.5518126578256" />
			<rotate y="1" angle="3.976628485794621e-06" />
			<rotate z="1" angle="-179.999991348578" />
			<translate value="-0.000000 3.030926 4.073377" />
		</transform>
		<sampler type="correlated" name="sampler">
			<integer name="sample_count" value="1024" />
		</sampler>
		<film type="hdrfilm" name="film">
			<integer name="width" value="$resx" />
			<integer name="height" value="$resy" />
		</film>
		<float name="shutter_open" value="0.0" />
		<float name="shutter_close" value="0.0015" />
	</sensor>
	<bsdf type="twosided" id="mat-Material" name="mat-Material">
		<bsdf type="diffuse" name="bsdf">
			<texture type="bitmap" name="reflectance">
				<string name="filename" value="textures/siggraph_2023_logo.jpg" />
			</texture>
		</bsdf>
	</bsdf>
	<bsdf type="twosided" id="mat-Material.001" name="mat-Material.001">
		<bsdf type="principled" name="bsdf">
			<rgb value="0.433648 0.266232 0.084399" name="base_color" />
			<float name="spec_tint" value="0.000000" />
			<float name="spec_trans" value="0.000000" />
			<float name="metallic" value="0.000000" />
			<float name="anisotropic" value="0.000000" />
			<float name="roughness" value="0.500000" />
			<float name="sheen" value="0.000000" />
			<float name="sheen_tint" value="0.500000" />
			<float name="clearcoat" value="0.000000" />
			<float name="clearcoat_gloss" value="0.173205" />
			<float name="specular" value="0.500000" />
		</bsdf>
	</bsdf>
	<bsdf type="twosided" id="mat-Material.002" name="mat-Material.002">
		<bsdf type="principled" name="bsdf">
			<rgb value="0.433648 0.266232 0.084399" name="base_color" />
			<float name="spec_tint" value="0.000000" />
			<float name="spec_trans" value="0.000000" />
			<float name="metallic" value="0.000000" />
			<float name="anisotropic" value="0.000000" />
			<float name="roughness" value="0.500000" />
			<float name="sheen" value="0.000000" />
			<float name="sheen_tint" value="0.500000" />
			<float name="clearcoat" value="0.000000" />
			<float name="clearcoat_gloss" value="0.173205" />
			<float name="specular" value="0.500000" />
		</bsdf>
	</bsdf>
	<bsdf type="twosided" id="mat-Material.003" name="mat-Material.003">
		<bsdf type="principled" name="bsdf">
			<rgb value="0.433648 0.266232 0.084399" name="base_color" />
			<float name="spec_tint" value="0.000000" />
			<float name="spec_trans" value="0.000000" />
			<float name="metallic" value="0.000000" />
			<float name="anisotropic" value="0.000000" />
			<float name="roughness" value="0.500000" />
			<float name="sheen" value="0.000000" />
			<float name="sheen_tint" value="0.500000" />
			<float name="clearcoat" value="0.000000" />
			<float name="clearcoat_gloss" value="0.173205" />
			<float name="specular" value="0.500000" />
		</bsdf>
	</bsdf>
	<bsdf type="twosided" id="mat-Material.004" name="mat-Material.004">
		<bsdf type="principled" name="bsdf">
			<rgb value="0.433648 0.266232 0.084399" name="base_color" />
			<float name="spec_tint" value="0.000000" />
			<float name="spec_trans" value="0.000000" />
			<float name="metallic" value="0.000000" />
			<float name="anisotropic" value="0.000000" />
			<float name="roughness" value="0.500000" />
			<float name="sheen" value="0.000000" />
			<float name="sheen_tint" value="0.500000" />
			<float name="clearcoat" value="0.000000" />
			<float name="clearcoat_gloss" value="0.173205" />
			<float name="specular" value="0.500000" />
		</bsdf>
	</bsdf>
	<bsdf type="twosided" id="mat-Material.005" name="mat-Material.005">
		<bsdf type="principled" name="bsdf">
			<rgb value="0.433648 0.266232 0.084399" name="base_color" />
			<float name="spec_tint" value="0.000000" />
			<float name="spec_trans" value="0.000000" />
			<float name="metallic" value="0.000000" />
			<float name="anisotropic" value="0.000000" />
			<float name="roughness" value="0.500000" />
			<float name="sheen" value="0.000000" />
			<float name="sheen_tint" value="0.500000" />
			<float name="clearcoat" value="0.000000" />
			<float name="clearcoat_gloss" value="0.173205" />
			<float name="specular" value="0.500000" />
		</bsdf>
	</bsdf>
	<emitter type="point" name="temp45">
		<point name="position" x="-6.815235034541981e-16" y="3.0693089962005615" z="4.109199523925781" />
		<rgb value="7.957747 7.957747 7.957747" name="intensity" />
	</emitter>
	<shape type="ply" name="temp2">
		<string name="filename" value="meshes/Cube.ply" />
		<boolean name="face_normals" value="true" />
		<ref id="mat-Material" name="bsdf" />
		<animation name="to_world">
			<transform time="0">
				<matrix value="0.9999986702764229 0.00017290054920185308 0.0017251682070974388 -0.002685551574399092 -0.00017200196089903498 0.9999997914159312 -0.0005210484038350887 -0.016715261401313797 -0.0017252587198839772 0.0005207509860811852 0.9999985816280168 0.004052223932283994 0.0 0.0 0.0 1.0" />
				<scale value="1" />
			</transform>
			<transform time="0.0015">
				<matrix value="0.999998670276423 0.00017228600064231501 0.0017259398421698906 -0.0026861655990224435 -0.00017145695167359242 0.9999997914159312 -0.0004810021860758783 -0.016769655348292164 -0.0017260236955029997 0.00048070560824407083 0.9999985731176487 0.0040526691009199044 0.0 0.0 0.0 1.0" />
				<scale value="1" />
			</transform>
		</animation>
	</shape>
	<shape type="ply" name="temp4">
		<string name="filename" value="meshes/Plane.ply" />
		<boolean name="face_normals" value="true" />
		<ref id="mat-Material.001" name="bsdf" />
		<transform name="to_world">
			<scale value="1" />
		</transform>
	</shape>
	<shape type="ply" name="temp5">
		<string name="filename" value="meshes/Cube_001.ply" />
		<boolean name="face_normals" value="true" />
		<ref id="mat-Material" name="bsdf" />
		<animation name="to_world">
			<transform time="0">
				<matrix value="0.9999982270352306 -0.00013843599493557881 -0.001990472322598306 0.0025324082978581686 0.00014514952298382879 0.9999941596460746 0.00337307769227096 -0.021380341644884282 0.0019899933868414103 -0.003373361311409757 0.999992435349423 -0.0044217221357941705 0.0 0.0 0.0 1.0" />
				<scale value="1" />
			</transform>
			<transform time="0.0015">
				<matrix value="0.9999982270352306 -0.00012798940531980038 -0.0019908069502706212 0.0025308139155447193 0.00013437016441129868 0.9999943398655936 0.0032061051218728515 -0.021189928684333836 0.0019903383758460677 -0.0032063675022458923 0.9999926055567843 -0.004430213878941782 0.0 0.0 0.0 1.0" />
				<scale value="1" />
			</transform>
		</animation>
	</shape>
	<shape type="ply" name="temp6">
		<string name="filename" value="meshes/Cube_002.ply" />
		<boolean name="face_normals" value="true" />
		<ref id="mat-Material" name="bsdf" />
		<animation name="to_world">
			<transform time="0">
				<matrix value="1.0 -3.390680046639398e-05 0.000301281120854276 -0.000877416122869068 3.4537043439409816e-05 0.9999977055752436 -0.0020921861414655847 -0.016363811744538714 -0.0003012085414350732 0.0020921962442352576 0.9999978724420252 0.001155648938084619 0.0 0.0 0.0 1.0" />
				<scale value="1" />
			</transform>
			<transform time="0.0015">
				<matrix value="1.0 -2.832299152918631e-05 0.0003028644748327656 -0.000875356188363196 2.8891457947576322e-05 0.9999976079563375 -0.0019036094060087588 -0.016473298739256556 -0.0003027806987747519 0.0019036174681981448 0.9999977703176084 0.0011647851027577324 0.0 0.0 0.0 1.0" />
				<scale value="1" />
			</transform>
		</animation>
	</shape>
	<shape type="ply" name="temp7">
		<string name="filename" value="meshes/Cube_003.ply" />
		<boolean name="face_normals" value="true" />
		<ref id="mat-Material" name="bsdf" />
		<animation name="to_world">
			<transform time="0">
				<matrix value="0.9999986702764229 0.0006081143374431348 0.001720636508611173 -0.0011476079282983775 -0.000616295851085143 0.999988527876218 0.004758188852447236 -0.017571510656091194 -0.0017177236196139548 -0.004759241838626849 0.9999872346521514 0.005419812603562335 0.0 0.0 0.0 1.0" />
				<scale value="1" />
			</transform>
			<transform time="0.0015">
				<matrix value="0.999998670276423 0.0005887048154011374 0.001722069824800677 -0.0011471659815679939 -0.0005966227653314032 0.9999889333701355 0.0046044826693072225 -0.017577488334748828 -0.0017192605919048238 -0.004605502123799473 0.9999876346394505 0.005418750132354826 0.0 0.0 0.0 1.0" />
				<scale value="1" />
			</transform>
		</animation>
	</shape>
	<shape type="ply" name="temp8">
		<string name="filename" value="meshes/Cube_004.ply" />
		<boolean name="face_normals" value="true" />
		<ref id="mat-Material" name="bsdf" />
		<animation name="to_world">
			<transform time="0">
				<matrix value="0.9999991135176153 -1.2908788272569319e-05 0.0013401511322627146 -0.00042703740641059085 1.3772922218262601e-05 0.9999997914159312 -0.0006447848116945716 -0.017857902902778 -0.0013401441774950492 0.0006448021892983859 0.999999054418678 0.004254645370601162 0.0 0.0 0.0 1.0" />
				<scale value="1" />
			</transform>
			<transform time="0.0015">
				<matrix value="0.9999991135176153 -2.435033937421459e-07 0.0013404413358137305 -0.00042637404003415273 1.0517765973727897e-06 0.9999997914159312 -0.0006032406840522441 -0.017825426320037124 -0.0013404283705650282 0.0006032409400327042 0.9999990544186781 0.004254096449104891 0.0 0.0 0.0 1.0" />
				<scale value="1" />
			</transform>
		</animation>
	</shape>
	<shape type="ply" name="temp9">
		<string name="filename" value="meshes/Cube_005.ply" />
		<boolean name="face_normals" value="true" />
		<ref id="mat-Material" name="bsdf" />
		<animation name="to_world">
			<transform time="0">
				<matrix value="0.9996551583523484 -0.00974325178391525 0.024384107425602843 0.009243468352994277 0.01181007735445289 0.9962160764085162 -0.08610610084341126 -0.07472995576881625 -0.023452879915323206 0.0863643796814087 0.9959876620549091 0.07693608539084784 0.0 0.0 0.0 1.0" />
				<scale value="1" />
			</transform>
			<transform time="0.0015">
				<matrix value="0.9996424566295128 -0.009945797347394739 0.024732012974172855 0.009391692436350324 0.012113448111081143 0.9959506355845779 -0.08831922886700386 -0.07618828356013277 -0.02373897648846433 0.08858930603432434 0.995716802570505 0.07756527486775935 0.0 0.0 0.0 1.0" />
				<scale value="1" />
			</transform>
		</animation>
	</shape>
	<shape type="ply" name="temp10">
		<string name="filename" value="meshes/Cube_006.ply" />
		<boolean name="face_normals" value="true" />
		<ref id="mat-Material" name="bsdf" />
		<animation name="to_world">
			<transform time="0">
				<matrix value="0.9997624227208982 0.016651883618432995 0.014078240235336279 0.030767176595847268 -0.011310322910073453 0.9479914397098178 -0.3180947387382447 -0.19476375660620077 -0.01864292844136894 0.31785980230401967 0.9479544948444543 0.03740160574718332 0.0 0.0 0.0 1.0" />
				<scale value="1" />
			</transform>
			<transform time="0.0015">
				<matrix value="0.9997641779841041 0.01669221975042731 0.013854086501909568 0.030619042563760548 -0.01138771709233518 0.9471634962215779 -0.32031416613627894 -0.19598787661977446 -0.018476206840155253 0.32008130073150237 0.9471302146351525 0.03633968870703687 0.0 0.0 0.0 1.0" />
				<scale value="1" />
			</transform>
		</animation>
	</shape>
	<shape type="ply" name="temp11">
		<string name="filename" value="meshes/Cube_007.ply" />
		<boolean name="face_normals" value="true" />
		<ref id="mat-Material" name="bsdf" />
		<animation name="to_world">
			<transform time="0">
				<matrix value="0.9927725091174713 0.11836403343185455 -0.019826121778581732 0.1435938802660126 -0.11695353236635835 0.9171066052317057 -0.3811002406031674 -0.09870516711539057 -0.026925891845603137 0.380664465409461 0.9243211080700166 0.13119118639863103 0.0 0.0 0.0 1.0" />
				<scale value="1" />
			</transform>
			<transform time="0.0015">
				<matrix value="0.9927014688284457 0.11881868222322543 -0.02033774127761777 0.1432051309551539 -0.11752251529580633 0.91619293732563 -0.3829565476166051 -0.09908513825822671 -0.026904211472760967 0.3825558166965643 0.923478394403486 0.13038318016921197 0.0 0.0 0.0 1.0" />
				<scale value="1" />
			</transform>
		</animation>
	</shape>
	<shape type="ply" name="temp12">
		<string name="filename" value="meshes/Cube_008.ply" />
		<boolean name="face_normals" value="true" />
		<ref id="mat-Material" name="bsdf" />
		<animation name="to_world">
			<transform time="0">
				<matrix value="-0.02449487347236923 0.9956950334047386 -0.08939315427490224 2.666925587798811 -0.94691122942696 -0.051781599964957875 -0.3172976136836964 2.003334420062792 -0.32056058486561817 0.07687520206581662 0.9441033785147848 0.9019736681495272 0.0 0.0 0.0 1.0" />
				<scale value="1" />
			</transform>
			<transform time="0.0015">
				<matrix value="-0.02288635824892026 0.9956706286782174 -0.08969001548685532 2.663032017147138 -0.9463855121398445 -0.05051285365062037 -0.31888127403543637 1.9985650601166118 -0.3220201021782907 0.07764731579983714 0.9434994742865257 0.9043858444051628 0.0 0.0 0.0 1.0" />
				<scale value="1" />
			</transform>
		</animation>
	</shape>
	<shape type="ply" name="temp13">
		<string name="filename" value="meshes/Cube_009.ply" />
		<boolean name="face_normals" value="true" />
		<ref id="mat-Material" name="bsdf" />
		<animation name="to_world">
			<transform time="0">
				<matrix value="-0.008995495783003297 0.9979339747988728 0.06361414892243916 2.379095933833324 -0.9576881957778617 0.009703485231205011 -0.28764536539862634 1.6442091365641178 -0.2876684538151542 -0.06350999013397356 0.955621977390205 0.5716843988387705 0.0 0.0 0.0 1.0" />
				<scale value="1" />
			</transform>
			<transform time="0.0015">
				<matrix value="-0.009582050971544648 0.9979077078039894 0.06385528084015551 2.380896723916945 -0.9571528405000518 0.009339474542853514 -0.2892893217081067 1.640231823566547 -0.2892770025481735 -0.06391357072099807 0.9550664886458676 0.574219562581409 0.0 0.0 0.0 1.0" />
				<scale value="1" />
			</transform>
		</animation>
	</shape>
	<shape type="ply" name="temp14">
		<string name="filename" value="meshes/Cube_010.ply" />
		<boolean name="face_normals" value="true" />
		<ref id="mat-Material" name="bsdf" />
		<animation name="to_world">
			<transform time="0">
				<matrix value="0.0954493313263372 0.9953946723457157 0.00888309825393681 1.6192853871900361 -0.9951810817567244 0.09521996232971719 0.0234035868736292 1.86569278198106 0.022449962501795127 -0.0110741370355615 0.9996867761870474 -0.13165020149609852 0.0 0.0 0.0 1.0" />
				<scale value="1" />
			</transform>
			<transform time="0.0015">
				<matrix value="0.0951781383739389 0.9954194600387146 0.008902824436074628 1.619838910151604 -0.9951755127852802 0.09493735784934515 0.024283599781314887 1.8672659815797834 0.02332789505261735 -0.011164736466475776 0.9996552197422623 -0.13332262706713038 0.0 0.0 0.0 1.0" />
				<scale value="1" />
			</transform>
		</animation>
	</shape>
	<shape type="ply" name="temp15">
		<string name="filename" value="meshes/Cube_011.ply" />
		<boolean name="face_normals" value="true" />
		<ref id="mat-Material" name="bsdf" />
		<animation name="to_world">
			<transform time="0">
				<matrix value="0.06028456971031528 0.9940359557217738 -0.09087440741600519 1.1329255064638255 -0.8424880369202183 0.09949562286331695 0.5294477663241614 2.207522059118611 0.5353316419249433 0.04464303965391731 0.8434613760761307 -1.124547833818758 0.0 0.0 0.0 1.0" />
				<scale value="1" />
			</transform>
			<transform time="0.0015">
				<matrix value="0.06021791279222302 0.9940442007647647 -0.09082739529177743 1.1330647714308117 -0.8421645099974883 0.09944069345577759 0.5299631031519682 2.2080062109720027 0.5358388012928907 0.04457963392167113 0.8431368161692365 -1.1259637117006385 0.0 0.0 0.0 1.0" />
				<scale value="1" />
			</transform>
		</animation>
	</shape>
	<shape type="ply" name="temp16">
		<string name="filename" value="meshes/Cube_012.ply" />
		<boolean name="face_normals" value="true" />
		<ref id="mat-Material" name="bsdf" />
		<animation name="to_world">
			<transform time="0">
				<matrix value="0.11020682520517634 0.9880097533910556 0.10812608948697958 1.084387072073693 -0.7003822512042863 1.0094238282268476e-05 0.7137680422826145 1.871396030738876 0.705208704547832 -0.15439167499264742 0.691985630946229 -1.9078887748498528 0.0 0.0 0.0 1.0" />
				<scale value="1" />
			</transform>
			<transform time="0.0015">
				<matrix value="0.11008103027828851 0.9879991129302923 0.10834340599070288 1.0848238449574767 -0.7019454886154913 0.00012156335906655438 0.7121344005392289 1.8703421113007366 0.703574809814119 -0.15445822330275485 0.6935341094363883 -1.9037147252688595 0.0 0.0 0.0 1.0" />
				<scale value="1" />
			</transform>
		</animation>
	</shape>
	<shape type="ply" name="temp17">
		<string name="filename" value="meshes/Cube_013.ply" />
		<boolean name="face_normals" value="true" />
		<ref id="mat-Material" name="bsdf" />
		<animation name="to_world">
			<transform time="0">
				<matrix value="0.8586166974276054 0.3148995772000926 0.404494631698439 0.6630040362170975 -0.4438462165818303 0.06189444394616028 0.893962983327983 1.5456601309955174 0.2564727397801878 -0.9471047488334937 0.1929106222350611 -1.5407177054809607 0.0 0.0 0.0 1.0" />
				<scale value="1" />
			</transform>
			<transform time="0.0015">
				<matrix value="0.8589997118160785 0.31391699785546756 0.4044081152966904 0.6632251194871049 -0.4439423571347008 0.06354292164766814 0.8937580962168186 1.5440774921977984 0.254877934758071 -0.9472693042725665 0.19395881448333652 -1.5379045398036055 0.0 0.0 0.0 1.0" />
				<scale value="1" />
			</transform>
		</animation>
	</shape>
	<shape type="ply" name="temp18">
		<string name="filename" value="meshes/Cube_014.ply" />
		<boolean name="face_normals" value="true" />
		<ref id="mat-Material" name="bsdf" />
		<animation name="to_world">
			<transform time="0">
				<matrix value="0.9378651199322018 0.2940816356328336 0.1841888401546782 0.12228626348130989 -0.24382773342410913 0.1808359423723935 0.9528098185382163 1.0418075321339395 0.2468958932817046 -0.9385171341383288 0.24130502515009922 -0.7987502336788901 0.0 0.0 0.0 1.0" />
				<scale value="1" />
			</transform>
			<transform time="0.0015">
				<matrix value="0.9379367027571275 0.2941996268537039 0.18360917685881542 0.12177281465709283 -0.24295097147427588 0.1796767103534877 0.9532209459090675 1.0412345438571755 0.24743024805948716 -0.9386830262055004 0.2399965169124154 -0.8003244841127708 0.0 0.0 0.0 1.0" />
				<scale value="1" />
			</transform>
		</animation>
	</shape>
	<shape type="ply" name="temp19">
		<string name="filename" value="meshes/Cube_015.ply" />
		<boolean name="face_normals" value="true" />
		<ref id="mat-Material" name="bsdf" />
		<animation name="to_world">
			<transform time="0">
				<matrix value="0.9835894380942757 0.1338614334314374 0.12096831309710505 0.04444799774366681 -0.14835428977690784 0.21847867123604833 0.9644988584469489 0.6320564004934665 0.10268019084192778 -0.9666167455462087 0.234752193866865 -0.32142986201274715 0.0 0.0 0.0 1.0" />
				<scale value="1" />
			</transform>
			<transform time="0.0015">
				<matrix value="0.9835666994572897 0.13394389437415136 0.12106009231046504 0.04456366389443965 -0.14837745925122617 0.21768795809675998 0.9646649978523134 0.6321851144751539 0.10285996170809192 -0.9667746103356414 0.23398537821584842 -0.3219699869387303 0.0 0.0 0.0 1.0" />
				<scale value="1" />
			</transform>
		</animation>
	</shape>
	<shape type="ply" name="temp20">
		<string name="filename" value="meshes/Cube_016.ply" />
		<boolean name="face_normals" value="true" />
		<ref id="mat-Material" name="bsdf" />
		<animation name="to_world">
			<transform time="0">
				<matrix value="0.9848318431564446 0.061497216445602326 0.1622494150397546 0.08819488750507665 -0.17197275130445883 0.2216305850991713 0.9598465983421123 0.32778907491166875 0.023068452396782423 -0.9731896467211628 0.22884472183597854 0.005012173617823301 0.0 0.0 0.0 1.0" />
				<scale value="1" />
			</transform>
			<transform time="0.0015">
				<matrix value="0.9848151521990499 0.061655464952427366 0.16228841550348597 0.0881825906453641 -0.17203626151433102 0.22125292007896835 0.9599202215362425 0.327958941848471 0.023278240178600616 -0.9732631837940313 0.22850065786755305 0.00492569577257402 0.0 0.0 0.0 1.0" />
				<scale value="1" />
			</transform>
		</animation>
	</shape>
	<shape type="ply" name="temp21">
		<string name="filename" value="meshes/Cube_017.ply" />
		<boolean name="face_normals" value="true" />
		<ref id="mat-Material" name="bsdf" />
		<animation name="to_world">
			<transform time="0">
				<matrix value="0.9581908312899914 0.0534301650108568 0.2810969783476061 0.17953719530954748 -0.2858645508105108 0.22105197289241443 0.9324256855819177 0.11790986065218874 -0.012317402358397735 -0.9737972521134781 0.22708388393745735 0.19139759138403917 0.0 0.0 0.0 1.0" />
				<scale value="1" />
			</transform>
			<transform time="0.0015">
				<matrix value="0.9580724946360349 0.05344323543146692 0.2814895786471798 0.17954678075130498 -0.2862545974216644 0.22067110146660396 0.9323919589932762 0.11827139616674727 -0.012282599318689236 -0.9738808214062334 0.22671874404251896 0.19161173234490445 0.0 0.0 0.0 1.0" />
				<scale value="1" />
			</transform>
		</animation>
	</shape>
	<shape type="ply" name="temp22">
		<string name="filename" value="meshes/Cube_018.ply" />
		<boolean name="face_normals" value="true" />
		<ref id="mat-Material" name="bsdf" />
		<animation name="to_world">
			<transform time="0">
				<matrix value="0.20318415607763457 0.9753824910360996 0.08570491432796826 0.8641066429930512 -0.38094129359055506 -0.001887790114366645 0.9245974542114065 -0.1285589189566704 0.9019980426468945 -0.2205119487383793 0.37117991055746274 -0.18857437749030698 0.0 0.0 0.0 1.0" />
				<scale value="1" />
			</transform>
			<transform time="0.0015">
				<matrix value="0.20315356343564894 0.9753672399593105 0.08594167021442559 0.8640569981366133 -0.38189241806395463 -0.0018882976575868207 0.9241894926974755 -0.12813698854848082 0.9015866887361148 -0.2205790805091793 0.37210136214933043 -0.18866942162051667 0.0 0.0 0.0 1.0" />
				<scale value="1" />
			</transform>
		</animation>
	</shape>
	<shape type="ply" name="temp23">
		<string name="filename" value="meshes/Cube_019.ply" />
		<boolean name="face_normals" value="true" />
		<ref id="mat-Material" name="bsdf" />
		<animation name="to_world">
			<transform time="0">
				<matrix value="-0.06446012336288866 0.9874672262281953 -0.1440607327971572 0.46990470276554347 -0.9338342845289321 -0.00878929880293603 0.3575985260278351 0.0005774832372229116 0.35185075359867524 0.15757965304126004 0.9226970721492733 -0.05180804306213338 0.0 0.0 0.0 1.0" />
				<scale value="1" />
			</transform>
			<transform time="0.0015">
				<matrix value="-0.06460324433331288 0.9874651311762878 -0.14400881019055595 0.46992580610509105 -0.9334839659069041 -0.008792104520479845 0.3584784470235457 -0.0002598967149143018 0.3527188956104735 0.1575926010627802 0.9223506661275565 -0.05181876062281299 0.0 0.0 0.0 1.0" />
				<scale value="1" />
			</transform>
		</animation>
	</shape>
	<shape type="ply" name="temp24">
		<string name="filename" value="meshes/Cube_020.ply" />
		<boolean name="face_normals" value="true" />
		<ref id="mat-Material" name="bsdf" />
		<animation name="to_world">
			<transform time="0">
				<matrix value="0.07408263744849798 0.9828711419836192 -0.16874912824176522 -0.005226567015837735 -0.9347604658778365 0.009480466747717766 -0.3551513623209956 0.21722359084649484 -0.3474680766133059 0.18405059604164992 0.919451600374126 0.09690980782348158 0.0 0.0 0.0 1.0" />
				<scale value="1" />
			</transform>
			<transform time="0.0015">
				<matrix value="0.07414532267031555 0.9827994403834485 -0.169126720507205 -0.0048910628533558684 -0.9349005186706485 0.009483522951974587 -0.3547764125249018 0.21686210752978358 -0.3470707046447894 0.18442248897572264 0.9195227810929388 0.09689440097865068 0.0 0.0 0.0 1.0" />
				<scale value="1" />
			</transform>
		</animation>
	</shape>
	<shape type="ply" name="temp25">
		<string name="filename" value="meshes/Cube_021.ply" />
		<boolean name="face_normals" value="true" />
		<ref id="mat-Material" name="bsdf" />
		<animation name="to_world">
			<transform time="0">
				<matrix value="0.22058013180220096 0.9240979260486043 -0.312069494553688 -0.13337144887113037 -0.7607295395433198 -0.03724610625689631 -0.6479995517944532 0.16330091898543553 -0.6104384187281815 0.3803361540852233 0.694772968288512 0.21658431366525788 0.0 0.0 0.0 1.0" />
				<scale value="1" />
			</transform>
			<transform time="0.0015">
				<matrix value="0.2201202049714315 0.9241925563143338 -0.3121045062079073 -0.13368495287618923 -0.7610993894577484 -0.03740890755931823 -0.6475481363411826 0.16287127700262058 -0.6101336731217549 0.38008673027102957 0.6951710067132791 0.21666982473864732 0.0 0.0 0.0 1.0" />
				<scale value="1" />
			</transform>
		</animation>
	</shape>
	<shape type="ply" name="temp26">
		<string name="filename" value="meshes/Cube_022.ply" />
		<boolean name="face_normals" value="true" />
		<ref id="mat-Material" name="bsdf" />
		<animation name="to_world">
			<transform time="0">
				<matrix value="0.6299503392568085 0.39369200059237874 -0.6694543192027237 -0.07795069630626339 -0.7218723571743907 -0.021134363599576992 -0.6917038477122369 -0.20412873028902662 -0.2864667826185626 0.9189992970716884 0.27088186332473013 0.6689824893753511 0.0 0.0 0.0 1.0" />
				<scale value="1" />
			</transform>
			<transform time="0.0015">
				<matrix value="0.6295909411369244 0.3937590948174456 -0.6697484885852578 -0.07810128885325167 -0.7222168993847774 -0.021136299457576124 -0.6913391529095484 -0.20442605984072523 -0.2863764647524544 0.9189704319120737 0.2710729721499973 0.6690094866290086 0.0 0.0 0.0 1.0" />
				<scale value="1" />
			</transform>
		</animation>
	</shape>
	<shape type="ply" name="temp27">
		<string name="filename" value="meshes/Cube_023.ply" />
		<boolean name="face_normals" value="true" />
		<ref id="mat-Material" name="bsdf" />
		<animation name="to_world">
			<transform time="0">
				<matrix value="0.8505718697863754 0.31582110161590077 -0.42045793557849004 -0.07623522569655983 -0.48030280465296876 0.14105222319329697 -0.8656867922619298 -0.2873672399146855 -0.2140955574821773 0.9382755937866978 0.27166480465944653 0.15355313121504321 0.0 0.0 0.0 1.0" />
				<scale value="1" />
			</transform>
			<transform time="0.0015">
				<matrix value="0.8506017411747527 0.31586277737965246 -0.42036583637529085 -0.07620580619650674 -0.48028537967641527 0.14133289707207253 -0.8656494402564926 -0.2873591582207224 -0.21401549354457933 0.9382181337967469 0.27192247307334994 0.1536058791620871 0.0 0.0 0.0 1.0" />
				<scale value="1" />
			</transform>
		</animation>
	</shape>
	<shape type="ply" name="temp28">
		<string name="filename" value="meshes/Cube_024.ply" />
		<boolean name="face_normals" value="true" />
		<ref id="mat-Material" name="bsdf" />
		<animation name="to_world">
			<transform time="0">
				<matrix value="0.8623824745978473 0.4222970111988787 -0.2792162170979069 -0.18227144251053684 -0.3821572371535405 0.18128556619102548 -0.9061411251755827 -0.5152544186909049 -0.3320429252500323 0.8881444986994783 0.3177214705113373 -0.3150432407703632 0.0 0.0 0.0 1.0" />
				<scale value="1" />
			</transform>
			<transform time="0.0015">
				<matrix value="0.8623549010085759 0.42238528121741936 -0.2791673250333736 -0.18229972747041454 -0.3821384861554197 0.18128398551566158 -0.9061493376807653 -0.5152425541702875 -0.3321357020803227 0.8881027027893807 0.3177408741505255 -0.31516636031188244 0.0 0.0 0.0 1.0" />
				<scale value="1" />
			</transform>
		</animation>
	</shape>
	<shape type="ply" name="temp29">
		<string name="filename" value="meshes/Cube_025.ply" />
		<boolean name="face_normals" value="true" />
		<ref id="mat-Material" name="bsdf" />
		<animation name="to_world">
			<transform time="0">
				<matrix value="0.8956858448265774 0.3781683398585383 -0.23395778735861786 -0.27271035937443455 -0.32113174546608586 0.1861296600288263 -0.9285636950670442 -0.7927598060312647 -0.3076068610190647 0.9068321711724302 0.2881555065219108 -0.7198281811283699 0.0 0.0 0.0 1.0" />
				<scale value="1" />
			</transform>
			<transform time="0.0015">
				<matrix value="0.8956951158076925 0.3781453693790218 -0.2339593226290168 -0.27268410751971234 -0.3211220627959644 0.18611869517292898 -0.9285692353166545 -0.7927525793115685 -0.30758990517649537 0.9068439830600665 0.2881363752145007 -0.7198393578060942 0.0 0.0 0.0 1.0" />
				<scale value="1" />
			</transform>
		</animation>
	</shape>
	<shape type="ply" name="temp30">
		<string name="filename" value="meshes/Cube_026.ply" />
		<boolean name="face_normals" value="true" />
		<ref id="mat-Material" name="bsdf" />
		<animation name="to_world">
			<transform time="0">
				<matrix value="0.9237842337334915 0.24291492064419104 -0.29599910358890663 -0.3132734720194761 -0.3464198079169969 0.2008268481069953 -0.9163307095027613 -1.1402705274882097 -0.16314591322755825 0.9490314398766851 0.26967128283708436 -0.8602461023530548 0.0 0.0 0.0 1.0" />
				<scale value="1" />
			</transform>
			<transform time="0.0015">
				<matrix value="0.9238021852890067 0.24286915990467706 -0.2959804914139485 -0.3132531592588548 -0.34639248963873726 0.2008504576148893 -0.9163358497650727 -1.1402593672663022 -0.16310198218090136 0.9490381230171787 0.26967425295553904 -0.8602555674051139 0.0 0.0 0.0 1.0" />
				<scale value="1" />
			</transform>
		</animation>
	</shape>
	<shape type="ply" name="temp31">
		<string name="filename" value="meshes/Cube_027.ply" />
		<boolean name="face_normals" value="true" />
		<ref id="mat-Material" name="bsdf" />
		<animation name="to_world">
			<transform time="0">
				<matrix value="0.8756096782600833 0.18752389851967885 -0.4451319345979223 -0.5489648988324485 -0.4775143743118681 0.19732628597292995 -0.8561789720680006 -1.57615410746851 -0.07271779542468712 0.962235437181779 0.2623262435221769 -0.9994373987946367 0.0 0.0 0.0 1.0" />
				<scale value="1" />
			</transform>
			<transform time="0.0015">
				<matrix value="0.8755966733554212 0.187420384182581 -0.4452006643304151 -0.549057672504071 -0.4775535166813605 0.19731910647784473 -0.8561587599438463 -1.5762211666811194 -0.07261508380465113 0.9622569208502643 0.26227518982415515 -0.999424374451284 0.0 0.0 0.0 1.0" />
				<scale value="1" />
			</transform>
		</animation>
	</shape>
	<shape type="ply" name="temp32">
		<string name="filename" value="meshes/Cube_028.ply" />
		<boolean name="face_normals" value="true" />
		<ref id="mat-Material" name="bsdf" />
		<animation name="to_world">
			<transform time="0">
				<matrix value="-0.1102878496951387 0.9814162023932936 0.1570308935601657 -1.464261757670925 -0.8224362486193038 -0.001402805038556765 -0.5688560499002175 -2.108331020811444 -0.5580641529572166 -0.19188572513208588 0.8073068378294938 -1.244894399396427 0.0 0.0 0.0 1.0" />
				<scale value="1" />
			</transform>
			<transform time="0.0015">
				<matrix value="-0.11025037163430436 0.9814331355189261 0.1569506875963373 -1.4643416656404742 -0.8223824099096962 -0.001399629345358888 -0.5689336644569701 -2.108365246587646 -0.5581506076485779 -0.19179858749285578 0.8072675114186655 -1.2451821804266676 0.0 0.0 0.0 1.0" />
				<scale value="1" />
			</transform>
		</animation>
	</shape>
	<shape type="ply" name="temp33">
		<string name="filename" value="meshes/Cube_029.ply" />
		<boolean name="face_normals" value="true" />
		<ref id="mat-Material" name="bsdf" />
		<animation name="to_world">
			<transform time="0">
				<matrix value="0.006303288672350792 0.9805605905432155 0.1961154810101267 -1.5912553821630566 -0.9965542429706379 -0.010060933664008611 0.0823337514378746 -1.764746682358579 0.08270636866674823 -0.1959586210924382 0.9771181139813182 -0.042980521826736284 0.0 0.0 0.0 1.0" />
				<scale value="1" />
			</transform>
			<transform time="0.0015">
				<matrix value="0.006301030765590431 0.9805595692992749 0.1961206442504317 -1.591249969906784 -0.9965555673965114 -0.010060455481551727 0.08231772130858739 -1.7647763575695845 0.08269052342708011 -0.19596374157951968 0.9771184288649366 -0.043008220428448485 0.0 0.0 0.0 1.0" />
				<scale value="1" />
			</transform>
		</animation>
	</shape>
	<shape type="ply" name="temp34">
		<string name="filename" value="meshes/Cube_030.ply" />
		<boolean name="face_normals" value="true" />
		<ref id="mat-Material" name="bsdf" />
		<animation name="to_world">
			<transform time="0">
				<matrix value="-0.04190054613660851 0.9814799314874919 -0.1869260047558215 -3.206966077924999 -0.9716184317820261 0.0035677652206963268 0.2365270095870145 -1.8832133901359254 0.2328133740363352 0.19153129931397095 0.9534746808182581 0.2940307452243107 0.0 0.0 0.0 1.0" />
				<scale value="1" />
			</transform>
			<transform time="0.0015">
				<matrix value="-0.041921424212298504 0.9814803489664862 -0.18691909184973268 -3.2069856065287192 -0.9715912481125218 0.003567700552613802 0.2366378890854702 -1.8829632518873598 0.23292225874009972 0.19152915634726514 0.9534483389744656 0.2942500584776284 0.0 0.0 0.0 1.0" />
				<scale value="1" />
			</transform>
		</animation>
	</shape>
	<shape type="ply" name="temp35">
		<string name="filename" value="meshes/Cube_031.ply" />
		<boolean name="face_normals" value="true" />
		<ref id="mat-Material" name="bsdf" />
		<animation name="to_world">
			<transform time="0">
				<matrix value="0.13174812553299753 0.980625251604533 0.14497007471510814 -1.9264699238635568 -0.7357400443595785 -0.0012752579663470466 0.6772631661561316 -1.001906902902873 0.664326353171036 -0.19588834911967096 0.7213170907677695 0.6733001757865518 0.0 0.0 0.0 1.0" />
				<scale value="1" />
			</transform>
			<transform time="0.0015">
				<matrix value="0.13166199795887 0.9806252440953864 0.14504712077927404 -1.926591913764304 -0.7362107580805954 -0.0012527696491351815 0.6767417188840541 -1.0039765499394686 0.6638117897837473 -0.19588850005351807 0.721781705801909 0.6725779290469066 0.0 0.0 0.0 1.0" />
				<scale value="1" />
			</transform>
		</animation>
	</shape>
	<shape type="ply" name="temp36">
		<string name="filename" value="meshes/Cube_032.ply" />
		<boolean name="face_normals" value="true" />
		<ref id="mat-Material" name="bsdf" />
		<animation name="to_world">
			<transform time="0">
				<matrix value="0.7593488432291362 0.6028442523616931 0.2448842868496587 -0.6183651255638365 -0.3032519719800648 -0.005101490750339471 0.9528968120198514 0.20196977131126032 0.5756976173126463 -0.7978426149767534 0.17893991823558306 -0.1386549540914559 0.0 0.0 0.0 1.0" />
				<scale value="1" />
			</transform>
			<transform time="0.0015">
				<matrix value="0.758984354845955 0.6029063680225497 0.24580567886894994 -0.6184584900230758 -0.3044565117809742 -0.005061351583261049 0.9524901100403942 0.19788328097106386 0.575504777714067 -0.7977958029567124 0.17971891477641105 -0.1383866949664757 0.0 0.0 0.0 1.0" />
				<scale value="1" />
			</transform>
		</animation>
	</shape>
	<shape type="ply" name="temp37">
		<string name="filename" value="meshes/Cube_033.ply" />
		<boolean name="face_normals" value="true" />
		<ref id="mat-Material" name="bsdf" />
		<animation name="to_world">
			<transform time="0">
				<matrix value="0.9772293702251842 0.16581186134165446 0.1323984764793738 -0.13694899181582398 -0.15009033255500182 0.09910813623877036 0.9836922681233662 0.30047653496211296 0.14998608222656007 -0.9811646500063619 0.12173815813051007 -0.38038660166486526 0.0 0.0 0.0 1.0" />
				<scale value="1" />
			</transform>
			<transform time="0.0015">
				<matrix value="0.9772291149141724 0.16581433860912503 0.13239721949801062 -0.1369572204512778 -0.1500906421196036 0.09911640606194508 0.9836913915554556 0.30047503747877885 0.149987403461046 -0.981163395978876 0.12174663701021321 -0.38038539238409275 0.0 0.0 0.0 1.0" />
				<scale value="1" />
			</transform>
		</animation>
	</shape>
	<shape type="ply" name="temp38">
		<string name="filename" value="meshes/Cube_034.ply" />
		<boolean name="face_normals" value="true" />
		<ref id="mat-Material" name="bsdf" />
		<animation name="to_world">
			<transform time="0">
				<matrix value="0.9999250922384922 0.0020236075449029355 0.012092377621683314 -0.03551469134408336 -0.012258943277538133 0.18092995121218633 0.9834197043072648 0.36944026720166456 -0.00019781943063009393 -0.9834939083022717 0.18094117018525355 -0.356143735239819 0.0 0.0 0.0 1.0" />
				<scale value="1" />
			</transform>
			<transform time="0.0015">
				<matrix value="0.9999250922384922 0.0020276087936804263 0.012091701898458955 -0.0355114137385494 -0.012259002318209604 0.18093359765378594 0.9834190319881877 0.3694398651844103 -0.00019380772870211663 -0.9834932249699291 0.18094486538706736 -0.35614903132401865 0.0 0.0 0.0 1.0" />
				<scale value="1" />
			</transform>
		</animation>
	</shape>
	<shape type="ply" name="temp39">
		<string name="filename" value="meshes/Cube_035.ply" />
		<boolean name="face_normals" value="true" />
		<ref id="mat-Material" name="bsdf" />
		<animation name="to_world">
			<transform time="0">
				<matrix value="0.9989295725204644 -0.04615965441791487 0.003124673478949705 0.009824228894854237 0.006565687458224517 0.20829263510511595 0.9780445472816665 0.09148192271812082 -0.045797054041739144 -0.9769766990736782 0.20837267345625574 -0.14520363025910688 0.0 0.0 0.0 1.0" />
				<scale value="1" />
			</transform>
			<transform time="0.0015">
				<matrix value="0.9989295565635262 -0.04615992099261995 0.003124649649919123 0.009819804711314693 0.006565503155587894 0.20828703177990668 0.9780457387331956 0.09148155936740784 -0.04579734764940268 -0.9769778780096978 0.20836706767681132 -0.14521194440095322 0.0 0.0 0.0 1.0" />
				<scale value="1" />
			</transform>
		</animation>
	</shape>
	<shape type="ply" name="temp40">
		<string name="filename" value="meshes/Cube_036.ply" />
		<boolean name="face_normals" value="true" />
		<ref id="mat-Material" name="bsdf" />
		<animation name="to_world">
			<transform time="0">
				<matrix value="0.9994574727805584 -0.03278192744194584 0.0031731345217084193 0.004121705206394655 0.0038051458529467564 0.21063465874603432 0.9775575729007739 -0.24682873991765528 -0.03271458635845447 -0.977015078542331 0.21064509448957758 0.22035384725484364 0.0 0.0 0.0 1.0" />
				<scale value="1" />
			</transform>
			<transform time="0.0015">
				<matrix value="0.9994555260340937 -0.032839388933726114 0.0031787275356007245 0.004121951358303475 0.0038116473478615365 0.21063049867880576 0.9775584409583166 -0.2468113101360047 -0.03277195250882834 -0.9770139972252175 0.21064097376936053 0.22018593860851365 0.0 0.0 0.0 1.0" />
				<scale value="1" />
			</transform>
		</animation>
	</shape>
	<shape type="ply" name="temp41">
		<string name="filename" value="meshes/Cube_037.ply" />
		<boolean name="face_normals" value="true" />
		<ref id="mat-Material" name="bsdf" />
		<animation name="to_world">
			<transform time="0">
				<matrix value="0.9988790430245361 -0.04722879377918874 0.003245353295185431 -0.004879150743028138 0.006783181478900833 0.21063486733010306 0.9775412616229675 -0.5695484875315144 -0.04685170213482688 -0.9764233255392419 0.21071910986756662 0.5120534665000509 0.0 0.0 0.0 1.0" />
				<scale value="1" />
