<scene version="2.1.0">
	<default name="spp" value="1024" />
	<default name="resx" value="1280" />
	<default name="resy" value="720" />
	<integrator type="path" name="temp0">
		<integer name="max_depth" value="12" />
	</integrator>
	<sensor type="perspective" name="temp44">
		<string name="fov_axis" value="x" />
		<float name="fov" value="83.974423" />
		<float name="principal_point_offset_x" value="0.000000" />
		<float name="principal_point_offset_y" value="-0.000000" />
		<float name="near_clip" value="0.100000" />
		<float name="far_clip" value="1000.000000" />
		<transform name="to_world">
			<rotate x="1" angle="-142.5518126578256" />
			<rotate y="1" angle="3.976628485794621e-06" />
			<rotate z="1" angle="-179.999991348578" />
			<translate value="-0.000000 3.030926 4.073377" />
		</transform>
		<sampler type="correlated" name="sampler">
			<integer name="sample_count" value="1024" />
		</sampler>
		<film type="hdrfilm" name="film">
			<integer name="width" value="$resx" />
			<integer name="height" value="$resy" />
		</film>
		<float name="shutter_open" value="0.0" />
		<float name="shutter_close" value="0.0015" />
	</sensor>
	<bsdf type="twosided" id="mat-Material" name="mat-Material">
		<bsdf type="diffuse" name="bsdf">
			<texture type="bitmap" name="reflectance">
				<string name="filename" value="textures/siggraph_2023_logo.jpg" />
			</texture>
		</bsdf>
	</bsdf>
	<bsdf type="twosided" id="mat-Material.001" name="mat-Material.001">
		<bsdf type="principled" name="bsdf">
			<rgb value="0.433648 0.266232 0.084399" name="base_color" />
			<float name="spec_tint" value="0.000000" />
			<float name="spec_trans" value="0.000000" />
			<float name="metallic" value="0.000000" />
			<float name="anisotropic" value="0.000000" />
			<float name="roughness" value="0.500000" />
			<float name="sheen" value="0.000000" />
			<float name="sheen_tint" value="0.500000" />
			<float name="clearcoat" value="0.000000" />
			<float name="clearcoat_gloss" value="0.173205" />
			<float name="specular" value="0.500000" />
		</bsdf>
	</bsdf>
	<bsdf type="twosided" id="mat-Material.002" name="mat-Material.002">
		<bsdf type="principled" name="bsdf">
			<rgb value="0.433648 0.266232 0.084399" name="base_color" />
			<float name="spec_tint" value="0.000000" />
			<float name="spec_trans" value="0.000000" />
			<float name="metallic" value="0.000000" />
			<float name="anisotropic" value="0.000000" />
			<float name="roughness" value="0.500000" />
			<float name="sheen" value="0.000000" />
			<float name="sheen_tint" value="0.500000" />
			<float name="clearcoat" value="0.000000" />
			<float name="clearcoat_gloss" value="0.173205" />
			<float name="specular" value="0.500000" />
		</bsdf>
	</bsdf>
	<bsdf type="twosided" id="mat-Material.003" name="mat-Material.003">
		<bsdf type="principled" name="bsdf">
			<rgb value="0.433648 0.266232 0.084399" name="base_color" />
			<float name="spec_tint" value="0.000000" />
			<float name="spec_trans" value="0.000000" />
			<float name="metallic" value="0.000000" />
			<float name="anisotropic" value="0.000000" />
			<float name="roughness" value="0.500000" />
			<float name="sheen" value="0.000000" />
			<float name="sheen_tint" value="0.500000" />
			<float name="clearcoat" value="0.000000" />
			<float name="clearcoat_gloss" value="0.173205" />
			<float name="specular" value="0.500000" />
		</bsdf>
	</bsdf>
	<bsdf type="twosided" id="mat-Material.004" name="mat-Material.004">
		<bsdf type="principled" name="bsdf">
			<rgb value="0.433648 0.266232 0.084399" name="base_color" />
			<float name="spec_tint" value="0.000000" />
			<float name="spec_trans" value="0.000000" />
			<float name="metallic" value="0.000000" />
			<float name="anisotropic" value="0.000000" />
			<float name="roughness" value="0.500000" />
			<float name="sheen" value="0.000000" />
			<float name="sheen_tint" value="0.500000" />
			<float name="clearcoat" value="0.000000" />
			<float name="clearcoat_gloss" value="0.173205" />
			<float name="specular" value="0.500000" />
		</bsdf>
	</bsdf>
	<bsdf type="twosided" id="mat-Material.005" name="mat-Material.005">
		<bsdf type="principled" name="bsdf">
			<rgb value="0.433648 0.266232 0.084399" name="base_color" />
			<float name="spec_tint" value="0.000000" />
			<float name="spec_trans" value="0.000000" />
			<float name="metallic" value="0.000000" />
			<float name="anisotropic" value="0.000000" />
			<float name="roughness" value="0.500000" />
			<float name="sheen" value="0.000000" />
			<float name="sheen_tint" value="0.500000" />
			<float name="clearcoat" value="0.000000" />
			<float name="clearcoat_gloss" value="0.173205" />
			<float name="specular" value="0.500000" />
		</bsdf>
	</bsdf>
	<emitter type="point" name="temp45">
		<point name="position" x="-6.815235034541981e-16" y="3.0693089962005615" z="4.109199523925781" />
		<rgb value="7.957747 7.957747 7.957747" name="intensity" />
	</emitter>
	<shape type="ply" name="temp2">
		<string name="filename" value="meshes/Cube.ply" />
		<boolean name="face_normals" value="true" />
		<ref id="mat-Material" name="bsdf" />
		<animation name="to_world">
			<transform time="0">
				<matrix value="0.9999991135176153 0.00022517380267529928 0.0014306113514200975 -0.0023604917112882706 -0.00022539856248016496 1.0 0.00015672620361864516 -0.017477732825371683 -0.0014305764617651283 -0.00015704836855970616 0.999999054418678 0.0032326436799527958 0.0 0.0 0.0 1.0" />
			</transform>
			<transform time="0.0015">
				<matrix value="0.9999991135176153 0.00022463021555133836 0.0014310476779907891 -0.0023607317029893855 -0.00022485195756089882 1.0 0.000154581054713082 -0.017475900465756148 -0.001431013522303406 -0.00015490253980273252 0.999999054418678 0.003229740774968323 0.0 0.0 0.0 1.0" />
			</transform>
		</animation>
	</shape>
	<shape type="ply" name="temp4">
		<string name="filename" value="meshes/Plane.ply" />
		<boolean name="face_normals" value="true" />
		<ref id="mat-Material.001" name="bsdf" />
	</shape>
	<shape type="ply" name="temp5">
		<string name="filename" value="meshes/Cube_001.ply" />
		<boolean name="face_normals" value="true" />
		<ref id="mat-Material" name="bsdf" />
		<animation name="to_world">
			<transform time="0">
				<matrix value="0.9999986702764229 -2.96655563041406e-05 -0.0017373319288298762 0.0023500006603605073 3.095042435911757e-05 0.9999965583628654 0.0007265551385016602 -0.018480162298272457 0.0017369713683919386 -0.0007266109469090971 0.9999951538957241 -0.0038404014845236922 0.0 0.0 0.0 1.0" />
			</transform>
			<transform time="0.0015">
				<matrix value="0.9999986702764229 -3.93356325768927e-05 -0.0017380005884487415 0.002354150332022015 4.093198389067412e-05 0.999996430707373 0.0009055745604141517 -0.01868024701670457 0.0017376273581228108 -0.000905647625059335 0.9999950262402031 -0.0038388739621829926 0.0 0.0 0.0 1.0" />
			</transform>
		</animation>
	</shape>
	<shape type="ply" name="temp6">
		<string name="filename" value="meshes/Cube_002.ply" />
		<boolean name="face_normals" value="true" />
		<ref id="mat-Material" name="bsdf" />
		<animation name="to_world">
			<transform time="0">
				<matrix value="1.0 2.9976596867484452e-05 0.0003849544300721337 -0.0009347362670226733 -3.0072585177659932e-05 0.9999962454867622 0.0002782254842676544 -0.017766096467882436 -0.00038480914920739607 -0.00027823550392868106 0.9999962176747115 0.000745031286388087 0.0 0.0 0.0 1.0" />
			</transform>
			<transform time="0.0015">
				<matrix value="1.0 2.637217194688753e-05 0.00038524556976363665 -0.0009335518964255416 -2.6392851392739496e-05 0.9999963055599352 8.235170392087258e-05 -0.017646899347170817 -0.00038510716098588726 -8.235993993611435e-05 0.9999962687369199 0.000738390070560349 0.0 0.0 0.0 1.0" />
			</transform>
		</animation>
	</shape>
	<shape type="ply" name="temp7">
		<string name="filename" value="meshes/Cube_003.ply" />
		<boolean name="face_normals" value="true" />
		<ref id="mat-Material" name="bsdf" />
		<animation name="to_world">
			<transform time="0">
				<matrix value="0.9999991135176153 -0.00042022180829872583 0.001371871839689925 -0.001183152836925272 0.00042571720857334847 0.9999912394691118 -0.004011912433496084 -0.01739046608465511 -0.001370054093155115 0.004012490014037708 0.9999905441867789 0.0039485458113603655 0.0 0.0 0.0 1.0" />
			</transform>
			<transform time="0.0015">
				<matrix value="0.9999991135176153 -0.0004122778820873948 0.0013721937869138232 -0.0011842381217598485 0.00041766833744396963 0.9999915548532701 -0.00393434723687824 -0.017398305436819 -0.00137044088933795 0.003934913621018363 0.9999908505600292 0.003955703746344136 0.0 0.0 0.0 1.0" />
			</transform>
		</animation>
	</shape>
	<shape type="ply" name="temp8">
		<string name="filename" value="meshes/Cube_004.ply" />
		<boolean name="face_normals" value="true" />
		<ref id="mat-Material" name="bsdf" />
		<animation name="to_world">
			<transform time="0">
				<matrix value="0.9999995567588077 -0.00033525508788689743 0.0011158107816127928 -0.0004591184492810374 0.00033713700762552147 0.9999984356194843 -0.0016854124223855032 -0.01867389541019826 -0.0011152435964944941 0.0016857879158905602 0.9999981088373557 0.0034218682098574194 0.0 0.0 0.0 1.0" />
			</transform>
			<transform time="0.0015">
				<matrix value="0.9999995567588076 -0.00033529683874211527 0.0011163362968408053 -0.00045926680697774694 0.00033719277712465547 0.9999984130920444 -0.0016971947716604265 -0.018674294429462647 -0.001115765069236039 0.0016975704427635518 0.9999980918166196 0.0034260283292469823 0.0 0.0 0.0 1.0" />
			</transform>
		</animation>
	</shape>
	<shape type="ply" name="temp9">
		<string name="filename" value="meshes/Cube_005.ply" />
		<boolean name="face_normals" value="true" />
		<ref id="mat-Material" name="bsdf" />
		<animation name="to_world">
			<transform time="0">
				<matrix value="0.9999997783794039 0.0003211450013870841 0.0008081623525306829 -0.0007007604616169338 -0.0003241230029768078 0.9999920738053869 0.0036866182749665383 -0.015507053734646337 -0.0008066701594072623 -0.0036868735959684875 0.9999918443610967 0.0022397266035682484 0.0 0.0 0.0 1.0" />
			</transform>
			<transform time="0.0015">
				<matrix value="0.9999997624224656 0.0003356832649239747 0.0008083114541791814 -0.0007028374850936145 -0.0003387486059847486 0.9999916683114694 0.003794404809827296 -0.01542637918189358 -0.0008067306362031759 -0.003794671600848283 0.9999914443737976 0.002237365685445341 0.0 0.0 0.0 1.0" />
			</transform>
		</animation>
	</shape>
	<shape type="ply" name="temp10">
		<string name="filename" value="meshes/Cube_006.ply" />
		<boolean name="face_normals" value="true" />
		<ref id="mat-Material" name="bsdf" />
		<animation name="to_world">
			<transform time="0">
				<matrix value="0.9999991135176153 1.2982793900167481e-05 -0.0014624455286059625 -0.0012087074830087197 -1.1922523212541244e-05 0.9999988527876218 0.0007357816482522585 -0.017253646756755225 0.0014621884236038346 -0.0007357604870855176 0.9999979906396905 -0.0035155410576060975 0.0 0.0 0.0 1.0" />
			</transform>
			<transform time="0.0015">
				<matrix value="0.9999991135176153 2.8444239431903802e-05 -0.0014633244794197138 -0.001209096716987549 -2.7513935864139933e-05 0.9999989203699414 0.0006464855049826034 -0.01727540733094004 0.0014630777037717138 -0.0006464416660361429 0.999998050212267 -0.0035209137346799277 0.0 0.0 0.0 1.0" />
			</transform>
		</animation>
	</shape>
	<shape type="ply" name="temp11">
		<string name="filename" value="meshes/Cube_007.ply" />
		<boolean name="face_normals" value="true" />
		<ref id="mat-Material" name="bsdf" />
		<animation name="to_world">
			<transform time="0">
				<matrix value="0.9999991135176153 0.001436097141772506 -9.592248786228174e-05 0.00047940599802731576 -0.0014365535692440255 0.9999874849558741 -0.004645995628577548 -0.018784853938110385 8.888116171743552e-05 0.004646135041497801 0.9999887712217999 -0.0003892948177178779 0.0 0.0 0.0 1.0" />
			</transform>
			<transform time="0.0015">
				<matrix value="0.9999990816037387 0.0014602812495659997 -9.774793628111584e-05 0.0004768936104566218 -0.001460752904356093 0.9999870794619565 -0.0047248458907732035 -0.018803583057162905 9.048095647413865e-05 0.004724990242186858 0.9999884052759729 -0.0003959611490263402 0.0 0.0 0.0 1.0" />
			</transform>
		</animation>
	</shape>
	<shape type="ply" name="temp12">
		<string name="filename" value="meshes/Cube_008.ply" />
		<boolean name="face_normals" value="true" />
		<ref id="mat-Material" name="bsdf" />
		<animation name="to_world">
			<transform time="0">
				<matrix value="0.999997340552846 -0.0023524538872769975 9.181393701766489e-05 0.0002254835877031347 0.00235220122440947 0.9999935338938684 0.002673595728998284 -0.019644951281215683 -9.817016738560388e-05 -0.0026733750779582956 0.9999964540700421 4.478201263047321e-05 0.0 0.0 0.0 1.0" />
			</transform>
			<transform time="0.0015">
				<matrix value="0.9999973724667224 -0.0023348708450044364 9.18658928147016e-05 0.00022411650564822154 0.002334620189000068 0.9999936240036278 0.002653758912075621 -0.019631187761096052 -9.812847190599383e-05 -0.0026535400426138207 0.9999965051322505 4.314908422567408e-05 0.0 0.0 0.0 1.0" />
			</transform>
		</animation>
	</shape>
	<shape type="ply" name="temp13">
		<string name="filename" value="meshes/Cube_009.ply" />
		<boolean name="face_normals" value="true" />
		<ref id="mat-Material" name="bsdf" />
		<animation name="to_world">
			<transform time="0">
				<matrix value="0.9999991135176153 -0.0010698652338331704 0.0009319484034095772 0.0016936845375405962 0.0010693127279367831 0.999999165663725 0.0005940732853892083 -0.0190894291313409 -0.0009326947114233894 -0.0005930764690054504 0.9999994090116737 0.0015793445553321517 0.0 0.0 0.0 1.0" />
			</transform>
			<transform time="0.0015">
				<matrix value="0.9999991454314917 -0.001036948138701314 0.0009321880553742871 0.0016910034485782246 0.001036412233974135 0.9999992107186048 0.0005762607446144818 -0.019048674326887907 -0.00093289576884516 -0.0005752944343474085 0.9999994175220417 0.0015781005506605049 0.0 0.0 0.0 1.0" />
			</transform>
		</animation>
	</shape>
	<shape type="ply" name="temp14">
		<string name="filename" value="meshes/Cube_010.ply" />
		<boolean name="face_normals" value="true" />
		<ref id="mat-Material" name="bsdf" />
		<animation name="to_world">
			<transform time="0">
				<matrix value="0.9992391764933239 0.027005563980034335 0.006776236690351903 0.015838613425250503 -0.02700355767543043 0.9992619252726715 -0.0003563809718779387 0.030644570471561133 -0.006796203905132201 0.0001577239723584392 0.9999767150599427 0.010920330686334134 0.0 0.0 0.0 1.0" />
			</transform>
			<transform time="0.0015">
				<matrix value="0.9991857686210488 0.028971652526910703 0.006815727351283831 0.016023778731030607 -0.028969403238922265 0.9992087830420282 -0.0003979179763421959 0.03414532670888092 -0.006837127388070409 0.00018482290559616437 0.9999764342177966 0.010970666362205549 0.0 0.0 0.0 1.0" />
			</transform>
		</animation>
	</shape>
	<shape type="ply" name="temp15">
		<string name="filename" value="meshes/Cube_011.ply" />
		<boolean name="face_normals" value="true" />
		<ref id="mat-Material" name="bsdf" />
		<animation name="to_world">
			<transform time="0">
				<matrix value="0.9796871426367886 0.1985672360316464 -0.0025717530746758666 0.059104976196278414 -0.1983303547525207 0.9790766191859799 0.034858039876109935 0.3306533572582855 0.009687563715921402 -0.033552134545067724 0.9993442393531089 -0.05512509723174008 0.0 0.0 0.0 1.0" />
			</transform>
			<transform time="0.0015">
				<matrix value="0.9792884425780298 0.20053304050750603 -0.0026670107307750403 0.05990842762317218 -0.20028535733712727 0.9786565950696826 0.035532284849536494 0.33455724540072873 0.009982155284271103 -0.03417486582167971 0.9993204784054714 -0.056289493208857996 0.0 0.0 0.0 1.0" />
			</transform>
		</animation>
	</shape>
	<shape type="ply" name="temp16">
		<string name="filename" value="meshes/Cube_012.ply" />
		<boolean name="face_normals" value="true" />
		<ref id="mat-Material" name="bsdf" />
		<animation name="to_world">
			<transform time="0">
				<matrix value="0.9875349495680172 0.15536843246986481 0.008125853091649052 0.13066036212043597 -0.15489630815546063 0.9780832375584818 0.13485417481245576 0.3589614230127686 0.013577324312488587 -0.13432858874104914 0.9905243295710229 -0.38035578939931625 0.0 0.0 0.0 1.0" />
			</transform>
			<transform time="0.0015">
				<matrix value="0.9872681974315299 0.15706597418448565 0.008086364983827542 0.13091048148574505 -0.15654915015763476 0.9775785928689023 0.13661582270398032 0.3634080988336147 0.014122672144160516 -0.13603961913574691 0.990284813772202 -0.3830106282279574 0.0 0.0 0.0 1.0" />
			</transform>
		</animation>
	</shape>
	<shape type="ply" name="temp17">
		<string name="filename" value="meshes/Cube_013.ply" />
		<boolean name="face_normals" value="true" />
		<ref id="mat-Material" name="bsdf" />
		<animation name="to_world">
			<transform time="0">
				<matrix value="0.9806350139266382 0.17348358339086778 0.08891177064357683 0.17073740698893158 -0.1944400268072273 0.8878236964017163 0.4142647325115916 0.6614642865426832 -0.006279420134142514 -0.423464456231762 0.9047718052234858 -0.4382830071289989 0.0 0.0 0.0 1.0" />
			</transform>
			<transform time="0.0015">
				<matrix value="0.9803795912162983 0.17478160546495725 0.08919631224671903 0.1709954815950658 -0.19575778268061328 0.8862255547627591 0.41707125616095664 0.6660930133671783 -0.005365340331134814 -0.4262832997638719 0.9034588341487886 -0.4414074403046215 0.0 0.0 0.0 1.0" />
			</transform>
		</animation>
	</shape>
	<shape type="ply" name="temp18">
		<string name="filename" value="meshes/Cube_014.ply" />
		<boolean name="face_normals" value="true" />
		<ref id="mat-Material" name="bsdf" />
		<animation name="to_world">
			<transform time="0">
				<matrix value="0.9646180501997245 0.2577884248356879 0.053024973748298544 0.06489172057755727 -0.18548748552817507 0.5237200760080346 0.8298674625939848 0.8689171638648266 0.18693475666945022 -0.8103259543242607 0.5532040786704748 -0.5776078227444938 0.0 0.0 0.0 1.0" />
			</transform>
			<transform time="0.0015">
				<matrix value="0.9643853820833088 0.2584820597274481 0.05388523664481583 0.06530538788329879 -0.1859122815637247 0.5205749525460555 0.8317573600301751 0.8710011565165645 0.18771381269077206 -0.8121380015138898 0.5502865542904383 -0.5802125007473641 0.0 0.0 0.0 1.0" />
			</transform>
		</animation>
	</shape>
	<shape type="ply" name="temp19">
		<string name="filename" value="meshes/Cube_015.ply" />
		<boolean name="face_normals" value="true" />
		<ref id="mat-Material" name="bsdf" />
		<animation name="to_world">
			<transform time="0">
				<matrix value="0.9704763690390708 0.23439718161206285 0.056331222480628586 0.024340055383313353 -0.14183740317396154 0.36570043573211963 0.9195284291388449 0.598794186264191 0.19507481468085747 -0.9003775371644664 0.3881412755230128 -0.37754771096088635 0.0 0.0 0.0 1.0" />
			</transform>
			<transform time="0.0015">
				<matrix value="0.9704968098769509 0.23418733100056663 0.056852262106075746 0.02457950820621202 -0.1418863207638171 0.36404204070066826 0.9201804254570392 0.5992171658051743 0.19493755469384721 -0.9011057441672741 0.3865210205885935 -0.37810727972789426 0.0 0.0 0.0 1.0" />
			</transform>
		</animation>
	</shape>
	<shape type="ply" name="temp20">
		<string name="filename" value="meshes/Cube_016.ply" />
		<boolean name="face_normals" value="true" />
		<ref id="mat-Material" name="bsdf" />
		<animation name="to_world">
			<transform time="0">
				<matrix value="0.9650085456901886 0.24300200449290085 0.0980384151867925 0.07364347006662247 -0.18478193419818556 0.365978269711716 0.9117422761371679 0.3171035855154791 0.18591494733408154 -0.8979857036479268 0.39813689748149145 -0.25742295406920235 0.0 0.0 0.0 1.0" />
			</transform>
			<transform time="0.0015">
				<matrix value="0.964875640351623 0.24327026875596902 0.09868170369638268 0.07343469491712146 -0.18515437232799598 0.36429671647208256 0.9123417805051374 0.3176279230694392 0.18623464459163508 -0.8985984349939824 0.3966056184451915 -0.2570359130146218 0.0 0.0 0.0 1.0" />
			</transform>
		</animation>
	</shape>
	<shape type="ply" name="temp21">
		<string name="filename" value="meshes/Cube_017.ply" />
		<boolean name="face_normals" value="true" />
		<ref id="mat-Material" name="bsdf" />
		<animation name="to_world">
			<transform time="0">
				<matrix value="0.93743739218158 0.22981365099296447 0.2614960231213545 0.19257630015674854 -0.33214212262888126 0.3660891321442651 0.8689248173018688 0.11119561876388036 0.10405851581573222 -0.9014084639243424 0.41954887733493573 -0.0677579829751424 0.0 0.0 0.0 1.0" />
			</transform>
			<transform time="0.0015">
				<matrix value="0.9373411399301419 0.2298975957430509 0.2617672825930577 0.19221973665290393 -0.3322364760046693 0.3644130680908123 0.8695948981522011 0.11160560179135748 0.10462443022595747 -0.9020677594886004 0.4179919991114963 -0.06688952824579494 0.0 0.0 0.0 1.0" />
			</transform>
		</animation>
	</shape>
	<shape type="ply" name="temp22">
		<string name="filename" value="meshes/Cube_018.ply" />
		<boolean name="face_normals" value="true" />
		<ref id="mat-Material" name="bsdf" />
		<animation name="to_world">
			<transform time="0">
				<matrix value="0.15879080256796219 0.9822621150841742 0.099648515602801 0.8650158727373405 -0.524578832219025 -0.0014628532631934638 0.8511158568787023 -0.061826785618428186 0.8361647580700924 -0.18745410629026976 0.515034743021728 -0.2800158344852851 0.0 0.0 0.0 1.0" />
			</transform>
			<transform time="0.0015">
				<matrix value="0.15862057714225067 0.982313500174508 0.0994132694556384 0.8651591549248137 -0.5233353558931264 -0.0016285875631944335 0.8518819772326478 -0.062366624732259006 0.8369771896234282 -0.1871835622502872 0.5138142200753208 -0.2792851471176325 0.0 0.0 0.0 1.0" />
			</transform>
		</animation>
	</shape>
	<shape type="ply" name="temp23">
		<string name="filename" value="meshes/Cube_019.ply" />
		<boolean name="face_normals" value="true" />
		<ref id="mat-Material" name="bsdf" />
		<animation name="to_world">
			<transform time="0">
				<matrix value="-0.07247277169355368 0.988207282504177 -0.13486545086972207 0.4599982287652431 -0.9089030755619856 -0.009840097367043301 0.4164068287991921 -0.049172167618444076 0.4101693491623628 0.15280336988421497 0.8988957264924937 -0.04539797742303325 0.0 0.0 0.0 1.0" />
			</transform>
			<transform time="0.0015">
				<matrix value="-0.07234220564213335 0.9882021462478875 -0.13497324999992755 0.46005926925009366 -0.909504731918165 -0.009898173557566042 0.4150921982027223 -0.048398173561553404 0.40885919038727087 0.15283284779019402 0.8994885502215323 -0.04552748587119458 0.0 0.0 0.0 1.0" />
			</transform>
		</animation>
	</shape>
	<shape type="ply" name="temp24">
		<string name="filename" value="meshes/Cube_020.ply" />
		<boolean name="face_normals" value="true" />
		<ref id="mat-Material" name="bsdf" />
		<animation name="to_world">
			<transform time="0">
				<matrix value="0.03978615928140993 0.9988966325904187 -0.02312363568083862 -0.1455732953312295 -0.8932354353172156 0.025178564475217935 -0.44877561474648403 0.3079104505016195 -0.44775672399364086 0.03847810969300945 0.8933145505744557 0.14991588792025512 0.0 0.0 0.0 1.0" />
			</transform>
			<transform time="0.0015">
				<matrix value="0.039291541233451674 0.998905719167573 -0.02358226707559111 -0.14523830784014857 -0.8931338240158733 0.024520402963578436 -0.449014798640862 0.30815623822487925 -0.44800337430267956 0.03867296917106385 0.8931825207240947 0.15001233033518102 0.0 0.0 0.0 1.0" />
			</transform>
		</animation>
	</shape>
	<shape type="ply" name="temp25">
		<string name="filename" value="meshes/Cube_021.ply" />
		<boolean name="face_normals" value="true" />
		<ref id="mat-Material" name="bsdf" />
		<animation name="to_world">
			<transform time="0">
				<matrix value="0.2095204662188158 0.9472114395846675 -0.24211089683187706 -0.19929211866294916 -0.6960564387875049 -0.029449755226595306 -0.7173365479946348 0.24971597243077226 -0.6865544557264103 0.3188655946836093 0.6532458733649127 0.21709595125052877 0.0 0.0 0.0 1.0" />
			</transform>
			<transform time="0.0015">
				<matrix value="0.2106174546603223 0.9468841083742714 -0.2424421884399106 -0.1985145656581191 -0.6957552515783048 -0.029050222069600007 -0.7176451935132474 0.2497679964394932 -0.6865250311323035 0.31987485402618204 0.6527841518559152 0.2174731029466238 0.0 0.0 0.0 1.0" />
			</transform>
		</animation>
	</shape>
	<shape type="ply" name="temp26">
		<string name="filename" value="meshes/Cube_022.ply" />
		<boolean name="face_normals" value="true" />
		<ref id="mat-Material" name="bsdf" />
		<animation name="to_world">
			<transform time="0">
				<matrix value="0.6117266992537591 0.3982109744421941 -0.6833677209740812 -0.08896018484362583 -0.738951105177589 -0.020207988561249668 -0.6732819141970052 -0.219745518641559 -0.28197688231237156 0.9170612381967491 0.2818770829383561 0.6623038348716634 0.0 0.0 0.0 1.0" />
			</transform>
			<transform time="0.0015">
				<matrix value="0.6110203972966295 0.39795323049354325 -0.6841501727243435 -0.08912624069774852 -0.7396867679010725 -0.020332522576663074 -0.6724707484648916 -0.22034210778021224 -0.281581245985754 0.9171704136794852 0.2819176603732899 0.6624995635645481 0.0 0.0 0.0 1.0" />
			</transform>
		</animation>
	</shape>
	<shape type="ply" name="temp27">
		<string name="filename" value="meshes/Cube_023.ply" />
		<boolean name="face_normals" value="true" />
		<ref id="mat-Material" name="bsdf" />
		<animation name="to_world">
			<transform time="0">
				<matrix value="0.8562754974495901 0.2768441438979774 -0.4359665330402661 -0.08028654138427466 -0.48689513090685377 0.1518985113355012 -0.8600662568832409 -0.29190224156302 -0.17190531215704213 0.9487199195699831 0.2649092171012164 0.19373036923518094 0.0 0.0 0.0 1.0" />
			</transform>
			<transform time="0.0015">
				<matrix value="0.8565070645372675 0.276234964378274 -0.435898543709795 -0.07973937842327537 -0.48681193143089246 0.1527591181097171 -0.859961358086472 -0.29189682587404053 -0.17098747066541475 0.9487598907574516 0.2653616708193911 0.1944501933038391 0.0 0.0 0.0 1.0" />
			</transform>
		</animation>
	</shape>
	<shape type="ply" name="temp28">
		<string name="filename" value="meshes/Cube_024.ply" />
		<boolean name="face_normals" value="true" />
		<ref id="mat-Material" name="bsdf" />
		<animation name="to_world">
			<transform time="0">
				<matrix value="0.8815167536305886 0.31914217715879295 -0.34795927003013094 -0.13969784563784488 -0.41195042524559994 0.15977084954205367 -0.8970895479695769 -0.5385594391114307 -0.23070533414180527 0.9341411446676526 0.2723114640861122 -0.2116293596456566 0.0 0.0 0.0 1.0" />
			</transform>
			<transform time="0.0015">
				<matrix value="0.8814976372185821 0.31921674298474867 -0.34793928768591437 -0.13965917998247368 -0.4119651902005495 0.15982341356840712 -0.8970734123117257 -0.538568873137255 -0.23075197786796225 0.9341066851938046 0.2723901764803452 -0.21168602321970698 0.0 0.0 0.0 1.0" />
			</transform>
		</animation>
	</shape>
	<shape type="ply" name="temp29">
		<string name="filename" value="meshes/Cube_025.ply" />
		<boolean name="face_normals" value="true" />
		<ref id="mat-Material" name="bsdf" />
		<animation name="to_world">
			<transform time="0">
				<matrix value="0.8846325175922429 0.4029359250599158 -0.23465086300843319 -0.29434491214371455 -0.3365383217470086 0.20342319830296002 -0.9194310342626664 -0.8027936400984134 -0.3227436142241418 0.8923325539241964 0.3155588078299807 -0.7271914791974552 0.0 0.0 0.0 1.0" />
			</transform>
			<transform time="0.0015">
				<matrix value="0.8845894817298211 0.4029194124464942 -0.23484143482947548 -0.29446658671022513 -0.3366790140714333 0.20328135052327193 -0.9194109157525608 -0.802917010853671 -0.3227148454601965 0.8923723448921459 0.31547570408582615 -0.7272112967537814 0.0 0.0 0.0 1.0" />
			</transform>
		</animation>
	</shape>
	<shape type="ply" name="temp30">
		<string name="filename" value="meshes/Cube_026.ply" />
		<boolean name="face_normals" value="true" />
		<ref id="mat-Material" name="bsdf" />
		<animation name="to_world">
			<transform time="0">
				<matrix value="0.9216174491646677 0.24087726287641603 -0.30428889684227844 -0.3171605980982259 -0.3552111645364495 0.20775652190237015 -0.9114044672098401 -1.1424989434713493 -0.15631798211787734 0.9480541192224821 0.2770322788368026 -0.829648912299241 0.0 0.0 0.0 1.0" />
			</transform>
			<transform time="0.0015">
				<matrix value="0.9216287307200004 0.2407057089126916 -0.3043905191473424 -0.3171530843115524 -0.35528213940202835 0.20787814679929079 -0.9113490817344733 -1.1425663611354775 -0.15609016331499148 0.9480710523481145 0.2771028723399016 -0.8293455547785166 0.0 0.0 0.0 1.0" />
			</transform>
		</animation>
	</shape>
	<shape type="ply" name="temp31">
		<string name="filename" value="meshes/Cube_027.ply" />
		<boolean name="face_normals" value="true" />
		<ref id="mat-Material" name="bsdf" />
		<animation name="to_world">
			<transform time="0">
				<matrix value="0.8728159290246744 0.16961330599491473 -0.4576272007814284 -0.5409708133961018 -0.48534866238672975 0.2031804585929336 -0.8503827949587277 -1.5761845449477911 -0.05125676607680129 0.9643368173825619 0.25966194994943503 -0.9554340153051067 0.0 0.0 0.0 1.0" />
			</transform>
			<transform time="0.0015">
				<matrix value="0.8728530767768872 0.16957904025704956 -0.4575690494364404 -0.5408279168261443 -0.4852897493707633 0.20330691337296142 -0.85038621612669 -1.5761758294597086 -0.05118215143361085 0.9643162047750848 0.2597532406676681 -0.9552576904323158 0.0 0.0 0.0 1.0" />
			</transform>
		</animation>
	</shape>
	<shape type="ply" name="temp32">
		<string name="filename" value="meshes/Cube_028.ply" />
		<boolean name="face_normals" value="true" />
		<ref id="mat-Material" name="bsdf" />
		<animation name="to_world">
			<transform time="0">
				<matrix value="-0.10758270437408139 0.9806196198346763 0.16374080954053732 -1.449157823012809 -0.8427209601668005 -0.002562992388767331 -0.538344149995674 -2.093576885928953 -0.5274911484733886 -0.1959043788053556 0.8266645422606296 -1.1510086277896172 0.0 0.0 0.0 1.0" />
			</transform>
			<transform time="0.0015">
				<matrix value="-0.10759005094844515 0.9806199502371277 0.16373401486267425 -1.449165854617358 -0.8426897324386731 -0.002561450685874384 -0.5383930250394712 -2.0936021447895445 -0.5275395299101195 -0.19590275457694128 0.8266340581222209 -1.1511706947284936 0.0 0.0 0.0 1.0" />
			</transform>
		</animation>
	</shape>
	<shape type="ply" name="temp33">
		<string name="filename" value="meshes/Cube_029.ply" />
		<boolean name="face_normals" value="true" />
		<ref id="mat-Material" name="bsdf" />
		<animation name="to_world">
			<transform time="0">
				<matrix value="-0.010731990667113455 0.9848360424927465 0.17314903638171417 -1.6594590118899133 -0.9994246729323242 -0.004992192698306089 -0.033546624960226486 -1.9387947486794943 -0.03217295670242737 -0.17340964033849024 0.9843230890628862 -0.2535722632921382 0.0 0.0 0.0 1.0" />
			</transform>
			<transform time="0.0015">
				<matrix value="-0.010765505343628797 0.9848186438000235 0.17324592351798673 -1.6593718860710225 -0.9994230772385005 -0.005015239620935159 -0.033590618456901596 -1.9388529016394114 -0.03221122542955129 -0.1735077923939854 0.9843045449708727 -0.2537301086006281 0.0 0.0 0.0 1.0" />
			</transform>
		</animation>
	</shape>
	<shape type="ply" name="temp34">
		<string name="filename" value="meshes/Cube_030.ply" />
		<boolean name="face_normals" value="true" />
		<ref id="mat-Material" name="bsdf" />
		<animation name="to_world">
			<transform time="0">
				<matrix value="-0.034634956823201266 0.9820293135019644 -0.1855215469301963 -3.1889072261279305 -0.9792430127684819 0.00374271196070219 0.20263012300305133 -1.9506571259507812 0.19968317973678984 0.18869042675795084 0.9615159856553948 0.2312073653130785 0.0 0.0 0.0 1.0" />
			</transform>
			<transform time="0.0015">
				<matrix value="-0.0346009978764904 0.9820258953004455 -0.18554597671785356 -3.188861214259238 -0.9792886047110723 0.003738415725945297 0.2024098962956416 -1.9510288099622337 0.19946551222415143 0.18870829751548834 0.9615576844086131 0.23075861047460705 0.0 0.0 0.0 1.0" />
			</transform>
		</animation>
	</shape>
	<shape type="ply" name="temp35">
		<string name="filename" value="meshes/Cube_031.ply" />
		<boolean name="face_normals" value="true" />
		<ref id="mat-Material" name="bsdf" />
		<animation name="to_world">
			<transform time="0">
				<matrix value="0.10321728835676305 0.9849971736858683 0.1382919657264594 -2.0098902829549283 -0.8098286961439789 0.002493436902276278 0.5866598096261124 -1.3059058060147521 0.5775131332365295 -0.1725464464575125 0.7979363633226026 0.54600993428301 0.0 0.0 0.0 1.0" />
			</transform>
			<transform time="0.0015">
				<matrix value="0.10328840045201075 0.984979181770562 0.13836701951346125 -2.0096310495804954 -0.8097713149940831 0.0024901127532496858 0.5867390156216932 -1.3056728522292285 0.5775808863962786 -0.17264918735250828 0.7978651145211626 0.5460999403061639 0.0 0.0 0.0 1.0" />
			</transform>
		</animation>
	</shape>
	<shape type="ply" name="temp36">
		<string name="filename" value="meshes/Cube_032.ply" />
		<boolean name="face_normals" value="true" />
		<ref id="mat-Material" name="bsdf" />
		<animation name="to_world">
			<transform time="0">
				<matrix value="0.7699837507778883 0.585537093547869 0.25351708972763004 -0.5623027430930767 -0.28515837894285206 -0.039648327260060526 0.9576584049650585 0.2933215243116686 0.5707955913458044 -0.8096749634456419 0.1364419949685618 -0.18561885259658784 0.0 0.0 0.0 1.0" />
			</transform>
			<transform time="0.0015">
				<matrix value="0.7699996917591858 0.5855395490388143 0.25346304038004935 -0.5623253334453167 -0.28504895902598176 -0.039708909553176866 0.957688472095432 0.29373769432601016 0.5708287658203965 -0.8096702176649769 0.13633134486505452 -0.18565365966304206 0.0 0.0 0.0 1.0" />
			</transform>
		</animation>
	</shape>
	<shape type="ply" name="temp37">
		<string name="filename" value="meshes/Cube_033.ply" />
		<boolean name="face_normals" value="true" />
		<ref id="mat-Material" name="bsdf" />
		<animation name="to_world">
			<transform time="0">
				<matrix value="0.9782310953199049 0.16007620618952367 0.13206007656371965 -0.1317956199251149 -0.14986197469270088 0.10473358599816865 0.9831432399682095 0.3006832182015999 0.14354709526317 -0.98153175796739 0.1264429807370901 -0.39105684085465353 0.0 0.0 0.0 1.0" />
			</transform>
			<transform time="0.0015">
				<matrix value="0.9782319250806932 0.16008831769211015 0.1320393231801564 -0.13181285571981585 -0.14985698336242073 0.10483135508718606 0.9831335807004558 0.30069111070393184 0.14354672027512147 -0.9815193528571706 0.12653972234606875 -0.39099193868735066 0.0 0.0 0.0 1.0" />
			</transform>
		</animation>
	</shape>
	<shape type="ply" name="temp38">
		<string name="filename" value="meshes/Cube_034.ply" />
		<boolean name="face_normals" value="true" />
		<ref id="mat-Material" name="bsdf" />
		<animation name="to_world">
			<transform time="0">
				<matrix value="0.9999242057561075 0.003326782403013623 0.011872695441021493 -0.03605368696844646 -0.01227868302403963 0.18092861627414622 0.9834195861095996 0.3693770756361189 0.0011235144771438248 -0.9834905709571715 0.18095574395738076 -0.3468263654560546 0.0 0.0 0.0 1.0" />
			</transform>
			<transform time="0.0015">
				<matrix value="0.9999242057561075 0.0033256782580943353 0.011873301379227718 -0.03605389685387833 -0.012279080511371082 0.18092977118089668 0.9834193733503979 0.36937608811359657 0.001122304622086789 -0.9834903607010661 0.18095688689981188 -0.3468390592269613 0.0 0.0 0.0 1.0" />
			</transform>
		</animation>
	</shape>
	<shape type="ply" name="temp39">
		<string name="filename" value="meshes/Cube_035.ply" />
		<boolean name="face_normals" value="true" />
		<ref id="mat-Material" name="bsdf" />
		<animation name="to_world">
			<transform time="0">
				<matrix value="0.9990259774798015 -0.044048178748203576 0.0026626033461286244 0.00907547642350437 0.006750494657170668 0.21217296625318355 0.9772087715905766 0.09187905251760735 -0.043609213300072516 -0.9762388329304185 0.2122636814979521 -0.13944217490778582 0.0 0.0 0.0 1.0" />
			</transform>
			<transform time="0.0015">
				<matrix value="0.9990257381257279 -0.044053633392309735 0.0026639181979946644 0.009077824022004102 0.0067502442928097485 0.21217018786893344 0.9772093758267092 0.09187930585747361 -0.043614842110035176 -0.9762391858603097 0.21226088243789554 -0.139473706450859 0.0 0.0 0.0 1.0" />
			</transform>
		</animation>
	</shape>
	<shape type="ply" name="temp40">
		<string name="filename" value="meshes/Cube_036.ply" />
		<boolean name="face_normals" value="true" />
		<ref id="mat-Material" name="bsdf" />
		<animation name="to_world">
			<transform time="0">
				<matrix value="0.9997207580488168 -0.023472653585664437 0.002736855119448197 0.0046112767028627655 0.002308900992328382 0.2122787183760479 0.9772065258349365 -0.25077438232589716 -0.023518617016561265 -0.9769272646493807 0.21227362192160093 0.24138259002008372 0.0 0.0 0.0 1.0" />
			</transform>
			<transform time="0.0015">
				<matrix value="0.9997205984794344 -0.023479610059094984 0.002737038092361594 0.0046079487652381425 0.002310069997623534 0.21227332680877334 0.9772077002657295 -0.25077164882950076 -0.023525466372729585 -0.976928270875028 0.21226824166691025 0.2413653177317906 0.0 0.0 0.0 1.0" />
			</transform>
		</animation>
	</shape>
	<shape type="ply" name="temp41">
		<string name="filename" value="meshes/Cube_037.ply" />
		<boolean name="face_normals" value="true" />
		<ref id="mat-Material" name="bsdf" />
		<animation name="to_world">
			<transform time="0">
				<matrix value="0.9989535075448516 -0.04564598486096829 0.002994726965757191 -0.003640725778428555 0.006776284645947801 0.2124068932863046 0.9771578283968473 -0.569333363738427 -0.04523945662175746 -0.9761146211174683 0.21249380053245687 0.5080964385035391 0.0 0.0 0.0 1.0" />
			</transform>
			<transform time="0.0015">
				<matrix value="0.9989533160615928 -0.04565007208947461 0.0029956562979498863 -0.0036602061962324028 0.006775939018665614 0.21240026270983745 0.9771592751594184 -0.5693353857304875 -0.04524369478455288 -0.9761158676358075 0.21248714882877726 0.5081016005905237 0.0 0.0 0.0 1.0" />
			</transform>
		</animation>
	</shape>
	<shape type="ply" name="temp42">
		<string name="filename" value="meshes/Cube_038.ply" />
		<boolean name="face_normals" value="true" />
		<ref id="mat-Material" name="bsdf" />
		<animation name="to_world">
			<transform time="0">
				<matrix value="0.9992828357507708 -0.037751442880295694 0.0030342049859557532 0.0041493809589634445 0.005058760484870405 0.21244329120630423 0.9771603105478177 -0.9045936259211103 -0.03753382595159452 -0.9764438710700154 0.21248192166709767 0.8547937000944492 0.0 0.0 0.0 1.0" />
			</transform>
			<transform time="0.0015">
				<matrix value="0.9992827080952649 -0.03775511935848178 0.003031473157806895 0.0041588222046958865 0.005061942936632147 0.21243623260847966 0.9771618339037014 -0.9045857005368079 -0.03753687388636693 -0.9764452602621405 0.21247497635571985 0.8548161725864636 0.0 0.0 0.0 1.0" />
			</transform>
		</animation>
	</shape>
	<shape type="ply" name="temp43">
		<string name="filename" value="meshes/Cube_039.ply" />
		<boolean name="face_normals" value="true" />
		<ref id="mat-Material" name="bsdf" />
		<animation name="to_world">
			<transform time="0">
