<scene version="2.1.0">
	<default name="spp" value="1024" />
	<default name="resx" value="640" />
	<default name="resy" value="360" />
	<integrator type="path" name="temp0">
		<integer name="max_depth" value="12" />
	</integrator>
	<sensor type="perspective" name="temp44">
		<string name="fov_axis" value="x" />
		<float name="fov" value="83.974423" />
		<float name="principal_point_offset_x" value="0.000000" />
		<float name="principal_point_offset_y" value="-0.000000" />
		<float name="near_clip" value="0.100000" />
		<float name="far_clip" value="1000.000000" />
		<transform name="to_world">
			<rotate x="1" angle="-142.5518126578256" />
			<rotate y="1" angle="3.976628485794621e-06" />
			<rotate z="1" angle="-179.999991348578" />
			<translate value="-0.000000 3.030926 4.073377" />
		</transform>
		<sampler type="correlated" name="sampler">
			<integer name="sample_count" value="1024" />
		</sampler>
		<film type="hdrfilm" name="film">
			<integer name="width" value="$resx" />
			<integer name="height" value="$resy" />
		</film>
		<float name="shutter_open" value="0.0" />
		<float name="shutter_close" value="0.0015" />
	</sensor>
	<bsdf type="twosided" id="mat-Material" name="mat-Material">
		<bsdf type="diffuse" name="bsdf">
			<texture type="bitmap" name="reflectance">
				<string name="filename" value="textures/siggraph_2023_logo.jpg" />
			</texture>
		</bsdf>
	</bsdf>
	<bsdf type="twosided" id="mat-Material.001" name="mat-Material.001">
		<bsdf type="principled" name="bsdf">
			<rgb value="0.433648 0.266232 0.084399" name="base_color" />
			<float name="spec_tint" value="0.000000" />
			<float name="spec_trans" value="0.000000" />
			<float name="metallic" value="0.000000" />
			<float name="anisotropic" value="0.000000" />
			<float name="roughness" value="0.500000" />
			<float name="sheen" value="0.000000" />
			<float name="sheen_tint" value="0.500000" />
			<float name="clearcoat" value="0.000000" />
			<float name="clearcoat_gloss" value="0.173205" />
			<float name="specular" value="0.500000" />
		</bsdf>
	</bsdf>
	<bsdf type="twosided" id="mat-Material.002" name="mat-Material.002">
		<bsdf type="principled" name="bsdf">
			<rgb value="0.433648 0.266232 0.084399" name="base_color" />
			<float name="spec_tint" value="0.000000" />
			<float name="spec_trans" value="0.000000" />
			<float name="metallic" value="0.000000" />
			<float name="anisotropic" value="0.000000" />
			<float name="roughness" value="0.500000" />
			<float name="sheen" value="0.000000" />
			<float name="sheen_tint" value="0.500000" />
			<float name="clearcoat" value="0.000000" />
			<float name="clearcoat_gloss" value="0.173205" />
			<float name="specular" value="0.500000" />
		</bsdf>
	</bsdf>
	<bsdf type="twosided" id="mat-Material.003" name="mat-Material.003">
		<bsdf type="principled" name="bsdf">
			<rgb value="0.433648 0.266232 0.084399" name="base_color" />
			<float name="spec_tint" value="0.000000" />
			<float name="spec_trans" value="0.000000" />
			<float name="metallic" value="0.000000" />
			<float name="anisotropic" value="0.000000" />
			<float name="roughness" value="0.500000" />
			<float name="sheen" value="0.000000" />
			<float name="sheen_tint" value="0.500000" />
			<float name="clearcoat" value="0.000000" />
			<float name="clearcoat_gloss" value="0.173205" />
			<float name="specular" value="0.500000" />
		</bsdf>
	</bsdf>
	<bsdf type="twosided" id="mat-Material.004" name="mat-Material.004">
		<bsdf type="principled" name="bsdf">
			<rgb value="0.433648 0.266232 0.084399" name="base_color" />
			<float name="spec_tint" value="0.000000" />
			<float name="spec_trans" value="0.000000" />
			<float name="metallic" value="0.000000" />
			<float name="anisotropic" value="0.000000" />
			<float name="roughness" value="0.500000" />
			<float name="sheen" value="0.000000" />
			<float name="sheen_tint" value="0.500000" />
			<float name="clearcoat" value="0.000000" />
			<float name="clearcoat_gloss" value="0.173205" />
			<float name="specular" value="0.500000" />
		</bsdf>
	</bsdf>
	<bsdf type="twosided" id="mat-Material.005" name="mat-Material.005">
		<bsdf type="principled" name="bsdf">
			<rgb value="0.433648 0.266232 0.084399" name="base_color" />
			<float name="spec_tint" value="0.000000" />
			<float name="spec_trans" value="0.000000" />
			<float name="metallic" value="0.000000" />
			<float name="anisotropic" value="0.000000" />
			<float name="roughness" value="0.500000" />
			<float name="sheen" value="0.000000" />
			<float name="sheen_tint" value="0.500000" />
			<float name="clearcoat" value="0.000000" />
			<float name="clearcoat_gloss" value="0.173205" />
			<float name="specular" value="0.500000" />
		</bsdf>
	</bsdf>
	<emitter type="point" name="temp45">
		<point name="position" x="-6.815235034541981e-16" y="3.0693089962005615" z="4.109199523925781" />
		<rgb value="7.957747 7.957747 7.957747" name="intensity" />
	</emitter>
	<shape type="ply" name="temp2">
		<string name="filename" value="meshes/Cube.ply" />
		<boolean name="face_normals" value="true" />
		<ref id="mat-Material" name="bsdf" />
		<animation name="to_world">
			<transform time="0">
				<matrix value="1.0 0.00018994145045189738 0.0007178640641747132 -0.0014747046856089518 -0.000188574749081161 0.9999981227433812 -0.001903211714239651 -0.014815179474738704 -0.0007182235956789303 0.0019030751549258173 0.9999978724420252 0.00158142869998934 0.0 0.0 0.0 1.0" />
				<scale value="1" />
			</transform>
			<transform time="0.0015">
				<matrix value="1.0 0.00018939601607786749 0.0007184459180393159 -0.0014749208479209735 -0.0001880654993543048 0.9999981828165542 -0.001852436220149878 -0.014883988511435835 -0.0007187954923453001 0.001852299957480639 0.9999979320146016 0.001585572799206887 0.0 0.0 0.0 1.0" />
				<scale value="1" />
			</transform>
		</animation>
	</shape>
	<shape type="ply" name="temp4">
		<string name="filename" value="meshes/Plane.ply" />
		<boolean name="face_normals" value="true" />
		<ref id="mat-Material.001" name="bsdf" />
		<transform name="to_world">
			<scale value="1" />
		</transform>
	</shape>
	<shape type="ply" name="temp5">
		<string name="filename" value="meshes/Cube_001.ply" />
		<boolean name="face_normals" value="true" />
		<ref id="mat-Material" name="bsdf" />
		<animation name="to_world">
			<transform time="0">
				<matrix value="1.0 -0.00018857459904927384 -0.0005123395998583519 0.0011074458004953769 0.00019048644834378497 0.999992908141662 0.0037336278503957965 -0.021827880427750246 0.00051163330833453 -0.003733727835335393 0.9999929081400841 -0.000884678015254714 0.0 0.0 0.0 1.0" />
				<scale value="1" />
			</transform>
			<transform time="0.0015">
				<matrix value="1.0 -0.00018709679899407962 -0.0005128428179220343 0.0011071099986143312 0.00018900634658078832 0.9999929381782484 0.0037256689541814267 -0.02181493583184842 0.0005121431325111628 -0.003725768440282021 0.9999929421815564 -0.000889555662218527 0.0 0.0 0.0 1.0" />
				<scale value="1" />
			</transform>
		</animation>
	</shape>
	<shape type="ply" name="temp6">
		<string name="filename" value="meshes/Cube_002.ply" />
		<boolean name="face_normals" value="true" />
		<ref id="mat-Material" name="bsdf" />
		<animation name="to_world">
			<transform time="0">
				<matrix value="1.0 -5.049361419873473e-05 -1.1978671467698234e-05 -0.0006344112888920783 5.0453258443301475e-05 0.9999943682301434 -0.003351423879994383 -0.01561732721356196 1.2147822710614918e-05 0.00335142243905695 0.9999945629073977 -8.732929382226917e-05 0.0 0.0 0.0 1.0" />
				<scale value="1" />
			</transform>
			<transform time="0.0015">
				<matrix value="1.0 -5.124436365970123e-05 -8.050190252780963e-06 -0.0006364551957619406 5.121598413403283e-05 0.9999944057758765 -0.003339254053661461 -0.015626443411626032 8.221014885439535e-06 0.0033392525904011997 0.99999459694887 -7.760733352075929e-05 0.0 0.0 0.0 1.0" />
				<scale value="1" />
			</transform>
		</animation>
	</shape>
	<shape type="ply" name="temp7">
		<string name="filename" value="meshes/Cube_003.ply" />
		<boolean name="face_normals" value="true" />
		<ref id="mat-Material" name="bsdf" />
		<animation name="to_world">
			<transform time="0">
				<matrix value="1.0 -0.00039466608819351597 0.0005632875214942455 -0.0007924169646091883 0.0003967748884361919 0.999992908141662 -0.00374878079108279 -0.017412862943681773 -0.0005618037788971095 0.0037489920174876884 0.9999929081400841 0.001209062962382046 0.0 0.0 0.0 1.0" />
				<scale value="1" />
			</transform>
			<transform time="0.0015">
				<matrix value="1.0 -0.0003953628619085641 0.0005633968797238804 -0.0007929010569981891 0.00039747586077595084 0.9999928781050755 -0.0037554316437255725 -0.01741221556814195 -0.0005619078181344066 0.0037556433942909882 0.99999288260898 0.0012131787402701617 0.0 0.0 0.0 1.0" />
				<scale value="1" />
			</transform>
		</animation>
	</shape>
	<shape type="ply" name="temp8">
		<string name="filename" value="meshes/Cube_004.ply" />
		<boolean name="face_normals" value="true" />
		<ref id="mat-Material" name="bsdf" />
		<animation name="to_world">
			<transform time="0">
				<matrix value="1.0 0.0002149917713584872 0.000321384179762574 -0.0005527494257879795 -0.00021498084311566645 1.0 -3.5891666639087213e-05 -0.017259447559651087 -0.000321391972370117 3.582264513800965e-05 1.0 0.0010658383229631106 0.0 0.0 0.0 1.0" />
				<scale value="1" />
			</transform>
			<transform time="0.0015">
				<matrix value="1.0 0.0001948225038978701 0.00032180748547012614 -0.0005521971008442502 -0.00019478800796971128 0.9999999249085338 -0.00010654338916603203 -0.017311063906362095 -0.00032179009797909936 0.00010648092144775041 0.9999999319170555 0.0010651878994909338 0.0 0.0 0.0 1.0" />
				<scale value="1" />
			</transform>
		</animation>
	</shape>
	<shape type="ply" name="temp9">
		<string name="filename" value="meshes/Cube_005.ply" />
		<boolean name="face_normals" value="true" />
		<ref id="mat-Material" name="bsdf" />
		<animation name="to_world">
			<transform time="0">
				<matrix value="1.0 -0.00032223527031452395 0.0005195425655796106 -0.00046668196608123935 0.00032342467647825373 0.9999972884071061 -0.0022901152238120072 -0.01929030892640876 -0.0005188049508268221 0.002290282276820261 0.9999973996513641 0.0013065813824743033 0.0 0.0 0.0 1.0" />
				<scale value="1" />
			</transform>
			<transform time="0.0015">
				<matrix value="1.0 -0.00030780662530002014 0.000519661285214117 -0.00046555251148180753 0.0003089104050283839 0.9999972959162527 -0.0021257757612932037 -0.01919612623637493 -0.0005189437761894733 0.0021259352916576913 0.9999973996513641 0.001311761212551114 0.0 0.0 0.0 1.0" />
				<scale value="1" />
			</transform>
		</animation>
	</shape>
	<shape type="ply" name="temp10">
		<string name="filename" value="meshes/Cube_006.ply" />
		<boolean name="face_normals" value="true" />
		<ref id="mat-Material" name="bsdf" />
		<animation name="to_world">
			<transform time="0">
				<matrix value="1.0 0.00024256032772728884 -0.00047101533212834753 -0.000786718740556136 -0.00024289528692775345 0.9999995828318625 -0.0007119423611449288 -0.017699067285621817 0.00047084182140216693 0.0007120559505906059 0.9999997636046695 -0.0012082831601034627 0.0 0.0 0.0 1.0" />
				<scale value="1" />
			</transform>
			<transform time="0.0015">
				<matrix value="1.0 0.00022913555799722988 -0.00047137115061714435 -0.0007855577396279939 -0.00022943276919087937 0.9999995603044227 -0.0006328892117746034 -0.01767860123862773 0.0004711968632779127 0.0006329964260219657 0.9999997295631973 -0.0012052352925589216 0.0 0.0 0.0 1.0" />
				<scale value="1" />
			</transform>
		</animation>
	</shape>
	<shape type="ply" name="temp11">
		<string name="filename" value="meshes/Cube_007.ply" />
		<boolean name="face_normals" value="true" />
		<ref id="mat-Material" name="bsdf" />
		<animation name="to_world">
			<transform time="0">
				<matrix value="1.0 0.0007893718073600975 -2.6713381535917196e-05 0.0003789271615377565 -0.0007894391580544904 0.999996454070831 -0.00252824806002172 -0.018293201487355082 2.4717522388112626e-05 0.002528272527600887 0.9999969268607032 -0.00022644131759430586 0.0 0.0 0.0 1.0" />
				<scale value="1" />
			</transform>
			<transform time="0.0015">
				<matrix value="0.9999999680861236 0.0008095794465599526 -2.688096770385279e-05 0.000379136466882409 -0.0008096489394688519 0.9999962062689925 -0.0025945268065117873 -0.018309560936021485 2.4744486422343423e-05 0.0025945520102592795 0.9999966970807654 -0.00022703312937529785 0.0 0.0 0.0 1.0" />
				<scale value="1" />
			</transform>
		</animation>
	</shape>
	<shape type="ply" name="temp12">
		<string name="filename" value="meshes/Cube_008.ply" />
		<boolean name="face_normals" value="true" />
		<ref id="mat-Material" name="bsdf" />
		<animation name="to_world">
			<transform time="0">
				<matrix value="0.9999991135176153 0.0015148543144571705 0.00012063844705288305 0.00014576071950855862 -0.0015145994783937649 0.9999966626548998 -0.002091710986851219 -0.01695060967863493 -0.00012380657308958614 0.0020915246035338314 0.9999978724420252 0.00031502749107614747 0.0 0.0 0.0 1.0" />
				<scale value="1" />
			</transform>
			<transform time="0.0015">
				<matrix value="0.9999991454314917 0.0014847133508314385 0.00012080945438878078 0.00014696110579650408 -0.0014844633644110808 0.999996760273806 -0.0020507349262772288 -0.016966970307404645 -0.00012388678861809734 0.002050552221546241 0.9999979320146016 0.0003166204697824748 0.0 0.0 0.0 1.0" />
				<scale value="1" />
			</transform>
		</animation>
	</shape>
	<shape type="ply" name="temp13">
		<string name="filename" value="meshes/Cube_009.ply" />
		<boolean name="face_normals" value="true" />
		<ref id="mat-Material" name="bsdf" />
		<animation name="to_world">
			<transform time="0">
				<matrix value="0.9999995567588077 0.0010749776293586249 0.00038978516865152067 0.0007940891532420835 -0.0010748155673398613 0.9999993742477937 -0.0004108007135356657 -0.01618109842663562 -0.000390227772783927 0.0004103828977750337 1.0 0.00060876829199219 0.0 0.0 0.0 1.0" />
				<scale value="1" />
			</transform>
			<transform time="0.0015">
				<matrix value="0.9999995408018695 0.001083013016975811 0.00038998558781945097 0.0007960319656482122 -0.0010828490878946576 0.9999993592295006 -0.0004156546870652079 -0.016171822815359598 -0.0003904377341772332 0.0004152334310354641 0.9999999914896319 0.0006096179273491877 0.0 0.0 0.0 1.0" />
				<scale value="1" />
			</transform>
		</animation>
	</shape>
	<shape type="ply" name="temp14">
		<string name="filename" value="meshes/Cube_010.ply" />
		<boolean name="face_normals" value="true" />
		<ref id="mat-Material" name="bsdf" />
		<animation name="to_world">
			<transform time="0">
				<matrix value="0.9999977837940383 -0.0004684068140243585 0.00219913611690411 0.004180469847421042 0.0004678056192345402 0.9999997914159312 0.0002730082393228503 -0.018142157504870804 -0.0021992652833995536 -0.0002719769389453573 0.9999976360466947 0.003694042340040893 0.0 0.0 0.0 1.0" />
				<scale value="1" />
			</transform>
			<transform time="0.0015">
				<matrix value="0.9999977678371 -0.00045947010353814314 0.0022018362864837672 0.0041854471853148495 0.0004588678987746145 0.9999997989250778 0.0002731445754192513 -0.018126303801392702 -0.002201962963377692 -0.0002721323782804311 0.9999976275363266 0.0036986512566671743 0.0 0.0 0.0 1.0" />
				<scale value="1" />
			</transform>
		</animation>
	</shape>
	<shape type="ply" name="temp15">
		<string name="filename" value="meshes/Cube_011.ply" />
		<boolean name="face_normals" value="true" />
		<ref id="mat-Material" name="bsdf" />
		<animation name="to_world">
			<transform time="0">
				<matrix value="0.9999991135176153 0.0014770484519933337 -0.0004323363281469774 -0.0009119221457900561 -0.0014767644102144045 0.9999987484955875 0.0006611953755399861 -0.014637415613180438 0.00043331347612791585 -0.0006605565440122815 0.9999997636046695 -0.0006505499178335317 0.0 0.0 0.0 1.0" />
				<scale value="1" />
			</transform>
			<transform time="0.0015">
				<matrix value="0.9999991294745535 0.0014638174107369736 -0.00043267333872235063 -0.0009093439163288695 -0.0014635353105700434 0.9999987635138807 0.0006562279588041378 -0.01466422461142613 0.00043363617328985777 -0.0006555944248330493 0.9999997636046695 -0.0006518930478336619 0.0 0.0 0.0 1.0" />
				<scale value="1" />
			</transform>
		</animation>
	</shape>
	<shape type="ply" name="temp16">
		<string name="filename" value="meshes/Cube_012.ply" />
		<boolean name="face_normals" value="true" />
		<ref id="mat-Material" name="bsdf" />
		<animation name="to_world">
			<transform time="0">
				<matrix value="0.999997340552846 0.0023375682852095126 -0.00014477913820663883 -0.0005983442109196435 -0.002337255131403284 0.9999949939823496 0.002119376332383182 -0.012013088363368007 0.00014973263691277192 -0.0021190305846820034 0.9999978724420252 -4.495220236466757e-05 0.0 0.0 0.0 1.0" />
				<scale value="1" />
			</transform>
			<transform time="0.0015">
				<matrix value="0.9999973086389695 0.002348820215782199 -0.00014478280617527485 -0.0005979706414076417 -0.0023485055707064104 0.9999949414183233 0.0021296365172260028 -0.011984423693035515 0.00014978732134010589 -0.002129288679699278 0.999997846910921 -4.544926608770261e-05 0.0 0.0 0.0 1.0" />
				<scale value="1" />
			</transform>
		</animation>
	</shape>
	<shape type="ply" name="temp17">
		<string name="filename" value="meshes/Cube_013.ply" />
		<boolean name="face_normals" value="true" />
		<ref id="mat-Material" name="bsdf" />
		<animation name="to_world">
			<transform time="0">
				<matrix value="0.9999986702764229 0.0017648485783952794 0.00019012756364826077 -0.000278874596412626 -0.0017655537766809036 0.9999912394691118 0.00378480743945561 -0.011610477509349793 -0.00018344644848562215 -0.00378513546492346 0.9999929081400841 0.00015643436013990097 0.0 0.0 0.0 1.0" />
				<scale value="1" />
			</transform>
			<transform time="0.0015">
				<matrix value="0.9999987021902994 0.0017323420834007097 0.00019007899497771393 -0.000277327211614066 -0.001733034493972708 0.9999914797618038 0.0037156579756098635 -0.011722136093153143 -0.00018358055059455552 -0.003715979979108871 0.9999931038785497 0.00015299669967601433 0.0 0.0 0.0 1.0" />
				<scale value="1" />
			</transform>
		</animation>
	</shape>
	<shape type="ply" name="temp18">
		<string name="filename" value="meshes/Cube_014.ply" />
		<boolean name="face_normals" value="true" />
		<ref id="mat-Material" name="bsdf" />
		<animation name="to_world">
			<transform time="0">
				<matrix value="1.0 0.000628153008929484 -4.036497547871237e-05 -0.00017034402624083178 -0.0006280373102706076 0.999995619734556 0.002855490116074835 -0.014782150120075443 4.2158531417822194e-05 -0.002855470012911354 0.999995981279381 -3.4599457926054455e-05 0.0 0.0 0.0 1.0" />
				<scale value="1" />
			</transform>
			<transform time="0.0015">
				<matrix value="1.0 0.0005941424318665434 -4.045805337423906e-05 -0.00017114120454588704 -0.0005940332504165123 0.9999957323717553 0.0026974628786535083 -0.0149424955967669 4.2204524100899145e-05 -0.002697443927009253 0.9999960834037979 -3.977662510601763e-05 0.0 0.0 0.0 1.0" />
				<scale value="1" />
			</transform>
		</animation>
	</shape>
	<shape type="ply" name="temp19">
		<string name="filename" value="meshes/Cube_015.ply" />
		<boolean name="face_normals" value="true" />
		<ref id="mat-Material" name="bsdf" />
		<animation name="to_world">
			<transform time="0">
				<matrix value="1.0 -0.00022321832703061807 -5.768329739336324e-05 0.00038620023412927473 0.00022321050233410815 1.0 -0.0001440959557014062 -0.0180669727355246 5.771532213883378e-05 0.0001440829914292806 1.0 -0.00017370295704316474 0.0 0.0 0.0 1.0" />
				<scale value="1" />
			</transform>
			<transform time="0.0015">
				<matrix value="1.0 -0.00022317672635833264 -5.774617199262732e-05 0.00038581807750604315 0.00022316887068225103 1.0 -0.00014451980607251447 -0.01806713088666002 5.777828821711211e-05 0.00014450683019206172 1.0 -0.00017402611652277648 0.0 0.0 0.0 1.0" />
				<scale value="1" />
			</transform>
		</animation>
	</shape>
	<shape type="ply" name="temp20">
		<string name="filename" value="meshes/Cube_016.ply" />
		<boolean name="face_normals" value="true" />
		<ref id="mat-Material" name="bsdf" />
		<animation name="to_world">
			<transform time="0">
				<matrix value="0.9999995567588077 -0.0010513095950757474 0.00035599954801212804 0.0006000525454727956 0.001052635778074454 0.9999924909735245 -0.003746464116843593 -0.019015505259203924 -0.0003520580575043394 0.0037468415157387107 0.9999929081400841 0.00039159664575944 0.0 0.0 0.0 1.0" />
				<scale value="1" />
			</transform>
			<transform time="0.0015">
				<matrix value="0.9999995727157459 -0.00102011285294412 0.00035591801868606554 0.000598905162911488 0.001021388550568537 0.9999927613028029 -0.0036038525771559075 -0.018976176039755033 -0.0003521198427691883 0.0036042187170277594 0.9999931634511261 0.0003984732052828627 0.0 0.0 0.0 1.0" />
				<scale value="1" />
			</transform>
		</animation>
	</shape>
	<shape type="ply" name="temp21">
		<string name="filename" value="meshes/Cube_017.ply" />
		<boolean name="face_normals" value="true" />
		<ref id="mat-Material" name="bsdf" />
		<animation name="to_world">
			<transform time="0">
				<matrix value="1.0 -0.0005402181372191155 0.00019504695047659661 0.0004384001383221925 0.0005403376079513924 0.9999995828318625 -0.0006234406773009894 -0.018038975414415293 -0.00019471009366572878 0.0006235453868504432 0.9999997636046695 3.294719483631914e-05 0.0 0.0 0.0 1.0" />
				<scale value="1" />
			</transform>
			<transform time="0.0015">
				<matrix value="1.0 -0.0005142441342185272 0.0001954045816737913 0.00043671089486769236 0.000514354414800072 0.9999995903410092 -0.0005771462324121511 -0.018030352481129393 -0.00019507552350826605 0.0005772458660663288 0.9999997636046695 3.5702176891546534e-05 0.0 0.0 0.0 1.0" />
				<scale value="1" />
			</transform>
		</animation>
	</shape>
	<shape type="ply" name="temp22">
		<string name="filename" value="meshes/Cube_018.ply" />
		<boolean name="face_normals" value="true" />
		<ref id="mat-Material" name="bsdf" />
		<animation name="to_world">
			<transform time="0">
				<matrix value="1.0 -0.000785479628636924 -0.00017613839717346832 0.0006602728386021495 0.0007854943114425373 0.9999995828318625 9.748352442743869e-05 -0.01776975805139691 0.0001760616069798077 -9.762172444793012e-05 1.0 -0.00014729735463969718 0.0 0.0 0.0 1.0" />
				<scale value="1" />
			</transform>
			<transform time="0.0015">
				<matrix value="0.9999999680861236 -0.000704748192572913 -0.00017574158424170247 0.0006568171858890421 0.0007047755010993888 0.9999994701946633 0.0001731157185948436 -0.017770794997039475 0.0001757828552257671 -0.0001732402501593942 0.9999999148963193 -0.0001440216063726259 0.0 0.0 0.0 1.0" />
				<scale value="1" />
			</transform>
		</animation>
	</shape>
	<shape type="ply" name="temp23">
		<string name="filename" value="meshes/Cube_019.ply" />
		<boolean name="face_normals" value="true" />
		<ref id="mat-Material" name="bsdf" />
		<animation name="to_world">
			<transform time="0">
				<matrix value="0.9998967248021815 0.0131232231244642 -0.005914823925665961 0.0031001223663942867 -0.013072361784098988 0.999877978319772 0.008557676441928778 -0.018361823893414564 0.006026413629134776 -0.008479457597987582 0.9999458654693085 -0.0008186904445001142 0.0 0.0 0.0 1.0" />
				<scale value="1" />
			</transform>
			<transform time="0.0015">
				<matrix value="0.9998965173619845 0.013139033031944925 -0.005914422236293294 0.003101711709245613 -0.0130881229307026 0.9998776929722003 0.008566288083373732 -0.01836327568631294 0.006026262357360301 -0.00848797875229974 0.999945797386364 -0.000819323789425348 0.0 0.0 0.0 1.0" />
				<scale value="1" />
			</transform>
		</animation>
	</shape>
	<shape type="ply" name="temp24">
		<string name="filename" value="meshes/Cube_020.ply" />
		<boolean name="face_normals" value="true" />
		<ref id="mat-Material" name="bsdf" />
		<animation name="to_world">
			<transform time="0">
				<matrix value="0.9999618738017771 -0.001766194884329441 0.008536779902090003 -0.006529954545193645 0.0016973544344364665 0.999966001784841 0.008063373797637084 -0.015370145866583751 -0.008550725576206042 -0.00804858026481554 0.9999312089519885 -0.0007307357612912346 0.0 0.0 0.0 1.0" />
				<scale value="1" />
			</transform>
			<transform time="0.0015">
				<matrix value="0.9999616392709344 -0.0018417530671381434 0.008539504070908133 -0.006535471632451087 0.00177262999158268 0.9999655401351778 0.008093606029211902 -0.015379380100799837 -0.008554171642969831 -0.008078156096741193 0.99993092810984 -0.0007322322044819528 0.0 0.0 0.0 1.0" />
				<scale value="1" />
			</transform>
		</animation>
	</shape>
	<shape type="ply" name="temp25">
		<string name="filename" value="meshes/Cube_021.ply" />
		<boolean name="face_normals" value="true" />
		<ref id="mat-Material" name="bsdf" />
		<animation name="to_world">
			<transform time="0">
				<matrix value="0.9993218409756981 0.025156031312640405 0.026886919348059504 -0.01661348388448164 -0.02541081366672163 0.9996349778796596 0.00917629938239356 -0.019548029657659727 -0.026646273139406446 -0.009853284051870687 0.9995964731707848 -0.0134208168756762 0.0 0.0 0.0 1.0" />
				<scale value="1" />
			</transform>
			<transform time="0.0015">
				<matrix value="0.9993174528176832 0.025315142620412304 0.02688830313390687 -0.01662038037498975 -0.025567767228194295 0.9996313134161081 0.009093080748270149 -0.019578180082718624 -0.02664855833253119 -0.009774353234075146 0.9995971029380216 -0.01342403507691738 0.0 0.0 0.0 1.0" />
				<scale value="1" />
			</transform>
		</animation>
	</shape>
	<shape type="ply" name="temp26">
		<string name="filename" value="meshes/Cube_022.ply" />
		<boolean name="face_normals" value="true" />
		<ref id="mat-Material" name="bsdf" />
		<animation name="to_world">
			<transform time="0">
				<matrix value="0.9991662633171816 0.03748476814837837 0.016183033339779045 -0.00788265136666455 -0.037500288106775026 0.9992964459360524 0.000656056141054257 -0.022218502985688726 -0.016147059449281683 -0.001262377900100746 0.9998688005915557 -0.011847231599977526 0.0 0.0 0.0 1.0" />
				<scale value="1" />
			</transform>
			<transform time="0.0015">
				<matrix value="0.9991653856855787 0.03750820344407072 0.016182717605123836 -0.00788210119265171 -0.03752335705238247 0.9992955748750443 0.0006332348478349536 -0.022226922584559647 -0.016147584751688406 -0.001239936890512599 0.9998688176122918 -0.011846762577448261 0.0 0.0 0.0 1.0" />
				<scale value="1" />
			</transform>
		</animation>
	</shape>
	<shape type="ply" name="temp27">
		<string name="filename" value="meshes/Cube_023.ply" />
		<boolean name="face_normals" value="true" />
		<ref id="mat-Material" name="bsdf" />
		<animation name="to_world">
			<transform time="0">
				<matrix value="0.9994437323035954 0.031820959778734025 0.01001247694554539 -0.002751337183301561 -0.03188619516441589 0.9994708222175408 0.0064243031420248954 -0.020431347695992863 -0.009802757669402352 -0.00673998744323906 0.9999293177961714 -0.008856373002913975 0.0 0.0 0.0 1.0" />
				<scale value="1" />
			</transform>
			<transform time="0.0015">
				<matrix value="0.9994446258921366 0.03179231088254207 0.010013053097463389 -0.002750678480402746 -0.031858236055516714 0.9994711826565786 0.006494385172003203 -0.0204144252929901 -0.009801346756923545 -0.006809775499565079 0.9999287901533515 -0.008854179817474859 0.0 0.0 0.0 1.0" />
				<scale value="1" />
			</transform>
		</animation>
	</shape>
	<shape type="ply" name="temp28">
		<string name="filename" value="meshes/Cube_024.ply" />
		<boolean name="face_normals" value="true" />
		<ref id="mat-Material" name="bsdf" />
		<animation name="to_world">
			<transform time="0">
				<matrix value="0.9995430183306828 0.029092158699102883 0.008210695375776381 -0.0011393081755082246 -0.029197148363464872 0.9994893861996609 0.01297008984440932 -0.01720714134986906 -0.007829181936325744 -0.013203888841378074 0.999882275125396 -0.007719927424381545 0.0 0.0 0.0 1.0" />
				<scale value="1" />
			</transform>
			<transform time="0.0015">
				<matrix value="0.9995417736895005 0.02913480013911013 0.008208663099882463 -0.0011418146928601689 -0.029238853417237868 0.9994894688002737 0.012853873960187561 -0.017277532977354855 -0.007830116534198212 -0.013087994624793455 0.9998836112531821 -0.007722133829783368 0.0 0.0 0.0 1.0" />
				<scale value="1" />
			</transform>
		</animation>
	</shape>
	<shape type="ply" name="temp29">
		<string name="filename" value="meshes/Cube_025.ply" />
		<boolean name="face_normals" value="true" />
		<ref id="mat-Material" name="bsdf" />
		<animation name="to_world">
			<transform time="0">
				<matrix value="0.9995190833062956 0.03071982362131145 0.004288282214419075 0.0010708814388051824 -0.030755677476432867 0.999490220535936 0.008561813360213059 -0.020133749426669623 -0.004023069817579655 -0.008689574759659008 0.9999543757012076 -0.0048542110172806185 0.0 0.0 0.0 1.0" />
				<scale value="1" />
			</transform>
			<transform time="0.0015">
				<matrix value="0.9995199130670839 0.03069235741571245 0.004288106900836936 0.001071699925048787 -0.030728622487654126 0.9994900102798305 0.008665181992803923 -0.020050608734551906 -0.004020032733525242 -0.00879278249830029 0.9999533374363037 -0.004851477848837051 0.0 0.0 0.0 1.0" />
				<scale value="1" />
			</transform>
		</animation>
	</shape>
	<shape type="ply" name="temp30">
		<string name="filename" value="meshes/Cube_026.ply" />
		<boolean name="face_normals" value="true" />
		<ref id="mat-Material" name="bsdf" />
		<animation name="to_world">
			<transform time="0">
				<matrix value="0.9995829100379946 0.026371304672491724 0.01179383395875658 0.008042366688072233 -0.026593159547326634 0.9994643561114089 0.01906760008150911 -0.00684276366667208 -0.011284676974683836 -0.019373271620260188 0.9997487117636462 -0.014856455434428595 0.0 0.0 0.0 1.0" />
				<scale value="1" />
			</transform>
			<transform time="0.0015">
				<matrix value="0.9995821441049593 0.026399548074766098 0.011793845022235065 0.008040722287060598 -0.026620712711717093 0.9994647240595934 0.019006733929108368 -0.006930858497981882 -0.011285806725910928 -0.019312743392999526 0.9997498266218627 -0.014858357266706873 0.0 0.0 0.0 1.0" />
				<scale value="1" />
			</transform>
		</animation>
	</shape>
	<shape type="ply" name="temp31">
		<string name="filename" value="meshes/Cube_027.ply" />
		<boolean name="face_normals" value="true" />
		<ref id="mat-Material" name="bsdf" />
		<animation name="to_world">
			<transform time="0">
				<matrix value="0.9996556015935407 0.019780183679130956 0.01724875076887581 0.01868071011824446 -0.020228885319319823 0.999451006731008 0.02623898338660896 0.011837275957614912 -0.01672028112129384 -0.026578845820913893 0.9995071157358443 -0.025346769334290364 0.0 0.0 0.0 1.0" />
				<scale value="1" />
			</transform>
			<transform time="0.0015">
				<matrix value="0.9996539420719642 0.019859654104202748 0.01724872608880842 0.01867767021327567 -0.02030666470207056 0.999451840246283 0.02613875422879727 0.011607403685190552 -0.01672038867105755 -0.026479954114476494 0.9995096007633193 -0.025344995486463833 0.0 0.0 0.0 1.0" />
				<scale value="1" />
			</transform>
		</animation>
	</shape>
	<shape type="ply" name="temp32">
		<string name="filename" value="meshes/Cube_028.ply" />
		<boolean name="face_normals" value="true" />
		<ref id="mat-Material" name="bsdf" />
		<animation name="to_world">
			<transform time="0">
				<matrix value="0.9947560134532567 0.09455779134501266 0.03897898965581313 0.06427156364664444 -0.0947335411248043 0.9954989643800987 0.00268202322253169 -0.13682513344523223 -0.03854994973644879 -0.006360581365516465 0.999236443082387 -0.05698707362535349 0.0 0.0 0.0 1.0" />
				<scale value="1" />
			</transform>
			<transform time="0.0015">
				<matrix value="0.9944592941867626 0.09685029250837897 0.03908229275856989 0.0640528345641046 -0.0970095334789615 0.9952072415429837 0.002225371339790553 -0.1410101487109505 -0.03870669043236539 -0.006014325228346373 0.9992305964595264 -0.05718426002835497 0.0 0.0 0.0 1.0" />
				<scale value="1" />
			</transform>
		</animation>
	</shape>
	<shape type="ply" name="temp33">
		<string name="filename" value="meshes/Cube_029.ply" />
		<boolean name="face_normals" value="true" />
		<ref id="mat-Material" name="bsdf" />
		<animation name="to_world">
			<transform time="0">
				<matrix value="0.9635474010995927 0.24251610790471048 0.11297358849530116 0.20310831408747876 -0.2418085924964585 0.970115117547552 -0.020133837580333044 -0.4942255149034427 -0.11448015786478308 -0.007918078606992156 0.9933939324883304 -0.28656881666575007 0.0 0.0 0.0 1.0" />
				<scale value="1" />
			</transform>
			<transform time="0.0015">
				<matrix value="0.962913447900424 0.24461797060821275 0.11326553411865989 0.2023424791749173 -0.24383135941067088 0.9695223304949243 -0.020915844238345607 -0.49942290354520597 -0.11496922844754634 -0.0075066303866859925 0.9933351003138973 -0.28765338514046457 0.0 0.0 0.0 1.0" />
				<scale value="1" />
			</transform>
		</animation>
	</shape>
	<shape type="ply" name="temp34">
		<string name="filename" value="meshes/Cube_030.ply" />
		<boolean name="face_normals" value="true" />
		<ref id="mat-Material" name="bsdf" />
		<animation name="to_world">
			<transform time="0">
				<matrix value="0.8067340931987559 0.5834085151072073 -0.09388454153461324 -0.5782497946136904 -0.5653734131399618 0.8082662866688991 0.16449458260625288 -1.0380740864600038 0.17185124066500648 -0.07962356056835598 0.9818999204565361 0.30288367226384283 0.0 0.0 0.0 1.0" />
				<scale value="1" />
			</transform>
			<transform time="0.0015">
				<matrix value="0.8046281005473018 0.5859873064737618 -0.09429163476557649 -0.5845288927640897 -0.5677844176736313 0.8062449873505181 0.16525516946064295 -1.042506360406255 0.17289006599203952 -0.07936245532309615 0.9817226111543389 0.30499868910632094 0.0 0.0 0.0 1.0" />
				<scale value="1" />
			</transform>
		</animation>
	</shape>
	<shape type="ply" name="temp35">
		<string name="filename" value="meshes/Cube_031.ply" />
		<boolean name="face_normals" value="true" />
		<ref id="mat-Material" name="bsdf" />
		<animation name="to_world">
			<transform time="0">
				<matrix value="0.46508633451944675 0.8836080037878867 -0.0541446247720558 -1.3483921227526308 -0.6838719600302823 0.3974473481664418 0.6118454863384775 -0.9598757555186218 0.5621512799919153 -0.2475329719266702 0.7891221270284493 0.4844916787390976 0.0 0.0 0.0 1.0" />
				<scale value="1" />
			</transform>
			<transform time="0.0015">
				<matrix value="0.45359856129116455 0.8873951592860401 -0.05330628117952668 -1.3776057558325543 -0.6853257966729429 0.38774969605455 0.6142102878437977 -0.9602794096019955 0.56617431134604 -0.24137791592391977 0.7871681039688895 0.49155595952094466 0.0 0.0 0.0 1.0" />
				<scale value="1" />
			</transform>
		</animation>
	</shape>
	<shape type="ply" name="temp36">
		<string name="filename" value="meshes/Cube_032.ply" />
		<boolean name="face_normals" value="true" />
		<ref id="mat-Material" name="bsdf" />
		<animation name="to_world">
			<transform time="0">
				<matrix value="0.8412341075870482 0.48557495155635005 0.23778698984114705 -0.20722867591780014 -0.41592002687814594 0.30018626557340805 0.8584282736379965 -0.24780738803838542 0.3454508826705105 -0.821039040680151 0.454487043408329 -0.32745800297968075 0.0 0.0 0.0 1.0" />
				<scale value="1" />
			</transform>
			<transform time="0.0015">
				<matrix value="0.8398555079081693 0.4870452199374825 0.23929218459932786 -0.20993055391908408 -0.415952695517796 0.2951605927317413 0.8597336534643796 -0.2458543685925583 0.34835349760641093 -0.8215389320799189 0.45066661152843834 -0.3232795136807623 0.0 0.0 0.0 1.0" />
				<scale value="1" />
			</transform>
		</animation>
	</shape>
	<shape type="ply" name="temp37">
		<string name="filename" value="meshes/Cube_033.ply" />
		<boolean name="face_normals" value="true" />
		<ref id="mat-Material" name="bsdf" />
		<animation name="to_world">
			<transform time="0">
				<matrix value="0.944276160538414 0.30758223948371277 0.11720024244705099 -0.210034000341893 -0.15064411810072922 0.08725822499129161 0.9847295708337332 0.29964639639310986 0.29265868477927476 -0.9475121135197937 0.12873132299592313 0.08148736739525786 0.0 0.0 0.0 1.0" />
				<scale value="1" />
			</transform>
			<transform time="0.0015">
				<matrix value="0.9443223399176683 0.30750736578274557 0.11701987711042902 -0.210110211140342 -0.15065823999106787 0.0879534105218292 0.9846589262684258 0.29957385932736846 0.2925011132055842 -0.9474652038808465 0.1293857251951694 0.08142361306618452 0.0 0.0 0.0 1.0" />
				<scale value="1" />
			</transform>
		</animation>
	</shape>
	<shape type="ply" name="temp38">
		<string name="filename" value="meshes/Cube_034.ply" />
		<boolean name="face_normals" value="true" />
		<ref id="mat-Material" name="bsdf" />
		<animation name="to_world">
			<transform time="0">
				<matrix value="0.9995784776260712 0.028162770663902235 0.007052074581781201 -0.027165201255041183 -0.012012018041689493 0.18004741115883052 0.9835847082479748 0.3700325979311841 0.02643075154203611 -0.9832546623753972 0.18030982917600624 -0.24231987756271645 0.0 0.0 0.0 1.0" />
				<scale value="1" />
			</transform>
			<transform time="0.0015">
				<matrix value="0.9995783340136271 0.028170796439811744 0.007040400058869661 -0.02716864446652812 -0.01200426281013753 0.18013153763026524 0.9835692959714092 0.3700516782509737 0.02643974439371764 -0.9832389232040777 0.18039377034037837 -0.2423400635332567 0.0 0.0 0.0 1.0" />
				<scale value="1" />
			</transform>
		</animation>
	</shape>
	<shape type="ply" name="temp39">
		<string name="filename" value="meshes/Cube_035.ply" />
		<boolean name="face_normals" value="true" />
		<ref id="mat-Material" name="bsdf" />
		<animation name="to_world">
			<transform time="0">
				<matrix value="0.9999104652791445 -0.012670570665153737 -0.004355253011558313 0.007241646656678036 0.007167551376086606 0.23122878960750737 0.9728731630309851 0.09285873792619914 -0.011319799406765987 -0.9728169069902779 0.23129893087847814 -0.04552867006702149 0.0 0.0 0.0 1.0" />
				<scale value="1" />
			</transform>
			<transform time="0.0015">
				<matrix value="0.9999104014513915 -0.012680111937034484 -0.004341064525920378 0.007205322664859418 0.007154720082912462 0.2311259668628134 0.9728975282147552 0.09282813101709635 -0.011333085153541086 -0.9728410564058141 0.23119600648710026 -0.04549553100628773 0.0 0.0 0.0 1.0" />
				<scale value="1" />
			</transform>
		</animation>
	</shape>
	<shape type="ply" name="temp40">
		<string name="filename" value="meshes/Cube_036.ply" />
		<boolean name="face_normals" value="true" />
		<ref id="mat-Material" name="bsdf" />
		<animation name="to_world">
			<transform time="0">
				<matrix value="0.9999162274146451 -0.012199229073281841 -0.004338067071028759 0.010431556009680154 0.00704179055257993 0.2312275381030948 0.9728743450076379 -0.22549640185863928 -0.01086523340194707 -0.972823164512341 0.23129408477420227 0.1951850620457735 0.0 0.0 0.0 1.0" />
				<scale value="1" />
			</transform>
			<transform time="0.0015">
				<matrix value="0.9999164827256569 -0.012183389955220756 -0.004323522000968902 0.010359239697953338 0.007022855092253076 0.23112414466325756 0.9728988889091373 -0.22554866409126245 -0.01085388259350244 -0.9728477719858211 0.23119042253391317 0.19545029232563607 0.0 0.0 0.0 1.0" />
				<scale value="1" />
			</transform>
		</animation>
	</shape>
	<shape type="ply" name="temp41">
		<string name="filename" value="meshes/Cube_037.ply" />
		<boolean name="face_normals" value="true" />
		<ref id="mat-Material" name="bsdf" />
