<scene version="2.1.0">
	<default name="spp" value="1024" />
	<default name="resx" value="1280" />
	<default name="resy" value="720" />
	<integrator type="path" name="temp0">
		<integer name="max_depth" value="12" />
	</integrator>
	<sensor type="perspective" name="temp44">
		<string name="fov_axis" value="x" />
		<float name="fov" value="83.974423" />
		<float name="principal_point_offset_x" value="0.000000" />
		<float name="principal_point_offset_y" value="-0.000000" />
		<float name="near_clip" value="0.100000" />
		<float name="far_clip" value="1000.000000" />
		<transform name="to_world">
			<rotate x="1" angle="-142.5518126578256" />
			<rotate y="1" angle="3.976628485794621e-06" />
			<rotate z="1" angle="-179.999991348578" />
			<translate value="-0.000000 3.030926 4.073377" />
		</transform>
		<sampler type="correlated" name="sampler">
			<integer name="sample_count" value="1024" />
		</sampler>
		<film type="hdrfilm" name="film">
			<integer name="width" value="$resx" />
			<integer name="height" value="$resy" />
		</film>
		<float name="shutter_open" value="0.0" />
		<float name="shutter_close" value="0.0015" />
	</sensor>
	<bsdf type="twosided" id="mat-Material" name="mat-Material">
		<bsdf type="diffuse" name="bsdf">
			<texture type="bitmap" name="reflectance">
				<string name="filename" value="textures/siggraph_2023_logo.jpg" />
			</texture>
		</bsdf>
	</bsdf>
	<bsdf type="twosided" id="mat-Material.001" name="mat-Material.001">
		<bsdf type="principled" name="bsdf">
			<rgb value="0.433648 0.266232 0.084399" name="base_color" />
			<float name="spec_tint" value="0.000000" />
			<float name="spec_trans" value="0.000000" />
			<float name="metallic" value="0.000000" />
			<float name="anisotropic" value="0.000000" />
			<float name="roughness" value="0.500000" />
			<float name="sheen" value="0.000000" />
			<float name="sheen_tint" value="0.500000" />
			<float name="clearcoat" value="0.000000" />
			<float name="clearcoat_gloss" value="0.173205" />
			<float name="specular" value="0.500000" />
		</bsdf>
	</bsdf>
	<bsdf type="twosided" id="mat-Material.002" name="mat-Material.002">
		<bsdf type="principled" name="bsdf">
			<rgb value="0.433648 0.266232 0.084399" name="base_color" />
			<float name="spec_tint" value="0.000000" />
			<float name="spec_trans" value="0.000000" />
			<float name="metallic" value="0.000000" />
			<float name="anisotropic" value="0.000000" />
			<float name="roughness" value="0.500000" />
			<float name="sheen" value="0.000000" />
			<float name="sheen_tint" value="0.500000" />
			<float name="clearcoat" value="0.000000" />
			<float name="clearcoat_gloss" value="0.173205" />
			<float name="specular" value="0.500000" />
		</bsdf>
	</bsdf>
	<bsdf type="twosided" id="mat-Material.003" name="mat-Material.003">
		<bsdf type="principled" name="bsdf">
			<rgb value="0.433648 0.266232 0.084399" name="base_color" />
			<float name="spec_tint" value="0.000000" />
			<float name="spec_trans" value="0.000000" />
			<float name="metallic" value="0.000000" />
			<float name="anisotropic" value="0.000000" />
			<float name="roughness" value="0.500000" />
			<float name="sheen" value="0.000000" />
			<float name="sheen_tint" value="0.500000" />
			<float name="clearcoat" value="0.000000" />
			<float name="clearcoat_gloss" value="0.173205" />
			<float name="specular" value="0.500000" />
		</bsdf>
	</bsdf>
	<bsdf type="twosided" id="mat-Material.004" name="mat-Material.004">
		<bsdf type="principled" name="bsdf">
			<rgb value="0.433648 0.266232 0.084399" name="base_color" />
			<float name="spec_tint" value="0.000000" />
			<float name="spec_trans" value="0.000000" />
			<float name="metallic" value="0.000000" />
			<float name="anisotropic" value="0.000000" />
			<float name="roughness" value="0.500000" />
			<float name="sheen" value="0.000000" />
			<float name="sheen_tint" value="0.500000" />
			<float name="clearcoat" value="0.000000" />
			<float name="clearcoat_gloss" value="0.173205" />
			<float name="specular" value="0.500000" />
		</bsdf>
	</bsdf>
	<bsdf type="twosided" id="mat-Material.005" name="mat-Material.005">
		<bsdf type="principled" name="bsdf">
			<rgb value="0.433648 0.266232 0.084399" name="base_color" />
			<float name="spec_tint" value="0.000000" />
			<float name="spec_trans" value="0.000000" />
			<float name="metallic" value="0.000000" />
			<float name="anisotropic" value="0.000000" />
			<float name="roughness" value="0.500000" />
			<float name="sheen" value="0.000000" />
			<float name="sheen_tint" value="0.500000" />
			<float name="clearcoat" value="0.000000" />
			<float name="clearcoat_gloss" value="0.173205" />
			<float name="specular" value="0.500000" />
		</bsdf>
	</bsdf>
	<emitter type="point" name="temp45">
		<point name="position" x="-6.815235034541981e-16" y="3.0693089962005615" z="4.109199523925781" />
		<rgb value="7.957747 7.957747 7.957747" name="intensity" />
	</emitter>
	<shape type="ply" name="temp2">
		<string name="filename" value="meshes/Cube.ply" />
		<boolean name="face_normals" value="true" />
		<ref id="mat-Material" name="bsdf" />
		<animation name="to_world">
			<transform time="0">
				<matrix value="0.9999986702764229 0.0002096397127380205 0.0016618142585153144 -0.002625535154080705 -0.00020984877496999258 1.0 0.00012498646636732713 -0.017484975711619694 -0.0016617887973448082 -0.00012533462099231785 0.9999985816280168 0.003881045904278513 0.0 0.0 0.0 1.0" />
			</transform>
			<transform time="0.0015">
				<matrix value="0.9999986702764229 0.00020908420108922397 0.0016628286943886602 -0.002626536308112555 -0.00020930376574455 1.0 0.00013122378320509578 -0.01749451305693142 -0.0016628019033533969 -0.00013157122257280904 0.9999985816280168 0.00388186492630864 0.0 0.0 0.0 1.0" />
			</transform>
		</animation>
	</shape>
	<shape type="ply" name="temp4">
		<string name="filename" value="meshes/Plane.ply" />
		<boolean name="face_normals" value="true" />
		<ref id="mat-Material.001" name="bsdf" />
	</shape>
	<shape type="ply" name="temp5">
		<string name="filename" value="meshes/Cube_001.ply" />
		<boolean name="face_normals" value="true" />
		<ref id="mat-Material" name="bsdf" />
		<animation name="to_world">
			<transform time="0">
				<matrix value="0.9999982270352306 0.0001735861650358869 -0.0019665869384015234 0.0025685698426605175 -0.0001794043104319474 0.9999954111504872 -0.0029601659684336586 -0.014282419161710996 0.001966042849012547 0.0029605108641012215 0.9999936173260757 -0.004529966935665319 0.0 0.0 0.0 1.0" />
			</transform>
			<transform time="0.0015">
				<matrix value="0.9999982270352306 0.0001709715102187202 -0.001966916800267722 0.0025695320070521503 -0.00017671044416204726 0.9999955312968332 -0.002919368966003756 -0.014330055276642826 0.0019663876784478222 0.0029197081137358203 0.9999937364712286 -0.004524494266940472 0.0 0.0 0.0 1.0" />
			</transform>
		</animation>
	</shape>
	<shape type="ply" name="temp6">
		<string name="filename" value="meshes/Cube_002.ply" />
		<boolean name="face_normals" value="true" />
		<ref id="mat-Material" name="bsdf" />
		<animation name="to_world">
			<transform time="0">
				<matrix value="1.0 8.390763480266904e-05 0.00027456490257439243 -0.0008348791443184567 -8.452820077762234e-05 0.9999962454867622 0.0022885148274243167 -0.01896829397042943 -0.000274299811888438 -0.0022885322564833144 0.9999963358723768 0.0010436692902913713 0.0 0.0 0.0 1.0" />
			</transform>
			<transform time="0.0015">
				<matrix value="1.0 8.032385703162375e-05 0.00027493535889626104 -0.0008346565432333216 -8.091665896825245e-05 0.9999964857794541 0.002184216522226034 -0.018913288658754447 -0.0002746873101765553 -0.0021842333637464018 0.9999965656523145 0.0010359512471113112 0.0 0.0 0.0 1.0" />
			</transform>
		</animation>
	</shape>
	<shape type="ply" name="temp7">
		<string name="filename" value="meshes/Cube_003.ply" />
		<boolean name="face_normals" value="true" />
		<ref id="mat-Material" name="bsdf" />
		<animation name="to_world">
			<transform time="0">
				<matrix value="0.9999986702764229 -0.0001619656336888301 0.001629663311586539 -0.001163025882841895 0.00016488040466147897 0.9999955154425215 -0.0018041975300470286 -0.017543500673499524 -0.0016287340854249884 0.0018044586930539418 0.9999944447097326 0.004998694909683854 0.0 0.0 0.0 1.0" />
			</transform>
			<transform time="0.0015">
				<matrix value="0.9999986702764229 -0.00014265421864744803 0.001630407713481183 -0.0011645328902026818 0.00014529517780966528 0.999995823317533 -0.0016353011058441507 -0.017556061553379104 -0.0016295411873609536 0.0016355309782690674 0.9999947425726149 0.0050086574891119486 0.0 0.0 0.0 1.0" />
			</transform>
		</animation>
	</shape>
	<shape type="ply" name="temp8">
		<string name="filename" value="meshes/Cube_004.ply" />
		<boolean name="face_normals" value="true" />
		<ref id="mat-Material" name="bsdf" />
		<animation name="to_world">
			<transform time="0">
				<matrix value="0.9999991135176153 0.00022701549571046864 0.0013204523093696234 -0.00043576259346633783 -0.0002270157279704695 0.9999998957079657 8.80572606225434e-07 -0.017244404998806945 -0.00132040221478759 -1.180585829215527e-06 0.999999054418678 0.004161748622203013 0.0 0.0 0.0 1.0" />
			</transform>
			<transform time="0.0015">
				<matrix value="0.9999991135176153 0.00021728791439288588 0.0013207305984053483 -0.00043476032301680397 -0.00021725375186597534 0.9999999032171123 -2.5149324261004196e-05 -0.017269244732948944 -0.0013206865674269513 2.48620357532039e-05 0.999999054418678 0.004159831607940854 0.0 0.0 0.0 1.0" />
			</transform>
		</animation>
	</shape>
	<shape type="ply" name="temp9">
		<string name="filename" value="meshes/Cube_005.ply" />
		<boolean name="face_normals" value="true" />
		<ref id="mat-Material" name="bsdf" />
		<animation name="to_world">
			<transform time="0">
				<matrix value="0.9999980054146345 0.00012553276542844212 0.0018482994429107641 -0.00010263508837393687 -0.00012532677956906318 0.999997288407106 0.0010271979919635045 -0.017031512185228748 -0.0018479434495157147 -0.0010273151267252512 0.9999952720933893 0.008678526208622694 0.0 0.0 0.0 1.0" />
			</transform>
			<transform time="0.0015">
				<matrix value="0.9999978618021903 0.00011779328249212483 0.0019217323452109763 -4.861662356465149e-05 -0.0001173881948183008 0.9999974385900384 0.0008786487514561462 -0.017108293077994496 -0.001921402810377884 -0.0008787608530976438 0.9999952891141255 0.009145191259262065 0.0 0.0 0.0 1.0" />
			</transform>
		</animation>
	</shape>
	<shape type="ply" name="temp10">
		<string name="filename" value="meshes/Cube_006.ply" />
		<boolean name="face_normals" value="true" />
		<ref id="mat-Material" name="bsdf" />
		<animation name="to_world">
			<transform time="0">
				<matrix value="0.9994720997399061 0.012259171962963812 0.030027573151353057 0.04127689622971786 -0.006569011767167175 0.9827487417166052 -0.18238127871907772 -0.11944065963783176 -0.03180512635033429 0.18208731120534477 0.9823126649743913 0.10084154878524054 0.0 0.0 0.0 1.0" />
			</transform>
			<transform time="0.0015">
				<matrix value="0.9994707274432179 0.012402757809729026 0.030014819513770878 0.04129333781236651 -0.006643978420415094 0.982354639174447 -0.18450217903291333 -0.12062044761929858 -0.031832946314732054 0.18420467353838932 0.9819192817209557 0.10053107312026321 0.0 0.0 0.0 1.0" />
			</transform>
		</animation>
	</shape>
	<shape type="ply" name="temp11">
		<string name="filename" value="meshes/Cube_007.ply" />
		<boolean name="face_normals" value="true" />
		<ref id="mat-Material" name="bsdf" />
		<animation name="to_world">
			<transform time="0">
				<matrix value="0.9965582321413691 0.08234105372499859 0.0015708481533505962 0.15871377671247355 -0.07911305664445142 0.9624428740381668 -0.257855925083483 -0.07314272474844091 -0.02302327947066364 0.2568433304201092 0.9657305963166771 0.17010625876235302 0.0 0.0 0.0 1.0" />
			</transform>
			<transform time="0.0015">
				<matrix value="0.9965041700346263 0.08299843220412413 0.00140174892707673 0.15862393015557827 -0.07974312911624121 0.9618423600736651 -0.2599040191985227 -0.07356932370707012 -0.023197739069935996 0.2588828296609164 0.9651840179277037 0.16978955891724118 0.0 0.0 0.0 1.0" />
			</transform>
		</animation>
	</shape>
	<shape type="ply" name="temp12">
		<string name="filename" value="meshes/Cube_008.ply" />
		<boolean name="face_normals" value="true" />
		<ref id="mat-Material" name="bsdf" />
		<animation name="to_world">
			<transform time="0">
				<matrix value="0.4317118905655225 0.8904074272615207 -0.045988075746737384 1.5412233814544112 -0.87456695335507 0.4136589191590725 -0.2122705369625375 1.9081635896409854 -0.17227426612555785 0.12996562534546735 0.9758808208213224 0.5441433931972517 0.0 0.0 0.0 1.0" />
			</transform>
			<transform time="0.0015">
				<matrix value="0.4228624167611221 0.8946641372070895 -0.04664517062643939 1.562506508645575 -0.878483759371359 0.4046594171888046 -0.21367072994849579 1.916347120453696 -0.17456663827681407 0.12944642342424648 0.9755452910499924 0.5495232372075358 0.0 0.0 0.0 1.0" />
			</transform>
		</animation>
	</shape>
	<shape type="ply" name="temp13">
		<string name="filename" value="meshes/Cube_009.ply" />
		<boolean name="face_normals" value="true" />
		<ref id="mat-Material" name="bsdf" />
		<animation name="to_world">
			<transform time="0">
				<matrix value="-0.01232858090126891 0.9987994943922174 0.0471632914929358 2.3449557678586457 -0.9834890439642074 -0.003587024402250205 -0.1798078791509247 1.8872887755479515 -0.1794374205490163 -0.04852958660723411 0.9823670359004133 0.3795576678191017 0.0 0.0 0.0 1.0" />
			</transform>
			<transform time="0.0015">
				<matrix value="-0.012109716174704683 0.9987895147363568 0.047431991896961845 2.345409190782328 -0.9832362701056147 -0.0032544621701342488 -0.1811970341895027 1.884169471462997 -0.1808378333624635 -0.04875970140180426 0.9820998784261175 0.38232614316668767 0.0 0.0 0.0 1.0" />
			</transform>
		</animation>
	</shape>
	<shape type="ply" name="temp14">
		<string name="filename" value="meshes/Cube_010.ply" />
		<boolean name="face_normals" value="true" />
		<ref id="mat-Material" name="bsdf" />
		<animation name="to_world">
			<transform time="0">
				<matrix value="0.18738110055015098 0.9820292309713969 0.006450389366748917 1.4505395335150513 -0.9816272093357233 0.18746918691844155 -0.02692572364156605 1.7456147080952387 -0.027600376400420547 -0.001108946587877511 0.9995799254976476 -0.04149138158551269 0.0 0.0 0.0 1.0" />
			</transform>
			<transform time="0.0015">
				<matrix value="0.18585649488641476 0.9823197748724923 0.006505714418502548 1.4534437944415592 -0.9819349867604148 0.18594594751520876 -0.026310804443920473 1.7471911839224066 -0.0270048768692899 -0.0013215152851764746 0.9995961292384434 -0.042588577636112186 0.0 0.0 0.0 1.0" />
			</transform>
		</animation>
	</shape>
	<shape type="ply" name="temp15">
		<string name="filename" value="meshes/Cube_011.ply" />
		<boolean name="face_normals" value="true" />
		<ref id="mat-Material" name="bsdf" />
		<animation name="to_world">
			<transform time="0">
				<matrix value="0.19205117840103397 0.976601143457865 -0.09378727067879974 0.9552266131136011 -0.8506452262037101 0.2134981008420539 0.4798513167929096 2.079750603096897 0.488699565800928 -0.012098974183549807 0.8722178042561561 -0.9826342457575754 0.0 0.0 0.0 1.0" />
			</transform>
			<transform time="0.0015">
				<matrix value="0.19036357899599474 0.9769324394976775 -0.0937932909131689 0.9572870794156889 -0.8505356179949686 0.21201899419534748 0.480703715258298 2.081590843858554 0.4895535492214297 -0.01145804096080068 0.8717482106566986 -0.9848980835804191 0.0 0.0 0.0 1.0" />
			</transform>
		</animation>
	</shape>
	<shape type="ply" name="temp16">
		<string name="filename" value="meshes/Cube_012.ply" />
		<boolean name="face_normals" value="true" />
		<ref id="mat-Material" name="bsdf" />
		<animation name="to_world">
			<transform time="0">
				<matrix value="0.1097068048160815 0.9897530990378017 0.09129315810450658 1.0582634624367542 -0.6384579107028564 -0.0002026698552217979 0.7696427971997555 1.8988683851663124 0.7617773617220454 -0.14272578703983746 0.6318908647861261 -2.0505481902155793 0.0 0.0 0.0 1.0" />
			</transform>
			<transform time="0.0015">
				<matrix value="0.10990095607498371 0.9897094258410486 0.09153338707217124 1.0584684617824323 -0.6387143706141816 -0.0002161922378506245 0.769430046508499 1.8987862474638235 0.7615344652082204 -0.14302866321243005 0.6321152831919996 -2.0501181862863884 0.0 0.0 0.0 1.0" />
			</transform>
		</animation>
	</shape>
	<shape type="ply" name="temp17">
		<string name="filename" value="meshes/Cube_013.ply" />
		<boolean name="face_normals" value="true" />
		<ref id="mat-Material" name="bsdf" />
		<animation name="to_world">
			<transform time="0">
				<matrix value="0.8309673118485463 0.40161402352411124 0.38404229868928247 0.6267892770443382 -0.41424384382307944 -0.011962668666292607 0.9099252234290467 1.601191537465685 0.3700297370515951 -0.9152699182141868 0.15626046935820087 -1.6786415438759672 0.0 0.0 0.0 1.0" />
			</transform>
			<transform time="0.0015">
				<matrix value="0.8314921674609971 0.399891335179283 0.38470815839705463 0.6279188664767098 -0.41501628888489017 -0.01105810011881894 0.9095854640047885 1.600985314987464 0.3679863378162439 -0.9160376458556654 0.15660246956237056 -1.6766005526439864 0.0 0.0 0.0 1.0" />
			</transform>
		</animation>
	</shape>
	<shape type="ply" name="temp18">
		<string name="filename" value="meshes/Cube_014.ply" />
		<boolean name="face_normals" value="true" />
		<ref id="mat-Material" name="bsdf" />
		<animation name="to_world">
			<transform time="0">
				<matrix value="0.9509682160605787 0.2716644800103457 0.1468148802350337 0.07714397975507681 -0.21888692828534806 0.25782680430434085 0.9408858016709367 1.004256891333411 0.21792502841176042 -0.9271110272139635 0.3048087301741146 -0.725045711508511 0.0 0.0 0.0 1.0" />
			</transform>
			<transform time="0.0015">
				<matrix value="0.950647896482434 0.2721975693473292 0.147903293333821 0.07836164553049506 -0.2199420919960448 0.25699647290747524 0.9408678618150558 1.0053083819766955 0.2182630123205322 -0.927185735713705 0.30433986846631067 -0.7256483069783852 0.0 0.0 0.0 1.0" />
			</transform>
		</animation>
	</shape>
	<shape type="ply" name="temp19">
		<string name="filename" value="meshes/Cube_015.ply" />
		<boolean name="face_normals" value="true" />
		<ref id="mat-Material" name="bsdf" />
		<animation name="to_world">
			<transform time="0">
				<matrix value="0.9853832351997334 0.11880706599391352 0.12195266325343329 0.04026206392564796 -0.14729292657975593 0.23593183889800867 0.9605267077080479 0.6287289007115981 0.08535103372710881 -0.9644485141513862 0.2499913715704356 -0.3014145420254486 0.0 0.0 0.0 1.0" />
			</transform>
			<transform time="0.0015">
				<matrix value="0.9853345027103613 0.11921593001650121 0.1219481731832422 0.040245419194254964 -0.14735845055523344 0.23555437662476453 0.9606093774234312 0.6288315853274099 0.0858006731197977 -0.9644904902810028 0.24967592626773905 -0.30186185776754026 0.0 0.0 0.0 1.0" />
			</transform>
		</animation>
	</shape>
	<shape type="ply" name="temp20">
		<string name="filename" value="meshes/Cube_016.ply" />
		<boolean name="face_normals" value="true" />
		<ref id="mat-Material" name="bsdf" />
		<animation name="to_world">
			<transform time="0">
				<matrix value="0.9854867320181481 0.058218785915569345 0.15940211602188264 0.0873541449707938 -0.16872237499268652 0.2351261829324 0.9571902240129431 0.32364015647501776 0.018265488620225628 -0.9702079374581529 0.2415374017600105 -0.0021629970174903423 0.0 0.0 0.0 1.0" />
			</transform>
			<transform time="0.0015">
				<matrix value="0.9854412068733613 0.058180348846755714 0.15969767344544816 0.08743540599497074 -0.16899392059341983 0.2347949094200273 0.9572237378423831 0.32387720802018605 0.018213960953982842 -0.9702905230527007 0.2412095483406752 -0.002056646325106213 0.0 0.0 0.0 1.0" />
			</transform>
		</animation>
	</shape>
	<shape type="ply" name="temp21">
		<string name="filename" value="meshes/Cube_017.ply" />
		<boolean name="face_normals" value="true" />
		<ref id="mat-Material" name="bsdf" />
		<animation name="to_world">
			<transform time="0">
				<matrix value="0.9557111184393655 0.06589534711517804 0.28670238442514095 0.17867371677211302 -0.294139398468513 0.22997655515067073 0.9276519182771887 0.12358094813630457 -0.004813851774826383 -0.9709425705483467 0.23921919095116495 0.16996953904834358 0.0 0.0 0.0 1.0" />
			</transform>
			<transform time="0.0015">
				<matrix value="0.9558660762665729 0.06545058261350559 0.28628808268700157 0.1786697887834085 -0.293630581174683 0.23004446036357276 0.9277964243269321 0.12307716029846316 -0.005141106573424103 -0.9709566727257026 0.23915537170104567 0.1702046857074649 0.0 0.0 0.0 1.0" />
			</transform>
		</animation>
	</shape>
	<shape type="ply" name="temp22">
		<string name="filename" value="meshes/Cube_018.ply" />
		<boolean name="face_normals" value="true" />
		<ref id="mat-Material" name="bsdf" />
		<animation name="to_world">
			<transform time="0">
				<matrix value="0.2032372563724786 0.9763023467793577 0.07433201771452048 0.8666091070024798 -0.3353896178729032 -0.0018995573846060788 0.9420535946037565 -0.14815722481304208 0.9198710788667919 -0.21640033957486396 0.32705423996300886 -0.18458574959247856 0.0 0.0 0.0 1.0" />
			</transform>
			<transform time="0.0015">
				<matrix value="0.20326828623457188 0.9762865775714517 0.07445428532147325 0.8665783157631546 -0.3358458235456761 -0.001899573529271316 0.9418911827396045 -0.14796553276347768 0.9196978982161191 -0.21647148122996004 0.3274942855645448 -0.18462118448053222 0.0 0.0 0.0 1.0" />
			</transform>
		</animation>
	</shape>
	<shape type="ply" name="temp23">
		<string name="filename" value="meshes/Cube_019.ply" />
		<boolean name="face_normals" value="true" />
		<ref id="mat-Material" name="bsdf" />
		<animation name="to_world">
			<transform time="0">
				<matrix value="-0.05651134608804188 0.9875945668021768 -0.14649815777118919 0.46797840910934063 -0.9511078370361703 -0.008642866529140238 0.30862095947191176 0.046523992992187346 0.30352605017135703 0.15678755504012115 0.9397970829761794 -0.048589779694366175 0.0 0.0 0.0 1.0" />
			</transform>
			<transform time="0.0015">
				<matrix value="-0.05660435588963052 0.9875932827381046 -0.14647096203900073 0.46800130032572596 -0.9509179813850411 -0.008643295601778213 0.3092060472763791 0.04597960042825568 0.3041036514431462 0.1567956453946916 0.9396091825596726 -0.048638503468541254 0.0 0.0 0.0 1.0" />
			</transform>
		</animation>
	</shape>
	<shape type="ply" name="temp24">
		<string name="filename" value="meshes/Cube_020.ply" />
		<boolean name="face_normals" value="true" />
		<ref id="mat-Material" name="bsdf" />
		<animation name="to_world">
			<transform time="0">
				<matrix value="0.06815082114085069 0.9871656886338993 -0.14435199543828037 -0.027778829491905604 -0.9221858643374443 0.007164975703225461 -0.38660955272347736 0.247670755095762 -0.3806178769342473 0.1594752421583501 0.9108368817124095 0.10071146313457119 0.0 0.0 0.0 1.0" />
			</transform>
			<transform time="0.0015">
				<matrix value="0.06820274184643231 0.987114145798034 -0.14467992204673863 -0.027478927571801575 -0.9223913612988182 0.007171306867595252 -0.38611926190905177 0.2471979415231727 -0.38011068886589594 0.15979397459652656 0.9109930129253361 0.10061820109904752 0.0 0.0 0.0 1.0" />
			</transform>
		</animation>
	</shape>
	<shape type="ply" name="temp25">
		<string name="filename" value="meshes/Cube_021.ply" />
		<boolean name="face_normals" value="true" />
		<ref id="mat-Material" name="bsdf" />
		<animation name="to_world">
			<transform time="0">
				<matrix value="0.25184330714664366 0.9176957509339352 -0.30719750498912346 -0.11540096503899197 -0.7332547909940481 -0.026223616722601963 -0.6793928516888792 0.1944376475728654 -0.631527391419205 0.3963995260969958 0.6663200717128874 0.21196823327734793 0.0 0.0 0.0 1.0" />
			</transform>
			<transform time="0.0015">
				<matrix value="0.2514128112927563 0.9177803715072177 -0.3072976294694079 -0.11564079892089718 -0.733663512010019 -0.02637746937499453 -0.6789457680129534 0.1939815285579778 -0.6312244968176137 0.3961934375679571 0.6667297523211676 0.21200799592443742 0.0 0.0 0.0 1.0" />
			</transform>
		</animation>
	</shape>
	<shape type="ply" name="temp26">
		<string name="filename" value="meshes/Cube_022.ply" />
		<boolean name="face_normals" value="true" />
		<ref id="mat-Material" name="bsdf" />
		<animation name="to_world">
			<transform time="0">
				<matrix value="0.6725828284816152 0.39364663355742213 -0.626557313338701 -0.06589550152607188 -0.6754809610178236 -0.019026555880714942 -0.7370532187351809 -0.14314400651202125 -0.30206306612981293 0.9190647924692807 0.25310528906184626 0.6638676155313747 0.0 0.0 0.0 1.0" />
			</transform>
			<transform time="0.0015">
				<matrix value="0.6720921685878036 0.393639327157759 -0.6270885985962616 -0.06601862601688264 -0.6760527938564405 -0.01905143330801604 -0.7365285205025026 -0.1439522742555475 -0.301876826320888 0.9190674056523053 0.25331805677383884 0.6639343617584619 0.0 0.0 0.0 1.0" />
			</transform>
		</animation>
	</shape>
	<shape type="ply" name="temp27">
		<string name="filename" value="meshes/Cube_023.ply" />
		<boolean name="face_normals" value="true" />
		<ref id="mat-Material" name="bsdf" />
		<animation name="to_world">
			<transform time="0">
				<matrix value="0.8495340205344779 0.3181501513277419 -0.4207983448544538 -0.08089800707119787 -0.4805007118453549 0.13743161049845337 -0.8661586373416683 -0.28729179540232896 -0.21773764819769267 0.9380259186563848 0.26962364917798254 0.14806498204014407 0.0 0.0 0.0 1.0" />
			</transform>
			<transform time="0.0015">
				<matrix value="0.8495540784058404 0.31819119632317727 -0.42072682372123565 -0.08087851162474885 -0.48043607028856183 0.13741541852559253 -0.8661970701638497 -0.2872428319241605 -0.21780207114443192 0.9380143695888803 0.2696118112560042 0.14804237631351103 0.0 0.0 0.0 1.0" />
			</transform>
		</animation>
	</shape>
	<shape type="ply" name="temp28">
		<string name="filename" value="meshes/Cube_024.ply" />
		<boolean name="face_normals" value="true" />
		<ref id="mat-Material" name="bsdf" />
		<animation name="to_world">
			<transform time="0">
				<matrix value="0.8649326627980576 0.4118315141326136 -0.28682932871763567 -0.17997481709953883 -0.3854076799514917 0.17897764604535038 -0.9052155192588911 -0.5176981464058151 -0.3214677887760692 0.8935084466118647 0.31352580798742 -0.3031194654318796 0.0 0.0 0.0 1.0" />
			</transform>
			<transform time="0.0015">
				<matrix value="0.8649956448332741 0.4118881330981429 -0.2865580862666687 -0.17988777598284034 -0.38519151609629326 0.17910804838375732 -0.905281772474277 -0.5175126484952205 -0.32155746836464805 0.8934562280062558 0.31358266575646215 -0.3032048129204228 0.0 0.0 0.0 1.0" />
			</transform>
		</animation>
	</shape>
	<shape type="ply" name="temp29">
		<string name="filename" value="meshes/Cube_025.ply" />
		<boolean name="face_normals" value="true" />
		<ref id="mat-Material" name="bsdf" />
		<animation name="to_world">
			<transform time="0">
				<matrix value="0.8939177557102763 0.37919874515824237 -0.23899532457315276 -0.27758174969148686 -0.3263625455873566 0.18514678060919065 -0.9269333946700418 -0.7970549798482505 -0.30724171892480323 0.9066018943605125 0.2892626640524495 -0.7185435157992337 0.0 0.0 0.0 1.0" />
			</transform>
			<transform time="0.0015">
				<matrix value="0.8939520631274832 0.3791425917598036 -0.2389561002867413 -0.27749546778052187 -0.3262788019798015 0.1850744983147227 -0.9269773166796251 -0.7969955281533497 -0.30723085863264 0.9066401459534046 0.2891543185566142 -0.7185956683354384 0.0 0.0 0.0 1.0" />
			</transform>
		</animation>
	</shape>
	<shape type="ply" name="temp30">
		<string name="filename" value="meshes/Cube_026.ply" />
		<boolean name="face_normals" value="true" />
		<ref id="mat-Material" name="bsdf" />
		<animation name="to_world">
			<transform time="0">
				<matrix value="0.9229870644490423 0.24410113824326327 -0.2975048236467195 -0.31375565005725053 -0.3498779978618045 0.2103585977310225 -0.9128695272708017 -1.1437426127449175 -0.16024853420137689 0.9466576488820937 0.279563954629117 -0.844620470738584 0.0 0.0 0.0 1.0" />
			</transform>
			<transform time="0.0015">
				<matrix value="0.9230115264353578 0.24405713464405882 -0.2974650546967519 -0.31368366646760215 -0.349806649603871 0.21024539734569703 -0.9129229638718818 -1.1436765664513713 -0.16026344755585203 0.9466941508438229 0.279431805633804 -0.844814639851764 0.0 0.0 0.0 1.0" />
			</transform>
		</animation>
	</shape>
	<shape type="ply" name="temp31">
		<string name="filename" value="meshes/Cube_027.ply" />
		<boolean name="face_normals" value="true" />
		<ref id="mat-Material" name="bsdf" />
		<animation name="to_world">
			<transform time="0">
				<matrix value="0.8723702500057622 0.19320909718557516 -0.4490421497602242 -0.5552610217922069 -0.4836096055685277 0.20703003402006165 -0.8504441395470004 -1.583530725413462 -0.0713460304205295 0.9590646464604327 0.27404459645189516 -0.9793868677658426 0.0 0.0 0.0 1.0" />
			</transform>
			<transform time="0.0015">
				<matrix value="0.8724158389783017 0.19314795546103547 -0.44897990492819695 -0.5551586903072939 -0.4835231668341046 0.206912554922991 -0.85052189878001 -1.583450056956147 -0.07137469386868242 0.9591023198490349 0.2739052817266715 -0.9796575542778321 0.0 0.0 0.0 1.0" />
			</transform>
		</animation>
	</shape>
	<shape type="ply" name="temp32">
		<string name="filename" value="meshes/Cube_028.ply" />
		<boolean name="face_normals" value="true" />
		<ref id="mat-Material" name="bsdf" />
		<animation name="to_world">
			<transform time="0">
				<matrix value="-0.11327485209041412 0.9808070326204625 0.1586997027565114 -1.4652957516843208 -0.817133089373381 -0.0010993193901836166 -0.5764344114063584 -2.1115979730552015 -0.565196125362793 -0.19497689931438417 0.8015743692617988 -1.2596255809578678 0.0 0.0 0.0 1.0" />
			</transform>
			<transform time="0.0015">
				<matrix value="-0.11321155729920812 0.9808154954287056 0.15869260000332436 -1.465222429245634 -0.8173001425597713 -0.0011083644576555863 -0.5761975848838461 -2.1114982927058397 -0.5649672869115538 -0.1949342939182807 0.8017460829582459 -1.2590918579957175 0.0 0.0 0.0 1.0" />
			</transform>
		</animation>
	</shape>
	<shape type="ply" name="temp33">
		<string name="filename" value="meshes/Cube_029.ply" />
		<boolean name="face_normals" value="true" />
		<ref id="mat-Material" name="bsdf" />
		<animation name="to_world">
			<transform time="0">
				<matrix value="0.004515027649385579 0.980669888595249 0.1956160013162492 -1.5955973129864898 -0.9973620500437036 -0.009738848574223597 0.071839760843572 -1.7840405218582396 0.07235608844966643 -0.1954265127038127 0.9780388737937338 -0.061609551043679156 0.0 0.0 0.0 1.0" />
			</transform>
			<transform time="0.0015">
				<matrix value="0.004559679311373192 0.9806675907963827 0.19562647587726356 -1.5954916173695297 -0.9973429176747589 -0.009747095569592589 0.07210436180330115 -1.7835563146412454 0.07261712640657147 -0.19543761798075188 0.9780173425625294 -0.06113785672285028 0.0 0.0 0.0 1.0" />
			</transform>
		</animation>
	</shape>
	<shape type="ply" name="temp34">
		<string name="filename" value="meshes/Cube_030.ply" />
		<boolean name="face_normals" value="true" />
		<ref id="mat-Material" name="bsdf" />
		<animation name="to_world">
			<transform time="0">
				<matrix value="-0.037737179271898166 0.9814836175975148 -0.18778887224750687 -3.2000382864553334 -0.9765323634715894 0.0036421730427575348 0.21527148313337469 -1.9284396307857539 0.211969227325559 0.19151109550539575 0.9583133021241788 0.2521617894157522 0.0 0.0 0.0 1.0" />
			</transform>
			<transform time="0.0015">
				<matrix value="-0.037810141032672016 0.9814819606424972 -0.18778286881247835 -3.2001759309182156 -0.9764485345146598 0.003644245691830054 0.21565173290402367 -1.9277592418743463 0.21234244628475327 0.19151954529771398 0.9582290592222598 0.2529110921042258 0.0 0.0 0.0 1.0" />
			</transform>
		</animation>
	</shape>
	<shape type="ply" name="temp35">
		<string name="filename" value="meshes/Cube_031.ply" />
		<boolean name="face_normals" value="true" />
		<ref id="mat-Material" name="bsdf" />
		<animation name="to_world">
			<transform time="0">
				<matrix value="0.13494797234884148 0.9807859656295173 0.14088045913646677 -1.9236202409911618 -0.714213370991105 -0.002264514843885254 0.6999137393438895 -0.9090434688788318 0.6867849411464344 -0.19507309828689906 0.7001846483926772 0.7031541053389732 0.0 0.0 0.0 1.0" />
			</transform>
			<transform time="0.0015">
				<matrix value="0.13493455256378517 0.9807802812055244 0.14093285406849562 -1.923583523698385 -0.7144094658050844 -0.002255973715243081 0.6997136691010499 -0.9098798942638182 0.6865836603275285 -0.19510175319040832 0.7003740976961719 0.7028974173431743 0.0 0.0 0.0 1.0" />
			</transform>
		</animation>
	</shape>
	<shape type="ply" name="temp36">
		<string name="filename" value="meshes/Cube_032.ply" />
		<boolean name="face_normals" value="true" />
		<ref id="mat-Material" name="bsdf" />
		<animation name="to_world">
			<transform time="0">
				<matrix value="0.7745624322949078 0.5993579782363383 0.2019574833542228 -0.6187096148329281 -0.24727005533423044 -0.006926958030799524 0.9688916746765285 0.38853828810680374 0.5821097660218395 -0.8004508544646377 0.14284073195558983 -0.15759548960198733 0.0 0.0 0.0 1.0" />
			</transform>
			<transform time="0.0015">
				<matrix value="0.7744305162865128 0.5993898170180152 0.20236893667217082 -0.6186596481429238 -0.24780439734646242 -0.006909700059484226 0.9687554321941763 0.38677642406590007 0.5820583368099056 -0.8004271631070455 0.14318314916779473 -0.1573966434703557 0.0 0.0 0.0 1.0" />
			</transform>
		</animation>
	</shape>
	<shape type="ply" name="temp37">
		<string name="filename" value="meshes/Cube_033.ply" />
		<boolean name="face_normals" value="true" />
		<ref id="mat-Material" name="bsdf" />
		<animation name="to_world">
			<transform time="0">
				<matrix value="0.9773310940788296 0.16528637549721228 0.13230498212614905 -0.13661345935794822 -0.15002606258211043 0.09973692334326889 0.9836365970230263 0.3006179051394674 0.149386709324199 -0.9811875942539261 0.12227338079836376 -0.3808806009242183 0.0 0.0 0.0 1.0" />
			</transform>
			<transform time="0.0015">
				<matrix value="0.977326865490197 0.16529200735717872 0.1323291379548647 -0.13661039151235355 -0.150029458218567 0.09959490210229383 0.9836504774333402 0.3006178529185859 0.1494109239779718 -0.9812010806812592 0.12213556389791946 -0.3809131317883427 0.0 0.0 0.0 1.0" />
			</transform>
		</animation>
	</shape>
	<shape type="ply" name="temp38">
		<string name="filename" value="meshes/Cube_034.ply" />
		<boolean name="face_normals" value="true" />
		<ref id="mat-Material" name="bsdf" />
		<animation name="to_world">
			<transform time="0">
				<matrix value="0.9999250922384922 0.0017435093852401743 0.01213971578662201 -0.035777619314570464 -0.012254841080302893 0.18088071494275412 0.983428687329825 0.3694319044035645 -0.0004812240814712771 -0.9835033988774007 0.18088851312537796 -0.35593571099436294 0.0 0.0 0.0 1.0" />
			</transform>
			<transform time="0.0015">
				<matrix value="0.9999250922384922 0.0017504789996773107 0.012138496250878298 -0.035763556629389466 -0.012254900280543747 0.18088607572252752 0.9834277001271294 0.36942957285603495 -0.0004742162250354613 -0.9835024001609 0.18089395890990273 -0.355936056904538 0.0 0.0 0.0 1.0" />
			</transform>
		</animation>
	</shape>
	<shape type="ply" name="temp39">
		<string name="filename" value="meshes/Cube_035.ply" />
		<boolean name="face_normals" value="true" />
		<ref id="mat-Material" name="bsdf" />
		<animation name="to_world">
			<transform time="0">
				<matrix value="0.9989269130733103 -0.04621189429793732 0.003160298255260623 0.009383279881725715 0.006578479399035862 0.20907528424793975 0.9778774157829815 0.09150735129706258 -0.0458503094710005 -0.9768069116417026 0.20915495288404667 -0.14572894407960021 0.0 0.0 0.0 1.0" />
			</transform>
			<transform time="0.0015">
				<matrix value="0.9989273279537045 -0.046203193449746494 0.0031576157872465413 0.00939194399353396 0.006578295255968621 0.2090542736556916 0.9778819092573199 0.09150710408611779 -0.04584138156405759 -0.9768118226235933 0.20913398674128178 -0.14568682963994697 0.0 0.0 0.0 1.0" />
			</transform>
		</animation>
	</shape>
	<shape type="ply" name="temp40">
		<string name="filename" value="meshes/Cube_036.ply" />
		<boolean name="face_normals" value="true" />
		<ref id="mat-Material" name="bsdf" />
		<animation name="to_world">
			<transform time="0">
				<matrix value="0.9995405805041249 -0.03015943123296129 0.003037999131010765 0.004152334189298612 0.003387091841348021 0.21072320268322547 0.9775400796463147 -0.24794185158292123 -0.030122228191203613 -0.9770801567717862 0.21072854204125474 0.22701531056613228 0.0 0.0 0.0 1.0" />
			</transform>
			<transform time="0.0015">
				<matrix value="0.9995392879921279 -0.030201750530578456 0.003041242432280329 0.00414699409232258 0.003392833626433396 0.21072278968016125 0.9775401477292593 -0.2479259122542437 -0.03016428174450768 -0.9770789402900333 0.21072817609542796 0.22691540111140832 0.0 0.0 0.0 1.0" />
			</transform>
		</animation>
	</shape>
	<shape type="ply" name="temp41">
		<string name="filename" value="meshes/Cube_037.ply" />
		<boolean name="face_normals" value="true" />
		<ref id="mat-Material" name="bsdf" />
		<animation name="to_world">
			<transform time="0">
				<matrix value="0.9988717295448621 -0.04738050740160568 0.003235377412237052 -0.0050084772335941 0.0068350495632301285 0.21084418144310973 0.9774958737195056 -0.569367469973886 -0.04699639822207093 -0.976370762353913 0.2109301281593645 0.5104789774774408 0.0 0.0 0.0 1.0" />
			</transform>
			<transform time="0.0015">
				<matrix value="0.9988718412434299 -0.047378165298774304 0.00323627951125194 -0.005008347677591764 0.006833557589505084 0.2108418010436306 0.9774964013623257 -0.5693722312030602 -0.04699431584163116 -0.9763713931222292 0.21092768993891386 0.5105105472449807 0.0 0.0 0.0 1.0" />
			</transform>
		</animation>
	</shape>
	<shape type="ply" name="temp42">
		<string name="filename" value="meshes/Cube_038.ply" />
		<boolean name="face_normals" value="true" />
		<ref id="mat-Material" name="bsdf" />
		<animation name="to_world">
			<transform time="0">
				<matrix value="0.9992174576748986 -0.039418102594160065 0.003279240565816951 0.006850882856003215 0.005109207981178206 0.21083448228391213 0.977508520869689 -0.9048937075973567 -0.03922290732535853 -0.9767266067752277 0.21087092294883317 0.8612303678536058 0.0 0.0 0.0 1.0" />
			</transform>
			<transform time="0.0015">
				<matrix value="0.9992171544930721 -0.03942544278498299 0.0032827936444840807 0.006850531770062387 0.005107173631122528 0.21083177899112826 0.9775091080850855 -0.9049004103116227 -0.03923084638083898 -0.9767268921227994 0.2108681196335926 0.8612321962109352 0.0 0.0 0.0 1.0" />
			</transform>
		</animation>
	</shape>
	<shape type="ply" name="temp43">
		<string name="filename" value="meshes/Cube_039.ply" />
		<boolean name="face_normals" value="true" />
		<ref id="mat-Material" name="bsdf" />
		<animation name="to_world">
			<transform time="0">
				<matrix value="0.9999635199591626 -0.005509514142816587 -0.006539080869644455 0.021244178943946146 0.008279986412624677 0.4330083892367943 0.901351844611432 -1.3192710753870598 -0.0021345345176863907 -0.901373072287577 0.43303813902076854 1.4738065336173687 0.0 0.0 0.0 1.0" />
			</transform>
			<transform time="0.0015">
