<scene version="2.1.0">
	<default name="spp" value="1024" />
	<default name="resx" value="640" />
	<default name="resy" value="360" />
	<integrator type="path" name="temp0">
		<integer name="max_depth" value="12" />
	</integrator>
	<sensor type="perspective" name="temp44">
		<string name="fov_axis" value="x" />
		<float name="fov" value="83.974423" />
		<float name="principal_point_offset_x" value="0.000000" />
		<float name="principal_point_offset_y" value="-0.000000" />
		<float name="near_clip" value="0.100000" />
		<float name="far_clip" value="1000.000000" />
		<transform name="to_world">
			<rotate x="1" angle="-142.5518126578256" />
			<rotate y="1" angle="3.976628485794621e-06" />
			<rotate z="1" angle="-179.999991348578" />
			<translate value="-0.000000 3.030926 4.073377" />
		</transform>
		<sampler type="correlated" name="sampler">
			<integer name="sample_count" value="1024" />
		</sampler>
		<film type="hdrfilm" name="film">
			<integer name="width" value="$resx" />
			<integer name="height" value="$resy" />
		</film>
		<float name="shutter_open" value="0.0" />
		<float name="shutter_close" value="0.0015" />
	</sensor>
	<bsdf type="twosided" id="mat-Material" name="mat-Material">
		<bsdf type="diffuse" name="bsdf">
			<texture type="bitmap" name="reflectance">
				<string name="filename" value="textures/siggraph_2023_logo.jpg" />
			</texture>
		</bsdf>
	</bsdf>
	<bsdf type="twosided" id="mat-Material.001" name="mat-Material.001">
		<bsdf type="principled" name="bsdf">
			<rgb value="0.433648 0.266232 0.084399" name="base_color" />
			<float name="spec_tint" value="0.000000" />
			<float name="spec_trans" value="0.000000" />
			<float name="metallic" value="0.000000" />
			<float name="anisotropic" value="0.000000" />
			<float name="roughness" value="0.500000" />
			<float name="sheen" value="0.000000" />
			<float name="sheen_tint" value="0.500000" />
			<float name="clearcoat" value="0.000000" />
			<float name="clearcoat_gloss" value="0.173205" />
			<float name="specular" value="0.500000" />
		</bsdf>
	</bsdf>
	<bsdf type="twosided" id="mat-Material.002" name="mat-Material.002">
		<bsdf type="principled" name="bsdf">
			<rgb value="0.433648 0.266232 0.084399" name="base_color" />
			<float name="spec_tint" value="0.000000" />
			<float name="spec_trans" value="0.000000" />
			<float name="metallic" value="0.000000" />
			<float name="anisotropic" value="0.000000" />
			<float name="roughness" value="0.500000" />
			<float name="sheen" value="0.000000" />
			<float name="sheen_tint" value="0.500000" />
			<float name="clearcoat" value="0.000000" />
			<float name="clearcoat_gloss" value="0.173205" />
			<float name="specular" value="0.500000" />
		</bsdf>
	</bsdf>
	<bsdf type="twosided" id="mat-Material.003" name="mat-Material.003">
		<bsdf type="principled" name="bsdf">
			<rgb value="0.433648 0.266232 0.084399" name="base_color" />
			<float name="spec_tint" value="0.000000" />
			<float name="spec_trans" value="0.000000" />
			<float name="metallic" value="0.000000" />
			<float name="anisotropic" value="0.000000" />
			<float name="roughness" value="0.500000" />
			<float name="sheen" value="0.000000" />
			<float name="sheen_tint" value="0.500000" />
			<float name="clearcoat" value="0.000000" />
			<float name="clearcoat_gloss" value="0.173205" />
			<float name="specular" value="0.500000" />
		</bsdf>
	</bsdf>
	<bsdf type="twosided" id="mat-Material.004" name="mat-Material.004">
		<bsdf type="principled" name="bsdf">
			<rgb value="0.433648 0.266232 0.084399" name="base_color" />
			<float name="spec_tint" value="0.000000" />
			<float name="spec_trans" value="0.000000" />
			<float name="metallic" value="0.000000" />
			<float name="anisotropic" value="0.000000" />
			<float name="roughness" value="0.500000" />
			<float name="sheen" value="0.000000" />
			<float name="sheen_tint" value="0.500000" />
			<float name="clearcoat" value="0.000000" />
			<float name="clearcoat_gloss" value="0.173205" />
			<float name="specular" value="0.500000" />
		</bsdf>
	</bsdf>
	<bsdf type="twosided" id="mat-Material.005" name="mat-Material.005">
		<bsdf type="principled" name="bsdf">
			<rgb value="0.433648 0.266232 0.084399" name="base_color" />
			<float name="spec_tint" value="0.000000" />
			<float name="spec_trans" value="0.000000" />
			<float name="metallic" value="0.000000" />
			<float name="anisotropic" value="0.000000" />
			<float name="roughness" value="0.500000" />
			<float name="sheen" value="0.000000" />
			<float name="sheen_tint" value="0.500000" />
			<float name="clearcoat" value="0.000000" />
			<float name="clearcoat_gloss" value="0.173205" />
			<float name="specular" value="0.500000" />
		</bsdf>
	</bsdf>
	<emitter type="point" name="temp45">
		<point name="position" x="-6.815235034541981e-16" y="3.0693089962005615" z="4.109199523925781" />
		<rgb value="7.957747 7.957747 7.957747" name="intensity" />
	</emitter>
	<shape type="ply" name="temp2">
		<string name="filename" value="meshes/Cube.ply" />
		<boolean name="face_normals" value="true" />
		<ref id="mat-Material" name="bsdf" />
		<animation name="to_world">
			<transform time="0">
				<matrix value="0.9999995567588077 0.00017038314807591627 0.0011118381580832312 -0.0018827319275862564 -0.0001709036092243811 0.9999997914159312 0.0004678641823723784 -0.017999000839843127 -0.0011117597207225894 -0.0004680543069481439 0.9999992908140084 0.0025193666035980833 0.0 0.0 0.0 1.0" />
				<scale value="1" />
			</transform>
			<transform time="0.0015">
				<matrix value="0.9999995567588077 0.00016720470653037572 0.0011121467440292675 -0.0018814006711483006 -0.00016763795798667878 0.9999997463610515 0.00038990665778673863 -0.017903589948304235 -0.0011120761468078047 -0.0003900932203473585 0.9999992397518 0.002517566869396553 0.0 0.0 0.0 1.0" />
				<scale value="1" />
			</transform>
		</animation>
	</shape>
	<shape type="ply" name="temp4">
		<string name="filename" value="meshes/Plane.ply" />
		<boolean name="face_normals" value="true" />
		<ref id="mat-Material.001" name="bsdf" />
		<transform name="to_world">
			<scale value="1" />
		</transform>
	</shape>
	<shape type="ply" name="temp5">
		<string name="filename" value="meshes/Cube_001.ply" />
		<boolean name="face_normals" value="true" />
		<ref id="mat-Material" name="bsdf" />
		<animation name="to_world">
			<transform time="0">
				<matrix value="0.9999991135176153 -2.469593657375637e-05 -0.0013334067734826847 0.0020023914921449837 2.5280527350641015e-05 0.9999997914159312 0.00043840696023499586 -0.018251248078717364 0.0013333936141354935 -0.0004384395408647479 0.999999054418678 -0.003014129150046063 0.0 0.0 0.0 1.0" />
				<scale value="1" />
			</transform>
			<transform time="0.0015">
				<matrix value="0.9999991135176153 -1.6310930599000235e-05 -0.0013338724608232004 0.0020036670707505888 1.669694560375693e-05 0.999999558632386 0.00029072952183221404 -0.01807976275767892 0.00133383195122883 -0.000290750696385317 0.9999988161283723 -0.003014885478096137 0.0 0.0 0.0 1.0" />
				<scale value="1" />
			</transform>
		</animation>
	</shape>
	<shape type="ply" name="temp6">
		<string name="filename" value="meshes/Cube_002.ply" />
		<boolean name="face_normals" value="true" />
		<ref id="mat-Material" name="bsdf" />
		<animation name="to_world">
			<transform time="0">
				<matrix value="1.0 2.314865995165021e-06 0.00032498448064655067 -0.000920627119334938 -1.250542970460634e-06 0.9999945768142122 -0.00327490271150172 -0.0155559138298077 -0.00032499153409322603 0.0032749117167928947 0.9999945629073977 0.0005611409807755319 0.0 0.0 0.0 1.0" />
				<scale value="1" />
			</transform>
			<transform time="0.0015">
				<matrix value="1.0 1.0255229927411824e-06 0.00032469257502192186 -0.0009202000696572971 2.768533294399822e-08 0.9999946669239717 -0.0032428535164058104 -0.015579374594790254 -0.000324696506262185 0.0032428628291934648 0.9999946565214465 0.000567635257609349 0.0 0.0 0.0 1.0" />
				<scale value="1" />
			</transform>
		</animation>
	</shape>
	<shape type="ply" name="temp7">
		<string name="filename" value="meshes/Cube_003.ply" />
		<boolean name="face_normals" value="true" />
		<ref id="mat-Material" name="bsdf" />
		<animation name="to_world">
			<transform time="0">
				<matrix value="0.9999995567588077 -0.0005167858029339436 0.0010252229089769236 -0.0012298776927699429 0.0005218854771136843 0.9999874849558741 -0.004977918312175163 -0.0172834440553849 -0.001022637214175917 0.004978442836493034 0.9999872346521514 0.0027428517018977527 0.0 0.0 0.0 1.0" />
				<scale value="1" />
			</transform>
			<transform time="0.0015">
				<matrix value="0.9999995567588077 -0.0005122704028872496 0.0010260330960167098 -0.0012308722575978513 0.000517328127682735 0.9999876801936862 -0.004934005663996671 -0.017287879069491308 -0.0010234872402757362 0.004934526418480852 0.9999874218802489 0.0027502763820770144 0.0 0.0 0.0 1.0" />
				<scale value="1" />
			</transform>
		</animation>
	</shape>
	<shape type="ply" name="temp8">
		<string name="filename" value="meshes/Cube_004.ply" />
		<boolean name="face_normals" value="true" />
		<ref id="mat-Material" name="bsdf" />
		<animation name="to_world">
			<transform time="0">
				<matrix value="1.0 -0.00032065628891396534 0.000723071853306296 -0.0005662172689042677 0.0003219309536600198 0.99999833132745 -0.001764220715701047 -0.01862272236310114 -0.0007225053055970725 0.001764452268664624 0.9999983452326863 0.0022883403746404574 0.0 0.0 0.0 1.0" />
				<scale value="1" />
			</transform>
			<transform time="0.0015">
				<matrix value="1.0 -0.00029557799194073316 0.0007233904814866489 -0.0005667522486516766 0.00029679690897691576 0.9999983838914763 -0.0016872567765869935 -0.018558669403184264 -0.0007228392843143471 0.0016874700744174726 0.9999983962948946 0.0022916269784902395 0.0 0.0 0.0 1.0" />
				<scale value="1" />
			</transform>
		</animation>
	</shape>
	<shape type="ply" name="temp9">
		<string name="filename" value="meshes/Cube_005.ply" />
		<boolean name="face_normals" value="true" />
		<ref id="mat-Material" name="bsdf" />
		<animation name="to_world">
			<transform time="0">
				<matrix value="0.9999995567588077 0.0004389610010366628 0.0007658215848793981 -0.0005670490543336903 -0.00044248856880964917 0.9999891536284242 0.004612072898646447 -0.014832691074150584 -0.0007637887902529489 -0.004612406997578339 0.9999891258147956 0.0022263257324819374 0.0 0.0 0.0 1.0" />
				<scale value="1" />
			</transform>
			<transform time="0.0015">
				<matrix value="0.9999995567588077 0.00044196638678915454 0.0007659052417974769 -0.0005668750878962651 -0.0004455077491793619 0.9999890710278114 0.004629590640271402 -0.014817862492269074 -0.0007638494266182448 -0.004629926812836344 0.9999890407111149 0.0022229095533971613 0.0 0.0 0.0 1.0" />
				<scale value="1" />
			</transform>
		</animation>
	</shape>
	<shape type="ply" name="temp10">
		<string name="filename" value="meshes/Cube_006.ply" />
		<boolean name="face_normals" value="true" />
		<ref id="mat-Material" name="bsdf" />
		<animation name="to_world">
			<transform time="0">
				<matrix value="0.9999995567588077 7.035603214697668e-05 -0.0009762677999774006 -0.0010283844992513558 -6.974710430529035e-05 0.9999997914159312 0.0006238189098298379 -0.017165853511666274 0.0009763096447510492 -0.0006237497992378338 0.9999995272093389 -0.0022028261886247735 0.0 0.0 0.0 1.0" />
				<scale value="1" />
			</transform>
			<transform time="0.0015">
				<matrix value="0.9999995567588077 7.643609054784068e-05 -0.0009771704096143724 -0.0010280717600133068 -7.587643554959784e-05 0.9999997839067846 0.0005740565750582008 -0.0171848933796788 0.0009772041907085461 -0.0005739812779887903 0.9999995186989709 -0.0022034594581745743 0.0 0.0 0.0 1.0" />
				<scale value="1" />
			</transform>
		</animation>
	</shape>
	<shape type="ply" name="temp11">
		<string name="filename" value="meshes/Cube_007.ply" />
		<boolean name="face_normals" value="true" />
		<ref id="mat-Material" name="bsdf" />
		<animation name="to_world">
			<transform time="0">
				<matrix value="1.0 3.340870171018078e-06 -4.793695431092888e-05 0.0005600543008639214 -3.3409171901345147e-06 1.0 -7.278021238702076e-07 -0.017767688776491486 4.79369781943063e-05 7.279625716747007e-07 1.0 0.00016969239630637567 0.0 0.0 0.0 1.0" />
				<scale value="1" />
			</transform>
			<transform time="0.0015">
				<matrix value="0.9999999680861236 -5.237772539994935e-05 -4.818707402835866e-05 0.0005611353974622348 5.238513870081045e-05 0.9999996620884021 0.00014378402403182082 -0.017752512346735583 4.796394541992474e-05 -0.0001437865405064541 0.9999997106474858 0.00016990561880074928 0.0 0.0 0.0 1.0" />
				<scale value="1" />
			</transform>
		</animation>
	</shape>
	<shape type="ply" name="temp12">
		<string name="filename" value="meshes/Cube_008.ply" />
		<boolean name="face_normals" value="true" />
		<ref id="mat-Material" name="bsdf" />
		<animation name="to_world">
			<transform time="0">
				<matrix value="1.0 0.0003941759156319159 0.00019269245298451468 0.0003188272069083453 -0.00039408929005171737 0.9999997914159312 -0.0004485483199147464 -0.017464004242514597 -0.00019286931299388152 0.0004484724345723923 1.0 0.000369307698552479 0.0 0.0 0.0 1.0" />
				<scale value="1" />
			</transform>
			<transform time="0.0015">
				<matrix value="0.9999999521291854 0.0004384607323773686 0.0001913527423333574 0.0003165804434732921 -0.0004383644002108426 0.9999996562512921 -0.0005133898354459997 -0.017442332171514457 -0.00019165476659700447 0.0005133074577865921 0.9999999148963193 0.0003645043897297586 0.0 0.0 0.0 1.0" />
				<scale value="1" />
			</transform>
		</animation>
	</shape>
	<shape type="ply" name="temp13">
		<string name="filename" value="meshes/Cube_009.ply" />
		<boolean name="face_normals" value="true" />
		<ref id="mat-Material" name="bsdf" />
		<animation name="to_world">
			<transform time="0">
				<matrix value="1.0 0.0004814245457560443 0.0007120369192771409 0.0013477944246802487 -0.00048139982660404555 0.9999997914159312 -3.225425168821725e-05 -0.016856442106281455 -0.000712053678281359 3.1911485264578466e-05 0.9999997636046695 0.0012293064365356265 0.0 0.0 0.0 1.0" />
				<scale value="1" />
			</transform>
			<transform time="0.0015">
				<matrix value="0.9999999521291854 0.00040789618349764556 0.0007123290802128118 0.0013512227284632225 -0.0004078905205251981 0.9999997463610515 -5.868519311454643e-06 -0.016968260836315762 -0.0007123846251803688 5.57855256460891e-06 0.9999997550943014 0.0012300230272244204 0.0 0.0 0.0 1.0" />
				<scale value="1" />
			</transform>
		</animation>
	</shape>
	<shape type="ply" name="temp14">
		<string name="filename" value="meshes/Cube_010.ply" />
		<boolean name="face_normals" value="true" />
		<ref id="mat-Material" name="bsdf" />
		<animation name="to_world">
			<transform time="0">
				<matrix value="0.9999906919349606 -0.0005439851655010293 0.004357025976537291 0.008870201902121844 0.000542939433750512 0.9999997914159312 0.00024150383362307523 -0.018349242669865318 -0.004357167298728607 -0.00023913537731815122 0.9999905441867787 0.0072340989521124666 0.0 0.0 0.0 1.0" />
				<scale value="1" />
			</transform>
			<transform time="0.0015">
				<matrix value="0.9999906759780224 -0.0005438813140032482 0.00435886591811294 0.008877477912149845 0.0005428345966663029 0.9999997914159312 0.0002416337869434275 -0.018348872293730892 -0.004359006495429662 -0.00023926483500591315 0.9999905356764107 0.007237190930073754 0.0 0.0 0.0 1.0" />
				<scale value="1" />
			</transform>
		</animation>
	</shape>
	<shape type="ply" name="temp15">
		<string name="filename" value="meshes/Cube_011.ply" />
		<boolean name="face_normals" value="true" />
		<ref id="mat-Material" name="bsdf" />
		<animation name="to_world">
			<transform time="0">
				<matrix value="1.0 0.00015437077486895706 -0.0006015528336471875 -0.0012138312518794603 -0.00015418765413712467 1.0 0.0003046615740808595 -0.017098226507569925 0.0006016024055585992 -0.00030457028553073176 0.9999997636046695 -0.0009414544338521846 0.0 0.0 0.0 1.0" />
				<scale value="1" />
			</transform>
			<transform time="0.0015">
				<matrix value="0.999999936172247 8.052981434583434e-05 -0.0006020664343599091 -0.001215471638107487 -8.036584737986802e-05 0.9999999249085338 0.0002734473311958051 -0.017252398654305178 0.0006021526007889684 -0.0002734014699153912 0.9999997636046695 -0.0009429898722363835 0.0 0.0 0.0 1.0" />
				<scale value="1" />
			</transform>
		</animation>
	</shape>
	<shape type="ply" name="temp16">
		<string name="filename" value="meshes/Cube_012.ply" />
		<boolean name="face_normals" value="true" />
		<ref id="mat-Material" name="bsdf" />
		<animation name="to_world">
			<transform time="0">
				<matrix value="1.0 0.00018115609805954242 -0.00019680596813107272 -0.0003414113667772334 -0.0001811256376024552 1.0 0.00015564575876045634 -0.01733875871662599 0.0001968341054594904 -0.00015560997282149585 1.0 -0.00037361582832984297 0.0 0.0 0.0 1.0" />
				<scale value="1" />
			</transform>
			<transform time="0.0015">
				<matrix value="0.9999999521291854 0.00011579157488044434 -0.0001967471359566395 -0.00034017437362434625 -0.00011577592784740466 0.999999879853654 7.995043468274542e-05 -0.017517982504576694 0.0001968888058437626 -7.992753676313262e-05 0.9999999319170555 -0.00037518799788884835 0.0 0.0 0.0 1.0" />
				<scale value="1" />
			</transform>
		</animation>
	</shape>
	<shape type="ply" name="temp17">
		<string name="filename" value="meshes/Cube_013.ply" />
		<boolean name="face_normals" value="true" />
		<ref id="mat-Material" name="bsdf" />
		<animation name="to_world">
			<transform time="0">
				<matrix value="0.9999986702764229 -0.0015767140917311018 0.00028236713045854544 -0.00010066965704080832 0.0015778544289546423 0.9999904051328369 -0.004079119625965852 -0.02376632240026083 -0.00027593315568226343 0.004079549792145976 0.9999917261634315 -0.00016191723106917522 0.0 0.0 0.0 1.0" />
				<scale value="1" />
			</transform>
			<transform time="0.0015">
				<matrix value="0.9999986383625464 -0.0015964790667375947 0.0002825995486104001 -0.00010049598450791011 0.0015976344900223147 0.9999901197852652 -0.0041306618191146 -0.02384313060408353 -0.00027597529795614405 0.004131097755870016 0.9999914793627576 -0.0001619117933608267 0.0 0.0 0.0 1.0" />
				<scale value="1" />
			</transform>
		</animation>
	</shape>
	<shape type="ply" name="temp18">
		<string name="filename" value="meshes/Cube_014.ply" />
		<boolean name="face_normals" value="true" />
		<ref id="mat-Material" name="bsdf" />
		<animation name="to_world">
			<transform time="0">
				<matrix value="1.0 -0.00039533564305425483 -6.744713373025686e-05 -0.00035480522995601227 0.00039520537137406543 0.9999981227433812 -0.0019154026214350994 -0.01959930221583911 6.820418171470516e-05 0.001915375357460948 0.9999983452326863 5.904939052248093e-05 0.0 0.0 0.0 1.0" />
				<scale value="1" />
			</transform>
			<transform time="0.0015">
				<matrix value="0.9999999840430618 -0.0004182082032987638 -6.727033083370689e-05 -0.0003544211716857462 0.0004180702915692289 0.9999976646854373 -0.002036469075039175 -0.019713185335673792 6.81959479345755e-05 0.0020364405225923553 0.9999979112039149 5.825279829178741e-05 0.0 0.0 0.0 1.0" />
				<scale value="1" />
			</transform>
		</animation>
	</shape>
	<shape type="ply" name="temp19">
		<string name="filename" value="meshes/Cube_015.ply" />
		<boolean name="face_normals" value="true" />
		<ref id="mat-Material" name="bsdf" />
		<animation name="to_world">
			<transform time="0">
				<matrix value="1.0 -0.0001874215463171354 -9.678828576034904e-05 8.11384898110612e-05 0.00018736159793768738 0.9999997914159312 -0.0006177624614616512 -0.018254921089706055 9.690404891964392e-05 0.0006177446638980609 1.0 -0.00022825167110912536 0.0 0.0 0.0 1.0" />
				<scale value="1" />
			</transform>
			<transform time="0.0015">
				<matrix value="1.0 -0.00018738017842839523 -9.677344367844372e-05 8.082657818163029e-05 0.00018731996628583027 0.9999997914159312 -0.0006206496038276959 -0.018256275128707027 9.68897195891082e-05 0.0006206317805912574 0.9999999914896319 -0.00022870798334072962 0.0 0.0 0.0 1.0" />
				<scale value="1" />
			</transform>
		</animation>
	</shape>
	<shape type="ply" name="temp20">
		<string name="filename" value="meshes/Cube_016.ply" />
		<boolean name="face_normals" value="true" />
		<ref id="mat-Material" name="bsdf" />
		<animation name="to_world">
			<transform time="0">
				<matrix value="1.0 -0.0002062696199389683 0.0004052501511748139 0.0007979211380028106 0.0002062596294149039 1.0 2.4436658107579735e-05 -0.01797088484128645 -0.00040525453568712136 -2.4353024364705073e-05 1.0 0.0007852812977997281 0.0 0.0 0.0 1.0" />
				<scale value="1" />
			</transform>
			<transform time="0.0015">
				<matrix value="1.0 -0.00017499324330741534 0.0004054172948036101 0.000797291681964881 0.00017491886233704892 0.9999996395609622 0.0001822106099545569 -0.017917256831809128 -0.000405316304995032 -0.00018214013918470994 0.9999996510749094 0.0007861384457176373 0.0 0.0 0.0 1.0" />
				<scale value="1" />
			</transform>
		</animation>
	</shape>
	<shape type="ply" name="temp21">
		<string name="filename" value="meshes/Cube_017.ply" />
		<boolean name="face_normals" value="true" />
		<ref id="mat-Material" name="bsdf" />
		<animation name="to_world">
			<transform time="0">
				<matrix value="1.0 -1.0867834876507802e-05 0.0006729631350937851 0.00019039466677284178 1.061531628805004e-05 1.0 0.00037523976396399035 -0.017838498925416224 -0.0006729686699395596 -0.0003752323105065882 0.9999997636046695 0.0004885247305127238 0.0 0.0 0.0 1.0" />
				<scale value="1" />
			</transform>
			<transform time="0.0015">
				<matrix value="0.9999999840430618 1.7068990717816605e-05 0.0006736337520973055 0.00018991046399332862 -1.736101493456648e-05 0.9999999173993872 0.0004320558322026059 -0.017830116658576235 -0.0006735852460329895 -0.00043206768964152234 0.999999695521725 0.0004900684143780757 0.0 0.0 0.0 1.0" />
				<scale value="1" />
			</transform>
		</animation>
	</shape>
	<shape type="ply" name="temp22">
		<string name="filename" value="meshes/Cube_018.ply" />
		<boolean name="face_normals" value="true" />
		<ref id="mat-Material" name="bsdf" />
		<animation name="to_world">
			<transform time="0">
				<matrix value="1.0 -0.0001452264492942558 0.00011018622751348518 0.00040380345492957437 0.0001451455338130976 0.9999995828318625 0.0007360972360185164 -0.01779778067361093 -0.00011029303561708926 -0.0007360806636310732 0.9999997636046695 0.00014833126029822896 0.0 0.0 0.0 1.0" />
				<scale value="1" />
			</transform>
			<transform time="0.0015">
				<matrix value="0.9999894843777026 0.000729874096764789 7.764206941091628e-05 0.0011616324158343645 -0.0007297866977404066 0.9999885744229149 0.0009027928790397905 -0.01732882522928649 -7.308555658441099e-05 -0.0009020301757742273 0.9999992444722176 -0.00034470033239204746 0.0 0.0 0.0 1.0" />
				<scale value="1" />
			</transform>
		</animation>
	</shape>
	<shape type="ply" name="temp23">
		<string name="filename" value="meshes/Cube_019.ply" />
		<boolean name="face_normals" value="true" />
		<ref id="mat-Material" name="bsdf" />
		<animation name="to_world">
			<transform time="0">
				<matrix value="0.988150389963601 0.153199909057346 -0.00941905374731514 0.027265580489509667 -0.15306315123212186 0.9881194686112265 0.013845225358032547 0.020263462329896398 0.011428233932063535 -0.012239460768465427 0.9998598175689956 -0.00790866339069951 0.0 0.0 0.0 1.0" />
				<scale value="1" />
			</transform>
			<transform time="0.0015">
				<matrix value="0.9869817197641518 0.15827134188761213 -0.009567852426710485 0.027675009462045104 -0.1581274446123523 0.9869496937504635 0.014149928874157492 0.021585579079195862 0.011719231519214394 -0.012423073145109733 0.9998526007768764 -0.007847304240460694 0.0 0.0 0.0 1.0" />
				<scale value="1" />
			</transform>
		</animation>
	</shape>
	<shape type="ply" name="temp24">
		<string name="filename" value="meshes/Cube_020.ply" />
		<boolean name="face_normals" value="true" />
		<ref id="mat-Material" name="bsdf" />
		<animation name="to_world">
			<transform time="0">
				<matrix value="0.917586324126902 0.39749000876563106 0.006048813536078777 -0.024872749801528444 -0.39751669739526485 0.9175857871774892 0.004104295398976021 -0.06148928699303485 -0.00391887770293001 -0.006170543483450077 0.9999732873245448 0.014996472861622201 0.0 0.0 0.0 1.0" />
				<scale value="1" />
			</transform>
			<transform time="0.0015">
				<matrix value="0.9151997601875479 0.40206826412484975 0.0060237998602916875 -0.02541958663010016 -0.4020945377848304 0.9151994391651773 0.004023785866645341 -0.06195598511145581 -0.003906598746528674 -0.006106777452794919 0.9999736702911171 0.015408553055212444 0.0 0.0 0.0 1.0" />
				<scale value="1" />
			</transform>
		</animation>
	</shape>
	<shape type="ply" name="temp25">
		<string name="filename" value="meshes/Cube_021.ply" />
		<boolean name="face_normals" value="true" />
		<ref id="mat-Material" name="bsdf" />
		<animation name="to_world">
			<transform time="0">
				<matrix value="0.8484961712825804 0.5281221384873067 0.033790017592540494 -0.032399155434123944 -0.5183820987293162 0.8422970946325062 -0.14770103177105962 -0.12902841821195066 -0.10646542630051398 0.1078075937116075 0.9884546884522298 0.049428176587023254 0.0 0.0 0.0 1.0" />
				<scale value="1" />
			</transform>
			<transform time="0.0015">
				<matrix value="0.8459466833898374 0.531700990258168 0.033929858258510644 -0.033491672567898534 -0.5216676482689985 0.839601693961714 -0.14952865203582388 -0.12939798271518718 -0.10815715855255628 0.1086560589466504 0.9881281115881043 0.049087311451215254 0.0 0.0 0.0 1.0" />
				<scale value="1" />
			</transform>
		</animation>
	</shape>
	<shape type="ply" name="temp26">
		<string name="filename" value="meshes/Cube_022.ply" />
		<boolean name="face_normals" value="true" />
		<ref id="mat-Material" name="bsdf" />
		<animation name="to_world">
			<transform time="0">
				<matrix value="0.8996005510374503 0.43613760708184635 -0.022432900367405622 0.08268587805318284 -0.4119926439691717 0.8305175179330153 -0.3748369463207667 -0.12799262767435854 -0.14484958166896267 0.34644562317619304 0.9268193339230608 0.20712092877733945 0.0 0.0 0.0 1.0" />
				<scale value="1" />
			</transform>
			<transform time="0.0015">
				<matrix value="0.8978079964668592 0.4393762344375616 -0.022790078813019237 0.08155058585234305 -0.41454633013236447 0.8277102384867031 -0.37746133107280505 -0.12867377147099748 -0.14723841032046645 0.3482337161880983 0.9256227251109163 0.2060167069400129 0.0 0.0 0.0 1.0" />
				<scale value="1" />
			</transform>
		</animation>
	</shape>
	<shape type="ply" name="temp27">
		<string name="filename" value="meshes/Cube_023.ply" />
		<boolean name="face_normals" value="true" />
		<ref id="mat-Material" name="bsdf" />
		<animation name="to_world">
			<transform time="0">
				<matrix value="0.8436466693970324 0.536882252207341 0.004269228750778332 -0.07768322385114812 -0.3931212069634964 0.6231196667660918 -0.6761492713586726 -0.23962869175347856 -0.36567278694105065 0.5687524378263037 0.7367525238747463 -0.08347619472818757 0.0 0.0 0.0 1.0" />
				<scale value="1" />
			</transform>
			<transform time="0.0015">
				<matrix value="0.842046794855638 0.5391815003389471 0.0034231262556843694 -0.07956722591057191 -0.39406691884344636 0.6199272356803945 -0.6782252394822356 -0.24013443991591685 -0.3680087327035473 0.5696806209127996 0.7346762153364609 -0.08553158567141296 0.0 0.0 0.0 1.0" />
				<scale value="1" />
			</transform>
		</animation>
	</shape>
	<shape type="ply" name="temp28">
		<string name="filename" value="meshes/Cube_024.ply" />
		<boolean name="face_normals" value="true" />
		<ref id="mat-Material" name="bsdf" />
		<animation name="to_world">
			<transform time="0">
				<matrix value="0.8680754644724454 0.4930950329875705 -0.057471156223745344 -0.10273896494366341 -0.3258301464291603 0.4785809191465574 -0.8153497161601265 -0.4496438883616449 -0.3745402259111709 0.7265106179720205 0.5761096042222097 -0.3225020114272887 0.0 0.0 0.0 1.0" />
				<scale value="1" />
			</transform>
			<transform time="0.0015">
				<matrix value="0.8674576437378332 0.49405434148681426 -0.05814709816456406 -0.10362825851921262 -0.32612364718121223 0.47658851727336293 -0.8163168769388712 -0.45008961383570817 -0.3756534936210656 0.7270724748497126 0.5745836867177907 -0.32401163603490174 0.0 0.0 0.0 1.0" />
				<scale value="1" />
			</transform>
		</animation>
	</shape>
	<shape type="ply" name="temp29">
		<string name="filename" value="meshes/Cube_025.ply" />
		<boolean name="face_normals" value="true" />
		<ref id="mat-Material" name="bsdf" />
		<animation name="to_world">
			<transform time="0">
				<matrix value="0.8773666863465756 0.45660971626309127 -0.1474290589432845 -0.24042362833228514 -0.31438712153850795 0.31494233693418966 -0.8955291023927462 -0.7696836048685098 -0.36247559957236086 0.8320568683605084 0.419872147949436 -0.7344767558061769 0.0 0.0 0.0 1.0" />
				<scale value="1" />
			</transform>
			<transform time="0.0015">
				<matrix value="0.8771808518438818 0.456858088796758 -0.14774718586295835 -0.24082558366832377 -0.3143978270483703 0.31394143527180707 -0.8958601046482656 -0.7698454696037369 -0.36290766080188924 0.8322808361676539 0.41902367276372554 -0.735460136850169 0.0 0.0 0.0 1.0" />
				<scale value="1" />
			</transform>
		</animation>
	</shape>
	<shape type="ply" name="temp30">
		<string name="filename" value="meshes/Cube_026.ply" />
		<boolean name="face_normals" value="true" />
		<ref id="mat-Material" name="bsdf" />
		<animation name="to_world">
			<transform time="0">
				<matrix value="0.8741257067480812 0.44170784463824225 -0.20198621720664875 -0.270406353628716 -0.3619098465144399 0.3149946915354499 -0.8773822148445867 -1.1298697883686228 -0.3239220817443137 0.8400431351854208 0.43520333071564904 -0.8265062111415354 0.0 0.0 0.0 1.0" />
				<scale value="1" />
			</transform>
			<transform time="0.0015">
				<matrix value="0.8740726658853855 0.44167047912465157 -0.2022907922162159 -0.27072551213946044 -0.36181629417695127 0.31400687831562935 -0.8777576327110372 -1.1298451884693 -0.32416667288497913 0.8404147478334465 0.43426986248407357 -0.8278128741572981 0.0 0.0 0.0 1.0" />
				<scale value="1" />
			</transform>
		</animation>
	</shape>
	<shape type="ply" name="temp31">
		<string name="filename" value="meshes/Cube_027.ply" />
		<boolean name="face_normals" value="true" />
		<ref id="mat-Material" name="bsdf" />
		<animation name="to_world">
			<transform time="0">
				<matrix value="0.8264396030686474 0.4273180469022137 -0.3666025877724043 -0.5280505838841413 -0.5128544378194662 0.30265715245201 -0.8033550170890185 -1.589721877944459 -0.23233324823102441 0.8519376417068018 0.469279717611594 -0.8866600482675611 0.0 0.0 0.0 1.0" />
				<scale value="1" />
			</transform>
			<transform time="0.0015">
				<matrix value="0.8264008915364874 0.4273576276140578 -0.3666435056220607 -0.5281829457256276 -0.5127909930330408 0.3022074146425299 -0.8035606531125725 -1.5897389904502566 -0.2326061469801201 0.8520739402271363 0.46888992573348176 -0.8875357518388762 0.0 0.0 0.0 1.0" />
				<scale value="1" />
			</transform>
		</animation>
	</shape>
	<shape type="ply" name="temp32">
		<string name="filename" value="meshes/Cube_028.ply" />
		<boolean name="face_normals" value="true" />
		<ref id="mat-Material" name="bsdf" />
		<animation name="to_world">
			<transform time="0">
				<matrix value="-0.12608922090609137 0.9747158563523236 0.18447388564423164 -1.4408071064734698 -0.8300418242389106 -0.0018247184636531833 -0.5576981902991867 -2.1032346153964254 -0.5432607836149688 -0.2234406776479226 0.8092849939553715 -1.1592802492266536 0.0 0.0 0.0 1.0" />
				<scale value="1" />
			</transform>
			<transform time="0.0015">
				<matrix value="-0.12596668119460364 0.9747258134807443 0.18450380299212726 -1.44058877646746 -0.8303846271430295 -0.0018452152800894485 -0.5571782663829928 -2.1029769529011357 -0.542755555036548 -0.22339690683226343 0.809629774496788 -1.158018361349868 0.0 0.0 0.0 1.0" />
				<scale value="1" />
			</transform>
		</animation>
	</shape>
	<shape type="ply" name="temp33">
		<string name="filename" value="meshes/Cube_029.ply" />
		<boolean name="face_normals" value="true" />
		<ref id="mat-Material" name="bsdf" />
		<animation name="to_world">
			<transform time="0">
				<matrix value="0.014457122620016418 0.9898590597447349 0.14131556838184087 -1.6544604895715787 -0.9808502075255262 -0.013413628465885034 0.19430180875523204 -1.5452904587175995 0.19422696076606263 -0.1414184342428294 0.9707094365706412 0.19780861419538143 0.0 0.0 0.0 1.0" />
				<scale value="1" />
			</transform>
			<transform time="0.0015">
				<matrix value="0.014501296212134487 0.9898536306317273 0.14134878860358252 -1.6543156025295 -0.9807859010644362 -0.013422950771050286 0.19461830508838462 -1.5446318218800037 0.19454091671723897 -0.14145541904268635 0.9706397366561891 0.19831340680774573 0.0 0.0 0.0 1.0" />
				<scale value="1" />
			</transform>
		</animation>
	</shape>
	<shape type="ply" name="temp34">
		<string name="filename" value="meshes/Cube_030.ply" />
		<boolean name="face_normals" value="true" />
		<ref id="mat-Material" name="bsdf" />
		<animation name="to_world">
			<transform time="0">
				<matrix value="-0.03168060542826379 0.9814725669495451 -0.18896469734640092 -3.187902902836957 -0.9836803206217354 0.002884780629811055 0.17990102621939455 -1.9888300634022926 0.17711300480657932 0.19158022007378844 0.9653643736021555 0.19088860683596254 0.0 0.0 0.0 1.0" />
				<scale value="1" />
			</transform>
			<transform time="0.0015">
				<matrix value="-0.03163540369366902 0.9814934626100915 -0.1888628270689648 -3.187669881279564 -0.9836824454068207 0.002908989264338189 0.17988899727958654 -1.9888496189332923 0.17710916261311613 0.19147190966108757 0.9653863982637347 0.19090885789137566 0.0 0.0 0.0 1.0" />
				<scale value="1" />
			</transform>
		</animation>
	</shape>
	<shape type="ply" name="temp35">
		<string name="filename" value="meshes/Cube_031.ply" />
		<boolean name="face_normals" value="true" />
		<ref id="mat-Material" name="bsdf" />
		<animation name="to_world">
			<transform time="0">
				<matrix value="0.08958977141165227 0.988658241260849 0.12053374756099118 -2.067810849469342 -0.8129282818021123 0.002666442786432858 0.5823582419941176 -1.3185093099544942 0.5754321158384261 -0.15015856560907592 0.8039469509966662 0.5539906682240834 0.0 0.0 0.0 1.0" />
				<scale value="1" />
			</transform>
			<transform time="0.0015">
				<matrix value="0.08960311619909885 0.988665292349527 0.12046544845312249 -2.0678224745243234 -0.8126749015798665 0.0026526617752779084 0.5827075415409766 -1.317481871034118 0.575783439747563 -0.150112180108563 0.8037009332766438 0.5545458242197903 0.0 0.0 0.0 1.0" />
				<scale value="1" />
			</transform>
		</animation>
	</shape>
	<shape type="ply" name="temp36">
		<string name="filename" value="meshes/Cube_032.ply" />
		<boolean name="face_normals" value="true" />
		<ref id="mat-Material" name="bsdf" />
		<animation name="to_world">
			<transform time="0">
				<matrix value="0.8199563141480816 0.504243017126838 0.270943798901329 -0.3497204623760144 -0.27504778140053576 -0.06804877947032162 0.9590194510805867 0.3787233121654922 0.5020163041840195 -0.8608765119737685 0.08289389017356619 -0.3857735400491731 0.0 0.0 0.0 1.0" />
				<scale value="1" />
			</transform>
			<transform time="0.0015">
				<matrix value="0.8198502483796285 0.504552416495101 0.27067994344984236 -0.3504333031864348 -0.27470033343169636 -0.0681704486712073 0.9591083929372339 0.37956828614344723 0.5023727502703301 -0.8606832791037465 0.08270861860975476 -0.3852837007716132 0.0 0.0 0.0 1.0" />
				<scale value="1" />
			</transform>
		</animation>
	</shape>
	<shape type="ply" name="temp37">
		<string name="filename" value="meshes/Cube_033.ply" />
		<boolean name="face_normals" value="true" />
		<ref id="mat-Material" name="bsdf" />
		<animation name="to_world">
			<transform time="0">
				<matrix value="0.9804326743223286 0.14691721089726612 0.13102539784152153 -0.12173332838628204 -0.14829538302244397 0.11348493918731475 0.9824102962459004 0.30492688016257613 0.12946357177936518 -0.9826172294612482 0.1330514713008977 -0.4163092617713935 0.0 0.0 0.0 1.0" />
				<scale value="1" />
			</transform>
			<transform time="0.0015">
				<matrix value="0.9804258128388873 0.14693528391135574 0.1310563389866954 -0.12175198855468652 -0.14833210632009977 0.11350966004890879 0.9824018624711479 0.30480695289822723 0.12947331349015812 -0.9826116576744547 0.13308301838427777 -0.41627241206134025 0.0 0.0 0.0 1.0" />
				<scale value="1" />
			</transform>
		</animation>
	</shape>
	<shape type="ply" name="temp38">
		<string name="filename" value="meshes/Cube_034.ply" />
		<boolean name="face_normals" value="true" />
		<ref id="mat-Material" name="bsdf" />
		<animation name="to_world">
			<transform time="0">
				<matrix value="0.9999219895501457 0.005156544429449568 0.011396193373271536 -0.037536338967013805 -0.012145114506929632 0.18222008539431775 0.9831828361860734 0.3696084417616686 0.002993212204380287 -0.9832442331719587 0.18226848268711518 -0.3297371438219301 0.0 0.0 0.0 1.0" />
				<scale value="1" />
			</transform>
			<transform time="0.0015">
				<matrix value="0.9999220214640222 0.005153060786148726 0.011394584062670448 -0.03753010493203482 -0.012142872557107508 0.18221175249431143 0.9831844106041654 0.3696143396479501 0.0029901829392256093 -0.9832457950744562 0.18226010337871842 -0.3297511203542288 0.0 0.0 0.0 1.0" />
				<scale value="1" />
			</transform>
		</animation>
	</shape>
	<shape type="ply" name="temp39">
		<string name="filename" value="meshes/Cube_035.ply" />
		<boolean name="face_normals" value="true" />
		<ref id="mat-Material" name="bsdf" />
		<animation name="to_world">
			<transform time="0">
				<matrix value="0.9991476471871027 -0.04122219835093435 0.002201256583018967 0.008941965497220483 0.006770584564214125 0.2162411899303955 0.9763164974154899 0.09196917876244448 -0.04072192909204701 -0.9754692620087063 0.21633593383956606 -0.12798872616083928 0.0 0.0 0.0 1.0" />
				<scale value="1" />
			</transform>
			<transform time="0.0015">
				<matrix value="0.9991473759191527 -0.041228665228005154 0.002202937465815481 0.008950526260794536 0.006770202555112761 0.2162378258327089 0.9763172463278795 0.09196830939652835 -0.040728629889120356 -0.9754697350849435 0.2163325416068554 -0.12800412505129968 0.0 0.0 0.0 1.0" />
				<scale value="1" />
			</transform>
		</animation>
	</shape>
	<shape type="ply" name="temp40">
		<string name="filename" value="meshes/Cube_036.ply" />
		<boolean name="face_normals" value="true" />
		<ref id="mat-Material" name="bsdf" />
		<animation name="to_world">
			<transform time="0">
				<matrix value="0.9998572763360619 -0.01675460501477818 0.002255027064901392 0.004087401669750523 0.0014305387862637781 0.21676098142976039 0.9762238304459219 -0.25197232005296244 -0.01684504908452964 -0.9760808304983283 0.2167539989816089 0.2496803871347537 0.0 0.0 0.0 1.0" />
				<scale value="1" />
			</transform>
			<transform time="0.0015">
				<matrix value="0.9998572125083091 -0.01675780053212314 0.0022566214823583662 0.004093113794460987 0.001429583125232838 0.21675569499053857 0.9762249963663467 -0.2519885794730794 -0.01684852179299789 -0.976081949361175 0.2167486927671204 0.2497452170714746 0.0 0.0 0.0 1.0" />
				<scale value="1" />
			</transform>
		</animation>
	</shape>
	<shape type="ply" name="temp41">
		<string name="filename" value="meshes/Cube_037.ply" />
		<boolean name="face_normals" value="true" />
		<ref id="mat-Material" name="bsdf" />
		<animation name="to_world">
			<transform time="0">
