<scene version="2.1.0">
	<default name="spp" value="1024" />
	<default name="resx" value="1280" />
	<default name="resy" value="720" />
	<integrator type="path" name="temp0">
		<integer name="max_depth" value="12" />
	</integrator>
	<sensor type="perspective" name="temp44">
		<string name="fov_axis" value="x" />
		<float name="fov" value="83.974423" />
		<float name="principal_point_offset_x" value="0.000000" />
		<float name="principal_point_offset_y" value="-0.000000" />
		<float name="near_clip" value="0.100000" />
		<float name="far_clip" value="1000.000000" />
		<transform name="to_world">
			<rotate x="1" angle="-142.5518126578256" />
			<rotate y="1" angle="3.976628485794621e-06" />
			<rotate z="1" angle="-179.999991348578" />
			<translate value="-0.000000 3.030926 4.073377" />
		</transform>
		<sampler type="correlated" name="sampler">
			<integer name="sample_count" value="1024" />
		</sampler>
		<film type="hdrfilm" name="film">
			<integer name="width" value="$resx" />
			<integer name="height" value="$resy" />
		</film>
		<float name="shutter_open" value="0.0" />
		<float name="shutter_close" value="0.0015" />
	</sensor>
	<bsdf type="twosided" id="mat-Material" name="mat-Material">
		<bsdf type="diffuse" name="bsdf">
			<texture type="bitmap" name="reflectance">
				<string name="filename" value="textures/siggraph_2023_logo.jpg" />
			</texture>
		</bsdf>
	</bsdf>
	<bsdf type="twosided" id="mat-Material.001" name="mat-Material.001">
		<bsdf type="principled" name="bsdf">
			<rgb value="0.433648 0.266232 0.084399" name="base_color" />
			<float name="spec_tint" value="0.000000" />
			<float name="spec_trans" value="0.000000" />
			<float name="metallic" value="0.000000" />
			<float name="anisotropic" value="0.000000" />
			<float name="roughness" value="0.500000" />
			<float name="sheen" value="0.000000" />
			<float name="sheen_tint" value="0.500000" />
			<float name="clearcoat" value="0.000000" />
			<float name="clearcoat_gloss" value="0.173205" />
			<float name="specular" value="0.500000" />
		</bsdf>
	</bsdf>
	<bsdf type="twosided" id="mat-Material.002" name="mat-Material.002">
		<bsdf type="principled" name="bsdf">
			<rgb value="0.433648 0.266232 0.084399" name="base_color" />
			<float name="spec_tint" value="0.000000" />
			<float name="spec_trans" value="0.000000" />
			<float name="metallic" value="0.000000" />
			<float name="anisotropic" value="0.000000" />
			<float name="roughness" value="0.500000" />
			<float name="sheen" value="0.000000" />
			<float name="sheen_tint" value="0.500000" />
			<float name="clearcoat" value="0.000000" />
			<float name="clearcoat_gloss" value="0.173205" />
			<float name="specular" value="0.500000" />
		</bsdf>
	</bsdf>
	<bsdf type="twosided" id="mat-Material.003" name="mat-Material.003">
		<bsdf type="principled" name="bsdf">
			<rgb value="0.433648 0.266232 0.084399" name="base_color" />
			<float name="spec_tint" value="0.000000" />
			<float name="spec_trans" value="0.000000" />
			<float name="metallic" value="0.000000" />
			<float name="anisotropic" value="0.000000" />
			<float name="roughness" value="0.500000" />
			<float name="sheen" value="0.000000" />
			<float name="sheen_tint" value="0.500000" />
			<float name="clearcoat" value="0.000000" />
			<float name="clearcoat_gloss" value="0.173205" />
			<float name="specular" value="0.500000" />
		</bsdf>
	</bsdf>
	<bsdf type="twosided" id="mat-Material.004" name="mat-Material.004">
		<bsdf type="principled" name="bsdf">
			<rgb value="0.433648 0.266232 0.084399" name="base_color" />
			<float name="spec_tint" value="0.000000" />
			<float name="spec_trans" value="0.000000" />
			<float name="metallic" value="0.000000" />
			<float name="anisotropic" value="0.000000" />
			<float name="roughness" value="0.500000" />
			<float name="sheen" value="0.000000" />
			<float name="sheen_tint" value="0.500000" />
			<float name="clearcoat" value="0.000000" />
			<float name="clearcoat_gloss" value="0.173205" />
			<float name="specular" value="0.500000" />
		</bsdf>
	</bsdf>
	<bsdf type="twosided" id="mat-Material.005" name="mat-Material.005">
		<bsdf type="principled" name="bsdf">
			<rgb value="0.433648 0.266232 0.084399" name="base_color" />
			<float name="spec_tint" value="0.000000" />
			<float name="spec_trans" value="0.000000" />
			<float name="metallic" value="0.000000" />
			<float name="anisotropic" value="0.000000" />
			<float name="roughness" value="0.500000" />
			<float name="sheen" value="0.000000" />
			<float name="sheen_tint" value="0.500000" />
			<float name="clearcoat" value="0.000000" />
			<float name="clearcoat_gloss" value="0.173205" />
			<float name="specular" value="0.500000" />
		</bsdf>
	</bsdf>
	<emitter type="point" name="temp45">
		<point name="position" x="-6.815235034541981e-16" y="3.0693089962005615" z="4.109199523925781" />
		<rgb value="7.957747 7.957747 7.957747" name="intensity" />
	</emitter>
	<shape type="ply" name="temp2">
		<string name="filename" value="meshes/Cube.ply" />
		<boolean name="face_normals" value="true" />
		<ref id="mat-Material" name="bsdf" />
		<animation name="to_world">
			<transform time="0">
				<matrix value="0.9777987135367634 -0.1304563297964428 -0.16351254620937722 0.3014622175345927 -0.20453096660266262 -0.43176234765541077 -0.8737276612322532 2.1415516382115483 0.042587260893538786 0.8879131789672168 -0.44883045774173436 3.044930708409219 0.0 0.0 0.0 1.0" />
			</transform>
			<transform time="0.0015">
				<matrix value="0.9776411387716852 -0.1312955873158979 -0.1637852694643876 0.3028137241034996 -0.20543509151018258 -0.4375177631203693 -0.8706719029437371 2.145342367979597 0.0418630667407041 0.8849912048154014 -0.4546796592438996 3.0593198292664026 0.0 0.0 0.0 1.0" />
			</transform>
		</animation>
	</shape>
	<shape type="ply" name="temp4">
		<string name="filename" value="meshes/Plane.ply" />
		<boolean name="face_normals" value="true" />
		<ref id="mat-Material.001" name="bsdf" />
	</shape>
	<shape type="ply" name="temp5">
		<string name="filename" value="meshes/Cube_001.ply" />
		<boolean name="face_normals" value="true" />
		<ref id="mat-Material" name="bsdf" />
		<animation name="to_world">
			<transform time="0">
				<matrix value="0.9980953925964537 -0.0366759521341279 -0.04936433295620398 0.04988533066779488 -0.04939980710143309 -6.138650002190134e-05 -0.9987671983512845 1.1619069182504935 0.036628266465967056 0.9993271077941609 -0.0018725287823134688 1.0226770052572363 0.0 0.0 0.0 1.0" />
			</transform>
			<transform time="0.0015">
				<matrix value="0.9980782867586651 -0.03666784450852021 -0.04971646134940784 0.050264276010641346 -0.04975187779527937 -5.374721988902164e-05 -0.9987497861382235 1.1626625662077115 0.03661988604157501 0.9993274081600257 -0.0018774150101379772 1.0227212583070964 0.0 0.0 0.0 1.0" />
			</transform>
		</animation>
	</shape>
	<shape type="ply" name="temp6">
		<string name="filename" value="meshes/Cube_002.ply" />
		<boolean name="face_normals" value="true" />
		<ref id="mat-Material" name="bsdf" />
		<animation name="to_world">
			<transform time="0">
				<matrix value="0.9996383151870389 -0.026833203663570584 0.001795928421385078 -0.015519604633332795 0.007530461750944547 0.21517553392307004 -0.9765462736767654 0.6640754792600897 0.02581749189311859 0.9762066066917942 0.21529962398958724 0.504727047389057 0.0 0.0 0.0 1.0" />
			</transform>
			<transform time="0.0015">
				<matrix value="0.9996390492061978 -0.026803160318850938 0.0018328416322448463 -0.015585022612138 0.0075597486366743225 0.21516416507508446 -0.9765485544554067 0.6640080964439428 0.025780291802148317 0.9762099407528942 0.21528897581706435 0.504790964921098 0.0 0.0 0.0 1.0" />
			</transform>
		</animation>
	</shape>
	<shape type="ply" name="temp7">
		<string name="filename" value="meshes/Cube_003.ply" />
		<boolean name="face_normals" value="true" />
		<ref id="mat-Material" name="bsdf" />
		<animation name="to_world">
			<transform time="0">
				<matrix value="0.9962191526292181 -0.05816339641610853 0.061091574350350175 -0.03341154578902161 0.07318135922571083 0.2359139006680948 -0.9687891973007435 0.18857705199787564 0.04190992186544261 0.9700224019289855 0.23936268291679688 0.2261922506191884 0.0 0.0 0.0 1.0" />
			</transform>
			<transform time="0.0015">
				<matrix value="0.9961120496597796 -0.05845997767108795 0.06255574573031056 -0.03365096949425922 0.07467920989110713 0.2359790875699197 -0.9686601801208785 0.18465901820055636 0.041840341317126786 0.9699887684612659 0.23951118032916272 0.22619570401509426 0.0 0.0 0.0 1.0" />
			</transform>
		</animation>
	</shape>
	<shape type="ply" name="temp8">
		<string name="filename" value="meshes/Cube_004.ply" />
		<boolean name="face_normals" value="true" />
		<ref id="mat-Material" name="bsdf" />
		<animation name="to_world">
			<transform time="0">
				<matrix value="0.9884251995028608 -0.10213482665620965 0.10969763382457859 0.013898562364281775 0.13135466032654464 0.23790900728584152 -0.9620749789253564 -0.2917875206743581 0.07214539374888082 0.9658901429426623 0.24868457818326406 -0.1512445829711599 0.0 0.0 0.0 1.0" />
			</transform>
			<transform time="0.0015">
				<matrix value="0.9882071319849308 -0.10248517114825806 0.11133642008545944 0.01446617264952368 0.1330381045448673 0.2379162235757452 -0.9618433522377318 -0.29614170694344916 0.0720681206797803 0.9658513131454802 0.24885778119412252 -0.15117375178277528 0.0 0.0 0.0 1.0" />
			</transform>
		</animation>
	</shape>
	<shape type="ply" name="temp9">
		<string name="filename" value="meshes/Cube_005.ply" />
		<boolean name="face_normals" value="true" />
		<ref id="mat-Material" name="bsdf" />
		<animation name="to_world">
			<transform time="0">
				<matrix value="0.9875568900070387 -0.14554839880439613 0.05868220950205215 0.05618089137634197 0.09133244064557193 0.228886599099334 -0.9691025393113615 -0.5221226890426447 0.12759043450047605 0.9624919955863611 0.23938166546183848 -0.6160015688781939 0.0 0.0 0.0 1.0" />
			</transform>
			<transform time="0.0015">
				<matrix value="0.987464116368136 -0.14592790356552143 0.05930225279230965 0.05668461208904855 0.09205708829459128 0.22906441569134112 -0.9689922534516073 -0.5240892435171406 0.12778980686956898 0.9623923191741017 0.2396761616425063 -0.61650426659994 0.0 0.0 0.0 1.0" />
			</transform>
		</animation>
	</shape>
	<shape type="ply" name="temp10">
		<string name="filename" value="meshes/Cube_006.ply" />
		<boolean name="face_normals" value="true" />
		<ref id="mat-Material" name="bsdf" />
		<animation name="to_world">
			<transform time="0">
				<matrix value="0.9861476046359483 -0.14439710860763877 -0.08083489866441365 0.023352099624034395 -0.045870179973653745 0.23070420067456088 -0.9718868035143475 -0.506167441253268 0.1589779833234934 0.9622194805005184 0.22096110303952388 -1.0087968778858731 0.0 0.0 0.0 1.0" />
			</transform>
			<transform time="0.0015">
				<matrix value="0.9861196959509739 -0.14493259411330928 -0.08021876248413479 0.02417872723377377 -0.04512769342510311 0.23078954963506565 -0.9719015860236764 -0.508321153109393 0.15936530289390247 0.9621186551888259 0.22112147922363481 -1.009982408747931 0.0 0.0 0.0 1.0" />
			</transform>
		</animation>
	</shape>
	<shape type="ply" name="temp11">
		<string name="filename" value="meshes/Cube_007.ply" />
		<boolean name="face_normals" value="true" />
		<ref id="mat-Material" name="bsdf" />
		<animation name="to_world">
			<transform time="0">
				<matrix value="0.9290523769252181 -0.20946787075296763 -0.3047696067469119 0.1230698357572948 -0.25813518235829136 0.22269546934544235 -0.9399522765106725 -0.26164325665117 0.2649058467059201 0.9520054315291506 0.15280096553308803 -1.638305524895812 0.0 0.0 0.0 1.0" />
			</transform>
			<transform time="0.0015">
				<matrix value="0.9292390252317618 -0.20962727266471382 -0.304091075101091 0.12349405853381594 -0.25770779970305374 0.22167077570290286 -0.9403124182664464 -0.26244018566388755 0.26466771812524015 0.952210055774598 0.15193891375720348 -1.6391248658946918 0.0 0.0 0.0 1.0" />
			</transform>
		</animation>
	</shape>
	<shape type="ply" name="temp12">
		<string name="filename" value="meshes/Cube_008.ply" />
		<boolean name="face_normals" value="true" />
		<ref id="mat-Material" name="bsdf" />
		<animation name="to_world">
			<transform time="0">
				<matrix value="0.23182119384355715 0.9291001891857504 -0.2880207611835085 1.9590118787447883 -0.5496804674244318 -0.11924183862684937 -0.8267502355679468 0.3650500088657376 -0.8024815301395146 0.3499723626108885 0.4830635747418208 1.1603613691561758 0.0 0.0 0.0 1.0" />
			</transform>
			<transform time="0.0015">
				<matrix value="0.23230485023717704 0.9288771374944929 -0.288350997505902 1.9576689247093682 -0.5490635562352989 -0.11954567822295353 -0.82711658138204 0.36327879436989946 -0.8027643828266817 0.35046099779987017 0.48223967749908203 1.1596332084792498 0.0 0.0 0.0 1.0" />
			</transform>
		</animation>
	</shape>
	<shape type="ply" name="temp13">
		<string name="filename" value="meshes/Cube_009.ply" />
		<boolean name="face_normals" value="true" />
		<ref id="mat-Material" name="bsdf" />
		<animation name="to_world">
			<transform time="0">
				<matrix value="-0.05742258349334341 0.9916403676919965 0.11554988390625318 2.5787071563647306 -0.8955457806097935 -9.466045642365928e-06 -0.444964212110911 1.238446940720719 -0.4412434821382664 -0.1290318153280089 0.8880598373316451 0.7989385683542429 0.0 0.0 0.0 1.0" />
			</transform>
			<transform time="0.0015">
				<matrix value="-0.057409391892503894 0.9916387457163262 0.115570370915296 2.578719922653595 -0.8956176825734838 -9.38658385281275e-06 -0.444819493301966 1.23885331644352 -0.44109926173479774 -0.12904429102420656 0.8881296819223543 0.7987434800389706 0.0 0.0 0.0 1.0" />
			</transform>
		</animation>
	</shape>
	<shape type="ply" name="temp14">
		<string name="filename" value="meshes/Cube_010.ply" />
		<boolean name="face_normals" value="true" />
		<ref id="mat-Material" name="bsdf" />
		<animation name="to_world">
			<transform time="0">
				<matrix value="0.018023376983725956 0.9973924905563563 0.06987368451908443 1.87834747870107 -0.9682147308550832 1.8649345150316111e-06 0.24975083932162107 2.2378349501283346 0.24909957767979196 -0.07216743877536122 0.9656901727151563 -0.59342450447481 0.0 0.0 0.0 1.0" />
			</transform>
			<transform time="0.0015">
				<matrix value="0.017957944441504524 0.9973915894587617 0.06990349804048966 1.8785300048318239 -0.9684593507182375 1.7360043448198693e-06 0.24880253751850834 2.2365212464112965 0.24815353070413898 -0.07217996253009726 0.9659332713789326 -0.5912452521546621 0.0 0.0 0.0 1.0" />
			</transform>
		</animation>
	</shape>
	<shape type="ply" name="temp15">
		<string name="filename" value="meshes/Cube_011.ply" />
		<boolean name="face_normals" value="true" />
		<ref id="mat-Material" name="bsdf" />
		<animation name="to_world">
			<transform time="0">
				<matrix value="-0.027788357206303956 0.9995663537210355 -0.007939065321230523 1.4287797756031677 -0.8267146342285032 -0.0185219743316445 0.562315109302109 2.2666714491187507 0.5619287729133535 0.022190050331335795 0.826868906023873 -1.375627472462574 0.0 0.0 0.0 1.0" />
			</transform>
			<transform time="0.0015">
				<matrix value="-0.027614368336709553 0.9995741031603493 -0.007572402070408489 1.4292086544119265 -0.826675428031258 -0.018582666783941784 0.5623707415781498 2.2666610395107893 0.5619950580347848 0.021790323513449117 0.826834583709467 -1.3757608282448626 0.0 0.0 0.0 1.0" />
			</transform>
		</animation>
	</shape>
	<shape type="ply" name="temp16">
		<string name="filename" value="meshes/Cube_012.ply" />
		<boolean name="face_normals" value="true" />
		<ref id="mat-Material" name="bsdf" />
		<animation name="to_world">
			<transform time="0">
				<matrix value="0.09148948100002305 0.98982015881591 0.10901886009226036 1.112473941493669 -0.7662206330548005 5.159087069247825e-05 0.6425610408202729 1.8417291647189673 0.6360143220094074 -0.14232309463667786 0.7584251295801004 -1.747021429587715 0.0 0.0 0.0 1.0" />
			</transform>
			<transform time="0.0015">
				<matrix value="0.09151356480690229 0.9898229146727202 0.10897358493415468 1.1123892053644608 -0.7660055494843206 5.149564720416566e-05 0.6428175262930153 1.8417788976614582 0.6362699840738208 -0.14230389449968026 0.758214336273499 -1.7476361575799015 0.0 0.0 0.0 1.0" />
			</transform>
		</animation>
	</shape>
	<shape type="ply" name="temp17">
		<string name="filename" value="meshes/Cube_013.ply" />
		<boolean name="face_normals" value="true" />
		<ref id="mat-Material" name="bsdf" />
		<animation name="to_world">
			<transform time="0">
				<matrix value="0.9062134880067798 0.1956880041216212 0.374332478685415 0.6396247095812968 -0.40539728151311905 0.15412208008376738 0.9008533162246153 1.464345692305224 0.11860465013199722 -0.9684761682272232 0.21904531982160663 -1.380765396117058 0.0 0.0 0.0 1.0" />
			</transform>
			<transform time="0.0015">
				<matrix value="0.9056691170588667 0.19583202805200034 0.37557506050584666 0.6415660893699091 -0.4066513484589246 0.1540114418192693 0.9003078952456987 1.464620993262995 0.1184775690758876 -0.9684646717237451 0.21916495091653287 -1.3805247913874397 0.0 0.0 0.0 1.0" />
			</transform>
		</animation>
	</shape>
	<shape type="ply" name="temp18">
		<string name="filename" value="meshes/Cube_014.ply" />
		<boolean name="face_normals" value="true" />
		<ref id="mat-Material" name="bsdf" />
		<animation name="to_world">
			<transform time="0">
				<matrix value="0.9414518276607325 0.2906722247368191 0.17081540077755153 0.11194964871759794 -0.21611325787595276 0.1314169845835515 0.9674837040878899 1.0254267455191712 0.2587726740031949 -0.9477545924997341 0.18654092641438874 -0.861248707997796 0.0 0.0 0.0 1.0" />
			</transform>
			<transform time="0.0015">
				<matrix value="0.9414404663207087 0.29071022852787265 0.17081331318426518 0.11195813180429273 -0.21611287012235364 0.1313952598714596 0.9674867422892891 1.0254294846395533 0.25881431522921494 -0.9477459494719722 0.18652708344969424 -0.8613015329795779 0.0 0.0 0.0 1.0" />
			</transform>
		</animation>
	</shape>
	<shape type="ply" name="temp19">
		<string name="filename" value="meshes/Cube_015.ply" />
		<boolean name="face_normals" value="true" />
		<ref id="mat-Material" name="bsdf" />
		<animation name="to_world">
			<transform time="0">
				<matrix value="0.9835428977690784 0.12693525341921436 0.12857116515948883 0.03367413452634338 -0.14946354518489363 0.17182987674767375 0.9737224132559155 0.6392360068061409 0.10150735248489878 -0.9769144367291516 0.1879743095010593 -0.2965186952946389 0.0 0.0 0.0 1.0" />
			</transform>
			<transform time="0.0015">
				<matrix value="0.9835387808790137 0.12696841981801404 0.12856990902916243 0.03365405522433072 -0.1494675088883514 0.1718191829719695 0.9737236983214932 0.6392399539925349 0.10154139980401244 -0.9769120112747927 0.18796854457773207 -0.2965245527371877 0.0 0.0 0.0 1.0" />
			</transform>
		</animation>
	</shape>
	<shape type="ply" name="temp20">
		<string name="filename" value="meshes/Cube_016.ply" />
		<boolean name="face_normals" value="true" />
		<ref id="mat-Material" name="bsdf" />
		<animation name="to_world">
			<transform time="0">
				<matrix value="0.9850490313406983 0.03538277262459248 0.16859846172830517 0.06301522144502208 -0.1722389398025272 0.1834961088641972 0.9678133573763144 0.3271003901857019 0.0033068408072663186 -0.9823824680918521 0.18684725930345644 0.1470157967950333 0.0 0.0 0.0 1.0" />
			</transform>
			<transform time="0.0015">
				<matrix value="0.9850456165559158 0.03547355144901955 0.168599351061768 0.06291642640132306 -0.17225664721688744 0.18345725428683138 0.9678175785188745 0.3271171905975298 0.003401234713677518 -0.9823864554487083 0.1868246208733668 0.14703558885176737 0.0 0.0 0.0 1.0" />
			</transform>
		</animation>
	</shape>
	<shape type="ply" name="temp21">
		<string name="filename" value="meshes/Cube_017.ply" />
		<boolean name="face_normals" value="true" />
		<ref id="mat-Material" name="bsdf" />
		<animation name="to_world">
			<transform time="0">
				<matrix value="0.9497184975187358 -0.06754594585574744 0.3057259440565722 0.2037111276478502 -0.2901120203465437 0.17740201241909548 0.9404054463592991 0.12830140564655443 -0.11775810377871981 -0.9818155365929462 0.1488875944931235 0.3827232705444827 0.0 0.0 0.0 1.0" />
			</transform>
			<transform time="0.0015">
				<matrix value="0.9497221516575918 -0.06768461726641446 0.3056839453901715 0.20368288641771154 -0.2900552918354218 0.17735465148043633 0.940431879562509 0.12830005474876288 -0.11786836622192895 -0.9818145528947386 0.14880686514165908 0.3827643334328241 0.0 0.0 0.0 1.0" />
			</transform>
		</animation>
	</shape>
	<shape type="ply" name="temp22">
		<string name="filename" value="meshes/Cube_018.ply" />
		<boolean name="face_normals" value="true" />
		<ref id="mat-Material" name="bsdf" />
		<animation name="to_world">
			<transform time="0">
				<matrix value="0.2539723940520578 0.9565202336975906 0.14335722029349898 0.8494734909036799 -0.4874161609284662 -0.0014047959734931365 0.8730906940141393 -0.08001927309184817 0.8353332375932357 -0.2916498582671253 0.4658590771788203 -0.14248955811533004 0.0 0.0 0.0 1.0" />
			</transform>
			<transform time="0.0015">
				<matrix value="0.25391671550747175 0.9565761317850443 0.14308283411256872 0.8495708104990216 -0.48668301940122394 -0.001438628658872604 0.873499923572912 -0.08034957768063146 0.8357779574618664 -0.29146634223283213 0.4651765456600089 -0.14243190920989912 0.0 0.0 0.0 1.0" />
			</transform>
		</animation>
	</shape>
	<shape type="ply" name="temp23">
		<string name="filename" value="meshes/Cube_019.ply" />
		<boolean name="face_normals" value="true" />
		<ref id="mat-Material" name="bsdf" />
		<animation name="to_world">
			<transform time="0">
				<matrix value="-0.07923317500757943 0.9841514695790565 -0.1586425069062896 0.5023706452656806 -0.9153695213172419 -0.008813271369959304 0.40250359202704744 -0.04249177191871184 0.394726427103667 0.17711043274936747 0.9015606110535619 -0.05172298926513652 0.0 0.0 0.0 1.0" />
			</transform>
			<transform time="0.0015">
				<matrix value="-0.07919067848966993 0.9841512668320977 -0.1586649444916929 0.5023906941221641 -0.9154703212960773 -0.008809621023603456 0.4022744503668978 -0.04226977892793998 0.39450122204726423 0.1771117010442319 0.9016589653772888 -0.051769857957956716 0.0 0.0 0.0 1.0" />
			</transform>
		</animation>
	</shape>
	<shape type="ply" name="temp24">
		<string name="filename" value="meshes/Cube_020.ply" />
		<boolean name="face_normals" value="true" />
		<ref id="mat-Material" name="bsdf" />
		<animation name="to_world">
			<transform time="0">
				<matrix value="0.09441885681365578 0.9514014885070944 -0.29311945380287907 0.11256349959790059 -0.9577383285329572 0.006452669698814027 -0.28756522815491026 0.15241685068786598 -0.2716987772896584 0.30788364483078 0.9118029113171489 0.11388274391848535 0.0 0.0 0.0 1.0" />
			</transform>
			<transform time="0.0015">
				<matrix value="0.09442477915509931 0.951375404958963 -0.293202217132306 0.11261030102272296 -0.9577636697514449 0.006462371089835606 -0.2874806350963649 0.15233900537304773 -0.27160741356269646 0.3079640451184499 0.9118029879105344 0.11390133886219508 0.0 0.0 0.0 1.0" />
			</transform>
		</animation>
	</shape>
	<shape type="ply" name="temp25">
		<string name="filename" value="meshes/Cube_021.ply" />
		<boolean name="face_normals" value="true" />
		<ref id="mat-Material" name="bsdf" />
		<animation name="to_world">
			<transform time="0">
				<matrix value="0.2050556312020524 0.9338441209537298 -0.29305633631679995 -0.15528713563266683 -0.7863869992039388 -0.021066454884308847 -0.617367444864335 0.108461350053789 -0.582698611945882 0.35705608617025053 0.7300461065452666 0.2946223934000395 0.0 0.0 0.0 1.0" />
			</transform>
			<transform time="0.0015">
				<matrix value="0.20489496238665028 0.9338685782442775 -0.29309081181783125 -0.15537949533349607 -0.7865111441834132 -0.021146264647716483 -0.617206598907907 0.10833199027062433 -0.5825876154835141 0.3569874075152464 0.7301682898995756 0.29468916343088825 0.0 0.0 0.0 1.0" />
			</transform>
		</animation>
	</shape>
	<shape type="ply" name="temp26">
		<string name="filename" value="meshes/Cube_022.ply" />
		<boolean name="face_normals" value="true" />
		<ref id="mat-Material" name="bsdf" />
		<animation name="to_world">
			<transform time="0">
				<matrix value="0.6384705430768385 0.3997890172144432 -0.6576611471508926 -0.08184953743475315 -0.7111275258099348 -0.020375483654309454 -0.7027627758674408 -0.1941909487296692 -0.2943574066489725 0.9163806283803657 0.27129189102553497 0.6786356081620715 0.0 0.0 0.0 1.0" />
			</transform>
			<transform time="0.0015">
				<matrix value="0.63859815071191 0.39979479174819543 -0.6575337554513279 -0.08180648500861887 -0.7109912056865866 -0.02036916778617722 -0.7029008906307674 -0.19402159728394622 -0.29440993369825696 0.9163782479808865 0.27124293087805706 0.6786264586177508 0.0 0.0 0.0 1.0" />
			</transform>
		</animation>
	</shape>
	<shape type="ply" name="temp27">
		<string name="filename" value="meshes/Cube_023.ply" />
		<boolean name="face_normals" value="true" />
		<ref id="mat-Material" name="bsdf" />
		<animation name="to_world">
			<transform time="0">
				<matrix value="0.8578494469236402 0.2779176218078816 -0.4322689554777762 -0.06384741756740275 -0.48031211271800817 0.1344891567571852 -0.8667253951466147 -0.2870862330583138 -0.18274275876864052 0.951143666449044 0.24885868334419964 0.20623349158539056 0.0 0.0 0.0 1.0" />
			</transform>
			<transform time="0.0015">
				<matrix value="0.8578499894595403 0.27791173463693 -0.43227164475408475 -0.06384700161053597 -0.4803074532920433 0.13445884909050448 -0.8667326885320464 -0.2870823065479403 -0.18275241909904844 0.951149666257195 0.24882863323456217 0.2062406228649905 0.0 0.0 0.0 1.0" />
			</transform>
		</animation>
	</shape>
	<shape type="ply" name="temp28">
		<string name="filename" value="meshes/Cube_024.ply" />
		<boolean name="face_normals" value="true" />
		<ref id="mat-Material" name="bsdf" />
		<animation name="to_world">
			<transform time="0">
				<matrix value="0.8563384376989045 0.4397289032858248 -0.2707825772859074 -0.19082400714724151 -0.3785089632233918 0.1777477092254648 -0.9083704513401487 -0.5126843753538054 -0.3513057885526757 0.8803657730229881 0.31865345910195303 -0.338542539570458 0.0 0.0 0.0 1.0" />
			</transform>
			<transform time="0.0015">
				<matrix value="0.8563287677943336 0.4397523543507251 -0.27077505412053793 -0.19084249409340914 -0.3785086281276889 0.17774428205094656 -0.908371259825115 -0.5126847039281055 -0.35132971438586635 0.8803547495957471 0.31865753556825616 -0.33857473424790585 0.0 0.0 0.0 1.0" />
			</transform>
		</animation>
	</shape>
	<shape type="ply" name="temp29">
		<string name="filename" value="meshes/Cube_025.ply" />
		<boolean name="face_normals" value="true" />
		<ref id="mat-Material" name="bsdf" />
		<animation name="to_world">
			<transform time="0">
				<matrix value="0.8997124694385197 0.36524822547103497 -0.23898066806265988 -0.26600319496235925 -0.32113881516310394 0.18311082280157606 -0.9291611842649594 -0.7930373527553921 -0.2956144829946084 0.9127234196106571 0.2820424414720621 -0.7072461981179143 0.0 0.0 0.0 1.0" />
			</transform>
			<transform time="0.0015">
				<matrix value="0.8997176554434464 0.3652321258606776 -0.23898576577313083 -0.2659896680360117 -0.3211395858832207 0.1831128142272602 -0.9291605289666185 -0.7930393654900381 -0.295597871821905 0.912729456964541 0.2820402883489416 -0.7072220066172186 0.0 0.0 0.0 1.0" />
			</transform>
		</animation>
	</shape>
	<shape type="ply" name="temp30">
		<string name="filename" value="meshes/Cube_026.ply" />
		<boolean name="face_normals" value="true" />
		<ref id="mat-Material" name="bsdf" />
		<animation name="to_world">
			<transform time="0">
				<matrix value="0.9232627604706867 0.2372480043719221 -0.30215802933287816 -0.327293325968738 -0.34932053341418057 0.19112409083419027 -0.9173040672762199 -1.1461767537585437 -0.1598789596951919 0.952462439223817 0.2593333604399979 -0.8837915991645935 0.0 0.0 0.0 1.0" />
			</transform>
			<transform time="0.0015">
				<matrix value="0.9232571914992425 0.2372578788997299 -0.30216726308222863 -0.3273150028767685 -0.3493297357804611 0.19110829684610037 -0.9173038545170182 -1.146190324136906 -0.15989097526968343 0.9524631450835994 0.25932334373678545 -0.8838477882868866 0.0 0.0 0.0 1.0" />
			</transform>
		</animation>
	</shape>
	<shape type="ply" name="temp31">
		<string name="filename" value="meshes/Cube_027.ply" />
		<boolean name="face_normals" value="true" />
		<ref id="mat-Material" name="bsdf" />
		<animation name="to_world">
			<transform time="0">
				<matrix value="0.8736893357942084 0.1733586832504907 -0.4545483879966016 -0.5848505650024587 -0.4823308547285857 0.18683885629183417 -0.8558320619204471 -1.5827191029015104 -0.06343865187304863 0.966973528595833 0.24685535111562049 -1.0208779219565451 0.0 0.0 0.0 1.0" />
			</transform>
			<transform time="0.0015">
				<matrix value="0.8736889368707526 0.17334581858049802 -0.4545540644121009 -0.5848815445711266 -0.48233195575732396 0.1868200346158263 -0.8558355426609858 -1.5827203950708317 -0.06343573973182061 0.9669794683308108 0.24683281566098442 -1.020929979209372 0.0 0.0 0.0 1.0" />
			</transform>
		</animation>
	</shape>
	<shape type="ply" name="temp32">
		<string name="filename" value="meshes/Cube_028.ply" />
		<boolean name="face_normals" value="true" />
		<ref id="mat-Material" name="bsdf" />
		<animation name="to_world">
			<transform time="0">
				<matrix value="-0.1051706301294087 0.9845089826729214 0.14028853704858538 -1.4839189382665543 -0.8008419809689962 -0.0002138753251304172 -0.5988729379826306 -2.1203405891966267 -0.5895659693596229 -0.17533325476666745 0.7884584471379854 -1.3435213029377997 0.0 0.0 0.0 1.0" />
			</transform>
			<transform time="0.0015">
				<matrix value="-0.10517412469888233 0.9845126846822061 0.14025992774426133 -1.4839738169081658 -0.8007600899619702 -0.00020976883566301994 -0.5989824408885227 -2.120379379456595 -0.5896765668985349 -0.17531246569424463 0.7883803645109891 -1.343839480210778 0.0 0.0 0.0 1.0" />
			</transform>
		</animation>
	</shape>
	<shape type="ply" name="temp33">
		<string name="filename" value="meshes/Cube_029.ply" />
		<boolean name="face_normals" value="true" />
		<ref id="mat-Material" name="bsdf" />
		<animation name="to_world">
			<transform time="0">
				<matrix value="0.0037524954479129543 0.9773556963266259 0.21156943569125067 -1.5728980757336855 -0.9980789926723366 -0.009416516312317099 0.0612031174870609 -1.803395503451486 0.0618094967084909 -0.21139338329617063 0.9754426620761845 -0.09318957771824332 0.0 0.0 0.0 1.0" />
			</transform>
			<transform time="0.0015">
				<matrix value="0.003726138575182029 0.9773544197717003 0.21157580399967368 -1.5729385603477064 -0.9980880242993782 -0.009412055503766347 0.0610564336341297 -1.803660786864746 0.0616651725849237 -0.21139948823237426 0.9754504831044362 -0.0934512897841138 0.0 0.0 0.0 1.0" />
			</transform>
		</animation>
	</shape>
	<shape type="ply" name="temp34">
		<string name="filename" value="meshes/Cube_030.ply" />
		<boolean name="face_normals" value="true" />
		<ref id="mat-Material" name="bsdf" />
		<animation name="to_world">
			<transform time="0">
				<matrix value="-0.04351443455170895 0.9787160012521335 -0.20055262707535843 -3.229121284160117 -0.9734968712528251 0.003575466357210455 0.2286709572384215 -1.9008230106196464 0.22452093731501566 0.20518790955704896 0.9526218491582099 0.26688005397752146 0.0 0.0 0.0 1.0" />
			</transform>
			<transform time="0.0015">
				<matrix value="-0.043507313259677494 0.9787159100180383 -0.20055461897509202 -3.2291065989956325 -0.9735050918504125 0.0035754659077836225 0.22863590169407993 -1.9009011834530551 0.22448661451088453 0.2051883459586506 0.9526298467054582 0.2668008525888469 0.0 0.0 0.0 1.0" />
			</transform>
		</animation>
	</shape>
	<shape type="ply" name="temp35">
		<string name="filename" value="meshes/Cube_031.ply" />
		<boolean name="face_normals" value="true" />
		<ref id="mat-Material" name="bsdf" />
		<animation name="to_world">
			<transform time="0">
				<matrix value="0.13971844432979272 0.9775277781833579 0.15784807675850943 -1.8887985464452413 -0.7464075301359687 -0.0007682026102210366 0.6654378443393483 -1.04882119968801 0.6506051571999213 -0.21080507193021614 0.7295262732134304 0.6496314447304352 0.0 0.0 0.0 1.0" />
			</transform>
			<transform time="0.0015">
				<matrix value="0.13964045000708394 0.9775271924699214 0.15792075955696838 -1.8889047167289053 -0.7468022409601685 -0.0007493303225649579 0.66499512648224 -1.0505647470983375 0.6501690700348761 -0.21080786533275947 0.7299143715282977 0.6490122288833482 0.0 0.0 0.0 1.0" />
			</transform>
		</animation>
	</shape>
	<shape type="ply" name="temp36">
		<string name="filename" value="meshes/Cube_032.ply" />
		<boolean name="face_normals" value="true" />
		<ref id="mat-Material" name="bsdf" />
		<animation name="to_world">
			<transform time="0">
				<matrix value="0.7485796335991008 0.6139458265456601 0.2503984443296089 -0.6561476590420297 -0.3137092727830405 -0.004754348456373599 0.9495072575730426 0.16665490650822787 0.5841364863738793 -0.7893338450595822 0.1890414571219058 -0.11384375895693188 0.0 0.0 0.0 1.0" />
			</transform>
			<transform time="0.0015">
				<matrix value="0.7485861599868392 0.6139450080486784 0.25038092999213113 -0.6561476031023672 -0.3136862469211663 -0.0047551077812800074 0.9495148573317245 0.16673281830050918 0.5841404756084383 -0.7893344758278984 0.1890264627044121 -0.1138491062595289 0.0 0.0 0.0 1.0" />
			</transform>
		</animation>
	</shape>
	<shape type="ply" name="temp37">
		<string name="filename" value="meshes/Cube_033.ply" />
		<boolean name="face_normals" value="true" />
		<ref id="mat-Material" name="bsdf" />
		<animation name="to_world">
			<transform time="0">
				<matrix value="0.9767090050653604 0.1691149777962259 0.13206101032527523 -0.14172461637125333 -0.15012118214198966 0.0988335561706468 0.9837153166680928 0.3004035465841978 0.15330895063534192 -0.9806283803655644 0.12191935515136157 -0.3806598003808598 0.0 0.0 0.0 1.0" />
			</transform>
			<transform time="0.0015">
				<matrix value="0.9767083029600779 0.16911975361347742 0.13206012269388606 -0.1417286087369827 -0.15012080236685965 0.0988330260248953 0.9837154273028776 0.30040471501646393 0.15331382547997294 -0.980627614432609 0.12191941983015886 -0.38067206438645185 0.0 0.0 0.0 1.0" />
			</transform>
		</animation>
	</shape>
	<shape type="ply" name="temp38">
		<string name="filename" value="meshes/Cube_034.ply" />
		<boolean name="face_normals" value="true" />
		<ref id="mat-Material" name="bsdf" />
		<animation name="to_world">
			<transform time="0">
				<matrix value="0.9999246489972998 0.001989804410718718 0.01214025949588223 -0.03353174060559927 -0.01230009157363034 0.18015999440994696 0.9835604777265956 0.36937911857527655 -0.00023009625425733166 -0.9836352240088606 0.18017086418095402 -0.36588178231088725 0.0 0.0 0.0 1.0" />
			</transform>
			<transform time="0.0015">
				<matrix value="0.9999246489972998 0.0019909503064932236 0.012140272261434326 -0.03353618825960837 -0.012300310024114788 0.18015994710232325 0.9835604862369636 0.3693785778396238 -0.0002289708433174396 -0.9836352315180072 0.18017083099051856 -0.36590432201781403 0.0 0.0 0.0 1.0" />
			</transform>
		</animation>
	</shape>
	<shape type="ply" name="temp39">
		<string name="filename" value="meshes/Cube_035.ply" />
		<boolean name="face_normals" value="true" />
		<ref id="mat-Material" name="bsdf" />
		<animation name="to_world">
			<transform time="0">
				<matrix value="0.9989025348077308 -0.04673123734155433 0.003191738834221155 0.009055777455875047 0.006448638540353565 0.20469557155163604 0.9788044400716561 0.09118498663910299 -0.04639407776578072 -0.9777094549072531 0.20477228983391338 -0.14839010103212655 0.0 0.0 0.0 1.0" />
			</transform>
			<transform time="0.0015">
				<matrix value="0.9989018007885719 -0.04674681581713617 0.0031924400885497096 0.00905892582720558 0.006450624381317006 0.20468452935152853 0.9788067293606655 0.09119122845469115 -0.046409541634625 -0.9777110168097505 0.20476130379977828 -0.14843418730401764 0.0 0.0 0.0 1.0" />
			</transform>
		</animation>
	</shape>
	<shape type="ply" name="temp40">
		<string name="filename" value="meshes/Cube_036.ply" />
		<boolean name="face_normals" value="true" />
		<ref id="mat-Material" name="bsdf" />
		<animation name="to_world">
			<transform time="0">
				<matrix value="0.9989233671437715 -0.04627481368228058 0.003319226835976154 0.003041537707741737 0.006384995753749377 0.20799025078062588 0.9781101469858886 -0.23999112448823995 -0.04595223278318237 -0.9770356240731046 0.20806180177684186 0.1881956298684853 0.0 0.0 0.0 1.0" />
			</transform>
			<transform time="0.0015">
				<matrix value="0.9989226331246126 -0.0462909883841042 0.00331674180850118 0.0030425695630789075 0.006390529300790777 0.2079844627304097 0.9781113469477858 -0.23997639225442857 -0.045967573783602236 -0.9770360971493417 0.2080562249326489 0.18817045986755748 0.0 0.0 0.0 1.0" />
			</transform>
		</animation>
	</shape>
	<shape type="ply" name="temp41">
		<string name="filename" value="meshes/Cube_037.ply" />
		<boolean name="face_normals" value="true" />
		<ref id="mat-Material" name="bsdf" />
		<animation name="to_world">
			<transform time="0">
				<matrix value="0.998850232347033 -0.047825458937097304 0.0033752170700122597 -0.005393832480071747 0.006655581204445886 0.2080320301695997 0.9780995091960147 -0.5702512532069217 -0.04748021814558523 -0.9769519818615295 0.20811112566255702 0.5202224927193397 0.0 0.0 0.0 1.0" />
			</transform>
			<transform time="0.0015">
				<matrix value="0.9988500408637742 -0.04782943352840429 0.003376041724677756 -0.005394575808924225 0.006655403125015176 0.20802791665908021 0.9781003857639254 -0.5702517834479923 -0.04748430631316124 -0.9769526651938721 0.20810699472989827 0.5202309584719547 0.0 0.0 0.0 1.0" />
			</transform>
		</animation>
	</shape>
	<shape type="ply" name="temp42">
		<string name="filename" value="meshes/Cube_038.ply" />
		<boolean name="face_normals" value="true" />
		<ref id="mat-Material" name="bsdf" />
		<animation name="to_world">
			<transform time="0">
				<matrix value="0.9990270855827824 -0.043955984589809004 0.0035638250844758712 0.00890338548874392 0.005665750487122071 0.20807195316036153 0.9780972634403747 -0.9039648058660694 -0.04373477023263071 -0.977125315222674 0.20811859575500177 0.8657738627722218 0.0 0.0 0.0 1.0" />
			</transform>
			<transform time="0.0015">
				<matrix value="0.9990269579272765 -0.04395879000698695 0.0035647799477727623 0.008910988741878532 0.005665236833280261 0.20806828869681004 0.9780980463942368 -0.903967067824583 -0.04373773391476923 -0.9771259685184299 0.20811490225526158 0.8657926029075067 0.0 0.0 0.0 1.0" />
			</transform>
		</animation>
	</shape>
	<shape type="ply" name="temp43">
		<string name="filename" value="meshes/Cube_039.ply" />
		<boolean name="face_normals" value="true" />
		<ref id="mat-Material" name="bsdf" />
		<animation name="to_world">
			<transform time="0">
				<matrix value="0.9999436885699665 -0.009564032961042971 -0.004597716622780435 0.021745456014417464 0.008285991644190555 0.43301556188327495 0.9013483435744665 -1.3192534034953733 -0.0066296602937023965 -0.9013357442056328 0.4330703985114307 1.4755525361722213 0.0 0.0 0.0 1.0" />
			</transform>
			<transform time="0.0015">
