<scene version="2.1.0">
	<default name="spp" value="1024" />
	<default name="resx" value="1280" />
	<default name="resy" value="720" />
	<integrator type="path" name="temp0">
		<integer name="max_depth" value="12" />
	</integrator>
	<sensor type="perspective" name="temp44">
		<string name="fov_axis" value="x" />
		<float name="fov" value="83.974423" />
		<float name="principal_point_offset_x" value="0.000000" />
		<float name="principal_point_offset_y" value="-0.000000" />
		<float name="near_clip" value="0.100000" />
		<float name="far_clip" value="1000.000000" />
		<transform name="to_world">
			<rotate x="1" angle="-142.5518126578256" />
			<rotate y="1" angle="3.976628485794621e-06" />
			<rotate z="1" angle="-179.999991348578" />
			<translate value="-0.000000 3.030926 4.073377" />
		</transform>
		<sampler type="correlated" name="sampler">
			<integer name="sample_count" value="1024" />
		</sampler>
		<film type="hdrfilm" name="film">
			<integer name="width" value="$resx" />
			<integer name="height" value="$resy" />
		</film>
		<float name="shutter_open" value="0.0" />
		<float name="shutter_close" value="0.0015" />
	</sensor>
	<bsdf type="twosided" id="mat-Material" name="mat-Material">
		<bsdf type="diffuse" name="bsdf">
			<texture type="bitmap" name="reflectance">
				<string name="filename" value="textures/siggraph_2023_logo.jpg" />
			</texture>
		</bsdf>
	</bsdf>
	<bsdf type="twosided" id="mat-Material.001" name="mat-Material.001">
		<bsdf type="principled" name="bsdf">
			<rgb value="0.433648 0.266232 0.084399" name="base_color" />
			<float name="spec_tint" value="0.000000" />
			<float name="spec_trans" value="0.000000" />
			<float name="metallic" value="0.000000" />
			<float name="anisotropic" value="0.000000" />
			<float name="roughness" value="0.500000" />
			<float name="sheen" value="0.000000" />
			<float name="sheen_tint" value="0.500000" />
			<float name="clearcoat" value="0.000000" />
			<float name="clearcoat_gloss" value="0.173205" />
			<float name="specular" value="0.500000" />
		</bsdf>
	</bsdf>
	<bsdf type="twosided" id="mat-Material.002" name="mat-Material.002">
		<bsdf type="principled" name="bsdf">
			<rgb value="0.433648 0.266232 0.084399" name="base_color" />
			<float name="spec_tint" value="0.000000" />
			<float name="spec_trans" value="0.000000" />
			<float name="metallic" value="0.000000" />
			<float name="anisotropic" value="0.000000" />
			<float name="roughness" value="0.500000" />
			<float name="sheen" value="0.000000" />
			<float name="sheen_tint" value="0.500000" />
			<float name="clearcoat" value="0.000000" />
			<float name="clearcoat_gloss" value="0.173205" />
			<float name="specular" value="0.500000" />
		</bsdf>
	</bsdf>
	<bsdf type="twosided" id="mat-Material.003" name="mat-Material.003">
		<bsdf type="principled" name="bsdf">
			<rgb value="0.433648 0.266232 0.084399" name="base_color" />
			<float name="spec_tint" value="0.000000" />
			<float name="spec_trans" value="0.000000" />
			<float name="metallic" value="0.000000" />
			<float name="anisotropic" value="0.000000" />
			<float name="roughness" value="0.500000" />
			<float name="sheen" value="0.000000" />
			<float name="sheen_tint" value="0.500000" />
			<float name="clearcoat" value="0.000000" />
			<float name="clearcoat_gloss" value="0.173205" />
			<float name="specular" value="0.500000" />
		</bsdf>
	</bsdf>
	<bsdf type="twosided" id="mat-Material.004" name="mat-Material.004">
		<bsdf type="principled" name="bsdf">
			<rgb value="0.433648 0.266232 0.084399" name="base_color" />
			<float name="spec_tint" value="0.000000" />
			<float name="spec_trans" value="0.000000" />
			<float name="metallic" value="0.000000" />
			<float name="anisotropic" value="0.000000" />
			<float name="roughness" value="0.500000" />
			<float name="sheen" value="0.000000" />
			<float name="sheen_tint" value="0.500000" />
			<float name="clearcoat" value="0.000000" />
			<float name="clearcoat_gloss" value="0.173205" />
			<float name="specular" value="0.500000" />
		</bsdf>
	</bsdf>
	<bsdf type="twosided" id="mat-Material.005" name="mat-Material.005">
		<bsdf type="principled" name="bsdf">
			<rgb value="0.433648 0.266232 0.084399" name="base_color" />
			<float name="spec_tint" value="0.000000" />
			<float name="spec_trans" value="0.000000" />
			<float name="metallic" value="0.000000" />
			<float name="anisotropic" value="0.000000" />
			<float name="roughness" value="0.500000" />
			<float name="sheen" value="0.000000" />
			<float name="sheen_tint" value="0.500000" />
			<float name="clearcoat" value="0.000000" />
			<float name="clearcoat_gloss" value="0.173205" />
			<float name="specular" value="0.500000" />
		</bsdf>
	</bsdf>
	<emitter type="point" name="temp45">
		<point name="position" x="-6.815235034541981e-16" y="3.0693089962005615" z="4.109199523925781" />
		<rgb value="7.957747 7.957747 7.957747" name="intensity" />
	</emitter>
	<shape type="ply" name="temp2">
		<string name="filename" value="meshes/Cube.ply" />
		<boolean name="face_normals" value="true" />
		<ref id="mat-Material" name="bsdf" />
		<animation name="to_world">
			<transform time="0">
				<matrix value="0.9999986702764229 0.00017260185681538016 0.00176748060730906 -0.002736543691618465 -0.0001697219282055646 0.9999985399115188 -0.0016293595435868072 -0.015245939168599898 -0.001767761117818828 0.0016290582637879286 0.9999971632560337 0.0040156462068281495 0.0 0.0 0.0 1.0" />
			</transform>
			<transform time="0.0015">
				<matrix value="0.999998670276423 0.000173034361133363 0.0017683555582498206 -0.002737808915599362 -0.00017018485494072242 0.9999985699481053 -0.0016115869164383054 -0.01526833576735041 -0.0017686334836321772 0.0016112846393741033 0.999997188787138 0.004019736701385058 0.0 0.0 0.0 1.0" />
			</transform>
		</animation>
	</shape>
	<shape type="ply" name="temp4">
		<string name="filename" value="meshes/Plane.ply" />
		<boolean name="face_normals" value="true" />
		<ref id="mat-Material.001" name="bsdf" />
	</shape>
	<shape type="ply" name="temp5">
		<string name="filename" value="meshes/Cube_001.ply" />
		<boolean name="face_normals" value="true" />
		<ref id="mat-Material" name="bsdf" />
		<animation name="to_world">
			<transform time="0">
				<matrix value="0.9999982270352306 0.00019480792536027684 -0.0020098449199352658 0.002553944202706937 -0.0002018139202555906 0.9999939510620058 -0.0034861928579297155 -0.013696702044310338 0.0020091547035868853 0.0034865828297766274 0.999991962558762 -0.004607683918754213 0.0 0.0 0.0 1.0" />
			</transform>
			<transform time="0.0015">
				<matrix value="0.9999982270352306 0.0001880825046167117 -0.00201016499487819 0.0025554751273683188 -0.00019484052921067024 0.9999941688272579 -0.0033627924358838194 -0.01384065684028724 0.0020094995330221604 0.0033631689537648155 0.9999921838283317 -0.004600236839336293 0.0 0.0 0.0 1.0" />
			</transform>
		</animation>
	</shape>
	<shape type="ply" name="temp6">
		<string name="filename" value="meshes/Cube_002.ply" />
		<boolean name="face_normals" value="true" />
		<ref id="mat-Material" name="bsdf" />
		<animation name="to_world">
			<transform time="0">
				<matrix value="1.0 0.00010242228679057951 0.0003888537710492312 -0.0008533460770032697 -0.00010356818024669032 0.999995619734556 0.002947424260118075 -0.01933273361452542 -0.0003885492183884814 -0.0029474660164405964 0.9999957448840504 0.001432139530894272 0.0 0.0 0.0 1.0" />
			</transform>
			<transform time="0.0015">
				<matrix value="1.0 9.715866035618397e-05 0.0003895607273243891 -0.0008517616101182882 -9.823024931112384e-05 0.9999956873168756 0.002760386794933162 -0.01922431710043735 -0.0003892635626424819 -0.0027604264652780455 0.9999958044566268 0.0014291816187760728 0.0 0.0 0.0 1.0" />
			</transform>
		</animation>
	</shape>
	<shape type="ply" name="temp7">
		<string name="filename" value="meshes/Cube_003.ply" />
		<boolean name="face_normals" value="true" />
		<ref id="mat-Material" name="bsdf" />
		<animation name="to_world">
			<transform time="0">
				<matrix value="0.9999982270352306 -0.00044353107798332584 0.0018050012741708315 -0.0011315432771241696 0.0004511752096974081 0.9999908223009742 -0.004236795311429573 -0.017373881137358826 -0.0018031051704971571 0.004237608541934784 0.9999895986054567 0.005449436602826374 0.0 0.0 0.0 1.0" />
			</transform>
			<transform time="0.0015">
				<matrix value="0.9999982270352306 -0.0004449786912690999 0.0018056562320971125 -0.0011322973728683857 0.0004526540987330989 0.9999907547186547 -0.004252461196963589 -0.017371896929364045 -0.0018037463202754702 0.004253277202367552 0.9999895220121441 0.005453174800659793 0.0 0.0 0.0 1.0" />
			</transform>
		</animation>
	</shape>
	<shape type="ply" name="temp8">
		<string name="filename" value="meshes/Cube_004.ply" />
		<boolean name="face_normals" value="true" />
		<ref id="mat-Material" name="bsdf" />
		<animation name="to_world">
			<transform time="0">
				<matrix value="0.9999991135176153 -0.00024125876313818903 0.001356240198458608 -0.00035757198022601244 0.00024295955690064482 0.9999991656637249 -0.001254557110984298 -0.01844134790665969 -0.0013559368611786315 0.0012548855603506715 0.9999983452326863 0.004158028833777368 0.0 0.0 0.0 1.0" />
			</transform>
			<transform time="0.0015">
				<matrix value="0.9999973422974711 -0.00039603106071754495 0.0016298445318747368 -0.0004745584846092578 0.00040594064435167285 0.9999868056083853 -0.0021380862474433895 -0.018831019778730335 -0.0016252243955822022 0.0021398939823376916 0.9999849839548243 0.005954167085332352 0.0 0.0 0.0 1.0" />
			</transform>
		</animation>
	</shape>
	<shape type="ply" name="temp9">
		<string name="filename" value="meshes/Cube_005.ply" />
		<boolean name="face_normals" value="true" />
		<ref id="mat-Material" name="bsdf" />
		<animation name="to_world">
			<transform time="0">
				<matrix value="0.9988754970949972 -0.021822711884911656 0.04209179608917021 0.017277560022877392 0.03071022752456886 0.9741702004284317 -0.2237170943609785 -0.16532217672188854 -0.03612245956310602 0.22475809462624863 0.9737449890099811 0.10037433894431219 0.0 0.0 0.0 1.0" />
			</transform>
			<transform time="0.0015">
				<matrix value="0.9988673430995588 -0.02208555604594811 0.0421258333062461 0.01735322410677804 0.031065791830472478 0.9734559679474876 -0.2263186755817867 -0.16702192311722694 -0.03599030818987197 0.22737068442809427 0.973042202815175 0.09966121843641104 0.0 0.0 0.0 1.0" />
			</transform>
		</animation>
	</shape>
	<shape type="ply" name="temp10">
		<string name="filename" value="meshes/Cube_006.ply" />
		<boolean name="face_normals" value="true" />
		<ref id="mat-Material" name="bsdf" />
		<animation name="to_world">
			<transform time="0">
				<matrix value="0.9998164981463653 0.019026717533368237 0.002361490065959025 0.02310964372380475 -0.015925319177982615 0.8927329310441927 -0.45030497361591715 -0.26748935789768014 -0.010676004872107186 0.45018449260882354 0.8928717824822551 -0.024587739333844505 0.0 0.0 0.0 1.0" />
			</transform>
			<transform time="0.0015">
				<matrix value="0.9998170247253272 0.018865353181243893 0.0018723993834719637 0.022876707763362928 -0.01600909086974903 0.8914091435862141 -0.45269585088898856 -0.2687940144348307 -0.010216347075316375 0.45258394279295255 0.8915473564521426 -0.026922942165427073 0.0 0.0 0.0 1.0" />
			</transform>
		</animation>
	</shape>
	<shape type="ply" name="temp11">
		<string name="filename" value="meshes/Cube_007.ply" />
		<boolean name="face_normals" value="true" />
		<ref id="mat-Material" name="bsdf" />
		<animation name="to_world">
			<transform time="0">
				<matrix value="0.9883578268416228 0.14265725674404442 -0.052900783461404435 0.11861231455667065 -0.15018749102436585 0.8590793516372808 -0.48931209431606343 -0.12056323358423648 -0.024357960700462918 0.4915602714095903 0.870502874330824 0.07646326377717272 0.0 0.0 0.0 1.0" />
			</transform>
			<transform time="0.0015">
				<matrix value="0.9882601384657435 0.14297756765326378 -0.05367507036454525 0.11800360155937388 -0.15080897387630332 0.8577146243119195 -0.4913371449074936 -0.12096492739382525 -0.02425797149365935 0.4936709873969598 0.869216123700135 0.07475769460713859 0.0 0.0 0.0 1.0" />
			</transform>
		</animation>
	</shape>
	<shape type="ply" name="temp12">
		<string name="filename" value="meshes/Cube_008.ply" />
		<boolean name="face_normals" value="true" />
		<ref id="mat-Material" name="bsdf" />
		<animation name="to_world">
			<transform time="0">
				<matrix value="0.04548731709652197 0.9937028469639546 -0.10240005087227513 2.4943075896765707 -0.9148329778538971 0.0002623966726669351 -0.4038329611682846 1.7503989586365447 -0.40126310442585195 0.11204817040484082 0.909083774250024 1.038952335609606 0.0 0.0 0.0 1.0" />
			</transform>
			<transform time="0.0015">
				<matrix value="0.0457667007453167 0.9936732984719974 -0.10254893040016709 2.493440372976499 -0.9141014160635402 0.0002531222060220683 -0.4053885883676185 1.7463526829402427 -0.4027966794845705 0.11230209144694644 0.9083299683986683 1.041483803010436 0.0 0.0 0.0 1.0" />
			</transform>
		</animation>
	</shape>
	<shape type="ply" name="temp13">
		<string name="filename" value="meshes/Cube_009.ply" />
		<boolean name="face_normals" value="true" />
		<ref id="mat-Material" name="bsdf" />
		<animation name="to_world">
			<transform time="0">
				<matrix value="-0.03232237109216403 0.9963877410971105 0.0785283539651298 2.459814157148891 -0.9245430626548019 4.21404479968629e-05 -0.38107778304676704 1.4116046730452085 -0.37970456201564823 -0.08492016444767982 0.9212018716836691 0.7129731394527181 0.0 0.0 0.0 1.0" />
			</transform>
			<transform time="0.0015">
				<matrix value="-0.032616919417211114 0.9963576519465965 0.0787635720280778 2.460887419764593 -0.9237582525615523 4.160854510504569e-05 -0.38284551414938445 1.406851823570702 -0.38145293022857074 -0.0852547217098703 0.920392748439891 0.7155175780863989 0.0 0.0 0.0 1.0" />
			</transform>
		</animation>
	</shape>
	<shape type="ply" name="temp14">
		<string name="filename" value="meshes/Cube_010.ply" />
		<boolean name="face_normals" value="true" />
		<ref id="mat-Material" name="bsdf" />
		<animation name="to_world">
			<transform time="0">
				<matrix value="0.0743216193551018 0.9971818206469026 0.010236863393284765 1.6616193322252784 -0.9947125758164059 0.073400212338582 0.07182917033276424 1.95388683055587 0.07087537476042814 -0.01552119318430697 0.9973644284599175 -0.22586351406053717 0.0 0.0 0.0 1.0" />
			</transform>
			<transform time="0.0015">
				<matrix value="0.0737863135438004 0.9972175191299433 0.010254436452302144 1.6625951891580977 -0.9946755397627607 0.07285132676076467 0.07269836315849211 1.9554449061307289 0.07175014049728809 -0.015551500926079175 0.9972910520664612 -0.22757800400845238 0.0 0.0 0.0 1.0" />
			</transform>
		</animation>
	</shape>
	<shape type="ply" name="temp15">
		<string name="filename" value="meshes/Cube_011.ply" />
		<boolean name="face_normals" value="true" />
		<ref id="mat-Material" name="bsdf" />
		<animation name="to_world">
			<transform time="0">
				<matrix value="0.03925326269841692 0.9953552499567189 -0.08790485655294948 1.1657355269277958 -0.8276146354695786 0.08168145875354334 0.5553221808320264 2.241490579875922 0.5599231065179504 0.05095310404381934 0.8269763477015992 -1.2010891371173198 0.0 0.0 0.0 1.0" />
			</transform>
			<transform time="0.0015">
				<matrix value="0.03873500017370638 0.995377214210588 -0.08784447123634442 1.166555242568049 -0.8274373857996556 0.08123869769218962 0.5556432004258055 2.2420339348338794 0.5602119111430796 0.051167667395735486 0.8267646608063509 -1.2021306125745093 0.0 0.0 0.0 1.0" />
			</transform>
		</animation>
	</shape>
	<shape type="ply" name="temp16">
		<string name="filename" value="meshes/Cube_012.ply" />
		<boolean name="face_normals" value="true" />
		<ref id="mat-Material" name="bsdf" />
		<animation name="to_world">
			<transform time="0">
				<matrix value="0.09600768225634589 0.9883852047148344 0.11780127757492431 1.1150018788349134 -0.776848448744475 0.0004101263393704516 0.629687896700914 1.8386660480734576 0.6223257042659306 -0.15196855386579283 0.7678647497211717 -1.7021161222523573 0.0 0.0 0.0 1.0" />
			</transform>
			<transform time="0.0015">
				<matrix value="0.09580863540879295 0.9883869543459972 0.11794181524003898 1.1154551657763516 -0.7778212475270802 0.00040783297090065047 0.6284320812581413 1.8383234774743953 0.621085738466444 -0.1519571639921967 0.7688273744737378 -1.6992714349266527 0.0 0.0 0.0 1.0" />
			</transform>
		</animation>
	</shape>
	<shape type="ply" name="temp17">
		<string name="filename" value="meshes/Cube_013.ply" />
		<boolean name="face_normals" value="true" />
		<ref id="mat-Material" name="bsdf" />
		<animation name="to_world">
			<transform time="0">
				<matrix value="0.8828420447957278 0.2663447519205378 0.38684701108835934 0.645216499957488 -0.4379882080113186 0.16949143032353478 0.8828585490716518 1.475381837121316 0.1695775202250956 -0.9488587322677469 0.2662901204245093 -1.371246893868745 0.0 0.0 0.0 1.0" />
			</transform>
			<transform time="0.0015">
				<matrix value="0.8832018258821297 0.2665517265288779 0.3858409153757174 0.643696198203808 -0.43721029291108066 0.17040697025986334 0.8830454537750949 1.4746686001504952 0.1696530380309902 -0.9486233956126159 0.26704750914082026 -1.3705133151278404 0.0 0.0 0.0 1.0" />
			</transform>
		</animation>
	</shape>
	<shape type="ply" name="temp18">
		<string name="filename" value="meshes/Cube_014.ply" />
		<boolean name="face_normals" value="true" />
		<ref id="mat-Material" name="bsdf" />
		<animation name="to_world">
			<transform time="0">
				<matrix value="0.9394616747070619 0.29989946247885485 0.16574697851308282 0.10589248614992519 -0.21579317124889413 0.14208123097974024 0.9660467750712615 1.0235819613459214 0.2661673997875988 -0.9433308372773105 0.19819611451178928 -0.8505601688450868 0.0 0.0 0.0 1.0" />
			</transform>
			<transform time="0.0015">
				<matrix value="0.9394784614060859 0.29979392893223034 0.16584111339632318 0.10603493211483814 -0.21580891436415756 0.14187246844358953 0.9660733274196243 1.0236278586439596 0.2660951084746155 -0.9433949653894618 0.19798417996483025 -0.8506798405246148 0.0 0.0 0.0 1.0" />
			</transform>
		</animation>
	</shape>
	<shape type="ply" name="temp19">
		<string name="filename" value="meshes/Cube_015.ply" />
		<boolean name="face_normals" value="true" />
		<ref id="mat-Material" name="bsdf" />
		<animation name="to_world">
			<transform time="0">
				<matrix value="0.9829680139425949 0.13857885416427665 0.12070572516395198 0.0458167517589263 -0.14626715565035006 0.1922778006061453 0.9703789558985599 0.634849645250591 0.11126497490368369 -0.97150658187029 0.20927248864238635 -0.33715948388818895 0.0 0.0 0.0 1.0" />
			</transform>
			<transform time="0.0015">
				<matrix value="0.9829147177688875 0.13870542233241848 0.1209834465581269 0.04597010876638893 -0.14656207178282346 0.19222383236937354 0.9703438931821322 0.6350930361535487 0.11133634230994315 -0.9714989375590289 0.20926968873129298 -0.33704645014439266 0.0 0.0 0.0 1.0" />
			</transform>
		</animation>
	</shape>
	<shape type="ply" name="temp20">
		<string name="filename" value="meshes/Cube_016.ply" />
		<boolean name="face_normals" value="true" />
		<ref id="mat-Material" name="bsdf" />
		<animation name="to_world">
			<transform time="0">
				<matrix value="0.9847077356225854 0.06830394036164307 0.16026735839092318 0.0853699129908504 -0.17079727566233532 0.19715524703654183 0.9653799038438354 0.33636951697235773 0.03434171147835122 -0.9779900004797434 0.2058064366666178 0.005409078776132725 0.0 0.0 0.0 1.0" />
			</transform>
			<transform time="0.0015">
				<matrix value="0.984641785596857 0.06834301570791956 0.1606431592239366 0.08539530159433303 -0.1711654405240862 0.19691477787969472 0.9653610874200438 0.33667994341381635 0.034345086370788085 -0.9780348751399559 0.2055893031358079 0.005813551869253377 0.0 0.0 0.0 1.0" />
			</transform>
		</animation>
	</shape>
	<shape type="ply" name="temp21">
		<string name="filename" value="meshes/Cube_017.ply" />
		<boolean name="face_normals" value="true" />
		<ref id="mat-Material" name="bsdf" />
		<animation name="to_world">
			<transform time="0">
				<matrix value="0.9495174876380031 0.05515774170200429 0.3088268598048036 0.1780906428008927 -0.31356708100853325 0.19699046562221673 0.9289083594589573 0.1462439471638302 -0.009599491691000607 -0.9788524956040908 0.2043415657219206 0.20773994302468482 0.0 0.0 0.0 1.0" />
			</transform>
			<transform time="0.0015">
				<matrix value="0.9493967893571879 0.055006474448793655 0.3092164984962907 0.17809582796776446 -0.3139218197024526 0.19669550409016365 0.928847927335328 0.14659419690341677 -0.009725554056173272 -0.9789187563138827 0.2040093490368784 0.20842447862386984 0.0 0.0 0.0 1.0" />
			</transform>
		</animation>
	</shape>
	<shape type="ply" name="temp22">
		<string name="filename" value="meshes/Cube_018.ply" />
		<boolean name="face_normals" value="true" />
		<ref id="mat-Material" name="bsdf" />
		<animation name="to_world">
			<transform time="0">
				<matrix value="0.19984211748728342 0.9747690452898589 0.09944090140376276 0.8616942044852135 -0.4380136057316405 -0.0019086526929246199 0.8989662904986571 -0.10293383822665512 0.8764744418263665 -0.22320768924311102 0.4265805746392253 -0.19447844552001442 0.0 0.0 0.0 1.0" />
			</transform>
			<transform time="0.0015">
				<matrix value="0.19970949618221834 0.9747658463933979 0.09972503195612742 0.8616624587989795 -0.43925894901931256 -0.001909535468201493 0.8983292809386252 -0.10235135320516447 0.8758513233882598 -0.22322163372838794 0.4277930723085472 -0.1945772440840554 0.0 0.0 0.0 1.0" />
			</transform>
		</animation>
	</shape>
	<shape type="ply" name="temp23">
		<string name="filename" value="meshes/Cube_019.ply" />
		<boolean name="face_normals" value="true" />
		<ref id="mat-Material" name="bsdf" />
		<animation name="to_world">
			<transform time="0">
				<matrix value="-0.07282643384093314 0.9873460388842422 -0.1408691594396674 0.47102785901949745 -0.9124820265696499 -0.008947780978384433 0.4090194747201198 -0.04862623296773095 0.40258338696551765 0.15832794838795802 0.901586969132916 -0.05176246895041736 0.0 0.0 0.0 1.0" />
			</transform>
			<transform time="0.0015">
				<matrix value="-0.07294851718398733 0.9873451828415273 -0.1408102217366702 0.4710307671299435 -0.9121452394312459 -0.008956197455192681 0.40974871964923987 -0.04894408778049677 0.40330239383687067 0.15833279328935848 0.9012554051931044 -0.05173067000193535 0.0 0.0 0.0 1.0" />
			</transform>
		</animation>
	</shape>
	<shape type="ply" name="temp24">
		<string name="filename" value="meshes/Cube_020.ply" />
		<boolean name="face_normals" value="true" />
		<ref id="mat-Material" name="bsdf" />
		<animation name="to_world">
			<transform time="0">
				<matrix value="0.07636211981097805 0.9788091340834701 -0.1900038579194617 0.012829610400039826 -0.9419409596607204 0.008325452227453057 -0.3356752238350505 0.19848414136950088 -0.326980130697742 0.20460525971858762 0.9226162246802815 0.09686487864497817 0.0 0.0 0.0 1.0" />
			</transform>
			<transform time="0.0015">
				<matrix value="0.07714531625614704 0.9786637147755671 -0.19038141018558916 0.013293967197042626 -0.9420084799391517 0.009007185657606394 -0.33544725660575486 0.19826183191061816 -0.3265692723008219 0.20521496242612428 0.9226184884385127 0.0968929629254003 0.0 0.0 0.0 1.0" />
			</transform>
		</animation>
	</shape>
	<shape type="ply" name="temp25">
		<string name="filename" value="meshes/Cube_021.ply" />
		<boolean name="face_normals" value="true" />
		<ref id="mat-Material" name="bsdf" />
		<animation name="to_world">
			<transform time="0">
				<matrix value="0.1946499458359263 0.9293828205989283 -0.31362261187527213 -0.15136133390940135 -0.7811040074322684 -0.04652565688337856 -0.6226655370121805 0.13953419831112132 -0.5932863143076483 0.36617350440008095 0.716888224250284 0.2221356784670263 0.0 0.0 0.0 1.0" />
			</transform>
			<transform time="0.0015">
				<matrix value="0.19457148078353956 0.9293993857763763 -0.3136219310458269 -0.1514545379220955 -0.7814484060302109 -0.04637465770670233 -0.6222375506021927 0.13904811074778756 -0.5928512803005267 0.3661497454601692 0.7172541105045016 0.22226674731189655 0.0 0.0 0.0 1.0" />
			</transform>
		</animation>
	</shape>
	<shape type="ply" name="temp26">
		<string name="filename" value="meshes/Cube_022.ply" />
		<boolean name="face_normals" value="true" />
		<ref id="mat-Material" name="bsdf" />
		<animation name="to_world">
			<transform time="0">
				<matrix value="0.6170923555078037 0.39686039259693423 -0.679484573077125 -0.08359830951685354 -0.7338979339641543 -0.021262058766475533 -0.678927389283065 -0.21452692899836137 -0.28388663131374914 0.9176326542531335 0.2781342356700697 0.6700085080083628 0.0 0.0 0.0 1.0" />
			</transform>
			<transform time="0.0015">
				<matrix value="0.6171866769697154 0.39688482736004194 -0.6793842358376389 -0.08358337786214856 -0.733796527621666 -0.02125926311118819 -0.679036619857179 -0.21443797626373176 -0.2839426210186308 0.9176221414478627 0.2781115895806488 0.6699925526413107 0.0 0.0 0.0 1.0" />
			</transform>
		</animation>
	</shape>
	<shape type="ply" name="temp27">
		<string name="filename" value="meshes/Cube_023.ply" />
		<boolean name="face_normals" value="true" />
		<ref id="mat-Material" name="bsdf" />
		<animation name="to_world">
			<transform time="0">
				<matrix value="0.8506578585776922 0.32109723563533665 -0.4162671191588487 -0.0760971772300254 -0.4797381153739094 0.15027065868763076 -0.8644480807299509 -0.28706852619064166 -0.21501927212704355 0.9350481724906815 0.28187140945042344 0.1516879757848678 0.0 0.0 0.0 1.0" />
			</transform>
			<transform time="0.0015">
				<matrix value="0.8506906341288285 0.32096960267020386 -0.4162979522223481 -0.07606362561486067 -0.4797296581966445 0.15026697845487136 -0.8644534082203597 -0.2870609796766567 -0.2149075320713538 0.9350923262728185 0.28180929227391716 0.1518383866950637 0.0 0.0 0.0 1.0" />
			</transform>
		</animation>
	</shape>
	<shape type="ply" name="temp28">
		<string name="filename" value="meshes/Cube_024.ply" />
		<boolean name="face_normals" value="true" />
		<ref id="mat-Material" name="bsdf" />
		<animation name="to_world">
			<transform time="0">
				<matrix value="0.8603980837796773 0.42682286832296323 -0.2784552605289298 -0.1841732491143756 -0.3825223349236827 0.17985253106338245 -0.9062725609793575 -0.5156371507633619 -0.3367370710976602 0.886270370841616 0.3180141279305338 -0.32097886254437225 0.0 0.0 0.0 1.0" />
			</transform>
			<transform time="0.0015">
				<matrix value="0.8603759674632825 0.42684130327792 -0.2784952422380991 -0.1842239036974522 -0.3825510733694453 0.17979901112266403 -0.9062709950716336 -0.5156607449716739 -0.3367608804452018 0.8862723006922978 0.3179834650743957 -0.32102608338927235 0.0 0.0 0.0 1.0" />
			</transform>
		</animation>
	</shape>
	<shape type="ply" name="temp29">
		<string name="filename" value="meshes/Cube_025.ply" />
		<boolean name="face_normals" value="true" />
		<ref id="mat-Material" name="bsdf" />
		<animation name="to_world">
			<transform time="0">
				<matrix value="0.89515351215456 0.37770757765063423 -0.23672250166776904 -0.27360509880291994 -0.32328536577149675 0.18447279333699051 -0.928146930099319 -0.7946770228139417 -0.3068993151037096 0.9073626004593022 0.28723876543011423 -0.7204043728791796 0.0 0.0 0.0 1.0" />
			</transform>
			<transform time="0.0015">
				<matrix value="0.8951505760779246 0.377667839246711 -0.2367965844217747 -0.27365538054091576 -0.3233352982226241 0.1844317258141152 -0.9281376367773921 -0.7947181165002141 -0.30685507130106326 0.9073874256980342 0.2872074217445309 -0.7203872431426545 0.0 0.0 0.0 1.0" />
			</transform>
		</animation>
	</shape>
	<shape type="ply" name="temp30">
		<string name="filename" value="meshes/Cube_026.ply" />
		<boolean name="face_normals" value="true" />
		<ref id="mat-Material" name="bsdf" />
		<animation name="to_world">
			<transform time="0">
				<matrix value="0.9234788405519594 0.24235320374700423 -0.2974084925495284 -0.31572150300241053 -0.3479634840176091 0.2026096995763658 -0.9153529784156879 -1.1425645658538324 -0.1615809172255938 0.9487961570471172 0.27143597397949315 -0.8610700180237532 0.0 0.0 0.0 1.0" />
			</transform>
			<transform time="0.0015">
				<matrix value="0.9234658675611738 0.24235182957317242 -0.2974498103864839 -0.315808576103565 -0.3480129026553253 0.20266191968380395 -0.9153225368291195 -1.1426228973209744 -0.16154831720077814 0.9487853213485418 0.2714930445077369 -0.8610401647923518 0.0 0.0 0.0 1.0" />
			</transform>
		</animation>
	</shape>
	<shape type="ply" name="temp31">
		<string name="filename" value="meshes/Cube_027.ply" />
		<boolean name="face_normals" value="true" />
		<ref id="mat-Material" name="bsdf" />
		<animation name="to_world">
			<transform time="0">
				<matrix value="0.8738079028131632 0.18307258934177126 -0.4504940898803414 -0.5592017242490941 -0.4816502578777257 0.1984215609180202 -0.8536053361045169 -1.5812528003598811 -0.0668840321473972 0.9628672383260711 0.26155914067460606 -0.9966640375569685 0.0 0.0 0.0 1.0" />
			</transform>
			<transform time="0.0015">
				<matrix value="0.8738084453490632 0.18304866444971915 -0.4505027364142954 -0.5592801335406494 -0.4816566246960818 0.1984839176224833 -0.8535871834894343 -1.58129989409178 -0.0668304758755965 0.9628588731367344 0.2616033775678078 -0.9966353035280139 0.0 0.0 0.0 1.0" />
			</transform>
		</animation>
	</shape>
	<shape type="ply" name="temp32">
		<string name="filename" value="meshes/Cube_028.ply" />
		<boolean name="face_normals" value="true" />
		<ref id="mat-Material" name="bsdf" />
		<animation name="to_world">
			<transform time="0">
				<matrix value="-0.1082738503653194 0.9824714291971808 0.15174514124857394 -1.470037326661326 -0.8174271799045082 -0.0011156786386969336 -0.5760308845771431 -2.1114408378492464 -0.5657645821919872 -0.1864096632827378 0.8032197989599551 -1.2686970710337182 0.0 0.0 0.0 1.0" />
			</transform>
			<transform time="0.0015">
				<matrix value="-0.10824118491705698 0.9824955485761304 0.15161046552498242 -1.4702185036816515 -0.8172329520523024 -0.0011050992272957066 -0.5763038205913552 -2.111553140526511 -0.5660485359078926 -0.18628131694867592 0.8030473874133267 -1.2695309579006804 0.0 0.0 0.0 1.0" />
			</transform>
		</animation>
	</shape>
	<shape type="ply" name="temp33">
		<string name="filename" value="meshes/Cube_029.ply" />
		<boolean name="face_normals" value="true" />
		<ref id="mat-Material" name="bsdf" />
		<animation name="to_world">
			<transform time="0">
				<matrix value="0.00575992372705562 0.9804973895703795 0.1964480183215837 -1.591661841813597 -0.9968299389922823 -0.009959939343752803 0.07893873625893041 -1.7710129117687359 0.07935581984550386 -0.19627986141674472 0.9773315789647871 -0.048943447364336645 0.0 0.0 0.0 1.0" />
			</transform>
			<transform time="0.0015">
				<matrix value="0.005727678584546314 0.9804966611831571 0.19645250413659077 -1.591715794215615 -0.9968449066003475 -0.009953898836027198 0.07874362330548865 -1.7713715909695626 0.0791633169383214 -0.1962837826931107 0.9773458934038723 -0.04928837126323346 0.0 0.0 0.0 1.0" />
			</transform>
		</animation>
	</shape>
	<shape type="ply" name="temp34">
		<string name="filename" value="meshes/Cube_030.ply" />
		<boolean name="face_normals" value="true" />
		<ref id="mat-Material" name="bsdf" />
		<animation name="to_world">
			<transform time="0">
				<matrix value="-0.04251129038196225 0.9814471751302176 -0.18696001977977694 -3.2078194107616955 -0.9708974721773206 0.00356289168474557 0.23946797306151021 -1.8765802836998977 0.23569113162237484 0.1916991262933616 0.9527336979342319 0.29970766826225126 0.0 0.0 0.0 1.0" />
			</transform>
			<transform time="0.0015">
				<matrix value="-0.042491518746062995 0.98144459525886 -0.18697800948733403 -3.207800713996464 -0.9709263801165192 0.003563060544447886 0.23934989457931194 -1.8768464989244311 0.23557473387694736 0.19171232297250296 0.9527596241162124 0.2994712401004275 0.0 0.0 0.0 1.0" />
			</transform>
		</animation>
	</shape>
	<shape type="ply" name="temp35">
		<string name="filename" value="meshes/Cube_031.ply" />
		<boolean name="face_normals" value="true" />
		<ref id="mat-Material" name="bsdf" />
		<animation name="to_world">
			<transform time="0">
				<matrix value="0.12748910956390386 0.9805119904551931 0.14947413858723532 -1.9316612786224243 -0.764010410849126 0.0009808603258500324 0.6452034678249408 -1.126909698251035 0.6324834626711132 -0.196456114954852 0.7492464898839347 0.6279519673334595 0.0 0.0 0.0 1.0" />
			</transform>
			<transform time="0.0015">
				<matrix value="0.1273568552684182 0.9805171192023359 0.1495511335891928 -1.931904824425294 -0.7644898211014814 0.0009773383108099523 0.6446236053864653 -1.1287131977047777 0.6319185711006289 -0.196430498252066 0.749719972721598 0.6271007076264279 0.0 0.0 0.0 1.0" />
			</transform>
		</animation>
	</shape>
	<shape type="ply" name="temp36">
		<string name="filename" value="meshes/Cube_032.ply" />
		<boolean name="face_normals" value="true" />
		<ref id="mat-Material" name="bsdf" />
		<animation name="to_world">
			<transform time="0">
				<matrix value="0.7361571343215839 0.6064431618841817 0.3004986523102206 -0.627391807685842 -0.37605340701774914 -0.0026482938866095283 0.926594285568396 -0.0470024966715866 0.5627226178888599 -0.7951224701359759 0.22610539638532628 -0.1261509201104687 0.0 0.0 0.0 1.0" />
			</transform>
			<transform time="0.0015">
				<matrix value="0.7355712434203813 0.6064980312185481 0.30173642577269555 -0.6277746959203123 -0.3776725766888581 -0.0025920650212472468 0.9258905462123665 -0.05267691301914962 0.5623300612513219 -0.7950806667167317 0.22715246526501712 -0.12616352690153645 0.0 0.0 0.0 1.0" />
			</transform>
		</animation>
	</shape>
	<shape type="ply" name="temp37">
		<string name="filename" value="meshes/Cube_033.ply" />
		<boolean name="face_normals" value="true" />
		<ref id="mat-Material" name="bsdf" />
		<animation name="to_world">
			<transform time="0">
				<matrix value="0.9772156297482213 0.16592007475653026 0.1323654993307648 -0.13740667411760388 -0.15010753031326515 0.09934909255500883 0.9836653190556858 0.30040894681559704 0.15005948296801397 -0.9811218902722649 0.12199131388997499 -0.3805896351620479 0.0 0.0 0.0 1.0" />
			</transform>
			<transform time="0.0015">
				<matrix value="0.9772138266142008 0.1659305072139321 0.13236564060287467 -0.1374170869771053 -0.1501078382821731 0.09934165774893848 0.9836660254162352 0.30040853618119234 0.15007083154248724 -0.981120876537471 0.12198548854303451 -0.3805711523247676 0.0 0.0 0.0 1.0" />
			</transform>
		</animation>
	</shape>
	<shape type="ply" name="temp38">
		<string name="filename" value="meshes/Cube_034.ply" />
		<boolean name="face_normals" value="true" />
		<ref id="mat-Material" name="bsdf" />
		<animation name="to_world">
			<transform time="0">
				<matrix value="0.9999250922384922 0.0023045848864155457 0.01204401113705681 -0.035104537220948195 -0.012262223262361554 0.18119781487329562 0.9833702976831838 0.36941251953366583 8.391309281293272e-05 -0.9834438481257679 0.18121248110610322 -0.3565503600734893 0.0 0.0 0.0 1.0" />
			</transform>
			<transform time="0.0015">
				<matrix value="0.9999250922384922 0.0023076734735126086 0.012043500514972912 -0.03509343565057239 -0.012262282303033025 0.1812038710000462 0.9833691828249673 0.36941205422796985 8.696723483431997e-05 -0.9834427292629213 0.18121857367860095 -0.35656771772872164 0.0 0.0 0.0 1.0" />
			</transform>
		</animation>
	</shape>
	<shape type="ply" name="temp39">
		<string name="filename" value="meshes/Cube_035.ply" />
		<boolean name="face_normals" value="true" />
		<ref id="mat-Material" name="bsdf" />
		<animation name="to_world">
			<transform time="0">
				<matrix value="0.9989286860380797 -0.046174484745204136 0.003123207827900417 0.009458451602980755 0.006555448586681134 0.20797771487809305 0.978111683555537 0.09145592968206943 -0.045813365317617774 -0.9770430288075458 0.2080575821201919 -0.14592310899868827 0.0 0.0 0.0 1.0" />
			</transform>
			<transform time="0.0015">
				<matrix value="0.9989285424256356 -0.046177700912702305 0.003123811212996224 0.009451427765536676 0.006555264443613894 0.20797209428184654 0.9781128835174342 0.09145551013251639 -0.04581667478660788 -0.9770440725789262 0.2080519491075697 -0.14595088792307512 0.0 0.0 0.0 1.0" />
			</transform>
		</animation>
	</shape>
	<shape type="ply" name="temp40">
		<string name="filename" value="meshes/Cube_036.ply" />
		<boolean name="face_normals" value="true" />
		<ref id="mat-Material" name="bsdf" />
		<animation name="to_world">
			<transform time="0">
				<matrix value="0.9993958622548211 -0.034601385415384746 0.003340266020393352 0.003896799695551678 0.004016310389396253 0.21037789175738336 0.9776119438267961 -0.24627009755809512 -0.034529450717784786 -0.9770075695158555 0.21038976389307176 0.21513161583779997 0.0 0.0 0.0 1.0" />
			</transform>
			<transform time="0.0015">
				<matrix value="0.9993955750299328 -0.03460959065989852 0.003340677922207697 0.0038894622456031635 0.004017411098995755 0.2103715615467811 0.9776133054856865 -0.24626781646433102 -0.03453758508618923 -0.9770086433238225 0.21038344664685713 0.2151115595837775 0.0 0.0 0.0 1.0" />
			</transform>
		</animation>
	</shape>
	<shape type="ply" name="temp41">
		<string name="filename" value="meshes/Cube_037.ply" />
		<boolean name="face_normals" value="true" />
		<ref id="mat-Material" name="bsdf" />
		<animation name="to_world">
			<transform time="0">
				<matrix value="0.9988537782765718 -0.04774718776529287 0.003374708820051619 -0.0051567471022706535 0.006752039352726022 0.21034597839486216 0.9776039063855579 -0.5696765661141714 -0.04738771370874089 -0.9764602449194135 0.21042720891342778 0.5112237833704834 0.0 0.0 0.0 1.0" />
			</transform>
			<transform time="0.0015">
				<matrix value="0.9988537623196336 -0.0477477036436658 0.003375096041798576 -0.005166962179406187 0.006751478785485799 0.2103400011141511 0.9776051914511358 -0.5696791403480366 -0.047388340816413556 -0.976461506456046 0.210421213359126 0.5112354866164361 0.0 0.0 0.0 1.0" />
			</transform>
		</animation>
	</shape>
	<shape type="ply" name="temp42">
		<string name="filename" value="meshes/Cube_038.ply" />
		<boolean name="face_normals" value="true" />
		<ref id="mat-Material" name="bsdf" />
		<animation name="to_world">
			<transform time="0">
				<matrix value="0.9991631606288353 -0.040756242399718 0.0034470457911938953 0.0067170663917845985 0.005207357094607174 0.21034493547451832 0.9776135985941097 -0.9047364793984826 -0.04056892666485824 -0.976777292703938 0.21038106454490826 0.8603347017356485 0.0 0.0 0.0 1.0" />
			</transform>
			<transform time="0.0015">
				<matrix value="0.9991630648872059 -0.04075867085773553 0.0034489223273522236 0.006718415759893328 0.005205804963224981 0.21033946130663095 0.9776147815352707 -0.904741838884476 -0.04057172471397789 -0.9767783665119049 0.21037552259322434 0.8603500506290651 0.0 0.0 0.0 1.0" />
			</transform>
		</animation>
	</shape>
	<shape type="ply" name="temp43">
		<string name="filename" value="meshes/Cube_039.ply" />
		<boolean name="face_normals" value="true" />
		<ref id="mat-Material" name="bsdf" />
		<animation name="to_world">
			<transform time="0">
				<matrix value="0.9999607254597572 -0.006516371857501057 -0.00605666110997941 0.0212433608383229 0.008281162322659012 0.4330097692334529 0.9013511708331498 -1.3192676178216376 -0.0032509642209480227 -0.9013656460139468 0.43304653513856955 1.4731431470561078 0.0 0.0 0.0 1.0" />
			</transform>
			<transform time="0.0015">
