<scene version="2.1.0">
	<default name="spp" value="1024" />
	<default name="resx" value="640" />
	<default name="resy" value="360" />
	<integrator type="path" name="temp0">
		<integer name="max_depth" value="12" />
	</integrator>
	<sensor type="perspective" name="temp44">
		<string name="fov_axis" value="x" />
		<float name="fov" value="83.974423" />
		<float name="principal_point_offset_x" value="0.000000" />
		<float name="principal_point_offset_y" value="-0.000000" />
		<float name="near_clip" value="0.100000" />
		<float name="far_clip" value="1000.000000" />
		<transform name="to_world">
			<rotate x="1" angle="-142.5518126578256" />
			<rotate y="1" angle="3.976628485794621e-06" />
			<rotate z="1" angle="-179.999991348578" />
			<translate value="-0.000000 3.030926 4.073377" />
		</transform>
		<sampler type="correlated" name="sampler">
			<integer name="sample_count" value="1024" />
		</sampler>
		<film type="hdrfilm" name="film">
			<integer name="width" value="$resx" />
			<integer name="height" value="$resy" />
		</film>
		<float name="shutter_open" value="0.0" />
		<float name="shutter_close" value="0.0015" />
	</sensor>
	<bsdf type="twosided" id="mat-Material" name="mat-Material">
		<bsdf type="diffuse" name="bsdf">
			<texture type="bitmap" name="reflectance">
				<string name="filename" value="textures/siggraph_2023_logo.jpg" />
			</texture>
		</bsdf>
	</bsdf>
	<bsdf type="twosided" id="mat-Material.001" name="mat-Material.001">
		<bsdf type="principled" name="bsdf">
			<rgb value="0.433648 0.266232 0.084399" name="base_color" />
			<float name="spec_tint" value="0.000000" />
			<float name="spec_trans" value="0.000000" />
			<float name="metallic" value="0.000000" />
			<float name="anisotropic" value="0.000000" />
			<float name="roughness" value="0.500000" />
			<float name="sheen" value="0.000000" />
			<float name="sheen_tint" value="0.500000" />
			<float name="clearcoat" value="0.000000" />
			<float name="clearcoat_gloss" value="0.173205" />
			<float name="specular" value="0.500000" />
		</bsdf>
	</bsdf>
	<bsdf type="twosided" id="mat-Material.002" name="mat-Material.002">
		<bsdf type="principled" name="bsdf">
			<rgb value="0.433648 0.266232 0.084399" name="base_color" />
			<float name="spec_tint" value="0.000000" />
			<float name="spec_trans" value="0.000000" />
			<float name="metallic" value="0.000000" />
			<float name="anisotropic" value="0.000000" />
			<float name="roughness" value="0.500000" />
			<float name="sheen" value="0.000000" />
			<float name="sheen_tint" value="0.500000" />
			<float name="clearcoat" value="0.000000" />
			<float name="clearcoat_gloss" value="0.173205" />
			<float name="specular" value="0.500000" />
		</bsdf>
	</bsdf>
	<bsdf type="twosided" id="mat-Material.003" name="mat-Material.003">
		<bsdf type="principled" name="bsdf">
			<rgb value="0.433648 0.266232 0.084399" name="base_color" />
			<float name="spec_tint" value="0.000000" />
			<float name="spec_trans" value="0.000000" />
			<float name="metallic" value="0.000000" />
			<float name="anisotropic" value="0.000000" />
			<float name="roughness" value="0.500000" />
			<float name="sheen" value="0.000000" />
			<float name="sheen_tint" value="0.500000" />
			<float name="clearcoat" value="0.000000" />
			<float name="clearcoat_gloss" value="0.173205" />
			<float name="specular" value="0.500000" />
		</bsdf>
	</bsdf>
	<bsdf type="twosided" id="mat-Material.004" name="mat-Material.004">
		<bsdf type="principled" name="bsdf">
			<rgb value="0.433648 0.266232 0.084399" name="base_color" />
			<float name="spec_tint" value="0.000000" />
			<float name="spec_trans" value="0.000000" />
			<float name="metallic" value="0.000000" />
			<float name="anisotropic" value="0.000000" />
			<float name="roughness" value="0.500000" />
			<float name="sheen" value="0.000000" />
			<float name="sheen_tint" value="0.500000" />
			<float name="clearcoat" value="0.000000" />
			<float name="clearcoat_gloss" value="0.173205" />
			<float name="specular" value="0.500000" />
		</bsdf>
	</bsdf>
	<bsdf type="twosided" id="mat-Material.005" name="mat-Material.005">
		<bsdf type="principled" name="bsdf">
			<rgb value="0.433648 0.266232 0.084399" name="base_color" />
			<float name="spec_tint" value="0.000000" />
			<float name="spec_trans" value="0.000000" />
			<float name="metallic" value="0.000000" />
			<float name="anisotropic" value="0.000000" />
			<float name="roughness" value="0.500000" />
			<float name="sheen" value="0.000000" />
			<float name="sheen_tint" value="0.500000" />
			<float name="clearcoat" value="0.000000" />
			<float name="clearcoat_gloss" value="0.173205" />
			<float name="specular" value="0.500000" />
		</bsdf>
	</bsdf>
	<emitter type="point" name="temp45">
		<point name="position" x="-6.815235034541981e-16" y="3.0693089962005615" z="4.109199523925781" />
		<rgb value="7.957747 7.957747 7.957747" name="intensity" />
	</emitter>
	<shape type="ply" name="temp2">
		<string name="filename" value="meshes/Cube.ply" />
		<boolean name="face_normals" value="true" />
		<ref id="mat-Material" name="bsdf" />
		<animation name="to_world">
			<transform time="0">
				<matrix value="1.0 0.00021685859877394287 0.0006864518526538449 -0.0014822447737770084 -0.0002168663911479415 1.0 1.1570960441132598e-05 -0.017278020817370898 -0.000686447634599053 -1.171981736378939e-05 0.9999997636046695 0.0016145613534814807 0.0 0.0 0.0 1.0" />
				<scale value="1" />
			</transform>
			<transform time="0.0015">
				<matrix value="1.0 0.0002163448980535372 0.0006870251110467021 -0.0014821051079566827 -0.0002163571414210853 1.0 1.7876568727438675e-05 -0.017287799091069114 -0.0006870196908348051 -1.802519146361746e-05 0.9999997636046695 0.0016135816102594502 0.0 0.0 0.0 1.0" />
				<scale value="1" />
			</transform>
		</animation>
	</shape>
	<shape type="ply" name="temp4">
		<string name="filename" value="meshes/Plane.ply" />
		<boolean name="face_normals" value="true" />
		<ref id="mat-Material.001" name="bsdf" />
		<transform name="to_world">
			<scale value="1" />
		</transform>
	</shape>
	<shape type="ply" name="temp5">
		<string name="filename" value="meshes/Cube_001.ply" />
		<boolean name="face_normals" value="true" />
		<ref id="mat-Material" name="bsdf" />
		<animation name="to_world">
			<transform time="0">
				<matrix value="1.0 0.0002276340517663942 -0.000311956733981025 0.0009128427150399965 -0.00022885296271277794 0.9999922823894557 -0.003913926568991268 -0.013191545233977808 0.0003110622363823008 0.0039140049601291554 0.999992435349423 -0.0007152206528528993 0.0 0.0 0.0 1.0" />
				<scale value="1" />
			</transform>
			<transform time="0.0015">
				<matrix value="1.0 0.00022254873752768282 -0.00031300359435669826 0.0009144673196128361 -0.00022373999269245927 0.9999925301912943 -0.0038206045961084742 -0.013299934530362444 0.00031213714361267664 0.0038206812108204456 0.9999926736397289 -0.0007119114014649098 0.0 0.0 0.0 1.0" />
				<scale value="1" />
			</transform>
		</animation>
	</shape>
	<shape type="ply" name="temp6">
		<string name="filename" value="meshes/Cube_002.ply" />
		<boolean name="face_normals" value="true" />
		<ref id="mat-Material" name="bsdf" />
		<animation name="to_world">
			<transform time="0">
				<matrix value="1.0 8.691197543714007e-05 -6.498720392075839e-05 -0.0006733836696581896 -8.666251792910622e-05 0.9999926995575932 0.0038279259477443394 -0.01990691708317971 6.531912479367124e-05 -0.0038279118857459907 0.9999926717447536 0.00020534552639550618 0.0 0.0 0.0 1.0" />
				<scale value="1" />
			</transform>
			<transform time="0.0015">
				<matrix value="1.0 8.553201205328289e-05 -6.572441455438731e-05 -0.0006721183239741362 -8.528565755649498e-05 0.9999928947954053 0.00375885205596701 -0.019867890270834264 6.604771859351627e-05 -0.003758838399812513 0.9999928759935872 0.00019555920260195658 0.0 0.0 0.0 1.0" />
				<scale value="1" />
			</transform>
		</animation>
	</shape>
	<shape type="ply" name="temp7">
		<string name="filename" value="meshes/Cube_003.ply" />
		<boolean name="face_normals" value="true" />
		<ref id="mat-Material" name="bsdf" />
		<animation name="to_world">
			<transform time="0">
				<matrix value="1.0 0.0005065109517065306 0.0005581199195688527 -0.0008162957727688713 -0.0005088054295273099 0.9999912394691118 0.0041201342158128625 -0.017659966790167292 -0.0005560283461607335 -0.004120421840420672 0.9999914897681008 0.0014801055223941928 0.0 0.0 0.0 1.0" />
				<scale value="1" />
			</transform>
			<transform time="0.0015">
				<matrix value="1.0 0.0004906090346522456 0.0005581503015828447 -0.0008159132472414175 -0.0004928351672481177 0.9999915473441233 0.003997297265236548 -0.01766520447365665 -0.0005561323853980306 -0.003997575881167876 0.999991779120615 0.0014734773594862298 0.0 0.0 0.0 1.0" />
				<scale value="1" />
			</transform>
		</animation>
	</shape>
	<shape type="ply" name="temp8">
		<string name="filename" value="meshes/Cube_004.ply" />
		<boolean name="face_normals" value="true" />
		<ref id="mat-Material" name="bsdf" />
		<animation name="to_world">
			<transform time="0">
				<matrix value="1.0 -0.0003382962436095056 0.00029990293607728427 -0.0005745299445552021 0.00033885212941933636 0.9999981227433812 -0.0018562494178764985 -0.018675527523485003 -0.0002992746801128315 0.0018563502376815464 0.9999983452326863 0.001001828887602984 0.0 0.0 0.0 1.0" />
				<scale value="1" />
			</transform>
			<transform time="0.0015">
				<matrix value="1.0 -0.0003131754448663933 0.0003002823282856211 -0.0005751565060041607 0.0003137079680373908 0.9999981828165542 -0.00177856056561067 -0.01861138373240042 -0.0002996728057218138 0.0017786536983162514 0.9999984048052627 0.001004755365923258 0.0 0.0 0.0 1.0" />
				<scale value="1" />
			</transform>
		</animation>
	</shape>
	<shape type="ply" name="temp9">
		<string name="filename" value="meshes/Cube_005.ply" />
		<boolean name="face_normals" value="true" />
		<ref id="mat-Material" name="bsdf" />
		<animation name="to_world">
			<transform time="0">
				<matrix value="1.0 -0.00011052264910110695 0.0005111788987854481 -0.0003926005241514652 0.00011092687052215587 0.9999995828318625 -0.0007906785538846609 -0.018305125755047724 -0.0005110925540798579 0.0007907359471698271 0.9999995272093389 0.0011157027405142017 0.0 0.0 0.0 1.0" />
				<scale value="1" />
			</transform>
			<transform time="0.0015">
				<matrix value="1.0 -0.00012480323627166634 0.0005113814455453946 -0.0003943008505247566 0.0001252609402685292 0.9999993500483173 -0.0008939405515636714 -0.018373993578948512 -0.0005112313794425091 0.0008940051857219419 0.9999992974294012 0.001116802458211284 0.0 0.0 0.0 1.0" />
				<scale value="1" />
			</transform>
		</animation>
	</shape>
	<shape type="ply" name="temp10">
		<string name="filename" value="meshes/Cube_006.ply" />
		<boolean name="face_normals" value="true" />
		<ref id="mat-Material" name="bsdf" />
		<animation name="to_world">
			<transform time="0">
				<matrix value="1.0 -0.0002319726003967269 -0.00037364409548291077 -0.0006751936596569585 0.0002326448911133687 0.99999833132745 0.0017989519176625608 -0.01716545423528376 0.00037322592712760205 -0.0017990396789474014 0.9999983452326863 -0.000900932038179314 0.0 0.0 0.0 1.0" />
				<scale value="1" />
			</transform>
			<transform time="0.0015">
				<matrix value="1.0 -0.00022261614363263936 -0.0003753854018926864 -0.0006773232778831039 0.00022327619768710232 0.9999983763823297 0.0017625386909266097 -0.017167272595093618 0.0003749830413383716 -0.0017626228709409322 0.9999983877845265 -0.000908832217071417 0.0 0.0 0.0 1.0" />
				<scale value="1" />
			</transform>
		</animation>
	</shape>
	<shape type="ply" name="temp11">
		<string name="filename" value="meshes/Cube_007.ply" />
		<boolean name="face_normals" value="true" />
		<ref id="mat-Material" name="bsdf" />
		<animation name="to_world">
			<transform time="0">
				<matrix value="0.9999991135176153 -0.0014690075361424046 -2.875654637769071e-05 0.0004729521705435502 0.0014691052024105229 0.9999918652213181 0.0037691344290414503 -0.01741474914827118 2.3219455806193674e-05 -0.0037691704403001107 0.9999929081400841 -3.6589185872237806e-06 0.0 0.0 0.0 1.0" />
				<scale value="1" />
			</transform>
			<transform time="0.0015">
				<matrix value="0.9999991454314917 -0.0014327002865851491 -2.8604270361904016e-05 0.0004712936266764006 0.0014327955085938035 0.9999921280414499 0.003677078373408322 -0.01742242493884394 2.3246421436118293e-05 -0.0036771134840265186 0.9999931379200219 -7.975163652060557e-06 0.0 0.0 0.0 1.0" />
				<scale value="1" />
			</transform>
		</animation>
	</shape>
	<shape type="ply" name="temp12">
		<string name="filename" value="meshes/Cube_008.ply" />
		<boolean name="face_normals" value="true" />
		<ref id="mat-Material" name="bsdf" />
		<animation name="to_world">
			<transform time="0">
				<matrix value="1.0 0.0006531392945269627 0.00011868298487873629 0.00013420240666750516 -0.0006530183838716941 0.9999991656637249 -0.001023128446348425 -0.017531504086713834 -0.00011935111262404105 0.0010230506254393303 0.9999995272093389 0.00030844003876451254 0.0 0.0 0.0 1.0" />
				<scale value="1" />
			</transform>
			<transform time="0.0015">
				<matrix value="0.9999999680861236 0.0006847897468066333 0.00011867054272062529 0.00013445183322267638 -0.0006846640242114816 0.9999990680448189 -0.0010624625165079578 -0.01750998654308608 -0.00011943131219561401 0.0010623809072436389 0.9999994676367625 0.00030846090930203843 0.0 0.0 0.0 1.0" />
				<scale value="1" />
			</transform>
		</animation>
	</shape>
	<shape type="ply" name="temp13">
		<string name="filename" value="meshes/Cube_009.ply" />
		<boolean name="face_normals" value="true" />
		<ref id="mat-Material" name="bsdf" />
		<animation name="to_world">
			<transform time="0">
				<matrix value="0.9999982270352306 -0.002044430492487845 0.0003765021150290223 0.0009389256984086991 0.0020440510826609365 0.9999972884071061 0.0010080937033266968 -0.020467296114489997 -0.00037856255108354743 -0.0010073213008136865 0.9999995272093389 0.00061790271875517 0.0 0.0 0.0 1.0" />
				<scale value="1" />
			</transform>
			<transform time="0.0015">
				<matrix value="0.9999982749060453 -0.002000002476316312 0.0003767720639040435 0.00093496244694892 0.0019996299984308304 0.9999973634985724 0.0009893846803800054 -0.020403920895224012 -0.0003787725443907301 -0.000988628932310669 0.9999995442300751 0.0006174315284950457 0.0 0.0 0.0 1.0" />
				<scale value="1" />
			</transform>
		</animation>
	</shape>
	<shape type="ply" name="temp14">
		<string name="filename" value="meshes/Cube_010.ply" />
		<boolean name="face_normals" value="true" />
		<ref id="mat-Material" name="bsdf" />
		<animation name="to_world">
			<transform time="0">
				<matrix value="0.9999977837940383 -0.0005096584853042094 0.002062539803063778 0.0037842223034623146 0.0005091112659500343 0.9999997914159312 0.0002654317689793537 -0.018225593940607465 -0.002062676077563663 -0.00026438239300158735 0.9999978724420252 0.0034593821215593845 0.0 0.0 0.0 1.0" />
				<scale value="1" />
			</transform>
			<transform time="0.0015">
				<matrix value="0.9999977837940383 -0.0005089159057947676 0.002064974619367169 0.0037903791151775294 0.00050836783219763 0.9999997914159312 0.0002655681901794354 -0.018224093929997597 -0.002065110787199676 -0.0002645190594701063 0.9999978724420252 0.003463571172414937 0.0 0.0 0.0 1.0" />
				<scale value="1" />
			</transform>
		</animation>
	</shape>
	<shape type="ply" name="temp15">
		<string name="filename" value="meshes/Cube_011.ply" />
		<boolean name="face_normals" value="true" />
		<ref id="mat-Material" name="bsdf" />
		<animation name="to_world">
			<transform time="0">
				<matrix value="0.9999991135176153 -0.0013966768386164201 -0.0004149258120534197 -0.0007235616093714814 0.001396542186810206 0.9999989570796561 -0.0003300055174670146 -0.02029246601590523 0.0004153861428619552 0.00032942724900557547 1.0 -0.0006650079443450974 0.0 0.0 0.0 1.0" />
				<scale value="1" />
			</transform>
			<transform time="0.0015">
				<matrix value="0.9999991294745535 -0.001375474387672093 -0.00041526043972573475 -0.0007264028208368392 0.0013753421178089328 0.9999989796070959 -0.00032386894636639914 -0.020252720397550154 0.0004157088559808353 0.00032329916210291766 1.0 -0.000664505652528348 0.0 0.0 0.0 1.0" />
				<scale value="1" />
			</transform>
		</animation>
	</shape>
	<shape type="ply" name="temp16">
		<string name="filename" value="meshes/Cube_012.ply" />
		<boolean name="face_normals" value="true" />
		<ref id="mat-Material" name="bsdf" />
		<animation name="to_world">
			<transform time="0">
				<matrix value="0.9999995567588077 -0.0010074527087770091 -0.00014551905559119873 -0.0005344173485979375 0.0010072833392727654 0.9999987484955875 -0.0011666393236067687 -0.020497552001644048 0.00014669421853918342 0.0011664918036890179 0.9999992908140084 -0.0001207678427339598 0.0 0.0 0.0 1.0" />
				<scale value="1" />
			</transform>
			<transform time="0.0015">
				<matrix value="0.9999995567588077 -0.0009379662197793261 -0.00014559099373245203 -0.0005381116800498846 0.0009378069897636252 0.9999987635138807 -0.0010974744559948246 -0.02032116159599086 0.00014674891892345562 0.0010973371438805575 0.9999993078347446 -0.00011867270894914135 0.0 0.0 0.0 1.0" />
				<scale value="1" />
			</transform>
		</animation>
	</shape>
	<shape type="ply" name="temp17">
		<string name="filename" value="meshes/Cube_013.ply" />
		<boolean name="face_normals" value="true" />
		<ref id="mat-Material" name="bsdf" />
		<animation name="to_world">
			<transform time="0">
				<matrix value="0.9999995567588077 0.0010578090746584958 0.00017846949152782775 -0.00031742453927674497 -0.0010582250495100413 0.9999966626548998 0.002337245360859836 -0.014009514278671031 -0.00017599645052453162 -0.0023374327055648144 0.9999973996513641 0.0002177573470034666 0.0 0.0 0.0 1.0" />
				<scale value="1" />
			</transform>
			<transform time="0.0015">
				<matrix value="0.9999995088879929 0.0010858763874445842 0.00017877575414338218 -0.0003169168948205492 -0.0010863033567378411 0.9999964448896479 0.002395217817911121 -0.013915227055797215 -0.00017613055263346501 -0.0023954108266326726 0.9999972124232668 0.00021733597706443766 0.0 0.0 0.0 1.0" />
				<scale value="1" />
			</transform>
		</animation>
	</shape>
	<shape type="ply" name="temp18">
		<string name="filename" value="meshes/Cube_014.ply" />
		<boolean name="face_normals" value="true" />
		<ref id="mat-Material" name="bsdf" />
		<animation name="to_world">
			<transform time="0">
				<matrix value="1.0 0.0006513684157831393 -3.756392720725866e-05 -0.00019034571387099852 -0.000651245419102277 0.9999947853982809 0.0031315525830681373 -0.014534799525476594 3.9603467564496025e-05 -0.003131520598719711 0.9999952720933893 0.00011103429915981788 0.0 0.0 0.0 1.0" />
				<scale value="1" />
			</transform>
			<transform time="0.0015">
				<matrix value="0.9999999840430618 0.0006638611577436319 -3.75206604960163e-05 -0.00019030715522532632 -0.0006637363507838518 0.9999945826513221 0.003181774818130006 -0.014480621865242335 3.964945865187915e-05 -0.0031817422218759213 0.9999950763549239 0.0001099700723990327 0.0 0.0 0.0 1.0" />
				<scale value="1" />
			</transform>
		</animation>
	</shape>
	<shape type="ply" name="temp19">
		<string name="filename" value="meshes/Cube_015.ply" />
		<boolean name="face_normals" value="true" />
		<ref id="mat-Material" name="bsdf" />
		<animation name="to_world">
			<transform time="0">
				<matrix value="1.0 -0.0002255294385125453 -5.4190319989447314e-05 0.0004073308179470825 0.0002255233348758127 1.0 -0.00012054908961794258 -0.018058286701913617 5.421726264877391e-05 0.00012053677024256243 1.0 -0.00015594993987322336 0.0 0.0 0.0 1.0" />
				<scale value="1" />
			</transform>
			<transform time="0.0015">
				<matrix value="1.0 -0.00022548783784025984 -5.425319458871139e-05 0.0004069486613238589 0.0002254817032239556 1.0 -0.00012097293998905086 -0.01805844125299143 5.428022872705225e-05 0.00012096060900534356 1.0 -0.00015626949929523206 0.0 0.0 0.0 1.0" />
				<scale value="1" />
			</transform>
		</animation>
	</shape>
	<shape type="ply" name="temp20">
		<string name="filename" value="meshes/Cube_016.ply" />
		<boolean name="face_normals" value="true" />
		<ref id="mat-Material" name="bsdf" />
		<animation name="to_world">
			<transform time="0">
				<matrix value="1.0 -0.0006756997474046927 0.00035038515891203304 0.000621343137204855 0.0006766076801287881 0.999996454070831 -0.0026000886009698828 -0.01861638101810731 -0.00034862648419313263 0.0026003320658374756 0.9999966904653725 0.0003052656706477308 0.0 0.0 0.0 1.0" />
				<scale value="1" />
			</transform>
			<transform time="0.0015">
				<matrix value="0.9999999680861236 -0.0006967162718786612 0.0003505964713510865 0.000621422181749737 0.0006976512115659685 0.9999961537049662 -0.002675356849246989 -0.018640148416384467 -0.0003486882535010433 0.002675607881606262 0.9999964096232264 0.00030426127074047323 0.0 0.0 0.0 1.0" />
				<scale value="1" />
			</transform>
		</animation>
	</shape>
	<shape type="ply" name="temp21">
		<string name="filename" value="meshes/Cube_017.ply" />
		<boolean name="face_normals" value="true" />
		<ref id="mat-Material" name="bsdf" />
		<animation name="to_world">
			<transform time="0">
				<matrix value="1.0 0.0006724604368167568 0.0001796093898116449 0.0004150180376157886 -0.0006727692114030002 0.99999833132745 0.0017139134254108906 -0.017643561973844923 -0.0001784564391420978 -0.0017140333275625075 0.9999985816280168 7.630866553642868e-05 0.0 0.0 0.0 1.0" />
				<scale value="1" />
			</transform>
			<transform time="0.0015">
				<matrix value="1.0 0.0006355026698876442 0.00017978914580591343 0.0004165168020480155 -0.0006357995226639113 0.999998391400623 0.0016478115839417902 -0.01765637401535417 -0.0001786761342677278 -0.0016479248206635493 0.9999986326902252 7.451343627164295e-05 0.0 0.0 0.0 1.0" />
				<scale value="1" />
			</transform>
		</animation>
	</shape>
	<shape type="ply" name="temp22">
		<string name="filename" value="meshes/Cube_018.ply" />
		<boolean name="face_normals" value="true" />
		<ref id="mat-Material" name="bsdf" />
		<animation name="to_world">
			<transform time="0">
				<matrix value="0.9999982270352306 -0.0019437281899283097 -0.00018962238682691747 0.0007543149037483876 0.001943541709882683 0.9999977055752436 -0.0009907233744393294 -0.017783919463858877 0.00019154756775828106 0.0009903529868195728 0.9999995272093389 -0.00023485531952849303 0.0 0.0 0.0 1.0" />
				<scale value="1" />
			</transform>
			<transform time="0.0015">
				<matrix value="0.9999982270352306 -0.0019427861674845895 -0.000189346506225355 0.000753196344834386 0.0019426000909573905 0.9999977055752436 -0.0009897114065727224 -0.017782898953149776 0.0001912688160042405 0.0009893417300439987 0.9999995272093389 -0.00023381479911078334 0.0 0.0 0.0 1.0" />
				<scale value="1" />
			</transform>
		</animation>
	</shape>
	<shape type="ply" name="temp23">
		<string name="filename" value="meshes/Cube_019.ply" />
		<boolean name="face_normals" value="true" />
		<ref id="mat-Material" name="bsdf" />
		<animation name="to_world">
			<transform time="0">
				<matrix value="0.9999672001517659 0.005446184267338029 -0.00600448867453611 0.003326132274784732 -0.0054121522551225385 0.9999693381418915 0.005669611049306866 -0.01798343857586715 0.006035172075095695 -0.0056369239690210945 0.9999659590724036 -0.0009352757294828207 0.0 0.0 0.0 1.0" />
				<scale value="1" />
			</transform>
			<transform time="0.0015">
				<matrix value="0.9999658597689541 0.005619119763857956 -0.006002719369015401 0.0033204995841547846 -0.005584721595491488 0.999967581001582 0.005732143531774729 -0.017990730988131337 0.006035014101407161 -0.005698426132598621 0.9999655590851046 -0.0009324143777880692 0.0 0.0 0.0 1.0" />
				<scale value="1" />
			</transform>
		</animation>
	</shape>
	<shape type="ply" name="temp24">
		<string name="filename" value="meshes/Cube_020.ply" />
		<boolean name="face_normals" value="true" />
		<ref id="mat-Material" name="bsdf" />
		<animation name="to_world">
			<transform time="0">
				<matrix value="0.9999591938102712 -0.003589734749561633 0.008259180865463457 -0.006608998419772971 0.0035207305769782834 0.9999588659291477 0.008354707404454894 -0.015239993481957093 -0.00828883275152585 -0.008325287052776218 0.999930972556872 -0.000740988236063056 0.0 0.0 0.0 1.0" />
				<scale value="1" />
			</transform>
			<transform time="0.0015">
				<matrix value="0.9999593422690431 -0.0034089116901701542 0.008265322798094351 -0.00661362662473683 0.0033398418683054337 0.9999590328373216 0.008356407775848227 -0.01526777701423109 -0.008293462942483815 -0.008328491686568294 0.9999309129842919 -0.0007402284488857354 0.0 0.0 0.0 1.0" />
				<scale value="1" />
			</transform>
		</animation>
	</shape>
	<shape type="ply" name="temp25">
		<string name="filename" value="meshes/Cube_021.ply" />
		<boolean name="face_normals" value="true" />
		<ref id="mat-Material" name="bsdf" />
		<animation name="to_world">
			<transform time="0">
				<matrix value="0.9994158081084772 0.021188699749490534 0.02682954620133979 -0.016426933803849464 -0.02149714020782693 0.9997054792949024 0.011260384255881871 -0.0187996446567798 -0.026583062512964807 -0.011830558817578631 0.9995766159630202 -0.013324394208644619 0.0 0.0 0.0 1.0" />
				<scale value="1" />
			</transform>
			<transform time="0.0015">
				<matrix value="0.9994148666491213 0.02123041981720727 0.026830684037550078 -0.016428664764012262 -0.021538281343402677 0.9997048184899997 0.011237665828332405 -0.018807189800828707 -0.026584220188833812 -0.011808973475248053 0.9995768372325898 -0.013325808399190847 0.0 0.0 0.0 1.0" />
				<scale value="1" />
			</transform>
		</animation>
	</shape>
	<shape type="ply" name="temp26">
		<string name="filename" value="meshes/Cube_022.ply" />
		<boolean name="face_normals" value="true" />
		<ref id="mat-Material" name="bsdf" />
		<animation name="to_world">
			<transform time="0">
				<matrix value="0.9993222842168903 0.03305150149241901 0.016212086325901223 -0.00780516735797232 -0.033136441163277644 0.9994382831028132 0.0049986265431296185 -0.020934809500367357 -0.016037760603659044 -0.005532435865613456 0.9998560352437071 -0.011790029954296677 0.0 0.0 0.0 1.0" />
				<scale value="1" />
			</transform>
			<transform time="0.0015">
				<matrix value="0.9993188534751696 0.03315061697142574 0.016212585884506636 -0.007807800135923686 -0.03323400970255085 0.9994352719350178 0.004901571837709844 -0.020963916926388368 -0.016041191185810353 -0.00543703929147123 0.9998563841687977 -0.011792413415136803 0.0 0.0 0.0 1.0" />
				<scale value="1" />
			</transform>
		</animation>
	</shape>
	<shape type="ply" name="temp27">
		<string name="filename" value="meshes/Cube_023.ply" />
		<boolean name="face_normals" value="true" />
		<ref id="mat-Material" name="bsdf" />
		<animation name="to_world">
			<transform time="0">
				<matrix value="0.9994490511979037 0.031651088913130995 0.010011413166558004 -0.0027938433183833933 -0.03171813140151092 0.999474993898916 0.00660937704629708 -0.02029391936330649 -0.009796964507018282 -0.006923274436145117 0.9999281358195188 -0.008913312467636963 0.0 0.0 0.0 1.0" />
				<scale value="1" />
			</transform>
			<transform time="0.0015">
				<matrix value="0.9994484448342508 0.03166995864767722 0.010012213992192919 -0.0027935469953541663 -0.03173671580919658 0.9994745808958518 0.0065797635185413685 -0.020307538066564983 -0.009798588763761301 -0.006893885438462104 0.9999283145372482 -0.008913767429401514 0.0 0.0 0.0 1.0" />
				<scale value="1" />
			</transform>
		</animation>
	</shape>
	<shape type="ply" name="temp28">
		<string name="filename" value="meshes/Cube_024.ply" />
		<boolean name="face_normals" value="true" />
		<ref id="mat-Material" name="bsdf" />
		<animation name="to_world">
			<transform time="0">
				<matrix value="0.9995540993604916 0.028731141392882693 0.008181878784984735 -0.0010808543326810138 -0.028843437459554245 0.9994864660226982 0.013952714314824683 -0.016610619680292427 -0.007776795259801392 -0.01418249020176337 0.9998692733822168 -0.007582945989744794 0.0 0.0 0.0 1.0" />
				<scale value="1" />
			</transform>
			<transform time="0.0015">
				<matrix value="0.9995542429729356 0.02872555308596666 0.00818318002026187 -0.001081421404869633 -0.02883798545246723 0.9994864134586718 0.013967841494060187 -0.01660270949421262 -0.007777740867961243 -0.014197605438090104 0.999869043602279 -0.007585515204515599 0.0 0.0 0.0 1.0" />
				<scale value="1" />
			</transform>
		</animation>
	</shape>
	<shape type="ply" name="temp29">
		<string name="filename" value="meshes/Cube_025.ply" />
		<boolean name="face_normals" value="true" />
		<ref id="mat-Material" name="bsdf" />
		<animation name="to_world">
			<transform time="0">
				<matrix value="0.999504456346948 0.031186551333582245 0.004286178295977355 0.0010212622258742865 -0.031216989612199413 0.9994864660226982 0.007227007126373634 -0.02131532717055956 -0.004058586734323002 -0.007357227333690707 0.999964777095751 -0.0049923286449071735 0.0 0.0 0.0 1.0" />
				<scale value="1" />
			</transform>
			<transform time="0.0015">
				<matrix value="0.9995043446483803 0.031190216548048405 0.004286939973919171 0.0010220855939772123 -0.031220613432872756 0.9994864359861118 0.007215429621658035 -0.02132591517956154 -0.004059684092965476 -0.007345694335759962 0.9999648536890636 -0.004991744436136736 0.0 0.0 0.0 1.0" />
				<scale value="1" />
			</transform>
		</animation>
	</shape>
	<shape type="ply" name="temp30">
		<string name="filename" value="meshes/Cube_026.ply" />
		<boolean name="face_normals" value="true" />
		<ref id="mat-Material" name="bsdf" />
		<animation name="to_world">
			<transform time="0">
				<matrix value="0.9995673965962623 0.026953921693368903 0.011789058773079869 0.008054020340004575 -0.027161430215220193 0.999472282306022 0.01781026059748447 -0.008661486012137731 -0.011302778944979585 -0.018122753810309474 0.9997721149013687 -0.014783994063658712 0.0 0.0 0.0 1.0" />
				<scale value="1" />
			</transform>
			<transform time="0.0015">
				<matrix value="0.9995680348737918 0.02693043308273553 0.01178818646035321 0.008053471797694918 -0.027138499137559106 0.9994719594127173 0.017860916861317654 -0.008589259579221097 -0.011300989853064592 -0.0181731069937145 0.9997711787608816 -0.014783843843745662 0.0 0.0 0.0 1.0" />
				<scale value="1" />
			</transform>
		</animation>
	</shape>
	<shape type="ply" name="temp31">
		<string name="filename" value="meshes/Cube_027.ply" />
		<boolean name="face_normals" value="true" />
		<ref id="mat-Material" name="bsdf" />
		<animation name="to_world">
			<transform time="0">
				<matrix value="0.9996950500596602 0.01769972446044516 0.017234354293246518 0.018736281859065063 -0.018192453552755453 0.9994176332800054 0.02886531186926771 0.017780186494505745 -0.016713410882812346 -0.029170043990380104 0.999434778764702 -0.025391619699419943 0.0 0.0 0.0 1.0" />
				<scale value="1" />
			</transform>
			<transform time="0.0015">
				<matrix value="0.9996946192223278 0.017723394341877988 0.017234609604288468 0.018735608569188475 -0.018215624463198226 0.9994180613013629 0.02883541835040266 0.017712343668365178 -0.01671353917659576 -0.029140551066107846 0.9994356298015086 -0.02539148735378299 0.0 0.0 0.0 1.0" />
				<scale value="1" />
			</transform>
		</animation>
	</shape>
	<shape type="ply" name="temp32">
		<string name="filename" value="meshes/Cube_028.ply" />
		<boolean name="face_normals" value="true" />
		<ref id="mat-Material" name="bsdf" />
		<animation name="to_world">
			<transform time="0">
				<matrix value="0.9987336599134439 0.034286757206058116 0.03681883276496016 0.048383086384405694 -0.03481766387070123 0.9992972802723274 0.013875956751001488 -0.027871038360933464 -0.03631721087820264 -0.015140335361465763 0.9992258052925131 -0.06248246143346314 0.0 0.0 0.0 1.0" />
				<scale value="1" />
			</transform>
			<transform time="0.0015">
				<matrix value="0.9987123095300845 0.03478962147697369 0.03683408759971664 0.04861438381573343 -0.03531652866258423 0.9992779367106294 0.013752567477537758 -0.028823691805686877 -0.03633071028838072 -0.015035989086013666 0.9992267414330003 -0.06241773433934934 0.0 0.0 0.0 1.0" />
				<scale value="1" />
			</transform>
		</animation>
	</shape>
	<shape type="ply" name="temp33">
		<string name="filename" value="meshes/Cube_029.ply" />
		<boolean name="face_normals" value="true" />
		<ref id="mat-Material" name="bsdf" />
		<animation name="to_world">
			<transform time="0">
				<matrix value="0.9885705826139529 0.11627650321323758 0.09596009835936914 0.22365717715767652 -0.11876031643875204 0.9927097782125598 0.020572138162669302 -0.1889252424262059 -0.09286851515973527 -0.03173325017781792 0.9951725709552404 -0.23743834570944622 0.0 0.0 0.0 1.0" />
				<scale value="1" />
			</transform>
			<transform time="0.0015">
				<matrix value="0.9881351018125607 0.11887691543200647 0.09627492580934419 0.2233246656879301 -0.12131081280999148 0.9923191824418739 0.019850808386471717 -0.19504725511250384 -0.09322262993736956 -0.031324370986754044 0.9951484695928804 -0.23827288544600764 0.0 0.0 0.0 1.0" />
				<scale value="1" />
			</transform>
		</animation>
	</shape>
	<shape type="ply" name="temp34">
		<string name="filename" value="meshes/Cube_030.ply" />
		<boolean name="face_normals" value="true" />
		<ref id="mat-Material" name="bsdf" />
		<animation name="to_world">
			<transform time="0">
				<matrix value="0.8957272591534333 0.438354943132101 -0.07428099530246385 -0.31916410601747924 -0.42866583951101156 0.8958115524116663 0.11733371394577012 -0.7937579803375786 0.11797552561577532 -0.07325725658062757 0.9903107327864176 0.18979404644664766 0.0 0.0 0.0 1.0" />
				<scale value="1" />
			</transform>
			<transform time="0.0015">
				<matrix value="0.8941758599659761 0.44114221898136646 -0.07461636523955845 -0.32352813493456967 -0.43131062128900416 0.8942728764028606 0.11821790200373286 -0.7985305411229955 0.11893041453584122 -0.07346425934998244 0.9901679948711738 0.19181344752214227 0.0 0.0 0.0 1.0" />
				<scale value="1" />
			</transform>
		</animation>
	</shape>
	<shape type="ply" name="temp35">
		<string name="filename" value="meshes/Cube_031.ply" />
		<boolean name="face_normals" value="true" />
		<ref id="mat-Material" name="bsdf" />
		<animation name="to_world">
			<transform time="0">
				<matrix value="0.7933622858480178 0.605000594464596 -0.06745935536884527 -0.5116175369715195 -0.512506493483468 0.7236179741063737 0.4622923444317789 -0.7123503467204451 0.32850196001255255 -0.332191822253 0.884158014203577 0.02782164819233124 0.0 0.0 0.0 1.0" />
				<scale value="1" />
			</transform>
			<transform time="0.0015">
				<matrix value="0.7890320515189782 0.6097426055380464 -0.06736541111784958 -0.5223702139425053 -0.5155794487350353 0.7189384766785509 0.4650416869181153 -0.7167281196330181 0.3323482092350447 -0.33188938386365546 0.882569119975477 0.03542979131496117 0.0 0.0 0.0 1.0" />
				<scale value="1" />
			</transform>
		</animation>
	</shape>
	<shape type="ply" name="temp36">
		<string name="filename" value="meshes/Cube_032.ply" />
		<boolean name="face_normals" value="true" />
		<ref id="mat-Material" name="bsdf" />
		<animation name="to_world">
			<transform time="0">
				<matrix value="0.9118153918163492 0.3814097362871619 0.1520501621435572 -0.10015068559701668 -0.35840159247695585 0.5586223439426145 0.7479902850974965 -0.20461604624796487 0.20035224377556393 -0.7365241133612697 0.6460582733401384 -0.5298322507105446 0.0 0.0 0.0 1.0" />
				<scale value="1" />
			</transform>
			<transform time="0.0015">
				<matrix value="0.9106551468802885 0.38334123898125266 0.15350566145845937 -0.10178033946724911 -0.35966184114063393 0.5542682478745059 0.750168598907409 -0.20585141690112882 0.20276969119579358 -0.7383364909533502 0.6428208697556433 -0.5266293687551453 0.0 0.0 0.0 1.0" />
				<scale value="1" />
			</transform>
		</animation>
	</shape>
	<shape type="ply" name="temp37">
		<string name="filename" value="meshes/Cube_033.ply" />
		<boolean name="face_normals" value="true" />
		<ref id="mat-Material" name="bsdf" />
		<animation name="to_world">
			<transform time="0">
				<matrix value="0.9519854545970318 0.28214708097024965 0.11881600453122569 -0.18359988553591178 -0.15254376120292112 0.10067358053326603 0.9831558871183929 0.2928880744622038 0.2654329491318678 -0.9540741683231718 0.13887956177979208 0.008055171454489862 0.0 0.0 0.0 1.0" />
				<scale value="1" />
			</transform>
			<transform time="0.0015">
				<matrix value="0.9517793707397169 0.28284157941387134 0.11875624898185742 -0.18431225134430135 -0.15242599740304735 0.10013574841927615 0.9832248806722957 0.2932948089991406 0.266205571315693 -0.9539139381525533 0.1384203270003432 0.010026551509735516 0.0 0.0 0.0 1.0" />
				<scale value="1" />
			</transform>
		</animation>
	</shape>
	<shape type="ply" name="temp38">
		<string name="filename" value="meshes/Cube_034.ply" />
		<boolean name="face_normals" value="true" />
		<ref id="mat-Material" name="bsdf" />
		<animation name="to_world">
			<transform time="0">
				<matrix value="0.9994951482819086 0.03104600738804772 0.00679714585733731 -0.028108741219356137 -0.012283379164472622 0.180110382689191 0.9835698153421516 0.36918731142741745 0.029311677455157288 -0.9831562106949395 0.18040074682012822 -0.2315192925476801 0.0 0.0 0.0 1.0" />
				<scale value="1" />
			</transform>
			<transform time="0.0015">
				<matrix value="0.9994975577795822 0.030961148023902707 0.006813511295126268 -0.02806022081893245 -0.012283832820226664 0.1800983507835587 0.9835720110171124 0.3691926585684391 0.0292254155236098 -0.9831609940213377 0.18038812764636147 -0.23181480310850422 0.0 0.0 0.0 1.0" />
				<scale value="1" />
			</transform>
		</animation>
	</shape>
	<shape type="ply" name="temp39">
		<string name="filename" value="meshes/Cube_035.ply" />
		<boolean name="face_normals" value="true" />
		<ref id="mat-Material" name="bsdf" />
		<animation name="to_world">
			<transform time="0">
				<matrix value="0.9999304111328003 -0.010530216531121786 -0.005307311565736104 0.006893572695251482 0.007635153104372663 0.23516310231257156 0.9719259269415503 0.09451516260705047 -0.008986511284034276 -0.9718989285036388 0.23522708844636733 -0.04355603256609053 0.0 0.0 0.0 1.0" />
				<scale value="1" />
			</transform>
			<transform time="0.0015">
				<matrix value="0.9999294856303826 -0.01062057311623431 -0.005281204309623164 0.006951536173482545 0.007630481551134761 0.23511674084132783 0.971937152117028 0.0944917242170823 -0.009080829235419472 -0.9719090132875521 0.23518114011814772 -0.04373859246945638 0.0 0.0 0.0 1.0" />
				<scale value="1" />
			</transform>
		</animation>
	</shape>
	<shape type="ply" name="temp40">
		<string name="filename" value="meshes/Cube_036.ply" />
		<boolean name="face_normals" value="true" />
		<ref id="mat-Material" name="bsdf" />
		<animation name="to_world">
			<transform time="0">
				<matrix value="0.9999357300271087 -0.010135842460624543 -0.0051264691378804135 0.01082979363390102 0.007366686346575607 0.23517144567532222 0.9719259269415503 -0.22367287410940187 -0.008645689833997309 -0.9719010143443265 0.23523101260885412 0.18903499762797582 0.0 0.0 0.0 1.0" />
				<scale value="1" />
			</transform>
			<transform time="0.0015">
				<matrix value="0.9999346130414322 -0.01023703316739171 -0.005115325661936129 0.010885672990960996 0.0073791745655776815 0.23513007027743546 0.9719358244996099 -0.22366260780404668 -0.008746987669305595 -0.9719098000458742 0.23519028539144235 0.1889620950897256 0.0 0.0 0.0 1.0" />
				<scale value="1" />
			</transform>
		</animation>
	</shape>
	<shape type="ply" name="temp41">
		<string name="filename" value="meshes/Cube_037.ply" />
		<boolean name="face_normals" value="true" />
