<scene version="2.1.0">
	<default name="spp" value="1024" />
	<default name="resx" value="640" />
	<default name="resy" value="360" />
	<integrator type="path" name="temp0">
		<integer name="max_depth" value="12" />
	</integrator>
	<sensor type="perspective" name="temp44">
		<string name="fov_axis" value="x" />
		<float name="fov" value="83.974423" />
		<float name="principal_point_offset_x" value="0.000000" />
		<float name="principal_point_offset_y" value="-0.000000" />
		<float name="near_clip" value="0.100000" />
		<float name="far_clip" value="1000.000000" />
		<transform name="to_world">
			<rotate x="1" angle="-142.5518126578256" />
			<rotate y="1" angle="3.976628485794621e-06" />
			<rotate z="1" angle="-179.999991348578" />
			<translate value="-0.000000 3.030926 4.073377" />
		</transform>
		<sampler type="correlated" name="sampler">
			<integer name="sample_count" value="1024" />
		</sampler>
		<film type="hdrfilm" name="film">
			<integer name="width" value="$resx" />
			<integer name="height" value="$resy" />
		</film>
		<float name="shutter_open" value="0.0" />
		<float name="shutter_close" value="0.0015" />
	</sensor>
	<bsdf type="twosided" id="mat-Material" name="mat-Material">
		<bsdf type="diffuse" name="bsdf">
			<texture type="bitmap" name="reflectance">
				<string name="filename" value="textures/siggraph_2023_logo.jpg" />
			</texture>
		</bsdf>
	</bsdf>
	<bsdf type="twosided" id="mat-Material.001" name="mat-Material.001">
		<bsdf type="principled" name="bsdf">
			<rgb value="0.433648 0.266232 0.084399" name="base_color" />
			<float name="spec_tint" value="0.000000" />
			<float name="spec_trans" value="0.000000" />
			<float name="metallic" value="0.000000" />
			<float name="anisotropic" value="0.000000" />
			<float name="roughness" value="0.500000" />
			<float name="sheen" value="0.000000" />
			<float name="sheen_tint" value="0.500000" />
			<float name="clearcoat" value="0.000000" />
			<float name="clearcoat_gloss" value="0.173205" />
			<float name="specular" value="0.500000" />
		</bsdf>
	</bsdf>
	<bsdf type="twosided" id="mat-Material.002" name="mat-Material.002">
		<bsdf type="principled" name="bsdf">
			<rgb value="0.433648 0.266232 0.084399" name="base_color" />
			<float name="spec_tint" value="0.000000" />
			<float name="spec_trans" value="0.000000" />
			<float name="metallic" value="0.000000" />
			<float name="anisotropic" value="0.000000" />
			<float name="roughness" value="0.500000" />
			<float name="sheen" value="0.000000" />
			<float name="sheen_tint" value="0.500000" />
			<float name="clearcoat" value="0.000000" />
			<float name="clearcoat_gloss" value="0.173205" />
			<float name="specular" value="0.500000" />
		</bsdf>
	</bsdf>
	<bsdf type="twosided" id="mat-Material.003" name="mat-Material.003">
		<bsdf type="principled" name="bsdf">
			<rgb value="0.433648 0.266232 0.084399" name="base_color" />
			<float name="spec_tint" value="0.000000" />
			<float name="spec_trans" value="0.000000" />
			<float name="metallic" value="0.000000" />
			<float name="anisotropic" value="0.000000" />
			<float name="roughness" value="0.500000" />
			<float name="sheen" value="0.000000" />
			<float name="sheen_tint" value="0.500000" />
			<float name="clearcoat" value="0.000000" />
			<float name="clearcoat_gloss" value="0.173205" />
			<float name="specular" value="0.500000" />
		</bsdf>
	</bsdf>
	<bsdf type="twosided" id="mat-Material.004" name="mat-Material.004">
		<bsdf type="principled" name="bsdf">
			<rgb value="0.433648 0.266232 0.084399" name="base_color" />
			<float name="spec_tint" value="0.000000" />
			<float name="spec_trans" value="0.000000" />
			<float name="metallic" value="0.000000" />
			<float name="anisotropic" value="0.000000" />
			<float name="roughness" value="0.500000" />
			<float name="sheen" value="0.000000" />
			<float name="sheen_tint" value="0.500000" />
			<float name="clearcoat" value="0.000000" />
			<float name="clearcoat_gloss" value="0.173205" />
			<float name="specular" value="0.500000" />
		</bsdf>
	</bsdf>
	<bsdf type="twosided" id="mat-Material.005" name="mat-Material.005">
		<bsdf type="principled" name="bsdf">
			<rgb value="0.433648 0.266232 0.084399" name="base_color" />
			<float name="spec_tint" value="0.000000" />
			<float name="spec_trans" value="0.000000" />
			<float name="metallic" value="0.000000" />
			<float name="anisotropic" value="0.000000" />
			<float name="roughness" value="0.500000" />
			<float name="sheen" value="0.000000" />
			<float name="sheen_tint" value="0.500000" />
			<float name="clearcoat" value="0.000000" />
			<float name="clearcoat_gloss" value="0.173205" />
			<float name="specular" value="0.500000" />
		</bsdf>
	</bsdf>
	<emitter type="point" name="temp45">
		<point name="position" x="-6.815235034541981e-16" y="3.0693089962005615" z="4.109199523925781" />
		<rgb value="7.957747 7.957747 7.957747" name="intensity" />
	</emitter>
	<shape type="ply" name="temp2">
		<string name="filename" value="meshes/Cube.ply" />
		<boolean name="face_normals" value="true" />
		<ref id="mat-Material" name="bsdf" />
		<animation name="to_world">
			<transform time="0">
				<matrix value="0.9999995567588077 0.0001447786192986152 0.0009419762933306731 -0.001754792155913787 -0.00014309687302203617 0.99999833132745 -0.0017854301047562269 -0.015113754054763007 -0.0009422332618828531 0.0017852939888157223 0.9999981088373558 0.002098714473386165 0.0 0.0 0.0 1.0" />
				<scale value="1" />
			</transform>
			<transform time="0.0015">
				<matrix value="0.9999995567588077 0.00014443663774315967 0.000942289304668103 -0.001754715524959065 -0.00014278850519063 0.9999983763823297 -0.0017494823951534303 -0.015162752362208485 -0.0009425407520826563 0.0017493465775645894 0.9999981513891961 0.0021032351921576125 0.0 0.0 0.0 1.0" />
				<scale value="1" />
			</transform>
		</animation>
	</shape>
	<shape type="ply" name="temp4">
		<string name="filename" value="meshes/Plane.ply" />
		<boolean name="face_normals" value="true" />
		<ref id="mat-Material.001" name="bsdf" />
		<transform name="to_world">
			<scale value="1" />
		</transform>
	</shape>
	<shape type="ply" name="temp5">
		<string name="filename" value="meshes/Cube_001.ply" />
		<boolean name="face_normals" value="true" />
		<ref id="mat-Material" name="bsdf" />
		<animation name="to_world">
			<transform time="0">
				<matrix value="1.0 -0.0001037436668662121 -0.0007350192733112981 0.0013460867715626712 0.00010553883058789739 0.9999970798230373 0.002442531113171428 -0.020303556761198938 0.0007347653569775914 -0.0024426133080807555 0.9999969268607032 -0.001371562819832861 0.0 0.0 0.0 1.0" />
				<scale value="1" />
			</transform>
			<transform time="0.0015">
				<matrix value="1.0 -9.249007677212237e-05 -0.0007355553413957113 0.001346959461888058 9.413467809874589e-05 0.9999969972224245 0.002239919674427601 -0.020076439856472946 0.0007352865105803715 -0.002239993028592379 0.9999968502673906 -0.0013769135024051377 0.0 0.0 0.0 1.0" />
				<scale value="1" />
			</transform>
		</animation>
	</shape>
	<shape type="ply" name="temp6">
		<string name="filename" value="meshes/Cube_002.ply" />
		<boolean name="face_normals" value="true" />
		<ref id="mat-Material" name="bsdf" />
		<animation name="to_world">
			<transform time="0">
				<matrix value="1.0 8.807462303644173e-05 0.0002542313582188274 -0.0008906927349703331 -8.900637735427559e-05 0.9999933253097996 0.0036682409019711116 -0.01980236143930475 -0.0002539058413870258 -0.0036682553819904345 0.9999933809307451 0.000591450020585027 0.0 0.0 0.0 1.0" />
				<scale value="1" />
			</transform>
			<transform time="0.0015">
				<matrix value="1.0 8.502427026123392e-05 0.0002544279477211284 -0.0008895748916649807 -8.593037927415617e-05 0.9999935505841981 0.0035665973209870186 -0.01974752386545598 -0.0002541140156032496 -0.003566611272950236 0.9999936022003147 0.000583637200342011 0.0 0.0 0.0 1.0" />
				<scale value="1" />
			</transform>
		</animation>
	</shape>
	<shape type="ply" name="temp7">
		<string name="filename" value="meshes/Cube_003.ply" />
		<boolean name="face_normals" value="true" />
		<ref id="mat-Material" name="bsdf" />
		<animation name="to_world">
			<transform time="0">
				<matrix value="1.0 0.0005330908195893813 0.0006102261783243448 -0.0009516466983829908 -0.0005356126568408959 0.9999912394691118 0.004136161819222817 -0.01759783469105547 -0.0006080161056119653 -0.004136497414600468 0.9999912533727704 0.001628711357467394 0.0 0.0 0.0 1.0" />
				<scale value="1" />
			</transform>
			<transform time="0.0015">
				<matrix value="1.0 0.0005107423377059096 0.0006108192658747933 -0.0009502908409386561 -0.0005131616755805064 0.9999915473441233 0.0039685545455744224 -0.01760702348516482 -0.0006086870948647793 -0.00396887606605341 0.9999915597460207 0.0016218175935600514 0.0 0.0 0.0 1.0" />
				<scale value="1" />
			</transform>
		</animation>
	</shape>
	<shape type="ply" name="temp8">
		<string name="filename" value="meshes/Cube_004.ply" />
		<boolean name="face_normals" value="true" />
		<ref id="mat-Material" name="bsdf" />
		<animation name="to_world">
			<transform time="0">
				<matrix value="1.0 -0.00038988116965602406 0.00048268616959662924 -0.000517324433018107 0.00039091479663207613 0.9999977055752436 -0.0021450985082981855 -0.018794244974391916 -0.0004818519326202469 0.002145285061417579 0.9999976360466947 0.0015476789877029058 0.0 0.0 0.0 1.0" />
				<scale value="1" />
			</transform>
			<transform time="0.0015">
				<matrix value="1.0 -0.0003747814772627988 0.0004830599449620432 -0.0005187546495470525 0.0003757872697276232 0.9999977806667097 -0.002086885548245384 -0.018757782178104566 -0.0004822562814351412 0.0020870648454626305 0.9999977126400073 0.0015526829914069488 0.0 0.0 0.0 1.0" />
				<scale value="1" />
			</transform>
		</animation>
	</shape>
	<shape type="ply" name="temp9">
		<string name="filename" value="meshes/Cube_005.ply" />
		<boolean name="face_normals" value="true" />
		<ref id="mat-Material" name="bsdf" />
		<animation name="to_world">
			<transform time="0">
				<matrix value="1.0 -0.0006455572636273187 0.0005715282627165322 -0.0004895040569152798 0.0006482180817584974 0.9999889450443554 -0.004662330545917193 -0.020886629134658108 -0.0005685144505493531 0.004662690359035758 0.9999891258147956 0.001173530857322358 0.0 0.0 0.0 1.0" />
				<scale value="1" />
			</transform>
			<transform time="0.0015">
				<matrix value="1.0 -0.0006374587240870422 0.0005715708996605377 -0.0004903334380779495 0.0006400856441435778 0.9999891778279006 -0.00460272648110049 -0.0208472227233911 -0.0005686199259110915 0.004603082152419213 0.9999893555947333 0.0011795152596613104 0.0 0.0 0.0 1.0" />
				<scale value="1" />
			</transform>
		</animation>
	</shape>
	<shape type="ply" name="temp10">
		<string name="filename" value="meshes/Cube_006.ply" />
		<boolean name="face_normals" value="true" />
		<ref id="mat-Material" name="bsdf" />
		<animation name="to_world">
			<transform time="0">
				<matrix value="1.0 0.00024210770029806664 -0.0006322298556901065 -0.0008202877529361885 -0.00024260540718795378 0.9999995828318625 -0.000787116076253569 -0.017719538526814516 0.0006320397782375667 0.0007872692799469363 0.9999995272093389 -0.001548974624380528 0.0 0.0 0.0 1.0" />
				<scale value="1" />
			</transform>
			<transform time="0.0015">
				<matrix value="1.0 0.0002280217952628272 -0.0006326068649953852 -0.0008196088289355204 -0.0002284653897674656 0.9999995527952761 -0.0007024544241210604 -0.017697201549184523 0.0006324152449942543 0.0007025986957479977 0.9999994931678667 -0.00154702565978996 0.0 0.0 0.0 1.0" />
				<scale value="1" />
			</transform>
		</animation>
	</shape>
	<shape type="ply" name="temp11">
		<string name="filename" value="meshes/Cube_007.ply" />
		<boolean name="face_normals" value="true" />
		<ref id="mat-Material" name="bsdf" />
		<animation name="to_world">
			<transform time="0">
				<matrix value="0.9999995567588077 -0.001250663818798848 -4.072264161380473e-05 0.0004693243932218927 0.0012507867531164289 0.9999939510620058 0.003214740099881755 -0.01746170561282312 3.670174477462958e-05 -0.0032147936164931596 0.9999947993027284 -2.0659622558261148e-05 0.0 0.0 0.0 1.0" />
				<scale value="1" />
			</transform>
			<transform time="0.0015">
				<matrix value="0.9999995727157459 -0.0011954143714304635 -4.061332593601005e-05 0.0004669287395497986 0.0011955317375850264 0.9999941538089646 0.003069173998692214 -0.017476641462696608 3.6728710404554205e-05 -0.0030692252048368273 0.9999949780204578 -2.7291171219321622e-05 0.0 0.0 0.0 1.0" />
				<scale value="1" />
			</transform>
		</animation>
	</shape>
	<shape type="ply" name="temp12">
		<string name="filename" value="meshes/Cube_008.ply" />
		<boolean name="face_normals" value="true" />
		<ref id="mat-Material" name="bsdf" />
		<animation name="to_world">
			<transform time="0">
				<matrix value="0.9999982270352306 0.0018893148639093245 0.00015453351873031122 0.0002490656804732261 -0.001888907800513096 0.9999947853982809 -0.0026036345309278374 -0.01672592280475821 -0.00015945158653752391 0.002603329418905643 0.9999966904653725 0.0003285955294030085 0.0 0.0 0.0 1.0" />
				<scale value="1" />
			</transform>
			<transform time="0.0015">
				<matrix value="0.9999982589491071 0.0018677453658781176 0.00015470792170306686 0.00024984189006345306 -0.0018673426367649885 0.999994883017187 -0.0025741406589471186 -0.01673740175174481 -0.0001595318020660351 0.0025738390477432344 0.9999967585483172 0.00032996202854385456 0.0 0.0 0.0 1.0" />
				<scale value="1" />
			</transform>
		</animation>
	</shape>
	<shape type="ply" name="temp13">
		<string name="filename" value="meshes/Cube_009.ply" />
		<boolean name="face_normals" value="true" />
		<ref id="mat-Material" name="bsdf" />
		<animation name="to_world">
			<transform time="0">
				<matrix value="0.9999991135176153 0.001162952132042059 0.000565514365507841 0.0010945703139113583 -0.0011626925661360184 0.9999991656637249 -0.0004592428446679378 -0.016113290951145887 -0.0005660500295198633 0.0004585845902261677 0.9999997636046695 0.0009482636681883427 0.0 0.0 0.0 1.0" />
				<scale value="1" />
			</transform>
			<transform time="0.0015">
				<matrix value="0.9999991454314917 0.001132663163136409 0.0005660469443413475 0.0010971348604260109 -0.0011324141800920242 0.9999991957003114 -0.00044056347184358465 -0.016147235479413838 -0.0005665625663759962 0.00043992219823646493 0.9999997721150375 0.0009504778936543969 0.0 0.0 0.0 1.0" />
				<scale value="1" />
			</transform>
		</animation>
	</shape>
	<shape type="ply" name="temp14">
		<string name="filename" value="meshes/Cube_010.ply" />
		<boolean name="face_normals" value="true" />
		<ref id="mat-Material" name="bsdf" />
		<animation name="to_world">
			<transform time="0">
				<matrix value="0.9999946811056918 0.0003082392793003256 0.0033303846955771853 0.006500385229985639 -0.00030878397665359993 1.0 0.00016313523562231782 -0.016975758318087064 -0.003330323725637248 -0.00016416254539310799 0.9999945629073977 0.005476778003075777 0.0 0.0 0.0 1.0" />
				<scale value="1" />
			</transform>
			<transform time="0.0015">
				<matrix value="0.9999946651487536 0.0003001644611542278 0.0033335394890188735 0.006510725352207635 -0.0003007089361455144 1.0 0.00016292771029705326 -0.01699027982070778 -0.003333480646297812 -0.00016392839518314324 0.9999945543970298 0.005482000276728238 0.0 0.0 0.0 1.0" />
				<scale value="1" />
			</transform>
		</animation>
	</shape>
	<shape type="ply" name="temp15">
		<string name="filename" value="meshes/Cube_011.ply" />
		<boolean name="face_normals" value="true" />
		<ref id="mat-Material" name="bsdf" />
		<animation name="to_world">
			<transform time="0">
				<matrix value="1.0 -0.0005066819906429186 -0.0005386078489868806 -0.001124902932480465 0.0005066734393920859 0.9999997914159312 -1.3419997437474616e-05 -0.018548287386089657 0.0005386133997131343 1.3147095571134468e-05 1.0 -0.0008143278212719984 0.0 0.0 0.0 1.0" />
				<scale value="1" />
			</transform>
			<transform time="0.0015">
				<matrix value="0.9999999521291854 -0.0004268493994295517 -0.0005387163561797091 -0.001125762605430989 0.0004268547599348168 0.9999997388519049 1.2161226868111624e-05 -0.01839405975174394 0.0005387646714876094 -1.2390837768654925e-05 0.9999999829792638 -0.0008140532086643725 0.0 0.0 0.0 1.0" />
				<scale value="1" />
			</transform>
		</animation>
	</shape>
	<shape type="ply" name="temp16">
		<string name="filename" value="meshes/Cube_012.ply" />
		<boolean name="face_normals" value="true" />
		<ref id="mat-Material" name="bsdf" />
		<animation name="to_world">
			<transform time="0">
				<matrix value="0.9999991135176153 -0.001282823310521189 -0.00017214237050618389 -0.0004480552489505296 0.0012825671466082298 0.9999981227433812 -0.0014819150480284392 -0.02129255258490692 0.00017404308658982637 0.0014816936192047524 0.999999054418678 -0.0002384493639953078 0.0 0.0 0.0 1.0" />
				<scale value="1" />
			</transform>
			<transform time="0.0015">
				<matrix value="0.9999991454314917 -0.0012111253778433499 -0.0001722491756253994 -0.00045191331849716866 0.0012108825164166422 0.999998167798261 -0.0014055249630330075 -0.021102916778923092 0.00017409778697409858 0.0014053159863521318 0.9999990799497822 -0.0002371154226548909 0.0 0.0 0.0 1.0" />
				<scale value="1" />
			</transform>
		</animation>
	</shape>
	<shape type="ply" name="temp17">
		<string name="filename" value="meshes/Cube_013.ply" />
		<boolean name="face_normals" value="true" />
		<ref id="mat-Material" name="bsdf" />
		<animation name="to_world">
			<transform time="0">
				<matrix value="0.9999991135176153 0.00133137542420785 0.0002469740215715467 -0.00026766079441153945 -0.001332099349853819 0.9999947853982809 0.0029491735855639994 -0.013021527098573238 -0.00024304554569196156 -0.002949499711111065 0.9999957448840504 0.0002442607261090579 0.0 0.0 0.0 1.0" />
				<scale value="1" />
			</transform>
			<transform time="0.0015">
				<matrix value="0.9999990656468005 0.0013644279092532997 0.00024735758386023536 -0.00026777696263415924 -0.0013651696256392956 0.9999944625049761 0.0030167365465950725 -0.012911147760341359 -0.0002431796318439567 -0.0030170715929945567 0.9999954810626404 0.0002449340423535108 0.0 0.0 0.0 1.0" />
				<scale value="1" />
			</transform>
		</animation>
	</shape>
	<shape type="ply" name="temp18">
		<string name="filename" value="meshes/Cube_014.ply" />
		<boolean name="face_normals" value="true" />
		<ref id="mat-Material" name="bsdf" />
		<animation name="to_world">
			<transform time="0">
				<matrix value="1.0 -0.0008059750992338708 -5.927116482853537e-05 -0.00021756714212539663 0.0008057238394615861 0.9999912394691118 -0.0041295191104349155 -0.021677263729494467 6.25989535961931e-05 0.0041294681314830535 0.9999914897681008 -0.00024337678306085575 0.0 0.0 0.0 1.0" />
				<scale value="1" />
			</transform>
			<transform time="0.0015">
				<matrix value="0.9999999840430618 -0.0008173648977385355 -5.9204009514134615e-05 -0.0002177451946630099 0.0008171100723090988 0.9999909315941004 -0.004188444047880034 -0.021732854948914596 6.264494149218856e-05 0.004188392855574071 0.9999912004155866 -0.00024247905480102793 0.0 0.0 0.0 1.0" />
				<scale value="1" />
			</transform>
		</animation>
	</shape>
	<shape type="ply" name="temp19">
		<string name="filename" value="meshes/Cube_015.ply" />
		<boolean name="face_normals" value="true" />
		<ref id="mat-Material" name="bsdf" />
		<animation name="to_world">
			<transform time="0">
				<matrix value="1.0 -0.00020471212269749262 -8.568810661996756e-05 0.00021871745318069458 0.0002047078420004716 1.0 -5.084201652781593e-05 -0.01800003480778939 8.56984683357357e-05 5.0824428531797605e-05 1.0 -0.00013954105852242993 0.0 0.0 0.0 1.0" />
				<scale value="1" />
			</transform>
			<transform time="0.0015">
				<matrix value="1.0 -0.00020467064968069976 -8.575072590818969e-05 0.00021834268330331248 0.0002046662103486145 1.0 -5.2565323509134136e-05 -0.018000823823797973 8.576143441401403e-05 5.254772511750231e-05 1.0 -0.00014003786957206076 0.0 0.0 0.0 1.0" />
				<scale value="1" />
			</transform>
		</animation>
	</shape>
	<shape type="ply" name="temp20">
		<string name="filename" value="meshes/Cube_016.ply" />
		<boolean name="face_normals" value="true" />
		<ref id="mat-Material" name="bsdf" />
		<animation name="to_world">
			<transform time="0">
				<matrix value="1.0 0.0001555924517597195 0.00037974073105728756 0.0006448913186426486 -0.0001561450072425611 0.9999989570796561 0.0014556775302928798 -0.017411189075525524 -0.0003795146331647244 -0.0014557353318468242 0.999999054418678 0.0007710729264897298 0.0 0.0 0.0 1.0" />
				<scale value="1" />
			</transform>
			<transform time="0.0015">
				<matrix value="1.0 0.00017703657707892674 0.0003799261719774235 0.0006458595974710916 -0.000177636290366637 0.9999985590948851 0.0015784582273362842 -0.01737217138195537 -0.00037957640247263504 -0.0015785244468596922 0.9999986629417471 0.0007727500460628199 0.0 0.0 0.0 1.0" />
				<scale value="1" />
			</transform>
		</animation>
	</shape>
	<shape type="ply" name="temp21">
		<string name="filename" value="meshes/Cube_017.ply" />
		<boolean name="face_normals" value="true" />
		<ref id="mat-Material" name="bsdf" />
		<animation name="to_world">
			<transform time="0">
				<matrix value="1.0 0.0002155278324152158 0.00048204790220419735 0.0002837990471419305 -0.0002158699849475291 0.9999995828318625 0.000711351372818603 -0.017767286179019626 -0.00048189625673948237 -0.0007114552284725598 0.9999997636046695 0.0002563859859553985 0.0 0.0 0.0 1.0" />
				<scale value="1" />
			</transform>
			<transform time="0.0015">
				<matrix value="0.9999999840430618 0.00023728062871546376 0.0004824293369008698 0.00028361692478756845 -0.00023764759937130753 0.9999995077403964 0.0007613984645056945 -0.017761776644275154 -0.00048222114000196257 -0.000761513077140946 0.999999695521725 0.00025804909710134324 0.0 0.0 0.0 1.0" />
				<scale value="1" />
			</transform>
		</animation>
	</shape>
	<shape type="ply" name="temp22">
		<string name="filename" value="meshes/Cube_018.ply" />
		<boolean name="face_normals" value="true" />
		<ref id="mat-Material" name="bsdf" />
		<animation name="to_world">
			<transform time="0">
				<matrix value="0.9999942378644994 0.003405794048262182 -1.8598520827137803e-05 0.0004920265779521649 -0.0034056747283374733 0.9999837304426362 0.0045719329715224 -0.017879179478382357 3.4169286222113486e-05 -0.004571845739566104 0.9999895986054567 5.496599068255392e-05 0.0 0.0 0.0 1.0" />
				<scale value="1" />
			</transform>
			<transform time="0.0015">
				<matrix value="0.99999441339082 0.0033406323771699286 -1.866434767308362e-05 0.0004944527974368462 -0.0033405153688986374 0.9999841584639937 0.004496261331799014 -0.017878507166130573 3.381645119092571e-05 -0.004496175693599667 0.9999898624268667 5.256226622852924e-05 0.0 0.0 0.0 1.0" />
				<scale value="1" />
			</transform>
		</animation>
	</shape>
	<shape type="ply" name="temp23">
		<string name="filename" value="meshes/Cube_019.ply" />
		<boolean name="face_normals" value="true" />
		<ref id="mat-Material" name="bsdf" />
		<animation name="to_world">
			<transform time="0">
				<matrix value="0.9999082490731827 0.01223878078440125 -0.005846434756543541 0.003120088405488941 -0.012190688566327499 0.9998919534523792 0.008192658412056918 -0.01834797539624944 0.005946071730608641 -0.008120622081126688 0.9999494113992664 -0.0008263545027468178 0.0 0.0 0.0 1.0" />
				<scale value="1" />
			</transform>
			<transform time="0.0015">
				<matrix value="0.9999089990492798 0.012171291352947668 -0.005847104522510255 0.0031237082973060953 -0.012123372307547335 0.99989295216888 0.008162790424296063 -0.01834232951356712 0.005945885034431283 -0.008091149431550308 0.9999496411792042 -0.0008277592781373715 0.0 0.0 0.0 1.0" />
				<scale value="1" />
			</transform>
		</animation>
	</shape>
	<shape type="ply" name="temp24">
		<string name="filename" value="meshes/Cube_020.ply" />
		<boolean name="face_normals" value="true" />
		<ref id="mat-Material" name="bsdf" />
		<animation name="to_world">
			<transform time="0">
				<matrix value="0.9999515127023227 -0.003295182429047048 0.009272584007904858 -0.007117069947937732 0.003218271808102722 0.9999603690634781 0.008296625071499378 -0.015301151606520291 -0.009299564204919434 -0.008266389197412296 0.9999226987194869 -0.0008089535316747609 0.0 0.0 0.0 1.0" />
				<scale value="1" />
			</transform>
			<transform time="0.0015">
				<matrix value="0.9999516309033503 -0.0032123779652944006 0.00927803830279701 -0.007124571708570967 0.0031354889966851217 0.9999605947277239 0.008289519765135084 -0.015309664777491754 -0.009304326201516137 -0.008260047244453731 0.9999227072298511 -0.0008127118010326945 0.0 0.0 0.0 1.0" />
				<scale value="1" />
			</transform>
		</animation>
	</shape>
	<shape type="ply" name="temp25">
		<string name="filename" value="meshes/Cube_021.ply" />
		<boolean name="face_normals" value="true" />
		<ref id="mat-Material" name="bsdf" />
		<animation name="to_world">
			<transform time="0">
				<matrix value="0.998857767447303 0.03949063770407344 0.026904270765320426 -0.016831698487653923 -0.03957461256287376 0.9992132208926148 0.0025956443687559128 -0.02224148758885286 -0.026780601815161332 -0.0036574110962552904 0.9996347692143307 -0.013530999741860561 0.0 0.0 0.0 1.0" />
				<scale value="1" />
			</transform>
			<transform time="0.0015">
				<matrix value="0.9988572568252795 0.039504301347266686 0.02690324441493179 -0.016830218361530393 -0.03958815011013422 0.9992126952523512 0.0025909006895964925 -0.022243277608954348 -0.026779716205089246 -0.003652994216212276 0.9996348117661711 -0.013530457580956712 0.0 0.0 0.0 1.0" />
				<scale value="1" />
			</transform>
		</animation>
	</shape>
	<shape type="ply" name="temp26">
		<string name="filename" value="meshes/Cube_022.ply" />
		<boolean name="face_normals" value="true" />
		<ref id="mat-Material" name="bsdf" />
		<animation name="to_world">
			<transform time="0">
				<matrix value="0.9992934735393872 0.033946848607597044 0.01615232558634316 -0.0075192852661596365 -0.03401705060218748 0.9994128358464237 0.004091081229690686 -0.021197645705594903 -0.016003954597918185 -0.004637639412376961 0.9998612359409786 -0.011580161818917356 0.0 0.0 0.0 1.0" />
				<scale value="1" />
			</transform>
			<transform time="0.0015">
				<matrix value="0.9992962660035785 0.03386144107574863 0.016151906025197556 -0.007516651112591403 -0.03393313290443621 0.9994150885904103 0.0041851556893177854 -0.021171395985246057 -0.016000950863864685 -0.004730297626020571 0.9998607338292629 -0.011577167759876302 0.0 0.0 0.0 1.0" />
				<scale value="1" />
			</transform>
		</animation>
	</shape>
	<shape type="ply" name="temp27">
		<string name="filename" value="meshes/Cube_023.ply" />
		<boolean name="face_normals" value="true" />
		<ref id="mat-Material" name="bsdf" />
		<animation name="to_world">
			<transform time="0">
				<matrix value="0.9994929320759468 0.030257288448822858 0.00992950218452925 -0.002721324465395303 -0.03035621521664743 0.9994893861996609 0.00996637985609198 -0.019490402896031322 -0.009622872663897296 -0.010262753351424524 0.9999011867518384 -0.008621486934489608 0.0 0.0 0.0 1.0" />
				<scale value="1" />
			</transform>
			<transform time="0.0015">
				<matrix value="0.9994929001620704 0.030258589033017775 0.00992899156244535 -0.0027214353688569635 -0.030357490335581855 0.9994893711813676 0.009964288858658415 -0.019491399021479464 -0.009622412944506723 -0.010260660251895131 0.9999012122829426 -0.00862156267805636 0.0 0.0 0.0 1.0" />
				<scale value="1" />
			</transform>
		</animation>
	</shape>
	<shape type="ply" name="temp28">
		<string name="filename" value="meshes/Cube_024.ply" />
		<boolean name="face_normals" value="true" />
		<ref id="mat-Material" name="bsdf" />
		<animation name="to_world">
			<transform time="0">
				<matrix value="0.9991126311329067 0.038136071903100185 0.0178877037077662 0.022958606309296137 -0.03795535940655324 0.9992259445208094 -0.010335558443781171 -0.030219633016036307 -0.018268008446404162 0.009647451206971715 0.9997865350165311 0.03688384347989683 0.0 0.0 0.0 1.0" />
				<scale value="1" />
			</transform>
			<transform time="0.0015">
				<matrix value="0.9990867330221501 0.03853350400087067 0.01825735579985266 0.02345581984902068 -0.03832082930100547 0.999186844394349 -0.011311649151736452 -0.030743865796553013 -0.01868838153781358 0.010597385287572661 0.999754689219232 0.03754589204950363 0.0 0.0 0.0 1.0" />
				<scale value="1" />
			</transform>
		</animation>
	</shape>
	<shape type="ply" name="temp29">
		<string name="filename" value="meshes/Cube_025.ply" />
		<boolean name="face_normals" value="true" />
		<ref id="mat-Material" name="bsdf" />
		<animation name="to_world">
			<transform time="0">
				<matrix value="0.9887957491396688 0.13871789630451606 0.05513847802067136 0.04302708489542639 -0.12000910417409097 0.9583901898740779 -0.2590098534301672 -0.24838050233351788 -0.08877345410769343 0.24949053341203906 0.9642995771833118 -0.059566230370296125 0.0 0.0 0.0 1.0" />
				<scale value="1" />
			</transform>
			<transform time="0.0015">
				<matrix value="0.9886515143749558 0.13966938252572378 0.055097691230683137 0.042838887953664626 -0.1207174869159666 0.9576323442695536 -0.2611763974010457 -0.2502111271913284 -0.08929768101677772 0.2515534086262803 0.963646202185491 -0.06046602723408588 0.0 0.0 0.0 1.0" />
				<scale value="1" />
			</transform>
		</animation>
	</shape>
	<shape type="ply" name="temp30">
		<string name="filename" value="meshes/Cube_026.ply" />
		<boolean name="face_normals" value="true" />
		<ref id="mat-Material" name="bsdf" />
		<animation name="to_world">
			<transform time="0">
				<matrix value="0.9768113937807942 0.21409027101328057 0.002266924841886983 0.07657152014090718 -0.19529450717784785 0.8952933004882954 -0.4003874992258053 -0.5517962165944377 -0.0877485918227319 0.390660231152865 0.9163432384552794 -0.05940064974065157 0.0 0.0 0.0 1.0" />
				<scale value="1" />
			</transform>
			<transform time="0.0015">
				<matrix value="0.9766281921729093 0.21487317464008213 0.0017645752612657243 0.07592988560398115 -0.19602207654225817 0.8942221883049979 -0.40224928691627687 -0.5541846348709657 -0.08806390411365826 0.39250263031314003 0.9154628834307975 -0.060487516422615864 0.0 0.0 0.0 1.0" />
				<scale value="1" />
			</transform>
		</animation>
	</shape>
	<shape type="ply" name="temp31">
		<string name="filename" value="meshes/Cube_027.ply" />
		<boolean name="face_normals" value="true" />
		<ref id="mat-Material" name="bsdf" />
		<animation name="to_world">
			<transform time="0">
				<matrix value="0.9218836155006764 0.38245995707339864 -0.06208923356378726 -0.04083306997361147 -0.3585423658796476 0.7812898004476215 -0.5109148452012457 -1.055406646045737 -0.14689474085460447 0.4932654461717523 0.857386243021019 -0.25852332032839953 0.0 0.0 0.0 1.0" />
				<scale value="1" />
			</transform>
			<transform time="0.0015">
				<matrix value="0.9216252567137012 0.3829253514535855 -0.06286166010046908 -0.04202912731586415 -0.35909391425837917 0.7801439272005561 -0.5121917578464515 -1.0575336669669926 -0.1471296381552917 0.4946244815639742 0.8565211981486859 -0.25962878894706237 0.0 0.0 0.0 1.0" />
				<scale value="1" />
			</transform>
		</animation>
	</shape>
	<shape type="ply" name="temp32">
		<string name="filename" value="meshes/Cube_028.ply" />
		<boolean name="face_normals" value="true" />
		<ref id="mat-Material" name="bsdf" />
		<animation name="to_world">
			<transform time="0">
				<matrix value="-0.05639105042843694 0.9930072190946201 0.10371469258442033 -1.4580337490436233 -0.9033915929556564 -0.006519370159545955 -0.42876699505130017 -2.021835389782744 -0.4250925930850828 -0.11787358971096507 0.8974420134073976 -0.8431819127348149 0.0 0.0 0.0 1.0" />
				<scale value="1" />
			</transform>
			<transform time="0.0015">
				<matrix value="-0.05682082822010375 0.9929208563993214 0.10424457533332382 -1.4578597417007846 -0.9027237791335514 -0.006476802384267071 -0.43010243349768884 -2.02281971725998 -0.42638004992414674 -0.11854871305447287 0.896702343277398 -0.8464455545524222 0.0 0.0 0.0 1.0" />
				<scale value="1" />
			</transform>
		</animation>
	</shape>
	<shape type="ply" name="temp33">
		<string name="filename" value="meshes/Cube_029.ply" />
		<boolean name="face_normals" value="true" />
		<ref id="mat-Material" name="bsdf" />
		<animation name="to_world">
			<transform time="0">
				<matrix value="0.021617427002608033 0.9909824935391085 0.13223616744543168 -1.6813910745703624 -0.9908231343534972 0.03888782974533971 -0.12945119405645406 -2.069457956796341 -0.1334262366872508 -0.12822419867215382 0.9827289571514551 -0.43400101093194077 0.0 0.0 0.0 1.0" />
				<scale value="1" />
			</transform>
			<transform time="0.0015">
				<matrix value="0.02347765893749165 0.9908935326790785 0.13223446537181868 -1.6775404640817109 -0.9908176930375588 0.04063529226670308 -0.12855388042152907 -2.068884109415109 -0.13275864626228107 -0.12804674852650186 0.9828358473743513 -0.4326188755092751 0.0 0.0 0.0 1.0" />
				<scale value="1" />
			</transform>
		</animation>
	</shape>
	<shape type="ply" name="temp34">
		<string name="filename" value="meshes/Cube_030.ply" />
		<boolean name="face_normals" value="true" />
		<ref id="mat-Material" name="bsdf" />
		<animation name="to_world">
			<transform time="0">
				<matrix value="0.09718768976321786 0.9738930994357323 -0.20515047630259026 -2.892559082733375 -0.9786968849720529 0.1309727024340687 0.15810885051888054 -2.0034313978055054 0.18085018536158914 0.18541387375082316 0.9658754028182736 0.20252717317167068 0.0 0.0 0.0 1.0" />
				<scale value="1" />
			</transform>
			<transform time="0.0015">
				<matrix value="0.09648106374208294 0.9739603615886719 -0.2051317844678561 -2.8941419866566234 -0.9787377004012382 0.1303082270490668 0.15836200388481927 -2.0032153244064457 0.1809694180367266 0.18549602393552989 0.965836978399773 0.20270521898957833 0.0 0.0 0.0 1.0" />
				<scale value="1" />
			</transform>
		</animation>
	</shape>
	<shape type="ply" name="temp35">
		<string name="filename" value="meshes/Cube_031.ply" />
		<boolean name="face_normals" value="true" />
		<ref id="mat-Material" name="bsdf" />
		<animation name="to_world">
			<transform time="0">
				<matrix value="0.11070720018722509 0.9908738212392815 0.0768959260101527 -2.0763525916240027 -0.5048796422866282 -0.010573493553709354 0.8631252124603033 -0.090821161166955 0.8560609687124907 -0.1343773244087163 0.49910146134865424 0.8901019166609507 0.0 0.0 0.0 1.0" />
				<scale value="1" />
			</transform>
			<transform time="0.0015">
				<matrix value="0.11073637744878918 0.9908631282144919 0.07698990600469428 -2.076134209321443 -0.5054162102917441 -0.01055454151891615 0.8628052907040045 -0.09277197975968744 0.8557343301868047 -0.13445694163760458 0.49962937650046113 0.8900023944622812 0.0 0.0 0.0 1.0" />
				<scale value="1" />
			</transform>
		</animation>
	</shape>
	<shape type="ply" name="temp36">
		<string name="filename" value="meshes/Cube_032.ply" />
		<boolean name="face_normals" value="true" />
		<ref id="mat-Material" name="bsdf" />
		<animation name="to_world">
			<transform time="0">
				<matrix value="0.9294723479549738 0.3685649207484831 0.015530440390317058 -0.20142807682166275 -0.0014929515785591823 -0.03834154806924157 0.9992636285453981 1.1838990923400678 0.3688890336810117 -0.928810883082372 -0.03508714241069339 -0.7962278074726816 0.0 0.0 0.0 1.0" />
				<scale value="1" />
			</transform>
			<transform time="0.0015">
				<matrix value="0.9290281706222431 0.3696446233955161 0.015123827769724391 -0.2041982914174298 -0.0013977507297814001 -0.03743919907532641 0.9992869469538961 1.1833715820434847 0.369957823021268 -0.9283874047586287 -0.03427886850164826 -0.7931215212984457 0.0 0.0 0.0 1.0" />
				<scale value="1" />
			</transform>
		</animation>
	</shape>
	<shape type="ply" name="temp37">
		<string name="filename" value="meshes/Cube_033.ply" />
		<boolean name="face_normals" value="true" />
		<ref id="mat-Material" name="bsdf" />
		<animation name="to_world">
			<transform time="0">
				<matrix value="0.9810576444035481 0.1571494901162439 0.11326868078640218 -0.12598160582048035 -0.1345100057266762 0.13185420807929532 0.9821006183629056 0.34757660162552784 0.13940165984961714 -0.9787331855167567 0.15049477542679995 -0.37042638703813935 0.0 0.0 0.0 1.0" />
				<scale value="1" />
			</transform>
			<transform time="0.0015">
				<matrix value="0.9809800617698459 0.15726481559006336 0.11374990976107817 -0.12587021245358446 -0.1350170597788312 0.13190561870072764 0.9820205102683099 0.34593609380102913 0.13943211207054626 -0.9787075042353097 0.15063169193030296 -0.3702420153327059 0.0 0.0 0.0 1.0" />
				<scale value="1" />
			</transform>
		</animation>
	</shape>
	<shape type="ply" name="temp38">
		<string name="filename" value="meshes/Cube_034.ply" />
		<boolean name="face_normals" value="true" />
		<ref id="mat-Material" name="bsdf" />
		<animation name="to_world">
			<transform time="0">
				<matrix value="0.9999246489972998 0.005157564405545833 0.011160341752001441 -0.03727159093888055 -0.011922953156497827 0.18533343206312589 0.9826034312309436 0.3700528639620476 0.0029994574727805583 -0.982662075036033 0.18538093452747645 -0.32567524694049077 0.0 0.0 0.0 1.0" />
				<scale value="1" />
			</transform>
			<transform time="0.0015">
				<matrix value="0.9999245532556704 0.0051617607419525615 0.011166632616075076 -0.037259957334219655 -0.011929600657397465 0.1852344066938786 0.9826218817089085 0.3700402821996694 0.003003634680071917 -0.982680585082456 0.18528198532902174 -0.32571072555794783 0.0 0.0 0.0 1.0" />
				<scale value="1" />
			</transform>
		</animation>
	</shape>
	<shape type="ply" name="temp39">
		<string name="filename" value="meshes/Cube_035.ply" />
		<boolean name="face_normals" value="true" />
		<ref id="mat-Material" name="bsdf" />
		<animation name="to_world">
			<transform time="0">
				<matrix value="0.9993435597941233 -0.036209130559026165 0.0011139420765249508 0.00032385418836788915 0.0068159724623112015 0.21813805345175347 0.9758942953551627 0.09207324175748556 -0.03557926748187587 -0.975245868471058 0.21824161115710314 -0.11236125303895983 0.0 0.0 0.0 1.0" />
				<scale value="1" />
			</transform>
			<transform time="0.0015">
				<matrix value="0.9993437672343203 -0.03620351747192628 0.0011137769753844903 0.0003015633439931097 0.006814736916583607 0.2181333677442614 0.9758953506408028 0.09206905035658997 -0.035573786911869416 -0.9752471300076905 0.21823689130697432 -0.1123438250356682 0.0 0.0 0.0 1.0" />
				<scale value="1" />
			</transform>
		</animation>
	</shape>
	<shape type="ply" name="temp40">
		<string name="filename" value="meshes/Cube_036.ply" />
		<boolean name="face_normals" value="true" />
		<ref id="mat-Material" name="bsdf" />
		<animation name="to_world">
			<transform time="0">
				<matrix value="0.9998076333225183 -0.01958280266069838 0.0011617104809652115 0.00022665534081189875 0.003157282364142142 0.21907772468154427 0.9757023423467721 -0.24096746760809062 -0.019361493332765985 -0.9755109788224595 0.21909736225362286 0.21212056868512558 0.0 0.0 0.0 1.0" />
				<scale value="1" />
			</transform>
			<transform time="0.0015">
				<matrix value="0.9998080641598507 -0.01956005422664753 0.0011645115835101191 0.000198350450458784 0.0031495006440727066 0.21907449574849686 0.9757030912591619 -0.24100500020670507 -0.019339921467103817 -0.9755121502493325 0.2190940117217157 0.21225578280371288 0.0 0.0 0.0 1.0" />
				<scale value="1" />
			</transform>
		</animation>
	</shape>
	<shape type="ply" name="temp41">
		<string name="filename" value="meshes/Cube_037.ply" />
		<boolean name="face_normals" value="true" />
		<ref id="mat-Material" name="bsdf" />
