<scene version="2.1.0">
	<default name="spp" value="1024" />
	<default name="resx" value="1280" />
	<default name="resy" value="720" />
	<integrator type="path" name="temp0">
		<integer name="max_depth" value="12" />
	</integrator>
	<sensor type="perspective" name="temp44">
		<string name="fov_axis" value="x" />
		<float name="fov" value="83.974423" />
		<float name="principal_point_offset_x" value="0.000000" />
		<float name="principal_point_offset_y" value="-0.000000" />
		<float name="near_clip" value="0.100000" />
		<float name="far_clip" value="1000.000000" />
		<transform name="to_world">
			<rotate x="1" angle="-142.5518126578256" />
			<rotate y="1" angle="3.976628485794621e-06" />
			<rotate z="1" angle="-179.999991348578" />
			<translate value="-0.000000 3.030926 4.073377" />
		</transform>
		<sampler type="correlated" name="sampler">
			<integer name="sample_count" value="1024" />
		</sampler>
		<film type="hdrfilm" name="film">
			<integer name="width" value="$resx" />
			<integer name="height" value="$resy" />
		</film>
		<float name="shutter_open" value="0.0" />
		<float name="shutter_close" value="0.0015" />
	</sensor>
	<bsdf type="twosided" id="mat-Material" name="mat-Material">
		<bsdf type="diffuse" name="bsdf">
			<texture type="bitmap" name="reflectance">
				<string name="filename" value="textures/siggraph_2023_logo.jpg" />
			</texture>
		</bsdf>
	</bsdf>
	<bsdf type="twosided" id="mat-Material.001" name="mat-Material.001">
		<bsdf type="principled" name="bsdf">
			<rgb value="0.433648 0.266232 0.084399" name="base_color" />
			<float name="spec_tint" value="0.000000" />
			<float name="spec_trans" value="0.000000" />
			<float name="metallic" value="0.000000" />
			<float name="anisotropic" value="0.000000" />
			<float name="roughness" value="0.500000" />
			<float name="sheen" value="0.000000" />
			<float name="sheen_tint" value="0.500000" />
			<float name="clearcoat" value="0.000000" />
			<float name="clearcoat_gloss" value="0.173205" />
			<float name="specular" value="0.500000" />
		</bsdf>
	</bsdf>
	<bsdf type="twosided" id="mat-Material.002" name="mat-Material.002">
		<bsdf type="principled" name="bsdf">
			<rgb value="0.433648 0.266232 0.084399" name="base_color" />
			<float name="spec_tint" value="0.000000" />
			<float name="spec_trans" value="0.000000" />
			<float name="metallic" value="0.000000" />
			<float name="anisotropic" value="0.000000" />
			<float name="roughness" value="0.500000" />
			<float name="sheen" value="0.000000" />
			<float name="sheen_tint" value="0.500000" />
			<float name="clearcoat" value="0.000000" />
			<float name="clearcoat_gloss" value="0.173205" />
			<float name="specular" value="0.500000" />
		</bsdf>
	</bsdf>
	<bsdf type="twosided" id="mat-Material.003" name="mat-Material.003">
		<bsdf type="principled" name="bsdf">
			<rgb value="0.433648 0.266232 0.084399" name="base_color" />
			<float name="spec_tint" value="0.000000" />
			<float name="spec_trans" value="0.000000" />
			<float name="metallic" value="0.000000" />
			<float name="anisotropic" value="0.000000" />
			<float name="roughness" value="0.500000" />
			<float name="sheen" value="0.000000" />
			<float name="sheen_tint" value="0.500000" />
			<float name="clearcoat" value="0.000000" />
			<float name="clearcoat_gloss" value="0.173205" />
			<float name="specular" value="0.500000" />
		</bsdf>
	</bsdf>
	<bsdf type="twosided" id="mat-Material.004" name="mat-Material.004">
		<bsdf type="principled" name="bsdf">
			<rgb value="0.433648 0.266232 0.084399" name="base_color" />
			<float name="spec_tint" value="0.000000" />
			<float name="spec_trans" value="0.000000" />
			<float name="metallic" value="0.000000" />
			<float name="anisotropic" value="0.000000" />
			<float name="roughness" value="0.500000" />
			<float name="sheen" value="0.000000" />
			<float name="sheen_tint" value="0.500000" />
			<float name="clearcoat" value="0.000000" />
			<float name="clearcoat_gloss" value="0.173205" />
			<float name="specular" value="0.500000" />
		</bsdf>
	</bsdf>
	<bsdf type="twosided" id="mat-Material.005" name="mat-Material.005">
		<bsdf type="principled" name="bsdf">
			<rgb value="0.433648 0.266232 0.084399" name="base_color" />
			<float name="spec_tint" value="0.000000" />
			<float name="spec_trans" value="0.000000" />
			<float name="metallic" value="0.000000" />
			<float name="anisotropic" value="0.000000" />
			<float name="roughness" value="0.500000" />
			<float name="sheen" value="0.000000" />
			<float name="sheen_tint" value="0.500000" />
			<float name="clearcoat" value="0.000000" />
			<float name="clearcoat_gloss" value="0.173205" />
			<float name="specular" value="0.500000" />
		</bsdf>
	</bsdf>
	<emitter type="point" name="temp45">
		<point name="position" x="-6.815235034541981e-16" y="3.0693089962005615" z="4.109199523925781" />
		<rgb value="7.957747 7.957747 7.957747" name="intensity" />
	</emitter>
	<shape type="ply" name="temp2">
		<string name="filename" value="meshes/Cube.ply" />
		<boolean name="face_normals" value="true" />
		<ref id="mat-Material" name="bsdf" />
		<animation name="to_world">
			<transform time="0">
				<matrix value="0.9757493878839134 -0.14548901492001842 -0.16346369511432315 0.31909826933130114 -0.21754392963457425 -0.5700401315748307 -0.7890104302347736 2.1941340505848013 0.021692565249535927 0.8054290261418413 -0.5878761817993562 3.400005695742127 0.0 0.0 0.0 1.0" />
			</transform>
			<transform time="0.0015">
				<matrix value="0.9757594088411254 -0.1457321280473911 -0.16318745452419153 0.31901657880881396 -0.21757675305652519 -0.5742408758506263 -0.7859664502956596 2.1941293150835355 0.020912317244927883 0.8024120462669653 -0.5920384326125767 3.411182383025843 0.0 0.0 0.0 1.0" />
			</transform>
		</animation>
	</shape>
	<shape type="ply" name="temp4">
		<string name="filename" value="meshes/Plane.ply" />
		<boolean name="face_normals" value="true" />
		<ref id="mat-Material.001" name="bsdf" />
	</shape>
	<shape type="ply" name="temp5">
		<string name="filename" value="meshes/Cube_001.ply" />
		<boolean name="face_normals" value="true" />
		<ref id="mat-Material" name="bsdf" />
		<animation name="to_world">
			<transform time="0">
				<matrix value="0.9978533829054284 -0.03657306804220907 -0.05432815028691301 0.05518329005979128 -0.05436105009157363 9.506354513654957e-05 -0.9985214654051981 1.1724306044390502 0.036524169055736695 0.9993309665994331 -0.0018932913841939463 1.0233849914258402 0.0 0.0 0.0 1.0" />
			</transform>
			<transform time="0.0015">
				<matrix value="0.9978530637666636 -0.03657376789467424 -0.05433342245992927 0.05518580389651543 -0.054366194608460844 9.868884848841408e-05 -0.998521184563052 1.1724326740108886 0.03652505434667001 0.9993309440719933 -0.0018899000876237322 1.0233917141957327 0.0 0.0 0.0 1.0" />
			</transform>
		</animation>
	</shape>
	<shape type="ply" name="temp6">
		<string name="filename" value="meshes/Cube_002.ply" />
		<boolean name="face_normals" value="true" />
		<ref id="mat-Material" name="bsdf" />
		<animation name="to_world">
			<transform time="0">
				<matrix value="0.999620807159941 -0.023800307870085496 0.010714459971415078 -0.023834073709738002 0.0156136142418714 0.21671926461600718 -0.9760773835386585 0.6452640670147667 0.020895918989693757 0.9759387847474986 0.21698855042856108 0.516154624945236 0.0 0.0 0.0 1.0" />
			</transform>
			<transform time="0.0015">
				<matrix value="0.9996188125426615 -0.023611979223722362 0.011319691306470203 -0.024367307082855602 0.016166323647429016 0.21684178385229047 -0.9760413421299032 0.6439770064781567 0.020578760161874744 0.9759161671978733 0.2171208032503645 0.51691350616202 0.0 0.0 0.0 1.0" />
			</transform>
		</animation>
	</shape>
	<shape type="ply" name="temp7">
		<string name="filename" value="meshes/Cube_003.ply" />
		<boolean name="face_normals" value="true" />
		<ref id="mat-Material" name="bsdf" />
		<animation name="to_world">
			<transform time="0">
				<matrix value="0.9943305019085966 -0.06260474570473257 0.08583941145127348 -0.03937506969682292 0.09854687807498577 0.24167520123148034 -0.9653158407092617 0.12011825042023683 0.039666117490829336 0.9683224417685425 0.2464740454474751 0.2257324114815205 0.0 0.0 0.0 1.0" />
			</transform>
			<transform time="0.0015">
				<matrix value="0.9943016198503898 -0.06262794671505031 0.08615711285254407 -0.03956502658303647 0.09887537398828253 0.24202483460734364 -0.9651947722131693 0.11910717163816485 0.03957414153926901 0.9682336761463248 0.2468375743297388 0.22569584913795943 0.0 0.0 0.0 1.0" />
			</transform>
		</animation>
	</shape>
	<shape type="ply" name="temp8">
		<string name="filename" value="meshes/Cube_004.ply" />
		<boolean name="face_normals" value="true" />
		<ref id="mat-Material" name="bsdf" />
		<animation name="to_world">
			<transform time="0">
				<matrix value="0.9845304391456438 -0.11031120743059888 0.13604176585420746 0.022966549137825254 0.15936987502371341 0.2419459433527386 -0.957091174369451 -0.3676415838261189 0.07264317576995427 0.9639839974302442 0.2557953497256159 -0.1569666172341661 0.0 0.0 0.0 1.0" />
			</transform>
			<transform time="0.0015">
				<matrix value="0.9844680794310183 -0.11054957177364787 0.13629978744838556 0.023051844346766385 0.15970355853763063 0.2422293911102763 -0.9569639613876156 -0.3687489774892335 0.07275628971802614 0.9638855825546173 0.2561341304575467 -0.1574494414813761 0.0 0.0 0.0 1.0" />
			</transform>
		</animation>
	</shape>
	<shape type="ply" name="temp9">
		<string name="filename" value="meshes/Cube_005.ply" />
		<boolean name="face_normals" value="true" />
		<ref id="mat-Material" name="bsdf" />
		<animation name="to_world">
			<transform time="0">
				<matrix value="0.9837188645224431 -0.15625224488604011 0.08647927451218643 0.07716535517421286 0.12136229737228892 0.22971488643640378 -0.965451531628986 -0.6020855356012158 0.13100837814501787 0.9606164076400172 0.2450505909646868 -0.6262004966436285 0.0 0.0 0.0 1.0" />
			</transform>
			<transform time="0.0015">
				<matrix value="0.9835352959049788 -0.15664342937382114 0.08786065192538985 0.07817254002944207 0.12279983400254167 0.22959670748686797 -0.9652989407295809 -0.6058763981976103 0.13105510165586604 0.9605810395594281 0.24516426395093074 -0.6264321334703464 0.0 0.0 0.0 1.0" />
			</transform>
		</animation>
	</shape>
	<shape type="ply" name="temp10">
		<string name="filename" value="meshes/Cube_006.ply" />
		<boolean name="face_normals" value="true" />
		<ref id="mat-Material" name="bsdf" />
		<animation name="to_world">
			<transform time="0">
				<matrix value="0.985823152083145 -0.15488043961178333 -0.06392231387531849 0.039228905856151464 -0.027102501298696693 0.22907432476122339 -0.9729904151149282 -0.557141820076105 0.16536641862889545 0.9609993679902716 0.22165463966023374 -1.0327761673792923 0.0 0.0 0.0 1.0" />
			</transform>
			<transform time="0.0015">
				<matrix value="0.9858276998105422 -0.15509976601540176 -0.06332072446717309 0.039545426585497936 -0.02649369336193866 0.22887162285731122 -0.9730550939122222 -0.5586583222186483 0.16543907376007053 0.9610123437956343 0.22154419891178087 -1.033317172985344 0.0 0.0 0.0 1.0" />
			</transform>
		</animation>
	</shape>
	<shape type="ply" name="temp11">
		<string name="filename" value="meshes/Cube_007.ply" />
		<boolean name="face_normals" value="true" />
		<ref id="mat-Material" name="bsdf" />
		<animation name="to_world">
			<transform time="0">
				<matrix value="0.9319345527785017 -0.22470615719312592 -0.2840934073597431 0.14796409648612263 -0.23859336521123986 0.20912436407932036 -0.9482320229624968 -0.31289141619425465 0.2725197552599432 0.9516268514443404 0.14145417878389732 -1.6843160839595968 0.0 0.0 0.0 1.0" />
			</transform>
			<transform time="0.0015">
				<matrix value="0.9319554244537142 -0.225643929459858 -0.2832832288303251 0.14933228916072433 -0.23761371451935623 0.20917192250853567 -0.9484680324896748 -0.3157844137074637 0.27330609402787587 0.9513949689966554 0.14149924884213264 -1.6868095562183216 0.0 0.0 0.0 1.0" />
			</transform>
		</animation>
	</shape>
	<shape type="ply" name="temp12">
		<string name="filename" value="meshes/Cube_008.ply" />
		<boolean name="face_normals" value="true" />
		<ref id="mat-Material" name="bsdf" />
		<animation name="to_world">
			<transform time="0">
				<matrix value="0.2606195935655563 0.919343669369221 -0.2938557071269883 1.8961217508097556 -0.5362923672093711 -0.1152668311699689 -0.8360598382772264 0.31811674425543135 -0.8024598113210892 0.3755732411669862 0.46320920372124075 1.115808476646938 0.0 0.0 0.0 1.0" />
			</transform>
			<transform time="0.0015">
				<matrix value="0.26220945512820765 0.9188642403939977 -0.2939455936344906 1.8929365431832672 -0.5359453197596815 -0.11467678645768747 -0.8363637945830352 0.3165087096313415 -0.8021753948539749 0.3769278987267275 0.46260356337789643 1.1133287777374457 0.0 0.0 0.0 1.0" />
			</transform>
		</animation>
	</shape>
	<shape type="ply" name="temp13">
		<string name="filename" value="meshes/Cube_009.ply" />
		<boolean name="face_normals" value="true" />
		<ref id="mat-Material" name="bsdf" />
		<animation name="to_world">
			<transform time="0">
				<matrix value="-0.0573829134066277 0.9915888474270113 0.11601094935891951 2.579638120160726 -0.8963682146422068 -7.31137221201319e-06 -0.44331050857618615 1.2430858177151638 -0.4395810173981033 -0.1294269569878792 0.888829185934856 0.7966650052493472 0.0 0.0 0.0 1.0" />
			</transform>
			<transform time="0.0015">
				<matrix value="-0.057393248715523 0.9915867598842504 0.11602365959362455 2.579692384337661 -0.8963555288763094 -7.235695032357462e-06 -0.443336158825534 1.2430134464800346 -0.4396055384250902 -0.12944293194640266 0.8888147353298816 0.7966963944018806 0.0 0.0 0.0 1.0" />
			</transform>
		</animation>
	</shape>
	<shape type="ply" name="temp14">
		<string name="filename" value="meshes/Cube_010.ply" />
		<boolean name="face_normals" value="true" />
		<ref id="mat-Material" name="bsdf" />
		<animation name="to_world">
			<transform time="0">
				<matrix value="0.01633273540096485 0.997371423565411 0.07058924136483316 1.8829040910010257 -0.9748797486645142 0.00023663195653942344 0.22224653810858208 2.1989426437035697 0.221645661466561 -0.07245807981677976 0.9723208253412012 -0.5310918490997327 0.0 0.0 0.0 1.0" />
			</transform>
			<transform time="0.0015">
				<matrix value="0.016276439801577215 0.9973708078153879 0.07061094876065652 1.8830496462051705 -0.9751150177618624 0.00025366438275132804 0.221214498538894 2.1974560565533707 0.2206149948474438 -0.07246648255184968 0.9725551413051343 -0.5287830784245071 0.0 0.0 0.0 1.0" />
			</transform>
		</animation>
	</shape>
	<shape type="ply" name="temp15">
		<string name="filename" value="meshes/Cube_011.ply" />
		<boolean name="face_normals" value="true" />
		<ref id="mat-Material" name="bsdf" />
		<animation name="to_world">
			<transform time="0">
				<matrix value="-0.02180755974448032 0.9997389570379394 0.00242016811490326 1.4394069755068397 -0.8262999820930559 -0.01938547170244231 0.5628967600128789 2.264728448480004 0.5627970824091755 0.010275616730945325 0.8265069847728312 -1.3766275807849804 0.0 0.0 0.0 1.0" />
			</transform>
			<transform time="0.0015">
				<matrix value="-0.0215509243068345 0.9997436352362848 0.002799381605510721 1.4397432673338755 -0.826309332858862 -0.019386952055607358 0.5628830072580859 2.264598959803603 0.5627933165717518 0.009817490603956768 0.8265152483402223 -1.3765662339540485 0.0 0.0 0.0 1.0" />
			</transform>
		</animation>
	</shape>
	<shape type="ply" name="temp16">
		<string name="filename" value="meshes/Cube_012.ply" />
		<boolean name="face_normals" value="true" />
		<ref id="mat-Material" name="bsdf" />
		<animation name="to_world">
			<transform time="0">
				<matrix value="0.09259585534025853 0.9899270581511526 0.10708883405567865 1.108776912158708 -0.7568458602159116 0.00010174063405385224 0.6535205647389888 1.8435322561941536 0.6469273634063617 -0.14157701028110878 0.7492311241874501 -1.7735306426717488 0.0 0.0 0.0 1.0" />
			</transform>
			<transform time="0.0015">
				<matrix value="0.09265143176043988 0.9899319991696298 0.1069951451157249 1.1085954579167532 -0.7563859493420804 0.00010544669827763554 0.6540531776139675 1.8436123479150708 0.6474574528945538 -0.14154249148500248 0.7487799385141172 -1.7748246085607147 0.0 0.0 0.0 1.0" />
			</transform>
		</animation>
	</shape>
	<shape type="ply" name="temp17">
		<string name="filename" value="meshes/Cube_013.ply" />
		<boolean name="face_normals" value="true" />
		<ref id="mat-Material" name="bsdf" />
		<animation name="to_world">
			<transform time="0">
				<matrix value="0.8913715566807973 0.20336250033894912 0.40477393278146057 0.688762292284526 -0.43550273302519205 0.13930603037401212 0.8891440645151224 1.479476144841216 0.12458275490357731 -0.9690347563633785 0.21290701957022382 -1.3942224296784032 0.0 0.0 0.0 1.0" />
			</transform>
			<transform time="0.0015">
				<matrix value="0.8908472914750611 0.2037710489773787 0.4057231707250604 0.6903588750579472 -0.4364162932702908 0.13834989599104544 0.8888464058816816 1.4802902538965965 0.1251402663901276 -0.9690864718561638 0.212345423785763 -1.3954319563271893 0.0 0.0 0.0 1.0" />
			</transform>
		</animation>
	</shape>
	<shape type="ply" name="temp18">
		<string name="filename" value="meshes/Cube_014.ply" />
		<boolean name="face_normals" value="true" />
		<ref id="mat-Material" name="bsdf" />
		<animation name="to_world">
			<transform time="0">
				<matrix value="0.9413470011187408 0.29198046401611943 0.1691449249941256 0.11073949302955616 -0.2161024649529189 0.1366600267404776 0.9667433139126689 1.024638902396096 0.25916341327631476 -0.9465933006968794 0.19174251016854515 -0.8576326425836416 0.0 0.0 0.0 1.0" />
			</transform>
			<transform time="0.0015">
				<matrix value="0.9413508148269791 0.29203665496029124 0.16902673640658633 0.1106438773392007 -0.216102075603626 0.1370592565279494 0.9666869667657108 1.0245794376632429 0.2591499057280982 -0.9465183293770062 0.19213087315585925 -0.8573194567262663 0.0 0.0 0.0 1.0" />
			</transform>
		</animation>
	</shape>
	<shape type="ply" name="temp19">
		<string name="filename" value="meshes/Cube_015.ply" />
		<boolean name="face_normals" value="true" />
		<ref id="mat-Material" name="bsdf" />
		<animation name="to_world">
			<transform time="0">
				<matrix value="0.9834451630861644 0.12769331050033061 0.12856917943871238 0.03357063964080248 -0.1495749760206515 0.17153280088773382 0.9737577543578297 0.6393439534189078 0.10228852076230394 -0.9768678181897823 0.18779286426511074 -0.2968762777349666 0.0 0.0 0.0 1.0" />
			</transform>
			<transform time="0.0015">
				<matrix value="0.9834422429664672 0.127714725084667 0.12857029259485528 0.03358326719182817 -0.1495790354657387 0.17152210485928554 0.9737590138923033 0.6393477785129897 0.10231071845908371 -0.9768668870556012 0.1877855649224214 -0.296896166640063 0.0 0.0 0.0 1.0" />
			</transform>
		</animation>
	</shape>
	<shape type="ply" name="temp20">
		<string name="filename" value="meshes/Cube_016.ply" />
		<boolean name="face_normals" value="true" />
		<ref id="mat-Material" name="bsdf" />
		<animation name="to_world">
			<transform time="0">
				<matrix value="0.9849311291835321 0.03667027864745746 0.16901574676575726 0.06162564148531352 -0.1728780492777828 0.1809926307248505 0.968168895953432 0.3283641668080645 0.004913222239360882 -0.982798489017006 0.18460488411664505 0.14747239655035635 0.0 0.0 0.0 1.0" />
			</transform>
			<transform time="0.0015">
				<matrix value="0.9849260548771731 0.03667220173990733 0.16904490243571108 0.06162438517109181 -0.17290635848190689 0.1808512319921304 0.9681902739980113 0.3284383597689407 0.00493448964664151 -0.9828244556460246 0.1844660689500267 0.14748548020201685 0.0 0.0 0.0 1.0" />
			</transform>
		</animation>
	</shape>
	<shape type="ply" name="temp21">
		<string name="filename" value="meshes/Cube_017.ply" />
		<boolean name="face_normals" value="true" />
		<ref id="mat-Material" name="bsdf" />
		<animation name="to_world">
			<transform time="0">
				<matrix value="0.949393380104144 -0.07034226559843812 0.3061087862943661 0.2030141132616307 -0.290378386141089 0.1749000360850439 0.940790061562072 0.12983565730609284 -0.11971399418822148 -0.9820680276081875 0.14562284496106803 0.3841949887464997 0.0 0.0 0.0 1.0" />
			</transform>
			<transform time="0.0015">
				<matrix value="0.9493663171368961 -0.07040493243065671 0.30617835004292926 0.20299216865298814 -0.29045429329627653 0.17476725184532843 0.9407913210965456 0.12994747609085736 -0.11974455810771828 -0.9820871909503666 0.1454685085851728 0.38425989126415 0.0 0.0 0.0 1.0" />
			</transform>
		</animation>
	</shape>
	<shape type="ply" name="temp22">
		<string name="filename" value="meshes/Cube_018.ply" />
		<boolean name="face_normals" value="true" />
		<ref id="mat-Material" name="bsdf" />
		<animation name="to_world">
			<transform time="0">
				<matrix value="0.25425429545039513 0.9573304785127122 0.13735758954300525 0.851196281053237 -0.46978491277899814 -0.0018856802865110768 0.8827385784414078 -0.0881040160263899 0.8453318724103633 -0.28898905559391186 0.4492597516619774 -0.14062376795994508 0.0 0.0 0.0 1.0" />
			</transform>
			<transform time="0.0015">
				<matrix value="0.25433027122041707 0.9573329189853643 0.13719999539821476 0.8512230043333493 -0.4692485841279559 -0.0018864718256564935 0.8830240076759392 -0.0883558222426665 0.8456070657671774 -0.2889809907704399 0.4487471126208472 -0.1405470778247636 0.0 0.0 0.0 1.0" />
			</transform>
		</animation>
	</shape>
	<shape type="ply" name="temp23">
		<string name="filename" value="meshes/Cube_019.ply" />
		<boolean name="face_normals" value="true" />
		<ref id="mat-Material" name="bsdf" />
		<animation name="to_world">
			<transform time="0">
				<matrix value="-0.07845519806675921 0.9841410403756182 -0.15909406926666858 0.502872176748244 -0.9174367982383822 -0.008833367402064564 0.39778017692772116 -0.03785917244057594 0.390066610286387 0.17716703203642714 0.9035802545599477 -0.05307846108634173 0.0 0.0 0.0 1.0" />
			</transform>
			<transform time="0.0015">
				<matrix value="-0.07844167934868587 0.9841404922079148 -0.15910414469142073 0.5028882387362787 -0.91748484457941 -0.008838464685882992 0.397669227259258 -0.03774761293208202 0.38995630316375085 0.17716983895543442 0.903627316895347 -0.05312918792617683 0.0 0.0 0.0 1.0" />
			</transform>
		</animation>
	</shape>
	<shape type="ply" name="temp24">
		<string name="filename" value="meshes/Cube_020.ply" />
		<boolean name="face_normals" value="true" />
		<ref id="mat-Material" name="bsdf" />
		<animation name="to_world">
			<transform time="0">
				<matrix value="0.09459014684923002 0.950613995768666 -0.2956077510518954 0.11410074475957142 -0.9582278167137595 0.006433291037660015 -0.2859328002003282 0.15086199686824703 -0.2699102366667554 0.3103061338759444 0.9115133270386702 0.11435736405195523 0.0 0.0 0.0 1.0" />
			</transform>
			<transform time="0.0015">
				<matrix value="0.09459655758767711 0.9505833789324243 -0.295704147990962 0.11416462675732411 -0.958237719208189 0.006422194360710773 -0.28589985656555655 0.15082789091683246 -0.2698728234084366 0.31040015559027845 0.9114924000436277 0.11437294230462647 0.0 0.0 0.0 1.0" />
			</transform>
		</animation>
	</shape>
	<shape type="ply" name="temp25">
		<string name="filename" value="meshes/Cube_021.ply" />
		<boolean name="face_normals" value="true" />
		<ref id="mat-Material" name="bsdf" />
		<animation name="to_world">
			<transform time="0">
				<matrix value="0.20068810978907037 0.9345967965658719 -0.29368077458239583 -0.15788758382274348 -0.7897037730463259 -0.023067885771020584 -0.6130483839778809 0.10488441799881276 -0.5797271229923391 0.35495700039422395 0.7334276235508375 0.29629943038843143 0.0 0.0 0.0 1.0" />
			</transform>
			<transform time="0.0015">
				<matrix value="0.2005343120312726 0.9346265327864948 -0.29369125935585183 -0.157982459387364 -0.789818439604488 -0.023132181337141466 -0.6128982525748465 0.10475623455332747 -0.5796241688268419 0.3548745424551686 0.7335489133164996 0.29635340895272444 0.0 0.0 0.0 1.0" />
			</transform>
		</animation>
	</shape>
	<shape type="ply" name="temp26">
		<string name="filename" value="meshes/Cube_022.ply" />
		<boolean name="face_normals" value="true" />
		<ref id="mat-Material" name="bsdf" />
		<animation name="to_world">
			<transform time="0">
				<matrix value="0.6401646109140166 0.3998343842493998 -0.6559892411757169 -0.08156972279164637 -0.7093266368453992 -0.020298778948861444 -0.7045876296214696 -0.19196330043046334 -0.29503423594969747 0.9163625858584175 0.2706186371241846 0.6791284894399083 0.0 0.0 0.0 1.0" />
			</transform>
			<transform time="0.0015">
				<matrix value="0.6401589781148194 0.3998318761944281 -0.6559962537190025 -0.08159262824112534 -0.7093332908886436 -0.020299571989836188 -0.7045809064306983 -0.19197225863235157 -0.295030441389785 0.916363667175531 0.2706191222151643 0.6791731270040414 0.0 0.0 0.0 1.0" />
			</transform>
		</animation>
	</shape>
	<shape type="ply" name="temp27">
		<string name="filename" value="meshes/Cube_023.ply" />
		<boolean name="face_normals" value="true" />
		<ref id="mat-Material" name="bsdf" />
		<animation name="to_world">
			<transform time="0">
				<matrix value="0.8578343767231001 0.2780377662314908 -0.43222144001633966 -0.06402549279581127 -0.4802254590649029 0.13412267454836335 -0.8668303546733702 -0.28703440411578207 -0.183040882794618 0.9511603531745453 0.2485758363312201 0.20663294268165022 0.0 0.0 0.0 1.0" />
			</transform>
			<transform time="0.0015">
				<matrix value="0.8578327491154001 0.2780523039393508 -0.432215329572069 -0.0640387303742694 -0.4802238793280176 0.13412659507381466 -0.8668306184947803 -0.2870345988825854 -0.1830526877375248 0.9511555548298538 0.24858552113007804 0.20665457234115597 0.0 0.0 0.0 1.0" />
			</transform>
		</animation>
	</shape>
	<shape type="ply" name="temp28">
		<string name="filename" value="meshes/Cube_024.ply" />
		<boolean name="face_normals" value="true" />
		<ref id="mat-Material" name="bsdf" />
		<animation name="to_world">
			<transform time="0">
				<matrix value="0.8564126805986239 0.43986761169155425 -0.27032148819370805 -0.1906864876217218 -0.3780834516787317 0.17777345892875396 -0.9085425471407749 -0.5123741642957788 -0.3515824597049432 0.8802913085104386 0.31855417306313033 -0.3390987752297089 0.0 0.0 0.0 1.0" />
			</transform>
			<transform time="0.0015">
				<matrix value="0.8564276960775037 0.43985414779166115 -0.27029581241325595 -0.19065809911129172 -0.37805314945302193 0.17777874011157313 -0.9085541297517113 -0.5123515001679319 -0.35157845451344605 0.8802969704069915 0.3185429478876526 -0.3391066301605208 0.0 0.0 0.0 1.0" />
			</transform>
		</animation>
	</shape>
	<shape type="ply" name="temp29">
		<string name="filename" value="meshes/Cube_025.ply" />
		<boolean name="face_normals" value="true" />
		<ref id="mat-Material" name="bsdf" />
		<animation name="to_world">
			<transform time="0">
				<matrix value="0.8998195121864734 0.3649261716688603 -0.23906943450927404 -0.26580008008504596 -0.32110747801080447 0.18304829972696346 -0.9291843510073514 -0.7930444893288631 -0.2953224092109066 0.912864735317246 0.2818909120651921 -0.7064979180664666 0.0 0.0 0.0 1.0" />
			</transform>
			<transform time="0.0015">
				<matrix value="0.8998220333827145 0.3649190830344492 -0.2390707280852199 -0.26579898250623485 -0.32110445097962115 0.1830418065678795 -0.9291866743378332 -0.7930429904357283 -0.2953179907347091 0.9128688728570347 0.2818821548964533 -0.7064682325414255 0.0 0.0 0.0 1.0" />
			</transform>
		</animation>
	</shape>
	<shape type="ply" name="temp30">
		<string name="filename" value="meshes/Cube_026.ply" />
		<boolean name="face_normals" value="true" />
		<ref id="mat-Material" name="bsdf" />
		<animation name="to_world">
			<transform time="0">
				<matrix value="0.9232414848934537 0.23717541711599152 -0.30227965473043605 -0.3279417476991019 -0.3493096961670275 0.19045606906635687 -0.9174470864511908 -1.1462646712093447 -0.16002491901983418 0.9526141841338442 0.25868457345535745 -0.8853168795634379 0.0 0.0 0.0 1.0" />
			</transform>
			<transform time="0.0015">
				<matrix value="0.9232455219988274 0.23716031622213485 -0.3022791781498244 -0.3279667579026514 -0.3492997135064672 0.19042376471758934 -0.9174575967557511 -1.1462574309887223 -0.1600234126848647 0.9526244040823968 0.2586478767482613 -0.8853705123870127 0.0 0.0 0.0 1.0" />
			</transform>
		</animation>
	</shape>
	<shape type="ply" name="temp31">
		<string name="filename" value="meshes/Cube_027.ply" />
		<boolean name="face_normals" value="true" />
		<ref id="mat-Material" name="bsdf" />
		<animation name="to_world">
			<transform time="0">
				<matrix value="0.8736990871004402 0.1730439716075366 -0.45464956519806854 -0.5862003481697282 -0.48230492511883294 0.18613297651551974 -0.8560002571981196 -1.582666868480791 -0.06350041753320321 0.9671659473992695 0.24608411134976532 -1.0224552941330234 0.0 0.0 0.0 1.0" />
			</transform>
			<transform time="0.0015">
				<matrix value="0.8737001881291785 0.17303417667668294 -0.45465117365763286 -0.5862665545440788 -0.48230195712832113 0.18610097403444642 -0.8560088867113375 -1.5826618153730025 -0.06350777687311754 0.9671738620398092 0.2460511166527774 -1.0225168094940646 0.0 0.0 0.0 1.0" />
			</transform>
		</animation>
	</shape>
	<shape type="ply" name="temp32">
		<string name="filename" value="meshes/Cube_028.ply" />
		<boolean name="face_normals" value="true" />
		<ref id="mat-Material" name="bsdf" />
		<animation name="to_world">
			<transform time="0">
				<matrix value="-0.10554581163667696 0.9845685334245542 0.13958712846336888 -1.4858634326506506 -0.7978649515005487 -6.530224874484537e-05 -0.6028286592460597 -2.1213579803666276 -0.5935170213482688 -0.17499903008408024 0.7855595311996921 -1.3546423510178225 0.0 0.0 0.0 1.0" />
			</transform>
			<transform time="0.0015">
				<matrix value="-0.10556933056794265 0.9845691191379906 0.13956523554152173 -1.4859485598447875 -0.7977324929562537 -5.871130555355893e-05 -0.6030039728281982 -2.1213924434429536 -0.593690904104224 -0.17499575459432376 0.7854288885395266 -1.3551249020182579 0.0 0.0 0.0 1.0" />
			</transform>
		</animation>
	</shape>
	<shape type="ply" name="temp33">
		<string name="filename" value="meshes/Cube_029.ply" />
		<boolean name="face_normals" value="true" />
		<ref id="mat-Material" name="bsdf" />
		<animation name="to_world">
			<transform time="0">
				<matrix value="0.001769552033856535 0.9773438070347062 0.2116444202900949 -1.5769886420325063 -0.9983336347373442 -0.010467947929073074 0.05668542542412869 -1.8104190344527693 0.05761661232529648 -0.21139599059703018 0.975698323626153 -0.10213000006309425 0.0 0.0 0.0 1.0" />
			</transform>
			<transform time="0.0015">
				<matrix value="0.0016531346963880352 0.9773442275469171 0.21164345095917228 -1.5772426829044082 -0.9983429376323356 -0.010548113025298858 0.056506830244064235 -1.8106594533628386 0.0574590439429936 -0.21139007338949212 0.975708910524026 -0.10251200870558438 0.0 0.0 0.0 1.0" />
			</transform>
		</animation>
	</shape>
	<shape type="ply" name="temp34">
		<string name="filename" value="meshes/Cube_030.ply" />
		<boolean name="face_normals" value="true" />
		<ref id="mat-Material" name="bsdf" />
		<animation name="to_world">
			<transform time="0">
				<matrix value="-0.04299580890729911 0.9787109705019483 -0.2006885318430873 -3.2280779355482228 -0.9740874731165016 0.00357653155639745 0.22613210468367057 -1.9064735703693247 0.22203570154068653 0.20521186233878363 0.9531968162790847 0.2615334206636861 0.0 0.0 0.0 1.0" />
			</transform>
			<transform time="0.0015">
				<matrix value="-0.04296558855546674 0.9787106995162349 -0.20069632524319497 -3.228017498410694 -0.9741217765334831 0.0035766087013928746 0.22598435991926513 -1.9068022443474422 0.2218910845060285 0.20521315056506093 0.953230217026912 0.2612276582943444 0.0 0.0 0.0 1.0" />
			</transform>
		</animation>
	</shape>
	<shape type="ply" name="temp35">
		<string name="filename" value="meshes/Cube_031.ply" />
		<boolean name="face_normals" value="true" />
		<ref id="mat-Material" name="bsdf" />
		<animation name="to_world">
			<transform time="0">
				<matrix value="0.1376956688243648 0.977468436015794 0.15997856603538083 -1.8912102089256861 -0.7584147124162496 0.000179611741614399 0.6516951199966338 -1.1015756107777992 0.636982360773509 -0.2110800900248841 0.7413501766582304 0.6301653201970854 0.0 0.0 0.0 1.0" />
			</transform>
			<transform time="0.0015">
				<matrix value="0.1376280209804081 0.9774647490248027 0.1600592809192195 -1.8912776811188938 -0.7588845325487252 0.0002289831791900753 0.6511483458691949 -1.1036304417399905 0.63643759090214 -0.21109709824198275 0.7418134130127434 0.6293829526524369 0.0 0.0 0.0 1.0" />
			</transform>
		</animation>
	</shape>
	<shape type="ply" name="temp36">
		<string name="filename" value="meshes/Cube_032.ply" />
		<boolean name="face_normals" value="true" />
		<ref id="mat-Material" name="bsdf" />
		<animation name="to_world">
			<transform time="0">
				<matrix value="0.747782907555844 0.6138908646435404 0.2528852050091225 -0.6556413414975482 -0.31692576330565736 -0.004646891158747077 0.9484317770167949 0.15575478131095072 0.5834084627154373 -0.7893772305458855 0.1910826598824359 -0.11365960233403727 0.0 0.0 0.0 1.0" />
			</transform>
			<transform time="0.0015">
				<matrix value="0.7477190159751481 0.6138877258202524 0.25308176898031937 -0.6556049419907208 -0.31718038019061634 -0.0046383947846187715 0.9483467414190896 0.1548920479473203 0.5833520549387738 -0.7893797235825639 0.19124462325019093 -0.11364099554244 0.0 0.0 0.0 1.0" />
			</transform>
		</animation>
	</shape>
	<shape type="ply" name="temp37">
		<string name="filename" value="meshes/Cube_033.ply" />
		<boolean name="face_normals" value="true" />
		<ref id="mat-Material" name="bsdf" />
		<animation name="to_world">
			<transform time="0">
				<matrix value="0.9766832970762038 0.1692732931044193 0.1320487414076207 -0.14191174546645557 -0.15011065516367122 0.09871867849477393 0.9837284366089374 0.3004440864384981 0.1534832995583545 -0.9806126322683726 0.12182658180389494 -0.3810294520014713 0.0 0.0 0.0 1.0" />
			</transform>
			<transform time="0.0015">
				<matrix value="0.9766821481766508 0.16927991617173982 0.13204874566280475 -0.14192122661115691 -0.15011027698423504 0.0987109373155214 0.9837292706250078 0.3004458369224443 0.15349097803703354 -0.9806122643201882 0.12181983733720345 -0.3810438033384087 0.0 0.0 0.0 1.0" />
			</transform>
		</animation>
	</shape>
	<shape type="ply" name="temp38">
		<string name="filename" value="meshes/Cube_034.ply" />
		<boolean name="face_normals" value="true" />
		<ref id="mat-Material" name="bsdf" />
		<animation name="to_world">
			<transform time="0">
				<matrix value="0.9999244273767036 0.001931857670574837 0.012157008105050302 -0.03362667484292836 -0.01230616176175963 0.18004219655711137 0.9835819897016738 0.3693667582059176 -0.00028863268070500173 -0.9836569167520124 0.18005235920175916 -0.3665695138378696 0.0 0.0 0.0 1.0" />
			</transform>
			<transform time="0.0015">
				<matrix value="0.9999244114197654 0.0019265395427542592 0.012158201258653013 -0.03362906256337295 -0.01230638037181346 0.1800337622836256 0.9835835300782936 0.36936640898073714 -0.0002939727817841682 -0.9836584711453631 0.18004385989717264 -0.366596491593165 0.0 0.0 0.0 1.0" />
			</transform>
		</animation>
	</shape>
	<shape type="ply" name="temp39">
		<string name="filename" value="meshes/Cube_035.ply" />
		<boolean name="face_normals" value="true" />
		<ref id="mat-Material" name="bsdf" />
		<animation name="to_world">
			<transform time="0">
				<matrix value="0.9988865781248062 -0.047069383404634325 0.0032079673736620613 0.00907248172191255 0.006492306662624308 0.20448933405364367 0.9788472276264821 0.09130327325722477 -0.0467297443207506 -0.977736362252124 0.2045672523439779 -0.14934635353557174 0.0 0.0 0.0 1.0" />
			</transform>
			<transform time="0.0015">
				<matrix value="0.9988861632444119 -0.047078151835144744 0.003208434592868829 0.00907053607698034 0.006493464976770842 0.20448552691630634 0.9788480190907121 0.09130554821440975 -0.046738448830558214 -0.977736737709455 0.20456347544263065 -0.14937111854554921 0.0 0.0 0.0 1.0" />
			</transform>
		</animation>
	</shape>
	<shape type="ply" name="temp40">
		<string name="filename" value="meshes/Cube_036.ply" />
		<boolean name="face_normals" value="true" />
		<ref id="mat-Material" name="bsdf" />
		<animation name="to_world">
			<transform time="0">
				<matrix value="0.9989023131871346 -0.04673007969997267 0.0032786968565567316 0.003021948169962707 0.006515661041049453 0.20790653556462663 0.9781271674496868 -0.23964043052774814 -0.046389623191797555 -0.9770318695598668 0.2079827866376121 0.1874394547195497 0.0 0.0 0.0 1.0" />
			</transform>
			<transform time="0.0015">
				<matrix value="0.9989015312971611 -0.04674668467589773 0.003278263678822224 0.003019505845337938 0.006519535545222479 0.20790629602284938 0.9781271929807911 -0.2396299123923982 -0.04640577480467979 -0.9770311261543513 0.20798267430075368 0.1874101792386264 0.0 0.0 0.0 1.0" />
			</transform>
		</animation>
	</shape>
	<shape type="ply" name="temp41">
		<string name="filename" value="meshes/Cube_037.ply" />
		<boolean name="face_normals" value="true" />
		<ref id="mat-Material" name="bsdf" />
		<animation name="to_world">
			<transform time="0">
				<matrix value="0.998845356693917 -0.047924484223743964 0.0033975564287473743 -0.005441561430378883 0.006650636848945174 0.20795542767034542 0.9781158204738214 -0.5702780147784744 -0.04758225226806518 -0.9769634539853116 0.20803403714527108 0.5204568851171241 0.0 0.0 0.0 1.0" />
			</transform>
			<transform time="0.0015">
				<matrix value="0.9988451971245347 -0.0479276395671545 0.0033983402336461594 -0.005444254640933149 0.006650458929083846 0.20795402571267108 0.9781161183367036 -0.5702794114013854 -0.04758551067485292 -0.9769635966590975 0.20803261761587785 0.520465295887174 0.0 0.0 0.0 1.0" />
			</transform>
		</animation>
	</shape>
	<shape type="ply" name="temp42">
		<string name="filename" value="meshes/Cube_038.ply" />
		<boolean name="face_normals" value="true" />
		<ref id="mat-Material" name="bsdf" />
		<animation name="to_world">
			<transform time="0">
				<matrix value="0.9990237612738397 -0.04403424533241 0.00356861208991911 0.009102512480779978 0.005673817476822918 0.2079923679089239 0.9781141657065076 -0.9039630355464982 -0.04381276960145525 -0.9771387688951094 0.20803916692394359 0.8662818641169491 0.0 0.0 0.0 1.0" />
			</transform>
			<transform time="0.0015">
				<matrix value="0.999023649575272 -0.04403707477885714 0.0035680018965288515 0.009109246600469927 0.0056749119632165095 0.20799030214268818 0.9781145997352789 -0.9039606461229359 -0.0438154219637288 -0.9771390842792675 0.2080371414563441 0.8662997006637114 0.0 0.0 0.0 1.0" />
			</transform>
		</animation>
	</shape>
	<shape type="ply" name="temp43">
		<string name="filename" value="meshes/Cube_039.ply" />
		<boolean name="face_normals" value="true" />
		<ref id="mat-Material" name="bsdf" />
		<animation name="to_world">
			<transform time="0">
				<matrix value="0.9999431473693772 -0.009656983807650264 -0.004553343320389894 0.02186947967682973 0.008286251953799435 0.433015892410652 0.9013481823919851 -1.319252636195854 -0.006732629904586843 -0.9013345869269 0.4330711990443005 1.4759071763266527 0.0 0.0 0.0 1.0" />
			</transform>
			<transform time="0.0015">
				<matrix value="0.9999431326324888 -0.009660062734250496 -0.004551874338566006 0.021873849118415428 0.008286261325898221 0.43301590430971704 0.9013481765893688 -1.3192526087502872 -0.006736039725468377 -0.9013345497440397 0.4330712272854604 1.4759206206306628 0.0 0.0 0.0 1.0" />
