<scene version="2.1.0">
	<default name="spp" value="1024" />
	<default name="resx" value="1280" />
	<default name="resy" value="720" />
	<integrator type="path" name="temp0">
		<integer name="max_depth" value="12" />
	</integrator>
	<sensor type="perspective" name="temp44">
		<string name="fov_axis" value="x" />
		<float name="fov" value="83.974423" />
		<float name="principal_point_offset_x" value="0.000000" />
		<float name="principal_point_offset_y" value="-0.000000" />
		<float name="near_clip" value="0.100000" />
		<float name="far_clip" value="1000.000000" />
		<transform name="to_world">
			<rotate x="1" angle="-142.5518126578256" />
			<rotate y="1" angle="3.976628485794621e-06" />
			<rotate z="1" angle="-179.999991348578" />
			<translate value="-0.000000 3.030926 4.073377" />
		</transform>
		<sampler type="correlated" name="sampler">
			<integer name="sample_count" value="1024" />
		</sampler>
		<film type="hdrfilm" name="film">
			<integer name="width" value="$resx" />
			<integer name="height" value="$resy" />
		</film>
		<float name="shutter_open" value="0.0" />
		<float name="shutter_close" value="0.0015" />
	</sensor>
	<bsdf type="twosided" id="mat-Material" name="mat-Material">
		<bsdf type="diffuse" name="bsdf">
			<texture type="bitmap" name="reflectance">
				<string name="filename" value="textures/siggraph_2023_logo.jpg" />
			</texture>
		</bsdf>
	</bsdf>
	<bsdf type="twosided" id="mat-Material.001" name="mat-Material.001">
		<bsdf type="principled" name="bsdf">
			<rgb value="0.433648 0.266232 0.084399" name="base_color" />
			<float name="spec_tint" value="0.000000" />
			<float name="spec_trans" value="0.000000" />
			<float name="metallic" value="0.000000" />
			<float name="anisotropic" value="0.000000" />
			<float name="roughness" value="0.500000" />
			<float name="sheen" value="0.000000" />
			<float name="sheen_tint" value="0.500000" />
			<float name="clearcoat" value="0.000000" />
			<float name="clearcoat_gloss" value="0.173205" />
			<float name="specular" value="0.500000" />
		</bsdf>
	</bsdf>
	<bsdf type="twosided" id="mat-Material.002" name="mat-Material.002">
		<bsdf type="principled" name="bsdf">
			<rgb value="0.433648 0.266232 0.084399" name="base_color" />
			<float name="spec_tint" value="0.000000" />
			<float name="spec_trans" value="0.000000" />
			<float name="metallic" value="0.000000" />
			<float name="anisotropic" value="0.000000" />
			<float name="roughness" value="0.500000" />
			<float name="sheen" value="0.000000" />
			<float name="sheen_tint" value="0.500000" />
			<float name="clearcoat" value="0.000000" />
			<float name="clearcoat_gloss" value="0.173205" />
			<float name="specular" value="0.500000" />
		</bsdf>
	</bsdf>
	<bsdf type="twosided" id="mat-Material.003" name="mat-Material.003">
		<bsdf type="principled" name="bsdf">
			<rgb value="0.433648 0.266232 0.084399" name="base_color" />
			<float name="spec_tint" value="0.000000" />
			<float name="spec_trans" value="0.000000" />
			<float name="metallic" value="0.000000" />
			<float name="anisotropic" value="0.000000" />
			<float name="roughness" value="0.500000" />
			<float name="sheen" value="0.000000" />
			<float name="sheen_tint" value="0.500000" />
			<float name="clearcoat" value="0.000000" />
			<float name="clearcoat_gloss" value="0.173205" />
			<float name="specular" value="0.500000" />
		</bsdf>
	</bsdf>
	<bsdf type="twosided" id="mat-Material.004" name="mat-Material.004">
		<bsdf type="principled" name="bsdf">
			<rgb value="0.433648 0.266232 0.084399" name="base_color" />
			<float name="spec_tint" value="0.000000" />
			<float name="spec_trans" value="0.000000" />
			<float name="metallic" value="0.000000" />
			<float name="anisotropic" value="0.000000" />
			<float name="roughness" value="0.500000" />
			<float name="sheen" value="0.000000" />
			<float name="sheen_tint" value="0.500000" />
			<float name="clearcoat" value="0.000000" />
			<float name="clearcoat_gloss" value="0.173205" />
			<float name="specular" value="0.500000" />
		</bsdf>
	</bsdf>
	<bsdf type="twosided" id="mat-Material.005" name="mat-Material.005">
		<bsdf type="principled" name="bsdf">
			<rgb value="0.433648 0.266232 0.084399" name="base_color" />
			<float name="spec_tint" value="0.000000" />
			<float name="spec_trans" value="0.000000" />
			<float name="metallic" value="0.000000" />
			<float name="anisotropic" value="0.000000" />
			<float name="roughness" value="0.500000" />
			<float name="sheen" value="0.000000" />
			<float name="sheen_tint" value="0.500000" />
			<float name="clearcoat" value="0.000000" />
			<float name="clearcoat_gloss" value="0.173205" />
			<float name="specular" value="0.500000" />
		</bsdf>
	</bsdf>
	<emitter type="point" name="temp45">
		<point name="position" x="-6.815235034541981e-16" y="3.0693089962005615" z="4.109199523925781" />
		<rgb value="7.957747 7.957747 7.957747" name="intensity" />
	</emitter>
	<shape type="ply" name="temp2">
		<string name="filename" value="meshes/Cube.ply" />
		<boolean name="face_normals" value="true" />
		<ref id="mat-Material" name="bsdf" />
		<animation name="to_world">
			<transform time="0">
				<matrix value="0.9999991135176153 0.00023272350304428448 0.001424551357121953 -0.002357158546548721 -0.00023299017600221267 1.0 0.00018651946171837657 -0.017503181857285333 -0.0014245062736358367 -0.0001868510688890604 0.999999054418678 0.0032729611596471475 0.0 0.0 0.0 1.0" />
			</transform>
			<transform time="0.0015">
				<matrix value="0.9999991135176153 0.00023217991592032355 0.0014249876836926443 -0.002357398538249836 -0.00023244357108294654 1.0 0.00018437431281281342 -0.017501349497669794 -0.0014249433341741143 -0.00018470524013208678 0.9999990544186781 0.0032700582546626744 0.0 0.0 0.0 1.0" />
			</transform>
		</animation>
	</shape>
	<shape type="ply" name="temp4">
		<string name="filename" value="meshes/Plane.ply" />
		<boolean name="face_normals" value="true" />
		<ref id="mat-Material.001" name="bsdf" />
	</shape>
	<shape type="ply" name="temp5">
		<string name="filename" value="meshes/Cube_001.ply" />
		<boolean name="face_normals" value="true" />
		<ref id="mat-Material" name="bsdf" />
		<animation name="to_world">
			<transform time="0">
				<matrix value="0.9999986702764229 0.00010463890968935575 -0.0017280451382699928 0.002292367253877714 -0.00010768012878816085 0.99999833132745 -0.0017597859393002982 -0.015701252338874983 0.0017278605456830967 0.0017599697970268426 0.9999969268607032 -0.0038616167331395612 0.0 0.0 0.0 1.0" />
			</transform>
			<transform time="0.0015">
				<matrix value="0.999998670276423 9.496883341660366e-05 -0.0017287137978888583 0.002296516925539222 -9.76985692566043e-05 0.9999982036719575 -0.0015807665173878066 -0.015901337057307095 0.001728516535413969 0.0015809331188766046 0.9999967992051823 -0.003860089210798861 0.0 0.0 0.0 1.0" />
			</transform>
		</animation>
	</shape>
	<shape type="ply" name="temp6">
		<string name="filename" value="meshes/Cube_002.ply" />
		<boolean name="face_normals" value="true" />
		<ref id="mat-Material" name="bsdf" />
		<animation name="to_world">
			<transform time="0">
				<matrix value="1.0 8.00372531146816e-05 0.00038091088794341263 -0.0009511855954560389 -8.117918113849159e-05 0.9999954111504872 0.002998651128243994 -0.01942158554507256 -0.00038067016295319195 -0.0029986859203667746 0.9999955084887199 0.0008372689192809313 0.0 0.0 0.0 1.0" />
			</transform>
			<transform time="0.0015">
				<matrix value="1.0 7.643282819408469e-05 0.0003812020276349156 -0.000950001224858907 -7.749944735357115e-05 0.9999954712236602 0.002802777347897212 -0.019302388424360942 -0.0003809681747316831 -0.002802810356374208 0.9999955595509283 0.0008306277034531933 0.0 0.0 0.0 1.0" />
			</transform>
		</animation>
	</shape>
	<shape type="ply" name="temp7">
		<string name="filename" value="meshes/Cube_003.ply" />
		<boolean name="face_normals" value="true" />
		<ref id="mat-Material" name="bsdf" />
		<animation name="to_world">
			<transform time="0">
				<matrix value="0.9999991135176153 -0.0005305523514724993 0.001367400422012944 -0.001168079677619449 0.0005375052967322487 0.9999868592036677 -0.005089189594255783 -0.01728158793556822 -0.0013646820099037812 0.005089922677885709 0.9999862890708293 0.0038491316383491014 0.0 0.0 0.0 1.0" />
			</transform>
			<transform time="0.0015">
				<matrix value="0.9999991135176153 -0.0005226084252611682 0.0013677223692368423 -0.0011691649624540256 0.0005294564256028698 0.9999871745878258 -0.005011624397637938 -0.017289427287732112 -0.0013650688060866162 0.005012346284866364 0.9999865954440796 0.0038562895733328722 0.0 0.0 0.0 1.0" />
			</transform>
		</animation>
	</shape>
	<shape type="ply" name="temp8">
		<string name="filename" value="meshes/Cube_004.ply" />
		<boolean name="face_normals" value="true" />
		<ref id="mat-Material" name="bsdf" />
		<animation name="to_world">
			<transform time="0">
				<matrix value="0.9999995567588077 -0.00033467522417572794 0.0011085120757826695 -0.000457057958684004 0.0003363624436418824 0.9999987484955875 -0.0015217713007558505 -0.018668353564641638 -0.0011080010354114255 0.0015221443276605422 0.9999983452326863 0.003364089698362247 0.0 0.0 0.0 1.0" />
			</transform>
			<transform time="0.0015">
				<matrix value="0.9999995567588077 -0.00033471697503094583 0.001109037591010682 -0.00045720631638071355 0.0003364182131410164 0.9999987259681475 -0.0015335536500307738 -0.018668752583906024 -0.0011085225081529702 0.0015339268545335335 0.9999983282119501 0.00336824981775181 0.0 0.0 0.0 1.0" />
			</transform>
		</animation>
	</shape>
	<shape type="ply" name="temp9">
		<string name="filename" value="meshes/Cube_005.ply" />
		<boolean name="face_normals" value="true" />
		<ref id="mat-Material" name="bsdf" />
		<animation name="to_world">
			<transform time="0">
				<matrix value="1.0 0.0001192279052110558 0.0008060915294352374 -0.000671913374890476 -0.00012099287800052126 0.9999977055752436 0.002189607021130433 -0.01662751570631177 -0.0008058302173477511 -0.0021897030388612977 0.9999973996513641 0.0022725166084046067 0.0 0.0 0.0 1.0" />
			</transform>
			<transform time="0.0015">
				<matrix value="0.9999999840430618 0.00013376616874794642 0.0008062406310837359 -0.0006739903983671565 -0.000135618481008462 0.999997300081326 0.00229739355599119 -0.016546841153559012 -0.0008058906941436647 -0.0022975010437410936 0.9999969996640651 0.002270155690281699 0.0 0.0 0.0 1.0" />
			</transform>
		</animation>
	</shape>
	<shape type="ply" name="temp10">
		<string name="filename" value="meshes/Cube_006.ply" />
		<boolean name="face_normals" value="true" />
		<ref id="mat-Material" name="bsdf" />
		<animation name="to_world">
			<transform time="0">
				<matrix value="0.9999991135176153 -0.00020175606927494094 -0.001450238073737377 -0.0012033015420214177 0.00020462140996796254 0.9999979141593124 0.0019759860167434086 -0.016951421395427047 0.001449837507778883 -0.0019762798196999313 0.9999971632560337 -0.0034409217366200284 0.0 0.0 0.0 1.0" />
			</transform>
			<transform time="0.0015">
				<matrix value="0.9999991135176153 -0.00018629462374320464 -0.0014511170245511283 -0.001203690776000247 0.00018902999731636383 0.999997981741632 0.0018866898734737536 -0.016973181969611863 0.0014507267879467621 -0.0018869609986505566 0.9999972228286103 -0.0034462944136938586 0.0 0.0 0.0 1.0" />
			</transform>
		</animation>
	</shape>
	<shape type="ply" name="temp11">
		<string name="filename" value="meshes/Cube_007.ply" />
		<boolean name="face_normals" value="true" />
		<ref id="mat-Material" name="bsdf" />
		<animation name="to_world">
			<transform time="0">
				<matrix value="0.9999995567588077 0.001100212129997935 -7.056944325590124e-05 0.0005142997115341608 -0.0011004570703175558 0.9999931167257308 -0.00355087062036281 -0.018524731446629583 6.666214560650466e-05 0.0035509414441943755 0.9999938537214063 -0.00029670836428508096 0.0 0.0 0.0 1.0" />
			</transform>
			<transform time="0.0015">
				<matrix value="0.9999995248449313 0.0011243962377914289 -7.239489167473535e-05 0.0005117873239634668 -0.0011246564054296234 0.9999927112318132 -0.0036297208825584663 -0.018543460565682107 6.826194036320778e-05 0.0036297966448834333 0.9999934877755794 -0.0003033746955935433 0.0 0.0 0.0 1.0" />
			</transform>
		</animation>
	</shape>
	<shape type="ply" name="temp12">
		<string name="filename" value="meshes/Cube_008.ply" />
		<boolean name="face_normals" value="true" />
		<ref id="mat-Material" name="bsdf" />
		<animation name="to_world">
			<transform time="0">
				<matrix value="0.9999968973116535 -0.002596658900386506 9.10923402712211e-05 0.00024447053466980506 0.002596378364865512 0.9999922823894557 0.0029491026669648396 -0.019836108224317195 -9.874926200341473e-05 -0.0029488572721792657 0.9999957448840504 6.746121093526014e-05 0.0 0.0 0.0 1.0" />
			</transform>
			<transform time="0.0015">
				<matrix value="0.99999692922553 -0.0025790758581139455 9.114429606825781e-05 0.00024310345261489193 0.0025787973294561103 0.9999923724992152 0.0029292658500421767 -0.019822344704197564 -9.870756652380468e-05 -0.0029290222368347904 0.9999957959462588 6.5828282530461e-05 0.0 0.0 0.0 1.0" />
			</transform>
		</animation>
	</shape>
	<shape type="ply" name="temp13">
		<string name="filename" value="meshes/Cube_009.ply" />
		<boolean name="face_normals" value="true" />
		<ref id="mat-Material" name="bsdf" />
		<animation name="to_world">
			<transform time="0">
				<matrix value="0.9999986702764229 -0.00152703979575448 0.0009286199571557104 0.001730921288442655 0.001526256721752682 0.9999985399115188 0.0008414657266957937 -0.01965545902545368 -0.0009299022919115575 -0.0008400452210261085 0.9999992908140084 0.00159662212154843 0.0 0.0 0.0 1.0" />
			</transform>
			<transform time="0.0015">
				<matrix value="0.9999987021902994 -0.0014941227006226238 0.0009288596091204202 0.0017282401994802832 0.0014933562277900342 0.9999985849663985 0.0008236531859210672 -0.01961470422100069 -0.0009301033493333282 -0.0008222631863680665 0.9999992993243765 0.0015953781168767832 0.0 0.0 0.0 1.0" />
			</transform>
		</animation>
	</shape>
	<shape type="ply" name="temp14">
		<string name="filename" value="meshes/Cube_010.ply" />
		<boolean name="face_normals" value="true" />
		<ref id="mat-Material" name="bsdf" />
		<animation name="to_world">
			<transform time="0">
				<matrix value="0.9999809406287288 -0.00030078448468262895 0.006227764064221992 0.013266914215039227 0.0002994160740531925 1.0 0.00022051263745797483 -0.017976265989827656 -0.006227831291764401 -0.00021864407840257977 0.9999806155828964 0.010221235262714679 0.0 0.0 0.0 1.0" />
			</transform>
			<transform time="0.0015">
				<matrix value="0.9999275327564536 0.0016653040621937426 0.00626725472515392 0.01345207952081933 -0.0016664294894386444 0.9999468577693567 0.0001789756329937176 -0.014475509752507864 -0.00626875477470261 -0.0001915451451648546 0.9999803347407502 0.010271570938586093 0.0 0.0 0.0 1.0" />
			</transform>
		</animation>
	</shape>
	<shape type="ply" name="temp15">
		<string name="filename" value="meshes/Cube_011.ply" />
		<boolean name="face_normals" value="true" />
		<ref id="mat-Material" name="bsdf" />
		<animation name="to_world">
			<transform time="0">
				<matrix value="0.9852245548528705 0.17126483293459013 -0.0012487512416664737 0.047946107145293126 -0.17117797552244837 0.9849101941291929 0.025493676188512986 0.2764335561439388 0.005596079620301866 -0.02490322742129602 0.9996742472345291 -0.038953189637541685 0.0 0.0 0.0 1.0" />
			</transform>
			<transform time="0.0015">
				<matrix value="0.9848258547941117 0.1732306374104498 -0.0013440088977656477 0.048749558572186893 -0.17313297810705494 0.9844901700128957 0.026167921161939542 0.280337444286382 0.005890671188651566 -0.025525958697908007 0.9996504862868918 -0.040117585614659605 0.0 0.0 0.0 1.0" />
			</transform>
		</animation>
	</shape>
	<shape type="ply" name="temp16">
		<string name="filename" value="meshes/Cube_012.ply" />
		<boolean name="face_normals" value="true" />
		<ref id="mat-Material" name="bsdf" />
		<animation name="to_world">
			<transform time="0">
				<matrix value="0.9912397810743103 0.1317918414427343 0.008674290258479383 0.12718653762877996 -0.13194053653459853 0.9850920794371568 0.11038723446303508 0.29720302476231175 0.006003170061007718 -0.11056465793255643 0.9938508846622455 -0.34348361785459547 0.0 0.0 0.0 1.0" />
			</transform>
			<transform time="0.0015">
				<matrix value="0.990973028937823 0.13348938315735512 0.008634802150657874 0.12743665699408904 -0.13359337853677264 0.9845874347475772 0.11214888235455964 0.30164970058315776 0.0065485178926796474 -0.11227568832725422 0.9936113688634247 -0.3461384566832366 0.0 0.0 0.0 1.0" />
			</transform>
		</animation>
	</shape>
	<shape type="ply" name="temp17">
		<string name="filename" value="meshes/Cube_013.ply" />
		<boolean name="face_normals" value="true" />
		<ref id="mat-Material" name="bsdf" />
		<animation name="to_world">
			<transform time="0">
				<matrix value="0.9841824948096456 0.155455787477864 0.08495986716473587 0.16715309480920204 -0.17613815473372726 0.9100197529113122 0.3752858610534438 0.5971774425862136 -0.01897476982484881 -0.38431447802879715 0.923007222822929 -0.39488879623050255 0.0 0.0 0.0 1.0" />
			</transform>
			<transform time="0.0015">
				<matrix value="0.9839270720993057 0.15675380955195345 0.08524440876787806 0.1674111694153363 -0.17745591060711324 0.9084216112723551 0.3780923847028088 0.6018061694107086 -0.01806069002184111 -0.38713332156090713 0.9216942517482319 -0.3980132294061251 0.0 0.0 0.0 1.0" />
			</transform>
		</animation>
	</shape>
	<shape type="ply" name="temp18">
		<string name="filename" value="meshes/Cube_014.ply" />
		<boolean name="face_normals" value="true" />
		<ref id="mat-Material" name="bsdf" />
		<animation name="to_world">
			<transform time="0">
				<matrix value="0.9678495001125833 0.24815476103566161 0.041077069132868835 0.059146433257215136 -0.17958763498910515 0.5674016473969751 0.8036193070685513 0.8399732845890571 0.17611470727465176 -0.7851590349232307 0.5937246022766761 -0.5414323181886298 0.0 0.0 0.0 1.0" />
			</transform>
			<transform time="0.0015">
				<matrix value="0.9676168319961677 0.24884839592742178 0.04193733202938612 0.05956010056295666 -0.18001243102465475 0.5642565239349959 0.8055092045047416 0.8420572772407949 0.1768937632959736 -0.7869710821128599 0.5908070778966396 -0.5440369961915 0.0 0.0 0.0 1.0" />
			</transform>
		</animation>
	</shape>
	<shape type="ply" name="temp19">
		<string name="filename" value="meshes/Cube_015.ply" />
		<boolean name="face_normals" value="true" />
		<ref id="mat-Material" name="bsdf" />
		<animation name="to_world">
			<transform time="0">
				<matrix value="0.9701924730553679 0.23731172680493012 0.04909467680266805 0.021014374943681413 -0.14115800307432091 0.38873333152560474 0.9104730696075507 0.5929195644126536 0.19698117288711356 -0.8902637128381409 0.4106444562221851 -0.3697760468788358 0.0 0.0 0.0 1.0" />
			</transform>
			<transform time="0.0015">
				<matrix value="0.9702129138932479 0.23710187619343392 0.04961571642811521 0.02125382776658008 -0.14120692066417648 0.38707493649415337 0.911125065925745 0.593342543953637 0.19684391290010333 -0.8909919198409484 0.4090242012877658 -0.3703356156458437 0.0 0.0 0.0 1.0" />
			</transform>
		</animation>
	</shape>
	<shape type="ply" name="temp20">
		<string name="filename" value="meshes/Cube_016.ply" />
		<boolean name="face_normals" value="true" />
		<ref id="mat-Material" name="bsdf" />
		<animation name="to_world">
			<transform time="0">
				<matrix value="0.9668544236357479 0.23927617156456824 0.08910399550659756 0.07654307852632558 -0.17960926515929204 0.3893328021392382 0.9034159598052292 0.3098212360077119 0.18147477868967266 -0.889475682226343 0.41940432159031654 -0.2627984382625868 0.0 0.0 0.0 1.0" />
			</transform>
			<transform time="0.0015">
				<matrix value="0.9667215182971822 0.23954443582763638 0.08974728401618776 0.07633430337682456 -0.17998170328910246 0.3876512488996048 0.9040154641731987 0.310345573561672 0.1817944759472262 -0.8900884135723985 0.4178730425540165 -0.26241139720800627 0.0 0.0 0.0 1.0" />
			</transform>
		</animation>
	</shape>
	<shape type="ply" name="temp21">
		<string name="filename" value="meshes/Cube_017.ply" />
		<boolean name="face_normals" value="true" />
		<ref id="mat-Material" name="bsdf" />
		<animation name="to_world">
			<transform time="0">
				<matrix value="0.9387742076177205 0.2286477703405969 0.25772859073869286 0.19752849180714493 -0.33083168004368585 0.3893674270946534 0.8596182877318861 0.10550150115625978 0.09619871921025057 -0.8922517275975496 0.4411718400208784 -0.07981966122613943 0.0 0.0 0.0 1.0" />
			</transform>
			<transform time="0.0015">
				<matrix value="0.9386779553662823 0.22873171509068338 0.25799985021039606 0.19717192830330033 -0.3309260334194739 0.3876913630412006 0.8602883685822185 0.1059114841837369 0.09676463362047581 -0.8929110231618077 0.439614961797439 -0.07895120649679198 0.0 0.0 0.0 1.0" />
			</transform>
		</animation>
	</shape>
	<shape type="ply" name="temp22">
		<string name="filename" value="meshes/Cube_018.ply" />
		<boolean name="face_normals" value="true" />
		<ref id="mat-Material" name="bsdf" />
		<animation name="to_world">
			<transform time="0">
				<matrix value="0.16115500676386058 0.9815484446928914 0.10291577092536007 0.8630258741962565 -0.5418490604173204 0.000838975184753339 0.8404754666562022 -0.05432914011280318 0.8248811670363297 -0.19121160228024106 0.5319861793833959 -0.29016410777215634 0.0 0.0 0.0 1.0" />
			</transform>
			<transform time="0.0015">
				<matrix value="0.16098478133814909 0.9815998297832252 0.10268052477819746 0.8631691563837296 -0.5406055840914219 0.0006732408847523691 0.841241587010148 -0.054868979226634 0.8256935985896655 -0.19094105824025848 0.5307656564369887 -0.2894334204045037 0.0 0.0 0.0 1.0" />
			</transform>
		</animation>
	</shape>
	<shape type="ply" name="temp23">
		<string name="filename" value="meshes/Cube_019.ply" />
		<boolean name="face_normals" value="true" />
		<ref id="mat-Material" name="bsdf" />
		<animation name="to_world">
			<transform time="0">
				<matrix value="-0.07428616005971345 0.9882786182556949 -0.13336826468334137 0.4591504578179827 -0.9005468709831267 -0.009033496515603132 0.43466529494336203 -0.059921913076579764 0.4283657076700229 0.15239396107404107 0.8906621953277881 -0.04359927775600325 0.0 0.0 0.0 1.0" />
			</transform>
			<transform time="0.0015">
				<matrix value="-0.07415559400829311 0.9882734819994055 -0.13347606381354685 0.4592114983028332 -0.9011485273393063 -0.009091572706125872 0.4333506643468923 -0.059147919019689084 0.42705554889493097 0.1524234389800201 0.8912550190568266 -0.04372878620416459 0.0 0.0 0.0 1.0" />
			</transform>
		</animation>
	</shape>
	<shape type="ply" name="temp24">
		<string name="filename" value="meshes/Cube_020.ply" />
		<boolean name="face_normals" value="true" />
		<ref id="mat-Material" name="bsdf" />
		<animation name="to_world">
			<transform time="0">
				<matrix value="0.04665574447681946 0.9987704321491837 -0.01675385711625288 -0.15022582493235564 -0.8946466808111253 0.03431955032320836 -0.4454536693654333 0.304496786742506 -0.4443310800681719 0.035771771355471146 0.895148269156171 0.14857643136682108 0.0 0.0 0.0 1.0" />
			</transform>
			<transform time="0.0015">
				<matrix value="0.04616112642886121 0.9987795187263379 -0.01721248851100537 -0.1498908374412747 -0.894545069509783 0.03366138881156886 -0.4456928532598113 0.3047425744657658 -0.4445777303772106 0.035966630833525554 0.8950162393058099 0.14867287378174698 0.0 0.0 0.0 1.0" />
			</transform>
		</animation>
	</shape>
	<shape type="ply" name="temp25">
		<string name="filename" value="meshes/Cube_021.ply" />
		<boolean name="face_normals" value="true" />
		<ref id="mat-Material" name="bsdf" />
		<animation name="to_world">
			<transform time="0">
				<matrix value="0.19428475941754564 0.9517576336554567 -0.237509698118435 -0.21009129316269934 -0.7002395275403482 -0.03499873806638397 -0.7130498732684634 0.24899342831498306 -0.6869631241057609 0.3048483280943968 0.6596585694962085 0.21185781706069717 0.0 0.0 0.0 1.0" />
			</transform>
			<transform time="0.0015">
				<matrix value="0.19538174785905216 0.9514303024450605 -0.23784098972646855 -0.20931374015786927 -0.6999383403311482 -0.03459920490938868 -0.713358518787076 0.249045452323704 -0.6869336995116542 0.3058575874369696 0.659196847987211 0.21223496875679218 0.0 0.0 0.0 1.0" />
			</transform>
		</animation>
	</shape>
	<shape type="ply" name="temp26">
		<string name="filename" value="meshes/Cube_022.ply" />
		<boolean name="face_normals" value="true" />
		<ref id="mat-Material" name="bsdf" />
		<animation name="to_world">
			<transform time="0">
				<matrix value="0.6215362917023476 0.4017906942303561 -0.6725005094319373 -0.08665389043766725 -0.7287337308320346 -0.018478377132511374 -0.6845479246617537 -0.21145969095785053 -0.2874717433739874 0.9155449363088547 0.28131351647037184 0.6595854242990872 0.0 0.0 0.0 1.0" />
			</transform>
			<transform time="0.0015">
				<matrix value="0.6208299897452179 0.4015329502817053 -0.6732829611821997 -0.08681994629178993 -0.7294693935555181 -0.01860291114792478 -0.6837367589296401 -0.21205628009650376 -0.2870761070473698 0.9156541117915908 0.28135409390530564 0.6597811529919717 0.0 0.0 0.0 1.0" />
			</transform>
		</animation>
	</shape>
	<shape type="ply" name="temp27">
		<string name="filename" value="meshes/Cube_023.ply" />
		<boolean name="face_normals" value="true" />
		<ref id="mat-Material" name="bsdf" />
		<animation name="to_world">
			<transform time="0">
				<matrix value="0.8530593393578676 0.2853048351872981 -0.4369108141880695 -0.08788590536194008 -0.4880506606953213 0.13994583071734146 -0.8615231613052993 -0.2919774582620272 -0.18465290668709122 0.9481647730709624 0.2586252382273943 0.18373297268694422 0.0 0.0 0.0 1.0" />
			</transform>
			<transform time="0.0015">
				<matrix value="0.853290906445545 0.2846956556675947 -0.43684282485759834 -0.08733874240094079 -0.4879674612193601 0.14080643749155736 -0.8614182625085303 -0.2919720425730477 -0.18373506519546381 0.9482047442584308 0.259077691945569 0.18445279675560236 0.0 0.0 0.0 1.0" />
			</transform>
		</animation>
	</shape>
	<shape type="ply" name="temp28">
		<string name="filename" value="meshes/Cube_024.ply" />
		<boolean name="face_normals" value="true" />
		<ref id="mat-Material" name="bsdf" />
		<animation name="to_world">
			<transform time="0">
				<matrix value="0.8817822551048088 0.3181065572573698 -0.34823679814817354 -0.1402348600367438 -0.4117453597079572 0.15904080530137268 -0.8973136507429196 -0.5384284130714321 -0.23005751497711988 0.9346197408134361 0.27121825388007476 -0.2108423781535289 0.0 0.0 0.0 1.0" />
			</transform>
			<transform time="0.0015">
				<matrix value="0.8817631386928023 0.3181811230833255 -0.34821681580395697 -0.1401961943813726 -0.4117601246629068 0.15909336932772614 -0.8972975150850684 -0.5384378470972564 -0.23010415870327686 0.9345852813395882 0.27129696627430777 -0.21089904172757928 0.0 0.0 0.0 1.0" />
			</transform>
		</animation>
	</shape>
	<shape type="ply" name="temp29">
		<string name="filename" value="meshes/Cube_025.ply" />
		<boolean name="face_normals" value="true" />
		<ref id="mat-Material" name="bsdf" />
		<animation name="to_world">
			<transform time="0">
				<matrix value="0.8852302283401327 0.40316526324352403 -0.232004074509917 -0.292655014647638 -0.3345842929505148 0.20539327483245487 -0.9197104535433532 -0.8010801848022259 -0.32314317399698955 0.891779910434001 0.316713008031295 -0.7269162397634917 0.0 0.0 0.0 1.0" />
			</transform>
			<transform time="0.0015">
				<matrix value="0.8851871924777108 0.4031487506301024 -0.23219464633095932 -0.29277668921414857 -0.33472498527493955 0.20525142705276678 -0.9196903350332476 -0.8012035555574835 -0.3231144052330443 0.8918197014019505 0.31662990428714044 -0.726936057319818 0.0 0.0 0.0 1.0" />
			</transform>
		</animation>
	</shape>
	<shape type="ply" name="temp30">
		<string name="filename" value="meshes/Cube_026.ply" />
		<boolean name="face_normals" value="true" />
		<ref id="mat-Material" name="bsdf" />
		<animation name="to_world">
			<transform time="0">
				<matrix value="0.9214607634031704 0.24325991869393002 -0.3028774985213472 -0.3172649545767382 -0.3542254182867132 0.20606731425067218 -0.9121736976153858 -1.1415626020068284 -0.15948208153155788 0.9478189406849483 0.27605182920342813 -0.8338621437854092 0.0 0.0 0.0 1.0" />
			</transform>
			<transform time="0.0015">
				<matrix value="0.9214720449585031 0.2430883647302056 -0.30297912082641115 -0.31725744079006474 -0.3542963931522921 0.2061889391475928 -0.9121183121400189 -1.1416300196709563 -0.15925426272867202 0.9478358738105808 0.27612242270652715 -0.8335587862646847 0.0 0.0 0.0 1.0" />
			</transform>
		</animation>
	</shape>
	<shape type="ply" name="temp31">
		<string name="filename" value="meshes/Cube_027.ply" />
		<boolean name="face_normals" value="true" />
		<ref id="mat-Material" name="bsdf" />
		<animation name="to_world">
			<transform time="0">
				<matrix value="0.872299996276774 0.17008921140621122 -0.4584348454281852 -0.5429554562240516 -0.48616688562781574 0.20142417030472046 -0.8503352794972912 -1.576305591456607 -0.052293063984525566 0.9646230990169433 0.2583940435941357 -0.9578829326883419 0.0 0.0 0.0 1.0" />
			</transform>
			<transform time="0.0015">
				<matrix value="0.8723371440289869 0.17005494566834609 -0.4583766940831972 -0.5428125596540941 -0.4861079726118493 0.20155062508474827 -0.8503387006652533 -1.5762968759685245 -0.05221844934133513 0.9646024864094661 0.25848533431236875 -0.9577066078155511 0.0 0.0 0.0 1.0" />
			</transform>
		</animation>
	</shape>
	<shape type="ply" name="temp32">
		<string name="filename" value="meshes/Cube_028.ply" />
		<boolean name="face_normals" value="true" />
		<ref id="mat-Material" name="bsdf" />
		<animation name="to_world">
			<transform time="0">
				<matrix value="-0.10748067025160143 0.9806150309851634 0.16383517855648502 -1.449046274734432 -0.8431546716735192 -0.002584404586346504 -0.5376653408040561 -2.093226074033819 -0.5268191948257797 -0.19592693717239265 0.8270879262976095 -1.1487577340978732 0.0 0.0 0.0 1.0" />
			</transform>
			<transform time="0.0015">
				<matrix value="-0.10748801682596518 0.9806153613876148 0.16382838387862192 -1.4490543063389807 -0.8431234439453917 -0.0025828628834535577 -0.5377142158478533 -2.0932513328944107 -0.5268675762625105 -0.19592531294397833 0.8270574421592009 -1.1489198010367498 0.0 0.0 0.0 1.0" />
			</transform>
		</animation>
	</shape>
	<shape type="ply" name="temp33">
		<string name="filename" value="meshes/Cube_029.ply" />
		<boolean name="face_normals" value="true" />
		<ref id="mat-Material" name="bsdf" />
		<animation name="to_world">
			<transform time="0">
				<matrix value="-0.010266516496550698 0.985077687136412 0.17180340324173646 -1.6606690733465488 -0.9994468349919419 -0.004672101672218479 -0.03293561394940478 -1.937987081603526 -0.03164145510764556 -0.17204643915707007 0.9845806417754991 -0.2513800024176249 0.0 0.0 0.0 1.0" />
			</transform>
			<transform time="0.0015">
				<matrix value="-0.01030003117306604 0.985060288443689 0.17190029037800905 -1.660581947527658 -0.9994452392981183 -0.004695148594847549 -0.03297960744607989 -1.9380452345634431 -0.03167972383476948 -0.17214459121256523 0.9845620976834856 -0.2515378477261148 0.0 0.0 0.0 1.0" />
			</transform>
		</animation>
	</shape>
	<shape type="ply" name="temp34">
		<string name="filename" value="meshes/Cube_030.ply" />
		<boolean name="face_normals" value="true" />
		<ref id="mat-Material" name="bsdf" />
		<animation name="to_world">
			<transform time="0">
				<matrix value="-0.035106601314419464 0.9820767877634609 -0.18518224975268668 -3.1895462696349135 -0.9786098014751599 0.003802380933162428 0.20568877833336296 -1.9454949306103897 0.2027062912639871 0.18844222576343142 0.9609368455715289 0.23743997167966202 0.0 0.0 0.0 1.0" />
			</transform>
			<transform time="0.0015">
				<matrix value="-0.03507264236770861 0.9820733695619419 -0.18520667954034398 -3.1895002577662206 -0.9786553934177501 0.003798084698405535 0.2054685516259532 -1.9458666146218422 0.20248862375134868 0.18846009652096896 0.9609785443247474 0.2369912168411906 0.0 0.0 0.0 1.0" />
			</transform>
		</animation>
	</shape>
	<shape type="ply" name="temp35">
		<string name="filename" value="meshes/Cube_031.ply" />
		<boolean name="face_normals" value="true" />
		<ref id="mat-Material" name="bsdf" />
		<animation name="to_world">
			<transform time="0">
				<matrix value="0.10222963616989966 0.9852470574002499 0.13724956869671945 -2.0134906888812996 -0.8106256438078319 0.0025396049000569435 0.5855597439554896 -1.30914122349063 0.5765721321851613 -0.17111951241388088 0.7989259141762025 0.5447598706294334 0.0 0.0 0.0 1.0" />
			</transform>
			<transform time="0.0015">
				<matrix value="0.10230074826514736 0.9852290654849438 0.13732462248372132 -2.013231455506867 -0.810568262657936 0.0025362807510303513 0.5856389499510704 -1.308908269705106 0.5766398853449104 -0.1712222533088767 0.7988546653747626 0.5448498766525873 0.0 0.0 0.0 1.0" />
			</transform>
		</animation>
	</shape>
	<shape type="ply" name="temp36">
		<string name="filename" value="meshes/Cube_032.ply" />
		<boolean name="face_normals" value="true" />
		<ref id="mat-Material" name="bsdf" />
		<animation name="to_world">
			<transform time="0">
				<matrix value="0.7697623518023073 0.5855029900526257 0.25426776309972904 -0.561988993220933 -0.2866780756949579 -0.03880691998506538 0.9572408126136767 0.28754147770581595 0.5703348421263521 -0.809740876011372 0.1379787773728063 -0.18513542885296053 0.0 0.0 0.0 1.0" />
			</transform>
			<transform time="0.0015">
				<matrix value="0.7697782927836049 0.5855054455435712 0.25421371375214835 -0.562011583573173 -0.28656865577808766 -0.03886750227818172 0.9572708797440503 0.2879576477201576 0.5703680166009443 -0.809736130230707 0.13786812726929906 -0.18517023591941476 0.0 0.0 0.0 1.0" />
			</transform>
		</animation>
	</shape>
	<shape type="ply" name="temp37">
		<string name="filename" value="meshes/Cube_033.ply" />
		<boolean name="face_normals" value="true" />
		<ref id="mat-Material" name="bsdf" />
		<animation name="to_world">
			<transform time="0">
				<matrix value="0.9782195710489037 0.15990799356726731 0.13234831339023526 -0.13155623771777814 -0.1499312976151851 0.103375703710502 0.9832773943182854 0.3005736018675455 0.14355230334718017 -0.9817040484081907 0.1250993687771884 -0.3919582454222674 0.0 0.0 0.0 1.0" />
			</transform>
			<transform time="0.0015">
				<matrix value="0.978220400809692 0.15992010506985382 0.132327560006672 -0.13157347351247908 -0.14992630628490494 0.10347347279951943 0.9832677350505317 0.30058149436987747 0.14355192835913164 -0.9816916432979713 0.12519611038616707 -0.39189334325496455 0.0 0.0 0.0 1.0" />
			</transform>
		</animation>
	</shape>
	<shape type="ply" name="temp38">
		<string name="filename" value="meshes/Cube_034.ply" />
		<boolean name="face_normals" value="true" />
		<ref id="mat-Material" name="bsdf" />
		<animation name="to_world">
			<transform time="0">
				<matrix value="0.9999242057561075 0.003342117503749299 0.011864279767254612 -0.03605077193964501 -0.012273162454988858 0.1809125761592581 0.9834225410512312 0.36939079100725664 0.001140317750745975 -0.9834934911341342 0.18093987001093564 -0.3466500659031888 0.0 0.0 0.0 1.0" />
			</transform>
			<transform time="0.0015">
				<matrix value="0.9999242057561075 0.003341013358830012 0.01186488570546084 -0.03605098182507688 -0.01227355994232031 0.18091373106600855 0.9834223282920296 0.3693898034847344 0.0011391078956889393 -0.9834932808780288 0.18094101295336676 -0.3466627596740955 0.0 0.0 0.0 1.0" />
			</transform>
		</animation>
	</shape>
	<shape type="ply" name="temp39">
		<string name="filename" value="meshes/Cube_035.ply" />
		<boolean name="face_normals" value="true" />
		<ref id="mat-Material" name="bsdf" />
		<animation name="to_world">
			<transform time="0">
				<matrix value="0.9990293017887442 -0.04397242101442776 0.0026443418068451577 0.00904287141047444 0.0067539718843246865 0.21221155430590524 0.9772003795563428 0.09187553396465131 -0.04353103663477103 -0.9762339312048024 0.21230255671005782 -0.13900424381655668 0.0 0.0 0.0 1.0" />
			</transform>
			<transform time="0.0015">
				<matrix value="0.9990290624346706 -0.04397787565853393 0.002645656658711197 0.00904521900897417 0.006753721519963767 0.21220877592165513 0.9772009837924753 0.09187578730451759 -0.043536665444733696 -0.9762342841346936 0.21229975765000125 -0.13903577535962988 0.0 0.0 0.0 1.0" />
			</transform>
		</animation>
	</shape>
	<shape type="ply" name="temp40">
		<string name="filename" value="meshes/Cube_036.ply" />
		<boolean name="face_normals" value="true" />
		<ref id="mat-Material" name="bsdf" />
		<animation name="to_world">
			<transform time="0">
				<matrix value="0.9997229742547786 -0.023376037445012026 0.0027343138696449957 0.0046574973192186064 0.002292665067452445 0.21235360005673487 0.9771902145571298 -0.25081234694618165 -0.023423488591858194 -0.9769132895167734 0.21234834648558157 0.2416224790747578 0.0 0.0 0.0 1.0" />
			</transform>
			<transform time="0.0015">
				<matrix value="0.9997228146853964 -0.023382993918442573 0.0027344968425583927 0.004654169381593984 0.002293834072747597 0.21234820848946032 0.9771913889879229 -0.25080961344978525 -0.023430337948026514 -0.9769142957424207 0.21234296623089088 0.2416052067864647 0.0 0.0 0.0 1.0" />
			</transform>
		</animation>
	</shape>
	<shape type="ply" name="temp41">
		<string name="filename" value="meshes/Cube_037.ply" />
		<boolean name="face_normals" value="true" />
		<ref id="mat-Material" name="bsdf" />
		<animation name="to_world">
			<transform time="0">
				<matrix value="0.9989561669920057 -0.045589218706653625 0.0029818197807102353 -0.0033701687490235166 0.0067810849480609975 0.2124989831526648 0.9771377347937522 -0.5693052809646959 -0.04518059419141282 -0.9760973086397607 0.2125861838276281 0.5080247439981057 0.0 0.0 0.0 1.0" />
			</transform>
			<transform time="0.0015">
				<matrix value="0.9989559755087469 -0.045593305935159936 0.002982749112902931 -0.003389649166827364 0.006780739320778811 0.21249235257619764 0.9771391815563233 -0.5693073029567565 -0.04518483235420824 -0.9760985551581 0.2125795321239485 0.5080299060850904 0.0 0.0 0.0 1.0" />
			</transform>
		</animation>
	</shape>
	<shape type="ply" name="temp42">
		<string name="filename" value="meshes/Cube_038.ply" />
		<boolean name="face_normals" value="true" />
		<ref id="mat-Material" name="bsdf" />
		<animation name="to_world">
			<transform time="0">
				<matrix value="0.9992846087155401 -0.037700381500261775 0.003072146436505869 0.004018254644067465 0.005014560473168838 0.21254132571862425 0.9771391531657353 -0.9047036989418917 -0.03749149420151872 -0.9764245770436546 0.2125783827817206 0.8544815871436915 0.0 0.0 0.0 1.0" />
			</transform>
			<transform time="0.0015">
				<matrix value="0.9992844810600343 -0.03770405797844787 0.0030694146083570105 0.004027695889799907 0.005017742924930579 0.21253426712079965 0.977140676521619 -0.9046957735575893 -0.03749454213629113 -0.9764259662357797 0.21257143747034277 0.854504059635706 0.0 0.0 0.0 1.0" />
			</transform>
		</animation>
	</shape>
	<shape type="ply" name="temp43">
		<string name="filename" value="meshes/Cube_039.ply" />
		<boolean name="face_normals" value="true" />
		<ref id="mat-Material" name="bsdf" />
		<animation name="to_world">
			<transform time="0">
