<scene version="2.1.0">
	<default name="spp" value="1024" />
	<default name="resx" value="640" />
	<default name="resy" value="360" />
	<integrator type="path" name="temp0">
		<integer name="max_depth" value="12" />
	</integrator>
	<sensor type="perspective" name="temp44">
		<string name="fov_axis" value="x" />
		<float name="fov" value="83.974423" />
		<float name="principal_point_offset_x" value="0.000000" />
		<float name="principal_point_offset_y" value="-0.000000" />
		<float name="near_clip" value="0.100000" />
		<float name="far_clip" value="1000.000000" />
		<transform name="to_world">
			<rotate x="1" angle="-142.5518126578256" />
			<rotate y="1" angle="3.976628485794621e-06" />
			<rotate z="1" angle="-179.999991348578" />
			<translate value="-0.000000 3.030926 4.073377" />
		</transform>
		<sampler type="correlated" name="sampler">
			<integer name="sample_count" value="1024" />
		</sampler>
		<film type="hdrfilm" name="film">
			<integer name="width" value="$resx" />
			<integer name="height" value="$resy" />
		</film>
		<float name="shutter_open" value="0.0" />
		<float name="shutter_close" value="0.0015" />
	</sensor>
	<bsdf type="twosided" id="mat-Material" name="mat-Material">
		<bsdf type="diffuse" name="bsdf">
			<texture type="bitmap" name="reflectance">
				<string name="filename" value="textures/siggraph_2023_logo.jpg" />
			</texture>
		</bsdf>
	</bsdf>
	<bsdf type="twosided" id="mat-Material.001" name="mat-Material.001">
		<bsdf type="principled" name="bsdf">
			<rgb value="0.433648 0.266232 0.084399" name="base_color" />
			<float name="spec_tint" value="0.000000" />
			<float name="spec_trans" value="0.000000" />
			<float name="metallic" value="0.000000" />
			<float name="anisotropic" value="0.000000" />
			<float name="roughness" value="0.500000" />
			<float name="sheen" value="0.000000" />
			<float name="sheen_tint" value="0.500000" />
			<float name="clearcoat" value="0.000000" />
			<float name="clearcoat_gloss" value="0.173205" />
			<float name="specular" value="0.500000" />
		</bsdf>
	</bsdf>
	<bsdf type="twosided" id="mat-Material.002" name="mat-Material.002">
		<bsdf type="principled" name="bsdf">
			<rgb value="0.433648 0.266232 0.084399" name="base_color" />
			<float name="spec_tint" value="0.000000" />
			<float name="spec_trans" value="0.000000" />
			<float name="metallic" value="0.000000" />
			<float name="anisotropic" value="0.000000" />
			<float name="roughness" value="0.500000" />
			<float name="sheen" value="0.000000" />
			<float name="sheen_tint" value="0.500000" />
			<float name="clearcoat" value="0.000000" />
			<float name="clearcoat_gloss" value="0.173205" />
			<float name="specular" value="0.500000" />
		</bsdf>
	</bsdf>
	<bsdf type="twosided" id="mat-Material.003" name="mat-Material.003">
		<bsdf type="principled" name="bsdf">
			<rgb value="0.433648 0.266232 0.084399" name="base_color" />
			<float name="spec_tint" value="0.000000" />
			<float name="spec_trans" value="0.000000" />
			<float name="metallic" value="0.000000" />
			<float name="anisotropic" value="0.000000" />
			<float name="roughness" value="0.500000" />
			<float name="sheen" value="0.000000" />
			<float name="sheen_tint" value="0.500000" />
			<float name="clearcoat" value="0.000000" />
			<float name="clearcoat_gloss" value="0.173205" />
			<float name="specular" value="0.500000" />
		</bsdf>
	</bsdf>
	<bsdf type="twosided" id="mat-Material.004" name="mat-Material.004">
		<bsdf type="principled" name="bsdf">
			<rgb value="0.433648 0.266232 0.084399" name="base_color" />
			<float name="spec_tint" value="0.000000" />
			<float name="spec_trans" value="0.000000" />
			<float name="metallic" value="0.000000" />
			<float name="anisotropic" value="0.000000" />
			<float name="roughness" value="0.500000" />
			<float name="sheen" value="0.000000" />
			<float name="sheen_tint" value="0.500000" />
			<float name="clearcoat" value="0.000000" />
			<float name="clearcoat_gloss" value="0.173205" />
			<float name="specular" value="0.500000" />
		</bsdf>
	</bsdf>
	<bsdf type="twosided" id="mat-Material.005" name="mat-Material.005">
		<bsdf type="principled" name="bsdf">
			<rgb value="0.433648 0.266232 0.084399" name="base_color" />
			<float name="spec_tint" value="0.000000" />
			<float name="spec_trans" value="0.000000" />
			<float name="metallic" value="0.000000" />
			<float name="anisotropic" value="0.000000" />
			<float name="roughness" value="0.500000" />
			<float name="sheen" value="0.000000" />
			<float name="sheen_tint" value="0.500000" />
			<float name="clearcoat" value="0.000000" />
			<float name="clearcoat_gloss" value="0.173205" />
			<float name="specular" value="0.500000" />
		</bsdf>
	</bsdf>
	<emitter type="point" name="temp45">
		<point name="position" x="-6.815235034541981e-16" y="3.0693089962005615" z="4.109199523925781" />
		<rgb value="7.957747 7.957747 7.957747" name="intensity" />
	</emitter>
	<shape type="ply" name="temp2">
		<string name="filename" value="meshes/Cube.ply" />
		<boolean name="face_normals" value="true" />
		<ref id="mat-Material" name="bsdf" />
		<animation name="to_world">
			<transform time="0">
				<matrix value="1.0 0.0001492393981932448 0.00038039318216955123 -0.0011009732918232373 -0.00014866531212158284 0.9999989570796561 -0.0015081431099507776 -0.015440865559104067 -0.00038061786049249413 0.0015080878472664015 0.9999988180233473 0.0009940866660804737 0.0 0.0 0.0 1.0" />
				<scale value="1" />
			</transform>
			<transform time="0.0015">
				<matrix value="1.0 0.00014955469224160606 0.0003807114699351815 -0.001101262396987085 -0.00014900948732239007 0.9999989871162426 -0.0014327331640453897 -0.015540009016157753 -0.00038092476028558263 0.0014326776928645492 0.9999988520648195 0.0009963578534598417 0.0 0.0 0.0 1.0" />
				<scale value="1" />
			</transform>
		</animation>
	</shape>
	<shape type="ply" name="temp4">
		<string name="filename" value="meshes/Plane.ply" />
		<boolean name="face_normals" value="true" />
		<ref id="mat-Material.001" name="bsdf" />
		<transform name="to_world">
			<scale value="1" />
		</transform>
	</shape>
	<shape type="ply" name="temp5">
		<string name="filename" value="meshes/Cube_001.ply" />
		<boolean name="face_normals" value="true" />
		<ref id="mat-Material" name="bsdf" />
		<animation name="to_world">
			<transform time="0">
				<matrix value="1.0 -8.435410900186267e-05 2.457873170122845e-05 0.0005521040217324469 8.428541541451031e-05 0.9999960369026935 0.002781120145089998 -0.020620691278843084 -2.481312951330344e-05 -0.0027811160499183396 0.9999962176747115 0.0001883341753032841 0.0 0.0 0.0 1.0" />
				<scale value="1" />
			</transform>
			<transform time="0.0015">
				<matrix value="1.0 -7.932836482330298e-05 2.4239328010355354e-05 0.000550980068877997 7.92626818799149e-05 0.9999961570490394 0.002645571768357107 -0.02047696009720294 -2.4467245324411164e-05 -0.0026455678435142994 0.9999963368198643 0.00017969973379812238 0.0 0.0 0.0 1.0" />
				<scale value="1" />
			</transform>
		</animation>
	</shape>
	<shape type="ply" name="temp6">
		<string name="filename" value="meshes/Cube_002.ply" />
		<boolean name="face_normals" value="true" />
		<ref id="mat-Material" name="bsdf" />
		<animation name="to_world">
			<transform time="0">
				<matrix value="1.0 -2.9321288298642327e-07 -6.28927412922598e-05 -0.00051292725467178 3.005188581397699e-07 1.0 0.00011616490181792736 -0.017847520461539812 6.289282250672396e-05 -0.00011616484816122715 1.0 -0.0003448198787673329 0.0 0.0 0.0 1.0" />
				<scale value="1" />
			</transform>
			<transform time="0.0015">
				<matrix value="1.0 -1.7930242743990743e-06 -6.360906748265727e-05 -0.000511400648836899 1.791345231453866e-06 0.9999998423079209 6.6687957099087e-06 -0.01777567589709972 6.361354953601878e-05 -6.668867538135864e-06 0.9999998468133748 -0.0003448804049895693 0.0 0.0 0.0 1.0" />
				<scale value="1" />
			</transform>
		</animation>
	</shape>
	<shape type="ply" name="temp7">
		<string name="filename" value="meshes/Cube_003.ply" />
		<boolean name="face_normals" value="true" />
		<ref id="mat-Material" name="bsdf" />
		<animation name="to_world">
			<transform time="0">
				<matrix value="1.0 0.0002714825947023818 0.0004624578211631501 -0.0007189676306267323 -0.00027255166862579275 0.9999972884071061 0.00231224419070295 -0.017743333072512024 -0.0004618262955496811 -0.00231237132970258 0.9999971632560337 0.0009930171987099778 0.0 0.0 0.0 1.0" />
				<scale value="1" />
			</transform>
			<transform time="0.0015">
				<matrix value="1.0 0.0002582662638642542 0.0004628696378738145 -0.0007180070665734832 -0.0002592842404157892 0.9999973710077189 0.002202371083800021 -0.01774332269030132 -0.0004622582498677233 -0.0022024920146535864 0.9999972568700825 0.0009869971181703078 0.0 0.0 0.0 1.0" />
				<scale value="1" />
			</transform>
		</animation>
	</shape>
	<shape type="ply" name="temp8">
		<string name="filename" value="meshes/Cube_004.ply" />
		<boolean name="face_normals" value="true" />
		<ref id="mat-Material" name="bsdf" />
		<animation name="to_world">
			<transform time="0">
				<matrix value="1.0 -0.00041252714200194817 5.9911086988280934e-05 -0.0005521707057525305 0.00041266508518209233 0.9999970798230373 -0.002328200875513746 -0.018886978997309734 -5.895063534192512e-05 0.0023282258047694834 0.9999973996513641 0.0001509672498125926 0.0 0.0 0.0 1.0" />
				<scale value="1" />
			</transform>
			<transform time="0.0015">
				<matrix value="1.0 -0.0004092024673350923 6.0089685572492615e-05 -0.0005531873874778659 0.00040933949968437644 0.999997124877917 -0.002307618295037549 -0.01887826320691662 -5.9143554725195526e-05 0.002307643008604397 0.9999974422032045 0.00015540096390175446 0.0 0.0 0.0 1.0" />
				<scale value="1" />
			</transform>
		</animation>
	</shape>
	<shape type="ply" name="temp9">
		<string name="filename" value="meshes/Cube_005.ply" />
		<boolean name="face_normals" value="true" />
		<ref id="mat-Material" name="bsdf" />
		<animation name="to_world">
			<transform time="0">
				<matrix value="1.0 0.00019064667318839524 0.00041594940383461596 -0.00041822401702074075 -0.00019150678956858448 0.9999977055752436 0.0020689815758207293 -0.016471602674935915 -0.0004155532447914728 -0.0020690621851684214 0.9999978724420252 0.0010800528912057739 0.0 0.0 0.0 1.0" />
				<scale value="1" />
			</transform>
			<transform time="0.0015">
				<matrix value="1.0 0.00018149589195028213 0.00041624071373348026 -0.0004171916413311568 -0.00018231849730754256 0.9999977806667097 0.001979068345762683 -0.01652917866684652 -0.0004158578148715788 -0.0019791451104076785 0.9999979490353378 0.0010750343771585467 0.0 0.0 0.0 1.0" />
				<scale value="1" />
			</transform>
		</animation>
	</shape>
	<shape type="ply" name="temp10">
		<string name="filename" value="meshes/Cube_006.ply" />
		<boolean name="face_normals" value="true" />
		<ref id="mat-Material" name="bsdf" />
		<animation name="to_world">
			<transform time="0">
				<matrix value="1.0 0.00019490053668680895 -0.00017598048509267404 -0.0006767303525481161 -0.00019481115265758555 0.9999997914159312 0.0005084201652781593 -0.016960444655613915 0.00017607977986869422 -0.0005083861224847369 1.0 -0.0004922338263939618 0.0 0.0 0.0 1.0" />
				<scale value="1" />
			</transform>
			<transform time="0.0015">
				<matrix value="1.0 0.00018085198214686695 -0.00017612539112971646 -0.0006755128142577807 -0.0001807551644738469 0.9999997463610515 0.0005493298449812426 -0.016968007809715215 0.00017620954169042746 -0.0005492982811164197 0.9999999489377916 -0.0004926520789315316 0.0 0.0 0.0 1.0" />
				<scale value="1" />
			</transform>
		</animation>
	</shape>
	<shape type="ply" name="temp11">
		<string name="filename" value="meshes/Cube_007.ply" />
		<boolean name="face_normals" value="true" />
		<ref id="mat-Material" name="bsdf" />
		<animation name="to_world">
			<transform time="0">
				<matrix value="1.0 0.00012194012385722004 -8.282772312055074e-06 0.0003656058255887551 -0.0001219431871169288 1.0 -0.00035746756301472125 -0.0178208391429997 8.239188904077287e-06 0.0003574692912104759 1.0 -0.00011414087835337483 0.0 0.0 0.0 1.0" />
				<scale value="1" />
			</transform>
			<transform time="0.0015">
				<matrix value="1.0 0.00014299435175637722 -8.365750102762246e-06 0.00036562260986673385 -0.0001429980958510712 0.9999998948719473 -0.00042607023571229264 -0.01783745418889368 8.266152938308084e-06 0.0004260721038336913 0.9999999148963193 -0.00011453666554753393 0.0 0.0 0.0 1.0" />
				<scale value="1" />
			</transform>
		</animation>
	</shape>
	<shape type="ply" name="temp12">
		<string name="filename" value="meshes/Cube_008.ply" />
		<boolean name="face_normals" value="true" />
		<ref id="mat-Material" name="bsdf" />
		<animation name="to_world">
			<transform time="0">
				<matrix value="1.0 0.0007599989987964699 5.004654624058142e-05 -7.25877971285982e-05 -0.0007599458891152374 0.9999991656637249 -0.00105436099741809 -0.01735723623005858 -5.084774310449677e-05 0.0010543215490287283 0.9999995272093389 0.00012071573554650605 0.0 0.0 0.0 1.0" />
				<scale value="1" />
			</transform>
			<transform time="0.0015">
				<matrix value="0.9999999840430618 0.0007647806731823773 5.020170727114215e-05 -7.2279856943015e-05 -0.0007647269069494375 0.9999991506454317 -0.0010613094576321046 -0.017355392715215343 -5.101415801335756e-05 0.0010612696873065262 0.9999995186989709 0.00012164239125250568 0.0 0.0 0.0 1.0" />
				<scale value="1" />
			</transform>
		</animation>
	</shape>
	<shape type="ply" name="temp13">
		<string name="filename" value="meshes/Cube_009.ply" />
		<boolean name="face_normals" value="true" />
		<ref id="mat-Material" name="bsdf" />
		<animation name="to_world">
			<transform time="0">
				<matrix value="0.9999991135176153 0.0013068167359513415 0.0002244481469206435 0.0003305464874747699 -0.0013066927647080726 0.9999989570796561 -0.0005581695625882641 -0.01593466398826976 -0.000225177163504584 0.000557874778640157 1.0 0.00031921069116624956 0.0 0.0 0.0 1.0" />
				<scale value="1" />
			</transform>
			<transform time="0.0015">
				<matrix value="0.9999990975606771 0.0013235825577970386 0.00022467166322750215 0.0003324864070819683 -0.0013234561666022736 0.9999989270430696 -0.0005683046450205299 -0.015914474809887287 -0.00022542800657365022 0.0005680057438051228 0.9999999914896319 0.00031989256253717326 0.0 0.0 0.0 1.0" />
				<scale value="1" />
			</transform>
		</animation>
	</shape>
	<shape type="ply" name="temp14">
		<string name="filename" value="meshes/Cube_010.ply" />
		<boolean name="face_normals" value="true" />
		<ref id="mat-Material" name="bsdf" />
		<animation name="to_world">
			<transform time="0">
				<matrix value="0.9999960108292688 0.0027283588814053564 0.0009009356999973052 0.0016462368069440902 -0.002728025431406653 0.9999962454867622 -0.00037140779565609394 -0.013592944873323298 -0.0009019470699097739 0.00036894975835535636 0.9999995272093389 0.00151539026850811 0.0 0.0 0.0 1.0" />
				<scale value="1" />
			</transform>
			<transform time="0.0015">
				<matrix value="0.9999961384847748 0.002652046352853948 0.000901950816700096 0.0016503547702578392 -0.002651728448218017 0.9999963731422548 -0.00035419403586805137 -0.013698175479867188 -0.0009029234749604204 0.0003518041313826689 0.9999995272093389 0.0015178157771035185 0.0 0.0 0.0 1.0" />
				<scale value="1" />
			</transform>
		</animation>
	</shape>
	<shape type="ply" name="temp15">
		<string name="filename" value="meshes/Cube_011.ply" />
		<boolean name="face_normals" value="true" />
		<ref id="mat-Material" name="bsdf" />
		<animation name="to_world">
			<transform time="0">
				<matrix value="0.9999991135176153 -0.0013452900674352296 -0.0002278184351480142 -0.00019658571005787273 0.0013452192891475053 0.9999989570796561 -0.00032000126707897166 -0.020223689915964627 0.00022824882496759908 0.00031969471635695415 1.0 -0.0003585643946344419 0.0 0.0 0.0 1.0" />
				<scale value="1" />
			</transform>
			<transform time="0.0015">
				<matrix value="0.9999991454314917 -0.0013066547571507798 -0.0002281413355331357 -0.00020061008415940036 0.001306587382109335 0.9999989946253892 -0.0003049943733856995 -0.02014499113212831 0.00022855527796641694 0.0003046965401169107 1.0 -0.0003581118817856847 0.0 0.0 0.0 1.0" />
				<scale value="1" />
			</transform>
		</animation>
	</shape>
	<shape type="ply" name="temp16">
		<string name="filename" value="meshes/Cube_012.ply" />
		<boolean name="face_normals" value="true" />
		<ref id="mat-Material" name="bsdf" />
		<animation name="to_world">
			<transform time="0">
				<matrix value="0.9999991135176153 0.0014413993488005374 -0.00011443141485914858 -0.0006115798896235702 -0.0014412474934710573 0.9999981227433812 0.0013007463946166165 -0.014217566994439212 0.00011630604563256723 -0.0013005800722952383 0.9999992908140084 -5.8419703193424155e-05 0.0 0.0 0.0 1.0" />
				<scale value="1" />
			</transform>
			<transform time="0.0015">
				<matrix value="0.9999991454314917 0.0014116351190608274 -0.0001145415985944859 -0.0006095796487416442 -0.001411486527106296 0.9999981753074075 0.001273456707964728 -0.014290536163450468 0.00011636074601683944 -0.0012732937858492962 0.9999993163451126 -6.010598084997439e-05 0.0 0.0 0.0 1.0" />
				<scale value="1" />
			</transform>
		</animation>
	</shape>
	<shape type="ply" name="temp17">
		<string name="filename" value="meshes/Cube_013.ply" />
		<boolean name="face_normals" value="true" />
		<ref id="mat-Material" name="bsdf" />
		<animation name="to_world">
			<transform time="0">
				<matrix value="1.0 0.0006656835404225496 2.9025327868503676e-05 -0.0004189291250720206 -0.0006657261088564909 0.9999987484955875 0.0014521339642882302 -0.01541736876410521 -2.8058541523721384e-05 -0.0014521518575454245 0.999999054418678 9.32570976572844e-05 0.0 0.0 0.0 1.0" />
				<scale value="1" />
			</transform>
			<transform time="0.0015">
				<matrix value="1.0 0.0006271499790748268 2.9094576733448423e-05 -0.00041679154321157925 -0.0006271901189740558 0.9999987785321739 0.0013696606681999506 -0.015548027758985576 -2.8150372107574388e-05 -0.0013696774734589994 0.9999990799497822 9.013660376842173e-05 0.0 0.0 0.0 1.0" />
				<scale value="1" />
			</transform>
		</animation>
	</shape>
	<shape type="ply" name="temp18">
		<string name="filename" value="meshes/Cube_014.ply" />
		<boolean name="face_normals" value="true" />
		<ref id="mat-Material" name="bsdf" />
		<animation name="to_world">
			<transform time="0">
				<matrix value="1.0 -0.0002651186947643313 -1.3783833490693824e-05 -1.3127638065935088e-05 0.0002651047733530487 0.9999993742477937 -0.001014715136534851 -0.01877608070962361 1.4052829031234321e-05 0.0010147114343700657 0.9999995272093389 -4.966183673982272e-05 0.0 0.0 0.0 1.0" />
				<scale value="1" />
			</transform>
			<transform time="0.0015">
				<matrix value="1.0 -0.00026643512325862047 -1.382328330185904e-05 -1.4706039665640368e-05 0.00026642091757567285 0.9999993592295006 -0.001031972971519102 -0.01879113388606782 1.4098821714311267e-05 0.0010319692555024313 0.9999995101886029 -4.677298570492081e-05 0.0 0.0 0.0 1.0" />
				<scale value="1" />
			</transform>
		</animation>
	</shape>
	<shape type="ply" name="temp19">
		<string name="filename" value="meshes/Cube_015.ply" />
		<boolean name="face_normals" value="true" />
		<ref id="mat-Material" name="bsdf" />
		<animation name="to_world">
			<transform time="0">
				<matrix value="1.0 -0.0002486530683759436 -1.922416470891934e-05 0.0005858604637521969 0.00024865166029285833 1.0 -5.7414043111889224e-05 -0.018054591509288564 1.9238440712944594e-05 5.740921899867132e-05 1.0 -6.254084461426723e-05 0.0 0.0 0.0 1.0" />
				<scale value="1" />
			</transform>
			<transform time="0.0015">
				<matrix value="1.0 -0.0002486114677036582 -1.9287084413134157e-05 0.0005856006871896859 0.0002486100286410012 1.0 -5.760194352839592e-05 -0.0180546351105906 1.9301403599835275e-05 5.7597105356298424e-05 1.0 -6.27445442812211e-05 0.0 0.0 0.0 1.0" />
				<scale value="1" />
			</transform>
		</animation>
	</shape>
	<shape type="ply" name="temp20">
		<string name="filename" value="meshes/Cube_016.ply" />
		<boolean name="face_normals" value="true" />
		<ref id="mat-Material" name="bsdf" />
		<animation name="to_world">
			<transform time="0">
				<matrix value="1.0 0.00023251491897551848 0.00030744158316789596 0.0005506133610889696 -0.00023319318046831092 0.9999974969911749 0.0022066487605083636 -0.01722449696950279 -0.00030692812578121263 -0.002206719327191228 0.9999976360466947 0.0004194564716648308 0.0 0.0 0.0 1.0" />
				<scale value="1" />
			</transform>
			<transform time="0.0015">
				<matrix value="1.0 0.00021111482729210219 0.0003077565518899809 0.000551516985130936 -0.0002117633953841957 0.9999975795917877 0.0021104645806379555 -0.017259441798716767 -0.0003072555302399341 -0.002110528510610802 0.9999977211503753 0.0004152542849301128 0.0 0.0 0.0 1.0" />
				<scale value="1" />
			</transform>
		</animation>
	</shape>
	<shape type="ply" name="temp21">
		<string name="filename" value="meshes/Cube_017.ply" />
		<boolean name="face_normals" value="true" />
		<ref id="mat-Material" name="bsdf" />
		<animation name="to_world">
			<transform time="0">
				<matrix value="1.0 -0.000701142832112769 6.08566683104022e-05 0.00045749677686401924 0.0007011987014806029 0.9999991656637249 -0.0009511271565755017 -0.0180797090330021 -6.018993771574765e-05 0.0009511683836611927 0.9999995272093389 7.206093948164405e-06 0.0 0.0 0.0 1.0" />
				<scale value="1" />
			</transform>
			<transform time="0.0015">
				<matrix value="1.0 -0.0006911338154889432 6.103560730933647e-05 0.00045654876545783083 0.0006911886109434807 0.9999991881911647 -0.0009309658393185211 -0.018076112731642 -6.0386926118268175e-05 0.0009310066253471976 0.9999995442300751 9.041190938715685e-06 0.0 0.0 0.0 1.0" />
				<scale value="1" />
			</transform>
		</animation>
	</shape>
	<shape type="ply" name="temp22">
		<string name="filename" value="meshes/Cube_018.ply" />
		<boolean name="face_normals" value="true" />
		<ref id="mat-Material" name="bsdf" />
		<animation name="to_world">
			<transform time="0">
				<matrix value="0.9999986702764229 -0.0015723984873483334 -0.00034671866733550785 0.0005394736193999883 0.0015721809416925077 0.9999985399115188 -0.0006290621582610002 -0.017809913527564003 0.00034770808844257457 0.0006285159452091369 0.9999997636046695 -0.00027285481448219295 0.0 0.0 0.0 1.0" />
				<scale value="1" />
			</transform>
			<transform time="0.0015">
				<matrix value="0.9999987181472376 -0.0015094231193133458 -0.0003474116666070392 0.0005370768161183622 0.0015092267034623483 0.9999985699481053 -0.0005701030091362613 -0.01780846769810726 0.0003483719130301206 0.0005695787559347269 0.9999997550943014 -0.000270566617705824 0.0 0.0 0.0 1.0" />
				<scale value="1" />
			</transform>
		</animation>
	</shape>
	<shape type="ply" name="temp23">
		<string name="filename" value="meshes/Cube_019.ply" />
		<boolean name="face_normals" value="true" />
		<ref id="mat-Material" name="bsdf" />
		<animation name="to_world">
			<transform time="0">
				<matrix value="0.9999867027642294 0.0008785957286154399 -0.005125358079826921 0.003109250186546564 -0.0008570866288315985 0.9999908223009742 0.004197624605160699 -0.017755688431044192 0.00512900534903471 -0.004193180135287627 0.9999782516295912 -0.0009023337637033002 0.0 0.0 0.0 1.0" />
				<scale value="1" />
			</transform>
			<transform time="0.0015">
				<matrix value="0.9999866070226 0.0009076850362567718 -0.005136040293822084 0.0031172472592750486 -0.0008860605990025719 0.9999907246820682 0.004210641213116087 -0.01775835609134844 0.005139830376364471 -0.004206029486621195 0.9999781324844383 -0.0009008885312899965 0.0 0.0 0.0 1.0" />
				<scale value="1" />
			</transform>
		</animation>
	</shape>
	<shape type="ply" name="temp24">
		<string name="filename" value="meshes/Cube_020.ply" />
		<boolean name="face_normals" value="true" />
		<ref id="mat-Material" name="bsdf" />
		<animation name="to_world">
			<transform time="0">
				<matrix value="0.9996622454255643 0.02591618843553163 0.0017877428579633657 -0.0020244749486968694 -0.02592865503531677 0.9996367982868192 0.007340736889437021 -0.018287604909823618 -0.0015968497044117802 -0.0073846117222952255 0.9999716325591174 -9.187103463725865e-05 0.0 0.0 0.0 1.0" />
				<scale value="1" />
			</transform>
			<transform time="0.0015">
				<matrix value="0.9996644609636214 0.025825409435193677 0.0017988697386925776 -0.0020256849348575783 -0.025837910238782652 0.9996392164968767 0.007315539391743471 -0.018251899064196185 -0.0016092335115957916 -0.007359535376620826 0.9999717857457323 -9.021887518099329e-05 0.0 0.0 0.0 1.0" />
				<scale value="1" />
			</transform>
		</animation>
	</shape>
	<shape type="ply" name="temp25">
		<string name="filename" value="meshes/Cube_021.ply" />
		<boolean name="face_normals" value="true" />
		<ref id="mat-Material" name="bsdf" />
		<animation name="to_world">
			<transform time="0">
				<matrix value="0.9992429440434589 0.03728901199984148 0.011111076965118923 -0.007923663655427404 -0.03728576823449941 0.9993045807147343 -0.0004990730939089907 -0.01844553777971847 -0.011121958700558661 8.441084386856701e-05 0.999938064423401 -0.00512377769643424 0.0 0.0 0.0 1.0" />
				<scale value="1" />
			</transform>
			<transform time="0.0015">
				<matrix value="0.9992366729667322 0.03742863707212949 0.011176513185170558 -0.007968356949856875 -0.03742711559123873 0.9992988437267151 -0.00036586472797924647 -0.01861138734325849 -0.011181861525403871 -5.294365020964331e-05 0.9999371027518097 -0.005148051463353306 0.0 0.0 0.0 1.0" />
				<scale value="1" />
			</transform>
		</animation>
	</shape>
	<shape type="ply" name="temp26">
		<string name="filename" value="meshes/Cube_022.ply" />
		<boolean name="face_normals" value="true" />
		<ref id="mat-Material" name="bsdf" />
		<animation name="to_world">
			<transform time="0">
				<matrix value="0.9994051703198605 0.032360921357548554 0.011938200587111442 -0.006025815161061487 -0.032432676095293315 0.9994566385008646 0.005866835673568307 -0.020803366112078336 -0.011741858102537646 -0.0062505365825169 0.9999115881463817 -0.008395969369130729 0.0 0.0 0.0 1.0" />
				<scale value="1" />
			</transform>
			<transform time="0.0015">
				<matrix value="0.9994072925926458 0.03227744142363799 0.011976292143533488 -0.006039785314156109 -0.03235065966673283 0.9994585157875202 0.005963112616450624 -0.020774232073430324 -0.01177755074155279 -0.006346943362154173 0.9999104222259568 -0.008421368807659747 0.0 0.0 0.0 1.0" />
				<scale value="1" />
			</transform>
		</animation>
	</shape>
	<shape type="ply" name="temp27">
		<string name="filename" value="meshes/Cube_023.ply" />
		<boolean name="face_normals" value="true" />
		<ref id="mat-Material" name="bsdf" />
		<animation name="to_world">
			<transform time="0">
				<matrix value="0.999469440292752 0.03152933839219228 0.00821372123600717 -0.0024483434819170258 -0.03158694973822175 0.9994766625714662 0.0069815342151509545 -0.020264656946902326 -0.007989293952239875 -0.007237276893265447 0.9999418467486896 -0.007227315462843997 0.0 0.0 0.0 1.0" />
				<scale value="1" />
			</transform>
			<transform time="0.0015">
				<matrix value="0.9994688658429756 0.03154214899632928 0.00823346614095473 -0.0024519560980084433 -0.03159970220412101 0.9994764147696276 0.006957893263703246 -0.02027341710123668 -0.008009690908539743 -0.007214380453934681 0.9999418382383216 -0.0072463454613875015 0.0 0.0 0.0 1.0" />
				<scale value="1" />
			</transform>
		</animation>
	</shape>
	<shape type="ply" name="temp28">
		<string name="filename" value="meshes/Cube_024.ply" />
		<boolean name="face_normals" value="true" />
		<ref id="mat-Material" name="bsdf" />
		<animation name="to_world">
			<transform time="0">
				<matrix value="0.9994791915989838 0.03121694203240145 0.008169255274334417 -0.0007736704854202081 -0.03127789981685274 0.9994831286775979 0.007441843202759584 -0.020451756093047113 -0.007932727511271623 -0.00769349405431112 0.9999390100047232 -0.008103739874763288 0.0 0.0 0.0 1.0" />
				<scale value="1" />
			</transform>
			<transform time="0.0015">
				<matrix value="0.9994803404985368 0.031178292454738417 0.008174640635245936 -0.0007731327369224748 -0.03124009416007642 0.999483406516023 0.007541604290327704 -0.020397394303577395 -0.007935392319956996 -0.007793068642542317 0.9999380823746041 -0.00810588901647466 0.0 0.0 0.0 1.0" />
				<scale value="1" />
			</transform>
		</animation>
	</shape>
	<shape type="ply" name="temp29">
		<string name="filename" value="meshes/Cube_025.ply" />
		<boolean name="face_normals" value="true" />
		<ref id="mat-Material" name="bsdf" />
		<animation name="to_world">
			<transform time="0">
				<matrix value="0.9995057860705251 0.031136553732299035 0.004396929508330808 0.0010168515235287057 -0.03116829513480738 0.9994870917749045 0.007344117373118352 -0.021202199729607463 -0.004165992940054288 -0.007477526109510808 0.9999633587237677 -0.004900242151294976 0.0 0.0 0.0 1.0" />
				<scale value="1" />
			</transform>
			<transform time="0.0015">
				<matrix value="0.9995067754006957 0.031104464896039574 0.0043959874105860145 0.0010171265123524063 -0.031136653962410298 0.9994870842657579 0.007454798964987454 -0.02111259298080651 -0.004161939718173021 -0.007587995568392819 0.9999623800314402 -0.004895018754052991 0.0 0.0 0.0 1.0" />
				<scale value="1" />
			</transform>
		</animation>
	</shape>
	<shape type="ply" name="temp30">
		<string name="filename" value="meshes/Cube_026.ply" />
		<boolean name="face_normals" value="true" />
		<ref id="mat-Material" name="bsdf" />
		<animation name="to_world">
			<transform time="0">
				<matrix value="0.9995009104174092 0.030149262759608948 0.009458910000042552 0.00612242840803745 -0.030254291904465564 0.9994797913324976 0.011164124077289925 -0.018374920624130542 -0.009117409272960337 -0.011444717921334604 0.9998929129152697 -0.01187877889818234 0.0 0.0 0.0 1.0" />
				<scale value="1" />
			</transform>
			<transform time="0.0015">
				<matrix value="0.999499139197265 0.03019933600202791 0.009480885472459944 0.006134331833508654 -0.030303264705327425 0.9994795585489524 0.011025855276301384 -0.01854217499741726 -0.009143172866727656 -0.011307663004660877 0.9998939852216459 -0.011909458034581478 0.0 0.0 0.0 1.0" />
				<scale value="1" />
			</transform>
		</animation>
	</shape>
	<shape type="ply" name="temp31">
		<string name="filename" value="meshes/Cube_027.ply" />
		<boolean name="face_normals" value="true" />
		<ref id="mat-Material" name="bsdf" />
		<animation name="to_world">
			<transform time="0">
				<matrix value="0.9998076333225183 0.016028165106805475 0.011303266368840069 0.01204684717349691 -0.01637402553423861 0.9993790452272836 0.031199952153585103 0.0231863364688612 -0.010796163126942504 -0.031379032712239505 0.9994494352751949 -0.016411627668760698 0.0 0.0 0.0 1.0" />
				<scale value="1" />
			</transform>
			<transform time="0.0015">
				<matrix value="0.9998070269588654 0.016040767482306647 0.01133807122111542 0.01208514637611479 -0.016387511381019182 0.9993793606114417 0.031182614831763125 0.023147852057163777 -0.010830841064255234 -0.03136241497076519 0.9994495544203479 -0.01646310241911721 0.0 0.0 0.0 1.0" />
				<scale value="1" />
			</transform>
		</animation>
	</shape>
	<shape type="ply" name="temp32">
		<string name="filename" value="meshes/Cube_028.ply" />
		<boolean name="face_normals" value="true" />
		<ref id="mat-Material" name="bsdf" />
		<animation name="to_world">
			<transform time="0">
				<matrix value="0.9999264219620692 0.0007032745612955574 0.012115071573414226 0.01609781598930171 -0.001120487139800045 0.9994053268199482 0.03446511537746897 0.057566919814733386 -0.012083636953550095 -0.03447615154049764 0.9993326559819129 -0.021150606727577514 0.0 0.0 0.0 1.0" />
				<scale value="1" />
			</transform>
			<transform time="0.0015">
				<matrix value="0.9999253049763926 0.0007236120336405055 0.0121974995943444 0.016228991630851806 -0.001146092919448213 0.999399034155079 0.03463475679929226 0.057756540489303586 -0.01216500936008338 -0.03464619766758039 0.9993253030239048 -0.02129820412348425 0.0 0.0 0.0 1.0" />
				<scale value="1" />
			</transform>
		</animation>
	</shape>
	<shape type="ply" name="temp33">
		<string name="filename" value="meshes/Cube_029.ply" />
		<boolean name="face_normals" value="true" />
		<ref id="mat-Material" name="bsdf" />
		<animation name="to_world">
			<transform time="0">
				<matrix value="0.9937826557948467 -0.1112586171293409 0.0042562033680661115 -0.004287026391589066 0.11100488097201021 0.9930305805103218 0.039600402061178167 0.2987646182969872 -0.008632419192698223 -0.03888171823212487 0.9992066572707403 -0.018566116269624677 0.0 0.0 0.0 1.0" />
				<scale value="1" />
			</transform>
			<transform time="0.0015">
				<matrix value="0.9935841355262556 -0.1127487179176165 0.0042799821874764735 -0.004679637692462428 0.11249336491466211 0.992834186289572 0.039561663716783185 0.30179636407221094 -0.00870816199142193 -0.03882561514496851 0.999208061481471 -0.018717486977203768 0.0 0.0 0.0 1.0" />
				<scale value="1" />
			</transform>
		</animation>
	</shape>
	<shape type="ply" name="temp34">
		<string name="filename" value="meshes/Cube_030.ply" />
		<boolean name="face_normals" value="true" />
		<ref id="mat-Material" name="bsdf" />
		<animation name="to_world">
			<transform time="0">
				<matrix value="0.9999925778427601 -0.00385856044741573 1.3767563803697355e-05 0.0006630295067489023 0.003858563688756369 0.9999923798677699 -0.00015733642201739426 0.030808547889423332 -1.316043539914167e-05 0.00015739076715524591 1.000000020745162 -6.831603899004612e-05 0.0 0.0 0.0 1.0" />
				<scale value="1" />
			</transform>
			<transform time="0.0015">
				<matrix value="0.9999925058669692 -0.0038751374131265077 1.3467216202101024e-05 0.0006654815308628073 0.0038751404641223204 0.9999923192476239 -0.00016223504459674524 0.03083985935964162 -1.2836323436062994e-05 0.0001622887420649843 1.0000000201087536 -6.81644499825433e-05 0.0 0.0 0.0 1.0" />
				<scale value="1" />
			</transform>
		</animation>
	</shape>
	<shape type="ply" name="temp35">
		<string name="filename" value="meshes/Cube_031.ply" />
		<boolean name="face_normals" value="true" />
		<ref id="mat-Material" name="bsdf" />
		<animation name="to_world">
			<transform time="0">
				<matrix value="0.9999002707317203 -0.005598836518064424 -0.012988457761591526 -0.016718312097249388 0.006074536325388678 0.999301243369634 0.036879066295179286 0.07638561278749983 0.012772903602132523 -0.036954255427878925 0.9992354975010649 0.03322209270868859 0.0 0.0 0.0 1.0" />
				<scale value="1" />
			</transform>
			<transform time="0.0015">
				<matrix value="0.9998998558513262 -0.005482346901244152 -0.013051400443800121 -0.01680984439855947 0.005961902042880175 0.9992979318359737 0.03697885887110925 0.07622317796904388 0.012839814075973352 -0.03705274464405739 0.999230799777893 0.033381637443171484 0.0 0.0 0.0 1.0" />
				<scale value="1" />
			</transform>
		</animation>
	</shape>
	<shape type="ply" name="temp36">
		<string name="filename" value="meshes/Cube_032.ply" />
		<boolean name="face_normals" value="true" />
		<ref id="mat-Material" name="bsdf" />
		<animation name="to_world">
			<transform time="0">
				<matrix value="0.9995554290840687 -0.0284253988648855 -0.009025810114977962 -0.01016086185004994 0.02855518441493049 0.9994856316864231 0.01459204548624392 0.10745274693212875 0.00860637877264741 -0.014843286617454732 0.9998527257090796 0.024041008492243776 0.0 0.0 0.0 1.0" />
				<scale value="1" />
			</transform>
			<transform time="0.0015">
				<matrix value="0.999552939801704 -0.028505661880383237 -0.009038783320056218 -0.010182438056372757 0.02863400754101123 0.9994854815034907 0.014411409519917486 0.10749424471118785 0.008623709922404039 -0.01466381786300787 0.9998547937285194 0.024091553639745942 0.0 0.0 0.0 1.0" />
				<scale value="1" />
			</transform>
		</animation>
	</shape>
	<shape type="ply" name="temp37">
		<string name="filename" value="meshes/Cube_033.ply" />
		<boolean name="face_normals" value="true" />
		<ref id="mat-Material" name="bsdf" />
		<animation name="to_world">
			<transform time="0">
				<matrix value="0.9995106617236409 -0.03128396009369597 -0.00019250806462670103 -0.0005266328520683317 0.03128453513750228 0.9994820857572541 0.0075287184867294755 0.10833812181714542 -4.3120010212277076e-05 -0.007531065468281663 0.9999716325603364 -0.00018154276218385057 0.0 0.0 0.0 1.0" />
				<scale value="1" />
			</transform>
			<transform time="0.0015">
				<matrix value="0.9995097681350996 -0.031312057818525876 -0.00019227374015239987 -0.0005290700607531407 0.03131262381673994 0.9994821308121338 0.00733643276266257 0.10828329904395306 -3.7400207405015215e-05 -0.007338869461225304 0.9999725687008235 -0.00016510592357243416 0.0 0.0 0.0 1.0" />
				<scale value="1" />
			</transform>
		</animation>
	</shape>
	<shape type="ply" name="temp38">
		<string name="filename" value="meshes/Cube_034.ply" />
		<boolean name="face_normals" value="true" />
		<ref id="mat-Material" name="bsdf" />
		<animation name="to_world">
			<transform time="0">
				<matrix value="0.999485840216869 -0.03202743714840548 -0.001548023002211242 -0.0007644771276629214 0.03202641008320523 0.999486674606767 -0.0006864258491674866 0.10553248759821099 0.001569211225703734 0.0006364942858394362 0.9999985816280168 0.004513182761784251 0.0 0.0 0.0 1.0" />
				<scale value="1" />
			</transform>
			<transform time="0.0015">
				<matrix value="0.9994858561738074 -0.03202701137979202 -0.0015493209184448322 -0.0007653800587131749 0.03202616977171541 0.9994865694787143 -0.0005665460812863921 0.10557552348031486 0.0015666700832896883 0.0005166349394725773 0.9999984624828638 0.004504696373088258 0.0 0.0 0.0 1.0" />
				<scale value="1" />
			</transform>
		</animation>
	</shape>
	<shape type="ply" name="temp39">
		<string name="filename" value="meshes/Cube_035.ply" />
		<boolean name="face_normals" value="true" />
		<ref id="mat-Material" name="bsdf" />
		<animation name="to_world">
			<transform time="0">
				<matrix value="0.9994893861464078 -0.03188274237990251 -0.0022453041249566805 -0.001138692725028534 0.031890374928859794 0.9994854231023543 0.0034475895004541153 0.10551700495450023 0.002134228503245412 -0.0035174219843436797 0.9999917261634315 0.005831645938442008 0.0 0.0 0.0 1.0" />
				<scale value="1" />
			</transform>
			<transform time="0.0015">
				<matrix value="0.999489465931099 -0.03188240371738986 -0.0021282851173006294 -0.0011241890532668242 0.03188952187094171 0.9994850025901436 0.003541790764565383 0.10552042760350443 0.0020142688691010165 -0.00360784457485501 0.9999913431968686 0.005262913702136092 0.0 0.0 0.0 1.0" />
				<scale value="1" />
			</transform>
		</animation>
	</shape>
	<shape type="ply" name="temp40">
		<string name="filename" value="meshes/Cube_036.ply" />
		<boolean name="face_normals" value="true" />
		<ref id="mat-Material" name="bsdf" />
		<animation name="to_world">
			<transform time="0">
				<matrix value="0.9991294742982162 -0.034677310016415566 0.0232047311215871 -0.004788117431950845 0.03201246128288185 0.993772096874785 0.10673523392027141 0.07608475880812121 -0.026761502552182785 -0.10589944579212929 0.9940168341842777 -0.12302529545221894 0.0 0.0 0.0 1.0" />
				<scale value="1" />
			</transform>
			<transform time="0.0015">
				<matrix value="0.9991299530063633 -0.03475724638403525 0.023045386394085633 -0.004731664800673687 0.03199641354966752 0.9930031227149672 0.11121330959860427 0.07479941017021538 -0.026762473053166286 -0.11037913759389208 0.9932509691413739 -0.12290781668826195 0.0 0.0 0.0 1.0" />
				<scale value="1" />
			</transform>
		</animation>
	</shape>
	<shape type="ply" name="temp41">
		<string name="filename" value="meshes/Cube_037.ply" />
