<scene version="2.1.0">
	<default name="spp" value="1024" />
	<default name="resx" value="1280" />
	<default name="resy" value="720" />
	<integrator type="path" name="temp0">
		<integer name="max_depth" value="12" />
	</integrator>
	<sensor type="perspective" name="temp44">
		<string name="fov_axis" value="x" />
		<float name="fov" value="83.974423" />
		<float name="principal_point_offset_x" value="0.000000" />
		<float name="principal_point_offset_y" value="-0.000000" />
		<float name="near_clip" value="0.100000" />
		<float name="far_clip" value="1000.000000" />
		<transform name="to_world">
			<rotate x="1" angle="-142.5518126578256" />
			<rotate y="1" angle="3.976628485794621e-06" />
			<rotate z="1" angle="-179.999991348578" />
			<translate value="-0.000000 3.030926 4.073377" />
		</transform>
		<sampler type="correlated" name="sampler">
			<integer name="sample_count" value="1024" />
		</sampler>
		<film type="hdrfilm" name="film">
			<integer name="width" value="$resx" />
			<integer name="height" value="$resy" />
		</film>
		<float name="shutter_open" value="0.0" />
		<float name="shutter_close" value="0.0015" />
	</sensor>
	<bsdf type="twosided" id="mat-Material" name="mat-Material">
		<bsdf type="diffuse" name="bsdf">
			<texture type="bitmap" name="reflectance">
				<string name="filename" value="textures/siggraph_2023_logo.jpg" />
			</texture>
		</bsdf>
	</bsdf>
	<bsdf type="twosided" id="mat-Material.001" name="mat-Material.001">
		<bsdf type="principled" name="bsdf">
			<rgb value="0.433648 0.266232 0.084399" name="base_color" />
			<float name="spec_tint" value="0.000000" />
			<float name="spec_trans" value="0.000000" />
			<float name="metallic" value="0.000000" />
			<float name="anisotropic" value="0.000000" />
			<float name="roughness" value="0.500000" />
			<float name="sheen" value="0.000000" />
			<float name="sheen_tint" value="0.500000" />
			<float name="clearcoat" value="0.000000" />
			<float name="clearcoat_gloss" value="0.173205" />
			<float name="specular" value="0.500000" />
		</bsdf>
	</bsdf>
	<bsdf type="twosided" id="mat-Material.002" name="mat-Material.002">
		<bsdf type="principled" name="bsdf">
			<rgb value="0.433648 0.266232 0.084399" name="base_color" />
			<float name="spec_tint" value="0.000000" />
			<float name="spec_trans" value="0.000000" />
			<float name="metallic" value="0.000000" />
			<float name="anisotropic" value="0.000000" />
			<float name="roughness" value="0.500000" />
			<float name="sheen" value="0.000000" />
			<float name="sheen_tint" value="0.500000" />
			<float name="clearcoat" value="0.000000" />
			<float name="clearcoat_gloss" value="0.173205" />
			<float name="specular" value="0.500000" />
		</bsdf>
	</bsdf>
	<bsdf type="twosided" id="mat-Material.003" name="mat-Material.003">
		<bsdf type="principled" name="bsdf">
			<rgb value="0.433648 0.266232 0.084399" name="base_color" />
			<float name="spec_tint" value="0.000000" />
			<float name="spec_trans" value="0.000000" />
			<float name="metallic" value="0.000000" />
			<float name="anisotropic" value="0.000000" />
			<float name="roughness" value="0.500000" />
			<float name="sheen" value="0.000000" />
			<float name="sheen_tint" value="0.500000" />
			<float name="clearcoat" value="0.000000" />
			<float name="clearcoat_gloss" value="0.173205" />
			<float name="specular" value="0.500000" />
		</bsdf>
	</bsdf>
	<bsdf type="twosided" id="mat-Material.004" name="mat-Material.004">
		<bsdf type="principled" name="bsdf">
			<rgb value="0.433648 0.266232 0.084399" name="base_color" />
			<float name="spec_tint" value="0.000000" />
			<float name="spec_trans" value="0.000000" />
			<float name="metallic" value="0.000000" />
			<float name="anisotropic" value="0.000000" />
			<float name="roughness" value="0.500000" />
			<float name="sheen" value="0.000000" />
			<float name="sheen_tint" value="0.500000" />
			<float name="clearcoat" value="0.000000" />
			<float name="clearcoat_gloss" value="0.173205" />
			<float name="specular" value="0.500000" />
		</bsdf>
	</bsdf>
	<bsdf type="twosided" id="mat-Material.005" name="mat-Material.005">
		<bsdf type="principled" name="bsdf">
			<rgb value="0.433648 0.266232 0.084399" name="base_color" />
			<float name="spec_tint" value="0.000000" />
			<float name="spec_trans" value="0.000000" />
			<float name="metallic" value="0.000000" />
			<float name="anisotropic" value="0.000000" />
			<float name="roughness" value="0.500000" />
			<float name="sheen" value="0.000000" />
			<float name="sheen_tint" value="0.500000" />
			<float name="clearcoat" value="0.000000" />
			<float name="clearcoat_gloss" value="0.173205" />
			<float name="specular" value="0.500000" />
		</bsdf>
	</bsdf>
	<emitter type="point" name="temp45">
		<point name="position" x="-6.815235034541981e-16" y="3.0693089962005615" z="4.109199523925781" />
		<rgb value="7.957747 7.957747 7.957747" name="intensity" />
	</emitter>
	<shape type="ply" name="temp2">
		<string name="filename" value="meshes/Cube.ply" />
		<boolean name="face_normals" value="true" />
		<ref id="mat-Material" name="bsdf" />
		<animation name="to_world">
			<transform time="0">
				<matrix value="0.9999991135176153 0.00021762410230631406 0.0014366713457182423 -0.00236382487602782 -0.00021780694895811724 1.0 0.00012693294551891374 -0.017452283793458034 -0.00143664664989442 -0.00012724566823035192 0.999999054418678 0.003192326200258444 0.0 0.0 0.0 1.0" />
			</transform>
			<transform time="0.0015">
				<matrix value="0.9999991135176153 0.0002171849373752776 0.001437086736783494 -0.002364052363874937 -0.0002172603440388511 0.9999999324176804 5.272660394821987e-05 -0.017354813293152475 -0.0014370771680880209 -5.3038741937463184e-05 0.9999989863357335 0.003192598890238722 0.0 0.0 0.0 1.0" />
			</transform>
		</animation>
	</shape>
	<shape type="ply" name="temp4">
		<string name="filename" value="meshes/Plane.ply" />
		<boolean name="face_normals" value="true" />
		<ref id="mat-Material.001" name="bsdf" />
	</shape>
	<shape type="ply" name="temp5">
		<string name="filename" value="meshes/Cube_001.ply" />
		<boolean name="face_normals" value="true" />
		<ref id="mat-Material" name="bsdf" />
		<animation name="to_world">
			<transform time="0">
				<matrix value="0.9999986702764229 -0.00016397002229763695 -0.0017466187193897595 0.0024076340668433005 0.000169580977506396 0.9999947853982809 0.0032128962163036185 -0.02125907225766993 0.0017460821911007805 -0.003213191690845037 0.9999933809307451 -0.0038191862359078232 0.0 0.0 0.0 1.0" />
			</transform>
			<transform time="0.0015">
				<matrix value="0.999998670276423 -0.00016297904772708856 -0.001747271890138747 0.002406533633810743 0.00016859643441724927 0.9999947778891343 0.003215348053343139 -0.021258065773958192 0.0017467381808316529 -0.0032156421506621684 0.999993372420377 -0.0038240045362270994 0.0 0.0 0.0 1.0" />
			</transform>
		</animation>
	</shape>
	<shape type="ply" name="temp6">
		<string name="filename" value="meshes/Cube_002.ply" />
		<boolean name="face_normals" value="true" />
		<ref id="mat-Material" name="bsdf" />
		<animation name="to_world">
			<transform time="0">
				<matrix value="1.0 -2.0084059379712698e-05 0.0003889979722008547 -0.0009182869385893078 2.1034010783171728e-05 0.9999970798230373 -0.0024422001597086854 -0.01611060739069231 -0.00038894813546160023 0.0024422149125094125 0.9999969268607032 0.0006527936534952428 0.0 0.0 0.0 1.0" />
			</transform>
			<transform time="0.0015">
				<matrix value="1.0 -2.113961561486827e-05 0.00038930051578556473 -0.0009183615330328756 2.210575853977691e-05 0.9999969596766913 -0.0024810908396920325 -0.01608720125250001 -0.0003892461312831532 0.002481105834144873 0.9999968162259184 0.0006564078452384556 0.0 0.0 0.0 1.0" />
			</transform>
		</animation>
	</shape>
	<shape type="ply" name="temp7">
		<string name="filename" value="meshes/Cube_003.ply" />
		<boolean name="face_normals" value="true" />
		<ref id="mat-Material" name="bsdf" />
		<animation name="to_world">
			<transform time="0">
				<matrix value="0.9999991135176153 -0.00030989126512495234 0.001376343257366906 -0.0011982259962310948 0.0003139291204144483 0.999995619734556 -0.002934635272736385 -0.017499344233741998 -0.0013754261764064488 0.002935057350189707 0.9999947993027284 0.00404795998437163 0.0 0.0 0.0 1.0" />
			</transform>
			<transform time="0.0015">
				<matrix value="0.9999991135176153 -0.00028575131111359544 0.0013767312450469883 -0.001195908319824264 0.0002895134251768419 0.9999956497711425 -0.0027349811868951387 -0.017503354891519024 -0.0013758131321586662 0.0027353702935547855 0.9999948333442007 0.004054717222459448 0.0 0.0 0.0 1.0" />
			</transform>
		</animation>
	</shape>
	<shape type="ply" name="temp8">
		<string name="filename" value="meshes/Cube_004.ply" />
		<boolean name="face_normals" value="true" />
		<ref id="mat-Material" name="bsdf" />
		<animation name="to_world">
			<transform time="0">
				<matrix value="0.9999995567588077 -0.00033583495159806686 0.0011231094874429163 -0.0004611789398780708 0.00033791157160916054 0.9999981227433812 -0.0018490535440151556 -0.018679437255754883 -0.0011224861575775628 0.0018494315041205785 0.9999978724420252 0.0034796467213525917 0.0 0.0 0.0 1.0" />
			</transform>
			<transform time="0.0015">
				<matrix value="0.9999995567588077 -0.0003111674049450538 0.001123611854469792 -0.0004618323419276366 0.00031315816373073244 0.9999981828165542 -0.0017727481371819704 -0.018616347983700526 -0.0011230076303191075 0.0017730982503244932 0.9999979320146016 0.0034832360237804214 0.0 0.0 0.0 1.0" />
			</transform>
		</animation>
	</shape>
	<shape type="ply" name="temp9">
		<string name="filename" value="meshes/Cube_005.ply" />
		<boolean name="face_normals" value="true" />
		<ref id="mat-Material" name="bsdf" />
		<animation name="to_world">
			<transform time="0">
				<matrix value="0.9999995567588077 0.0005230620975631123 0.0008102331756261285 -0.0007296075483433917 -0.0005272531279530944 0.9999864420355303 0.0051836295288026435 -0.014386591762980905 -0.0008075101014667737 -0.005184044153075677 0.9999862890708293 0.00220693659873189 0.0 0.0 0.0 1.0" />
			</transform>
			<transform time="0.0015">
				<matrix value="0.9999995567588077 0.0005190198488450656 0.0008102553025830974 -0.0007291629105276017 -0.0005231770397793357 0.9999866372733426 0.005141458101930246 -0.01441355072038486 -0.0008075707378320696 -0.0051418697819883155 0.9999864848092949 0.0022017341742389517 0.0 0.0 0.0 1.0" />
			</transform>
		</animation>
	</shape>
	<shape type="ply" name="temp10">
		<string name="filename" value="meshes/Cube_006.ply" />
		<boolean name="face_normals" value="true" />
		<ref id="mat-Material" name="bsdf" />
		<animation name="to_world">
			<transform time="0">
				<matrix value="0.9999991135176153 0.0002277216570752759 -0.001474652983474548 -0.0012141134239960216 -0.00022846645639304502 0.9999997914159312 -0.0005044227202388917 -0.017555872118083404 0.0014745393394287863 0.0005047588455288963 0.9999988180233473 -0.0035901603785921665 0.0 0.0 0.0 1.0" />
			</transform>
			<transform time="0.0015">
				<matrix value="0.9999991135176153 0.0002273652729765995 -0.001475232794850815 -0.0012144844944533635 -0.00022808317073662193 0.9999997989250778 -0.00048622109726564585 -0.017544024765490347 0.001475123203798833 0.00048655681191019833 0.9999988265337154 -0.0035900439818802765 0.0 0.0 0.0 1.0" />
			</transform>
		</animation>
	</shape>
	<shape type="ply" name="temp11">
		<string name="filename" value="meshes/Cube_007.ply" />
		<boolean name="face_normals" value="true" />
		<ref id="mat-Material" name="bsdf" />
		<animation name="to_world">
			<transform time="0">
				<matrix value="0.9999986702764229 0.0017719821535470766 -0.00012127553246866224 0.00044451228452047076 -0.0017726500681704953 0.9999818531860174 -0.005741120636792285 -0.019044976429591187 0.00011110017782836637 0.005741328638801226 0.9999836887221933 -0.0004818812711506748 0.0 0.0 0.0 1.0" />
			</transform>
			<transform time="0.0015">
				<matrix value="0.999998670276423 0.0017732484209419313 -0.00012289011098758225 0.0004428418672813736 -0.0017739261445212096 0.9999818306585776 -0.005745264335003125 -0.019044410659913136 0.00011269995662813127 0.005745475640114649 0.9999836631910892 -0.00048600280012400744 0.0 0.0 0.0 1.0" />
			</transform>
		</animation>
	</shape>
	<shape type="ply" name="temp12">
		<string name="filename" value="meshes/Cube_008.ply" />
		<boolean name="face_normals" value="true" />
		<ref id="mat-Material" name="bsdf" />
		<animation name="to_world">
			<transform time="0">
				<matrix value="0.9999977837940383 -0.002108248874167489 9.253553376410867e-05 0.00020649664073646434 0.002108024083953428 0.9999947853982809 0.0023980887910317284 -0.019453794338114172 -9.759107276779303e-05 -0.002397892883737326 0.9999971632560337 2.2102814325686282e-05 0.0 0.0 0.0 1.0" />
			</transform>
			<transform time="0.0015">
				<matrix value="0.9999978635787294 -0.0020546723895750025 9.265978513785738e-05 0.00020410847111581343 0.002054453291338934 0.9999949505995066 0.002337639816873534 -0.019409844368638796 -9.754936133124473e-05 -0.002337448834010295 0.9999972568700825 1.937895418139213e-05 0.0 0.0 0.0 1.0" />
			</transform>
		</animation>
	</shape>
	<shape type="ply" name="temp13">
		<string name="filename" value="meshes/Cube_009.ply" />
		<boolean name="face_normals" value="true" />
		<ref id="mat-Material" name="bsdf" />
		<animation name="to_world">
			<transform time="0">
				<matrix value="0.9999995567588077 -0.0006126906719118607 0.0009352768496634441 0.0016564477866385374 0.0006123687341208843 0.9999997914159312 0.000346680844082623 -0.018523399237228122 -0.0009354871309352211 -0.0003461077169847922 0.9999995272093389 0.0015620669891158734 0.0 0.0 0.0 1.0" />
			</transform>
			<transform time="0.0015">
				<matrix value="0.9999995408018695 -0.0005559092084496721 0.0009354740348915097 0.0016559066636444787 0.0005556100643856492 0.999999776397638 0.00032234757419282784 -0.018443131864852056 -0.0009356881883569918 -0.00032182771738893646 0.9999995272093389 0.0015619392187117109 0.0 0.0 0.0 1.0" />
			</transform>
		</animation>
	</shape>
	<shape type="ply" name="temp14">
		<string name="filename" value="meshes/Cube_010.ply" />
		<boolean name="face_normals" value="true" />
		<ref id="mat-Material" name="bsdf" />
		<animation name="to_world">
			<transform time="0">
				<matrix value="0.998497412357919 0.054311912444751295 0.007324709316481814 0.01841031263546178 -0.054306531424914053 0.9985238505453431 -0.0009332745812138522 0.07926540693294992 -0.007364576518500001 0.0005340920231194582 0.9999728145369889 0.01161942610995359 0.0 0.0 0.0 1.0" />
			</transform>
			<transform time="0.0015">
				<matrix value="0.9982173361780049 0.05723958603885279 0.007387125206907187 0.01896691615048325 -0.057233009961946066 0.9982440897787968 -0.001070672431134625 0.08434423299917929 -0.007445734623352781 0.0006400541918331265 0.9999719124379741 0.011752129680059223 0.0 0.0 0.0 1.0" />
			</transform>
		</animation>
	</shape>
	<shape type="ply" name="temp15">
		<string name="filename" value="meshes/Cube_011.ply" />
		<boolean name="face_normals" value="true" />
		<ref id="mat-Material" name="bsdf" />
		<animation name="to_world">
			<transform time="0">
				<matrix value="0.9741497304207067 0.22586963912870264 -0.0038947549076852597 0.0702638452472637 -0.22548273398259303 0.9732430442427669 0.04422240356370689 0.38487315837263214 0.013779047811540938 -0.04220104166883942 0.9990142314716886 -0.07129700482593848 0.0 0.0 0.0 1.0" />
			</transform>
			<transform time="0.0015">
				<matrix value="0.9734239929128059 0.22852869552984476 -0.0040405324064175345 0.07127664522324516 -0.22811119754974624 0.9724743779579605 0.045125540843498735 0.39012407545841615 0.01430310605578809 -0.042976780818849016 0.9989620118532418 -0.07260791816928625 0.0 0.0 0.0 1.0" />
			</transform>
		</animation>
	</shape>
	<shape type="ply" name="temp16">
		<string name="filename" value="meshes/Cube_012.ply" />
		<boolean name="face_normals" value="true" />
		<ref id="mat-Material" name="bsdf" />
		<animation name="to_world">
			<transform time="0">
				<matrix value="0.983830118061724 0.17894502349699534 0.00757741592481872 0.13413418661209198 -0.17785207977632275 0.9710743956798068 0.15932111516187644 0.4207198212632255 0.021151478563969456 -0.15809251954954184 0.9871977744798003 -0.417227960944037 0.0 0.0 0.0 1.0" />
			</transform>
			<transform time="0.0015">
				<matrix value="0.983341181517242 0.1812163931708529 0.007518319077938691 0.13446583731491776 -0.1800016437131442 0.9702077575590242 0.16136966117746038 0.4261936036109213 0.022071713277193455 -0.16000446917674377 0.9868063741421238 -0.4201420885108039 0.0 0.0 0.0 1.0" />
			</transform>
		</animation>
	</shape>
	<shape type="ply" name="temp17">
		<string name="filename" value="meshes/Cube_013.ply" />
		<boolean name="face_normals" value="true" />
		<ref id="mat-Material" name="bsdf" />
		<animation name="to_world">
			<transform time="0">
				<matrix value="0.9770875330436309 0.19151137930387155 0.0928636741224178 0.17432171916866113 -0.21274189888072734 0.8656276398921203 0.45324360396973945 0.7257511304991529 0.006415929556563781 -0.4626144344347268 0.8865363876240425 -0.4816772180274953 0.0 0.0 0.0 1.0" />
			</transform>
			<transform time="0.0015">
				<matrix value="0.9767566818862505 0.19283214357942016 0.09331348452027151 0.17496296896900462 -0.21404031494497158 0.8636418160313666 0.45601835841511795 0.7303339135624703 0.007467610346351811 -0.4653826513003118 0.8849051968666597 -0.48501617312903716 0.0 0.0 0.0 1.0" />
			</transform>
		</animation>
	</shape>
	<shape type="ply" name="temp18">
		<string name="filename" value="meshes/Cube_014.ply" />
		<boolean name="face_normals" value="true" />
		<ref id="mat-Material" name="bsdf" />
		<animation name="to_world">
			<transform time="0">
				<matrix value="0.9613866002868656 0.2674220886357142 0.06497287836372825 0.0706370078978994 -0.191387336067245 0.4800385046190942 0.8561156181194184 0.8978610431405962 0.1977548060642487 -0.8354928737252906 0.5126835550642735 -0.6137833273003578 0.0 0.0 0.0 1.0" />
			</transform>
			<transform time="0.0015">
				<matrix value="0.9611732400657153 0.2679331911913887 0.0658106892072165 0.07106260566297197 -0.19170212975767872 0.4771041178479127 0.8575174289263457 0.899424582417255 0.1984439112290417 -0.8368377093212505 0.509963922272852 -0.6159763120043221 0.0 0.0 0.0 1.0" />
			</transform>
		</animation>
	</shape>
	<shape type="ply" name="temp19">
		<string name="filename" value="meshes/Cube_015.ply" />
		<boolean name="face_normals" value="true" />
		<ref id="mat-Material" name="bsdf" />
		<animation name="to_world">
			<transform time="0">
				<matrix value="0.9707602650227737 0.2314826364191956 0.06356776815858912 0.027665735822945292 -0.14251680327360217 0.3426675399386346 0.9285837886701391 0.6046688081157283 0.19316845647460137 -0.9104913614907921 0.3656380948238406 -0.38531937504293695 0.0 0.0 0.0 1.0" />
			</transform>
			<transform time="0.0015">
				<matrix value="0.9707571055490031 0.23136410453976858 0.06400307263407606 0.027848902619555478 -0.14259258117759 0.3412343817601077 0.9290667350370906 0.6050271417914119 0.19312786202372959 -0.9110249839771858 0.3642462922097575 -0.38582090914017025 0.0 0.0 0.0 1.0" />
			</transform>
		</animation>
	</shape>
	<shape type="ply" name="temp20">
		<string name="filename" value="meshes/Cube_016.ply" />
		<boolean name="face_normals" value="true" />
		<ref id="mat-Material" name="bsdf" />
		<animation name="to_world">
			<transform time="0">
				<matrix value="0.9631626677446292 0.24672783742123347 0.10697283486698744 0.07074386160691937 -0.18995460323707908 0.34262373728419376 0.9200685924691067 0.32438593502324636 0.1903551159784904 -0.9064957250695107 0.37686947337266635 -0.2520474698758179 0.0 0.0 0.0 1.0" />
			</transform>
			<transform time="0.0015">
				<matrix value="0.9631525191319112 0.24653473971585077 0.10747232368738366 0.07060654807090103 -0.19006503003675207 0.3411873651909127 0.9205459219931353 0.32473136386411966 0.190295108316561 -0.9070542178495161 0.3754729219732031 -0.25132937018049306 0.0 0.0 0.0 1.0" />
			</transform>
		</animation>
	</shape>
	<shape type="ply" name="temp21">
		<string name="filename" value="meshes/Cube_017.ply" />
		<boolean name="face_normals" value="true" />
		<ref id="mat-Material" name="bsdf" />
		<animation name="to_world">
			<transform time="0">
				<matrix value="0.9361005767454396 0.230979531645332 0.26526345550401614 0.18762410850635214 -0.3334525652140767 0.34281083719387684 0.8782313468718514 0.11688973637150094 0.11191831242121389 -0.9105652002511352 0.3979259146489931 -0.055696304724145385 0.0 0.0 0.0 1.0" />
			</transform>
			<transform time="0.0015">
				<matrix value="0.9361214005498373 0.230775177729163 0.2653651288712885 0.1873692405533828 -0.33328499023580616 0.34135458088034093 0.8788238812483757 0.11714501420734924 0.11222788978853833 -0.9111274926593312 0.396463118544512 -0.05471844751753428 0.0 0.0 0.0 1.0" />
			</transform>
		</animation>
	</shape>
	<shape type="ply" name="temp22">
		<string name="filename" value="meshes/Cube_018.ply" />
		<boolean name="face_normals" value="true" />
		<ref id="mat-Material" name="bsdf" />
		<animation name="to_world">
			<transform time="0">
				<matrix value="0.15642659837206377 0.9829757854754569 0.09638126028024194 0.8670058712784245 -0.5073086040207295 -0.0037646817111402667 0.8617562471012022 -0.06932443112405319 0.8474483491038549 -0.1836966103002985 0.49808330666006023 -0.26986756119841393 0.0 0.0 0.0 1.0" />
			</transform>
			<transform time="0.0015">
				<matrix value="0.15676919862306712 0.9829348906629539 0.09622149343848445 0.8669578549203838 -0.5062354680104979 -0.003685852942647318 0.8623637341944167 -0.06988037249547885 0.8480017038079948 -0.18391293679984147 0.49702070210346677 -0.26898871874579755 0.0 0.0 0.0 1.0" />
			</transform>
		</animation>
	</shape>
	<shape type="ply" name="temp23">
		<string name="filename" value="meshes/Cube_019.ply" />
		<boolean name="face_normals" value="true" />
		<ref id="mat-Material" name="bsdf" />
		<animation name="to_world">
			<transform time="0">
				<matrix value="-0.07065938332739391 0.988135946752659 -0.13636263705610274 0.46084599971250356 -0.9172592801408443 -0.010646698218483469 0.3981483626550221 -0.03842242216030839 0.3919729906547027 0.15321277869438887 0.9071292576571994 -0.047196677090063255 0.0 0.0 0.0 1.0" />
			</transform>
			<transform time="0.0015">
				<matrix value="-0.07040784294012678 0.988138191987499 -0.13646911707925818 0.4608727961211147 -0.9177918908252777 -0.010587022129181462 0.396854505866999 -0.03717629543467039 0.39070247370126987 0.15320211946075904 0.9076511559787844 -0.04725947965457197 0.0 0.0 0.0 1.0" />
			</transform>
		</animation>
	</shape>
	<shape type="ply" name="temp24">
		<string name="filename" value="meshes/Cube_020.ply" />
		<boolean name="face_normals" value="true" />
		<ref id="mat-Material" name="bsdf" />
		<animation name="to_world">
			<transform time="0">
				<matrix value="0.032916574086000405 0.9990228330316538 -0.029493414245424364 -0.14092076573010337 -0.8918241898233058 0.016037578627227506 -0.45209756012753477 0.31132411426073303 -0.4511823679191098 0.04118444803054775 0.8914808319927404 0.15125534447368916 0.0 0.0 0.0 1.0" />
			</transform>
			<transform time="0.0015">
				<matrix value="0.03296714987317561 0.9990029217014602 -0.029992558395872927 -0.1404664334365678 -0.8917239348336805 0.015844850446937904 -0.4522994686097937 0.31152633856557266 -0.4513753304294742 0.04165504464388382 0.8913571678342279 0.15135631557923065 0.0 0.0 0.0 1.0" />
			</transform>
		</animation>
	</shape>
	<shape type="ply" name="temp25">
		<string name="filename" value="meshes/Cube_021.ply" />
		<boolean name="face_normals" value="true" />
		<ref id="mat-Material" name="bsdf" />
		<animation name="to_world">
			<transform time="0">
				<matrix value="0.22475617302008594 0.9426652455138782 -0.24671209554531912 -0.188492944163199 -0.6918733500346615 -0.02390077238680664 -0.7216232227208063 0.25043851654656146 -0.6861457873470596 0.33288286127282174 0.6468331772336168 0.22233408544036037 0.0 0.0 0.0 1.0" />
			</transform>
			<transform time="0.0015">
				<matrix value="0.22568116960281825 0.9423512580570291 -0.24701041798746892 -0.18783761075913508 -0.6915946301944974 -0.023603200224838985 -0.7218956906647747 0.2505430491374337 -0.6861049216282378 0.3337539222809647 0.6464080417969307 0.22274038693899112 0.0 0.0 0.0 1.0" />
			</transform>
		</animation>
	</shape>
	<shape type="ply" name="temp26">
		<string name="filename" value="meshes/Cube_022.ply" />
		<boolean name="face_normals" value="true" />
		<ref id="mat-Material" name="bsdf" />
		<animation name="to_world">
			<transform time="0">
				<matrix value="0.6019171068051707 0.3946312546540321 -0.694234932516225 -0.09126647924958442 -0.7491684795231434 -0.021937599989987965 -0.6620159037322567 -0.2280313463252675 -0.2764820212507557 0.9185775400846434 0.2824406494063404 0.6650222454442398 0.0 0.0 0.0 1.0" />
			</transform>
			<transform time="0.0015">
				<matrix value="0.6015741602886077 0.39455032107174104 -0.6945735004889542 -0.09135001729115762 -0.7495099260875123 -0.021948877226384767 -0.6616234566193082 -0.2283298059142361 -0.2762898183340121 0.9186119244670252 0.2825148427951309 0.6651267012475975 0.0 0.0 0.0 1.0" />
			</transform>
		</animation>
	</shape>
	<shape type="ply" name="temp27">
		<string name="filename" value="meshes/Cube_023.ply" />
		<boolean name="face_normals" value="true" />
		<ref id="mat-Material" name="bsdf" />
		<animation name="to_world">
			<transform time="0">
				<matrix value="0.8594916555413127 0.2683834526086567 -0.4350222518924628 -0.07268717740660924 -0.48573960111838616 0.16385119195366096 -0.8586093524611826 -0.2918270248640129 -0.15915771762699304 0.9492750660690039 0.27119319597503855 0.20372776578341767 0.0 0.0 0.0 1.0" />
			</transform>
			<transform time="0.0015">
				<matrix value="0.8595164845372075 0.2684607442548362 -0.43492502944768846 -0.0726689562439461 -0.4857208357590209 0.16418589714603987 -0.8585542308072258 -0.2918202848275165 -0.15908039987846548 0.9491936143555959 0.2715176367367798 0.2037542563312681 0.0 0.0 0.0 1.0" />
			</transform>
		</animation>
	</shape>
	<shape type="ply" name="temp28">
		<string name="filename" value="meshes/Cube_024.ply" />
		<boolean name="face_normals" value="true" />
		<ref id="mat-Material" name="bsdf" />
		<animation name="to_world">
			<transform time="0">
				<matrix value="0.8812512521563683 0.3201777970602161 -0.34768174191208834 -0.13916083123894596 -0.41215549078324265 0.16050089378273466 -0.8968654451962342 -0.5386904651514293 -0.23135315330649067 0.933662548521869 0.27340467429214965 -0.2124163411377843 0.0 0.0 0.0 1.0" />
			</transform>
			<transform time="0.0015">
				<matrix value="0.8814268103908383 0.3202148096439155 -0.3471918170433236 -0.13889131650906544 -0.4117693057511421 0.1609063291289748 -0.8969653484069491 -0.5383866001121044 -0.2313616296320815 0.933577582527842 0.2736833292737013 -0.21235629712904505 0.0 0.0 0.0 1.0" />
			</transform>
		</animation>
	</shape>
	<shape type="ply" name="temp29">
		<string name="filename" value="meshes/Cube_025.ply" />
		<boolean name="face_normals" value="true" />
		<ref id="mat-Material" name="bsdf" />
		<animation name="to_world">
			<transform time="0">
				<matrix value="0.8840348068443532 0.4027065868763076 -0.23729765150694934 -0.2960348096397911 -0.33849235054350235 0.2014531217734652 -0.9191516149819796 -0.8045070953946009 -0.32234405445129405 0.8928851974143919 0.3144046076286664 -0.7274667186314185 0.0 0.0 0.0 1.0" />
			</transform>
			<transform time="0.0015">
				<matrix value="0.8840705503860014 0.40264176041352057 -0.23727412884961774 -0.2959841967308269 -0.3383614573748482 0.2012233846889701 -0.919248973592643 -0.8044311714870525 -0.3223826096054593 0.8929652824631147 0.31413407153824874 -0.7276432618295214 0.0 0.0 0.0 1.0" />
			</transform>
		</animation>
	</shape>
	<shape type="ply" name="temp30">
		<string name="filename" value="meshes/Cube_026.ply" />
		<boolean name="face_normals" value="true" />
		<ref id="mat-Material" name="bsdf" />
		<animation name="to_world">
			<transform time="0">
				<matrix value="0.921774134926165 0.23849460705890208 -0.30570029516320973 -0.3170562416197136 -0.35619691078618576 0.20944572955406815 -0.9106352368042945 -1.1434352849358702 -0.1531538827041968 0.9482892977600158 0.27801272847017705 -0.8254356808130727 0.0 0.0 0.0 1.0" />
			</transform>
			<transform time="0.0015">
				<matrix value="0.9218644352396411 0.23835363784936875 -0.3055355174167356 -0.3167803976642729 -0.356018177121007 0.2096014992915933 -0.9106684442604841 -1.1433118385950827 -0.15302091034649054 0.9482897032539335 0.27808346664953315 -0.8252271945096342 0.0 0.0 0.0 1.0" />
			</transform>
		</animation>
	</shape>
	<shape type="ply" name="temp31">
		<string name="filename" value="meshes/Cube_027.ply" />
		<boolean name="face_normals" value="true" />
		<ref id="mat-Material" name="bsdf" />
		<animation name="to_world">
			<transform time="0">
				<matrix value="0.8733318617725747 0.16913740058361823 -0.45681955613467157 -0.5389861705681519 -0.48453043914564375 0.20493674688114671 -0.8504303104201644 -1.5760634984389752 -0.050220468169077014 0.9640505357481807 0.26092985630473436 -0.9529850979218716 0.0 0.0 0.0 1.0" />
			</transform>
			<transform time="0.0015">
				<matrix value="0.873336010576516 0.16911121093294496 -0.4568213007601249 -0.5389809251975809 -0.484533295437588 0.20509693274780022 -0.8503896308608138 -1.5761406974936059 -0.05011780441985574 0.9640206868903586 0.26105841392472395 -0.9527043384141629 0.0 0.0 0.0 1.0" />
			</transform>
		</animation>
	</shape>
	<shape type="ply" name="temp32">
		<string name="filename" value="meshes/Cube_028.ply" />
		<boolean name="face_normals" value="true" />
		<ref id="mat-Material" name="bsdf" />
		<animation name="to_world">
			<transform time="0">
				<matrix value="-0.10768473849656135 0.9806242086841891 0.1636464405245896 -1.4492693712911864 -0.8422872486600819 -0.0025415801911881576 -0.5390229591872918 -2.0939276978240873 -0.5281631021209977 -0.19588182043831856 0.8262411582236497 -1.153259521481361 0.0 0.0 0.0 1.0" />
			</transform>
			<transform time="0.0015">
				<matrix value="-0.10770921324842737 0.9806244940317608 0.1636285236467024 -1.4493228397694196 -0.8421886986095378 -0.0025360725325068428 -0.5391761373020935 -2.0940063673437077 -0.5283144058093493 -0.19588044025716947 0.8261442166210216 -1.1536757478021127 0.0 0.0 0.0 1.0" />
			</transform>
		</animation>
	</shape>
	<shape type="ply" name="temp33">
		<string name="filename" value="meshes/Cube_029.ply" />
		<boolean name="face_normals" value="true" />
		<ref id="mat-Material" name="bsdf" />
		<animation name="to_world">
			<transform time="0">
				<matrix value="-0.01119746483767621 0.9845943978490811 0.17449466952169188 -1.6582489504332778 -0.9994025108727065 -0.005312283724393698 -0.03415763597104819 -1.9396024157554625 -0.03270445829720918 -0.1747728415199104 0.9840655363502735 -0.2557645241666515 0.0 0.0 0.0 1.0" />
			</transform>
			<transform time="0.0015">
				<matrix value="-0.011215412723095652 0.9845778026350467 0.17458642150187403 -1.6581367039150612 -0.9994030374516684 -0.0053307621573094564 -0.0341390654968936 -1.9395822800682185 -0.03268185673032266 -0.17486502755841443 0.9840497836589852 -0.25578607846304735 0.0 0.0 0.0 1.0" />
			</transform>
		</animation>
	</shape>
	<shape type="ply" name="temp34">
		<string name="filename" value="meshes/Cube_030.ply" />
		<boolean name="face_normals" value="true" />
		<ref id="mat-Material" name="bsdf" />
		<animation name="to_world">
			<transform time="0">
				<matrix value="-0.03416331233198306 0.9819818392404681 -0.18586084410770587 -3.1882681826209476 -0.979876224061804 0.003683042988241952 0.19957146767273973 -1.9558193212911728 0.19666006820959261 0.18893862775247022 0.9620951257392606 0.224974758946495 0.0 0.0 0.0 1.0" />
			</transform>
			<transform time="0.0015">
				<matrix value="-0.03418243624320302 0.9819796789022623 -0.1858687319144563 -3.1883229187842734 -0.9798590126451012 0.0036820902559719496 0.19965543470518474 -1.9556753234179491 0.19674193629439776 0.1889498858625855 0.9620760847642684 0.22513001656895446 0.0 0.0 0.0 1.0" />
			</transform>
		</animation>
	</shape>
	<shape type="ply" name="temp35">
		<string name="filename" value="meshes/Cube_031.ply" />
		<boolean name="face_normals" value="true" />
		<ref id="mat-Material" name="bsdf" />
		<animation name="to_world">
			<transform time="0">
				<matrix value="0.10420494054362646 0.9847472899714865 0.13933436275619934 -2.0062898770285567 -0.8090317484801259 0.0024472689044956124 0.5877598752967352 -1.3026703885388744 0.5784541342878976 -0.17397338050114408 0.7969468124690027 0.5472599979365866 0.0 0.0 0.0 1.0" />
			</transform>
			<transform time="0.0015">
				<matrix value="0.10428670070375887 0.9847321965867765 0.13937900218981059 -2.006037075059103 -0.8088687643129858 0.0024384329667570632 0.5879824639734748 -1.302011931927449 0.5786654839348303 -0.1740583389860245 0.7967734307404148 0.5475895549533514 0.0 0.0 0.0 1.0" />
			</transform>
		</animation>
	</shape>
	<shape type="ply" name="temp36">
		<string name="filename" value="meshes/Cube_032.ply" />
		<boolean name="face_normals" value="true" />
		<ref id="mat-Material" name="bsdf" />
		<animation name="to_world">
			<transform time="0">
				<matrix value="0.7702051497534692 0.5855711970431122 0.25276641635553104 -0.5626164929652204 -0.2836386821907462 -0.04048973453505568 0.9580759973164403 0.29910157091752115 0.5712563405652566 -0.809609050879912 0.13490521256431726 -0.18610227634021514 0.0 0.0 0.0 1.0" />
			</transform>
			<transform time="0.0015">
				<matrix value="0.7702501802331705 0.5855638230611294 0.2526453308387025 -0.5626261233357428 -0.28354743084375117 -0.04040345594219913 0.9581064218822727 0.2993278038638214 0.571240654894971 -0.8096185724778285 0.1349144420584837 -0.18615197026383343 0.0 0.0 0.0 1.0" />
			</transform>
		</animation>
	</shape>
	<shape type="ply" name="temp37">
		<string name="filename" value="meshes/Cube_033.ply" />
		<boolean name="face_normals" value="true" />
		<ref id="mat-Material" name="bsdf" />
		<animation name="to_world">
			<transform time="0">
				<matrix value="0.9782426195909062 0.16024441881178 0.13177183973720405 -0.13203500213245167 -0.14979265177021667 0.10609146828583528 0.9830090856181336 0.30079283453565425 0.14354188717915986 -0.9813594675265893 0.12778659269699177 -0.39015543628703964 0.0 0.0 0.0 1.0" />
			</transform>
			<transform time="0.0015">
				<matrix value="0.9782409281554533 0.16024956558087466 0.13177805060381786 -0.1320376081673268 -0.14979448203103232 0.10605675950831943 0.9830125408275681 0.30079004548606136 0.14355141985406192 -0.9813623585480388 0.1277535273639489 -0.3901606153019224 0.0 0.0 0.0 1.0" />
			</transform>
		</animation>
	</shape>
	<shape type="ply" name="temp38">
		<string name="filename" value="meshes/Cube_034.ply" />
		<boolean name="face_normals" value="true" />
		<ref id="mat-Material" name="bsdf" />
		<animation name="to_world">
			<transform time="0">
				<matrix value="0.9999242057561075 0.0033114473022779465 0.011881111114788371 -0.03605660199724792 -0.012284203593090402 0.18094465638903434 0.9834166311679678 0.36936336026498107 0.0011067112035416744 -0.9834876507802087 0.18097161790382588 -0.3470026650089204 0.0 0.0 0.0 1.0" />
			</transform>
			<transform time="0.0015">
				<matrix value="0.9999242057561075 0.0033103432324501254 0.011881717052994598 -0.03605681191729104 -0.012284601239991238 0.18094581204669946 0.9834164184087663 0.3693600066927668 0.0011055011889152563 -0.9834874405241033 0.1809727599952202 -0.3470157159563304 0.0 0.0 0.0 1.0" />
			</transform>
		</animation>
	</shape>
	<shape type="ply" name="temp39">
		<string name="filename" value="meshes/Cube_035.ply" />
		<boolean name="face_normals" value="true" />
		<ref id="mat-Material" name="bsdf" />
		<animation name="to_world">
			<transform time="0">
				<matrix value="0.9990226531708588 -0.04412393648197938 0.0026808648854120916 0.009108081436534299 0.006747017430016648 0.21213437820046183 0.9772171636248104 0.09188257107056338 -0.043687389965373996 -0.9762437346560345 0.2122248062858464 -0.13988010599901496 0.0 0.0 0.0 1.0" />
			</transform>
			<transform time="0.0015">
				<matrix value="0.9990225255153529 -0.044126709609826856 0.00268413627089627 0.009109557953835497 0.006744185392618564 0.2121294371819846 0.9772182614622907 0.0918763024348336 -0.043690828366425044 -0.9762446883176555 0.21221973665959007 -0.13989857472666345 0.0 0.0 0.0 1.0" />
			</transform>
		</animation>
	</shape>
	<shape type="ply" name="temp40">
		<string name="filename" value="meshes/Cube_036.ply" />
		<boolean name="face_normals" value="true" />
		<ref id="mat-Material" name="bsdf" />
		<animation name="to_world">
			<transform time="0">
				<matrix value="0.999718541842855 -0.023569269726316844 0.0027393963692513975 0.0045650560865069245 0.0023251369172043184 0.2122038366953609 0.977222837112743 -0.25073641770561267 -0.023613745441264336 -0.976941239781988 0.21219889735762026 0.24114270096540963 0.0 0.0 0.0 1.0" />
			</transform>
			<transform time="0.0015">
				<matrix value="0.9997183503595962 -0.02357750050192913 0.002739875502973456 0.004570228567997456 0.0023263059224994708 0.21219932369824113 0.9772238072947025 -0.2507325483473382 -0.023621900872827253 -0.97694201322409 0.2121943953729139 0.24112268183593394 0.0 0.0 0.0 1.0" />
			</transform>
		</animation>
	</shape>
	<shape type="ply" name="temp41">
		<string name="filename" value="meshes/Cube_037.ply" />
		<boolean name="face_normals" value="true" />
		<ref id="mat-Material" name="bsdf" />
		<animation name="to_world">
			<transform time="0">
				<matrix value="0.9989508480976974 -0.045702751015282955 0.003007634150804146 -0.003911282807833594 0.0067714843438346035 0.2123148034199444 0.9771779219999424 -0.569361446512158 -0.04529831905210211 -0.9761319335951759 0.21240141723728562 0.5081681330089725 0.0 0.0 0.0 1.0" />
			</transform>
			<transform time="0.0015">
				<matrix value="0.9989507842699444 -0.04570388039093489 0.0030079915862628753 -0.003922703112856329 0.006771138556983035 0.21230970470938812 0.9771790283477908 -0.569362537046575 -0.045299533375101855 -0.9761329923848496 0.212396309314373 0.5081811690192024 0.0 0.0 0.0 1.0" />
			</transform>
		</animation>
	</shape>
	<shape type="ply" name="temp42">
		<string name="filename" value="meshes/Cube_038.ply" />
		<boolean name="face_normals" value="true" />
		<ref id="mat-Material" name="bsdf" />
		<animation name="to_world">
			<transform time="0">
				<matrix value="0.9992810627860014 -0.037802504260329606 0.0029962635354056377 0.004280507273859424 0.005102960496571972 0.21234525669398424 0.9771814679299002 -0.9044835529003289 -0.03757615770167031 -0.9764631650963763 0.2123854605524748 0.8551058130452068 0.0 0.0 0.0 1.0" />
			</transform>
			<transform time="0.0015">
				<matrix value="0.9992809191735572 -0.037806154456502525 0.00299610013633879 0.004287622201242677 0.005103688132955524 0.21233985761756308 0.9771826338503252 -0.9044824005833196 -0.037579717854160095 -0.9764642013586102 0.21238008370193132 0.8551231703536187 0.0 0.0 0.0 1.0" />
			</transform>
		</animation>
	</shape>
	<shape type="ply" name="temp43">
		<string name="filename" value="meshes/Cube_039.ply" />
		<boolean name="face_normals" value="true" />
		<ref id="mat-Material" name="bsdf" />
		<animation name="to_world">
			<transform time="0">
