<scene version="2.1.0">
	<default name="spp" value="1024" />
	<default name="resx" value="640" />
	<default name="resy" value="360" />
	<integrator type="path" name="temp0">
		<integer name="max_depth" value="12" />
	</integrator>
	<sensor type="perspective" name="temp44">
		<string name="fov_axis" value="x" />
		<float name="fov" value="83.974423" />
		<float name="principal_point_offset_x" value="0.000000" />
		<float name="principal_point_offset_y" value="-0.000000" />
		<float name="near_clip" value="0.100000" />
		<float name="far_clip" value="1000.000000" />
		<transform name="to_world">
			<rotate x="1" angle="-142.5518126578256" />
			<rotate y="1" angle="3.976628485794621e-06" />
			<rotate z="1" angle="-179.999991348578" />
			<translate value="-0.000000 3.030926 4.073377" />
		</transform>
		<sampler type="correlated" name="sampler">
			<integer name="sample_count" value="1024" />
		</sampler>
		<film type="hdrfilm" name="film">
			<integer name="width" value="$resx" />
			<integer name="height" value="$resy" />
		</film>
		<float name="shutter_open" value="0.0" />
		<float name="shutter_close" value="0.0015" />
	</sensor>
	<bsdf type="twosided" id="mat-Material" name="mat-Material">
		<bsdf type="diffuse" name="bsdf">
			<texture type="bitmap" name="reflectance">
				<string name="filename" value="textures/siggraph_2023_logo.jpg" />
			</texture>
		</bsdf>
	</bsdf>
	<bsdf type="twosided" id="mat-Material.001" name="mat-Material.001">
		<bsdf type="principled" name="bsdf">
			<rgb value="0.433648 0.266232 0.084399" name="base_color" />
			<float name="spec_tint" value="0.000000" />
			<float name="spec_trans" value="0.000000" />
			<float name="metallic" value="0.000000" />
			<float name="anisotropic" value="0.000000" />
			<float name="roughness" value="0.500000" />
			<float name="sheen" value="0.000000" />
			<float name="sheen_tint" value="0.500000" />
			<float name="clearcoat" value="0.000000" />
			<float name="clearcoat_gloss" value="0.173205" />
			<float name="specular" value="0.500000" />
		</bsdf>
	</bsdf>
	<bsdf type="twosided" id="mat-Material.002" name="mat-Material.002">
		<bsdf type="principled" name="bsdf">
			<rgb value="0.433648 0.266232 0.084399" name="base_color" />
			<float name="spec_tint" value="0.000000" />
			<float name="spec_trans" value="0.000000" />
			<float name="metallic" value="0.000000" />
			<float name="anisotropic" value="0.000000" />
			<float name="roughness" value="0.500000" />
			<float name="sheen" value="0.000000" />
			<float name="sheen_tint" value="0.500000" />
			<float name="clearcoat" value="0.000000" />
			<float name="clearcoat_gloss" value="0.173205" />
			<float name="specular" value="0.500000" />
		</bsdf>
	</bsdf>
	<bsdf type="twosided" id="mat-Material.003" name="mat-Material.003">
		<bsdf type="principled" name="bsdf">
			<rgb value="0.433648 0.266232 0.084399" name="base_color" />
			<float name="spec_tint" value="0.000000" />
			<float name="spec_trans" value="0.000000" />
			<float name="metallic" value="0.000000" />
			<float name="anisotropic" value="0.000000" />
			<float name="roughness" value="0.500000" />
			<float name="sheen" value="0.000000" />
			<float name="sheen_tint" value="0.500000" />
			<float name="clearcoat" value="0.000000" />
			<float name="clearcoat_gloss" value="0.173205" />
			<float name="specular" value="0.500000" />
		</bsdf>
	</bsdf>
	<bsdf type="twosided" id="mat-Material.004" name="mat-Material.004">
		<bsdf type="principled" name="bsdf">
			<rgb value="0.433648 0.266232 0.084399" name="base_color" />
			<float name="spec_tint" value="0.000000" />
			<float name="spec_trans" value="0.000000" />
			<float name="metallic" value="0.000000" />
			<float name="anisotropic" value="0.000000" />
			<float name="roughness" value="0.500000" />
			<float name="sheen" value="0.000000" />
			<float name="sheen_tint" value="0.500000" />
			<float name="clearcoat" value="0.000000" />
			<float name="clearcoat_gloss" value="0.173205" />
			<float name="specular" value="0.500000" />
		</bsdf>
	</bsdf>
	<bsdf type="twosided" id="mat-Material.005" name="mat-Material.005">
		<bsdf type="principled" name="bsdf">
			<rgb value="0.433648 0.266232 0.084399" name="base_color" />
			<float name="spec_tint" value="0.000000" />
			<float name="spec_trans" value="0.000000" />
			<float name="metallic" value="0.000000" />
			<float name="anisotropic" value="0.000000" />
			<float name="roughness" value="0.500000" />
			<float name="sheen" value="0.000000" />
			<float name="sheen_tint" value="0.500000" />
			<float name="clearcoat" value="0.000000" />
			<float name="clearcoat_gloss" value="0.173205" />
			<float name="specular" value="0.500000" />
		</bsdf>
	</bsdf>
	<emitter type="point" name="temp45">
		<point name="position" x="-6.815235034541981e-16" y="3.0693089962005615" z="4.109199523925781" />
		<rgb value="7.957747 7.957747 7.957747" name="intensity" />
	</emitter>
	<shape type="ply" name="temp2">
		<string name="filename" value="meshes/Cube.ply" />
		<boolean name="face_normals" value="true" />
		<ref id="mat-Material" name="bsdf" />
		<animation name="to_world">
			<transform time="0">
				<matrix value="0.9999982270352306 0.00020112343379437365 0.002031066128756972 -0.0031171835615984023 -0.0002010998586947079 1.0 -1.1818088119668991e-05 -0.01730087217324383 -0.00203106854813688 1.14096111367206e-05 0.9999978724420252 0.004818687080291539 0.0 0.0 0.0 1.0" />
				<scale value="1" />
			</transform>
			<transform time="0.0015">
				<matrix value="0.9999982270352306 0.00020026910316490437 0.0020321591153275574 -0.0031183942124354746 -0.00020027587431808945 0.9999999924908534 2.908192356359802e-06 -0.017322349652509332 -0.00203215888572653 -3.315151818416064e-06 0.9999978724420252 0.0048205504076924725 0.0 0.0 0.0 1.0" />
				<scale value="1" />
			</transform>
		</animation>
	</shape>
	<shape type="ply" name="temp4">
		<string name="filename" value="meshes/Plane.ply" />
		<boolean name="face_normals" value="true" />
		<ref id="mat-Material.001" name="bsdf" />
		<transform name="to_world">
			<scale value="1" />
		</transform>
	</shape>
	<shape type="ply" name="temp5">
		<string name="filename" value="meshes/Cube_001.ply" />
		<boolean name="face_normals" value="true" />
		<ref id="mat-Material" name="bsdf" />
		<animation name="to_world">
			<transform time="0">
				<matrix value="0.9999632109810347 0.0003723017043404259 -0.008604435438307674 0.005444293932316491 -0.0005133043276297057 0.9998654632756461 -0.016390990312046567 0.0002527508009869117 0.008597168220670288 0.016394803753678903 0.9998286133853655 -0.0033194704726575708 0.0 0.0 0.0 1.0" />
				<scale value="1" />
			</transform>
			<transform time="0.0015">
				<matrix value="0.999937312870278 0.00040730604186731167 -0.009693638299251413 0.006386414228672817 -0.0006907164391838276 0.9996688212530579 -0.01959937013729275 0.0039916032641336965 0.009673695399415845 0.019607785421302194 0.9996064927788696 -0.0038197666917747586 0.0 0.0 0.0 1.0" />
				<scale value="1" />
			</transform>
		</animation>
	</shape>
	<shape type="ply" name="temp6">
		<string name="filename" value="meshes/Cube_002.ply" />
		<boolean name="face_normals" value="true" />
		<ref id="mat-Material" name="bsdf" />
		<animation name="to_world">
			<transform time="0">
				<matrix value="0.9988506755882255 -0.012967027030409473 -0.046148150844805995 0.027974752201333164 0.0023621697188255177 0.9748622823685973 -0.22279581447883576 0.13137006112277233 0.04787709630921924 0.22243071358695765 0.9737724108683226 -0.04056197310288612 0.0 0.0 0.0 1.0" />
				<scale value="1" />
			</transform>
			<transform time="0.0015">
				<matrix value="0.9988771641056968 -0.013024807435646777 -0.0453793412145518 0.027312652575612807 0.002429269122815058 0.9731459467618111 -0.22825995331442245 0.13504108087980718 0.04717755674294449 0.22789864888264244 0.9720837240642927 -0.03787625479280723 0.0 0.0 0.0 1.0" />
				<scale value="1" />
			</transform>
		</animation>
	</shape>
	<shape type="ply" name="temp7">
		<string name="filename" value="meshes/Cube_003.ply" />
		<boolean name="face_normals" value="true" />
		<ref id="mat-Material" name="bsdf" />
		<animation name="to_world">
			<transform time="0">
				<matrix value="0.9987700056912169 -0.026939821410320322 0.041624418881178724 -0.03180975226847993 0.04188661624354863 0.9076585812528811 -0.4176138633568799 0.031206630323804996 -0.026530338973134265 0.4188436933563888 0.9076708393594444 0.20113916325652165 0.0 0.0 0.0 1.0" />
				<scale value="1" />
			</transform>
			<transform time="0.0015">
				<matrix value="0.9987550859539664 -0.027891175470547473 0.04087981954599579 -0.03142595642728599 0.04240050098225418 0.9051192957403587 -0.42216825490979865 0.03163588593982958 -0.025160972457426677 0.4233639292935074 0.9051894458116339 0.1983414483963426 0.0 0.0 0.0 1.0" />
				<scale value="1" />
			</transform>
		</animation>
	</shape>
	<shape type="ply" name="temp8">
		<string name="filename" value="meshes/Cube_004.ply" />
		<boolean name="face_normals" value="true" />
		<ref id="mat-Material" name="bsdf" />
		<animation name="to_world">
			<transform time="0">
				<matrix value="0.9936793805970281 -0.08272404536286328 0.07588316113509473 0.006020638493258179 0.11215739672036977 0.7600183971148652 -0.6401507540301858 -0.2767452427752036 -0.004716755580849853 0.6446150893887027 0.7644925703311568 0.07785519802028312 0.0 0.0 0.0 1.0" />
				<scale value="1" />
			</transform>
			<transform time="0.0015">
				<matrix value="0.9936145954277908 -0.08309965663146512 0.07626840677458666 0.006160954534609043 0.11268724685448836 0.7570495283423959 -0.6431855597925259 -0.2779125913238652 -0.004229328403155487 0.6476728664571756 0.761590058240387 0.0765652375436052 0.0 0.0 0.0 1.0" />
				<scale value="1" />
			</transform>
		</animation>
	</shape>
	<shape type="ply" name="temp9">
		<string name="filename" value="meshes/Cube_005.ply" />
		<boolean name="face_normals" value="true" />
		<ref id="mat-Material" name="bsdf" />
		<animation name="to_world">
			<transform time="0">
				<matrix value="0.9921435498655206 -0.11094463553062744 0.05781693167371204 0.04511428579905763 0.11133580484622191 0.572214307615613 -0.8125115538217796 -0.5429728521633015 0.0570601230082957 0.8125651043024635 0.5800708807759063 -0.29556658702770267 0.0 0.0 0.0 1.0" />
				<scale value="1" />
			</transform>
			<transform time="0.0015">
				<matrix value="0.9921000033810752 -0.11113019555463108 0.05816943792725798 0.04532811431093843 0.11155386917276423 0.5697410575384837 -0.8140762530734709 -0.5439415231727417 0.05735805819348333 0.8141342230897269 0.577641111120778 -0.2972103792440353 0.0 0.0 0.0 1.0" />
				<scale value="1" />
			</transform>
		</animation>
	</shape>
	<shape type="ply" name="temp10">
		<string name="filename" value="meshes/Cube_006.ply" />
		<boolean name="face_normals" value="true" />
		<ref id="mat-Material" name="bsdf" />
		<animation name="to_world">
			<transform time="0">
				<matrix value="0.9925149859847135 -0.09347415539095955 -0.0785942373437486 0.0002473824418323112 -0.028533057814608166 0.4482571758134258 -0.8934492962747406 -0.5100083756166988 0.11874484732113888 0.8890038650627943 0.44223490982227326 -0.7282748096237265 0.0 0.0 0.0 1.0" />
				<scale value="1" />
			</transform>
			<transform time="0.0015">
				<matrix value="0.9924176805753518 -0.09384389450690304 -0.07927547188246693 7.839003161346024e-05 -0.02922221946696252 0.4466590491927619 -0.8941738434806888 -0.5085769680790436 0.11929988229087497 0.8897207407633493 0.4405273980840837 -0.7309375297873095 0.0 0.0 0.0 1.0" />
				<scale value="1" />
			</transform>
		</animation>
	</shape>
	<shape type="ply" name="temp11">
		<string name="filename" value="meshes/Cube_007.ply" />
		<boolean name="face_normals" value="true" />
		<ref id="mat-Material" name="bsdf" />
		<animation name="to_world">
			<transform time="0">
				<matrix value="0.9563881693606867 0.06861965320812727 -0.2839247392914097 -0.036056102476441865 -0.2838188597354382 0.4481021978503326 -0.8477330396988134 -0.12249885840492675 0.06905613561052928 0.8913448040665551 0.44803534204749557 -0.6307812253324987 0.0 0.0 0.0 1.0" />
				<scale value="1" />
			</transform>
			<transform time="0.0015">
				<matrix value="0.9561193906930435 0.06781836944313922 -0.28493855390788664 -0.03622578593574808 -0.28452140223791955 0.4465938881324135 -0.8482454489600059 -0.12105724560166375 0.06969522375242228 0.8921101813451411 0.44628877623025576 -0.6346863480185572 0.0 0.0 0.0 1.0" />
				<scale value="1" />
			</transform>
		</animation>
	</shape>
	<shape type="ply" name="temp12">
		<string name="filename" value="meshes/Cube_008.ply" />
		<boolean name="face_normals" value="true" />
		<ref id="mat-Material" name="bsdf" />
		<animation name="to_world">
			<transform time="0">
				<matrix value="0.06806092616133626 0.9863654851769732 -0.14983558704761615 2.3875910144807024 -0.719339233760086 -0.05554985889287748 -0.692434545678906 0.9002196810984792 -0.691317082338257 0.15491027756282033 0.7057504582523483 1.432886758371818 0.0 0.0 0.0 1.0" />
				<scale value="1" />
			</transform>
			<transform time="0.0015">
				<matrix value="0.0680425804694466 0.9863134017360036 -0.15017579411723458 2.387459762882775 -0.7184970106030641 -0.05599381841403205 -0.6932425966163078 0.8973689437197545 -0.692166486117485 0.15506273051028258 0.7048545037232034 1.4332522567079915 0.0 0.0 0.0 1.0" />
				<scale value="1" />
			</transform>
		</animation>
	</shape>
	<shape type="ply" name="temp13">
		<string name="filename" value="meshes/Cube_009.ply" />
		<boolean name="face_normals" value="true" />
		<ref id="mat-Material" name="bsdf" />
		<animation name="to_world">
			<transform time="0">
				<matrix value="-0.08233032283915485 0.9917721928234566 0.09802841566431106 2.6009016957268862 -0.7659588991307155 -4.049325960581783e-05 -0.64288963032971 0.6768737817582683 -0.6375962498249197 -0.1280150097095884 0.7596599405891256 1.0188769878974338 0.0 0.0 0.0 1.0" />
				<scale value="1" />
			</transform>
			<transform time="0.0015">
				<matrix value="-0.0823254591643806 0.9917702404453349 0.09805218256920613 2.6009290365476305 -0.76605111427678 -3.9950866436169795e-05 -0.6427793189388518 0.6772013271995277 -0.6374856522860076 -0.12803012186716503 0.7597498526277321 1.0187888508862935 0.0 0.0 0.0 1.0" />
				<scale value="1" />
			</transform>
		</animation>
	</shape>
	<shape type="ply" name="temp14">
		<string name="filename" value="meshes/Cube_010.ply" />
		<boolean name="face_normals" value="true" />
		<ref id="mat-Material" name="bsdf" />
		<animation name="to_world">
			<transform time="0">
				<matrix value="0.04880169743647024 0.9985822540845976 0.021252720319266078 1.7299375230174356 -0.9608454027910012 0.041125582210281945 0.27401693819822315 2.268133178438664 0.2727545844436525 -0.03379305957369588 0.9614900186799591 -0.6631385671869332 0.0 0.0 0.0 1.0" />
				<scale value="1" />
			</transform>
			<transform time="0.0015">
				<matrix value="0.04850462536207179 0.9985914227526229 0.02142671819850183 1.7307939670158266 -0.9606197238135328 0.040761541034795165 0.27482084458637734 2.2692259165696123 0.2735624044418381 -0.03390555334832423 0.9612464434355713 -0.6650702558807332 0.0 0.0 0.0 1.0" />
				<scale value="1" />
			</transform>
		</animation>
	</shape>
	<shape type="ply" name="temp15">
		<string name="filename" value="meshes/Cube_011.ply" />
		<boolean name="face_normals" value="true" />
		<ref id="mat-Material" name="bsdf" />
		<animation name="to_world">
			<transform time="0">
				<matrix value="0.03528387825405522 0.9965942393251889 -0.0745315471932546 1.2048287137471871 -0.826967060087549 0.0709903988753147 0.5577511428532255 2.247919918676558 0.561142463038117 0.04195549650308809 0.8266550864474085 -1.2503974587028122 0.0 0.0 0.0 1.0" />
				<scale value="1" />
			</transform>
			<transform time="0.0015">
				<matrix value="0.03515897037336391 0.9966039937066508 -0.07445627128564623 1.2052116879587662 -0.8271246029387508 0.07083330001883748 0.5575351497117362 2.2481352406451856 0.5609158745151691 0.04198119805923094 0.8268063497293955 -1.2506324114996876 0.0 0.0 0.0 1.0" />
				<scale value="1" />
			</transform>
		</animation>
	</shape>
	<shape type="ply" name="temp16">
		<string name="filename" value="meshes/Cube_012.ply" />
		<boolean name="face_normals" value="true" />
		<ref id="mat-Material" name="bsdf" />
		<animation name="to_world">
			<transform time="0">
				<matrix value="0.08686148890035406 0.9895586986857118 0.1150157841162195 1.1254874316031807 -0.7981577123080987 3.846790829810001e-05 0.6024485355545669 1.8317604451722727 0.5961540848221805 -0.14413027743766985 0.7898272942994212 -1.6441652243115765 0.0 0.0 0.0 1.0" />
				<scale value="1" />
			</transform>
			<transform time="0.0015">
				<matrix value="0.08703846411093928 0.9895594120546408 0.11486961173640901 1.12507638393355 -0.7971704086686372 3.8525818836848276e-05 0.6036981043871799 1.8320808075148998 0.5973910507172787 -0.1441253634521205 0.7888508657298539 -1.647047585709944 0.0 0.0 0.0 1.0" />
				<scale value="1" />
			</transform>
		</animation>
	</shape>
	<shape type="ply" name="temp17">
		<string name="filename" value="meshes/Cube_013.ply" />
		<boolean name="face_normals" value="true" />
		<ref id="mat-Material" name="bsdf" />
		<animation name="to_world">
			<transform time="0">
				<matrix value="0.8808430270182102 0.29674900870421317 0.3688570900396719 0.6120531069576299 -0.43107493081004983 0.18071510962135737 0.8840341430503792 1.4682580322100862 0.19567830972630743 -0.9377003189250411 0.28710260171972873 -1.3743554761848114 0.0 0.0 0.0 1.0" />
				<scale value="1" />
			</transform>
			<transform time="0.0015">
				<matrix value="0.8807076962250326 0.29670758825144666 0.3692082108052968 0.6125827378808504 -0.43120926748597527 0.17973994555902142 0.8841525478012673 1.4685735079476303 0.19598244258630584 -0.937886740999077 0.28624470555657033 -1.3756761298951186 0.0 0.0 0.0 1.0" />
				<scale value="1" />
			</transform>
		</animation>
	</shape>
	<shape type="ply" name="temp18">
		<string name="filename" value="meshes/Cube_014.ply" />
		<boolean name="face_normals" value="true" />
		<ref id="mat-Material" name="bsdf" />
		<animation name="to_world">
			<transform time="0">
				<matrix value="0.9435900231726495 0.2842957054626082 0.16974744941258124 0.10661758209643302 -0.21608433638815164 0.1402660906965248 0.9662470019162205 1.0240763707416447 0.2508900283142474 -0.9484204971392696 0.1937855213533538 -0.8448658689134445 0.0 0.0 0.0 1.0" />
				<scale value="1" />
			</transform>
			<transform time="0.0015">
				<matrix value="0.943580720277658 0.28431218053029667 0.16977144779948766 0.10663341403798547 -0.21608041257703947 0.14014562070635464 0.9662651545313031 1.0240937793859783 0.25092828188228 -0.9484331575604742 0.1936730159896084 -0.8450708851617267 0.0 0.0 0.0 1.0" />
				<scale value="1" />
			</transform>
		</animation>
	</shape>
	<shape type="ply" name="temp19">
		<string name="filename" value="meshes/Cube_015.ply" />
		<boolean name="face_normals" value="true" />
		<ref id="mat-Material" name="bsdf" />
		<animation name="to_world">
			<transform time="0">
				<matrix value="0.9833851039046003 0.1303578051115612 0.1263382221463656 0.0404088036731961 -0.1490991566006592 0.18298421227183512 0.971743902537042 0.6375991040005325 0.1035565230033314 -0.9744348936116958 0.1993801241642834 -0.31815155097384296 0.0 0.0 0.0 1.0" />
				<scale value="1" />
			</transform>
			<transform time="0.0015">
				<matrix value="0.9833821518710267 0.13037093860900295 0.12634751546829256 0.04030244096851341 -0.14910370592375022 0.1829159015650155 0.9717560042804304 0.6376103088196432 0.10357781434601938 -0.9744458945114969 0.1993149696374147 -0.3180961291644455 0.0 0.0 0.0 1.0" />
				<scale value="1" />
			</transform>
		</animation>
	</shape>
	<shape type="ply" name="temp20">
		<string name="filename" value="meshes/Cube_016.ply" />
		<boolean name="face_normals" value="true" />
		<ref id="mat-Material" name="bsdf" />
		<animation name="to_world">
			<transform time="0">
				<matrix value="0.9846314981375005 0.04742158803394914 0.16808504652969292 0.0782456557548955 -0.17398125444349294 0.18241559124197212 0.9677062702915842 0.3373185216539312 0.015228827697964813 -0.9820772053072131 0.1878625654283176 0.0678440244040806 0.0 0.0 0.0 1.0" />
				<scale value="1" />
			</transform>
			<transform time="0.0015">
				<matrix value="0.984630987515477 0.047383508400514716 0.16809860865224127 0.07809826909872072 -0.1739864484268887 0.1823483693614127 0.9677179380062012 0.33730928676279626 0.015201369636926237 -0.9820914426492082 0.18778990135266838 0.06818635979698585 0.0 0.0 0.0 1.0" />
				<scale value="1" />
			</transform>
		</animation>
	</shape>
	<shape type="ply" name="temp21">
		<string name="filename" value="meshes/Cube_017.ply" />
		<boolean name="face_normals" value="true" />
		<ref id="mat-Material" name="bsdf" />
		<animation name="to_world">
			<transform time="0">
				<matrix value="0.9612624927530065 -0.014740638225533611 0.27524122961503966 0.19899661250504708 -0.2715420981619674 0.12081366559384929 0.9548137417551218 0.18310510613476563 -0.04732747723069995 -0.9925656466210425 0.11213093370009282 0.28729690865867663 0.0 0.0 0.0 1.0" />
				<scale value="1" />
			</transform>
			<transform time="0.0015">
				<matrix value="0.9612375999293586 -0.015115967075131 0.2753007170878139 0.19907131336132564 -0.27155827849733843 0.12083677273983427 0.9548062015690163 0.18301118945374567 -0.047699240382022993 -0.9925552839987043 0.11204779846757644 0.28784290811815766 0.0 0.0 0.0 1.0" />
				<scale value="1" />
			</transform>
		</animation>
	</shape>
	<shape type="ply" name="temp22">
		<string name="filename" value="meshes/Cube_018.ply" />
		<boolean name="face_normals" value="true" />
		<ref id="mat-Material" name="bsdf" />
		<animation name="to_world">
			<transform time="0">
				<matrix value="0.1028577532635849 0.9741491334374863 0.20113082070312482 0.8752576046653485 -0.6416217663338811 -0.08953571272133377 0.7617775699600161 0.08494826812184343 0.7600934884322914 -0.20740458843234472 0.6158259109139469 -0.2105659232635736 0.0 0.0 0.0 1.0" />
				<scale value="1" />
			</transform>
			<transform time="0.0015">
				<matrix value="0.1032571681931767 0.974050350613675 0.20138872910940767 0.8750811870803706 -0.6418103773438278 -0.08942947331492683 0.761629949115561 0.08495019938571713 0.759875787923941 -0.20789679572237446 0.6159220865834493 -0.21025423871460164 0.0 0.0 0.0 1.0" />
				<scale value="1" />
			</transform>
		</animation>
	</shape>
	<shape type="ply" name="temp23">
		<string name="filename" value="meshes/Cube_019.ply" />
		<boolean name="face_normals" value="true" />
		<ref id="mat-Material" name="bsdf" />
		<animation name="to_world">
			<transform time="0">
				<matrix value="-0.0695019476017992 0.9872379923366214 -0.1432849306014228 0.47679458295996485 -0.9224660344274299 -0.008922569421992687 0.38597542150469416 -0.026418297019031846 0.3797712698150975 0.1590014872044103 0.9113136914029164 -0.05025388248728224 0.0 0.0 0.0 1.0" />
				<scale value="1" />
			</transform>
			<transform time="0.0015">
				<matrix value="-0.06957743349381731 0.9872322178028691 -0.1432875475396028 0.4768649120693881 -0.9222936675806073 -0.008920815360433272 0.3863804554520108 -0.02680775188828175 0.38016906830684605 0.15903732610849272 0.9111387607873407 -0.05019124288383016 0.0 0.0 0.0 1.0" />
				<scale value="1" />
			</transform>
		</animation>
	</shape>
	<shape type="ply" name="temp24">
		<string name="filename" value="meshes/Cube_020.ply" />
		<boolean name="face_normals" value="true" />
		<ref id="mat-Material" name="bsdf" />
		<animation name="to_world">
			<transform time="0">
				<matrix value="0.094347360210074 0.9609216377832221 -0.2602459645464861 0.08192132535302682 -0.9475423699044524 0.006486322106641849 -0.31956417287792294 0.18303388033312645 -0.30538807762341746 0.2767440885978438 0.9111262296566017 0.10416816655981986 0.0 0.0 0.0 1.0" />
				<scale value="1" />
			</transform>
			<transform time="0.0015">
				<matrix value="0.09431029388304685 0.9608898084336458 -0.260375926377236 0.0820750923908718 -0.9476276738316434 0.006485376765468443 -0.31930806186144434 0.18279106740953632 -0.3051314318992841 0.2768539990608179 0.9111776407902885 0.10410366718093891 0.0 0.0 0.0 1.0" />
				<scale value="1" />
			</transform>
		</animation>
	</shape>
	<shape type="ply" name="temp25">
		<string name="filename" value="meshes/Cube_021.ply" />
		<boolean name="face_normals" value="true" />
		<ref id="mat-Material" name="bsdf" />
		<animation name="to_world">
			<transform time="0">
				<matrix value="0.17459833483148857 0.9366215221213834 -0.30373584996650277 -0.1674876862549621 -0.8080818826049108 -0.03995223424825259 -0.5877140146026123 0.0898565278806317 -0.5626007265609626 0.3480573522755479 0.7498911399502908 0.28216210537948117 0.0 0.0 0.0 1.0" />
				<scale value="1" />
			</transform>
			<transform time="0.0015">
				<matrix value="0.17473062423223837 0.9366118127948013 -0.3036888472036799 -0.16743220111773913 -0.8079890770521316 -0.03986942112656205 -0.5878464614608075 0.08992164566000292 -0.5626921119462389 0.34809266028296415 0.7498058830830158 0.28219590823935004 0.0 0.0 0.0 1.0" />
				<scale value="1" />
			</transform>
		</animation>
	</shape>
	<shape type="ply" name="temp26">
		<string name="filename" value="meshes/Cube_022.ply" />
		<boolean name="face_normals" value="true" />
		<ref id="mat-Material" name="bsdf" />
		<animation name="to_world">
			<transform time="0">
				<matrix value="0.6551344173239934 0.3987670595695242 -0.6417041077471005 -0.07596862807933857 -0.6934690183271369 -0.019689453780899122 -0.720217616085473 -0.16886734411702228 -0.2998338732011056 0.9168408691280978 0.26363327330467906 0.6703003130196225 0.0 0.0 0.0 1.0" />
				<scale value="1" />
			</transform>
			<transform time="0.0015">
				<matrix value="0.6548751809054151 0.39875194365737426 -0.6419751033973937 -0.07602921549976725 -0.6937584452728572 -0.019700810764433047 -0.7199354633426467 -0.16928696938110752 -0.29972330598037616 0.9168471918295534 0.2637358402605982 0.6703577375617725 0.0 0.0 0.0 1.0" />
				<scale value="1" />
			</transform>
		</animation>
	</shape>
	<shape type="ply" name="temp27">
		<string name="filename" value="meshes/Cube_023.ply" />
		<boolean name="face_normals" value="true" />
		<ref id="mat-Material" name="bsdf" />
		<animation name="to_world">
			<transform time="0">
				<matrix value="0.8600390584138702 0.26707271032053115 -0.4347470877277255 -0.0615759096774382 -0.48032718291854826 0.13639176676963768 -0.8664198541819043 -0.28725164253684804 -0.17210129125024157 0.9539755080586455 0.24558448981868952 0.21056018188126646 0.0 0.0 0.0 1.0" />
				<scale value="1" />
			</transform>
			<transform time="0.0015">
				<matrix value="0.86003092037537 0.2670983840928315 -0.43474741963208 -0.06158497482510116 -0.48032839564585417 0.13635988068033703 -0.8664241859592494 -0.28725112781508805 -0.1721385108086765 0.953972857329888 0.24556861798224833 0.2105285716920077 0.0 0.0 0.0 1.0" />
				<scale value="1" />
			</transform>
		</animation>
	</shape>
	<shape type="ply" name="temp28">
		<string name="filename" value="meshes/Cube_024.ply" />
		<boolean name="face_normals" value="true" />
		<ref id="mat-Material" name="bsdf" />
		<animation name="to_world">
			<transform time="0">
				<matrix value="0.8591556787175082 0.4310527446534689 -0.2757638996908422 -0.1877180775100009 -0.3811542709834813 0.17950363249155757 -0.9069179202317054 -0.5146550366237688 -0.34142886776696857 0.8842917423653016 0.3185190683565466 -0.3260262248015068 0.0 0.0 0.0 1.0" />
				<scale value="1" />
			</transform>
			<transform time="0.0015">
				<matrix value="0.8591583435261936 0.4310547495956169 -0.27575241920432253 -0.1877219916483677 -0.38114372823438897 0.17950573730535568 -0.9069219371254321 -0.5146455569214087 -0.3414338989895943 0.8842903381548833 0.31851757904213523 -0.3260501846592295 0.0 0.0 0.0 1.0" />
				<scale value="1" />
			</transform>
		</animation>
	</shape>
	<shape type="ply" name="temp29">
		<string name="filename" value="meshes/Cube_025.ply" />
		<boolean name="face_normals" value="true" />
		<ref id="mat-Material" name="bsdf" />
		<animation name="to_world">
			<transform time="0">
				<matrix value="0.8986914633519317 0.3688471349935235 -0.23728795929839758 -0.2689112851017035 -0.32107899976419574 0.18474883349359544 -0.9288575344628933 -0.7928338363699123 -0.2987678338093744 0.9109441975040831 0.2844613566917135 -0.7111811795578971 0.0 0.0 0.0 1.0" />
				<scale value="1" />
			</transform>
			<transform time="0.0015">
				<matrix value="0.8987074362471058 0.3687976797538715 -0.2373041885702975 -0.26887071682869546 -0.3210815608527826 0.1847541770023316 -0.9288555855886065 -0.7928376104740338 -0.29871691362377023 0.9109630980261305 0.28445417394106665 -0.7111008289036079 0.0 0.0 0.0 1.0" />
				<scale value="1" />
			</transform>
		</animation>
	</shape>
	<shape type="ply" name="temp30">
		<string name="filename" value="meshes/Cube_026.ply" />
		<boolean name="face_normals" value="true" />
		<ref id="mat-Material" name="bsdf" />
		<animation name="to_world">
			<transform time="0">
				<matrix value="0.9234429380153787 0.23933394935161645 -0.29995447025933986 -0.3238431091763745 -0.34852759708311837 0.19602674464929717 -0.9165708871585801 -1.144486481023152 -0.1605673575910373 0.9509431128669255 0.2644339442891852 -0.8732126494787078 0.0 0.0 0.0 1.0" />
				<scale value="1" />
			</transform>
			<transform time="0.0015">
				<matrix value="0.923441326364617 0.23930979993608034 -0.29997863119427637 -0.32386871488539715 -0.3485388435331869 0.19599063316319235 -0.9165743168369104 -1.1445045994396537 -0.1605521633944492 0.9509566068034051 0.26439454979541244 -0.8732654691265368 0.0 0.0 0.0 1.0" />
				<scale value="1" />
			</transform>
		</animation>
	</shape>
	<shape type="ply" name="temp31">
		<string name="filename" value="meshes/Cube_027.ply" />
		<boolean name="face_normals" value="true" />
		<ref id="mat-Material" name="bsdf" />
		<animation name="to_world">
			<transform time="0">
				<matrix value="0.8748038657723832 0.1716604543378186 -0.4530464502640772 -0.5715892159824016 -0.4807287594388212 0.19145476958760846 -0.8557132732668558 -1.581063735687032 -0.0601542124756439 0.9663735365220275 0.2500074464529117 -1.0066941169599157 0.0 0.0 0.0 1.0" />
				<scale value="1" />
			</transform>
			<transform time="0.0015">
				<matrix value="0.8747919938103358 0.1716962842309251 -0.45305574358600414 -0.5716618842930867 -0.48074493977419225 0.1914235112629654 -0.8557111456748395 -1.5810767399016867 -0.06019689728542457 0.9663733262659222 0.24999786377847052 -1.0067902503056885 0.0 0.0 0.0 1.0" />
				<scale value="1" />
			</transform>
		</animation>
	</shape>
	<shape type="ply" name="temp32">
		<string name="filename" value="meshes/Cube_028.ply" />
		<boolean name="face_normals" value="true" />
		<ref id="mat-Material" name="bsdf" />
		<animation name="to_world">
			<transform time="0">
				<matrix value="-0.10468754155386178 0.9841640889152169 0.14304404375961244 -1.4790293956242802 -0.8091709262145251 -0.000671888916468338 -0.5875731229856163 -2.116123941846548 -0.5781722328895602 -0.1772586213010223 0.7964272155324971 -1.3073973106532275 0.0 0.0 0.0 1.0" />
				<scale value="1" />
			</transform>
			<transform time="0.0015">
				<matrix value="-0.10467546693869878 0.9841642916621758 0.14305146054538107 -1.478995284236987 -0.8092282116227916 -0.0006751246077477241 -0.587494002093716 -2.116092779165165 -0.5780940119783285 -0.1772574776579918 0.7964840903222754 -1.3072189368576241 0.0 0.0 0.0 1.0" />
				<scale value="1" />
			</transform>
		</animation>
	</shape>
	<shape type="ply" name="temp33">
		<string name="filename" value="meshes/Cube_029.ply" />
		<boolean name="face_normals" value="true" />
		<ref id="mat-Material" name="bsdf" />
		<animation name="to_world">
			<transform time="0">
				<matrix value="-0.011181587938166081 0.9795266393143425 0.20100378185249781 -1.6183741755752603 -0.9991835497236835 -0.0187515596873742 0.03579637568135044 -1.8379112999204876 0.03883263123928465 -0.20043931976563495 0.9789362304684268 -0.1329732711618299 0.0 0.0 0.0 1.0" />
				<scale value="1" />
			</transform>
			<transform time="0.0015">
				<matrix value="-0.011191029179812037 0.9795138212010589 0.20106542500150287 -1.6183034462040862 -0.9991819061590452 -0.01877089589010858 0.03583125968004879 -1.8378654849791847 0.03887140596092003 -0.20049984348740765 0.9789222224025919 -0.13297313176801015 0.0 0.0 0.0 1.0" />
				<scale value="1" />
			</transform>
		</animation>
	</shape>
	<shape type="ply" name="temp34">
		<string name="filename" value="meshes/Cube_030.ply" />
		<boolean name="face_normals" value="true" />
		<ref id="mat-Material" name="bsdf" />
		<animation name="to_world">
			<transform time="0">
				<matrix value="-0.04140086334049859 0.9806714361965697 -0.1912310971828078 -3.210075185380921 -0.9734017656416237 0.00357598469093412 0.22907654986156223 -1.899916860193818 0.22533262278447952 0.1956286302744497 0.9544395928265167 0.2762806934682285 0.0 0.0 0.0 1.0" />
				<scale value="1" />
			</transform>
			<transform time="0.0015">
				<matrix value="-0.041434493064779504 0.9806654255470221 -0.19125452610129964 -3.210184096267223 -0.9733698086199937 0.0035758148614189983 0.22921115097927736 -1.899615720995024 0.22546327384799691 0.19565870749255945 0.954402302637529 0.2765136594890262 0.0 0.0 0.0 1.0" />
				<scale value="1" />
			</transform>
		</animation>
	</shape>
	<shape type="ply" name="temp35">
		<string name="filename" value="meshes/Cube_031.ply" />
		<boolean name="face_normals" value="true" />
		<ref id="mat-Material" name="bsdf" />
		<animation name="to_world">
			<transform time="0">
				<matrix value="0.12711022699267943 0.9794008631208766 0.15689818122160595 -1.9233103730158405 -0.7797827054378603 0.0009109930061761743 0.6260497725640525 -1.186415487246155 0.6130109906086056 -0.20192375000782192 0.763835627707613 0.5970424050070275 0.0 0.0 0.0 1.0" />
				<scale value="1" />
			</transform>
			<transform time="0.0015">
				<matrix value="0.12724419506333162 0.9793867609435207 0.15687601171279666 -1.923004496672551 -0.7793479586556269 0.0008890144849284713 0.6265808535727796 -1.1847313881113994 0.6135255380389562 -0.20199187148414668 0.7633962544251542 0.5978102423917203 0.0 0.0 0.0 1.0" />
				<scale value="1" />
			</transform>
		</animation>
	</shape>
	<shape type="ply" name="temp36">
		<string name="filename" value="meshes/Cube_032.ply" />
		<boolean name="face_normals" value="true" />
		<ref id="mat-Material" name="bsdf" />
		<animation name="to_world">
			<transform time="0">
				<matrix value="0.6484436915254057 0.6135992641154053 0.4505739915020607 -0.7221947062273548 -0.573500027480954 0.004522434259516126 0.8191932678392191 -0.7022016620903739 0.5006187647045266 -0.7896045871808404 0.3548315186839777 -0.17045741632698475 0.0 0.0 0.0 1.0" />
				<scale value="1" />
			</transform>
			<transform time="0.0015">
				<matrix value="0.64866515787118 0.6135975144842424 0.45025297190828156 -0.7219226064877389 -0.5730832162972975 0.004506420553796081 0.8194807991346625 -0.7008364066363227 0.5008022694942379 -0.7896060364461385 0.3545653058605371 -0.17023203194194003 0.0 0.0 0.0 1.0" />
				<scale value="1" />
			</transform>
		</animation>
	</shape>
	<shape type="ply" name="temp37">
		<string name="filename" value="meshes/Cube_033.ply" />
		<boolean name="face_normals" value="true" />
		<ref id="mat-Material" name="bsdf" />
		<animation name="to_world">
			<transform time="0">
				<matrix value="0.9767329400897474 0.1689199099751159 0.13213470656956808 -0.1402900034550152 -0.15014254636746113 0.09865152485383472 0.9837303277715816 0.30035618018023286 0.15313637467709879 -0.9806803177986871 0.12171823000414637 -0.3744858219693544 0.0 0.0 0.0 1.0" />
				<scale value="1" />
			</transform>
			<transform time="0.0015">
				<matrix value="0.9767332911423886 0.16891937081838848 0.13213274237661868 -0.14029506898811414 -0.15014191925978845 0.09866060266118595 0.9837295107762475 0.30035728082828345 0.15313470079427785 -0.9806794993017054 0.12172694547208172 -0.3745042999922797 0.0 0.0 0.0 1.0" />
				<scale value="1" />
			</transform>
		</animation>
	</shape>
	<shape type="ply" name="temp38">
		<string name="filename" value="meshes/Cube_034.ply" />
		<boolean name="face_normals" value="true" />
		<ref id="mat-Material" name="bsdf" />
		<animation name="to_world">
			<transform time="0">
				<matrix value="0.9999246489972998 0.0024946362606716828 0.012022333685247182 -0.03456420009843253 -0.012275347634067164 0.18120119393520961 0.9833695884971924 0.36937870166777176 0.000274688977655325 -0.983442805205424 0.18121815459403595 -0.3590328885149642 0.0 0.0 0.0 1.0" />
				<scale value="1" />
			</transform>
			<transform time="0.0015">
				<matrix value="0.9999246489972998 0.002493923041925533 0.012022526870602257 -0.03456268609349652 -0.012275406674738637 0.18119495158162283 0.9833707373968812 0.3693790895699859 0.0002740305784267791 -0.9834439616140038 0.18121190457972905 -0.3590396388216353 0.0 0.0 0.0 1.0" />
				<scale value="1" />
			</transform>
		</animation>
	</shape>
	<shape type="ply" name="temp39">
		<string name="filename" value="meshes/Cube_035.ply" />
		<boolean name="face_normals" value="true" />
		<ref id="mat-Material" name="bsdf" />
		<animation name="to_world">
			<transform time="0">
				<matrix value="0.998940210309081 -0.045929085588300944 0.0030874412143911804 0.007588189053102212 0.006514510830155295 0.20744640953813231 0.978224916918861 0.09134298041762062 -0.045569449689465226 -0.9771675534965991 0.20752571626603172 -0.14724444141645499 0.0 0.0 0.0 1.0" />
				<scale value="1" />
			</transform>
			<transform time="0.0015">
				<matrix value="0.9989399230841928 -0.04593517625712599 0.0030888701051892905 0.007587884535230087 0.006514326527518672 0.20744529292802966 0.9782251552091669 0.09134244398795914 -0.04557571119202894 -0.9771675084417194 0.20752457332360058 -0.14726257882656396 0.0 0.0 0.0 1.0" />
				<scale value="1" />
			</transform>
		</animation>
	</shape>
	<shape type="ply" name="temp40">
		<string name="filename" value="meshes/Cube_036.ply" />
		<boolean name="face_normals" value="true" />
		<ref id="mat-Material" name="bsdf" />
		<animation name="to_world">
			<transform time="0">
				<matrix value="0.9992682087914231 -0.03810862223965058 0.003274146246444023 0.0023987297289549403 0.004773166887400781 0.2091747788487411 0.9778667779931076 -0.24428791693437668 -0.03795002721500921 -0.9771354315500091 0.20920357940353676 0.20634876971032945 0.0 0.0 0.0 1.0" />
				<scale value="1" />
			</transform>
			<transform time="0.0015">
				<matrix value="0.999268065178979 -0.03811269444986365 0.0032730118143809613 0.002399973547291448 0.004774931565200274 0.20916965761074496 0.9778678588098519 -0.24428365186452605 -0.03795379704166741 -0.9771363701933369 0.20919852084075896 0.20636046753524 0.0 0.0 0.0 1.0" />
				<scale value="1" />
			</transform>
		</animation>
	</shape>
	<shape type="ply" name="temp41">
		<string name="filename" value="meshes/Cube_037.ply" />
		<boolean name="face_normals" value="true" />
		<ref id="mat-Material" name="bsdf" />
		<animation name="to_world">
			<transform time="0">
				<matrix value="0.9988311729757617 -0.04822497043320825 0.0033299119049161247 -0.006317962017920564 0.006837974955099667 0.20914828867200783 0.9778601589238528 -0.5695508676237894 -0.04785373749838217 -0.9766940676605003 0.2092334597733158 0.5128266711375057 0.0 0.0 0.0 1.0" />
				<scale value="1" />
			</transform>
			<transform time="0.0015">
