<scene version="2.1.0">
	<default name="spp" value="1024" />
	<default name="resx" value="1280" />
	<default name="resy" value="720" />
	<integrator type="path" name="temp0">
		<integer name="max_depth" value="12" />
	</integrator>
	<sensor type="perspective" name="temp44">
		<string name="fov_axis" value="x" />
		<float name="fov" value="83.974423" />
		<float name="principal_point_offset_x" value="0.000000" />
		<float name="principal_point_offset_y" value="-0.000000" />
		<float name="near_clip" value="0.100000" />
		<float name="far_clip" value="1000.000000" />
		<transform name="to_world">
			<rotate x="1" angle="-142.5518126578256" />
			<rotate y="1" angle="3.976628485794621e-06" />
			<rotate z="1" angle="-179.999991348578" />
			<translate value="-0.000000 3.030926 4.073377" />
		</transform>
		<sampler type="correlated" name="sampler">
			<integer name="sample_count" value="1024" />
		</sampler>
		<film type="hdrfilm" name="film">
			<integer name="width" value="$resx" />
			<integer name="height" value="$resy" />
		</film>
		<float name="shutter_open" value="0.0" />
		<float name="shutter_close" value="0.0015" />
	</sensor>
	<bsdf type="twosided" id="mat-Material" name="mat-Material">
		<bsdf type="diffuse" name="bsdf">
			<texture type="bitmap" name="reflectance">
				<string name="filename" value="textures/siggraph_2023_logo.jpg" />
			</texture>
		</bsdf>
	</bsdf>
	<bsdf type="twosided" id="mat-Material.001" name="mat-Material.001">
		<bsdf type="principled" name="bsdf">
			<rgb value="0.433648 0.266232 0.084399" name="base_color" />
			<float name="spec_tint" value="0.000000" />
			<float name="spec_trans" value="0.000000" />
			<float name="metallic" value="0.000000" />
			<float name="anisotropic" value="0.000000" />
			<float name="roughness" value="0.500000" />
			<float name="sheen" value="0.000000" />
			<float name="sheen_tint" value="0.500000" />
			<float name="clearcoat" value="0.000000" />
			<float name="clearcoat_gloss" value="0.173205" />
			<float name="specular" value="0.500000" />
		</bsdf>
	</bsdf>
	<bsdf type="twosided" id="mat-Material.002" name="mat-Material.002">
		<bsdf type="principled" name="bsdf">
			<rgb value="0.433648 0.266232 0.084399" name="base_color" />
			<float name="spec_tint" value="0.000000" />
			<float name="spec_trans" value="0.000000" />
			<float name="metallic" value="0.000000" />
			<float name="anisotropic" value="0.000000" />
			<float name="roughness" value="0.500000" />
			<float name="sheen" value="0.000000" />
			<float name="sheen_tint" value="0.500000" />
			<float name="clearcoat" value="0.000000" />
			<float name="clearcoat_gloss" value="0.173205" />
			<float name="specular" value="0.500000" />
		</bsdf>
	</bsdf>
	<bsdf type="twosided" id="mat-Material.003" name="mat-Material.003">
		<bsdf type="principled" name="bsdf">
			<rgb value="0.433648 0.266232 0.084399" name="base_color" />
			<float name="spec_tint" value="0.000000" />
			<float name="spec_trans" value="0.000000" />
			<float name="metallic" value="0.000000" />
			<float name="anisotropic" value="0.000000" />
			<float name="roughness" value="0.500000" />
			<float name="sheen" value="0.000000" />
			<float name="sheen_tint" value="0.500000" />
			<float name="clearcoat" value="0.000000" />
			<float name="clearcoat_gloss" value="0.173205" />
			<float name="specular" value="0.500000" />
		</bsdf>
	</bsdf>
	<bsdf type="twosided" id="mat-Material.004" name="mat-Material.004">
		<bsdf type="principled" name="bsdf">
			<rgb value="0.433648 0.266232 0.084399" name="base_color" />
			<float name="spec_tint" value="0.000000" />
			<float name="spec_trans" value="0.000000" />
			<float name="metallic" value="0.000000" />
			<float name="anisotropic" value="0.000000" />
			<float name="roughness" value="0.500000" />
			<float name="sheen" value="0.000000" />
			<float name="sheen_tint" value="0.500000" />
			<float name="clearcoat" value="0.000000" />
			<float name="clearcoat_gloss" value="0.173205" />
			<float name="specular" value="0.500000" />
		</bsdf>
	</bsdf>
	<bsdf type="twosided" id="mat-Material.005" name="mat-Material.005">
		<bsdf type="principled" name="bsdf">
			<rgb value="0.433648 0.266232 0.084399" name="base_color" />
			<float name="spec_tint" value="0.000000" />
			<float name="spec_trans" value="0.000000" />
			<float name="metallic" value="0.000000" />
			<float name="anisotropic" value="0.000000" />
			<float name="roughness" value="0.500000" />
			<float name="sheen" value="0.000000" />
			<float name="sheen_tint" value="0.500000" />
			<float name="clearcoat" value="0.000000" />
			<float name="clearcoat_gloss" value="0.173205" />
			<float name="specular" value="0.500000" />
		</bsdf>
	</bsdf>
	<emitter type="point" name="temp45">
		<point name="position" x="-6.815235034541981e-16" y="3.0693089962005615" z="4.109199523925781" />
		<rgb value="7.957747 7.957747 7.957747" name="intensity" />
	</emitter>
	<shape type="ply" name="temp2">
		<string name="filename" value="meshes/Cube.ply" />
		<boolean name="face_normals" value="true" />
		<ref id="mat-Material" name="bsdf" />
		<animation name="to_world">
			<transform time="0">
				<matrix value="0.9999991135176153 0.0001737713876889511 0.0012976047006738685 -0.0021727830375994905 -0.0001732159985248933 0.9999997914159312 -0.00042817813428294916 -0.01683501555230138 -0.0012976772388555867 0.0004279519338871936 0.999999054418678 0.003021514616881049 0.0 0.0 0.0 1.0" />
			</transform>
			<transform time="0.0015">
				<matrix value="0.9999991135176153 0.00017317921638634634 0.0012981130249583898 -0.002173526704782973 -0.00017267097334251253 0.9999997914159312 -0.00039207451473720226 -0.016884319023385073 -0.001298179722840631 0.0003918490082095206 0.9999990544186781 0.0030207400023648367 0.0 0.0 0.0 1.0" />
			</transform>
		</animation>
	</shape>
	<shape type="ply" name="temp4">
		<string name="filename" value="meshes/Plane.ply" />
		<boolean name="face_normals" value="true" />
		<ref id="mat-Material.001" name="bsdf" />
	</shape>
	<shape type="ply" name="temp5">
		<string name="filename" value="meshes/Cube_001.ply" />
		<boolean name="face_normals" value="true" />
		<ref id="mat-Material" name="bsdf" />
		<animation name="to_world">
			<transform time="0">
				<matrix value="0.9999991135176153 0.00020748775090056174 -0.0015639276800493217 0.0020954366636907196 -0.00021322206206440472 0.9999933253097996 -0.00366729532064899 -0.013482887392836485 0.0015631565510161748 0.003667612943058635 0.9999921989540925 -0.00347555522617804 0.0 0.0 0.0 1.0" />
			</transform>
			<transform time="0.0015">
				<matrix value="0.9999991135176153 0.00020246063254817024 -0.0015646672310341684 0.002096908677978842 -0.0002080415941953488 0.9999935505841981 -0.0035687713001827963 -0.013596776532466985 0.0015639215266351973 0.003569081375293223 0.9999924202236622 -0.0034700756929815103 0.0 0.0 0.0 1.0" />
			</transform>
		</animation>
	</shape>
	<shape type="ply" name="temp6">
		<string name="filename" value="meshes/Cube_002.ply" />
		<boolean name="face_normals" value="true" />
		<ref id="mat-Material" name="bsdf" />
		<animation name="to_world">
			<transform time="0">
				<matrix value="1.0 5.1663770824511964e-05 0.00033870250167722485 -0.0009187856743047007 -5.267788598772754e-05 0.9999954111504872 0.002994750605290244 -0.019465484273343103 -0.0003385467362378042 -0.002994762454033286 0.9999955084887199 0.0012288004062614988 0.0 0.0 0.0 1.0" />
			</transform>
			<transform time="0.0015">
				<matrix value="1.0 5.2305562567994374e-05 0.00033885509257662995 -0.0009195961145056255 -5.3315317799431655e-05 0.9999954486962204 0.00298072466768235 -0.01945485796684184 -0.0003386983750218587 -0.002980736719789928 0.9999955510405603 0.001223078999680378 0.0 0.0 0.0 1.0" />
			</transform>
		</animation>
	</shape>
	<shape type="ply" name="temp7">
		<string name="filename" value="meshes/Cube_003.ply" />
		<boolean name="face_normals" value="true" />
		<ref id="mat-Material" name="bsdf" />
		<animation name="to_world">
			<transform time="0">
				<matrix value="0.9999991135176153 0.0005682080334068245 0.0012555192399795565 -0.0012715939528917808 -0.0005735629677302682 0.9999906137169057 0.004268566843852847 -0.017546520659422082 -0.001253082742492824 -0.0042692736894141495 0.9999903077914484 0.003928216712571819 0.0 0.0 0.0 1.0" />
			</transform>
			<transform time="0.0015">
				<matrix value="0.9999991135176153 0.0005710490439397623 0.0012559866293936853 -0.0012712991216391515 -0.0005764422376655298 0.9999904785522665 0.00429723742282696 -0.017547183820403562 -0.0012535193243229546 -0.004297948417070485 0.9999901716255594 0.0039266166465018034 0.0 0.0 0.0 1.0" />
			</transform>
		</animation>
	</shape>
	<shape type="ply" name="temp8">
		<string name="filename" value="meshes/Cube_004.ply" />
		<boolean name="face_normals" value="true" />
		<ref id="mat-Material" name="bsdf" />
		<animation name="to_world">
			<transform time="0">
				<matrix value="0.9999995567588077 -0.00031173097661146837 0.0009403262539235714 -0.0005338907768104306 0.0003133325177695394 0.9999985399115188 -0.0017037649738712243 -0.018609072123110415 -0.0009397954353249047 0.0017040588373941176 0.9999981088373558 0.0029003528013784204 0.0 0.0 0.0 1.0" />
			</transform>
			<transform time="0.0015">
				<matrix value="0.9999995567588077 -0.00028711051230777474 0.0009410966124408135 -0.0005338673668025187 0.00028863955477314836 0.9999985849663985 -0.0016269738803325708 -0.018546111806438424 -0.0009405790805616632 0.0016272442472995672 0.9999981598995642 0.0029048950335136435 0.0 0.0 0.0 1.0" />
			</transform>
		</animation>
	</shape>
	<shape type="ply" name="temp9">
		<string name="filename" value="meshes/Cube_005.ply" />
		<boolean name="face_normals" value="true" />
		<ref id="mat-Material" name="bsdf" />
		<animation name="to_world">
			<transform time="0">
				<matrix value="1.0 3.6348902743506257e-06 0.0007890143307577274 -0.0006472060945288405 -3.7127522264005093e-06 1.0 9.868228514855792e-05 -0.017726278912586546 -0.0007890136465098302 -9.868529461456792e-05 0.9999997636046695 0.0019258027673766942 0.0 0.0 0.0 1.0" />
			</transform>
			<transform time="0.0015">
				<matrix value="0.9999999840430618 -1.9448350342356248e-05 0.0007891813041791623 -0.000645420134561092 1.9505173260481744e-05 0.9999996095243757 -7.145227846262188e-05 -0.017839032130824634 -0.0007890741233057438 7.146753744167313e-05 0.9999993806381066 0.0019238536451409048 0.0 0.0 0.0 1.0" />
			</transform>
		</animation>
	</shape>
	<shape type="ply" name="temp10">
		<string name="filename" value="meshes/Cube_006.ply" />
		<boolean name="face_normals" value="true" />
		<ref id="mat-Material" name="bsdf" />
		<animation name="to_world">
			<transform time="0">
				<matrix value="0.9999995567588077 -0.0002672817115574347 -0.001224378883088798 -0.0011326459745988338 0.0002696550874337576 0.9999981227433812 0.0019393281928380725 -0.017114324068095266 0.0012238554182689837 -0.0019396566289059975 0.9999973996513641 -0.0027607035583666617 0.0 0.0 0.0 1.0" />
			</transform>
			<transform time="0.0015">
				<matrix value="0.9999995567588077 -0.000254283956959178 -0.0012253860000456078 -0.0011347224084216506 0.0002565965834160749 0.9999981828165542 0.001889228421972659 -0.017116185070656712 0.0012248832046607495 -0.00188954080962569 0.9999974592239407 -0.002766100314379406 0.0 0.0 0.0 1.0" />
			</transform>
		</animation>
	</shape>
	<shape type="ply" name="temp11">
		<string name="filename" value="meshes/Cube_007.ply" />
		<boolean name="face_normals" value="true" />
		<ref id="mat-Material" name="bsdf" />
		<animation name="to_world">
			<transform time="0">
				<matrix value="1.0 0.0006142049922511018 -6.040657160107248e-05 0.00050128255502635 -0.0006143278601910901 0.9999977055752436 -0.0020092657513754663 -0.018222291580506533 5.9172255938102257e-05 0.0020093028494669635 0.9999981088373558 -0.0001736156243890008 0.0 0.0 0.0 1.0" />
			</transform>
			<transform time="0.0015">
				<matrix value="0.9999999680861236 0.0006468902800267395 -6.065939761554692e-05 0.00050067750507485 -0.0006470199565403791 0.9999973075904726 -0.0021144904952413034 -0.01824424747279202 5.91992231637207e-05 0.002114529647451947 0.9999977428915291 -0.00017619111157738716 0.0 0.0 0.0 1.0" />
			</transform>
		</animation>
	</shape>
	<shape type="ply" name="temp12">
		<string name="filename" value="meshes/Cube_008.ply" />
		<boolean name="face_normals" value="true" />
		<ref id="mat-Material" name="bsdf" />
		<animation name="to_world">
			<transform time="0">
				<matrix value="0.999997340552846 -0.0022767827158897257 0.00010444229377225957 0.00025812947184844504 0.002276504493579208 0.9999939510620058 0.002588316113509473 -0.019560410028837905 -0.00011033470028917056 -0.0025880714942754105 0.9999966904653725 0.0001346885834945244 0.0 0.0 0.0 1.0" />
			</transform>
			<transform time="0.0015">
				<matrix value="0.999997340552846 -0.002283422753881626 0.00010436496856802116 0.00025736291553653875 0.0022831438564403454 0.9999939210254194 0.002595803535333043 -0.019564575992660194 -0.00011029298885262226 -0.0025955580383660005 0.9999966734446365 0.0001337802553308598 0.0 0.0 0.0 1.0" />
			</transform>
		</animation>
	</shape>
	<shape type="ply" name="temp13">
		<string name="filename" value="meshes/Cube_009.ply" />
		<boolean name="face_normals" value="true" />
		<ref id="mat-Material" name="bsdf" />
		<animation name="to_world">
			<transform time="0">
				<matrix value="0.9999991135176153 -0.0012960058236672 0.0008666749247435466 0.0017104101360509993 0.0012954300060103506 0.9999989570796561 0.0006628099556475081 -0.01946027996527383 -0.0008675338237353886 -0.0006616849838243055 0.9999995272093389 0.0015167481914284409 0.0 0.0 0.0 1.0" />
			</transform>
			<transform time="0.0015">
				<matrix value="0.9999990975606771 -0.0013019837802014458 0.0008671029962572152 0.0017071669197633805 0.001301405081532733 0.9999989420613629 0.0006657870526039994 -0.01946804854900817 -0.0008679702459961368 -0.0006646562780511338 0.9999995272093389 0.0015160184158118338 0.0 0.0 0.0 1.0" />
			</transform>
		</animation>
	</shape>
	<shape type="ply" name="temp14">
		<string name="filename" value="meshes/Cube_010.ply" />
		<boolean name="face_normals" value="true" />
		<ref id="mat-Material" name="bsdf" />
		<animation name="to_world">
			<transform time="0">
				<matrix value="0.9999853730406523 5.0911825256610554e-05 0.0054227434056340566 0.011292579490682186 -5.221558542410204e-05 1.0 0.00024024857441795925 -0.017319932824474915 -0.0054227191251482645 -0.00024052871889750806 0.9999853434895072 0.008936153201287711 0.0 0.0 0.0 1.0" />
			</transform>
			<transform time="0.0015">
				<matrix value="0.999985357083714 5.951142762352797e-05 0.005425492254519046 0.011296003046036666 -6.081749211885608e-05 1.0 0.00024051835308561912 -0.017304442552514905 -0.00542546595249617 -0.00024084590525081805 0.999985326468771 0.008940805538259745 0.0 0.0 0.0 1.0" />
			</transform>
		</animation>
	</shape>
	<shape type="ply" name="temp15">
		<string name="filename" value="meshes/Cube_011.ply" />
		<boolean name="face_normals" value="true" />
		<ref id="mat-Material" name="bsdf" />
		<animation name="to_world">
			<transform time="0">
				<matrix value="0.9999995567588077 -0.00010050081034910717 -0.0009093939249236797 -0.0018445621689489045 0.00010066450719557751 1.0 0.0001798360929336235 -0.017674744156422895 0.0009093757922936313 -0.0001799275378945107 0.9999995272093389 -0.0013966740457429516 0.0 0.0 0.0 1.0" />
			</transform>
			<transform time="0.0015">
				<matrix value="0.9999994769741165 -0.0001764363497035089 -0.0009102249623652251 -0.001847071720553269 0.00017657150281373107 0.9999999023810939 0.00014905261934891422 -0.017830494766583202 0.0009102610832269516 -0.00014921502308279784 0.9999995272093389 -0.0013984215599212753 0.0 0.0 0.0 1.0" />
			</transform>
		</animation>
	</shape>
	<shape type="ply" name="temp16">
		<string name="filename" value="meshes/Cube_012.ply" />
		<boolean name="face_normals" value="true" />
		<ref id="mat-Material" name="bsdf" />
		<animation name="to_world">
			<transform time="0">
				<matrix value="1.0 -0.0001895138531109271 -0.00019823521429945899 -0.00040946381436635093 0.00018946788008375486 1.0 -0.0002319177665747404 -0.018308221135455216 0.00019827907174656533 0.0002318808234064699 1.0 -0.0003064964870604925 0.0 0.0 0.0 1.0" />
			</transform>
			<transform time="0.0015">
				<matrix value="0.9999999202153088 -0.00010518648947663653 -0.00019808194257060868 -0.0004111036041864964 0.00010515588638867663 0.9999998498170676 -0.0001536863868551376 -0.01809780197306981 0.0001982746357177358 0.00015366592764986351 0.9999999319170555 -0.00030663318030177194 0.0 0.0 0.0 1.0" />
			</transform>
		</animation>
	</shape>
	<shape type="ply" name="temp17">
		<string name="filename" value="meshes/Cube_013.ply" />
		<boolean name="face_normals" value="true" />
		<ref id="mat-Material" name="bsdf" />
		<animation name="to_world">
			<transform time="0">
				<matrix value="0.9999991135176153 0.0013924071227287803 0.00029775410252276367 -0.0002241097968680439 -0.0013933109585179434 0.9999943682301434 0.0030564261470256027 -0.012841853600021602 -0.0002934965879293013 -0.003056832901216671 0.9999955084887199 0.00023799620384967746 0.0 0.0 0.0 1.0" />
			</transform>
			<transform time="0.0015">
				<matrix value="0.9999990337329241 0.0014337139621069112 0.00029814140937340093 -0.0002248787347140191 -0.001434644375199429 0.9999939176813462 0.003142584262278658 -0.012699964457329191 -0.0002935387142462437 -0.003143003888002136 0.999995134032525 0.0002390926202346388 0.0 0.0 0.0 1.0" />
			</transform>
		</animation>
	</shape>
	<shape type="ply" name="temp18">
		<string name="filename" value="meshes/Cube_014.ply" />
		<boolean name="face_normals" value="true" />
		<ref id="mat-Material" name="bsdf" />
		<animation name="to_world">
			<transform time="0">
				<matrix value="0.9999450380921481 0.008352630140815104 0.006359247147062954 0.010679650937392093 -0.008581552833463646 0.9992833051397201 0.03686537900554158 0.021135526649700254 -0.0060467716970996075 -0.03691789922469302 0.9993000334262998 -0.03393556493779304 0.0 0.0 0.0 1.0" />
			</transform>
			<transform time="0.0015">
				<matrix value="0.9999406658910714 0.008689897829478755 0.006354712822957932 0.010827395140310756 -0.008926821563248167 0.9991822470444823 0.03848605009695931 0.02283163004974139 -0.006000456843439681 -0.0385402368358953 0.9992036449975958 -0.03473460838330997 0.0 0.0 0.0 1.0" />
			</transform>
		</animation>
	</shape>
	<shape type="ply" name="temp19">
		<string name="filename" value="meshes/Cube_015.ply" />
		<boolean name="face_normals" value="true" />
		<ref id="mat-Material" name="bsdf" />
		<animation name="to_world">
			<transform time="0">
				<matrix value="0.9971122836318119 0.06701376446269787 -0.03572812834942634 -0.016344951877793723 -0.0512351359066144 0.9408716311065595 0.33486675104404 0.20106427522684878 0.05605627035585176 -0.3320689662364968 0.9415881321979422 -0.07805802966854813 0.0 0.0 0.0 1.0" />
			</transform>
			<transform time="0.0015">
				<matrix value="0.9970690882000077 0.06756431181466266 -0.03578151984555561 -0.016373146970307395 -0.05158055734429784 0.9399643084293793 0.33711452647809875 0.20255049739857967 0.05644210912239257 -0.3342775038769101 0.9407005178295009 -0.0787331384748319 0.0 0.0 0.0 1.0" />
			</transform>
		</animation>
	</shape>
	<shape type="ply" name="temp20">
		<string name="filename" value="meshes/Cube_016.ply" />
		<boolean name="face_normals" value="true" />
		<ref id="mat-Material" name="bsdf" />
		<animation name="to_world">
			<transform time="0">
				<matrix value="0.9945645332581596 0.10408822688940665 -0.0027132510456947447 0.0698974286192311 -0.090991964923665 0.8815063107110006 0.46332160970090785 0.14249091817427684 0.050618099842738025 -0.46055633542821267 0.8861860497441966 -0.14873909258466866 0.0 0.0 0.0 1.0" />
			</transform>
			<transform time="0.0015">
				<matrix value="0.9945304013672733 0.10438094919393708 -0.002199280131962352 0.06999672431930759 -0.09138488857078249 0.8803307538073388 0.4653157846769983 0.14320231919862447 0.05053803271375243 -0.4625732621742744 0.8850586387347884 -0.1487709050005593 0.0 0.0 0.0 1.0" />
			</transform>
		</animation>
	</shape>
	<shape type="ply" name="temp21">
		<string name="filename" value="meshes/Cube_017.ply" />
		<boolean name="face_normals" value="true" />
		<ref id="mat-Material" name="bsdf" />
		<animation name="to_world">
			<transform time="0">
				<matrix value="0.9729795736728916 0.21452662888513901 0.08537814506257621 0.2184009602486573 -0.22798358943809427 0.8341210163050167 0.5022606485458614 0.07618670653920101 0.03653262166527489 -0.5081539684162003 0.8604912956875345 -0.19902997210810996 0.0 0.0 0.0 1.0" />
			</transform>
			<transform time="0.0015">
				<matrix value="0.972961733815944 0.21443901216235442 0.08577472566129388 0.2183184335186843 -0.2280421338487875 0.8329840038509652 0.50400260174361 0.07589956005209607 0.03663687552339136 -0.5099350779217472 0.8593631272553685 -0.19884570746246133 0.0 0.0 0.0 1.0" />
			</transform>
		</animation>
	</shape>
	<shape type="ply" name="temp22">
		<string name="filename" value="meshes/Cube_018.ply" />
		<boolean name="face_normals" value="true" />
		<ref id="mat-Material" name="bsdf" />
		<animation name="to_world">
			<transform time="0">
				<matrix value="0.10136181423938925 0.991370668491082 0.08312499024869262 0.8595259680234321 -0.8885700507245221 0.05264038229288124 0.4557106256391539 0.32968384460208355 0.4474023406680886 -0.1200540232738104 0.8862382931122439 -0.35975695845929473 0.0 0.0 0.0 1.0" />
			</transform>
			<transform time="0.0015">
				<matrix value="0.10078649321407403 0.9914166695232879 0.08322076763296953 0.8596696956266687 -0.8876003316309964 0.05183716492263805 0.45754351211967675 0.3280773797187384 0.44930659380633015 -0.1199502536257274 0.8852177042427872 -0.3603418741319028 0.0 0.0 0.0 1.0" />
			</transform>
		</animation>
	</shape>
	<shape type="ply" name="temp23">
		<string name="filename" value="meshes/Cube_019.ply" />
		<boolean name="face_normals" value="true" />
		<ref id="mat-Material" name="bsdf" />
		<animation name="to_world">
			<transform time="0">
				<matrix value="-0.056878793036503575 0.9926376081247668 -0.10693609903262304 0.4321754054636237 -0.9149827933769128 -0.008971828635672465 0.4033935022488288 -0.04315736966169723 0.39946407707432446 0.12078919868258303 0.9087566031125701 -0.0427578724428459 0.0 0.0 0.0 1.0" />
			</transform>
			<transform time="0.0015">
				<matrix value="-0.05710803360258623 0.9926184522917342 -0.10698478429521237 0.4322920985938101 -0.9142895920660746 -0.008957824377588446 0.40487412757440605 -0.043950951289833305 0.4009263677028624 0.12094479721156519 0.9080525148314501 -0.04272196538985597 0.0 0.0 0.0 1.0" />
			</transform>
		</animation>
	</shape>
	<shape type="ply" name="temp24">
		<string name="filename" value="meshes/Cube_020.ply" />
		<boolean name="face_normals" value="true" />
		<ref id="mat-Material" name="bsdf" />
		<animation name="to_world">
			<transform time="0">
				<matrix value="0.08326776549774136 0.9961708828888639 0.026646718110450454 -0.1951196918313684 -0.955304634143611 0.08740596580596312 -0.28240660925088373 0.14612419671931373 -0.2836541580701884 -0.0019403746111309804 0.9589248927193723 0.10277648710409171 0.0 0.0 0.0 1.0" />
			</transform>
			<transform time="0.0015">
				<matrix value="0.08397354128573681 0.9961047461825117 0.026651945179086433 -0.19485985735430777 -0.9549632842538727 0.08807973444450695 -0.28328661535000577 0.14696198570745853 -0.28452900897506306 -0.0016463781465214352 0.9586532928322374 0.10285776954845688 0.0 0.0 0.0 1.0" />
			</transform>
		</animation>
	</shape>
	<shape type="ply" name="temp25">
		<string name="filename" value="meshes/Cube_021.ply" />
		<boolean name="face_normals" value="true" />
		<ref id="mat-Material" name="bsdf" />
		<animation name="to_world">
			<transform time="0">
				<matrix value="0.2721986713402018 0.9590843576549312 -0.0778776758178451 -0.28716650750244865 -0.7454080212472097 0.15898826297445054 -0.6473716857965648 0.15175550139620092 -0.608502341199978 0.2342643135602589 0.758185542912608 0.1055315595629509 0.0 0.0 0.0 1.0" />
			</transform>
			<transform time="0.0015">
				<matrix value="0.2721817681555287 0.95903812383918 -0.07844775558822992 -0.2867167729700191 -0.7452951737800064 0.15854259437152482 -0.6476053549725249 0.1520133061496901 -0.6086473578546647 0.23473123229721 0.7579192109440145 0.10577144306289518 0.0 0.0 0.0 1.0" />
			</transform>
		</animation>
	</shape>
	<shape type="ply" name="temp26">
		<string name="filename" value="meshes/Cube_022.ply" />
		<boolean name="face_normals" value="true" />
		<ref id="mat-Material" name="bsdf" />
		<animation name="to_world">
			<transform time="0">
				<matrix value="0.6243965271166098 0.7120499016526116 -0.3211137435044473 -0.15650075834448912 -0.4941137569655354 0.041666232116523406 -0.8683982467031125 0.09603514106665705 -0.6049635035202215 0.7008914883099059 0.3778500412037061 0.2970449611331799 0.0 0.0 0.0 1.0" />
			</transform>
			<transform time="0.0015">
				<matrix value="0.6252683184801826 0.7106719507200491 -0.3222983952494607 -0.1560485224842831 -0.4947299500924477 0.04164504355750033 -0.8680405304022372 0.09527617442767781 -0.6034840081208779 0.7022200215485496 0.3776069255191938 0.29866895541449123 0.0 0.0 0.0 1.0" />
			</transform>
		</animation>
	</shape>
	<shape type="ply" name="temp27">
		<string name="filename" value="meshes/Cube_023.ply" />
		<boolean name="face_normals" value="true" />
		<ref id="mat-Material" name="bsdf" />
		<animation name="to_world">
			<transform time="0">
				<matrix value="0.863061520104534 0.4371627977798312 -0.25300990354597724 -0.11428107160865808 -0.3930379219434531 0.2666357266964664 -0.8800151860360333 -0.18629941394222516 -0.3172484650557509 0.8589494037624394 0.40194463526800844 0.0007978947902854694 0.0 0.0 0.0 1.0" />
			</transform>
			<transform time="0.0015">
				<matrix value="0.863156543671728 0.43656353033366874 -0.2536766057801878 -0.11421138067614815 -0.3932536230474427 0.26611740034174164 -0.8800708693742825 -0.1865257615887493 -0.3167074881486005 0.8594018373555569 0.4013764235234139 0.0015724378832523392 0.0 0.0 0.0 1.0" />
			</transform>
		</animation>
	</shape>
	<shape type="ply" name="temp28">
		<string name="filename" value="meshes/Cube_024.ply" />
		<boolean name="face_normals" value="true" />
		<ref id="mat-Material" name="bsdf" />
		<animation name="to_world">
			<transform time="0">
				<matrix value="0.8953206140840776 0.3947269947415956 -0.2063768822387205 -0.11815691574672382 -0.32693869265123837 0.2676980453586916 -0.906338278881245 -0.45832930390164595 -0.3025095873069906 0.8789359292315971 0.3687273090032107 -0.2789494666339346 0.0 0.0 0.0 1.0" />
			</transform>
			<transform time="0.0015">
				<matrix value="0.8955007200459447 0.39430025744821845 -0.20639727733578822 -0.11794963023134714 -0.32658604591192175 0.2671154707454697 -0.906629154751338 -0.4579080513720652 -0.30234928550116796 0.8792947312754859 0.36797647327030975 -0.2787976813152194 0.0 0.0 0.0 1.0" />
			</transform>
		</animation>
	</shape>
	<shape type="ply" name="temp29">
		<string name="filename" value="meshes/Cube_025.ply" />
		<boolean name="face_normals" value="true" />
		<ref id="mat-Material" name="bsdf" />
		<animation name="to_world">
			<transform time="0">
				<matrix value="0.8820801131860709 0.4222534171285066 -0.20889487074139723 -0.2820333144979763 -0.3200247949123003 0.21167737050579552 -0.923459210694903 -0.7891118452528378 -0.3457156306347037 0.8814162023932937 0.32184798740107445 -0.7567315251220504 0.0 0.0 0.0 1.0" />
			</transform>
			<transform time="0.0015">
				<matrix value="0.8821771632844209 0.42197494793517926 -0.20904072908862611 -0.28198531235650587 -0.3200340722761906 0.21157957888933823 -0.9234782654090005 -0.7891306666988411 -0.3454563208142095 0.8815713413625026 0.3216967326294556 -0.7564568685889709 0.0 0.0 0.0 1.0" />
			</transform>
		</animation>
	</shape>
	<shape type="ply" name="temp30">
		<string name="filename" value="meshes/Cube_026.ply" />
		<boolean name="face_normals" value="true" />
		<ref id="mat-Material" name="bsdf" />
		<animation name="to_world">
			<transform time="0">
				<matrix value="0.9008957018015096 0.3255980626711693 -0.28700733440152504 -0.3306086853645288 -0.36714133365955887 0.2189623776915167 -0.9040258597579973 -1.1479471710123785 -0.23150540665606434 0.9198050573293314 0.3168028382568965 -0.8665580340770607 0.0 0.0 0.0 1.0" />
			</transform>
			<transform time="0.0015">
				<matrix value="0.9010765896533502 0.3250711007978293 -0.28702231264931943 -0.33035386255367954 -0.3669406145248788 0.21881047516450183 -0.9041429879536756 -1.1478137049054167 -0.23110581460445814 0.9200224996880624 0.31644895162165043 -0.866490364565543 0.0 0.0 0.0 1.0" />
			</transform>
		</animation>
	</shape>
	<shape type="ply" name="temp31">
		<string name="filename" value="meshes/Cube_027.ply" />
		<boolean name="face_normals" value="true" />
		<ref id="mat-Material" name="bsdf" />
		<animation name="to_world">
			<transform time="0">
				<matrix value="0.8463588622530481 0.30571374339570695 -0.4361375650619049 -0.5875184541460511 -0.5081622865572039 0.21823942530917376 -0.8331521757117036 -1.5906224443608328 -0.15952374620363918 0.9267742682349408 0.3400610656417826 -0.9913198452654113 0.0 0.0 0.0 1.0" />
			</transform>
			<transform time="0.0015">
				<matrix value="0.8466006736950729 0.3052056369895346 -0.4360139094139207 -0.5869749110625102 -0.5078335257587323 0.2180764242634517 -0.8333921936222403 -1.5904142682137332 -0.15926792297414957 0.9269753857089157 0.3396207136669963 -0.99159661122909 0.0 0.0 0.0 1.0" />
			</transform>
		</animation>
	</shape>
	<shape type="ply" name="temp32">
		<string name="filename" value="meshes/Cube_028.ply" />
		<boolean name="face_normals" value="true" />
		<ref id="mat-Material" name="bsdf" />
		<animation name="to_world">
			<transform time="0">
				<matrix value="-0.12061031652740029 0.9808419704519808 0.15297723371129796 -1.4869691985145055 -0.7824377201800623 0.000910688473435776 -0.6227286545654321 -2.117685406681606 -0.6109375083107723 -0.19480256474970956 0.7673378245294197 -1.3634461290829838 0.0 0.0 0.0 1.0" />
			</transform>
			<transform time="0.0015">
				<matrix value="-0.12065742938754138 0.980841452320864 0.15294311819883585 -1.4871037807799272 -0.7822310937868474 0.000916992627299278 -0.6229858293779879 -2.117604557896605 -0.6111903619540562 -0.19480515240163546 0.7671339416416869 -1.364185930439318 0.0 0.0 0.0 1.0" />
			</transform>
		</animation>
	</shape>
	<shape type="ply" name="temp33">
		<string name="filename" value="meshes/Cube_029.ply" />
		<boolean name="face_normals" value="true" />
		<ref id="mat-Material" name="bsdf" />
		<animation name="to_world">
			<transform time="0">
				<matrix value="0.018096256916778807 0.9888960270992423 0.14750262517014553 -1.6362496657039234 -0.9963184386563055 0.00547061571931259 0.08555617438599859 -1.7567887300422662 0.08379922415061691 -0.14850778957204808 0.9853543636923249 0.009496087048744162 0.0 0.0 0.0 1.0" />
			</transform>
			<transform time="0.0015">
				<matrix value="0.01784805121046418 0.9888925503643563 0.14755035982462203 -1.6367472591127397 -0.9963749900454131 0.005328857448652221 0.08481335371774124 -1.7578471074632562 0.08308526286313407 -0.148534209002608 0.985403877013727 0.007716376117947063 0.0 0.0 0.0 1.0" />
			</transform>
		</animation>
	</shape>
	<shape type="ply" name="temp34">
		<string name="filename" value="meshes/Cube_030.ply" />
		<boolean name="face_normals" value="true" />
		<ref id="mat-Material" name="bsdf" />
		<animation name="to_world">
			<transform time="0">
				<matrix value="-0.03232648974029916 0.9821162626945574 -0.1854787221910123 -3.1841124735030526 -0.9816764505379483 0.003668813509027275 0.19051979335533245 -1.9711198614109993 0.18779304298868613 0.1882389291660766 0.9640021042516467 0.2087129857726231 0.0 0.0 0.0 1.0" />
			</transform>
			<transform time="0.0015">
				<matrix value="-0.03238894686148552 0.9821154941508645 -0.18547163097329267 -3.1842400540211737 -0.9816124190523763 0.003667990772711687 0.19084185559332714 -1.970574496376757 0.18810901337305866 0.18824297343630433 0.9639382628738666 0.20935210450738548 0.0 0.0 0.0 1.0" />
			</transform>
		</animation>
	</shape>
	<shape type="ply" name="temp35">
		<string name="filename" value="meshes/Cube_031.ply" />
		<boolean name="face_normals" value="true" />
		<ref id="mat-Material" name="bsdf" />
		<animation name="to_world">
			<transform time="0">
				<matrix value="0.10407879410028244 0.9890399501066908 0.104725542657301 -2.0489768113455966 -0.6941604745872095 -0.003170246316926806 0.7198136164655966 -0.8243135101047975 0.7122566827474571 -0.14761361052765512 0.6862223127878999 0.7518651450046745 0.0 0.0 0.0 1.0" />
			</transform>
			<transform time="0.0015">
				<matrix value="0.10403308704639991 0.9890393568841076 0.10477595126942349 -2.049027324686905 -0.6945780676608395 -0.0031516942192826858 0.7194043783964559 -0.8260701524887863 0.7118497010377539 -0.14761794630891462 0.686636971961498 0.7513655354802635 0.0 0.0 0.0 1.0" />
			</transform>
		</animation>
	</shape>
	<shape type="ply" name="temp36">
		<string name="filename" value="meshes/Cube_032.ply" />
		<boolean name="face_normals" value="true" />
		<ref id="mat-Material" name="bsdf" />
		<animation name="to_world">
			<transform time="0">
				<matrix value="0.790218376070649 0.5671503035941121 0.23215387823087408 -0.5157227277509655 -0.2572620193714131 -0.0368224511548257 0.9656399387074187 0.382835591920596 0.5562114047731758 -0.8227907296896478 0.11680844082623004 -0.23326189148873233 0.0 0.0 0.0 1.0" />
			</transform>
			<transform time="0.0015">
				<matrix value="0.7901401072886026 0.5671791011714071 0.23234732910943276 -0.5157609544822825 -0.2575355755463641 -0.03677517206586475 0.965567677172179 0.38189505046634487 0.5561940755382517 -0.8227729405213005 0.1170113560851138 -0.23313028892322 0.0 0.0 0.0 1.0" />
			</transform>
		</animation>
	</shape>
	<shape type="ply" name="temp37">
		<string name="filename" value="meshes/Cube_033.ply" />
		<boolean name="face_normals" value="true" />
		<ref id="mat-Material" name="bsdf" />
		<animation name="to_world">
			<transform time="0">
				<matrix value="0.9787257524905724 0.1575414404398621 0.13144114630932519 -0.12938856406046018 -0.149619876353437 0.10966682866696008 0.9826429092511421 0.30101759141400897 0.1403923039145289 -0.9814041045173052 0.13090507261828158 -0.39318461788970394 0.0 0.0 0.0 1.0" />
			</transform>
			<transform time="0.0015">
				<matrix value="0.9787188590932545 0.1575651978779445 0.131463933670856 -0.1293964160941616 -0.14962652241821217 0.10953190056588408 0.9826566960474074 0.3010084931252445 0.1404331504850248 -0.9814150979079598 0.13077689030552364 -0.3931657342711864 0.0 0.0 0.0 1.0" />
			</transform>
		</animation>
	</shape>
	<shape type="ply" name="temp38">
		<string name="filename" value="meshes/Cube_034.ply" />
		<boolean name="face_normals" value="true" />
		<ref id="mat-Material" name="bsdf" />
		<animation name="to_world">
			<transform time="0">
				<matrix value="0.999922432791338 0.004477791011278141 0.011655022620669179 -0.035518413103245106 -0.012273774127834305 0.18130187746520296 0.9833509132660804 0.3693951927631898 0.002290160754715643 -0.9834173579490345 0.18134273493322542 -0.3398390927393775 0.0 0.0 0.0 1.0" />
			</transform>
			<transform time="0.0015">
				<matrix value="0.9999224487482762 0.004471687501812377 0.011655876210586096 -0.035523023439540974 -0.012273505412994415 0.18130130376640105 0.9833510239008652 0.369395341535646 0.002284011269858344 -0.9834174856045271 0.1813420881452525 -0.3398689000687772 0.0 0.0 0.0 1.0" />
			</transform>
		</animation>
	</shape>
	<shape type="ply" name="temp39">
		<string name="filename" value="meshes/Cube_035.ply" />
		<boolean name="face_normals" value="true" />
		<ref id="mat-Material" name="bsdf" />
		<animation name="to_world">
			<transform time="0">
				<matrix value="0.9990785015610955 -0.04285893668013425 0.0023536322851721975 0.0095190685352593 0.006827908947621302 0.2128208283707707 0.9770675253805847 0.09204331734650789 -0.042376978407062074 -0.9761507061613648 0.21291727912756883 -0.13316695847348864 0.0 0.0 0.0 1.0" />
			</transform>
			<transform time="0.0015">
				<matrix value="0.9990782462500837 -0.04286491095718665 0.0023550089223103887 0.009520098426479367 0.006827627148092059 0.21281601500778605 0.9770685721558567 0.09204454873947042 -0.0423831420935944 -0.9761514946217601 0.21291244438747112 -0.13319284210673035 0.0 0.0 0.0 1.0" />
			</transform>
		</animation>
	</shape>
	<shape type="ply" name="temp40">
		<string name="filename" value="meshes/Cube_036.ply" />
		<boolean name="face_normals" value="true" />
		<ref id="mat-Material" name="bsdf" />
		<animation name="to_world">
			<transform time="0">
				<matrix value="0.9997894604336317 -0.02036694943713589 0.0025352926408715236 0.005424179500791215 0.0018902641185617 0.2143776998600401 0.9767491008703604 -0.2517517238747884 -0.020436911708127448 -0.9765384639452008 0.2143711104103303 0.24780618556884912 0.0 0.0 0.0 1.0" />
			</transform>
			<transform time="0.0015">
				<matrix value="0.9997893646920023 -0.02037207127586377 0.002533037393334304 0.0054224435996358565 0.0018933503499858793 0.21436744987490117 0.9767513476075296 -0.25174455349754365 -0.020441451616624903 -0.9765406040519881 0.21436090988316764 0.24781535230573964 0.0 0.0 0.0 1.0" />
			</transform>
		</animation>
	</shape>
	<shape type="ply" name="temp41">
		<string name="filename" value="meshes/Cube_037.ply" />
		<boolean name="face_normals" value="true" />
		<ref id="mat-Material" name="bsdf" />
		<animation name="to_world">
			<transform time="0">
				<matrix value="0.9990217666884742 -0.044146463561406106 0.0026805575714824023 -0.0018752760980351724 0.006852234024257704 0.21437060800170205 0.9767285344766042 -0.5688440961883428 -0.043693750476484286 -0.9757541878466407 0.21446328094970407 0.5062199073604139 0.0 0.0 0.0 1.0" />
			</transform>
			<transform time="0.0015">
				<matrix value="0.9990215113774625 -0.044151970769538626 0.0026816758338461407 -0.0018709036071722798 0.006852016212050786 0.21436375965998286 0.9767300408117517 -0.5688457343364762 -0.04369941694482119 -0.9757554418741267 0.21445641393371245 0.5062287041039514 0.0 0.0 0.0 1.0" />
			</transform>
		</animation>
	</shape>
	<shape type="ply" name="temp42">
		<string name="filename" value="meshes/Cube_038.ply" />
		<boolean name="face_normals" value="true" />
		<ref id="mat-Material" name="bsdf" />
		<animation name="to_world">
			<transform time="0">
				<matrix value="0.9993240571816597 -0.036662863483812834 0.0027142202665499187 0.0027910518287761477 0.005211204428156808 0.21435246118771942 0.976742718196436 -0.9038681728061646 -0.03639198566735281 -0.9760681068701336 0.21439855590820486 0.8480762303921374 0.0 0.0 0.0 1.0" />
			</transform>
			<transform time="0.0015">
				<matrix value="0.9993238976122774 -0.03666736746995666 0.002715947020230303 0.002803905293442244 0.005210240150379221 0.2143459432484516 0.9767441479382709 -0.9038717972972611 -0.03639678950360869 -0.9760693684067661 0.21439199866961078 0.8480997226180628 0.0 0.0 0.0 1.0" />
			</transform>
		</animation>
	</shape>
	<shape type="ply" name="temp43">
		<string name="filename" value="meshes/Cube_039.ply" />
		<boolean name="face_normals" value="true" />
		<ref id="mat-Material" name="bsdf" />
		<animation name="to_world">
			<transform time="0">
