<scene version="2.1.0">
	<default name="spp" value="1024" />
	<default name="resx" value="1280" />
	<default name="resy" value="720" />
	<integrator type="path" name="temp0">
		<integer name="max_depth" value="12" />
	</integrator>
	<sensor type="perspective" name="temp44">
		<string name="fov_axis" value="x" />
		<float name="fov" value="83.974423" />
		<float name="principal_point_offset_x" value="0.000000" />
		<float name="principal_point_offset_y" value="-0.000000" />
		<float name="near_clip" value="0.100000" />
		<float name="far_clip" value="1000.000000" />
		<transform name="to_world">
			<rotate x="1" angle="-142.5518126578256" />
			<rotate y="1" angle="3.976628485794621e-06" />
			<rotate z="1" angle="-179.999991348578" />
			<translate value="-0.000000 3.030926 4.073377" />
		</transform>
		<sampler type="correlated" name="sampler">
			<integer name="sample_count" value="1024" />
		</sampler>
		<film type="hdrfilm" name="film">
			<integer name="width" value="$resx" />
			<integer name="height" value="$resy" />
		</film>
		<float name="shutter_open" value="0.0" />
		<float name="shutter_close" value="0.0015" />
	</sensor>
	<bsdf type="twosided" id="mat-Material" name="mat-Material">
		<bsdf type="diffuse" name="bsdf">
			<texture type="bitmap" name="reflectance">
				<string name="filename" value="textures/siggraph_2023_logo.jpg" />
			</texture>
		</bsdf>
	</bsdf>
	<bsdf type="twosided" id="mat-Material.001" name="mat-Material.001">
		<bsdf type="principled" name="bsdf">
			<rgb value="0.433648 0.266232 0.084399" name="base_color" />
			<float name="spec_tint" value="0.000000" />
			<float name="spec_trans" value="0.000000" />
			<float name="metallic" value="0.000000" />
			<float name="anisotropic" value="0.000000" />
			<float name="roughness" value="0.500000" />
			<float name="sheen" value="0.000000" />
			<float name="sheen_tint" value="0.500000" />
			<float name="clearcoat" value="0.000000" />
			<float name="clearcoat_gloss" value="0.173205" />
			<float name="specular" value="0.500000" />
		</bsdf>
	</bsdf>
	<bsdf type="twosided" id="mat-Material.002" name="mat-Material.002">
		<bsdf type="principled" name="bsdf">
			<rgb value="0.433648 0.266232 0.084399" name="base_color" />
			<float name="spec_tint" value="0.000000" />
			<float name="spec_trans" value="0.000000" />
			<float name="metallic" value="0.000000" />
			<float name="anisotropic" value="0.000000" />
			<float name="roughness" value="0.500000" />
			<float name="sheen" value="0.000000" />
			<float name="sheen_tint" value="0.500000" />
			<float name="clearcoat" value="0.000000" />
			<float name="clearcoat_gloss" value="0.173205" />
			<float name="specular" value="0.500000" />
		</bsdf>
	</bsdf>
	<bsdf type="twosided" id="mat-Material.003" name="mat-Material.003">
		<bsdf type="principled" name="bsdf">
			<rgb value="0.433648 0.266232 0.084399" name="base_color" />
			<float name="spec_tint" value="0.000000" />
			<float name="spec_trans" value="0.000000" />
			<float name="metallic" value="0.000000" />
			<float name="anisotropic" value="0.000000" />
			<float name="roughness" value="0.500000" />
			<float name="sheen" value="0.000000" />
			<float name="sheen_tint" value="0.500000" />
			<float name="clearcoat" value="0.000000" />
			<float name="clearcoat_gloss" value="0.173205" />
			<float name="specular" value="0.500000" />
		</bsdf>
	</bsdf>
	<bsdf type="twosided" id="mat-Material.004" name="mat-Material.004">
		<bsdf type="principled" name="bsdf">
			<rgb value="0.433648 0.266232 0.084399" name="base_color" />
			<float name="spec_tint" value="0.000000" />
			<float name="spec_trans" value="0.000000" />
			<float name="metallic" value="0.000000" />
			<float name="anisotropic" value="0.000000" />
			<float name="roughness" value="0.500000" />
			<float name="sheen" value="0.000000" />
			<float name="sheen_tint" value="0.500000" />
			<float name="clearcoat" value="0.000000" />
			<float name="clearcoat_gloss" value="0.173205" />
			<float name="specular" value="0.500000" />
		</bsdf>
	</bsdf>
	<bsdf type="twosided" id="mat-Material.005" name="mat-Material.005">
		<bsdf type="principled" name="bsdf">
			<rgb value="0.433648 0.266232 0.084399" name="base_color" />
			<float name="spec_tint" value="0.000000" />
			<float name="spec_trans" value="0.000000" />
			<float name="metallic" value="0.000000" />
			<float name="anisotropic" value="0.000000" />
			<float name="roughness" value="0.500000" />
			<float name="sheen" value="0.000000" />
			<float name="sheen_tint" value="0.500000" />
			<float name="clearcoat" value="0.000000" />
			<float name="clearcoat_gloss" value="0.173205" />
			<float name="specular" value="0.500000" />
		</bsdf>
	</bsdf>
	<emitter type="point" name="temp45">
		<point name="position" x="-6.815235034541981e-16" y="3.0693089962005615" z="4.109199523925781" />
		<rgb value="7.957747 7.957747 7.957747" name="intensity" />
	</emitter>
	<shape type="ply" name="temp2">
		<string name="filename" value="meshes/Cube.ply" />
		<boolean name="face_normals" value="true" />
		<ref id="mat-Material" name="bsdf" />
		<animation name="to_world">
			<transform time="0">
				<matrix value="0.9778787185719833 -0.14543372971259202 -0.14997924448997946 0.2966165656205062 -0.20880370088665967 -0.6692588799452677 -0.7109557652329604 2.160413402293065 0.0035391412999732285 0.7265620339449714 -0.6849339582365097 3.6630798379270866 0.0 0.0 0.0 1.0" />
			</transform>
			<transform time="0.0015">
				<matrix value="0.9780220118773404 -0.14518663598659504 -0.14928458910082265 0.2950795475764791 -0.20814157092595426 -0.6722019998539703 -0.7083797193715312 2.157990212270518 0.0030123218671337586 0.7239004995254441 -0.6877599791391117 3.6708447919469487 0.0 0.0 0.0 1.0" />
			</transform>
		</animation>
	</shape>
	<shape type="ply" name="temp4">
		<string name="filename" value="meshes/Plane.ply" />
		<boolean name="face_normals" value="true" />
		<ref id="mat-Material.001" name="bsdf" />
	</shape>
	<shape type="ply" name="temp5">
		<string name="filename" value="meshes/Cube_001.ply" />
		<boolean name="face_normals" value="true" />
		<ref id="mat-Material" name="bsdf" />
		<animation name="to_world">
			<transform time="0">
				<matrix value="0.9978349883959456 -0.03693520127319716 -0.054418051431113695 0.05585245579808085 -0.054452047508363965 8.649303433502357e-05 -0.9985165011032571 1.1726379726738707 0.03688511143970058 0.9993176172190321 -0.0019248974398858492 1.0237503270353472 0.0 0.0 0.0 1.0" />
			</transform>
			<transform time="0.0015">
				<matrix value="0.9978339831088368 -0.03696057543054729 -0.05441925224404766 0.05589812266540481 -0.054453454910316355 8.225064433206277e-05 -0.9985164245099445 1.1726508338538313 0.03691021441622494 0.9993166785757044 -0.0019305644088766392 1.0237699088502126 0.0 0.0 0.0 1.0" />
			</transform>
		</animation>
	</shape>
	<shape type="ply" name="temp6">
		<string name="filename" value="meshes/Cube_002.ply" />
		<boolean name="face_normals" value="true" />
		<ref id="mat-Material" name="bsdf" />
		<animation name="to_world">
			<transform time="0">
				<matrix value="0.9997327255610104 -0.01732537446054945 0.013869455879411907 -0.02911359372279909 0.017327785283328637 0.21898083738160248 -0.975556959218496 0.6403131819536719 0.013867766968602566 0.9755675051050952 0.21924555848633234 0.5322798939751494 0.0 0.0 0.0 1.0" />
			</transform>
			<transform time="0.0015">
				<matrix value="0.9997427784320989 -0.01704750044218336 0.013491387884345993 -0.028960491872726257 0.016898498167512575 0.2190211539898156 -0.9755555294766611 0.6412437730623723 0.013678890754342341 0.9755633900927463 0.21927581284480335 0.5326820507051263 0.0 0.0 0.0 1.0" />
			</transform>
		</animation>
	</shape>
	<shape type="ply" name="temp7">
		<string name="filename" value="meshes/Cube_003.ply" />
		<boolean name="face_normals" value="true" />
		<ref id="mat-Material" name="bsdf" />
		<animation name="to_world">
			<transform time="0">
				<matrix value="0.9944752201579002 -0.06129804994754111 0.08504164812933282 -0.043315317213925564 0.0976235623471926 0.24591832265035263 -0.9643459106680957 0.11825488889302718 0.03819486921725379 0.9673486670435085 0.25055245588744934 0.22420282534798402 0.0 0.0 0.0 1.0" />
			</transform>
			<transform time="0.0015">
				<matrix value="0.9945145220967749 -0.06118076533736798 0.08466650684984445 -0.04340906268818117 0.097228586637818 0.24587419890480222 -0.9643971430838469 0.11913180349851325 0.03818091359821155 0.9673673197637175 0.2504825772552678 0.22412925572781905 0.0 0.0 0.0 1.0" />
			</transform>
		</animation>
	</shape>
	<shape type="ply" name="temp8">
		<string name="filename" value="meshes/Cube_004.ply" />
		<boolean name="face_normals" value="true" />
		<ref id="mat-Material" name="bsdf" />
		<animation name="to_world">
			<transform time="0">
				<matrix value="0.9832720774005499 -0.11609963435212747 0.1403237717726009 0.025815620832443154 0.16532736907984902 0.24578430738617046 -0.9551205828941502 -0.38658216520049604 0.07639933460632203 0.9623433794373654 0.2608705210767713 -0.17046927300323444 0.0 0.0 0.0 1.0" />
			</transform>
			<transform time="0.0015">
				<matrix value="0.9832438336198727 -0.11627804341580306 0.1403740595374969 0.025935462067697618 0.16542263200111657 0.245777226260906 -0.9551059110196062 -0.38683851521623547 0.07655666842163286 0.9623236679274828 0.2608971585288147 -0.1709586555267057 0.0 0.0 0.0 1.0" />
			</transform>
		</animation>
	</shape>
	<shape type="ply" name="temp9">
		<string name="filename" value="meshes/Cube_005.ply" />
		<boolean name="face_normals" value="true" />
		<ref id="mat-Material" name="bsdf" />
		<animation name="to_world">
			<transform time="0">
				<matrix value="0.9811979302409282 -0.1618035221505852 0.10521607478791793 0.09065108394865073 0.14084352344834555 0.2275395631832432 -0.9635291648011135 -0.6533164833942817 0.13196139103269877 0.9602317786172128 0.24605018861983424 -0.6317481645996033 0.0 0.0 0.0 1.0" />
			</transform>
			<transform time="0.0015">
				<matrix value="0.9811999886859606 -0.16181203602102512 0.10518376857970646 0.09061488710098917 0.1408086575383004 0.22750111635253897 -0.9635433430743097 -0.6532143080579842 0.13198328554765207 0.9602394529650604 0.24600848781631582 -0.6319159662567312 0.0 0.0 0.0 1.0" />
			</transform>
		</animation>
	</shape>
	<shape type="ply" name="temp10">
		<string name="filename" value="meshes/Cube_006.ply" />
		<boolean name="face_normals" value="true" />
		<ref id="mat-Material" name="bsdf" />
		<animation name="to_world">
			<transform time="0">
				<matrix value="0.9859993404571058 -0.15794392425895296 -0.05342942251930287 0.04435689946181354 -0.016723027000480475 0.2251465824543253 -0.9741788926391695 -0.5828323828849193 0.16589748806351468 0.9614371859506115 0.21935294106522574 -1.0409336065464343 0.0 0.0 0.0 1.0" />
			</transform>
			<transform time="0.0015">
				<matrix value="0.9860074784956061 -0.15794517227912153 -0.05327551166181089 0.044409600179617884 -0.016584500830421234 0.22506648238730928 -0.9741997855927691 -0.5831656308606126 0.16586307054343397 0.9614557335427676 0.21929765686323882 -1.040979945957937 0.0 0.0 0.0 1.0" />
			</transform>
		</animation>
	</shape>
	<shape type="ply" name="temp11">
		<string name="filename" value="meshes/Cube_007.ply" />
		<boolean name="face_normals" value="true" />
		<ref id="mat-Material" name="bsdf" />
		<animation name="to_world">
			<transform time="0">
				<matrix value="0.9332618385290066 -0.2447541106705352 -0.26260838134916487 0.1765256303843039 -0.21367028972017296 0.209034839797006 -0.9542083333136337 -0.38275204705801036 0.2884673739023132 0.9467562048545857 0.14286620355245447 -1.732541202807882 0.0 0.0 0.0 1.0" />
			</transform>
			<transform time="0.0015">
				<matrix value="0.9333365329568882 -0.24525981414978854 -0.26187161325467534 0.1772139010537848 -0.21285545026485742 0.20898083551633045 -0.9544026250165573 -0.3848890954477262 0.2888292820485818 0.9466373951367335 0.14292280090423382 -1.7335199946624593 0.0 0.0 0.0 1.0" />
			</transform>
		</animation>
	</shape>
	<shape type="ply" name="temp12">
		<string name="filename" value="meshes/Cube_008.ply" />
		<boolean name="face_normals" value="true" />
		<ref id="mat-Material" name="bsdf" />
		<animation name="to_world">
			<transform time="0">
				<matrix value="0.30034858703572703 0.9067475903325457 -0.295385894101511 1.8145467910781867 -0.5258952585603172 -0.10097624644624893 -0.8444833130900131 0.2721540703589593 -0.7955335028287653 0.4090539043808912 0.44666696767672087 1.0566312410961358 0.0 0.0 0.0 1.0" />
			</transform>
			<transform time="0.0015">
				<matrix value="0.30161925877146073 0.9063200871062129 -0.2954061828189779 1.8118585076281453 -0.5254937022096141 -0.10053735259540551 -0.8447858566747232 0.27045273951265564 -0.7953192171051973 0.4101098931428922 0.4460815479678989 1.0548501108727044 0.0 0.0 0.0 1.0" />
			</transform>
		</animation>
	</shape>
	<shape type="ply" name="temp13">
		<string name="filename" value="meshes/Cube_009.ply" />
		<boolean name="face_normals" value="true" />
		<ref id="mat-Material" name="bsdf" />
		<animation name="to_world">
			<transform time="0">
				<matrix value="-0.05828619463252646 0.9915074996401925 0.11625338459014486 2.582683257622925 -0.8940505064473864 -3.4514656159591846e-05 -0.447941020310614 1.23004432896284 -0.4441326833644489 -0.13004824549510557 0.8864599137346159 0.8032709248784868 0.0 0.0 0.0 1.0" />
			</transform>
			<transform time="0.0015">
				<matrix value="-0.05834089661249249 0.9915037300485883 0.1162581299713779 2.5828482468513227 -0.8938963145532142 -3.6549001122157765e-05 -0.4482487722405798 1.2291776979837663 -0.4444358875306419 -0.1300770040248382 0.8863037740117277 0.8037151695493927 0.0 0.0 0.0 1.0" />
			</transform>
		</animation>
	</shape>
	<shape type="ply" name="temp14">
		<string name="filename" value="meshes/Cube_010.ply" />
		<boolean name="face_normals" value="true" />
		<ref id="mat-Material" name="bsdf" />
		<animation name="to_world">
			<transform time="0">
				<matrix value="0.018042392030877954 0.9972624383894807 0.07166056136326351 1.8820380047393344 -0.9810266175200832 0.0038828132984858885 0.19322628091991825 2.15618930212343 0.19241793832564752 -0.07375278199001717 0.9784192338805571 -0.4672652885940858 0.0 0.0 0.0 1.0" />
			</transform>
			<transform time="0.0015">
				<matrix value="0.01822178487717528 0.9972552070812838 0.07171599024150753 1.8818300903266008 -0.9812339300616424 0.004128310129362243 0.19216882854015133 2.1545975994272215 0.19134417520774316 -0.07383759930294109 0.9786240103569366 -0.4649784733835306 0.0 0.0 0.0 1.0" />
			</transform>
		</animation>
	</shape>
	<shape type="ply" name="temp15">
		<string name="filename" value="meshes/Cube_011.ply" />
		<boolean name="face_normals" value="true" />
		<ref id="mat-Material" name="bsdf" />
		<animation name="to_world">
			<transform time="0">
				<matrix value="-0.012351554092268633 0.999811022833698 0.012816811112093466 1.4449655140266717 -0.8272859721254479 -0.01740708726948853 0.561506046283369 2.2611670356181195 0.561612963563801 -0.003665024414765249 0.8273564713930919 -1.3704514778330048 0.0 0.0 0.0 1.0" />
			</transform>
			<transform time="0.0015">
				<matrix value="-0.011927346229462399 0.9998115334556683 0.013186167894408065 1.4450294433766027 -0.8273476137778526 -0.01726316095801548 0.5614196660475095 2.2610400984656516 0.5615314714802309 -0.004210640510143411 0.8274093718409838 -1.37006813813641 0.0 0.0 0.0 1.0" />
			</transform>
		</animation>
	</shape>
	<shape type="ply" name="temp16">
		<string name="filename" value="meshes/Cube_012.ply" />
		<boolean name="face_normals" value="true" />
		<ref id="mat-Material" name="bsdf" />
		<animation name="to_world">
			<transform time="0">
				<matrix value="0.09417629829777653 0.9900375034155642 0.10466444628412544 1.1034136918989708 -0.7416061199197911 -0.000357001228560165 0.6707055596872206 1.8474406727411914 0.6640608516968158 -0.14080219347006717 0.7341834976202082 -1.8154002360470538 0.0 0.0 0.0 1.0" />
			</transform>
			<transform time="0.0015">
				<matrix value="0.0942345155912359 0.9900405145833595 0.10458357651158795 1.1032089881036962 -0.7409687519358399 -0.00039373723537123895 0.6714102862459455 1.8476419915142288 0.6647643931036308 -0.14078092456317523 0.7335512368455566 -1.8171209291156534 0.0 0.0 0.0 1.0" />
			</transform>
		</animation>
	</shape>
	<shape type="ply" name="temp17">
		<string name="filename" value="meshes/Cube_013.ply" />
		<boolean name="face_normals" value="true" />
		<ref id="mat-Material" name="bsdf" />
		<animation name="to_world">
			<transform time="0">
				<matrix value="0.8803962398963171 0.20833070169766574 0.4259381703285091 0.7237917884226159 -0.4547295608188969 0.11647963280860535 0.8829018094171388 1.500115293277429 0.1344001483971512 -0.9710496784676581 0.1973129888359941 -1.4215761988552607 0.0 0.0 0.0 1.0" />
			</transform>
			<transform time="0.0015">
				<matrix value="0.8801302696498035 0.2082798692805233 0.4265127818698885 0.7247173697257625 -0.455200354324605 0.11579224027043199 0.8827500184923318 1.5007872266861353 0.1345495005519565 -0.9711430396876084 0.19675179644297958 -1.4223361750992547 0.0 0.0 0.0 1.0" />
			</transform>
		</animation>
	</shape>
	<shape type="ply" name="temp18">
		<string name="filename" value="meshes/Cube_014.ply" />
		<boolean name="face_normals" value="true" />
		<ref id="mat-Material" name="bsdf" />
		<animation name="to_world">
			<transform time="0">
				<matrix value="0.9416732266363135 0.29310525360694 0.16533673805648053 0.10737666020872377 -0.216307508328502 0.15082240526633056 0.9645659947208194 1.0226662227808005 0.2578011336336736 -0.944068390544467 0.20542871238772992 -0.8456143822188135 0.0 0.0 0.0 1.0" />
			</transform>
			<transform time="0.0015">
				<matrix value="0.9416929015411581 0.29313004880908555 0.16518073279740775 0.1072301480619339 -0.2163226610370507 0.15144288304804132 0.9644655723776527 1.0225836523087892 0.25771655547824873 -0.9439615654246236 0.20602577172695435 -0.8450622394846636 0.0 0.0 0.0 1.0" />
			</transform>
		</animation>
	</shape>
	<shape type="ply" name="temp19">
		<string name="filename" value="meshes/Cube_015.ply" />
		<boolean name="face_normals" value="true" />
		<ref id="mat-Material" name="bsdf" />
		<animation name="to_world">
			<transform time="0">
				<matrix value="0.9834116983761416 0.12791846657336006 0.12860203838965611 0.033375440141426405 -0.1496424151680682 0.17145662598582045 0.9737607092994613 0.6393981561366209 0.10251231324032359 -0.9768517572164874 0.18775448548319915 -0.2969494771681873 0.0 0.0 0.0 1.0" />
			</transform>
			<transform time="0.0015">
				<matrix value="0.9834122089981652 0.12791326348566573 0.12860329111583527 0.033348758001572214 -0.14964321141928616 0.17146183733357606 0.9737596625241893 0.639398233700657 0.1025062288597743 -0.9768515319420887 0.1877590215093778 -0.29693485870660985 0.0 0.0 0.0 1.0" />
			</transform>
		</animation>
	</shape>
	<shape type="ply" name="temp20">
		<string name="filename" value="meshes/Cube_016.ply" />
		<boolean name="face_normals" value="true" />
		<ref id="mat-Material" name="bsdf" />
		<animation name="to_world">
			<transform time="0">
				<matrix value="0.9847500651564554 0.03631677036771286 0.17014180410297192 0.06129368083887421 -0.1739006288706037 0.17683090923881417 0.9687539743964946 0.33079822512625395 0.005097165117981941 -0.9835683728148212 0.18044975157214715 0.14863823027123538 0.0 0.0 0.0 1.0" />
			</transform>
			<transform time="0.0015">
				<matrix value="0.9847421026442758 0.03628939427187332 0.17019372585853637 0.06127103560412751 -0.17394594657519327 0.1766726592301598 0.968774722673837 0.3308992871683675 0.005089141809867616 -0.9835978387061657 0.18028939240877234 0.14870908799054008 0.0 0.0 0.0 1.0" />
			</transform>
		</animation>
	</shape>
	<shape type="ply" name="temp21">
		<string name="filename" value="meshes/Cube_017.ply" />
		<boolean name="face_normals" value="true" />
		<ref id="mat-Material" name="bsdf" />
		<animation name="to_world">
			<transform time="0">
				<matrix value="0.9484005198332705 -0.0725318872895126 0.30866067388744084 0.20274985760166392 -0.2930833984897886 0.17089978995584276 0.9406849838376513 0.13357871889403683 -0.12097612348345027 -0.9826118062754603 0.14082269593745167 0.3874379274574344 0.0 0.0 0.0 1.0" />
			</transform>
			<transform time="0.0015">
				<matrix value="0.9483560957172221 -0.07262687574153592 0.30877484898540064 0.20275277549836146 -0.2932022553399315 0.17074455186589846 0.9406761585859679 0.13373640485568022 -0.12103643432720616 -0.9826317956237679 0.14063141605378637 0.3876065202628966 0.0 0.0 0.0 1.0" />
			</transform>
		</animation>
	</shape>
	<shape type="ply" name="temp22">
		<string name="filename" value="meshes/Cube_018.ply" />
		<boolean name="face_normals" value="true" />
		<ref id="mat-Material" name="bsdf" />
		<animation name="to_world">
			<transform time="0">
				<matrix value="0.25625209431463386 0.9572859458140307 0.13392524754137036 0.8517585381879149 -0.45758669354481263 -0.0019044528527000166 0.8891470194567541 -0.0938274584395446 0.8514228928756957 -0.2891363159464606 0.437553809487112 -0.13872162062924848 0.0 0.0 0.0 1.0" />
			</transform>
			<transform time="0.0015">
				<matrix value="0.2563199623643382 0.9572802989357709 0.1338357091079219 0.8517722980692299 -0.4572447363584201 -0.0019050129599465456 0.8893230053579697 -0.09398774667052628 0.8515862600093534 -0.28915498368496273 0.43722360720619075 -0.13866135396531099 0.0 0.0 0.0 1.0" />
			</transform>
		</animation>
	</shape>
	<shape type="ply" name="temp23">
		<string name="filename" value="meshes/Cube_019.ply" />
		<boolean name="face_normals" value="true" />
		<ref id="mat-Material" name="bsdf" />
		<animation name="to_world">
			<transform time="0">
				<matrix value="-0.07825565088196133 0.9841217463492573 -0.1593122739765146 0.5033242025608244 -0.9180892492735276 -0.008854809844333709 0.3962748114629041 -0.036389219430330605 0.3885720674719473 0.1772736080663631 0.9042045746278783 -0.054230730729895926 0.0 0.0 0.0 1.0" />
			</transform>
			<transform time="0.0015">
				<matrix value="-0.07825480197284719 0.9841209053248356 -0.15931790954224723 0.5033406869520376 -0.9180881801586658 -0.008851256441060749 0.3962773730836917 -0.03639494062867389 0.3885747657902029 0.1772784747442888 0.9042024640565982 -0.054262968631832595 0.0 0.0 0.0 1.0" />
			</transform>
		</animation>
	</shape>
	<shape type="ply" name="temp24">
		<string name="filename" value="meshes/Cube_020.ply" />
		<boolean name="face_normals" value="true" />
		<ref id="mat-Material" name="bsdf" />
		<animation name="to_world">
			<transform time="0">
				<matrix value="0.09470958441129716 0.9498471301994824 -0.298025720690121 0.11577742908772444 -0.9586033574355206 0.0062637054752824545 -0.28467434965855165 0.14965128047530002 -0.26853053471206434 0.3126501181141329 0.9111199652097595 0.11453575553455508 0.0 0.0 0.0 1.0" />
			</transform>
			<transform time="0.0015">
				<matrix value="0.09471177331491318 0.9498225318312996 -0.29810342035055226 0.11583427029317 -0.9586204943056877 0.006262591796374818 -0.2846166834045572 0.1495982134516548 -0.2684686078402034 0.3127248659652615 0.9111125696999602 0.11453302167414131 0.0 0.0 0.0 1.0" />
			</transform>
		</animation>
	</shape>
	<shape type="ply" name="temp25">
		<string name="filename" value="meshes/Cube_021.ply" />
		<boolean name="face_normals" value="true" />
		<ref id="mat-Material" name="bsdf" />
		<animation name="to_world">
			<transform time="0">
				<matrix value="0.19651621287633392 0.9353948392129706 -0.2939618486303963 -0.1603706417713816 -0.7926925484063707 -0.024887906921445158 -0.6091085012015974 0.10164552801700591 -0.5770725514913293 0.35272504656639336 0.7365918932476511 0.29751720699009304 0.0 0.0 0.0 1.0" />
			</transform>
			<transform time="0.0015">
				<matrix value="0.19636962925031254 0.9354225629822988 -0.2939716015121988 -0.16045454923959154 -0.792793077117256 -0.024954654974852754 -0.6089749565059217 0.10154050765254015 -0.5769843734506385 0.35264680125859293 0.7366984345454566 0.29755090974402076 0.0 0.0 0.0 1.0" />
			</transform>
		</animation>
	</shape>
	<shape type="ply" name="temp26">
		<string name="filename" value="meshes/Cube_022.ply" />
		<boolean name="face_normals" value="true" />
		<ref id="mat-Material" name="bsdf" />
		<animation name="to_world">
			<transform time="0">
				<matrix value="0.6386467314507993 0.3998099799133542 -0.6574788863510537 -0.08254386568397132 -0.710927845652779 -0.020393946473156274 -0.7029660758516969 -0.19406965453272046 -0.2944615461671162 0.9163711378052368 0.2712116348108199 0.6802983171427435 0.0 0.0 0.0 1.0" />
			</transform>
			<transform time="0.0015">
				<matrix value="0.6385430751800198 0.3998107308280164 -0.6575791299764912 -0.08259109964497031 -0.711036480488288 -0.020400005603565502 -0.7028560453029848 -0.19421235625275352 -0.2944241064029336 0.9163706722381462 0.27125384623642224 0.6803379085208776 0.0 0.0 0.0 1.0" />
			</transform>
		</animation>
	</shape>
	<shape type="ply" name="temp27">
		<string name="filename" value="meshes/Cube_023.ply" />
		<boolean name="face_normals" value="true" />
		<ref id="mat-Material" name="bsdf" />
		<animation name="to_world">
			<transform time="0">
				<matrix value="0.8577718797149783 0.27820838799974135 -0.43223574193383674 -0.06427928951069539 -0.4803165451299317 0.1342864756175653 -0.8667544717722699 -0.28712802949461846 -0.18309500254420447 0.9510873487504772 0.24881518660338203 0.20741541089978316 0.0 0.0 0.0 1.0" />
			</transform>
			<transform time="0.0015">
				<matrix value="0.8577690074660957 0.27820613525575477 -0.4322428821326433 -0.0642843255880874 -0.48032468316843197 0.13429434895779838 -0.8667487442945623 -0.28713457586294955 -0.18308709428561482 0.9510868906925332 0.24882273529985569 0.20745011985340078 0.0 0.0 0.0 1.0" />
			</transform>
		</animation>
	</shape>
	<shape type="ply" name="temp28">
		<string name="filename" value="meshes/Cube_024.ply" />
		<boolean name="face_normals" value="true" />
		<ref id="mat-Material" name="bsdf" />
		<animation name="to_world">
			<transform time="0">
				<matrix value="0.8564321832110875 0.4400733798753919 -0.26992446223608235 -0.19050235908800067 -0.37771943984951073 0.17771940436733324 -0.9087045961398534 -0.5121255765986579 -0.3519258608187197 0.8801993229361128 0.3184288835379493 -0.3396560577640387 0.0 0.0 0.0 1.0" />
			</transform>
			<transform time="0.0015">
				<matrix value="0.8564185719427724 0.4401016593215701 -0.26992155169020415 -0.19051749013188335 -0.37772353280416826 0.1777102311938199 -0.9087046812435341 -0.5121303421259346 -0.35195459128601314 0.8801870379722394 0.3184310877232781 -0.3396883278176983 0.0 0.0 0.0 1.0" />
			</transform>
		</animation>
	</shape>
	<shape type="ply" name="temp29">
		<string name="filename" value="meshes/Cube_025.ply" />
		<boolean name="face_normals" value="true" />
		<ref id="mat-Material" name="bsdf" />
		<animation name="to_world">
			<transform time="0">
				<matrix value="0.8998461066580146 0.3647506481749937 -0.23923692060095475 -0.2658570573942522 -0.3211985419137736 0.1829682243029642 -0.9291686307178713 -0.7931425880507851 -0.2951421208559165 0.9129509848296807 0.28180060904892956 -0.7054015074054762 0.0 0.0 0.0 1.0" />
			</transform>
			<transform time="0.0015">
				<matrix value="0.8998455002943617 0.3647450989156401 -0.23924768621655695 -0.26586225740496505 -0.3212081256508781 0.18296895193927187 -0.9291651755084369 -0.7931511501649096 -0.29513355836285915 0.9129530573541484 0.2818028642964668 -0.7053522500998405 0.0 0.0 0.0 1.0" />
			</transform>
		</animation>
	</shape>
	<shape type="ply" name="temp30">
		<string name="filename" value="meshes/Cube_026.ply" />
		<boolean name="face_normals" value="true" />
		<ref id="mat-Material" name="bsdf" />
		<animation name="to_world">
			<transform time="0">
				<matrix value="0.923170566302677 0.23688955264974773 -0.30272029562654457 -0.32926562926226133 -0.3495359707957243 0.18965505409627825 -0.9175268698752448 -1.1466605744024738 -0.15994030427621375 0.9528451909900026 0.25788532084283444 -0.8863323710900566 0.0 0.0 0.0 1.0" />
			</transform>
			<transform time="0.0015">
				<matrix value="0.9231614229770678 0.23688407097271372 -0.30275249885930244 -0.3293359400563953 -0.3495622454902233 0.18962968444441608 -0.9175221040691284 -1.1466963201090892 -0.1599357182521648 0.9528516038012177 0.2578644704410753 -0.8863518548262632 0.0 0.0 0.0 1.0" />
			</transform>
		</animation>
	</shape>
	<shape type="ply" name="temp31">
		<string name="filename" value="meshes/Cube_027.ply" />
		<boolean name="face_normals" value="true" />
		<ref id="mat-Material" name="bsdf" />
		<animation name="to_world">
			<transform time="0">
				<matrix value="0.8734763584012821 0.17295130813498727 -0.4551121908599164 -0.5889032324407792 -0.4826845612000844 0.1853611215982546 -0.8559538055156704 -1.5830136247203268 -0.06367835670987382 0.9673308331056291 0.245389463671002 -1.0236483864338786 0.0 0.0 0.0 1.0" />
			</transform>
			<transform time="0.0015">
				<matrix value="0.873459220649617 0.17295443118906734 -0.4551438919809584 -0.5890316368477169 -0.48271486342579417 0.18533754963609372 -0.855941831427803 -1.583043644676831 -0.06368380919566898 0.9673347904258989 0.24537244293487204 -1.023672775092963 0.0 0.0 0.0 1.0" />
			</transform>
		</animation>
	</shape>
	<shape type="ply" name="temp32">
		<string name="filename" value="meshes/Cube_028.ply" />
		<boolean name="face_normals" value="true" />
		<ref id="mat-Material" name="bsdf" />
		<animation name="to_world">
			<transform time="0">
				<matrix value="-0.10581308607566658 0.9845695763448981 0.13937841502604367 -1.486938088947241 -0.7964386013435527 1.1340809681638136e-05 -0.6047191127043106 -2.121958602348869 -0.5953897153859655 -0.17499357561068202 0.7841480146810957 -1.3599560824178156 0.0 0.0 0.0 1.0" />
			</transform>
			<transform time="0.0015">
				<matrix value="-0.10580881121191323 0.9845690657229278 0.13938528033996167 -1.4869303382444827 -0.7964683610333625 1.0268254991274519e-05 -0.6046799139490033 -2.121967384747192 -0.5953506687581026 -0.17499645837207015 0.7841770265258292 -1.3598561261996962 0.0 0.0 0.0 1.0" />
			</transform>
		</animation>
	</shape>
	<shape type="ply" name="temp33">
		<string name="filename" value="meshes/Cube_029.ply" />
		<boolean name="face_normals" value="true" />
		<ref id="mat-Material" name="bsdf" />
		<animation name="to_world">
			<transform time="0">
				<matrix value="-0.0005959286966758683 0.9773977260164823 0.21140654748874876 -1.5825140492726715 -0.9985616823308103 -0.011908624534075337 0.05224007033233874 -1.8169078434419081 0.053576734801702754 -0.21107268529044287 0.9759991366842529 -0.11143508917680789 0.0 0.0 0.0 1.0" />
			</transform>
			<transform time="0.0015">
				<matrix value="-0.0006498286968831041 0.977401187733075 0.2113903897039406 -1.5826578440874322 -0.9985687991252635 -0.011932189813095719 0.052098594824663315 -1.8171346262542842 0.05344342734829352 -0.21105532414345302 0.9760102086731055 -0.1117230576701393 0.0 0.0 0.0 1.0" />
			</transform>
		</animation>
	</shape>
	<shape type="ply" name="temp34">
		<string name="filename" value="meshes/Cube_030.ply" />
		<boolean name="face_normals" value="true" />
		<ref id="mat-Material" name="bsdf" />
		<animation name="to_world">
			<transform time="0">
				<matrix value="-0.04179405135048536 0.9786990926914629 -0.20099922145973037 -3.2256455686944987 -0.9753266574305921 0.0036774322962867005 0.2207076423815011 -1.9181597079229564 0.21674552036997263 0.20526697313734005 0.9543980748919122 0.25047256247078065 0.0 0.0 0.0 1.0" />
			</transform>
			<transform time="0.0015">
				<matrix value="-0.041737743773780284 0.9786985084611382 -0.20101379806994113 -3.225530872616428 -0.9753815767117882 0.0036846201208028144 0.22046481961106976 -1.9186724493113463 0.21650923826595303 0.20526965295204747 0.9544511661480805 0.24998193030792065 0.0 0.0 0.0 1.0" />
			</transform>
		</animation>
	</shape>
	<shape type="ply" name="temp35">
		<string name="filename" value="meshes/Cube_031.ply" />
		<boolean name="face_normals" value="true" />
		<ref id="mat-Material" name="bsdf" />
		<animation name="to_world">
			<transform time="0">
				<matrix value="0.13541514856558284 0.9773921985386601 0.16236918473396778 -1.8940302594987228 -0.7703718084417945 0.0008232135295970365 0.6375375218488384 -1.1505799594367012 0.6229907876750581 -0.2114325971010986 0.7530668748206351 0.6091905736198839 0.0 0.0 0.0 1.0" />
			</transform>
			<transform time="0.0015">
				<matrix value="0.1353185963237059 0.9773903963434708 0.16246059715046415 -1.8941658341955239 -0.7707629129979532 0.0008201821621972329 0.637064932599822 -1.1520534980318637 0.6225281481647885 -0.21144096979958205 0.7534472542316674 0.6084627352476792 0.0 0.0 0.0 1.0" />
			</transform>
		</animation>
	</shape>
	<shape type="ply" name="temp36">
		<string name="filename" value="meshes/Cube_032.ply" />
		<boolean name="face_normals" value="true" />
		<ref id="mat-Material" name="bsdf" />
		<animation name="to_world">
			<transform time="0">
				<matrix value="0.7449610125047206 0.6137916829188421 0.2612614007558032 -0.6544076704634831 -0.32778526116657536 -0.004283404217152702 0.9447109145142478 0.1188504219872819 0.5809735172252392 -0.7894563881999821 0.19799997730604826 -0.11295179271400024 0.0 0.0 0.0 1.0" />
			</transform>
			<transform time="0.0015">
				<matrix value="0.7448217243908606 0.6137876805436926 0.2616679325278992 -0.6543552442346461 -0.32831254063794413 -0.004265729112742556 0.9445280437252676 0.11705599896510596 0.5808546061215063 -0.7894595946055897 0.19833606876167048 -0.1129194363975451 0.0 0.0 0.0 1.0" />
			</transform>
		</animation>
	</shape>
	<shape type="ply" name="temp37">
		<string name="filename" value="meshes/Cube_033.ply" />
		<boolean name="face_normals" value="true" />
		<ref id="mat-Material" name="bsdf" />
		<animation name="to_world">
			<transform time="0">
				<matrix value="0.9766613566371822 0.16943927387713983 0.1319977863941249 -0.14220285656989717 -0.15008616608779365 0.09875722483068189 0.9837283184112722 0.30051044785333925 0.15364650096537932 -0.9805799888616107 0.12188283207279463 -0.38137111893986625 0.0 0.0 0.0 1.0" />
			</transform>
			<transform time="0.0015">
				<matrix value="0.97666092579985 0.16944460161666808 0.13199411331926805 -0.14221433576000897 -0.15008478102555478 0.09876774139052588 0.9837274758848338 0.3005134754677112 0.1536505731760171 -0.9805780064469025 0.12189362662364826 -0.3813813680160999 0.0 0.0 0.0 1.0" />
			</transform>
		</animation>
	</shape>
	<shape type="ply" name="temp38">
		<string name="filename" value="meshes/Cube_034.ply" />
		<boolean name="face_normals" value="true" />
		<ref id="mat-Material" name="bsdf" />
		<animation name="to_world">
			<transform time="0">
				<matrix value="0.9999239841355113 0.001598721796826602 0.012223919803356909 -0.033761433938430674 -0.012312234166094886 0.1797437649007244 0.9836364788253611 0.3693688703197781 -0.00062461216395669 -0.983712087238201 0.17974980863797993 -0.367811512672627 0.0 0.0 0.0 1.0" />
			</transform>
			<transform time="0.0015">
				<matrix value="0.999923968178573 0.0015800537579586395 0.012227544369115783 -0.03376874902810722 -0.012312452776148716 0.17973071175115155 0.9836388617284193 0.3693693716195897 -0.0006434629727262027 -0.9837145051834133 0.17973652395343048 -0.3678739602642398 0.0 0.0 0.0 1.0" />
			</transform>
		</animation>
	</shape>
	<shape type="ply" name="temp39">
		<string name="filename" value="meshes/Cube_035.ply" />
		<boolean name="face_normals" value="true" />
		<ref id="mat-Material" name="bsdf" />
		<animation name="to_world">
			<transform time="0">
				<matrix value="0.9988668538917463 -0.0474832246262695 0.003258402317430704 0.008976791352648172 0.0065244815407773035 0.2044218466781944 0.9788611749509835 0.09138310729884415 -0.047145593207417374 -0.9777304176061641 0.20449999787244205 -0.15054892614130727 0.0 0.0 0.0 1.0" />
			</transform>
			<transform time="0.0015">
				<matrix value="0.9988658486046375 -0.04750425324046953 0.0032615664722772638 0.00897184718075628 0.006525639854923837 0.2044207946467527 0.978861387710185 0.09138658048462606 -0.04716683029651536 -0.9777296141274756 0.20449893237436031 -0.15061074774432856 0.0 0.0 0.0 1.0" />
			</transform>
		</animation>
	</shape>
	<shape type="ply" name="temp40">
		<string name="filename" value="meshes/Cube_036.ply" />
		<boolean name="face_normals" value="true" />
		<ref id="mat-Material" name="bsdf" />
		<animation name="to_world">
			<transform time="0">
				<matrix value="0.9988754970949973 -0.04729724064135429 0.0032795596995131675 0.002940475350361016 0.006629121921468299 0.20782540679108014 0.9781435969251586 -0.23933509018818563 -0.0469450708919963 -0.9770217532325316 0.20790524896919815 0.18637972873688108 0.0 0.0 0.0 1.0" />
			</transform>
			<transform time="0.0015">
				<matrix value="0.9988743481954443 -0.04732147190658857 0.0032800550029345493 0.0029370515381162733 0.006633416731394455 0.2078198049677002 0.9781447543352155 -0.23932362346732938 -0.046968912153414366 -0.9770217682508249 0.20789977850460598 0.18633270272622837 0.0 0.0 0.0 1.0" />
			</transform>
		</animation>
	</shape>
	<shape type="ply" name="temp41">
		<string name="filename" value="meshes/Cube_037.ply" />
		<boolean name="face_normals" value="true" />
		<ref id="mat-Material" name="bsdf" />
		<animation name="to_world">
			<transform time="0">
				<matrix value="0.9988391513172241 -0.048049415651731354 0.0034259356881775386 -0.0055126894982533425 0.006645692493444462 0.20788991141434598 0.9781297677983227 -0.5703115865691866 -0.04771079221384791 -0.9769712758878903 0.20796791737132175 0.5206296034904203 0.0 0.0 0.0 1.0" />
			</transform>
			<transform time="0.0015">
				<matrix value="0.9988388640923358 -0.04805525551505922 0.0034271952226511554 -0.0055151175905268825 0.006645514414013751 0.20788659612611243 0.978130474158872 -0.5703126071538822 -0.04771678883123692 -0.9769716964001011 0.20796457620081943 0.5206336286422224 0.0 0.0 0.0 1.0" />
			</transform>
		</animation>
	</shape>
	<shape type="ply" name="temp42">
		<string name="filename" value="meshes/Cube_038.ply" />
		<boolean name="face_normals" value="true" />
		<ref id="mat-Material" name="bsdf" />
		<animation name="to_world">
			<transform time="0">
				<matrix value="0.9990186640001277 -0.044153805720626674 0.0035599245615221212 0.009259919053235643 0.005704219390206497 0.2079251204051537 0.9781282312286741 -0.9038941633865532 -0.04392828490480066 -0.9771476337180318 0.2079728934930294 0.8666834455617324 0.0 0.0 0.0 1.0" />
			</transform>
			<transform time="0.0015">
				<matrix value="0.999018408689116 -0.0441595847598669 0.003559909242859604 0.009264518388097776 0.005705313876600088 0.20792234427364759 0.9781288099337027 -0.9038915939352573 -0.043933949777443734 -0.9771479566113366 0.20797014719725482 0.8666945233416237 0.0 0.0 0.0 1.0" />
			</transform>
		</animation>
	</shape>
	<shape type="ply" name="temp43">
		<string name="filename" value="meshes/Cube_039.ply" />
		<boolean name="face_normals" value="true" />
		<ref id="mat-Material" name="bsdf" />
		<animation name="to_world">
			<transform time="0">
				<matrix value="0.9999424983477018 -0.009757935343288513 -0.0045051282848317924 0.02199011732593581 0.008286514516328277 0.43301616924818187 0.9013480469817543 -1.3192518728039984 -0.006844496106395781 -0.9013333505524047 0.43307197737056 1.4762506943305889 0.0 0.0 0.0 1.0" />
			</transform>
			<transform time="0.0015">
