<scene version="2.1.0">
	<default name="spp" value="1024" />
	<default name="resx" value="640" />
	<default name="resy" value="360" />
	<integrator type="path" name="temp0">
		<integer name="max_depth" value="12" />
	</integrator>
	<sensor type="perspective" name="temp44">
		<string name="fov_axis" value="x" />
		<float name="fov" value="83.974423" />
		<float name="principal_point_offset_x" value="0.000000" />
		<float name="principal_point_offset_y" value="-0.000000" />
		<float name="near_clip" value="0.100000" />
		<float name="far_clip" value="1000.000000" />
		<transform name="to_world">
			<rotate x="1" angle="-142.5518126578256" />
			<rotate y="1" angle="3.976628485794621e-06" />
			<rotate z="1" angle="-179.999991348578" />
			<translate value="-0.000000 3.030926 4.073377" />
		</transform>
		<sampler type="correlated" name="sampler">
			<integer name="sample_count" value="1024" />
		</sampler>
		<film type="hdrfilm" name="film">
			<integer name="width" value="$resx" />
			<integer name="height" value="$resy" />
		</film>
		<float name="shutter_open" value="0.0" />
		<float name="shutter_close" value="0.0015" />
	</sensor>
	<bsdf type="twosided" id="mat-Material" name="mat-Material">
		<bsdf type="diffuse" name="bsdf">
			<texture type="bitmap" name="reflectance">
				<string name="filename" value="textures/siggraph_2023_logo.jpg" />
			</texture>
		</bsdf>
	</bsdf>
	<bsdf type="twosided" id="mat-Material.001" name="mat-Material.001">
		<bsdf type="principled" name="bsdf">
			<rgb value="0.433648 0.266232 0.084399" name="base_color" />
			<float name="spec_tint" value="0.000000" />
			<float name="spec_trans" value="0.000000" />
			<float name="metallic" value="0.000000" />
			<float name="anisotropic" value="0.000000" />
			<float name="roughness" value="0.500000" />
			<float name="sheen" value="0.000000" />
			<float name="sheen_tint" value="0.500000" />
			<float name="clearcoat" value="0.000000" />
			<float name="clearcoat_gloss" value="0.173205" />
			<float name="specular" value="0.500000" />
		</bsdf>
	</bsdf>
	<bsdf type="twosided" id="mat-Material.002" name="mat-Material.002">
		<bsdf type="principled" name="bsdf">
			<rgb value="0.433648 0.266232 0.084399" name="base_color" />
			<float name="spec_tint" value="0.000000" />
			<float name="spec_trans" value="0.000000" />
			<float name="metallic" value="0.000000" />
			<float name="anisotropic" value="0.000000" />
			<float name="roughness" value="0.500000" />
			<float name="sheen" value="0.000000" />
			<float name="sheen_tint" value="0.500000" />
			<float name="clearcoat" value="0.000000" />
			<float name="clearcoat_gloss" value="0.173205" />
			<float name="specular" value="0.500000" />
		</bsdf>
	</bsdf>
	<bsdf type="twosided" id="mat-Material.003" name="mat-Material.003">
		<bsdf type="principled" name="bsdf">
			<rgb value="0.433648 0.266232 0.084399" name="base_color" />
			<float name="spec_tint" value="0.000000" />
			<float name="spec_trans" value="0.000000" />
			<float name="metallic" value="0.000000" />
			<float name="anisotropic" value="0.000000" />
			<float name="roughness" value="0.500000" />
			<float name="sheen" value="0.000000" />
			<float name="sheen_tint" value="0.500000" />
			<float name="clearcoat" value="0.000000" />
			<float name="clearcoat_gloss" value="0.173205" />
			<float name="specular" value="0.500000" />
		</bsdf>
	</bsdf>
	<bsdf type="twosided" id="mat-Material.004" name="mat-Material.004">
		<bsdf type="principled" name="bsdf">
			<rgb value="0.433648 0.266232 0.084399" name="base_color" />
			<float name="spec_tint" value="0.000000" />
			<float name="spec_trans" value="0.000000" />
			<float name="metallic" value="0.000000" />
			<float name="anisotropic" value="0.000000" />
			<float name="roughness" value="0.500000" />
			<float name="sheen" value="0.000000" />
			<float name="sheen_tint" value="0.500000" />
			<float name="clearcoat" value="0.000000" />
			<float name="clearcoat_gloss" value="0.173205" />
			<float name="specular" value="0.500000" />
		</bsdf>
	</bsdf>
	<bsdf type="twosided" id="mat-Material.005" name="mat-Material.005">
		<bsdf type="principled" name="bsdf">
			<rgb value="0.433648 0.266232 0.084399" name="base_color" />
			<float name="spec_tint" value="0.000000" />
			<float name="spec_trans" value="0.000000" />
			<float name="metallic" value="0.000000" />
			<float name="anisotropic" value="0.000000" />
			<float name="roughness" value="0.500000" />
			<float name="sheen" value="0.000000" />
			<float name="sheen_tint" value="0.500000" />
			<float name="clearcoat" value="0.000000" />
			<float name="clearcoat_gloss" value="0.173205" />
			<float name="specular" value="0.500000" />
		</bsdf>
	</bsdf>
	<emitter type="point" name="temp45">
		<point name="position" x="-6.815235034541981e-16" y="3.0693089962005615" z="4.109199523925781" />
		<rgb value="7.957747 7.957747 7.957747" name="intensity" />
	</emitter>
	<shape type="ply" name="temp2">
		<string name="filename" value="meshes/Cube.ply" />
		<boolean name="face_normals" value="true" />
		<ref id="mat-Material" name="bsdf" />
		<animation name="to_world">
			<transform time="0">
				<matrix value="0.9999632109810347 0.007131230666864126 0.0048074299997967005 -0.11660412500755513 0.008584300928856243 -0.7934750731608621 -0.6085420979896469 1.5947315788107455 -0.0005250679488747879 0.6085609159343628 -0.793507024014456 3.939821021427046 0.0 0.0 0.0 1.0" />
				<scale value="1" />
			</transform>
			<transform time="0.0015">
				<matrix value="0.9999550091147815 0.007115783901714036 0.005426955859675851 -0.11746332583768465 0.008970046826016518 -0.7924605198699208 -0.6097967219808904 1.5946502394404747 -5.483501040698873e-05 0.6098240219784896 -0.7924886818821686 3.9361739343367317 0.0 0.0 0.0 1.0" />
				<scale value="1" />
			</transform>
		</animation>
	</shape>
	<shape type="ply" name="temp4">
		<string name="filename" value="meshes/Plane.ply" />
		<boolean name="face_normals" value="true" />
		<ref id="mat-Material.001" name="bsdf" />
		<transform name="to_world">
			<scale value="1" />
		</transform>
	</shape>
	<shape type="ply" name="temp5">
		<string name="filename" value="meshes/Cube_001.ply" />
		<boolean name="face_normals" value="true" />
		<ref id="mat-Material" name="bsdf" />
		<animation name="to_world">
			<transform time="0">
				<matrix value="0.9979571013444392 -0.03336890386986023 -0.05448203182732172 0.050802791275055714 -0.05451246128288185 -1.3529993346168205e-06 -0.9985133097662948 1.1729020072252836 0.03331921610135685 0.9994430805363949 -0.0018203693346086074 1.0401545823123755 0.0 0.0 0.0 1.0" />
				<scale value="1" />
			</transform>
			<transform time="0.0015">
				<matrix value="0.9979581704593009 -0.033336587506458126 -0.05448210331441347 0.0507566202414731 -0.05451248202690156 -1.6101125900428893e-06 -0.9985133012559269 1.172901946895925 0.033286934098320224 0.9994441468352151 -0.0018188650419494416 1.0402948837100623 0.0 0.0 0.0 1.0" />
				<scale value="1" />
			</transform>
		</animation>
	</shape>
	<shape type="ply" name="temp6">
		<string name="filename" value="meshes/Cube_002.ply" />
		<boolean name="face_normals" value="true" />
		<ref id="mat-Material" name="bsdf" />
		<animation name="to_world">
			<transform time="0">
				<matrix value="0.9997969955339017 -0.018681767457965095 0.007554911089352234 -0.03265553148225786 0.011474769824848812 0.21959626467649654 -0.9755233910815607 0.6528610846083409 0.016565474702452187 0.9754119013897957 0.21976598280649481 0.5333384773032304 0.0 0.0 0.0 1.0" />
				<scale value="1" />
			</transform>
			<transform time="0.0015">
				<matrix value="0.9997963253424959 -0.018727501615100044 0.007525777546355387 -0.03268471905802485 0.011456376421713828 0.21959512328621003 -0.9755238591518043 0.6529049343975445 0.016616504033513873 0.9754112480940396 0.21976485688479983 0.5332968147896884 0.0 0.0 0.0 1.0" />
				<scale value="1" />
			</transform>
		</animation>
	</shape>
	<shape type="ply" name="temp7">
		<string name="filename" value="meshes/Cube_003.ply" />
		<boolean name="face_normals" value="true" />
		<ref id="mat-Material" name="bsdf" />
		<animation name="to_world">
			<transform time="0">
				<matrix value="0.9949984663854745 -0.06117528779386888 0.07897022411695706 -0.05372242519703008 0.09086865522395204 0.22592741691575083 -0.969896709424278 0.1372486824571107 0.04149218477129641 0.972221399473951 0.23035639905612074 0.20896818172049714 0.0 0.0 0.0 1.0" />
				<scale value="1" />
			</transform>
			<transform time="0.0015">
				<matrix value="0.9950029024143041 -0.061193257932649806 0.07889940338703072 -0.05378423718229929 0.09080038665509796 0.22585005017810517 -0.9699209639732632 0.13741225568384918 0.041533067244903354 0.9722381523800646 0.23027783474229208 0.20880988585892216 0.0 0.0 0.0 1.0" />
				<scale value="1" />
			</transform>
		</animation>
	</shape>
	<shape type="ply" name="temp8">
		<string name="filename" value="meshes/Cube_004.ply" />
		<boolean name="face_normals" value="true" />
		<ref id="mat-Material" name="bsdf" />
		<animation name="to_world">
			<transform time="0">
				<matrix value="0.9832100236336203 -0.1334004000642439 0.12451048436930434 0.02917050175942304 0.15266968602566897 0.22761089893476116 -0.9617096299420216 -0.3515324899053137 0.09995248454417961 0.9645711615838206 0.24415548004563375 -0.24735750860456823 0.0 0.0 0.0 1.0" />
				<scale value="1" />
			</transform>
			<transform time="0.0015">
				<matrix value="0.9831995239682612 -0.13354585974345712 0.12443455061024457 0.02922234608531608 0.15262383695503615 0.22754057577664688 -0.9617334419518675 -0.35140641789527 0.10012154032631844 0.9645672643367238 0.24409987330069716 -0.24785884696573843 0.0 0.0 0.0 1.0" />
				<scale value="1" />
			</transform>
		</animation>
	</shape>
	<shape type="ply" name="temp9">
		<string name="filename" value="meshes/Cube_005.ply" />
		<boolean name="face_normals" value="true" />
		<ref id="mat-Material" name="bsdf" />
		<animation name="to_world">
			<transform time="0">
				<matrix value="0.980864834484874 -0.17512935341024524 0.0850537633900225 0.09096521603229846 0.12344635097255982 0.22162349324083325 -0.9672869049752234 -0.6096866466762741 0.15055046123678476 0.9592770893344709 0.23900182544474233 -0.6905985238694663 0.0 0.0 0.0 1.0" />
				<scale value="1" />
			</transform>
			<transform time="0.0015">
				<matrix value="0.9808463084795823 -0.17527230878906008 0.08496842992943496 0.09104446305243827 0.12339193621748204 0.22159013010239206 -0.9673014406838785 -0.6095402926049116 0.15071301137520485 0.9592583840502357 0.2389729157244256 -0.6910625755928791 0.0 0.0 0.0 1.0" />
				<scale value="1" />
			</transform>
		</animation>
	</shape>
	<shape type="ply" name="temp10">
		<string name="filename" value="meshes/Cube_006.ply" />
		<boolean name="face_normals" value="true" />
		<ref id="mat-Material" name="bsdf" />
		<animation name="to_world">
			<transform time="0">
				<matrix value="0.9864948841101578 -0.153900542944331 -0.0560628783211771 0.039688565287457234 -0.021105465695791158 0.2199877769735703 -0.9752742304031816 -0.5731064742950462 0.16242839438537518 0.9632860751361533 0.21376870418953986 -1.0432157025710926 0.0 0.0 0.0 1.0" />
				<scale value="1" />
			</transform>
			<transform time="0.0015">
				<matrix value="0.9864791824829339 -0.15392342256317335 -0.05626581570701782 0.03965748456465355 -0.021292271656884673 0.22003962012184805 -0.9752579585794414 -0.5726583724023698 0.1624960374422504 0.9632705236934993 0.21378702190576293 -1.0434513213268894 0.0 0.0 0.0 1.0" />
				<scale value="1" />
			</transform>
		</animation>
	</shape>
	<shape type="ply" name="temp11">
		<string name="filename" value="meshes/Cube_007.ply" />
		<boolean name="face_normals" value="true" />
		<ref id="mat-Material" name="bsdf" />
		<animation name="to_world">
			<transform time="0">
				<matrix value="0.9325284959762565 -0.25756169395293926 -0.2530867320283996 0.19401334300540674 -0.2054879464990151 0.1978163333840888 -0.9584589577518993 -0.4063445896887369 0.29692709746164636 0.9457963009701246 0.1315435054874448 -1.774420082338234 0.0 0.0 0.0 1.0" />
				<scale value="1" />
			</transform>
			<transform time="0.0015">
				<matrix value="0.932392415206982 -0.2575079960454459 -0.2536256681068506 0.1938185612388667 -0.2059907623883747 0.19800271340690354 -0.9583081965816281 -0.40505805162940794 0.2969935932146624 0.9457713781124863 0.1315719667113645 -1.7745969015376057 0.0 0.0 0.0 1.0" />
				<scale value="1" />
			</transform>
		</animation>
	</shape>
	<shape type="ply" name="temp12">
		<string name="filename" value="meshes/Cube_008.ply" />
		<boolean name="face_normals" value="true" />
		<ref id="mat-Material" name="bsdf" />
		<animation name="to_world">
			<transform time="0">
				<matrix value="0.40854081453547436 0.8719790247860449 -0.26971643434521564 1.6269410638326989 -0.494015800662025 -0.03723144279686206 -0.8686554448227295 0.11441567496158894 -0.7674911839326841 0.4881253089651519 0.41556100630655457 0.9134951013626913 0.0 0.0 0.0 1.0" />
				<scale value="1" />
			</transform>
			<transform time="0.0015">
				<matrix value="0.4082840945260559 0.8721191229345702 -0.26964770461272286 1.6275414905840164 -0.49404308702640815 -0.03728416376437991 -0.8686376070912654 0.11450705085445599 -0.7676088344382964 0.4878685036598288 0.41564251010151293 0.9140202193499601 0.0 0.0 0.0 1.0" />
				<scale value="1" />
			</transform>
		</animation>
	</shape>
	<shape type="ply" name="temp13">
		<string name="filename" value="meshes/Cube_009.ply" />
		<boolean name="face_normals" value="true" />
		<ref id="mat-Material" name="bsdf" />
		<animation name="to_world">
			<transform time="0">
				<matrix value="-0.07500230485420023 0.9905056703579095 0.11520780804320929 2.6234566826815726 -0.8409171901345148 -0.0007314584406672187 -0.5411632825099133 0.9605065456106784 -0.5359410985644304 -0.1374687071750834 0.832988353747646 0.9188044983021615 0.0 0.0 0.0 1.0" />
				<scale value="1" />
			</transform>
			<transform time="0.0015">
				<matrix value="-0.07505541114034268 0.9905055051566838 0.1151742269818617 2.6235070557557085 -0.8405724245269929 -0.000707630762027281 -0.5416888998623426 0.9591311591075564 -0.536464390396934 -0.13747000700836365 0.8326449348651199 0.9193970930847387 0.0 0.0 0.0 1.0" />
				<scale value="1" />
			</transform>
		</animation>
	</shape>
	<shape type="ply" name="temp14">
		<string name="filename" value="meshes/Cube_010.ply" />
		<boolean name="face_normals" value="true" />
		<ref id="mat-Material" name="bsdf" />
		<animation name="to_world">
			<transform time="0">
				<matrix value="0.018321649495502877 0.9963066018943605 0.08388942182902849 1.9033828399795611 -0.9971929535288204 0.012116164639577159 0.07389242877763284 1.9838394295780946 0.07260312892822507 -0.08500772803974778 0.9937317414156582 -0.245820233735089 0.0 0.0 0.0 1.0" />
				<scale value="1" />
			</transform>
			<transform time="0.0015">
				<matrix value="0.018765198284436537 0.9962881744485503 0.08397749562813296 1.9027285882791343 -0.9972212930511271 0.012604155693961627 0.07332428256287239 1.9830168403005874 0.07199281114597117 -0.0851133682162543 0.9937619191808167 -0.24476527871296427 0.0 0.0 0.0 1.0" />
				<scale value="1" />
			</transform>
		</animation>
	</shape>
	<shape type="ply" name="temp15">
		<string name="filename" value="meshes/Cube_011.ply" />
		<boolean name="face_normals" value="true" />
		<ref id="mat-Material" name="bsdf" />
		<animation name="to_world">
			<transform time="0">
				<matrix value="0.0482665280208217 0.9971647167532638 0.0577316875175228 1.440059513978071 -0.8476912452772651 0.01032409375436723 0.5303895653209941 2.2283865870749153 0.528289869102011 -0.07453868504431369 0.8457860877565657 -1.2736053050765452 0.0 0.0 0.0 1.0" />
				<scale value="1" />
			</transform>
			<transform time="0.0015">
				<matrix value="0.04901800087870919 0.9970967815037752 0.05810616073311807 1.4397174865349638 -0.8479378757146372 0.010810887850780163 0.529973595550714 2.2279053920722367 0.5278027995193025 -0.07524273962792642 0.8460153740929723 -1.2724594464114825 0.0 0.0 0.0 1.0" />
				<scale value="1" />
			</transform>
		</animation>
	</shape>
	<shape type="ply" name="temp16">
		<string name="filename" value="meshes/Cube_012.ply" />
		<boolean name="face_normals" value="true" />
		<ref id="mat-Material" name="bsdf" />
		<animation name="to_world">
			<transform time="0">
				<matrix value="0.09403322004088457 0.9900538772649623 0.1046476267563582 1.1028293612560143 -0.7439945250847921 3.65320395558828e-05 0.6681855854637674 1.8457082494432868 0.6615361498651661 -0.14068889060391346 0.7365981577239101 -1.8111048882706 0.0 0.0 0.0 1.0" />
				<scale value="1" />
			</transform>
			<transform time="0.0015">
				<matrix value="0.0940693433576627 0.9900535994265374 0.1046175034575554 1.1027473879880532 -0.7438122968501397 4.5400018823067703e-05 0.668386966303289 1.845721634658605 0.6617344148227454 -0.14069083622380318 0.7364183761985373 -1.811586511586776 0.0 0.0 0.0 1.0" />
				<scale value="1" />
			</transform>
		</animation>
	</shape>
	<shape type="ply" name="temp17">
		<string name="filename" value="meshes/Cube_013.ply" />
		<boolean name="face_normals" value="true" />
		<ref id="mat-Material" name="bsdf" />
		<animation name="to_world">
			<transform time="0">
				<matrix value="0.9093425492042048 0.15393979846607275 0.38652125832288864 0.6796647788280474 -0.4080094126699608 0.14821489582268685 0.9008666725607902 1.4664815297537463 0.08139105042843693 -0.9769005658885787 0.19758701830314487 -1.3679322852413158 0.0 0.0 0.0 1.0" />
				<scale value="1" />
			</transform>
			<transform time="0.0015">
				<matrix value="0.9093890158083473 0.15476512877128817 0.38605072007257585 0.6788803356684971 -0.40761840545112543 0.14738084364367007 0.9011665183588237 1.4666616265232666 0.0825688144869867 -0.9768774752627163 0.19710197668357576 -1.3694868590607998 0.0 0.0 0.0 1.0" />
				<scale value="1" />
			</transform>
		</animation>
	</shape>
	<shape type="ply" name="temp18">
		<string name="filename" value="meshes/Cube_014.ply" />
		<boolean name="face_normals" value="true" />
		<ref id="mat-Material" name="bsdf" />
		<animation name="to_world">
			<transform time="0">
				<matrix value="0.9373394358780697 0.3046301491584676 0.16910301210202255 0.11400380975234159 -0.21706478590563927 0.13092473661046716 0.9673374935759569 1.0263638450420598 0.27254041029950693 -0.9434294975418367 0.18884535537546435 -0.8722804233321774 0.0 0.0 0.0 1.0" />
				<scale value="1" />
			</transform>
			<transform time="0.0015">
				<matrix value="0.9373450686772669 0.30459382741625735 0.1691369531519393 0.1140161352642696 -0.2170749791977843 0.13086451550730335 0.9673432976469772 1.026380254233755 0.2725128383059294 -0.9434495019084375 0.18878484836059595 -0.8723144257824799 0.0 0.0 0.0 1.0" />
				<scale value="1" />
			</transform>
		</animation>
	</shape>
	<shape type="ply" name="temp19">
		<string name="filename" value="meshes/Cube_015.ply" />
		<boolean name="face_normals" value="true" />
		<ref id="mat-Material" name="bsdf" />
		<animation name="to_world">
			<transform time="0">
				<matrix value="0.9835592976931956 0.12654180129030104 0.1288350059878937 0.030040980812164886 -0.14959390241956502 0.17128877838568446 0.9737977051686894 0.6393962714675657 0.10115814491150248 -0.9770605498693221 0.18740254011510563 -0.2943213764800982 0.0 0.0 0.0 1.0" />
				<scale value="1" />
			</transform>
			<transform time="0.0015">
				<matrix value="0.9835641007316046 0.12650060310827455 0.12883865268060957 0.029981145173277334 -0.14958959883332285 0.17128785476064998 0.9737985306743916 0.6393937131988184 0.10111762386254657 -0.9770660240372095 0.18739575139450018 -0.29428888275341547 0.0 0.0 0.0 1.0" />
				<scale value="1" />
			</transform>
		</animation>
	</shape>
	<shape type="ply" name="temp20">
		<string name="filename" value="meshes/Cube_016.ply" />
		<boolean name="face_normals" value="true" />
		<ref id="mat-Material" name="bsdf" />
		<animation name="to_world">
			<transform time="0">
				<matrix value="0.9849546209667268 0.02345152401949844 0.17121610268256693 0.060518341808135534 -0.1726917328425767 0.170940317840404 0.9700293272047056 0.3309766808537742 -0.0065190673496126955 -0.9850021797035187 0.1724183147755119 0.16883504370896707 0.0 0.0 0.0 1.0" />
				<scale value="1" />
			</transform>
			<transform time="0.0015">
				<matrix value="0.9849599984549122 0.023370860015571093 0.1711956539701804 0.06047381508254042 -0.17265735681053537 0.17097953060406368 0.9700285016990032 0.330909826509627 -0.006600527678875661 -0.9849971861210151 0.17244320249588113 0.16901390969064115 0.0 0.0 0.0 1.0" />
				<scale value="1" />
			</transform>
		</animation>
	</shape>
	<shape type="ply" name="temp21">
		<string name="filename" value="meshes/Cube_017.ply" />
		<boolean name="face_normals" value="true" />
		<ref id="mat-Material" name="bsdf" />
		<animation name="to_world">
			<transform time="0">
				<matrix value="0.9463562914541326 -0.09270758807983763 0.30954101009833573 0.20589315215378878 -0.29208043231972936 0.16428661119721 0.9421779385476154 0.13427418834035393 -0.13820047621833706 -0.9820463348650357 0.12839554706843787 0.4149111116204117 0.0 0.0 0.0 1.0" />
				<scale value="1" />
			</transform>
			<transform time="0.0015">
				<matrix value="0.9463495257123207 -0.09287888973623556 0.30950900260404335 0.20592247086988744 -0.2920218687607103 0.16431744900964224 0.9421906445271365 0.13418556459194225 -0.13836737143103875 -0.9820245733581254 0.12837928886128652 0.41515328116935474 0.0 0.0 0.0 1.0" />
				<scale value="1" />
			</transform>
		</animation>
	</shape>
	<shape type="ply" name="temp22">
		<string name="filename" value="meshes/Cube_018.ply" />
		<boolean name="face_normals" value="true" />
		<ref id="mat-Material" name="bsdf" />
		<animation name="to_world">
			<transform time="0">
				<matrix value="0.25878091828937266 0.9559291064467078 0.13868011503942365 0.8506378787443998 -0.4668358075056691 -0.00191703151496695 0.8843421661660601 -0.08949090595705876 0.8456341629035489 -0.29359167165530237 0.4457654740837435 -0.13655000591303262 0.0 0.0 0.0 1.0" />
				<scale value="1" />
			</transform>
			<transform time="0.0015">
				<matrix value="0.25868832815525966 0.9559288886814558 0.1388506143063479 0.8506192200734213 -0.4674187623302363 -0.0019165298288811394 0.8840275293483297 -0.08921409004054481 0.8453334703594342 -0.2935923775150848 0.4463229542542081 -0.1365877992742018 0.0 0.0 0.0 1.0" />
				<scale value="1" />
			</transform>
		</animation>
	</shape>
	<shape type="ply" name="temp23">
		<string name="filename" value="meshes/Cube_019.ply" />
		<boolean name="face_normals" value="true" />
		<ref id="mat-Material" name="bsdf" />
		<animation name="to_world">
			<transform time="0">
				<matrix value="-0.08019554028441901 0.9840476990048455 -0.15880357486474642 0.5041122910575923 -0.9138525283364094 -0.008963996303890302 0.40594751739987833 -0.045660994261411805 0.3980482317335873 0.17767818815534508 0.8999934282098113 -0.05774241054209883 0.0 0.0 0.0 1.0" />
				<scale value="1" />
			</transform>
			<transform time="0.0015">
				<matrix value="-0.08018496243006253 0.9840478191511914 -0.1588081823780168 0.5041139949516965 -0.913864480083148 -0.008957567723467275 0.40592072676120977 -0.045640499891991336 0.3980228984984442 0.17767786451112566 0.9000046874267613 -0.057744619991799834 0.0 0.0 0.0 1.0" />
				<scale value="1" />
			</transform>
		</animation>
	</shape>
	<shape type="ply" name="temp24">
		<string name="filename" value="meshes/Cube_020.ply" />
		<boolean name="face_normals" value="true" />
		<ref id="mat-Material" name="bsdf" />
		<animation name="to_world">
			<transform time="0">
				<matrix value="0.09587916726946819 0.9470477234451934 -0.30644399480466505 0.12176900683331604 -0.9596604898890233 0.006200903920147188 -0.2810920148205482 0.14626316852031623 -0.26430718707155915 0.3210332316490629 0.9094390762153537 0.11433508979602336 0.0 0.0 0.0 1.0" />
				<scale value="1" />
			</transform>
			<transform time="0.0015">
				<matrix value="0.09586109832019965 0.947032000620725 -0.30649806117299633 0.12183551390926042 -0.9596888165444597 0.006201106661996948 -0.28099481790690095 0.14617294314300838 -0.2642103705843567 0.32107948488892274 0.9094507098885762 0.1143200477111902 0.0 0.0 0.0 1.0" />
				<scale value="1" />
			</transform>
		</animation>
	</shape>
	<shape type="ply" name="temp25">
		<string name="filename" value="meshes/Cube_021.ply" />
		<boolean name="face_normals" value="true" />
		<ref id="mat-Material" name="bsdf" />
		<animation name="to_world">
			<transform time="0">
				<matrix value="0.18573858166364376 0.9381433514871002 -0.29221252318447205 -0.16714944348321356 -0.8002852700313992 -0.02811917659353014 -0.5989600496619311 0.09216940062963959 -0.5701274052483303 0.3451033846936839 0.7455594319136533 0.30378634188370335 0.0 0.0 0.0 1.0" />
				<scale value="1" />
			</transform>
			<transform time="0.0015">
				<matrix value="0.1857794378083026 0.9381448307889847 -0.29218168161060454 -0.16714367582029108 -0.8002535316812482 -0.02808455792577376 -0.5990039801818825 0.09218462359472376 -0.5701585531917664 0.3451021381753447 0.7455361645673636 0.30382083069075894 0.0 0.0 0.0 1.0" />
				<scale value="1" />
			</transform>
		</animation>
	</shape>
	<shape type="ply" name="temp26">
		<string name="filename" value="meshes/Cube_022.ply" />
		<boolean name="face_normals" value="true" />
		<ref id="mat-Material" name="bsdf" />
		<animation name="to_world">
			<transform time="0">
				<matrix value="0.6378422486866764 0.39994597672618964 -0.6581796803084108 -0.08367423720867151 -0.711737204070018 -0.020414181213667264 -0.70214944818238 -0.19545310301123442 -0.29425812062188517 0.9163112741775009 0.2716352552431302 0.684495710233495 0.0 0.0 0.0 1.0" />
				<scale value="1" />
			</transform>
			<transform time="0.0015">
				<matrix value="0.6378407966052969 0.399949325805583 -0.6581790590515421 -0.08368139364852867 -0.7117376349073503 -0.020414086898785693 -0.7021490056432407 -0.19545369708028013 -0.294260220554957 0.9163098174030563 0.2716379104779665 0.6845118936772911 0.0 0.0 0.0 1.0" />
				<scale value="1" />
			</transform>
		</animation>
	</shape>
	<shape type="ply" name="temp27">
		<string name="filename" value="meshes/Cube_023.ply" />
		<boolean name="face_normals" value="true" />
		<ref id="mat-Material" name="bsdf" />
		<animation name="to_world">
			<transform time="0">
				<matrix value="0.8568472785877272 0.28207866539569443 -0.4315607150675074 -0.06525635691943332 -0.48038967992667014 0.1329003406177843 -0.8669276313518833 -0.28712057995595985 -0.1871872268526152 0.9501415242906578 0.24938288998965064 0.20488579955312414 0.0 0.0 0.0 1.0" />
				<scale value="1" />
			</transform>
			<transform time="0.0015">
				<matrix value="0.8568442148555859 0.28210794355837326 -0.4315476346317915 -0.0652654397872884 -0.4803854513380377 0.13290655068204063 -0.866929018541878 -0.28712017809673246 -0.18721206382697916 0.9501319501287149 0.24940067665890644 0.204872353811711 0.0 0.0 0.0 1.0" />
				<scale value="1" />
			</transform>
		</animation>
	</shape>
	<shape type="ply" name="temp28">
		<string name="filename" value="meshes/Cube_024.ply" />
		<boolean name="face_normals" value="true" />
		<ref id="mat-Material" name="bsdf" />
		<animation name="to_world">
			<transform time="0">
				<matrix value="0.8554719011678519 0.44314603179238377 -0.26793637750632243 -0.19170811764676243 -0.37693780616885364 0.17808242408061356 -0.9089580119341819 -0.5114887359755291 -0.35508650295109984 0.8785830049872452 0.31938285689430435 -0.3425732207881519 0.0 0.0 0.0 1.0" />
				<scale value="1" />
			</transform>
			<transform time="0.0015">
				<matrix value="0.8554434978177923 0.4431937374008728 -0.26794795160689083 -0.19175901788863114 -0.37695395618604205 0.17804642898628137 -0.9089583438385365 -0.5115037155534407 -0.35513760025871843 0.8785661844988122 0.319372201913487 -0.34264027475678166 0.0 0.0 0.0 1.0" />
				<scale value="1" />
			</transform>
		</animation>
	</shape>
	<shape type="ply" name="temp29">
		<string name="filename" value="meshes/Cube_025.ply" />
		<boolean name="face_normals" value="true" />
		<ref id="mat-Material" name="bsdf" />
		<animation name="to_world">
			<transform time="0">
				<matrix value="0.9005504169126655 0.3627066285931213 -0.23969304539121297 -0.2641433940543415 -0.3210525382650121 0.18307240161610938 -0.9291986529248485 -0.7929921410882895 -0.29314536360847976 0.913744021459129 0.28131375286570237 -0.7012042531410514 0.0 0.0 0.0 1.0" />
				<scale value="1" />
			</transform>
			<transform time="0.0015">
				<matrix value="0.9005553795204567 0.36268543778135426 -0.23970643220017918 -0.2641239442343018 -0.3210594013441473 0.18307171227644947 -0.9291964146980474 -0.7929991789315253 -0.2931225771006791 0.9137525668679848 0.28130972746160765 -0.7011652871092761 0.0 0.0 0.0 1.0" />
				<scale value="1" />
			</transform>
		</animation>
	</shape>
	<shape type="ply" name="temp30">
		<string name="filename" value="meshes/Cube_026.ply" />
		<boolean name="face_normals" value="true" />
		<ref id="mat-Material" name="bsdf" />
		<animation name="to_world">
			<transform time="0">
				<matrix value="0.9233999436197203 0.23481351541331977 -0.30363750950900215 -0.3316450208603037 -0.34949310937242367 0.18726487882308526 -0.9180341742545628 -1.1469659516026838 -0.15870614350022252 0.9538313764671282 0.25498593211388015 -0.8890039616332794 0.0 0.0 0.0 1.0" />
				<scale value="1" />
			</transform>
			<transform time="0.0015">
				<matrix value="0.9233877684758464 0.23481962785867003 -0.3036697212521281 -0.3316909375127436 -0.3495247248541502 0.1872526329067742 -0.9180246171112257 -1.1470062297216386 -0.15870720942369668 0.9538322775647229 0.25498192373052153 -0.8890191993405709 0.0 0.0 0.0 1.0" />
				<scale value="1" />
			</transform>
		</animation>
	</shape>
	<shape type="ply" name="temp31">
		<string name="filename" value="meshes/Cube_027.ply" />
		<boolean name="face_normals" value="true" />
		<ref id="mat-Material" name="bsdf" />
		<animation name="to_world">
			<transform time="0">
				<matrix value="0.8731284140652841 0.17250578299330654 -0.45594820294633687 -0.5949941165014607 -0.48324370996423927 0.18309148705840148 -0.8561267286999533 -1.5832764203540213 -0.06420658940086202 0.9678425941183464 0.2432247916293359 -1.0270647870726024 0.0 0.0 0.0 1.0" />
				<scale value="1" />
			</transform>
			<transform time="0.0015">
				<matrix value="0.873111962461963 0.1725187813261091 -0.4559747638050677 -0.5950663685746832 -0.48327224096980487 0.18308059579214103 -0.856112941903688 -1.583304370594226 -0.06421544390588904 0.9678423312982146 0.24322348103265393 -1.0270881815883066 0.0 0.0 0.0 1.0" />
				<scale value="1" />
			</transform>
		</animation>
	</shape>
	<shape type="ply" name="temp32">
		<string name="filename" value="meshes/Cube_028.ply" />
		<boolean name="face_normals" value="true" />
		<ref id="mat-Material" name="bsdf" />
		<animation name="to_world">
			<transform time="0">
				<matrix value="-0.10553218197001207 0.984574999530686 0.1395523665300144 -1.4862508656744104 -0.7976701469965091 -1.692154944589642e-05 -0.6030941312022452 -2.1218961981303743 -0.5937889498197781 -0.17496254873045308 0.7853679327842973 -1.3564899814575078 0.0 0.0 0.0 1.0" />
				<scale value="1" />
			</transform>
			<transform time="0.0015">
				<matrix value="-0.10553451966146361 0.9845752548416711 0.1395488134513473 -1.4862510858395035 -0.7976597111589029 -1.791904345754197e-05 -0.6031079179985105 -2.1218983708376817 -0.593802545131155 -0.1749611257471682 0.7853579671432932 -1.3565379997140172 0.0 0.0 0.0 1.0" />
				<scale value="1" />
			</transform>
		</animation>
	</shape>
	<shape type="ply" name="temp33">
		<string name="filename" value="meshes/Cube_029.ply" />
		<boolean name="face_normals" value="true" />
		<ref id="mat-Material" name="bsdf" />
		<animation name="to_world">
			<transform time="0">
				<matrix value="-0.004401646552381357 0.9775017051747622 0.21088205716890115 -1.5917725259481341 -0.9989353346559651 -0.013983231926711902 0.04396615102541202 -1.8294489975639499 0.04592581560811805 -0.2104640369777837 0.9765223977483817 -0.12987392955543342 0.0 0.0 0.0 1.0" />
				<scale value="1" />
			</transform>
			<transform time="0.0015">
				<matrix value="-0.004371111674512161 0.9774983711136621 0.21089804559738484 -1.591687614100588 -0.9989345687229298 -0.013958189448368056 0.04399113065775635 -1.8294292284291225 0.04594501659189715 -0.21048109775890872 0.9765178021496266 -0.12987431374286637 0.0 0.0 0.0 1.0" />
				<scale value="1" />
			</transform>
		</animation>
	</shape>
	<shape type="ply" name="temp34">
		<string name="filename" value="meshes/Cube_030.ply" />
		<boolean name="face_normals" value="true" />
		<ref id="mat-Material" name="bsdf" />
		<animation name="to_world">
			<transform time="0">
				<matrix value="-0.04317725045925464 0.978607812386914 -0.20115271404941823 -3.2287364014100204 -0.9740189444578133 0.003569481271355041 0.22643797259507623 -1.905799286621004 0.2223119058085028 0.20570348376796177 0.9530285890805478 0.260005160552067 0.0 0.0 0.0 1.0" />
				<scale value="1" />
			</transform>
			<transform time="0.0015">
				<matrix value="-0.04317406385866008 0.9786076928557583 -0.20115398994500208 -3.2287289847793956 -0.9740224250368412 0.0035697132479197676 0.22642298041989461 -1.9058326213425016 0.22229725877255457 0.2057040601553524 0.9530318827311501 0.2599591741685462 0.0 0.0 0.0 1.0" />
				<scale value="1" />
			</transform>
		</animation>
	</shape>
	<shape type="ply" name="temp35">
		<string name="filename" value="meshes/Cube_031.ply" />
		<boolean name="face_normals" value="true" />
		<ref id="mat-Material" name="bsdf" />
		<animation name="to_world">
			<transform time="0">
				<matrix value="0.1326791979816569 0.9770403172146518 0.16669875339286397 -1.896296923303188 -0.7858883528625402 0.0012178952615957098 0.6183673971124783 -1.2103225942527898 0.6039670973198092 -0.21305110518268836 0.7680061141288288 0.5760639499643063 0.0 0.0 0.0 1.0" />
				<scale value="1" />
			</transform>
			<transform time="0.0015">
				<matrix value="0.13272438803074058 0.9770397690469484 0.16666573146269822 -1.8962266682353228 -0.7856965025941317 0.0012078313531100778 0.61860910858626 -1.2095708993130683 0.6042046163454486 -0.21305366580168644 0.7678169456674804 0.5764101943532114 0.0 0.0 0.0 1.0" />
				<scale value="1" />
			</transform>
		</animation>
	</shape>
	<shape type="ply" name="temp36">
		<string name="filename" value="meshes/Cube_032.ply" />
		<boolean name="face_normals" value="true" />
		<ref id="mat-Material" name="bsdf" />
		<animation name="to_world">
			<transform time="0">
				<matrix value="0.6991841702613528 0.613874177918039 0.36647020638730726 -0.6700635924608735 -0.4638638753109337 -0.0005412819159698221 0.8859063940681793 -0.3525678785338751 0.5440333530132423 -0.7894037207226188 0.284375545186731 -0.12401570039565035 0.0 0.0 0.0 1.0" />
				<scale value="1" />
			</transform>
			<transform time="0.0015">
				<matrix value="0.698679005510685 0.6138470623895873 0.3674344736409099 -0.6704458565843846 -0.46512426599136214 -0.0004641941431211663 0.8852139820120444 -0.3564960803754816 0.5435550118757487 -0.789424731314867 0.28518883000049283 -0.12447275764537456 0.0 0.0 0.0 1.0" />
				<scale value="1" />
			</transform>
		</animation>
	</shape>
	<shape type="ply" name="temp37">
		<string name="filename" value="meshes/Cube_033.ply" />
		<boolean name="face_normals" value="true" />
		<ref id="mat-Material" name="bsdf" />
		<animation name="to_world">
			<transform time="0">
				<matrix value="0.976615924414966 0.16973947849811127 0.1319466068050651 -0.14355119016333928 -0.15010726436854974 0.09898077480638184 0.9837026695179095 0.3003932794721833 0.15391302189434194 -0.9805055243490614 0.1221453254478155 -0.38383600019555486 0.0 0.0 0.0 1.0" />
				<scale value="1" />
			</transform>
			<transform time="0.0015">
				<matrix value="0.9766158765441513 0.16973992754507927 0.13194639489690027 -0.14356244754489145 -0.15010715107428826 0.09898104663748955 0.9837026610075414 0.3003951196966613 0.15391344634889903 -0.9805054192210086 0.12214563437417626 -0.3838639394554399 0.0 0.0 0.0 1.0" />
				<scale value="1" />
			</transform>
		</animation>
	</shape>
	<shape type="ply" name="temp38">
		<string name="filename" value="meshes/Cube_034.ply" />
		<boolean name="face_normals" value="true" />
		<ref id="mat-Material" name="bsdf" />
		<animation name="to_world">
			<transform time="0">
				<matrix value="0.9999184436206068 -0.0011075417741743723 0.012741353722588188 -0.03379625118881213 -0.012339551120779679 0.17835660783900648 0.9838887126430369 0.36940002612025946 -0.0033622016321913665 -0.9839653082976828 0.17832836351550116 -0.37645574880255883 0.0 0.0 0.0 1.0" />
				<scale value="1" />
			</transform>
			<transform time="0.0015">
				<matrix value="0.9999184117067303 -0.0011134380311933715 0.012742603895656934 -0.033797966564821307 -0.012339769730833509 0.17834537115200144 0.9838907466210045 0.3694000979066209 -0.0033680849553188934 -0.9839673357672707 0.1783170506832324 -0.37647722923056004 0.0 0.0 0.0 1.0" />
				<scale value="1" />
			</transform>
		</animation>
	</shape>
	<shape type="ply" name="temp39">
		<string name="filename" value="meshes/Cube_035.ply" />
		<boolean name="face_normals" value="true" />
		<ref id="mat-Material" name="bsdf" />
		<animation name="to_world">
			<transform time="0">
				<matrix value="0.9987819732034106 -0.049214388963399754 0.003630512207218473 0.00897747093059742 0.006511629762404991 0.2043609505593182 0.9788740584964972 0.09132405074874808 -0.0489166298776477 -0.9776577260581992 0.20443245972650953 -0.15568282450465531 0.0 0.0 0.0 1.0" />
				<scale value="1" />
			</transform>
			<transform time="0.0015">
				<matrix value="0.9987813827966959 -0.04922594328730691 0.003633204887674233 0.008974650821220275 0.006511369185603601 0.20436116532091156 0.978874015944657 0.09132279092982 -0.04892848907414452 -0.977657095289883 0.20443261716831873 -0.15571712835224127 0.0 0.0 0.0 1.0" />
				<scale value="1" />
			</transform>
		</animation>
	</shape>
	<shape type="ply" name="temp40">
		<string name="filename" value="meshes/Cube_036.ply" />
		<boolean name="face_normals" value="true" />
		<ref id="mat-Material" name="bsdf" />
		<animation name="to_world">
			<transform time="0">
				<matrix value="0.9987846326505646 -0.049153711857795726 0.003701619922641992 0.0028081658710465973 0.00657378547480883 0.20724689887635764 0.978266758892365 -0.23952211120966602 -0.04885258152535251 -0.9770530408428465 0.20731811388676 0.18206538221069254 0.0 0.0 0.0 1.0" />
				<scale value="1" />
			</transform>
			<transform time="0.0015">
				<matrix value="0.998783914588344 -0.049167915408631094 0.003705982337312101 0.002810512577050232 0.006572267650843844 0.20724299637285823 0.9782675929084353 -0.23952657527430662 -0.04886740711666736 -0.9770531534800458 0.20731408592955483 0.18202911310116576 0.0 0.0 0.0 1.0" />
				<scale value="1" />
			</transform>
		</animation>
	</shape>
	<shape type="ply" name="temp41">
		<string name="filename" value="meshes/Cube_037.ply" />
		<boolean name="face_normals" value="true" />
		<ref id="mat-Material" name="bsdf" />
		<animation name="to_world">
			<transform time="0">
				<matrix value="0.9987638003145239 -0.0495709008537346 0.0037414525358363503 -0.005717087900080298 0.006623441785588278 0.20728590409721687 0.9782580122651354 -0.5704492285789076 -0.0492686963567347 -0.9770236304891505 0.20735799377902048 0.5188845298772278 0.0 0.0 0.0 1.0" />
				<scale value="1" />
			</transform>
			<transform time="0.0015">
