<scene version="2.1.0">
	<default name="spp" value="1024" />
	<default name="resx" value="640" />
	<default name="resy" value="360" />
	<integrator type="path" name="temp0">
		<integer name="max_depth" value="12" />
	</integrator>
	<sensor type="perspective" name="temp44">
		<string name="fov_axis" value="x" />
		<float name="fov" value="83.974423" />
		<float name="principal_point_offset_x" value="0.000000" />
		<float name="principal_point_offset_y" value="-0.000000" />
		<float name="near_clip" value="0.100000" />
		<float name="far_clip" value="1000.000000" />
		<transform name="to_world">
			<rotate x="1" angle="-142.5518126578256" />
			<rotate y="1" angle="3.976628485794621e-06" />
			<rotate z="1" angle="-179.999991348578" />
			<translate value="-0.000000 3.030926 4.073377" />
		</transform>
		<sampler type="independent" name="sampler">
			<integer name="sample_count" value="$spp" />
		</sampler>
		<film type="hdrfilm" name="film">
			<integer name="width" value="$resx" />
			<integer name="height" value="$resy" />
		</film>
		<float name="shutter_open" value="0.0" />
		<float name="shutter_close" value="0.0015" />
	</sensor>
	<bsdf type="twosided" id="mat-Material" name="mat-Material">
		<bsdf type="diffuse" name="bsdf">
			<texture type="bitmap" name="reflectance">
				<string name="filename" value="textures/siggraph_2023_logo.jpg" />
			</texture>
		</bsdf>
	</bsdf>
	<bsdf type="twosided" id="mat-Material.001" name="mat-Material.001">
		<bsdf type="principled" name="bsdf">
			<rgb value="0.433648 0.266232 0.084399" name="base_color" />
			<float name="spec_tint" value="0.000000" />
			<float name="spec_trans" value="0.000000" />
			<float name="metallic" value="0.000000" />
			<float name="anisotropic" value="0.000000" />
			<float name="roughness" value="0.500000" />
			<float name="sheen" value="0.000000" />
			<float name="sheen_tint" value="0.500000" />
			<float name="clearcoat" value="0.000000" />
			<float name="clearcoat_gloss" value="0.173205" />
			<float name="specular" value="0.500000" />
		</bsdf>
	</bsdf>
	<bsdf type="twosided" id="mat-Material.002" name="mat-Material.002">
		<bsdf type="principled" name="bsdf">
			<rgb value="0.433648 0.266232 0.084399" name="base_color" />
			<float name="spec_tint" value="0.000000" />
			<float name="spec_trans" value="0.000000" />
			<float name="metallic" value="0.000000" />
			<float name="anisotropic" value="0.000000" />
			<float name="roughness" value="0.500000" />
			<float name="sheen" value="0.000000" />
			<float name="sheen_tint" value="0.500000" />
			<float name="clearcoat" value="0.000000" />
			<float name="clearcoat_gloss" value="0.173205" />
			<float name="specular" value="0.500000" />
		</bsdf>
	</bsdf>
	<bsdf type="twosided" id="mat-Material.003" name="mat-Material.003">
		<bsdf type="principled" name="bsdf">
			<rgb value="0.433648 0.266232 0.084399" name="base_color" />
			<float name="spec_tint" value="0.000000" />
			<float name="spec_trans" value="0.000000" />
			<float name="metallic" value="0.000000" />
			<float name="anisotropic" value="0.000000" />
			<float name="roughness" value="0.500000" />
			<float name="sheen" value="0.000000" />
			<float name="sheen_tint" value="0.500000" />
			<float name="clearcoat" value="0.000000" />
			<float name="clearcoat_gloss" value="0.173205" />
			<float name="specular" value="0.500000" />
		</bsdf>
	</bsdf>
	<bsdf type="twosided" id="mat-Material.004" name="mat-Material.004">
		<bsdf type="principled" name="bsdf">
			<rgb value="0.433648 0.266232 0.084399" name="base_color" />
			<float name="spec_tint" value="0.000000" />
			<float name="spec_trans" value="0.000000" />
			<float name="metallic" value="0.000000" />
			<float name="anisotropic" value="0.000000" />
			<float name="roughness" value="0.500000" />
			<float name="sheen" value="0.000000" />
			<float name="sheen_tint" value="0.500000" />
			<float name="clearcoat" value="0.000000" />
			<float name="clearcoat_gloss" value="0.173205" />
			<float name="specular" value="0.500000" />
		</bsdf>
	</bsdf>
	<bsdf type="twosided" id="mat-Material.005" name="mat-Material.005">
		<bsdf type="principled" name="bsdf">
			<rgb value="0.433648 0.266232 0.084399" name="base_color" />
			<float name="spec_tint" value="0.000000" />
			<float name="spec_trans" value="0.000000" />
			<float name="metallic" value="0.000000" />
			<float name="anisotropic" value="0.000000" />
			<float name="roughness" value="0.500000" />
			<float name="sheen" value="0.000000" />
			<float name="sheen_tint" value="0.500000" />
			<float name="clearcoat" value="0.000000" />
			<float name="clearcoat_gloss" value="0.173205" />
			<float name="specular" value="0.500000" />
		</bsdf>
	</bsdf>
	<emitter type="point" name="temp45">
		<point name="position" x="-6.815235034541981e-16" y="3.0693089962005615" z="4.109199523925781" />
		<rgb value="7.957747 7.957747 7.957747" name="intensity" />
	</emitter>
	<shape type="ply" name="temp2">
		<string name="filename" value="meshes/Cube.ply" />
		<boolean name="face_normals" value="true" />
		<ref id="mat-Material" name="bsdf" />
		<transform name="to_world">
			<matrix value="0.9424012502947554 -0.32773980388925855 -0.06683278954527466 0.37991521712536125 -0.09467024628253612 -0.06971403124172183 -0.9930648701882322 1.667878629124457 0.32080773615447483 0.9421923854299857 -0.09672580647448988 1.8656362740530723 0.0 0.0 0.0 1.0" />
			<scale value="1" />
		</transform>
	</shape>
	<shape type="ply" name="temp4">
		<string name="filename" value="meshes/Plane.ply" />
		<boolean name="face_normals" value="true" />
		<ref id="mat-Material.001" name="bsdf" />
		<transform name="to_world">
			<scale value="1" />
		</transform>
	</shape>
	<shape type="ply" name="temp5">
		<string name="filename" value="meshes/Cube_001.ply" />
		<boolean name="face_normals" value="true" />
		<ref id="mat-Material" name="bsdf" />
		<transform name="to_world">
			<matrix value="0.9983750777888293 -0.0167450685511542 -0.05446772990982464 0.03778282446748493 -0.05447385497502779 8.970679337453564e-05 -0.9985152009289391 1.1726759220126268 0.01672509472064281 0.9998598315057893 -0.0008226084711793905 1.097006983311557 0.0 0.0 0.0 1.0" />
			<scale value="1" />
		</transform>
	</shape>
	<shape type="ply" name="temp6">
		<string name="filename" value="meshes/Cube_002.ply" />
		<boolean name="face_normals" value="true" />
		<ref id="mat-Material" name="bsdf" />
		<transform name="to_world">
			<matrix value="0.9997318390786257 -0.022715952300995157 0.004556496356438771 -0.04513647714840552 0.009374892514010854 0.21678329992511836 -0.9761748966125021 0.6590444289362194 0.021186960021417414 0.9759554714729999 0.21693800910689373 0.5459234346354377 0.0 0.0 0.0 1.0" />
			<scale value="1" />
		</transform>
	</shape>
	<shape type="ply" name="temp7">
		<string name="filename" value="meshes/Cube_003.ply" />
		<boolean name="face_normals" value="true" />
		<ref id="mat-Material" name="bsdf" />
		<transform name="to_world">
			<matrix value="0.9952896758488512 -0.05615456496663698 0.07902610797309442 -0.07855786340453541 0.0894442996523216 0.21749165142264765 -0.9719554763578666 0.1348379314782216 0.03739221703925521 0.9744453228151341 0.22149001395205242 0.1938576133779243 0.0 0.0 0.0 1.0" />
			<scale value="1" />
		</transform>
	</shape>
	<shape type="ply" name="temp8">
		<string name="filename" value="meshes/Cube_004.ply" />
		<boolean name="face_normals" value="true" />
		<ref id="mat-Material" name="bsdf" />
		<transform name="to_world">
			<matrix value="0.9750060724043352 -0.18502823185370748 0.1229957576493983 0.058602743883994446 0.16297287186606316 0.21934492087363353 -0.9619396425986276 -0.3790305622881341 0.15100748723022125 0.957941734126231 0.24401718877727352 -0.3914733199407444 0.0 0.0 0.0 1.0" />
			<scale value="1" />
		</transform>
	</shape>
	<shape type="ply" name="temp9">
		<string name="filename" value="meshes/Cube_005.ply" />
		<boolean name="face_normals" value="true" />
		<ref id="mat-Material" name="bsdf" />
		<transform name="to_world">
			<matrix value="0.9706725032666876 -0.22599353806554964 0.08198643941825946 0.13289920800654942 0.13250819552964663 0.2183944032722669 -0.9668223881507313 -0.6343980225272584 0.20059021997173895 0.9493318009357082 0.24193549149662355 -0.8239851233667471 0.0 0.0 0.0 1.0" />
			<scale value="1" />
		</transform>
	</shape>
	<shape type="ply" name="temp10">
		<string name="filename" value="meshes/Cube_006.ply" />
		<boolean name="face_normals" value="true" />
		<ref id="mat-Material" name="bsdf" />
		<transform name="to_world">
			<matrix value="0.9876180572915836 -0.14211178854581444 -0.06644682688911782 0.03412009459925258 -0.034119341804559 0.2188397302590823 -0.975164306574485 -0.5425320130066182 0.15312356500663976 0.9653566891867934 0.21128118704496854 -1.0412972602007553 0.0 0.0 0.0 1.0" />
			<scale value="1" />
		</transform>
	</shape>
	<shape type="ply" name="temp11">
		<string name="filename" value="meshes/Cube_007.ply" />
		<boolean name="face_normals" value="true" />
		<ref id="mat-Material" name="bsdf" />
		<transform name="to_world">
			<matrix value="0.9248085641290221 -0.24748332891830388 -0.28893135599671127 0.1788370726353663 -0.24161906256260782 0.20453962367262313 -0.9485693590991636 -0.3145789921911119 0.29385304249619254 0.9470561487454712 0.12936330227256287 -1.8048105822832663 0.0 0.0 0.0 1.0" />
			<scale value="1" />
		</transform>
	</shape>
	<shape type="ply" name="temp12">
		<string name="filename" value="meshes/Cube_008.ply" />
		<boolean name="face_normals" value="true" />
		<ref id="mat-Material" name="bsdf" />
		<transform name="to_world">
			<matrix value="0.30774453173340993 0.8905582335432385 -0.33496154557158264 1.7827743472249373 -0.5979332549682905 -0.09282931774236947 -0.7961525241584207 0.48189282157932906 -0.7401148349281153 0.4452961163732237 0.5039265264401085 0.9841100669612688 0.0 0.0 0.0 1.0" />
			<scale value="1" />
		</transform>
	</shape>
	<shape type="ply" name="temp13">
		<string name="filename" value="meshes/Cube_009.ply" />
		<boolean name="face_normals" value="true" />
		<ref id="mat-Material" name="bsdf" />
		<transform name="to_world">
			<matrix value="-0.0753252947110688 0.9907568055767038 0.11281449443785427 2.619049093668665 -0.8312088782983793 0.00011032449423577927 -0.5559602118291278 0.9217711364552535 -0.5508340026275338 -0.13565027126358142 0.8235176476206101 0.9364717112530034 0.0 0.0 0.0 1.0" />
			<scale value="1" />
		</transform>
	</shape>
	<shape type="ply" name="temp14">
		<string name="filename" value="meshes/Cube_010.ply" />
		<boolean name="face_normals" value="true" />
		<ref id="mat-Material" name="bsdf" />
		<transform name="to_world">
			<matrix value="0.02349203584225578 0.9928188676805244 0.11729792099762612 1.945977860801147 -0.9925127697787517 0.009094350917665611 0.1218018193930219 2.0444652391865747 0.1198603967540561 -0.11928103157337049 0.9855990328594237 -0.3720092237980872 0.0 0.0 0.0 1.0" />
			<scale value="1" />
		</transform>
	</shape>
	<shape type="ply" name="temp15">
		<string name="filename" value="meshes/Cube_011.ply" />
		<boolean name="face_normals" value="true" />
		<ref id="mat-Material" name="bsdf" />
		<transform name="to_world">
			<matrix value="0.0668069525040468 0.9751177978528357 0.2113818205371753 1.6779181341689886 -0.9402519737530295 -0.009361638886745108 0.34035135910767383 2.052613933507978 0.33386145521402344 -0.22148999943682302 0.9162309506732775 -0.8670155328630655 0.0 0.0 0.0 1.0" />
			<scale value="1" />
		</transform>
	</shape>
	<shape type="ply" name="temp16">
		<string name="filename" value="meshes/Cube_012.ply" />
		<boolean name="face_normals" value="true" />
		<ref id="mat-Material" name="bsdf" />
		<transform name="to_world">
			<matrix value="0.09146574543417248 0.9907762038950989 0.0999813247688881 1.0953637475458573 -0.7382749407386526 9.026725876730987e-05 0.6745001775328933 1.8463867160169602 0.6682698700594121 -0.13550734945966297 0.731473579748674 -1.8370860965116882 0.0 0.0 0.0 1.0" />
			<scale value="1" />
		</transform>
	</shape>
	<shape type="ply" name="temp17">
		<string name="filename" value="meshes/Cube_013.ply" />
		<boolean name="face_normals" value="true" />
		<ref id="mat-Material" name="bsdf" />
		<transform name="to_world">
			<matrix value="0.9067287558928916 0.16637754133614782 0.38750702685120003 0.6723234850692632 -0.40964506131798656 0.12922598623762316 0.9030457647176187 1.4722962741305436 0.10017055921081792 -0.9775576057051916 0.18532866751989618 -1.3917450442806722 0.0 0.0 0.0 1.0" />
			<scale value="1" />
		</transform>
	</shape>
	<shape type="ply" name="temp18">
		<string name="filename" value="meshes/Cube_014.ply" />
		<boolean name="face_normals" value="true" />
		<ref id="mat-Material" name="bsdf" />
		<transform name="to_world">
			<matrix value="0.9400432071514306 0.29539488092978433 0.17047304124011098 0.1127015756507368 -0.2162987321528934 0.1299020489213075 0.967646935063621 1.025802318849505 0.2636931831277581 -0.9465025666269662 0.18600705119991906 -0.8662840288905436 0.0 0.0 0.0 1.0" />
			<scale value="1" />
		</transform>
	</shape>
	<shape type="ply" name="temp19">
		<string name="filename" value="meshes/Cube_015.ply" />
		<boolean name="face_normals" value="true" />
		<ref id="mat-Material" name="bsdf" />
		<transform name="to_world">
			<matrix value="0.9833039907663995 0.1282048837873861 0.12914094882466606 0.014052333944649553 -0.14989473021681587 0.16826846021154598 0.9742780604803271 0.6400352641231384 0.10317684259796074 -0.9773684199548207 0.18467626368669865 -0.2929794400861972 0.0 0.0 0.0 1.0" />
			<scale value="1" />
		</transform>
	</shape>
	<shape type="ply" name="temp20">
		<string name="filename" value="meshes/Cube_016.ply" />
		<boolean name="face_normals" value="true" />
		<ref id="mat-Material" name="bsdf" />
		<transform name="to_world">
			<matrix value="0.9850286422458499 0.023167557668280412 0.17082900532882353 0.030541054162177672 -0.172284748779757 0.1673749903529868 0.970723147499812 0.32627558646274335 -0.006103209598122076 -0.9856210486355473 0.16886054141149762 0.2072578372501277 0.0 0.0 0.0 1.0" />
			<scale value="1" />
		</transform>
	</shape>
	<shape type="ply" name="temp21">
		<string name="filename" value="meshes/Cube_017.ply" />
		<boolean name="face_normals" value="true" />
		<ref id="mat-Material" name="bsdf" />
		<transform name="to_world">
			<matrix value="0.9395432310864551 -0.1613358140931912 0.3020423138185836 0.2213975116981819 -0.2827721456596936 0.13192992409625737 0.9500707058433616 0.15240127374989354 -0.19312887503612416 -0.9780415207447286 0.07833259499191764 0.47495202114801266 0.0 0.0 0.0 1.0" />
			<scale value="1" />
		</transform>
	</shape>
	<shape type="ply" name="temp22">
		<string name="filename" value="meshes/Cube_018.ply" />
		<boolean name="face_normals" value="true" />
		<ref id="mat-Material" name="bsdf" />
		<transform name="to_world">
			<matrix value="0.21091822731890494 0.9557403378644747 0.20511951911516285 0.853577409785271 -0.5970135294941554 -0.04020497556437635 0.801223203998296 0.01243704225149718 0.7740081591838688 -0.2914515991097632 0.5621097999575434 -0.1503339635324077 0.0 0.0 0.0 1.0" />
			<scale value="1" />
		</transform>
	</shape>
	<shape type="ply" name="temp23">
		<string name="filename" value="meshes/Cube_019.ply" />
		<boolean name="face_normals" value="true" />
		<ref id="mat-Material" name="bsdf" />
		<transform name="to_world">
			<matrix value="-0.08215865552535606 0.9832256691898387 -0.16284141986600167 0.5104872704099939 -0.9134828651819861 -0.008960291850829017 0.40677939256801443 -0.046443422832967145 0.3984967918202498 0.18217321655406604 0.8988956082948284 -0.054704004697922914 0.0 0.0 0.0 1.0" />
			<scale value="1" />
		</transform>
	</shape>
	<shape type="ply" name="temp24">
		<string name="filename" value="meshes/Cube_020.ply" />
		<boolean name="face_normals" value="true" />
		<ref id="mat-Material" name="bsdf" />
		<transform name="to_world">
			<matrix value="0.09908076250668081 0.9399530439360224 -0.32660567975228205 0.1435049881683346 -0.9616988876816778 0.006152659125712744 -0.27403892374049105 0.13953483892610047 -0.255574101863578 0.34124844088376105 0.9045615313673802 0.11908346553675608 0.0 0.0 0.0 1.0" />
			<scale value="1" />
		</transform>
	</shape>
	<shape type="ply" name="temp25">
		<string name="filename" value="meshes/Cube_021.ply" />
		<boolean name="face_normals" value="true" />
		<ref id="mat-Material" name="bsdf" />
		<transform name="to_world">
			<matrix value="0.18845081884377876 0.941306111721799 -0.2800518745913316 -0.17470050435526707 -0.7963953853272983 -0.02038786833339243 -0.6044328379590383 0.09149300654751841 -0.5746661950580381 0.3369377355696327 0.7458095381733544 0.31454796731494494 0.0 0.0 0.0 1.0" />
			<scale value="1" />
		</transform>
	</shape>
	<shape type="ply" name="temp26">
		<string name="filename" value="meshes/Cube_022.ply" />
		<boolean name="face_normals" value="true" />
		<ref id="mat-Material" name="bsdf" />
		<transform name="to_world">
			<matrix value="0.6372647054130388 0.40208083467000955 -0.6574381081565371 -0.08718973527126095 -0.7116286099778911 -0.020385972304207352 -0.7022600811970682 -0.19534685233961585 -0.29576788877128224 0.915377026133498 0.2731410934986083 0.6929409345722491 0.0 0.0 0.0 1.0" />
			<scale value="1" />
		</transform>
	</shape>
	<shape type="ply" name="temp27">
		<string name="filename" value="meshes/Cube_023.ply" />
		<boolean name="face_normals" value="true" />
		<ref id="mat-Material" name="bsdf" />
		<transform name="to_world">
			<matrix value="0.8558358021867748 0.28655946836092555 -0.43061466095472506 -0.06640288288284646 -0.4804672471353322 0.13210396664323573 -0.86700635099695 -0.2871576399203709 -0.19156294822765577 0.9489110868690072 0.25074169034953886 0.2092943338212302 0.0 0.0 0.0 1.0" />
			<scale value="1" />
		</transform>
	</shape>
	<shape type="ply" name="temp28">
		<string name="filename" value="meshes/Cube_024.ply" />
		<boolean name="face_normals" value="true" />
		<ref id="mat-Material" name="bsdf" />
		<transform name="to_world">
			<matrix value="0.8517566534935384 0.45339481001120097 -0.2625713854799369 -0.19677113421127845 -0.3741487552900836 0.17553112804350232 -0.9106052145973171 -0.5094634552500223 -0.36677424130405106 0.8738546127323887 0.3191469343544351 -0.3579388606322393 0.0 0.0 0.0 1.0" />
			<scale value="1" />
		</transform>
	</shape>
	<shape type="ply" name="temp29">
		<string name="filename" value="meshes/Cube_025.ply" />
		<boolean name="face_normals" value="true" />
		<ref id="mat-Material" name="bsdf" />
		<transform name="to_world">
			<matrix value="0.90322848019687 0.3536010996552105 -0.24319784256165544 -0.25948222195712745 -0.3211243876622928 0.1809185625220317 -0.929595560684809 -0.7933020902134459 -0.28470702643667767 0.9177334003583475 0.2769607692493172 -0.6924388080579684 0.0 0.0 0.0 1.0" />
			<scale value="1" />
		</transform>
	</shape>
	<shape type="ply" name="temp30">
		<string name="filename" value="meshes/Cube_026.ply" />
		<boolean name="face_normals" value="true" />
		<ref id="mat-Material" name="bsdf" />
		<transform name="to_world">
			<matrix value="0.9234766243459976 0.2307046178426984 -0.30653926219126176 -0.33420180288211543 -0.35092894489093607 0.18504690012786204 -0.9179360701923927 -1.1490393763110172 -0.15504794096736504 0.9552660176921007 0.2518475477057597 -0.8905109380162421 0.0 0.0 0.0 1.0" />
			<scale value="1" />
		</transform>
	</shape>
	<shape type="ply" name="temp31">
		<string name="filename" value="meshes/Cube_027.ply" />
		<boolean name="face_normals" value="true" />
		<ref id="mat-Material" name="bsdf" />
		<transform name="to_world">
			<matrix value="0.8718554253608427 0.17286081393675315 -0.4582443107917778 -0.6051614347243836 -0.48546080240839534 0.1812602023682635 -0.8552617581855428 -1.5854363736844663 -0.06477978891081455 0.9681239740271118 0.2419499116117859 -1.0312984855330873 0.0 0.0 0.0 1.0" />
			<scale value="1" />
		</transform>
	</shape>
	<shape type="ply" name="temp32">
		<string name="filename" value="meshes/Cube_028.ply" />
		<boolean name="face_normals" value="true" />
		<ref id="mat-Material" name="bsdf" />
		<transform name="to_world">
			<matrix value="-0.105405459313118 0.9846630220077052 0.13902638691958447 -1.4867607707143318 -0.7970487228448284 -5.402056221749896e-05 -0.6039148957898465 -2.122111693292724 -0.5946452918034066 -0.17446672354058942 0.7848303698026713 -1.3614115542976017 0.0 0.0 0.0 1.0" />
			<scale value="1" />
		</transform>
	</shape>
	<shape type="ply" name="temp33">
		<string name="filename" value="meshes/Cube_029.ply" />
		<boolean name="face_normals" value="true" />
		<ref id="mat-Material" name="bsdf" />
		<transform name="to_world">
			<matrix value="0.002181774985949254 0.9760432853659504 0.21756535503505506 -1.5682896382746685 -0.9986667304933984 -0.009095900697296542 0.05082085914573347 -1.822082925246264 0.0515823267325855 -0.21738610788385207 0.9747220109110628 -0.12425383043227711 0.0 0.0 0.0 1.0" />
			<scale value="1" />
		</transform>
	</shape>
	<shape type="ply" name="temp34">
		<string name="filename" value="meshes/Cube_030.ply" />
		<boolean name="face_normals" value="true" />
		<ref id="mat-Material" name="bsdf" />
		<transform name="to_world">
			<matrix value="-0.041774937401833266 0.9784450936091508 -0.20223736227474437 -3.227412281932601 -0.9758052270967845 0.003523178491000213 0.21861175284796874 -1.9228922072786638 0.21461206415731932 0.20647680331067747 0.9546251297351069 0.24032829681930012 0.0 0.0 0.0 1.0" />
			<scale value="1" />
		</transform>
	</shape>
	<shape type="ply" name="temp35">
		<string name="filename" value="meshes/Cube_031.ply" />
		<boolean name="face_normals" value="true" />
		<ref id="mat-Material" name="bsdf" />
		<transform name="to_world">
			<matrix value="0.1371320433241671 0.9760497514720821 0.16888302260743104 -1.880146290901633 -0.7786816943160523 0.0008420059112725089 0.6274187379231536 -1.1821212971014698 0.6122499454813334 -0.21754525752832052 0.7601476241560096 0.5858651448800507 0.0 0.0 0.0 1.0" />
			<scale value="1" />
		</transform>
	</shape>
	<shape type="ply" name="temp36">
		<string name="filename" value="meshes/Cube_032.ply" />
		<boolean name="face_normals" value="true" />
		<ref id="mat-Material" name="bsdf" />
		<transform name="to_world">
			<matrix value="0.7328102200781168 0.610197257953832 0.30107900284667255 -0.6449373897530393 -0.37819235603969314 -0.0025771646333196366 0.9257236415660528 -0.05442924052229316 0.5656497827231675 -0.7922452614914178 0.22888334883298717 -0.12683791012914725 0.0 0.0 0.0 1.0" />
			<scale value="1" />
		</transform>
	</shape>
	<shape type="ply" name="temp37">
		<string name="filename" value="meshes/Cube_033.ply" />
		<boolean name="face_normals" value="true" />
		<ref id="mat-Material" name="bsdf" />
		<transform name="to_world">
			<matrix value="0.9763836660301723 0.1716924511339673 0.13113735467006069 -0.1478150405759675 -0.14953566052688969 0.09897009530206102 0.9837908449761974 0.30216701956233377 0.15593078877429628 -0.9801665752373165 0.12230690165623295 -0.38595630614658016 0.0 0.0 0.0 1.0" />
			<scale value="1" />
		</transform>
	</shape>
	<shape type="ply" name="temp38">
		<string name="filename" value="meshes/Cube_034.ply" />
		<boolean name="face_normals" value="true" />
		<ref id="mat-Material" name="bsdf" />
		<transform name="to_world">
			<matrix value="0.9999175571382221 -0.0013985228076249993 0.012763385767393614 -0.03345382169459343 -0.012313856428858903 0.1771379971340549 0.9841090330910912 0.3695891810076997 -0.0036371840355160306 -0.9841849473220935 0.1771061996566594 -0.38275020515767844 0.0 0.0 0.0 1.0" />
			<scale value="1" />
		</transform>
	</shape>
	<shape type="ply" name="temp39">
		<string name="filename" value="meshes/Cube_035.ply" />
		<boolean name="face_normals" value="true" />
		<ref id="mat-Material" name="bsdf" />
		<transform name="to_world">
			<matrix value="0.9986609683578977 -0.05157672869261592 0.004058387755478344 0.008097438765576115 0.006449048538456493 0.20193415835285333 0.9793778169458575 0.09116154484777157 -0.05133264896893234 -0.9780400606562473 0.20199638220586158 -0.16321658669957 0.0 0.0 0.0 1.0" />
			<scale value="1" />
		</transform>
	</shape>
	<shape type="ply" name="temp40">
		<string name="filename" value="meshes/Cube_036.ply" />
		<boolean name="face_normals" value="true" />
		<ref id="mat-Material" name="bsdf" />
		<transform name="to_world">
			<matrix value="0.9986232928565477 -0.05228510104855212 0.0042512154265919215 0.0027765702758095756 0.006593181709386253 0.2054983386278923 0.9786352992126617 -0.23958223617333474 -0.05204170190434146 -0.9772597476549937 0.20556013637173828 0.17659643529936997 0.0 0.0 0.0 1.0" />
			<scale value="1" />
		</transform>
	</shape>
	<shape type="ply" name="temp41">
		<string name="filename" value="meshes/Cube_037.ply" />
		<boolean name="face_normals" value="true" />
		<ref id="mat-Material" name="bsdf" />
		<transform name="to_world">
			<matrix value="0.9986583089107437 -0.051616672541784606 0.004160723294064917 -0.0075557813255326955 0.006546796518606379 0.20554994232650498 0.9786248978181183 -0.5708929268208879 -0.05136859582963227 -0.9772845691591768 0.20561211970492188 0.520644334838646 0.0 0.0 0.0 1.0" />
			<scale value="1" />
		</transform>
	</shape>
	<shape type="ply" name="temp42">
		<string name="filename" value="meshes/Cube_038.ply" />
		<boolean name="face_normals" value="true" />
		<ref id="mat-Material" name="bsdf" />
		<transform name="to_world">
			<matrix value="0.9988817024716902 -0.04707771633818152 0.004384305997680489 0.01054137241858033 0.005396563462387439 0.20564002978580503 0.9786128416562613 -0.9051996226444439 -0.04697244103562418 -0.9774946133164241 0.20566412667763856 0.8734795023371063 0.0 0.0 0.0 1.0" />
			<scale value="1" />
		</transform>
	</shape>
	<shape type="ply" name="temp43">
		<string name="filename" value="meshes/Cube_039.ply" />
		<boolean name="face_normals" value="true" />
		<ref id="mat-Material" name="bsdf" />
		<transform name="to_world">
			<matrix value="0.9999171978587326 -0.012471247088865002 -0.0032066856120255226 0.023196984041693902 0.008291346086666089 0.4330219082005051 0.9013452454990354 -1.3192376523990272 -0.009852344296827261 -0.9012972246322841 0.43308941218761315 1.4807715515042825 0.0 0.0 0.0 1.0" />
			<scale value="1" />
		</transform>
	</shape>
	<shape type="ply" name="temp47">
		<string name="filename" value="meshes/Plane_001.ply" />
		<boolean name="face_normals" value="true" />
		<ref id="mat-Material.002" name="bsdf" />
		<transform name="to_world">
			<scale value="1" />
		</transform>
	</shape>
	<shape type="ply" name="temp49">
		<string name="filename" value="meshes/Plane_002.ply" />
		<boolean name="face_normals" value="true" />
		<ref id="mat-Material.003" name="bsdf" />
		<transform name="to_world">
			<scale value="1" />
		</transform>
	</shape>
	<shape type="ply" name="temp51">
		<string name="filename" value="meshes/Plane_003.ply" />
		<boolean name="face_normals" value="true" />
		<ref id="mat-Material.004" name="bsdf" />
		<transform name="to_world">
			<scale value="1" />
		</transform>
	</shape>
	<shape type="ply" name="temp53">
		<string name="filename" value="meshes/Plane_004.ply" />
		<boolean name="face_normals" value="true" />
		<ref id="mat-Material.005" name="bsdf" />
		<transform name="to_world">
			<scale value="1" />
		</transform>
	</shape>
	<emitter type="point">
		<transform name="to_world">
			<rotate x="1" angle="-142.5518126578256" />
			<rotate y="1" angle="3.976628485794621e-06" />
			<rotate z="1" angle="-179.999991348578" />
			<translate value="-0.000000 3.030926 4.073377" />
		</transform>
		<rgb name="intensity" value="100" />
	</emitter>
</scene>