<scene version="2.1.0">
	<default name="spp" value="1024" />
	<default name="resx" value="1280" />
	<default name="resy" value="720" />
	<integrator type="path" name="temp0">
		<integer name="max_depth" value="12" />
	</integrator>
	<sensor type="perspective" name="temp44">
		<string name="fov_axis" value="x" />
		<float name="fov" value="83.974423" />
		<float name="principal_point_offset_x" value="0.000000" />
		<float name="principal_point_offset_y" value="-0.000000" />
		<float name="near_clip" value="0.100000" />
		<float name="far_clip" value="1000.000000" />
		<transform name="to_world">
			<rotate x="1" angle="-142.5518126578256" />
			<rotate y="1" angle="3.976628485794621e-06" />
			<rotate z="1" angle="-179.999991348578" />
			<translate value="-0.000000 3.030926 4.073377" />
		</transform>
		<sampler type="independent" name="sampler">
			<integer name="sample_count" value="$spp" />
		</sampler>
		<film type="hdrfilm" name="film">
			<integer name="width" value="$resx" />
			<integer name="height" value="$resy" />
		</film>
		<float name="shutter_open" value="0.0" />
		<float name="shutter_close" value="0.0015" />
	</sensor>
	<bsdf type="twosided" id="mat-Material" name="mat-Material">
		<bsdf type="diffuse" name="bsdf">
			<texture type="bitmap" name="reflectance">
				<string name="filename" value="textures/siggraph_2023_logo.jpg" />
			</texture>
		</bsdf>
	</bsdf>
	<bsdf type="twosided" id="mat-Material.001" name="mat-Material.001">
		<bsdf type="principled" name="bsdf">
			<rgb value="0.433648 0.266232 0.084399" name="base_color" />
			<float name="spec_tint" value="0.000000" />
			<float name="spec_trans" value="0.000000" />
			<float name="metallic" value="0.000000" />
			<float name="anisotropic" value="0.000000" />
			<float name="roughness" value="0.500000" />
			<float name="sheen" value="0.000000" />
			<float name="sheen_tint" value="0.500000" />
			<float name="clearcoat" value="0.000000" />
			<float name="clearcoat_gloss" value="0.173205" />
			<float name="specular" value="0.500000" />
		</bsdf>
	</bsdf>
	<bsdf type="twosided" id="mat-Material.002" name="mat-Material.002">
		<bsdf type="principled" name="bsdf">
			<rgb value="0.433648 0.266232 0.084399" name="base_color" />
			<float name="spec_tint" value="0.000000" />
			<float name="spec_trans" value="0.000000" />
			<float name="metallic" value="0.000000" />
			<float name="anisotropic" value="0.000000" />
			<float name="roughness" value="0.500000" />
			<float name="sheen" value="0.000000" />
			<float name="sheen_tint" value="0.500000" />
			<float name="clearcoat" value="0.000000" />
			<float name="clearcoat_gloss" value="0.173205" />
			<float name="specular" value="0.500000" />
		</bsdf>
	</bsdf>
	<bsdf type="twosided" id="mat-Material.003" name="mat-Material.003">
		<bsdf type="principled" name="bsdf">
			<rgb value="0.433648 0.266232 0.084399" name="base_color" />
			<float name="spec_tint" value="0.000000" />
			<float name="spec_trans" value="0.000000" />
			<float name="metallic" value="0.000000" />
			<float name="anisotropic" value="0.000000" />
			<float name="roughness" value="0.500000" />
			<float name="sheen" value="0.000000" />
			<float name="sheen_tint" value="0.500000" />
			<float name="clearcoat" value="0.000000" />
			<float name="clearcoat_gloss" value="0.173205" />
			<float name="specular" value="0.500000" />
		</bsdf>
	</bsdf>
	<bsdf type="twosided" id="mat-Material.004" name="mat-Material.004">
		<bsdf type="principled" name="bsdf">
			<rgb value="0.433648 0.266232 0.084399" name="base_color" />
			<float name="spec_tint" value="0.000000" />
			<float name="spec_trans" value="0.000000" />
			<float name="metallic" value="0.000000" />
			<float name="anisotropic" value="0.000000" />
			<float name="roughness" value="0.500000" />
			<float name="sheen" value="0.000000" />
			<float name="sheen_tint" value="0.500000" />
			<float name="clearcoat" value="0.000000" />
			<float name="clearcoat_gloss" value="0.173205" />
			<float name="specular" value="0.500000" />
		</bsdf>
	</bsdf>
	<bsdf type="twosided" id="mat-Material.005" name="mat-Material.005">
		<bsdf type="principled" name="bsdf">
			<rgb value="0.433648 0.266232 0.084399" name="base_color" />
			<float name="spec_tint" value="0.000000" />
			<float name="spec_trans" value="0.000000" />
			<float name="metallic" value="0.000000" />
			<float name="anisotropic" value="0.000000" />
			<float name="roughness" value="0.500000" />
			<float name="sheen" value="0.000000" />
			<float name="sheen_tint" value="0.500000" />
			<float name="clearcoat" value="0.000000" />
			<float name="clearcoat_gloss" value="0.173205" />
			<float name="specular" value="0.500000" />
		</bsdf>
	</bsdf>
	<emitter type="point" name="temp45">
		<point name="position" x="-6.815235034541981e-16" y="3.0693089962005615" z="4.109199523925781" />
		<rgb value="7.957747 7.957747 7.957747" name="intensity" />
	</emitter>
	<shape type="ply" name="temp2">
		<string name="filename" value="meshes/Cube.ply" />
		<boolean name="face_normals" value="true" />
		<ref id="mat-Material" name="bsdf" />
		<transform name="to_world">
			<matrix value="0.9778787185719833 -0.14543372971259202 -0.14997924448997946 0.2966165656205062 -0.20880370088665967 -0.6692588799452677 -0.7109557652329604 2.160413402293065 0.0035391412999732285 0.7265620339449714 -0.6849339582365097 3.6630798379270866 0.0 0.0 0.0 1.0" />
		</transform>
	</shape>
	<shape type="ply" name="temp4">
		<string name="filename" value="meshes/Plane.ply" />
		<boolean name="face_normals" value="true" />
		<ref id="mat-Material.001" name="bsdf" />
	</shape>
	<shape type="ply" name="temp5">
		<string name="filename" value="meshes/Cube_001.ply" />
		<boolean name="face_normals" value="true" />
		<ref id="mat-Material" name="bsdf" />
		<transform name="to_world">
			<matrix value="0.9978349883959456 -0.03693520127319716 -0.054418051431113695 0.05585245579808085 -0.054452047508363965 8.649303433502357e-05 -0.9985165011032571 1.1726379726738707 0.03688511143970058 0.9993176172190321 -0.0019248974398858492 1.0237503270353472 0.0 0.0 0.0 1.0" />
		</transform>
	</shape>
	<shape type="ply" name="temp6">
		<string name="filename" value="meshes/Cube_002.ply" />
		<boolean name="face_normals" value="true" />
		<ref id="mat-Material" name="bsdf" />
		<transform name="to_world">
			<matrix value="0.9997327255610104 -0.01732537446054945 0.013869455879411907 -0.02911359372279909 0.017327785283328637 0.21898083738160248 -0.975556959218496 0.6403131819536719 0.013867766968602566 0.9755675051050952 0.21924555848633234 0.5322798939751494 0.0 0.0 0.0 1.0" />
		</transform>
	</shape>
	<shape type="ply" name="temp7">
		<string name="filename" value="meshes/Cube_003.ply" />
		<boolean name="face_normals" value="true" />
		<ref id="mat-Material" name="bsdf" />
		<transform name="to_world">
			<matrix value="0.9944752201579002 -0.06129804994754111 0.08504164812933282 -0.043315317213925564 0.0976235623471926 0.24591832265035263 -0.9643459106680957 0.11825488889302718 0.03819486921725379 0.9673486670435085 0.25055245588744934 0.22420282534798402 0.0 0.0 0.0 1.0" />
		</transform>
	</shape>
	<shape type="ply" name="temp8">
		<string name="filename" value="meshes/Cube_004.ply" />
		<boolean name="face_normals" value="true" />
		<ref id="mat-Material" name="bsdf" />
		<transform name="to_world">
			<matrix value="0.9832720774005499 -0.11609963435212747 0.1403237717726009 0.025815620832443154 0.16532736907984902 0.24578430738617046 -0.9551205828941502 -0.38658216520049604 0.07639933460632203 0.9623433794373654 0.2608705210767713 -0.17046927300323444 0.0 0.0 0.0 1.0" />
		</transform>
	</shape>
	<shape type="ply" name="temp9">
		<string name="filename" value="meshes/Cube_005.ply" />
		<boolean name="face_normals" value="true" />
		<ref id="mat-Material" name="bsdf" />
		<transform name="to_world">
			<matrix value="0.9811979302409282 -0.1618035221505852 0.10521607478791793 0.09065108394865073 0.14084352344834555 0.2275395631832432 -0.9635291648011135 -0.6533164833942817 0.13196139103269877 0.9602317786172128 0.24605018861983424 -0.6317481645996033 0.0 0.0 0.0 1.0" />
		</transform>
	</shape>
	<shape type="ply" name="temp10">
		<string name="filename" value="meshes/Cube_006.ply" />
		<boolean name="face_normals" value="true" />
		<ref id="mat-Material" name="bsdf" />
		<transform name="to_world">
			<matrix value="0.9859993404571058 -0.15794392425895296 -0.05342942251930287 0.04435689946181354 -0.016723027000480475 0.2251465824543253 -0.9741788926391695 -0.5828323828849193 0.16589748806351468 0.9614371859506115 0.21935294106522574 -1.0409336065464343 0.0 0.0 0.0 1.0" />
		</transform>
	</shape>
	<shape type="ply" name="temp11">
		<string name="filename" value="meshes/Cube_007.ply" />
		<boolean name="face_normals" value="true" />
		<ref id="mat-Material" name="bsdf" />
		<transform name="to_world">
			<matrix value="0.9332618385290066 -0.2447541106705352 -0.26260838134916487 0.1765256303843039 -0.21367028972017296 0.209034839797006 -0.9542083333136337 -0.38275204705801036 0.2884673739023132 0.9467562048545857 0.14286620355245447 -1.732541202807882 0.0 0.0 0.0 1.0" />
		</transform>
	</shape>
	<shape type="ply" name="temp12">
		<string name="filename" value="meshes/Cube_008.ply" />
		<boolean name="face_normals" value="true" />
		<ref id="mat-Material" name="bsdf" />
		<transform name="to_world">
			<matrix value="0.30034858703572703 0.9067475903325457 -0.295385894101511 1.8145467910781867 -0.5258952585603172 -0.10097624644624893 -0.8444833130900131 0.2721540703589593 -0.7955335028287653 0.4090539043808912 0.44666696767672087 1.0566312410961358 0.0 0.0 0.0 1.0" />
		</transform>
	</shape>
	<shape type="ply" name="temp13">
		<string name="filename" value="meshes/Cube_009.ply" />
		<boolean name="face_normals" value="true" />
		<ref id="mat-Material" name="bsdf" />
		<transform name="to_world">
			<matrix value="-0.05828619463252646 0.9915074996401925 0.11625338459014486 2.582683257622925 -0.8940505064473864 -3.4514656159591846e-05 -0.447941020310614 1.23004432896284 -0.4441326833644489 -0.13004824549510557 0.8864599137346159 0.8032709248784868 0.0 0.0 0.0 1.0" />
		</transform>
	</shape>
	<shape type="ply" name="temp14">
		<string name="filename" value="meshes/Cube_010.ply" />
		<boolean name="face_normals" value="true" />
		<ref id="mat-Material" name="bsdf" />
		<transform name="to_world">
			<matrix value="0.018042392030877954 0.9972624383894807 0.07166056136326351 1.8820380047393344 -0.9810266175200832 0.0038828132984858885 0.19322628091991825 2.15618930212343 0.19241793832564752 -0.07375278199001717 0.9784192338805571 -0.4672652885940858 0.0 0.0 0.0 1.0" />
		</transform>
	</shape>
	<shape type="ply" name="temp15">
		<string name="filename" value="meshes/Cube_011.ply" />
		<boolean name="face_normals" value="true" />
		<ref id="mat-Material" name="bsdf" />
		<transform name="to_world">
			<matrix value="-0.012351554092268633 0.999811022833698 0.012816811112093466 1.4449655140266717 -0.8272859721254479 -0.01740708726948853 0.561506046283369 2.2611670356181195 0.561612963563801 -0.003665024414765249 0.8273564713930919 -1.3704514778330048 0.0 0.0 0.0 1.0" />
		</transform>
	</shape>
	<shape type="ply" name="temp16">
		<string name="filename" value="meshes/Cube_012.ply" />
		<boolean name="face_normals" value="true" />
		<ref id="mat-Material" name="bsdf" />
		<transform name="to_world">
			<matrix value="0.09417629829777653 0.9900375034155642 0.10466444628412544 1.1034136918989708 -0.7416061199197911 -0.000357001228560165 0.6707055596872206 1.8474406727411914 0.6640608516968158 -0.14080219347006717 0.7341834976202082 -1.8154002360470538 0.0 0.0 0.0 1.0" />
		</transform>
	</shape>
	<shape type="ply" name="temp17">
		<string name="filename" value="meshes/Cube_013.ply" />
		<boolean name="face_normals" value="true" />
		<ref id="mat-Material" name="bsdf" />
		<transform name="to_world">
			<matrix value="0.8803962398963171 0.20833070169766574 0.4259381703285091 0.7237917884226159 -0.4547295608188969 0.11647963280860535 0.8829018094171388 1.500115293277429 0.1344001483971512 -0.9710496784676581 0.1973129888359941 -1.4215761988552607 0.0 0.0 0.0 1.0" />
		</transform>
	</shape>
	<shape type="ply" name="temp18">
		<string name="filename" value="meshes/Cube_014.ply" />
		<boolean name="face_normals" value="true" />
		<ref id="mat-Material" name="bsdf" />
		<transform name="to_world">
			<matrix value="0.9416732266363135 0.29310525360694 0.16533673805648053 0.10737666020872377 -0.216307508328502 0.15082240526633056 0.9645659947208194 1.0226662227808005 0.2578011336336736 -0.944068390544467 0.20542871238772992 -0.8456143822188135 0.0 0.0 0.0 1.0" />
		</transform>
	</shape>
	<shape type="ply" name="temp19">
		<string name="filename" value="meshes/Cube_015.ply" />
		<boolean name="face_normals" value="true" />
		<ref id="mat-Material" name="bsdf" />
		<transform name="to_world">
			<matrix value="0.9834116983761416 0.12791846657336006 0.12860203838965611 0.033375440141426405 -0.1496424151680682 0.17145662598582045 0.9737607092994613 0.6393981561366209 0.10251231324032359 -0.9768517572164874 0.18775448548319915 -0.2969494771681873 0.0 0.0 0.0 1.0" />
		</transform>
	</shape>
	<shape type="ply" name="temp20">
		<string name="filename" value="meshes/Cube_016.ply" />
		<boolean name="face_normals" value="true" />
		<ref id="mat-Material" name="bsdf" />
		<transform name="to_world">
			<matrix value="0.9847500651564554 0.03631677036771286 0.17014180410297192 0.06129368083887421 -0.1739006288706037 0.17683090923881417 0.9687539743964946 0.33079822512625395 0.005097165117981941 -0.9835683728148212 0.18044975157214715 0.14863823027123538 0.0 0.0 0.0 1.0" />
		</transform>
	</shape>
	<shape type="ply" name="temp21">
		<string name="filename" value="meshes/Cube_017.ply" />
		<boolean name="face_normals" value="true" />
		<ref id="mat-Material" name="bsdf" />
		<transform name="to_world">
			<matrix value="0.9484005198332705 -0.0725318872895126 0.30866067388744084 0.20274985760166392 -0.2930833984897886 0.17089978995584276 0.9406849838376513 0.13357871889403683 -0.12097612348345027 -0.9826118062754603 0.14082269593745167 0.3874379274574344 0.0 0.0 0.0 1.0" />
		</transform>
	</shape>
	<shape type="ply" name="temp22">
		<string name="filename" value="meshes/Cube_018.ply" />
		<boolean name="face_normals" value="true" />
		<ref id="mat-Material" name="bsdf" />
		<transform name="to_world">
			<matrix value="0.25625209431463386 0.9572859458140307 0.13392524754137036 0.8517585381879149 -0.45758669354481263 -0.0019044528527000166 0.8891470194567541 -0.0938274584395446 0.8514228928756957 -0.2891363159464606 0.437553809487112 -0.13872162062924848 0.0 0.0 0.0 1.0" />
		</transform>
	</shape>
	<shape type="ply" name="temp23">
		<string name="filename" value="meshes/Cube_019.ply" />
		<boolean name="face_normals" value="true" />
		<ref id="mat-Material" name="bsdf" />
		<transform name="to_world">
			<matrix value="-0.07825565088196133 0.9841217463492573 -0.1593122739765146 0.5033242025608244 -0.9180892492735276 -0.008854809844333709 0.3962748114629041 -0.036389219430330605 0.3885720674719473 0.1772736080663631 0.9042045746278783 -0.054230730729895926 0.0 0.0 0.0 1.0" />
		</transform>
	</shape>
	<shape type="ply" name="temp24">
		<string name="filename" value="meshes/Cube_020.ply" />
		<boolean name="face_normals" value="true" />
		<ref id="mat-Material" name="bsdf" />
		<transform name="to_world">
			<matrix value="0.09470958441129716 0.9498471301994824 -0.298025720690121 0.11577742908772444 -0.9586033574355206 0.0062637054752824545 -0.28467434965855165 0.14965128047530002 -0.26853053471206434 0.3126501181141329 0.9111199652097595 0.11453575553455508 0.0 0.0 0.0 1.0" />
		</transform>
	</shape>
	<shape type="ply" name="temp25">
		<string name="filename" value="meshes/Cube_021.ply" />
		<boolean name="face_normals" value="true" />
		<ref id="mat-Material" name="bsdf" />
		<transform name="to_world">
			<matrix value="0.19651621287633392 0.9353948392129706 -0.2939618486303963 -0.1603706417713816 -0.7926925484063707 -0.024887906921445158 -0.6091085012015974 0.10164552801700591 -0.5770725514913293 0.35272504656639336 0.7365918932476511 0.29751720699009304 0.0 0.0 0.0 1.0" />
		</transform>
	</shape>
	<shape type="ply" name="temp26">
		<string name="filename" value="meshes/Cube_022.ply" />
		<boolean name="face_normals" value="true" />
		<ref id="mat-Material" name="bsdf" />
		<transform name="to_world">
			<matrix value="0.6386467314507993 0.3998099799133542 -0.6574788863510537 -0.08254386568397132 -0.710927845652779 -0.020393946473156274 -0.7029660758516969 -0.19406965453272046 -0.2944615461671162 0.9163711378052368 0.2712116348108199 0.6802983171427435 0.0 0.0 0.0 1.0" />
		</transform>
	</shape>
	<shape type="ply" name="temp27">
		<string name="filename" value="meshes/Cube_023.ply" />
		<boolean name="face_normals" value="true" />
		<ref id="mat-Material" name="bsdf" />
		<transform name="to_world">
			<matrix value="0.8577718797149783 0.27820838799974135 -0.43223574193383674 -0.06427928951069539 -0.4803165451299317 0.1342864756175653 -0.8667544717722699 -0.28712802949461846 -0.18309500254420447 0.9510873487504772 0.24881518660338203 0.20741541089978316 0.0 0.0 0.0 1.0" />
		</transform>
	</shape>
	<shape type="ply" name="temp28">
		<string name="filename" value="meshes/Cube_024.ply" />
		<boolean name="face_normals" value="true" />
		<ref id="mat-Material" name="bsdf" />
		<transform name="to_world">
			<matrix value="0.8564321832110875 0.4400733798753919 -0.26992446223608235 -0.19050235908800067 -0.37771943984951073 0.17771940436733324 -0.9087045961398534 -0.5121255765986579 -0.3519258608187197 0.8801993229361128 0.3184288835379493 -0.3396560577640387 0.0 0.0 0.0 1.0" />
		</transform>
	</shape>
	<shape type="ply" name="temp29">
		<string name="filename" value="meshes/Cube_025.ply" />
		<boolean name="face_normals" value="true" />
		<ref id="mat-Material" name="bsdf" />
		<transform name="to_world">
			<matrix value="0.8998461066580146 0.3647506481749937 -0.23923692060095475 -0.2658570573942522 -0.3211985419137736 0.1829682243029642 -0.9291686307178713 -0.7931425880507851 -0.2951421208559165 0.9129509848296807 0.28180060904892956 -0.7054015074054762 0.0 0.0 0.0 1.0" />
		</transform>
	</shape>
	<shape type="ply" name="temp30">
		<string name="filename" value="meshes/Cube_026.ply" />
		<boolean name="face_normals" value="true" />
		<ref id="mat-Material" name="bsdf" />
		<transform name="to_world">
			<matrix value="0.923170566302677 0.23688955264974773 -0.30272029562654457 -0.32926562926226133 -0.3495359707957243 0.18965505409627825 -0.9175268698752448 -1.1466605744024738 -0.15994030427621375 0.9528451909900026 0.25788532084283444 -0.8863323710900566 0.0 0.0 0.0 1.0" />
		</transform>
	</shape>
	<shape type="ply" name="temp31">
		<string name="filename" value="meshes/Cube_027.ply" />
		<boolean name="face_normals" value="true" />
		<ref id="mat-Material" name="bsdf" />
		<transform name="to_world">
			<matrix value="0.8734763584012821 0.17295130813498727 -0.4551121908599164 -0.5889032324407792 -0.4826845612000844 0.1853611215982546 -0.8559538055156704 -1.5830136247203268 -0.06367835670987382 0.9673308331056291 0.245389463671002 -1.0236483864338786 0.0 0.0 0.0 1.0" />
		</transform>
	</shape>
	<shape type="ply" name="temp32">
		<string name="filename" value="meshes/Cube_028.ply" />
		<boolean name="face_normals" value="true" />
		<ref id="mat-Material" name="bsdf" />
		<transform name="to_world">
			<matrix value="-0.10581308607566658 0.9845695763448981 0.13937841502604367 -1.486938088947241 -0.7964386013435527 1.1340809681638136e-05 -0.6047191127043106 -2.121958602348869 -0.5953897153859655 -0.17499357561068202 0.7841480146810957 -1.3599560824178156 0.0 0.0 0.0 1.0" />
		</transform>
	</shape>
	<shape type="ply" name="temp33">
		<string name="filename" value="meshes/Cube_029.ply" />
		<boolean name="face_normals" value="true" />
		<ref id="mat-Material" name="bsdf" />
		<transform name="to_world">
			<matrix value="-0.0005959286966758683 0.9773977260164823 0.21140654748874876 -1.5825140492726715 -0.9985616823308103 -0.011908624534075337 0.05224007033233874 -1.8169078434419081 0.053576734801702754 -0.21107268529044287 0.9759991366842529 -0.11143508917680789 0.0 0.0 0.0 1.0" />
		</transform>
	</shape>
	<shape type="ply" name="temp34">
		<string name="filename" value="meshes/Cube_030.ply" />
		<boolean name="face_normals" value="true" />
		<ref id="mat-Material" name="bsdf" />
		<transform name="to_world">
			<matrix value="-0.04179405135048536 0.9786990926914629 -0.20099922145973037 -3.2256455686944987 -0.9753266574305921 0.0036774322962867005 0.2207076423815011 -1.9181597079229564 0.21674552036997263 0.20526697313734005 0.9543980748919122 0.25047256247078065 0.0 0.0 0.0 1.0" />
		</transform>
	</shape>
	<shape type="ply" name="temp35">
		<string name="filename" value="meshes/Cube_031.ply" />
		<boolean name="face_normals" value="true" />
		<ref id="mat-Material" name="bsdf" />
		<transform name="to_world">
			<matrix value="0.13541514856558284 0.9773921985386601 0.16236918473396778 -1.8940302594987228 -0.7703718084417945 0.0008232135295970365 0.6375375218488384 -1.1505799594367012 0.6229907876750581 -0.2114325971010986 0.7530668748206351 0.6091905736198839 0.0 0.0 0.0 1.0" />
		</transform>
	</shape>
	<shape type="ply" name="temp36">
		<string name="filename" value="meshes/Cube_032.ply" />
		<boolean name="face_normals" value="true" />
		<ref id="mat-Material" name="bsdf" />
		<transform name="to_world">
			<matrix value="0.7449610125047206 0.6137916829188421 0.2612614007558032 -0.6544076704634831 -0.32778526116657536 -0.004283404217152702 0.9447109145142478 0.1188504219872819 0.5809735172252392 -0.7894563881999821 0.19799997730604826 -0.11295179271400024 0.0 0.0 0.0 1.0" />
		</transform>
	</shape>
	<shape type="ply" name="temp37">
		<string name="filename" value="meshes/Cube_033.ply" />
		<boolean name="face_normals" value="true" />
		<ref id="mat-Material" name="bsdf" />
		<transform name="to_world">
			<matrix value="0.9766613566371822 0.16943927387713983 0.1319977863941249 -0.14220285656989717 -0.15008616608779365 0.09875722483068189 0.9837283184112722 0.30051044785333925 0.15364650096537932 -0.9805799888616107 0.12188283207279463 -0.38137111893986625 0.0 0.0 0.0 1.0" />
		</transform>
	</shape>
	<shape type="ply" name="temp38">
		<string name="filename" value="meshes/Cube_034.ply" />
		<boolean name="face_normals" value="true" />
		<ref id="mat-Material" name="bsdf" />
		<transform name="to_world">
			<matrix value="0.9999239841355113 0.001598721796826602 0.012223919803356909 -0.033761433938430674 -0.012312234166094886 0.1797437649007244 0.9836364788253611 0.3693688703197781 -0.00062461216395669 -0.983712087238201 0.17974980863797993 -0.367811512672627 0.0 0.0 0.0 1.0" />
		</transform>
	</shape>
	<shape type="ply" name="temp39">
		<string name="filename" value="meshes/Cube_035.ply" />
		<boolean name="face_normals" value="true" />
		<ref id="mat-Material" name="bsdf" />
		<transform name="to_world">
			<matrix value="0.9988668538917463 -0.0474832246262695 0.003258402317430704 0.008976791352648172 0.0065244815407773035 0.2044218466781944 0.9788611749509835 0.09138310729884415 -0.047145593207417374 -0.9777304176061641 0.20449999787244205 -0.15054892614130727 0.0 0.0 0.0 1.0" />
		</transform>
	</shape>
	<shape type="ply" name="temp40">
		<string name="filename" value="meshes/Cube_036.ply" />
		<boolean name="face_normals" value="true" />
		<ref id="mat-Material" name="bsdf" />
		<transform name="to_world">
			<matrix value="0.9988754970949973 -0.04729724064135429 0.0032795596995131675 0.002940475350361016 0.006629121921468299 0.20782540679108014 0.9781435969251586 -0.23933509018818563 -0.0469450708919963 -0.9770217532325316 0.20790524896919815 0.18637972873688108 0.0 0.0 0.0 1.0" />
		</transform>
	</shape>
	<shape type="ply" name="temp41">
		<string name="filename" value="meshes/Cube_037.ply" />
		<boolean name="face_normals" value="true" />
		<ref id="mat-Material" name="bsdf" />
		<transform name="to_world">
			<matrix value="0.9988391513172241 -0.048049415651731354 0.0034259356881775386 -0.0055126894982533425 0.006645692493444462 0.20788991141434598 0.9781297677983227 -0.5703115865691866 -0.04771079221384791 -0.9769712758878903 0.20796791737132175 0.5206296034904203 0.0 0.0 0.0 1.0" />
		</transform>
	</shape>
	<shape type="ply" name="temp42">
		<string name="filename" value="meshes/Cube_038.ply" />
		<boolean name="face_normals" value="true" />
		<ref id="mat-Material" name="bsdf" />
		<transform name="to_world">
			<matrix value="0.9990186640001277 -0.044153805720626674 0.0035599245615221212 0.009259919053235643 0.005704219390206497 0.2079251204051537 0.9781282312286741 -0.9038941633865532 -0.04392828490480066 -0.9771476337180318 0.2079728934930294 0.8666834455617324 0.0 0.0 0.0 1.0" />
		</transform>
	</shape>
	<shape type="ply" name="temp43">
		<string name="filename" value="meshes/Cube_039.ply" />
		<boolean name="face_normals" value="true" />
		<ref id="mat-Material" name="bsdf" />
		<transform name="to_world">
			<matrix value="0.9999424983477018 -0.009757935343288513 -0.0045051282848317924 0.02199011732593581 0.008286514516328277 0.43301616924818187 0.9013480469817543 -1.3192518728039984 -0.006844496106395781 -0.9013333505524047 0.43307197737056 1.4762506943305889 0.0 0.0 0.0 1.0" />
		</transform>
	</shape>
	<shape type="ply" name="temp47">
		<string name="filename" value="meshes/Plane_001.ply" />
		<boolean name="face_normals" value="true" />
		<ref id="mat-Material.002" name="bsdf" />
	</shape>
	<shape type="ply" name="temp49">
		<string name="filename" value="meshes/Plane_002.ply" />
		<boolean name="face_normals" value="true" />
		<ref id="mat-Material.003" name="bsdf" />
	</shape>
	<shape type="ply" name="temp51">
		<string name="filename" value="meshes/Plane_003.ply" />
		<boolean name="face_normals" value="true" />
		<ref id="mat-Material.004" name="bsdf" />
	</shape>
	<shape type="ply" name="temp53">
		<string name="filename" value="meshes/Plane_004.ply" />
		<boolean name="face_normals" value="true" />
		<ref id="mat-Material.005" name="bsdf" />
	</shape>
	<emitter type="point">
		<transform name="to_world">
			<rotate x="1" angle="-142.5518126578256" />
			<rotate y="1" angle="3.976628485794621e-06" />
			<rotate z="1" angle="-179.999991348578" />
			<translate value="-0.000000 3.030926 4.073377" />
		</transform>
		<rgb name="intensity" value="100" />
	</emitter>
</scene>