<scene version="2.1.0">
	<default name="spp" value="1024" />
	<default name="resx" value="1280" />
	<default name="resy" value="720" />
	<integrator type="path" name="temp0">
		<integer name="max_depth" value="12" />
	</integrator>
	<sensor type="perspective" name="temp44">
		<string name="fov_axis" value="x" />
		<float name="fov" value="83.974423" />
		<float name="principal_point_offset_x" value="0.000000" />
		<float name="principal_point_offset_y" value="-0.000000" />
		<float name="near_clip" value="0.100000" />
		<float name="far_clip" value="1000.000000" />
		<transform name="to_world">
			<rotate x="1" angle="-142.5518126578256" />
			<rotate y="1" angle="3.976628485794621e-06" />
			<rotate z="1" angle="-179.999991348578" />
			<translate value="-0.000000 3.030926 4.073377" />
		</transform>
		<sampler type="independent" name="sampler">
			<integer name="sample_count" value="$spp" />
		</sampler>
		<film type="hdrfilm" name="film">
			<integer name="width" value="$resx" />
			<integer name="height" value="$resy" />
		</film>
		<float name="shutter_open" value="0.0" />
		<float name="shutter_close" value="0.0015" />
	</sensor>
	<bsdf type="twosided" id="mat-Material" name="mat-Material">
		<bsdf type="diffuse" name="bsdf">
			<texture type="bitmap" name="reflectance">
				<string name="filename" value="textures/siggraph_2023_logo.jpg" />
			</texture>
		</bsdf>
	</bsdf>
	<bsdf type="twosided" id="mat-Material.001" name="mat-Material.001">
		<bsdf type="principled" name="bsdf">
			<rgb value="0.433648 0.266232 0.084399" name="base_color" />
			<float name="spec_tint" value="0.000000" />
			<float name="spec_trans" value="0.000000" />
			<float name="metallic" value="0.000000" />
			<float name="anisotropic" value="0.000000" />
			<float name="roughness" value="0.500000" />
			<float name="sheen" value="0.000000" />
			<float name="sheen_tint" value="0.500000" />
			<float name="clearcoat" value="0.000000" />
			<float name="clearcoat_gloss" value="0.173205" />
			<float name="specular" value="0.500000" />
		</bsdf>
	</bsdf>
	<bsdf type="twosided" id="mat-Material.002" name="mat-Material.002">
		<bsdf type="principled" name="bsdf">
			<rgb value="0.433648 0.266232 0.084399" name="base_color" />
			<float name="spec_tint" value="0.000000" />
			<float name="spec_trans" value="0.000000" />
			<float name="metallic" value="0.000000" />
			<float name="anisotropic" value="0.000000" />
			<float name="roughness" value="0.500000" />
			<float name="sheen" value="0.000000" />
			<float name="sheen_tint" value="0.500000" />
			<float name="clearcoat" value="0.000000" />
			<float name="clearcoat_gloss" value="0.173205" />
			<float name="specular" value="0.500000" />
		</bsdf>
	</bsdf>
	<bsdf type="twosided" id="mat-Material.003" name="mat-Material.003">
		<bsdf type="principled" name="bsdf">
			<rgb value="0.433648 0.266232 0.084399" name="base_color" />
			<float name="spec_tint" value="0.000000" />
			<float name="spec_trans" value="0.000000" />
			<float name="metallic" value="0.000000" />
			<float name="anisotropic" value="0.000000" />
			<float name="roughness" value="0.500000" />
			<float name="sheen" value="0.000000" />
			<float name="sheen_tint" value="0.500000" />
			<float name="clearcoat" value="0.000000" />
			<float name="clearcoat_gloss" value="0.173205" />
			<float name="specular" value="0.500000" />
		</bsdf>
	</bsdf>
	<bsdf type="twosided" id="mat-Material.004" name="mat-Material.004">
		<bsdf type="principled" name="bsdf">
			<rgb value="0.433648 0.266232 0.084399" name="base_color" />
			<float name="spec_tint" value="0.000000" />
			<float name="spec_trans" value="0.000000" />
			<float name="metallic" value="0.000000" />
			<float name="anisotropic" value="0.000000" />
			<float name="roughness" value="0.500000" />
			<float name="sheen" value="0.000000" />
			<float name="sheen_tint" value="0.500000" />
			<float name="clearcoat" value="0.000000" />
			<float name="clearcoat_gloss" value="0.173205" />
			<float name="specular" value="0.500000" />
		</bsdf>
	</bsdf>
	<bsdf type="twosided" id="mat-Material.005" name="mat-Material.005">
		<bsdf type="principled" name="bsdf">
			<rgb value="0.433648 0.266232 0.084399" name="base_color" />
			<float name="spec_tint" value="0.000000" />
			<float name="spec_trans" value="0.000000" />
			<float name="metallic" value="0.000000" />
			<float name="anisotropic" value="0.000000" />
			<float name="roughness" value="0.500000" />
			<float name="sheen" value="0.000000" />
			<float name="sheen_tint" value="0.500000" />
			<float name="clearcoat" value="0.000000" />
			<float name="clearcoat_gloss" value="0.173205" />
			<float name="specular" value="0.500000" />
		</bsdf>
	</bsdf>
	<emitter type="point" name="temp45">
		<point name="position" x="-6.815235034541981e-16" y="3.0693089962005615" z="4.109199523925781" />
		<rgb value="7.957747 7.957747 7.957747" name="intensity" />
	</emitter>
	<shape type="ply" name="temp2">
		<string name="filename" value="meshes/Cube.ply" />
		<boolean name="face_normals" value="true" />
		<ref id="mat-Material" name="bsdf" />
		<transform name="to_world">
			<matrix value="0.9976689945694089 -0.06789615850720554 0.006879695106758495 -0.04521989108173896 -0.03833102847913309 -0.6409193968583068 -0.766650623303568 1.7741878362790522 0.05646196901921362 0.7645993204331041 -0.6420277329545965 3.4548462127492607 0.0 0.0 0.0 1.0" />
		</transform>
	</shape>
	<shape type="ply" name="temp4">
		<string name="filename" value="meshes/Plane.ply" />
		<boolean name="face_normals" value="true" />
		<ref id="mat-Material.001" name="bsdf" />
	</shape>
	<shape type="ply" name="temp5">
		<string name="filename" value="meshes/Cube_001.ply" />
		<boolean name="face_normals" value="true" />
		<ref id="mat-Material" name="bsdf" />
		<transform name="to_world">
			<matrix value="0.9980435333769483 -0.030668929108532552 -0.05448787079198582 0.04728013991428792 -0.05451423424765126 -2.2897733316924722e-05 -0.9985130733709643 1.1728976230230197 0.03062208458105729 0.9995296429249327 -0.0016947464920114925 1.0518329605121015 0.0 0.0 0.0 1.0" />
		</transform>
	</shape>
	<shape type="ply" name="temp6">
		<string name="filename" value="meshes/Cube_002.ply" />
		<boolean name="face_normals" value="true" />
		<ref id="mat-Material" name="bsdf" />
		<transform name="to_world">
			<matrix value="0.9997508984498968 -0.021375653650325496 0.006434680897035177 -0.03581175663474623 0.010973987060903113 0.2195970990127716 -0.9755290645694934 0.6541000566337215 0.019439534809503802 0.975356418027504 0.21977695154983143 0.533022245148532 0.0 0.0 0.0 1.0" />
		</transform>
	</shape>
	<shape type="ply" name="temp7">
		<string name="filename" value="meshes/Cube_003.ply" />
		<boolean name="face_normals" value="true" />
		<ref id="mat-Material" name="bsdf" />
		<transform name="to_world">
			<matrix value="0.9951332117079502 -0.061622241736420655 0.0768966824752104 -0.05976777656942778 0.08875186826162577 0.22139050483602166 -0.9711382577002232 0.14163959740771595 0.04281951041350857 0.9732363695525663 0.22578219668942523 0.20075318676958875 0.0 0.0 0.0 1.0" />
		</transform>
	</shape>
	<shape type="ply" name="temp8">
		<string name="filename" value="meshes/Cube_004.ply" />
		<boolean name="face_normals" value="true" />
		<ref id="mat-Material" name="bsdf" />
		<transform name="to_world">
			<matrix value="0.9818514893790545 -0.14534446616036362 0.1218331181347841 0.034500990465535786 0.1525434509340865 0.22352160826660383 -0.9626883066104173 -0.35101927985164216 0.11268910885471795 0.9638012777860053 0.2416362150081722 -0.28475652625880343 0.0 0.0 0.0 1.0" />
		</transform>
	</shape>
	<shape type="ply" name="temp9">
		<string name="filename" value="meshes/Cube_005.ply" />
		<boolean name="face_normals" value="true" />
		<ref id="mat-Material" name="bsdf" />
		<transform name="to_world">
			<matrix value="0.9789877080352536 -0.18677159835886056 0.08185481449822019 0.09910115100927097 0.12281437768050112 0.21958333246423306 -0.9678325053980874 -0.6080420705618388 0.16278972460538238 0.9575487617406758 0.23790755145971754 -0.725702595767681 0.0 0.0 0.0 1.0" />
		</transform>
	</shape>
	<shape type="ply" name="temp10">
		<string name="filename" value="meshes/Cube_006.ply" />
		<boolean name="face_normals" value="true" />
		<ref id="mat-Material" name="bsdf" />
		<transform name="to_world">
			<matrix value="0.9861611234923151 -0.15417754258765223 -0.06095775095373696 0.03924525536207568 -0.025833670196639524 0.22028709511224953 -0.9750929151846649 -0.5619340121520915 0.16376569738682722 0.9631732311549509 0.21325556084555772 -1.0519753721881808 0.0 0.0 0.0 1.0" />
		</transform>
	</shape>
	<shape type="ply" name="temp11">
		<string name="filename" value="meshes/Cube_007.ply" />
		<boolean name="face_normals" value="true" />
		<ref id="mat-Material" name="bsdf" />
		<transform name="to_world">
			<matrix value="0.9191195634251552 -0.2548649105278637 -0.3004381351056049 0.18040862947897285 -0.24852950302024548 0.2166324936434005 -0.944088722004292 -0.29496596585381785 0.3056999044371989 0.9423980493217889 0.13576973392759967 -1.7938898425443988 0.0 0.0 0.0 1.0" />
		</transform>
	</shape>
	<shape type="ply" name="temp12">
		<string name="filename" value="meshes/Cube_008.ply" />
		<boolean name="face_normals" value="true" />
		<ref id="mat-Material" name="bsdf" />
		<transform name="to_world">
			<matrix value="0.3900785334744613 0.8800424677164008 -0.2708579873963466 1.6611310201053218 -0.5069890271210421 -0.04027789655481694 -0.8610108926240401 0.1533093810190133 -0.7686360759325351 0.47318380636723734 0.4304602948038888 0.9453812540892641 0.0 0.0 0.0 1.0" />
		</transform>
	</shape>
	<shape type="ply" name="temp13">
		<string name="filename" value="meshes/Cube_009.ply" />
		<boolean name="face_normals" value="true" />
		<ref id="mat-Material" name="bsdf" />
		<transform name="to_world">
			<matrix value="-0.07503661172248846 0.9904952411544712 0.1152774501075835 2.6205902212192314 -0.8380538520319063 9.406828625243261e-06 -0.5455881303067797 0.9491965388096621 -0.5404036508890532 -0.13754773967873882 0.830087310251378 0.9269280096050876 0.0 0.0 0.0 1.0" />
		</transform>
	</shape>
	<shape type="ply" name="temp14">
		<string name="filename" value="meshes/Cube_010.ply" />
		<boolean name="face_normals" value="true" />
		<ref id="mat-Material" name="bsdf" />
		<transform name="to_world">
			<matrix value="0.035630718919484355 0.995277656683138 0.09029405687955327 1.8788223083611126 -0.9986702764229373 0.032091806192026666 0.04034679667779458 1.9247281768465525 0.03725856209011271 -0.09161154137369296 0.9950976336354623 -0.18868716307180544 0.0 0.0 0.0 1.0" />
		</transform>
	</shape>
	<shape type="ply" name="temp15">
		<string name="filename" value="meshes/Cube_011.ply" />
		<boolean name="face_normals" value="true" />
		<ref id="mat-Material" name="bsdf" />
		<transform name="to_world">
			<matrix value="0.0794645912341076 0.9927162443186914 0.09055316980134755 1.4543283685601123 -0.8706865983366044 0.02488954430638497 0.4912084576575776 2.1869897306935457 0.4853770298230404 -0.11787705220650659 0.8663224593057259 -1.1747838787980216 0.0 0.0 0.0 1.0" />
		</transform>
	</shape>
	<shape type="ply" name="temp16">
		<string name="filename" value="meshes/Cube_012.ply" />
		<boolean name="face_normals" value="true" />
		<ref id="mat-Material" name="bsdf" />
		<transform name="to_world">
			<matrix value="0.09509283243532668 0.9900138291237592 0.10406713438270797 1.1001104943687847 -0.739199985107096 0.00020686721329598288 0.6734862779602487 1.8461326553632627 0.6667393582222128 -0.14097010364542376 0.7318376285576906 -1.824658615216299 0.0 0.0 0.0 1.0" />
		</transform>
	</shape>
	<shape type="ply" name="temp17">
		<string name="filename" value="meshes/Cube_013.ply" />
		<boolean name="face_normals" value="true" />
		<ref id="mat-Material" name="bsdf" />
		<transform name="to_world">
			<matrix value="0.9199213867421241 0.17531551469161888 0.35072698655997986 0.6201156954767294 -0.374417669721485 0.1271525354436479 0.9185008186370296 1.4637615616647444 0.11643166018648045 -0.9762666789035988 0.18261156323031383 -1.413586252029631 0.0 0.0 0.0 1.0" />
		</transform>
	</shape>
	<shape type="ply" name="temp18">
		<string name="filename" value="meshes/Cube_014.ply" />
		<boolean name="face_normals" value="true" />
		<ref id="mat-Material" name="bsdf" />
		<transform name="to_world">
			<matrix value="0.9393610589563975 0.29743337303383444 0.17068735724676978 0.11266688940896363 -0.2162652231187514 0.12752717328955848 0.967970087480456 1.026144839791767 0.26613947559248047 -0.9461871875149921 0.18411860710197764 -0.8709508272538975 0.0 0.0 0.0 1.0" />
		</transform>
	</shape>
	<shape type="ply" name="temp19">
		<string name="filename" value="meshes/Cube_015.ply" />
		<boolean name="face_normals" value="true" />
		<ref id="mat-Material" name="bsdf" />
		<transform name="to_world">
			<matrix value="0.9836625728910141 0.12636563118582128 0.12821879427980035 0.02596461199514033 -0.14881574818226787 0.16998913277001731 0.9741447335139078 0.6391717512317376 0.10130259721609072 -0.977310224999635 0.18601712164099965 -0.2952894484957124 0.0 0.0 0.0 1.0" />
		</transform>
	</shape>
	<shape type="ply" name="temp20">
		<string name="filename" value="meshes/Cube_016.ply" />
		<boolean name="face_normals" value="true" />
		<ref id="mat-Material" name="bsdf" />
		<transform name="to_world">
			<matrix value="0.9852019495520605 0.020991483512472285 0.1701090869892265 0.05531924829148549 -0.17119694624548115 0.16873831668484823 0.9706796507589945 0.3299091942035083 -0.00832791249355084 -0.9854372860709645 0.16983496296394357 0.17713556218979587 0.0 0.0 0.0 1.0" />
		</transform>
	</shape>
	<shape type="ply" name="temp21">
		<string name="filename" value="meshes/Cube_017.ply" />
		<boolean name="face_normals" value="true" />
		<ref id="mat-Material" name="bsdf" />
		<transform name="to_world">
			<matrix value="0.9456923161479859 -0.10704313309958012 0.30693286041659473 0.20935548853654973 -0.28837839323294806 0.15947864412011942 0.9441423837443225 0.1348853787113069 -0.15001316426341293 -0.9813807431016034 0.11994883459466002 0.42713691673831844 0.0 0.0 0.0 1.0" />
		</transform>
	</shape>
	<shape type="ply" name="temp22">
		<string name="filename" value="meshes/Cube_018.ply" />
		<boolean name="face_normals" value="true" />
		<ref id="mat-Material" name="bsdf" />
		<transform name="to_world">
			<matrix value="0.24101873669168322 0.9573823116538005 0.15915083960529544 0.851065368295099 -0.52220283780741 -0.010295423874115344 0.852759277216549 -0.054736460254460176 0.8180552526740742 -0.2886398858627976 0.4974665512427066 -0.1451121468765328 0.0 0.0 0.0 1.0" />
		</transform>
	</shape>
	<shape type="ply" name="temp23">
		<string name="filename" value="meshes/Cube_019.ply" />
		<boolean name="face_normals" value="true" />
		<ref id="mat-Material" name="bsdf" />
		<transform name="to_world">
			<matrix value="-0.08053014306052723 0.9839363151121244 -0.15932366823144614 0.505812886540329 -0.9136114051277686 -0.008953579615496128 0.4064900446834454 -0.046250305470147295 0.39853389110804976 0.17829459579536233 0.8996565648638055 -0.058004438096084576 0.0 0.0 0.0 1.0" />
		</transform>
	</shape>
	<shape type="ply" name="temp24">
		<string name="filename" value="meshes/Cube_020.ply" />
		<boolean name="face_normals" value="true" />
		<ref id="mat-Material" name="bsdf" />
		<transform name="to_world">
			<matrix value="0.09621708998105725 0.945151330345495 -0.3121397038981716 0.12873901538256746 -0.9607375567160337 0.0061951960996653324 -0.2773886455733299 0.14272385878997323 -0.26024049192828924 0.32657374552620166 0.9086388780247392 0.1152154917348448 0.0 0.0 0.0 1.0" />
		</transform>
	</shape>
	<shape type="ply" name="temp25">
		<string name="filename" value="meshes/Cube_021.ply" />
		<boolean name="face_normals" value="true" />
		<ref id="mat-Material" name="bsdf" />
		<transform name="to_world">
			<matrix value="0.19024217812267852 0.938476877413057 -0.2882172057031792 -0.16747699957881632 -0.7968089293597647 -0.023897393324892633 -0.603759111267027 0.09396965897845289 -0.5735018004457234 0.34451434328348873 0.7432401573258204 0.30693128011995363 0.0 0.0 0.0 1.0" />
		</transform>
	</shape>
	<shape type="ply" name="temp26">
		<string name="filename" value="meshes/Cube_022.ply" />
		<boolean name="face_normals" value="true" />
		<ref id="mat-Material" name="bsdf" />
		<transform name="to_world">
			<matrix value="0.6379060754183754 0.40009490575128853 -0.6580274417155493 -0.08441127578185781 -0.7116193019128517 -0.020410954418123455 -0.7022690642196282 -0.19531522414477298 -0.29440532102186595 0.9162464045321147 0.2716950632617544 0.6865977057610892 0.0 0.0 0.0 1.0" />
		</transform>
	</shape>
	<shape type="ply" name="temp27">
		<string name="filename" value="meshes/Cube_023.ply" />
		<boolean name="face_normals" value="true" />
		<ref id="mat-Material" name="bsdf" />
		<transform name="to_world">
			<matrix value="0.8565117450051151 0.2835304105143057 -0.43127514950822676 -0.06572721006569582 -0.4803901231678625 0.1324133176756226 -0.86700185948567 -0.2870906734065012 -0.18871481329794496 0.9497775450906611 0.24961881252951987 0.2044957693210674 0.0 0.0 0.0 1.0" />
		</transform>
	</shape>
	<shape type="ply" name="temp28">
		<string name="filename" value="meshes/Cube_024.ply" />
		<boolean name="face_normals" value="true" />
		<ref id="mat-Material" name="bsdf" />
		<transform name="to_world">
			<matrix value="0.854147053243905 0.44593584371212897 -0.26753355986309874 -0.1938536973597167 -0.37722121458724495 0.17717725265579667 -0.9090173471621449 -0.5117859502956554 -0.35796260640004823 0.8773536104859383 0.3195518795556335 -0.3458314141670134 0.0 0.0 0.0 1.0" />
		</transform>
	</shape>
	<shape type="ply" name="temp29">
		<string name="filename" value="meshes/Cube_025.ply" />
		<boolean name="face_normals" value="true" />
		<ref id="mat-Material" name="bsdf" />
		<transform name="to_world">
			<matrix value="0.9009245124790125 0.3614200820569727 -0.24023155395416104 -0.2631902562126637 -0.32115293239508036 0.18292591302461503 -0.9291927430415852 -0.7930606799733853 -0.29188429809211264 0.9142832112768892 0.2808735847602549 -0.6990132926816486 0.0 0.0 0.0 1.0" />
		</transform>
	</shape>
	<shape type="ply" name="temp30">
		<string name="filename" value="meshes/Cube_026.ply" />
		<boolean name="face_normals" value="true" />
		<ref id="mat-Material" name="bsdf" />
		<transform name="to_world">
			<matrix value="0.9232647550560523 0.23418129710089003 -0.3045346297883647 -0.3330371580158088 -0.35012455077505156 0.18670612381967489 -0.9179072299620681 -1.1478183199443122 -0.15809819388078938 0.954096278234461 0.2543717770451624 -0.8890921089409272 0.0 0.0 0.0 1.0" />
		</transform>
	</shape>
	<shape type="ply" name="temp31">
		<string name="filename" value="meshes/Cube_027.ply" />
		<boolean name="face_normals" value="true" />
		<ref id="mat-Material" name="bsdf" />
		<transform name="to_world">
			<matrix value="0.8726209029000386 0.1731023125715704 -0.45669284823750733 -0.5982757444797286 -0.484091630365213 0.18265195870869774 -0.8557416407065194 -1.58414033709651 -0.06471498704849236 0.9678190241185759 0.2431834224464931 -1.027968529294513 0.0 0.0 0.0 1.0" />
		</transform>
	</shape>
	<shape type="ply" name="temp32">
		<string name="filename" value="meshes/Cube_028.ply" />
		<boolean name="face_normals" value="true" />
		<ref id="mat-Material" name="bsdf" />
		<transform name="to_world">
			<matrix value="-0.10572880376294043 0.9845599814777348 0.13951040635884526 -1.486175396428766 -0.7970349823678654 -1.4785252272001969e-05 -0.6039333346256278 -2.1221313044308583 -0.5946067298196718 -0.17504777618095088 0.7847301381825265 -1.359051262471758 0.0 0.0 0.0 1.0" />
		</transform>
	</shape>
	<shape type="ply" name="temp33">
		<string name="filename" value="meshes/Cube_029.ply" />
		<boolean name="face_normals" value="true" />
		<ref id="mat-Material" name="bsdf" />
		<transform name="to_world">
			<matrix value="0.00016273112811975314 0.9771331371252526 0.2126283567545947 -1.5800904663634523 -0.9987638003145239 -0.010411156744670155 0.048608837119362154 -1.824719465220707 0.04971100674258502 -0.21237341554326764 0.9759233719808179 -0.12502259406617178 0.0 0.0 0.0 1.0" />
		</transform>
	</shape>
	<shape type="ply" name="temp34">
		<string name="filename" value="meshes/Cube_030.ply" />
		<boolean name="face_normals" value="true" />
		<ref id="mat-Material" name="bsdf" />
		<transform name="to_world">
			<matrix value="-0.04160070674280515 0.9785599033834278 -0.2017170673251472 -3.2255791929674857 -0.976211143344497 0.003189067066796571 0.21679766836502673 -1.9267768864550268 0.2127927627828116 0.20593739564812175 0.9551488743249762 0.23964716775796724 0.0 0.0 0.0 1.0" />
		</transform>
	</shape>
	<shape type="ply" name="temp35">
		<string name="filename" value="meshes/Cube_031.ply" />
		<boolean name="face_normals" value="true" />
		<ref id="mat-Material" name="bsdf" />
		<transform name="to_world">
			<matrix value="0.1389710953553642 0.9767839673941384 0.16303353835112366 -1.8839735590946052 -0.7609400791096881 -3.1894798539077185e-05 0.6488224439400293 -1.1137097966082063 0.6337648729582095 -0.214226267826116 0.7432694703468061 0.6206671128076362 0.0 0.0 0.0 1.0" />
		</transform>
	</shape>
	<shape type="ply" name="temp36">
		<string name="filename" value="meshes/Cube_032.ply" />
		<boolean name="face_normals" value="true" />
		<ref id="mat-Material" name="bsdf" />
		<transform name="to_world">
			<matrix value="0.6657970274472677 0.6129993763336343 0.4253775588021565 -0.7020493778827066 -0.5405339637996054 0.003277243686681699 0.8413160884515681 -0.5948189427477617 0.5143322039547752 -0.790076404344389 0.33352898986856894 -0.1561169611399844 0.0 0.0 0.0 1.0" />
		</transform>
	</shape>
	<shape type="ply" name="temp37">
		<string name="filename" value="meshes/Cube_033.ply" />
		<boolean name="face_normals" value="true" />
		<ref id="mat-Material" name="bsdf" />
		<transform name="to_world">
			<matrix value="0.9766088325558883 0.16982007538228247 0.1318978384483767 -0.14455181791459681 -0.15001125832628578 0.09861773423469462 0.9837537309093042 0.3007313179332171 0.15405366232467596 -0.9805282600125568 0.1217858627082111 -0.3857715460568759 0.0 0.0 0.0 1.0" />
		</transform>
	</shape>
	<shape type="ply" name="temp38">
		<string name="filename" value="meshes/Cube_034.ply" />
		<boolean name="face_normals" value="true" />
		<ref id="mat-Material" name="bsdf" />
		<transform name="to_world">
			<matrix value="0.9999166706558373 -0.0013349401259430606 0.012833949773556912 -0.03396342109855377 -0.012392234768902907 0.17777447056148749 0.9839931993791313 0.3692596318598138 -0.0035951204463616103 -0.9840704346683409 0.17774316687477337 -0.37734528628855324 0.0 0.0 0.0 1.0" />
		</transform>
	</shape>
	<shape type="ply" name="temp39">
		<string name="filename" value="meshes/Cube_035.ply" />
		<boolean name="face_normals" value="true" />
		<ref id="mat-Material" name="bsdf" />
		<transform name="to_world">
			<matrix value="0.9987208059188656 -0.050417960756993306 0.0039008775467459945 0.00874048678048256 0.006489924241215403 0.204295058851995 0.9788880058209986 0.09125818580922523 -0.050150480384804276 -0.9776101688905205 0.20436090285995798 -0.15925735261389828 0.0 0.0 0.0 1.0" />
		</transform>
	</shape>
	<shape type="ply" name="temp40">
		<string name="filename" value="meshes/Cube_036.ply" />
		<boolean name="face_normals" value="true" />
		<ref id="mat-Material" name="bsdf" />
		<transform name="to_world">
			<matrix value="0.9987146005421725 -0.050542506304453484 0.0039037852093115177 0.0031769405563815134 0.006649699393823346 0.2069608675428588 0.9783268033063196 -0.2393345124521837 -0.05025504098208065 -0.9770428202234771 0.20703086992063266 0.17879200780775106 0.0 0.0 0.0 1.0" />
		</transform>
	</shape>
	<shape type="ply" name="temp41">
		<string name="filename" value="meshes/Cube_037.ply" />
		<boolean name="face_normals" value="true" />
		<ref id="mat-Material" name="bsdf" />
		<transform name="to_world">
			<matrix value="0.9987106113714413 -0.05061621991435538 0.003965886262641831 -0.006212599540601715 0.006608610935292105 0.20704742993139671 0.9783086008658688 -0.5705440467357651 -0.0503394341051049 -0.9770207103121878 0.20711493210016918 0.5169953847277822 0.0 0.0 0.0 1.0" />
		</transform>
	</shape>
	<shape type="ply" name="temp42">
		<string name="filename" value="meshes/Cube_038.ply" />
		<boolean name="face_normals" value="true" />
		<ref id="mat-Material" name="bsdf" />
		<transform name="to_world">
			<matrix value="0.9989242536261561 -0.04620879682451614 0.003973238157421324 0.010112848703292876 0.005687396170750691 0.20706728713474323 0.9783102556331825 -0.9041135299065162 -0.04602926810241354 -0.9772347175667417 0.20710729653099305 0.8665374519713557 0.0 0.0 0.0 1.0" />
		</transform>
	</shape>
	<shape type="ply" name="temp43">
		<string name="filename" value="meshes/Cube_039.ply" />
		<boolean name="face_normals" value="true" />
		<ref id="mat-Material" name="bsdf" />
		<transform name="to_world">
			<matrix value="0.9999257585001093 -0.011637751663876632 -0.003604040843720684 0.022257788540731127 0.008288473625549603 0.43301848714424174 0.9013469154246989 -1.3192461021948714 -0.0089290342915795 -0.9013100355456523 0.43308282164097367 1.4752715069470055 0.0 0.0 0.0 1.0" />
		</transform>
	</shape>
	<shape type="ply" name="temp47">
		<string name="filename" value="meshes/Plane_001.ply" />
		<boolean name="face_normals" value="true" />
		<ref id="mat-Material.002" name="bsdf" />
	</shape>
	<shape type="ply" name="temp49">
		<string name="filename" value="meshes/Plane_002.ply" />
		<boolean name="face_normals" value="true" />
		<ref id="mat-Material.003" name="bsdf" />
	</shape>
	<shape type="ply" name="temp51">
		<string name="filename" value="meshes/Plane_003.ply" />
		<boolean name="face_normals" value="true" />
		<ref id="mat-Material.004" name="bsdf" />
	</shape>
	<shape type="ply" name="temp53">
		<string name="filename" value="meshes/Plane_004.ply" />
		<boolean name="face_normals" value="true" />
		<ref id="mat-Material.005" name="bsdf" />
	</shape>
	<emitter type="point">
		<transform name="to_world">
			<rotate x="1" angle="-142.5518126578256" />
			<rotate y="1" angle="3.976628485794621e-06" />
			<rotate z="1" angle="-179.999991348578" />
			<translate value="-0.000000 3.030926 4.073377" />
		</transform>
		<rgb name="intensity" value="100" />
	</emitter>
</scene>