<scene version="2.1.0">
	<default name="spp" value="1024" />
	<default name="resx" value="640" />
	<default name="resy" value="360" />
	<integrator type="path" name="temp0">
		<integer name="max_depth" value="12" />
	</integrator>
	<sensor type="perspective" name="temp44">
		<string name="fov_axis" value="x" />
		<float name="fov" value="83.974423" />
		<float name="principal_point_offset_x" value="0.000000" />
		<float name="principal_point_offset_y" value="-0.000000" />
		<float name="near_clip" value="0.100000" />
		<float name="far_clip" value="1000.000000" />
		<transform name="to_world">
			<rotate x="1" angle="-142.5518126578256" />
			<rotate y="1" angle="3.976628485794621e-06" />
			<rotate z="1" angle="-179.999991348578" />
			<translate value="-0.000000 3.030926 4.073377" />
		</transform>
		<sampler type="independent" name="sampler">
			<integer name="sample_count" value="$spp" />
		</sampler>
		<film type="hdrfilm" name="film">
			<integer name="width" value="$resx" />
			<integer name="height" value="$resy" />
		</film>
		<float name="shutter_open" value="0.0" />
		<float name="shutter_close" value="0.0015" />
	</sensor>
	<bsdf type="twosided" id="mat-Material" name="mat-Material">
		<bsdf type="diffuse" name="bsdf">
			<texture type="bitmap" name="reflectance">
				<string name="filename" value="textures/siggraph_2023_logo.jpg" />
			</texture>
		</bsdf>
	</bsdf>
	<bsdf type="twosided" id="mat-Material.001" name="mat-Material.001">
		<bsdf type="principled" name="bsdf">
			<rgb value="0.433648 0.266232 0.084399" name="base_color" />
			<float name="spec_tint" value="0.000000" />
			<float name="spec_trans" value="0.000000" />
			<float name="metallic" value="0.000000" />
			<float name="anisotropic" value="0.000000" />
			<float name="roughness" value="0.500000" />
			<float name="sheen" value="0.000000" />
			<float name="sheen_tint" value="0.500000" />
			<float name="clearcoat" value="0.000000" />
			<float name="clearcoat_gloss" value="0.173205" />
			<float name="specular" value="0.500000" />
		</bsdf>
	</bsdf>
	<bsdf type="twosided" id="mat-Material.002" name="mat-Material.002">
		<bsdf type="principled" name="bsdf">
			<rgb value="0.433648 0.266232 0.084399" name="base_color" />
			<float name="spec_tint" value="0.000000" />
			<float name="spec_trans" value="0.000000" />
			<float name="metallic" value="0.000000" />
			<float name="anisotropic" value="0.000000" />
			<float name="roughness" value="0.500000" />
			<float name="sheen" value="0.000000" />
			<float name="sheen_tint" value="0.500000" />
			<float name="clearcoat" value="0.000000" />
			<float name="clearcoat_gloss" value="0.173205" />
			<float name="specular" value="0.500000" />
		</bsdf>
	</bsdf>
	<bsdf type="twosided" id="mat-Material.003" name="mat-Material.003">
		<bsdf type="principled" name="bsdf">
			<rgb value="0.433648 0.266232 0.084399" name="base_color" />
			<float name="spec_tint" value="0.000000" />
			<float name="spec_trans" value="0.000000" />
			<float name="metallic" value="0.000000" />
			<float name="anisotropic" value="0.000000" />
			<float name="roughness" value="0.500000" />
			<float name="sheen" value="0.000000" />
			<float name="sheen_tint" value="0.500000" />
			<float name="clearcoat" value="0.000000" />
			<float name="clearcoat_gloss" value="0.173205" />
			<float name="specular" value="0.500000" />
		</bsdf>
	</bsdf>
	<bsdf type="twosided" id="mat-Material.004" name="mat-Material.004">
		<bsdf type="principled" name="bsdf">
			<rgb value="0.433648 0.266232 0.084399" name="base_color" />
			<float name="spec_tint" value="0.000000" />
			<float name="spec_trans" value="0.000000" />
			<float name="metallic" value="0.000000" />
			<float name="anisotropic" value="0.000000" />
			<float name="roughness" value="0.500000" />
			<float name="sheen" value="0.000000" />
			<float name="sheen_tint" value="0.500000" />
			<float name="clearcoat" value="0.000000" />
			<float name="clearcoat_gloss" value="0.173205" />
			<float name="specular" value="0.500000" />
		</bsdf>
	</bsdf>
	<bsdf type="twosided" id="mat-Material.005" name="mat-Material.005">
		<bsdf type="principled" name="bsdf">
			<rgb value="0.433648 0.266232 0.084399" name="base_color" />
			<float name="spec_tint" value="0.000000" />
			<float name="spec_trans" value="0.000000" />
			<float name="metallic" value="0.000000" />
			<float name="anisotropic" value="0.000000" />
			<float name="roughness" value="0.500000" />
			<float name="sheen" value="0.000000" />
			<float name="sheen_tint" value="0.500000" />
			<float name="clearcoat" value="0.000000" />
			<float name="clearcoat_gloss" value="0.173205" />
			<float name="specular" value="0.500000" />
		</bsdf>
	</bsdf>
	<emitter type="point" name="temp45">
		<point name="position" x="-6.815235034541981e-16" y="3.0693089962005615" z="4.109199523925781" />
		<rgb value="7.957747 7.957747 7.957747" name="intensity" />
	</emitter>
	<shape type="ply" name="temp2">
		<string name="filename" value="meshes/Cube.ply" />
		<boolean name="face_normals" value="true" />
		<ref id="mat-Material" name="bsdf" />
		<transform name="to_world">
			<matrix value="0.9314562955319514 -0.3367577275182876 -0.13777989798123114 0.5129142465330965 -0.18454843473805332 -0.11091209641589996 -0.9765453280954433 1.9205099940963521 0.313577763121269 0.9350362831987619 -0.1654578906633773 1.9845856973419622 0.0 0.0 0.0 1.0" />
			<scale value="1" />
		</transform>
	</shape>
	<shape type="ply" name="temp4">
		<string name="filename" value="meshes/Plane.ply" />
		<boolean name="face_normals" value="true" />
		<ref id="mat-Material.001" name="bsdf" />
		<transform name="to_world">
			<scale value="1" />
		</transform>
	</shape>
	<shape type="ply" name="temp5">
		<string name="filename" value="meshes/Cube_001.ply" />
		<boolean name="face_normals" value="true" />
		<ref id="mat-Material" name="bsdf" />
		<transform name="to_world">
			<matrix value="0.9984025587427552 -0.01556660819359939 -0.05431674421221492 0.03720245706392955 -0.05432186757016951 9.387367731627395e-05 -0.9985237111608382 1.1723087351313648 0.015548723731310736 0.999878812656047 -0.0007518837161913308 1.1003490154850004 0.0 0.0 0.0 1.0" />
			<scale value="1" />
		</transform>
	</shape>
	<shape type="ply" name="temp6">
		<string name="filename" value="meshes/Cube_002.ply" />
		<boolean name="face_normals" value="true" />
		<ref id="mat-Material" name="bsdf" />
		<transform name="to_world">
			<matrix value="0.9997495687263199 -0.0219527223349735 0.004413524460534036 -0.04625789252553458 0.009058378410962594 0.21624661311618343 -0.9762968766030559 0.6599680656694822 0.020477955842539454 0.9760918854539729 0.216391179428311 0.5481677438793626 0.0 0.0 0.0 1.0" />
			<scale value="1" />
		</transform>
	</shape>
	<shape type="ply" name="temp7">
		<string name="filename" value="meshes/Cube_003.ply" />
		<boolean name="face_normals" value="true" />
		<ref id="mat-Material" name="bsdf" />
		<transform name="to_world">
			<matrix value="0.9951912763041486 -0.05786439115353247 0.0790317578214941 -0.07819694667217103 0.089808112023006 0.21695830195881302 -0.9720410514675185 0.13393186412177982 0.039099963299629274 0.9744643039653917 0.2211117341441378 0.18836803219572595 0.0 0.0 0.0 1.0" />
			<scale value="1" />
		</transform>
	</shape>
	<shape type="ply" name="temp8">
		<string name="filename" value="meshes/Cube_004.ply" />
		<boolean name="face_normals" value="true" />
		<ref id="mat-Material" name="bsdf" />
		<transform name="to_world">
			<matrix value="0.9746763009572237 -0.18683817839361067 0.12287321031005138 0.059723477783322654 0.1632900995874311 0.21923770866228778 -0.9619103295776419 -0.37988783548241273 0.15278315577091167 0.9576148828904747 0.24419448527517124 -0.3963101181110817 0.0 0.0 0.0 1.0" />
			<scale value="1" />
		</transform>
	</shape>
	<shape type="ply" name="temp9">
		<string name="filename" value="meshes/Cube_005.ply" />
		<boolean name="face_normals" value="true" />
		<ref id="mat-Material" name="bsdf" />
		<transform name="to_world">
			<matrix value="0.9704796933480135 -0.22688356628697415 0.08181160143179923 0.133470244794895 0.13254525049332744 0.21832473619329903 -0.9668330259406053 -0.6344868401253918 0.20149704712717653 0.9491355233269994 0.2419520391697607 -0.8264639921291692 0.0 0.0 0.0 1.0" />
			<scale value="1" />
		</transform>
	</shape>
	<shape type="ply" name="temp10">
		<string name="filename" value="meshes/Cube_006.ply" />
		<boolean name="face_normals" value="true" />
		<ref id="mat-Material" name="bsdf" />
		<transform name="to_world">
			<matrix value="0.9875493549067687 -0.1425424729310025 -0.0665444818001599 0.034112040942662514 -0.034125888476970075 0.218819497604412 -0.9751685616904346 -0.5425493399053831 0.15356419107595914 0.9652976598953324 0.21123074028143338 -1.0425989540813305 0.0 0.0 0.0 1.0" />
			<scale value="1" />
		</transform>
	</shape>
	<shape type="ply" name="temp11">
		<string name="filename" value="meshes/Cube_007.ply" />
		<boolean name="face_normals" value="true" />
		<ref id="mat-Material" name="bsdf" />
		<transform name="to_world">
			<matrix value="0.9246441216466588 -0.24749751263497996 -0.28944504304995367 0.17851716308851273 -0.24208043231972937 0.20474411949364132 -0.9484076646930808 -0.3133763327250421 0.29399075753465703 0.9470083829937238 0.12940112552544772 -1.8051950225297637 0.0 0.0 0.0 1.0" />
			<scale value="1" />
		</transform>
	</shape>
	<shape type="ply" name="temp12">
		<string name="filename" value="meshes/Cube_008.ply" />
		<boolean name="face_normals" value="true" />
		<ref id="mat-Material" name="bsdf" />
		<transform name="to_world">
			<matrix value="0.3124608839647747 0.8907169660195694 -0.3301383716427726 1.7778893794143584 -0.5897173362268118 -0.09057571288820103 -0.8025146316889831 0.4499645938772271 -0.7447161217459448 0.44544254238949743 0.49696964825793194 0.9852659523678364 0.0 0.0 0.0 1.0" />
			<scale value="1" />
		</transform>
	</shape>
	<shape type="ply" name="temp13">
		<string name="filename" value="meshes/Cube_009.ply" />
		<boolean name="face_normals" value="true" />
		<ref id="mat-Material" name="bsdf" />
		<transform name="to_world">
			<matrix value="-0.07421519714481754 0.9906785865509165 0.11422783120049587 2.6188073352770136 -0.8384709419939117 2.0959152981813554e-05 -0.5449463169843899 0.9508913824731027 -0.539869102011074 -0.1362199977890089 0.8306537134633287 0.9245468873370468 0.0 0.0 0.0 1.0" />
			<scale value="1" />
		</transform>
	</shape>
	<shape type="ply" name="temp14">
		<string name="filename" value="meshes/Cube_010.ply" />
		<boolean name="face_normals" value="true" />
		<ref id="mat-Material" name="bsdf" />
		<transform name="to_world">
			<matrix value="0.015715914309066763 0.9924611460025906 0.12154679611044579 1.9671867978368083 -0.9930499781038851 0.0013118853288223555 0.11768872975805883 2.0380191515629327 0.11664206678049101 -0.12255156719640067 0.9855841399536003 -0.36792406441285896 0.0 0.0 0.0 1.0" />
			<scale value="1" />
		</transform>
	</shape>
	<shape type="ply" name="temp15">
		<string name="filename" value="meshes/Cube_011.ply" />
		<boolean name="face_normals" value="true" />
		<ref id="mat-Material" name="bsdf" />
		<transform name="to_world">
			<matrix value="0.061552239520448485 0.9739778859170295 0.21812480822428812 1.6965494716939098 -0.938872607162423 -0.017663772910352652 0.34381147756064606 2.0571458181743374 0.3387177386898145 -0.22595369850841535 0.9133540195007236 -0.8814664163193342 0.0 0.0 0.0 1.0" />
			<scale value="1" />
		</transform>
	</shape>
	<shape type="ply" name="temp16">
		<string name="filename" value="meshes/Cube_012.ply" />
		<boolean name="face_normals" value="true" />
		<ref id="mat-Material" name="bsdf" />
		<transform name="to_world">
			<matrix value="0.09129438838920832 0.9908095773461015 0.09980856706133655 1.0959680818826363 -0.7382709515679214 7.933244754632131e-05 0.6745046690441734 1.8463538852185584 0.6682977942545304 -0.13526420301070247 0.7314929641657775 -1.8380697806492163 0.0 0.0 0.0 1.0" />
			<scale value="1" />
		</transform>
	</shape>
	<shape type="ply" name="temp17">
		<string name="filename" value="meshes/Cube_013.ply" />
		<boolean name="face_normals" value="true" />
		<ref id="mat-Material" name="bsdf" />
		<transform name="to_world">
			<matrix value="0.9108735042825964 0.16340154727662212 0.37895826251323217 0.6592136360296939 -0.4002739673809942 0.1262965690006529 0.9076507457563492 1.4700225990487106 0.10045042169967042 -0.978442210740828 0.18044556737479678 -1.3966291235283634 0.0 0.0 0.0 1.0" />
			<scale value="1" />
		</transform>
	</shape>
	<shape type="ply" name="temp18">
		<string name="filename" value="meshes/Cube_014.ply" />
		<boolean name="face_normals" value="true" />
		<ref id="mat-Material" name="bsdf" />
		<transform name="to_world">
			<matrix value="0.9402218333519495 0.29453050854881807 0.17098334784012678 0.11326511276403317 -0.21630391807484392 0.12865863757057963 0.9678119390043313 1.0259828029913933 0.263051547177706 -0.9469418446757873 0.18467569633790537 -0.8668265945553699 0.0 0.0 0.0 1.0" />
			<scale value="1" />
		</transform>
	</shape>
	<shape type="ply" name="temp19">
		<string name="filename" value="meshes/Cube_015.ply" />
		<boolean name="face_normals" value="true" />
		<ref id="mat-Material" name="bsdf" />
		<transform name="to_world">
			<matrix value="0.9834382928476828 0.12696268222425708 0.1293451234716451 0.014490232683037285 -0.14983014997508987 0.16793829248909628 0.9743447239635366 0.6400294134572508 0.10198346001166611 -0.977587433227025 0.18417976257398583 -0.2912526534023015 0.0 0.0 0.0 1.0" />
			<scale value="1" />
		</transform>
	</shape>
	<shape type="ply" name="temp20">
		<string name="filename" value="meshes/Cube_016.ply" />
		<boolean name="face_normals" value="true" />
		<ref id="mat-Material" name="bsdf" />
		<transform name="to_world">
			<matrix value="0.9849594966198427 0.021906416671707448 0.1713918626108162 0.029925198530732833 -0.17262839367618926 0.1671469871074187 0.9707013991294033 0.32647652152588436 -0.0073830508113973264 -0.9856884212897588 0.16841467617858438 0.20963642524973075 0.0 0.0 0.0 1.0" />
			<scale value="1" />
		</transform>
	</shape>
	<shape type="ply" name="temp21">
		<string name="filename" value="meshes/Cube_017.ply" />
		<boolean name="face_normals" value="true" />
		<ref id="mat-Material" name="bsdf" />
		<transform name="to_world">
			<matrix value="0.9386625108372472 -0.16403316069525242 0.3033257040680327 0.2211113231527374 -0.28274705820820634 0.1374271572285852 0.9492986386938496 0.14689369789005954 -0.19740167580630005 -0.9768350704909861 0.08261780406703982 0.47751000422999695 0.0 0.0 0.0 1.0" />
			<scale value="1" />
		</transform>
	</shape>
	<shape type="ply" name="temp22">
		<string name="filename" value="meshes/Cube_018.ply" />
		<boolean name="face_normals" value="true" />
		<ref id="mat-Material" name="bsdf" />
		<transform name="to_world">
			<matrix value="0.21891500761488367 0.9554639639733598 0.19790128225555184 0.8532625172430609 -0.5857312681839699 -0.033530765107222645 0.809811682751793 2.2186070312513184e-05 0.7803815242887309 -0.2931968220131283 0.552304594437807 -0.14835122207560597 0.0 0.0 0.0 1.0" />
			<scale value="1" />
		</transform>
	</shape>
	<shape type="ply" name="temp23">
		<string name="filename" value="meshes/Cube_019.ply" />
		<boolean name="face_normals" value="true" />
		<ref id="mat-Material" name="bsdf" />
		<transform name="to_world">
			<matrix value="-0.08231906451286906 0.9831524561817018 -0.16320168634972987 0.5109349003116146 -0.9136184969868464 -0.009023288411277725 0.4064723150336556 -0.046193315309629085 0.39815163990376345 0.18256445769185042 0.8989691272426233 -0.05480818896344086 0.0 0.0 0.0 1.0" />
			<scale value="1" />
		</transform>
	</shape>
	<shape type="ply" name="temp24">
		<string name="filename" value="meshes/Cube_020.ply" />
		<boolean name="face_normals" value="true" />
		<ref id="mat-Material" name="bsdf" />
		<transform name="to_world">
			<matrix value="0.09911214715591972 0.9398250317242446 -0.32696429146867 0.14383799506145442 -0.9617392161567904 0.006134617977832322 -0.27389732293753577 0.13938802499330286 -0.2554097208263477 0.3416009230837879 0.9044750106765355 0.11955700424779214 0.0 0.0 0.0 1.0" />
			<scale value="1" />
		</transform>
	</shape>
	<shape type="ply" name="temp25">
		<string name="filename" value="meshes/Cube_021.ply" />
		<boolean name="face_normals" value="true" />
		<ref id="mat-Material" name="bsdf" />
		<transform name="to_world">
			<matrix value="0.18867518753534848 0.9410695773878184 -0.28069510628570454 -0.1743790097548425 -0.7967619457933751 -0.020398516550102934 -0.6039494095081038 0.09090129181790543 -0.5740842193724769 0.33759727839507075 0.7459594128129107 0.31566652384439353 0.0 0.0 0.0 1.0" />
			<scale value="1" />
		</transform>
	</shape>
	<shape type="ply" name="temp26">
		<string name="filename" value="meshes/Cube_022.ply" />
		<boolean name="face_normals" value="true" />
		<ref id="mat-Material" name="bsdf" />
		<transform name="to_world">
			<matrix value="0.637227473152881 0.4021094106874305 -0.6574567833876491 -0.08741499115172535 -0.711659636861356 -0.02038280599804348 -0.7022288770134382 -0.19538635712292696 -0.2957736509067828 0.9153647196734408 0.2731765527981879 0.6937122254521452 0.0 0.0 0.0 1.0" />
			<scale value="1" />
		</transform>
	</shape>
	<shape type="ply" name="temp27">
		<string name="filename" value="meshes/Cube_023.ply" />
		<boolean name="face_normals" value="true" />
		<ref id="mat-Material" name="bsdf" />
		<transform name="to_world">
			<matrix value="0.8557901483439623 0.28685816074739845 -0.43050662828867275 -0.06651546889975435 -0.4804118419862879 0.13197308014008508 -0.867057175993014 -0.2870748754861622 -0.1919070806893996 0.9488391253652829 0.25075114616276006 0.20912711353229385 0.0 0.0 0.0 1.0" />
			<scale value="1" />
		</transform>
	</shape>
	<shape type="ply" name="temp28">
		<string name="filename" value="meshes/Cube_024.ply" />
		<boolean name="face_normals" value="true" />
		<ref id="mat-Material" name="bsdf" />
		<transform name="to_world">
			<matrix value="0.8513874335803073 0.45366263195549655 -0.26330492019057244 -0.19734528039974664 -0.37481858137996943 0.17500902126097415 -0.910430045657394 -0.5100183078989905 -0.3669474599620231 0.8738204049451112 0.3190417384323491 -0.3583765715754969 0.0 0.0 0.0 1.0" />
			<scale value="1" />
		</transform>
	</shape>
	<shape type="ply" name="temp29">
		<string name="filename" value="meshes/Cube_025.ply" />
		<boolean name="face_normals" value="true" />
		<ref id="mat-Material" name="bsdf" />
		<transform name="to_world">
			<matrix value="0.9033951388851952 0.3530172728467345 -0.2434266732416088 -0.2593568218020105 -0.3212053235040167 0.18100472860083894 -0.9295506455720082 -0.7932891901600405 -0.28408626714678553 0.9179411500908383 0.2769097078579226 -0.6918120901557478 0.0 0.0 0.0 1.0" />
			<scale value="1" />
		</transform>
	</shape>
	<shape type="ply" name="temp30">
		<string name="filename" value="meshes/Cube_026.ply" />
		<boolean name="face_normals" value="true" />
		<ref id="mat-Material" name="bsdf" />
		<transform name="to_world">
			<matrix value="0.9235142998473478 0.22989906616912414 -0.3070314372694259 -0.33446564810087887 -0.35123970129089566 0.1852492683913788 -0.9177765033442847 -1.1493920811170166 -0.15411873013171354 0.9554209956551939 0.2518300544513004 -0.8895423956755086 0.0 0.0 0.0 1.0" />
			<scale value="1" />
		</transform>
	</shape>
	<shape type="ply" name="temp31">
		<string name="filename" value="meshes/Cube_027.ply" />
		<boolean name="face_normals" value="true" />
		<ref id="mat-Material" name="bsdf" />
		<transform name="to_world">
			<matrix value="0.8717127016969046 0.17222137861554412 -0.4587558702870454 -0.6060986624244797 -0.4858238169449335 0.18152744027716652 -0.8549988865779933 -1.5859175150654838 -0.06397233643070278 0.9681878007521543 0.24190901521960415 -1.030248379061045 0.0 0.0 0.0 1.0" />
			<scale value="1" />
		</transform>
	</shape>
	<shape type="ply" name="temp32">
		<string name="filename" value="meshes/Cube_028.ply" />
		<boolean name="face_normals" value="true" />
		<ref id="mat-Material" name="bsdf" />
		<transform name="to_world">
			<matrix value="-0.10537008866596811 0.984673034043006 0.13898177912071338 -1.4868677833687833 -0.7970788632459085 -6.150372426854782e-05 -0.6038756541649785 -2.1221043968235516 -0.5946116054727876 -0.1744098009482232 0.7848684294508868 -1.3615229683737093 0.0 0.0 0.0 1.0" />
			<scale value="1" />
		</transform>
	</shape>
	<shape type="ply" name="temp33">
		<string name="filename" value="meshes/Cube_029.ply" />
		<boolean name="face_normals" value="true" />
		<ref id="mat-Material" name="bsdf" />
		<transform name="to_world">
			<matrix value="0.0021263654044930474 0.9760226355431425 0.21765877846968062 -1.5682265040807657 -0.9986818006939384 -0.009091184611501744 0.05052295375019917 -1.822604278584949 0.0512903194350625 -0.21747913637852168 0.9747165738184608 -0.12505348834721008 0.0 0.0 0.0 1.0" />
			<scale value="1" />
		</transform>
	</shape>
	<shape type="ply" name="temp34">
		<string name="filename" value="meshes/Cube_030.ply" />
		<boolean name="face_normals" value="true" />
		<ref id="mat-Material" name="bsdf" />
		<transform name="to_world">
			<matrix value="-0.041599642943391586 0.9784395180339192 -0.2023007330065574 -3.227025726706011 -0.9759123723693411 0.003608334519580307 0.21813155629363234 -1.9237442239951232 0.21415846022432472 0.20650199328894744 0.9547215320935981 0.2390693070150769 0.0 0.0 0.0 1.0" />
			<scale value="1" />
		</transform>
	</shape>
	<shape type="ply" name="temp35">
		<string name="filename" value="meshes/Cube_031.ply" />
		<boolean name="face_normals" value="true" />
		<ref id="mat-Material" name="bsdf" />
		<transform name="to_world">
			<matrix value="0.13688453744235649 0.976035567755406 0.16916610601574109 -1.8804340376419164 -0.7799258723429907 0.0009052131416306685 0.6258715304848327 -1.1869712753834525 0.6107198768853264 -0.2176090842533629 0.7613591502249774 0.583225198424806 0.0 0.0 0.0 1.0" />
			<scale value="1" />
		</transform>
	</shape>
	<shape type="ply" name="temp36">
		<string name="filename" value="meshes/Cube_032.ply" />
		<boolean name="face_normals" value="true" />
		<ref id="mat-Material" name="bsdf" />
		<transform name="to_world">
			<matrix value="0.7275236823769076 0.6101159101670133 0.3137963624432119 -0.6460996280161186 -0.39462955674107797 -0.002009117209645762 0.9188381547736963 -0.11173578845298601 0.5612284518294336 -0.7923095053845978 0.23930819379310966 -0.12808083138433402 0.0 0.0 0.0 1.0" />
			<scale value="1" />
		</transform>
	</shape>
	<shape type="ply" name="temp37">
		<string name="filename" value="meshes/Cube_033.ply" />
		<boolean name="face_normals" value="true" />
		<ref id="mat-Material" name="bsdf" />
		<transform name="to_world">
			<matrix value="0.9762249856833095 0.17226929037613967 0.1315603131954455 -0.1480676450744025 -0.1500864320325091 0.09929604962632164 0.9836740656829154 0.30047563814933276 0.15639339960675644 -0.9800324556811 0.12279059014203104 -0.38427985593624936 0.0 0.0 0.0 1.0" />
			<scale value="1" />
		</transform>
	</shape>
	<shape type="ply" name="temp38">
		<string name="filename" value="meshes/Cube_034.ply" />
		<boolean name="face_normals" value="true" />
		<ref id="mat-Material" name="bsdf" />
		<transform name="to_world">
			<matrix value="0.9999157841734527 -0.0014550032017654555 0.012916711778775576 -0.03333600182659158 -0.012454603237079077 0.17717735694783104 0.9841002864638616 0.36916300549922193 -0.0037204202990282383 -0.9841778554637555 0.17714428294440787 -0.38325446460684853 0.0 0.0 0.0 1.0" />
			<scale value="1" />
		</transform>
	</shape>
	<shape type="ply" name="temp39">
		<string name="filename" value="meshes/Cube_035.ply" />
		<boolean name="face_normals" value="true" />
		<ref id="mat-Material" name="bsdf" />
		<transform name="to_world">
			<matrix value="0.9986547629812048 -0.0516902192844315 0.004096849275755626 0.008022446276363393 0.006429984734773336 0.20185199708816642 0.979395073804986 0.0911213575372399 -0.051452102470271814 -0.9780511156118918 0.20191284009605212 -0.16368322195067525 0.0 0.0 0.0 1.0" />
			<scale value="1" />
		</transform>
	</shape>
	<shape type="ply" name="temp40">
		<string name="filename" value="meshes/Cube_036.ply" />
		<boolean name="face_normals" value="true" />
		<ref id="mat-Material" name="bsdf" />
		<transform name="to_world">
			<matrix value="0.9986188604446241 -0.05236509303892388 0.004261120390941142 0.0029313739611769307 0.006589179241419294 0.20529603293959617 0.9786778503721572 -0.23960926086112974 -0.05212334693197312 -0.9772979185395778 0.20535756921300685 0.17673717904654554 0.0 0.0 0.0 1.0" />
			<scale value="1" />
		</transform>
	</shape>
	<shape type="ply" name="temp41">
		<string name="filename" value="meshes/Cube_037.ply" />
		<boolean name="face_normals" value="true" />
		<ref id="mat-Material" name="bsdf" />
		<transform name="to_world">
			<matrix value="0.9986503305692812 -0.051772443124339054 0.0041556171549254626 -0.007643874389655636 0.006576910325214928 0.20541692826585292 0.9786525560717905 -0.5708314822094129 -0.051520849179205956 -0.9773041760616409 0.20548018747095292 0.5208184598426988 0.0 0.0 0.0 1.0" />
			<scale value="1" />
		</transform>
	</shape>
	<shape type="ply" name="temp42">
		<string name="filename" value="meshes/Cube_038.ply" />
		<boolean name="face_normals" value="true" />
		<ref id="mat-Material" name="bsdf" />
		<transform name="to_world">
			<matrix value="0.9988741673714202 -0.04723494700921733 0.004407141786609717 0.010685171104316105 0.005400047338159344 0.20550422069863147 0.9786414454912555 -0.9052275906996399 -0.0471317419201563 -0.9775156803073695 0.20552793932772007 0.8739206193012241 0.0 0.0 0.0 1.0" />
			<scale value="1" />
		</transform>
	</shape>
	<shape type="ply" name="temp43">
		<string name="filename" value="meshes/Cube_039.ply" />
		<boolean name="face_normals" value="true" />
		<ref id="mat-Material" name="bsdf" />
		<transform name="to_world">
			<matrix value="0.9999157132356014 -0.012615693551329132 -0.0031375620861920227 0.0232416051811577 0.008291606395280116 0.4330222387410222 0.9013450843102505 -1.319236890099859 -0.010012434571084748 -0.9012949873026498 0.4330902208336968 1.4810635178949294 0.0 0.0 0.0 1.0" />
			<scale value="1" />
		</transform>
	</shape>
	<shape type="ply" name="temp47">
		<string name="filename" value="meshes/Plane_001.ply" />
		<boolean name="face_normals" value="true" />
		<ref id="mat-Material.002" name="bsdf" />
		<transform name="to_world">
			<scale value="1" />
		</transform>
	</shape>
	<shape type="ply" name="temp49">
		<string name="filename" value="meshes/Plane_002.ply" />
		<boolean name="face_normals" value="true" />
		<ref id="mat-Material.003" name="bsdf" />
		<transform name="to_world">
			<scale value="1" />
		</transform>
	</shape>
	<shape type="ply" name="temp51">
		<string name="filename" value="meshes/Plane_003.ply" />
		<boolean name="face_normals" value="true" />
		<ref id="mat-Material.004" name="bsdf" />
		<transform name="to_world">
			<scale value="1" />
		</transform>
	</shape>
	<shape type="ply" name="temp53">
		<string name="filename" value="meshes/Plane_004.ply" />
		<boolean name="face_normals" value="true" />
		<ref id="mat-Material.005" name="bsdf" />
		<transform name="to_world">
			<scale value="1" />
		</transform>
	</shape>
	<emitter type="point">
		<transform name="to_world">
			<rotate x="1" angle="-142.5518126578256" />
			<rotate y="1" angle="3.976628485794621e-06" />
			<rotate z="1" angle="-179.999991348578" />
			<translate value="-0.000000 3.030926 4.073377" />
		</transform>
		<rgb name="intensity" value="100" />
	</emitter>
</scene>