<scene version="2.1.0">
	<default name="spp" value="1024" />
	<default name="resx" value="1280" />
	<default name="resy" value="720" />
	<integrator type="path" name="temp0">
		<integer name="max_depth" value="12" />
	</integrator>
	<sensor type="perspective" name="temp44">
		<string name="fov_axis" value="x" />
		<float name="fov" value="83.974423" />
		<float name="principal_point_offset_x" value="0.000000" />
		<float name="principal_point_offset_y" value="-0.000000" />
		<float name="near_clip" value="0.100000" />
		<float name="far_clip" value="1000.000000" />
		<transform name="to_world">
			<rotate x="1" angle="-142.5518126578256" />
			<rotate y="1" angle="3.976628485794621e-06" />
			<rotate z="1" angle="-179.999991348578" />
			<translate value="-0.000000 3.030926 4.073377" />
		</transform>
		<sampler type="independent" name="sampler">
			<integer name="sample_count" value="$spp" />
		</sampler>
		<film type="hdrfilm" name="film">
			<integer name="width" value="$resx" />
			<integer name="height" value="$resy" />
		</film>
		<float name="shutter_open" value="0.0" />
		<float name="shutter_close" value="0.0015" />
	</sensor>
	<bsdf type="twosided" id="mat-Material" name="mat-Material">
		<bsdf type="diffuse" name="bsdf">
			<texture type="bitmap" name="reflectance">
				<string name="filename" value="textures/siggraph_2023_logo.jpg" />
			</texture>
		</bsdf>
	</bsdf>
	<bsdf type="twosided" id="mat-Material.001" name="mat-Material.001">
		<bsdf type="principled" name="bsdf">
			<rgb value="0.433648 0.266232 0.084399" name="base_color" />
			<float name="spec_tint" value="0.000000" />
			<float name="spec_trans" value="0.000000" />
			<float name="metallic" value="0.000000" />
			<float name="anisotropic" value="0.000000" />
			<float name="roughness" value="0.500000" />
			<float name="sheen" value="0.000000" />
			<float name="sheen_tint" value="0.500000" />
			<float name="clearcoat" value="0.000000" />
			<float name="clearcoat_gloss" value="0.173205" />
			<float name="specular" value="0.500000" />
		</bsdf>
	</bsdf>
	<bsdf type="twosided" id="mat-Material.002" name="mat-Material.002">
		<bsdf type="principled" name="bsdf">
			<rgb value="0.433648 0.266232 0.084399" name="base_color" />
			<float name="spec_tint" value="0.000000" />
			<float name="spec_trans" value="0.000000" />
			<float name="metallic" value="0.000000" />
			<float name="anisotropic" value="0.000000" />
			<float name="roughness" value="0.500000" />
			<float name="sheen" value="0.000000" />
			<float name="sheen_tint" value="0.500000" />
			<float name="clearcoat" value="0.000000" />
			<float name="clearcoat_gloss" value="0.173205" />
			<float name="specular" value="0.500000" />
		</bsdf>
	</bsdf>
	<bsdf type="twosided" id="mat-Material.003" name="mat-Material.003">
		<bsdf type="principled" name="bsdf">
			<rgb value="0.433648 0.266232 0.084399" name="base_color" />
			<float name="spec_tint" value="0.000000" />
			<float name="spec_trans" value="0.000000" />
			<float name="metallic" value="0.000000" />
			<float name="anisotropic" value="0.000000" />
			<float name="roughness" value="0.500000" />
			<float name="sheen" value="0.000000" />
			<float name="sheen_tint" value="0.500000" />
			<float name="clearcoat" value="0.000000" />
			<float name="clearcoat_gloss" value="0.173205" />
			<float name="specular" value="0.500000" />
		</bsdf>
	</bsdf>
	<bsdf type="twosided" id="mat-Material.004" name="mat-Material.004">
		<bsdf type="principled" name="bsdf">
			<rgb value="0.433648 0.266232 0.084399" name="base_color" />
			<float name="spec_tint" value="0.000000" />
			<float name="spec_trans" value="0.000000" />
			<float name="metallic" value="0.000000" />
			<float name="anisotropic" value="0.000000" />
			<float name="roughness" value="0.500000" />
			<float name="sheen" value="0.000000" />
			<float name="sheen_tint" value="0.500000" />
			<float name="clearcoat" value="0.000000" />
			<float name="clearcoat_gloss" value="0.173205" />
			<float name="specular" value="0.500000" />
		</bsdf>
	</bsdf>
	<bsdf type="twosided" id="mat-Material.005" name="mat-Material.005">
		<bsdf type="principled" name="bsdf">
			<rgb value="0.433648 0.266232 0.084399" name="base_color" />
			<float name="spec_tint" value="0.000000" />
			<float name="spec_trans" value="0.000000" />
			<float name="metallic" value="0.000000" />
			<float name="anisotropic" value="0.000000" />
			<float name="roughness" value="0.500000" />
			<float name="sheen" value="0.000000" />
			<float name="sheen_tint" value="0.500000" />
			<float name="clearcoat" value="0.000000" />
			<float name="clearcoat_gloss" value="0.173205" />
			<float name="specular" value="0.500000" />
		</bsdf>
	</bsdf>
	<emitter type="point" name="temp45">
		<point name="position" x="-6.815235034541981e-16" y="3.0693089962005615" z="4.109199523925781" />
		<rgb value="7.957747 7.957747 7.957747" name="intensity" />
	</emitter>
	<shape type="ply" name="temp2">
		<string name="filename" value="meshes/Cube.ply" />
		<boolean name="face_normals" value="true" />
		<ref id="mat-Material" name="bsdf" />
		<transform name="to_world">
			<matrix value="0.9945946736592397 0.0007285559933503396 -0.10121275532468663 0.14243512361144428 -0.037232938316782704 0.9358787542525078 -0.33825642368851416 0.537556188594278 0.09441281179801678 0.3402115668209494 0.9308484559366195 0.1191283175398582 0.0 0.0 0.0 1.0" />
		</transform>
	</shape>
	<shape type="ply" name="temp4">
		<string name="filename" value="meshes/Plane.ply" />
		<boolean name="face_normals" value="true" />
		<ref id="mat-Material.001" name="bsdf" />
	</shape>
	<shape type="ply" name="temp5">
		<string name="filename" value="meshes/Cube_001.ply" />
		<boolean name="face_normals" value="true" />
		<ref id="mat-Material" name="bsdf" />
		<transform name="to_world">
			<matrix value="0.9970664081684033 -0.01898451367581447 -0.07402445556973403 0.07179344411814315 -0.03634409567272489 0.723647488752104 -0.6767053913737453 0.7756720986375014 0.06696625338857892 0.6774147256180867 0.7208041129005187 0.2258186597926085 0.0 0.0 0.0 1.0" />
		</transform>
	</shape>
	<shape type="ply" name="temp6">
		<string name="filename" value="meshes/Cube_002.ply" />
		<boolean name="face_normals" value="true" />
		<ref id="mat-Material" name="bsdf" />
		<transform name="to_world">
			<matrix value="0.9988965510516341 -0.04323067520748901 -0.017397159757382746 0.003733498619875819 0.009523934581145938 0.5478842274984722 -0.8314348818330661 0.5481343046443188 0.04593118325895747 0.8303607670053377 0.5476836567142657 0.22095880756910602 0.0 0.0 0.0 1.0" />
		</transform>
	</shape>
	<shape type="ply" name="temp7">
		<string name="filename" value="meshes/Cube_003.ply" />
		<boolean name="face_normals" value="true" />
		<ref id="mat-Material" name="bsdf" />
		<transform name="to_world">
			<matrix value="0.9952610867919442 -0.07598027211877612 0.06035565204687625 -0.028509155955088294 0.08977766135309126 0.4866275710593777 -0.8663524815127032 0.0861462197723371 0.036870453453469426 0.8676706165536489 0.49117949922958765 0.16854480198493021 0.0 0.0 0.0 1.0" />
		</transform>
	</shape>
	<shape type="ply" name="temp8">
		<string name="filename" value="meshes/Cube_004.ply" />
		<boolean name="face_normals" value="true" />
		<ref id="mat-Material" name="bsdf" />
		<transform name="to_world">
			<matrix value="0.9853537596604418 -0.1216624463156753 0.11937337744155006 0.028052453729956683 0.1580013678423196 0.3908952011063299 -0.9057318066607694 -0.3740653011952726 0.06375242231311622 0.9113246548455123 0.40442926838954735 -0.10675002070707734 0.0 0.0 0.0 1.0" />
		</transform>
	</shape>
	<shape type="ply" name="temp9">
		<string name="filename" value="meshes/Cube_005.ply" />
		<boolean name="face_normals" value="true" />
		<ref id="mat-Material" name="bsdf" />
		<transform name="to_world">
			<matrix value="0.9868246555572695 -0.13456110783170602 0.0897946835635745 0.06873333724568775 0.12813617521856224 0.3115272942683184 -0.9412101360644243 -0.6178886107328758 0.09874602634271054 0.9403130429704041 0.3246723206125854 -0.49749535084279467 0.0 0.0 0.0 1.0" />
		</transform>
	</shape>
	<shape type="ply" name="temp10">
		<string name="filename" value="meshes/Cube_006.ply" />
		<boolean name="face_normals" value="true" />
		<ref id="mat-Material" name="bsdf" />
		<transform name="to_world">
			<matrix value="0.9898371443211053 -0.12294651070140564 -0.07143355092735523 0.01287671629357634 -0.03375553829869846 0.28477012992701645 -0.9578758886691463 -0.5342851516385085 0.13814103757444235 0.9505523306140924 0.27772468075992585 -0.8901145799515888 0.0 0.0 0.0 1.0" />
		</transform>
	</shape>
	<shape type="ply" name="temp11">
		<string name="filename" value="meshes/Cube_007.ply" />
		<boolean name="face_normals" value="true" />
		<ref id="mat-Material" name="bsdf" />
		<transform name="to_world">
			<matrix value="0.9300099995212996 -0.053514714563131095 -0.3632321813473683 -0.012438743616489667 -0.33505497077267576 0.2823149911456063 -0.8987856844661319 -0.029444193387337364 0.15068436440099497 0.9575750433333403 0.2446460239960172 -1.157474217654352 0.0 0.0 0.0 1.0" />
		</transform>
	</shape>
	<shape type="ply" name="temp12">
		<string name="filename" value="meshes/Cube_008.ply" />
		<boolean name="face_normals" value="true" />
		<ref id="mat-Material" name="bsdf" />
		<transform name="to_world">
			<matrix value="0.09535387933556372 0.973204456190045 -0.20900351803530895 2.2981084389466404 -0.6276802794901662 -0.10426407368857982 -0.7713673011359741 0.6030698762965084 -0.7725246309130592 0.20469996224628356 0.6009099565458104 1.377143697152237 0.0 0.0 0.0 1.0" />
		</transform>
	</shape>
	<shape type="ply" name="temp13">
		<string name="filename" value="meshes/Cube_009.ply" />
		<boolean name="face_normals" value="true" />
		<ref id="mat-Material" name="bsdf" />
		<transform name="to_world">
			<matrix value="-0.07451276711930457 0.9918175598584132 0.10364432951428797 2.594323110292289 -0.8117712006694715 1.8775142202188883e-05 -0.583781814674571 0.8463018275532784 -0.5790070776753595 -0.12766358727053145 0.8051275092773348 0.9648291184401653 0.0 0.0 0.0 1.0" />
		</transform>
	</shape>
	<shape type="ply" name="temp14">
		<string name="filename" value="meshes/Cube_010.ply" />
		<boolean name="face_normals" value="true" />
		<ref id="mat-Material" name="bsdf" />
		<transform name="to_world">
			<matrix value="0.01839766092757971 0.9984016202810462 0.053301887238481754 1.8440339576319977 -0.9443348899964008 -0.00016474616361751522 0.32898523522044576 2.341353624211587 0.32846754233396624 -0.05638749079622797 0.9428227068116368 -0.7920105409382797 0.0 0.0 0.0 1.0" />
		</transform>
	</shape>
	<shape type="ply" name="temp15">
		<string name="filename" value="meshes/Cube_011.ply" />
		<boolean name="face_normals" value="true" />
		<ref id="mat-Material" name="bsdf" />
		<transform name="to_world">
			<matrix value="-0.011783852989307248 0.9981078296201893 -0.06026337512960374 1.3144003306859542 -0.8346103112085059 0.02337346560344414 0.5503387308691169 2.2641619565646716 0.5507136626438096 0.05678334164193208 0.8327584592887054 -1.3476215453333569 0.0 0.0 0.0 1.0" />
		</transform>
	</shape>
	<shape type="ply" name="temp16">
		<string name="filename" value="meshes/Cube_012.ply" />
		<boolean name="face_normals" value="true" />
		<ref id="mat-Material" name="bsdf" />
		<transform name="to_world">
			<matrix value="0.10310669967927068 0.9896750885960832 0.09956028104568057 1.0857660991658649 -0.694517726988247 -2.1727242956637458e-05 0.719472734398972 1.8746603161911297 0.7120465864222811 -0.14332943976404972 0.6873444814219274 -1.9341756670074945 0.0 0.0 0.0 1.0" />
		</transform>
	</shape>
	<shape type="ply" name="temp17">
		<string name="filename" value="meshes/Cube_013.ply" />
		<boolean name="face_normals" value="true" />
		<ref id="mat-Material" name="bsdf" />
		<transform name="to_world">
			<matrix value="0.9000393598178811 0.2548279911476921 0.3533259168238302 0.5876662357645512 -0.38693298370468077 0.09481542395754897 0.917125825197 1.509743542985888 0.20013113290675802 -0.9622861231104891 0.18399225379780917 -1.4995892634695744 0.0 0.0 0.0 1.0" />
		</transform>
	</shape>
	<shape type="ply" name="temp18">
		<string name="filename" value="meshes/Cube_014.ply" />
		<boolean name="face_normals" value="true" />
		<ref id="mat-Material" name="bsdf" />
		<transform name="to_world">
			<matrix value="0.9452162751073974 0.28463559320266235 0.1598393055461654 0.09762483369413905 -0.21469911901380606 0.17320598928295056 0.9611970066677666 1.0175877183642308 0.24590675623684682 -0.9428562042288334 0.22482847154816718 -0.8186210379045171 0.0 0.0 0.0 1.0" />
		</transform>
	</shape>
	<shape type="ply" name="temp19">
		<string name="filename" value="meshes/Cube_015.ply" />
		<boolean name="face_normals" value="true" />
		<ref id="mat-Material" name="bsdf" />
		<transform name="to_world">
			<matrix value="0.9836304379045684 0.1265438871309887 0.12828811721047836 0.03414178294572218 -0.14954858100764679 0.17608707759118775 0.9729482185484286 0.6387957362717669 0.10053091430020195 -0.9762067109838286 0.19212907563279485 -0.3060627577980264 0.0 0.0 0.0 1.0" />
		</transform>
	</shape>
	<shape type="ply" name="temp20">
		<string name="filename" value="meshes/Cube_016.ply" />
		<boolean name="face_normals" value="true" />
		<ref id="mat-Material" name="bsdf" />
		<transform name="to_world">
			<matrix value="0.9845774227120332 0.042956241148213586 0.16959240953505295 0.06624962933451184 -0.1745432399512789 0.17526741520536146 0.9689246518251375 0.33684677415430964 0.01189798538013251 -0.9835829736996349 0.1800620514103109 0.10560248610206566 0.0 0.0 0.0 1.0" />
		</transform>
	</shape>
	<shape type="ply" name="temp21">
		<string name="filename" value="meshes/Cube_017.ply" />
		<boolean name="face_normals" value="true" />
		<ref id="mat-Material" name="bsdf" />
		<transform name="to_world">
			<matrix value="0.9517853311986838 -0.04670333922235688 0.3031198037351408 0.20438843564297737 -0.2948935511952442 0.132120486501482 0.9463291587493929 0.17620040061420625 -0.08425857716031325 -0.990128133193443 0.1119650669164262 0.3412816265109892 0.0 0.0 0.0 1.0" />
		</transform>
	</shape>
	<shape type="ply" name="temp22">
		<string name="filename" value="meshes/Cube_018.ply" />
		<boolean name="face_normals" value="true" />
		<ref id="mat-Material" name="bsdf" />
		<transform name="to_world">
			<matrix value="0.1711342054547034 0.9625329823558737 0.2100131388524709 0.8536746932343546 -0.6239668047806222 -0.059118200420088314 0.7791215407680294 0.04569178109128934 0.7623520239279326 -0.26446759959367827 0.59055690484757 -0.17681964496084177 0.0 0.0 0.0 1.0" />
		</transform>
	</shape>
	<shape type="ply" name="temp23">
		<string name="filename" value="meshes/Cube_019.ply" />
		<boolean name="face_normals" value="true" />
		<ref id="mat-Material" name="bsdf" />
		<transform name="to_world">
			<matrix value="-0.07753261368693343 0.9855435596540008 -0.15063015903259466 0.49191886471433 -0.9118142837133683 -0.009008104533991902 0.41045013926048923 -0.04764333092373266 0.40316099672533406 0.16917738614960065 0.8993303393076737 -0.050482108983566976 0.0 0.0 0.0 1.0" />
		</transform>
	</shape>
	<shape type="ply" name="temp24">
		<string name="filename" value="meshes/Cube_020.ply" />
		<boolean name="face_normals" value="true" />
		<ref id="mat-Material" name="bsdf" />
		<transform name="to_world">
			<matrix value="0.09825773389507164 0.9559716628274888 -0.2765027532261862 0.10144471136378783 -0.9521487627290065 0.009509158690031461 -0.3054689831011356 0.16946090050073942 -0.28939688146502773 0.29328442087423723 0.9111688990265161 0.10806906127437815 0.0 0.0 0.0 1.0" />
		</transform>
	</shape>
	<shape type="ply" name="temp25">
		<string name="filename" value="meshes/Cube_021.ply" />
		<boolean name="face_normals" value="true" />
		<ref id="mat-Material" name="bsdf" />
		<transform name="to_world">
			<matrix value="0.20103082387899868 0.9336258377257662 -0.2965021528522751 -0.15465873161583388 -0.7912420416043913 -0.023682645596894602 -0.6110256673321983 0.10291554335165445 -0.577492522521085 0.357455420369903 0.7339732239737016 0.29246607589554285 0.0 0.0 0.0 1.0" />
		</transform>
	</shape>
	<shape type="ply" name="temp26">
		<string name="filename" value="meshes/Cube_022.ply" />
		<boolean name="face_normals" value="true" />
		<ref id="mat-Material" name="bsdf" />
		<transform name="to_world">
			<matrix value="0.6376279415701731 0.39907941421250126 -0.6588935942066123 -0.08109353018932214 -0.7122378449967821 -0.02042257776535544 -0.7016200408396573 -0.1948939869502886 -0.2934592670209051 0.9166889156340018 0.2712177810894137 0.6757546007790309 0.0 0.0 0.0 1.0" />
		</transform>
	</shape>
	<shape type="ply" name="temp27">
		<string name="filename" value="meshes/Cube_023.ply" />
		<boolean name="face_normals" value="true" />
		<ref id="mat-Material" name="bsdf" />
		<transform name="to_world">
			<matrix value="0.8587558751620047 0.27395348158098387 -0.43299646210748327 -0.0635875015711021 -0.48030546410012287 0.13610741453789243 -0.8664746978985873 -0.2872621012014813 -0.17844010570415952 0.9520604977233049 0.24846520331653194 0.20565471020260956 0.0 0.0 0.0 1.0" />
		</transform>
	</shape>
	<shape type="ply" name="temp28">
		<string name="filename" value="meshes/Cube_024.ply" />
		<boolean name="face_normals" value="true" />
		<ref id="mat-Material" name="bsdf" />
		<transform name="to_world">
			<matrix value="0.8579427491946308 0.4351672739939469 -0.2730637922255249 -0.18924300445064862 -0.3797468250633392 0.1791867828618986 -0.9075706077392994 -0.5135330381912078 -0.3460157049219275 0.8823386654374112 0.3189853581460176 -0.33210743484241656 0.0 0.0 0.0 1.0" />
		</transform>
	</shape>
	<shape type="ply" name="temp29">
		<string name="filename" value="meshes/Cube_025.ply" />
		<boolean name="face_normals" value="true" />
		<ref id="mat-Material" name="bsdf" />
		<transform name="to_world">
			<matrix value="0.8993004767502265 0.3666701430678128 -0.23835232927411032 -0.26750437004151556 -0.3213361683039997 0.1843157816792269 -0.9288544613235964 -0.7931824648947245 -0.296651224143525 0.9119103589106072 0.2835797203065007 -0.7075115295521972 0.0 0.0 0.0 1.0" />
		</transform>
	</shape>
	<shape type="ply" name="temp30">
		<string name="filename" value="meshes/Cube_026.ply" />
		<boolean name="face_normals" value="true" />
		<ref id="mat-Material" name="bsdf" />
		<transform name="to_world">
			<matrix value="0.9233704680804288 0.23771033096034191 -0.301464327235437 -0.3264730364430437 -0.34912734674049295 0.19333019066669727 -0.9169153151551628 -1.1455095230960382 -0.15967814927299578 0.9519018695390085 0.2615066609112283 -0.877102436128598 0.0 0.0 0.0 1.0" />
		</transform>
	</shape>
	<shape type="ply" name="temp31">
		<string name="filename" value="meshes/Cube_027.ply" />
		<boolean name="face_normals" value="true" />
		<ref id="mat-Material" name="bsdf" />
		<transform name="to_world">
			<matrix value="0.8737077303036911 0.1752884300502896 -0.4537719475334747 -0.5794329974058452 -0.4822080769183036 0.18914654699503364 -0.8553940213729747 -1.5823414711645736 -0.06411133686862508 0.9661767374531468 0.24978440745855635 -1.0147074758334682 0.0 0.0 0.0 1.0" />
		</transform>
	</shape>
	<shape type="ply" name="temp32">
		<string name="filename" value="meshes/Cube_028.ply" />
		<boolean name="face_normals" value="true" />
		<ref id="mat-Material" name="bsdf" />
		<transform name="to_world">
			<matrix value="-0.10667875828639409 0.98416440179132 0.14156045030473724 -1.4838684865764131 -0.7990078489150343 -0.000119349405431112 -0.6012953991322401 -2.12068274382544 -0.5917564673322376 -0.17725781825235754 0.7863675304394446 -1.3453263575513803 0.0 0.0 0.0 1.0" />
		</transform>
	</shape>
	<shape type="ply" name="temp33">
		<string name="filename" value="meshes/Cube_029.ply" />
		<boolean name="face_normals" value="true" />
		<ref id="mat-Material" name="bsdf" />
		<transform name="to_world">
			<matrix value="-0.0033650339434105106 0.9781735544602574 0.20775836473057316 -1.592898442284925 -0.9987735516207557 -0.013542000488086722 0.04757385108323432 -1.823552828471374 0.049348213826643055 -0.20734544441964614 0.9770200099191481 -0.11623101274418213 0.0 0.0 0.0 1.0" />
		</transform>
	</shape>
	<shape type="ply" name="temp34">
		<string name="filename" value="meshes/Cube_030.ply" />
		<boolean name="face_normals" value="true" />
		<ref id="mat-Material" name="bsdf" />
		<transform name="to_world">
			<matrix value="-0.04087294363131841 0.9796080905744002 -0.1967127393463971 -3.2172348594393165 -0.9752484484268924 0.003692111529153998 0.22103923432692058 -1.91733530100689 0.21725878883953997 0.20088243167285702 0.9552107502625596 0.25619933863742606 0.0 0.0 0.0 1.0" />
		</transform>
	</shape>
	<shape type="ply" name="temp35">
		<string name="filename" value="meshes/Cube_031.ply" />
		<boolean name="face_normals" value="true" />
		<ref id="mat-Material" name="bsdf" />
		<transform name="to_world">
			<matrix value="0.14154165048836315 0.9780295271607746 0.15304739584539934 -1.8910486630719827 -0.7290648320027233 -0.0015929137734318128 0.6844287814151664 -0.9728980572822588 0.6696352745524594 -0.208460055107911 0.7128213971815057 0.6771283143262876 0.0 0.0 0.0 1.0" />
		</transform>
	</shape>
	<shape type="ply" name="temp36">
		<string name="filename" value="meshes/Cube_032.ply" />
		<boolean name="face_normals" value="true" />
		<ref id="mat-Material" name="bsdf" />
		<transform name="to_world">
			<matrix value="0.7027409592093996 0.6132585420390761 0.3601300836224842 -0.6668561955760528 -0.45639384284794876 0.0006746411832557053 0.8894330578066958 -0.32527118820383083 0.5452037313816538 -0.7898818997002648 0.2803606068930041 -0.1252398550104865 0.0 0.0 0.0 1.0" />
		</transform>
	</shape>
	<shape type="ply" name="temp37">
		<string name="filename" value="meshes/Cube_033.ply" />
		<boolean name="face_normals" value="true" />
		<ref id="mat-Material" name="bsdf" />
		<transform name="to_world">
			<matrix value="0.9768067397482745 0.1685105533109592 0.13211005053659375 -0.14110921444406843 -0.15005296732248635 0.09856433671309053 0.9837526671303167 0.3006267913840861 0.15275139753947947 -0.980759475452784 0.12156381657424398 -0.37806914654063345 0.0 0.0 0.0 1.0" />
		</transform>
	</shape>
	<shape type="ply" name="temp38">
		<string name="filename" value="meshes/Cube_034.ply" />
		<boolean name="face_normals" value="true" />
		<ref id="mat-Material" name="bsdf" />
		<transform name="to_world">
			<matrix value="0.9999246489972998 0.0023719272959369913 0.01205249772942285 -0.03402732830253763 -0.01228272759991986 0.1808246788326801 0.9834387341313724 0.36939339149061445 0.0001532546314272189 -0.9835124722843919 0.18084019391981754 -0.36104414330867846 0.0 0.0 0.0 1.0" />
		</transform>
	</shape>
	<shape type="ply" name="temp39">
		<string name="filename" value="meshes/Cube_035.ply" />
		<boolean name="face_normals" value="true" />
		<ref id="mat-Material" name="bsdf" />
		<transform name="to_world">
			<matrix value="0.9989082969432315 -0.046603771617131425 0.0032117496989505466 0.00787771474839305 0.006491480017800567 0.2065670816794355 0.9784110782416537 0.09128784459012829 -0.04626108324601482 -0.977321905707486 0.2066441153401185 -0.14910410413279598 0.0 0.0 0.0 1.0" />
		</transform>
	</shape>
	<shape type="ply" name="temp40">
		<string name="filename" value="meshes/Cube_036.ply" />
		<boolean name="face_normals" value="true" />
		<ref id="mat-Material" name="bsdf" />
		<transform name="to_world">
			<matrix value="0.9991746848998364 -0.040496649096935275 0.003175368457581931 0.0027410119605570937 0.005346446180767942 0.20859780402692404 0.9779869850186823 -0.2427727828452394 -0.04026757584300042 -0.977162651770983 0.20864218777259336 0.2019845944059117 0.0 0.0 0.0 1.0" />
		</transform>
	</shape>
	<shape type="ply" name="temp41">
		<string name="filename" value="meshes/Cube_037.ply" />
		<boolean name="face_normals" value="true" />
		<ref id="mat-Material" name="bsdf" />
		<transform name="to_world">
			<matrix value="0.9988522269323986 -0.04778170842867364 0.003367250547373388 -0.006194457304422585 0.006685245121244196 0.20867021398639615 0.9779633454856292 -0.5700949915863474 -0.047431417290307025 -0.9768180708893817 0.20875013770028003 0.5169455015364929 0.0 0.0 0.0 1.0" />
		</transform>
	</shape>
	<shape type="ply" name="temp42">
		<string name="filename" value="meshes/Cube_038.ply" />
		<boolean name="face_normals" value="true" />
		<ref id="mat-Material" name="bsdf" />
		<transform name="to_world">
			<matrix value="0.9990516854689581 -0.04339937800230694 0.003486240136995822 0.007423183390439014 0.0056519435239802355 0.20866718951739904 0.9779704373455452 -0.9038842393411954 -0.04317078127465529 -0.9770233176130474 0.2087145483832687 0.8627630953578898 0.0 0.0 0.0 1.0" />
		</transform>
	</shape>
	<shape type="ply" name="temp43">
		<string name="filename" value="meshes/Cube_039.ply" />
		<boolean name="face_normals" value="true" />
		<ref id="mat-Material" name="bsdf" />
		<transform name="to_world">
			<matrix value="0.9999476652383894 -0.009044844799425309 -0.004845451811738384 0.02122788653529839 0.008284425259024997 0.43301368608675705 0.901349259130794 -1.319258014543397 -0.006054424255017728 -0.901342053686976 0.43306581536918376 1.4731841172926194 0.0 0.0 0.0 1.0" />
		</transform>
	</shape>
	<shape type="ply" name="temp47">
		<string name="filename" value="meshes/Plane_001.ply" />
		<boolean name="face_normals" value="true" />
		<ref id="mat-Material.002" name="bsdf" />
	</shape>
	<shape type="ply" name="temp49">
		<string name="filename" value="meshes/Plane_002.ply" />
		<boolean name="face_normals" value="true" />
		<ref id="mat-Material.003" name="bsdf" />
	</shape>
	<shape type="ply" name="temp51">
		<string name="filename" value="meshes/Plane_003.ply" />
		<boolean name="face_normals" value="true" />
		<ref id="mat-Material.004" name="bsdf" />
	</shape>
	<shape type="ply" name="temp53">
		<string name="filename" value="meshes/Plane_004.ply" />
		<boolean name="face_normals" value="true" />
		<ref id="mat-Material.005" name="bsdf" />
	</shape>
	<emitter type="point">
		<transform name="to_world">
			<rotate x="1" angle="-142.5518126578256" />
			<rotate y="1" angle="3.976628485794621e-06" />
			<rotate z="1" angle="-179.999991348578" />
			<translate value="-0.000000 3.030926 4.073377" />
		</transform>
		<rgb name="intensity" value="100" />
	</emitter>
</scene>