<scene version="2.1.0">
	<default name="spp" value="1024" />
	<default name="resx" value="640" />
	<default name="resy" value="360" />
	<integrator type="path" name="temp0">
		<integer name="max_depth" value="12" />
	</integrator>
	<sensor type="perspective" name="temp44">
		<string name="fov_axis" value="x" />
		<float name="fov" value="83.974423" />
		<float name="principal_point_offset_x" value="0.000000" />
		<float name="principal_point_offset_y" value="-0.000000" />
		<float name="near_clip" value="0.100000" />
		<float name="far_clip" value="1000.000000" />
		<transform name="to_world">
			<rotate x="1" angle="-142.5518126578256" />
			<rotate y="1" angle="3.976628485794621e-06" />
			<rotate z="1" angle="-179.999991348578" />
			<translate value="-0.000000 3.030926 4.073377" />
		</transform>
		<sampler type="independent" name="sampler">
			<integer name="sample_count" value="$spp" />
		</sampler>
		<film type="hdrfilm" name="film">
			<integer name="width" value="$resx" />
			<integer name="height" value="$resy" />
		</film>
		<float name="shutter_open" value="0.0" />
		<float name="shutter_close" value="0.0015" />
	</sensor>
	<bsdf type="twosided" id="mat-Material" name="mat-Material">
		<bsdf type="diffuse" name="bsdf">
			<texture type="bitmap" name="reflectance">
				<string name="filename" value="textures/siggraph_2023_logo.jpg" />
			</texture>
		</bsdf>
	</bsdf>
	<bsdf type="twosided" id="mat-Material.001" name="mat-Material.001">
		<bsdf type="principled" name="bsdf">
			<rgb value="0.433648 0.266232 0.084399" name="base_color" />
			<float name="spec_tint" value="0.000000" />
			<float name="spec_trans" value="0.000000" />
			<float name="metallic" value="0.000000" />
			<float name="anisotropic" value="0.000000" />
			<float name="roughness" value="0.500000" />
			<float name="sheen" value="0.000000" />
			<float name="sheen_tint" value="0.500000" />
			<float name="clearcoat" value="0.000000" />
			<float name="clearcoat_gloss" value="0.173205" />
			<float name="specular" value="0.500000" />
		</bsdf>
	</bsdf>
	<bsdf type="twosided" id="mat-Material.002" name="mat-Material.002">
		<bsdf type="principled" name="bsdf">
			<rgb value="0.433648 0.266232 0.084399" name="base_color" />
			<float name="spec_tint" value="0.000000" />
			<float name="spec_trans" value="0.000000" />
			<float name="metallic" value="0.000000" />
			<float name="anisotropic" value="0.000000" />
			<float name="roughness" value="0.500000" />
			<float name="sheen" value="0.000000" />
			<float name="sheen_tint" value="0.500000" />
			<float name="clearcoat" value="0.000000" />
			<float name="clearcoat_gloss" value="0.173205" />
			<float name="specular" value="0.500000" />
		</bsdf>
	</bsdf>
	<bsdf type="twosided" id="mat-Material.003" name="mat-Material.003">
		<bsdf type="principled" name="bsdf">
			<rgb value="0.433648 0.266232 0.084399" name="base_color" />
			<float name="spec_tint" value="0.000000" />
			<float name="spec_trans" value="0.000000" />
			<float name="metallic" value="0.000000" />
			<float name="anisotropic" value="0.000000" />
			<float name="roughness" value="0.500000" />
			<float name="sheen" value="0.000000" />
			<float name="sheen_tint" value="0.500000" />
			<float name="clearcoat" value="0.000000" />
			<float name="clearcoat_gloss" value="0.173205" />
			<float name="specular" value="0.500000" />
		</bsdf>
	</bsdf>
	<bsdf type="twosided" id="mat-Material.004" name="mat-Material.004">
		<bsdf type="principled" name="bsdf">
			<rgb value="0.433648 0.266232 0.084399" name="base_color" />
			<float name="spec_tint" value="0.000000" />
			<float name="spec_trans" value="0.000000" />
			<float name="metallic" value="0.000000" />
			<float name="anisotropic" value="0.000000" />
			<float name="roughness" value="0.500000" />
			<float name="sheen" value="0.000000" />
			<float name="sheen_tint" value="0.500000" />
			<float name="clearcoat" value="0.000000" />
			<float name="clearcoat_gloss" value="0.173205" />
			<float name="specular" value="0.500000" />
		</bsdf>
	</bsdf>
	<bsdf type="twosided" id="mat-Material.005" name="mat-Material.005">
		<bsdf type="principled" name="bsdf">
			<rgb value="0.433648 0.266232 0.084399" name="base_color" />
			<float name="spec_tint" value="0.000000" />
			<float name="spec_trans" value="0.000000" />
			<float name="metallic" value="0.000000" />
			<float name="anisotropic" value="0.000000" />
			<float name="roughness" value="0.500000" />
			<float name="sheen" value="0.000000" />
			<float name="sheen_tint" value="0.500000" />
			<float name="clearcoat" value="0.000000" />
			<float name="clearcoat_gloss" value="0.173205" />
			<float name="specular" value="0.500000" />
		</bsdf>
	</bsdf>
	<emitter type="point" name="temp45">
		<point name="position" x="-6.815235034541981e-16" y="3.0693089962005615" z="4.109199523925781" />
		<rgb value="7.957747 7.957747 7.957747" name="intensity" />
	</emitter>
	<shape type="ply" name="temp2">
		<string name="filename" value="meshes/Cube.ply" />
		<boolean name="face_normals" value="true" />
		<ref id="mat-Material" name="bsdf" />
		<transform name="to_world">
			<matrix value="0.9999995567588077 0.0001612492517046533 0.0008739842683635439 -0.0015976698416877433 -0.00016173605164291783 0.9999997914159312 0.0005571010556942671 -0.018183673887416874 -0.0008738943348456722 -0.000557242768911796 0.9999995272093389 0.0020962603312844053 0.0 0.0 0.0 1.0" />
			<scale value="1" />
		</transform>
	</shape>
	<shape type="ply" name="temp4">
		<string name="filename" value="meshes/Plane.ply" />
		<boolean name="face_normals" value="true" />
		<ref id="mat-Material.001" name="bsdf" />
		<transform name="to_world">
			<scale value="1" />
		</transform>
	</shape>
	<shape type="ply" name="temp5">
		<string name="filename" value="meshes/Cube_001.ply" />
		<boolean name="face_normals" value="true" />
		<ref id="mat-Material" name="bsdf" />
		<transform name="to_world">
			<matrix value="1.0 0.00023206854906835926 -0.0006253152922720949 0.0011606675287239021 -0.00023463726027300112 0.9999914480531806 -0.004110631123525543 -0.0129748718197365 0.0006243539759621436 0.004110766483877495 0.9999914897681008 -0.0014158342913348498 0.0 0.0 0.0 1.0" />
			<scale value="1" />
		</transform>
	</shape>
	<shape type="ply" name="temp6">
		<string name="filename" value="meshes/Cube_002.ply" />
		<boolean name="face_normals" value="true" />
		<ref id="mat-Material" name="bsdf" />
		<transform name="to_world">
			<matrix value="1.0 5.0207854024525316e-05 0.0001926829971712935 -0.0008510455320895893 -5.05964253484319e-05 0.9999979141593124 0.0020164639891901144 -0.018882985331782953 -0.00019258120621885123 -0.0020164739697511383 0.9999981088373558 0.00013463414494763182 0.0 0.0 0.0 1.0" />
			<scale value="1" />
		</transform>
	</shape>
	<shape type="ply" name="temp7">
		<string name="filename" value="meshes/Cube_003.ply" />
		<boolean name="face_normals" value="true" />
		<ref id="mat-Material" name="bsdf" />
		<transform name="to_world">
			<matrix value="1.0 0.00020333734510025596 0.0005851351779418572 -0.0008508824992454755 -0.0002039831426509724 0.9999993742477937 0.0011036234203473025 -0.017615313093282403 -0.0005849099422545375 -0.0011037434582821433 0.9999992908140084 0.0016199047607944328 0.0 0.0 0.0 1.0" />
			<scale value="1" />
		</transform>
	</shape>
	<shape type="ply" name="temp8">
		<string name="filename" value="meshes/Cube_004.ply" />
		<boolean name="face_normals" value="true" />
		<ref id="mat-Material" name="bsdf" />
		<transform name="to_world">
			<matrix value="1.0 -0.0003211318605907518 0.0004039617966234237 -0.00047875118806528505 0.00032173016539988335 0.9999989570796561 -0.00148168810851113 -0.018616138851773822 -0.00040348423036485844 0.0014818166838053244 0.9999988180233473 0.001292804600577218 0.0 0.0 0.0 1.0" />
			<scale value="1" />
		</transform>
	</shape>
	<shape type="ply" name="temp9">
		<string name="filename" value="meshes/Cube_005.ply" />
		<boolean name="face_normals" value="true" />
		<ref id="mat-Material" name="bsdf" />
		<transform name="to_world">
			<matrix value="1.0 0.0003602810044574415 0.0005463190646687794 -0.0004973226662925434 -0.0003622118267387909 0.9999935338938684 0.003536899656328468 -0.015455433146595032 -0.0005450403970022712 -0.003537097719550376 0.9999938537214063 0.0013391864350448257 0.0 0.0 0.0 1.0" />
			<scale value="1" />
		</transform>
	</shape>
	<shape type="ply" name="temp10">
		<string name="filename" value="meshes/Cube_006.ply" />
		<boolean name="face_normals" value="true" />
		<ref id="mat-Material" name="bsdf" />
		<transform name="to_world">
			<matrix value="1.0 -0.0002014665545874937 -0.0005501463050700652 -0.0007775649411132513 0.00020254704118774456 0.9999979141593124 0.001964816337375851 -0.016948347032508915 0.0005497476184650735 -0.001964926588836998 0.9999978724420252 -0.0013389006954256377 0.0 0.0 0.0 1.0" />
			<scale value="1" />
		</transform>
	</shape>
	<shape type="ply" name="temp11">
		<string name="filename" value="meshes/Cube_007.ply" />
		<boolean name="face_normals" value="true" />
		<ref id="mat-Material" name="bsdf" />
		<transform name="to_world">
			<matrix value="1.0 0.0002563164470624063 -3.090419795555862e-05 0.0004033572989392553 -0.0002563405652566278 0.9999995828318625 -0.0007593136214298986 -0.01787855522135806 3.070965574343072e-05 0.0007593211005729805 0.9999997636046695 -0.0002449277540967909 0.0 0.0 0.0 1.0" />
			<scale value="1" />
		</transform>
	</shape>
	<shape type="ply" name="temp12">
		<string name="filename" value="meshes/Cube_008.ply" />
		<boolean name="face_normals" value="true" />
		<ref id="mat-Material" name="bsdf" />
		<transform name="to_world">
			<matrix value="0.9999986702764229 0.001679667016392622 0.0001377381032867934 0.00020162305540250003 -0.0016793433647679986 0.9999958283186247 -0.0023169791891734723 -0.01686534352295216 -0.00014162930143415118 0.0023167432517839153 0.9999973996513641 0.00030953560783686385 0.0 0.0 0.0 1.0" />
			<scale value="1" />
		</transform>
	</shape>
	<shape type="ply" name="temp13">
		<string name="filename" value="meshes/Cube_009.ply" />
		<boolean name="face_normals" value="true" />
		<ref id="mat-Material" name="bsdf" />
		<transform name="to_world">
			<matrix value="0.9999986702764229 -0.0017475423582097647 0.0004354425627901457 0.000972710439834934 0.0017471814292578192 0.9999981227433812 0.0008266059162186581 -0.02017231590341212 -0.0004368864433794836 -0.0008258448176245195 0.9999995272093389 0.0007270482534702527 0.0 0.0 0.0 1.0" />
			<scale value="1" />
		</transform>
	</shape>
	<shape type="ply" name="temp14">
		<string name="filename" value="meshes/Cube_010.ply" />
		<boolean name="face_normals" value="true" />
		<ref id="mat-Material" name="bsdf" />
		<transform name="to_world">
			<matrix value="0.9999960108292688 -0.00037810868481487125 0.0027920416093604986 0.005279389337487839 0.0003775262531758231 0.9999997914159312 0.00020925100030684112 -0.018095697340661854 -0.00279211810782108 -0.00020819589381402228 0.9999962176747115 0.00464213263852975 0.0 0.0 0.0 1.0" />
			<scale value="1" />
		</transform>
	</shape>
	<shape type="ply" name="temp15">
		<string name="filename" value="meshes/Cube_011.ply" />
		<boolean name="face_normals" value="true" />
		<ref id="mat-Material" name="bsdf" />
		<transform name="to_world">
			<matrix value="1.0 0.00024766437988999276 -0.0005049333341528372 -0.0010445517577484242 -0.00024748061706265836 0.9999997914159312 0.0003642426531877201 -0.01687221052238208 0.0005050245821565279 -0.0003641168654820482 1.0 -0.0007427595205378168 0.0 0.0 0.0 1.0" />
			<scale value="1" />
		</transform>
	</shape>
	<shape type="ply" name="temp16">
		<string name="filename" value="meshes/Cube_012.ply" />
		<boolean name="face_normals" value="true" />
		<ref id="mat-Material" name="bsdf" />
		<transform name="to_world">
			<matrix value="0.9999991135176153 0.0012913001670758393 -0.00016040770629865904 -0.0005550980849715614 -0.0012911172692087435 0.9999985399115188 0.0011465764519046607 -0.014585640479156892 0.0001618880833718953 -0.0011463676127344748 0.9999995272093389 -0.00011975261942187565 0.0 0.0 0.0 1.0" />
			<scale value="1" />
		</transform>
	</shape>
	<shape type="ply" name="temp17">
		<string name="filename" value="meshes/Cube_013.ply" />
		<boolean name="face_normals" value="true" />
		<ref id="mat-Material" name="bsdf" />
		<transform name="to_world">
			<matrix value="0.9999977837940383 0.002130540253596511 0.00022298131389470293 -0.0002587739568109537 -0.0021315380292078216 0.9999872763718053 0.004568245204366127 -0.01037212995737724 -0.0002132455538475995 -0.004568704463490488 0.9999895986054567 0.00020032147271087375 0.0 0.0 0.0 1.0" />
			<scale value="1" />
		</transform>
	</shape>
	<shape type="ply" name="temp18">
		<string name="filename" value="meshes/Cube_014.ply" />
		<boolean name="face_normals" value="true" />
		<ref id="mat-Material" name="bsdf" />
		<transform name="to_world">
			<matrix value="1.0 -0.00040479910225416804 -5.157176891316302e-05 -0.0001887369313541276 0.000404696051784755 0.9999979141593124 -0.0019938291362918367 -0.019669885960249267 5.237869818288841e-05 0.001993809224839025 0.9999981088373558 -0.00024232077213792724 0.0 0.0 0.0 1.0" />
			<scale value="1" />
		</transform>
	</shape>
	<shape type="ply" name="temp19">
		<string name="filename" value="meshes/Cube_015.ply" />
		<boolean name="face_normals" value="true" />
		<ref id="mat-Material" name="bsdf" />
		<transform name="to_world">
			<matrix value="1.0 -0.0002139697094215338 -7.167340944947783e-05 0.0003019670134946084 0.00021395917216728987 1.0 -0.0001566887349587561 -0.018062303988516992 7.170711685788091e-05 0.0001566733344040649 1.0 -0.00020485016908322606 0.0 0.0 0.0 1.0" />
			<scale value="1" />
		</transform>
	</shape>
	<shape type="ply" name="temp20">
		<string name="filename" value="meshes/Cube_016.ply" />
		<boolean name="face_normals" value="true" />
		<ref id="mat-Material" name="bsdf" />
		<transform name="to_world">
			<matrix value="1.0 -0.0004270341639846232 0.00036622364605756416 0.000619033011921899 0.00042740906020456465 0.9999993742477937 -0.0010250148810860569 -0.01824808431894065 -0.000365786566955128 0.0010251719254186806 0.9999995272093389 0.0006250294023662228 0.0 0.0 0.0 1.0" />
			<scale value="1" />
		</transform>
	</shape>
	<shape type="ply" name="temp21">
		<string name="filename" value="meshes/Cube_017.ply" />
		<boolean name="face_normals" value="true" />
		<ref id="mat-Material" name="bsdf" />
		<transform name="to_world">
			<matrix value="1.0 0.0006609194802919343 0.0003418158281803091 0.0003329690061519841 -0.0006614931554695077 0.99999833132745 0.0016767426236383037 -0.017654780221074418 -0.0003407070938093389 -0.00167696793854279 0.9999985816280168 0.0001858685260323345 0.0 0.0 0.0 1.0" />
			<scale value="1" />
		</transform>
	</shape>
	<shape type="ply" name="temp22">
		<string name="filename" value="meshes/Cube_018.ply" />
		<boolean name="face_normals" value="true" />
		<ref id="mat-Material" name="bsdf" />
		<transform name="to_world">
			<matrix value="0.9999991135176153 -0.0013291122870617389 -0.00011008221356805183 0.0006682611240739211 0.0013290720125100394 0.9999989570796561 -0.0003697979434551825 -0.017784373002889486 0.0001105736072918495 0.00036965060082641007 1.0 -0.00017696556604279712 0.0 0.0 0.0 1.0" />
			<scale value="1" />
		</transform>
	</shape>
	<shape type="ply" name="temp23">
		<string name="filename" value="meshes/Cube_019.ply" />
		<boolean name="face_normals" value="true" />
		<ref id="mat-Material" name="bsdf" />
		<transform name="to_world">
			<matrix value="0.9999016004552974 0.012732868468972078 -0.005882083172387512 0.003105656248530375 -0.01268315612550463 0.999884235841835 0.008413404371706127 -0.018382184922183187 0.005988534236836179 -0.008337968766621543 0.9999475202366223 -0.0008136389852720916 0.0 0.0 0.0 1.0" />
			<scale value="1" />
		</transform>
	</shape>
	<shape type="ply" name="temp24">
		<string name="filename" value="meshes/Cube_020.ply" />
		<boolean name="face_normals" value="true" />
		<ref id="mat-Material" name="bsdf" />
		<transform name="to_world">
			<matrix value="0.9999340782901694 -0.007529165052997461 0.008675520321610687 -0.006644651719266675 0.007451885256009691 0.9999324590884775 0.008905083016169815 -0.014920655625347445 -0.008741970429033019 -0.008839841447919987 0.9999226987199427 -0.0007979341039906496 0.0 0.0 0.0 1.0" />
			<scale value="1" />
		</transform>
	</shape>
	<shape type="ply" name="temp25">
		<string name="filename" value="meshes/Cube_021.ply" />
		<boolean name="face_normals" value="true" />
		<ref id="mat-Material" name="bsdf" />
		<transform name="to_world">
			<matrix value="0.999258014243999 0.02757748376694485 0.02689122174307515 -0.016392052083860742 -0.02779959115432417 0.9995822061102617 0.007920260072686836 -0.02002992633225814 -0.02666155609571882 -0.008661941542228888 0.9996071109606587 -0.013379609444930995 0.0 0.0 0.0 1.0" />
			<scale value="1" />
		</transform>
	</shape>
	<shape type="ply" name="temp26">
		<string name="filename" value="meshes/Cube_022.ply" />
		<boolean name="face_normals" value="true" />
		<ref id="mat-Material" name="bsdf" />
		<transform name="to_world">
			<matrix value="0.9994379701680948 0.029374018351226373 0.016153200249066118 -0.007539558848230654 -0.02952597570683673 0.9995210909781133 0.009249818330188488 -0.01981948885762863 -0.015873761362487967 -0.00972154652571946 0.9998267222227213 -0.011526317389785434 0.0 0.0 0.0 1.0" />
			<scale value="1" />
		</transform>
	</shape>
	<shape type="ply" name="temp27">
		<string name="filename" value="meshes/Cube_023.ply" />
		<boolean name="face_normals" value="true" />
		<ref id="mat-Material" name="bsdf" />
		<transform name="to_world">
			<matrix value="0.999470770016329 0.030969582185251854 0.009975693832114873 -0.0027174761903872025 -0.031055237603873576 0.9994810428369102 0.00854833882637283 -0.019946714197064064 -0.009705780928927162 -0.008853613614699336 0.9999137157043565 -0.008660255376540943 0.0 0.0 0.0 1.0" />
			<scale value="1" />
		</transform>
	</shape>
	<shape type="ply" name="temp28">
		<string name="filename" value="meshes/Cube_024.ply" />
		<boolean name="face_normals" value="true" />
		<ref id="mat-Material" name="bsdf" />
		<transform name="to_world">
			<matrix value="0.9995594182547999 0.02852360024446053 0.008234571304159943 -0.0012391381978795746 -0.028641031369065668 0.9994843801820105 0.014513704073706172 -0.0162695368741132 -0.007816336806571317 -0.014743141234358803 0.9998607631503177 -0.007732193057170933 0.0 0.0 0.0 1.0" />
			<scale value="1" />
		</transform>
	</shape>
	<shape type="ply" name="temp29">
		<string name="filename" value="meshes/Cube_025.ply" />
		<boolean name="face_normals" value="true" />
		<ref id="mat-Material" name="bsdf" />
		<transform name="to_world">
			<matrix value="0.9995447912954522 0.029876685098545547 0.004263957134907505 0.0010891014859286674 -0.029924640132475925 0.9994841715979417 0.011664218399026807 -0.017597562293234947 -0.003913265676997732 -0.011786501690573877 0.9999229351222471 -0.0047671710540415635 0.0 0.0 0.0 1.0" />
			<scale value="1" />
		</transform>
	</shape>
	<shape type="ply" name="temp30">
		<string name="filename" value="meshes/Cube_026.ply" />
		<boolean name="face_normals" value="true" />
		<ref id="mat-Material" name="bsdf" />
		<transform name="to_world">
			<matrix value="0.9985031744934196 0.049686519003051585 0.022861556020256243 0.08640306683429655 -0.04888378570529425 0.9982109744421942 -0.03442507000847714 -0.07794268397685039 -0.02453113060190381 0.03325597645503032 0.9991459036707939 0.048378250611223916 0.0 0.0 0.0 1.0" />
			<scale value="1" />
		</transform>
	</shape>
	<shape type="ply" name="temp31">
		<string name="filename" value="meshes/Cube_027.ply" />
		<boolean name="face_normals" value="true" />
		<ref id="mat-Material" name="bsdf" />
		<transform name="to_world">
			<matrix value="0.9654865813161426 0.25857457819086693 0.03123198372087196 0.1270830091240005 -0.2518667546057192 0.9574544817415935 -0.14086788290488256 -0.48121712103361475 -0.06632807471982724 0.12813970126589672 0.989535724298745 -0.00626688458239788 0.0 0.0 0.0 1.0" />
			<scale value="1" />
		</transform>
	</shape>
	<shape type="ply" name="temp32">
		<string name="filename" value="meshes/Cube_028.ply" />
		<boolean name="face_normals" value="true" />
		<ref id="mat-Material" name="bsdf" />
		<transform name="to_world">
			<matrix value="0.6570492192749637 0.7522428001994064 0.049164673460038076 -0.45931284537881667 -0.7383476322941988 0.6553262984879742 -0.1593445892181981 -1.367726968371937 -0.15208474062411906 0.06839661426339579 0.9859980681773588 -0.2777896774118982 0.0 0.0 0.0 1.0" />
			<scale value="1" />
		</transform>
	</shape>
	<shape type="ply" name="temp33">
		<string name="filename" value="meshes/Cube_029.ply" />
		<boolean name="face_normals" value="true" />
		<ref id="mat-Material" name="bsdf" />
		<transform name="to_world">
			<matrix value="0.6173051112801338 0.7721886517751547 0.15053066023797443 -0.4014972677998232 -0.755935442806816 0.6351918869140614 -0.1584084873488311 -1.7140830754829044 -0.21793708457219246 -0.01600512491056958 0.9758316505925722 -0.5278916499263326 0.0 0.0 0.0 1.0" />
			<scale value="1" />
		</transform>
	</shape>
	<shape type="ply" name="temp34">
		<string name="filename" value="meshes/Cube_030.ply" />
		<boolean name="face_normals" value="true" />
		<ref id="mat-Material" name="bsdf" />
		<transform name="to_world">
			<matrix value="0.06759223301053284 0.9829857259023066 -0.17079310794937305 -2.8760975239925815 -0.9562065595848903 0.11268594873977143 0.27013122586596583 -1.789514538051925 0.2847809795510583 0.14505469587188466 0.9475542887281866 0.44214112927362126 0.0 0.0 0.0 1.0" />
			<scale value="1" />
		</transform>
	</shape>
	<shape type="ply" name="temp35">
		<string name="filename" value="meshes/Cube_031.ply" />
		<boolean name="face_normals" value="true" />
		<ref id="mat-Material" name="bsdf" />
		<transform name="to_world">
			<matrix value="0.036681089735065876 0.998766433817318 0.03346889817554812 -2.3491084007962595 -0.4983803966831375 -0.010746044724596025 0.8668919356569733 -0.06735506024038619 0.8661823813399004 -0.04847877552808272 0.49737128392450286 0.916245665582895 0.0 0.0 0.0 1.0" />
			<scale value="1" />
		</transform>
	</shape>
	<shape type="ply" name="temp36">
		<string name="filename" value="meshes/Cube_032.ply" />
		<boolean name="face_normals" value="true" />
		<ref id="mat-Material" name="bsdf" />
		<transform name="to_world">
			<matrix value="0.9210636192948211 0.3362212492934215 0.19646156377402307 0.1152809870676883 -0.16811194322257625 -0.11175719562891226 0.9794125670594453 0.7337557462148394 0.351255392029105 -0.9351284773571564 -0.046412677219669414 -0.8127736996284396 0.0 0.0 0.0 1.0" />
			<scale value="1" />
		</transform>
	</shape>
	<shape type="ply" name="temp37">
		<string name="filename" value="meshes/Cube_033.ply" />
		<boolean name="face_normals" value="true" />
		<ref id="mat-Material" name="bsdf" />
		<transform name="to_world">
			<matrix value="0.9748930459002849 0.20476729318368123 0.08748698052717105 -0.1549322807941853 -0.11224143525044014 0.11256087004586765 0.9872852407520966 0.4212502067484135 0.19231610366170412 -0.9723169309774459 0.13271820116391603 -0.22340644519972352 0.0 0.0 0.0 1.0" />
			<scale value="1" />
		</transform>
	</shape>
	<shape type="ply" name="temp38">
		<string name="filename" value="meshes/Cube_034.ply" />
		<boolean name="face_normals" value="true" />
		<ref id="mat-Material" name="bsdf" />
		<transform name="to_world">
			<matrix value="0.9998555033712926 0.010485260406780652 0.013385294602952765 -0.03571549014245301 -0.01523649133818062 0.203100518748579 0.979039298832538 0.3597522955284741 0.007546925945034547 -0.9791017535662662 0.20323093318002308 -0.30187929726629426 0.0 0.0 0.0 1.0" />
			<scale value="1" />
		</transform>
	</shape>
	<shape type="ply" name="temp39">
		<string name="filename" value="meshes/Cube_035.ply" />
		<boolean name="face_normals" value="true" />
		<ref id="mat-Material" name="bsdf" />
		<transform name="to_world">
			<matrix value="0.9995634074255311 -0.029492890412016113 0.0017977699410099092 -0.0004030066676281585 0.004762648773906213 0.22086424723052506 0.9752929056342936 0.08639338178382158 -0.029161272421355716 -0.9748585278553595 0.22090826868315036 -0.0912850020659054 0.0 0.0 0.0 1.0" />
			<scale value="1" />
		</transform>
	</shape>
	<shape type="ply" name="temp40">
		<string name="filename" value="meshes/Cube_036.ply" />
		<boolean name="face_normals" value="true" />
		<ref id="mat-Material" name="bsdf" />
		<transform name="to_world">
			<matrix value="0.9997916766395936 -0.020323945659678405 0.0019026467293996835 0.001622116081344327 0.0026585252124455036 0.2220588081923479 0.9750297976314134 -0.24009526514852458 -0.020238951326798187 -0.9748213998911192 0.2220665585236828 0.19840406056416326 0.0 0.0 0.0 1.0" />
			<scale value="1" />
		</transform>
	</shape>
	<shape type="ply" name="temp41">
		<string name="filename" value="meshes/Cube_037.ply" />
		<boolean name="face_normals" value="true" />
		<ref id="mat-Material" name="bsdf" />
		<transform name="to_world">
			<matrix value="0.9995221859946422 -0.030916747840633432 -0.0001389264626133693 -0.0003977288336196594 0.007006938497625114 0.22214933367819234 0.9749874828672485 -0.5672733632690439 -0.03011257439803414 -0.9745222903365087 0.22225985898545741 0.5204051393082111 0.0 0.0 0.0 1.0" />
			<scale value="1" />
		</transform>
	</shape>
	<shape type="ply" name="temp42">
		<string name="filename" value="meshes/Cube_038.ply" />
		<boolean name="face_normals" value="true" />
		<ref id="mat-Material" name="bsdf" />
		<transform name="to_world">
			<matrix value="0.9996516124228095 -0.026392788831574622 6.461417208918156e-05 -0.0007378214343418676 0.005815865197942652 0.2226678736731446 0.9748770862478908 -0.9000516908194298 -0.02574410888131242 -0.9745368912213224 0.2227439020642513 0.8347202401953623 0.0 0.0 0.0 1.0" />
			<scale value="1" />
		</transform>
	</shape>
	<shape type="ply" name="temp43">
		<string name="filename" value="meshes/Cube_039.ply" />
		<boolean name="face_normals" value="true" />
		<ref id="mat-Material" name="bsdf" />
		<transform name="to_world">
			<matrix value="0.9999021051137987 0.0066122544215622475 -0.012343719960629955 0.01955303047089174 0.008263932104908191 0.4329891355457152 0.9013612419170457 -1.3193183242791497 0.01130472734596718 -0.9013749876003198 0.4328920376235146 1.459717027173143 0.0 0.0 0.0 1.0" />
			<scale value="1" />
		</transform>
	</shape>
	<shape type="ply" name="temp47">
		<string name="filename" value="meshes/Plane_001.ply" />
		<boolean name="face_normals" value="true" />
		<ref id="mat-Material.002" name="bsdf" />
		<transform name="to_world">
			<scale value="1" />
		</transform>
	</shape>
	<shape type="ply" name="temp49">
		<string name="filename" value="meshes/Plane_002.ply" />
		<boolean name="face_normals" value="true" />
		<ref id="mat-Material.003" name="bsdf" />
		<transform name="to_world">
			<scale value="1" />
		</transform>
	</shape>
	<shape type="ply" name="temp51">
		<string name="filename" value="meshes/Plane_003.ply" />
		<boolean name="face_normals" value="true" />
		<ref id="mat-Material.004" name="bsdf" />
		<transform name="to_world">
			<scale value="1" />
		</transform>
	</shape>
	<shape type="ply" name="temp53">
		<string name="filename" value="meshes/Plane_004.ply" />
		<boolean name="face_normals" value="true" />
		<ref id="mat-Material.005" name="bsdf" />
		<transform name="to_world">
			<scale value="1" />
		</transform>
	</shape>
	<emitter type="point">
		<transform name="to_world">
			<rotate x="1" angle="-142.5518126578256" />
			<rotate y="1" angle="3.976628485794621e-06" />
			<rotate z="1" angle="-179.999991348578" />
			<translate value="-0.000000 3.030926 4.073377" />
		</transform>
		<rgb name="intensity" value="100" />
	</emitter>
</scene>