<scene version="2.1.0">
	<default name="spp" value="1024" />
	<default name="resx" value="1280" />
	<default name="resy" value="720" />
	<integrator type="path" name="temp0">
		<integer name="max_depth" value="12" />
	</integrator>
	<sensor type="perspective" name="temp44">
		<string name="fov_axis" value="x" />
		<float name="fov" value="83.974423" />
		<float name="principal_point_offset_x" value="0.000000" />
		<float name="principal_point_offset_y" value="-0.000000" />
		<float name="near_clip" value="0.100000" />
		<float name="far_clip" value="1000.000000" />
		<transform name="to_world">
			<rotate x="1" angle="-142.5518126578256" />
			<rotate y="1" angle="3.976628485794621e-06" />
			<rotate z="1" angle="-179.999991348578" />
			<translate value="-0.000000 3.030926 4.073377" />
		</transform>
		<sampler type="independent" name="sampler">
			<integer name="sample_count" value="$spp" />
		</sampler>
		<film type="hdrfilm" name="film">
			<integer name="width" value="$resx" />
			<integer name="height" value="$resy" />
		</film>
		<float name="shutter_open" value="0.0" />
		<float name="shutter_close" value="0.0015" />
	</sensor>
	<bsdf type="twosided" id="mat-Material" name="mat-Material">
		<bsdf type="diffuse" name="bsdf">
			<texture type="bitmap" name="reflectance">
				<string name="filename" value="textures/siggraph_2023_logo.jpg" />
			</texture>
		</bsdf>
	</bsdf>
	<bsdf type="twosided" id="mat-Material.001" name="mat-Material.001">
		<bsdf type="principled" name="bsdf">
			<rgb value="0.433648 0.266232 0.084399" name="base_color" />
			<float name="spec_tint" value="0.000000" />
			<float name="spec_trans" value="0.000000" />
			<float name="metallic" value="0.000000" />
			<float name="anisotropic" value="0.000000" />
			<float name="roughness" value="0.500000" />
			<float name="sheen" value="0.000000" />
			<float name="sheen_tint" value="0.500000" />
			<float name="clearcoat" value="0.000000" />
			<float name="clearcoat_gloss" value="0.173205" />
			<float name="specular" value="0.500000" />
		</bsdf>
	</bsdf>
	<bsdf type="twosided" id="mat-Material.002" name="mat-Material.002">
		<bsdf type="principled" name="bsdf">
			<rgb value="0.433648 0.266232 0.084399" name="base_color" />
			<float name="spec_tint" value="0.000000" />
			<float name="spec_trans" value="0.000000" />
			<float name="metallic" value="0.000000" />
			<float name="anisotropic" value="0.000000" />
			<float name="roughness" value="0.500000" />
			<float name="sheen" value="0.000000" />
			<float name="sheen_tint" value="0.500000" />
			<float name="clearcoat" value="0.000000" />
			<float name="clearcoat_gloss" value="0.173205" />
			<float name="specular" value="0.500000" />
		</bsdf>
	</bsdf>
	<bsdf type="twosided" id="mat-Material.003" name="mat-Material.003">
		<bsdf type="principled" name="bsdf">
			<rgb value="0.433648 0.266232 0.084399" name="base_color" />
			<float name="spec_tint" value="0.000000" />
			<float name="spec_trans" value="0.000000" />
			<float name="metallic" value="0.000000" />
			<float name="anisotropic" value="0.000000" />
			<float name="roughness" value="0.500000" />
			<float name="sheen" value="0.000000" />
			<float name="sheen_tint" value="0.500000" />
			<float name="clearcoat" value="0.000000" />
			<float name="clearcoat_gloss" value="0.173205" />
			<float name="specular" value="0.500000" />
		</bsdf>
	</bsdf>
	<bsdf type="twosided" id="mat-Material.004" name="mat-Material.004">
		<bsdf type="principled" name="bsdf">
			<rgb value="0.433648 0.266232 0.084399" name="base_color" />
			<float name="spec_tint" value="0.000000" />
			<float name="spec_trans" value="0.000000" />
			<float name="metallic" value="0.000000" />
			<float name="anisotropic" value="0.000000" />
			<float name="roughness" value="0.500000" />
			<float name="sheen" value="0.000000" />
			<float name="sheen_tint" value="0.500000" />
			<float name="clearcoat" value="0.000000" />
			<float name="clearcoat_gloss" value="0.173205" />
			<float name="specular" value="0.500000" />
		</bsdf>
	</bsdf>
	<bsdf type="twosided" id="mat-Material.005" name="mat-Material.005">
		<bsdf type="principled" name="bsdf">
			<rgb value="0.433648 0.266232 0.084399" name="base_color" />
			<float name="spec_tint" value="0.000000" />
			<float name="spec_trans" value="0.000000" />
			<float name="metallic" value="0.000000" />
			<float name="anisotropic" value="0.000000" />
			<float name="roughness" value="0.500000" />
			<float name="sheen" value="0.000000" />
			<float name="sheen_tint" value="0.500000" />
			<float name="clearcoat" value="0.000000" />
			<float name="clearcoat_gloss" value="0.173205" />
			<float name="specular" value="0.500000" />
		</bsdf>
	</bsdf>
	<emitter type="point" name="temp45">
		<point name="position" x="-6.815235034541981e-16" y="3.0693089962005615" z="4.109199523925781" />
		<rgb value="7.957747 7.957747 7.957747" name="intensity" />
	</emitter>
	<shape type="ply" name="temp2">
		<string name="filename" value="meshes/Cube.ply" />
		<boolean name="face_normals" value="true" />
		<ref id="mat-Material" name="bsdf" />
		<transform name="to_world">
			<matrix value="0.9999986702764229 0.0002265483716884672 0.001633418451412013 -0.0025986629536769446 -0.00022498767789485254 0.9999989570796561 -0.0009642147112596513 -0.016004293968847505 -0.0016336451978362738 0.0009638454976085837 0.99999775424436 0.0037921419246524923 0.0 0.0 0.0 1.0" />
		</transform>
	</shape>
	<shape type="ply" name="temp4">
		<string name="filename" value="meshes/Plane.ply" />
		<boolean name="face_normals" value="true" />
		<ref id="mat-Material.001" name="bsdf" />
	</shape>
	<shape type="ply" name="temp5">
		<string name="filename" value="meshes/Cube_001.ply" />
		<boolean name="face_normals" value="true" />
		<ref id="mat-Material" name="bsdf" />
		<transform name="to_world">
			<matrix value="0.9999982270352306 8.502668833159862e-05 -0.0019568569065968955 0.002538928439540289 -8.767370622328363e-05 0.9999966626548997 -0.001347280815431509 -0.016142374879564297 0.0019564644068457713 0.0013474530842283328 0.9999949175003936 -0.004570283763414507 0.0 0.0 0.0 1.0" />
		</transform>
	</shape>
	<shape type="ply" name="temp6">
		<string name="filename" value="meshes/Cube_002.ply" />
		<boolean name="face_normals" value="true" />
		<ref id="mat-Material" name="bsdf" />
		<transform name="to_world">
			<matrix value="1.0 8.469743837905149e-05 0.0002637935493387786 -0.0008727572688012053 -8.524656177807091e-05 0.999996454070831 0.002046951894968609 -0.01883771427468922 -0.00026353614277330694 -0.002046968960604727 0.9999965722677073 0.0011405820457816573 0.0 0.0 0.0 1.0" />
		</transform>
	</shape>
	<shape type="ply" name="temp7">
		<string name="filename" value="meshes/Cube_003.ply" />
		<boolean name="face_normals" value="true" />
		<ref id="mat-Material" name="bsdf" />
		<transform name="to_world">
			<matrix value="0.9999986702764229 -0.00045448799911560357 0.0016083262690528728 -0.0011312171767701162 0.00046152666450364967 0.9999901965487681 -0.004379613550369463 -0.017347903650016233 -0.0016063149459157097 0.004380340534350668 0.9999892440124609 0.0047766320237741244 0.0 0.0 0.0 1.0" />
		</transform>
	</shape>
	<shape type="ply" name="temp8">
		<string name="filename" value="meshes/Cube_004.ply" />
		<boolean name="face_normals" value="true" />
		<ref id="mat-Material" name="bsdf" />
		<transform name="to_world">
			<matrix value="0.9999991135176153 3.343811206387679e-05 0.001312810830310231 -0.000442874435861329 -3.2628092272178464e-05 0.9999992699557594 -0.0006201996973194189 -0.017739800346322582 -0.0013125058729457986 0.0006201548528126518 0.9999984634303516 0.004149017883065962 0.0 0.0 0.0 1.0" />
		</transform>
	</shape>
	<shape type="ply" name="temp9">
		<string name="filename" value="meshes/Cube_005.ply" />
		<boolean name="face_normals" value="true" />
		<ref id="mat-Material" name="bsdf" />
		<transform name="to_world">
			<matrix value="0.9999997783794039 -5.682455785392023e-05 0.0008276413277663809 -0.0008052679487153824 5.6567992312424765e-05 0.9999960369026935 0.0003066993018300309 -0.0177019221748842 -0.0008268487146891905 -0.00030665404037770417 0.9999958630817157 0.0021247298637408207 0.0 0.0 0.0 1.0" />
		</transform>
	</shape>
	<shape type="ply" name="temp10">
		<string name="filename" value="meshes/Cube_006.ply" />
		<boolean name="face_normals" value="true" />
		<ref id="mat-Material" name="bsdf" />
		<transform name="to_world">
			<matrix value="0.9996050720976124 0.007935360840009762 0.026623267635919042 0.03847730607875621 -0.004480771753834479 0.9919296737953749 -0.12308532784013623 -0.08638837734973479 -0.027441383568517108 0.12291023793184724 0.9915764069895481 0.09816561851498373 0.0 0.0 0.0 1.0" />
		</transform>
	</shape>
	<shape type="ply" name="temp11">
		<string name="filename" value="meshes/Cube_007.ply" />
		<boolean name="face_normals" value="true" />
		<ref id="mat-Material" name="bsdf" />
		<transform name="to_world">
			<matrix value="0.9979096745368572 0.06367016184037896 0.005393241268383873 0.16032240553453914 -0.06125054740287256 0.977219803805825 -0.20087599835657965 -0.06213463382130843 -0.01834191448281731 0.20012200082182124 0.979167661497016 0.1755065689331426 0.0 0.0 0.0 1.0" />
		</transform>
	</shape>
	<shape type="ply" name="temp12">
		<string name="filename" value="meshes/Cube_008.ply" />
		<boolean name="face_normals" value="true" />
		<ref id="mat-Material" name="bsdf" />
		<transform name="to_world">
			<matrix value="0.6411643414233715 0.7584172015109831 -0.02920736409277855 1.0403289408011804 -0.7499073625907979 0.6275775254837586 -0.17499457472716434 1.6395935473855245 -0.11636894155776231 0.13309783844329537 0.9839390648484398 0.4094107728831121 0.0 0.0 0.0 1.0" />
		</transform>
	</shape>
	<shape type="ply" name="temp13">
		<string name="filename" value="meshes/Cube_009.ply" />
		<boolean name="face_normals" value="true" />
		<ref id="mat-Material" name="bsdf" />
		<transform name="to_world">
			<matrix value="0.0754784810833524 0.9921383621561752 0.0407118856262656 2.1244957327276297 -0.9820024130050512 0.08084021521704217 -0.14467820922026892 1.9419390310821134 -0.14669749852400682 -0.030511319857411928 0.9885074046109382 0.31363057107381165 0.0 0.0 0.0 1.0" />
		</transform>
	</shape>
	<shape type="ply" name="temp14">
		<string name="filename" value="meshes/Cube_010.ply" />
		<boolean name="face_normals" value="true" />
		<ref id="mat-Material" name="bsdf" />
		<transform name="to_world">
			<matrix value="0.22352755275899913 0.9745592097166802 0.005816991718125991 1.374378091475457 -0.9736058734776882 0.22355977915118802 -0.042704154553375936 1.708666571873329 -0.04289533346807865 0.003990967266902089 0.9990446082716617 0.000995178518481965 0.0 0.0 0.0 1.0" />
		</transform>
	</shape>
	<shape type="ply" name="temp15">
		<string name="filename" value="meshes/Cube_011.ply" />
		<boolean name="face_normals" value="true" />
		<ref id="mat-Material" name="bsdf" />
		<transform name="to_world">
			<matrix value="0.23080996122526048 0.9684472793336991 -0.09267243030001877 0.9080986908964472 -0.855464587688178 0.24748896068816056 0.4544833792807057 2.034720462065497 0.4631128031104894 -0.025417439296821387 0.8857893783795667 -0.9174317001690928 0.0 0.0 0.0 1.0" />
		</transform>
	</shape>
	<shape type="ply" name="temp16">
		<string name="filename" value="meshes/Cube_012.ply" />
		<boolean name="face_normals" value="true" />
		<ref id="mat-Material" name="bsdf" />
		<transform name="to_world">
			<matrix value="0.10241788070429253 0.9911096255290214 0.08473647357738472 1.0555044089044596 -0.6367024539605373 -0.00014538641241659245 0.7711060842957382 1.8994178358279412 0.7642615069845947 -0.1329279780068958 0.6310290856086778 -2.05098763158316 0.0 0.0 0.0 1.0" />
		</transform>
	</shape>
	<shape type="ply" name="temp17">
		<string name="filename" value="meshes/Cube_013.ply" />
		<boolean name="face_normals" value="true" />
		<ref id="mat-Material" name="bsdf" />
		<transform name="to_world">
			<matrix value="0.817410779980391 0.448315787936749 0.36068762200953997 0.5825059486092614 -0.3932519409531813 -0.02226257709788642 0.9190903885913723 1.6000334476749432 0.42020588110143664 -0.8932322813048186 0.15785544047305544 -1.7206957407411427 0.0 0.0 0.0 1.0" />
		</transform>
	</shape>
	<shape type="ply" name="temp18">
		<string name="filename" value="meshes/Cube_014.ply" />
		<boolean name="face_normals" value="true" />
		<ref id="mat-Material" name="bsdf" />
		<transform name="to_world">
			<matrix value="0.9568480320977542 0.2615132148436766 0.12655663961200908 0.05474191529545813 -0.19899302249714995 0.27256233013434905 0.9413149773935146 0.986296765864126 0.21168776051501081 -0.9259064542168398 0.312858936759994 -0.7145744916956254 0.0 0.0 0.0 1.0" />
		</transform>
	</shape>
	<shape type="ply" name="temp19">
		<string name="filename" value="meshes/Cube_015.ply" />
		<boolean name="face_normals" value="true" />
		<ref id="mat-Material" name="bsdf" />
		<transform name="to_world">
			<matrix value="0.985934627243022 0.11357268007584118 0.12261239534187729 0.04147799072640229 -0.14741982653312696 0.2453369988507018 0.9581530621941929 0.6274065317992736 0.07873561460710214 -0.9627523085041811 0.2586291387503481 -0.29326782521815326 0.0 0.0 0.0 1.0" />
		</transform>
	</shape>
	<shape type="ply" name="temp20">
		<string name="filename" value="meshes/Cube_016.ply" />
		<boolean name="face_normals" value="true" />
		<ref id="mat-Material" name="bsdf" />
		<transform name="to_world">
			<matrix value="0.984774665042631 0.0669348049634665 0.16014466921437792 0.08735094537836491 -0.1718719804193771 0.24558260659167375 0.9539704014134549 0.32224556927332465 0.024474163027656475 -0.9670075277990419 0.25339652810905955 -0.008253289356042803 0.0 0.0 0.0 1.0" />
		</transform>
	</shape>
	<shape type="ply" name="temp21">
		<string name="filename" value="meshes/Cube_017.ply" />
		<boolean name="face_normals" value="true" />
		<ref id="mat-Material" name="bsdf" />
		<transform name="to_world">
			<matrix value="0.9509072703966299 0.0808774193144676 0.2985181322310376 0.17949134446733556 -0.3091840461538189 0.225879546871969 0.9237459582308363 0.13980930970595798 0.007283459169507843 -0.9707470229838786 0.23987506979572132 0.16300292667625588 0.0 0.0 0.0 1.0" />
		</transform>
	</shape>
	<shape type="ply" name="temp22">
		<string name="filename" value="meshes/Cube_018.ply" />
		<boolean name="face_normals" value="true" />
		<ref id="mat-Material" name="bsdf" />
		<transform name="to_world">
			<matrix value="0.2019500617878222 0.9767882433675481 0.07140390695290674 0.8673803963584701 -0.3251543144211181 -0.0018972316722393379 0.9456501131624447 -0.15246043670192538 0.9238358713324007 -0.21419498021580108 0.3172227945615836 -0.1841111775747919 0.0 0.0 0.0 1.0" />
		</transform>
	</shape>
	<shape type="ply" name="temp23">
		<string name="filename" value="meshes/Cube_019.ply" />
		<boolean name="face_normals" value="true" />
		<ref id="mat-Material" name="bsdf" />
		<transform name="to_world">
			<matrix value="-0.05413827706829638 0.9876264801646981 -0.14717922453821353 0.46742747518635575 -0.9558075233987026 -0.008613255934738218 0.2937839611441723 0.06028727060154658 0.28888105090713745 0.15658779407746395 0.9444469791277107 -0.0472779342617593 0.0 0.0 0.0 1.0" />
		</transform>
	</shape>
	<shape type="ply" name="temp24">
		<string name="filename" value="meshes/Cube_020.ply" />
		<boolean name="face_normals" value="true" />
		<ref id="mat-Material" name="bsdf" />
		<transform name="to_world">
			<matrix value="0.06681531395516033 0.9884918241134852 -0.1356531909851159 -0.03588185302140151 -0.9164806335325628 0.007090557975596082 -0.39995241435999285 0.26059051887951157 -0.3943918324683075 0.1510542718204691 0.9064057694282432 0.10344939231081057 0.0 0.0 0.0 1.0" />
		</transform>
	</shape>
	<shape type="ply" name="temp25">
		<string name="filename" value="meshes/Cube_021.ply" />
		<boolean name="face_normals" value="true" />
		<ref id="mat-Material" name="bsdf" />
		<transform name="to_world">
			<matrix value="0.26319777244706366 0.9155895732995706 -0.3039562886122223 -0.10957957543318508 -0.7219005029901051 -0.022093841972537824 -0.6915922691162266 0.20705764954600014 -0.6399283633584917 0.401494400560674 0.655165521646484 0.21106425023118092 0.0 0.0 0.0 1.0" />
		</transform>
	</shape>
	<shape type="ply" name="temp26">
		<string name="filename" value="meshes/Cube_022.ply" />
		<boolean name="face_normals" value="true" />
		<ref id="mat-Material" name="bsdf" />
		<transform name="to_world">
			<matrix value="0.6842174665397224 0.3939050692186232 -0.6137037900317763 -0.06326563448855727 -0.6616536087811399 -0.01848475354749355 -0.7495408020704448 -0.12369454042795423 -0.3065940548945352 0.9189650892844107 0.24798106567960587 0.6621868841099008 0.0 0.0 0.0 1.0" />
		</transform>
	</shape>
	<shape type="ply" name="temp27">
		<string name="filename" value="meshes/Cube_023.ply" />
		<boolean name="face_normals" value="true" />
		<ref id="mat-Material" name="bsdf" />
		<transform name="to_world">
			<matrix value="0.8510505702741181 0.31580608356294965 -0.4194855233863537 -0.07995240931032854 -0.4788376708916417 0.13899372787705222 -0.8668250357784333 -0.2851303297550021 -0.21544371989284203 0.9385851325447465 0.2695175076745744 0.14932809247376988 0.0 0.0 0.0 1.0" />
		</transform>
	</shape>
	<shape type="ply" name="temp28">
		<string name="filename" value="meshes/Cube_024.ply" />
		<boolean name="face_normals" value="true" />
		<ref id="mat-Material" name="bsdf" />
		<transform name="to_world">
			<matrix value="0.8632656326736131 0.41070568162144916 -0.2934026554760269 -0.18255734402203355 -0.3902441505459845 0.17442422453657835 -0.9040325970249175 -0.5217299673350249 -0.3201226625675721 0.8949238981025107 0.31085146761313054 -0.30252827749334443 0.0 0.0 0.0 1.0" />
		</transform>
	</shape>
	<shape type="ply" name="temp29">
		<string name="filename" value="meshes/Cube_025.ply" />
		<boolean name="face_normals" value="true" />
		<ref id="mat-Material" name="bsdf" />
		<transform name="to_world">
			<matrix value="0.8930485597320696 0.380506254393302 -0.2401642994826252 -0.27998460736491176 -0.3285962374141663 0.18687899829586818 -0.9257963331301908 -0.7986193392260913 -0.30738889716272444 0.9056987253427558 0.29192518466021244 -0.7172857089111678 0.0 0.0 0.0 1.0" />
		</transform>
	</shape>
	<shape type="ply" name="temp30">
		<string name="filename" value="meshes/Cube_026.ply" />
		<boolean name="face_normals" value="true" />
		<ref id="mat-Material" name="bsdf" />
		<transform name="to_world">
			<matrix value="0.9225327422268792 0.2447414913343749 -0.29838776020625024 -0.3151081995248271 -0.3514341733640411 0.21329493995907584 -0.9115902739396369 -1.145099289625787 -0.159458944341317 0.9458355147750526 0.2827818860659609 -0.8394827945259148 0.0 0.0 0.0 1.0" />
		</transform>
	</shape>
	<shape type="ply" name="temp31">
		<string name="filename" value="meshes/Cube_027.ply" />
		<boolean name="face_normals" value="true" />
		<ref id="mat-Material" name="bsdf" />
		<transform name="to_world">
			<matrix value="0.8717893824231819 0.19377692559597684 -0.4499265046917381 -0.5557886792663357 -0.48485378359546616 0.21007617490191335 -0.8489892444852516 -1.5848784081232934 -0.06999582910037995 0.9582881922644513 0.27709563278538474 -0.9723976405778596 0.0 0.0 0.0 1.0" />
		</transform>
	</shape>
	<shape type="ply" name="temp32">
		<string name="filename" value="meshes/Cube_028.ply" />
		<boolean name="face_normals" value="true" />
		<ref id="mat-Material" name="bsdf" />
		<transform name="to_world">
			<matrix value="-0.11529702922023236 0.9805741485076853 0.1586805783742715 -1.4680785485400403 -0.8112663489513801 -0.0007763509468673802 -0.5846450122240026 -2.1149448493421668 -0.5731640506571494 -0.19614604430742788 0.7955965223410135 -1.2787924282864247 0.0 0.0 0.0 1.0" />
		</transform>
	</shape>
	<shape type="ply" name="temp33">
		<string name="filename" value="meshes/Cube_029.ply" />
		<boolean name="face_normals" value="true" />
		<ref id="mat-Material" name="bsdf" />
		<transform name="to_world">
			<matrix value="0.0030736361025270067 0.9807474818688299 0.19525428100123823 -1.5990479933035557 -0.9979484581411883 -0.009441030154998822 0.0631240068441176 -1.7999292078030096 0.06375193474780463 -0.19505173927825742 0.9787060996141554 -0.0772338117087471 0.0 0.0 0.0 1.0" />
		</transform>
	</shape>
	<shape type="ply" name="temp34">
		<string name="filename" value="meshes/Cube_030.ply" />
		<boolean name="face_normals" value="true" />
		<ref id="mat-Material" name="bsdf" />
		<transform name="to_world">
			<matrix value="-0.03618089916932665 0.9815606978407827 -0.1876940448458882 -3.1969092937794636 -0.9782181284397581 0.00362722002932414 0.2075316131329767 -1.9421375548995905 0.20438550885551207 0.19111567320563586 0.9600496902556619 0.2370479670023231 0.0 0.0 0.0 1.0" />
		</transform>
	</shape>
	<shape type="ply" name="temp35">
		<string name="filename" value="meshes/Cube_031.ply" />
		<boolean name="face_normals" value="true" />
		<ref id="mat-Material" name="bsdf" />
		<transform name="to_world">
			<matrix value="0.13485686412175305 0.9810064389902028 0.1394254458770527 -1.9259232698250823 -0.7101340006772725 -0.002442396380649239 0.7040597588483954 -0.89166624507493 0.6910278674602457 -0.19395861274907547 0.6963165115992096 0.7085046502647341 0.0 0.0 0.0 1.0" />
		</transform>
	</shape>
	<shape type="ply" name="temp36">
		<string name="filename" value="meshes/Cube_032.ply" />
		<boolean name="face_normals" value="true" />
		<ref id="mat-Material" name="bsdf" />
		<transform name="to_world">
			<matrix value="0.7774466027335571 0.5985803768279787 0.19304638407338467 -0.6197110919992124 -0.23568503812760738 -0.0073001587324763315 0.9717927181727966 0.4266755627189258 0.5831043992574825 -0.8010293623793602 0.13540219828745764 -0.16242975444110663 0.0 0.0 0.0 1.0" />
		</transform>
	</shape>
	<shape type="ply" name="temp37">
		<string name="filename" value="meshes/Cube_033.ply" />
		<boolean name="face_normals" value="true" />
		<ref id="mat-Material" name="bsdf" />
		<transform name="to_world">
			<matrix value="0.9774372503443984 0.16508271401246916 0.13177440462654028 -0.1366126467520692 -0.1499226544119342 0.10273870882289753 0.9833448851851518 0.30070628622415263 0.14879511530476378 -0.9809135147875676 0.1251703228356471 -0.38038395746053977 0.0 0.0 0.0 1.0" />
		</transform>
	</shape>
	<shape type="ply" name="temp38">
		<string name="filename" value="meshes/Cube_034.ply" />
		<boolean name="face_normals" value="true" />
		<ref id="mat-Material" name="bsdf" />
		<transform name="to_world">
			<matrix value="0.9999250922384922 0.0014989591654968578 0.012176617097717793 -0.03618067329172736 -0.01224699349499226 0.18074896281571806 0.9834530360488696 0.3694912145909791 -0.00072675598863175 -0.9835281160895494 0.1807537441474426 -0.3560972131604844 0.0 0.0 0.0 1.0" />
		</transform>
	</shape>
	<shape type="ply" name="temp39">
		<string name="filename" value="meshes/Cube_035.ply" />
		<boolean name="face_normals" value="true" />
		<ref id="mat-Material" name="bsdf" />
		<transform name="to_world">
			<matrix value="0.9989182698700595 -0.04639041097319069 0.0032196334832237323 0.009168082975633762 0.006585006125593278 0.2096527492423184 0.9777537810251141 0.09151649875218346 -0.04603341240756205 -0.976674669342105 0.20973143835684444 -0.1465949278146103 0.0 0.0 0.0 1.0" />
		</transform>
	</shape>
	<shape type="ply" name="temp40">
		<string name="filename" value="meshes/Cube_036.ply" />
		<boolean name="face_normals" value="true" />
		<ref id="mat-Material" name="bsdf" />
		<transform name="to_world">
			<matrix value="0.9995689479404355 -0.029214920852775106 0.0029964644714365885 0.004270760617280933 0.0032288281412060065 0.2107345705149732 0.9775381884836705 -0.24838092312975002 -0.029190156233655482 -0.9771065426564849 0.21073808059284166 0.22914131821561212 0.0 0.0 0.0 1.0" />
		</transform>
	</shape>
	<shape type="ply" name="temp41">
		<string name="filename" value="meshes/Cube_037.ply" />
		<boolean name="face_normals" value="true" />
		<ref id="mat-Material" name="bsdf" />
		<transform name="to_world">
			<matrix value="0.9988768268185744 -0.047271480508861694 0.003237221295815188 -0.005086092733086689 0.006812787774344136 0.21089820471692017 0.9774842903483096 -0.5694181823761912 -0.04688986520148858 -0.9763644005398155 0.21098334074826688 0.510120095641308 0.0 0.0 0.0 1.0" />
		</transform>
	</shape>
	<shape type="ply" name="temp42">
		<string name="filename" value="meshes/Cube_038.ply" />
		<boolean name="face_normals" value="true" />
		<ref id="mat-Material" name="bsdf" />
		<transform name="to_world">
			<matrix value="0.9992267657399381 -0.0391864074105748 0.0032460743009435477 0.006720697174415591 0.005095857556464496 0.21091311847783692 0.977491618603556 -0.9049124062460261 -0.03898902667780089 -0.9767189934567178 0.2109496544136663 0.8611354334457686 0.0 0.0 0.0 1.0" />
		</transform>
	</shape>
	<shape type="ply" name="temp43">
		<string name="filename" value="meshes/Cube_039.ply" />
		<boolean name="face_normals" value="true" />
		<ref id="mat-Material" name="bsdf" />
		<transform name="to_world">
			<matrix value="0.9999640301197968 -0.005288998368511585 -0.006644733020693913 0.021257122430391906 0.008279726103173497 0.43300805870565906 0.9013520057957174 -1.3192718426868524 -0.001890032760368913 -0.9013745195025931 0.43303617970205677 1.4738455488010067 0.0 0.0 0.0 1.0" />
		</transform>
	</shape>
	<shape type="ply" name="temp47">
		<string name="filename" value="meshes/Plane_001.ply" />
		<boolean name="face_normals" value="true" />
		<ref id="mat-Material.002" name="bsdf" />
	</shape>
	<shape type="ply" name="temp49">
		<string name="filename" value="meshes/Plane_002.ply" />
		<boolean name="face_normals" value="true" />
		<ref id="mat-Material.003" name="bsdf" />
	</shape>
	<shape type="ply" name="temp51">
		<string name="filename" value="meshes/Plane_003.ply" />
		<boolean name="face_normals" value="true" />
		<ref id="mat-Material.004" name="bsdf" />
	</shape>
	<shape type="ply" name="temp53">
		<string name="filename" value="meshes/Plane_004.ply" />
		<boolean name="face_normals" value="true" />
		<ref id="mat-Material.005" name="bsdf" />
	</shape>
	<emitter type="point">
		<transform name="to_world">
			<rotate x="1" angle="-142.5518126578256" />
			<rotate y="1" angle="3.976628485794621e-06" />
			<rotate z="1" angle="-179.999991348578" />
			<translate value="-0.000000 3.030926 4.073377" />
		</transform>
		<rgb name="intensity" value="100" />
	</emitter>
</scene>