<scene version="2.1.0">
	<default name="spp" value="1024" />
	<default name="resx" value="640" />
	<default name="resy" value="360" />
	<integrator type="path" name="temp0">
		<integer name="max_depth" value="12" />
	</integrator>
	<sensor type="perspective" name="temp44">
		<string name="fov_axis" value="x" />
		<float name="fov" value="83.974423" />
		<float name="principal_point_offset_x" value="0.000000" />
		<float name="principal_point_offset_y" value="-0.000000" />
		<float name="near_clip" value="0.100000" />
		<float name="far_clip" value="1000.000000" />
		<transform name="to_world">
			<rotate x="1" angle="-142.5518126578256" />
			<rotate y="1" angle="3.976628485794621e-06" />
			<rotate z="1" angle="-179.999991348578" />
			<translate value="-0.000000 3.030926 4.073377" />
		</transform>
		<sampler type="independent" name="sampler">
			<integer name="sample_count" value="$spp" />
		</sampler>
		<film type="hdrfilm" name="film">
			<integer name="width" value="$resx" />
			<integer name="height" value="$resy" />
		</film>
		<float name="shutter_open" value="0.0" />
		<float name="shutter_close" value="0.0015" />
	</sensor>
	<bsdf type="twosided" id="mat-Material" name="mat-Material">
		<bsdf type="diffuse" name="bsdf">
			<texture type="bitmap" name="reflectance">
				<string name="filename" value="textures/siggraph_2023_logo.jpg" />
			</texture>
		</bsdf>
	</bsdf>
	<bsdf type="twosided" id="mat-Material.001" name="mat-Material.001">
		<bsdf type="principled" name="bsdf">
			<rgb value="0.433648 0.266232 0.084399" name="base_color" />
			<float name="spec_tint" value="0.000000" />
			<float name="spec_trans" value="0.000000" />
			<float name="metallic" value="0.000000" />
			<float name="anisotropic" value="0.000000" />
			<float name="roughness" value="0.500000" />
			<float name="sheen" value="0.000000" />
			<float name="sheen_tint" value="0.500000" />
			<float name="clearcoat" value="0.000000" />
			<float name="clearcoat_gloss" value="0.173205" />
			<float name="specular" value="0.500000" />
		</bsdf>
	</bsdf>
	<bsdf type="twosided" id="mat-Material.002" name="mat-Material.002">
		<bsdf type="principled" name="bsdf">
			<rgb value="0.433648 0.266232 0.084399" name="base_color" />
			<float name="spec_tint" value="0.000000" />
			<float name="spec_trans" value="0.000000" />
			<float name="metallic" value="0.000000" />
			<float name="anisotropic" value="0.000000" />
			<float name="roughness" value="0.500000" />
			<float name="sheen" value="0.000000" />
			<float name="sheen_tint" value="0.500000" />
			<float name="clearcoat" value="0.000000" />
			<float name="clearcoat_gloss" value="0.173205" />
			<float name="specular" value="0.500000" />
		</bsdf>
	</bsdf>
	<bsdf type="twosided" id="mat-Material.003" name="mat-Material.003">
		<bsdf type="principled" name="bsdf">
			<rgb value="0.433648 0.266232 0.084399" name="base_color" />
			<float name="spec_tint" value="0.000000" />
			<float name="spec_trans" value="0.000000" />
			<float name="metallic" value="0.000000" />
			<float name="anisotropic" value="0.000000" />
			<float name="roughness" value="0.500000" />
			<float name="sheen" value="0.000000" />
			<float name="sheen_tint" value="0.500000" />
			<float name="clearcoat" value="0.000000" />
			<float name="clearcoat_gloss" value="0.173205" />
			<float name="specular" value="0.500000" />
		</bsdf>
	</bsdf>
	<bsdf type="twosided" id="mat-Material.004" name="mat-Material.004">
		<bsdf type="principled" name="bsdf">
			<rgb value="0.433648 0.266232 0.084399" name="base_color" />
			<float name="spec_tint" value="0.000000" />
			<float name="spec_trans" value="0.000000" />
			<float name="metallic" value="0.000000" />
			<float name="anisotropic" value="0.000000" />
			<float name="roughness" value="0.500000" />
			<float name="sheen" value="0.000000" />
			<float name="sheen_tint" value="0.500000" />
			<float name="clearcoat" value="0.000000" />
			<float name="clearcoat_gloss" value="0.173205" />
			<float name="specular" value="0.500000" />
		</bsdf>
	</bsdf>
	<bsdf type="twosided" id="mat-Material.005" name="mat-Material.005">
		<bsdf type="principled" name="bsdf">
			<rgb value="0.433648 0.266232 0.084399" name="base_color" />
			<float name="spec_tint" value="0.000000" />
			<float name="spec_trans" value="0.000000" />
			<float name="metallic" value="0.000000" />
			<float name="anisotropic" value="0.000000" />
			<float name="roughness" value="0.500000" />
			<float name="sheen" value="0.000000" />
			<float name="sheen_tint" value="0.500000" />
			<float name="clearcoat" value="0.000000" />
			<float name="clearcoat_gloss" value="0.173205" />
			<float name="specular" value="0.500000" />
		</bsdf>
	</bsdf>
	<emitter type="point" name="temp45">
		<point name="position" x="-6.815235034541981e-16" y="3.0693089962005615" z="4.109199523925781" />
		<rgb value="7.957747 7.957747 7.957747" name="intensity" />
	</emitter>
	<shape type="ply" name="temp2">
		<string name="filename" value="meshes/Cube.ply" />
		<boolean name="face_normals" value="true" />
		<ref id="mat-Material" name="bsdf" />
		<transform name="to_world">
			<matrix value="0.9999995567588077 0.00012533754116928058 0.0009594009931440625 -0.0017513647648299546 -0.00012596604417873614 0.9999997914159312 0.0006549261713743221 -0.018404173260631318 -0.0009593202098481102 -0.0006550457529154838 0.9999995272093389 0.002215792402193495 0.0 0.0 0.0 1.0" />
			<scale value="1" />
		</transform>
	</shape>
	<shape type="ply" name="temp4">
		<string name="filename" value="meshes/Plane.ply" />
		<boolean name="face_normals" value="true" />
		<ref id="mat-Material.001" name="bsdf" />
		<transform name="to_world">
			<scale value="1" />
		</transform>
	</shape>
	<shape type="ply" name="temp5">
		<string name="filename" value="meshes/Cube_001.ply" />
		<boolean name="face_normals" value="true" />
		<ref id="mat-Material" name="bsdf" />
		<transform name="to_world">
			<matrix value="1.0 0.00024963132765845614 -0.000780799593021799 0.0013928628049759695 -0.0002530362021676267 0.9999904051328369 -0.004362533987738647 -0.012670731139074354 0.0007797055814703905 0.004362723523902692 0.9999903077914484 -0.001619973467082203 0.0 0.0 0.0 1.0" />
			<scale value="1" />
		</transform>
	</shape>
	<shape type="ply" name="temp6">
		<string name="filename" value="meshes/Cube_002.ply" />
		<boolean name="face_normals" value="true" />
		<ref id="mat-Material" name="bsdf" />
		<transform name="to_world">
			<matrix value="1.0 -1.3767508025272046e-05 0.00026551923525164995 -0.0008610321060906756 1.4689323383455049e-05 0.9999939510620058 -0.003471961859031791 -0.015408452724512356 -0.0002654708905779333 0.0034719569148747562 0.9999940901167368 0.0003718575145968961 0.0 0.0 0.0 1.0" />
			<scale value="1" />
		</transform>
	</shape>
	<shape type="ply" name="temp7">
		<string name="filename" value="meshes/Cube_003.ply" />
		<boolean name="face_normals" value="true" />
		<ref id="mat-Material" name="bsdf" />
		<transform name="to_world">
			<matrix value="1.0 -0.0005025436827186013 0.0006476475591472937 -0.0009118361953781573 0.0005055653364112002 0.9999889450443554 -0.004672590103262209 -0.017353612168183152 -0.0006452926898889592 0.004672908892564605 0.9999888894194651 0.0014384503122001902 0.0 0.0 0.0 1.0" />
			<scale value="1" />
		</transform>
	</shape>
	<shape type="ply" name="temp8">
		<string name="filename" value="meshes/Cube_004.ply" />
		<boolean name="face_normals" value="true" />
		<ref id="mat-Material" name="bsdf" />
		<transform name="to_world">
			<matrix value="1.0 0.00033461473479578575 0.0005044912748847455 -0.0005446034069778172 -0.00033487714240630325 0.9999997914159312 0.0005194574632606197 -0.01699367735309415 -0.0005043153962487611 -0.0005196267179505364 0.9999997636046695 0.0017063176722133463 0.0 0.0 0.0 1.0" />
			<scale value="1" />
		</transform>
	</shape>
	<shape type="ply" name="temp9">
		<string name="filename" value="meshes/Cube_005.ply" />
		<boolean name="face_normals" value="true" />
		<ref id="mat-Material" name="bsdf" />
		<transform name="to_world">
			<matrix value="1.0 0.0001326498728680101 0.0005746675927059747 -0.0005525063926552498 -0.00013389296966279983 0.9999977055752436 0.00216314965573748 -0.016610842026792028 -0.0005743785315242002 -0.0021632253771721424 0.9999976360466947 0.0015485349229779621 0.0 0.0 0.0 1.0" />
			<scale value="1" />
		</transform>
	</shape>
	<shape type="ply" name="temp10">
		<string name="filename" value="meshes/Cube_006.ply" />
		<boolean name="face_normals" value="true" />
		<ref id="mat-Material" name="bsdf" />
		<transform name="to_world">
			<matrix value="1.0 -9.731719170753177e-05 -0.0006530137331503318 -0.0008510358134827811 9.812074599265638e-05 0.9999991656637249 0.0012301918442665387 -0.017201069507211342 0.0006528942763378349 -0.001230255953510783 0.999999054418678 -0.0016116407488951934 0.0 0.0 0.0 1.0" />
			<scale value="1" />
		</transform>
	</shape>
	<shape type="ply" name="temp11">
		<string name="filename" value="meshes/Cube_007.ply" />
		<boolean name="face_normals" value="true" />
		<ref id="mat-Material" name="bsdf" />
		<transform name="to_world">
			<matrix value="0.9999991135176153 0.0013083769447857112 -4.374424672864322e-05 0.0004077867221403686 -0.0013085499453040369 0.9999901965487681 -0.004237362660222845 -0.018681985079286922 3.81997670324293e-05 0.004237414558750831 0.9999910169774399 -0.0002374778643443598 0.0 0.0 0.0 1.0" />
			<scale value="1" />
		</transform>
	</shape>
	<shape type="ply" name="temp12">
		<string name="filename" value="meshes/Cube_008.ply" />
		<boolean name="face_normals" value="true" />
		<ref id="mat-Material" name="bsdf" />
		<transform name="to_world">
			<matrix value="1.0 -0.00010484749375812174 0.00016389335544732852 0.00033854044958792073 0.00010482565550939937 1.0 0.00013508763884088751 -0.017832869273665175 -0.00016390749024426137 -0.0001350702824019707 1.0 0.00044203741773696237 0.0 0.0 0.0 1.0" />
			<scale value="1" />
		</transform>
	</shape>
	<shape type="ply" name="temp13">
		<string name="filename" value="meshes/Cube_009.ply" />
		<boolean name="face_normals" value="true" />
		<ref id="mat-Material" name="bsdf" />
		<transform name="to_world">
			<matrix value="0.9999986702764229 -0.00161730872319434 0.0005932742691720159 0.0012127406027948595 0.0016168507890579708 0.99999833132745 0.0007759487608393169 -0.01997279119827655 -0.000594528276128625 -0.0007749878499779944 0.9999995272093389 0.0010388100927836152 0.0 0.0 0.0 1.0" />
			<scale value="1" />
		</transform>
	</shape>
	<shape type="ply" name="temp14">
		<string name="filename" value="meshes/Cube_010.ply" />
		<boolean name="face_normals" value="true" />
		<ref id="mat-Material" name="bsdf" />
		<transform name="to_world">
			<matrix value="0.999993794623307 -0.00023319490303969566 0.0035250326107358464 0.007123556772542949 0.0002326612910374858 1.0 0.00015160623535235434 -0.0179450624425444 -0.003525057311086172 -0.00015078500614280083 0.9999938537214063 0.0058012335201831355 0.0 0.0 0.0 1.0" />
			<scale value="1" />
		</transform>
	</shape>
	<shape type="ply" name="temp15">
		<string name="filename" value="meshes/Cube_011.ply" />
		<boolean name="face_normals" value="true" />
		<ref id="mat-Material" name="bsdf" />
		<transform name="to_world">
			<matrix value="1.0 0.0004020916810415854 -0.0005468580460223886 -0.00102354162182694 -0.0004018801404897283 0.9999997914159312 0.0003872320990817933 -0.01660839402239428 0.0005470128203082476 -0.0003870131387104916 0.9999997636046695 -0.0008380601400530541 0.0 0.0 0.0 1.0" />
			<scale value="1" />
		</transform>
	</shape>
	<shape type="ply" name="temp16">
		<string name="filename" value="meshes/Cube_012.ply" />
		<boolean name="face_normals" value="true" />
		<ref id="mat-Material" name="bsdf" />
		<transform name="to_world">
			<matrix value="0.9999968973116535 0.002521739674567136 -0.0001713104953380477 -0.0005494936509919945 -0.002521342063411858 0.9999941596460746 0.002288904879719692 -0.011533331815284431 0.00017708150496341488 -0.0022884655095813094 0.9999973996513641 -0.0001630082114969511 0.0 0.0 0.0 1.0" />
			<scale value="1" />
		</transform>
	</shape>
	<shape type="ply" name="temp17">
		<string name="filename" value="meshes/Cube_013.ply" />
		<boolean name="face_normals" value="true" />
		<ref id="mat-Material" name="bsdf" />
		<transform name="to_world">
			<matrix value="0.999997340552846 0.0023099976430000233 0.00026192602622758916 -0.0002536490757799603 -0.0023112634678836294 0.9999849819470489 0.004946548651813791 -0.009714722540524356 -0.00025049510041185976 -0.004947132281930571 0.9999879438381429 0.00023016261651309655 0.0 0.0 0.0 1.0" />
			<scale value="1" />
		</transform>
	</shape>
	<shape type="ply" name="temp18">
		<string name="filename" value="meshes/Cube_014.ply" />
		<boolean name="face_normals" value="true" />
		<ref id="mat-Material" name="bsdf" />
		<transform name="to_world">
			<matrix value="1.0 -0.000851721757195629 -6.143654605619306e-05 -0.0002499807800994125 0.0008514441684529287 0.9999899879646993 -0.004365512568903329 -0.02189993755718883 6.515423907011544e-05 0.004365462232725589 0.9999905441867787 -9.319952634867512e-05 0.0 0.0 0.0 1.0" />
			<scale value="1" />
		</transform>
	</shape>
	<shape type="ply" name="temp19">
		<string name="filename" value="meshes/Cube_015.ply" />
		<boolean name="face_normals" value="true" />
		<ref id="mat-Material" name="bsdf" />
		<transform name="to_world">
			<matrix value="1.0 -0.00020240810307390342 -8.916666390872114e-05 0.00019789735233211037 0.00020239500945876704 1.0 -0.00014657976143928826 -0.01804386832914101 8.919652782579557e-05 0.00014656159591842696 1.0 -0.00016714123078093168 0.0 0.0 0.0 1.0" />
			<scale value="1" />
		</transform>
	</shape>
	<shape type="ply" name="temp20">
		<string name="filename" value="meshes/Cube_016.ply" />
		<boolean name="face_normals" value="true" />
		<ref id="mat-Material" name="bsdf" />
		<transform name="to_world">
			<matrix value="0.9999995567588077 0.0008181334646022407 0.0003872108235020455 0.0006850284781114713 -0.0008201380430369469 0.9999860248673927 0.0052066780735293495 -0.01621209332052237 -0.00038294620647593114 -0.0052069863147992486 0.9999865254661597 0.0007557797158986579 0.0 0.0 0.0 1.0" />
			<scale value="1" />
		</transform>
	</shape>
	<shape type="ply" name="temp21">
		<string name="filename" value="meshes/Cube_017.ply" />
		<boolean name="face_normals" value="true" />
		<ref id="mat-Material" name="bsdf" />
		<transform name="to_world">
			<matrix value="1.0 0.0006700283465749453 0.0005010919100317195 0.0003017964737987988 -0.0006708854363354946 0.99999833132745 0.0017105187884644752 -0.017642597064033705 -0.000499945038092148 -0.0017108545063545138 0.9999985816280168 0.00025170005117144956 0.0 0.0 0.0 1.0" />
			<scale value="1" />
		</transform>
	</shape>
	<shape type="ply" name="temp22">
		<string name="filename" value="meshes/Cube_018.ply" />
		<boolean name="face_normals" value="true" />
		<ref id="mat-Material" name="bsdf" />
		<transform name="to_world">
			<matrix value="1.0 -0.0005537156123089631 -1.476641068204308e-05 0.0005809272519716191 0.0005537190595485676 0.9999997914159312 0.00035924052799369866 -0.01779518812413089 1.4567520703796095e-05 -0.0003592485133170499 1.0 -2.6085333681091782e-05 0.0 0.0 0.0 1.0" />
			<scale value="1" />
		</transform>
	</shape>
	<shape type="ply" name="temp23">
		<string name="filename" value="meshes/Cube_019.ply" />
		<boolean name="face_normals" value="true" />
		<ref id="mat-Material" name="bsdf" />
		<transform name="to_world">
			<matrix value="0.9999618812574576 0.0064406401027902295 -0.0058891986718364745 0.003378966683197926 -0.006405774900846945 0.9999618291154159 0.005920237378735106 -0.01801556566196344 0.005927114304811649 -0.0058822834949512235 0.999965249886412 -0.0008761611768204336 0.0 0.0 0.0 1.0" />
			<scale value="1" />
		</transform>
	</shape>
	<shape type="ply" name="temp24">
		<string name="filename" value="meshes/Cube_020.ply" />
		<boolean name="face_normals" value="true" />
		<ref id="mat-Material" name="bsdf" />
		<transform name="to_world">
			<matrix value="0.9999465460361443 -0.0040130299123133425 0.00953339897608178 -0.00728849576807622 0.003932310995451299 0.9999564572219913 0.008470470198147919 -0.015318896076750244 -0.009566971277280277 -0.008432528740023445 0.999918916393984 -0.0008993190273969276 0.0 0.0 0.0 1.0" />
			<scale value="1" />
		</transform>
	</shape>
	<shape type="ply" name="temp25">
		<string name="filename" value="meshes/Cube_021.ply" />
		<boolean name="face_normals" value="true" />
		<ref id="mat-Material" name="bsdf" />
		<transform name="to_world">
			<matrix value="0.9989171617670786 0.037978632647995614 0.026875666930326256 -0.016690730442523782 -0.03807866467385426 0.9992695385911816 0.003220011715752581 -0.021932292064986814 -0.026733755653541406 -0.004239911310053961 0.9996338236330086 -0.013478003570566499 0.0 0.0 0.0 1.0" />
			<scale value="1" />
		</transform>
	</shape>
	<shape type="ply" name="temp26">
		<string name="filename" value="meshes/Cube_022.ply" />
		<boolean name="face_normals" value="true" />
		<ref id="mat-Material" name="bsdf" />
		<transform name="to_world">
			<matrix value="0.9994144783849 0.030154936246279383 0.016179203735424457 -0.007439559924174222 -0.030292840590964615 0.9995062815092309 0.008346149900170253 -0.020021455649199382 -0.015919530448010467 -0.008831378552968882 0.9998342868732982 -0.011502801519234218 0.0 0.0 0.0 1.0" />
			<scale value="1" />
		</transform>
	</shape>
	<shape type="ply" name="temp27">
		<string name="filename" value="meshes/Cube_023.ply" />
		<boolean name="face_normals" value="true" />
		<ref id="mat-Material" name="bsdf" />
		<transform name="to_world">
			<matrix value="0.9994698835339443 0.031036433379291357 0.00986314601524939 -0.00274810174455975 -0.031119724764949196 0.9994802085006351 0.008405839721129156 -0.02000703771053436 -0.00959712921544536 -0.008708328553281759 0.9999160796576617 -0.00862240049110996 0.0 0.0 0.0 1.0" />
			<scale value="1" />
		</transform>
	</shape>
	<shape type="ply" name="temp28">
		<string name="filename" value="meshes/Cube_024.ply" />
		<boolean name="face_normals" value="true" />
		<ref id="mat-Material" name="bsdf" />
		<transform name="to_world">
			<matrix value="0.9969695599678738 0.06592764635822645 0.04130098278994715 0.04821230764269324 -0.06266047547369186 0.9951410341180962 -0.07594838260678805 -0.06566728173999548 -0.046107411524625594 0.07313026283678506 0.9962562071503913 0.06425952762451204 0.0 0.0 0.0 1.0" />
			<scale value="1" />
		</transform>
	</shape>
	<shape type="ply" name="temp29">
		<string name="filename" value="meshes/Cube_025.ply" />
		<boolean name="face_normals" value="true" />
		<ref id="mat-Material" name="bsdf" />
		<transform name="to_world">
			<matrix value="0.9797452072329871 0.19418436328670088 0.048908751875205964 0.029510206697318075 -0.16093772993136854 0.9088977792054198 -0.3847125976490011 -0.35438703611984 -0.1191582583812477 0.36904904437208896 0.921739907455956 -0.11445381684187503 0.0 0.0 0.0 1.0" />
			<scale value="1" />
		</transform>
	</shape>
	<shape type="ply" name="temp30">
		<string name="filename" value="meshes/Cube_026.ply" />
		<boolean name="face_normals" value="true" />
		<ref id="mat-Material" name="bsdf" />
		<transform name="to_world">
			<matrix value="0.9655477486006876 0.258868681727827 -0.02654762113014934 0.0392812162048406 -0.23631155955300012 0.8295190259958325 -0.5060186251153018 -0.6869695035439777 -0.1089706255197003 0.494858611288987 0.8621139132362946 -0.12931150008864917 0.0 0.0 0.0 1.0" />
			<scale value="1" />
		</transform>
	</shape>
	<shape type="ply" name="temp31">
		<string name="filename" value="meshes/Cube_027.ply" />
		<boolean name="face_normals" value="true" />
		<ref id="mat-Material" name="bsdf" />
		<transform name="to_world">
			<matrix value="0.8954256622466655 0.43069669164808533 -0.11275329168677997 -0.13515781682531536 -0.4128216379712319 0.7083832023077742 -0.5725135584541826 -1.201862072320092 -0.16670709026340938 0.5591901097777955 0.8121054266439286 -0.33143044247856757 0.0 0.0 0.0 1.0" />
			<scale value="1" />
		</transform>
	</shape>
	<shape type="ply" name="temp32">
		<string name="filename" value="meshes/Cube_028.ply" />
		<boolean name="face_normals" value="true" />
		<ref id="mat-Material" name="bsdf" />
		<transform name="to_world">
			<matrix value="-0.08172215159912558 0.9876772703854426 0.13347239682643997 -1.4511152411230885 -0.8656097137193787 -0.003958053743771159 -0.5007039852943194 -2.0720865660017593 -0.49400604935579323 -0.15645359108761991 0.8552664860921536 -1.0169689384707672 0.0 0.0 0.0 1.0" />
			<scale value="1" />
		</transform>
	</shape>
	<shape type="ply" name="temp33">
		<string name="filename" value="meshes/Cube_029.ply" />
		<boolean name="face_normals" value="true" />
		<ref id="mat-Material" name="bsdf" />
		<transform name="to_world">
			<matrix value="0.11223332393662006 0.9848136197053542 0.1324602702187744 -1.494615683853439 -0.9890998125976239 0.12350581845259823 -0.0801772823141779 -2.0261515745927823 -0.09531932868461972 -0.12201780056442849 0.9879402922129961 -0.35290378472067174 0.0 0.0 0.0 1.0" />
			<scale value="1" />
		</transform>
	</shape>
	<shape type="ply" name="temp34">
		<string name="filename" value="meshes/Cube_030.ply" />
		<boolean name="face_normals" value="true" />
		<ref id="mat-Material" name="bsdf" />
		<transform name="to_world">
			<matrix value="0.068457125035145 0.9767505948608823 -0.20315400798537903 -2.9570970243553067 -0.9787330607896421 0.10522196103314492 0.17609483443186535 -1.9814033763641112 0.1933769927648638 0.18677860506659924 0.9631818024713507 0.2260519256981557 0.0 0.0 0.0 1.0" />
			<scale value="1" />
		</transform>
	</shape>
	<shape type="ply" name="temp35">
		<string name="filename" value="meshes/Cube_031.ply" />
		<boolean name="face_normals" value="true" />
		<ref id="mat-Material" name="bsdf" />
		<transform name="to_world">
			<matrix value="0.11291941697826523 0.9901354336358498 0.08295287080853349 -2.061362604843837 -0.537090422976205 -0.00941339068004664 0.8434722502613351 -0.2086018287897484 0.8359324996852987 -0.13979752744444887 0.5307292654109662 0.8813732343361669 0.0 0.0 0.0 1.0" />
			<scale value="1" />
		</transform>
	</shape>
	<shape type="ply" name="temp36">
		<string name="filename" value="meshes/Cube_032.ply" />
		<boolean name="face_normals" value="true" />
		<ref id="mat-Material" name="bsdf" />
		<transform name="to_world">
			<matrix value="0.9116655762933334 0.4109262592741692 0.002411468766739744 -0.30163506768546977 -0.0022706980339593672 -0.0008306923113826412 0.9999971632560337 1.1599301524906291 0.410927092142752 -0.9116681928067698 0.0001757755303411043 -0.66585527785892 0.0 0.0 0.0 1.0" />
			<scale value="1" />
		</transform>
	</shape>
	<shape type="ply" name="temp37">
		<string name="filename" value="meshes/Cube_033.ply" />
		<boolean name="face_normals" value="true" />
		<ref id="mat-Material" name="bsdf" />
		<transform name="to_world">
			<matrix value="0.9790001187886396 0.16030547136870782 0.12594062883994664 -0.12325067930961131 -0.1470024927884658 0.12710606291312684 0.9809354257787216 0.3077085904312261 0.14124155403907968 -0.9788493668430593 0.14800215214308915 -0.3671233648755875 0.0 0.0 0.0 1.0" />
			<scale value="1" />
		</transform>
	</shape>
	<shape type="ply" name="temp38">
		<string name="filename" value="meshes/Cube_034.ply" />
		<boolean name="face_normals" value="true" />
		<ref id="mat-Material" name="bsdf" />
		<transform name="to_world">
			<matrix value="0.999922432791338 0.005252637024089375 0.011300122310944016 -0.0372817742351117 -0.012069865449703648 0.18275877461031284 0.9830837865425812 0.3698167729041163 0.00309858836545059 -0.9831436956508136 0.1828080077499845 -0.3269441221716084 0.0 0.0 0.0 1.0" />
			<scale value="1" />
		</transform>
	</shape>
	<shape type="ply" name="temp39">
		<string name="filename" value="meshes/Cube_035.ply" />
		<boolean name="face_normals" value="true" />
		<ref id="mat-Material" name="bsdf" />
		<transform name="to_world">
			<matrix value="0.9992970194689261 -0.03746345085655048 0.0014462666321844676 -0.0006147954995352478 0.00674733213126322 0.21765601566883527 0.9760023280212151 0.09189763672274115 -0.036879205250812466 -0.9753063578510002 0.2177558423923964 -0.11621886440012175 0.0 0.0 0.0 1.0" />
			<scale value="1" />
		</transform>
	</shape>
	<shape type="ply" name="temp40">
		<string name="filename" value="meshes/Cube_036.ply" />
		<boolean name="face_normals" value="true" />
		<ref id="mat-Material" name="bsdf" />
		<transform name="to_world">
			<matrix value="0.9998076333225183 -0.019574528130690435 0.0013962311965244213 -0.0006237824779953272 0.002922559558319017 0.2188745637985662 0.9757486758315561 -0.24247809606827178 -0.019405422967340213 -0.9755566587335194 0.21888961803715284 0.21594315828154892 0.0 0.0 0.0 1.0" />
			<scale value="1" />
		</transform>
	</shape>
	<shape type="ply" name="temp41">
		<string name="filename" value="meshes/Cube_037.ply" />
		<boolean name="face_normals" value="true" />
		<ref id="mat-Material" name="bsdf" />
		<transform name="to_world">
			<matrix value="0.9992823925095785 -0.03785316933063287 0.001374558472621402 -0.0001474398381224873 0.006949543195627159 0.218891667692205 0.9757245635078419 -0.5679367346614402 -0.03723515452274447 -0.9750145487387964 0.21899767434273826 0.5071306784456592 0.0 0.0 0.0 1.0" />
			<scale value="1" />
		</transform>
	</shape>
	<shape type="ply" name="temp42">
		<string name="filename" value="meshes/Cube_038.ply" />
		<boolean name="face_normals" value="true" />
		<ref id="mat-Material" name="bsdf" />
		<transform name="to_world">
			<matrix value="0.9995204130298727 -0.030945323858054374 0.0014511387399466977 -0.0003918625254608621 0.005361325787595275 0.21892378963879497 0.9757274002518083 -0.9022623466673384 -0.030511881523402246 -0.9752510830727772 0.2189846725995591 0.8367168175246366 0.0 0.0 0.0 1.0" />
			<scale value="1" />
		</transform>
	</shape>
	<shape type="ply" name="temp43">
		<string name="filename" value="meshes/Cube_039.ply" />
		<boolean name="face_normals" value="true" />
		<ref id="mat-Material" name="bsdf" />
		<transform name="to_world">
			<matrix value="0.9999447273746231 0.0022973710278668355 -0.010274282892032293 0.019072990994102756 0.008266544260121713 0.4329922259862851 0.9013597332162573 -1.3193106467892526 0.006519443759419528 -0.9013948223111103 0.4329492347214046 1.4576588910108683 0.0 0.0 0.0 1.0" />
			<scale value="1" />
		</transform>
	</shape>
	<shape type="ply" name="temp47">
		<string name="filename" value="meshes/Plane_001.ply" />
		<boolean name="face_normals" value="true" />
		<ref id="mat-Material.002" name="bsdf" />
		<transform name="to_world">
			<scale value="1" />
		</transform>
	</shape>
	<shape type="ply" name="temp49">
		<string name="filename" value="meshes/Plane_002.ply" />
		<boolean name="face_normals" value="true" />
		<ref id="mat-Material.003" name="bsdf" />
		<transform name="to_world">
			<scale value="1" />
		</transform>
	</shape>
	<shape type="ply" name="temp51">
		<string name="filename" value="meshes/Plane_003.ply" />
		<boolean name="face_normals" value="true" />
		<ref id="mat-Material.004" name="bsdf" />
		<transform name="to_world">
			<scale value="1" />
		</transform>
	</shape>
	<shape type="ply" name="temp53">
		<string name="filename" value="meshes/Plane_004.ply" />
		<boolean name="face_normals" value="true" />
		<ref id="mat-Material.005" name="bsdf" />
		<transform name="to_world">
			<scale value="1" />
		</transform>
	</shape>
	<emitter type="point">
		<transform name="to_world">
			<rotate x="1" angle="-142.5518126578256" />
			<rotate y="1" angle="3.976628485794621e-06" />
			<rotate z="1" angle="-179.999991348578" />
			<translate value="-0.000000 3.030926 4.073377" />
		</transform>
		<rgb name="intensity" value="100" />
	</emitter>
</scene>