<scene version="2.1.0">
	<default name="spp" value="1024" />
	<default name="resx" value="640" />
	<default name="resy" value="360" />
	<integrator type="path" name="temp0">
		<integer name="max_depth" value="12" />
	</integrator>
	<sensor type="perspective" name="temp44">
		<string name="fov_axis" value="x" />
		<float name="fov" value="83.974423" />
		<float name="principal_point_offset_x" value="0.000000" />
		<float name="principal_point_offset_y" value="-0.000000" />
		<float name="near_clip" value="0.100000" />
		<float name="far_clip" value="1000.000000" />
		<transform name="to_world">
			<rotate x="1" angle="-142.5518126578256" />
			<rotate y="1" angle="3.976628485794621e-06" />
			<rotate z="1" angle="-179.999991348578" />
			<translate value="-0.000000 3.030926 4.073377" />
		</transform>
		<sampler type="independent" name="sampler">
			<integer name="sample_count" value="$spp" />
		</sampler>
		<film type="hdrfilm" name="film">
			<integer name="width" value="$resx" />
			<integer name="height" value="$resy" />
		</film>
		<float name="shutter_open" value="0.0" />
		<float name="shutter_close" value="0.0015" />
	</sensor>
	<bsdf type="twosided" id="mat-Material" name="mat-Material">
		<bsdf type="diffuse" name="bsdf">
			<texture type="bitmap" name="reflectance">
				<string name="filename" value="textures/siggraph_2023_logo.jpg" />
			</texture>
		</bsdf>
	</bsdf>
	<bsdf type="twosided" id="mat-Material.001" name="mat-Material.001">
		<bsdf type="principled" name="bsdf">
			<rgb value="0.433648 0.266232 0.084399" name="base_color" />
			<float name="spec_tint" value="0.000000" />
			<float name="spec_trans" value="0.000000" />
			<float name="metallic" value="0.000000" />
			<float name="anisotropic" value="0.000000" />
			<float name="roughness" value="0.500000" />
			<float name="sheen" value="0.000000" />
			<float name="sheen_tint" value="0.500000" />
			<float name="clearcoat" value="0.000000" />
			<float name="clearcoat_gloss" value="0.173205" />
			<float name="specular" value="0.500000" />
		</bsdf>
	</bsdf>
	<bsdf type="twosided" id="mat-Material.002" name="mat-Material.002">
		<bsdf type="principled" name="bsdf">
			<rgb value="0.433648 0.266232 0.084399" name="base_color" />
			<float name="spec_tint" value="0.000000" />
			<float name="spec_trans" value="0.000000" />
			<float name="metallic" value="0.000000" />
			<float name="anisotropic" value="0.000000" />
			<float name="roughness" value="0.500000" />
			<float name="sheen" value="0.000000" />
			<float name="sheen_tint" value="0.500000" />
			<float name="clearcoat" value="0.000000" />
			<float name="clearcoat_gloss" value="0.173205" />
			<float name="specular" value="0.500000" />
		</bsdf>
	</bsdf>
	<bsdf type="twosided" id="mat-Material.003" name="mat-Material.003">
		<bsdf type="principled" name="bsdf">
			<rgb value="0.433648 0.266232 0.084399" name="base_color" />
			<float name="spec_tint" value="0.000000" />
			<float name="spec_trans" value="0.000000" />
			<float name="metallic" value="0.000000" />
			<float name="anisotropic" value="0.000000" />
			<float name="roughness" value="0.500000" />
			<float name="sheen" value="0.000000" />
			<float name="sheen_tint" value="0.500000" />
			<float name="clearcoat" value="0.000000" />
			<float name="clearcoat_gloss" value="0.173205" />
			<float name="specular" value="0.500000" />
		</bsdf>
	</bsdf>
	<bsdf type="twosided" id="mat-Material.004" name="mat-Material.004">
		<bsdf type="principled" name="bsdf">
			<rgb value="0.433648 0.266232 0.084399" name="base_color" />
			<float name="spec_tint" value="0.000000" />
			<float name="spec_trans" value="0.000000" />
			<float name="metallic" value="0.000000" />
			<float name="anisotropic" value="0.000000" />
			<float name="roughness" value="0.500000" />
			<float name="sheen" value="0.000000" />
			<float name="sheen_tint" value="0.500000" />
			<float name="clearcoat" value="0.000000" />
			<float name="clearcoat_gloss" value="0.173205" />
			<float name="specular" value="0.500000" />
		</bsdf>
	</bsdf>
	<bsdf type="twosided" id="mat-Material.005" name="mat-Material.005">
		<bsdf type="principled" name="bsdf">
			<rgb value="0.433648 0.266232 0.084399" name="base_color" />
			<float name="spec_tint" value="0.000000" />
			<float name="spec_trans" value="0.000000" />
			<float name="metallic" value="0.000000" />
			<float name="anisotropic" value="0.000000" />
			<float name="roughness" value="0.500000" />
			<float name="sheen" value="0.000000" />
			<float name="sheen_tint" value="0.500000" />
			<float name="clearcoat" value="0.000000" />
			<float name="clearcoat_gloss" value="0.173205" />
			<float name="specular" value="0.500000" />
		</bsdf>
	</bsdf>
	<emitter type="point" name="temp45">
		<point name="position" x="-6.815235034541981e-16" y="3.0693089962005615" z="4.109199523925781" />
		<rgb value="7.957747 7.957747 7.957747" name="intensity" />
	</emitter>
	<shape type="ply" name="temp2">
		<string name="filename" value="meshes/Cube.ply" />
		<boolean name="face_normals" value="true" />
		<ref id="mat-Material" name="bsdf" />
		<transform name="to_world">
			<matrix value="0.9999995567588077 0.00022999105174344994 0.0008905461252204978 -0.0016563971436096558 -0.00022830866252856688 0.9999981227433812 -0.0018896237106407687 -0.01476492440526661 -0.0008909768503990058 0.001889421241784395 0.9999978724420252 0.002066792114422844 0.0 0.0 0.0 1.0" />
			<scale value="1" />
		</transform>
	</shape>
	<shape type="ply" name="temp4">
		<string name="filename" value="meshes/Plane.ply" />
		<boolean name="face_normals" value="true" />
		<ref id="mat-Material.001" name="bsdf" />
		<transform name="to_world">
			<scale value="1" />
		</transform>
	</shape>
	<shape type="ply" name="temp5">
		<string name="filename" value="meshes/Cube_001.ply" />
		<boolean name="face_normals" value="true" />
		<ref id="mat-Material" name="bsdf" />
		<transform name="to_world">
			<matrix value="1.0 -0.00014535201690365294 -0.0006520185088087992 0.0012814055145580205 0.00014762502504312737 0.9999939510620058 0.0034874457531815267 -0.021439659353874763 0.000651506931405766 -0.003487548574015014 0.9999938537214063 -0.0011635137431510456 0.0 0.0 0.0 1.0" />
			<scale value="1" />
		</transform>
	</shape>
	<shape type="ply" name="temp6">
		<string name="filename" value="meshes/Cube_002.ply" />
		<boolean name="face_normals" value="true" />
		<ref id="mat-Material" name="bsdf" />
		<transform name="to_world">
			<matrix value="1.0 -7.888753772764345e-05 0.0002194278192861712 -0.000783061957831066 7.949220516039126e-05 0.9999962454867622 -0.00275641683304958 -0.016059994166574776 -0.00021920980733191852 0.0027564322112205715 0.9999962176747115 0.0002875030436644277 0.0 0.0 0.0 1.0" />
			<scale value="1" />
		</transform>
	</shape>
	<shape type="ply" name="temp7">
		<string name="filename" value="meshes/Cube_003.ply" />
		<boolean name="face_normals" value="true" />
		<ref id="mat-Material" name="bsdf" />
		<transform name="to_world">
			<matrix value="1.0 0.00048806169082417827 0.0005925319878341507 -0.0008570014923576785 -0.0004902912449226721 0.9999926995575932 0.003770647359156844 -0.01760875086032665 -0.0005906853749909136 -0.003770924632318433 0.9999926717447536 0.0015104479619882372 0.0 0.0 0.0 1.0" />
			<scale value="1" />
		</transform>
	</shape>
	<shape type="ply" name="temp8">
		<string name="filename" value="meshes/Cube_004.ply" />
		<boolean name="face_normals" value="true" />
		<ref id="mat-Material" name="bsdf" />
		<transform name="to_world">
			<matrix value="1.0 0.0003602434593250637 0.00042146687084919354 -0.0005329483187650474 -0.00036037813792602126 0.9999997914159312 0.0003210792297861899 -0.016881204202185196 -0.00042134995310508184 -0.0003212319809437595 1.0 0.0014662246650947418 0.0 0.0 0.0 1.0" />
			<scale value="1" />
		</transform>
	</shape>
	<shape type="ply" name="temp9">
		<string name="filename" value="meshes/Cube_005.ply" />
		<boolean name="face_normals" value="true" />
		<ref id="mat-Material" name="bsdf" />
		<transform name="to_world">
			<matrix value="1.0 -0.0005732787121185258 0.0005532832711062025 -0.00047045913641285964 0.0005755575530958624 0.9999912394691118 -0.0041319067032732715 -0.020535184319135535 -0.0005509089103890417 0.004132219355350077 0.9999912533727704 0.0011282258048486704 0.0 0.0 0.0 1.0" />
			<scale value="1" />
		</transform>
	</shape>
	<shape type="ply" name="temp10">
		<string name="filename" value="meshes/Cube_006.ply" />
		<boolean name="face_normals" value="true" />
		<ref id="mat-Material" name="bsdf" />
		<transform name="to_world">
			<matrix value="1.0 0.00021605137842781844 -0.0005694645314810025 -0.000809970133148763 -0.00021602290315889133 1.0 5.0049382984547784e-05 -0.017194697819526594 0.0005694762839367619 -4.992626553169122e-05 1.0 -0.001327921981578828 0.0 0.0 0.0 1.0" />
			<scale value="1" />
		</transform>
	</shape>
	<shape type="ply" name="temp11">
		<string name="filename" value="meshes/Cube_007.ply" />
		<boolean name="face_normals" value="true" />
		<ref id="mat-Material" name="bsdf" />
		<transform name="to_world">
			<matrix value="0.9999991135176153 0.0015491455353623003 -3.999123446114394e-05 0.0003804247874290567 -0.0015493274258147217 0.9999862334514615 -0.0050240626806946805 -0.018896709978809767 3.22076336771112e-05 0.005024112318349349 0.9999874710474819 -0.0002494151521843513 0.0 0.0 0.0 1.0" />
			<scale value="1" />
		</transform>
	</shape>
	<shape type="ply" name="temp12">
		<string name="filename" value="meshes/Cube_008.ply" />
		<boolean name="face_normals" value="true" />
		<ref id="mat-Material" name="bsdf" />
		<transform name="to_world">
			<matrix value="1.0 -0.000836699532563102 0.0001453148100256205 0.0003131753750658106 0.000836564561625596 0.9999991656637249 0.0009205848798709849 -0.018466700062416075 -0.0001460847618996963 -0.0009204627228981506 0.9999995272093389 0.0004473273587752846 0.0 0.0 0.0 1.0" />
			<scale value="1" />
		</transform>
	</shape>
	<shape type="ply" name="temp13">
		<string name="filename" value="meshes/Cube_009.ply" />
		<boolean name="face_normals" value="true" />
		<ref id="mat-Material" name="bsdf" />
		<transform name="to_world">
			<matrix value="1.0 0.00035099692755666707 0.0004714455716299127 0.0009914047133148252 -0.0003509747760302255 1.0 -4.9853647650868684e-05 -0.017170111854253545 -0.0004714623590714629 4.968827110922922e-05 1.0 0.000743761034283752 0.0 0.0 0.0 1.0" />
			<scale value="1" />
		</transform>
	</shape>
	<shape type="ply" name="temp14">
		<string name="filename" value="meshes/Cube_010.ply" />
		<boolean name="face_normals" value="true" />
		<ref id="mat-Material" name="bsdf" />
		<transform name="to_world">
			<matrix value="0.9999955675880765 -0.000553746899919278 0.002925534052510968 0.005595763829514544 0.0005531694404700485 0.9999997914159312 0.00019772200003687765 -0.018424065739576834 -0.0029256533818416493 -0.00019610260667510737 0.9999957448840504 0.004854382850194794 0.0 0.0 0.0 1.0" />
			<scale value="1" />
		</transform>
	</shape>
	<shape type="ply" name="temp15">
		<string name="filename" value="meshes/Cube_011.ply" />
		<boolean name="face_normals" value="true" />
		<ref id="mat-Material" name="bsdf" />
		<transform name="to_world">
			<matrix value="1.0 -0.0005310967558919785 -0.0005134341102387073 -0.0009209861964138977 0.0005311093263265765 0.9999997914159312 2.654648643256279e-05 -0.018519436663385347 0.0005134195703397178 -2.681932239379421e-05 1.0 -0.0008092070323133527 0.0 0.0 0.0 1.0" />
			<scale value="1" />
		</transform>
	</shape>
	<shape type="ply" name="temp16">
		<string name="filename" value="meshes/Cube_012.ply" />
		<boolean name="face_normals" value="true" />
		<ref id="mat-Material" name="bsdf" />
		<transform name="to_world">
			<matrix value="0.9999960108292688 0.0028924999426393812 -0.0001573265295605269 -0.0005524120306665825 -0.002892077861520814 0.9999922823894557 0.0026277941337080357 -0.010657294283646312 0.00016492605850429147 -0.0026273186726544205 0.9999966904653725 -0.00014705871951137262 0.0 0.0 0.0 1.0" />
			<scale value="1" />
		</transform>
	</shape>
	<shape type="ply" name="temp17">
		<string name="filename" value="meshes/Cube_013.ply" />
		<boolean name="face_normals" value="true" />
		<ref id="mat-Material" name="bsdf" />
		<transform name="to_world">
			<matrix value="1.0 0.000820615615020556 0.0002221539302378468 -0.0001982038685973686 -0.0008210067957739613 0.9999981227433812 0.0017762343263985976 -0.014841550689269789 -0.00022069599504988236 -0.0017764166508490416 0.9999985816280168 5.85566214830191e-05 0.0 0.0 0.0 1.0" />
			<scale value="1" />
		</transform>
	</shape>
	<shape type="ply" name="temp18">
		<string name="filename" value="meshes/Cube_014.ply" />
		<boolean name="face_normals" value="true" />
		<ref id="mat-Material" name="bsdf" />
		<transform name="to_world">
			<matrix value="0.9999995567588077 -0.0008956120169453698 -5.081955897141555e-05 -0.00020634505235128664 0.0008953693706152366 0.9999889450443554 -0.0045943196093236206 -0.02211569512689915 5.493398365681075e-05 0.0045942685269584485 0.9999895986054567 -0.00016454613157079745 0.0 0.0 0.0 1.0" />
			<scale value="1" />
		</transform>
	</shape>
	<shape type="ply" name="temp19">
		<string name="filename" value="meshes/Cube_015.ply" />
		<boolean name="face_normals" value="true" />
		<ref id="mat-Material" name="bsdf" />
		<transform name="to_world">
			<matrix value="1.0 -0.00021165651209891891 -7.517820661992029e-05 0.00028112966718563115 0.00021164633962558532 1.0 -0.00012583914432455 -0.0180445814344935 7.520473310674844e-05 0.00012582333346543658 1.0 -0.00019599323220736986 0.0 0.0 0.0 1.0" />
			<scale value="1" />
		</transform>
	</shape>
	<shape type="ply" name="temp20">
		<string name="filename" value="meshes/Cube_016.ply" />
		<boolean name="face_normals" value="true" />
		<ref id="mat-Material" name="bsdf" />
		<transform name="to_world">
			<matrix value="0.9999995567588077 0.0008504452226947811 0.0003737859326812289 0.000636937409063898 -0.0008524370287238023 0.9999851905311177 0.005363573654402319 -0.016157617995910922 -0.0003692181402663348 -0.005363893680528469 0.9999855798848376 0.0006962403601688261 0.0 0.0 0.0 1.0" />
			<scale value="1" />
		</transform>
	</shape>
	<shape type="ply" name="temp21">
		<string name="filename" value="meshes/Cube_017.ply" />
		<boolean name="face_normals" value="true" />
		<ref id="mat-Material" name="bsdf" />
		<transform name="to_world">
			<matrix value="1.0 -0.0004921249084837399 0.0004279937459251355 0.00035023732047645417 0.000492347884055196 0.9999997914159312 -0.0005164930658157695 -0.018021922502398646 -0.0004277406046164457 0.0005167023693064371 0.9999997636046695 0.00017623258436522127 0.0 0.0 0.0 1.0" />
			<scale value="1" />
		</transform>
	</shape>
	<shape type="ply" name="temp22">
		<string name="filename" value="meshes/Cube_018.ply" />
		<boolean name="face_normals" value="true" />
		<ref id="mat-Material" name="bsdf" />
		<transform name="to_world">
			<matrix value="0.9999986702764229 -0.001693254182632039 -9.033492963220197e-05 0.0006089501312490642 0.0016931902196171459 0.99999833132745 -0.0007141242900457237 -0.017831381029847104 9.154393318050378e-05 0.0007139707523418777 0.9999997636046695 -0.00011580177715597717 0.0 0.0 0.0 1.0" />
			<scale value="1" />
		</transform>
	</shape>
	<shape type="ply" name="temp23">
		<string name="filename" value="meshes/Cube_019.ply" />
		<boolean name="face_normals" value="true" />
		<ref id="mat-Material" name="bsdf" />
		<transform name="to_world">
			<matrix value="0.9999281949268386 0.010463104606996327 -0.005900994798829938 0.003266715979673651 -0.0104192618438479 0.9999182350450438 0.007412601100372985 -0.018167392543180783 0.005978064879872772 -0.007350583931100511 0.9999550848871992 -0.0008977366318229096 0.0 0.0 0.0 1.0" />
			<scale value="1" />
		</transform>
	</shape>
	<shape type="ply" name="temp24">
		<string name="filename" value="meshes/Cube_020.ply" />
		<boolean name="face_normals" value="true" />
		<ref id="mat-Material" name="bsdf" />
		<transform name="to_world">
			<matrix value="0.9999611040765994 0.0012452802335202215 0.008729914887103968 -0.006952152030508252 -0.0013140488221217875 0.9999682035159165 0.00787517947257049 -0.015615284119853023 -0.008719827726705043 -0.007886354050588277 0.9999309725565199 -0.0008134287880233737 0.0 0.0 0.0 1.0" />
			<scale value="1" />
		</transform>
	</shape>
	<shape type="ply" name="temp25">
		<string name="filename" value="meshes/Cube_021.ply" />
		<boolean name="face_normals" value="true" />
		<ref id="mat-Material" name="bsdf" />
		<transform name="to_world">
			<matrix value="0.99938433798382 0.022487823904985785 0.026937886181321837 -0.0163390839185531 -0.02277932616700974 0.9996846208880259 0.010563750856342084 -0.01906841288698452 -0.026691847198804314 -0.01117087624081448 0.9995813438696308 -0.013374161764292958 0.0 0.0 0.0 1.0" />
			<scale value="1" />
		</transform>
	</shape>
	<shape type="ply" name="temp26">
		<string name="filename" value="meshes/Cube_022.ply" />
		<boolean name="face_normals" value="true" />
		<ref id="mat-Material" name="bsdf" />
		<transform name="to_world">
			<matrix value="0.9993510948943934 0.03217928635046713 0.016180976700403433 -0.007662932267575306 -0.032280072585177656 0.99946081018224 0.006006237999982034 -0.02065966658926144 -0.01597896465949325 -0.006524670280733298 0.999851070941766 -0.011677580503424045 0.0 0.0 0.0 1.0" />
			<scale value="1" />
		</transform>
	</shape>
	<shape type="ply" name="temp27">
		<string name="filename" value="meshes/Cube_023.ply" />
		<boolean name="face_normals" value="true" />
		<ref id="mat-Material" name="bsdf" />
		<transform name="to_world">
			<matrix value="0.9994902726287926 0.03033160695252418 0.00998907380782289 -0.0027279976453625787 -0.03042979768699016 0.9994885518633858 0.00982844318072754 -0.01953047510387479 -0.009685866102154685 -0.010127396891680207 0.99990189593783 -0.008711490717834558 0.0 0.0 0.0 1.0" />
			<scale value="1" />
		</transform>
	</shape>
	<shape type="ply" name="temp28">
		<string name="filename" value="meshes/Cube_024.ply" />
		<boolean name="face_normals" value="true" />
		<ref id="mat-Material" name="bsdf" />
		<transform name="to_world">
			<matrix value="0.9995075590352944 0.030307160899664808 0.00817348675075091 -0.0013436023539581399 -0.03038562870217206 0.9994916806244173 0.009653581554734265 -0.019213951439244314 -0.00787675944591305 -0.009897188912505241 0.9999200983782807 -0.007883413709726311 0.0 0.0 0.0 1.0" />
			<scale value="1" />
		</transform>
	</shape>
	<shape type="ply" name="temp29">
		<string name="filename" value="meshes/Cube_025.ply" />
		<boolean name="face_normals" value="true" />
		<ref id="mat-Material" name="bsdf" />
		<transform name="to_world">
			<matrix value="0.9994517106450578 0.03224943317279313 0.00752025553389649 0.014904269940188453 -0.03226915998702189 0.9994760368192598 0.0025143243750534844 -0.024791842299679567 -0.007435238029385118 -0.002755620819193072 0.9999685594210395 0.010501667108159696 0.0 0.0 0.0 1.0" />
			<scale value="1" />
		</transform>
	</shape>
	<shape type="ply" name="temp30">
		<string name="filename" value="meshes/Cube_026.ply" />
		<boolean name="face_normals" value="true" />
		<ref id="mat-Material" name="bsdf" />
		<transform name="to_world">
			<matrix value="0.9958313165859081 0.08380394766208546 0.0360222277801391 0.128831094978483 -0.07948724085903688 0.9909662239817448 -0.10801741855353479 -0.1745157591430163 -0.044749098890655946 0.10470377933474198 0.9934962916664499 0.05732852148544132 0.0 0.0 0.0 1.0" />
			<scale value="1" />
		</transform>
	</shape>
	<shape type="ply" name="temp31">
		<string name="filename" value="meshes/Cube_027.ply" />
		<boolean name="face_normals" value="true" />
		<ref id="mat-Material" name="bsdf" />
		<transform name="to_world">
			<matrix value="0.9220055068285737 0.3867628378279724 0.017905173322692394 0.050594604490472594 -0.37237641105833585 0.8984752504573207 -0.23254714550274433 -0.7427254086656436 -0.10602794724366033 0.20774222346445625 0.9724202295776891 -0.08763847271763925 0.0 0.0 0.0 1.0" />
			<scale value="1" />
		</transform>
	</shape>
	<shape type="ply" name="temp32">
		<string name="filename" value="meshes/Cube_028.ply" />
		<boolean name="face_normals" value="true" />
		<ref id="mat-Material" name="bsdf" />
		<transform name="to_world">
			<matrix value="0.4831661427555773 0.8741328638801226 0.049418940277556486 -0.7240482227785588 -0.8507052853852741 0.4820642730949496 -0.20955909434112127 -1.6147012477106375 -0.20700560434163612 0.059210926467858235 0.9765465100720959 -0.37998466209636816 0.0 0.0 0.0 1.0" />
			<scale value="1" />
		</transform>
	</shape>
	<shape type="ply" name="temp33">
		<string name="filename" value="meshes/Cube_029.ply" />
		<boolean name="face_normals" value="true" />
		<ref id="mat-Material" name="bsdf" />
		<transform name="to_world">
			<matrix value="0.4383881888632991 0.8862169733200118 0.1497846438538869 -0.792496880060922 -0.8686920129710103 0.4605475748973245 -0.18240131322334016 -1.9700595736745552 -0.23063013827352236 -0.0501541227684112 0.9717481576529916 -0.5966575635053701 0.0 0.0 0.0 1.0" />
			<scale value="1" />
		</transform>
	</shape>
	<shape type="ply" name="temp34">
		<string name="filename" value="meshes/Cube_030.ply" />
		<boolean name="face_normals" value="true" />
		<ref id="mat-Material" name="bsdf" />
		<transform name="to_world">
			<matrix value="0.061651304441367794 0.9805256564467348 -0.18646341320125412 -2.944153648165694 -0.9675038582956845 0.1046092883043128 0.2302016909842693 -1.883202203507478 0.24522438827738186 0.16621183109957852 0.9551119033536194 0.34221892531232423 0.0 0.0 0.0 1.0" />
			<scale value="1" />
		</transform>
	</shape>
	<shape type="ply" name="temp35">
		<string name="filename" value="meshes/Cube_031.ply" />
		<boolean name="face_normals" value="true" />
		<ref id="mat-Material" name="bsdf" />
		<transform name="to_world">
			<matrix value="0.04839294040888114 0.9980543278065508 0.0393117397230676 -2.3021900410891107 -0.47519533639347056 -0.01161311201173077 0.8798038486105391 0.0155876264521735 0.8785488106065844 -0.06125703189041828 0.47370905691974047 0.9192742435890362 0.0 0.0 0.0 1.0" />
			<scale value="1" />
		</transform>
	</shape>
	<shape type="ply" name="temp36">
		<string name="filename" value="meshes/Cube_032.ply" />
		<boolean name="face_normals" value="true" />
		<ref id="mat-Material" name="bsdf" />
		<transform name="to_world">
			<matrix value="0.9549139491549163 0.2661676640461555 0.1315078334320678 0.13870822455121523 -0.1128054153435917 -0.08444390444346643 0.990022462284307 0.8918455571526571 0.27461699528568667 -0.9602207236615682 -0.050611507441015814 -1.0378817834618355 0.0 0.0 0.0 1.0" />
			<scale value="1" />
		</transform>
	</shape>
	<shape type="ply" name="temp37">
		<string name="filename" value="meshes/Cube_033.ply" />
		<boolean name="face_normals" value="true" />
		<ref id="mat-Material" name="bsdf" />
		<transform name="to_world">
			<matrix value="0.9827357555578012 0.16421239698554305 0.08523436942254767 -0.1387343191576651 -0.10043858715983456 0.0866144094046385 0.9911661428934126 0.46125724035509186 0.15537926375864985 -0.9826149350364919 0.10161233435188201 -0.35546937321196304 0.0 0.0 0.0 1.0" />
			<scale value="1" />
		</transform>
	</shape>
	<shape type="ply" name="temp38">
		<string name="filename" value="meshes/Cube_034.ply" />
		<boolean name="face_normals" value="true" />
		<ref id="mat-Material" name="bsdf" />
		<transform name="to_world">
			<matrix value="0.9999450380921481 -0.0024716774122226096 0.010208377755955862 -0.03678184843289101 -0.00944671531681994 0.21321108916343187 0.976960674691185 0.3752777625326971 -0.004591269566882436 -0.9770029806663426 0.21317599017730124 -0.3364639462935626 0.0 0.0 0.0 1.0" />
			<scale value="1" />
		</transform>
	</shape>
	<shape type="ply" name="temp39">
		<string name="filename" value="meshes/Cube_035.ply" />
		<boolean name="face_normals" value="true" />
		<ref id="mat-Material" name="bsdf" />
		<transform name="to_world">
			<matrix value="0.9993661650949334 -0.03558944814912927 0.0011601951868965123 -0.00041801621872217254 0.006649996365422223 0.21854520955398468 0.9758042287342307 0.0914965737633788 -0.03498190246211618 -0.9751776614805715 0.21864324682367411 -0.10924728103054993 0.0 0.0 0.0 1.0" />
			<scale value="1" />
		</transform>
	</shape>
	<shape type="ply" name="temp40">
		<string name="filename" value="meshes/Cube_036.ply" />
		<boolean name="face_normals" value="true" />
		<ref id="mat-Material" name="bsdf" />
		<transform name="to_world">
			<matrix value="0.9996985959891991 -0.024522019177219283 0.0014065333050289324 0.0027473204723960087 0.004036637430477619 0.22050881997734778 0.9753765895813014 -0.236632386561089 -0.024228352543406613 -0.9750767067912888 0.22054126493250203 0.18893467251712526 0.0 0.0 0.0 1.0" />
			<scale value="1" />
		</transform>
	</shape>
	<shape type="ply" name="temp41">
		<string name="filename" value="meshes/Cube_037.ply" />
		<boolean name="face_normals" value="true" />
		<ref id="mat-Material" name="bsdf" />
		<transform name="to_world">
			<matrix value="0.9994676673279825 -0.03262244406296736 0.0002426148916765677 -0.00041274617495323795 0.006966838466952823 0.2206994658161999 0.9753170179580076 -0.5676247372271065 -0.03187077923574581 -0.9747961612187985 0.22080921903965814 0.5173653506218835 0.0 0.0 0.0 1.0" />
			<scale value="1" />
		</transform>
	</shape>
	<shape type="ply" name="temp42">
		<string name="filename" value="meshes/Cube_038.ply" />
		<boolean name="face_normals" value="true" />
		<ref id="mat-Material" name="bsdf" />
		<transform name="to_world">
			<matrix value="0.9996418611165778 -0.026769491659766012 0.0003566354514512546 -0.0009991254683305861 0.0055603233533146465 0.22063063307350714 0.9753416030723828 -0.9006380438974992 -0.02618809028645792 -0.974989935818682 0.22070045354808113 0.8376529905020063 0.0 0.0 0.0 1.0" />
			<scale value="1" />
		</transform>
	</shape>
	<shape type="ply" name="temp43">
		<string name="filename" value="meshes/Cube_039.ply" />
		<boolean name="face_normals" value="true" />
		<ref id="mat-Material" name="bsdf" />
		<transform name="to_world">
			<matrix value="0.9999072149329881 0.0061836485564655845 -0.012138466513148429 0.019699689219475403 0.00826445723477568 0.4329896891061513 0.9013609711516057 -1.319316797503781 0.010829541347324514 -0.9013777501160142 0.4328983986481423 1.4604188154179547 0.0 0.0 0.0 1.0" />
			<scale value="1" />
		</transform>
	</shape>
	<shape type="ply" name="temp47">
		<string name="filename" value="meshes/Plane_001.ply" />
		<boolean name="face_normals" value="true" />
		<ref id="mat-Material.002" name="bsdf" />
		<transform name="to_world">
			<scale value="1" />
		</transform>
	</shape>
	<shape type="ply" name="temp49">
		<string name="filename" value="meshes/Plane_002.ply" />
		<boolean name="face_normals" value="true" />
		<ref id="mat-Material.003" name="bsdf" />
		<transform name="to_world">
			<scale value="1" />
		</transform>
	</shape>
	<shape type="ply" name="temp51">
		<string name="filename" value="meshes/Plane_003.ply" />
		<boolean name="face_normals" value="true" />
		<ref id="mat-Material.004" name="bsdf" />
		<transform name="to_world">
			<scale value="1" />
		</transform>
	</shape>
	<shape type="ply" name="temp53">
		<string name="filename" value="meshes/Plane_004.ply" />
		<boolean name="face_normals" value="true" />
		<ref id="mat-Material.005" name="bsdf" />
		<transform name="to_world">
			<scale value="1" />
		</transform>
	</shape>
	<emitter type="point">
		<transform name="to_world">
			<rotate x="1" angle="-142.5518126578256" />
			<rotate y="1" angle="3.976628485794621e-06" />
			<rotate z="1" angle="-179.999991348578" />
			<translate value="-0.000000 3.030926 4.073377" />
		</transform>
		<rgb name="intensity" value="100" />
	</emitter>
</scene>