<scene version="2.1.0">
	<default name="spp" value="1024" />
	<default name="resx" value="1280" />
	<default name="resy" value="720" />
	<integrator type="path" name="temp0">
		<integer name="max_depth" value="12" />
	</integrator>
	<sensor type="perspective" name="temp44">
		<string name="fov_axis" value="x" />
		<float name="fov" value="83.974423" />
		<float name="principal_point_offset_x" value="0.000000" />
		<float name="principal_point_offset_y" value="-0.000000" />
		<float name="near_clip" value="0.100000" />
		<float name="far_clip" value="1000.000000" />
		<transform name="to_world">
			<rotate x="1" angle="-142.5518126578256" />
			<rotate y="1" angle="3.976628485794621e-06" />
			<rotate z="1" angle="-179.999991348578" />
			<translate value="-0.000000 3.030926 4.073377" />
		</transform>
		<sampler type="independent" name="sampler">
			<integer name="sample_count" value="$spp" />
		</sampler>
		<film type="hdrfilm" name="film">
			<integer name="width" value="$resx" />
			<integer name="height" value="$resy" />
		</film>
		<float name="shutter_open" value="0.0" />
		<float name="shutter_close" value="0.0015" />
	</sensor>
	<bsdf type="twosided" id="mat-Material" name="mat-Material">
		<bsdf type="diffuse" name="bsdf">
			<texture type="bitmap" name="reflectance">
				<string name="filename" value="textures/siggraph_2023_logo.jpg" />
			</texture>
		</bsdf>
	</bsdf>
	<bsdf type="twosided" id="mat-Material.001" name="mat-Material.001">
		<bsdf type="principled" name="bsdf">
			<rgb value="0.433648 0.266232 0.084399" name="base_color" />
			<float name="spec_tint" value="0.000000" />
			<float name="spec_trans" value="0.000000" />
			<float name="metallic" value="0.000000" />
			<float name="anisotropic" value="0.000000" />
			<float name="roughness" value="0.500000" />
			<float name="sheen" value="0.000000" />
			<float name="sheen_tint" value="0.500000" />
			<float name="clearcoat" value="0.000000" />
			<float name="clearcoat_gloss" value="0.173205" />
			<float name="specular" value="0.500000" />
		</bsdf>
	</bsdf>
	<bsdf type="twosided" id="mat-Material.002" name="mat-Material.002">
		<bsdf type="principled" name="bsdf">
			<rgb value="0.433648 0.266232 0.084399" name="base_color" />
			<float name="spec_tint" value="0.000000" />
			<float name="spec_trans" value="0.000000" />
			<float name="metallic" value="0.000000" />
			<float name="anisotropic" value="0.000000" />
			<float name="roughness" value="0.500000" />
			<float name="sheen" value="0.000000" />
			<float name="sheen_tint" value="0.500000" />
			<float name="clearcoat" value="0.000000" />
			<float name="clearcoat_gloss" value="0.173205" />
			<float name="specular" value="0.500000" />
		</bsdf>
	</bsdf>
	<bsdf type="twosided" id="mat-Material.003" name="mat-Material.003">
		<bsdf type="principled" name="bsdf">
			<rgb value="0.433648 0.266232 0.084399" name="base_color" />
			<float name="spec_tint" value="0.000000" />
			<float name="spec_trans" value="0.000000" />
			<float name="metallic" value="0.000000" />
			<float name="anisotropic" value="0.000000" />
			<float name="roughness" value="0.500000" />
			<float name="sheen" value="0.000000" />
			<float name="sheen_tint" value="0.500000" />
			<float name="clearcoat" value="0.000000" />
			<float name="clearcoat_gloss" value="0.173205" />
			<float name="specular" value="0.500000" />
		</bsdf>
	</bsdf>
	<bsdf type="twosided" id="mat-Material.004" name="mat-Material.004">
		<bsdf type="principled" name="bsdf">
			<rgb value="0.433648 0.266232 0.084399" name="base_color" />
			<float name="spec_tint" value="0.000000" />
			<float name="spec_trans" value="0.000000" />
			<float name="metallic" value="0.000000" />
			<float name="anisotropic" value="0.000000" />
			<float name="roughness" value="0.500000" />
			<float name="sheen" value="0.000000" />
			<float name="sheen_tint" value="0.500000" />
			<float name="clearcoat" value="0.000000" />
			<float name="clearcoat_gloss" value="0.173205" />
			<float name="specular" value="0.500000" />
		</bsdf>
	</bsdf>
	<bsdf type="twosided" id="mat-Material.005" name="mat-Material.005">
		<bsdf type="principled" name="bsdf">
			<rgb value="0.433648 0.266232 0.084399" name="base_color" />
			<float name="spec_tint" value="0.000000" />
			<float name="spec_trans" value="0.000000" />
			<float name="metallic" value="0.000000" />
			<float name="anisotropic" value="0.000000" />
			<float name="roughness" value="0.500000" />
			<float name="sheen" value="0.000000" />
			<float name="sheen_tint" value="0.500000" />
			<float name="clearcoat" value="0.000000" />
			<float name="clearcoat_gloss" value="0.173205" />
			<float name="specular" value="0.500000" />
		</bsdf>
	</bsdf>
	<emitter type="point" name="temp45">
		<point name="position" x="-6.815235034541981e-16" y="3.0693089962005615" z="4.109199523925781" />
		<rgb value="7.957747 7.957747 7.957747" name="intensity" />
	</emitter>
	<shape type="ply" name="temp2">
		<string name="filename" value="meshes/Cube.ply" />
		<boolean name="face_normals" value="true" />
		<ref id="mat-Material" name="bsdf" />
		<transform name="to_world">
			<matrix value="0.9999982270352306 0.00022800533140879766 0.002000327643928115 -0.003084600220681022 -0.0002239879473854975 0.9999979141593124 -0.002008726770021857 -0.014596445814465397 -0.002000781877463313 0.0020082745300079472 0.9999962176747115 0.004679459338640113 0.0 0.0 0.0 1.0" />
		</transform>
	</shape>
	<shape type="ply" name="temp4">
		<string name="filename" value="meshes/Plane.ply" />
		<boolean name="face_normals" value="true" />
		<ref id="mat-Material.001" name="bsdf" />
	</shape>
	<shape type="ply" name="temp5">
		<string name="filename" value="meshes/Cube_001.ply" />
		<boolean name="face_normals" value="true" />
		<ref id="mat-Material" name="bsdf" />
		<transform name="to_world">
			<matrix value="0.9999982270352306 -0.00015628787104498534 -0.0020771419426306357 0.0025479152326353116 0.00016402938157215877 0.999992908141662 0.003727174257872319 -0.0217074160056151 0.0020765450944724277 -0.0037275182876082293 0.9999910169774399 -0.004470098066000849 0.0 0.0 0.0 1.0" />
		</transform>
	</shape>
	<shape type="ply" name="temp6">
		<string name="filename" value="meshes/Cube_002.ply" />
		<boolean name="face_normals" value="true" />
		<ref id="mat-Material" name="bsdf" />
		<transform name="to_world">
			<matrix value="0.9994353107209407 -0.003983396708126227 -0.033372779834154494 0.018544851772733573 0.0008303503201087891 0.9955750975651982 -0.09396548911848654 0.0453036707011924 0.03359940658869168 0.09388469055510479 0.9950160772464294 -0.03580079598436681 0.0 0.0 0.0 1.0" />
		</transform>
	</shape>
	<shape type="ply" name="temp7">
		<string name="filename" value="meshes/Cube_003.ply" />
		<boolean name="face_normals" value="true" />
		<ref id="mat-Material" name="bsdf" />
		<transform name="to_world">
			<matrix value="0.9990585557074395 -0.019211051618299498 0.03889606217386309 -0.030104474536008397 0.029553979685369672 0.957755468552823 -0.28606151668407326 0.012853202529585661 -0.03175738040909389 0.28694159437490485 0.9574216550415323 0.19916010009505353 0.0 0.0 0.0 1.0" />
		</transform>
	</shape>
	<shape type="ply" name="temp8">
		<string name="filename" value="meshes/Cube_004.ply" />
		<boolean name="face_normals" value="true" />
		<ref id="mat-Material" name="bsdf" />
		<transform name="to_world">
			<matrix value="0.9952679570304258 -0.06923685346760586 0.06818076299902463 0.002025572487684091 0.09526206192256755 0.8336350154247919 -0.544038322519823 -0.23890835728400583 -0.019170367730622827 0.5479586920110215 0.836285595817883 0.1163137967942445 0.0 0.0 0.0 1.0" />
		</transform>
	</shape>
	<shape type="ply" name="temp9">
		<string name="filename" value="meshes/Cube_005.ply" />
		<boolean name="face_normals" value="true" />
		<ref id="mat-Material" name="bsdf" />
		<transform name="to_world">
			<matrix value="0.9940650004343764 -0.09388652609490993 0.054962434418025424 0.03638121742820166 0.10281932425220779 0.6456972235374607 -0.7566395174509397 -0.505807716543245 0.03554916697250309 0.7577996883754012 0.6515182962893971 -0.21135532952753608 0.0 0.0 0.0 1.0" />
		</transform>
	</shape>
	<shape type="ply" name="temp10">
		<string name="filename" value="meshes/Cube_006.ply" />
		<boolean name="face_normals" value="true" />
		<ref id="mat-Material" name="bsdf" />
		<transform name="to_world">
			<matrix value="0.9930282592854598 -0.09550805864549677 -0.0690882846729305 0.011135494186527595 -0.01225691323287715 0.49926640983015 -0.8663619373259244 -0.5321758514914241 0.11723800456361132 0.8611685296700409 0.49461515076584994 -0.68372736855394 0.0 0.0 0.0 1.0" />
		</transform>
	</shape>
	<shape type="ply" name="temp11">
		<string name="filename" value="meshes/Cube_007.ply" />
		<boolean name="face_normals" value="true" />
		<ref id="mat-Material" name="bsdf" />
		<transform name="to_world">
			<matrix value="0.9636347196144865 0.09210146363441055 -0.25084995941092175 -0.023448921526573407 -0.2624316300460794 0.5031469078454726 -0.8233911761187763 -0.15648853797882867 0.05037883824710519 0.8592791751751585 0.5090201366270453 -0.5120672204152955 0.0 0.0 0.0 1.0" />
		</transform>
	</shape>
	<shape type="ply" name="temp12">
		<string name="filename" value="meshes/Cube_008.ply" />
		<boolean name="face_normals" value="true" />
		<ref id="mat-Material" name="bsdf" />
		<transform name="to_world">
			<matrix value="0.07292629608157056 0.9871689510098598 -0.14205397283628537 2.3832987848392593 -0.7438766229276258 -0.0410363082288501 -0.6670558521791631 0.9844053259825839 -0.664326353171036 0.15431654301107792 0.7313393072009328 1.40396838300909 0.0 0.0 0.0 1.0" />
		</transform>
	</shape>
	<shape type="ply" name="temp13">
		<string name="filename" value="meshes/Cube_009.ply" />
		<boolean name="face_normals" value="true" />
		<ref id="mat-Material" name="bsdf" />
		<transform name="to_world">
			<matrix value="-0.08059565410875721 0.9920005923787554 0.09715502947613375 2.5959965922432398 -0.7694786774392006 3.392870179361441e-05 -0.6386728104237103 0.6893535412743389 -0.6335671873864195 -0.12623293000127236 0.7633202858870569 1.0143010077643437 0.0 0.0 0.0 1.0" />
		</transform>
	</shape>
	<shape type="ply" name="temp14">
		<string name="filename" value="meshes/Cube_010.ply" />
		<boolean name="face_normals" value="true" />
		<ref id="mat-Material" name="bsdf" />
		<transform name="to_world">
			<matrix value="0.06554504482941419 0.9976859683411101 0.01806726960083703 1.6942278725933602 -0.967242259679058 0.05907403274352712 0.24688726448524206 2.22893720914755 0.24524872036267767 -0.033657646796253 0.9688759543870482 -0.5974906883065452 0.0 0.0 0.0 1.0" />
		</transform>
	</shape>
	<shape type="ply" name="temp15">
		<string name="filename" value="meshes/Cube_011.ply" />
		<boolean name="face_normals" value="true" />
		<ref id="mat-Material" name="bsdf" />
		<transform name="to_world">
			<matrix value="0.04704287206108928 0.9959215557034186 -0.0769878365146629 1.1811657845609096 -0.8205258790802568 0.08248267187848726 0.5656268896851734 2.249326327517677 0.569670423579013 0.03656178364408883 0.8210598453690864 -1.2559164026753336 0.0 0.0 0.0 1.0" />
		</transform>
	</shape>
	<shape type="ply" name="temp16">
		<string name="filename" value="meshes/Cube_012.ply" />
		<boolean name="face_normals" value="true" />
		<ref id="mat-Material" name="bsdf" />
		<transform name="to_world">
			<matrix value="0.0832730968552924 0.9895067612525891 0.11807580347226918 1.1340574330440951 -0.8173584775196933 3.733675689318202e-05 0.5761299342206353 1.8229344966943157 0.5700799784407484 -0.14448630958464653 0.8087847814359692 -1.5854859571324242 0.0 0.0 0.0 1.0" />
		</transform>
	</shape>
	<shape type="ply" name="temp17">
		<string name="filename" value="meshes/Cube_013.ply" />
		<boolean name="face_normals" value="true" />
		<ref id="mat-Material" name="bsdf" />
		<transform name="to_world">
			<matrix value="0.887228802876458 0.29733158400827664 0.3527311461722159 0.5876456171541825 -0.4203443274878685 0.20596690187996822 0.8836788408685922 1.4546161535880797 0.1900947561021015 -0.9322936112785578 0.30772147523924387 -1.344473089262244 0.0 0.0 0.0 1.0" />
		</transform>
	</shape>
	<shape type="ply" name="temp18">
		<string name="filename" value="meshes/Cube_014.ply" />
		<boolean name="face_normals" value="true" />
		<ref id="mat-Material" name="bsdf" />
		<transform name="to_world">
			<matrix value="0.943623266262076 0.28419913103876954 0.16972503913524697 0.10666209595816667 -0.21590677396649452 0.1397577504625352 0.9663602352795445 1.0240753983315423 0.250918395750558 -0.948524372005515 0.1932391408258991 -0.8432891105115112 0.0 0.0 0.0 1.0" />
		</transform>
	</shape>
	<shape type="ply" name="temp19">
		<string name="filename" value="meshes/Cube_015.ply" />
		<boolean name="face_normals" value="true" />
		<ref id="mat-Material" name="bsdf" />
		<transform name="to_world">
			<matrix value="0.9833558499859049 0.1307599969129558 0.12614742747509458 0.04283683592271903 -0.14920256477083543 0.18496040031454478 0.9713538502416669 0.6374116105272676 0.10368196026076766 -0.9740079220229317 0.20139161203176584 -0.31919715379413444 0.0 0.0 0.0 1.0" />
		</transform>
	</shape>
	<shape type="ply" name="temp20">
		<string name="filename" value="meshes/Cube_016.ply" />
		<boolean name="face_normals" value="true" />
		<ref id="mat-Material" name="bsdf" />
		<transform name="to_world">
			<matrix value="0.984635930549424 0.047938146480248134 0.16791186331054642 0.08269478133701746 -0.17393644275894596 0.18419145514503896 0.967377680782147 0.33746833489532624 0.015446374907584211 -0.9817205265496233 0.18969968810000087 0.06173035669496191 0.0 0.0 0.0 1.0" />
		</transform>
	</shape>
	<shape type="ply" name="temp21">
		<string name="filename" value="meshes/Cube_017.ply" />
		<boolean name="face_normals" value="true" />
		<ref id="mat-Material" name="bsdf" />
		<transform name="to_world">
			<matrix value="0.9605045503140808 0.0005282808709636376 0.27826448949719185 0.19176587745151197 -0.27609906086056163 0.12633901585864676 0.9527894885397908 0.18213543601632537 -0.03465234377077694 -0.9919870344142855 0.12149504917259271 0.27217607015114964 0.0 0.0 0.0 1.0" />
		</transform>
	</shape>
	<shape type="ply" name="temp22">
		<string name="filename" value="meshes/Cube_018.ply" />
		<boolean name="face_normals" value="true" />
		<ref id="mat-Material" name="bsdf" />
		<transform name="to_world">
			<matrix value="0.10749379019089512 0.9761279704978694 0.18873044360529356 0.8741699621856742 -0.6354137301937672 -0.07854852604067807 0.768166626558259 0.0756793131405238 0.7646535538192321 -0.20249493662173074 0.6118015168069988 -0.21577189317176892 0.0 0.0 0.0 1.0" />
		</transform>
	</shape>
	<shape type="ply" name="temp23">
		<string name="filename" value="meshes/Cube_019.ply" />
		<boolean name="face_normals" value="true" />
		<ref id="mat-Material" name="bsdf" />
		<transform name="to_world">
			<matrix value="-0.06881102323115737 0.9873153770261335 -0.14308517654712472 0.475670178629303 -0.9238485037063829 -0.00893198073517541 0.3826550126920653 -0.02324107768580025 0.37652315403340625 0.15851982487281588 0.9127441195479554 -0.05056973526175812 0.0 0.0 0.0 1.0" />
		</transform>
	</shape>
	<shape type="ply" name="temp24">
		<string name="filename" value="meshes/Cube_020.ply" />
		<boolean name="face_normals" value="true" />
		<ref id="mat-Material" name="bsdf" />
		<transform name="to_world">
			<matrix value="0.09441569039791944 0.9620437720202313 -0.25604167359296 0.07694429850822437 -0.9459151126161265 0.006509770814098345 -0.3243478687852208 0.18762582315358997 -0.31037006319862587 0.2728173189141611 0.9106269627145367 0.1057139930226948 0.0 0.0 0.0 1.0" />
		</transform>
	</shape>
	<shape type="ply" name="temp25">
		<string name="filename" value="meshes/Cube_021.ply" />
		<boolean name="face_normals" value="true" />
		<ref id="mat-Material" name="bsdf" />
		<transform name="to_world">
			<matrix value="0.17334830602081105 0.9364227415038495 -0.3050617913754473 -0.16864419310182552 -0.8097223182578138 -0.04081172576200975 -0.5853928488521352 0.08918875864617479 -0.5606252005666394 0.34849204147485624 0.751167438339824 0.2791442516201399 0.0 0.0 0.0 1.0" />
		</transform>
	</shape>
	<shape type="ply" name="temp26">
		<string name="filename" value="meshes/Cube_022.ply" />
		<boolean name="face_normals" value="true" />
		<ref id="mat-Material" name="bsdf" />
		<transform name="to_world">
			<matrix value="0.658747276282873 0.3991813075300935 -0.6377355029381576 -0.07534483870221464 -0.6892848214713126 -0.019542285205340588 -0.7242268808912671 -0.16282292938638235 -0.30156078521063706 0.9166635726696467 0.26227636410743504 0.6691573058147006 0.0 0.0 0.0 1.0" />
		</transform>
	</shape>
	<shape type="ply" name="temp27">
		<string name="filename" value="meshes/Cube_023.ply" />
		<boolean name="face_normals" value="true" />
		<ref id="mat-Material" name="bsdf" />
		<transform name="to_world">
			<matrix value="0.8601866577309243 0.2667932076683847 -0.4346272352951467 -0.06157331903020147 -0.4802292266150379 0.13692109056094515 -0.8663907775562492 -0.28719067247159574 -0.17163761663891977 0.9539780110674707 0.2458996047942864 0.21078260402703985 0.0 0.0 0.0 1.0" />
		</transform>
	</shape>
	<shape type="ply" name="temp28">
		<string name="filename" value="meshes/Cube_024.ply" />
		<boolean name="face_normals" value="true" />
		<ref id="mat-Material" name="bsdf" />
		<transform name="to_world">
			<matrix value="0.8592048784898595 0.43074424881576395 -0.2760915436189572 -0.18768941322310928 -0.3813333847493116 0.17937566616536962 -0.9068678044216328 -0.514773489687995 -0.3411040162970922 0.8844679959034089 0.3183777039488895 -0.32567536116071033 0.0 0.0 0.0 1.0" />
		</transform>
	</shape>
	<shape type="ply" name="temp29">
		<string name="filename" value="meshes/Cube_025.ply" />
		<boolean name="face_normals" value="true" />
		<ref id="mat-Material" name="bsdf" />
		<transform name="to_world">
			<matrix value="0.8985629234061491 0.3693241667587913 -0.23703288873675535 -0.2684929573599715 -0.32097062729266507 0.18475310946700516 -0.9288941757391255 -0.7928342794522247 -0.2992705579697426 0.9107502143201307 0.2845544964519425 -0.7126917824188895 0.0 0.0 0.0 1.0" />
		</transform>
	</shape>
	<shape type="ply" name="temp30">
		<string name="filename" value="meshes/Cube_026.ply" />
		<boolean name="face_normals" value="true" />
		<ref id="mat-Material" name="bsdf" />
		<transform name="to_world">
			<matrix value="0.9236774126061341 0.23985269793063746 -0.29881575395217536 -0.321594341003668 -0.3476090683602026 0.19643035482235938 -0.9168332859754689 -1.1432310092617368 -0.16120841732753927 0.9507291056123717 0.26481335879468637 -0.873110447472785 0.0 0.0 0.0 1.0" />
		</transform>
	</shape>
	<shape type="ply" name="temp31">
		<string name="filename" value="meshes/Cube_027.ply" />
		<boolean name="face_normals" value="true" />
		<ref id="mat-Material" name="bsdf" />
		<transform name="to_world">
			<matrix value="0.8756061323305445 0.1726426558592308 -0.45111935552959415 -0.5671459365949447 -0.47911181556911286 0.19176236851381767 -0.8565508219229248 -1.5795131009922114 -0.06136953550096006 0.9661374193561845 0.2506234926842737 -1.0078482871515386 0.0 0.0 0.0 1.0" />
		</transform>
	</shape>
	<shape type="ply" name="temp32">
		<string name="filename" value="meshes/Cube_028.ply" />
		<boolean name="face_normals" value="true" />
		<ref id="mat-Material" name="bsdf" />
		<transform name="to_world">
			<matrix value="-0.10551072909630213 0.9841590828975665 0.14247206161786127 -1.4811675133140532 -0.8051241341283307 -0.00045528687609897733 -0.5931066648826698 -2.1182318267590783 -0.5836462616151356 -0.17728673843349194 0.792417950726703 -1.321405520005578 0.0 0.0 0.0 1.0" />
		</transform>
	</shape>
	<shape type="ply" name="temp33">
		<string name="filename" value="meshes/Cube_029.ply" />
		<boolean name="face_normals" value="true" />
		<ref id="mat-Material" name="bsdf" />
		<transform name="to_world">
			<matrix value="-0.01061808211309033 0.9799114769212157 0.19914975691468162 -1.6199389943428162 -0.9991684795231434 -0.01823739995786602 0.036463956094768046 -1.8369194849574149 0.039363421431952726 -0.1985969801198524 0.9792905870688917 -0.13014176459156657 0.0 0.0 0.0 1.0" />
		</transform>
	</shape>
	<shape type="ply" name="temp34">
		<string name="filename" value="meshes/Cube_030.ply" />
		<boolean name="face_normals" value="true" />
		<ref id="mat-Material" name="bsdf" />
		<transform name="to_world">
			<matrix value="-0.03987678462377975 0.9808174596224869 -0.1908049787621992 -3.2059539904775605 -0.9750183378653963 0.003564722397199109 0.22209563928986284 -1.9154298161928889 0.21851543423245154 0.19489479423472142 0.9561731548428021 0.26345073600679525 0.0 0.0 0.0 1.0" />
		</transform>
	</shape>
	<shape type="ply" name="temp35">
		<string name="filename" value="meshes/Cube_031.ply" />
		<boolean name="face_normals" value="true" />
		<ref id="mat-Material" name="bsdf" />
		<transform name="to_world">
			<matrix value="0.1242539364250293 0.9797210396664323 0.15718601617605968 -1.9301316473414105 -0.7886173888838656 0.0013655498380344706 0.6148826935451309 -1.2210730207929499 0.602199008203508 -0.2003612050318821 0.7727950107347119 0.5807676535569235 0.0 0.0 0.0 1.0" />
		</transform>
	</shape>
	<shape type="ply" name="temp36">
		<string name="filename" value="meshes/Cube_032.ply" />
		<boolean name="face_normals" value="true" />
		<ref id="mat-Material" name="bsdf" />
		<transform name="to_world">
			<matrix value="0.6463781875690349 0.6136293002213077 0.45349134627613524 -0.7246575613319566 -0.5772915126403524 0.004663349484693058 0.8165248373481928 -0.7146687291918316 0.49892868603807977 -0.7895803914288635 0.3572571711705493 -0.17232486674996172 0.0 0.0 0.0 1.0" />
		</transform>
	</shape>
	<shape type="ply" name="temp37">
		<string name="filename" value="meshes/Cube_033.ply" />
		<boolean name="face_normals" value="true" />
		<ref id="mat-Material" name="bsdf" />
		<transform name="to_world">
			<matrix value="0.9767187563715922 0.16893288390419317 0.13222292930692198 -0.14026284796291133 -0.1501600100704399 0.09818394194688199 0.9837742973030603 0.30034266262924586 0.15320973109443345 -0.9807249547894031 0.12126501287645365 -0.37389123493548815 0.0 0.0 0.0 1.0" />
		</transform>
	</shape>
	<shape type="ply" name="temp38">
		<string name="filename" value="meshes/Cube_034.ply" />
		<boolean name="face_normals" value="true" />
		<ref id="mat-Material" name="bsdf" />
		<transform name="to_world">
			<matrix value="0.9999246489972998 0.0024079362066484087 0.01203658832367816 -0.03454912848541758 -0.01227370320924353 0.18148732956074282 0.9833168723384841 0.36936221862598473 0.00018327801683252752 -0.9833902420200951 0.1815032473626555 -0.3591947225137243 0.0 0.0 0.0 1.0" />
		</transform>
	</shape>
	<shape type="ply" name="temp39">
		<string name="filename" value="meshes/Cube_035.ply" />
		<boolean name="face_normals" value="true" />
		<ref id="mat-Material" name="bsdf" />
		<transform name="to_world">
			<matrix value="0.9989273563145027 -0.046198075603381565 0.003140842919557979 0.007715807234403904 0.006519625833515062 0.20747755113959906 0.9782180614542756 0.09135790557615678 -0.04584346139457863 -0.9771483637622725 0.20755618762413708 -0.1480570903760574 0.0 0.0 0.0 1.0" />
		</transform>
	</shape>
	<shape type="ply" name="temp40">
		<string name="filename" value="meshes/Cube_036.ply" />
		<boolean name="face_normals" value="true" />
		<ref id="mat-Material" name="bsdf" />
		<transform name="to_world">
			<matrix value="0.9992757438916932 -0.03791534824153201 0.003286627919896024 0.0024906159971092023 0.004724148843938322 0.2092698931840984 0.9778466843900127 -0.24442080982459205 -0.037763183322784194 -0.9771224993377456 0.2092975229078895 0.2066108963739992 0.0 0.0 0.0 1.0" />
		</transform>
	</shape>
	<shape type="ply" name="temp41">
		<string name="filename" value="meshes/Cube_037.ply" />
		<boolean name="face_normals" value="true" />
		<ref id="mat-Material" name="bsdf" />
		<transform name="to_world">
			<matrix value="0.9988369351112625 -0.04810849708920932 0.0033044048487519038 -0.006157112710305945 0.006843222930817142 0.20924444592770897 0.9778393561347661 -0.5695363386447876 -0.04773384075585034 -0.9766792581916179 0.20933028730070102 0.5127019984526245 0.0 0.0 0.0 1.0" />
		</transform>
	</shape>
	<shape type="ply" name="temp42">
		<string name="filename" value="meshes/Cube_038.ply" />
		<boolean name="face_normals" value="true" />
		<ref id="mat-Material" name="bsdf" />
		<transform name="to_world">
			<matrix value="0.9990847069377885 -0.042654065407792284 0.003319179556910048 0.007230562501045146 0.005684781047715802 0.20924674035246535 0.977846447994682 -0.9036761129873818 -0.0424036615268418 -0.9769320620829622 0.20929759382648866 0.8608005687791529 0.0 0.0 0.0 1.0" />
		</transform>
	</shape>
	<shape type="ply" name="temp43">
		<string name="filename" value="meshes/Cube_039.ply" />
		<boolean name="face_normals" value="true" />
		<ref id="mat-Material" name="bsdf" />
		<transform name="to_world">
			<matrix value="0.9999524001149555 -0.008242600535577217 -0.005229315799959317 0.021000353591343668 0.008282989017591148 0.4330119755535898 0.9013500940961449 -1.3192622394743685 -0.005165105828243007 -0.9013505519696166 0.4330596042105055 1.472225860261334 0.0 0.0 0.0 1.0" />
		</transform>
	</shape>
	<shape type="ply" name="temp47">
		<string name="filename" value="meshes/Plane_001.ply" />
		<boolean name="face_normals" value="true" />
		<ref id="mat-Material.002" name="bsdf" />
	</shape>
	<shape type="ply" name="temp49">
		<string name="filename" value="meshes/Plane_002.ply" />
		<boolean name="face_normals" value="true" />
		<ref id="mat-Material.003" name="bsdf" />
	</shape>
	<shape type="ply" name="temp51">
		<string name="filename" value="meshes/Plane_003.ply" />
		<boolean name="face_normals" value="true" />
		<ref id="mat-Material.004" name="bsdf" />
	</shape>
	<shape type="ply" name="temp53">
		<string name="filename" value="meshes/Plane_004.ply" />
		<boolean name="face_normals" value="true" />
		<ref id="mat-Material.005" name="bsdf" />
	</shape>
	<emitter type="point">
		<transform name="to_world">
			<rotate x="1" angle="-142.5518126578256" />
			<rotate y="1" angle="3.976628485794621e-06" />
			<rotate z="1" angle="-179.999991348578" />
			<translate value="-0.000000 3.030926 4.073377" />
		</transform>
		<rgb name="intensity" value="100" />
	</emitter>
</scene>