<scene version="2.1.0">
	<default name="spp" value="1024" />
	<default name="resx" value="640" />
	<default name="resy" value="360" />
	<integrator type="path" name="temp0">
		<integer name="max_depth" value="12" />
	</integrator>
	<sensor type="perspective" name="temp44">
		<string name="fov_axis" value="x" />
		<float name="fov" value="83.974423" />
		<float name="principal_point_offset_x" value="0.000000" />
		<float name="principal_point_offset_y" value="-0.000000" />
		<float name="near_clip" value="0.100000" />
		<float name="far_clip" value="1000.000000" />
		<transform name="to_world">
			<rotate x="1" angle="-142.5518126578256" />
			<rotate y="1" angle="3.976628485794621e-06" />
			<rotate z="1" angle="-179.999991348578" />
			<translate value="-0.000000 3.030926 4.073377" />
		</transform>
		<sampler type="independent" name="sampler">
			<integer name="sample_count" value="$spp" />
		</sampler>
		<film type="hdrfilm" name="film">
			<integer name="width" value="$resx" />
			<integer name="height" value="$resy" />
		</film>
		<float name="shutter_open" value="0.0" />
		<float name="shutter_close" value="0.0015" />
	</sensor>
	<bsdf type="twosided" id="mat-Material" name="mat-Material">
		<bsdf type="diffuse" name="bsdf">
			<texture type="bitmap" name="reflectance">
				<string name="filename" value="textures/siggraph_2023_logo.jpg" />
			</texture>
		</bsdf>
	</bsdf>
	<bsdf type="twosided" id="mat-Material.001" name="mat-Material.001">
		<bsdf type="principled" name="bsdf">
			<rgb value="0.433648 0.266232 0.084399" name="base_color" />
			<float name="spec_tint" value="0.000000" />
			<float name="spec_trans" value="0.000000" />
			<float name="metallic" value="0.000000" />
			<float name="anisotropic" value="0.000000" />
			<float name="roughness" value="0.500000" />
			<float name="sheen" value="0.000000" />
			<float name="sheen_tint" value="0.500000" />
			<float name="clearcoat" value="0.000000" />
			<float name="clearcoat_gloss" value="0.173205" />
			<float name="specular" value="0.500000" />
		</bsdf>
	</bsdf>
	<bsdf type="twosided" id="mat-Material.002" name="mat-Material.002">
		<bsdf type="principled" name="bsdf">
			<rgb value="0.433648 0.266232 0.084399" name="base_color" />
			<float name="spec_tint" value="0.000000" />
			<float name="spec_trans" value="0.000000" />
			<float name="metallic" value="0.000000" />
			<float name="anisotropic" value="0.000000" />
			<float name="roughness" value="0.500000" />
			<float name="sheen" value="0.000000" />
			<float name="sheen_tint" value="0.500000" />
			<float name="clearcoat" value="0.000000" />
			<float name="clearcoat_gloss" value="0.173205" />
			<float name="specular" value="0.500000" />
		</bsdf>
	</bsdf>
	<bsdf type="twosided" id="mat-Material.003" name="mat-Material.003">
		<bsdf type="principled" name="bsdf">
			<rgb value="0.433648 0.266232 0.084399" name="base_color" />
			<float name="spec_tint" value="0.000000" />
			<float name="spec_trans" value="0.000000" />
			<float name="metallic" value="0.000000" />
			<float name="anisotropic" value="0.000000" />
			<float name="roughness" value="0.500000" />
			<float name="sheen" value="0.000000" />
			<float name="sheen_tint" value="0.500000" />
			<float name="clearcoat" value="0.000000" />
			<float name="clearcoat_gloss" value="0.173205" />
			<float name="specular" value="0.500000" />
		</bsdf>
	</bsdf>
	<bsdf type="twosided" id="mat-Material.004" name="mat-Material.004">
		<bsdf type="principled" name="bsdf">
			<rgb value="0.433648 0.266232 0.084399" name="base_color" />
			<float name="spec_tint" value="0.000000" />
			<float name="spec_trans" value="0.000000" />
			<float name="metallic" value="0.000000" />
			<float name="anisotropic" value="0.000000" />
			<float name="roughness" value="0.500000" />
			<float name="sheen" value="0.000000" />
			<float name="sheen_tint" value="0.500000" />
			<float name="clearcoat" value="0.000000" />
			<float name="clearcoat_gloss" value="0.173205" />
			<float name="specular" value="0.500000" />
		</bsdf>
	</bsdf>
	<bsdf type="twosided" id="mat-Material.005" name="mat-Material.005">
		<bsdf type="principled" name="bsdf">
			<rgb value="0.433648 0.266232 0.084399" name="base_color" />
			<float name="spec_tint" value="0.000000" />
			<float name="spec_trans" value="0.000000" />
			<float name="metallic" value="0.000000" />
			<float name="anisotropic" value="0.000000" />
			<float name="roughness" value="0.500000" />
			<float name="sheen" value="0.000000" />
			<float name="sheen_tint" value="0.500000" />
			<float name="clearcoat" value="0.000000" />
			<float name="clearcoat_gloss" value="0.173205" />
			<float name="specular" value="0.500000" />
		</bsdf>
	</bsdf>
	<emitter type="point" name="temp45">
		<point name="position" x="-6.815235034541981e-16" y="3.0693089962005615" z="4.109199523925781" />
		<rgb value="7.957747 7.957747 7.957747" name="intensity" />
	</emitter>
	<shape type="ply" name="temp2">
		<string name="filename" value="meshes/Cube.ply" />
		<boolean name="face_normals" value="true" />
		<ref id="mat-Material" name="bsdf" />
		<transform name="to_world">
			<matrix value="0.9999995567588077 0.00024931219403324413 0.00122821321535 -0.0020678904229436412 -0.00024891317259634734 1.0 -0.00032531070620268253 -0.01677663633644505 -0.0012282922626044499 0.0003250031809070487 0.9999992908140084 0.0027923947596359966 0.0 0.0 0.0 1.0" />
			<scale value="1" />
		</transform>
	</shape>
	<shape type="ply" name="temp4">
		<string name="filename" value="meshes/Plane.ply" />
		<boolean name="face_normals" value="true" />
		<ref id="mat-Material.001" name="bsdf" />
		<transform name="to_world">
			<scale value="1" />
		</transform>
	</shape>
	<shape type="ply" name="temp5">
		<string name="filename" value="meshes/Cube_001.ply" />
		<boolean name="face_normals" value="true" />
		<ref id="mat-Material" name="bsdf" />
		<transform name="to_world">
			<matrix value="0.9999991135176153 0.0001793147179004762 -0.0014676462258776295 0.002046019963860779 -0.00018378552799777316 0.9999954111504872 -0.003046686659407754 -0.014228546831890287 0.0014670928873972346 0.0030469460163571626 0.9999943265120672 -0.003333057146142626 0.0 0.0 0.0 1.0" />
			<scale value="1" />
		</transform>
	</shape>
	<shape type="ply" name="temp6">
		<string name="filename" value="meshes/Cube_002.ply" />
		<boolean name="face_normals" value="true" />
		<ref id="mat-Material" name="bsdf" />
		<transform name="to_world">
			<matrix value="1.0 -3.3187602597288826e-05 0.0003175072963418768 -0.0009253287873511873 3.340114923576354e-05 0.9999997914159312 -0.0006726841886037593 -0.017385871167294675 -0.0003174848012595142 0.0006726940509737747 0.9999997636046695 0.001065317832958712 0.0 0.0 0.0 1.0" />
			<scale value="1" />
		</transform>
	</shape>
	<shape type="ply" name="temp7">
		<string name="filename" value="meshes/Cube_003.ply" />
		<boolean name="face_normals" value="true" />
		<ref id="mat-Material" name="bsdf" />
		<transform name="to_world">
			<matrix value="0.9999991135176153 0.0006062579392311174 0.0011953258969666224 -0.0013054477201301928 -0.0006119077632808357 0.999988527876218 0.004732989110212704 -0.01757529150760684 -0.0011924429149668366 -0.004733711148609892 0.9999881802334736 0.0035527656419381826 0.0 0.0 0.0 1.0" />
			<scale value="1" />
		</transform>
	</shape>
	<shape type="ply" name="temp8">
		<string name="filename" value="meshes/Cube_004.ply" />
		<boolean name="face_normals" value="true" />
		<ref id="mat-Material" name="bsdf" />
		<transform name="to_world">
			<matrix value="1.0 -0.00024755591617423446 0.0008359104364283313 -0.0005147179639179988 0.00024861753072104705 0.9999991656637249 -0.0012703908702232185 -0.018436346030308137 -0.0008355938634143401 0.001270598198250814 0.999999054418678 0.0025709476597556395 0.0 0.0 0.0 1.0" />
			<scale value="1" />
		</transform>
	</shape>
	<shape type="ply" name="temp9">
		<string name="filename" value="meshes/Cube_005.ply" />
		<boolean name="face_normals" value="true" />
		<ref id="mat-Material" name="bsdf" />
		<transform name="to_world">
			<matrix value="0.9999995567588077 -0.0007231338504827678 0.000784402257859081 -0.0005308541930078015 0.000727230256707569 0.9999860248673927 -0.005235045513192987 -0.021267225814813717 -0.0007806053610908698 0.005235599877352568 0.9999860526754988 0.001842696769921659 0.0 0.0 0.0 1.0" />
			<scale value="1" />
		</transform>
	</shape>
	<shape type="ply" name="temp10">
		<string name="filename" value="meshes/Cube_006.ply" />
		<boolean name="face_normals" value="true" />
		<ref id="mat-Material" name="bsdf" />
		<transform name="to_world">
			<matrix value="0.9999995567588077 0.00022898984821337318 -0.0010701025624781039 -0.0010483447475890806 -0.00022950541374792342 0.9999997914159312 -0.00048190606500587914 -0.0175613939224174 0.001069993103167047 0.0004821504183153499 0.9999992908140084 -0.002359462017621272 0.0 0.0 0.0 1.0" />
			<scale value="1" />
		</transform>
	</shape>
	<shape type="ply" name="temp11">
		<string name="filename" value="meshes/Cube_007.ply" />
		<boolean name="face_normals" value="true" />
		<ref id="mat-Material" name="bsdf" />
		<transform name="to_world">
			<matrix value="1.0 -0.00028634838128333435 -5.570301370951079e-05 0.0005323096384706183 0.0002864020694044789 0.9999993742477937 0.0009636419253737764 -0.017444493341934098 5.542731110390105e-05 -0.0009636563118582129 0.9999995272093389 0.0001509949314948411 0.0 0.0 0.0 1.0" />
			<scale value="1" />
		</transform>
	</shape>
	<shape type="ply" name="temp12">
		<string name="filename" value="meshes/Cube_008.ply" />
		<boolean name="face_normals" value="true" />
		<ref id="mat-Material" name="bsdf" />
		<transform name="to_world">
			<matrix value="0.9999986702764229 0.0017498951865054452 0.00011189323819524457 0.00014675335976299664 -0.0017496192558157677 0.9999954111504872 -0.002419908080039677 -0.016785865208239326 -0.00011612741943204847 0.002419704519808186 0.9999971632560337 3.963986840327394e-06 0.0 0.0 0.0 1.0" />
			<scale value="1" />
		</transform>
	</shape>
	<shape type="ply" name="temp13">
		<string name="filename" value="meshes/Cube_009.ply" />
		<boolean name="face_normals" value="true" />
		<ref id="mat-Material" name="bsdf" />
		<transform name="to_world">
			<matrix value="0.9999995567588077 -0.00039003343602622324 0.0008067085212479214 0.001490562377827409 0.0003895948243612451 0.9999997914159312 0.0005447943147868588 -0.017764257188652377 -0.0008069205906809427 -0.0005444795097440049 0.9999995272093389 0.0014111845965074643 0.0 0.0 0.0 1.0" />
			<scale value="1" />
		</transform>
	</shape>
	<shape type="ply" name="temp14">
		<string name="filename" value="meshes/Cube_010.ply" />
		<boolean name="face_normals" value="true" />
		<ref id="mat-Material" name="bsdf" />
		<transform name="to_world">
			<matrix value="0.9999871460054217 -0.0004884997173685868 0.0050745803628290094 0.010469013371474878 0.00048747666335122256 0.9999997914159312 0.0002027846424355149 -0.018323868095337148 -0.005074672843675924 -0.0002003080786695674 0.9999872346521514 0.008400714881896532 0.0 0.0 0.0 1.0" />
			<scale value="1" />
		</transform>
	</shape>
	<shape type="ply" name="temp15">
		<string name="filename" value="meshes/Cube_011.ply" />
		<boolean name="face_normals" value="true" />
		<ref id="mat-Material" name="bsdf" />
		<transform name="to_world">
			<matrix value="0.9999995567588077 -0.0005255963939986192 -0.0008309461344871948 -0.0016932881342708317 0.0005256530272486955 0.9999997914159312 6.697481585985728e-05 -0.018455218844045385 0.0008309088040111555 -6.741165943227588e-05 0.9999997636046695 -0.001289982094397235 0.0 0.0 0.0 1.0" />
			<scale value="1" />
		</transform>
	</shape>
	<shape type="ply" name="temp16">
		<string name="filename" value="meshes/Cube_012.ply" />
		<boolean name="face_normals" value="true" />
		<ref id="mat-Material" name="bsdf" />
		<transform name="to_world">
			<matrix value="1.0 -0.00010337176147160232 -0.00019888104634246782 -0.0003356914377328213 0.00010335054882124438 1.0 -0.00010637388001802279 -0.01804783699884005 0.00019889207431559127 0.00010635326215054348 1.0 -0.0003895452528164256 0.0 0.0 0.0 1.0" />
			<scale value="1" />
		</transform>
	</shape>
	<shape type="ply" name="temp17">
		<string name="filename" value="meshes/Cube_013.ply" />
		<boolean name="face_normals" value="true" />
		<ref id="mat-Material" name="bsdf" />
		<transform name="to_world">
			<matrix value="0.9999991135176153 -0.0013690665654338653 0.00029248957851185355 -0.00010761899899003335 0.0013700939848624268 0.9999926995575932 -0.003539830958427044 -0.02297509719372176 -0.00028764225826068607 0.003540234823944617 0.9999938537214063 -0.000182680983964012 0.0 0.0 0.0 1.0" />
			<scale value="1" />
		</transform>
	</shape>
	<shape type="ply" name="temp18">
		<string name="filename" value="meshes/Cube_014.ply" />
		<boolean name="face_normals" value="true" />
		<ref id="mat-Material" name="bsdf" />
		<transform name="to_world">
			<matrix value="0.9999995567588077 -0.0010981304609916503 -5.973757281567168e-05 -0.0003653194911085178 0.0010977754611038125 0.9999835218585675 -0.005626587099150347 -0.023091484378384486 6.59152841973877e-05 0.005626528139033797 0.9999841615128545 0.00012371144883560614 0.0 0.0 0.0 1.0" />
			<scale value="1" />
		</transform>
	</shape>
	<shape type="ply" name="temp19">
		<string name="filename" value="meshes/Cube_015.ply" />
		<boolean name="face_normals" value="true" />
		<ref id="mat-Material" name="bsdf" />
		<transform name="to_world">
			<matrix value="0.9998519574417537 0.009814389380567891 -0.014151830101730366 -0.0038833026749512944 -0.00895432310864551 0.9981817726725669 0.05960734262808254 0.020737902636677796 0.01471110868805926 -0.05947176084585012 0.9981216027036061 -0.027452147065119115 0.0 0.0 0.0 1.0" />
			<scale value="1" />
		</transform>
	</shape>
	<shape type="ply" name="temp20">
		<string name="filename" value="meshes/Cube_016.ply" />
		<boolean name="face_normals" value="true" />
		<ref id="mat-Material" name="bsdf" />
		<transform name="to_world">
			<matrix value="0.9983631102766357 0.04793238955995019 -0.031204538222997385 0.06307067543292777 -0.040469614043299344 0.9775475936698907 0.2067915669275368 0.05268882063081942 0.04041594196731717 -0.2051901973831043 0.9778873443868638 -0.13691914818515907 0.0 0.0 0.0 1.0" />
			<scale value="1" />
		</transform>
	</shape>
	<shape type="ply" name="temp21">
		<string name="filename" value="meshes/Cube_017.ply" />
		<boolean name="face_normals" value="true" />
		<ref id="mat-Material" name="bsdf" />
		<transform name="to_world">
			<matrix value="0.9949882718380503 0.09524711997547052 0.03043514234072037 0.21565989136012154 -0.09998719032954095 0.9505908143747798 0.2939039317744164 0.011271800948134791 -0.0009378806333739343 -0.2954739342918467 0.9553503591554257 -0.19568149544977018 0.0 0.0 0.0 1.0" />
			<scale value="1" />
		</transform>
	</shape>
	<shape type="ply" name="temp22">
		<string name="filename" value="meshes/Cube_018.ply" />
		<boolean name="face_normals" value="true" />
		<ref id="mat-Material" name="bsdf" />
		<transform name="to_world">
			<matrix value="-0.1912968262157663 0.9793084603784132 0.06603285138629314 1.0591742018515298 -0.9514185491120105 -0.20154414786107466 0.2327728794038677 0.6903746878397802 0.24126500149815522 -0.018296153918356026 0.9702869981149836 -0.3417626382105166 0.0 0.0 0.0 1.0" />
			<scale value="1" />
		</transform>
	</shape>
	<shape type="ply" name="temp23">
		<string name="filename" value="meshes/Cube_019.ply" />
		<boolean name="face_normals" value="true" />
		<ref id="mat-Material" name="bsdf" />
		<transform name="to_world">
			<matrix value="-0.025388682633987383 0.9957478051741364 -0.08855217788654064 0.3991585388550864 -0.9819840184955685 -0.008249028519699723 0.18878495636851383 0.15543011775418064 0.18725180709434122 0.09174979089447106 0.9780178346093166 -0.024976053572382417 0.0 0.0 0.0 1.0" />
			<scale value="1" />
		</transform>
	</shape>
	<shape type="ply" name="temp24">
		<string name="filename" value="meshes/Cube_020.ply" />
		<boolean name="face_normals" value="true" />
		<ref id="mat-Material" name="bsdf" />
		<transform name="to_world">
			<matrix value="0.1362776807529696 0.9904520503931992 0.02080817900080098 -0.1972423061716001 -0.9788061028483633 0.13785688880459743 -0.15144000294752055 0.022168820878751022 -0.15286260183898043 0.00027073193594475857 0.9882476060192624 0.09984447824487197 0.0 0.0 0.0 1.0" />
			<scale value="1" />
		</transform>
	</shape>
	<shape type="ply" name="temp25">
		<string name="filename" value="meshes/Cube_021.ply" />
		<boolean name="face_normals" value="true" />
		<ref id="mat-Material" name="bsdf" />
		<transform name="to_world">
			<matrix value="0.28632281787928593 0.9580360141253131 -0.013639797815801704 -0.3295524500780722 -0.7874764860547456 0.22719143637247274 -0.5729445071417394 0.06719468636596557 -0.5458027718531205 0.17478802644011654 0.8194809609564744 0.07455390652840033 0.0 0.0 0.0 1.0" />
			<scale value="1" />
		</transform>
	</shape>
	<shape type="ply" name="temp26">
		<string name="filename" value="meshes/Cube_022.ply" />
		<boolean name="face_normals" value="true" />
		<ref id="mat-Material" name="bsdf" />
		<transform name="to_world">
			<matrix value="0.5465350063028898 0.8224117324367 -0.15791820343331123 -0.24732373871662805 -0.45074969815274807 0.12996739831005188 -0.8831384411429999 0.13949102172359526 -0.7057795992035842 0.553847646024492 0.44173351532621846 0.12581264800248226 0.0 0.0 0.0 1.0" />
			<scale value="1" />
		</transform>
	</shape>
	<shape type="ply" name="temp27">
		<string name="filename" value="meshes/Cube_023.ply" />
		<boolean name="face_normals" value="true" />
		<ref id="mat-Material" name="bsdf" />
		<transform name="to_world">
			<matrix value="0.8411379242483072 0.5125150441259597 -0.1726729361860261 -0.1391381081104599 -0.37918091687100086 0.3312125200501437 -0.8640140589030972 -0.1750004336857617 -0.3856287908202976 0.7922287833499854 0.4729313162822958 -0.08588527404433077 0.0 0.0 0.0 1.0" />
			<scale value="1" />
		</transform>
	</shape>
	<shape type="ply" name="temp28">
		<string name="filename" value="meshes/Cube_024.ply" />
		<boolean name="face_normals" value="true" />
		<ref id="mat-Material" name="bsdf" />
		<transform name="to_world">
			<matrix value="0.8787495988667209 0.44465013151225535 -0.1734524025093837 -0.1328438115063536 -0.3371164412341962 0.32098501740634056 -0.885054425296948 -0.46942006545294596 -0.33786392318098246 0.836214574603221 0.43196424189672267 -0.3153440440835185 0.0 0.0 0.0 1.0" />
			<scale value="1" />
		</transform>
	</shape>
	<shape type="ply" name="temp29">
		<string name="filename" value="meshes/Cube_025.ply" />
		<boolean name="face_normals" value="true" />
		<ref id="mat-Material" name="bsdf" />
		<transform name="to_world">
			<matrix value="0.8764877390621372 0.44144607163194094 -0.19208009452030897 -0.27818836675961545 -0.31892236541867675 0.23353885816909078 -0.9185577899116874 -0.7856233060000263 -0.3606355280864214 0.8663631073185892 0.3454811377801817 -0.7737577572889935 0.0 0.0 0.0 1.0" />
			<scale value="1" />
		</transform>
	</shape>
	<shape type="ply" name="temp30">
		<string name="filename" value="meshes/Cube_026.ply" />
		<boolean name="face_normals" value="true" />
		<ref id="mat-Material" name="bsdf" />
		<transform name="to_world">
			<matrix value="0.9021673607823738 0.34781456041950426 -0.2551845041915256 -0.2918998954705043 -0.3536888748233684 0.2577074942170067 -0.8991613166463446 -1.1338184882478861 -0.24697855776407868 0.9014498678619924 0.35551328281722716 -0.8452269216114832 0.0 0.0 0.0 1.0" />
			<scale value="1" />
		</transform>
	</shape>
	<shape type="ply" name="temp31">
		<string name="filename" value="meshes/Cube_027.ply" />
		<boolean name="face_normals" value="true" />
		<ref id="mat-Material" name="bsdf" />
		<transform name="to_world">
			<matrix value="0.8573490276174722 0.3311395156260755 -0.39408047180725647 -0.5154991971336207 -0.48379953441945156 0.2569853761709388 -0.8365983468401745 -1.5748605332209897 -0.17575780946656808 0.9079126366486381 0.3805312370425809 -0.950778890921979 0.0 0.0 0.0 1.0" />
			<scale value="1" />
		</transform>
	</shape>
	<shape type="ply" name="temp32">
		<string name="filename" value="meshes/Cube_028.ply" />
		<boolean name="face_normals" value="true" />
		<ref id="mat-Material" name="bsdf" />
		<transform name="to_world">
			<matrix value="-0.11042990849728826 0.979653667012221 0.16758216274305576 -1.4478239295855235 -0.8416684839555553 -0.0025037159251850663 -0.5399891069031691 -2.0944311851881463 -0.5285828515301573 -0.200679504320819 0.8248199494965016 -1.1402602026352937 0.0 0.0 0.0 1.0" />
			<scale value="1" />
		</transform>
	</shape>
	<shape type="ply" name="temp33">
		<string name="filename" value="meshes/Cube_029.ply" />
		<boolean name="face_normals" value="true" />
		<ref id="mat-Material" name="bsdf" />
		<transform name="to_world">
			<matrix value="0.0131806012832719 0.9893138209889806 0.1452043424876637 -1.649974243076301 -0.9840743439587112 -0.012910279648660995 0.1772882004216347 -1.5802487403273537 0.17726828680187295 -0.1452285977101641 0.9733882684562107 0.17139844308997887 0.0 0.0 0.0 1.0" />
			<scale value="1" />
		</transform>
	</shape>
	<shape type="ply" name="temp34">
		<string name="filename" value="meshes/Cube_030.ply" />
		<boolean name="face_normals" value="true" />
		<ref id="mat-Material" name="bsdf" />
		<transform name="to_world">
			<matrix value="-0.044236094941796075 0.9824687124574344 -0.18110349077661592 -3.207076441352315 -0.9667241558861963 0.0036247114894746957 0.25579469894424556 -1.8394558061531308 0.25196649517874814 0.1863924673915035 0.9496162186601379 0.3386977517362393 0.0 0.0 0.0 1.0" />
			<scale value="1" />
		</transform>
	</shape>
	<shape type="ply" name="temp35">
		<string name="filename" value="meshes/Cube_031.ply" />
		<boolean name="face_normals" value="true" />
		<ref id="mat-Material" name="bsdf" />
		<transform name="to_world">
			<matrix value="0.10552402633207275 0.9891194206368906 0.10250493948043142 -2.0482043912343126 -0.6777982259714517 -0.003883801986971839 0.7352379389920387 -0.7563908624356622 0.7276362656397655 -0.1470628860108923 0.6700136305547584 0.7697640716631962 0.0 0.0 0.0 1.0" />
			<scale value="1" />
		</transform>
	</shape>
	<shape type="ply" name="temp36">
		<string name="filename" value="meshes/Cube_032.ply" />
		<boolean name="face_normals" value="true" />
		<ref id="mat-Material" name="bsdf" />
		<transform name="to_world">
			<matrix value="0.8143612805769936 0.5489703247445367 0.18827505164055997 -0.47766067814041957 -0.21808317686919246 -0.011171574997444846 0.97586640070616 0.4873089939995419 0.5378253168731284 -0.8357671617757179 0.11062351159590016 -0.2832094653446804 0.0 0.0 0.0 1.0" />
			<scale value="1" />
		</transform>
	</shape>
	<shape type="ply" name="temp37">
		<string name="filename" value="meshes/Cube_033.ply" />
		<boolean name="face_normals" value="true" />
		<ref id="mat-Material" name="bsdf" />
		<transform name="to_world">
			<matrix value="0.9795953917099713 0.15152295571968805 0.132037051658526 -0.1251522849535447 -0.14949940339735507 0.1102822976786679 0.9825925570457392 0.30135080793080227 0.13432397739824511 -0.98228224344681 0.13068463397256205 -0.4103833282099132 0.0 0.0 0.0 1.0" />
			<scale value="1" />
		</transform>
	</shape>
	<shape type="ply" name="temp38">
		<string name="filename" value="meshes/Cube_034.ply" />
		<boolean name="face_normals" value="true" />
		<ref id="mat-Material" name="bsdf" />
		<transform name="to_world">
			<matrix value="0.9999184436206068 0.005726671436289039 0.011438153544440667 -0.03551943073332886 -0.01228704033672147 0.18131979483670996 0.9833476037314529 0.36932462777938346 0.00355734743194918 -0.9834075544978026 0.18137533384930554 -0.3348257817709719 0.0 0.0 0.0 1.0" />
			<scale value="1" />
		</transform>
	</shape>
	<shape type="ply" name="temp39">
		<string name="filename" value="meshes/Cube_035.ply" />
		<boolean name="face_normals" value="true" />
		<ref id="mat-Material" name="bsdf" />
		<transform name="to_world">
			<matrix value="0.9991166203036379 -0.04197428992768391 0.0021984694820720145 0.009811202378868344 0.006809811409737477 0.21326469526910474 0.9769708396903977 0.09207886901013891 -0.04147650733032284 -0.9760923026221104 0.21336205694196164 -0.1303804850334631 0.0 0.0 0.0 1.0" />
			<scale value="1" />
		</transform>
	</shape>
	<shape type="ply" name="temp40">
		<string name="filename" value="meshes/Cube_036.ply" />
		<boolean name="face_normals" value="true" />
		<ref id="mat-Material" name="bsdf" />
		<transform name="to_world">
			<matrix value="0.9998253629702124 -0.01855441228309864 0.0022466894015935883 0.005342916929378383 0.0017972499543461571 0.21509877498576416 0.9765907159989051 -0.2519658466639474 -0.018603329273244013 -0.9764160250968351 0.21509462195895135 0.2519766169235427 0.0 0.0 0.0 1.0" />
			<scale value="1" />
		</transform>
	</shape>
	<shape type="ply" name="temp41">
		<string name="filename" value="meshes/Cube_037.ply" />
		<boolean name="face_normals" value="true" />
		<ref id="mat-Material" name="bsdf" />
		<transform name="to_world">
			<matrix value="0.9990563395014779 -0.04335912127703511 0.002516120979565515 -0.002398511388943536 0.006882476370812036 0.21525020701968825 0.9765346903055694 -0.5686414017617063 -0.0428833016859122 -0.9755958725384473 0.21534550832324317 0.5053658487537425 0.0 0.0 0.0 1.0" />
			<scale value="1" />
		</transform>
	</shape>
	<shape type="ply" name="temp42">
		<string name="filename" value="meshes/Cube_038.ply" />
		<boolean name="face_normals" value="true" />
		<ref id="mat-Material" name="bsdf" />
		<transform name="to_world">
			<matrix value="0.999336911176238 -0.03632733515079586 0.0026011051008911633 0.002796380876249227 0.005283927010586373 0.21527836586897167 0.9765384726308578 -0.9034829338289426 -0.036034994778618754 -0.9758768352790751 0.21532749499905676 0.8439426373541674 0.0 0.0 0.0 1.0" />
			<scale value="1" />
		</transform>
	</shape>
	<shape type="ply" name="temp43">
		<string name="filename" value="meshes/Cube_039.ply" />
		<boolean name="face_normals" value="true" />
		<ref id="mat-Material" name="bsdf" />
		<transform name="to_world">
			<matrix value="0.9999652504044876 -0.002623830068551093 -0.00791711296125956 0.01834568680411186 0.00827254946847767 0.4329993986574577 0.9013562321676433 -1.3192929749611344 0.0010631059386942648 -0.90139045253513 0.43300602441064495 1.4612015899994364 0.0 0.0 0.0 1.0" />
			<scale value="1" />
		</transform>
	</shape>
	<shape type="ply" name="temp47">
		<string name="filename" value="meshes/Plane_001.ply" />
		<boolean name="face_normals" value="true" />
		<ref id="mat-Material.002" name="bsdf" />
		<transform name="to_world">
			<scale value="1" />
		</transform>
	</shape>
	<shape type="ply" name="temp49">
		<string name="filename" value="meshes/Plane_002.ply" />
		<boolean name="face_normals" value="true" />
		<ref id="mat-Material.003" name="bsdf" />
		<transform name="to_world">
			<scale value="1" />
		</transform>
	</shape>
	<shape type="ply" name="temp51">
		<string name="filename" value="meshes/Plane_003.ply" />
		<boolean name="face_normals" value="true" />
		<ref id="mat-Material.004" name="bsdf" />
		<transform name="to_world">
			<scale value="1" />
		</transform>
	</shape>
	<shape type="ply" name="temp53">
		<string name="filename" value="meshes/Plane_004.ply" />
		<boolean name="face_normals" value="true" />
		<ref id="mat-Material.005" name="bsdf" />
		<transform name="to_world">
			<scale value="1" />
		</transform>
	</shape>
	<emitter type="point">
		<transform name="to_world">
			<rotate x="1" angle="-142.5518126578256" />
			<rotate y="1" angle="3.976628485794621e-06" />
			<rotate z="1" angle="-179.999991348578" />
			<translate value="-0.000000 3.030926 4.073377" />
		</transform>
		<rgb name="intensity" value="100" />
	</emitter>
</scene>