<scene version="2.1.0">
	<default name="spp" value="1024" />
	<default name="resx" value="640" />
	<default name="resy" value="360" />
	<integrator type="path" name="temp0">
		<integer name="max_depth" value="12" />
	</integrator>
	<sensor type="perspective" name="temp44">
		<string name="fov_axis" value="x" />
		<float name="fov" value="83.974423" />
		<float name="principal_point_offset_x" value="0.000000" />
		<float name="principal_point_offset_y" value="-0.000000" />
		<float name="near_clip" value="0.100000" />
		<float name="far_clip" value="1000.000000" />
		<transform name="to_world">
			<rotate x="1" angle="-142.5518126578256" />
			<rotate y="1" angle="3.976628485794621e-06" />
			<rotate z="1" angle="-179.999991348578" />
			<translate value="-0.000000 3.030926 4.073377" />
		</transform>
		<sampler type="independent" name="sampler">
			<integer name="sample_count" value="$spp" />
		</sampler>
		<film type="hdrfilm" name="film">
			<integer name="width" value="$resx" />
			<integer name="height" value="$resy" />
		</film>
		<float name="shutter_open" value="0.0" />
		<float name="shutter_close" value="0.0015" />
	</sensor>
	<bsdf type="twosided" id="mat-Material" name="mat-Material">
		<bsdf type="diffuse" name="bsdf">
			<texture type="bitmap" name="reflectance">
				<string name="filename" value="textures/siggraph_2023_logo.jpg" />
			</texture>
		</bsdf>
	</bsdf>
	<bsdf type="twosided" id="mat-Material.001" name="mat-Material.001">
		<bsdf type="principled" name="bsdf">
			<rgb value="0.433648 0.266232 0.084399" name="base_color" />
			<float name="spec_tint" value="0.000000" />
			<float name="spec_trans" value="0.000000" />
			<float name="metallic" value="0.000000" />
			<float name="anisotropic" value="0.000000" />
			<float name="roughness" value="0.500000" />
			<float name="sheen" value="0.000000" />
			<float name="sheen_tint" value="0.500000" />
			<float name="clearcoat" value="0.000000" />
			<float name="clearcoat_gloss" value="0.173205" />
			<float name="specular" value="0.500000" />
		</bsdf>
	</bsdf>
	<bsdf type="twosided" id="mat-Material.002" name="mat-Material.002">
		<bsdf type="principled" name="bsdf">
			<rgb value="0.433648 0.266232 0.084399" name="base_color" />
			<float name="spec_tint" value="0.000000" />
			<float name="spec_trans" value="0.000000" />
			<float name="metallic" value="0.000000" />
			<float name="anisotropic" value="0.000000" />
			<float name="roughness" value="0.500000" />
			<float name="sheen" value="0.000000" />
			<float name="sheen_tint" value="0.500000" />
			<float name="clearcoat" value="0.000000" />
			<float name="clearcoat_gloss" value="0.173205" />
			<float name="specular" value="0.500000" />
		</bsdf>
	</bsdf>
	<bsdf type="twosided" id="mat-Material.003" name="mat-Material.003">
		<bsdf type="principled" name="bsdf">
			<rgb value="0.433648 0.266232 0.084399" name="base_color" />
			<float name="spec_tint" value="0.000000" />
			<float name="spec_trans" value="0.000000" />
			<float name="metallic" value="0.000000" />
			<float name="anisotropic" value="0.000000" />
			<float name="roughness" value="0.500000" />
			<float name="sheen" value="0.000000" />
			<float name="sheen_tint" value="0.500000" />
			<float name="clearcoat" value="0.000000" />
			<float name="clearcoat_gloss" value="0.173205" />
			<float name="specular" value="0.500000" />
		</bsdf>
	</bsdf>
	<bsdf type="twosided" id="mat-Material.004" name="mat-Material.004">
		<bsdf type="principled" name="bsdf">
			<rgb value="0.433648 0.266232 0.084399" name="base_color" />
			<float name="spec_tint" value="0.000000" />
			<float name="spec_trans" value="0.000000" />
			<float name="metallic" value="0.000000" />
			<float name="anisotropic" value="0.000000" />
			<float name="roughness" value="0.500000" />
			<float name="sheen" value="0.000000" />
			<float name="sheen_tint" value="0.500000" />
			<float name="clearcoat" value="0.000000" />
			<float name="clearcoat_gloss" value="0.173205" />
			<float name="specular" value="0.500000" />
		</bsdf>
	</bsdf>
	<bsdf type="twosided" id="mat-Material.005" name="mat-Material.005">
		<bsdf type="principled" name="bsdf">
			<rgb value="0.433648 0.266232 0.084399" name="base_color" />
			<float name="spec_tint" value="0.000000" />
			<float name="spec_trans" value="0.000000" />
			<float name="metallic" value="0.000000" />
			<float name="anisotropic" value="0.000000" />
			<float name="roughness" value="0.500000" />
			<float name="sheen" value="0.000000" />
			<float name="sheen_tint" value="0.500000" />
			<float name="clearcoat" value="0.000000" />
			<float name="clearcoat_gloss" value="0.173205" />
			<float name="specular" value="0.500000" />
		</bsdf>
	</bsdf>
	<emitter type="point" name="temp45">
		<point name="position" x="-6.815235034541981e-16" y="3.0693089962005615" z="4.109199523925781" />
		<rgb value="7.957747 7.957747 7.957747" name="intensity" />
	</emitter>
	<shape type="ply" name="temp2">
		<string name="filename" value="meshes/Cube.ply" />
		<boolean name="face_normals" value="true" />
		<ref id="mat-Material" name="bsdf" />
		<transform name="to_world">
			<matrix value="0.9999995567588077 0.0001986769512518173 0.001093810650176989 -0.0018837063895493777 -0.00019663154423458452 0.9999981227433812 -0.0018697452272964743 -0.014829916609577887 -0.0010941807750338192 0.001869528579146182 0.9999978724420252 0.0023665433874326958 0.0 0.0 0.0 1.0" />
			<scale value="1" />
		</transform>
	</shape>
	<shape type="ply" name="temp4">
		<string name="filename" value="meshes/Plane.ply" />
		<boolean name="face_normals" value="true" />
		<ref id="mat-Material.001" name="bsdf" />
		<transform name="to_world">
			<scale value="1" />
		</transform>
	</shape>
	<shape type="ply" name="temp5">
		<string name="filename" value="meshes/Cube_001.ply" />
		<boolean name="face_normals" value="true" />
		<ref id="mat-Material" name="bsdf" />
		<transform name="to_world">
			<matrix value="0.9999991135176153 -0.0001331344136597535 -0.001288165435125793 0.0019658801098270118 0.00013560343742409495 0.9999981227433812 0.0019166815201732681 -0.01992094180369408 0.0012879082029760988 -0.0019168542185084988 0.9999973996513641 -0.002574138532893233 0.0 0.0 0.0 1.0" />
			<scale value="1" />
		</transform>
	</shape>
	<shape type="ply" name="temp6">
		<string name="filename" value="meshes/Cube_002.ply" />
		<boolean name="face_normals" value="true" />
		<ref id="mat-Material" name="bsdf" />
		<transform name="to_world">
			<matrix value="1.0 8.007208665416553e-05 0.00034168344679521217 -0.0009836746182925182 -8.135381816827918e-05 0.999992908141662 0.00375268131403654 -0.019873336935002872 -0.0003413817069041021 -0.003752711071433786 0.9999929081400841 0.0008460872391687912 0.0 0.0 0.0 1.0" />
			<scale value="1" />
		</transform>
	</shape>
	<shape type="ply" name="temp7">
		<string name="filename" value="meshes/Cube_003.ply" />
		<boolean name="face_normals" value="true" />
		<ref id="mat-Material" name="bsdf" />
		<transform name="to_world">
			<matrix value="0.9999995567588077 0.0004702214954226227 0.000929889400080658 -0.0011976954309180776 -0.0004736120788543811 0.9999931167257308 0.003648147298876035 -0.01761586866668091 -0.0009281692188494522 -0.003648579646783738 0.9999929081400841 0.002690639327496136 0.0 0.0 0.0 1.0" />
			<scale value="1" />
		</transform>
	</shape>
	<shape type="ply" name="temp8">
		<string name="filename" value="meshes/Cube_004.ply" />
		<boolean name="face_normals" value="true" />
		<ref id="mat-Material" name="bsdf" />
		<transform name="to_world">
			<matrix value="1.0 0.0003256310189540343 0.0007041129477977648 -0.000549958811274287 -0.00032597154036952136 0.9999997914159312 0.0004823788556669398 -0.016964297679119722 -0.0007039556616970465 -0.00048260930326663517 0.9999997636046695 0.0022074675262546244 0.0 0.0 0.0 1.0" />
			<scale value="1" />
		</transform>
	</shape>
	<shape type="ply" name="temp9">
		<string name="filename" value="meshes/Cube_005.ply" />
		<boolean name="face_normals" value="true" />
		<ref id="mat-Material" name="bsdf" />
		<transform name="to_world">
			<matrix value="0.9999995567588077 -0.0006317406549122592 0.0007364400092477853 -0.0005067249207248992 0.0006351070072886582 0.999989362212493 -0.0045805850406198095 -0.020828082531283654 -0.0007335375788747702 0.004581058897883498 0.999989362210126 0.001900209167919109 0.0 0.0 0.0 1.0" />
			<scale value="1" />
		</transform>
	</shape>
	<shape type="ply" name="temp10">
		<string name="filename" value="meshes/Cube_006.ply" />
		<boolean name="face_normals" value="true" />
		<ref id="mat-Material" name="bsdf" />
		<transform name="to_world">
			<matrix value="0.9999995567588077 0.00023141776677380933 -0.0009267075189317201 -0.0009881022334004008 -0.0002317774680999314 0.9999997914159312 -0.00038887031872236836 -0.017460353244252103 0.0009266178746762123 0.00038908437851333796 0.9999995272093389 -0.0020305113799738983 0.0 0.0 0.0 1.0" />
			<scale value="1" />
		</transform>
	</shape>
	<shape type="ply" name="temp11">
		<string name="filename" value="meshes/Cube_007.ply" />
		<boolean name="face_normals" value="true" />
		<ref id="mat-Material" name="bsdf" />
		<transform name="to_world">
			<matrix value="0.9999986702764229 0.0017674913385465447 -5.657460329317607e-05 0.00046526511475475374 -0.001767787712290369 0.9999818531860174 -0.005733957858277217 -0.01900967601214021 4.643882296414888e-05 0.0057340365397571666 0.9999836887221933 -0.00013650202709958315 0.0 0.0 0.0 1.0" />
			<scale value="1" />
		</transform>
	</shape>
	<shape type="ply" name="temp12">
		<string name="filename" value="meshes/Cube_008.ply" />
		<boolean name="face_normals" value="true" />
		<ref id="mat-Material" name="bsdf" />
		<transform name="to_world">
			<matrix value="0.9999977837940383 -0.0022206464854627335 0.00018280781863372008 0.00041979231918043425 0.002220177402854828 0.9999943682301434 0.0025246548509976594 -0.019487351052856705 -0.00018841340928714407 -0.0025242343400295776 0.9999969268607032 0.0004884438356320686 0.0 0.0 0.0 1.0" />
			<scale value="1" />
		</transform>
	</shape>
	<shape type="ply" name="temp13">
		<string name="filename" value="meshes/Cube_009.ply" />
		<boolean name="face_normals" value="true" />
		<ref id="mat-Material" name="bsdf" />
		<transform name="to_world">
			<matrix value="1.0 7.05454264814162e-05 0.0006943190892538938 0.0012270433552772353 -7.068367294473492e-05 1.0 0.0001987680493744743 -0.01735323390389576 -0.0006943018685275704 -0.00019881711974602807 0.9999997636046695 0.0011656930251504605 0.0 0.0 0.0 1.0" />
			<scale value="1" />
		</transform>
	</shape>
	<shape type="ply" name="temp14">
		<string name="filename" value="meshes/Cube_010.ply" />
		<boolean name="face_normals" value="true" />
		<ref id="mat-Material" name="bsdf" />
		<transform name="to_world">
			<matrix value="0.9999911351761529 -7.904501869956177e-05 0.004244667275936232 0.008475818351999953 7.805122804404754e-05 1.0 0.00023428266546136566 -0.017545370880995947 -0.004244694846168712 -0.00023394997736862855 0.9999910169774399 0.007045269539748933 0.0 0.0 0.0 1.0" />
			<scale value="1" />
		</transform>
	</shape>
	<shape type="ply" name="temp15">
		<string name="filename" value="meshes/Cube_011.ply" />
		<boolean name="face_normals" value="true" />
		<ref id="mat-Material" name="bsdf" />
		<transform name="to_world">
			<matrix value="1.0 -5.270085081441649e-05 -0.000593212806386078 -0.0013115955493456788 5.282725826955092e-05 1.0 0.00021293734909113088 -0.017558826941514116 0.0005932029849634858 -0.00021296850589145705 1.0 -0.000889214051231324 0.0 0.0 0.0 1.0" />
			<scale value="1" />
		</transform>
	</shape>
	<shape type="ply" name="temp16">
		<string name="filename" value="meshes/Cube_012.ply" />
		<boolean name="face_normals" value="true" />
		<ref id="mat-Material" name="bsdf" />
		<transform name="to_world">
			<matrix value="0.9999951243468841 0.0032223381022604258 -0.00018436400909460117 -0.000481320176041411 -0.003221787254865459 0.9999906137169057 0.0029271179012255208 -0.009796105226208163 0.00019379435736232485 -0.0029265179184144274 0.9999957448840504 -0.0002407773409276448 0.0 0.0 0.0 1.0" />
			<scale value="1" />
		</transform>
	</shape>
	<shape type="ply" name="temp17">
		<string name="filename" value="meshes/Cube_013.ply" />
		<boolean name="face_normals" value="true" />
		<ref id="mat-Material" name="bsdf" />
		<transform name="to_world">
			<matrix value="0.9999991135176153 0.001364450599992074 0.0002775943087351384 -0.00017813526093757304 -0.0013652582234538419 0.9999947853982809 0.0029328150286913016 -0.013000423516019488 -0.0002735915124630558 -0.002933188436933564 0.9999957448840504 4.889232330262949e-05 0.0 0.0 0.0 1.0" />
			<scale value="1" />
		</transform>
	</shape>
	<shape type="ply" name="temp18">
		<string name="filename" value="meshes/Cube_014.ply" />
		<boolean name="face_normals" value="true" />
		<ref id="mat-Material" name="bsdf" />
		<transform name="to_world">
			<matrix value="0.9999991135176153 0.0013025053032499486 -6.102001748379865e-05 -0.0003932533278628858 -0.0013021273804268237 0.9999818531860174 0.005868041289754012 -0.011615964071441887 6.86620498664071e-05 -0.005867955855267687 0.9999827431408712 0.00037052830336981035 0.0 0.0 0.0 1.0" />
			<scale value="1" />
		</transform>
	</shape>
	<shape type="ply" name="temp19">
		<string name="filename" value="meshes/Cube_015.ply" />
		<boolean name="face_normals" value="true" />
		<ref id="mat-Material" name="bsdf" />
		<transform name="to_world">
			<matrix value="1.0 -0.0001897230629318994 -9.760574081332286e-05 9.837171809634615e-05 0.00018967443047939196 0.9999997914159312 -0.0004969289882610807 -0.018199004003840058 9.770011010111219e-05 0.0004969098270212318 1.0 -0.00022265465932602702 0.0 0.0 0.0 1.0" />
			<scale value="1" />
		</transform>
	</shape>
	<shape type="ply" name="temp20">
		<string name="filename" value="meshes/Cube_016.ply" />
		<boolean name="face_normals" value="true" />
		<ref id="mat-Material" name="bsdf" />
		<transform name="to_world">
			<matrix value="0.9999991135176153 -0.001457011866347672 0.00040988349965320807 0.0008651201871328063 0.001459256383116411 0.9999835218585675 -0.005529026746240487 -0.019515873181484344 -0.00040182207589352993 0.00552961580900374 0.9999846343035155 0.0004389960361436962 0.0 0.0 0.0 1.0" />
			<scale value="1" />
		</transform>
	</shape>
	<shape type="ply" name="temp21">
		<string name="filename" value="meshes/Cube_017.ply" />
		<boolean name="face_normals" value="true" />
		<ref id="mat-Material" name="bsdf" />
		<transform name="to_world">
			<matrix value="1.0 -0.00010556585729095183 0.0006386834482135841 0.00021937519985093523 0.0001054098474009223 1.0 0.0002441136380721299 -0.017879885788175065 -0.0006387105581824984 -0.00024404544629690275 0.9999997636046695 0.0004549121169993564 0.0 0.0 0.0 1.0" />
			<scale value="1" />
		</transform>
	</shape>
	<shape type="ply" name="temp22">
		<string name="filename" value="meshes/Cube_018.ply" />
		<boolean name="face_normals" value="true" />
		<ref id="mat-Material" name="bsdf" />
		<transform name="to_world">
			<matrix value="0.9999991135176153 -0.0015525162539135587 9.244688551515979e-05 0.0005288874497539342 0.001552571951342755 0.9999985399115188 -0.0005828161397493548 -0.017806814030766283 -9.1541716974542e-05 0.0005829590987499557 1.0 4.565984982152216e-05 0.0 0.0 0.0 1.0" />
			<scale value="1" />
		</transform>
	</shape>
	<shape type="ply" name="temp23">
		<string name="filename" value="meshes/Cube_019.ply" />
		<boolean name="face_normals" value="true" />
		<ref id="mat-Material" name="bsdf" />
		<transform name="to_world">
			<matrix value="0.999912238243914 0.012065555886972465 -0.005496782423156152 0.002725174537638708 -0.012020896162772349 0.9998950822134107 0.008087107896975133 -0.018281928932043168 0.005593788063337394 -0.008020324431660559 0.9999522481432328 -0.0007204203762903871 0.0 0.0 0.0 1.0" />
			<scale value="1" />
		</transform>
	</shape>
	<shape type="ply" name="temp24">
		<string name="filename" value="meshes/Cube_020.ply" />
		<boolean name="face_normals" value="true" />
		<ref id="mat-Material" name="bsdf" />
		<transform name="to_world">
			<matrix value="0.9864876921771544 0.16363427785894116 0.008105618446281587 -0.009083167904138628 -0.16368873396695777 0.9864900432723628 0.006579614732627099 -0.03503624696586077 -0.006919464995699417 -0.007817506089025124 0.9999456290684657 0.0023929808526197416 0.0 0.0 0.0 1.0" />
			<scale value="1" />
		</transform>
	</shape>
	<shape type="ply" name="temp25">
		<string name="filename" value="meshes/Cube_021.ply" />
		<boolean name="face_normals" value="true" />
		<ref id="mat-Material" name="bsdf" />
		<transform name="to_world">
			<matrix value="0.9435669746306472 0.3299583040446537 0.028451525482707445 0.00847947831947643 -0.3274551572885695 0.9423502835700415 -0.06891321029113977 -0.09502302401648455 -0.04954979992092577 0.055707590165678326 0.9972169177736666 0.05881945790733467 0.0 0.0 0.0 1.0" />
			<scale value="1" />
		</transform>
	</shape>
	<shape type="ply" name="temp26">
		<string name="filename" value="meshes/Cube_022.ply" />
		<boolean name="face_normals" value="true" />
		<ref id="mat-Material" name="bsdf" />
		<transform name="to_world">
			<matrix value="0.9588184608183651 0.28387603431625097 -0.009034509463141476 0.1086806860579087 -0.2777569158923243 0.9305575660742184 -0.23856614885057498 -0.09109263302978171 -0.05931608770502121 0.23125089951879654 0.9710843595648623 0.23178169117723346 0.0 0.0 0.0 1.0" />
			<scale value="1" />
		</transform>
	</shape>
	<shape type="ply" name="temp27">
		<string name="filename" value="meshes/Cube_023.ply" />
		<boolean name="face_normals" value="true" />
		<ref id="mat-Material" name="bsdf" />
		<transform name="to_world">
			<matrix value="0.9121863846943498 0.40752300160818317 0.04291159145591629 0.0009905691649089166 -0.3226515751905494 0.7788485325067842 -0.5378577666031078 -0.19797010040702318 -0.25261104521592054 0.4767810472171757 0.8419427724728039 0.012610726086578317 0.0 0.0 0.0 1.0" />
			<scale value="1" />
		</transform>
	</shape>
	<shape type="ply" name="temp28">
		<string name="filename" value="meshes/Cube_024.ply" />
		<boolean name="face_normals" value="true" />
		<ref id="mat-Material" name="bsdf" />
		<transform name="to_world">
			<matrix value="0.8987029876229329 0.4381984176812544 -0.0177613740431308 -0.05942566735883892 -0.3035026248743411 0.5921989558281517 -0.7464494603330999 -0.4163066713766504 -0.3165746054710147 0.6762266307623956 0.6652053495317718 -0.24437110233712767 0.0 0.0 0.0 1.0" />
			<scale value="1" />
		</transform>
	</shape>
	<shape type="ply" name="temp29">
		<string name="filename" value="meshes/Cube_025.ply" />
		<boolean name="face_normals" value="true" />
		<ref id="mat-Material" name="bsdf" />
		<transform name="to_world">
			<matrix value="0.8879397617489942 0.44351668568258096 -0.12188715810734332 -0.21389439186881365 -0.3085014547175933 0.3777102892435282 -0.873018829833658 -0.752474816660321 -0.3411603965767596 0.8127901665126622 0.47220936494285615 -0.6805593317273678 0.0 0.0 0.0 1.0" />
			<scale value="1" />
		</transform>
	</shape>
	<shape type="ply" name="temp30">
		<string name="filename" value="meshes/Cube_026.ply" />
		<boolean name="face_normals" value="true" />
		<ref id="mat-Material" name="bsdf" />
		<transform name="to_world">
			<matrix value="0.8802592783678795 0.4385037847579278 -0.18126907414823218 -0.24161617706143368 -0.3626678332774849 0.3754317168763284 -0.8529498118529565 -1.1199118367882421 -0.3059675334691424 0.8165569862105072 0.48950830244040355 -0.7447052074439453 0.0 0.0 0.0 1.0" />
			<scale value="1" />
		</transform>
	</shape>
	<shape type="ply" name="temp31">
		<string name="filename" value="meshes/Cube_027.ply" />
		<boolean name="face_normals" value="true" />
		<ref id="mat-Material" name="bsdf" />
		<transform name="to_world">
			<matrix value="0.8289740562065292 0.42818033344249234 -0.3598111863215988 -0.5157879472766494 -0.5148596609736767 0.3329498167588956 -0.7899771689389773 -1.5799212499038142 -0.21845368218188135 0.8401226057156207 0.4964595071346475 -0.8336882377445243 0.0 0.0 0.0 1.0" />
			<scale value="1" />
		</transform>
	</shape>
	<shape type="ply" name="temp32">
		<string name="filename" value="meshes/Cube_028.ply" />
		<boolean name="face_normals" value="true" />
		<ref id="mat-Material" name="bsdf" />
		<transform name="to_world">
			<matrix value="-0.13695027011118263 0.9736141153011015 0.1825379970034528 -1.4596874291828623 -0.8028884255540958 -0.0011705237337382647 -0.596128506392839 -2.1196208149964484 -0.5801854343852333 -0.22819743733613115 0.7818636084045159 -1.2523622475155687 0.0 0.0 0.0 1.0" />
			<scale value="1" />
		</transform>
	</shape>
	<shape type="ply" name="temp33">
		<string name="filename" value="meshes/Cube_029.ply" />
		<boolean name="face_normals" value="true" />
		<ref id="mat-Material" name="bsdf" />
		<transform name="to_world">
			<matrix value="0.010884855689532593 0.9904188993853028 0.13766519896685783 -1.6678355186788731 -0.9855033535628613 -0.012684902476518649 0.16918168446802304 -1.5966998457374115 0.16930705444952104 -0.13751100802422914 0.9759231355854874 0.15674450868779655 0.0 0.0 0.0 1.0" />
			<scale value="1" />
		</transform>
	</shape>
	<shape type="ply" name="temp34">
		<string name="filename" value="meshes/Cube_030.ply" />
		<boolean name="face_normals" value="true" />
		<ref id="mat-Material" name="bsdf" />
		<transform name="to_world">
			<matrix value="0.05587367435615301 0.9787715547280315 -0.197190918868641 -2.993462685263621 -0.9760382065902813 0.09514396034849196 0.1956954995363283 -1.9454183431121082 0.21030266007863077 0.1815316478641252 0.9606348242673967 0.2562304799055386 0.0 0.0 0.0 1.0" />
			<scale value="1" />
		</transform>
	</shape>
	<shape type="ply" name="temp35">
		<string name="filename" value="meshes/Cube_031.ply" />
		<boolean name="face_normals" value="true" />
		<ref id="mat-Material" name="bsdf" />
		<transform name="to_world">
			<matrix value="0.09365580016559491 0.9879909808248667 0.1228916255062997 -2.0556576835788416 -0.8037491999496479 0.0021859005512876936 0.5949642593899771 -1.2813915744109747 0.5875507732785842 -0.15449586273499602 0.794301785115699 0.5747275320895535 0.0 0.0 0.0 1.0" />
			<scale value="1" />
		</transform>
	</shape>
	<shape type="ply" name="temp36">
		<string name="filename" value="meshes/Cube_032.ply" />
		<boolean name="face_normals" value="true" />
		<ref id="mat-Material" name="bsdf" />
		<transform name="to_world">
			<matrix value="0.8340097193928661 0.48729138985822545 0.25879520647004567 -0.3151188705439547 -0.26689400507422517 -0.05421909253415043 0.962199677462211 0.39029052540430464 0.48290330072851123 -0.8715545562061061 0.08483585417433966 -0.42424668321928705 0.0 0.0 0.0 1.0" />
			<scale value="1" />
		</transform>
	</shape>
	<shape type="ply" name="temp37">
		<string name="filename" value="meshes/Cube_033.ply" />
		<boolean name="face_normals" value="true" />
		<ref id="mat-Material" name="bsdf" />
		<transform name="to_world">
			<matrix value="0.9812721731406475 0.14321077628732873 0.12882571565140388 -0.11992810344862104 -0.1468736425738484 0.12353858700980137 0.9814103439977571 0.3084902155315429 0.12463361683039996 -0.981951637697816 0.14225885666925597 -0.42291262398329 0.0 0.0 0.0 1.0" />
			<scale value="1" />
		</transform>
	</shape>
	<shape type="ply" name="temp38">
		<string name="filename" value="meshes/Cube_034.ply" />
		<boolean name="face_normals" value="true" />
		<ref id="mat-Material" name="bsdf" />
		<transform name="to_world">
			<matrix value="0.9999246489972998 0.004414450287115971 0.01146569360044745 -0.03836161696741325 -0.012079395135339266 0.1827432768140035 0.9830866232865475 0.36972771868629406 0.002244506911903154 -0.9831507875091517 0.18278283164728304 -0.3310935898866981 0.0 0.0 0.0 1.0" />
			<scale value="1" />
		</transform>
	</shape>
	<shape type="ply" name="temp39">
		<string name="filename" value="meshes/Cube_035.ply" />
		<boolean name="face_normals" value="true" />
		<ref id="mat-Material" name="bsdf" />
		<transform name="to_world">
			<matrix value="0.999125485127485 -0.041756715885554095 0.0022796523664827353 0.008242376937863671 0.006828569376997909 0.21668443107652324 0.9762179205626587 0.09214137511427078 -0.04125763039712638 -0.9753482832488221 0.21678007338656644 -0.1299891101338565 0.0 0.0 0.0 1.0" />
			<scale value="1" />
		</transform>
	</shape>
	<shape type="ply" name="temp40">
		<string name="filename" value="meshes/Cube_036.ply" />
		<boolean name="face_normals" value="true" />
		<ref id="mat-Material" name="bsdf" />
		<transform name="to_world">
			<matrix value="0.9998426493767143 -0.017625305836390825 0.002165924936917906 0.0041915972014989755 0.001707591125956736 0.21683106567686575 0.976207755563446 -0.25044604252910196 -0.017675603295586914 -0.9760499600561509 0.21682697422014363 0.24340071438847455 0.0 0.0 0.0 1.0" />
			<scale value="1" />
		</transform>
	</shape>
	<shape type="ply" name="temp41">
		<string name="filename" value="meshes/Cube_037.ply" />
		<boolean name="face_normals" value="true" />
		<ref id="mat-Material" name="bsdf" />
		<transform name="to_world">
			<matrix value="0.9991223824391385 -0.041832640486584916 0.002194557139351738 -0.0029486052378713268 0.006932735489613086 0.2167914347038002 0.9761933354482835 -0.5682670551790205 -0.04131250808915176 -0.9753211673198825 0.2168912028314487 0.5029606115028481 0.0 0.0 0.0 1.0" />
			<scale value="1" />
		</transform>
	</shape>
	<shape type="ply" name="temp42">
		<string name="filename" value="meshes/Cube_038.ply" />
		<boolean name="face_normals" value="true" />
		<ref id="mat-Material" name="bsdf" />
		<transform name="to_world">
			<matrix value="0.9993905433605128 -0.034827553121147714 0.0023844251409270763 0.002385847786158024 0.005223313777531926 0.21672051612041976 0.9762198117253029 -0.9032012616278264 -0.034516113590306846 -0.975612142095811 0.21677038117801464 0.8377426561653405 0.0 0.0 0.0 1.0" />
			<scale value="1" />
		</transform>
	</shape>
	<shape type="ply" name="temp43">
		<string name="filename" value="meshes/Cube_039.ply" />
		<boolean name="face_normals" value="true" />
		<ref id="mat-Material" name="bsdf" />
		<transform name="to_world">
			<matrix value="0.999962401040982 -0.0012117175350815077 -0.008591958678545142 0.018446039995685393 0.008269416698304251 0.4329956470606637 0.901358063282102 -1.3193021970574552 0.0026281116166995385 -0.9013952939829323 0.4329893644882293 1.4566621940961753 0.0 0.0 0.0 1.0" />
			<scale value="1" />
		</transform>
	</shape>
	<shape type="ply" name="temp47">
		<string name="filename" value="meshes/Plane_001.ply" />
		<boolean name="face_normals" value="true" />
		<ref id="mat-Material.002" name="bsdf" />
		<transform name="to_world">
			<scale value="1" />
		</transform>
	</shape>
	<shape type="ply" name="temp49">
		<string name="filename" value="meshes/Plane_002.ply" />
		<boolean name="face_normals" value="true" />
		<ref id="mat-Material.003" name="bsdf" />
		<transform name="to_world">
			<scale value="1" />
		</transform>
	</shape>
	<shape type="ply" name="temp51">
		<string name="filename" value="meshes/Plane_003.ply" />
		<boolean name="face_normals" value="true" />
		<ref id="mat-Material.004" name="bsdf" />
		<transform name="to_world">
			<scale value="1" />
		</transform>
	</shape>
	<shape type="ply" name="temp53">
		<string name="filename" value="meshes/Plane_004.ply" />
		<boolean name="face_normals" value="true" />
		<ref id="mat-Material.005" name="bsdf" />
		<transform name="to_world">
			<scale value="1" />
		</transform>
	</shape>
	<emitter type="point">
		<transform name="to_world">
			<rotate x="1" angle="-142.5518126578256" />
			<rotate y="1" angle="3.976628485794621e-06" />
			<rotate z="1" angle="-179.999991348578" />
			<translate value="-0.000000 3.030926 4.073377" />
		</transform>
		<rgb name="intensity" value="100" />
	</emitter>
</scene>