<scene version="2.1.0">
	<default name="spp" value="1024" />
	<default name="resx" value="1280" />
	<default name="resy" value="720" />
	<integrator type="path" name="temp0">
		<integer name="max_depth" value="12" />
	</integrator>
	<sensor type="perspective" name="temp44">
		<string name="fov_axis" value="x" />
		<float name="fov" value="83.974423" />
		<float name="principal_point_offset_x" value="0.000000" />
		<float name="principal_point_offset_y" value="-0.000000" />
		<float name="near_clip" value="0.100000" />
		<float name="far_clip" value="1000.000000" />
		<transform name="to_world">
			<rotate x="1" angle="-142.5518126578256" />
			<rotate y="1" angle="3.976628485794621e-06" />
			<rotate z="1" angle="-179.999991348578" />
			<translate value="-0.000000 3.030926 4.073377" />
		</transform>
		<sampler type="independent" name="sampler">
			<integer name="sample_count" value="$spp" />
		</sampler>
		<film type="hdrfilm" name="film">
			<integer name="width" value="$resx" />
			<integer name="height" value="$resy" />
		</film>
		<float name="shutter_open" value="0.0" />
		<float name="shutter_close" value="0.0015" />
	</sensor>
	<bsdf type="twosided" id="mat-Material" name="mat-Material">
		<bsdf type="diffuse" name="bsdf">
			<texture type="bitmap" name="reflectance">
				<string name="filename" value="textures/siggraph_2023_logo.jpg" />
			</texture>
		</bsdf>
	</bsdf>
	<bsdf type="twosided" id="mat-Material.001" name="mat-Material.001">
		<bsdf type="principled" name="bsdf">
			<rgb value="0.433648 0.266232 0.084399" name="base_color" />
			<float name="spec_tint" value="0.000000" />
			<float name="spec_trans" value="0.000000" />
			<float name="metallic" value="0.000000" />
			<float name="anisotropic" value="0.000000" />
			<float name="roughness" value="0.500000" />
			<float name="sheen" value="0.000000" />
			<float name="sheen_tint" value="0.500000" />
			<float name="clearcoat" value="0.000000" />
			<float name="clearcoat_gloss" value="0.173205" />
			<float name="specular" value="0.500000" />
		</bsdf>
	</bsdf>
	<bsdf type="twosided" id="mat-Material.002" name="mat-Material.002">
		<bsdf type="principled" name="bsdf">
			<rgb value="0.433648 0.266232 0.084399" name="base_color" />
			<float name="spec_tint" value="0.000000" />
			<float name="spec_trans" value="0.000000" />
			<float name="metallic" value="0.000000" />
			<float name="anisotropic" value="0.000000" />
			<float name="roughness" value="0.500000" />
			<float name="sheen" value="0.000000" />
			<float name="sheen_tint" value="0.500000" />
			<float name="clearcoat" value="0.000000" />
			<float name="clearcoat_gloss" value="0.173205" />
			<float name="specular" value="0.500000" />
		</bsdf>
	</bsdf>
	<bsdf type="twosided" id="mat-Material.003" name="mat-Material.003">
		<bsdf type="principled" name="bsdf">
			<rgb value="0.433648 0.266232 0.084399" name="base_color" />
			<float name="spec_tint" value="0.000000" />
			<float name="spec_trans" value="0.000000" />
			<float name="metallic" value="0.000000" />
			<float name="anisotropic" value="0.000000" />
			<float name="roughness" value="0.500000" />
			<float name="sheen" value="0.000000" />
			<float name="sheen_tint" value="0.500000" />
			<float name="clearcoat" value="0.000000" />
			<float name="clearcoat_gloss" value="0.173205" />
			<float name="specular" value="0.500000" />
		</bsdf>
	</bsdf>
	<bsdf type="twosided" id="mat-Material.004" name="mat-Material.004">
		<bsdf type="principled" name="bsdf">
			<rgb value="0.433648 0.266232 0.084399" name="base_color" />
			<float name="spec_tint" value="0.000000" />
			<float name="spec_trans" value="0.000000" />
			<float name="metallic" value="0.000000" />
			<float name="anisotropic" value="0.000000" />
			<float name="roughness" value="0.500000" />
			<float name="sheen" value="0.000000" />
			<float name="sheen_tint" value="0.500000" />
			<float name="clearcoat" value="0.000000" />
			<float name="clearcoat_gloss" value="0.173205" />
			<float name="specular" value="0.500000" />
		</bsdf>
	</bsdf>
	<bsdf type="twosided" id="mat-Material.005" name="mat-Material.005">
		<bsdf type="principled" name="bsdf">
			<rgb value="0.433648 0.266232 0.084399" name="base_color" />
			<float name="spec_tint" value="0.000000" />
			<float name="spec_trans" value="0.000000" />
			<float name="metallic" value="0.000000" />
			<float name="anisotropic" value="0.000000" />
			<float name="roughness" value="0.500000" />
			<float name="sheen" value="0.000000" />
			<float name="sheen_tint" value="0.500000" />
			<float name="clearcoat" value="0.000000" />
			<float name="clearcoat_gloss" value="0.173205" />
			<float name="specular" value="0.500000" />
		</bsdf>
	</bsdf>
	<emitter type="point" name="temp45">
		<point name="position" x="-6.815235034541981e-16" y="3.0693089962005615" z="4.109199523925781" />
		<rgb value="7.957747 7.957747 7.957747" name="intensity" />
	</emitter>
	<shape type="ply" name="temp2">
		<string name="filename" value="meshes/Cube.ply" />
		<boolean name="face_normals" value="true" />
		<ref id="mat-Material" name="bsdf" />
		<transform name="to_world">
			<matrix value="0.9999991135176153 0.0001822812005264662 0.0012904844733182953 -0.002162514622162881 -0.0001807856716079195 0.9999989570796561 -0.0011629208250575269 -0.01584024586532931 -0.0012907006224879307 0.0011626851444340384 0.9999982270350211 0.002949315606779357 0.0 0.0 0.0 1.0" />
		</transform>
	</shape>
	<shape type="ply" name="temp4">
		<string name="filename" value="meshes/Plane.ply" />
		<boolean name="face_normals" value="true" />
		<ref id="mat-Material.001" name="bsdf" />
	</shape>
	<shape type="ply" name="temp5">
		<string name="filename" value="meshes/Cube_001.ply" />
		<boolean name="face_normals" value="true" />
		<ref id="mat-Material" name="bsdf" />
		<transform name="to_world">
			<matrix value="0.9999991135176153 0.00012983742957680379 -0.0015529376611329673 0.002075192163090156 -0.00013329016164119803 0.999996454070831 -0.0022134841314906473 -0.015179157038367752 0.001552532059635443 0.0022136829063269803 0.9999953902910547 -0.003479552093032301 0.0 0.0 0.0 1.0" />
		</transform>
	</shape>
	<shape type="ply" name="temp6">
		<string name="filename" value="meshes/Cube_002.ply" />
		<boolean name="face_normals" value="true" />
		<ref id="mat-Material" name="bsdf" />
		<transform name="to_world">
			<matrix value="1.0 8.239070716256832e-06 0.00033655366812270426 -0.0008905649098935875 -8.414335661236075e-06 0.9999966626548997 0.0005049912510088172 -0.01795223148168687 -0.00033644045409173673 -0.0005049914167655704 0.9999968086630379 0.0011342062910202344 0.0 0.0 0.0 1.0" />
		</transform>
	</shape>
	<shape type="ply" name="temp7">
		<string name="filename" value="meshes/Cube_003.ply" />
		<boolean name="face_normals" value="true" />
		<ref id="mat-Material" name="bsdf" />
		<transform name="to_world">
			<matrix value="0.9999993351382115 0.00023575130938649166 0.001248271359145497 -0.0012916226013328647 -0.0002379761961750058 0.9999950982743842 0.0017697180891125294 -0.017648670419797896 -0.0012470192029814175 -0.0017700110340972376 0.9999946811050632 0.0038507771093316268 0.0 0.0 0.0 1.0" />
		</transform>
	</shape>
	<shape type="ply" name="temp8">
		<string name="filename" value="meshes/Cube_004.ply" />
		<boolean name="face_normals" value="true" />
		<ref id="mat-Material" name="bsdf" />
		<transform name="to_world">
			<matrix value="0.9999995567588077 -0.0003597042695073036 0.0009295348070848626 -0.0005350638253907025 0.00036131426332427347 0.9999984356194844 -0.0017327068541880507 -0.018728588568636267 -0.0009289094316406838 0.0017330415937491528 0.9999981088373558 0.0028494356270964104 0.0 0.0 0.0 1.0" />
		</transform>
	</shape>
	<shape type="ply" name="temp9">
		<string name="filename" value="meshes/Cube_005.ply" />
		<boolean name="face_normals" value="true" />
		<ref id="mat-Material" name="bsdf" />
		<transform name="to_world">
			<matrix value="0.9999997783794039 0.00023797111319231662 0.0007892649098080896 -0.0006481165819935963 -0.00023982592367032075 0.9999945768142121 0.0023526945048959838 -0.016234646807233966 -0.0007881737044503189 -0.002352878355856937 0.9999944447097325 0.0020329815600545476 0.0 0.0 0.0 1.0" />
		</transform>
	</shape>
	<shape type="ply" name="temp10">
		<string name="filename" value="meshes/Cube_006.ply" />
		<boolean name="face_normals" value="true" />
		<ref id="mat-Material" name="bsdf" />
		<transform name="to_world">
			<matrix value="0.9999995567588077 -1.9625675030192553e-05 -0.0012098783935140685 -0.0011341947443930245 2.0634207227668178e-05 0.9999990613716906 0.0008207976829475282 -0.017256538943760752 0.0012095830518751762 -0.0008208252420096658 0.9999983452326863 -0.002750313700133289 0.0 0.0 0.0 1.0" />
		</transform>
	</shape>
	<shape type="ply" name="temp11">
		<string name="filename" value="meshes/Cube_007.ply" />
		<boolean name="face_normals" value="true" />
		<ref id="mat-Material" name="bsdf" />
		<transform name="to_world">
			<matrix value="0.9999997783794039 -0.00015634627458423986 -6.052110513871441e-05 0.0005215749994811336 0.00015635554680892936 0.9999971841150717 0.00018876167142845642 -0.017880307858948785 5.87977171305629e-05 -0.00018876962515357006 0.9999976360466948 -0.00011236827432725693 0.0 0.0 0.0 1.0" />
		</transform>
	</shape>
	<shape type="ply" name="temp12">
		<string name="filename" value="meshes/Cube_008.ply" />
		<boolean name="face_normals" value="true" />
		<ref id="mat-Material" name="bsdf" />
		<transform name="to_world">
			<matrix value="0.9999984486558269 -0.001685477125628099 0.0001072965309930826 0.00024249042379076435 0.0016852694995097752 0.9999962454867624 0.0019077599603990543 -0.019102349610875174 -0.00011091401652757758 -0.0019075774420501312 0.9999979906396905 0.00012813894506613632 0.0 0.0 0.0 1.0" />
		</transform>
	</shape>
	<shape type="ply" name="temp13">
		<string name="filename" value="meshes/Cube_009.ply" />
		<boolean name="face_normals" value="true" />
		<ref id="mat-Material" name="bsdf" />
		<transform name="to_world">
			<matrix value="0.9999993351382115 -0.0003456394457504125 0.0008610085286707349 0.001646006196559302 0.0003454001315539859 0.9999993742477937 0.0002749696113802603 -0.018087729170033207 -0.000861472500429944 -0.0002746656918837853 0.9999996454070041 0.0015022964023136964 0.0 0.0 0.0 1.0" />
		</transform>
	</shape>
	<shape type="ply" name="temp14">
		<string name="filename" value="meshes/Cube_010.ply" />
		<boolean name="face_normals" value="true" />
		<ref id="mat-Material" name="bsdf" />
		<transform name="to_world">
			<matrix value="0.9999855946612485 -8.967310704742993e-05 0.005387378664186721 0.011246079578573043 8.839980178253879e-05 1.0 0.00023650241761504533 -0.017572122235025717 -0.005387390585911668 -0.0002360285176138817 0.9999855798848376 0.008876435027918461 0.0 0.0 0.0 1.0" />
		</transform>
	</shape>
	<shape type="ply" name="temp15">
		<string name="filename" value="meshes/Cube_011.ply" />
		<boolean name="face_normals" value="true" />
		<ref id="mat-Material" name="bsdf" />
		<transform name="to_world">
			<matrix value="0.9999980054146345 0.0012309480354509483 -0.0009003636232974216 -0.0019089612237815912 -0.0012304574958291003 0.9999981227433812 0.0005484493411898533 -0.015187696970955178 0.0009015282069829991 -0.0005473521295390501 0.9999994090116737 -0.0013723970080745662 0.0 0.0 0.0 1.0" />
		</transform>
	</shape>
	<shape type="ply" name="temp16">
		<string name="filename" value="meshes/Cube_012.ply" />
		<boolean name="face_normals" value="true" />
		<ref id="mat-Material" name="bsdf" />
		<transform name="to_world">
			<matrix value="0.9999991135176153 -0.001059422785306504 -0.0001961801114934937 -0.0003798708489182179 0.0010591824504855266 0.9999978098672779 -0.001224446137560334 -0.020660463841990162 0.0001983402390311102 0.001224238303126884 0.9999988180233473 -0.00034203394008480714 0.0 0.0 0.0 1.0" />
		</transform>
	</shape>
	<shape type="ply" name="temp17">
		<string name="filename" value="meshes/Cube_013.ply" />
		<boolean name="face_normals" value="true" />
		<ref id="mat-Material" name="bsdf" />
		<transform name="to_world">
			<matrix value="0.9999995567588076 0.0004979767345329698 0.00029523531027596315 -0.00020953553360897326 -0.0004982837701032044 0.9999968712389686 0.0010345829820892713 -0.016039384934949608 -0.0002929112879347975 -0.0010347282045291945 0.9999975178490295 0.00014836264152229273 0.0 0.0 0.0 1.0" />
		</transform>
	</shape>
	<shape type="ply" name="temp18">
		<string name="filename" value="meshes/Cube_014.ply" />
		<boolean name="face_normals" value="true" />
		<ref id="mat-Material" name="bsdf" />
		<transform name="to_world">
			<matrix value="0.9999707460813047 0.0052896325374460545 0.004009105238946036 0.006134691899606137 -0.005412384956748524 0.9996150581010923 0.023464056799178856 0.006966210937329159 -0.003841620170665589 -0.02349216245361612 0.9996240132267915 -0.02066575381984237 0.0 0.0 0.0 1.0" />
		</transform>
	</shape>
	<shape type="ply" name="temp19">
		<string name="filename" value="meshes/Cube_015.ply" />
		<boolean name="face_normals" value="true" />
		<ref id="mat-Material" name="bsdf" />
		<transform name="to_world">
			<matrix value="0.9977201889271259 0.059234402604797856 -0.031034865474509257 -0.01381162566166444 -0.04671974701565705 0.9505349138443504 0.3054897851213725 0.18170801105373818 0.04777841973877137 -0.3033041802333222 0.9511762086065866 -0.06840827179592163 0.0 0.0 0.0 1.0" />
		</transform>
	</shape>
	<shape type="ply" name="temp20">
		<string name="filename" value="meshes/Cube_016.ply" />
		<boolean name="face_normals" value="true" />
		<ref id="mat-Material" name="bsdf" />
		<transform name="to_world">
			<matrix value="0.9949820664613573 0.09938128750602288 -0.008724039655789488 0.06849421584346305 -0.0856830657043014 0.8951414512862337 0.4363953541698481 0.13295238824793418 0.05138750006648618 -0.43347868166525183 0.8991955939692714 -0.1489565682976025 0.0 0.0 0.0 1.0" />
		</transform>
	</shape>
	<shape type="ply" name="temp21">
		<string name="filename" value="meshes/Cube_017.ply" />
		<boolean name="face_normals" value="true" />
		<ref id="mat-Material" name="bsdf" />
		<transform name="to_world">
			<matrix value="0.9749473429463483 0.2076449711423941 0.07919816831442092 0.21821600129486657 -0.21983207364186466 0.8488794863825891 0.4798881944644724 0.07348329408566528 0.032661865034829894 -0.485282203815837 0.8733449371921246 -0.19984054207308655 0.0 0.0 0.0 1.0" />
		</transform>
	</shape>
	<shape type="ply" name="temp22">
		<string name="filename" value="meshes/Cube_018.ply" />
		<boolean name="face_normals" value="true" />
		<ref id="mat-Material" name="bsdf" />
		<transform name="to_world">
			<matrix value="0.07709861407343975 0.9931824297123835 0.0839734958283316 0.8832711652978176 -0.9013247592757085 0.033314157852251565 0.4305022549750579 0.346605916277163 0.42474054876805545 -0.10950096261547736 0.8982405568339291 -0.35333641267246274 0.0 0.0 0.0 1.0" />
		</transform>
	</shape>
	<shape type="ply" name="temp23">
		<string name="filename" value="meshes/Cube_019.ply" />
		<boolean name="face_normals" value="true" />
		<ref id="mat-Material" name="bsdf" />
		<transform name="to_world">
			<matrix value="-0.053324973804445536 0.9928961480780021 -0.10630354058742349 0.4297766769001291 -0.9245490464108987 -0.00890716861727535 0.3801280648063615 -0.020923033822201925 0.3764747520952011 0.11862975910625899 0.9184588584658606 -0.04288078442135218 0.0 0.0 0.0 1.0" />
		</transform>
	</shape>
	<shape type="ply" name="temp24">
		<string name="filename" value="meshes/Cube_020.ply" />
		<boolean name="face_normals" value="true" />
		<ref id="mat-Material" name="bsdf" />
		<transform name="to_world">
			<matrix value="0.08933302692060932 0.9956321884410393 0.026440616846429784 -0.19559785345422956 -0.9582131712010344 0.09317189933876391 -0.2700983317762303 0.1343883581597224 -0.27138742446257186 -0.0012811096678390847 0.9623848929845771 0.10197941068563365 0.0 0.0 0.0 1.0" />
		</transform>
	</shape>
	<shape type="ply" name="temp25">
		<string name="filename" value="meshes/Cube_021.ply" />
		<boolean name="face_normals" value="true" />
		<ref id="mat-Material" name="bsdf" />
		<transform name="to_world">
			<matrix value="0.2735305889611668 0.9592174342908037 -0.07094245144794503 -0.29255175177844145 -0.7490308531329174 0.1661246435819725 -0.6412914796976599 0.14472839007723648 -0.6034012999377689 0.22851761388168695 0.7639336135721178 0.1017699334390908 0.0 0.0 0.0 1.0" />
		</transform>
	</shape>
	<shape type="ply" name="temp26">
		<string name="filename" value="meshes/Cube_022.ply" />
		<boolean name="face_normals" value="true" />
		<ref id="mat-Material" name="bsdf" />
		<transform name="to_world">
			<matrix value="0.612749921546309 0.7295719020572646 -0.30244182192717983 -0.1676372385539844 -0.4834764115902253 0.043939829753683074 -0.8741671201517089 0.10723076909326085 -0.6246223585041142 0.6820007592460103 0.37944216375482775 0.27531622121043386 0.0 0.0 0.0 1.0" />
		</transform>
	</shape>
	<shape type="ply" name="temp27">
		<string name="filename" value="meshes/Cube_023.ply" />
		<boolean name="face_normals" value="true" />
		<ref id="mat-Material" name="bsdf" />
		<transform name="to_world">
			<matrix value="0.862226896939331 0.4436769825394276 -0.2441183659787405 -0.11589958403978418 -0.39014918612052263 0.2745189529914085 -0.878835100546026 -0.18338589580766168 -0.32296627643712095 0.8530242604130382 0.40977251204552406 -0.007477783641421987 0.0 0.0 0.0 1.0" />
		</transform>
	</shape>
	<shape type="ply" name="temp28">
		<string name="filename" value="meshes/Cube_024.ply" />
		<boolean name="face_normals" value="true" />
		<ref id="mat-Material" name="bsdf" />
		<transform name="to_world">
			<matrix value="0.8936292056940537 0.3980818609036279 -0.20722687710894183 -0.12030750477041607 -0.3322796160467496 0.2764403251408464 -0.9016899192993622 -0.46468987432066367 -0.3016375767472125 0.8746458763972526 0.3793128555090277 -0.2773408415097355 0.0 0.0 0.0 1.0" />
		</transform>
	</shape>
	<shape type="ply" name="temp29">
		<string name="filename" value="meshes/Cube_025.ply" />
		<boolean name="face_normals" value="true" />
		<ref id="mat-Material" name="bsdf" />
		<transform name="to_world">
			<matrix value="0.8814059433325001 0.4248490372802306 -0.20643087493221365 -0.2816093917506539 -0.3199129651594693 0.2153733759122946 -0.9226352547703396 -0.7885990868891566 -0.3475280881943595 0.8792567315293593 0.325743309657553 -0.7580036211768835 0.0 0.0 0.0 1.0" />
		</transform>
	</shape>
	<shape type="ply" name="temp30">
		<string name="filename" value="meshes/Cube_026.ply" />
		<boolean name="face_normals" value="true" />
		<ref id="mat-Material" name="bsdf" />
		<transform name="to_world">
			<matrix value="0.899643767053705 0.3312391145189113 -0.28439729355713983 -0.3299391654792529 -0.36723015919450663 0.22178212142512982 -0.9032975257446334 -1.1478762288057884 -0.2361365236061394 0.917085746824829 0.3211629137331976 -0.8677659778644182 0.0 0.0 0.0 1.0" />
		</transform>
	</shape>
	<shape type="ply" name="temp31">
		<string name="filename" value="meshes/Cube_027.ply" />
		<boolean name="face_normals" value="true" />
		<ref id="mat-Material" name="bsdf" />
		<transform name="to_world">
			<matrix value="0.8443500931692987 0.3114835959059119 -0.4359056612426546 -0.5906634992046138 -0.5105325188333183 0.2209398589554527 -0.8309781660544816 -1.5922550663972372 -0.16251522533495738 0.9241840712690046 0.3455813694003265 -0.9878507117329455 0.0 0.0 0.0 1.0" />
		</transform>
	</shape>
	<shape type="ply" name="temp32">
		<string name="filename" value="meshes/Cube_028.ply" />
		<boolean name="face_normals" value="true" />
		<ref id="mat-Material" name="bsdf" />
		<transform name="to_world">
			<matrix value="-0.11893109727016615 0.9808207991690011 0.1544053451820977 -1.482087517854807 -0.7885413730193768 0.0011836144698940186 -0.6149006595902513 -2.1204272368184163 -0.6032904896396803 -0.1949076076867401 0.7732773754066591 -1.3420733735993229 0.0 0.0 0.0 1.0" />
		</transform>
	</shape>
	<shape type="ply" name="temp33">
		<string name="filename" value="meshes/Cube_029.ply" />
		<boolean name="face_normals" value="true" />
		<ref id="mat-Material" name="bsdf" />
		<transform name="to_world">
			<matrix value="0.012092543885310454 0.9890459990446849 0.14698794525651493 -1.6488444028408646 -0.9952495625209432 -0.0021477911990038035 0.09641955632378785 -1.7374157773498986 0.09567678054419382 -0.14739092617584054 0.9843671767920302 0.03189324803970117 0.0 0.0 0.0 1.0" />
		</transform>
	</shape>
	<shape type="ply" name="temp34">
		<string name="filename" value="meshes/Cube_030.ply" />
		<boolean name="face_normals" value="true" />
		<ref id="mat-Material" name="bsdf" />
		<transform name="to_world">
			<matrix value="-0.032224780615134244 0.9821502865089197 -0.18531668981302124 -3.183918923523161 -0.9817374502510852 0.003677490270552246 0.19020456779601758 -1.9716601854581275 0.1874909106480998 0.1880616446267507 0.9640954126144177 0.2081396671630018 0.0 0.0 0.0 1.0" />
		</transform>
	</shape>
	<shape type="ply" name="temp35">
		<string name="filename" value="meshes/Cube_031.ply" />
		<boolean name="face_normals" value="true" />
		<ref id="mat-Material" name="bsdf" />
		<transform name="to_world">
			<matrix value="0.10454796490238943 0.9890478763013039 0.10417981221700523 -2.04849649094115 -0.6896777547883346 -0.003367000540232738 0.7240822069489825 -0.8056409578017674 0.716502933370211 -0.14755623947954105 0.6817721706906668 0.7568906618316313 0.0 0.0 0.0 1.0" />
		</transform>
	</shape>
	<shape type="ply" name="temp36">
		<string name="filename" value="meshes/Cube_032.ply" />
		<boolean name="face_normals" value="true" />
		<ref id="mat-Material" name="bsdf" />
		<transform name="to_world">
			<matrix value="0.7915312564824024 0.566742626031709 0.2286194725452827 -0.5155609676278037 -0.2537414653908412 -0.03554087934871711 0.9666112871205678 0.3932329049893115 0.5559492276078982 -0.8231267586244299 0.11567749010567344 -0.23497934745415794 0.0 0.0 0.0 1.0" />
		</transform>
	</shape>
	<shape type="ply" name="temp37">
		<string name="filename" value="meshes/Cube_033.ply" />
		<boolean name="face_normals" value="true" />
		<ref id="mat-Material" name="bsdf" />
		<transform name="to_world">
			<matrix value="0.9787842603279631 0.15715646725334415 0.13146538865047108 -0.12910544972043825 -0.1496101472092648 0.1097896951126667 0.9826307348916198 0.3010366600544455 0.139993276031112 -0.981451974561087 0.13097263440374715 -0.3942172671995694 0.0 0.0 0.0 1.0" />
		</transform>
	</shape>
	<shape type="ply" name="temp38">
		<string name="filename" value="meshes/Cube_034.ply" />
		<boolean name="face_normals" value="true" />
		<ref id="mat-Material" name="bsdf" />
		<transform name="to_world">
			<matrix value="0.9999217679295495 0.004655889475473643 0.011625839617115212 -0.03550790394059722 -0.012277506218673928 0.18135339773018816 0.9833414574528592 0.3693702635738501 0.0024699415985404956 -0.9834069287455962 0.18139636121395622 -0.33928849951237466 0.0 0.0 0.0 1.0" />
		</transform>
	</shape>
	<shape type="ply" name="temp39">
		<string name="filename" value="meshes/Cube_035.ply" />
		<boolean name="face_normals" value="true" />
		<ref id="mat-Material" name="bsdf" />
		<transform name="to_world">
			<matrix value="0.9990833772142114 -0.04274610312813528 0.0023242743490736375 0.009494668256975647 0.006831824983555753 0.21280393306120066 0.9770711895082079 0.09206515893868174 -0.0422606032158035 -0.9761593624002186 0.21290090875092962 -0.13281733628330045 0.0 0.0 0.0 1.0" />
		</transform>
	</shape>
	<shape type="ply" name="temp40">
		<string name="filename" value="meshes/Cube_036.ply" />
		<boolean name="face_normals" value="true" />
		<ref id="mat-Material" name="bsdf" />
		<transform name="to_world">
			<matrix value="0.9997910117778049 -0.020296554399768053 0.002505743224555234 0.00540014573205827 0.0019054340483700247 0.21444507251425152 0.9767343261622021 -0.25170672879108424 -0.020361687029167044 -0.9765251145647997 0.21443894405042596 0.2479298557582185 0.0 0.0 0.0 1.0" />
		</transform>
	</shape>
	<shape type="ply" name="temp41">
		<string name="filename" value="meshes/Cube_037.ply" />
		<boolean name="face_normals" value="true" />
		<ref id="mat-Material" name="bsdf" />
		<transform name="to_world">
			<matrix value="0.9990230964120512 -0.04411283980952103 0.0026735248103991254 -0.0018907840274793308 0.006855259145395523 0.21444590685052659 0.976711986803467 -0.5688273281559271 -0.043658871827057924 -0.9757391697936895 0.21453882107757505 0.5060292504737935 0.0 0.0 0.0 1.0" />
		</transform>
	</shape>
	<shape type="ply" name="temp42">
		<string name="filename" value="meshes/Cube_038.ply" />
		<boolean name="face_normals" value="true" />
		<ref id="mat-Material" name="bsdf" />
		<transform name="to_world">
			<matrix value="0.9993267166288139 -0.03659378044023753 0.0026886659313195916 0.002782881141984994 0.005224594744577831 0.21443985791253237 0.9767233337793325 -0.903814717537673 -0.036318564980045286 -0.9760514201446322 0.21448662498859394 0.847824481231325 0.0 0.0 0.0 1.0" />
		</transform>
	</shape>
	<shape type="ply" name="temp43">
		<string name="filename" value="meshes/Cube_039.ply" />
		<boolean name="face_normals" value="true" />
		<ref id="mat-Material" name="bsdf" />
		<transform name="to_world">
			<matrix value="0.9999654369658304 -0.002909087668207611 -0.007781384245691849 0.018219938791409263 0.00827372312539492 0.43300083234866127 0.9013555326148553 -1.319289518487707 0.0007472376946110722 -0.9013888660732052 0.4330099301395429 1.464121910664019 0.0 0.0 0.0 1.0" />
		</transform>
	</shape>
	<shape type="ply" name="temp47">
		<string name="filename" value="meshes/Plane_001.ply" />
		<boolean name="face_normals" value="true" />
		<ref id="mat-Material.002" name="bsdf" />
	</shape>
	<shape type="ply" name="temp49">
		<string name="filename" value="meshes/Plane_002.ply" />
		<boolean name="face_normals" value="true" />
		<ref id="mat-Material.003" name="bsdf" />
	</shape>
	<shape type="ply" name="temp51">
		<string name="filename" value="meshes/Plane_003.ply" />
		<boolean name="face_normals" value="true" />
		<ref id="mat-Material.004" name="bsdf" />
	</shape>
	<shape type="ply" name="temp53">
		<string name="filename" value="meshes/Plane_004.ply" />
		<boolean name="face_normals" value="true" />
		<ref id="mat-Material.005" name="bsdf" />
	</shape>
	<emitter type="point">
		<transform name="to_world">
			<rotate x="1" angle="-142.5518126578256" />
			<rotate y="1" angle="3.976628485794621e-06" />
			<rotate z="1" angle="-179.999991348578" />
			<translate value="-0.000000 3.030926 4.073377" />
		</transform>
		<rgb name="intensity" value="100" />
	</emitter>
</scene>