<scene version="2.1.0">
	<default name="spp" value="1024" />
	<default name="resx" value="640" />
	<default name="resy" value="360" />
	<integrator type="path" name="temp0">
		<integer name="max_depth" value="12" />
	</integrator>
	<sensor type="perspective" name="temp44">
		<string name="fov_axis" value="x" />
		<float name="fov" value="83.974423" />
		<float name="principal_point_offset_x" value="0.000000" />
		<float name="principal_point_offset_y" value="-0.000000" />
		<float name="near_clip" value="0.100000" />
		<float name="far_clip" value="1000.000000" />
		<transform name="to_world">
			<rotate x="1" angle="-142.5518126578256" />
			<rotate y="1" angle="3.976628485794621e-06" />
			<rotate z="1" angle="-179.999991348578" />
			<translate value="-0.000000 3.030926 4.073377" />
		</transform>
		<sampler type="independent" name="sampler">
			<integer name="sample_count" value="$spp" />
		</sampler>
		<film type="hdrfilm" name="film">
			<integer name="width" value="$resx" />
			<integer name="height" value="$resy" />
		</film>
		<float name="shutter_open" value="0.0" />
		<float name="shutter_close" value="0.0015" />
	</sensor>
	<bsdf type="twosided" id="mat-Material" name="mat-Material">
		<bsdf type="diffuse" name="bsdf">
			<texture type="bitmap" name="reflectance">
				<string name="filename" value="textures/siggraph_2023_logo.jpg" />
			</texture>
		</bsdf>
	</bsdf>
	<bsdf type="twosided" id="mat-Material.001" name="mat-Material.001">
		<bsdf type="principled" name="bsdf">
			<rgb value="0.433648 0.266232 0.084399" name="base_color" />
			<float name="spec_tint" value="0.000000" />
			<float name="spec_trans" value="0.000000" />
			<float name="metallic" value="0.000000" />
			<float name="anisotropic" value="0.000000" />
			<float name="roughness" value="0.500000" />
			<float name="sheen" value="0.000000" />
			<float name="sheen_tint" value="0.500000" />
			<float name="clearcoat" value="0.000000" />
			<float name="clearcoat_gloss" value="0.173205" />
			<float name="specular" value="0.500000" />
		</bsdf>
	</bsdf>
	<bsdf type="twosided" id="mat-Material.002" name="mat-Material.002">
		<bsdf type="principled" name="bsdf">
			<rgb value="0.433648 0.266232 0.084399" name="base_color" />
			<float name="spec_tint" value="0.000000" />
			<float name="spec_trans" value="0.000000" />
			<float name="metallic" value="0.000000" />
			<float name="anisotropic" value="0.000000" />
			<float name="roughness" value="0.500000" />
			<float name="sheen" value="0.000000" />
			<float name="sheen_tint" value="0.500000" />
			<float name="clearcoat" value="0.000000" />
			<float name="clearcoat_gloss" value="0.173205" />
			<float name="specular" value="0.500000" />
		</bsdf>
	</bsdf>
	<bsdf type="twosided" id="mat-Material.003" name="mat-Material.003">
		<bsdf type="principled" name="bsdf">
			<rgb value="0.433648 0.266232 0.084399" name="base_color" />
			<float name="spec_tint" value="0.000000" />
			<float name="spec_trans" value="0.000000" />
			<float name="metallic" value="0.000000" />
			<float name="anisotropic" value="0.000000" />
			<float name="roughness" value="0.500000" />
			<float name="sheen" value="0.000000" />
			<float name="sheen_tint" value="0.500000" />
			<float name="clearcoat" value="0.000000" />
			<float name="clearcoat_gloss" value="0.173205" />
			<float name="specular" value="0.500000" />
		</bsdf>
	</bsdf>
	<bsdf type="twosided" id="mat-Material.004" name="mat-Material.004">
		<bsdf type="principled" name="bsdf">
			<rgb value="0.433648 0.266232 0.084399" name="base_color" />
			<float name="spec_tint" value="0.000000" />
			<float name="spec_trans" value="0.000000" />
			<float name="metallic" value="0.000000" />
			<float name="anisotropic" value="0.000000" />
			<float name="roughness" value="0.500000" />
			<float name="sheen" value="0.000000" />
			<float name="sheen_tint" value="0.500000" />
			<float name="clearcoat" value="0.000000" />
			<float name="clearcoat_gloss" value="0.173205" />
			<float name="specular" value="0.500000" />
		</bsdf>
	</bsdf>
	<bsdf type="twosided" id="mat-Material.005" name="mat-Material.005">
		<bsdf type="principled" name="bsdf">
			<rgb value="0.433648 0.266232 0.084399" name="base_color" />
			<float name="spec_tint" value="0.000000" />
			<float name="spec_trans" value="0.000000" />
			<float name="metallic" value="0.000000" />
			<float name="anisotropic" value="0.000000" />
			<float name="roughness" value="0.500000" />
			<float name="sheen" value="0.000000" />
			<float name="sheen_tint" value="0.500000" />
			<float name="clearcoat" value="0.000000" />
			<float name="clearcoat_gloss" value="0.173205" />
			<float name="specular" value="0.500000" />
		</bsdf>
	</bsdf>
	<emitter type="point" name="temp45">
		<point name="position" x="-6.815235034541981e-16" y="3.0693089962005615" z="4.109199523925781" />
		<rgb value="7.957747 7.957747 7.957747" name="intensity" />
	</emitter>
	<shape type="ply" name="temp2">
		<string name="filename" value="meshes/Cube.ply" />
		<boolean name="face_normals" value="true" />
		<ref id="mat-Material" name="bsdf" />
		<transform name="to_world">
			<matrix value="0.9999281949268386 0.004008262014963821 -0.011319554007113609 0.009010562785744636 -0.004417496857419947 0.999328776466711 -0.036362353381706125 0.042610128303266825 0.011166203036379463 0.0364097467163653 0.9992745027306025 0.023099024385102362 0.0 0.0 0.0 1.0" />
			<scale value="1" />
		</transform>
	</shape>
	<shape type="ply" name="temp4">
		<string name="filename" value="meshes/Plane.ply" />
		<boolean name="face_normals" value="true" />
		<ref id="mat-Material.001" name="bsdf" />
		<transform name="to_world">
			<scale value="1" />
		</transform>
	</shape>
	<shape type="ply" name="temp5">
		<string name="filename" value="meshes/Cube_001.ply" />
		<boolean name="face_normals" value="true" />
		<ref id="mat-Material" name="bsdf" />
		<transform name="to_world">
			<matrix value="0.997480173821466 -0.0034497281106663637 -0.07086524473299384 0.06955916418403962 -0.012895490818701942 0.9733652745070638 -0.22889696520402572 0.24987801294632836 0.06976740475190017 0.22923389157382937 0.9708678214420967 -0.04028703971280101 0.0 0.0 0.0 1.0" />
			<scale value="1" />
		</transform>
	</shape>
	<shape type="ply" name="temp6">
		<string name="filename" value="meshes/Cube_002.ply" />
		<boolean name="face_normals" value="true" />
		<ref id="mat-Material" name="bsdf" />
		<transform name="to_world">
			<matrix value="0.9998368872412137 -0.013955419326982644 -0.011477016936779851 -0.004446900368169082 0.005796384747538682 0.8493484876612094 -0.5278008000563567 0.33788654866952417 0.017113670976744023 0.5276480268990015 0.8492908849270082 0.10139726024160334 0.0 0.0 0.0 1.0" />
			<scale value="1" />
		</transform>
	</shape>
	<shape type="ply" name="temp7">
		<string name="filename" value="meshes/Cube_003.ply" />
		<boolean name="face_normals" value="true" />
		<ref id="mat-Material" name="bsdf" />
		<transform name="to_world">
			<matrix value="0.9972394938540176 -0.06757051705904807 0.030789924452780268 -0.022195702320902733 0.07116294964602758 0.751271632775232 -0.6561454984891975 0.049594355707103466 0.02120448134575118 0.6565250311311723 0.7540063098641625 0.12249948397364274 0.0 0.0 0.0 1.0" />
			<scale value="1" />
		</transform>
	</shape>
	<shape type="ply" name="temp8">
		<string name="filename" value="meshes/Cube_004.ply" />
		<boolean name="face_normals" value="true" />
		<ref id="mat-Material" name="bsdf" />
		<transform name="to_world">
			<matrix value="0.9898745982018592 -0.10768117090752842 0.09248570162843288 0.0167065698450104 0.13863556177275202 0.5934990603287702 -0.7928046934874505 -0.33449157329271817 0.030479937130669276 0.7975985716162971 0.6024180405569285 -0.02025017288680009 0.0 0.0 0.0 1.0" />
			<scale value="1" />
		</transform>
	</shape>
	<shape type="ply" name="temp9">
		<string name="filename" value="meshes/Cube_005.ply" />
		<boolean name="face_normals" value="true" />
		<ref id="mat-Material" name="bsdf" />
		<transform name="to_world">
			<matrix value="0.9898449010419714 -0.12312010479263616 0.07105367545095956 0.05438121138250196 0.11883074746421714 0.44234673764087246 -0.8889369822055778 -0.5814521809882717 0.07801568010042073 0.8883528741841756 0.4524852477493983 -0.39897543926104795 0.0 0.0 0.0 1.0" />
			<scale value="1" />
		</transform>
	</shape>
	<shape type="ply" name="temp10">
		<string name="filename" value="meshes/Cube_006.ply" />
		<boolean name="face_normals" value="true" />
		<ref id="mat-Material" name="bsdf" />
		<transform name="to_world">
			<matrix value="0.9895279835894382 -0.11564255365303709 -0.08637979935709926 0.0051469814241311695 -0.038455206931583066 0.36559885529063063 -0.9299778119342763 -0.5051858745261617 0.13912538761442272 0.9235606134874631 0.3573233618630978 -0.8402344211169452 0.0 0.0 0.0 1.0" />
			<scale value="1" />
		</transform>
	</shape>
	<shape type="ply" name="temp11">
		<string name="filename" value="meshes/Cube_007.ply" />
		<boolean name="face_normals" value="true" />
		<ref id="mat-Material" name="bsdf" />
		<transform name="to_world">
			<matrix value="0.9422195214058902 0.023985228076249993 -0.33413747144935396 -0.03954127691111475 -0.319808227265716 0.3613391514382915 -0.8758749582171254 -0.0514761252431728 0.09972891368675613 0.9321259096872699 0.34813136583075704 -0.8553916456606028 0.0 0.0 0.0 1.0" />
			<scale value="1" />
		</transform>
	</shape>
	<shape type="ply" name="temp12">
		<string name="filename" value="meshes/Cube_008.ply" />
		<boolean name="face_normals" value="true" />
		<ref id="mat-Material" name="bsdf" />
		<transform name="to_world">
			<matrix value="0.06961063034216447 0.9827160983098434 -0.17153282514641144 2.3724460653716823 -0.6741742859827632 -0.08039645573950353 -0.7341836158178735 0.7505629504451607 -0.7352848356550308 0.16674996819092952 0.656925366684617 1.4346756154792548 0.0 0.0 0.0 1.0" />
			<scale value="1" />
		</transform>
	</shape>
	<shape type="ply" name="temp13">
		<string name="filename" value="meshes/Cube_009.ply" />
		<boolean name="face_normals" value="true" />
		<ref id="mat-Material" name="bsdf" />
		<transform name="to_world">
			<matrix value="-0.08094749896724801 0.9917444511423107 0.09945033357745091 2.6006414797185027 -0.7756144652649607 -1.0336258377257663e-05 -0.6312074458855629 0.7115016351608513 -0.6259952980974315 -0.12822972614997613 0.769211966709864 1.0094704280527347 0.0 0.0 0.0 1.0" />
			<scale value="1" />
		</transform>
	</shape>
	<shape type="ply" name="temp14">
		<string name="filename" value="meshes/Cube_010.ply" />
		<boolean name="face_normals" value="true" />
		<ref id="mat-Material" name="bsdf" />
		<transform name="to_world">
			<matrix value="0.030731432183211088 0.9989979621336482 0.03253596400361023 1.7833237851323607 -0.9498822751393108 0.019058222071114652 0.31202717978952305 2.319397946341165 0.31109454866522346 -0.04049436510138229 0.949515886002607 -0.7554664154112907 0.0 0.0 0.0 1.0" />
			<scale value="1" />
		</transform>
	</shape>
	<shape type="ply" name="temp15">
		<string name="filename" value="meshes/Cube_011.ply" />
		<boolean name="face_normals" value="true" />
		<ref id="mat-Material" name="bsdf" />
		<transform name="to_world">
			<matrix value="0.018841686656844443 0.9973570312646661 -0.07016991150777196 1.2422955284469555 -0.8341072324551839 0.054377032391020035 0.5489153945839939 2.2563956843289112 0.5512803465082345 0.04818673697340345 0.8329273637523692 -1.281197258322882 0.0 0.0 0.0 1.0" />
			<scale value="1" />
		</transform>
	</shape>
	<shape type="ply" name="temp16">
		<string name="filename" value="meshes/Cube_012.ply" />
		<boolean name="face_normals" value="true" />
		<ref id="mat-Material" name="bsdf" />
		<transform name="to_world">
			<matrix value="0.09788476438184697 0.9895718394820441 0.10567013111903402 1.0998814685805156 -0.7344825690968695 0.00018587552119944185 0.678627876399283 1.846619322837951 0.6715312387527547 -0.1440401482615561 0.7268411768516019 -1.8247999852072772 0.0 0.0 0.0 1.0" />
			<scale value="1" />
		</transform>
	</shape>
	<shape type="ply" name="temp17">
		<string name="filename" value="meshes/Cube_013.ply" />
		<boolean name="face_normals" value="true" />
		<ref id="mat-Material" name="bsdf" />
		<transform name="to_world">
			<matrix value="0.8765568846881444 0.29314175581897406 0.3817278702057254 0.6309586815248546 -0.43111859006749675 0.12561422793649868 0.8935088678980342 1.4848406787722415 0.21397428669194912 -0.9477811869685018 0.23648681552323034 -1.4529134460137363 0.0 0.0 0.0 1.0" />
			<scale value="1" />
		</transform>
	</shape>
	<shape type="ply" name="temp18">
		<string name="filename" value="meshes/Cube_014.ply" />
		<boolean name="face_normals" value="true" />
		<ref id="mat-Material" name="bsdf" />
		<transform name="to_world">
			<matrix value="0.9432278951184961 0.2848303064308554 0.1708610841751765 0.1068920836834355 -0.2161413372054884 0.13576046622711052 0.9668774682627449 1.024823845829839 0.2521998946858927 -0.9489154671344513 0.1896166424203856 -0.8535034097597904 0.0 0.0 0.0 1.0" />
			<scale value="1" />
		</transform>
	</shape>
	<shape type="ply" name="temp19">
		<string name="filename" value="meshes/Cube_015.ply" />
		<boolean name="face_normals" value="true" />
		<ref id="mat-Material" name="bsdf" />
		<transform name="to_world">
			<matrix value="0.9833226068964783 0.12997588768165066 0.127213003066993 0.03517089541234264 -0.1495051655328557 0.17938634566969044 0.972352384117827 0.6383161193098448 0.10356210784235506 -0.9751547172330073 0.19582672411388394 -0.31422457762462114 0.0 0.0 0.0 1.0" />
			<scale value="1" />
		</transform>
	</shape>
	<shape type="ply" name="temp20">
		<string name="filename" value="meshes/Cube_016.ply" />
		<boolean name="face_normals" value="true" />
		<ref id="mat-Material" name="bsdf" />
		<transform name="to_world">
			<matrix value="0.9845973685656892 0.045838726969711516 0.16872225014313738 0.07053116501565371 -0.17426275692475715 0.1790605999294986 0.9682818929214255 0.33669753311819184 0.014173301987316209 -0.9827694958314473 0.1842905610654054 0.0865045875456204 0.0 0.0 0.0 1.0" />
			<scale value="1" />
		</transform>
	</shape>
	<shape type="ply" name="temp21">
		<string name="filename" value="meshes/Cube_017.ply" />
		<boolean name="face_normals" value="true" />
		<ref id="mat-Material" name="bsdf" />
		<transform name="to_world">
			<matrix value="0.9587923095880162 -0.032358856375267774 0.2822600433738152 0.20100176105181378 -0.2762463942329002 0.12592685373876514 0.9528013083063174 0.17726255603218846 -0.06637567882388609 -0.9915116713215678 0.1117986564234994 0.3140398168276227 0.0 0.0 0.0 1.0" />
			<scale value="1" />
		</transform>
	</shape>
	<shape type="ply" name="temp22">
		<string name="filename" value="meshes/Cube_018.ply" />
		<boolean name="face_normals" value="true" />
		<ref id="mat-Material" name="bsdf" />
		<transform name="to_world">
			<matrix value="0.1316587681086189 0.9685567859698012 0.21110088832637308 0.8636475320762409 -0.6488962407827994 -0.0767833207835252 0.7569929284700826 0.07889788190949673 0.7493998514255523 -0.23664717796184165 0.6183834719949544 -0.1944069239567175 0.0 0.0 0.0 1.0" />
			<scale value="1" />
		</transform>
	</shape>
	<shape type="ply" name="temp23">
		<string name="filename" value="meshes/Cube_019.ply" />
		<boolean name="face_normals" value="true" />
		<ref id="mat-Material" name="bsdf" />
		<transform name="to_world">
			<matrix value="-0.07585089011696249 0.9867146549080875 -0.14366919121119984 0.4820640486670528 -0.9100867511661676 -0.009635845589385574 0.41430621989209976 -0.05020188720633473 0.4074175970299294 0.16217686677526943 0.8987265856334994 -0.04776434295402232 0.0 0.0 0.0 1.0" />
			<scale value="1" />
		</transform>
	</shape>
	<shape type="ply" name="temp24">
		<string name="filename" value="meshes/Cube_020.ply" />
		<boolean name="face_normals" value="true" />
		<ref id="mat-Material" name="bsdf" />
		<transform name="to_world">
			<matrix value="0.0994005156854292 0.9584656175127788 -0.2673260046917657 0.09098333919703033 -0.9518630415420998 0.013303733712766448 -0.306234785774194 0.1708401472636802 -0.28995903431509257 0.28489764857055044 0.9136504590083842 0.1033728310820402 0.0 0.0 0.0 1.0" />
			<scale value="1" />
		</transform>
	</shape>
	<shape type="ply" name="temp25">
		<string name="filename" value="meshes/Cube_021.ply" />
		<boolean name="face_normals" value="true" />
		<ref id="mat-Material" name="bsdf" />
		<transform name="to_world">
			<matrix value="0.1852685687032713 0.935520198238299 -0.3007946192640446 -0.16330532938589842 -0.8026840913644205 -0.032512749701203325 -0.5955176608587486 0.09439555442588952 -0.5668988364032218 0.3517736946287517 0.7449036712667622 0.2839581507904645 0.0 0.0 0.0 1.0" />
			<scale value="1" />
		</transform>
	</shape>
	<shape type="ply" name="temp26">
		<string name="filename" value="meshes/Cube_022.ply" />
		<boolean name="face_normals" value="true" />
		<ref id="mat-Material" name="bsdf" />
		<transform name="to_world">
			<matrix value="0.6370612577057481 0.3983052544412763 -0.6599290057543351 -0.08073026470746025 -0.7129534579018381 -0.02095884010571041 -0.700898207697883 -0.1968085140419131 -0.2930027285927801 0.9170133681529673 0.27062111927515514 0.6736819697895616 0.0 0.0 0.0 1.0" />
			<scale value="1" />
		</transform>
	</shape>
	<shape type="ply" name="temp27">
		<string name="filename" value="meshes/Cube_023.ply" />
		<boolean name="face_normals" value="true" />
		<ref id="mat-Material" name="bsdf" />
		<transform name="to_world">
			<matrix value="0.8596964329721805 0.26800257809908995 -0.43485275644047255 -0.061653586039664754 -0.48039455557978605 0.13484743118290113 -0.8666240997474824 -0.2871128298021483 -0.17361868314814716 0.9539344169970987 0.24467484058680886 0.20934994851014166 0.0 0.0 0.0 1.0" />
			<scale value="1" />
		</transform>
	</shape>
	<shape type="ply" name="temp28">
		<string name="filename" value="meshes/Cube_024.ply" />
		<boolean name="face_normals" value="true" />
		<ref id="mat-Material" name="bsdf" />
		<transform name="to_world">
			<matrix value="0.8588959393787886 0.43221768667752697 -0.2747473997695618 -0.18826266085560928 -0.3805947676263725 0.17968549694111466 -0.9071167287046813 -0.5141826328724235 -0.34270380673265644 0.8836860142296052 0.31883087379751607 -0.328169446652167 0.0 0.0 0.0 1.0" />
			<scale value="1" />
		</transform>
	</shape>
	<shape type="ply" name="temp29">
		<string name="filename" value="meshes/Cube_025.ply" />
		<boolean name="face_normals" value="true" />
		<ref id="mat-Material" name="bsdf" />
		<transform name="to_world">
			<matrix value="0.8991901096933302 0.36726794500889615 -0.2378479798364239 -0.267707323846466 -0.32122642178477273 0.18498764139392562 -0.9287589576100621 -0.7930276942989363 -0.29710448258682653 0.9115338646664846 0.2843152643774458 -0.708148627839902 0.0 0.0 0.0 1.0" />
			<scale value="1" />
		</transform>
	</shape>
	<shape type="ply" name="temp30">
		<string name="filename" value="meshes/Cube_026.ply" />
		<boolean name="face_normals" value="true" />
		<ref id="mat-Material" name="bsdf" />
		<transform name="to_world">
			<matrix value="0.9234269813324539 0.23851066803219706 -0.30065916473965076 -0.32502190319878177 -0.348692261186078 0.19419671146357184 -0.9168978219007036 -1.1449064950533383 -0.1603028755715595 0.9515252710028514 0.2624933750208619 -0.8763431842839311 0.0 0.0 0.0 1.0" />
			<scale value="1" />
		</transform>
	</shape>
	<shape type="ply" name="temp31">
		<string name="filename" value="meshes/Cube_027.ply" />
		<boolean name="face_normals" value="true" />
		<ref id="mat-Material" name="bsdf" />
		<transform name="to_world">
			<matrix value="0.8743322571437183 0.17381005917530032 -0.4531369896756703 -0.5750198101896864 -0.4812610921108387 0.18988521618695808 -0.8557636254722588 -1.5814997778051192 -0.06269633368615332 0.9662988634254094 0.24967081950223652 -1.0120269454789677 0.0 0.0 0.0 1.0" />
			<scale value="1" />
		</transform>
	</shape>
	<shape type="ply" name="temp32">
		<string name="filename" value="meshes/Cube_028.ply" />
		<boolean name="face_normals" value="true" />
		<ref id="mat-Material" name="bsdf" />
		<transform name="to_world">
			<matrix value="-0.10447584956039338 0.9841757696230677 0.1431181300562006 -1.4783412468896224 -0.8100613977699649 -0.0007267527840758578 -0.5863450492435113 -2.115644530970673 -0.5769626276756255 -0.17719331362909163 0.7973186623239268 -1.3055725267354412 0.0 0.0 0.0 1.0" />
			<scale value="1" />
		</transform>
	</shape>
	<shape type="ply" name="temp33">
		<string name="filename" value="meshes/Cube_029.ply" />
		<boolean name="face_normals" value="true" />
		<ref id="mat-Material" name="bsdf" />
		<transform name="to_world">
			<matrix value="-0.00973640889531884 0.9788979669310818 0.20411736839044564 -1.611193078665463 -0.9990758421139414 -0.018070743372762675 0.039007002502480966 -1.834165660578788 0.04187244139021714 -0.20354887020439155 0.9781691276208558 -0.13046782469819984 0.0 0.0 0.0 1.0" />
			<scale value="1" />
		</transform>
	</shape>
	<shape type="ply" name="temp34">
		<string name="filename" value="meshes/Cube_030.ply" />
		<boolean name="face_normals" value="true" />
		<ref id="mat-Material" name="bsdf" />
		<transform name="to_world">
			<matrix value="-0.042690177440896364 0.9802952786137638 -0.19286957553337955 -3.215407473225704 -0.9723797354138627 0.003570406422092991 0.23337606882206882 -1.8902945218502003 0.22946601554129328 0.19750536050560566 0.9530673839619939 0.2829664267776226 0.0 0.0 0.0 1.0" />
			<scale value="1" />
		</transform>
	</shape>
	<shape type="ply" name="temp35">
		<string name="filename" value="meshes/Cube_031.ply" />
		<boolean name="face_normals" value="true" />
		<ref id="mat-Material" name="bsdf" />
		<transform name="to_world">
			<matrix value="0.13501082394991729 0.9785268958727471 0.1557471014386547 -1.9049291087657907 -0.7532751091703056 -0.0007515367431266335 0.6577052348800365 -1.0793902701269549 0.6436992378024456 -0.20611768730327915 0.7369986114138285 0.6421584188075955 0.0 0.0 0.0 1.0" />
			<scale value="1" />
		</transform>
	</shape>
	<shape type="ply" name="temp36">
		<string name="filename" value="meshes/Cube_032.ply" />
		<boolean name="face_normals" value="true" />
		<ref id="mat-Material" name="bsdf" />
		<transform name="to_world">
			<matrix value="0.6645417683905204 0.6134776596033149 0.42664936568040956 -0.7030197285410824 -0.5424359117559975 0.0033362646347797247 0.8400908514534294 -0.600960116280916 0.5139536759765047 -0.7897049161179168 0.33498920382525466 -0.15460068327209386 0.0 0.0 0.0 1.0" />
			<scale value="1" />
		</transform>
	</shape>
	<shape type="ply" name="temp37">
		<string name="filename" value="meshes/Cube_033.ply" />
		<boolean name="face_normals" value="true" />
		<ref id="mat-Material" name="bsdf" />
		<transform name="to_world">
			<matrix value="0.9767533291845958 0.16885591638281852 0.13206352793554538 -0.1406577850583397 -0.15010766328562286 0.09893843224042234 0.983706924633859 0.3003898044810559 0.1530385513459462 -0.9806623795687733 0.12198500213464983 -0.37564801343625875 0.0 0.0 0.0 1.0" />
			<scale value="1" />
		</transform>
	</shape>
	<shape type="ply" name="temp38">
		<string name="filename" value="meshes/Cube_034.ply" />
		<boolean name="face_normals" value="true" />
		<ref id="mat-Material" name="bsdf" />
		<transform name="to_world">
			<matrix value="0.9999246489972998 0.002335695200271994 0.012054979880393418 -0.03441823841772784 -0.012278627618890585 0.18090095802662784 0.983424668609206 0.3693900574950006 0.00011622182980601993 -0.9834984971517845 0.18091601772208513 -0.359910642563933 0.0 0.0 0.0 1.0" />
			<scale value="1" />
		</transform>
	</shape>
	<shape type="ply" name="temp39">
		<string name="filename" value="meshes/Cube_035.ply" />
		<boolean name="face_normals" value="true" />
		<ref id="mat-Material" name="bsdf" />
		<transform name="to_world">
			<matrix value="0.9989145023199244 -0.046474386919275884 0.0032075773213666864 0.007566071274611286 0.006504271958611911 0.2073189438137094 0.9782518659865416 0.09131573065143592 -0.04612864277773936 -0.9771688050010117 0.2073961952644342 -0.1488683071123133 0.0 0.0 0.0 1.0" />
			<scale value="1" />
		</transform>
	</shape>
	<shape type="ply" name="temp40">
		<string name="filename" value="meshes/Cube_036.ply" />
		<boolean name="face_normals" value="true" />
		<ref id="mat-Material" name="bsdf" />
		<transform name="to_world">
			<matrix value="0.9992402845963049 -0.03884886624129422 0.0032008873335126783 0.00257192550200136 0.004988205351871453 0.2088773379666808 0.9779291863603677 -0.24372807195927776 -0.03866004198380574 -0.9771698479213555 0.20891241127492258 0.2054911498776152 0.0 0.0 0.0 1.0" />
			<scale value="1" />
		</transform>
	</shape>
	<shape type="ply" name="temp41">
		<string name="filename" value="meshes/Cube_037.ply" />
		<boolean name="face_normals" value="true" />
		<ref id="mat-Material" name="bsdf" />
		<transform name="to_world">
			<matrix value="0.9988595404120726 -0.04763455236815922 0.0033354671951835867 -0.006431109727866868 0.0066976049018929945 0.2089184290282277 0.9779102747339252 -0.5700200457022415 -0.04727916394073333 -0.9767722866862876 0.2089992629193594 0.5160028052662827 0.0 0.0 0.0 1.0" />
			<scale value="1" />
		</transform>
	</shape>
	<shape type="ply" name="temp42">
		<string name="filename" value="meshes/Cube_038.ply" />
		<boolean name="face_normals" value="true" />
		<ref id="mat-Material" name="bsdf" />
		<transform name="to_world">
			<matrix value="0.9990652043253248 -0.04310170767777099 0.003420427676976182 0.0071443432905726745 0.005663669469723968 0.20888505557722514 0.977923985663096 -0.9037866735750335 -0.04286467225859755 -0.9769898398700105 0.2089337814128025 0.8617347790781629 0.0 0.0 0.0 1.0" />
			<scale value="1" />
		</transform>
	</shape>
	<shape type="ply" name="temp43">
		<string name="filename" value="meshes/Cube_039.ply" />
		<boolean name="face_normals" value="true" />
		<ref id="mat-Material" name="bsdf" />
		<transform name="to_world">
			<matrix value="0.999949024762866 -0.00877563217493628 -0.004974079530157542 0.021114831857998784 0.008283774474324317 0.43301285975858117 0.9013496620917716 -1.3192599403255862 -0.005756062298210405 -0.9013450143289827 0.4330634713008752 1.4723444311570066 0.0 0.0 0.0 1.0" />
			<scale value="1" />
		</transform>
	</shape>
	<shape type="ply" name="temp47">
		<string name="filename" value="meshes/Plane_001.ply" />
		<boolean name="face_normals" value="true" />
		<ref id="mat-Material.002" name="bsdf" />
		<transform name="to_world">
			<scale value="1" />
		</transform>
	</shape>
	<shape type="ply" name="temp49">
		<string name="filename" value="meshes/Plane_002.ply" />
		<boolean name="face_normals" value="true" />
		<ref id="mat-Material.003" name="bsdf" />
		<transform name="to_world">
			<scale value="1" />
		</transform>
	</shape>
	<shape type="ply" name="temp51">
		<string name="filename" value="meshes/Plane_003.ply" />
		<boolean name="face_normals" value="true" />
		<ref id="mat-Material.004" name="bsdf" />
		<transform name="to_world">
			<scale value="1" />
		</transform>
	</shape>
	<shape type="ply" name="temp53">
		<string name="filename" value="meshes/Plane_004.ply" />
		<boolean name="face_normals" value="true" />
		<ref id="mat-Material.005" name="bsdf" />
		<transform name="to_world">
			<scale value="1" />
		</transform>
	</shape>
	<emitter type="point">
		<transform name="to_world">
			<rotate x="1" angle="-142.5518126578256" />
			<rotate y="1" angle="3.976628485794621e-06" />
			<rotate z="1" angle="-179.999991348578" />
			<translate value="-0.000000 3.030926 4.073377" />
		</transform>
		<rgb name="intensity" value="100" />
	</emitter>
</scene>