<scene version="2.1.0">
	<default name="spp" value="1024" />
	<default name="resx" value="640" />
	<default name="resy" value="360" />
	<integrator type="path" name="temp0">
		<integer name="max_depth" value="12" />
	</integrator>
	<sensor type="perspective" name="temp44">
		<string name="fov_axis" value="x" />
		<float name="fov" value="83.974423" />
		<float name="principal_point_offset_x" value="0.000000" />
		<float name="principal_point_offset_y" value="-0.000000" />
		<float name="near_clip" value="0.100000" />
		<float name="far_clip" value="1000.000000" />
		<transform name="to_world">
			<rotate x="1" angle="-142.5518126578256" />
			<rotate y="1" angle="3.976628485794621e-06" />
			<rotate z="1" angle="-179.999991348578" />
			<translate value="-0.000000 3.030926 4.073377" />
		</transform>
		<sampler type="independent" name="sampler">
			<integer name="sample_count" value="$spp" />
		</sampler>
		<film type="hdrfilm" name="film">
			<integer name="width" value="$resx" />
			<integer name="height" value="$resy" />
		</film>
		<float name="shutter_open" value="0.0" />
		<float name="shutter_close" value="0.0015" />
	</sensor>
	<bsdf type="twosided" id="mat-Material" name="mat-Material">
		<bsdf type="diffuse" name="bsdf">
			<texture type="bitmap" name="reflectance">
				<string name="filename" value="textures/siggraph_2023_logo.jpg" />
			</texture>
		</bsdf>
	</bsdf>
	<bsdf type="twosided" id="mat-Material.001" name="mat-Material.001">
		<bsdf type="principled" name="bsdf">
			<rgb value="0.433648 0.266232 0.084399" name="base_color" />
			<float name="spec_tint" value="0.000000" />
			<float name="spec_trans" value="0.000000" />
			<float name="metallic" value="0.000000" />
			<float name="anisotropic" value="0.000000" />
			<float name="roughness" value="0.500000" />
			<float name="sheen" value="0.000000" />
			<float name="sheen_tint" value="0.500000" />
			<float name="clearcoat" value="0.000000" />
			<float name="clearcoat_gloss" value="0.173205" />
			<float name="specular" value="0.500000" />
		</bsdf>
	</bsdf>
	<bsdf type="twosided" id="mat-Material.002" name="mat-Material.002">
		<bsdf type="principled" name="bsdf">
			<rgb value="0.433648 0.266232 0.084399" name="base_color" />
			<float name="spec_tint" value="0.000000" />
			<float name="spec_trans" value="0.000000" />
			<float name="metallic" value="0.000000" />
			<float name="anisotropic" value="0.000000" />
			<float name="roughness" value="0.500000" />
			<float name="sheen" value="0.000000" />
			<float name="sheen_tint" value="0.500000" />
			<float name="clearcoat" value="0.000000" />
			<float name="clearcoat_gloss" value="0.173205" />
			<float name="specular" value="0.500000" />
		</bsdf>
	</bsdf>
	<bsdf type="twosided" id="mat-Material.003" name="mat-Material.003">
		<bsdf type="principled" name="bsdf">
			<rgb value="0.433648 0.266232 0.084399" name="base_color" />
			<float name="spec_tint" value="0.000000" />
			<float name="spec_trans" value="0.000000" />
			<float name="metallic" value="0.000000" />
			<float name="anisotropic" value="0.000000" />
			<float name="roughness" value="0.500000" />
			<float name="sheen" value="0.000000" />
			<float name="sheen_tint" value="0.500000" />
			<float name="clearcoat" value="0.000000" />
			<float name="clearcoat_gloss" value="0.173205" />
			<float name="specular" value="0.500000" />
		</bsdf>
	</bsdf>
	<bsdf type="twosided" id="mat-Material.004" name="mat-Material.004">
		<bsdf type="principled" name="bsdf">
			<rgb value="0.433648 0.266232 0.084399" name="base_color" />
			<float name="spec_tint" value="0.000000" />
			<float name="spec_trans" value="0.000000" />
			<float name="metallic" value="0.000000" />
			<float name="anisotropic" value="0.000000" />
			<float name="roughness" value="0.500000" />
			<float name="sheen" value="0.000000" />
			<float name="sheen_tint" value="0.500000" />
			<float name="clearcoat" value="0.000000" />
			<float name="clearcoat_gloss" value="0.173205" />
			<float name="specular" value="0.500000" />
		</bsdf>
	</bsdf>
	<bsdf type="twosided" id="mat-Material.005" name="mat-Material.005">
		<bsdf type="principled" name="bsdf">
			<rgb value="0.433648 0.266232 0.084399" name="base_color" />
			<float name="spec_tint" value="0.000000" />
			<float name="spec_trans" value="0.000000" />
			<float name="metallic" value="0.000000" />
			<float name="anisotropic" value="0.000000" />
			<float name="roughness" value="0.500000" />
			<float name="sheen" value="0.000000" />
			<float name="sheen_tint" value="0.500000" />
			<float name="clearcoat" value="0.000000" />
			<float name="clearcoat_gloss" value="0.173205" />
			<float name="specular" value="0.500000" />
		</bsdf>
	</bsdf>
	<emitter type="point" name="temp45">
		<point name="position" x="-6.815235034541981e-16" y="3.0693089962005615" z="4.109199523925781" />
		<rgb value="7.957747 7.957747 7.957747" name="intensity" />
	</emitter>
	<shape type="ply" name="temp2">
		<string name="filename" value="meshes/Cube.ply" />
		<boolean name="face_normals" value="true" />
		<ref id="mat-Material" name="bsdf" />
		<transform name="to_world">
			<matrix value="0.9999982270352306 0.00020112343379437365 0.002031066128756972 -0.0031171835615984023 -0.0002010998586947079 1.0 -1.1818088119668991e-05 -0.01730087217324383 -0.00203106854813688 1.14096111367206e-05 0.9999978724420252 0.004818687080291539 0.0 0.0 0.0 1.0" />
			<scale value="1" />
		</transform>
	</shape>
	<shape type="ply" name="temp4">
		<string name="filename" value="meshes/Plane.ply" />
		<boolean name="face_normals" value="true" />
		<ref id="mat-Material.001" name="bsdf" />
		<transform name="to_world">
			<scale value="1" />
		</transform>
	</shape>
	<shape type="ply" name="temp5">
		<string name="filename" value="meshes/Cube_001.ply" />
		<boolean name="face_normals" value="true" />
		<ref id="mat-Material" name="bsdf" />
		<transform name="to_world">
			<matrix value="0.9999632109810347 0.0003723017043404259 -0.008604435438307674 0.005444293932316491 -0.0005133043276297057 0.9998654632756461 -0.016390990312046567 0.0002527508009869117 0.008597168220670288 0.016394803753678903 0.9998286133853655 -0.0033194704726575708 0.0 0.0 0.0 1.0" />
			<scale value="1" />
		</transform>
	</shape>
	<shape type="ply" name="temp6">
		<string name="filename" value="meshes/Cube_002.ply" />
		<boolean name="face_normals" value="true" />
		<ref id="mat-Material" name="bsdf" />
		<transform name="to_world">
			<matrix value="0.9988506755882255 -0.012967027030409473 -0.046148150844805995 0.027974752201333164 0.0023621697188255177 0.9748622823685973 -0.22279581447883576 0.13137006112277233 0.04787709630921924 0.22243071358695765 0.9737724108683226 -0.04056197310288612 0.0 0.0 0.0 1.0" />
			<scale value="1" />
		</transform>
	</shape>
	<shape type="ply" name="temp7">
		<string name="filename" value="meshes/Cube_003.ply" />
		<boolean name="face_normals" value="true" />
		<ref id="mat-Material" name="bsdf" />
		<transform name="to_world">
			<matrix value="0.9987700056912169 -0.026939821410320322 0.041624418881178724 -0.03180975226847993 0.04188661624354863 0.9076585812528811 -0.4176138633568799 0.031206630323804996 -0.026530338973134265 0.4188436933563888 0.9076708393594444 0.20113916325652165 0.0 0.0 0.0 1.0" />
			<scale value="1" />
		</transform>
	</shape>
	<shape type="ply" name="temp8">
		<string name="filename" value="meshes/Cube_004.ply" />
		<boolean name="face_normals" value="true" />
		<ref id="mat-Material" name="bsdf" />
		<transform name="to_world">
			<matrix value="0.9936793805970281 -0.08272404536286328 0.07588316113509473 0.006020638493258179 0.11215739672036977 0.7600183971148652 -0.6401507540301858 -0.2767452427752036 -0.004716755580849853 0.6446150893887027 0.7644925703311568 0.07785519802028312 0.0 0.0 0.0 1.0" />
			<scale value="1" />
		</transform>
	</shape>
	<shape type="ply" name="temp9">
		<string name="filename" value="meshes/Cube_005.ply" />
		<boolean name="face_normals" value="true" />
		<ref id="mat-Material" name="bsdf" />
		<transform name="to_world">
			<matrix value="0.9921435498655206 -0.11094463553062744 0.05781693167371204 0.04511428579905763 0.11133580484622191 0.572214307615613 -0.8125115538217796 -0.5429728521633015 0.0570601230082957 0.8125651043024635 0.5800708807759063 -0.29556658702770267 0.0 0.0 0.0 1.0" />
			<scale value="1" />
		</transform>
	</shape>
	<shape type="ply" name="temp10">
		<string name="filename" value="meshes/Cube_006.ply" />
		<boolean name="face_normals" value="true" />
		<ref id="mat-Material" name="bsdf" />
		<transform name="to_world">
			<matrix value="0.9925149859847135 -0.09347415539095955 -0.0785942373437486 0.0002473824418323112 -0.028533057814608166 0.4482571758134258 -0.8934492962747406 -0.5100083756166988 0.11874484732113888 0.8890038650627943 0.44223490982227326 -0.7282748096237265 0.0 0.0 0.0 1.0" />
			<scale value="1" />
		</transform>
	</shape>
	<shape type="ply" name="temp11">
		<string name="filename" value="meshes/Cube_007.ply" />
		<boolean name="face_normals" value="true" />
		<ref id="mat-Material" name="bsdf" />
		<transform name="to_world">
			<matrix value="0.9563881693606867 0.06861965320812727 -0.2839247392914097 -0.036056102476441865 -0.2838188597354382 0.4481021978503326 -0.8477330396988134 -0.12249885840492675 0.06905613561052928 0.8913448040665551 0.44803534204749557 -0.6307812253324987 0.0 0.0 0.0 1.0" />
			<scale value="1" />
		</transform>
	</shape>
	<shape type="ply" name="temp12">
		<string name="filename" value="meshes/Cube_008.ply" />
		<boolean name="face_normals" value="true" />
		<ref id="mat-Material" name="bsdf" />
		<transform name="to_world">
			<matrix value="0.06806092616133626 0.9863654851769732 -0.14983558704761615 2.3875910144807024 -0.719339233760086 -0.05554985889287748 -0.692434545678906 0.9002196810984792 -0.691317082338257 0.15491027756282033 0.7057504582523483 1.432886758371818 0.0 0.0 0.0 1.0" />
			<scale value="1" />
		</transform>
	</shape>
	<shape type="ply" name="temp13">
		<string name="filename" value="meshes/Cube_009.ply" />
		<boolean name="face_normals" value="true" />
		<ref id="mat-Material" name="bsdf" />
		<transform name="to_world">
			<matrix value="-0.08233032283915485 0.9917721928234566 0.09802841566431106 2.6009016957268862 -0.7659588991307155 -4.049325960581783e-05 -0.64288963032971 0.6768737817582683 -0.6375962498249197 -0.1280150097095884 0.7596599405891256 1.0188769878974338 0.0 0.0 0.0 1.0" />
			<scale value="1" />
		</transform>
	</shape>
	<shape type="ply" name="temp14">
		<string name="filename" value="meshes/Cube_010.ply" />
		<boolean name="face_normals" value="true" />
		<ref id="mat-Material" name="bsdf" />
		<transform name="to_world">
			<matrix value="0.04880169743647024 0.9985822540845976 0.021252720319266078 1.7299375230174356 -0.9608454027910012 0.041125582210281945 0.27401693819822315 2.268133178438664 0.2727545844436525 -0.03379305957369588 0.9614900186799591 -0.6631385671869332 0.0 0.0 0.0 1.0" />
			<scale value="1" />
		</transform>
	</shape>
	<shape type="ply" name="temp15">
		<string name="filename" value="meshes/Cube_011.ply" />
		<boolean name="face_normals" value="true" />
		<ref id="mat-Material" name="bsdf" />
		<transform name="to_world">
			<matrix value="0.03528387825405522 0.9965942393251889 -0.0745315471932546 1.2048287137471871 -0.826967060087549 0.0709903988753147 0.5577511428532255 2.247919918676558 0.561142463038117 0.04195549650308809 0.8266550864474085 -1.2503974587028122 0.0 0.0 0.0 1.0" />
			<scale value="1" />
		</transform>
	</shape>
	<shape type="ply" name="temp16">
		<string name="filename" value="meshes/Cube_012.ply" />
		<boolean name="face_normals" value="true" />
		<ref id="mat-Material" name="bsdf" />
		<transform name="to_world">
			<matrix value="0.08686148890035406 0.9895586986857118 0.1150157841162195 1.1254874316031807 -0.7981577123080987 3.846790829810001e-05 0.6024485355545669 1.8317604451722727 0.5961540848221805 -0.14413027743766985 0.7898272942994212 -1.6441652243115765 0.0 0.0 0.0 1.0" />
			<scale value="1" />
		</transform>
	</shape>
	<shape type="ply" name="temp17">
		<string name="filename" value="meshes/Cube_013.ply" />
		<boolean name="face_normals" value="true" />
		<ref id="mat-Material" name="bsdf" />
		<transform name="to_world">
			<matrix value="0.8808430270182102 0.29674900870421317 0.3688570900396719 0.6120531069576299 -0.43107493081004983 0.18071510962135737 0.8840341430503792 1.4682580322100862 0.19567830972630743 -0.9377003189250411 0.28710260171972873 -1.3743554761848114 0.0 0.0 0.0 1.0" />
			<scale value="1" />
		</transform>
	</shape>
	<shape type="ply" name="temp18">
		<string name="filename" value="meshes/Cube_014.ply" />
		<boolean name="face_normals" value="true" />
		<ref id="mat-Material" name="bsdf" />
		<transform name="to_world">
			<matrix value="0.9435900231726495 0.2842957054626082 0.16974744941258124 0.10661758209643302 -0.21608433638815164 0.1402660906965248 0.9662470019162205 1.0240763707416447 0.2508900283142474 -0.9484204971392696 0.1937855213533538 -0.8448658689134445 0.0 0.0 0.0 1.0" />
			<scale value="1" />
		</transform>
	</shape>
	<shape type="ply" name="temp19">
		<string name="filename" value="meshes/Cube_015.ply" />
		<boolean name="face_normals" value="true" />
		<ref id="mat-Material" name="bsdf" />
		<transform name="to_world">
			<matrix value="0.9833851039046003 0.1303578051115612 0.1263382221463656 0.0404088036731961 -0.1490991566006592 0.18298421227183512 0.971743902537042 0.6375991040005325 0.1035565230033314 -0.9744348936116958 0.1993801241642834 -0.31815155097384296 0.0 0.0 0.0 1.0" />
			<scale value="1" />
		</transform>
	</shape>
	<shape type="ply" name="temp20">
		<string name="filename" value="meshes/Cube_016.ply" />
		<boolean name="face_normals" value="true" />
		<ref id="mat-Material" name="bsdf" />
		<transform name="to_world">
			<matrix value="0.9846314981375005 0.04742158803394914 0.16808504652969292 0.0782456557548955 -0.17398125444349294 0.18241559124197212 0.9677062702915842 0.3373185216539312 0.015228827697964813 -0.9820772053072131 0.1878625654283176 0.0678440244040806 0.0 0.0 0.0 1.0" />
			<scale value="1" />
		</transform>
	</shape>
	<shape type="ply" name="temp21">
		<string name="filename" value="meshes/Cube_017.ply" />
		<boolean name="face_normals" value="true" />
		<ref id="mat-Material" name="bsdf" />
		<transform name="to_world">
			<matrix value="0.9612624927530065 -0.014740638225533611 0.27524122961503966 0.19899661250504708 -0.2715420981619674 0.12081366559384929 0.9548137417551218 0.18310510613476563 -0.04732747723069995 -0.9925656466210425 0.11213093370009282 0.28729690865867663 0.0 0.0 0.0 1.0" />
			<scale value="1" />
		</transform>
	</shape>
	<shape type="ply" name="temp22">
		<string name="filename" value="meshes/Cube_018.ply" />
		<boolean name="face_normals" value="true" />
		<ref id="mat-Material" name="bsdf" />
		<transform name="to_world">
			<matrix value="0.1028577532635849 0.9741491334374863 0.20113082070312482 0.8752576046653485 -0.6416217663338811 -0.08953571272133377 0.7617775699600161 0.08494826812184343 0.7600934884322914 -0.20740458843234472 0.6158259109139469 -0.2105659232635736 0.0 0.0 0.0 1.0" />
			<scale value="1" />
		</transform>
	</shape>
	<shape type="ply" name="temp23">
		<string name="filename" value="meshes/Cube_019.ply" />
		<boolean name="face_normals" value="true" />
		<ref id="mat-Material" name="bsdf" />
		<transform name="to_world">
			<matrix value="-0.0695019476017992 0.9872379923366214 -0.1432849306014228 0.47679458295996485 -0.9224660344274299 -0.008922569421992687 0.38597542150469416 -0.026418297019031846 0.3797712698150975 0.1590014872044103 0.9113136914029164 -0.05025388248728224 0.0 0.0 0.0 1.0" />
			<scale value="1" />
		</transform>
	</shape>
	<shape type="ply" name="temp24">
		<string name="filename" value="meshes/Cube_020.ply" />
		<boolean name="face_normals" value="true" />
		<ref id="mat-Material" name="bsdf" />
		<transform name="to_world">
			<matrix value="0.094347360210074 0.9609216377832221 -0.2602459645464861 0.08192132535302682 -0.9475423699044524 0.006486322106641849 -0.31956417287792294 0.18303388033312645 -0.30538807762341746 0.2767440885978438 0.9111262296566017 0.10416816655981986 0.0 0.0 0.0 1.0" />
			<scale value="1" />
		</transform>
	</shape>
	<shape type="ply" name="temp25">
		<string name="filename" value="meshes/Cube_021.ply" />
		<boolean name="face_normals" value="true" />
		<ref id="mat-Material" name="bsdf" />
		<transform name="to_world">
			<matrix value="0.17459833483148857 0.9366215221213834 -0.30373584996650277 -0.1674876862549621 -0.8080818826049108 -0.03995223424825259 -0.5877140146026123 0.0898565278806317 -0.5626007265609626 0.3480573522755479 0.7498911399502908 0.28216210537948117 0.0 0.0 0.0 1.0" />
			<scale value="1" />
		</transform>
	</shape>
	<shape type="ply" name="temp26">
		<string name="filename" value="meshes/Cube_022.ply" />
		<boolean name="face_normals" value="true" />
		<ref id="mat-Material" name="bsdf" />
		<transform name="to_world">
			<matrix value="0.6551344173239934 0.3987670595695242 -0.6417041077471005 -0.07596862807933857 -0.6934690183271369 -0.019689453780899122 -0.720217616085473 -0.16886734411702228 -0.2998338732011056 0.9168408691280978 0.26363327330467906 0.6703003130196225 0.0 0.0 0.0 1.0" />
			<scale value="1" />
		</transform>
	</shape>
	<shape type="ply" name="temp27">
		<string name="filename" value="meshes/Cube_023.ply" />
		<boolean name="face_normals" value="true" />
		<ref id="mat-Material" name="bsdf" />
		<transform name="to_world">
			<matrix value="0.8600390584138702 0.26707271032053115 -0.4347470877277255 -0.0615759096774382 -0.48032718291854826 0.13639176676963768 -0.8664198541819043 -0.28725164253684804 -0.17210129125024157 0.9539755080586455 0.24558448981868952 0.21056018188126646 0.0 0.0 0.0 1.0" />
			<scale value="1" />
		</transform>
	</shape>
	<shape type="ply" name="temp28">
		<string name="filename" value="meshes/Cube_024.ply" />
		<boolean name="face_normals" value="true" />
		<ref id="mat-Material" name="bsdf" />
		<transform name="to_world">
			<matrix value="0.8591556787175082 0.4310527446534689 -0.2757638996908422 -0.1877180775100009 -0.3811542709834813 0.17950363249155757 -0.9069179202317054 -0.5146550366237688 -0.34142886776696857 0.8842917423653016 0.3185190683565466 -0.3260262248015068 0.0 0.0 0.0 1.0" />
			<scale value="1" />
		</transform>
	</shape>
	<shape type="ply" name="temp29">
		<string name="filename" value="meshes/Cube_025.ply" />
		<boolean name="face_normals" value="true" />
		<ref id="mat-Material" name="bsdf" />
		<transform name="to_world">
			<matrix value="0.8986914633519317 0.3688471349935235 -0.23728795929839758 -0.2689112851017035 -0.32107899976419574 0.18474883349359544 -0.9288575344628933 -0.7928338363699123 -0.2987678338093744 0.9109441975040831 0.2844613566917135 -0.7111811795578971 0.0 0.0 0.0 1.0" />
			<scale value="1" />
		</transform>
	</shape>
	<shape type="ply" name="temp30">
		<string name="filename" value="meshes/Cube_026.ply" />
		<boolean name="face_normals" value="true" />
		<ref id="mat-Material" name="bsdf" />
		<transform name="to_world">
			<matrix value="0.9234429380153787 0.23933394935161645 -0.29995447025933986 -0.3238431091763745 -0.34852759708311837 0.19602674464929717 -0.9165708871585801 -1.144486481023152 -0.1605673575910373 0.9509431128669255 0.2644339442891852 -0.8732126494787078 0.0 0.0 0.0 1.0" />
			<scale value="1" />
		</transform>
	</shape>
	<shape type="ply" name="temp31">
		<string name="filename" value="meshes/Cube_027.ply" />
		<boolean name="face_normals" value="true" />
		<ref id="mat-Material" name="bsdf" />
		<transform name="to_world">
			<matrix value="0.8748038657723832 0.1716604543378186 -0.4530464502640772 -0.5715892159824016 -0.4807287594388212 0.19145476958760846 -0.8557132732668558 -1.581063735687032 -0.0601542124756439 0.9663735365220275 0.2500074464529117 -1.0066941169599157 0.0 0.0 0.0 1.0" />
			<scale value="1" />
		</transform>
	</shape>
	<shape type="ply" name="temp32">
		<string name="filename" value="meshes/Cube_028.ply" />
		<boolean name="face_normals" value="true" />
		<ref id="mat-Material" name="bsdf" />
		<transform name="to_world">
			<matrix value="-0.10468754155386178 0.9841640889152169 0.14304404375961244 -1.4790293956242802 -0.8091709262145251 -0.000671888916468338 -0.5875731229856163 -2.116123941846548 -0.5781722328895602 -0.1772586213010223 0.7964272155324971 -1.3073973106532275 0.0 0.0 0.0 1.0" />
			<scale value="1" />
		</transform>
	</shape>
	<shape type="ply" name="temp33">
		<string name="filename" value="meshes/Cube_029.ply" />
		<boolean name="face_normals" value="true" />
		<ref id="mat-Material" name="bsdf" />
		<transform name="to_world">
			<matrix value="-0.011181587938166081 0.9795266393143425 0.20100378185249781 -1.6183741755752603 -0.9991835497236835 -0.0187515596873742 0.03579637568135044 -1.8379112999204876 0.03883263123928465 -0.20043931976563495 0.9789362304684268 -0.1329732711618299 0.0 0.0 0.0 1.0" />
			<scale value="1" />
		</transform>
	</shape>
	<shape type="ply" name="temp34">
		<string name="filename" value="meshes/Cube_030.ply" />
		<boolean name="face_normals" value="true" />
		<ref id="mat-Material" name="bsdf" />
		<transform name="to_world">
			<matrix value="-0.04140086334049859 0.9806714361965697 -0.1912310971828078 -3.210075185380921 -0.9734017656416237 0.00357598469093412 0.22907654986156223 -1.899916860193818 0.22533262278447952 0.1956286302744497 0.9544395928265167 0.2762806934682285 0.0 0.0 0.0 1.0" />
			<scale value="1" />
		</transform>
	</shape>
	<shape type="ply" name="temp35">
		<string name="filename" value="meshes/Cube_031.ply" />
		<boolean name="face_normals" value="true" />
		<ref id="mat-Material" name="bsdf" />
		<transform name="to_world">
			<matrix value="0.12711022699267943 0.9794008631208766 0.15689818122160595 -1.9233103730158405 -0.7797827054378603 0.0009109930061761743 0.6260497725640525 -1.186415487246155 0.6130109906086056 -0.20192375000782192 0.763835627707613 0.5970424050070275 0.0 0.0 0.0 1.0" />
			<scale value="1" />
		</transform>
	</shape>
	<shape type="ply" name="temp36">
		<string name="filename" value="meshes/Cube_032.ply" />
		<boolean name="face_normals" value="true" />
		<ref id="mat-Material" name="bsdf" />
		<transform name="to_world">
			<matrix value="0.6484436915254057 0.6135992641154053 0.4505739915020607 -0.7221947062273548 -0.573500027480954 0.004522434259516126 0.8191932678392191 -0.7022016620903739 0.5006187647045266 -0.7896045871808404 0.3548315186839777 -0.17045741632698475 0.0 0.0 0.0 1.0" />
			<scale value="1" />
		</transform>
	</shape>
	<shape type="ply" name="temp37">
		<string name="filename" value="meshes/Cube_033.ply" />
		<boolean name="face_normals" value="true" />
		<ref id="mat-Material" name="bsdf" />
		<transform name="to_world">
			<matrix value="0.9767329400897474 0.1689199099751159 0.13213470656956808 -0.1402900034550152 -0.15014254636746113 0.09865152485383472 0.9837303277715816 0.30035618018023286 0.15313637467709879 -0.9806803177986871 0.12171823000414637 -0.3744858219693544 0.0 0.0 0.0 1.0" />
			<scale value="1" />
		</transform>
	</shape>
	<shape type="ply" name="temp38">
		<string name="filename" value="meshes/Cube_034.ply" />
		<boolean name="face_normals" value="true" />
		<ref id="mat-Material" name="bsdf" />
		<transform name="to_world">
			<matrix value="0.9999246489972998 0.0024946362606716828 0.012022333685247182 -0.03456420009843253 -0.012275347634067164 0.18120119393520961 0.9833695884971924 0.36937870166777176 0.000274688977655325 -0.983442805205424 0.18121815459403595 -0.3590328885149642 0.0 0.0 0.0 1.0" />
			<scale value="1" />
		</transform>
	</shape>
	<shape type="ply" name="temp39">
		<string name="filename" value="meshes/Cube_035.ply" />
		<boolean name="face_normals" value="true" />
		<ref id="mat-Material" name="bsdf" />
		<transform name="to_world">
			<matrix value="0.998940210309081 -0.045929085588300944 0.0030874412143911804 0.007588189053102212 0.006514510830155295 0.20744640953813231 0.978224916918861 0.09134298041762062 -0.045569449689465226 -0.9771675534965991 0.20752571626603172 -0.14724444141645499 0.0 0.0 0.0 1.0" />
			<scale value="1" />
		</transform>
	</shape>
	<shape type="ply" name="temp40">
		<string name="filename" value="meshes/Cube_036.ply" />
		<boolean name="face_normals" value="true" />
		<ref id="mat-Material" name="bsdf" />
		<transform name="to_world">
			<matrix value="0.9992682087914231 -0.03810862223965058 0.003274146246444023 0.0023987297289549403 0.004773166887400781 0.2091747788487411 0.9778667779931076 -0.24428791693437668 -0.03795002721500921 -0.9771354315500091 0.20920357940353676 0.20634876971032945 0.0 0.0 0.0 1.0" />
			<scale value="1" />
		</transform>
	</shape>
	<shape type="ply" name="temp41">
		<string name="filename" value="meshes/Cube_037.ply" />
		<boolean name="face_normals" value="true" />
		<ref id="mat-Material" name="bsdf" />
		<transform name="to_world">
			<matrix value="0.9988311729757617 -0.04822497043320825 0.0033299119049161247 -0.006317962017920564 0.006837974955099667 0.20914828867200783 0.9778601589238528 -0.5695508676237894 -0.04785373749838217 -0.9766940676605003 0.2092334597733158 0.5128266711375057 0.0 0.0 0.0 1.0" />
			<scale value="1" />
		</transform>
	</shape>
	<shape type="ply" name="temp42">
		<string name="filename" value="meshes/Cube_038.ply" />
		<boolean name="face_normals" value="true" />
		<ref id="mat-Material" name="bsdf" />
		<transform name="to_world">
			<matrix value="0.9990745123903643 -0.042889869697532244 0.003319912382434692 0.007116828508190398 0.005729535110907812 0.20915538053034585 0.977865596016455 -0.9035707520226359 -0.04263490932171687 -0.976941239781988 0.20920762176368882 0.8607635913702624 0.0 0.0 0.0 1.0" />
			<scale value="1" />
		</transform>
	</shape>
	<shape type="ply" name="temp43">
		<string name="filename" value="meshes/Cube_039.ply" />
		<boolean name="face_normals" value="true" />
		<ref id="mat-Material" name="bsdf" />
		<transform name="to_world">
			<matrix value="0.999950903057318 -0.008471301653091937 -0.005119719755784559 0.020990389247629082 0.008283249349030087 0.4330123060891588 0.9013499329095273 -1.3192614671088874 -0.005418701786962562 -0.9013483467231533 0.433061284775477 1.4720181832072334 0.0 0.0 0.0 1.0" />
			<scale value="1" />
		</transform>
	</shape>
	<shape type="ply" name="temp47">
		<string name="filename" value="meshes/Plane_001.ply" />
		<boolean name="face_normals" value="true" />
		<ref id="mat-Material.002" name="bsdf" />
		<transform name="to_world">
			<scale value="1" />
		</transform>
	</shape>
	<shape type="ply" name="temp49">
		<string name="filename" value="meshes/Plane_002.ply" />
		<boolean name="face_normals" value="true" />
		<ref id="mat-Material.003" name="bsdf" />
		<transform name="to_world">
			<scale value="1" />
		</transform>
	</shape>
	<shape type="ply" name="temp51">
		<string name="filename" value="meshes/Plane_003.ply" />
		<boolean name="face_normals" value="true" />
		<ref id="mat-Material.004" name="bsdf" />
		<transform name="to_world">
			<scale value="1" />
		</transform>
	</shape>
	<shape type="ply" name="temp53">
		<string name="filename" value="meshes/Plane_004.ply" />
		<boolean name="face_normals" value="true" />
		<ref id="mat-Material.005" name="bsdf" />
		<transform name="to_world">
			<scale value="1" />
		</transform>
	</shape>
	<emitter type="point">
		<transform name="to_world">
			<rotate x="1" angle="-142.5518126578256" />
			<rotate y="1" angle="3.976628485794621e-06" />
			<rotate z="1" angle="-179.999991348578" />
			<translate value="-0.000000 3.030926 4.073377" />
		</transform>
		<rgb name="intensity" value="100" />
	</emitter>
</scene>