<scene version="2.1.0">
	<default name="spp" value="1024" />
	<default name="resx" value="1280" />
	<default name="resy" value="720" />
	<integrator type="path" name="temp0">
		<integer name="max_depth" value="12" />
	</integrator>
	<sensor type="perspective" name="temp44">
		<string name="fov_axis" value="x" />
		<float name="fov" value="83.974423" />
		<float name="principal_point_offset_x" value="0.000000" />
		<float name="principal_point_offset_y" value="-0.000000" />
		<float name="near_clip" value="0.100000" />
		<float name="far_clip" value="1000.000000" />
		<transform name="to_world">
			<rotate x="1" angle="-142.5518126578256" />
			<rotate y="1" angle="3.976628485794621e-06" />
			<rotate z="1" angle="-179.999991348578" />
			<translate value="-0.000000 3.030926 4.073377" />
		</transform>
		<sampler type="independent" name="sampler">
			<integer name="sample_count" value="$spp" />
		</sampler>
		<film type="hdrfilm" name="film">
			<integer name="width" value="$resx" />
			<integer name="height" value="$resy" />
		</film>
		<float name="shutter_open" value="0.0" />
		<float name="shutter_close" value="0.0015" />
	</sensor>
	<bsdf type="twosided" id="mat-Material" name="mat-Material">
		<bsdf type="diffuse" name="bsdf">
			<texture type="bitmap" name="reflectance">
				<string name="filename" value="textures/siggraph_2023_logo.jpg" />
			</texture>
		</bsdf>
	</bsdf>
	<bsdf type="twosided" id="mat-Material.001" name="mat-Material.001">
		<bsdf type="principled" name="bsdf">
			<rgb value="0.433648 0.266232 0.084399" name="base_color" />
			<float name="spec_tint" value="0.000000" />
			<float name="spec_trans" value="0.000000" />
			<float name="metallic" value="0.000000" />
			<float name="anisotropic" value="0.000000" />
			<float name="roughness" value="0.500000" />
			<float name="sheen" value="0.000000" />
			<float name="sheen_tint" value="0.500000" />
			<float name="clearcoat" value="0.000000" />
			<float name="clearcoat_gloss" value="0.173205" />
			<float name="specular" value="0.500000" />
		</bsdf>
	</bsdf>
	<bsdf type="twosided" id="mat-Material.002" name="mat-Material.002">
		<bsdf type="principled" name="bsdf">
			<rgb value="0.433648 0.266232 0.084399" name="base_color" />
			<float name="spec_tint" value="0.000000" />
			<float name="spec_trans" value="0.000000" />
			<float name="metallic" value="0.000000" />
			<float name="anisotropic" value="0.000000" />
			<float name="roughness" value="0.500000" />
			<float name="sheen" value="0.000000" />
			<float name="sheen_tint" value="0.500000" />
			<float name="clearcoat" value="0.000000" />
			<float name="clearcoat_gloss" value="0.173205" />
			<float name="specular" value="0.500000" />
		</bsdf>
	</bsdf>
	<bsdf type="twosided" id="mat-Material.003" name="mat-Material.003">
		<bsdf type="principled" name="bsdf">
			<rgb value="0.433648 0.266232 0.084399" name="base_color" />
			<float name="spec_tint" value="0.000000" />
			<float name="spec_trans" value="0.000000" />
			<float name="metallic" value="0.000000" />
			<float name="anisotropic" value="0.000000" />
			<float name="roughness" value="0.500000" />
			<float name="sheen" value="0.000000" />
			<float name="sheen_tint" value="0.500000" />
			<float name="clearcoat" value="0.000000" />
			<float name="clearcoat_gloss" value="0.173205" />
			<float name="specular" value="0.500000" />
		</bsdf>
	</bsdf>
	<bsdf type="twosided" id="mat-Material.004" name="mat-Material.004">
		<bsdf type="principled" name="bsdf">
			<rgb value="0.433648 0.266232 0.084399" name="base_color" />
			<float name="spec_tint" value="0.000000" />
			<float name="spec_trans" value="0.000000" />
			<float name="metallic" value="0.000000" />
			<float name="anisotropic" value="0.000000" />
			<float name="roughness" value="0.500000" />
			<float name="sheen" value="0.000000" />
			<float name="sheen_tint" value="0.500000" />
			<float name="clearcoat" value="0.000000" />
			<float name="clearcoat_gloss" value="0.173205" />
			<float name="specular" value="0.500000" />
		</bsdf>
	</bsdf>
	<bsdf type="twosided" id="mat-Material.005" name="mat-Material.005">
		<bsdf type="principled" name="bsdf">
			<rgb value="0.433648 0.266232 0.084399" name="base_color" />
			<float name="spec_tint" value="0.000000" />
			<float name="spec_trans" value="0.000000" />
			<float name="metallic" value="0.000000" />
			<float name="anisotropic" value="0.000000" />
			<float name="roughness" value="0.500000" />
			<float name="sheen" value="0.000000" />
			<float name="sheen_tint" value="0.500000" />
			<float name="clearcoat" value="0.000000" />
			<float name="clearcoat_gloss" value="0.173205" />
			<float name="specular" value="0.500000" />
		</bsdf>
	</bsdf>
	<emitter type="point" name="temp45">
		<point name="position" x="-6.815235034541981e-16" y="3.0693089962005615" z="4.109199523925781" />
		<rgb value="7.957747 7.957747 7.957747" name="intensity" />
	</emitter>
	<shape type="ply" name="temp2">
		<string name="filename" value="meshes/Cube.ply" />
		<boolean name="face_normals" value="true" />
		<ref id="mat-Material" name="bsdf" />
		<transform name="to_world">
			<matrix value="0.9999991135176153 0.00022517380267529928 0.0014306113514200975 -0.0023604917112882706 -0.00022539856248016496 1.0 0.00015672620361864516 -0.017477732825371683 -0.0014305764617651283 -0.00015704836855970616 0.999999054418678 0.0032326436799527958 0.0 0.0 0.0 1.0" />
		</transform>
	</shape>
	<shape type="ply" name="temp4">
		<string name="filename" value="meshes/Plane.ply" />
		<boolean name="face_normals" value="true" />
		<ref id="mat-Material.001" name="bsdf" />
	</shape>
	<shape type="ply" name="temp5">
		<string name="filename" value="meshes/Cube_001.ply" />
		<boolean name="face_normals" value="true" />
		<ref id="mat-Material" name="bsdf" />
		<transform name="to_world">
			<matrix value="0.9999986702764229 -2.96655563041406e-05 -0.0017373319288298762 0.0023500006603605073 3.095042435911757e-05 0.9999965583628654 0.0007265551385016602 -0.018480162298272457 0.0017369713683919386 -0.0007266109469090971 0.9999951538957241 -0.0038404014845236922 0.0 0.0 0.0 1.0" />
		</transform>
	</shape>
	<shape type="ply" name="temp6">
		<string name="filename" value="meshes/Cube_002.ply" />
		<boolean name="face_normals" value="true" />
		<ref id="mat-Material" name="bsdf" />
		<transform name="to_world">
			<matrix value="1.0 2.9976596867484452e-05 0.0003849544300721337 -0.0009347362670226733 -3.0072585177659932e-05 0.9999962454867622 0.0002782254842676544 -0.017766096467882436 -0.00038480914920739607 -0.00027823550392868106 0.9999962176747115 0.000745031286388087 0.0 0.0 0.0 1.0" />
		</transform>
	</shape>
	<shape type="ply" name="temp7">
		<string name="filename" value="meshes/Cube_003.ply" />
		<boolean name="face_normals" value="true" />
		<ref id="mat-Material" name="bsdf" />
		<transform name="to_world">
			<matrix value="0.9999991135176153 -0.00042022180829872583 0.001371871839689925 -0.001183152836925272 0.00042571720857334847 0.9999912394691118 -0.004011912433496084 -0.01739046608465511 -0.001370054093155115 0.004012490014037708 0.9999905441867789 0.0039485458113603655 0.0 0.0 0.0 1.0" />
		</transform>
	</shape>
	<shape type="ply" name="temp8">
		<string name="filename" value="meshes/Cube_004.ply" />
		<boolean name="face_normals" value="true" />
		<ref id="mat-Material" name="bsdf" />
		<transform name="to_world">
			<matrix value="0.9999995567588077 -0.00033525508788689743 0.0011158107816127928 -0.0004591184492810374 0.00033713700762552147 0.9999984356194843 -0.0016854124223855032 -0.01867389541019826 -0.0011152435964944941 0.0016857879158905602 0.9999981088373557 0.0034218682098574194 0.0 0.0 0.0 1.0" />
		</transform>
	</shape>
	<shape type="ply" name="temp9">
		<string name="filename" value="meshes/Cube_005.ply" />
		<boolean name="face_normals" value="true" />
		<ref id="mat-Material" name="bsdf" />
		<transform name="to_world">
			<matrix value="0.9999997783794039 0.0003211450013870841 0.0008081623525306829 -0.0007007604616169338 -0.0003241230029768078 0.9999920738053869 0.0036866182749665383 -0.015507053734646337 -0.0008066701594072623 -0.0036868735959684875 0.9999918443610967 0.0022397266035682484 0.0 0.0 0.0 1.0" />
		</transform>
	</shape>
	<shape type="ply" name="temp10">
		<string name="filename" value="meshes/Cube_006.ply" />
		<boolean name="face_normals" value="true" />
		<ref id="mat-Material" name="bsdf" />
		<transform name="to_world">
			<matrix value="0.9999991135176153 1.2982793900167481e-05 -0.0014624455286059625 -0.0012087074830087197 -1.1922523212541244e-05 0.9999988527876218 0.0007357816482522585 -0.017253646756755225 0.0014621884236038346 -0.0007357604870855176 0.9999979906396905 -0.0035155410576060975 0.0 0.0 0.0 1.0" />
		</transform>
	</shape>
	<shape type="ply" name="temp11">
		<string name="filename" value="meshes/Cube_007.ply" />
		<boolean name="face_normals" value="true" />
		<ref id="mat-Material" name="bsdf" />
		<transform name="to_world">
			<matrix value="0.9999991135176153 0.001436097141772506 -9.592248786228174e-05 0.00047940599802731576 -0.0014365535692440255 0.9999874849558741 -0.004645995628577548 -0.018784853938110385 8.888116171743552e-05 0.004646135041497801 0.9999887712217999 -0.0003892948177178779 0.0 0.0 0.0 1.0" />
		</transform>
	</shape>
	<shape type="ply" name="temp12">
		<string name="filename" value="meshes/Cube_008.ply" />
		<boolean name="face_normals" value="true" />
		<ref id="mat-Material" name="bsdf" />
		<transform name="to_world">
			<matrix value="0.999997340552846 -0.0023524538872769975 9.181393701766489e-05 0.0002254835877031347 0.00235220122440947 0.9999935338938684 0.002673595728998284 -0.019644951281215683 -9.817016738560388e-05 -0.0026733750779582956 0.9999964540700421 4.478201263047321e-05 0.0 0.0 0.0 1.0" />
		</transform>
	</shape>
	<shape type="ply" name="temp13">
		<string name="filename" value="meshes/Cube_009.ply" />
		<boolean name="face_normals" value="true" />
		<ref id="mat-Material" name="bsdf" />
		<transform name="to_world">
			<matrix value="0.9999991135176153 -0.0010698652338331704 0.0009319484034095772 0.0016936845375405962 0.0010693127279367831 0.999999165663725 0.0005940732853892083 -0.0190894291313409 -0.0009326947114233894 -0.0005930764690054504 0.9999994090116737 0.0015793445553321517 0.0 0.0 0.0 1.0" />
		</transform>
	</shape>
	<shape type="ply" name="temp14">
		<string name="filename" value="meshes/Cube_010.ply" />
		<boolean name="face_normals" value="true" />
		<ref id="mat-Material" name="bsdf" />
		<transform name="to_world">
			<matrix value="0.9992391764933239 0.027005563980034335 0.006776236690351903 0.015838613425250503 -0.02700355767543043 0.9992619252726715 -0.0003563809718779387 0.030644570471561133 -0.006796203905132201 0.0001577239723584392 0.9999767150599427 0.010920330686334134 0.0 0.0 0.0 1.0" />
		</transform>
	</shape>
	<shape type="ply" name="temp15">
		<string name="filename" value="meshes/Cube_011.ply" />
		<boolean name="face_normals" value="true" />
		<ref id="mat-Material" name="bsdf" />
		<transform name="to_world">
			<matrix value="0.9796871426367886 0.1985672360316464 -0.0025717530746758666 0.059104976196278414 -0.1983303547525207 0.9790766191859799 0.034858039876109935 0.3306533572582855 0.009687563715921402 -0.033552134545067724 0.9993442393531089 -0.05512509723174008 0.0 0.0 0.0 1.0" />
		</transform>
	</shape>
	<shape type="ply" name="temp16">
		<string name="filename" value="meshes/Cube_012.ply" />
		<boolean name="face_normals" value="true" />
		<ref id="mat-Material" name="bsdf" />
		<transform name="to_world">
			<matrix value="0.9875349495680172 0.15536843246986481 0.008125853091649052 0.13066036212043597 -0.15489630815546063 0.9780832375584818 0.13485417481245576 0.3589614230127686 0.013577324312488587 -0.13432858874104914 0.9905243295710229 -0.38035578939931625 0.0 0.0 0.0 1.0" />
		</transform>
	</shape>
	<shape type="ply" name="temp17">
		<string name="filename" value="meshes/Cube_013.ply" />
		<boolean name="face_normals" value="true" />
		<ref id="mat-Material" name="bsdf" />
		<transform name="to_world">
			<matrix value="0.9806350139266382 0.17348358339086778 0.08891177064357683 0.17073740698893158 -0.1944400268072273 0.8878236964017163 0.4142647325115916 0.6614642865426832 -0.006279420134142514 -0.423464456231762 0.9047718052234858 -0.4382830071289989 0.0 0.0 0.0 1.0" />
		</transform>
	</shape>
	<shape type="ply" name="temp18">
		<string name="filename" value="meshes/Cube_014.ply" />
		<boolean name="face_normals" value="true" />
		<ref id="mat-Material" name="bsdf" />
		<transform name="to_world">
			<matrix value="0.9646180501997245 0.2577884248356879 0.053024973748298544 0.06489172057755727 -0.18548748552817507 0.5237200760080346 0.8298674625939848 0.8689171638648266 0.18693475666945022 -0.8103259543242607 0.5532040786704748 -0.5776078227444938 0.0 0.0 0.0 1.0" />
		</transform>
	</shape>
	<shape type="ply" name="temp19">
		<string name="filename" value="meshes/Cube_015.ply" />
		<boolean name="face_normals" value="true" />
		<ref id="mat-Material" name="bsdf" />
		<transform name="to_world">
			<matrix value="0.9704763690390708 0.23439718161206285 0.056331222480628586 0.024340055383313353 -0.14183740317396154 0.36570043573211963 0.9195284291388449 0.598794186264191 0.19507481468085747 -0.9003775371644664 0.3881412755230128 -0.37754771096088635 0.0 0.0 0.0 1.0" />
		</transform>
	</shape>
	<shape type="ply" name="temp20">
		<string name="filename" value="meshes/Cube_016.ply" />
		<boolean name="face_normals" value="true" />
		<ref id="mat-Material" name="bsdf" />
		<transform name="to_world">
			<matrix value="0.9650085456901886 0.24300200449290085 0.0980384151867925 0.07364347006662247 -0.18478193419818556 0.365978269711716 0.9117422761371679 0.3171035855154791 0.18591494733408154 -0.8979857036479268 0.39813689748149145 -0.25742295406920235 0.0 0.0 0.0 1.0" />
		</transform>
	</shape>
	<shape type="ply" name="temp21">
		<string name="filename" value="meshes/Cube_017.ply" />
		<boolean name="face_normals" value="true" />
		<ref id="mat-Material" name="bsdf" />
		<transform name="to_world">
			<matrix value="0.93743739218158 0.22981365099296447 0.2614960231213545 0.19257630015674854 -0.33214212262888126 0.3660891321442651 0.8689248173018688 0.11119561876388036 0.10405851581573222 -0.9014084639243424 0.41954887733493573 -0.0677579829751424 0.0 0.0 0.0 1.0" />
		</transform>
	</shape>
	<shape type="ply" name="temp22">
		<string name="filename" value="meshes/Cube_018.ply" />
		<boolean name="face_normals" value="true" />
		<ref id="mat-Material" name="bsdf" />
		<transform name="to_world">
			<matrix value="0.15879080256796219 0.9822621150841742 0.099648515602801 0.8650158727373405 -0.524578832219025 -0.0014628532631934638 0.8511158568787023 -0.061826785618428186 0.8361647580700924 -0.18745410629026976 0.515034743021728 -0.2800158344852851 0.0 0.0 0.0 1.0" />
		</transform>
	</shape>
	<shape type="ply" name="temp23">
		<string name="filename" value="meshes/Cube_019.ply" />
		<boolean name="face_normals" value="true" />
		<ref id="mat-Material" name="bsdf" />
		<transform name="to_world">
			<matrix value="-0.07247277169355368 0.988207282504177 -0.13486545086972207 0.4599982287652431 -0.9089030755619856 -0.009840097367043301 0.4164068287991921 -0.049172167618444076 0.4101693491623628 0.15280336988421497 0.8988957264924937 -0.04539797742303325 0.0 0.0 0.0 1.0" />
		</transform>
	</shape>
	<shape type="ply" name="temp24">
		<string name="filename" value="meshes/Cube_020.ply" />
		<boolean name="face_normals" value="true" />
		<ref id="mat-Material" name="bsdf" />
		<transform name="to_world">
			<matrix value="0.03978615928140993 0.9988966325904187 -0.02312363568083862 -0.1455732953312295 -0.8932354353172156 0.025178564475217935 -0.44877561474648403 0.3079104505016195 -0.44775672399364086 0.03847810969300945 0.8933145505744557 0.14991588792025512 0.0 0.0 0.0 1.0" />
		</transform>
	</shape>
	<shape type="ply" name="temp25">
		<string name="filename" value="meshes/Cube_021.ply" />
		<boolean name="face_normals" value="true" />
		<ref id="mat-Material" name="bsdf" />
		<transform name="to_world">
			<matrix value="0.2095204662188158 0.9472114395846675 -0.24211089683187706 -0.19929211866294916 -0.6960564387875049 -0.029449755226595306 -0.7173365479946348 0.24971597243077226 -0.6865544557264103 0.3188655946836093 0.6532458733649127 0.21709595125052877 0.0 0.0 0.0 1.0" />
		</transform>
	</shape>
	<shape type="ply" name="temp26">
		<string name="filename" value="meshes/Cube_022.ply" />
		<boolean name="face_normals" value="true" />
		<ref id="mat-Material" name="bsdf" />
		<transform name="to_world">
			<matrix value="0.6117266992537591 0.3982109744421941 -0.6833677209740812 -0.08896018484362583 -0.738951105177589 -0.020207988561249668 -0.6732819141970052 -0.219745518641559 -0.28197688231237156 0.9170612381967491 0.2818770829383561 0.6623038348716634 0.0 0.0 0.0 1.0" />
		</transform>
	</shape>
	<shape type="ply" name="temp27">
		<string name="filename" value="meshes/Cube_023.ply" />
		<boolean name="face_normals" value="true" />
		<ref id="mat-Material" name="bsdf" />
		<transform name="to_world">
			<matrix value="0.8562754974495901 0.2768441438979774 -0.4359665330402661 -0.08028654138427466 -0.48689513090685377 0.1518985113355012 -0.8600662568832409 -0.29190224156302 -0.17190531215704213 0.9487199195699831 0.2649092171012164 0.19373036923518094 0.0 0.0 0.0 1.0" />
		</transform>
	</shape>
	<shape type="ply" name="temp28">
		<string name="filename" value="meshes/Cube_024.ply" />
		<boolean name="face_normals" value="true" />
		<ref id="mat-Material" name="bsdf" />
		<transform name="to_world">
			<matrix value="0.8815167536305886 0.31914217715879295 -0.34795927003013094 -0.13969784563784488 -0.41195042524559994 0.15977084954205367 -0.8970895479695769 -0.5385594391114307 -0.23070533414180527 0.9341411446676526 0.2723114640861122 -0.2116293596456566 0.0 0.0 0.0 1.0" />
		</transform>
	</shape>
	<shape type="ply" name="temp29">
		<string name="filename" value="meshes/Cube_025.ply" />
		<boolean name="face_normals" value="true" />
		<ref id="mat-Material" name="bsdf" />
		<transform name="to_world">
			<matrix value="0.8846325175922429 0.4029359250599158 -0.23465086300843319 -0.29434491214371455 -0.3365383217470086 0.20342319830296002 -0.9194310342626664 -0.8027936400984134 -0.3227436142241418 0.8923325539241964 0.3155588078299807 -0.7271914791974552 0.0 0.0 0.0 1.0" />
		</transform>
	</shape>
	<shape type="ply" name="temp30">
		<string name="filename" value="meshes/Cube_026.ply" />
		<boolean name="face_normals" value="true" />
		<ref id="mat-Material" name="bsdf" />
		<transform name="to_world">
			<matrix value="0.9216174491646677 0.24087726287641603 -0.30428889684227844 -0.3171605980982259 -0.3552111645364495 0.20775652190237015 -0.9114044672098401 -1.1424989434713493 -0.15631798211787734 0.9480541192224821 0.2770322788368026 -0.829648912299241 0.0 0.0 0.0 1.0" />
		</transform>
	</shape>
	<shape type="ply" name="temp31">
		<string name="filename" value="meshes/Cube_027.ply" />
		<boolean name="face_normals" value="true" />
		<ref id="mat-Material" name="bsdf" />
		<transform name="to_world">
			<matrix value="0.8728159290246744 0.16961330599491473 -0.4576272007814284 -0.5409708133961018 -0.48534866238672975 0.2031804585929336 -0.8503827949587277 -1.5761845449477911 -0.05125676607680129 0.9643368173825619 0.25966194994943503 -0.9554340153051067 0.0 0.0 0.0 1.0" />
		</transform>
	</shape>
	<shape type="ply" name="temp32">
		<string name="filename" value="meshes/Cube_028.ply" />
		<boolean name="face_normals" value="true" />
		<ref id="mat-Material" name="bsdf" />
		<transform name="to_world">
			<matrix value="-0.10758270437408139 0.9806196198346763 0.16374080954053732 -1.449157823012809 -0.8427209601668005 -0.002562992388767331 -0.538344149995674 -2.093576885928953 -0.5274911484733886 -0.1959043788053556 0.8266645422606296 -1.1510086277896172 0.0 0.0 0.0 1.0" />
		</transform>
	</shape>
	<shape type="ply" name="temp33">
		<string name="filename" value="meshes/Cube_029.ply" />
		<boolean name="face_normals" value="true" />
		<ref id="mat-Material" name="bsdf" />
		<transform name="to_world">
			<matrix value="-0.010731990667113455 0.9848360424927465 0.17314903638171417 -1.6594590118899133 -0.9994246729323242 -0.004992192698306089 -0.033546624960226486 -1.9387947486794943 -0.03217295670242737 -0.17340964033849024 0.9843230890628862 -0.2535722632921382 0.0 0.0 0.0 1.0" />
		</transform>
	</shape>
	<shape type="ply" name="temp34">
		<string name="filename" value="meshes/Cube_030.ply" />
		<boolean name="face_normals" value="true" />
		<ref id="mat-Material" name="bsdf" />
		<transform name="to_world">
			<matrix value="-0.034634956823201266 0.9820293135019644 -0.1855215469301963 -3.1889072261279305 -0.9792430127684819 0.00374271196070219 0.20263012300305133 -1.9506571259507812 0.19968317973678984 0.18869042675795084 0.9615159856553948 0.2312073653130785 0.0 0.0 0.0 1.0" />
		</transform>
	</shape>
	<shape type="ply" name="temp35">
		<string name="filename" value="meshes/Cube_031.ply" />
		<boolean name="face_normals" value="true" />
		<ref id="mat-Material" name="bsdf" />
		<transform name="to_world">
			<matrix value="0.10321728835676305 0.9849971736858683 0.1382919657264594 -2.0098902829549283 -0.8098286961439789 0.002493436902276278 0.5866598096261124 -1.3059058060147521 0.5775131332365295 -0.1725464464575125 0.7979363633226026 0.54600993428301 0.0 0.0 0.0 1.0" />
		</transform>
	</shape>
	<shape type="ply" name="temp36">
		<string name="filename" value="meshes/Cube_032.ply" />
		<boolean name="face_normals" value="true" />
		<ref id="mat-Material" name="bsdf" />
		<transform name="to_world">
			<matrix value="0.7699837507778883 0.585537093547869 0.25351708972763004 -0.5623027430930767 -0.28515837894285206 -0.039648327260060526 0.9576584049650585 0.2933215243116686 0.5707955913458044 -0.8096749634456419 0.1364419949685618 -0.18561885259658784 0.0 0.0 0.0 1.0" />
		</transform>
	</shape>
	<shape type="ply" name="temp37">
		<string name="filename" value="meshes/Cube_033.ply" />
		<boolean name="face_normals" value="true" />
		<ref id="mat-Material" name="bsdf" />
		<transform name="to_world">
			<matrix value="0.9782310953199049 0.16007620618952367 0.13206007656371965 -0.1317956199251149 -0.14986197469270088 0.10473358599816865 0.9831432399682095 0.3006832182015999 0.14354709526317 -0.98153175796739 0.1264429807370901 -0.39105684085465353 0.0 0.0 0.0 1.0" />
		</transform>
	</shape>
	<shape type="ply" name="temp38">
		<string name="filename" value="meshes/Cube_034.ply" />
		<boolean name="face_normals" value="true" />
		<ref id="mat-Material" name="bsdf" />
		<transform name="to_world">
			<matrix value="0.9999242057561075 0.003326782403013623 0.011872695441021493 -0.03605368696844646 -0.01227868302403963 0.18092861627414622 0.9834195861095996 0.3693770756361189 0.0011235144771438248 -0.9834905709571715 0.18095574395738076 -0.3468263654560546 0.0 0.0 0.0 1.0" />
		</transform>
	</shape>
	<shape type="ply" name="temp39">
		<string name="filename" value="meshes/Cube_035.ply" />
		<boolean name="face_normals" value="true" />
		<ref id="mat-Material" name="bsdf" />
		<transform name="to_world">
			<matrix value="0.9990259774798015 -0.044048178748203576 0.0026626033461286244 0.00907547642350437 0.006750494657170668 0.21217296625318355 0.9772087715905766 0.09187905251760735 -0.043609213300072516 -0.9762388329304185 0.2122636814979521 -0.13944217490778582 0.0 0.0 0.0 1.0" />
		</transform>
	</shape>
	<shape type="ply" name="temp40">
		<string name="filename" value="meshes/Cube_036.ply" />
		<boolean name="face_normals" value="true" />
		<ref id="mat-Material" name="bsdf" />
		<transform name="to_world">
			<matrix value="0.9997207580488168 -0.023472653585664437 0.002736855119448197 0.0046112767028627655 0.002308900992328382 0.2122787183760479 0.9772065258349365 -0.25077438232589716 -0.023518617016561265 -0.9769272646493807 0.21227362192160093 0.24138259002008372 0.0 0.0 0.0 1.0" />
		</transform>
	</shape>
	<shape type="ply" name="temp41">
		<string name="filename" value="meshes/Cube_037.ply" />
		<boolean name="face_normals" value="true" />
		<ref id="mat-Material" name="bsdf" />
		<transform name="to_world">
			<matrix value="0.9989535075448516 -0.04564598486096829 0.002994726965757191 -0.003640725778428555 0.006776284645947801 0.2124068932863046 0.9771578283968473 -0.569333363738427 -0.04523945662175746 -0.9761146211174683 0.21249380053245687 0.5080964385035391 0.0 0.0 0.0 1.0" />
		</transform>
	</shape>
	<shape type="ply" name="temp42">
		<string name="filename" value="meshes/Cube_038.ply" />
		<boolean name="face_normals" value="true" />
		<ref id="mat-Material" name="bsdf" />
		<transform name="to_world">
			<matrix value="0.9992828357507708 -0.037751442880295694 0.0030342049859557532 0.0041493809589634445 0.005058760484870405 0.21244329120630423 0.9771603105478177 -0.9045936259211103 -0.03753382595159452 -0.9764438710700154 0.21248192166709767 0.8547937000944492 0.0 0.0 0.0 1.0" />
		</transform>
	</shape>
	<shape type="ply" name="temp43">
		<string name="filename" value="meshes/Cube_039.ply" />
		<boolean name="face_normals" value="true" />
		<ref id="mat-Material" name="bsdf" />
		<transform name="to_world">
			<matrix value="0.9999656766136118 -0.0039893300424899995 -0.007265632996305437 0.019362178386597373 0.008276593333000074 0.43300430710886506 0.9013538369101763 -1.3192810597831732 -0.00044974776903645227 -0.9013830818311854 0.4330224297538988 1.4690667954502887 0.0 0.0 0.0 1.0" />
		</transform>
	</shape>
	<shape type="ply" name="temp47">
		<string name="filename" value="meshes/Plane_001.ply" />
		<boolean name="face_normals" value="true" />
		<ref id="mat-Material.002" name="bsdf" />
	</shape>
	<shape type="ply" name="temp49">
		<string name="filename" value="meshes/Plane_002.ply" />
		<boolean name="face_normals" value="true" />
		<ref id="mat-Material.003" name="bsdf" />
	</shape>
	<shape type="ply" name="temp51">
		<string name="filename" value="meshes/Plane_003.ply" />
		<boolean name="face_normals" value="true" />
		<ref id="mat-Material.004" name="bsdf" />
	</shape>
	<shape type="ply" name="temp53">
		<string name="filename" value="meshes/Plane_004.ply" />
		<boolean name="face_normals" value="true" />
		<ref id="mat-Material.005" name="bsdf" />
	</shape>
	<emitter type="point">
		<transform name="to_world">
			<rotate x="1" angle="-142.5518126578256" />
			<rotate y="1" angle="3.976628485794621e-06" />
			<rotate z="1" angle="-179.999991348578" />
			<translate value="-0.000000 3.030926 4.073377" />
		</transform>
		<rgb name="intensity" value="100" />
	</emitter>
</scene>