<scene version="2.1.0">
	<default name="spp" value="1024" />
	<default name="resx" value="1280" />
	<default name="resy" value="720" />
	<integrator type="path" name="temp0">
		<integer name="max_depth" value="12" />
	</integrator>
	<sensor type="perspective" name="temp44">
		<string name="fov_axis" value="x" />
		<float name="fov" value="83.974423" />
		<float name="principal_point_offset_x" value="0.000000" />
		<float name="principal_point_offset_y" value="-0.000000" />
		<float name="near_clip" value="0.100000" />
		<float name="far_clip" value="1000.000000" />
		<transform name="to_world">
			<rotate x="1" angle="-142.5518126578256" />
			<rotate y="1" angle="3.976628485794621e-06" />
			<rotate z="1" angle="-179.999991348578" />
			<translate value="-0.000000 3.030926 4.073377" />
		</transform>
		<sampler type="independent" name="sampler">
			<integer name="sample_count" value="$spp" />
		</sampler>
		<film type="hdrfilm" name="film">
			<integer name="width" value="$resx" />
			<integer name="height" value="$resy" />
		</film>
		<float name="shutter_open" value="0.0" />
		<float name="shutter_close" value="0.0015" />
	</sensor>
	<bsdf type="twosided" id="mat-Material" name="mat-Material">
		<bsdf type="diffuse" name="bsdf">
			<texture type="bitmap" name="reflectance">
				<string name="filename" value="textures/siggraph_2023_logo.jpg" />
			</texture>
		</bsdf>
	</bsdf>
	<bsdf type="twosided" id="mat-Material.001" name="mat-Material.001">
		<bsdf type="principled" name="bsdf">
			<rgb value="0.433648 0.266232 0.084399" name="base_color" />
			<float name="spec_tint" value="0.000000" />
			<float name="spec_trans" value="0.000000" />
			<float name="metallic" value="0.000000" />
			<float name="anisotropic" value="0.000000" />
			<float name="roughness" value="0.500000" />
			<float name="sheen" value="0.000000" />
			<float name="sheen_tint" value="0.500000" />
			<float name="clearcoat" value="0.000000" />
			<float name="clearcoat_gloss" value="0.173205" />
			<float name="specular" value="0.500000" />
		</bsdf>
	</bsdf>
	<bsdf type="twosided" id="mat-Material.002" name="mat-Material.002">
		<bsdf type="principled" name="bsdf">
			<rgb value="0.433648 0.266232 0.084399" name="base_color" />
			<float name="spec_tint" value="0.000000" />
			<float name="spec_trans" value="0.000000" />
			<float name="metallic" value="0.000000" />
			<float name="anisotropic" value="0.000000" />
			<float name="roughness" value="0.500000" />
			<float name="sheen" value="0.000000" />
			<float name="sheen_tint" value="0.500000" />
			<float name="clearcoat" value="0.000000" />
			<float name="clearcoat_gloss" value="0.173205" />
			<float name="specular" value="0.500000" />
		</bsdf>
	</bsdf>
	<bsdf type="twosided" id="mat-Material.003" name="mat-Material.003">
		<bsdf type="principled" name="bsdf">
			<rgb value="0.433648 0.266232 0.084399" name="base_color" />
			<float name="spec_tint" value="0.000000" />
			<float name="spec_trans" value="0.000000" />
			<float name="metallic" value="0.000000" />
			<float name="anisotropic" value="0.000000" />
			<float name="roughness" value="0.500000" />
			<float name="sheen" value="0.000000" />
			<float name="sheen_tint" value="0.500000" />
			<float name="clearcoat" value="0.000000" />
			<float name="clearcoat_gloss" value="0.173205" />
			<float name="specular" value="0.500000" />
		</bsdf>
	</bsdf>
	<bsdf type="twosided" id="mat-Material.004" name="mat-Material.004">
		<bsdf type="principled" name="bsdf">
			<rgb value="0.433648 0.266232 0.084399" name="base_color" />
			<float name="spec_tint" value="0.000000" />
			<float name="spec_trans" value="0.000000" />
			<float name="metallic" value="0.000000" />
			<float name="anisotropic" value="0.000000" />
			<float name="roughness" value="0.500000" />
			<float name="sheen" value="0.000000" />
			<float name="sheen_tint" value="0.500000" />
			<float name="clearcoat" value="0.000000" />
			<float name="clearcoat_gloss" value="0.173205" />
			<float name="specular" value="0.500000" />
		</bsdf>
	</bsdf>
	<bsdf type="twosided" id="mat-Material.005" name="mat-Material.005">
		<bsdf type="principled" name="bsdf">
			<rgb value="0.433648 0.266232 0.084399" name="base_color" />
			<float name="spec_tint" value="0.000000" />
			<float name="spec_trans" value="0.000000" />
			<float name="metallic" value="0.000000" />
			<float name="anisotropic" value="0.000000" />
			<float name="roughness" value="0.500000" />
			<float name="sheen" value="0.000000" />
			<float name="sheen_tint" value="0.500000" />
			<float name="clearcoat" value="0.000000" />
			<float name="clearcoat_gloss" value="0.173205" />
			<float name="specular" value="0.500000" />
		</bsdf>
	</bsdf>
	<emitter type="point" name="temp45">
		<point name="position" x="-6.815235034541981e-16" y="3.0693089962005615" z="4.109199523925781" />
		<rgb value="7.957747 7.957747 7.957747" name="intensity" />
	</emitter>
	<shape type="ply" name="temp2">
		<string name="filename" value="meshes/Cube.ply" />
		<boolean name="face_normals" value="true" />
		<ref id="mat-Material" name="bsdf" />
		<transform name="to_world">
			<matrix value="0.9999991135176153 0.0002640465726508741 0.001400103352038508 -0.002345101919872139 -0.00026335618684921114 0.9999997914159312 -0.0004936289094468775 -0.01654436178874269 -0.0014002343859425169 0.0004932596058178269 0.999999054418678 0.0030757705241371003 0.0 0.0 0.0 1.0" />
		</transform>
	</shape>
	<shape type="ply" name="temp4">
		<string name="filename" value="meshes/Plane.ply" />
		<boolean name="face_normals" value="true" />
		<ref id="mat-Material.001" name="bsdf" />
	</shape>
	<shape type="ply" name="temp5">
		<string name="filename" value="meshes/Cube_001.ply" />
		<boolean name="face_normals" value="true" />
		<ref id="mat-Material" name="bsdf" />
		<transform name="to_world">
			<matrix value="0.9999986702764229 -2.6600517705658676e-05 -0.0016914251376175416 0.00225258057450084 2.7327725445767668e-05 0.9999997914159312 0.0004299818306548954 -0.0182477560996831 0.0016914128224358054 -0.0004300273453714152 0.9999985816280168 -0.0039057207596738808 0.0 0.0 0.0 1.0" />
		</transform>
	</shape>
	<shape type="ply" name="temp6">
		<string name="filename" value="meshes/Cube_002.ply" />
		<boolean name="face_normals" value="true" />
		<ref id="mat-Material" name="bsdf" />
		<transform name="to_world">
			<matrix value="1.0 -2.813027326598849e-05 0.000372296642098888 -0.000869467350987474 2.8795828923083468e-05 0.99999833132745 -0.0017879477150263747 -0.01660718250149218 -0.0003722454776101144 0.0017879576073738643 0.9999983452326863 0.0008418000911670775 0.0 0.0 0.0 1.0" />
		</transform>
	</shape>
	<shape type="ply" name="temp7">
		<string name="filename" value="meshes/Cube_003.ply" />
		<boolean name="face_normals" value="true" />
		<ref id="mat-Material" name="bsdf" />
		<transform name="to_world">
			<matrix value="0.9999991135176153 0.0003330044657849123 0.0013440516552164648 -0.0011857988620316284 -0.00033646261615135443 0.9999966626548998 0.0025727376612275253 -0.017656498771407292 -0.0013431936768984465 -0.0025731765059248306 0.9999957448840504 0.0038921832566582437 0.0 0.0 0.0 1.0" />
		</transform>
	</shape>
	<shape type="ply" name="temp8">
		<string name="filename" value="meshes/Cube_004.ply" />
		<boolean name="face_normals" value="true" />
		<ref id="mat-Material" name="bsdf" />
		<transform name="to_world">
			<matrix value="0.9999995567588077 0.0001577362788184964 0.0010790004827192648 -0.000525467319506312 -0.00015750265501474222 1.0 -0.00021686269355458677 -0.017412741796407005 -0.001079035223491074 0.00021669173151893007 0.9999995272093389 0.00339090539627206 0.0 0.0 0.0 1.0" />
		</transform>
	</shape>
	<shape type="ply" name="temp9">
		<string name="filename" value="meshes/Cube_005.ply" />
		<boolean name="face_normals" value="true" />
		<ref id="mat-Material" name="bsdf" />
		<transform name="to_world">
			<matrix value="0.9999995567588077 -0.0007319027247336903 0.0008063633840653472 -0.0006417668186204928 0.000736174863969278 0.9999856076992553 -0.005308233507525173 -0.021313130739496366 -0.0008024660166977823 0.005308825400533558 0.9999855798848376 0.0018822396764682225 0.0 0.0 0.0 1.0" />
		</transform>
	</shape>
	<shape type="ply" name="temp10">
		<string name="filename" value="meshes/Cube_006.ply" />
		<boolean name="face_normals" value="true" />
		<ref id="mat-Material" name="bsdf" />
		<transform name="to_world">
			<matrix value="0.9999991135176153 0.00024199923658230833 -0.0014032450459812557 -0.0012106074621742735 -0.00024313197772447064 0.9999995828318625 -0.0008067534363607223 -0.01774530529098539 0.0014030489675139666 0.0008070931098424565 0.9999988180233473 -0.0034074733896626297 0.0 0.0 0.0 1.0" />
		</transform>
	</shape>
	<shape type="ply" name="temp11">
		<string name="filename" value="meshes/Cube_007.ply" />
		<boolean name="face_normals" value="true" />
		<ref id="mat-Material" name="bsdf" />
		<transform name="to_world">
			<matrix value="0.9999986702764229 -0.0017177982700037338 -7.272560506566826e-05 0.0006039982597334514 0.0017181003746274558 0.9999889450443554 0.004401255542879512 -0.017360798328221905 6.51644336175396e-05 -0.00440136580848228 0.9999903077914484 -3.869932880595783e-06 0.0 0.0 0.0 1.0" />
		</transform>
	</shape>
	<shape type="ply" name="temp12">
		<string name="filename" value="meshes/Cube_008.ply" />
		<boolean name="face_normals" value="true" />
		<ref id="mat-Material" name="bsdf" />
		<transform name="to_world">
			<matrix value="1.0 -0.00059820659417675 0.00010069306383004878 0.0002587019969304549 0.0005981451242582359 0.9999995828318625 0.0006248330457978129 -0.018319748114977163 -0.00010106652695704283 -0.0006247718611747872 1.0 6.837663273340233e-05 0.0 0.0 0.0 1.0" />
		</transform>
	</shape>
	<shape type="ply" name="temp13">
		<string name="filename" value="meshes/Cube_009.ply" />
		<boolean name="face_normals" value="true" />
		<ref id="mat-Material" name="bsdf" />
		<transform name="to_world">
			<matrix value="0.9999991135176153 0.0009830483727313877 0.0009184005870168849 0.0016376363923966686 -0.000982736642040186 0.9999993742477937 -0.0003427685013623463 -0.01627923258054015 -0.0009187370462761534 0.0003418651170260918 0.9999995272093389 0.0015704360945341111 0.0 0.0 0.0 1.0" />
		</transform>
	</shape>
	<shape type="ply" name="temp14">
		<string name="filename" value="meshes/Cube_010.ply" />
		<boolean name="face_normals" value="true" />
		<ref id="mat-Material" name="bsdf" />
		<transform name="to_world">
			<matrix value="0.9999818271111135 -0.0005644910653014144 0.006063965739697537 0.01289723695121836 0.0005632398803603374 0.9999997914159312 0.00020814065143934027 -0.018457434415578955 -0.006064075833249118 -0.00020472130039651834 0.9999817975595491 0.009972436691269237 0.0 0.0 0.0 1.0" />
		</transform>
	</shape>
	<shape type="ply" name="temp15">
		<string name="filename" value="meshes/Cube_011.ply" />
		<boolean name="face_normals" value="true" />
		<ref id="mat-Material" name="bsdf" />
		<transform name="to_world">
			<matrix value="0.9996055153388047 0.028085135673507528 -0.0007976427603220839 0.007370624510521839 -0.02808315913954474 0.9996026473490008 0.0023861508268399477 0.027894023467148088 0.0008643424871504379 -0.002362809043370886 0.9999969268607032 -0.01228561642838466 0.0 0.0 0.0 1.0" />
		</transform>
	</shape>
	<shape type="ply" name="temp16">
		<string name="filename" value="meshes/Cube_012.ply" />
		<boolean name="face_normals" value="true" />
		<ref id="mat-Material" name="bsdf" />
		<transform name="to_world">
			<matrix value="0.9986849033822849 0.050914265690215114 0.0060333761839269145 0.09959903218395971 -0.051140193643212116 0.9976098351560105 0.04646508606444799 0.1087492909189755 -0.0036532116370315607 -0.04671252735058602 0.9989017072943561 -0.19754852164469927 0.0 0.0 0.0 1.0" />
		</transform>
	</shape>
	<shape type="ply" name="temp17">
		<string name="filename" value="meshes/Cube_013.ply" />
		<boolean name="face_normals" value="true" />
		<ref id="mat-Material" name="bsdf" />
		<transform name="to_world">
			<matrix value="0.9935428623097831 0.0966363315902658 0.05945222001218854 0.12858960615329296 -0.1077989174277118 0.967448995980585 0.22895776608303814 0.3569139821604651 -0.03539135094596536 -0.23388823648427381 0.9716193221978525 -0.261497435403385 0.0 0.0 0.0 1.0" />
		</transform>
	</shape>
	<shape type="ply" name="temp18">
		<string name="filename" value="meshes/Cube_014.ply" />
		<boolean name="face_normals" value="true" />
		<ref id="mat-Material" name="bsdf" />
		<transform name="to_world">
			<matrix value="0.9797226019321771 0.20034351710285073 -0.0025016772248701124 0.015703189401179873 -0.14823257574548737 0.7331761304735068 0.663686745928445 0.6877537836655732 0.13479948654940277 -0.649857849957136 0.7480065963753031 -0.38743926595682865 0.0 0.0 0.0 1.0" />
		</transform>
	</shape>
	<shape type="ply" name="temp19">
		<string name="filename" value="meshes/Cube_015.ply" />
		<boolean name="face_normals" value="true" />
		<ref id="mat-Material" name="bsdf" />
		<transform name="to_world">
			<matrix value="0.9749923319273722 0.22182561120346753 0.013561716438127543 0.0006494188348906693 -0.13048852271256517 0.5220047849185375 0.8429020647240959 0.5445269966976783 0.17989794814787236 -0.8235923182659155 0.5378962990419842 -0.3239116174771546 0.0 0.0 0.0 1.0" />
		</transform>
	</shape>
	<shape type="ply" name="temp20">
		<string name="filename" value="meshes/Cube_016.ply" />
		<boolean name="face_normals" value="true" />
		<ref id="mat-Material" name="bsdf" />
		<transform name="to_world">
			<matrix value="0.9763109744746262 0.20378776153834924 0.07271981338007026 0.08124197774561981 -0.1673480613516729 0.4981350498411633 0.8507974323684779 0.2855034708640214 0.1371577956374429 -0.8428118801142207 0.5204380310916594 -0.238445484258061 0.0 0.0 0.0 1.0" />
		</transform>
	</shape>
	<shape type="ply" name="temp21">
		<string name="filename" value="meshes/Cube_017.ply" />
		<boolean name="face_normals" value="true" />
		<ref id="mat-Material" name="bsdf" />
		<transform name="to_world">
			<matrix value="0.9487125616326878 0.21414304278267834 0.2325677355360335 0.20691333268792866 -0.31030815014174856 0.49011102929980416 0.8145551914542143 0.09204727260376977 0.06044737220026701 -0.8449459037217656 0.5314247404733864 -0.132437312326532 0.0 0.0 0.0 1.0" />
		</transform>
	</shape>
	<shape type="ply" name="temp22">
		<string name="filename" value="meshes/Cube_018.ply" />
		<boolean name="face_normals" value="true" />
		<ref id="mat-Material" name="bsdf" />
		<transform name="to_world">
			<matrix value="0.0906094920987825 0.9883311814410239 0.12243866841347056 0.8742330968411479 -0.6173764731121028 -0.040724475046044935 0.7856133111373876 0.023532612428157094 0.7814324491558028 -0.14677474797829893 0.6064823854747362 -0.3371668951542313 0.0 0.0 0.0 1.0" />
		</transform>
	</shape>
	<shape type="ply" name="temp23">
		<string name="filename" value="meshes/Cube_019.ply" />
		<boolean name="face_normals" value="true" />
		<ref id="mat-Material" name="bsdf" />
		<transform name="to_world">
			<matrix value="-0.08073283725779085 0.9888157222327674 -0.1254014583700731 0.45505248043465124 -0.8718478902605726 -0.009080042050548263 0.4896931635888782 -0.08686088253122035 0.4830779377582988 0.14886526094909924 0.8628297182971404 -0.03667331332510815 0.0 0.0 0.0 1.0" />
		</transform>
	</shape>
	<shape type="ply" name="temp24">
		<string name="filename" value="meshes/Cube_020.ply" />
		<boolean name="face_normals" value="true" />
		<ref id="mat-Material" name="bsdf" />
		<transform name="to_world">
			<matrix value="0.08057537399855372 0.9967432876235406 0.0032185697597998768 -0.16000071911294506 -0.9002520294302029 0.07416045151995426 -0.4290064642486917 0.28794428109491355 -0.42784794265730886 0.031669817109238704 0.9032958706315762 0.1358487109290808 0.0 0.0 0.0 1.0" />
		</transform>
	</shape>
	<shape type="ply" name="temp25">
		<string name="filename" value="meshes/Cube_021.ply" />
		<boolean name="face_normals" value="true" />
		<ref id="mat-Material" name="bsdf" />
		<transform name="to_world">
			<matrix value="0.14269157327574744 0.9662419199746363 -0.21451256937611962 -0.26206350887234164 -0.7197390373155895 -0.0474776971484472 -0.6926194068273809 0.23275841452905133 -0.6794227049414302 0.25322397965888166 0.6886673496915751 0.20327796526100306 0.0 0.0 0.0 1.0" />
		</transform>
	</shape>
	<shape type="ply" name="temp26">
		<string name="filename" value="meshes/Cube_022.ply" />
		<boolean name="face_normals" value="true" />
		<ref id="mat-Material" name="bsdf" />
		<transform name="to_world">
			<matrix value="0.6697844252136866 0.44574311203258915 -0.593887242264081 -0.09000434044718464 -0.6564721192425185 -0.01833369487905253 -0.7541278170640551 -0.11646066061181515 -0.3470353812849385 0.8949731239427396 0.2803381493366038 0.6079270905318179 0.0 0.0 0.0 1.0" />
		</transform>
	</shape>
	<shape type="ply" name="temp27">
		<string name="filename" value="meshes/Cube_023.ply" />
		<boolean name="face_normals" value="true" />
		<ref id="mat-Material" name="bsdf" />
		<transform name="to_world">
			<matrix value="0.8471832908708271 0.3195101194560962 -0.42449296747531207 -0.1102182910403251 -0.4869682657035922 0.14745147813100332 -0.8608834755408844 -0.29278101434871595 -0.21246877365799863 0.9360401983217327 0.2805095359512383 0.15369585988692436 0.0 0.0 0.0 1.0" />
		</transform>
	</shape>
	<shape type="ply" name="temp28">
		<string name="filename" value="meshes/Cube_024.ply" />
		<boolean name="face_normals" value="true" />
		<ref id="mat-Material" name="bsdf" />
		<transform name="to_world">
			<matrix value="0.8901027787676831 0.31676953337657976 -0.3276803329959184 -0.13322057635704165 -0.3932703576247237 0.17046349465920493 -0.9034826232884386 -0.5227610195819065 -0.2303381753001186 0.9330591148109291 0.2763059541837482 -0.20909289973374812 0.0 0.0 0.0 1.0" />
		</transform>
	</shape>
	<shape type="ply" name="temp29">
		<string name="filename" value="meshes/Cube_025.ply" />
		<boolean name="face_normals" value="true" />
		<ref id="mat-Material" name="bsdf" />
		<transform name="to_world">
			<matrix value="0.8881494148329778 0.40175022892101553 -0.2231314485691227 -0.2858437683409718 -0.3232819084901964 0.20111031385644826 -0.9246856296696944 -0.7928273989897038 -0.3266187168344778 0.8933930996218371 0.308494487970078 -0.7369903679492786 0.0 0.0 0.0 1.0" />
		</transform>
	</shape>
	<shape type="ply" name="temp30">
		<string name="filename" value="meshes/Cube_026.ply" />
		<boolean name="face_normals" value="true" />
		<ref id="mat-Material" name="bsdf" />
		<transform name="to_world">
			<matrix value="0.9226530822106034 0.25238839187940504 -0.29156763672278535 -0.30880499078621304 -0.3453958321144201 0.20460042592866842 -0.915882503956076 -1.133756462369658 -0.17150331455763643 0.9457477008821021 0.27594899723464744 -0.8472407621486104 0.0 0.0 0.0 1.0" />
		</transform>
	</shape>
	<shape type="ply" name="temp31">
		<string name="filename" value="meshes/Cube_027.ply" />
		<boolean name="face_normals" value="true" />
		<ref id="mat-Material" name="bsdf" />
		<transform name="to_world">
			<matrix value="0.8748016495664215 0.17751215523660735 -0.4507905296248264 -0.5338227960069246 -0.4805448143439942 0.19954080217261166 -0.8539674937508894 -1.571558314941115 -0.06163849425648063 0.963676753096952 0.2598611130154068 -0.968966773968905 0.0 0.0 0.0 1.0" />
		</transform>
	</shape>
	<shape type="ply" name="temp32">
		<string name="filename" value="meshes/Cube_028.ply" />
		<boolean name="face_normals" value="true" />
		<ref id="mat-Material" name="bsdf" />
		<transform name="to_world">
			<matrix value="-0.1086777317397926 0.9805929210738743 0.16317703031675557 -1.4525805687702822 -0.8387147246497065 -0.0023342059100210045 -0.5445661932928971 -2.096782155466786 -0.5336167417517247 -0.1960411786668558 0.8226914459404067 -1.1639783914729966 0.0 0.0 0.0 1.0" />
		</transform>
	</shape>
	<shape type="ply" name="temp33">
		<string name="filename" value="meshes/Cube_029.ply" />
		<boolean name="face_normals" value="true" />
		<ref id="mat-Material" name="bsdf" />
		<transform name="to_world">
			<matrix value="-0.007518487590133097 0.9861201903121044 0.16586207939951803 -1.6641989481377057 -0.9996817528238896 -0.0034169074074460342 -0.025000366412762324 -1.9274975321977892 -0.024086630604563255 -0.16599720914515992 0.9858321186553266 -0.2315294880686667 0.0 0.0 0.0 1.0" />
		</transform>
	</shape>
	<shape type="ply" name="temp34">
		<string name="filename" value="meshes/Cube_030.ply" />
		<boolean name="face_normals" value="true" />
		<ref id="mat-Material" name="bsdf" />
		<transform name="to_world">
			<matrix value="-0.04155987079210131 0.9821371792667687 -0.1835194468268677 -3.2030527459244094 -0.9709871278892328 0.003590320801718043 0.2391042992538218 -1.8774310082646106 0.23549214869274324 0.18813216756548473 0.9534935823254425 0.30371598809080247 0.0 0.0 0.0 1.0" />
		</transform>
	</shape>
	<shape type="ply" name="temp35">
		<string name="filename" value="meshes/Cube_031.ply" />
		<boolean name="face_normals" value="true" />
		<ref id="mat-Material" name="bsdf" />
		<transform name="to_world">
			<matrix value="0.09979983227753281 0.9862555613727335 0.13168177311627197 -2.025783657114931 -0.8049215729034249 0.0022246346128575395 0.5933773375361272 -1.2860599104379926 0.5849285583846163 -0.165212390728021 0.7940802826909921 0.5601186118456289 0.0 0.0 0.0 1.0" />
		</transform>
	</shape>
	<shape type="ply" name="temp36">
		<string name="filename" value="meshes/Cube_032.ply" />
		<boolean name="face_normals" value="true" />
		<ref id="mat-Material" name="bsdf" />
		<transform name="to_world">
			<matrix value="0.7724102746854318 0.5816414731875609 0.25509892908187365 -0.5503881434692972 -0.2897541695698965 -0.034705135131188954 0.9564718186034615 0.27369907788619524 0.5651768443709255 -0.8127044384603993 0.14172644710583562 -0.19343072438453346 0.0 0.0 0.0 1.0" />
		</transform>
	</shape>
	<shape type="ply" name="temp37">
		<string name="filename" value="meshes/Cube_033.ply" />
		<boolean name="face_normals" value="true" />
		<ref id="mat-Material" name="bsdf" />
		<transform name="to_world">
			<matrix value="0.9782093765014795 0.15947451415555783 0.13294417146036996 -0.1308299590346529 -0.14983959101248698 0.09902622527496596 0.9837388380034807 0.3012234130824582 0.14371630258835127 -0.9822227969872117 0.12076399661292771 -0.39416388646861344 0.0 0.0 0.0 1.0" />
		</transform>
	</shape>
	<shape type="ply" name="temp38">
		<string name="filename" value="meshes/Cube_034.ply" />
		<boolean name="face_normals" value="true" />
		<ref id="mat-Material" name="bsdf" />
		<transform name="to_world">
			<matrix value="0.9999242057561075 0.0037020793745815286 0.011775986111301541 -0.03607033582659547 -0.012251075746373845 0.18066254643602833 0.9834688745360152 0.3695436083156024 0.0015134027271744082 -0.9835381281248502 0.18069416070438243 -0.3445428443964632 0.0 0.0 0.0 1.0" />
		</transform>
	</shape>
	<shape type="ply" name="temp39">
		<string name="filename" value="meshes/Cube_035.ply" />
		<boolean name="face_normals" value="true" />
		<ref id="mat-Material" name="bsdf" />
		<transform name="to_world">
			<matrix value="0.9990408260597453 -0.043722036698281064 0.002576945498110965 0.009086670224545124 0.00676788965776461 0.2122399217392574 0.9771942332777489 0.09192723763606989 -0.04327186464477764 -0.9762389372224528 0.2123322243240394 -0.13699361880893407 0.0 0.0 0.0 1.0" />
		</transform>
	</shape>
	<shape type="ply" name="temp40">
		<string name="filename" value="meshes/Cube_036.ply" />
		<boolean name="face_normals" value="true" />
		<ref id="mat-Material" name="bsdf" />
		<transform name="to_world">
			<matrix value="0.9997344985257798 -0.022883028140076717 0.0027177661965078737 0.004943037426006214 0.0022174426046980018 0.21292178306005347 0.977066816194593 -0.2509629835187786 -0.022936920572951294 -0.9768012798718461 0.212916002592784 0.24278007948121488 0.0 0.0 0.0 1.0" />
		</transform>
	</shape>
	<shape type="ply" name="temp41">
		<string name="filename" value="meshes/Cube_037.ply" />
		<boolean name="face_normals" value="true" />
		<ref id="mat-Material" name="bsdf" />
		<transform name="to_world">
			<matrix value="0.9989716804337381 -0.04525045732057077 0.002908655425911103 -0.002516082860736457 0.006800290588925708 0.2129299178387353 0.9770438858475317 -0.5691903459498243 -0.04483100986300301 -0.9760190896139735 0.2130185745267011 0.5081038787451337 0.0 0.0 0.0 1.0" />
		</transform>
	</shape>
	<shape type="ply" name="temp42">
		<string name="filename" value="meshes/Cube_038.ply" />
		<boolean name="face_normals" value="true" />
		<ref id="mat-Material" name="bsdf" />
		<transform name="to_world">
			<matrix value="0.9992939167805797 -0.037459300033582034 0.00299191386132388 0.0038900725157398064 0.005058069028610333 0.21297100890028223 0.9770455406148454 -0.9045706510412215 -0.03723663051591501 -0.9763401004958043 0.21301001701573588 0.8536238855076398 0.0 0.0 0.0 1.0" />
		</transform>
	</shape>
	<shape type="ply" name="temp43">
		<string name="filename" value="meshes/Cube_039.ply" />
		<boolean name="face_normals" value="true" />
		<ref id="mat-Material" name="bsdf" />
		<transform name="to_world">
			<matrix value="0.9999657307298889 -0.003757698821059723 -0.007376185734435123 0.018805380064055743 0.008275942570641974 0.43300348077666717 0.9013542398728805 -1.31928298050029 -0.00019308656267677524 -0.9013844902519228 0.4330197294895993 1.4683119782836895 0.0 0.0 0.0 1.0" />
		</transform>
	</shape>
	<shape type="ply" name="temp47">
		<string name="filename" value="meshes/Plane_001.ply" />
		<boolean name="face_normals" value="true" />
		<ref id="mat-Material.002" name="bsdf" />
	</shape>
	<shape type="ply" name="temp49">
		<string name="filename" value="meshes/Plane_002.ply" />
		<boolean name="face_normals" value="true" />
		<ref id="mat-Material.003" name="bsdf" />
	</shape>
	<shape type="ply" name="temp51">
		<string name="filename" value="meshes/Plane_003.ply" />
		<boolean name="face_normals" value="true" />
		<ref id="mat-Material.004" name="bsdf" />
	</shape>
	<shape type="ply" name="temp53">
		<string name="filename" value="meshes/Plane_004.ply" />
		<boolean name="face_normals" value="true" />
		<ref id="mat-Material.005" name="bsdf" />
	</shape>
	<emitter type="point">
		<transform name="to_world">
			<rotate x="1" angle="-142.5518126578256" />
			<rotate y="1" angle="3.976628485794621e-06" />
			<rotate z="1" angle="-179.999991348578" />
			<translate value="-0.000000 3.030926 4.073377" />
		</transform>
		<rgb name="intensity" value="100" />
	</emitter>
</scene>