<scene version="2.1.0">
	<default name="spp" value="1024" />
	<default name="resx" value="1280" />
	<default name="resy" value="720" />
	<integrator type="path" name="temp0">
		<integer name="max_depth" value="12" />
	</integrator>
	<sensor type="perspective" name="temp44">
		<string name="fov_axis" value="x" />
		<float name="fov" value="83.974423" />
		<float name="principal_point_offset_x" value="0.000000" />
		<float name="principal_point_offset_y" value="-0.000000" />
		<float name="near_clip" value="0.100000" />
		<float name="far_clip" value="1000.000000" />
		<transform name="to_world">
			<rotate x="1" angle="-142.5518126578256" />
			<rotate y="1" angle="3.976628485794621e-06" />
			<rotate z="1" angle="-179.999991348578" />
			<translate value="-0.000000 3.030926 4.073377" />
		</transform>
		<sampler type="independent" name="sampler">
			<integer name="sample_count" value="$spp" />
		</sampler>
		<film type="hdrfilm" name="film">
			<integer name="width" value="$resx" />
			<integer name="height" value="$resy" />
		</film>
		<float name="shutter_open" value="0.0" />
		<float name="shutter_close" value="0.0015" />
	</sensor>
	<bsdf type="twosided" id="mat-Material" name="mat-Material">
		<bsdf type="diffuse" name="bsdf">
			<texture type="bitmap" name="reflectance">
				<string name="filename" value="textures/siggraph_2023_logo.jpg" />
			</texture>
		</bsdf>
	</bsdf>
	<bsdf type="twosided" id="mat-Material.001" name="mat-Material.001">
		<bsdf type="principled" name="bsdf">
			<rgb value="0.433648 0.266232 0.084399" name="base_color" />
			<float name="spec_tint" value="0.000000" />
			<float name="spec_trans" value="0.000000" />
			<float name="metallic" value="0.000000" />
			<float name="anisotropic" value="0.000000" />
			<float name="roughness" value="0.500000" />
			<float name="sheen" value="0.000000" />
			<float name="sheen_tint" value="0.500000" />
			<float name="clearcoat" value="0.000000" />
			<float name="clearcoat_gloss" value="0.173205" />
			<float name="specular" value="0.500000" />
		</bsdf>
	</bsdf>
	<bsdf type="twosided" id="mat-Material.002" name="mat-Material.002">
		<bsdf type="principled" name="bsdf">
			<rgb value="0.433648 0.266232 0.084399" name="base_color" />
			<float name="spec_tint" value="0.000000" />
			<float name="spec_trans" value="0.000000" />
			<float name="metallic" value="0.000000" />
			<float name="anisotropic" value="0.000000" />
			<float name="roughness" value="0.500000" />
			<float name="sheen" value="0.000000" />
			<float name="sheen_tint" value="0.500000" />
			<float name="clearcoat" value="0.000000" />
			<float name="clearcoat_gloss" value="0.173205" />
			<float name="specular" value="0.500000" />
		</bsdf>
	</bsdf>
	<bsdf type="twosided" id="mat-Material.003" name="mat-Material.003">
		<bsdf type="principled" name="bsdf">
			<rgb value="0.433648 0.266232 0.084399" name="base_color" />
			<float name="spec_tint" value="0.000000" />
			<float name="spec_trans" value="0.000000" />
			<float name="metallic" value="0.000000" />
			<float name="anisotropic" value="0.000000" />
			<float name="roughness" value="0.500000" />
			<float name="sheen" value="0.000000" />
			<float name="sheen_tint" value="0.500000" />
			<float name="clearcoat" value="0.000000" />
			<float name="clearcoat_gloss" value="0.173205" />
			<float name="specular" value="0.500000" />
		</bsdf>
	</bsdf>
	<bsdf type="twosided" id="mat-Material.004" name="mat-Material.004">
		<bsdf type="principled" name="bsdf">
			<rgb value="0.433648 0.266232 0.084399" name="base_color" />
			<float name="spec_tint" value="0.000000" />
			<float name="spec_trans" value="0.000000" />
			<float name="metallic" value="0.000000" />
			<float name="anisotropic" value="0.000000" />
			<float name="roughness" value="0.500000" />
			<float name="sheen" value="0.000000" />
			<float name="sheen_tint" value="0.500000" />
			<float name="clearcoat" value="0.000000" />
			<float name="clearcoat_gloss" value="0.173205" />
			<float name="specular" value="0.500000" />
		</bsdf>
	</bsdf>
	<bsdf type="twosided" id="mat-Material.005" name="mat-Material.005">
		<bsdf type="principled" name="bsdf">
			<rgb value="0.433648 0.266232 0.084399" name="base_color" />
			<float name="spec_tint" value="0.000000" />
			<float name="spec_trans" value="0.000000" />
			<float name="metallic" value="0.000000" />
			<float name="anisotropic" value="0.000000" />
			<float name="roughness" value="0.500000" />
			<float name="sheen" value="0.000000" />
			<float name="sheen_tint" value="0.500000" />
			<float name="clearcoat" value="0.000000" />
			<float name="clearcoat_gloss" value="0.173205" />
			<float name="specular" value="0.500000" />
		</bsdf>
	</bsdf>
	<emitter type="point" name="temp45">
		<point name="position" x="-6.815235034541981e-16" y="3.0693089962005615" z="4.109199523925781" />
		<rgb value="7.957747 7.957747 7.957747" name="intensity" />
	</emitter>
	<shape type="ply" name="temp2">
		<string name="filename" value="meshes/Cube.ply" />
		<boolean name="face_normals" value="true" />
		<ref id="mat-Material" name="bsdf" />
		<transform name="to_world">
			<matrix value="0.9999991135176153 0.00020054836751678582 0.001514356761213767 -0.0024415109634234877 -0.00020034125139399355 0.9999994785398281 -0.00013326313967985454 -0.017137288218269875 -0.0015143889388273967 0.00013295982879419645 0.9999984634303516 0.0034905991107112566 0.0 0.0 0.0 1.0" />
		</transform>
	</shape>
	<shape type="ply" name="temp4">
		<string name="filename" value="meshes/Plane.ply" />
		<boolean name="face_normals" value="true" />
		<ref id="mat-Material.001" name="bsdf" />
	</shape>
	<shape type="ply" name="temp5">
		<string name="filename" value="meshes/Cube_001.ply" />
		<boolean name="face_normals" value="true" />
		<ref id="mat-Material" name="bsdf" />
		<transform name="to_world">
			<matrix value="0.9999982270352306 1.5741318209597788e-05 -0.0018890161746413054 0.002530834790034353 -1.5132919168763201e-05 0.9999965583628654 0.0003326342335425118 -0.017963293474394293 0.0018886640178573011 -0.0003326008556118502 0.9999949175003936 -0.004417392441908474 0.0 0.0 0.0 1.0" />
		</transform>
	</shape>
	<shape type="ply" name="temp6">
		<string name="filename" value="meshes/Cube_002.ply" />
		<boolean name="face_normals" value="true" />
		<ref id="mat-Material" name="bsdf" />
		<transform name="to_world">
			<matrix value="1.0 6.946610821758656e-05 0.000254473663432621 -0.0008602132802562057 -6.947761366033896e-05 0.9999960369026935 0.00014899997683325765 -0.017579352292143136 -0.0002544301957175809 -0.00014901350164677114 0.9999960994770463 0.000884527939691182 0.0 0.0 0.0 1.0" />
		</transform>
	</shape>
	<shape type="ply" name="temp7">
		<string name="filename" value="meshes/Cube_003.ply" />
		<boolean name="face_normals" value="true" />
		<ref id="mat-Material" name="bsdf" />
		<transform name="to_world">
			<matrix value="0.9999991135176153 3.11103138564482e-06 0.0014640388331337369 -0.0011428487878388793 -1.7109110024874589e-06 0.9999959326106591 -0.0009687173331202624 -0.017358564283637024 -0.0014630305818693077 0.0009687123896851005 0.9999950356980588 0.004399241908848023 0.0 0.0 0.0 1.0" />
		</transform>
	</shape>
	<shape type="ply" name="temp8">
		<string name="filename" value="meshes/Cube_004.ply" />
		<boolean name="face_normals" value="true" />
		<ref id="mat-Material" name="bsdf" />
		<transform name="to_world">
			<matrix value="0.9999993351382115 -0.00021648627621119554 0.0012334387341313723 -0.0004438908394328589 0.00021824708746212505 0.9999986442035531 -0.0014226117334349517 -0.018377085433118084 -0.0012330282947447552 0.0014228802122551484 0.9999981088373558 0.0038147631469862137 0.0 0.0 0.0 1.0" />
		</transform>
	</shape>
	<shape type="ply" name="temp9">
		<string name="filename" value="meshes/Cube_005.ply" />
		<boolean name="face_normals" value="true" />
		<ref id="mat-Material" name="bsdf" />
		<transform name="to_world">
			<matrix value="0.9999995567588077 0.00047275474893778563 0.0008207031248153162 -0.0007566957558164944 -0.00047663742161279516 0.9999886321682523 0.004738095249352158 -0.014691974344112263 -0.00081844042927023 -0.004738480423342226 0.9999885348264693 0.002164984757282523 0.0 0.0 0.0 1.0" />
		</transform>
	</shape>
	<shape type="ply" name="temp10">
		<string name="filename" value="meshes/Cube_006.ply" />
		<boolean name="face_normals" value="true" />
		<ref id="mat-Material" name="bsdf" />
		<transform name="to_world">
			<matrix value="0.9999991135176153 0.00013015299641443986 -0.0015770724424034597 -0.0013292262378115094 -0.00013010336827846893 0.9999995828318625 3.432342001634907e-05 -0.017449490744305324 0.0015769901086295514 -3.4117053207710114e-05 0.9999985816280168 -0.0038155635512465147 0.0 0.0 0.0 1.0" />
		</transform>
	</shape>
	<shape type="ply" name="temp11">
		<string name="filename" value="meshes/Cube_007.ply" />
		<boolean name="face_normals" value="true" />
		<ref id="mat-Material" name="bsdf" />
		<transform name="to_world">
			<matrix value="0.9999906919349606 0.0018161164566572736 0.0002836426014644218 0.006368781379211486 -0.0018148399810647361 0.9999826875222925 0.0018372621449283038 -0.010657316382159887 -0.00029422571969072407 -0.001839785533860495 0.9999919625587619 0.009387329135401412 0.0 0.0 0.0 1.0" />
		</transform>
	</shape>
	<shape type="ply" name="temp12">
		<string name="filename" value="meshes/Cube_008.ply" />
		<boolean name="face_normals" value="true" />
		<ref id="mat-Material" name="bsdf" />
		<transform name="to_world">
			<matrix value="0.9918448053018738 0.12204312267037667 0.006821553675214564 0.1278421757020194 -0.1217507317912086 0.9913909011457523 -0.0305068765037698 0.24673222723876453 -0.010834538949376537 0.029325227408780973 0.9994604276580645 0.10446202803811011 0.0 0.0 0.0 1.0" />
		</transform>
	</shape>
	<shape type="ply" name="temp13">
		<string name="filename" value="meshes/Cube_009.ply" />
		<boolean name="face_normals" value="true" />
		<ref id="mat-Material" name="bsdf" />
		<transform name="to_world">
			<matrix value="0.8502740117051135 0.518974997027677 0.018243443220914746 0.3890084810720582 -0.5175554539055754 0.8498173846477954 -0.05067117362244167 1.0473798075430873 -0.04236111258858176 0.03310490944322655 0.9985076362783621 0.1064997283500797 0.0 0.0 0.0 1.0" />
		</transform>
	</shape>
	<shape type="ply" name="temp14">
		<string name="filename" value="meshes/Cube_010.ply" />
		<boolean name="face_normals" value="true" />
		<ref id="mat-Material" name="bsdf" />
		<transform name="to_world">
			<matrix value="0.693650525595406 0.7169262843042574 0.011587898166565094 0.5435458014576235 -0.715889930801185 0.6933788116131265 -0.04466440373296594 1.2113214465683622 -0.04025005895107858 0.022541774174372108 0.9989287745597019 0.03589491190509053 0.0 0.0 0.0 1.0" />
		</transform>
	</shape>
	<shape type="ply" name="temp15">
		<string name="filename" value="meshes/Cube_011.ply" />
		<boolean name="face_normals" value="true" />
		<ref id="mat-Material" name="bsdf" />
		<transform name="to_world">
			<matrix value="0.5868506738152606 0.8050724516762859 -0.058389812117719195 0.5109601595647646 -0.7643878307244156 0.5779458849491994 0.27904565786692925 1.5672958532358106 0.25886484600914494 -0.11789526159570984 0.9582437198034515 -0.5190372272205606 0.0 0.0 0.0 1.0" />
		</transform>
	</shape>
	<shape type="ply" name="temp16">
		<string name="filename" value="meshes/Cube_012.ply" />
		<boolean name="face_normals" value="true" />
		<ref id="mat-Material" name="bsdf" />
		<transform name="to_world">
			<matrix value="0.5546788983506109 0.8243316444976566 0.010797474919637408 0.4766587144258955 -0.6515415042187697 0.4340902501548737 0.6135933934124186 1.647267574916503 0.5037960062195604 -0.34413555461460965 0.7882091682619412 -1.424065488701137 0.0 0.0 0.0 1.0" />
		</transform>
	</shape>
	<shape type="ply" name="temp17">
		<string name="filename" value="meshes/Cube_013.ply" />
		<boolean name="face_normals" value="true" />
		<ref id="mat-Material" name="bsdf" />
		<transform name="to_world">
			<matrix value="0.8705403287431275 0.4424333000294104 0.2129108373548119 0.38929483900816875 -0.38696225978543586 0.3547176501753149 0.8491018868602492 1.37828471571678 0.3014817553060403 -0.8214132404995171 0.4811003115217666 -1.2373484001375827 0.0 0.0 0.0 1.0" />
		</transform>
	</shape>
	<shape type="ply" name="temp18">
		<string name="filename" value="meshes/Cube_014.ply" />
		<boolean name="face_normals" value="true" />
		<ref id="mat-Material" name="bsdf" />
		<transform name="to_world">
			<matrix value="0.9330896393257769 0.32548428006165747 0.15293431613904018 0.10028191620999372 -0.2156969214239744 0.1663346460224061 0.9621188302591697 1.0194226052533049 0.2877561047609423 -0.9307286050106065 0.22542505062406004 -0.8513053377973904 0.0 0.0 0.0 1.0" />
		</transform>
	</shape>
	<shape type="ply" name="temp19">
		<string name="filename" value="meshes/Cube_015.ply" />
		<boolean name="face_normals" value="true" />
		<ref id="mat-Material" name="bsdf" />
		<transform name="to_world">
			<matrix value="0.9779675884310504 0.17483665781574936 0.1138735573383966 0.04385912838069517 -0.14865833107280324 0.2008804437834647 0.9682697185619031 0.6356369798271146 0.1464128268682173 -0.9638641658827383 0.22245372679602535 -0.38084890819498574 0.0 0.0 0.0 1.0" />
		</transform>
	</shape>
	<shape type="ply" name="temp20">
		<string name="filename" value="meshes/Cube_016.ply" />
		<boolean name="face_normals" value="true" />
		<ref id="mat-Material" name="bsdf" />
		<transform name="to_world">
			<matrix value="0.9734720146375972 0.16585227450497786 0.1573466349833885 0.06962709643940118 -0.1895635093710053 0.20079161825778075 0.9611116679534453 0.35709443085967085 0.127802325952481 -0.9654486747611191 0.22693663328607003 -0.12524686261627244 0.0 0.0 0.0 1.0" />
		</transform>
	</shape>
	<shape type="ply" name="temp21">
		<string name="filename" value="meshes/Cube_017.ply" />
		<boolean name="face_normals" value="true" />
		<ref id="mat-Material" name="bsdf" />
		<transform name="to_world">
			<matrix value="0.9381184322736322 0.1491600215258759 0.31240801266700735 0.18264784837040093 -0.33802526297499946 0.19982010666989278 0.9196680205815231 0.1694372238388025 0.07476146975233455 -0.9683869985378257 0.2378440674937036 0.1063692954347853 0.0 0.0 0.0 1.0" />
		</transform>
	</shape>
	<shape type="ply" name="temp22">
		<string name="filename" value="meshes/Cube_018.ply" />
		<boolean name="face_normals" value="true" />
		<ref id="mat-Material" name="bsdf" />
		<transform name="to_world">
			<matrix value="0.19369336485664695 0.9781416410977364 0.07558628405924823 0.8661795141713281 -0.35170011807945367 -0.0026870634074710642 0.9360564814635329 -0.14044211166167309 0.9158016814797874 -0.2079199996662655 0.3434921074690996 -0.1964476319528382 0.0 0.0 0.0 1.0" />
		</transform>
	</shape>
	<shape type="ply" name="temp23">
		<string name="filename" value="meshes/Cube_019.ply" />
		<boolean name="face_normals" value="true" />
		<ref id="mat-Material" name="bsdf" />
		<transform name="to_world">
			<matrix value="-0.049109971685752624 0.987798874897533 -0.14778800161316175 0.46592842380895205 -0.9645892395222215 -0.00851548841002622 0.26361838039885566 0.087999825311413 0.2591435339088377 0.15550108150839656 0.9532384032724679 -0.04460419985604652 0.0 0.0 0.0 1.0" />
		</transform>
	</shape>
	<shape type="ply" name="temp24">
		<string name="filename" value="meshes/Cube_020.ply" />
		<boolean name="face_normals" value="true" />
		<ref id="mat-Material" name="bsdf" />
		<transform name="to_world">
			<matrix value="0.060346714817820786 0.992881762680305 -0.10263183645459228 -0.06711182354713965 -0.8914744609321708 0.007371424586772394 -0.4529929074415535 0.31239858254419184 -0.44901332101580294 0.11883231634957298 0.8855731944861344 0.11971427548264618 0.0 0.0 0.0 1.0" />
		</transform>
	</shape>
	<shape type="ply" name="temp25">
		<string name="filename" value="meshes/Cube_021.ply" />
		<boolean name="face_normals" value="true" />
		<ref id="mat-Material" name="bsdf" />
		<transform name="to_world">
			<matrix value="0.28739787722928156 0.914569910079408 -0.2845383033718012 -0.11044418173703814 -0.6773733792885801 -0.015951454143835402 -0.7354599142074066 0.2626139020235476 -0.6771692667195011 0.4041122349157216 0.61492016220502 0.21938224228291242 0.0 0.0 0.0 1.0" />
		</transform>
	</shape>
	<shape type="ply" name="temp26">
		<string name="filename" value="meshes/Cube_022.ply" />
		<boolean name="face_normals" value="true" />
		<ref id="mat-Material" name="bsdf" />
		<transform name="to_world">
			<matrix value="0.6624662915073214 0.3952049651351729 -0.6362234002064204 -0.07014676708671996 -0.6865493584526982 -0.019034087851438085 -0.72669543913033 -0.1593311961824597 -0.2993112253491411 0.9183954461926107 0.2587123499066948 0.6618087984362 0.0 0.0 0.0 1.0" />
		</transform>
	</shape>
	<shape type="ply" name="temp27">
		<string name="filename" value="meshes/Cube_023.ply" />
		<boolean name="face_normals" value="true" />
		<ref id="mat-Material" name="bsdf" />
		<transform name="to_world">
			<matrix value="0.851106640284951 0.3145976517605538 -0.4202774477436302 -0.08210484602544882 -0.47836717036595766 0.13498599357978236 -0.8677203830928168 -0.28456748460327946 -0.2162511945350134 0.9395695450572876 0.2653798802043023 0.14687434788287201 0.0 0.0 0.0 1.0" />
		</transform>
	</shape>
	<shape type="ply" name="temp28">
		<string name="filename" value="meshes/Cube_024.ply" />
		<boolean name="face_normals" value="true" />
		<ref id="mat-Material" name="bsdf" />
		<transform name="to_world">
			<matrix value="0.8716703721630348 0.39153054817979116 -0.29463155660178875 -0.1732210413905213 -0.38647945931666394 0.17978640991358363 -0.9045835163427184 -0.5186769191293887 -0.30120998196894827 0.9023766068795198 0.3080828055019595 -0.28434564203749213 0.0 0.0 0.0 1.0" />
		</transform>
	</shape>
	<shape type="ply" name="temp29">
		<string name="filename" value="meshes/Cube_025.ply" />
		<boolean name="face_normals" value="true" />
		<ref id="mat-Material" name="bsdf" />
		<transform name="to_world">
			<matrix value="0.8931356566263673 0.3830904024212439 -0.23568354419008833 -0.28095177718275316 -0.3251964001723322 0.18799543409473474 -0.9267683907293316 -0.7957448430197003 -0.31072694658234445 0.9043769280989857 0.2924867417678872 -0.7233115276782076 0.0 0.0 0.0 1.0" />
		</transform>
	</shape>
	<shape type="ply" name="temp30">
		<string name="filename" value="meshes/Cube_026.ply" />
		<boolean name="face_normals" value="true" />
		<ref id="mat-Material" name="bsdf" />
		<transform name="to_world">
			<matrix value="0.9234010517227013 0.24539123070858093 -0.2951485531896586 -0.30981143860182475 -0.3481626766094531 0.21176998183232765 -0.9131979985825736 -1.1408927224118166 -0.16158579287870972 0.9460086395521283 0.2809837449842821 -0.841643686559671 0.0 0.0 0.0 1.0" />
		</transform>
	</shape>
	<shape type="ply" name="temp31">
		<string name="filename" value="meshes/Cube_027.ply" />
		<boolean name="face_normals" value="true" />
		<ref id="mat-Material" name="bsdf" />
		<transform name="to_world">
			<matrix value="0.8729672958918634 0.193979565018783 -0.44754446714364937 -0.5475358573913012 -0.482463827086292 0.2084048116172983 -0.8507593727202626 -1.5810868341859754 -0.07175888742914789 0.9586101417745916 0.275516866570438 -0.9745712887135587 0.0 0.0 0.0 1.0" />
		</transform>
	</shape>
	<shape type="ply" name="temp32">
		<string name="filename" value="meshes/Cube_028.ply" />
		<boolean name="face_normals" value="true" />
		<ref id="mat-Material" name="bsdf" />
		<transform name="to_world">
			<matrix value="-0.11940082212376357 0.9806336992593181 0.15523852052455178 -1.4790619377133993 -0.7920684648075358 0.00018513819737476093 -0.6103810172658422 -2.120666681634108 -0.5985888086917825 -0.1958504598235796 0.7767068806643276 -1.3427207837516448 0.0 0.0 0.0 1.0" />
		</transform>
	</shape>
	<shape type="ply" name="temp33">
		<string name="filename" value="meshes/Cube_029.ply" />
		<boolean name="face_normals" value="true" />
		<ref id="mat-Material" name="bsdf" />
		<transform name="to_world">
			<matrix value="-0.009104923168571716 0.9819652999543201 0.18883834625391413 -1.6324554490888725 -0.9999439299891673 -0.009157645753332652 -0.0006195212427207966 -1.8928318469736787 0.0011203940591496507 -0.188836653644068 0.9819932948828449 -0.19495356952047183 0.0 0.0 0.0 1.0" />
		</transform>
	</shape>
	<shape type="ply" name="temp34">
		<string name="filename" value="meshes/Cube_030.ply" />
		<boolean name="face_normals" value="true" />
		<ref id="mat-Material" name="bsdf" />
		<transform name="to_world">
			<matrix value="-0.04276075096761579 0.9819572203997282 -0.1842033878450705 -3.2074902822312668 -0.9696148634794504 0.0036565519407111098 0.24457727268158508 -1.8651200591967287 0.2408379718356935 0.1890674982266206 0.9519644985804718 0.31133859120738194 0.0 0.0 0.0 1.0" />
		</transform>
	</shape>
	<shape type="ply" name="temp35">
		<string name="filename" value="meshes/Cube_031.ply" />
		<boolean name="face_normals" value="true" />
		<ref id="mat-Material" name="bsdf" />
		<transform name="to_world">
			<matrix value="0.12324403353030972 0.9831171011820459 0.1352374662013776 -1.96398865198902 -0.7340149496389358 -0.0014020197195378612 0.6790695810743789 -0.994478991403805 0.6677936073982274 -0.18297081074541688 0.7214499449435275 0.6807633766137628 0.0 0.0 0.0 1.0" />
		</transform>
	</shape>
	<shape type="ply" name="temp36">
		<string name="filename" value="meshes/Cube_032.ply" />
		<boolean name="face_normals" value="true" />
		<ref id="mat-Material" name="bsdf" />
		<transform name="to_world">
			<matrix value="0.7777692823215909 0.5921605763594988 0.21070454791520596 -0.5941659372603265 -0.25153210750549176 -0.013969510223748132 0.9677352287195742 0.38107743733133825 0.5760089942502753 -0.805695805165793 0.1380843751669542 -0.17785767014906417 0.0 0.0 0.0 1.0" />
		</transform>
	</shape>
	<shape type="ply" name="temp37">
		<string name="filename" value="meshes/Cube_033.ply" />
		<boolean name="face_normals" value="true" />
		<ref id="mat-Material" name="bsdf" />
		<transform name="to_world">
			<matrix value="0.9778208755963811 0.16233975007456883 0.13233086741484212 -0.13388753583981372 -0.14996132720596708 0.1016168081214293 0.9834530360488696 0.3006575101257491 0.14620758403409767 -0.9814850351359864 0.12370834773374889 -0.3877712159252749 0.0 0.0 0.0 1.0" />
		</transform>
	</shape>
	<shape type="ply" name="temp38">
		<string name="filename" value="meshes/Cube_034.ply" />
		<boolean name="face_normals" value="true" />
		<ref id="mat-Material" name="bsdf" />
		<transform name="to_world">
			<matrix value="0.999924870617896 0.0011350686137294207 0.012206402909364611 -0.03660241831315014 -0.012210751878899414 0.18052781155680891 0.9834941688363819 0.3695740209582117 -0.0010872617800211691 -0.9835692071510963 0.18052812844398447 -0.35487790828304305 0.0 0.0 0.0 1.0" />
		</transform>
	</shape>
	<shape type="ply" name="temp39">
		<string name="filename" value="meshes/Cube_035.ply" />
		<boolean name="face_normals" value="true" />
		<ref id="mat-Material" name="bsdf" />
		<transform name="to_world">
			<matrix value="0.9989592696803522 -0.04550802735788646 0.003066945739234202 0.008689716945484705 0.006624693941956679 0.2112911771024753 0.9774007245989671 0.09160975507945275 -0.04512760470686687 -0.976363149035403 0.211372790235549 -0.1441523046731223 0.0 0.0 0.0 1.0" />
		</transform>
	</shape>
	<shape type="ply" name="temp40">
		<string name="filename" value="meshes/Cube_036.ply" />
		<boolean name="face_normals" value="true" />
		<ref id="mat-Material" name="bsdf" />
		<transform name="to_world">
			<matrix value="0.9996400881518084 -0.026661392966128038 0.0030758578431951946 0.004478514712366266 0.0026312259874084042 0.2114148674552535 0.9773929235530596 -0.2500071500481052 -0.02670895409262323 -0.9770327038961419 0.21140893508158712 0.23399288290663295 0.0 0.0 0.0 1.0" />
		</transform>
	</shape>
	<shape type="ply" name="temp41">
		<string name="filename" value="meshes/Cube_037.ply" />
		<boolean name="face_normals" value="true" />
		<ref id="mat-Material" name="bsdf" />
		<transform name="to_world">
			<matrix value="0.9989122861139625 -0.04652945311343011 0.0031192245665809812 -0.005036337253409462 0.006794051969143322 0.2113786781193226 0.9773807491935373 -0.5694215335063395 -0.046136333012426714 -0.9762959849652604 0.21146491349585672 0.509483095450181 0.0 0.0 0.0 1.0" />
		</transform>
	</shape>
	<shape type="ply" name="temp42">
		<string name="filename" value="meshes/Cube_038.ply" />
		<boolean name="face_normals" value="true" />
		<ref id="mat-Material" name="bsdf" />
		<transform name="to_world">
			<matrix value="0.9992487061789594 -0.03862532669479771 0.0032648322704211287 0.005486808773114138 0.00497906793469107 0.21142383657021047 0.97738193117019 -0.9050980499882388 -0.038441962884755515 -0.9766309709796985 0.2114572542871475 0.8583515394167864 0.0 0.0 0.0 1.0" />
		</transform>
	</shape>
	<shape type="ply" name="temp43">
		<string name="filename" value="meshes/Cube_039.ply" />
		<boolean name="face_normals" value="true" />
		<ref id="mat-Material" name="bsdf" />
		<transform name="to_world">
			<matrix value="0.9999649630141385 -0.004803113941477779 -0.006876713200248188 0.020556400680048936 0.008278420027537967 0.43300651343839724 0.9013527601686615 -1.31927568143522 -0.001351644085199696 -0.9013780264166643 0.43303100914423853 1.471546498400036 0.0 0.0 0.0 1.0" />
		</transform>
	</shape>
	<shape type="ply" name="temp47">
		<string name="filename" value="meshes/Plane_001.ply" />
		<boolean name="face_normals" value="true" />
		<ref id="mat-Material.002" name="bsdf" />
	</shape>
	<shape type="ply" name="temp49">
		<string name="filename" value="meshes/Plane_002.ply" />
		<boolean name="face_normals" value="true" />
		<ref id="mat-Material.003" name="bsdf" />
	</shape>
	<shape type="ply" name="temp51">
		<string name="filename" value="meshes/Plane_003.ply" />
		<boolean name="face_normals" value="true" />
		<ref id="mat-Material.004" name="bsdf" />
	</shape>
	<shape type="ply" name="temp53">
		<string name="filename" value="meshes/Plane_004.ply" />
		<boolean name="face_normals" value="true" />
		<ref id="mat-Material.005" name="bsdf" />
	</shape>
	<emitter type="point">
		<transform name="to_world">
			<rotate x="1" angle="-142.5518126578256" />
			<rotate y="1" angle="3.976628485794621e-06" />
			<rotate z="1" angle="-179.999991348578" />
			<translate value="-0.000000 3.030926 4.073377" />
		</transform>
		<rgb name="intensity" value="100" />
	</emitter>
</scene>