<scene version="2.1.0">
	<default name="spp" value="1024" />
	<default name="resx" value="1280" />
	<default name="resy" value="720" />
	<integrator type="path" name="temp0">
		<integer name="max_depth" value="12" />
	</integrator>
	<sensor type="perspective" name="temp44">
		<string name="fov_axis" value="x" />
		<float name="fov" value="83.974423" />
		<float name="principal_point_offset_x" value="0.000000" />
		<float name="principal_point_offset_y" value="-0.000000" />
		<float name="near_clip" value="0.100000" />
		<float name="far_clip" value="1000.000000" />
		<transform name="to_world">
			<rotate x="1" angle="-142.5518126578256" />
			<rotate y="1" angle="3.976628485794621e-06" />
			<rotate z="1" angle="-179.999991348578" />
			<translate value="-0.000000 3.030926 4.073377" />
		</transform>
		<sampler type="independent" name="sampler">
			<integer name="sample_count" value="$spp" />
		</sampler>
		<film type="hdrfilm" name="film">
			<integer name="width" value="$resx" />
			<integer name="height" value="$resy" />
		</film>
		<float name="shutter_open" value="0.0" />
		<float name="shutter_close" value="0.0015" />
	</sensor>
	<bsdf type="twosided" id="mat-Material" name="mat-Material">
		<bsdf type="diffuse" name="bsdf">
			<texture type="bitmap" name="reflectance">
				<string name="filename" value="textures/siggraph_2023_logo.jpg" />
			</texture>
		</bsdf>
	</bsdf>
	<bsdf type="twosided" id="mat-Material.001" name="mat-Material.001">
		<bsdf type="principled" name="bsdf">
			<rgb value="0.433648 0.266232 0.084399" name="base_color" />
			<float name="spec_tint" value="0.000000" />
			<float name="spec_trans" value="0.000000" />
			<float name="metallic" value="0.000000" />
			<float name="anisotropic" value="0.000000" />
			<float name="roughness" value="0.500000" />
			<float name="sheen" value="0.000000" />
			<float name="sheen_tint" value="0.500000" />
			<float name="clearcoat" value="0.000000" />
			<float name="clearcoat_gloss" value="0.173205" />
			<float name="specular" value="0.500000" />
		</bsdf>
	</bsdf>
	<bsdf type="twosided" id="mat-Material.002" name="mat-Material.002">
		<bsdf type="principled" name="bsdf">
			<rgb value="0.433648 0.266232 0.084399" name="base_color" />
			<float name="spec_tint" value="0.000000" />
			<float name="spec_trans" value="0.000000" />
			<float name="metallic" value="0.000000" />
			<float name="anisotropic" value="0.000000" />
			<float name="roughness" value="0.500000" />
			<float name="sheen" value="0.000000" />
			<float name="sheen_tint" value="0.500000" />
			<float name="clearcoat" value="0.000000" />
			<float name="clearcoat_gloss" value="0.173205" />
			<float name="specular" value="0.500000" />
		</bsdf>
	</bsdf>
	<bsdf type="twosided" id="mat-Material.003" name="mat-Material.003">
		<bsdf type="principled" name="bsdf">
			<rgb value="0.433648 0.266232 0.084399" name="base_color" />
			<float name="spec_tint" value="0.000000" />
			<float name="spec_trans" value="0.000000" />
			<float name="metallic" value="0.000000" />
			<float name="anisotropic" value="0.000000" />
			<float name="roughness" value="0.500000" />
			<float name="sheen" value="0.000000" />
			<float name="sheen_tint" value="0.500000" />
			<float name="clearcoat" value="0.000000" />
			<float name="clearcoat_gloss" value="0.173205" />
			<float name="specular" value="0.500000" />
		</bsdf>
	</bsdf>
	<bsdf type="twosided" id="mat-Material.004" name="mat-Material.004">
		<bsdf type="principled" name="bsdf">
			<rgb value="0.433648 0.266232 0.084399" name="base_color" />
			<float name="spec_tint" value="0.000000" />
			<float name="spec_trans" value="0.000000" />
			<float name="metallic" value="0.000000" />
			<float name="anisotropic" value="0.000000" />
			<float name="roughness" value="0.500000" />
			<float name="sheen" value="0.000000" />
			<float name="sheen_tint" value="0.500000" />
			<float name="clearcoat" value="0.000000" />
			<float name="clearcoat_gloss" value="0.173205" />
			<float name="specular" value="0.500000" />
		</bsdf>
	</bsdf>
	<bsdf type="twosided" id="mat-Material.005" name="mat-Material.005">
		<bsdf type="principled" name="bsdf">
			<rgb value="0.433648 0.266232 0.084399" name="base_color" />
			<float name="spec_tint" value="0.000000" />
			<float name="spec_trans" value="0.000000" />
			<float name="metallic" value="0.000000" />
			<float name="anisotropic" value="0.000000" />
			<float name="roughness" value="0.500000" />
			<float name="sheen" value="0.000000" />
			<float name="sheen_tint" value="0.500000" />
			<float name="clearcoat" value="0.000000" />
			<float name="clearcoat_gloss" value="0.173205" />
			<float name="specular" value="0.500000" />
		</bsdf>
	</bsdf>
	<emitter type="point" name="temp45">
		<point name="position" x="-6.815235034541981e-16" y="3.0693089962005615" z="4.109199523925781" />
		<rgb value="7.957747 7.957747 7.957747" name="intensity" />
	</emitter>
	<shape type="ply" name="temp2">
		<string name="filename" value="meshes/Cube.ply" />
		<boolean name="face_normals" value="true" />
		<ref id="mat-Material" name="bsdf" />
		<transform name="to_world">
			<matrix value="0.9999991135176153 0.00019706282343567164 0.0012765785179998496 -0.00214082269238669 -0.0001959250177739718 0.9999990613716906 -0.0008858300383764179 -0.016168930167183737 -0.0012767451735466563 0.0008855782889014503 0.9999983452326863 0.002896660875280843 0.0 0.0 0.0 1.0" />
		</transform>
	</shape>
	<shape type="ply" name="temp4">
		<string name="filename" value="meshes/Plane.ply" />
		<boolean name="face_normals" value="true" />
		<ref id="mat-Material.001" name="bsdf" />
	</shape>
	<shape type="ply" name="temp5">
		<string name="filename" value="meshes/Cube_001.ply" />
		<boolean name="face_normals" value="true" />
		<ref id="mat-Material" name="bsdf" />
		<transform name="to_world">
			<matrix value="0.9999991135176153 -5.1998965423018925e-05 -0.0015315923447627323 0.0020768606515217947 5.4184906041732046e-05 0.999996454070831 0.0014423696551606755 -0.019249357757799818 0.0015312830768739794 -0.0014424485266664303 0.9999953902910547 -0.003357865837193885 0.0 0.0 0.0 1.0" />
		</transform>
	</shape>
	<shape type="ply" name="temp6">
		<string name="filename" value="meshes/Cube_002.ply" />
		<boolean name="face_normals" value="true" />
		<ref id="mat-Material" name="bsdf" />
		<transform name="to_world">
			<matrix value="1.0 -1.8257354152804517e-05 0.000332266638803537 -0.000864264779544488 1.9121586821198278e-05 0.9999963497787967 -0.0026052266534789593 -0.015993900493905838 -0.000332228111420198 0.0026052285768517576 0.9999964540700421 0.0009331148042139858 0.0 0.0 0.0 1.0" />
		</transform>
	</shape>
	<shape type="ply" name="temp7">
		<string name="filename" value="meshes/Cube_003.ply" />
		<boolean name="face_normals" value="true" />
		<ref id="mat-Material" name="bsdf" />
		<transform name="to_world">
			<matrix value="0.9999993351382115 -0.0002873629341938122 0.00123603199090729 -0.0012989347352954095 0.0002906487632684251 0.9999943682301433 -0.002667351346342326 -0.017536315597121016 -0.0012348899077526429 0.0026677088917302673 0.9999938537214063 0.0036509036931808847 0.0 0.0 0.0 1.0" />
		</transform>
	</shape>
	<shape type="ply" name="temp8">
		<string name="filename" value="meshes/Cube_004.ply" />
		<boolean name="face_normals" value="true" />
		<ref id="mat-Material" name="bsdf" />
		<transform name="to_world">
			<matrix value="0.9999995567588077 -4.977233048894194e-05 0.0009075654070420278 -0.0005527122678223861 5.03869938850445e-05 0.9999990613716906 -0.0006632992939817057 -0.017932837727887563 -0.0009071374242722423 0.0006633494846930582 0.9999988180233474 0.0028150978617021687 0.0 0.0 0.0 1.0" />
		</transform>
	</shape>
	<shape type="ply" name="temp9">
		<string name="filename" value="meshes/Cube_005.ply" />
		<boolean name="face_normals" value="true" />
		<ref id="mat-Material" name="bsdf" />
		<transform name="to_world">
			<matrix value="0.9999995567588077 0.0004823756891096172 0.000788808666820166 -0.000652221279855647 -0.00048614250736223616 0.9999884235841835 0.004782005681998165 -0.014649709158472551 -0.0007864916041253344 -0.004782377983534375 0.9999882984311388 0.0021986516291573055 0.0 0.0 0.0 1.0" />
		</transform>
	</shape>
	<shape type="ply" name="temp10">
		<string name="filename" value="meshes/Cube_006.ply" />
		<boolean name="face_normals" value="true" />
		<ref id="mat-Material" name="bsdf" />
		<transform name="to_world">
			<matrix value="0.9999995567588077 0.00022328820269365467 -0.001181072440512297 -0.0011369951613415807 -0.00022347467408475127 1.0 -0.0001562127411409668 -0.01731796625461915 0.0011810383190875614 0.00015647690035730454 0.9999994090116737 -0.0027150464487681325 0.0 0.0 0.0 1.0" />
		</transform>
	</shape>
	<shape type="ply" name="temp11">
		<string name="filename" value="meshes/Cube_007.ply" />
		<boolean name="face_normals" value="true" />
		<ref id="mat-Material" name="bsdf" />
		<transform name="to_world">
			<matrix value="0.9999988918970191 -0.0014622139530226963 -6.425922450039029e-05 0.0005611548716610848 0.0014624455034954 0.99999071800894 0.0037484734771531004 -0.017420072331090608 5.8048639515484186e-05 -0.0037485685918280933 0.9999920807564273 1.1222951132094927e-05 0.0 0.0 0.0 1.0" />
		</transform>
	</shape>
	<shape type="ply" name="temp12">
		<string name="filename" value="meshes/Cube_008.ply" />
		<boolean name="face_normals" value="true" />
		<ref id="mat-Material" name="bsdf" />
		<transform name="to_world">
			<matrix value="0.9999997783794039 -0.00016284053956526913 0.00011098796227697875 0.00019714493514455533 0.00016283351683518698 0.9999988527876218 7.560159065690014e-05 -0.017990150690749607 -0.00011207264900439163 -7.558460899873389e-05 0.9999994090116737 7.969464914037161e-05 0.0 0.0 0.0 1.0" />
		</transform>
	</shape>
	<shape type="ply" name="temp13">
		<string name="filename" value="meshes/Cube_009.ply" />
		<boolean name="face_normals" value="true" />
		<ref id="mat-Material" name="bsdf" />
		<transform name="to_world">
			<matrix value="0.9999993351382115 0.0008106995283914206 0.0008491343912181972 0.0015502911992193447 -0.0008105019795151651 0.9999995828318624 -0.00023392689048891755 -0.016475318984654402 -0.0008493498538190547 0.00023323964432244595 0.9999996454070041 0.001461702439093382 0.0 0.0 0.0 1.0" />
		</transform>
	</shape>
	<shape type="ply" name="temp14">
		<string name="filename" value="meshes/Cube_010.ply" />
		<boolean name="face_normals" value="true" />
		<ref id="mat-Material" name="bsdf" />
		<transform name="to_world">
			<matrix value="0.9999860379024408 -0.00033128990473965577 0.0053196632217563135 0.011089156288955015 0.00033007595381072185 0.9999998957079657 0.000229009867613887 -0.018007195081747446 -0.005319732034104751 -0.00022725442876124008 0.9999859344778335 0.008775167643697568 0.0 0.0 0.0 1.0" />
		</transform>
	</shape>
	<shape type="ply" name="temp15">
		<string name="filename" value="meshes/Cube_011.ply" />
		<boolean name="face_normals" value="true" />
		<ref id="mat-Material" name="bsdf" />
		<transform name="to_world">
			<matrix value="0.9999977837940383 0.0018283978866262154 -0.0008843159262843712 -0.0019719171187999596 -0.001827711705290704 0.9999977055752436 0.0007735682598608766 -0.013957289885911606 0.0008858352525676962 -0.0007719446084146986 0.9999994090116737 -0.0013340074495743481 0.0 0.0 0.0 1.0" />
		</transform>
	</shape>
	<shape type="ply" name="temp16">
		<string name="filename" value="meshes/Cube_012.ply" />
		<boolean name="face_normals" value="true" />
		<ref id="mat-Material" name="bsdf" />
		<transform name="to_world">
			<matrix value="0.9999971189322496 -0.002360765962417323 -0.00019185502252611105 -0.0003259272249565015 0.002360239403432814 0.9999933253097995 -0.0027094391709899432 -0.024179687532374983 0.0001984625736002 0.0027089741209745883 0.9999963358723768 -0.0004062796784655154 0.0 0.0 0.0 1.0" />
		</transform>
	</shape>
	<shape type="ply" name="temp17">
		<string name="filename" value="meshes/Cube_013.ply" />
		<boolean name="face_normals" value="true" />
		<ref id="mat-Material" name="bsdf" />
		<transform name="to_world">
			<matrix value="0.9999993351382115 -0.0010148188551654803 0.0002953913311941132 -0.00016568672116457073 0.001015586576529138 0.9999945768142121 -0.002608304520682464 -0.021611404903480652 -0.0002917402447045975 0.0026086045100047347 0.9999952720933893 -1.3261194107827556e-05 0.0 0.0 0.0 1.0" />
		</transform>
	</shape>
	<shape type="ply" name="temp18">
		<string name="filename" value="meshes/Cube_014.ply" />
		<boolean name="face_normals" value="true" />
		<ref id="mat-Material" name="bsdf" />
		<transform name="to_world">
			<matrix value="0.9999980054146345 0.0017433101874545027 0.0008004423902215543 0.0005435969891698922 -0.0017514254636746113 0.9999649578764473 0.007869151402226182 -0.009510467521646748 -0.0007856199703205698 -0.007870959465857917 0.9999659590724036 -0.003445866363449346 0.0 0.0 0.0 1.0" />
		</transform>
	</shape>
	<shape type="ply" name="temp19">
		<string name="filename" value="meshes/Cube_015.ply" />
		<boolean name="face_normals" value="true" />
		<ref id="mat-Material" name="bsdf" />
		<transform name="to_world">
			<matrix value="0.9986638494256481 0.04480614196648888 -0.024830079036414814 -0.01007331568093961 -0.037281333606369906 0.9684659476078536 0.2440564895009742 0.1413045954366653 0.03518296331558596 -0.2427864328578312 0.9688778455496924 -0.05315143973553521 0.0 0.0 0.0 1.0" />
		</transform>
	</shape>
	<shape type="ply" name="temp20">
		<string name="filename" value="meshes/Cube_016.ply" />
		<boolean name="face_normals" value="true" />
		<ref id="mat-Material" name="bsdf" />
		<transform name="to_world">
			<matrix value="0.9959201864449752 0.08809418822209197 -0.01810761046399203 0.0662501363425026 -0.07460533804232777 0.9213448249249618 0.38013964817755747 0.1131026772990344 0.05040685109046198 -0.3772420180091485 0.9242026740094208 -0.148063952637841 0.0 0.0 0.0 1.0" />
		</transform>
	</shape>
	<shape type="ply" name="temp21">
		<string name="filename" value="meshes/Cube_017.ply" />
		<boolean name="face_normals" value="true" />
		<ref id="mat-Material" name="bsdf" />
		<transform name="to_world">
			<matrix value="0.9811429683330762 0.18009297634865246 0.06663065971790472 0.21629731990417883 -0.19082951702666717 0.8786962661365851 0.4363090698742046 0.056606500574040514 0.020562621558897 -0.4408400306201413 0.8969882525704447 -0.19735206976986341 0.0 0.0 0.0 1.0" />
		</transform>
	</shape>
	<shape type="ply" name="temp22">
		<string name="filename" value="meshes/Cube_018.ply" />
		<boolean name="face_normals" value="true" />
		<ref id="mat-Material" name="bsdf" />
		<transform name="to_world">
			<matrix value="-0.03061635347244015 0.9923218118446551 0.08594895704744124 0.9631023665227562 -0.9186659060647806 -0.06198816389701789 0.38193093379465093 0.4521391055632463 0.3844744356209898 -0.0692198747244083 0.919838225219505 -0.36881422549664294 0.0 0.0 0.0 1.0" />
		</transform>
	</shape>
	<shape type="ply" name="temp23">
		<string name="filename" value="meshes/Cube_019.ply" />
		<boolean name="face_normals" value="true" />
		<ref id="mat-Material" name="bsdf" />
		<transform name="to_world">
			<matrix value="-0.046433074125884044 0.9934224056834987 -0.10461097366035949 0.42477562145737513 -0.9420834463598374 -0.008767355758901847 0.33441771811369764 0.02237563151301806 0.33129484492763644 0.1141467555791024 0.9362961863286907 -0.04198304518420359 0.0 0.0 0.0 1.0" />
		</transform>
	</shape>
	<shape type="ply" name="temp24">
		<string name="filename" value="meshes/Cube_020.ply" />
		<boolean name="face_normals" value="true" />
		<ref id="mat-Material" name="bsdf" />
		<transform name="to_world">
			<matrix value="0.10111263317103032 0.9945240632954622 0.025786995586801326 -0.19650013703513686 -0.963747853295934 0.10436421489645689 -0.24515653231118217 0.11063240300816077 -0.2465100009721545 -0.00013476215784966224 0.9690528960929207 0.10057614309541263 0.0 0.0 0.0 1.0" />
		</transform>
	</shape>
	<shape type="ply" name="temp25">
		<string name="filename" value="meshes/Cube_021.ply" />
		<boolean name="face_normals" value="true" />
		<ref id="mat-Material" name="bsdf" />
		<transform name="to_world">
			<matrix value="0.2761551751955137 0.9593697006610029 -0.05747808260692988 -0.30269690780697983 -0.7569391624869022 0.18021420540941924 -0.6280512136299874 0.12943614021780983 -0.5922200976194403 0.2169097018707905 0.7759605806058434 0.094680175581979 0.0 0.0 0.0 1.0" />
		</transform>
	</shape>
	<shape type="ply" name="temp26">
		<string name="filename" value="meshes/Cube_022.ply" />
		<boolean name="face_normals" value="true" />
		<ref id="mat-Material" name="bsdf" />
		<transform name="to_world">
			<matrix value="0.5908420607524107 0.7614811971891211 -0.2653294098012341 -0.19203710604777396 -0.46428495444367024 0.05230090129176114 -0.884068420373306 0.12834226933437887 -0.6594963538979517 0.6456485191574038 0.3842602551840314 0.2345611174457053 0.0 0.0 0.0 1.0" />
		</transform>
	</shape>
	<shape type="ply" name="temp27">
		<string name="filename" value="meshes/Cube_023.ply" />
		<boolean name="face_normals" value="true" />
		<ref id="mat-Material" name="bsdf" />
		<transform name="to_world">
			<matrix value="0.861346176690123 0.45455161725657717 -0.22665681213332128 -0.11889214608412751 -0.38483210910116006 0.29262999480625673 -0.8753033543079031 -0.17837474593682967 -0.3316214915243419 0.8411848200858115 0.42697074513226557 -0.021393758165407673 0.0 0.0 0.0 1.0" />
		</transform>
	</shape>
	<shape type="ply" name="temp28">
		<string name="filename" value="meshes/Cube_024.ply" />
		<boolean name="face_normals" value="true" />
		<ref id="mat-Material" name="bsdf" />
		<transform name="to_world">
			<matrix value="0.8911643414233716 0.4040830331460944 -0.20623388670328271 -0.12343962985760748 -0.33990531481648933 0.293574150593526 -0.8934147825564831 -0.47363685671939304 -0.3004746891549518 0.8662776921424296 0.3989723185795856 -0.27538978187431906 0.0 0.0 0.0 1.0" />
		</transform>
	</shape>
	<shape type="ply" name="temp29">
		<string name="filename" value="meshes/Cube_025.ply" />
		<boolean name="face_normals" value="true" />
		<ref id="mat-Material" name="bsdf" />
		<transform name="to_world">
			<matrix value="0.8804804557228644 0.42900351046987734 -0.2017490772308273 -0.28035680432238475 -0.319668628452184 0.2229849214576689 -0.9209092142644724 -0.7875088654411522 -0.3500936347018848 0.875335768204696 0.3334716640009153 -0.7593999923487176 0.0 0.0 0.0 1.0" />
		</transform>
	</shape>
	<shape type="ply" name="temp30">
		<string name="filename" value="meshes/Cube_026.ply" />
		<boolean name="face_normals" value="true" />
		<ref id="mat-Material" name="bsdf" />
		<transform name="to_world">
			<matrix value="0.8985810962950356 0.34009851425567816 -0.2772252956241806 -0.32452451236312274 -0.3648171319812704 0.22802681556788057 -0.9027150476502068 -1.145552884089548 -0.2438133280853576 0.9123105274465347 0.32896691458232963 -0.8689166247681805 0.0 0.0 0.0 1.0" />
		</transform>
	</shape>
	<shape type="ply" name="temp31">
		<string name="filename" value="meshes/Cube_027.ply" />
		<boolean name="face_normals" value="true" />
		<ref id="mat-Material" name="bsdf" />
		<transform name="to_world">
			<matrix value="0.8418566398417098 0.32161264686925745 -0.4333803681242645 -0.5919785442120589 -0.5129260212720312 0.2270256120378038 -0.8278612936214393 -1.5938957998273628 -0.1678658113884619 0.9192325983526031 0.35608488672644945 -0.9794228130855934 0.0 0.0 0.0 1.0" />
		</transform>
	</shape>
	<shape type="ply" name="temp32">
		<string name="filename" value="meshes/Cube_028.ply" />
		<boolean name="face_normals" value="true" />
		<ref id="mat-Material" name="bsdf" />
		<transform name="to_world">
			<matrix value="-0.11693819622110288 0.9805308673134163 0.15773679365666227 -1.473780012589415 -0.8020564618360468 0.0003870652847276831 -0.5971181754441041 -2.1195675700143894 -0.5855544149482206 -0.19635693323015374 0.7863936521234682 -1.292881184992802 0.0 0.0 0.0 1.0" />
		</transform>
	</shape>
	<shape type="ply" name="temp33">
		<string name="filename" value="meshes/Cube_029.ply" />
		<boolean name="face_normals" value="true" />
		<ref id="mat-Material" name="bsdf" />
		<transform name="to_world">
			<matrix value="0.006780768030608463 0.989213179175801 0.14632430082535067 -1.6603573665168954 -0.9929349570144692 -0.010605349555611644 0.11771469778511759 -1.6979992253122305 0.11799683348492182 -0.146096077993755 0.9821517979519654 0.07231228994259309 0.0 0.0 0.0 1.0" />
		</transform>
	</shape>
	<shape type="ply" name="temp34">
		<string name="filename" value="meshes/Cube_030.ply" />
		<boolean name="face_normals" value="true" />
		<ref id="mat-Material" name="bsdf" />
		<transform name="to_world">
			<matrix value="-0.032790716628852565 0.9822343228295316 -0.18477005877990701 -3.184850376374494 -0.9810011040482082 0.0037283910587341705 0.19392169078582988 -1.965471832588581 0.1911655653515863 0.18762146197185334 0.9634508965003907 0.21575138090427204 0.0 0.0 0.0 1.0" />
		</transform>
	</shape>
	<shape type="ply" name="temp35">
		<string name="filename" value="meshes/Cube_031.ply" />
		<boolean name="face_normals" value="true" />
		<ref id="mat-Material" name="bsdf" />
		<transform name="to_world">
			<matrix value="0.10531811863616458 0.9890647716108739 0.1032414173129321 -2.047741144195788 -0.6820934547459607 -0.003698070388779846 0.7312434488944026 -0.7741397081940278 0.7236291436402867 -0.14743553187894615 0.6742449887735857 0.7652250203153859 0.0 0.0 0.0 1.0" />
		</transform>
	</shape>
	<shape type="ply" name="temp36">
		<string name="filename" value="meshes/Cube_032.ply" />
		<boolean name="face_normals" value="true" />
		<ref id="mat-Material" name="bsdf" />
		<transform name="to_world">
			<matrix value="0.7952323204385605 0.5645994247251382 0.22092389441449842 -0.5115397669284296 -0.24680427532724497 -0.03136309688938579 0.9685470102846152 0.41221177008200144 0.5537802268331127 -0.8247610148032114 0.11441744389511421 -0.24123924079218817 0.0 0.0 0.0 1.0" />
		</transform>
	</shape>
	<shape type="ply" name="temp37">
		<string name="filename" value="meshes/Cube_033.ply" />
		<boolean name="face_normals" value="true" />
		<ref id="mat-Material" name="bsdf" />
		<transform name="to_world">
			<matrix value="0.9788288060677947 0.15654924774155599 0.1318574975852217 -0.1284962909469145 -0.14968727117673444 0.108132473827914 0.9828011759249322 0.30093667552207637 0.13959934542140714 -0.9817313729211992 0.1292766161048574 -0.3964570837429309 0.0 0.0 0.0 1.0" />
		</transform>
	</shape>
	<shape type="ply" name="temp38">
		<string name="filename" value="meshes/Cube_034.ply" />
		<boolean name="face_normals" value="true" />
		<ref id="mat-Material" name="bsdf" />
		<transform name="to_world">
			<matrix value="0.9999208814471647 0.0049290198843192756 0.011582792027425641 -0.03549781375863881 -0.012284970400353175 0.18144564403459995 0.983324436989061 0.3693260583893292 0.002745176649344801 -0.9833885733475449 0.18149182946819087 -0.33843650817954063 0.0 0.0 0.0 1.0" />
		</transform>
	</shape>
	<shape type="ply" name="temp39">
		<string name="filename" value="meshes/Cube_035.ply" />
		<boolean name="face_normals" value="true" />
		<ref id="mat-Material" name="bsdf" />
		<transform name="to_world">
			<matrix value="0.999090469073289 -0.04258494064740323 0.002278568493892254 0.00948311711301808 0.00683965483921869 0.21274605098211807 0.977083718460726 0.0921201005274838 -0.042093815987532514 -0.976179073594717 0.21284385473790612 -0.13230994592293074 0.0 0.0 0.0 1.0" />
		</transform>
	</shape>
	<shape type="ply" name="temp40">
		<string name="filename" value="meshes/Cube_036.ply" />
		<boolean name="face_normals" value="true" />
		<ref id="mat-Material" name="bsdf" />
		<transform name="to_world">
			<matrix value="0.9997963306721132 -0.02004325512126035 0.0024510768043700983 0.005359750797857332 0.001906799231242476 0.21455656069900694 0.9767098592454924 -0.2516959229939446 -0.020102342175108638 -0.9765058205384389 0.21455106635569648 0.2485668223193095 0.0 0.0 0.0 1.0" />
		</transform>
	</shape>
	<shape type="ply" name="temp41">
		<string name="filename" value="meshes/Cube_037.ply" />
		<boolean name="face_normals" value="true" />
		<ref id="mat-Material" name="bsdf" />
		<transform name="to_world">
			<matrix value="0.9990277504445708 -0.04400757785921827 0.0026515518644263324 -0.0019283183384672942 0.006861307171465197 0.21460703804364833 0.9766765275038876 -0.5687879538778258 -0.043550209032546305 -0.975708507935581 0.21470040910575902 0.5057629669668767 0.0 0.0 0.0 1.0" />
		</transform>
	</shape>
	<shape type="ply" name="temp42">
		<string name="filename" value="meshes/Cube_038.ply" />
		<boolean name="face_normals" value="true" />
		<ref id="mat-Material" name="bsdf" />
		<transform name="to_world">
			<matrix value="0.9993315922819298 -0.03646440617158543 0.0026831579201182353 0.002724427146639563 0.005208943898075802 0.2146219518045651 0.9766833829684729 -0.9038199538964499 -0.036190060493557934 -0.9760161694370107 0.21466846027683784 0.8472304451484902 0.0 0.0 0.0 1.0" />
		</transform>
	</shape>
	<shape type="ply" name="temp43">
		<string name="filename" value="meshes/Cube_039.ply" />
		<boolean name="face_normals" value="true" />
		<ref id="mat-Material" name="bsdf" />
		<transform name="to_world">
			<matrix value="0.9999653339756442 -0.0027796431977711727 -0.007843275309021788 0.01824867557150678 0.00827346056243241 0.43300055552146643 0.9013556680201251 -1.3192902818788106 0.0008906996046313281 -0.9013894189530305 0.4330085372309166 1.463761160888739 0.0 0.0 0.0 1.0" />
		</transform>
	</shape>
	<shape type="ply" name="temp47">
		<string name="filename" value="meshes/Plane_001.ply" />
		<boolean name="face_normals" value="true" />
		<ref id="mat-Material.002" name="bsdf" />
	</shape>
	<shape type="ply" name="temp49">
		<string name="filename" value="meshes/Plane_002.ply" />
		<boolean name="face_normals" value="true" />
		<ref id="mat-Material.003" name="bsdf" />
	</shape>
	<shape type="ply" name="temp51">
		<string name="filename" value="meshes/Plane_003.ply" />
		<boolean name="face_normals" value="true" />
		<ref id="mat-Material.004" name="bsdf" />
	</shape>
	<shape type="ply" name="temp53">
		<string name="filename" value="meshes/Plane_004.ply" />
		<boolean name="face_normals" value="true" />
		<ref id="mat-Material.005" name="bsdf" />
	</shape>
	<emitter type="point">
		<transform name="to_world">
			<rotate x="1" angle="-142.5518126578256" />
			<rotate y="1" angle="3.976628485794621e-06" />
			<rotate z="1" angle="-179.999991348578" />
			<translate value="-0.000000 3.030926 4.073377" />
		</transform>
		<rgb name="intensity" value="100" />
	</emitter>
</scene>