<scene version="2.1.0">
	<default name="spp" value="1024" />
	<default name="resx" value="640" />
	<default name="resy" value="360" />
	<integrator type="path" name="temp0">
		<integer name="max_depth" value="12" />
	</integrator>
	<sensor type="perspective" name="temp44">
		<string name="fov_axis" value="x" />
		<float name="fov" value="83.974423" />
		<float name="principal_point_offset_x" value="0.000000" />
		<float name="principal_point_offset_y" value="-0.000000" />
		<float name="near_clip" value="0.100000" />
		<float name="far_clip" value="1000.000000" />
		<transform name="to_world">
			<rotate x="1" angle="-142.5518126578256" />
			<rotate y="1" angle="3.976628485794621e-06" />
			<rotate z="1" angle="-179.999991348578" />
			<translate value="-0.000000 3.030926 4.073377" />
		</transform>
		<sampler type="independent" name="sampler">
			<integer name="sample_count" value="$spp" />
		</sampler>
		<film type="hdrfilm" name="film">
			<integer name="width" value="$resx" />
			<integer name="height" value="$resy" />
		</film>
		<float name="shutter_open" value="0.0" />
		<float name="shutter_close" value="0.0015" />
	</sensor>
	<bsdf type="twosided" id="mat-Material" name="mat-Material">
		<bsdf type="diffuse" name="bsdf">
			<texture type="bitmap" name="reflectance">
				<string name="filename" value="textures/siggraph_2023_logo.jpg" />
			</texture>
		</bsdf>
	</bsdf>
	<bsdf type="twosided" id="mat-Material.001" name="mat-Material.001">
		<bsdf type="principled" name="bsdf">
			<rgb value="0.433648 0.266232 0.084399" name="base_color" />
			<float name="spec_tint" value="0.000000" />
			<float name="spec_trans" value="0.000000" />
			<float name="metallic" value="0.000000" />
			<float name="anisotropic" value="0.000000" />
			<float name="roughness" value="0.500000" />
			<float name="sheen" value="0.000000" />
			<float name="sheen_tint" value="0.500000" />
			<float name="clearcoat" value="0.000000" />
			<float name="clearcoat_gloss" value="0.173205" />
			<float name="specular" value="0.500000" />
		</bsdf>
	</bsdf>
	<bsdf type="twosided" id="mat-Material.002" name="mat-Material.002">
		<bsdf type="principled" name="bsdf">
			<rgb value="0.433648 0.266232 0.084399" name="base_color" />
			<float name="spec_tint" value="0.000000" />
			<float name="spec_trans" value="0.000000" />
			<float name="metallic" value="0.000000" />
			<float name="anisotropic" value="0.000000" />
			<float name="roughness" value="0.500000" />
			<float name="sheen" value="0.000000" />
			<float name="sheen_tint" value="0.500000" />
			<float name="clearcoat" value="0.000000" />
			<float name="clearcoat_gloss" value="0.173205" />
			<float name="specular" value="0.500000" />
		</bsdf>
	</bsdf>
	<bsdf type="twosided" id="mat-Material.003" name="mat-Material.003">
		<bsdf type="principled" name="bsdf">
			<rgb value="0.433648 0.266232 0.084399" name="base_color" />
			<float name="spec_tint" value="0.000000" />
			<float name="spec_trans" value="0.000000" />
			<float name="metallic" value="0.000000" />
			<float name="anisotropic" value="0.000000" />
			<float name="roughness" value="0.500000" />
			<float name="sheen" value="0.000000" />
			<float name="sheen_tint" value="0.500000" />
			<float name="clearcoat" value="0.000000" />
			<float name="clearcoat_gloss" value="0.173205" />
			<float name="specular" value="0.500000" />
		</bsdf>
	</bsdf>
	<bsdf type="twosided" id="mat-Material.004" name="mat-Material.004">
		<bsdf type="principled" name="bsdf">
			<rgb value="0.433648 0.266232 0.084399" name="base_color" />
			<float name="spec_tint" value="0.000000" />
			<float name="spec_trans" value="0.000000" />
			<float name="metallic" value="0.000000" />
			<float name="anisotropic" value="0.000000" />
			<float name="roughness" value="0.500000" />
			<float name="sheen" value="0.000000" />
			<float name="sheen_tint" value="0.500000" />
			<float name="clearcoat" value="0.000000" />
			<float name="clearcoat_gloss" value="0.173205" />
			<float name="specular" value="0.500000" />
		</bsdf>
	</bsdf>
	<bsdf type="twosided" id="mat-Material.005" name="mat-Material.005">
		<bsdf type="principled" name="bsdf">
			<rgb value="0.433648 0.266232 0.084399" name="base_color" />
			<float name="spec_tint" value="0.000000" />
			<float name="spec_trans" value="0.000000" />
			<float name="metallic" value="0.000000" />
			<float name="anisotropic" value="0.000000" />
			<float name="roughness" value="0.500000" />
			<float name="sheen" value="0.000000" />
			<float name="sheen_tint" value="0.500000" />
			<float name="clearcoat" value="0.000000" />
			<float name="clearcoat_gloss" value="0.173205" />
			<float name="specular" value="0.500000" />
		</bsdf>
	</bsdf>
	<emitter type="point" name="temp45">
		<point name="position" x="-6.815235034541981e-16" y="3.0693089962005615" z="4.109199523925781" />
		<rgb value="7.957747 7.957747 7.957747" name="intensity" />
	</emitter>
	<shape type="ply" name="temp2">
		<string name="filename" value="meshes/Cube.ply" />
		<boolean name="face_normals" value="true" />
		<ref id="mat-Material" name="bsdf" />
		<transform name="to_world">
			<matrix value="0.9999995567588077 0.0002223464456231762 0.0010766057980209928 -0.0018835017012497346 -0.00022235992248598028 1.0 1.161284969370257e-05 -0.01727346769005278 -0.001076601829345049 -1.185224738904892e-05 0.9999995272093389 0.0024412350123201865 0.0 0.0 0.0 1.0" />
			<scale value="1" />
		</transform>
	</shape>
	<shape type="ply" name="temp4">
		<string name="filename" value="meshes/Plane.ply" />
		<boolean name="face_normals" value="true" />
		<ref id="mat-Material.001" name="bsdf" />
		<transform name="to_world">
			<scale value="1" />
		</transform>
	</shape>
	<shape type="ply" name="temp5">
		<string name="filename" value="meshes/Cube_001.ply" />
		<boolean name="face_normals" value="true" />
		<ref id="mat-Material" name="bsdf" />
		<transform name="to_world">
			<matrix value="0.9999995567588077 0.00022196265093664676 -0.0012220882123359594 0.0018390809196437985 -0.0002263566283174387 0.9999935338938684 -0.003595596616899146 -0.01357350746992525 0.0012212801869414054 0.0035958787959693215 0.9999929081400841 -0.0026317816895045087 0.0 0.0 0.0 1.0" />
			<scale value="1" />
		</transform>
	</shape>
	<shape type="ply" name="temp6">
		<string name="filename" value="meshes/Cube_002.ply" />
		<boolean name="face_normals" value="true" />
		<ref id="mat-Material" name="bsdf" />
		<transform name="to_world">
			<matrix value="1.0 -3.5377109567125484e-05 0.00035790725832950766 -0.0009355448208347994 3.6712515535603794e-05 0.999992908141662 -0.003731594850553236 -0.01528271545851928 -0.00035777187971497816 0.0037316127928781057 0.9999931445354147 0.0005459568967901562 0.0 0.0 0.0 1.0" />
			<scale value="1" />
		</transform>
	</shape>
	<shape type="ply" name="temp7">
		<string name="filename" value="meshes/Cube_003.ply" />
		<boolean name="face_normals" value="true" />
		<ref id="mat-Material" name="bsdf" />
		<transform name="to_world">
			<matrix value="0.9999995567588077 0.0003746858202464213 0.0007968957510776081 -0.0011481829627650875 -0.00037706794178292885 0.9999954111504872 0.0029916774659933497 -0.017679258185098023 -0.0007957686422813092 -0.0029919841142373228 0.9999952720933893 0.0023450444447712937 0.0 0.0 0.0 1.0" />
			<scale value="1" />
		</transform>
	</shape>
	<shape type="ply" name="temp8">
		<string name="filename" value="meshes/Cube_004.ply" />
		<boolean name="face_normals" value="true" />
		<ref id="mat-Material" name="bsdf" />
		<transform name="to_world">
			<matrix value="1.0 -0.00036664699023617977 0.0006449384686594162 -0.0005292919426298504 0.0003679509136973939 0.9999979141593124 -0.002022558260811186 -0.018740074198802914 -0.0006441978841438442 0.0020227961528754357 0.9999978724420252 0.0019888031971322627 0.0 0.0 0.0 1.0" />
			<scale value="1" />
		</transform>
	</shape>
	<shape type="ply" name="temp9">
		<string name="filename" value="meshes/Cube_005.ply" />
		<boolean name="face_normals" value="true" />
		<ref id="mat-Material" name="bsdf" />
		<transform name="to_world">
			<matrix value="1.0 -0.00015705858917907568 0.0007034841362185541 -0.00046460919544166757 0.00015793703138324938 0.9999991656637249 -0.001248911990491234 -0.01857239681421502 -0.0007032863674965915 0.0012490222621776594 0.999999054418678 0.0017151066536506554 0.0 0.0 0.0 1.0" />
			<scale value="1" />
		</transform>
	</shape>
	<shape type="ply" name="temp10">
		<string name="filename" value="meshes/Cube_006.ply" />
		<boolean name="face_normals" value="true" />
		<ref id="mat-Material" name="bsdf" />
		<transform name="to_world">
			<matrix value="1.0 -0.0002125388227097991 -0.0007991367788110355 -0.0008957861323670713 0.00021413203623230802 0.9999979141593124 0.001995410621053085 -0.016979742007369958 0.0007987117637985416 -0.0019955801035828487 0.9999978724420252 -0.0017601242549133422 0.0 0.0 0.0 1.0" />
			<scale value="1" />
		</transform>
	</shape>
	<shape type="ply" name="temp11">
		<string name="filename" value="meshes/Cube_007.ply" />
		<boolean name="face_normals" value="true" />
		<ref id="mat-Material" name="bsdf" />
		<transform name="to_world">
			<matrix value="0.9999995567588077 0.000997626313297443 -4.814096348117655e-05 0.0004597400262591478 -0.0009977758156967662 0.9999943682301434 -0.003207435484168368 -0.01844214167230962 4.494111097518381e-05 0.003207484830723599 0.9999950356980589 -0.0001484973609295892 0.0 0.0 0.0 1.0" />
			<scale value="1" />
		</transform>
	</shape>
	<shape type="ply" name="temp12">
		<string name="filename" value="meshes/Cube_008.ply" />
		<boolean name="face_normals" value="true" />
		<ref id="mat-Material" name="bsdf" />
		<transform name="to_world">
			<matrix value="0.9999995567588077 -0.0008902076037236429 0.00018309527535564495 0.0004127530131552426 0.0008900283142473676 0.9999991656637249 0.0009692066714544601 -0.018525970514701617 -0.00018395794882159895 -0.0009690440383544386 0.9999995272093389 0.0004928446707810341 0.0 0.0 0.0 1.0" />
			<scale value="1" />
		</transform>
	</shape>
	<shape type="ply" name="temp13">
		<string name="filename" value="meshes/Cube_009.ply" />
		<boolean name="face_normals" value="true" />
		<ref id="mat-Material" name="bsdf" />
		<transform name="to_world">
			<matrix value="0.9999995567588077 -0.0006559426644111777 0.0006768045592149027 0.0013724993890793513 0.0006555359938442664 0.9999995828318625 0.0005980116315958434 -0.01824453919287311 -0.0006771971909146193 -0.000597568326926326 0.9999995272093389 0.0012195603902966923 0.0 0.0 0.0 1.0" />
			<scale value="1" />
		</transform>
	</shape>
	<shape type="ply" name="temp14">
		<string name="filename" value="meshes/Cube_010.ply" />
		<boolean name="face_normals" value="true" />
		<ref id="mat-Material" name="bsdf" />
		<transform name="to_world">
			<matrix value="0.9999915784173453 0.00037558481758280266 0.004149329039133356 0.008234720561269615 -0.0003765311766989878 0.9999997914159312 0.00022706173369498668 -0.016759251047977486 -0.004149242855395221 -0.000228622740252345 0.9999914897681008 0.006885192680458507 0.0 0.0 0.0 1.0" />
			<scale value="1" />
		</transform>
	</shape>
	<shape type="ply" name="temp15">
		<string name="filename" value="meshes/Cube_011.ply" />
		<boolean name="face_normals" value="true" />
		<ref id="mat-Material" name="bsdf" />
		<transform name="to_world">
			<matrix value="0.9999995567588077 -0.0008034366311169886 -0.0005846860268138495 -0.00118048228786094 0.0008033524990824907 0.9999995828318625 -0.0001475433088065298 -0.019138250920967936 0.0005848035643683725 0.00014707346122317871 1.0 -0.00093216724342704 0.0 0.0 0.0 1.0" />
			<scale value="1" />
		</transform>
	</shape>
	<shape type="ply" name="temp16">
		<string name="filename" value="meshes/Cube_012.ply" />
		<boolean name="face_normals" value="true" />
		<ref id="mat-Material" name="bsdf" />
		<transform name="to_world">
			<matrix value="0.9999986702764229 0.0016292856204228835 -0.00018829313588334553 -0.0005117234736911058 -0.001629000030140401 0.9999974969911749 0.00151209800383055 -0.01369977753045637 0.0001907563822299287 -0.0015117902144869979 0.999999054418678 -0.00021827333312729458 0.0 0.0 0.0 1.0" />
			<scale value="1" />
		</transform>
	</shape>
	<shape type="ply" name="temp17">
		<string name="filename" value="meshes/Cube_013.ply" />
		<boolean name="face_normals" value="true" />
		<ref id="mat-Material" name="bsdf" />
		<transform name="to_world">
			<matrix value="0.9999968973116535 0.002502677176522612 0.000284671984931216 -0.00024282009469545063 -0.00250416646720813 0.9999824789382238 0.0053613278987622815 -0.009076666170400427 -0.00027124898276146355 -0.005362028938953701 0.9999855798848376 0.0001966294009447811 0.0 0.0 0.0 1.0" />
			<scale value="1" />
		</transform>
	</shape>
	<shape type="ply" name="temp18">
		<string name="filename" value="meshes/Cube_014.ply" />
		<boolean name="face_normals" value="true" />
		<ref id="mat-Material" name="bsdf" />
		<transform name="to_world">
			<matrix value="1.0 0.00030760309789058934 -6.85243872514835e-05 -0.00038074525116493785 -0.0003074706530006542 0.9999981227433812 0.0019362337779614306 -0.01586975696228221 6.911991801810907e-05 -0.0019362129059306708 0.9999983452326863 0.0004133756929464161 0.0 0.0 0.0 1.0" />
			<scale value="1" />
		</transform>
	</shape>
	<shape type="ply" name="temp19">
		<string name="filename" value="meshes/Cube_015.ply" />
		<boolean name="face_normals" value="true" />
		<ref id="mat-Material" name="bsdf" />
		<transform name="to_world">
			<matrix value="1.0 -0.00019202791689176365 -9.841681319237237e-05 0.00011530968376638473 0.0001919872630210965 0.9999997914159312 -0.0004122994599312279 -0.01816056333946403 9.849617128258045e-05 0.0004122810128008043 1.0 -0.00020433550706405734 0.0 0.0 0.0 1.0" />
			<scale value="1" />
		</transform>
	</shape>
	<shape type="ply" name="temp20">
		<string name="filename" value="meshes/Cube_016.ply" />
		<boolean name="face_normals" value="true" />
		<ref id="mat-Material" name="bsdf" />
		<transform name="to_world">
			<matrix value="1.0 -1.8537846536357247e-05 0.000398373411009687 0.0008043037241703965 1.818543261226856e-05 0.9999995828318625 0.00088467642916343 -0.017663193443494818 -0.0003983905025823232 -0.0008846696966979057 0.9999995272093389 0.0004958215159058532 0.0 0.0 0.0 1.0" />
			<scale value="1" />
		</transform>
	</shape>
	<shape type="ply" name="temp21">
		<string name="filename" value="meshes/Cube_017.ply" />
		<boolean name="face_normals" value="true" />
		<ref id="mat-Material" name="bsdf" />
		<transform name="to_world">
			<matrix value="0.9999995567588077 0.0008024041399765969 0.0006097084725504834 0.00019774030097674533 -0.0008036450382694445 0.9999977055752436 0.002039659099021749 -0.017602548086019798 -0.0006080692945550479 -0.002040148261556079 0.9999978724420252 0.00048820884298597655 0.0 0.0 0.0 1.0" />
			<scale value="1" />
		</transform>
	</shape>
	<shape type="ply" name="temp22">
		<string name="filename" value="meshes/Cube_018.ply" />
		<boolean name="face_normals" value="true" />
		<ref id="mat-Material" name="bsdf" />
		<transform name="to_world">
			<matrix value="0.9999991135176153 0.001472880942299389 7.622401956218639e-05 0.0005284073183644544 -0.0014730544814343994 0.9999962454867622 0.0023309643369276455 -0.01786110454630918 -7.279039833199475e-05 -0.0023310729773081394 0.9999973996513641 6.219219117975516e-05 0.0 0.0 0.0 1.0" />
			<scale value="1" />
		</transform>
	</shape>
	<shape type="ply" name="temp23">
		<string name="filename" value="meshes/Cube_019.ply" />
		<boolean name="face_normals" value="true" />
		<ref id="mat-Material" name="bsdf" />
		<transform name="to_world">
			<matrix value="0.9999618812574576 0.00671634026736306 -0.0055877946254103234 0.002838465984229599 -0.006682543566176796 0.9999593261065907 0.006045314148118695 -0.018040352273445248 0.005628170282628314 -0.006007740554791907 0.9999661954677341 -0.0007702062648553554 0.0 0.0 0.0 1.0" />
			<scale value="1" />
		</transform>
	</shape>
	<shape type="ply" name="temp24">
		<string name="filename" value="meshes/Cube_020.ply" />
		<boolean name="face_normals" value="true" />
		<ref id="mat-Material" name="bsdf" />
		<transform name="to_world">
			<matrix value="0.9999432796925956 -0.0023475547208547747 0.010372838794776433 -0.008088788945322722 0.00226322984806257 0.9999643339937984 0.00813424511818697 -0.015317864881446763 -0.010391554705056713 -0.0081103101391388 0.9999132429053824 -0.0010727374832377734 0.0 0.0 0.0 1.0" />
			<scale value="1" />
		</transform>
	</shape>
	<shape type="ply" name="temp25">
		<string name="filename" value="meshes/Cube_021.ply" />
		<boolean name="face_normals" value="true" />
		<ref id="mat-Material" name="bsdf" />
		<transform name="to_world">
			<matrix value="0.9867311316656826 0.16026832254606058 0.025992659452196372 0.020017731256825932 -0.15984017609086087 0.9869822682683143 -0.017802837784105817 -0.056801462380412504 -0.02850753598675241 0.013411936849087341 0.9995035698058864 0.042606233342637134 0.0 0.0 0.0 1.0" />
			<scale value="1" />
		</transform>
	</shape>
	<shape type="ply" name="temp26">
		<string name="filename" value="meshes/Cube_022.ply" />
		<boolean name="face_normals" value="true" />
		<ref id="mat-Material" name="bsdf" />
		<transform name="to_world">
			<matrix value="0.9845299959044514 0.17521739674567138 0.00020516916213457416 0.09896888129639936 -0.17366575536277518 0.9759652749242319 -0.13165045073497672 -0.06240198868660418 -0.023267689312745667 0.12957813872092078 0.9912961603252043 0.2045850096845625 0.0 0.0 0.0 1.0" />
			<scale value="1" />
		</transform>
	</shape>
	<shape type="ply" name="temp27">
		<string name="filename" value="meshes/Cube_023.ply" />
		<boolean name="face_normals" value="true" />
		<ref id="mat-Material" name="bsdf" />
		<transform name="to_world">
			<matrix value="0.9567316812847613 0.28523454235612394 0.05750191125624734 0.0471164567007899 -0.24245364140369166 0.8907386587627211 -0.38444854406479884 -0.14969671113776278 -0.16087722750861216 0.35387246752867507 0.9213538738811999 0.0835377375246728 0.0 0.0 0.0 1.0" />
			<scale value="1" />
		</transform>
	</shape>
	<shape type="ply" name="temp28">
		<string name="filename" value="meshes/Cube_024.ply" />
		<boolean name="face_normals" value="true" />
		<ref id="mat-Material" name="bsdf" />
		<transform name="to_world">
			<matrix value="0.9262340278036335 0.3764103933269785 0.02014792674203265 -0.02142683638235421 -0.27245792311360983 0.7054594794158812 -0.6542886131678819 -0.37036003032178877 -0.260494621711372 0.6005348095523161 0.7559766649441327 -0.16945692867780016 0.0 0.0 0.0 1.0" />
			<scale value="1" />
		</transform>
	</shape>
	<shape type="ply" name="temp29">
		<string name="filename" value="meshes/Cube_025.ply" />
		<boolean name="face_normals" value="true" />
		<ref id="mat-Material" name="bsdf" />
		<transform name="to_world">
			<matrix value="0.903567559709021 0.41973497308222596 -0.08595610800618977 -0.16022886758865817 -0.297229210658355 0.4695999148977 -0.8313428058518246 -0.7201244953302844 -0.3085787116574206 0.77672285226199 0.5490728338741271 -0.5833149078924375 0.0 0.0 0.0 1.0" />
			<scale value="1" />
		</transform>
	</shape>
	<shape type="ply" name="temp30">
		<string name="filename" value="meshes/Cube_026.ply" />
		<boolean name="face_normals" value="true" />
		<ref id="mat-Material" name="bsdf" />
		<transform name="to_world">
			<matrix value="0.8907286353312873 0.42846713653704555 -0.151720201541203 -0.1939688866221847 -0.35303575892643435 0.441897864724888 -0.8246769303215308 -1.0854743238932145 -0.2863022071638414 0.7881257261332895 0.5448751619899003 -0.6604877713262343 0.0 0.0 0.0 1.0" />
			<scale value="1" />
		</transform>
	</shape>
	<shape type="ply" name="temp31">
		<string name="filename" value="meshes/Cube_027.ply" />
		<boolean name="face_normals" value="true" />
		<ref id="mat-Material" name="bsdf" />
		<transform name="to_world">
			<matrix value="0.8336932451815251 0.4329577429535087 -0.34278812217478033 -0.489338409782085 -0.5131310203234952 0.3779470321615776 -0.7706182825311889 -1.5582309558400302 -0.20408947621301818 0.8183541465469951 0.5372559040915776 -0.7568241795334388 0.0 0.0 0.0 1.0" />
			<scale value="1" />
		</transform>
	</shape>
	<shape type="ply" name="temp32">
		<string name="filename" value="meshes/Cube_028.ply" />
		<boolean name="face_normals" value="true" />
		<ref id="mat-Material" name="bsdf" />
		<transform name="to_world">
			<matrix value="-0.14749870130330642 0.9725728636298218 0.17985006389765784 -1.4809248709851084 -0.7695008394988183 0.0013982203607252888 -0.638644206588716 -2.1125407319406073 -0.6213798275614466 -0.2325939723375808 0.7481895663611335 -1.3595784660486019 0.0 0.0 0.0 1.0" />
			<scale value="1" />
		</transform>
	</shape>
	<shape type="ply" name="temp33">
		<string name="filename" value="meshes/Cube_029.ply" />
		<boolean name="face_normals" value="true" />
		<ref id="mat-Material" name="bsdf" />
		<transform name="to_world">
			<matrix value="0.008715048215776905 0.9914175999065544 0.13044284882849566 -1.689002149150173 -0.9910833169334092 -0.00878116819593553 0.13295587302923123 -1.6686838344061778 0.1329602128976095 -0.13043840199573237 0.9825005992621629 0.09416036717488119 0.0 0.0 0.0 1.0" />
			<scale value="1" />
		</transform>
	</shape>
	<shape type="ply" name="temp34">
		<string name="filename" value="meshes/Cube_030.ply" />
		<boolean name="face_normals" value="true" />
		<ref id="mat-Material" name="bsdf" />
		<transform name="to_world">
			<matrix value="0.1104028152822035 0.9726457422542331 -0.20438061375508146 -2.8688555122702226 -0.9648732677469064 0.15421313777127285 0.2126913819297713 -1.9044195241747777 0.2383914569597832 0.1737196558572377 0.9555056297684451 0.3181676422690465 0.0 0.0 0.0 1.0" />
			<scale value="1" />
		</transform>
	</shape>
	<shape type="ply" name="temp35">
		<string name="filename" value="meshes/Cube_031.ply" />
		<boolean name="face_normals" value="true" />
		<ref id="mat-Material" name="bsdf" />
		<transform name="to_world">
			<matrix value="0.10140538484859768 0.9877110610045826 0.11892696849937663 -2.040380843734925 -0.7606103076625764 -7.943235931526022e-05 0.6492087139101158 -1.112004778574936 0.6412401356672642 -0.1562903114785899 0.7512553774027813 0.6578414783756292 0.0 0.0 0.0 1.0" />
			<scale value="1" />
		</transform>
	</shape>
	<shape type="ply" name="temp36">
		<string name="filename" value="meshes/Cube_032.ply" />
		<boolean name="face_normals" value="true" />
		<ref id="mat-Material" name="bsdf" />
		<transform name="to_world">
			<matrix value="0.8594216234329208 0.46591110564157334 0.2105261876383208 -0.2792734855192238 -0.22223111659548214 -0.030417063845497607 0.9745194201127984 0.4919436145697897 0.46044293978834344 -0.884308429090803 0.07739885707585595 -0.48583166198887184 0.0 0.0 0.0 1.0" />
			<scale value="1" />
		</transform>
	</shape>
	<shape type="ply" name="temp37">
		<string name="filename" value="meshes/Cube_033.ply" />
		<boolean name="face_normals" value="true" />
		<ref id="mat-Material" name="bsdf" />
		<transform name="to_world">
			<matrix value="0.9810673957097799 0.14935055264349018 0.1232931193356724 -0.12432687697680667 -0.14101683075455607 0.11453246923906446 0.9833598962886406 0.32835842520744274 0.13274431011281376 -0.9821287255721983 0.13342502320220168 -0.4047192091929246 0.0 0.0 0.0 1.0" />
			<scale value="1" />
		</transform>
	</shape>
	<shape type="ply" name="temp38">
		<string name="filename" value="meshes/Cube_034.ply" />
		<boolean name="face_normals" value="true" />
		<ref id="mat-Material" name="bsdf" />
		<transform name="to_world">
			<matrix value="0.9999259787208769 0.004033315047463305 0.011503067702204292 -0.03828666551930349 -0.012048665223473344 0.18389968774964907 0.9828712671404344 0.3697827992560585 0.0018488166346646525 -0.9829367802545977 0.18393464425575895 -0.33139585172995323 0.0 0.0 0.0 1.0" />
			<scale value="1" />
		</transform>
	</shape>
	<shape type="ply" name="temp39">
		<string name="filename" value="meshes/Cube_035.ply" />
		<boolean name="face_normals" value="true" />
		<ref id="mat-Material" name="bsdf" />
		<transform name="to_world">
			<matrix value="0.9991418850516022 -0.04135963439384427 0.00223757872555495 0.0060732653821164995 0.006792684570064908 0.21690490443720892 0.9761692231245694 0.09203221444010301 -0.04085934272650068 -0.9753161613022321 0.21699975556722823 -0.12844534916028683 0.0 0.0 0.0 1.0" />
			<scale value="1" />
		</transform>
	</shape>
	<shape type="ply" name="temp40">
		<string name="filename" value="meshes/Cube_036.ply" />
		<boolean name="face_normals" value="true" />
		<ref id="mat-Material" name="bsdf" />
		<transform name="to_world">
			<matrix value="0.9998466385474455 -0.01736858056455364 0.0022415738066409122 0.003000777556842138 0.0015895692936685655 0.21747579903342146 0.9760644999931445 -0.24992524163665245 -0.017440344167921038 -0.9759110430663528 0.2174701586354505 0.23946542636422305 0.0 0.0 0.0 1.0" />
			<scale value="1" />
		</transform>
	</shape>
	<shape type="ply" name="temp41">
		<string name="filename" value="meshes/Cube_037.ply" />
		<boolean name="face_normals" value="true" />
		<ref id="mat-Material" name="bsdf" />
		<transform name="to_world">
			<matrix value="0.9991547390461805 -0.041055059936632166 0.0020561334896064066 -0.0022328856146196507 0.006920985165603774 0.2173197781499845 0.9760760833643405 -0.5682390966226608 -0.0405197047304473 -0.9752366907720322 0.21742025558117556 0.5037316144142909 0.0 0.0 0.0 1.0" />
			<scale value="1" />
		</transform>
	</shape>
	<shape type="ply" name="temp42">
		<string name="filename" value="meshes/Cube_038.ply" />
		<boolean name="face_normals" value="true" />
		<ref id="mat-Material" name="bsdf" />
		<transform name="to_world">
			<matrix value="0.9994140351437076 -0.03415144872064962 0.002272995473975002 0.001435482479419381 0.005207250716721007 0.21735002283995555 0.9760798656896289 -0.9032322770295647 -0.03382858444719845 -0.9754961693535772 0.21740058748967542 0.837032276022181 0.0 0.0 0.0 1.0" />
			<scale value="1" />
		</transform>
	</shape>
	<shape type="ply" name="temp43">
		<string name="filename" value="meshes/Cube_039.ply" />
		<boolean name="face_normals" value="true" />
		<ref id="mat-Material" name="bsdf" />
		<transform name="to_world">
			<matrix value="0.9999606037707306 -0.0006823915778821442 -0.008845635687988672 0.01871394427226436 0.008268891572379226 0.43299509340627385 0.9013583340926417 -1.3193037238396623 0.003215047395990714 -0.9013960853142562 0.43298367794852594 1.456319137167017 0.0 0.0 0.0 1.0" />
			<scale value="1" />
		</transform>
	</shape>
	<shape type="ply" name="temp47">
		<string name="filename" value="meshes/Plane_001.ply" />
		<boolean name="face_normals" value="true" />
		<ref id="mat-Material.002" name="bsdf" />
		<transform name="to_world">
			<scale value="1" />
		</transform>
	</shape>
	<shape type="ply" name="temp49">
		<string name="filename" value="meshes/Plane_002.ply" />
		<boolean name="face_normals" value="true" />
		<ref id="mat-Material.003" name="bsdf" />
		<transform name="to_world">
			<scale value="1" />
		</transform>
	</shape>
	<shape type="ply" name="temp51">
		<string name="filename" value="meshes/Plane_003.ply" />
		<boolean name="face_normals" value="true" />
		<ref id="mat-Material.004" name="bsdf" />
		<transform name="to_world">
			<scale value="1" />
		</transform>
	</shape>
	<shape type="ply" name="temp53">
		<string name="filename" value="meshes/Plane_004.ply" />
		<boolean name="face_normals" value="true" />
		<ref id="mat-Material.005" name="bsdf" />
		<transform name="to_world">
			<scale value="1" />
		</transform>
	</shape>
	<emitter type="point">
		<transform name="to_world">
			<rotate x="1" angle="-142.5518126578256" />
			<rotate y="1" angle="3.976628485794621e-06" />
			<rotate z="1" angle="-179.999991348578" />
			<translate value="-0.000000 3.030926 4.073377" />
		</transform>
		<rgb name="intensity" value="100" />
	</emitter>
</scene>