<scene version="2.1.0">
	<default name="spp" value="1024" />
	<default name="resx" value="1280" />
	<default name="resy" value="720" />
	<integrator type="path" name="temp0">
		<integer name="max_depth" value="12" />
	</integrator>
	<sensor type="perspective" name="temp44">
		<string name="fov_axis" value="x" />
		<float name="fov" value="83.974423" />
		<float name="principal_point_offset_x" value="0.000000" />
		<float name="principal_point_offset_y" value="-0.000000" />
		<float name="near_clip" value="0.100000" />
		<float name="far_clip" value="1000.000000" />
		<transform name="to_world">
			<rotate x="1" angle="-142.5518126578256" />
			<rotate y="1" angle="3.976628485794621e-06" />
			<rotate z="1" angle="-179.999991348578" />
			<translate value="-0.000000 3.030926 4.073377" />
		</transform>
		<sampler type="independent" name="sampler">
			<integer name="sample_count" value="$spp" />
		</sampler>
		<film type="hdrfilm" name="film">
			<integer name="width" value="$resx" />
			<integer name="height" value="$resy" />
		</film>
		<float name="shutter_open" value="0.0" />
		<float name="shutter_close" value="0.0015" />
	</sensor>
	<bsdf type="twosided" id="mat-Material" name="mat-Material">
		<bsdf type="diffuse" name="bsdf">
			<texture type="bitmap" name="reflectance">
				<string name="filename" value="textures/siggraph_2023_logo.jpg" />
			</texture>
		</bsdf>
	</bsdf>
	<bsdf type="twosided" id="mat-Material.001" name="mat-Material.001">
		<bsdf type="principled" name="bsdf">
			<rgb value="0.433648 0.266232 0.084399" name="base_color" />
			<float name="spec_tint" value="0.000000" />
			<float name="spec_trans" value="0.000000" />
			<float name="metallic" value="0.000000" />
			<float name="anisotropic" value="0.000000" />
			<float name="roughness" value="0.500000" />
			<float name="sheen" value="0.000000" />
			<float name="sheen_tint" value="0.500000" />
			<float name="clearcoat" value="0.000000" />
			<float name="clearcoat_gloss" value="0.173205" />
			<float name="specular" value="0.500000" />
		</bsdf>
	</bsdf>
	<bsdf type="twosided" id="mat-Material.002" name="mat-Material.002">
		<bsdf type="principled" name="bsdf">
			<rgb value="0.433648 0.266232 0.084399" name="base_color" />
			<float name="spec_tint" value="0.000000" />
			<float name="spec_trans" value="0.000000" />
			<float name="metallic" value="0.000000" />
			<float name="anisotropic" value="0.000000" />
			<float name="roughness" value="0.500000" />
			<float name="sheen" value="0.000000" />
			<float name="sheen_tint" value="0.500000" />
			<float name="clearcoat" value="0.000000" />
			<float name="clearcoat_gloss" value="0.173205" />
			<float name="specular" value="0.500000" />
		</bsdf>
	</bsdf>
	<bsdf type="twosided" id="mat-Material.003" name="mat-Material.003">
		<bsdf type="principled" name="bsdf">
			<rgb value="0.433648 0.266232 0.084399" name="base_color" />
			<float name="spec_tint" value="0.000000" />
			<float name="spec_trans" value="0.000000" />
			<float name="metallic" value="0.000000" />
			<float name="anisotropic" value="0.000000" />
			<float name="roughness" value="0.500000" />
			<float name="sheen" value="0.000000" />
			<float name="sheen_tint" value="0.500000" />
			<float name="clearcoat" value="0.000000" />
			<float name="clearcoat_gloss" value="0.173205" />
			<float name="specular" value="0.500000" />
		</bsdf>
	</bsdf>
	<bsdf type="twosided" id="mat-Material.004" name="mat-Material.004">
		<bsdf type="principled" name="bsdf">
			<rgb value="0.433648 0.266232 0.084399" name="base_color" />
			<float name="spec_tint" value="0.000000" />
			<float name="spec_trans" value="0.000000" />
			<float name="metallic" value="0.000000" />
			<float name="anisotropic" value="0.000000" />
			<float name="roughness" value="0.500000" />
			<float name="sheen" value="0.000000" />
			<float name="sheen_tint" value="0.500000" />
			<float name="clearcoat" value="0.000000" />
			<float name="clearcoat_gloss" value="0.173205" />
			<float name="specular" value="0.500000" />
		</bsdf>
	</bsdf>
	<bsdf type="twosided" id="mat-Material.005" name="mat-Material.005">
		<bsdf type="principled" name="bsdf">
			<rgb value="0.433648 0.266232 0.084399" name="base_color" />
			<float name="spec_tint" value="0.000000" />
			<float name="spec_trans" value="0.000000" />
			<float name="metallic" value="0.000000" />
			<float name="anisotropic" value="0.000000" />
			<float name="roughness" value="0.500000" />
			<float name="sheen" value="0.000000" />
			<float name="sheen_tint" value="0.500000" />
			<float name="clearcoat" value="0.000000" />
			<float name="clearcoat_gloss" value="0.173205" />
			<float name="specular" value="0.500000" />
		</bsdf>
	</bsdf>
	<emitter type="point" name="temp45">
		<point name="position" x="-6.815235034541981e-16" y="3.0693089962005615" z="4.109199523925781" />
		<rgb value="7.957747 7.957747 7.957747" name="intensity" />
	</emitter>
	<shape type="ply" name="temp2">
		<string name="filename" value="meshes/Cube.ply" />
		<boolean name="face_normals" value="true" />
		<ref id="mat-Material" name="bsdf" />
		<transform name="to_world">
			<matrix value="0.9939716981633858 -0.10138266207503605 -0.013643060071363022 0.023676504397715847 -0.0694674944639175 -0.5827152639735682 -0.8060447231597924 1.8443275254810205 0.07628262920037515 0.8026263863018671 -0.587503031770114 3.298244405700797 0.0 0.0 0.0 1.0" />
		</transform>
	</shape>
	<shape type="ply" name="temp4">
		<string name="filename" value="meshes/Plane.ply" />
		<boolean name="face_normals" value="true" />
		<ref id="mat-Material.001" name="bsdf" />
	</shape>
	<shape type="ply" name="temp5">
		<string name="filename" value="meshes/Cube_001.ply" />
		<boolean name="face_normals" value="true" />
		<ref id="mat-Material" name="bsdf" />
		<transform name="to_world">
			<matrix value="0.9980617062658348 -0.0302535965108057 -0.05438473150927545 0.04659229101033646 -0.054410449322461515 -2.6528451909900025e-05 -0.9985187468588971 1.1726512622852274 0.030207337148753517 0.9995421579690587 -0.0016726317088403817 1.0536478351891028 0.0 0.0 0.0 1.0" />
		</transform>
	</shape>
	<shape type="ply" name="temp6">
		<string name="filename" value="meshes/Cube_002.ply" />
		<boolean name="face_normals" value="true" />
		<ref id="mat-Material" name="bsdf" />
		<transform name="to_world">
			<matrix value="0.9997446930732039 -0.021568708635171865 0.006747739233256473 -0.03673374835374643 0.011323675550993126 0.21968480861368772 -0.9755053068387751 0.6532234057156678 0.01955798215333663 0.9753324308595959 0.2198729635133263 0.5336547955499873 0.0 0.0 0.0 1.0" />
		</transform>
	</shape>
	<shape type="ply" name="temp7">
		<string name="filename" value="meshes/Cube_003.ply" />
		<boolean name="face_normals" value="true" />
		<ref id="mat-Material" name="bsdf" />
		<transform name="to_world">
			<matrix value="0.9951068388570051 -0.061424733481706136 0.07739184795430573 -0.061008562671786226 0.08917438792823748 0.22102266683075283 -0.971183172813024 0.14012112360798612 0.042549490095332314 0.9733323182241986 0.22541858521177005 0.20032650982618644 0.0 0.0 0.0 1.0" />
		</transform>
	</shape>
	<shape type="ply" name="temp8">
		<string name="filename" value="meshes/Cube_004.ply" />
		<boolean name="face_normals" value="true" />
		<ref id="mat-Material" name="bsdf" />
		<transform name="to_world">
			<matrix value="0.9813816537151591 -0.14753894786024035 0.12294884499605456 0.0360259145969557 0.154126065773447 0.22308837915577684 -0.9625352406338988 -0.3552505924422808 0.11458314495582658 0.9635655777882997 0.24167805698167605 -0.29031924490270267 0.0 0.0 0.0 1.0" />
		</transform>
	</shape>
	<shape type="ply" name="temp9">
		<string name="filename" value="meshes/Cube_005.ply" />
		<boolean name="face_normals" value="true" />
		<ref id="mat-Material" name="bsdf" />
		<transform name="to_world">
			<matrix value="0.9782931490868345 -0.18965834972456475 0.0834354127769785 0.10237928197794344 0.12510515897288604 0.21967417082618065 -0.9675157356551768 -0.6142548842623141 0.1651678022506015 0.956955757233174 0.2386394314030394 -0.7316892794662864 0.0 0.0 0.0 1.0" />
		</transform>
	</shape>
	<shape type="ply" name="temp10">
		<string name="filename" value="meshes/Cube_006.ply" />
		<boolean name="face_normals" value="true" />
		<ref id="mat-Material" name="bsdf" />
		<transform name="to_world">
			<matrix value="0.98613475064137 -0.15325293112762634 -0.06359446901117252 0.03762900335961761 -0.02835561950048491 0.22198121491876693 -0.9746337172551098 -0.5557803805428705 0.16348718678361143 0.9629299178387354 0.21456012029685578 -1.0514187301170161 0.0 0.0 0.0 1.0" />
		</transform>
	</shape>
	<shape type="ply" name="temp11">
		<string name="filename" value="meshes/Cube_007.ply" />
		<boolean name="face_normals" value="true" />
		<ref id="mat-Material" name="bsdf" />
		<transform name="to_world">
			<matrix value="0.9168920548129789 -0.25384076275022266 -0.3079157922009398 0.17857293035209776 -0.2554291505548493 0.21949416277483558 -0.9415498361543964 -0.2768846230477856 0.3066135353449392 0.9420072670689559 0.13641479768578427 -1.7975289645779058 0.0 0.0 0.0 1.0" />
		</transform>
	</shape>
	<shape type="ply" name="temp12">
		<string name="filename" value="meshes/Cube_008.ply" />
		<boolean name="face_normals" value="true" />
		<ref id="mat-Material" name="bsdf" />
		<transform name="to_world">
			<matrix value="0.38604667861644926 0.8811167799625801 -0.2730910958862012 1.6665191515283029 -0.5123336294184498 -0.041397836566038765 -0.8577645937475327 0.16981192364441278 -0.7670953695479117 0.47107585576828814 0.43545461895200277 0.9497008242579846 0.0 0.0 0.0 1.0" />
		</transform>
	</shape>
	<shape type="ply" name="temp13">
		<string name="filename" value="meshes/Cube_009.ply" />
		<boolean name="face_normals" value="true" />
		<ref id="mat-Material" name="bsdf" />
		<transform name="to_world">
			<matrix value="-0.07435721162284784 0.9904223410224375 0.11633147778758554 2.6204175617675136 -0.8457598217815814 -0.0008568363949998228 -0.533367200904354 0.9815827870561018 -0.5281591129502665 -0.1380645692843272 0.8377218156485198 0.9140020264693688 0.0 0.0 0.0 1.0" />
		</transform>
	</shape>
	<shape type="ply" name="temp14">
		<string name="filename" value="meshes/Cube_010.ply" />
		<boolean name="face_normals" value="true" />
		<ref id="mat-Material" name="bsdf" />
		<transform name="to_world">
			<matrix value="0.03002393059197521 0.9953754826113892 0.09107316860991509 1.8886135576574954 -0.9988577674473031 0.026530099724043278 0.03933651395370717 1.9202358500370682 0.03674265150427196 -0.09215596665157909 0.9950663112541671 -0.1899693316785438 0.0 0.0 0.0 1.0" />
		</transform>
	</shape>
	<shape type="ply" name="temp15">
		<string name="filename" value="meshes/Cube_011.ply" />
		<boolean name="face_normals" value="true" />
		<ref id="mat-Material" name="bsdf" />
		<transform name="to_world">
			<matrix value="0.0752707538823496 0.9924306927285509 0.09674527362995904 1.470695839674558 -0.875237798899698 0.01930886085982525 0.48318732769735345 2.179089785105245 0.47769876264788746 -0.1211067783564827 0.870088355118739 -1.1577185605306237 0.0 0.0 0.0 1.0" />
		</transform>
	</shape>
	<shape type="ply" name="temp16">
		<string name="filename" value="meshes/Cube_012.ply" />
		<boolean name="face_normals" value="true" />
		<ref id="mat-Material" name="bsdf" />
		<transform name="to_world">
			<matrix value="0.09472336873943978 0.9900893365566525 0.10368416212748233 1.0998903132571853 -0.7387199548957764 9.091491230082828e-05 0.6740123757683439 1.8463018773816782 0.6673231068725434 -0.14043823512847736 0.7314071526607949 -1.8262148093114832 0.0 0.0 0.0 1.0" />
		</transform>
	</shape>
	<shape type="ply" name="temp17">
		<string name="filename" value="meshes/Cube_013.ply" />
		<boolean name="face_normals" value="true" />
		<ref id="mat-Material" name="bsdf" />
		<transform name="to_world">
			<matrix value="0.9202682229751413 0.175723953585873 0.34960871844890623 0.6182906579626165 -0.3733418346994027 0.12685831718545004 0.9189784554023661 1.463549090969622 0.11713566017229672 -0.9762314281959773 0.1823482424716361 -1.4145990633338614 0.0 0.0 0.0 1.0" />
		</transform>
	</shape>
	<shape type="ply" name="temp18">
		<string name="filename" value="meshes/Cube_014.ply" />
		<boolean name="face_normals" value="true" />
		<ref id="mat-Material" name="bsdf" />
		<transform name="to_world">
			<matrix value="0.93930410246318 0.29762829484609626 0.17066135376041144 0.11257270767494582 -0.2162603474656355 0.12746621459546162 0.9679793068983467 1.0261842442227405 0.2663445632921828 -0.9461341028694912 0.18409476663289365 -0.8713385727816034 0.0 0.0 0.0 1.0" />
		</transform>
	</shape>
	<shape type="ply" name="temp19">
		<string name="filename" value="meshes/Cube_015.ply" />
		<boolean name="face_normals" value="true" />
		<ref id="mat-Material" name="bsdf" />
		<transform name="to_world">
			<matrix value="0.9834028335522945 0.12837006151144187 0.12820362951934683 0.025454701205498587 -0.1491849902575586 0.17004172724295663 0.974078897414355 0.639361810108222 0.1032424644564888 -0.9770377099137924 0.1863711236484688 -0.2966773130517508 0.0 0.0 0.0 1.0" />
		</transform>
	</shape>
	<shape type="ply" name="temp20">
		<string name="filename" value="meshes/Cube_016.ply" />
		<boolean name="face_normals" value="true" />
		<ref id="mat-Material" name="bsdf" />
		<transform name="to_world">
			<matrix value="0.9851458795412277 0.02293140921482699 0.17017208634481285 0.05300669036905448 -0.17158801794949533 0.16896300344372298 0.9705713816976116 0.3297578774217075 -0.0064964376705370485 -0.9853536438593893 0.17038868356641124 0.1768751337231756 0.0 0.0 0.0 1.0" />
		</transform>
	</shape>
	<shape type="ply" name="temp21">
		<string name="filename" value="meshes/Cube_017.ply" />
		<boolean name="face_normals" value="true" />
		<ref id="mat-Material" name="bsdf" />
		<transform name="to_world">
			<matrix value="0.9454252633295924 -0.10954073959739102 0.3068646603637367 0.21015411231958475 -0.2883516214649299 0.15728515319456932 0.9445157701688951 0.1367905042155212 -0.15172930551197017 -0.9814535389416028 0.11711574293615293 0.4284716872850563 0.0 0.0 0.0 1.0" />
		</transform>
	</shape>
	<shape type="ply" name="temp22">
		<string name="filename" value="meshes/Cube_018.ply" />
		<boolean name="face_normals" value="true" />
		<ref id="mat-Material" name="bsdf" />
		<transform name="to_world">
			<matrix value="0.2370726933285109 0.9575881841296725 0.1636625745058983 0.8512416699020244 -0.531591572743858 -0.013133798336750636 0.8468213811066233 -0.0473276674203217 0.8130672379159154 -0.28782557365833517 0.5059454607605027 -0.14677552703178884 0.0 0.0 0.0 1.0" />
		</transform>
	</shape>
	<shape type="ply" name="temp23">
		<string name="filename" value="meshes/Cube_019.ply" />
		<boolean name="face_normals" value="true" />
		<ref id="mat-Material" name="bsdf" />
		<transform name="to_world">
			<matrix value="-0.08056241101933062 0.9839292232537864 -0.15935103099095504 0.5059041725315281 -0.9135571080817053 -0.008948116798735146 0.40661202467399904 -0.04635879062714448 0.3986516381307987 0.17833389303391783 0.899596638647516 -0.057643474072624434 0.0 0.0 0.0 1.0" />
		</transform>
	</shape>
	<shape type="ply" name="temp24">
		<string name="filename" value="meshes/Cube_020.ply" />
		<boolean name="face_normals" value="true" />
		<ref id="mat-Material" name="bsdf" />
		<transform name="to_world">
			<matrix value="0.09654131845502906 0.9447358891900134 -0.3132926039249022 0.13019612560588506 -0.9607400652547308 0.006192227891064777 -0.2773801353414328 0.1426940839776194 -0.26011094627471953 0.3277714243366767 0.9082437432298509 0.11550899954114241 0.0 0.0 0.0 1.0" />
		</transform>
	</shape>
	<shape type="ply" name="temp25">
		<string name="filename" value="meshes/Cube_021.ply" />
		<boolean name="face_normals" value="true" />
		<ref id="mat-Material" name="bsdf" />
		<transform name="to_world">
			<matrix value="0.1911274859182273 0.938663142986465 -0.28701856317972524 -0.16789093348353024 -0.7959754142975426 -0.02288639677278729 -0.604894045248903 0.0944357937557223 -0.574362131600083 0.34407339656211744 0.742779068233621 0.3074786480247319 0.0 0.0 0.0 1.0" />
		</transform>
	</shape>
	<shape type="ply" name="temp26">
		<string name="filename" value="meshes/Cube_022.ply" />
		<boolean name="face_normals" value="true" />
		<ref id="mat-Material" name="bsdf" />
		<transform name="to_world">
			<matrix value="0.637896767353336 0.40011503411392446 -0.6580242503785871 -0.08457796394727213 -0.7116226262217944 -0.020409725857958423 -0.7022657546850009 -0.19532017922440142 -0.2944171777237614 0.9162376440012265 0.27171161093489155 0.6871466167051303 0.0 0.0 0.0 1.0" />
		</transform>
	</shape>
	<shape type="ply" name="temp27">
		<string name="filename" value="meshes/Cube_023.ply" />
		<boolean name="face_normals" value="true" />
		<ref id="mat-Material" name="bsdf" />
		<transform name="to_world">
			<matrix value="0.8564570047178592 0.28396155378444504 -0.43110009876596905 -0.06594080269657554 -0.4803238586096056 0.13239491013155397 -0.8670413375058685 -0.2870611531163296 -0.18913099461550598 0.949651143144989 0.24978405286556055 0.20419106024922418 0.0 0.0 0.0 1.0" />
		</transform>
	</shape>
	<shape type="ply" name="temp28">
		<string name="filename" value="meshes/Cube_024.ply" />
		<boolean name="face_normals" value="true" />
		<ref id="mat-Material" name="bsdf" />
		<transform name="to_world">
			<matrix value="0.8543569279484848 0.44582842291671443 -0.26704162118026514 -0.19360348585578835 -0.37672824173310854 0.17735426752575492 -0.9091870790094657 -0.5113848117661877 -0.35798053550627895 0.8773724873441616 0.3194800153751523 -0.3460331526804629 0.0 0.0 0.0 1.0" />
		</transform>
	</shape>
	<shape type="ply" name="temp29">
		<string name="filename" value="meshes/Cube_025.ply" />
		<boolean name="face_normals" value="true" />
		<ref id="mat-Material" name="bsdf" />
		<transform name="to_world">
			<matrix value="0.9010530524247953 0.36104775949422535 -0.2403081460412529 -0.26291927988838926 -0.3210853159511867 0.18283552311841528 -0.9292338758290974 -0.7930178990294201 -0.2915609758043498 0.914448201275283 0.28067170314798207 -0.6985729249421099 0.0 0.0 0.0 1.0" />
		</transform>
	</shape>
	<shape type="ply" name="temp30">
		<string name="filename" value="meshes/Cube_026.ply" />
		<boolean name="face_normals" value="true" />
		<ref id="mat-Material" name="bsdf" />
		<transform name="to_world">
			<matrix value="0.923313289966615 0.23393881812094958 -0.30457410780856325 -0.33314082344447166 -0.350065045644978 0.18649711215356793 -0.9179723568756292 -1.1477765098969548 -0.1579471816065543 0.9541966071715375 0.2540890482298481 -0.8893099647072676 0.0 0.0 0.0 1.0" />
		</transform>
	</shape>
	<shape type="ply" name="temp31">
		<string name="filename" value="meshes/Cube_027.ply" />
		<boolean name="face_normals" value="true" />
		<ref id="mat-Material" name="bsdf" />
		<transform name="to_world">
			<matrix value="0.8726678864664281 0.17311971891210892 -0.45659675353564677 -0.5984991142220956 -0.48398946327037534 0.18246766425473954 -0.8558386809897021 -1.583991212617579 -0.06484838048533137 0.9678507288970284 0.24302184623807563 -1.0283035785337449 0.0 0.0 0.0 1.0" />
		</transform>
	</shape>
	<shape type="ply" name="temp32">
		<string name="filename" value="meshes/Cube_028.ply" />
		<boolean name="face_normals" value="true" />
		<ref id="mat-Material" name="bsdf" />
		<transform name="to_world">
			<matrix value="-0.1056994833580662 0.9845601900618035 0.1395308663747027 -1.4860385324383576 -0.7971486737337043 -1.1975197268383035e-05 -0.603783223590741 -2.122101334937624 -0.594459352123214 -0.17504637866769013 0.7848420713715326 -1.3586622400107118 0.0 0.0 0.0 1.0" />
		</transform>
	</shape>
	<shape type="ply" name="temp33">
		<string name="filename" value="meshes/Cube_029.ply" />
		<boolean name="face_normals" value="true" />
		<ref id="mat-Material" name="bsdf" />
		<transform name="to_world">
			<matrix value="0.001139289209559117 0.9769906742062855 0.21327572536725198 -1.576932034557903 -0.9986975357562671 -0.009763294627082973 0.05005512739107967 -1.8227883338438462 0.05098505922588813 -0.2130563197844075 0.975707661241709 -0.12237728421761707 0.0 0.0 0.0 1.0" />
		</transform>
	</shape>
	<shape type="ply" name="temp34">
		<string name="filename" value="meshes/Cube_030.ply" />
		<boolean name="face_normals" value="true" />
		<ref id="mat-Material" name="bsdf" />
		<transform name="to_world">
			<matrix value="-0.041326652549055015 0.9785573160407408 -0.2017855669304161 -3.224896685821948 -0.9763274586443627 0.003363934966800073 0.2162700464015732 -1.9275019909631124 0.21231142162347622 0.20594667086665552 0.9552538174097879 0.23871178166509877 0.0 0.0 0.0 1.0" />
		</transform>
	</shape>
	<shape type="ply" name="temp35">
		<string name="filename" value="meshes/Cube_031.ply" />
		<boolean name="face_normals" value="true" />
		<ref id="mat-Material" name="bsdf" />
		<transform name="to_world">
			<matrix value="0.14036577592916652 0.9766809268641681 0.16244818805343103 -1.8808899988024148 -0.7555522607960258 -0.000368359569732783 0.655036686191345 -1.0895492533500462 0.639821098989942 -0.21469464335253002 0.7378817843686898 0.6293978754039091 0.0 0.0 0.0 1.0" />
		</transform>
	</shape>
	<shape type="ply" name="temp36">
		<string name="filename" value="meshes/Cube_032.ply" />
		<boolean name="face_normals" value="true" />
		<ref id="mat-Material" name="bsdf" />
		<transform name="to_world">
			<matrix value="0.6638726958106616 0.613037964386356 0.4283051967731092 -0.7046534825543487 -0.5443471677774292 0.0034208475605050238 0.8388409111432504 -0.6071604649606616 0.5127757625078232 -0.7900459510703493 0.3359763907255493 -0.15811968942073884 0.0 0.0 0.0 1.0" />
		</transform>
	</shape>
	<shape type="ply" name="temp37">
		<string name="filename" value="meshes/Cube_033.ply" />
		<boolean name="face_normals" value="true" />
		<ref id="mat-Material" name="bsdf" />
		<transform name="to_world">
			<matrix value="0.9766183622415239 0.16982678136009327 0.1318181850417545 -0.14464060036579984 -0.15001956909864245 0.09917620764961213 0.9836961686463199 0.30067134316260113 0.15398476048132448 -0.9804705865175429 0.1223346426482707 -0.38574068554532687 0.0 0.0 0.0 1.0" />
		</transform>
	</shape>
	<shape type="ply" name="temp38">
		<string name="filename" value="meshes/Cube_034.ply" />
		<boolean name="face_normals" value="true" />
		<ref id="mat-Material" name="bsdf" />
		<transform name="to_world">
			<matrix value="0.9999164490352412 -0.00142237961049011 0.012850060115332554 -0.03399799031152706 -0.012392797685217198 0.1777083076948749 0.9840052555409884 0.3692772563976873 -0.003683192471282403 -0.9840822196682262 0.17767585330440486 -0.3778272399939242 0.0 0.0 0.0 1.0" />
		</transform>
	</shape>
	<shape type="ply" name="temp39">
		<string name="filename" value="meshes/Cube_035.ply" />
		<boolean name="face_normals" value="true" />
		<ref id="mat-Material" name="bsdf" />
		<transform name="to_world">
			<matrix value="0.9987143789215764 -0.050542370724808786 0.0039275074807302345 0.008690143760987201 0.00648630517687983 0.20423678046318178 0.9789001801805208 0.091221497129188 -0.05027808952408307 -0.9776159049524116 0.20430201678312288 -0.1596344386117672 0.0 0.0 0.0 1.0" />
		</transform>
	</shape>
	<shape type="ply" name="temp40">
		<string name="filename" value="meshes/Cube_036.ply" />
		<boolean name="face_normals" value="true" />
		<ref id="mat-Material" name="bsdf" />
		<transform name="to_world">
			<matrix value="0.9986959844120937 -0.05089651518596313 0.004041296373081002 0.0031536186675713562 0.006582725649658616 0.20685073515455038 0.9783504428393727 -0.23950751254053163 -0.0506305770823028 -0.9770477219490931 0.20691596997022838 0.17775534083485828 0.0 0.0 0.0 1.0" />
		</transform>
	</shape>
	<shape type="ply" name="temp41">
		<string name="filename" value="meshes/Cube_037.ply" />
		<boolean name="face_normals" value="true" />
		<ref id="mat-Material" name="bsdf" />
		<transform name="to_world">
			<matrix value="0.9987024114093828 -0.05077275182876083 0.0039984733589554355 -0.006270737773392598 0.00660613986564473 0.206988306777105 0.9783211298183869 -0.5705522188409715 -0.05049971012026021 -0.9770250905776319 0.20705512408154503 0.5167942222809816 0.0 0.0 0.0 1.0" />
		</transform>
	</shape>
	<shape type="ply" name="temp42">
		<string name="filename" value="meshes/Cube_038.ply" />
		<boolean name="face_normals" value="true" />
		<ref id="mat-Material" name="bsdf" />
		<transform name="to_world">
			<matrix value="0.9989191563524441 -0.04631516427038336 0.0039882847202095785 0.010142055422547758 0.0056928569022404955 0.2070274997236261 0.9783186476674164 -0.9041061989614284 -0.04613666544332098 -0.9772381592038764 0.20706738117943302 0.8665350922063706 0.0 0.0 0.0 1.0" />
		</transform>
	</shape>
	<shape type="ply" name="temp43">
		<string name="filename" value="meshes/Cube_039.ply" />
		<boolean name="face_normals" value="true" />
		<ref id="mat-Material" name="bsdf" />
		<transform name="to_world">
			<matrix value="0.9999249330524895 -0.011729131060832391 -0.0035602759812233715 0.022300090800496664 0.008288603784507161 0.4330186524146421 0.9013468348301956 -1.3192457210315502 -0.009030352405497336 -0.9013087194345414 0.43308332634667956 1.475244819703561 0.0 0.0 0.0 1.0" />
		</transform>
	</shape>
	<shape type="ply" name="temp47">
		<string name="filename" value="meshes/Plane_001.ply" />
		<boolean name="face_normals" value="true" />
		<ref id="mat-Material.002" name="bsdf" />
	</shape>
	<shape type="ply" name="temp49">
		<string name="filename" value="meshes/Plane_002.ply" />
		<boolean name="face_normals" value="true" />
		<ref id="mat-Material.003" name="bsdf" />
	</shape>
	<shape type="ply" name="temp51">
		<string name="filename" value="meshes/Plane_003.ply" />
		<boolean name="face_normals" value="true" />
		<ref id="mat-Material.004" name="bsdf" />
	</shape>
	<shape type="ply" name="temp53">
		<string name="filename" value="meshes/Plane_004.ply" />
		<boolean name="face_normals" value="true" />
		<ref id="mat-Material.005" name="bsdf" />
	</shape>
	<emitter type="point">
		<transform name="to_world">
			<rotate x="1" angle="-142.5518126578256" />
			<rotate y="1" angle="3.976628485794621e-06" />
			<rotate z="1" angle="-179.999991348578" />
			<translate value="-0.000000 3.030926 4.073377" />
		</transform>
		<rgb name="intensity" value="100" />
	</emitter>
</scene>