<scene version="2.1.0">
	<default name="spp" value="1024" />
	<default name="resx" value="640" />
	<default name="resy" value="360" />
	<integrator type="path" name="temp0">
		<integer name="max_depth" value="12" />
	</integrator>
	<sensor type="perspective" name="temp44">
		<string name="fov_axis" value="x" />
		<float name="fov" value="83.974423" />
		<float name="principal_point_offset_x" value="0.000000" />
		<float name="principal_point_offset_y" value="-0.000000" />
		<float name="near_clip" value="0.100000" />
		<float name="far_clip" value="1000.000000" />
		<transform name="to_world">
			<rotate x="1" angle="-142.5518126578256" />
			<rotate y="1" angle="3.976628485794621e-06" />
			<rotate z="1" angle="-179.999991348578" />
			<translate value="-0.000000 3.030926 4.073377" />
		</transform>
		<sampler type="independent" name="sampler">
			<integer name="sample_count" value="$spp" />
		</sampler>
		<film type="hdrfilm" name="film">
			<integer name="width" value="$resx" />
			<integer name="height" value="$resy" />
		</film>
		<float name="shutter_open" value="0.0" />
		<float name="shutter_close" value="0.0015" />
	</sensor>
	<bsdf type="twosided" id="mat-Material" name="mat-Material">
		<bsdf type="diffuse" name="bsdf">
			<texture type="bitmap" name="reflectance">
				<string name="filename" value="textures/siggraph_2023_logo.jpg" />
			</texture>
		</bsdf>
	</bsdf>
	<bsdf type="twosided" id="mat-Material.001" name="mat-Material.001">
		<bsdf type="principled" name="bsdf">
			<rgb value="0.433648 0.266232 0.084399" name="base_color" />
			<float name="spec_tint" value="0.000000" />
			<float name="spec_trans" value="0.000000" />
			<float name="metallic" value="0.000000" />
			<float name="anisotropic" value="0.000000" />
			<float name="roughness" value="0.500000" />
			<float name="sheen" value="0.000000" />
			<float name="sheen_tint" value="0.500000" />
			<float name="clearcoat" value="0.000000" />
			<float name="clearcoat_gloss" value="0.173205" />
			<float name="specular" value="0.500000" />
		</bsdf>
	</bsdf>
	<bsdf type="twosided" id="mat-Material.002" name="mat-Material.002">
		<bsdf type="principled" name="bsdf">
			<rgb value="0.433648 0.266232 0.084399" name="base_color" />
			<float name="spec_tint" value="0.000000" />
			<float name="spec_trans" value="0.000000" />
			<float name="metallic" value="0.000000" />
			<float name="anisotropic" value="0.000000" />
			<float name="roughness" value="0.500000" />
			<float name="sheen" value="0.000000" />
			<float name="sheen_tint" value="0.500000" />
			<float name="clearcoat" value="0.000000" />
			<float name="clearcoat_gloss" value="0.173205" />
			<float name="specular" value="0.500000" />
		</bsdf>
	</bsdf>
	<bsdf type="twosided" id="mat-Material.003" name="mat-Material.003">
		<bsdf type="principled" name="bsdf">
			<rgb value="0.433648 0.266232 0.084399" name="base_color" />
			<float name="spec_tint" value="0.000000" />
			<float name="spec_trans" value="0.000000" />
			<float name="metallic" value="0.000000" />
			<float name="anisotropic" value="0.000000" />
			<float name="roughness" value="0.500000" />
			<float name="sheen" value="0.000000" />
			<float name="sheen_tint" value="0.500000" />
			<float name="clearcoat" value="0.000000" />
			<float name="clearcoat_gloss" value="0.173205" />
			<float name="specular" value="0.500000" />
		</bsdf>
	</bsdf>
	<bsdf type="twosided" id="mat-Material.004" name="mat-Material.004">
		<bsdf type="principled" name="bsdf">
			<rgb value="0.433648 0.266232 0.084399" name="base_color" />
			<float name="spec_tint" value="0.000000" />
			<float name="spec_trans" value="0.000000" />
			<float name="metallic" value="0.000000" />
			<float name="anisotropic" value="0.000000" />
			<float name="roughness" value="0.500000" />
			<float name="sheen" value="0.000000" />
			<float name="sheen_tint" value="0.500000" />
			<float name="clearcoat" value="0.000000" />
			<float name="clearcoat_gloss" value="0.173205" />
			<float name="specular" value="0.500000" />
		</bsdf>
	</bsdf>
	<bsdf type="twosided" id="mat-Material.005" name="mat-Material.005">
		<bsdf type="principled" name="bsdf">
			<rgb value="0.433648 0.266232 0.084399" name="base_color" />
			<float name="spec_tint" value="0.000000" />
			<float name="spec_trans" value="0.000000" />
			<float name="metallic" value="0.000000" />
			<float name="anisotropic" value="0.000000" />
			<float name="roughness" value="0.500000" />
			<float name="sheen" value="0.000000" />
			<float name="sheen_tint" value="0.500000" />
			<float name="clearcoat" value="0.000000" />
			<float name="clearcoat_gloss" value="0.173205" />
			<float name="specular" value="0.500000" />
		</bsdf>
	</bsdf>
	<emitter type="point" name="temp45">
		<point name="position" x="-6.815235034541981e-16" y="3.0693089962005615" z="4.109199523925781" />
		<rgb value="7.957747 7.957747 7.957747" name="intensity" />
	</emitter>
	<shape type="ply" name="temp2">
		<string name="filename" value="meshes/Cube.ply" />
		<boolean name="face_normals" value="true" />
		<ref id="mat-Material" name="bsdf" />
		<transform name="to_world">
			<matrix value="1.0 0.00012933922652855618 0.00036364220904817315 -0.0010839772535953252 -0.00012954521680699682 0.9999997914159312 0.0005660486189548395 -0.018244517173888253 -0.0003635681447873949 -0.000566095076790225 0.9999997636046695 0.0009916805021810138 0.0 0.0 0.0 1.0" />
			<scale value="1" />
		</transform>
	</shape>
	<shape type="ply" name="temp4">
		<string name="filename" value="meshes/Plane.ply" />
		<boolean name="face_normals" value="true" />
		<ref id="mat-Material.001" name="bsdf" />
		<transform name="to_world">
			<scale value="1" />
		</transform>
	</shape>
	<shape type="ply" name="temp5">
		<string name="filename" value="meshes/Cube_001.ply" />
		<boolean name="face_normals" value="true" />
		<ref id="mat-Material" name="bsdf" />
		<transform name="to_world">
			<matrix value="1.0 0.00014808446820448748 4.366269033961026e-05 0.0004900926400854821 -0.00014797607206747194 0.9999968712389685 -0.002472033250421611 -0.014870023246684294 -4.402869898072256e-05 0.0024720320051395115 0.9999969268607032 6.733103577549748e-05 0.0 0.0 0.0 1.0" />
			<scale value="1" />
		</transform>
	</shape>
	<shape type="ply" name="temp6">
		<string name="filename" value="meshes/Cube_002.ply" />
		<boolean name="face_normals" value="true" />
		<ref id="mat-Material" name="bsdf" />
		<transform name="to_world">
			<matrix value="1.0 -3.802132980687201e-05 -9.049993357291212e-05 -0.0004944360609822063 3.7979520483948465e-05 0.9999997914159312 -0.000462831325785388 -0.017540562999529052 9.051738657901129e-05 0.0004628271901848681 1.0 -0.00022404186796165515 0.0 0.0 0.0 1.0" />
			<scale value="1" />
		</transform>
	</shape>
	<shape type="ply" name="temp7">
		<string name="filename" value="meshes/Cube_003.ply" />
		<boolean name="face_normals" value="true" />
		<ref id="mat-Material" name="bsdf" />
		<transform name="to_world">
			<matrix value="1.0 -0.00020884897053332862 0.00043822966373709816 -0.0006945365942896409 0.00020967790549034 0.9999981227433812 -0.0018938575510105663 -0.017663398779614037 -0.00043783320656635234 0.0018939496019173049 0.9999981088373558 0.0008805296487134351 0.0 0.0 0.0 1.0" />
			<scale value="1" />
		</transform>
	</shape>
	<shape type="ply" name="temp8">
		<string name="filename" value="meshes/Cube_004.ply" />
		<boolean name="face_normals" value="true" />
		<ref id="mat-Material" name="bsdf" />
		<transform name="to_world">
			<matrix value="1.0 0.00043283071525563026 4.8690109833998473e-05 -0.000572495610156043 -0.00043288131596537044 0.9999993742477937 0.001057954206442151 -0.016693372831044162 -4.823217682841424e-05 -0.0010579759419135086 0.9999995272093389 0.0002968727745682985 0.0 0.0 0.0 1.0" />
			<scale value="1" />
		</transform>
	</shape>
	<shape type="ply" name="temp9">
		<string name="filename" value="meshes/Cube_005.ply" />
		<boolean name="face_normals" value="true" />
		<ref id="mat-Material" name="bsdf" />
		<transform name="to_world">
			<matrix value="1.0 -0.0002710988000158524 0.00039914642374052115 -0.0004004520325140426 0.0002718517907830653 0.9999981227433812 -0.0018887206804781428 -0.019057864512430966 -0.0003986333987557333 0.0018888288630290997 0.9999983452326863 0.0009418351361199506 0.0 0.0 0.0 1.0" />
			<scale value="1" />
		</transform>
	</shape>
	<shape type="ply" name="temp10">
		<string name="filename" value="meshes/Cube_006.ply" />
		<boolean name="face_normals" value="true" />
		<ref id="mat-Material" name="bsdf" />
		<transform name="to_world">
			<matrix value="1.0 -7.138351726971798e-05 -0.00016895245191600778 -0.0006801063084078685 7.157680394732876e-05 0.9999993742477937 0.001144940596217391 -0.017207015214337984 0.00016887090511624446 -0.0011449513269075535 0.9999995272093389 -0.0005120085902690086 0.0 0.0 0.0 1.0" />
			<scale value="1" />
		</transform>
	</shape>
	<shape type="ply" name="temp11">
		<string name="filename" value="meshes/Cube_007.ply" />
		<boolean name="face_normals" value="true" />
		<ref id="mat-Material" name="bsdf" />
		<transform name="to_world">
			<matrix value="1.0 -0.0007445199750533454 -8.222255107439314e-06 0.0004281168747333197 0.0007445343928570796 0.9999977055752436 0.0019893352610584553 -0.017554863496876738 6.741122322158336e-06 -0.00198933926824537 0.9999981088373558 4.699127572616035e-05 0.0 0.0 0.0 1.0" />
			<scale value="1" />
		</transform>
	</shape>
	<shape type="ply" name="temp12">
		<string name="filename" value="meshes/Cube_008.ply" />
		<boolean name="face_normals" value="true" />
		<ref id="mat-Material" name="bsdf" />
		<transform name="to_world">
			<matrix value="1.0 -0.0008180145716830439 4.0831856256509736e-05 -2.5012722022932365e-05 0.000817975026018258 0.9999991656637249 0.0009424679956181761 -0.01838816582247421 -4.1602662638490715e-05 -0.0009424349687019605 0.9999995272093389 0.000158518546018227 0.0 0.0 0.0 1.0" />
			<scale value="1" />
		</transform>
	</shape>
	<shape type="ply" name="temp13">
		<string name="filename" value="meshes/Cube_009.ply" />
		<boolean name="face_normals" value="true" />
		<ref id="mat-Material" name="bsdf" />
		<transform name="to_world">
			<matrix value="0.999997340552846 -0.002411922248202527 0.00020822102585172053 0.00037701786730970355 0.0024116620303637946 0.9999962454867622 0.0012527132274061615 -0.02086525387622523 -0.00021124166041696586 -0.0012522073409077163 0.9999992908140084 0.00037192343090119984 0.0 0.0 0.0 1.0" />
			<scale value="1" />
		</transform>
	</shape>
	<shape type="ply" name="temp14">
		<string name="filename" value="meshes/Cube_010.ply" />
		<boolean name="face_normals" value="true" />
		<ref id="mat-Material" name="bsdf" />
		<transform name="to_world">
			<matrix value="0.999997340552846 -0.0023047872129622485 0.0007963094906578929 0.0016057889797873592 0.0023045705258790804 0.9999972884071061 0.0002724787137824624 -0.02140407212399248 -0.000796934366617201 -0.00027064200090525485 0.9999997636046695 0.0013768374713092335 0.0 0.0 0.0 1.0" />
			<scale value="1" />
		</transform>
	</shape>
	<shape type="ply" name="temp15">
		<string name="filename" value="meshes/Cube_011.ply" />
		<boolean name="face_normals" value="true" />
		<ref id="mat-Material" name="bsdf" />
		<transform name="to_world">
			<matrix value="0.9999991135176153 0.0015508559247261811 -0.0002102027279075562 -0.00032000799182907436 -0.0015507147707467905 0.9999985399115188 0.0006586824931764487 -0.0145461073550614 0.0002112239307692717 -0.0006583559820868001 0.9999997636046695 -0.0003407202577805357 0.0 0.0 0.0 1.0" />
			<scale value="1" />
		</transform>
	</shape>
	<shape type="ply" name="temp16">
		<string name="filename" value="meshes/Cube_012.ply" />
		<boolean name="face_normals" value="true" />
		<ref id="mat-Material" name="bsdf" />
		<transform name="to_world">
			<matrix value="1.0 -0.0002625802266474492 -0.0001132002679777467 -0.000617110726486958 0.00026255214732628045 1.0 -0.00025564263834209337 -0.018380386537286963 0.00011326762725897874 0.0002556135187506649 1.0 -7.012297074115992e-05 0.0 0.0 0.0 1.0" />
			<scale value="1" />
		</transform>
	</shape>
	<shape type="ply" name="temp17">
		<string name="filename" value="meshes/Cube_013.ply" />
		<boolean name="face_normals" value="true" />
		<ref id="mat-Material" name="bsdf" />
		<transform name="to_world">
			<matrix value="1.0 0.0003974006253350382 2.33252218215584e-05 -0.0004310433625941412 -0.00039742246381822144 0.9999993742477937 0.0009265254945272116 -0.01628418370330098 -2.2957012696200713e-05 -0.0009265346051399286 0.9999995272093389 0.00015492852680609737 0.0 0.0 0.0 1.0" />
			<scale value="1" />
		</transform>
	</shape>
	<shape type="ply" name="temp18">
		<string name="filename" value="meshes/Cube_014.ply" />
		<boolean name="face_normals" value="true" />
		<ref id="mat-Material" name="bsdf" />
		<transform name="to_world">
			<matrix value="1.0 0.00012691401956101397 -1.1403734384315452e-05 -2.397098295314759e-05 -0.00012690527226533484 0.9999995828318625 0.000741108817025759 -0.017014664359166987 1.149776517790815e-05 -0.000741105453847646 0.9999997636046695 6.77411869401956e-05 0.0 0.0 0.0 1.0" />
			<scale value="1" />
		</transform>
	</shape>
	<shape type="ply" name="temp19">
		<string name="filename" value="meshes/Cube_015.ply" />
		<boolean name="face_normals" value="true" />
		<ref id="mat-Material" name="bsdf" />
		<transform name="to_world">
			<matrix value="1.0 -0.00025096417985787084 -1.572875243309894e-05 0.000599992229660673 0.0002509644928345629 1.0 -4.697506171100103e-05 -0.018052269138721544 1.574055851936166e-05 4.697104644541459e-05 1.0 -5.122427509773875e-05 0.0 0.0 0.0 1.0" />
			<scale value="1" />
		</transform>
	</shape>
	<shape type="ply" name="temp20">
		<string name="filename" value="meshes/Cube_016.ply" />
		<boolean name="face_normals" value="true" />
		<ref id="mat-Material" name="bsdf" />
		<transform name="to_world">
			<matrix value="1.0 -0.0004450725142515065 0.0002892344148104511 0.0005593750805931164 0.00044539534454910844 0.9999991656637249 -0.0011137931474667166 -0.018235293512395945 -0.0002887392802117629 0.0011139202749972364 0.9999995272093389 0.00039077427937375675 0.0 0.0 0.0 1.0" />
			<scale value="1" />
		</transform>
	</shape>
	<shape type="ply" name="temp21">
		<string name="filename" value="meshes/Cube_017.ply" />
		<boolean name="face_normals" value="true" />
		<ref id="mat-Material" name="bsdf" />
		<transform name="to_world">
			<matrix value="1.0 0.000850991712954948 5.1101814996068744e-05 0.0004318825203460941 -0.0008511028727348159 0.9999972884071061 0.0021804797974186575 -0.01757663382337904 -4.9246312676520806e-05 -0.0021805211681542188 0.9999976360466947 7.141028611681866e-05 0.0 0.0 0.0 1.0" />
			<scale value="1" />
		</transform>
	</shape>
	<shape type="ply" name="temp22">
		<string name="filename" value="meshes/Cube_018.ply" />
		<boolean name="face_normals" value="true" />
		<ref id="mat-Material" name="bsdf" />
		<transform name="to_world">
			<matrix value="0.9999986702764229 -0.0017268091017744248 -0.0003094320318509612 0.0005466710829744037 0.0017265574165775753 0.9999981227433812 -0.0008097343814787095 -0.01775292314756205 0.0003108308644798919 0.0008091977230963054 0.9999997636046695 -0.00029352946110366984 0.0 0.0 0.0 1.0" />
			<scale value="1" />
		</transform>
	</shape>
	<shape type="ply" name="temp23">
		<string name="filename" value="meshes/Cube_019.ply" />
		<boolean name="face_normals" value="true" />
		<ref id="mat-Material" name="bsdf" />
		<transform name="to_world">
			<matrix value="0.9999565623631492 0.008300796999726755 -0.004222398835800277 0.0021820965698670924 -0.008273367232419724 0.999944725221777 0.0064730242196471945 -0.01806554457126247 0.004275890161286605 -0.006437813788658451 0.9999702141883532 -0.0008487552425082701 0.0 0.0 0.0 1.0" />
			<scale value="1" />
		</transform>
	</shape>
	<shape type="ply" name="temp24">
		<string name="filename" value="meshes/Cube_020.ply" />
		<boolean name="face_normals" value="true" />
		<ref id="mat-Material" name="bsdf" />
		<transform name="to_world">
			<matrix value="0.9999040794015783 0.0137858713061593 0.0011493005332977014 -0.0016316262325325182 -0.013795102846329206 0.9998689845245481 0.008472290427880828 -0.01756139074411517 -0.0010323511415848464 -0.008487330797385326 0.9999635951183456 0.00014958293517342014 0.0 0.0 0.0 1.0" />
			<scale value="1" />
		</transform>
	</shape>
	<shape type="ply" name="temp25">
		<string name="filename" value="meshes/Cube_021.ply" />
		<boolean name="face_normals" value="true" />
		<ref id="mat-Material" name="bsdf" />
		<transform name="to_world">
			<matrix value="0.9985426229595392 0.05341848430300591 0.007681902660913119 -0.005590136724946071 -0.053422087949690354 0.998572033465228 0.00026494243064515593 -0.02621813198186207 -0.0076567744097357044 -0.0006749384155536968 0.9999704505836837 -0.003444589583147528 0.0 0.0 0.0 1.0" />
			<scale value="1" />
		</transform>
	</shape>
	<shape type="ply" name="temp26">
		<string name="filename" value="meshes/Cube_022.ply" />
		<boolean name="face_normals" value="true" />
		<ref id="mat-Material" name="bsdf" />
		<transform name="to_world">
			<matrix value="0.9992238846721876 0.038390544466994705 0.008849293721670974 -0.0047773628215451724 -0.03839912362351448 0.9992620295647059 0.0008000208973472189 -0.02276821835135656 -0.008812042685899787 -0.0011392048358130503 0.9999605219798015 -0.006545285548543167 0.0 0.0 0.0 1.0" />
			<scale value="1" />
		</transform>
	</shape>
	<shape type="ply" name="temp27">
		<string name="filename" value="meshes/Cube_023.ply" />
		<boolean name="face_normals" value="true" />
		<ref id="mat-Material" name="bsdf" />
		<transform name="to_world">
			<matrix value="0.9995075590352944 0.030652576117541297 0.006760433662505952 -0.0022129956345735557 -0.030714823935733573 0.9994847973501481 0.009302889081892543 -0.019757257536091977 -0.006471804541271961 -0.0095059415171988 0.999934045702782 -0.005812900942831628 0.0 0.0 0.0 1.0" />
			<scale value="1" />
		</transform>
	</shape>
	<shape type="ply" name="temp28">
		<string name="filename" value="meshes/Cube_024.ply" />
		<boolean name="face_normals" value="true" />
		<ref id="mat-Material" name="bsdf" />
		<transform name="to_world">
			<matrix value="0.9995009104174092 0.030864789549103818 0.006738850768828534 -0.0006504972707950252 -0.030915049279555764 0.9994939750491737 0.00748524538544495 -0.019998732478101966 -0.006504400498557693 -0.007689837575585652 0.9999494113992664 -0.006687019138857664 0.0 0.0 0.0 1.0" />
			<scale value="1" />
		</transform>
	</shape>
	<shape type="ply" name="temp29">
		<string name="filename" value="meshes/Cube_025.ply" />
		<boolean name="face_normals" value="true" />
		<ref id="mat-Material" name="bsdf" />
		<transform name="to_world">
			<matrix value="0.9995000239350245 0.031319773978303087 0.004362155755209799 0.0009722712408031242 -0.03134917743299523 0.9994850059342167 0.006840642598154887 -0.02164830628667619 -0.004145661466560998 -0.006973966622377316 0.9999671410490563 -0.004893004321157635 0.0 0.0 0.0 1.0" />
			<scale value="1" />
		</transform>
	</shape>
	<shape type="ply" name="temp30">
		<string name="filename" value="meshes/Cube_026.ply" />
		<boolean name="face_normals" value="true" />
		<ref id="mat-Material" name="bsdf" />
		<transform name="to_world">
			<matrix value="0.9995970937561499 0.02740125108724446 0.0074093388448116665 0.004505711397855716 -0.027538593010618288 0.9994378659346758 0.019118188682242597 -0.0078496787027717 -0.006881315078888067 -0.019314534346495688 0.9997898445511585 -0.008935775313152927 0.0 0.0 0.0 1.0" />
			<scale value="1" />
		</transform>
	</shape>
	<shape type="ply" name="temp31">
		<string name="filename" value="meshes/Cube_027.ply" />
		<boolean name="face_normals" value="true" />
		<ref id="mat-Material" name="bsdf" />
		<transform name="to_world">
			<matrix value="0.9998067468401335 0.01752605945063128 0.00893519978478569 0.009384938785356844 -0.017781484751616502 0.9994107500057362 0.029356399528911385 0.019026034883554088 -0.008415430466981191 -0.02950959799592427 0.9995291005015837 -0.012780459668600308 0.0 0.0 0.0 1.0" />
			<scale value="1" />
		</transform>
	</shape>
	<shape type="ply" name="temp32">
		<string name="filename" value="meshes/Cube_028.ply" />
		<boolean name="face_normals" value="true" />
		<ref id="mat-Material" name="bsdf" />
		<transform name="to_world">
			<matrix value="0.9993781326071269 0.03430552977224706 0.008197669993064162 0.01020692078287877 -0.03451967281708145 0.9990229922219002 0.027590384572651613 -0.006758398700832002 -0.007243159458678397 -0.02785619379962997 0.999585835380911 -0.012434342968974388 0.0 0.0 0.0 1.0" />
			<scale value="1" />
		</transform>
	</shape>
	<shape type="ply" name="temp33">
		<string name="filename" value="meshes/Cube_029.ply" />
		<boolean name="face_normals" value="true" />
		<ref id="mat-Material" name="bsdf" />
		<transform name="to_world">
			<matrix value="0.9997344985257798 -0.022853284051870686 0.002961868014813477 0.0056384396766828715 0.02268863458664213 0.9986333571814453 0.04707827191231057 0.13069223821834614 -0.004033703173784234 -0.04699855868408483 0.9988868143885328 -0.009746373804120134 0.0 0.0 0.0 1.0" />
			<scale value="1" />
		</transform>
	</shape>
	<shape type="ply" name="temp34">
		<string name="filename" value="meshes/Cube_030.ply" />
		<boolean name="face_normals" value="true" />
		<ref id="mat-Material" name="bsdf" />
		<transform name="to_world">
			<matrix value="0.9999672514195271 -0.008060374915251405 5.018759189103493e-05 0.000655084013415852 0.008060441875693486 0.9999660175483176 -0.0016319193706575705 0.0385324098007116 -3.703204156612561e-05 0.0016322817958154628 0.9999988488179379 -9.42694785310838e-05 0.0 0.0 0.0 1.0" />
			<scale value="1" />
		</transform>
	</shape>
	<shape type="ply" name="temp35">
		<string name="filename" value="meshes/Cube_031.ply" />
		<boolean name="face_normals" value="true" />
		<ref id="mat-Material" name="bsdf" />
		<transform name="to_world">
			<matrix value="0.9998869734959496 -0.012153031873731549 -0.008886289590898969 -0.011107099602602144 0.012402300776381273 0.9995152506241879 0.02855539759094247 0.08237391599668992 0.008534950454499519 -0.02866237122541055 0.9995527400346366 0.02239485526082219 0.0 0.0 0.0 1.0" />
			<scale value="1" />
		</transform>
	</shape>
	<shape type="ply" name="temp36">
		<string name="filename" value="meshes/Cube_032.ply" />
		<boolean name="face_normals" value="true" />
		<ref id="mat-Material" name="bsdf" />
		<transform name="to_world">
			<matrix value="0.9996609204878489 -0.024845011607703426 -0.007808917872007057 -0.008439186188394121 0.025008523528128972 0.9994541354920394 0.02158814165375554 0.10487777317935348 0.007268295666696807 -0.021776114203949332 0.9997364192064587 0.02024085328076164 0.0 0.0 0.0 1.0" />
			<scale value="1" />
		</transform>
	</shape>
	<shape type="ply" name="temp37">
		<string name="filename" value="meshes/Cube_033.ply" />
		<boolean name="face_normals" value="true" />
		<ref id="mat-Material" name="bsdf" />
		<transform name="to_world">
			<matrix value="0.9994986942114473 -0.03165899424933723 -0.00025901127180215036 -0.0007752196304604553 0.03166006237290059 0.9994695707131281 0.0076251205025197385 0.1095745621993256 1.7471016458431954e-05 -0.007629485861128899 0.9999709233743447 3.4475080319840146e-05 0.0 0.0 0.0 1.0" />
			<scale value="1" />
		</transform>
	</shape>
	<shape type="ply" name="temp38">
		<string name="filename" value="meshes/Cube_034.ply" />
		<boolean name="face_normals" value="true" />
		<ref id="mat-Material" name="bsdf" />
		<transform name="to_world">
			<matrix value="0.999485840216869 -0.032036051670445514 -0.0015646037706946382 -0.0007504501006527775 0.032039764940330874 0.9994835458457354 0.002399152570019115 0.10663897306016112 0.001486936795578935 -0.002448040665550047 0.999995981279381 0.004106142160896331 0.0 0.0 0.0 1.0" />
			<scale value="1" />
		</transform>
	</shape>
	<shape type="ply" name="temp39">
		<string name="filename" value="meshes/Cube_035.ply" />
		<boolean name="face_normals" value="true" />
		<ref id="mat-Material" name="bsdf" />
		<transform name="to_world">
			<matrix value="0.9994827375285226 -0.03209113872300662 -0.002244963715680717 -0.0011189841500836017 0.03208576007886147 0.9994822943413229 -0.0023981833491639403 0.10600530787771545 0.0023207621266357814 0.0023249176614388548 0.9999945629073977 0.006576142734212278 0.0 0.0 0.0 1.0" />
			<scale value="1" />
		</transform>
	</shape>
	<shape type="ply" name="temp40">
		<string name="filename" value="meshes/Cube_036.ply" />
		<boolean name="face_normals" value="true" />
		<ref id="mat-Material" name="bsdf" />
		<transform name="to_world">
			<matrix value="0.9994822942873303 -0.03209871032470282 0.0023318697310435767 -0.0018362538559011377 0.03209358771831845 0.9994825029253916 0.0022034905188924783 0.10533972538506897 -0.002401392131936946 -0.0021275116129180287 0.9999950356980589 -0.0070173909395693235 0.0 0.0 0.0 1.0" />
			<scale value="1" />
		</transform>
	</shape>
	<shape type="ply" name="temp41">
		<string name="filename" value="meshes/Cube_037.ply" />
		<boolean name="face_normals" value="true" />
		<ref id="mat-Material" name="bsdf" />
		<transform name="to_world">
			<matrix value="0.9991658200759893 -0.035843440969665616 0.019583296495060992 -0.013885328118310003 0.031493904547122746 0.9813957611545546 0.1893953054724101 -0.012425624414459102 -0.026007544851576254 -0.18862048754440233 0.9817058381609199 -0.07927127648798782 0.0 0.0 0.0 1.0" />
			<scale value="1" />
		</transform>
	</shape>
	<shape type="ply" name="temp42">
		<string name="filename" value="meshes/Cube_038.ply" />
		<boolean name="face_normals" value="true" />
		<ref id="mat-Material" name="bsdf" />
		<transform name="to_world">
			<matrix value="0.9993413435881616 -0.03554675099025287 0.007325749455936147 -0.010376777485101574 0.028455508335593866 0.8926786991863136 0.4497943597019717 -0.3339042480504045 -0.02252827435566028 -0.44928945836974865 0.893102267929522 0.027614467530951536 0.0 0.0 0.0 1.0" />
			<scale value="1" />
		</transform>
	</shape>
	<shape type="ply" name="temp43">
		<string name="filename" value="meshes/Cube_039.ply" />
		<boolean name="face_normals" value="true" />
		<ref id="mat-Material" name="bsdf" />
		<transform name="to_world">
			<matrix value="0.9999533721315175 0.0020868535157139764 -0.009418837706082808 0.012045170061672827 0.003654837609372444 0.8216003676433338 0.5700524590937646 -0.8413308597877631 0.008928148162636651 -0.5700602176023751 0.8215543649600148 0.41541416757726124 0.0 0.0 0.0 1.0" />
			<scale value="1" />
		</transform>
	</shape>
	<shape type="ply" name="temp47">
		<string name="filename" value="meshes/Plane_001.ply" />
		<boolean name="face_normals" value="true" />
		<ref id="mat-Material.002" name="bsdf" />
		<transform name="to_world">
			<scale value="1" />
		</transform>
	</shape>
	<shape type="ply" name="temp49">
		<string name="filename" value="meshes/Plane_002.ply" />
		<boolean name="face_normals" value="true" />
		<ref id="mat-Material.003" name="bsdf" />
		<transform name="to_world">
			<scale value="1" />
		</transform>
	</shape>
	<shape type="ply" name="temp51">
		<string name="filename" value="meshes/Plane_003.ply" />
		<boolean name="face_normals" value="true" />
		<ref id="mat-Material.004" name="bsdf" />
		<transform name="to_world">
			<scale value="1" />
		</transform>
	</shape>
	<shape type="ply" name="temp53">
		<string name="filename" value="meshes/Plane_004.ply" />
		<boolean name="face_normals" value="true" />
		<ref id="mat-Material.005" name="bsdf" />
		<transform name="to_world">
			<scale value="1" />
		</transform>
	</shape>
	<emitter type="point">
		<transform name="to_world">
			<rotate x="1" angle="-142.5518126578256" />
			<rotate y="1" angle="3.976628485794621e-06" />
			<rotate z="1" angle="-179.999991348578" />
			<translate value="-0.000000 3.030926 4.073377" />
		</transform>
		<rgb name="intensity" value="100" />
	</emitter>
</scene>