<scene version="2.1.0">
	<default name="spp" value="1024" />
	<default name="resx" value="1280" />
	<default name="resy" value="720" />
	<integrator type="path" name="temp0">
		<integer name="max_depth" value="12" />
	</integrator>
	<sensor type="perspective" name="temp44">
		<string name="fov_axis" value="x" />
		<float name="fov" value="83.974423" />
		<float name="principal_point_offset_x" value="0.000000" />
		<float name="principal_point_offset_y" value="-0.000000" />
		<float name="near_clip" value="0.100000" />
		<float name="far_clip" value="1000.000000" />
		<transform name="to_world">
			<rotate x="1" angle="-142.5518126578256" />
			<rotate y="1" angle="3.976628485794621e-06" />
			<rotate z="1" angle="-179.999991348578" />
			<translate value="-0.000000 3.030926 4.073377" />
		</transform>
		<sampler type="independent" name="sampler">
			<integer name="sample_count" value="$spp" />
		</sampler>
		<film type="hdrfilm" name="film">
			<integer name="width" value="$resx" />
			<integer name="height" value="$resy" />
		</film>
		<float name="shutter_open" value="0.0" />
		<float name="shutter_close" value="0.0015" />
	</sensor>
	<bsdf type="twosided" id="mat-Material" name="mat-Material">
		<bsdf type="diffuse" name="bsdf">
			<texture type="bitmap" name="reflectance">
				<string name="filename" value="textures/siggraph_2023_logo.jpg" />
			</texture>
		</bsdf>
	</bsdf>
	<bsdf type="twosided" id="mat-Material.001" name="mat-Material.001">
		<bsdf type="principled" name="bsdf">
			<rgb value="0.433648 0.266232 0.084399" name="base_color" />
			<float name="spec_tint" value="0.000000" />
			<float name="spec_trans" value="0.000000" />
			<float name="metallic" value="0.000000" />
			<float name="anisotropic" value="0.000000" />
			<float name="roughness" value="0.500000" />
			<float name="sheen" value="0.000000" />
			<float name="sheen_tint" value="0.500000" />
			<float name="clearcoat" value="0.000000" />
			<float name="clearcoat_gloss" value="0.173205" />
			<float name="specular" value="0.500000" />
		</bsdf>
	</bsdf>
	<bsdf type="twosided" id="mat-Material.002" name="mat-Material.002">
		<bsdf type="principled" name="bsdf">
			<rgb value="0.433648 0.266232 0.084399" name="base_color" />
			<float name="spec_tint" value="0.000000" />
			<float name="spec_trans" value="0.000000" />
			<float name="metallic" value="0.000000" />
			<float name="anisotropic" value="0.000000" />
			<float name="roughness" value="0.500000" />
			<float name="sheen" value="0.000000" />
			<float name="sheen_tint" value="0.500000" />
			<float name="clearcoat" value="0.000000" />
			<float name="clearcoat_gloss" value="0.173205" />
			<float name="specular" value="0.500000" />
		</bsdf>
	</bsdf>
	<bsdf type="twosided" id="mat-Material.003" name="mat-Material.003">
		<bsdf type="principled" name="bsdf">
			<rgb value="0.433648 0.266232 0.084399" name="base_color" />
			<float name="spec_tint" value="0.000000" />
			<float name="spec_trans" value="0.000000" />
			<float name="metallic" value="0.000000" />
			<float name="anisotropic" value="0.000000" />
			<float name="roughness" value="0.500000" />
			<float name="sheen" value="0.000000" />
			<float name="sheen_tint" value="0.500000" />
			<float name="clearcoat" value="0.000000" />
			<float name="clearcoat_gloss" value="0.173205" />
			<float name="specular" value="0.500000" />
		</bsdf>
	</bsdf>
	<bsdf type="twosided" id="mat-Material.004" name="mat-Material.004">
		<bsdf type="principled" name="bsdf">
			<rgb value="0.433648 0.266232 0.084399" name="base_color" />
			<float name="spec_tint" value="0.000000" />
			<float name="spec_trans" value="0.000000" />
			<float name="metallic" value="0.000000" />
			<float name="anisotropic" value="0.000000" />
			<float name="roughness" value="0.500000" />
			<float name="sheen" value="0.000000" />
			<float name="sheen_tint" value="0.500000" />
			<float name="clearcoat" value="0.000000" />
			<float name="clearcoat_gloss" value="0.173205" />
			<float name="specular" value="0.500000" />
		</bsdf>
	</bsdf>
	<bsdf type="twosided" id="mat-Material.005" name="mat-Material.005">
		<bsdf type="principled" name="bsdf">
			<rgb value="0.433648 0.266232 0.084399" name="base_color" />
			<float name="spec_tint" value="0.000000" />
			<float name="spec_trans" value="0.000000" />
			<float name="metallic" value="0.000000" />
			<float name="anisotropic" value="0.000000" />
			<float name="roughness" value="0.500000" />
			<float name="sheen" value="0.000000" />
			<float name="sheen_tint" value="0.500000" />
			<float name="clearcoat" value="0.000000" />
			<float name="clearcoat_gloss" value="0.173205" />
			<float name="specular" value="0.500000" />
		</bsdf>
	</bsdf>
	<emitter type="point" name="temp45">
		<point name="position" x="-6.815235034541981e-16" y="3.0693089962005615" z="4.109199523925781" />
		<rgb value="7.957747 7.957747 7.957747" name="intensity" />
	</emitter>
	<shape type="ply" name="temp2">
		<string name="filename" value="meshes/Cube.ply" />
		<boolean name="face_normals" value="true" />
		<ref id="mat-Material" name="bsdf" />
		<transform name="to_world">
			<matrix value="0.989639237128719 -0.07281237028678224 -0.12307464277119627 0.19142161867240803 -0.12150907669313701 0.025484123623605873 -0.9783123831911573 1.7127035683866971 0.0730912261292456 0.9832856371096088 0.01645404876646553 2.0349333439800077 0.0 0.0 0.0 1.0" />
		</transform>
	</shape>
	<shape type="ply" name="temp4">
		<string name="filename" value="meshes/Plane.ply" />
		<boolean name="face_normals" value="true" />
		<ref id="mat-Material.001" name="bsdf" />
	</shape>
	<shape type="ply" name="temp5">
		<string name="filename" value="meshes/Cube_001.ply" />
		<boolean name="face_normals" value="true" />
		<ref id="mat-Material" name="bsdf" />
		<transform name="to_world">
			<matrix value="0.9980461928241025 -0.03186245757921502 -0.05154438251412107 0.05064580309354749 -0.05104387289970161 0.017624426654540983 -0.9982244346723868 1.1668215048220636 0.033025748324105056 0.9991192537696356 0.015990796656991796 1.010877764254761 0.0 0.0 0.0 1.0" />
		</transform>
	</shape>
	<shape type="ply" name="temp6">
		<string name="filename" value="meshes/Cube_002.ply" />
		<boolean name="face_normals" value="true" />
		<ref id="mat-Material" name="bsdf" />
		<transform name="to_world">
			<matrix value="0.9993850028456085 -0.03128750602286499 -0.013840308335157517 -0.0038733177161478505 -0.0068798599180535675 0.2133385861754651 -0.9768904652780175 0.70230196230597 0.03345813897207049 0.9764382393001587 0.21297995934945896 0.4862211067240059 0.0 0.0 0.0 1.0" />
		</transform>
	</shape>
	<shape type="ply" name="temp7">
		<string name="filename" value="meshes/Cube_003.ply" />
		<boolean name="face_normals" value="true" />
		<ref id="mat-Material" name="bsdf" />
		<transform name="to_world">
			<matrix value="0.9981151168295135 -0.05579513289933941 0.024293922607005528 -0.026153988825730723 0.03600721685309391 0.22054300690621853 -0.9745869109796648 0.2948220174742027 0.049122338115019315 0.9736662613182931 0.22217267638755783 0.22371680196176702 0.0 0.0 0.0 1.0" />
		</transform>
	</shape>
	<shape type="ply" name="temp8">
		<string name="filename" value="meshes/Cube_004.ply" />
		<boolean name="face_normals" value="true" />
		<ref id="mat-Material" name="bsdf" />
		<transform name="to_world">
			<matrix value="0.9931313128626822 -0.09790959132123407 0.06308189301598363 0.0021037220350439423 0.0844329260833258 0.23229820012807062 -0.9689098771169793 -0.1590991305438431 0.08025163245731144 0.9676763526155399 0.2390357718142065 -0.16303252427085863 0.0 0.0 0.0 1.0" />
		</transform>
	</shape>
	<shape type="ply" name="temp9">
		<string name="filename" value="meshes/Cube_005.ply" />
		<boolean name="face_normals" value="true" />
		<ref id="mat-Material" name="bsdf" />
		<transform name="to_world">
			<matrix value="0.9910540630147139 -0.12606559343210486 0.04349909295111676 0.03827284615060811 0.07486893357942084 0.2563287535224635 -0.9636377884554922 -0.4761391630013938 0.11036499582466797 0.958279431733563 0.2634924998853483 -0.5588689679568473 0.0 0.0 0.0 1.0" />
		</transform>
	</shape>
	<shape type="ply" name="temp10">
		<string name="filename" value="meshes/Cube_006.ply" />
		<boolean name="face_normals" value="true" />
		<ref id="mat-Material" name="bsdf" />
		<transform name="to_world">
			<matrix value="0.9889138729174314 -0.12378347513573608 -0.08181526555942245 0.002867925394098858 -0.047831595384618106 0.2562697242310027 -0.965363710763694 -0.49921598406397094 0.14042654429663828 0.9585981481906375 0.24749881920532402 -0.9304116428353884 0.0 0.0 0.0 1.0" />
		</transform>
	</shape>
	<shape type="ply" name="temp11">
		<string name="filename" value="meshes/Cube_007.ply" />
		<boolean name="face_normals" value="true" />
		<ref id="mat-Material" name="bsdf" />
		<transform name="to_world">
			<matrix value="0.9201368019616083 -0.19362168690279774 -0.3400536191888709 0.10688736189914172 -0.2844077056594808 0.26587418626140175 -0.9210134646052364 -0.19000135467658946 0.2687818579607005 0.944293035586528 0.18970803285516863 -1.6004795829787815 0.0 0.0 0.0 1.0" />
		</transform>
	</shape>
	<shape type="ply" name="temp12">
		<string name="filename" value="meshes/Cube_008.ply" />
		<boolean name="face_normals" value="true" />
		<ref id="mat-Material" name="bsdf" />
		<transform name="to_world">
			<matrix value="0.17820926569118145 0.9459536776500085 -0.26974137405258664 2.0959896113182066 -0.576399046499547 -0.1218686108092436 -0.8079628348717153 0.448096710775565 -0.7971085604057961 0.29954904124332793 0.5237661227525305 1.2304211054687895 0.0 0.0 0.0 1.0" />
		</transform>
	</shape>
	<shape type="ply" name="temp13">
		<string name="filename" value="meshes/Cube_009.ply" />
		<boolean name="face_normals" value="true" />
		<ref id="mat-Material" name="bsdf" />
		<transform name="to_world">
			<matrix value="-0.06029755667725127 0.9917992044603618 0.11267414653011842 2.5787996090735796 -0.8817860226549439 -5.1742980624625854e-05 -0.471469329360631 1.1626972507502387 -0.4675975174947299 -0.12780518456561324 0.8745574088424146 0.8342044762452754 0.0 0.0 0.0 1.0" />
		</transform>
	</shape>
	<shape type="ply" name="temp14">
		<string name="filename" value="meshes/Cube_010.ply" />
		<boolean name="face_normals" value="true" />
		<ref id="mat-Material" name="bsdf" />
		<transform name="to_world">
			<matrix value="0.020933687571694264 0.997478427192688 0.06780862946970381 1.8684487586100365 -0.9554879464990151 1.0190499830003984e-05 0.2948788261175235 2.2983738463072476 0.29413483308423183 -0.0709695926144553 0.9530787182266947 -0.6993798654529861 0.0 0.0 0.0 1.0" />
		</transform>
	</shape>
	<shape type="ply" name="temp15">
		<string name="filename" value="meshes/Cube_011.ply" />
		<boolean name="face_normals" value="true" />
		<ref id="mat-Material" name="bsdf" />
		<transform name="to_world">
			<matrix value="-0.016532865447930683 0.9994390131470539 -0.02830733615085048 1.3759843517976422 -0.8298948897836451 0.002070887295770124 0.557874895808758 2.261078289169104 0.5576537116130966 0.03272439995578018 0.8294263489072153 -1.3667352379555084 0.0 0.0 0.0 1.0" />
		</transform>
	</shape>
	<shape type="ply" name="temp16">
		<string name="filename" value="meshes/Cube_012.ply" />
		<boolean name="face_normals" value="true" />
		<ref id="mat-Material" name="bsdf" />
		<transform name="to_world">
			<matrix value="0.09298380219386661 0.9897077320028451 0.1087679146291359 1.1102173390573356 -0.7612448074294316 0.0002577927008090976 0.6484074519372834 1.8425546914936293 0.6417057605398323 -0.1431026984520976 0.7534343513619444 -1.7605333145030677 0.0 0.0 0.0 1.0" />
		</transform>
	</shape>
	<shape type="ply" name="temp17">
		<string name="filename" value="meshes/Cube_013.ply" />
		<boolean name="face_normals" value="true" />
		<ref id="mat-Material" name="bsdf" />
		<transform name="to_world">
			<matrix value="0.9274367627790868 0.19166208129355494 0.32098065293335876 0.5573812052089049 -0.35030144833492016 0.1458212476247489 0.9251319440537356 1.4530578864773749 0.13045527962313863 -0.9705503282070322 0.2023564122942592 -1.410272915866213 0.0 0.0 0.0 1.0" />
		</transform>
	</shape>
	<shape type="ply" name="temp18">
		<string name="filename" value="meshes/Cube_014.ply" />
		<boolean name="face_normals" value="true" />
		<ref id="mat-Material" name="bsdf" />
		<transform name="to_world">
			<matrix value="0.9417521235685526 0.2892653251929924 0.17154852179635866 0.11203028673066096 -0.2162707193095366 0.13026890658145313 0.9676035565204688 1.025672120340118 0.257546956971918 -0.9483432167417918 0.1852406338988067 -0.8611850623760609 0.0 0.0 0.0 1.0" />
		</transform>
	</shape>
	<shape type="ply" name="temp19">
		<string name="filename" value="meshes/Cube_015.ply" />
		<boolean name="face_normals" value="true" />
		<ref id="mat-Material" name="bsdf" />
		<transform name="to_world">
			<matrix value="0.9837651832270441 0.12492622381487747 0.12884005302820054 0.03413871933828272 -0.14948508670684205 0.17318356649555822 0.973479280658465 0.6390539215964085 0.0993001221572726 -0.9769343565077186 0.18904657508081174 -0.2976496812188018 0.0 0.0 0.0 1.0" />
		</transform>
	</shape>
	<shape type="ply" name="temp20">
		<string name="filename" value="meshes/Cube_016.ply" />
		<boolean name="face_normals" value="true" />
		<ref id="mat-Material" name="bsdf" />
		<transform name="to_world">
			<matrix value="0.9847735569396501 0.03380600221516281 0.17052215237002866 0.06623757351923976 -0.17381528277901592 0.17511775613602185 0.9690810273362832 0.33329933898874164 0.0029001359863978144 -0.9839646825454766 0.17832778434694135 0.136617895130342 0.0 0.0 0.0 1.0" />
		</transform>
	</shape>
	<shape type="ply" name="temp21">
		<string name="filename" value="meshes/Cube_017.ply" />
		<boolean name="face_normals" value="true" />
		<ref id="mat-Material" name="bsdf" />
		<transform name="to_world">
			<matrix value="0.9492805752206898 -0.06252905054617738 0.30813682183498564 0.2057484713657275 -0.2942500314701247 0.1686377478760927 0.9407215069162183 0.13762313492228062 -0.11077698851296125 -0.9836865356897772 0.1416901486028327 0.37313684760518706 0.0 0.0 0.0 1.0" />
		</transform>
	</shape>
	<shape type="ply" name="temp22">
		<string name="filename" value="meshes/Cube_018.ply" />
		<boolean name="face_normals" value="true" />
		<ref id="mat-Material" name="bsdf" />
		<transform name="to_world">
			<matrix value="0.2415106900910772 0.9559207630839572 0.166787023409284 0.8464130547659128 -0.534374019328862 -0.012431327867040171 0.8450150843860411 -0.04660100454427361 0.8098703608160602 -0.29333156732155113 0.5078357960210884 -0.14826259081785179 0.0 0.0 0.0 1.0" />
		</transform>
	</shape>
	<shape type="ply" name="temp23">
		<string name="filename" value="meshes/Cube_019.ply" />
		<boolean name="face_normals" value="true" />
		<ref id="mat-Material" name="bsdf" />
		<transform name="to_world">
			<matrix value="-0.08069735580034289 0.9842052842687982 -0.15756838562319245 0.5018216655093595 -0.9116431926131197 -0.00896644090917624 0.41088215172703335 -0.04846329330187968 0.40297957810530344 0.17680365773022988 0.8979676384248317 -0.05102072315539269 0.0 0.0 0.0 1.0" />
		</transform>
	</shape>
	<shape type="ply" name="temp24">
		<string name="filename" value="meshes/Cube_020.ply" />
		<boolean name="face_normals" value="true" />
		<ref id="mat-Material" name="bsdf" />
		<transform name="to_world">
			<matrix value="0.09499457398243444 0.9526655245866036 -0.2887957832070268 0.11209008355788379 -0.9559085517552678 0.006321637177551855 -0.29358621722203876 0.16050700766869685 -0.2778639752602838 0.3039519317409419 0.9112618024006247 0.10701718212580713 0.0 0.0 0.0 1.0" />
		</transform>
	</shape>
	<shape type="ply" name="temp25">
		<string name="filename" value="meshes/Cube_021.ply" />
		<boolean name="face_normals" value="true" />
		<ref id="mat-Material" name="bsdf" />
		<transform name="to_world">
			<matrix value="0.20909140874461685 0.9334393635682894 -0.29149896387926627 -0.1538944007507028 -0.7812899471124609 -0.019810392909810334 -0.6238535417457607 0.11551733163469537 -0.5881041599072385 0.3581877590353404 0.7251444493667205 0.29405460525835314 0.0 0.0 0.0 1.0" />
		</transform>
	</shape>
	<shape type="ply" name="temp26">
		<string name="filename" value="meshes/Cube_022.ply" />
		<boolean name="face_normals" value="true" />
		<ref id="mat-Material" name="bsdf" />
		<transform name="to_world">
			<matrix value="0.6392340260306688 0.3993057279271124 -0.6572053769536301 -0.08120787744673413 -0.710462442400807 -0.020396439052778027 -0.7034266921532353 -0.19306378715433165 -0.29428706427174584 0.9165907768296473 0.2706543328190947 0.6783720303849783 0.0 0.0 0.0 1.0" />
		</transform>
	</shape>
	<shape type="ply" name="temp27">
		<string name="filename" value="meshes/Cube_023.ply" />
		<boolean name="face_normals" value="true" />
		<ref id="mat-Material" name="bsdf" />
		<transform name="to_world">
			<matrix value="0.8581765589235977 0.2765255317329373 -0.4325123244705572 -0.06335464819216297 -0.48029105876137135 0.13501686402195973 -0.8666549493381167 -0.28713379581015913 -0.1812557732165304 0.951474480782107 0.24868103225330612 0.20695883644696678 0.0 0.0 0.0 1.0" />
		</transform>
	</shape>
	<shape type="ply" name="temp28">
		<string name="filename" value="meshes/Cube_024.ply" />
		<boolean name="face_normals" value="true" />
		<ref id="mat-Material" name="bsdf" />
		<transform name="to_world">
			<matrix value="0.8566737496609205 0.4388642180287554 -0.27112428673618894 -0.19025077875745217 -0.3786224329686345 0.17795609513936544 -0.908282275881861 -0.5127365603742191 -0.35036443290835373 0.8807551994793742 0.3186139810817544 -0.3372875412900588 0.0 0.0 0.0 1.0" />
		</transform>
	</shape>
	<shape type="ply" name="temp29">
		<string name="filename" value="meshes/Cube_025.ply" />
		<boolean name="face_normals" value="true" />
		<ref id="mat-Material" name="bsdf" />
		<transform name="to_world">
			<matrix value="0.8995925726959879 0.36565851033429775 -0.2388034897624274 -0.2663459418249135 -0.3211543950910152 0.1833193025783077 -0.9291147325825102 -0.7930260337447325 -0.2959614078758641 0.9125173385507162 0.28234550028580196 -0.7071926219198654 0.0 0.0 0.0 1.0" />
		</transform>
	</shape>
	<shape type="ply" name="temp30">
		<string name="filename" value="meshes/Cube_026.ply" />
		<boolean name="face_normals" value="true" />
		<ref id="mat-Material" name="bsdf" />
		<transform name="to_world">
			<matrix value="0.9234881486169988 0.23695212787037753 -0.3017004861706368 -0.32601370975330823 -0.3489600010283196 0.19216265177098307 -0.9172242838521658 -1.1455607726337247 -0.15936258370609918 0.9523270681631879 0.2601467967723527 -0.8800445059953366 0.0 0.0 0.0 1.0" />
		</transform>
	</shape>
	<shape type="ply" name="temp31">
		<string name="filename" value="meshes/Cube_027.ply" />
		<boolean name="face_normals" value="true" />
		<ref id="mat-Material" name="bsdf" />
		<transform name="to_world">
			<matrix value="0.8737083951654796 0.17493087523961098 -0.4539081112438602 -0.5818718205139197 -0.4821732824847037 0.18797102975868912 -0.8556726132700045 -1.582490441318507 -0.0643618346284841 0.9664708409901069 0.24857890947051697 -1.0183228310389683 0.0 0.0 0.0 1.0" />
		</transform>
	</shape>
	<shape type="ply" name="temp32">
		<string name="filename" value="meshes/Cube_028.ply" />
		<boolean name="face_normals" value="true" />
		<ref id="mat-Material" name="bsdf" />
		<transform name="to_world">
			<matrix value="-0.1057939602182165 0.9843039445333245 0.1412552757527891 -1.4829092997292197 -0.8011690929689537 -0.00022971968386998538 -0.59843584301648 -2.120188991203423 -0.5890101449044107 -0.17648060272452512 0.7886183685790891 -1.3401536573934534 0.0 0.0 0.0 1.0" />
		</transform>
	</shape>
	<shape type="ply" name="temp33">
		<string name="filename" value="meshes/Cube_029.ply" />
		<boolean name="face_normals" value="true" />
		<ref id="mat-Material" name="bsdf" />
		<transform name="to_world">
			<matrix value="0.004303173872881972 0.9774540437150492 0.2111041624017009 -1.5725434092393273 -0.9978883989596243 -0.009485089367844264 0.06425852713416523 -1.7978875837111903 0.06481210119373718 -0.21093481122098856 0.9753491677229598 -0.08779680550021407 0.0 0.0 0.0 1.0" />
		</transform>
	</shape>
	<shape type="ply" name="temp34">
		<string name="filename" value="meshes/Cube_030.ply" />
		<boolean name="face_normals" value="true" />
		<ref id="mat-Material" name="bsdf" />
		<transform name="to_world">
			<matrix value="-0.042529791444633064 0.9787812453777989 -0.20044455365248512 -3.226769966944366 -0.9745226709864804 0.0035786428933575736 0.22424305214145063 -1.910670200308886 0.220202038861191 0.20487632121423613 0.9536925135848549 0.25882795225703925 0.0 0.0 0.0 1.0" />
		</transform>
	</shape>
	<shape type="ply" name="temp35">
		<string name="filename" value="meshes/Cube_031.ply" />
		<boolean name="face_normals" value="true" />
		<ref id="mat-Material" name="bsdf" />
		<transform name="to_world">
			<matrix value="0.14293910131961768 0.9775664705281141 0.15469859358962051 -1.8846721591576532 -0.729503640783154 -0.0015682893811936431 0.6839619006373692 -0.9747989421844601 0.6688609321894166 -0.21062130936563328 0.7129139459534084 0.6749958317676543 0.0 0.0 0.0 1.0" />
		</transform>
	</shape>
	<shape type="ply" name="temp36">
		<string name="filename" value="meshes/Cube_032.ply" />
		<boolean name="face_normals" value="true" />
		<ref id="mat-Material" name="bsdf" />
		<transform name="to_world">
			<matrix value="0.744035746515681 0.6139918193328231 0.26340255146208147 -0.6548108241192707 -0.33063614419167875 -0.004186554462343275 0.9437095438941214 0.10913301074926417 0.5805309408946735 -0.7893012016528203 0.19989212099091247 -0.11216713138865564 0.0 0.0 0.0 1.0" />
		</transform>
	</shape>
	<shape type="ply" name="temp37">
		<string name="filename" value="meshes/Cube_033.ply" />
		<boolean name="face_normals" value="true" />
		<ref id="mat-Material" name="bsdf" />
		<transform name="to_world">
			<matrix value="0.9767282860572277 0.1689195658114025 0.13216727002634862 -0.1415782270682513 -0.1501422582606861 0.09843967644439253 0.9837514851536641 0.3003735451248215 0.15316438752045558 -0.9807015933737013 0.12151078128183951 -0.3799698833432312 0.0 0.0 0.0 1.0" />
		</transform>
	</shape>
	<shape type="ply" name="temp38">
		<string name="filename" value="meshes/Cube_034.ply" />
		<boolean name="face_normals" value="true" />
		<ref id="mat-Material" name="bsdf" />
		<transform name="to_world">
			<matrix value="0.9999242057561075 0.0020605081525083275 0.012153544913458034 -0.03346086079578581 -0.012325897075849206 0.18020443324579755 0.9835519674946964 0.3693019165432983 -0.00016350724344756546 -0.9836269849381444 0.18021616934605014 -0.3642630859838837 0.0 0.0 0.0 1.0" />
		</transform>
	</shape>
	<shape type="ply" name="temp39">
		<string name="filename" value="meshes/Cube_035.ply" />
		<boolean name="face_normals" value="true" />
		<ref id="mat-Material" name="bsdf" />
		<transform name="to_world">
			<matrix value="0.998910291528597 -0.046563118582128936 0.0032005800195829895 0.0087465616783855 0.006444587315855447 0.2055219190568663 0.9786312804920427 0.0911669466935291 -0.046225934219461126 -0.9775441520327561 0.2055980305432223 -0.1482367160638335 0.0 0.0 0.0 1.0" />
		</transform>
	</shape>
	<shape type="ply" name="temp40">
		<string name="filename" value="meshes/Cube_036.ply" />
		<boolean name="face_normals" value="true" />
		<ref id="mat-Material" name="bsdf" />
		<transform name="to_world">
			<matrix value="0.9990206585854933 -0.04413487671638616 0.0031596599878681918 0.0028803573216586997 0.006102382953298334 0.20815286292063587 0.978077288034945 -0.2407465137243917 -0.04382502300421788 -0.9770999722583189 0.2082183664042521 0.1936110487933794 0.0 0.0 0.0 1.0" />
		</transform>
	</shape>
	<shape type="ply" name="temp41">
		<string name="filename" value="meshes/Cube_037.ply" />
		<boolean name="face_normals" value="true" />
		<ref id="mat-Material" name="bsdf" />
		<transform name="to_world">
			<matrix value="0.9988562161031298 -0.047699036133018236 0.003348232543032224 -0.005572454591857845 0.006665467699241348 0.20823489903488152 0.9780562488505278 -0.5702094541141007 -0.04734957280413881 -0.9769150624813578 0.20831468568167666 0.5195122550829256 0.0 0.0 0.0 1.0" />
		</transform>
	</shape>
	<shape type="ply" name="temp42">
		<string name="filename" value="meshes/Cube_038.ply" />
		<boolean name="face_normals" value="true" />
		<ref id="mat-Material" name="bsdf" />
		<transform name="to_world">
			<matrix value="0.9990361720272257 -0.04376224127753571 0.003502397757837569 0.008455674995846207 0.005694286355085838 0.20826937798144857 0.9780549486762098 -0.9038371820550435 -0.04353132917395798 -0.977091837479637 0.20831779428027314 0.8648052171136156 0.0 0.0 0.0 1.0" />
		</transform>
	</shape>
	<shape type="ply" name="temp43">
		<string name="filename" value="meshes/Cube_039.ply" />
		<boolean name="face_normals" value="true" />
		<ref id="mat-Material" name="bsdf" />
		<transform name="to_world">
			<matrix value="0.9999452396787081 -0.00936816384193664 -0.004691255711417777 0.021565248440595042 0.008285471025288194 0.4330149008210045 0.9013486659430372 -1.319254943094959 -0.006412597626721545 -0.901338189659609 0.4330687582477593 1.4748175202215101 0.0 0.0 0.0 1.0" />
		</transform>
	</shape>
	<shape type="ply" name="temp47">
		<string name="filename" value="meshes/Plane_001.ply" />
		<boolean name="face_normals" value="true" />
		<ref id="mat-Material.002" name="bsdf" />
	</shape>
	<shape type="ply" name="temp49">
		<string name="filename" value="meshes/Plane_002.ply" />
		<boolean name="face_normals" value="true" />
		<ref id="mat-Material.003" name="bsdf" />
	</shape>
	<shape type="ply" name="temp51">
		<string name="filename" value="meshes/Plane_003.ply" />
		<boolean name="face_normals" value="true" />
		<ref id="mat-Material.004" name="bsdf" />
	</shape>
	<shape type="ply" name="temp53">
		<string name="filename" value="meshes/Plane_004.ply" />
		<boolean name="face_normals" value="true" />
		<ref id="mat-Material.005" name="bsdf" />
	</shape>
	<emitter type="point">
		<transform name="to_world">
			<rotate x="1" angle="-142.5518126578256" />
			<rotate y="1" angle="3.976628485794621e-06" />
			<rotate z="1" angle="-179.999991348578" />
			<translate value="-0.000000 3.030926 4.073377" />
		</transform>
		<rgb name="intensity" value="100" />
	</emitter>
</scene>