<scene version="2.1.0">
	<default name="spp" value="1024" />
	<default name="resx" value="1280" />
	<default name="resy" value="720" />
	<integrator type="path" name="temp0">
		<integer name="max_depth" value="12" />
	</integrator>
	<sensor type="perspective" name="temp44">
		<string name="fov_axis" value="x" />
		<float name="fov" value="83.974423" />
		<float name="principal_point_offset_x" value="0.000000" />
		<float name="principal_point_offset_y" value="-0.000000" />
		<float name="near_clip" value="0.100000" />
		<float name="far_clip" value="1000.000000" />
		<transform name="to_world">
			<rotate x="1" angle="-142.5518126578256" />
			<rotate y="1" angle="3.976628485794621e-06" />
			<rotate z="1" angle="-179.999991348578" />
			<translate value="-0.000000 3.030926 4.073377" />
		</transform>
		<sampler type="independent" name="sampler">
			<integer name="sample_count" value="$spp" />
		</sampler>
		<film type="hdrfilm" name="film">
			<integer name="width" value="$resx" />
			<integer name="height" value="$resy" />
		</film>
		<float name="shutter_open" value="0.0" />
		<float name="shutter_close" value="0.0015" />
	</sensor>
	<bsdf type="twosided" id="mat-Material" name="mat-Material">
		<bsdf type="diffuse" name="bsdf">
			<texture type="bitmap" name="reflectance">
				<string name="filename" value="textures/siggraph_2023_logo.jpg" />
			</texture>
		</bsdf>
	</bsdf>
	<bsdf type="twosided" id="mat-Material.001" name="mat-Material.001">
		<bsdf type="principled" name="bsdf">
			<rgb value="0.433648 0.266232 0.084399" name="base_color" />
			<float name="spec_tint" value="0.000000" />
			<float name="spec_trans" value="0.000000" />
			<float name="metallic" value="0.000000" />
			<float name="anisotropic" value="0.000000" />
			<float name="roughness" value="0.500000" />
			<float name="sheen" value="0.000000" />
			<float name="sheen_tint" value="0.500000" />
			<float name="clearcoat" value="0.000000" />
			<float name="clearcoat_gloss" value="0.173205" />
			<float name="specular" value="0.500000" />
		</bsdf>
	</bsdf>
	<bsdf type="twosided" id="mat-Material.002" name="mat-Material.002">
		<bsdf type="principled" name="bsdf">
			<rgb value="0.433648 0.266232 0.084399" name="base_color" />
			<float name="spec_tint" value="0.000000" />
			<float name="spec_trans" value="0.000000" />
			<float name="metallic" value="0.000000" />
			<float name="anisotropic" value="0.000000" />
			<float name="roughness" value="0.500000" />
			<float name="sheen" value="0.000000" />
			<float name="sheen_tint" value="0.500000" />
			<float name="clearcoat" value="0.000000" />
			<float name="clearcoat_gloss" value="0.173205" />
			<float name="specular" value="0.500000" />
		</bsdf>
	</bsdf>
	<bsdf type="twosided" id="mat-Material.003" name="mat-Material.003">
		<bsdf type="principled" name="bsdf">
			<rgb value="0.433648 0.266232 0.084399" name="base_color" />
			<float name="spec_tint" value="0.000000" />
			<float name="spec_trans" value="0.000000" />
			<float name="metallic" value="0.000000" />
			<float name="anisotropic" value="0.000000" />
			<float name="roughness" value="0.500000" />
			<float name="sheen" value="0.000000" />
			<float name="sheen_tint" value="0.500000" />
			<float name="clearcoat" value="0.000000" />
			<float name="clearcoat_gloss" value="0.173205" />
			<float name="specular" value="0.500000" />
		</bsdf>
	</bsdf>
	<bsdf type="twosided" id="mat-Material.004" name="mat-Material.004">
		<bsdf type="principled" name="bsdf">
			<rgb value="0.433648 0.266232 0.084399" name="base_color" />
			<float name="spec_tint" value="0.000000" />
			<float name="spec_trans" value="0.000000" />
			<float name="metallic" value="0.000000" />
			<float name="anisotropic" value="0.000000" />
			<float name="roughness" value="0.500000" />
			<float name="sheen" value="0.000000" />
			<float name="sheen_tint" value="0.500000" />
			<float name="clearcoat" value="0.000000" />
			<float name="clearcoat_gloss" value="0.173205" />
			<float name="specular" value="0.500000" />
		</bsdf>
	</bsdf>
	<bsdf type="twosided" id="mat-Material.005" name="mat-Material.005">
		<bsdf type="principled" name="bsdf">
			<rgb value="0.433648 0.266232 0.084399" name="base_color" />
			<float name="spec_tint" value="0.000000" />
			<float name="spec_trans" value="0.000000" />
			<float name="metallic" value="0.000000" />
			<float name="anisotropic" value="0.000000" />
			<float name="roughness" value="0.500000" />
			<float name="sheen" value="0.000000" />
			<float name="sheen_tint" value="0.500000" />
			<float name="clearcoat" value="0.000000" />
			<float name="clearcoat_gloss" value="0.173205" />
			<float name="specular" value="0.500000" />
		</bsdf>
	</bsdf>
	<emitter type="point" name="temp45">
		<point name="position" x="-6.815235034541981e-16" y="3.0693089962005615" z="4.109199523925781" />
		<rgb value="7.957747 7.957747 7.957747" name="intensity" />
	</emitter>
	<shape type="ply" name="temp2">
		<string name="filename" value="meshes/Cube.ply" />
		<boolean name="face_normals" value="true" />
		<ref id="mat-Material" name="bsdf" />
		<transform name="to_world">
			<matrix value="0.9999991135176153 0.0001753582952841228 0.0014902267078498851 -0.0024021271475362926 -0.00017328137660076558 0.9999989570796562 -0.0013949215663932833 -0.015510451084574467 -0.0014904694278819986 0.0013946608735917968 0.9999979906396905 0.003387323808100806 0.0 0.0 0.0 1.0" />
		</transform>
	</shape>
	<shape type="ply" name="temp4">
		<string name="filename" value="meshes/Plane.ply" />
		<boolean name="face_normals" value="true" />
		<ref id="mat-Material.001" name="bsdf" />
	</shape>
	<shape type="ply" name="temp5">
		<string name="filename" value="meshes/Cube_001.ply" />
		<boolean name="face_normals" value="true" />
		<ref id="mat-Material" name="bsdf" />
		<transform name="to_world">
			<matrix value="0.9999982270352306 -3.2513563179071505e-05 -0.0018584549863103466 0.0025142950145602416 3.473326631526504e-05 0.9999963497787967 0.001184431618159133 -0.018931315716843033 0.0018581335645279392 -0.0011844905229828353 0.9999947993027283 -0.004092116195252127 0.0 0.0 0.0 1.0" />
		</transform>
	</shape>
	<shape type="ply" name="temp6">
		<string name="filename" value="meshes/Cube_002.ply" />
		<boolean name="face_normals" value="true" />
		<ref id="mat-Material" name="bsdf" />
		<transform name="to_world">
			<matrix value="1.0 2.17207455628954e-05 0.00029245648316557934 -0.0008709875032877346 -2.1323558092077156e-05 0.9999959326106591 -0.0014380353467754023 -0.016686819548167225 -0.0002925187978589677 0.0014380265444085911 0.9999959812793809 0.000709362881292197 0.0 0.0 0.0 1.0" />
		</transform>
	</shape>
	<shape type="ply" name="temp7">
		<string name="filename" value="meshes/Cube_003.ply" />
		<boolean name="face_normals" value="true" />
		<ref id="mat-Material" name="bsdf" />
		<transform name="to_world">
			<matrix value="0.9999991135176153 -0.000412687751734898 0.0014366642538583263 -0.001087120340332648 0.00041765088373428935 0.9999928038496275 -0.003448356603301686 -0.017565971344198683 -0.0014350820084854093 0.0034489490491695224 0.999991962558762 0.004084139719955027 0.0 0.0 0.0 1.0" />
		</transform>
	</shape>
	<shape type="ply" name="temp8">
		<string name="filename" value="meshes/Cube_004.ply" />
		<boolean name="face_normals" value="true" />
		<ref id="mat-Material" name="bsdf" />
		<transform name="to_world">
			<matrix value="0.9999995567588077 8.922944873316466e-05 0.0011958743341334527 -0.00045235058229287084 -8.894011279601862e-05 0.9999995828318624 -0.00024795624416990014 -0.01758800177729236 -0.001195658629817367 0.00024784793387050685 0.9999990544186779 0.0037520130068542917 0.0 0.0 0.0 1.0" />
		</transform>
	</shape>
	<shape type="ply" name="temp9">
		<string name="filename" value="meshes/Cube_005.ply" />
		<boolean name="face_normals" value="true" />
		<ref id="mat-Material" name="bsdf" />
		<transform name="to_world">
			<matrix value="0.9999997783794039 -0.000354904750084998 0.0008166406710601527 -0.0007068027852790149 0.00035695077540614194 0.999994263938109 -0.002508618973751135 -0.019468668552549584 -0.0008150784448262228 0.0025089054968159643 0.999994208314402 0.002062477838439325 0.0 0.0 0.0 1.0" />
		</transform>
	</shape>
	<shape type="ply" name="temp10">
		<string name="filename" value="meshes/Cube_006.ply" />
		<boolean name="face_normals" value="true" />
		<ref id="mat-Material" name="bsdf" />
		<transform name="to_world">
			<matrix value="0.9999991135176153 1.5935822853722052e-06 -0.0015478126103670698 -0.0012948114020627788 -5.95716162524144e-07 0.9999990613716906 0.0006388524708749134 -0.017350260830962944 0.0015475367313976104 -0.0006388523287368358 0.9999979906396905 -0.003675702778385026 0.0 0.0 0.0 1.0" />
		</transform>
	</shape>
	<shape type="ply" name="temp11">
		<string name="filename" value="meshes/Cube_007.ply" />
		<boolean name="face_normals" value="true" />
		<ref id="mat-Material" name="bsdf" />
		<transform name="to_world">
			<matrix value="0.9999984486558268 -0.001880785861337483 -0.00020597089689806773 0.0004600342493652487 0.0018817605362863835 0.9999861291594271 0.004816519400255591 -0.01734646667342185 0.00019660805245138972 -0.004816893432313427 0.9999880620358081 -0.00048005202617629195 0.0 0.0 0.0 1.0" />
		</transform>
	</shape>
	<shape type="ply" name="temp12">
		<string name="filename" value="meshes/Cube_008.ply" />
		<boolean name="face_normals" value="true" />
		<ref id="mat-Material" name="bsdf" />
		<transform name="to_world">
			<matrix value="0.9997653037886485 0.016411179688917723 0.0008009736887269213 0.01451841581530644 -0.016405152146971688 0.9997502205776527 -0.005213888131110524 0.01627452433480603 -0.0009150339877346296 0.005188957350815459 0.9999838069198588 0.013537715565786756 0.0 0.0 0.0 1.0" />
		</transform>
	</shape>
	<shape type="ply" name="temp13">
		<string name="filename" value="meshes/Cube_009.ply" />
		<boolean name="face_normals" value="true" />
		<ref id="mat-Material" name="bsdf" />
		<transform name="to_world">
			<matrix value="0.9676972467630096 0.24281485243720052 0.009775159673226006 0.12089033978247321 -0.2425628117093685 0.9675899988110709 -0.020088024165276268 0.48646806080011884 -0.014726896939330918 0.01681075063148827 0.9997262542072458 0.050818071348866845 0.0 0.0 0.0 1.0" />
		</transform>
	</shape>
	<shape type="ply" name="temp14">
		<string name="filename" value="meshes/Cube_010.ply" />
		<boolean name="face_normals" value="true" />
		<ref id="mat-Material" name="bsdf" />
		<transform name="to_world">
			<matrix value="0.8615527270857601 0.5030291621386542 0.012914170528972375 0.2598128247513639 -0.5024981073601087 0.8614289468798952 -0.030154103752019407 0.8447966605853594 -0.026514845477255522 0.01936016315445859 0.9994546359724665 0.029082634361279558 0.0 0.0 0.0 1.0" />
		</transform>
	</shape>
	<shape type="ply" name="temp15">
		<string name="filename" value="meshes/Cube_011.ply" />
		<boolean name="face_normals" value="true" />
		<ref id="mat-Material" name="bsdf" />
		<transform name="to_world">
			<matrix value="0.7709076870433508 0.6327474902121926 -0.035556056188333324 0.3020094245141248 -0.6149399762777314 0.7608117466204167 0.19730946654556925 1.2045924692882553 0.15266122011889502 -0.1291915490078699 0.979466819787802 -0.33072882520364166 0.0 0.0 0.0 1.0" />
		</transform>
	</shape>
	<shape type="ply" name="temp16">
		<string name="filename" value="meshes/Cube_012.ply" />
		<boolean name="face_normals" value="true" />
		<ref id="mat-Material" name="bsdf" />
		<transform name="to_world">
			<matrix value="0.8161260453843522 0.5733728878255737 0.0021526761606183347 0.2672811809959472 -0.5069730704381173 0.7223486357558982 0.46394250203654575 1.2510658808654294 0.2667292523230271 -0.3781708428673635 0.8848160206061082 -0.9427465407962731 0.0 0.0 0.0 1.0" />
		</transform>
	</shape>
	<shape type="ply" name="temp17">
		<string name="filename" value="meshes/Cube_013.ply" />
		<boolean name="face_normals" value="true" />
		<ref id="mat-Material" name="bsdf" />
		<transform name="to_world">
			<matrix value="0.9184688853547791 0.35872361150800025 0.16485062651854449 0.296372179019824 -0.3485849303313494 0.5440320969165018 0.76150961585286 1.2317048108277915 0.1843763463451218 -0.7567368482530041 0.6253288850036003 -0.9648206551976384 0.0 0.0 0.0 1.0" />
		</transform>
	</shape>
	<shape type="ply" name="temp18">
		<string name="filename" value="meshes/Cube_014.ply" />
		<boolean name="face_normals" value="true" />
		<ref id="mat-Material" name="bsdf" />
		<transform name="to_world">
			<matrix value="0.939410480349345 0.3132951485431446 0.13897646022577648 0.09043199826353066 -0.2128211725679799 0.21565033383880206 0.9528660806268825 1.0073137197752524 0.2686276321878208 -0.9247036541843008 0.2692949414708801 -0.8027999042871943 0.0 0.0 0.0 1.0" />
		</transform>
	</shape>
	<shape type="ply" name="temp19">
		<string name="filename" value="meshes/Cube_015.ply" />
		<boolean name="face_normals" value="true" />
		<ref id="mat-Material" name="bsdf" />
		<transform name="to_world">
			<matrix value="0.9747208466970553 0.1957529780590418 0.10758392861617483 0.04156056812845371 -0.14947673161036618 0.21354751440794456 0.9653942057613325 0.6339179016812199 0.16602689232962253 -0.957075797364749 0.23740263467323786 -0.40437037291296785 0.0 0.0 0.0 1.0" />
		</transform>
	</shape>
	<shape type="ply" name="temp20">
		<string name="filename" value="meshes/Cube_016.ply" />
		<boolean name="face_normals" value="true" />
		<ref id="mat-Material" name="bsdf" />
		<transform name="to_world">
			<matrix value="0.9700360089144668 0.19295261178541706 0.14747273298059999 0.06606925292678423 -0.18826450240857265 0.21352610325328572 0.9585901571603436 0.3532463189103626 0.15348804223911267 -0.9576326125363197 0.24344601037964617 -0.16943925851179487 0.0 0.0 0.0 1.0" />
		</transform>
	</shape>
	<shape type="ply" name="temp21">
		<string name="filename" value="meshes/Cube_017.ply" />
		<boolean name="face_normals" value="true" />
		<ref id="mat-Material" name="bsdf" />
		<transform name="to_world">
			<matrix value="0.9439271080994349 0.1760199656670623 0.2791488444287058 0.17744824034518447 -0.31341161416031504 0.21279636145950445 0.9254163276363635 0.1472098005045094 0.10355393004235613 -0.9610566243171479 0.25601165145305116 0.05821366272984413 0.0 0.0 0.0 1.0" />
		</transform>
	</shape>
	<shape type="ply" name="temp22">
		<string name="filename" value="meshes/Cube_018.ply" />
		<boolean name="face_normals" value="true" />
		<ref id="mat-Material" name="bsdf" />
		<transform name="to_world">
			<matrix value="0.18331939339783382 0.9791912361317667 0.08697576380513271 0.8646016879261083 -0.3917070459392902 -0.008402897858467366 0.9199785258481746 -0.11759148575367469 0.9015665473461376 -0.20275633417670827 0.3820217096015746 -0.2090839650752921 0.0 0.0 0.0 1.0" />
		</transform>
	</shape>
	<shape type="ply" name="temp23">
		<string name="filename" value="meshes/Cube_019.ply" />
		<boolean name="face_normals" value="true" />
		<ref id="mat-Material" name="bsdf" />
		<transform name="to_world">
			<matrix value="-0.051207521980330725 0.9879682451613712 -0.1459279367746505 0.4643920129488859 -0.960241043425226 -0.008570827849310524 0.2789464900257719 0.0739578735890325 0.27433988089222683 0.15441845718707697 0.9491266610908888 -0.0457534109052502 0.0 0.0 0.0 1.0" />
		</transform>
	</shape>
	<shape type="ply" name="temp24">
		<string name="filename" value="meshes/Cube_020.ply" />
		<boolean name="face_normals" value="true" />
		<ref id="mat-Material" name="bsdf" />
		<transform name="to_world">
			<matrix value="0.053900968620725256 0.9947333435640756 -0.08702293645929411 -0.08389623792116097 -0.8865012516054245 0.0075683350133831945 -0.46266171285156044 0.321760401573023 -0.45956751933879814 0.10208425839334849 0.8822399021196298 0.13539862966456095 0.0 0.0 0.0 1.0" />
		</transform>
	</shape>
	<shape type="ply" name="temp25">
		<string name="filename" value="meshes/Cube_021.ply" />
		<boolean name="face_normals" value="true" />
		<ref id="mat-Material" name="bsdf" />
		<transform name="to_world">
			<matrix value="0.283774003726772 0.9178817036312401 -0.2774048378777184 -0.12079291604573969 -0.6724117373813665 -0.01576290457487438 -0.7400094605411278 0.2689822996104533 -0.6836142152769282 0.3965256151665648 0.6127209764450965 0.22315177978073647 0.0 0.0 0.0 1.0" />
		</transform>
	</shape>
	<shape type="ply" name="temp26">
		<string name="filename" value="meshes/Cube_022.ply" />
		<boolean name="face_normals" value="true" />
		<ref id="mat-Material" name="bsdf" />
		<transform name="to_world">
			<matrix value="0.621210287805371 0.3928555784766271 -0.6779263732559343 -0.08280303482456641 -0.7308940884035693 -0.02116471675326382 -0.6820115209628287 -0.21196228146974863 -0.2822866857437676 0.9193564972894501 0.27398880715389007 0.6665849762768399 0.0 0.0 0.0 1.0" />
		</transform>
	</shape>
	<shape type="ply" name="temp27">
		<string name="filename" value="meshes/Cube_023.ply" />
		<boolean name="face_normals" value="true" />
		<ref id="mat-Material" name="bsdf" />
		<transform name="to_world">
			<matrix value="0.8538802220461077 0.30969947207372195 -0.41814528005991203 -0.08461682641231039 -0.4778164431844575 0.14882336683888758 -0.8656949479008331 -0.28426459369357304 -0.20590301971359526 0.9390104354609603 0.2751451349131791 0.15422938778983425 0.0 0.0 0.0 1.0" />
		</transform>
	</shape>
	<shape type="ply" name="temp28">
		<string name="filename" value="meshes/Cube_024.ply" />
		<boolean name="face_normals" value="true" />
		<ref id="mat-Material" name="bsdf" />
		<transform name="to_world">
			<matrix value="0.891147498258062 0.35367431266334737 -0.28398596568201706 -0.14111722540436378 -0.3649820398668858 0.18738101843257415 -0.9119547955393146 -0.49536446076186585 -0.2693113760511465 0.9163420403276439 0.2961102093942559 -0.2523222390374484 0.0 0.0 0.0 1.0" />
		</transform>
	</shape>
	<shape type="ply" name="temp29">
		<string name="filename" value="meshes/Cube_025.ply" />
		<boolean name="face_normals" value="true" />
		<ref id="mat-Material" name="bsdf" />
		<transform name="to_world">
			<matrix value="0.8950413721328944 0.3811291907146716 -0.23160567745937427 -0.2780148636362853 -0.3203473415279765 0.1881072351555933 -0.9284360415885577 -0.7918606543298926 -0.31028738429188674 0.9051825840645944 0.29045728785528446 -0.7262237848876958 0.0 0.0 0.0 1.0" />
		</transform>
	</shape>
	<shape type="ply" name="temp30">
		<string name="filename" value="meshes/Cube_026.ply" />
		<boolean name="face_normals" value="true" />
		<ref id="mat-Material" name="bsdf" />
		<transform name="to_world">
			<matrix value="0.9262165197765355 0.2402965648289715 -0.2904571696576192 -0.29927291010072604 -0.3415217046347072 0.20871402707004047 -0.9164042284505562 -1.1327475332693226 -0.15958712969414585 0.9479859122319956 0.2753866127433158 -0.841025103338969 0.0 0.0 0.0 1.0" />
		</transform>
	</shape>
	<shape type="ply" name="temp31">
		<string name="filename" value="meshes/Cube_027.ply" />
		<boolean name="face_normals" value="true" />
		<ref id="mat-Material" name="bsdf" />
		<transform name="to_world">
			<matrix value="0.8764821985472326 0.19359225569069488 -0.4407741048772612 -0.5317954310985937 -0.47552289163462036 0.20536721225306254 -0.8553931939893178 -1.5732440353911643 -0.07507588289213105 0.9593358057498285 0.2720660857330217 -0.9809921795146959 0.0 0.0 0.0 1.0" />
		</transform>
	</shape>
	<shape type="ply" name="temp32">
		<string name="filename" value="meshes/Cube_028.ply" />
		<boolean name="face_normals" value="true" />
		<ref id="mat-Material" name="bsdf" />
		<transform name="to_world">
			<matrix value="-0.11424058600031559 0.9806567477989167 0.1589319020699248 -1.4655406762328342 -0.8147814732273455 -0.0009674066534146254 -0.5796974943513336 -2.1128989048427944 -0.5683300622133338 -0.1957329018424231 0.7991311053231027 -1.2603072947853553 0.0 0.0 0.0 1.0" />
		</transform>
	</shape>
	<shape type="ply" name="temp33">
		<string name="filename" value="meshes/Cube_029.ply" />
		<boolean name="face_normals" value="true" />
		<ref id="mat-Material" name="bsdf" />
		<transform name="to_world">
			<matrix value="-0.010594131575261467 0.9826889823809037 0.18495587208364989 -1.6409287228654033 -0.9997978820162865 -0.007323026846855492 -0.018379524192934524 -1.9197400590913105 -0.016707546801837503 -0.18511544085285855 0.9825678537336988 -0.22900287131597263 0.0 0.0 0.0 1.0" />
		</transform>
	</shape>
	<shape type="ply" name="temp34">
		<string name="filename" value="meshes/Cube_030.ply" />
		<boolean name="face_normals" value="true" />
		<ref id="mat-Material" name="bsdf" />
		<transform name="to_world">
			<matrix value="-0.04292597009877445 0.9819319248825242 -0.184300016859191 -3.2070243681375232 -0.9694543190094689 0.003644520072876951 0.24521718368426532 -1.8636489838407049 0.24145823376229936 0.18919906681894333 0.9517819331750295 0.31300557856048583 0.0 0.0 0.0 1.0" />
		</transform>
	</shape>
	<shape type="ply" name="temp35">
		<string name="filename" value="meshes/Cube_031.ply" />
		<boolean name="face_normals" value="true" />
		<ref id="mat-Material" name="bsdf" />
		<transform name="to_world">
			<matrix value="0.11595003430686829 0.9836468004246772 0.13781241415894557 -1.9798291107878532 -0.7640680322041321 -0.00030353570854965245 0.6450022953986595 -1.1239312449937462 0.6344953344432093 -0.18010602328215375 0.7515371606367733 0.6340859302401292 0.0 0.0 0.0 1.0" />
		</transform>
	</shape>
	<shape type="ply" name="temp36">
		<string name="filename" value="meshes/Cube_032.ply" />
		<boolean name="face_normals" value="true" />
		<ref id="mat-Material" name="bsdf" />
		<transform name="to_world">
			<matrix value="0.773958294549729 0.5908799744693101 0.2276724964907113 -0.584305560884818 -0.26686351008019116 -0.02169105049194553 0.9634827131186643 0.3377612760373514 0.5742482186136479 -0.806465584671574 0.1408949501702283 -0.17802236638056845 0.0 0.0 0.0 1.0" />
		</transform>
	</shape>
	<shape type="ply" name="temp37">
		<string name="filename" value="meshes/Cube_033.ply" />
		<boolean name="face_normals" value="true" />
		<ref id="mat-Material" name="bsdf" />
		<transform name="to_world">
			<matrix value="0.9780639933903873 0.1607828160100788 0.13243888826112796 -0.13255162147247268 -0.14990997771383285 0.10185304000851023 0.9834362519804019 0.3008216137329417 0.14463172862292054 -0.9817171892045229 0.1237219050059548 -0.3921612736082783 0.0 0.0 0.0 1.0" />
		</transform>
	</shape>
	<shape type="ply" name="temp38">
		<string name="filename" value="meshes/Cube_034.ply" />
		<boolean name="face_normals" value="true" />
		<ref id="mat-Material" name="bsdf" />
		<transform name="to_world">
			<matrix value="0.9999257571002806 0.0015326632222484112 0.01210573395785828 -0.03651167661171284 -0.012183490329363665 0.1805937032641321 0.9834824672675206 0.3696522739458986 -0.0006788710912775453 -0.9835564835229015 0.18059895248501134 -0.35327551315285105 0.0 0.0 0.0 1.0" />
		</transform>
	</shape>
	<shape type="ply" name="temp39">
		<string name="filename" value="meshes/Cube_035.ply" />
		<boolean name="face_normals" value="true" />
		<ref id="mat-Material" name="bsdf" />
		<transform name="to_world">
			<matrix value="0.9989796587752005 -0.04506875973826872 0.0029679788341076853 0.008863640358955927 0.006640568625260848 0.21155524453353303 0.9773435169289788 0.09168499376464169 -0.04467556517684437 -0.9763263339472659 0.21163860496496384 -0.14286528674587212 0.0 0.0 0.0 1.0" />
		</transform>
	</shape>
	<shape type="ply" name="temp40">
		<string name="filename" value="meshes/Cube_036.ply" />
		<boolean name="face_normals" value="true" />
		<ref id="mat-Material" name="bsdf" />
		<transform name="to_world">
			<matrix value="0.9996655745203687 -0.02568909918798222 0.0030147969293192146 0.004430935543736636 0.002492511440055175 0.21169019842602463 0.9773337065227619 -0.25036841697031165 -0.02574503525540444 -0.9769990175690361 0.21168341369986585 0.23612866984664369 0.0 0.0 0.0 1.0" />
		</transform>
	</shape>
	<shape type="ply" name="temp41">
		<string name="filename" value="meshes/Cube_037.ply" />
		<boolean name="face_normals" value="true" />
		<ref id="mat-Material" name="bsdf" />
		<transform name="to_world">
			<matrix value="0.9989335616911956 -0.04607155893647155 0.003084403534393866 -0.004806053012289535 0.00674526884351281 0.21168206364734277 0.9773153858846457 -0.5695146105728075 -0.045679351343109464 -0.9762519737267508 0.21176702672827444 0.5095450095944578 0.0 0.0 0.0 1.0" />
		</transform>
	</shape>
	<shape type="ply" name="temp42">
		<string name="filename" value="meshes/Cube_038.ply" />
		<boolean name="face_normals" value="true" />
		<ref id="mat-Material" name="bsdf" />
		<transform name="to_world">
			<matrix value="0.999264219620692 -0.038222039827042094 0.0031761840214722605 0.0051848056729073555 0.004991181716478112 0.21170156625777237 0.97732176855857 -0.9049817159388485 -0.03802763209917256 -0.9765866468650859 0.2117366026492352 0.857719124304859 0.0 0.0 0.0 1.0" />
		</transform>
	</shape>
	<shape type="ply" name="temp43">
		<string name="filename" value="meshes/Cube_039.ply" />
		<boolean name="face_normals" value="true" />
		<ref id="mat-Material" name="bsdf" />
		<transform name="to_world">
			<matrix value="0.9999654462585741 -0.004417978219578249 -0.0070611585047800195 0.020430720273179714 0.008277899408635605 0.4330058523761268 0.9013530825372322 -1.3192772210348058 -0.0009246347015430048 -0.9013802721070954 0.43302734963363576 1.4712654053068963 0.0 0.0 0.0 1.0" />
		</transform>
	</shape>
	<shape type="ply" name="temp47">
		<string name="filename" value="meshes/Plane_001.ply" />
		<boolean name="face_normals" value="true" />
		<ref id="mat-Material.002" name="bsdf" />
	</shape>
	<shape type="ply" name="temp49">
		<string name="filename" value="meshes/Plane_002.ply" />
		<boolean name="face_normals" value="true" />
		<ref id="mat-Material.003" name="bsdf" />
	</shape>
	<shape type="ply" name="temp51">
		<string name="filename" value="meshes/Plane_003.ply" />
		<boolean name="face_normals" value="true" />
		<ref id="mat-Material.004" name="bsdf" />
	</shape>
	<shape type="ply" name="temp53">
		<string name="filename" value="meshes/Plane_004.ply" />
		<boolean name="face_normals" value="true" />
		<ref id="mat-Material.005" name="bsdf" />
	</shape>
	<emitter type="point">
		<transform name="to_world">
			<rotate x="1" angle="-142.5518126578256" />
			<rotate y="1" angle="3.976628485794621e-06" />
			<rotate z="1" angle="-179.999991348578" />
			<translate value="-0.000000 3.030926 4.073377" />
		</transform>
		<rgb name="intensity" value="100" />
	</emitter>
</scene>