<scene version="2.1.0">
	<default name="spp" value="1024" />
	<default name="resx" value="1280" />
	<default name="resy" value="720" />
	<integrator type="path" name="temp0">
		<integer name="max_depth" value="12" />
	</integrator>
	<sensor type="perspective" name="temp44">
		<string name="fov_axis" value="x" />
		<float name="fov" value="83.974423" />
		<float name="principal_point_offset_x" value="0.000000" />
		<float name="principal_point_offset_y" value="-0.000000" />
		<float name="near_clip" value="0.100000" />
		<float name="far_clip" value="1000.000000" />
		<transform name="to_world">
			<rotate x="1" angle="-142.5518126578256" />
			<rotate y="1" angle="3.976628485794621e-06" />
			<rotate z="1" angle="-179.999991348578" />
			<translate value="-0.000000 3.030926 4.073377" />
		</transform>
		<sampler type="independent" name="sampler">
			<integer name="sample_count" value="$spp" />
		</sampler>
		<film type="hdrfilm" name="film">
			<integer name="width" value="$resx" />
			<integer name="height" value="$resy" />
		</film>
		<float name="shutter_open" value="0.0" />
		<float name="shutter_close" value="0.0015" />
	</sensor>
	<bsdf type="twosided" id="mat-Material" name="mat-Material">
		<bsdf type="diffuse" name="bsdf">
			<texture type="bitmap" name="reflectance">
				<string name="filename" value="textures/siggraph_2023_logo.jpg" />
			</texture>
		</bsdf>
	</bsdf>
	<bsdf type="twosided" id="mat-Material.001" name="mat-Material.001">
		<bsdf type="principled" name="bsdf">
			<rgb value="0.433648 0.266232 0.084399" name="base_color" />
			<float name="spec_tint" value="0.000000" />
			<float name="spec_trans" value="0.000000" />
			<float name="metallic" value="0.000000" />
			<float name="anisotropic" value="0.000000" />
			<float name="roughness" value="0.500000" />
			<float name="sheen" value="0.000000" />
			<float name="sheen_tint" value="0.500000" />
			<float name="clearcoat" value="0.000000" />
			<float name="clearcoat_gloss" value="0.173205" />
			<float name="specular" value="0.500000" />
		</bsdf>
	</bsdf>
	<bsdf type="twosided" id="mat-Material.002" name="mat-Material.002">
		<bsdf type="principled" name="bsdf">
			<rgb value="0.433648 0.266232 0.084399" name="base_color" />
			<float name="spec_tint" value="0.000000" />
			<float name="spec_trans" value="0.000000" />
			<float name="metallic" value="0.000000" />
			<float name="anisotropic" value="0.000000" />
			<float name="roughness" value="0.500000" />
			<float name="sheen" value="0.000000" />
			<float name="sheen_tint" value="0.500000" />
			<float name="clearcoat" value="0.000000" />
			<float name="clearcoat_gloss" value="0.173205" />
			<float name="specular" value="0.500000" />
		</bsdf>
	</bsdf>
	<bsdf type="twosided" id="mat-Material.003" name="mat-Material.003">
		<bsdf type="principled" name="bsdf">
			<rgb value="0.433648 0.266232 0.084399" name="base_color" />
			<float name="spec_tint" value="0.000000" />
			<float name="spec_trans" value="0.000000" />
			<float name="metallic" value="0.000000" />
			<float name="anisotropic" value="0.000000" />
			<float name="roughness" value="0.500000" />
			<float name="sheen" value="0.000000" />
			<float name="sheen_tint" value="0.500000" />
			<float name="clearcoat" value="0.000000" />
			<float name="clearcoat_gloss" value="0.173205" />
			<float name="specular" value="0.500000" />
		</bsdf>
	</bsdf>
	<bsdf type="twosided" id="mat-Material.004" name="mat-Material.004">
		<bsdf type="principled" name="bsdf">
			<rgb value="0.433648 0.266232 0.084399" name="base_color" />
			<float name="spec_tint" value="0.000000" />
			<float name="spec_trans" value="0.000000" />
			<float name="metallic" value="0.000000" />
			<float name="anisotropic" value="0.000000" />
			<float name="roughness" value="0.500000" />
			<float name="sheen" value="0.000000" />
			<float name="sheen_tint" value="0.500000" />
			<float name="clearcoat" value="0.000000" />
			<float name="clearcoat_gloss" value="0.173205" />
			<float name="specular" value="0.500000" />
		</bsdf>
	</bsdf>
	<bsdf type="twosided" id="mat-Material.005" name="mat-Material.005">
		<bsdf type="principled" name="bsdf">
			<rgb value="0.433648 0.266232 0.084399" name="base_color" />
			<float name="spec_tint" value="0.000000" />
			<float name="spec_trans" value="0.000000" />
			<float name="metallic" value="0.000000" />
			<float name="anisotropic" value="0.000000" />
			<float name="roughness" value="0.500000" />
			<float name="sheen" value="0.000000" />
			<float name="sheen_tint" value="0.500000" />
			<float name="clearcoat" value="0.000000" />
			<float name="clearcoat_gloss" value="0.173205" />
			<float name="specular" value="0.500000" />
		</bsdf>
	</bsdf>
	<emitter type="point" name="temp45">
		<point name="position" x="-6.815235034541981e-16" y="3.0693089962005615" z="4.109199523925781" />
		<rgb value="7.957747 7.957747 7.957747" name="intensity" />
	</emitter>
	<shape type="ply" name="temp2">
		<string name="filename" value="meshes/Cube.ply" />
		<boolean name="face_normals" value="true" />
		<ref id="mat-Material" name="bsdf" />
		<transform name="to_world">
			<matrix value="0.9995235157182192 0.0063973901961316 -0.026185167989613733 0.02781193866742271 -0.009136322374638094 0.9957025424312143 -0.08061643391970408 0.1147401605621681 0.025397270432089242 0.08086947226144761 0.9952990424570741 0.034188031739791236 0.0 0.0 0.0 1.0" />
		</transform>
	</shape>
	<shape type="ply" name="temp4">
		<string name="filename" value="meshes/Plane.ply" />
		<boolean name="face_normals" value="true" />
		<ref id="mat-Material.001" name="bsdf" />
	</shape>
	<shape type="ply" name="temp5">
		<string name="filename" value="meshes/Cube_001.ply" />
		<boolean name="face_normals" value="true" />
		<ref id="mat-Material" name="bsdf" />
		<transform name="to_world">
			<matrix value="0.9972665315667513 -0.006313475782346696 -0.07351518910917257 0.07211371500971375 -0.01709245745327795 0.9470448852057578 -0.30926459303834664 0.3436596335348807 0.0717351297012377 0.30966964455188845 0.9443417832056247 -0.013277148353708634 0.0 0.0 0.0 1.0" />
		</transform>
	</shape>
	<shape type="ply" name="temp6">
		<string name="filename" value="meshes/Cube_002.ply" />
		<boolean name="face_normals" value="true" />
		<ref id="mat-Material" name="bsdf" />
		<transform name="to_world">
			<matrix value="0.99959709375615 -0.021359570775703295 -0.01643889582577853 0.00038720060861985317 0.006632007421630524 0.8000927156185665 -0.594123046606285 0.3832397740440536 0.026089522310102177 0.5937544715209742 0.79993000334263 0.10940222438372588 0.0 0.0 0.0 1.0" />
		</transform>
	</shape>
	<shape type="ply" name="temp7">
		<string name="filename" value="meshes/Cube_003.ply" />
		<boolean name="face_normals" value="true" />
		<ref id="mat-Material" name="bsdf" />
		<transform name="to_world">
			<matrix value="0.9969826355830482 -0.06779473450376808 0.03725595137064376 -0.02424058095543824 0.07441128704831507 0.7029734701922937 -0.704027963676439 0.05975948773624065 0.02186247732821301 0.7046843810163468 0.7059101432981214 0.13556240399242786 0.0 0.0 0.0 1.0" />
		</transform>
	</shape>
	<shape type="ply" name="temp8">
		<string name="filename" value="meshes/Cube_004.ply" />
		<boolean name="face_normals" value="true" />
		<ref id="mat-Material" name="bsdf" />
		<transform name="to_world">
			<matrix value="0.988883510895755 -0.11223138022164143 0.09730949018510227 0.01930535846085424 0.1433497864463935 0.553307413286388 -0.8191284955186537 -0.3444555960310527 0.03840350949511282 0.8239681867578319 0.5633060785276921 -0.04129407048833078 0.0 0.0 0.0 1.0" />
		</transform>
	</shape>
	<shape type="ply" name="temp9">
		<string name="filename" value="meshes/Cube_005.ply" />
		<boolean name="face_normals" value="true" />
		<ref id="mat-Material" name="bsdf" />
		<transform name="to_world">
			<matrix value="0.9888941486843715 -0.12818164752212557 0.07494276869047861 0.058724563427522636 0.12201751866488661 0.41524238511710954 -0.9009969263879125 -0.5927932185822167 0.08453832883886765 0.9001355796446979 0.42631309332273026 -0.42545818565010574 0.0 0.0 0.0 1.0" />
		</transform>
	</shape>
	<shape type="ply" name="temp10">
		<string name="filename" value="meshes/Cube_006.ply" />
		<boolean name="face_normals" value="true" />
		<ref id="mat-Material" name="bsdf" />
		<transform name="to_world">
			<matrix value="0.9896631721531062 -0.11764192581499011 -0.08187178768295225 0.00748851515599025 -0.036017207509569577 0.348703545720585 -0.9363634408002266 -0.515762063523149 0.13879353293370708 0.9296449064813328 0.34086457337025516 -0.8503737215229761 0.0 0.0 0.0 1.0" />
		</transform>
	</shape>
	<shape type="ply" name="temp11">
		<string name="filename" value="meshes/Cube_007.ply" />
		<boolean name="face_normals" value="true" />
		<ref id="mat-Material" name="bsdf" />
		<transform name="to_world">
			<matrix value="0.93933424286426 0.009148949883505798 -0.34244806749181245 -0.03661100913198889 -0.32471131701141964 0.3446588920431436 -0.8805955365724851 -0.042783423552114425 0.10990267309898286 0.9383969897147196 0.32669598283959017 -0.9163135617713739 0.0 0.0 0.0 1.0" />
		</transform>
	</shape>
	<shape type="ply" name="temp12">
		<string name="filename" value="meshes/Cube_008.ply" />
		<boolean name="face_normals" value="true" />
		<ref id="mat-Material" name="bsdf" />
		<transform name="to_world">
			<matrix value="0.07523316702923796 0.9810422111579963 -0.17836747512293738 2.3564894213904433 -0.664227288764545 -0.08420888234398433 -0.742647987022842 0.7170584747639519 -0.7436011485265777 0.1743278691260119 0.645294952817856 1.4238344697667777 0.0 0.0 0.0 1.0" />
		</transform>
	</shape>
	<shape type="ply" name="temp13">
		<string name="filename" value="meshes/Cube_009.ply" />
		<boolean name="face_normals" value="true" />
		<ref id="mat-Material" name="bsdf" />
		<transform name="to_world">
			<matrix value="-0.07992079723133821 0.9917624936642591 0.1000916504696466 2.5997050477506978 -0.781436438326534 -3.013142882172946e-06 -0.6239154773223595 0.7327480995997928 -0.6187753423151728 -0.1280902668415992 0.7749995153895725 1.0030919392326945 0.0 0.0 0.0 1.0" />
		</transform>
	</shape>
	<shape type="ply" name="temp14">
		<string name="filename" value="meshes/Cube_010.ply" />
		<boolean name="face_normals" value="true" />
		<ref id="mat-Material" name="bsdf" />
		<transform name="to_world">
			<matrix value="0.025075534947795054 0.9989885758505538 0.03666051881210401 1.8010166102367273 -0.9483045581151257 0.012158029548019181 0.31701145713608947 2.3259805856042757 0.3162735782152273 -0.0426798568278952 0.9476891410859339 -0.7686332648595857 0.0 0.0 0.0 1.0" />
		</transform>
	</shape>
	<shape type="ply" name="temp15">
		<string name="filename" value="meshes/Cube_011.ply" />
		<boolean name="face_normals" value="true" />
		<ref id="mat-Material" name="bsdf" />
		<transform name="to_world">
			<matrix value="0.01250126323739821 0.9975228555993351 -0.06891993573829334 1.2571761308041987 -0.8344553984117782 0.048381533635224 0.5489146853980023 2.255641229003662 0.5508969428768481 0.05064803941404564 0.8330312595001372 -1.3000856945378632 0.0 0.0 0.0 1.0" />
		</transform>
	</shape>
	<shape type="ply" name="temp16">
		<string name="filename" value="meshes/Cube_012.ply" />
		<boolean name="face_normals" value="true" />
		<ref id="mat-Material" name="bsdf" />
		<transform name="to_world">
			<matrix value="0.09961121098812645 0.9896174151010695 0.10357439195575058 1.0946987496604583 -0.7204462286379907 -2.8833618745867422e-05 0.6932155958509783 1.8571329644943058 0.6860214581926042 -0.1437263752469114 0.712961934205506 -1.8626156953164643 0.0 0.0 0.0 1.0" />
		</transform>
	</shape>
	<shape type="ply" name="temp17">
		<string name="filename" value="meshes/Cube_013.ply" />
		<boolean name="face_normals" value="true" />
		<ref id="mat-Material" name="bsdf" />
		<transform name="to_world">
			<matrix value="0.880981761511417 0.2849709963852381 0.37757038552768873 0.624239102200516 -0.42346492277851944 0.11912115188466137 0.8979794581913583 1.4953608939244656 0.21085801300292362 -0.9510427117597613 0.22565256930992894 -1.46238973545395 0.0 0.0 0.0 1.0" />
		</transform>
	</shape>
	<shape type="ply" name="temp18">
		<string name="filename" value="meshes/Cube_014.ply" />
		<boolean name="face_normals" value="true" />
		<ref id="mat-Material" name="bsdf" />
		<transform name="to_world">
			<matrix value="0.9440642912484687 0.2843279317012325 0.1669874748298072 0.10316075898849952 -0.21576119139686578 0.1497688367057901 0.9647879699361874 1.0222530292595684 0.24936202078978492 -0.9468505891457023 0.20275024691492272 -0.8402047055117436 0.0 0.0 0.0 1.0" />
		</transform>
	</shape>
	<shape type="ply" name="temp19">
		<string name="filename" value="meshes/Cube_015.ply" />
		<boolean name="face_normals" value="true" />
		<ref id="mat-Material" name="bsdf" />
		<transform name="to_world">
			<matrix value="0.9833090880401115 0.1293394455418284 0.12796093425325789 0.03521934689100176 -0.1499982491972902 0.17824040565429694 0.9724863020725725 0.6389483817430828 0.10297381596980286 -0.9754485078938642 0.19466578664564954 -0.31293184431090915 0.0 0.0 0.0 1.0" />
		</transform>
	</shape>
	<shape type="ply" name="temp20">
		<string name="filename" value="meshes/Cube_016.ply" />
		<boolean name="face_normals" value="true" />
		<ref id="mat-Material" name="bsdf" />
		<transform name="to_world">
			<matrix value="0.9844526503163855 0.045462357876030146 0.16966325721561287 0.06980839727588561 -0.17510405086990516 0.1779717389445229 0.9683298811735233 0.3374901375855473 0.013828305205247266 -0.9829840245461732 0.1831652010944158 0.08975976663116736 0.0 0.0 0.0 1.0" />
		</transform>
	</shape>
	<shape type="ply" name="temp21">
		<string name="filename" value="meshes/Cube_017.ply" />
		<boolean name="face_normals" value="true" />
		<ref id="mat-Material" name="bsdf" />
		<transform name="to_world">
			<matrix value="0.9578198384119909 -0.03522964063050793 0.2851717246599571 0.20169203532994667 -0.27882271150139976 0.12591326448668505 0.9520486255739088 0.17763825160307883 -0.06944505759476054 -0.9914113423844914 0.11077199150300623 0.3185290517189915 0.0 0.0 0.0 1.0" />
		</transform>
	</shape>
	<shape type="ply" name="temp22">
		<string name="filename" value="meshes/Cube_018.ply" />
		<boolean name="face_normals" value="true" />
		<ref id="mat-Material" name="bsdf" />
		<transform name="to_world">
			<matrix value="0.1376332604644813 0.9675245034134783 0.21193375635489747 0.8622648937881443 -0.6457514445230459 -0.07460898830469127 0.7598788426651967 0.07497777636719843 0.7510088169537983 -0.24145566649910416 0.6145278641540048 -0.19219022037879188 0.0 0.0 0.0 1.0" />
		</transform>
	</shape>
	<shape type="ply" name="temp23">
		<string name="filename" value="meshes/Cube_019.ply" />
		<boolean name="face_normals" value="true" />
		<ref id="mat-Material" name="bsdf" />
		<transform name="to_world">
			<matrix value="-0.07669098731089115 0.9864900098660265 -0.144754694929462 0.48399542739682133 -0.9085460447815441 -0.009339595722357917 0.41766421556228284 -0.051780028135527324 0.41066925874115956 0.1635485051822712 0.8969878979774488 -0.047886615567989455 0.0 0.0 0.0 1.0" />
		</transform>
	</shape>
	<shape type="ply" name="temp24">
		<string name="filename" value="meshes/Cube_020.ply" />
		<boolean name="face_normals" value="true" />
		<ref id="mat-Material" name="bsdf" />
		<transform name="to_world">
			<matrix value="0.10324114035237558 0.9575975979667518 -0.2689423577611576 0.09394975573173689 -0.9521498112961717 0.01696221808878199 -0.3051364930688165 0.16936529408014972 -0.28763113264758033 0.28757228264452156 0.9135414807628638 0.10428698528048191 0.0 0.0 0.0 1.0" />
		</transform>
	</shape>
	<shape type="ply" name="temp25">
		<string name="filename" value="meshes/Cube_021.ply" />
		<boolean name="face_normals" value="true" />
		<ref id="mat-Material" name="bsdf" />
		<transform name="to_world">
			<matrix value="0.19021722364354898 0.9348015218293657 -0.29989631700802943 -0.1604803538722706 -0.8007508949039674 -0.028999265784077945 -0.5982755669823805 0.0950379595465696 -0.5679670476767956 0.3539598642534881 0.7430457221664591 0.2859488524405973 0.0 0.0 0.0 1.0" />
		</transform>
	</shape>
	<shape type="ply" name="temp26">
		<string name="filename" value="meshes/Cube_022.ply" />
		<boolean name="face_normals" value="true" />
		<ref id="mat-Material" name="bsdf" />
		<transform name="to_world">
			<matrix value="0.6345004317169213 0.398539077182363 -0.6622416612729132 -0.08188009037053412 -0.7156102456088096 -0.02084659684662605 -0.6981783612224665 -0.19892494047926035 -0.29205594324385176 0.9169142907203034 0.2719718821938054 0.674261394098097 0.0 0.0 0.0 1.0" />
		</transform>
	</shape>
	<shape type="ply" name="temp27">
		<string name="filename" value="meshes/Cube_023.ply" />
		<boolean name="face_normals" value="true" />
		<ref id="mat-Material" name="bsdf" />
		<transform name="to_world">
			<matrix value="0.8600226584897532 0.2678310177025299 -0.43431259311021075 -0.0611514019326882 -0.4802826371787166 0.13748720858198293 -0.8662672609960469 -0.2871847767870865 -0.172302256806855 0.9536020382835201 0.24687757227669033 0.21053312385254336 0.0 0.0 0.0 1.0" />
		</transform>
	</shape>
	<shape type="ply" name="temp28">
		<string name="filename" value="meshes/Cube_024.ply" />
		<boolean name="face_normals" value="true" />
		<ref id="mat-Material" name="bsdf" />
		<transform name="to_world">
			<matrix value="0.8584037200346792 0.4334541730371718 -0.27433370794113376 -0.1887123683666807 -0.3805752428518493 0.17954556831858298 -0.9071526607949219 -0.5141710444246173 -0.34395370257097624 0.8831076106069171 0.31908452598717507 -0.32942409962770103 0.0 0.0 0.0 1.0" />
		</transform>
	</shape>
	<shape type="ply" name="temp29">
		<string name="filename" value="meshes/Cube_025.ply" />
		<boolean name="face_normals" value="true" />
		<ref id="mat-Material" name="bsdf" />
		<transform name="to_world">
			<matrix value="0.8991320450971318 0.3673336489905574 -0.23796605930402376 -0.26777198512312617 -0.3213263726736486 0.1848554095235314 -0.9287506837734936 -0.7931292023961962 -0.297172165516899 0.9115341775425878 0.2842434001969646 -0.7080186475546347 0.0 0.0 0.0 1.0" />
		</transform>
	</shape>
	<shape type="ply" name="temp30">
		<string name="filename" value="meshes/Cube_026.ply" />
		<boolean name="face_normals" value="true" />
		<ref id="mat-Material" name="bsdf" />
		<transform name="to_world">
			<matrix value="0.9233946247254121 0.23835662869741336 -0.3008800761760313 -0.3254916615291295 -0.3488361594391758 0.19399883818673697 -0.9168849383551896 -1.1451293289114641 -0.16017526643228072 0.951604115780845 0.2622848743393341 -0.8766105473143445 0.0 0.0 0.0 1.0" />
		</transform>
	</shape>
	<shape type="ply" name="temp31">
		<string name="filename" value="meshes/Cube_027.ply" />
		<boolean name="face_normals" value="true" />
		<ref id="mat-Material" name="bsdf" />
		<transform name="to_world">
			<matrix value="0.873981653360566 0.17444589642132313 -0.45356829295622286 -0.5768139038350365 -0.48182932731943684 0.18965764053873094 -0.8554941347954542 -1.5819284824511282 -0.06321470426061164 0.966228779178304 0.24981088373557575 -1.0127911485427947 0.0 0.0 0.0 1.0" />
		</transform>
	</shape>
	<shape type="ply" name="temp32">
		<string name="filename" value="meshes/Cube_028.ply" />
		<boolean name="face_normals" value="true" />
		<ref id="mat-Material" name="bsdf" />
		<transform name="to_world">
			<matrix value="-0.10474926288989711 0.984176916835446 0.14291006670603434 -1.4790474854667113 -0.8086556583284132 -0.0006455968946003842 -0.5882772264776008 -2.1163962364412074 -0.5788765431442111 -0.177187421129149 0.7959278303967516 -1.3107388742417219 0.0 0.0 0.0 1.0" />
		</transform>
	</shape>
	<shape type="ply" name="temp33">
		<string name="filename" value="meshes/Cube_029.ply" />
		<boolean name="face_normals" value="true" />
		<ref id="mat-Material" name="bsdf" />
		<transform name="to_world">
			<matrix value="-0.00853712898495994 0.9787692705606532 0.20478227753662825 -1.6078392389507754 -0.9990312963741098 -0.01718384912697138 0.04047836249900123 -1.832457290227606 0.04313715256539138 -0.20424003437465454 0.9779690189735619 -0.12810178260832095 0.0 0.0 0.0 1.0" />
		</transform>
	</shape>
	<shape type="ply" name="temp34">
		<string name="filename" value="meshes/Cube_030.ply" />
		<boolean name="face_normals" value="true" />
		<ref id="mat-Material" name="bsdf" />
		<transform name="to_world">
			<matrix value="-0.042577393402214 0.9801718224235773 -0.19351975524062776 -3.2161779602135896 -0.9726858944618096 0.003570234303287661 0.23209359118695988 -1.8931666809788843 0.2281826041554461 0.19811621066315227 0.9532475335404459 0.279941706675113 0.0 0.0 0.0 1.0" />
		</transform>
	</shape>
	<shape type="ply" name="temp35">
		<string name="filename" value="meshes/Cube_031.ply" />
		<boolean name="face_normals" value="true" />
		<ref id="mat-Material" name="bsdf" />
		<transform name="to_world">
			<matrix value="0.13695660846023328 0.9783217534411157 0.15532343372727825 -1.9002417716500908 -0.7472255317564584 -0.0009046781234942838 0.6645076287137115 -1.052554594876038 0.6502414778015946 -0.20708610141774592 0.7309041033974264 0.6511106977655203 0.0 0.0 0.0 1.0" />
		</transform>
	</shape>
	<shape type="ply" name="temp36">
		<string name="filename" value="meshes/Cube_032.ply" />
		<boolean name="face_normals" value="true" />
		<ref id="mat-Material" name="bsdf" />
		<transform name="to_world">
			<matrix value="0.6711888349316611 0.613436568541768 0.41598462673886494 -0.6958735189027105 -0.5285879488038693 0.002818158494690493 0.8487171534598111 -0.5564890477632112 0.5194560721383905 -0.7897387067370569 0.3261437633474713 -0.14869705571650105 0.0 0.0 0.0 1.0" />
		</transform>
	</shape>
	<shape type="ply" name="temp37">
		<string name="filename" value="meshes/Cube_033.ply" />
		<boolean name="face_normals" value="true" />
		<ref id="mat-Material" name="bsdf" />
		<transform name="to_world">
			<matrix value="0.9767608642848657 0.16880399980810268 0.1320743193823841 -0.14078848100071228 -0.15009893143413347 0.09885447715274404 0.9837166168424107 0.3004449255194108 0.15299914720394592 -0.9806797963385153 0.12189448636258977 -0.37610759442280917 0.0 0.0 0.0 1.0" />
		</transform>
	</shape>
	<shape type="ply" name="temp38">
		<string name="filename" value="meshes/Cube_034.ply" />
		<boolean name="face_normals" value="true" />
		<ref id="mat-Material" name="bsdf" />
		<transform name="to_world">
			<matrix value="0.9999246489972998 0.0023022539594470858 0.012061965362410589 -0.03435732062020769 -0.012279447615096441 0.18087909841622118 0.983428687329825 0.3693942302781327 8.234401899199862e-05 -0.9835025645411255 0.18089373746218265 -0.36022233379528934 0.0 0.0 0.0 1.0" />
		</transform>
	</shape>
	<shape type="ply" name="temp39">
		<string name="filename" value="meshes/Cube_035.ply" />
		<boolean name="face_normals" value="true" />
		<ref id="mat-Material" name="bsdf" />
		<transform name="to_world">
			<matrix value="0.9989087401844238 -0.04659605400658709 0.003230460389362021 0.007576327546761963 0.0065017144569320265 0.2072045458811947 0.9782760965079209 0.09131121257088498 -0.04625317139073129 -0.9771872646910975 0.20728138987216213 -0.14922301828546067 0.0 0.0 0.0 1.0" />
		</transform>
	</shape>
	<shape type="ply" name="temp40">
		<string name="filename" value="meshes/Cube_036.ply" />
		<boolean name="face_normals" value="true" />
		<ref id="mat-Material" name="bsdf" />
		<transform name="to_world">
			<matrix value="0.9992267657399381 -0.039194656910494494 0.0031888429914221587 0.002617773585829264 0.005069635407524817 0.20881017389653814 0.977943133684869 -0.24351099101190266 -0.038996025456228156 -0.9771703693815275 0.20884740255902673 0.20473215954323748 0.0 0.0 0.0 1.0" />
		</transform>
	</shape>
	<shape type="ply" name="temp41">
		<string name="filename" value="meshes/Cube_037.ply" />
		<boolean name="face_normals" value="true" />
		<ref id="mat-Material" name="bsdf" />
		<transform name="to_world">
			<matrix value="0.9988599836532649 -0.047626407160273915 0.003333185980243969 -0.006413074731829171 0.0066951338322456195 0.20885668814387295 0.977923512872435 -0.5700368763008132 -0.047271141275151723 -0.9767858446507574 0.20893744554042573 0.5163162056784358 0.0 0.0 0.0 1.0" />
		</transform>
	</shape>
	<shape type="ply" name="temp42">
		<string name="filename" value="meshes/Cube_038.ply" />
		<boolean name="face_normals" value="true" />
		<ref id="mat-Material" name="bsdf" />
		<transform name="to_world">
			<matrix value="0.9990625448781707 -0.04316090383648678 0.0034480859306482287 0.007150861209684889 0.005647205275633968 0.2088442773917814 0.9779327322903256 -0.903847711023911 -0.04292858098991715 -0.9769959931000392 0.20889210491603 0.8619330630298582 0.0 0.0 0.0 1.0" />
		</transform>
	</shape>
	<shape type="ply" name="temp43">
		<string name="filename" value="meshes/Cube_039.ply" />
		<boolean name="face_normals" value="true" />
		<ref id="mat-Material" name="bsdf" />
		<transform name="to_world">
			<matrix value="0.9999487273775567 -0.00883203807123292 -0.004947122337758506 0.021143064093159136 0.008283904640122634 0.4330130250244866 0.9013495814993647 -1.3192595541429823 -0.005818573596222762 -0.9013443959471956 0.4330639535666527 1.4725090048999687 0.0 0.0 0.0 1.0" />
		</transform>
	</shape>
	<shape type="ply" name="temp47">
		<string name="filename" value="meshes/Plane_001.ply" />
		<boolean name="face_normals" value="true" />
		<ref id="mat-Material.002" name="bsdf" />
	</shape>
	<shape type="ply" name="temp49">
		<string name="filename" value="meshes/Plane_002.ply" />
		<boolean name="face_normals" value="true" />
		<ref id="mat-Material.003" name="bsdf" />
	</shape>
	<shape type="ply" name="temp51">
		<string name="filename" value="meshes/Plane_003.ply" />
		<boolean name="face_normals" value="true" />
		<ref id="mat-Material.004" name="bsdf" />
	</shape>
	<shape type="ply" name="temp53">
		<string name="filename" value="meshes/Plane_004.ply" />
		<boolean name="face_normals" value="true" />
		<ref id="mat-Material.005" name="bsdf" />
	</shape>
	<emitter type="point">
		<transform name="to_world">
			<rotate x="1" angle="-142.5518126578256" />
			<rotate y="1" angle="3.976628485794621e-06" />
			<rotate z="1" angle="-179.999991348578" />
			<translate value="-0.000000 3.030926 4.073377" />
		</transform>
		<rgb name="intensity" value="100" />
	</emitter>
</scene>