<scene version="2.1.0">
	<default name="spp" value="1024" />
	<default name="resx" value="640" />
	<default name="resy" value="360" />
	<integrator type="path" name="temp0">
		<integer name="max_depth" value="12" />
	</integrator>
	<sensor type="perspective" name="temp44">
		<string name="fov_axis" value="x" />
		<float name="fov" value="83.974423" />
		<float name="principal_point_offset_x" value="0.000000" />
		<float name="principal_point_offset_y" value="-0.000000" />
		<float name="near_clip" value="0.100000" />
		<float name="far_clip" value="1000.000000" />
		<transform name="to_world">
			<rotate x="1" angle="-142.5518126578256" />
			<rotate y="1" angle="3.976628485794621e-06" />
			<rotate z="1" angle="-179.999991348578" />
			<translate value="-0.000000 3.030926 4.073377" />
		</transform>
		<sampler type="independent" name="sampler">
			<integer name="sample_count" value="$spp" />
		</sampler>
		<film type="hdrfilm" name="film">
			<integer name="width" value="$resx" />
			<integer name="height" value="$resy" />
		</film>
		<float name="shutter_open" value="0.0" />
		<float name="shutter_close" value="0.0015" />
	</sensor>
	<bsdf type="twosided" id="mat-Material" name="mat-Material">
		<bsdf type="diffuse" name="bsdf">
			<texture type="bitmap" name="reflectance">
				<string name="filename" value="textures/siggraph_2023_logo.jpg" />
			</texture>
		</bsdf>
	</bsdf>
	<bsdf type="twosided" id="mat-Material.001" name="mat-Material.001">
		<bsdf type="principled" name="bsdf">
			<rgb value="0.433648 0.266232 0.084399" name="base_color" />
			<float name="spec_tint" value="0.000000" />
			<float name="spec_trans" value="0.000000" />
			<float name="metallic" value="0.000000" />
			<float name="anisotropic" value="0.000000" />
			<float name="roughness" value="0.500000" />
			<float name="sheen" value="0.000000" />
			<float name="sheen_tint" value="0.500000" />
			<float name="clearcoat" value="0.000000" />
			<float name="clearcoat_gloss" value="0.173205" />
			<float name="specular" value="0.500000" />
		</bsdf>
	</bsdf>
	<bsdf type="twosided" id="mat-Material.002" name="mat-Material.002">
		<bsdf type="principled" name="bsdf">
			<rgb value="0.433648 0.266232 0.084399" name="base_color" />
			<float name="spec_tint" value="0.000000" />
			<float name="spec_trans" value="0.000000" />
			<float name="metallic" value="0.000000" />
			<float name="anisotropic" value="0.000000" />
			<float name="roughness" value="0.500000" />
			<float name="sheen" value="0.000000" />
			<float name="sheen_tint" value="0.500000" />
			<float name="clearcoat" value="0.000000" />
			<float name="clearcoat_gloss" value="0.173205" />
			<float name="specular" value="0.500000" />
		</bsdf>
	</bsdf>
	<bsdf type="twosided" id="mat-Material.003" name="mat-Material.003">
		<bsdf type="principled" name="bsdf">
			<rgb value="0.433648 0.266232 0.084399" name="base_color" />
			<float name="spec_tint" value="0.000000" />
			<float name="spec_trans" value="0.000000" />
			<float name="metallic" value="0.000000" />
			<float name="anisotropic" value="0.000000" />
			<float name="roughness" value="0.500000" />
			<float name="sheen" value="0.000000" />
			<float name="sheen_tint" value="0.500000" />
			<float name="clearcoat" value="0.000000" />
			<float name="clearcoat_gloss" value="0.173205" />
			<float name="specular" value="0.500000" />
		</bsdf>
	</bsdf>
	<bsdf type="twosided" id="mat-Material.004" name="mat-Material.004">
		<bsdf type="principled" name="bsdf">
			<rgb value="0.433648 0.266232 0.084399" name="base_color" />
			<float name="spec_tint" value="0.000000" />
			<float name="spec_trans" value="0.000000" />
			<float name="metallic" value="0.000000" />
			<float name="anisotropic" value="0.000000" />
			<float name="roughness" value="0.500000" />
			<float name="sheen" value="0.000000" />
			<float name="sheen_tint" value="0.500000" />
			<float name="clearcoat" value="0.000000" />
			<float name="clearcoat_gloss" value="0.173205" />
			<float name="specular" value="0.500000" />
		</bsdf>
	</bsdf>
	<bsdf type="twosided" id="mat-Material.005" name="mat-Material.005">
		<bsdf type="principled" name="bsdf">
			<rgb value="0.433648 0.266232 0.084399" name="base_color" />
			<float name="spec_tint" value="0.000000" />
			<float name="spec_trans" value="0.000000" />
			<float name="metallic" value="0.000000" />
			<float name="anisotropic" value="0.000000" />
			<float name="roughness" value="0.500000" />
			<float name="sheen" value="0.000000" />
			<float name="sheen_tint" value="0.500000" />
			<float name="clearcoat" value="0.000000" />
			<float name="clearcoat_gloss" value="0.173205" />
			<float name="specular" value="0.500000" />
		</bsdf>
	</bsdf>
	<emitter type="point" name="temp45">
		<point name="position" x="-6.815235034541981e-16" y="3.0693089962005615" z="4.109199523925781" />
		<rgb value="7.957747 7.957747 7.957747" name="intensity" />
	</emitter>
	<shape type="ply" name="temp2">
		<string name="filename" value="meshes/Cube.ply" />
		<boolean name="face_normals" value="true" />
		<ref id="mat-Material" name="bsdf" />
		<transform name="to_world">
			<matrix value="0.9999986702764229 0.0002019243966184351 0.001675903420214921 -0.002639439848711067 -0.0002022793235075626 1.0 0.00021161448082148324 -0.017617436721539204 -0.0016758594889960943 -0.00021195270147656662 0.9999985816280168 0.0038924210282476057 0.0 0.0 0.0 1.0" />
			<scale value="1" />
		</transform>
	</shape>
	<shape type="ply" name="temp4">
		<string name="filename" value="meshes/Plane.ply" />
		<boolean name="face_normals" value="true" />
		<ref id="mat-Material.001" name="bsdf" />
		<transform name="to_world">
			<scale value="1" />
		</transform>
	</shape>
	<shape type="ply" name="temp5">
		<string name="filename" value="meshes/Cube_001.ply" />
		<boolean name="face_normals" value="true" />
		<ref id="mat-Material" name="bsdf" />
		<transform name="to_world">
			<matrix value="0.9999982270352306 0.00013727209583186455 -0.001971168279907201 0.002581933023174443 -0.00014199009976472758 0.9999970798230373 -0.0023935500006855466 -0.014944021283294195 0.001970832070095935 0.002393815065192951 0.9999952720933893 -0.004453958863968821 0.0 0.0 0.0 1.0" />
			<scale value="1" />
		</transform>
	</shape>
	<shape type="ply" name="temp6">
		<string name="filename" value="meshes/Cube_002.ply" />
		<boolean name="face_normals" value="true" />
		<ref id="mat-Material" name="bsdf" />
		<transform name="to_world">
			<matrix value="1.0 3.413373993321138e-05 0.00027971004694338474 -0.0008317875120473772 -3.436870043455367e-05 0.9999995828318625 0.0008399504326270943 -0.01820434353167949 -0.0002796816464460035 -0.0008399597015579144 0.9999995272093389 0.0009364759612445761 0.0 0.0 0.0 1.0" />
			<scale value="1" />
		</transform>
	</shape>
	<shape type="ply" name="temp7">
		<string name="filename" value="meshes/Cube_003.ply" />
		<boolean name="face_normals" value="true" />
		<ref id="mat-Material" name="bsdf" />
		<transform name="to_world">
			<matrix value="0.9999986702764229 0.00010624417268257886 0.0016400020613672823 -0.0011839562057400776 -0.00010713228267441098 0.9999997914159312 0.0005415486068986777 -0.017717954547187054 -0.0016399436551796278 -0.0005417220283549183 0.9999985816280168 0.005137061854500857 0.0 0.0 0.0 1.0" />
			<scale value="1" />
		</transform>
	</shape>
	<shape type="ply" name="temp8">
		<string name="filename" value="meshes/Cube_004.ply" />
		<boolean name="face_normals" value="true" />
		<ref id="mat-Material" name="bsdf" />
		<transform name="to_world">
			<matrix value="0.9999991135176153 9.191236131766728e-05 0.0013243173730237941 -0.00042184239328291184 -9.143489584718462e-05 1.0 -0.0003606399883504381 -0.01758939578639379 -0.0013243514938114666 0.00036051670445514717 0.999999054418678 0.004135123850120638 0.0 0.0 0.0 1.0" />
			<scale value="1" />
		</transform>
	</shape>
	<shape type="ply" name="temp9">
		<string name="filename" value="meshes/Cube_005.ply" />
		<boolean name="face_normals" value="true" />
		<ref id="mat-Material" name="bsdf" />
		<transform name="to_world">
			<matrix value="0.9999960108292688 1.8041666753576696e-05 0.0028681845453243132 0.000647609363207291 -1.5070422160641248e-05 0.9999993742477937 -0.0010359528930296944 -0.01809789641122128 -0.0028681960260767657 0.0010359056615973786 0.9999955084887199 0.015159881541936038 0.0 0.0 0.0 1.0" />
			<scale value="1" />
		</transform>
	</shape>
	<shape type="ply" name="temp10">
		<string name="filename" value="meshes/Cube_006.ply" />
		<boolean name="face_normals" value="true" />
		<ref id="mat-Material" name="bsdf" />
		<transform name="to_world">
			<matrix value="0.9994530403686349 0.014253387926736931 0.02985044213018669 0.041505247890597285 -0.007610198625243118 0.9772751828760824 -0.21183775621116913 -0.13582634164976387 -0.032191508562533354 0.2114946508615565 0.9768490960951747 0.09652945576625893 0.0 0.0 0.0 1.0" />
			<scale value="1" />
		</transform>
	</shape>
	<shape type="ply" name="temp11">
		<string name="filename" value="meshes/Cube_007.ply" />
		<boolean name="face_normals" value="true" />
		<ref id="mat-Material" name="bsdf" />
		<transform name="to_world">
			<matrix value="0.995807381561521 0.09147116429541344 -0.0007777146339583783 0.15746592783260738 -0.08786392318098246 0.954102535756524 -0.286301221549231 -0.07906761548518898 -0.025446290691757665 0.2851692555426002 0.9581393512650224 0.16570772018020974 0.0 0.0 0.0 1.0" />
			<scale value="1" />
		</transform>
	</shape>
	<shape type="ply" name="temp12">
		<string name="filename" value="meshes/Cube_008.ply" />
		<boolean name="face_normals" value="true" />
		<ref id="mat-Material" name="bsdf" />
		<transform name="to_world">
			<matrix value="0.3088044987208059 0.9495274527922106 -0.05511424749929199 1.836817640636755 -0.9289661665133052 0.2886678361280122 -0.2317173506135168 2.021821921255121 -0.2041122588103052 0.1227546029289375 0.9712207596705783 0.6188622533747508 0.0 0.0 0.0 1.0" />
			<scale value="1" />
		</transform>
	</shape>
	<shape type="ply" name="temp13">
		<string name="filename" value="meshes/Cube_009.ply" />
		<boolean name="face_normals" value="true" />
		<ref id="mat-Material" name="bsdf" />
		<transform name="to_world">
			<matrix value="-0.009288841668927197 0.9986608902785223 0.050895181837652195 2.351253207704691 -0.9799783521001655 0.0010318215855309404 -0.1991013904300551 1.8439658008800461 -0.19888728731071384 -0.05172557428408733 0.9786565747924095 0.41800809909660663 0.0 0.0 0.0 1.0" />
			<scale value="1" />
		</transform>
	</shape>
	<shape type="ply" name="temp14">
		<string name="filename" value="meshes/Cube_010.ply" />
		<boolean name="face_normals" value="true" />
		<ref id="mat-Material" name="bsdf" />
		<transform name="to_world">
			<matrix value="0.16620636068840677 0.9860644983657438 0.0072187805688711795 1.4908758454363455 -0.9859018273947878 0.16631342259340917 -0.018385315878532513 1.7675098553668307 -0.01932968191239072 -0.004061242368430384 0.9998049738523125 -0.05672997180027228 0.0 0.0 0.0 1.0" />
			<scale value="1" />
		</transform>
	</shape>
	<shape type="ply" name="temp15">
		<string name="filename" value="meshes/Cube_011.ply" />
		<boolean name="face_normals" value="true" />
		<ref id="mat-Material" name="bsdf" />
		<transform name="to_world">
			<matrix value="0.16861267279757883 0.9812024037228085 -0.09387088370720832 0.9838437427611981 -0.8491229143285693 0.19295528166149725 0.4916899949458678 2.105309093621964 0.5005602568671358 -0.003197266297194753 0.86569577528449 -1.0140759346664427 0.0 0.0 0.0 1.0" />
			<scale value="1" />
		</transform>
	</shape>
	<shape type="ply" name="temp16">
		<string name="filename" value="meshes/Cube_012.ply" />
		<boolean name="face_normals" value="true" />
		<ref id="mat-Material" name="bsdf" />
		<transform name="to_world">
			<matrix value="0.11240330693388792 0.9891465365658303 0.09462961816007841 1.061110630015761 -0.6420197969246153 -0.0003904777200926948 0.7666879737657918 1.8977276019956781 0.7584038530070369 -0.14693233324225163 0.6350077372191683 -2.044576008977692 0.0 0.0 0.0 1.0" />
			<scale value="1" />
		</transform>
	</shape>
	<shape type="ply" name="temp17">
		<string name="filename" value="meshes/Cube_013.ply" />
		<boolean name="face_normals" value="true" />
		<ref id="mat-Material" name="bsdf" />
		<transform name="to_world">
			<matrix value="0.8382568564980045 0.37768817933223897 0.39329020221729366 0.6424777681407362 -0.4249720758048817 0.0006005823667199947 0.9052064180386659 1.5983273822064972 0.3416496462048803 -0.9259326315174701 0.16101039619384605 -1.6502948969853983 0.0 0.0 0.0 1.0" />
			<scale value="1" />
		</transform>
	</shape>
	<shape type="ply" name="temp18">
		<string name="filename" value="meshes/Cube_014.ply" />
		<boolean name="face_normals" value="true" />
		<ref id="mat-Material" name="bsdf" />
		<transform name="to_world">
			<matrix value="0.9465194042129189 0.2790683801152635 0.16193148695972437 0.09405573382126908 -0.2335417453419783 0.24629460831040648 0.9406366409925577 1.0188606943811063 0.2226191742593883 -0.9281486286640399 0.2982968662016613 -0.7334149591244375 0.0 0.0 0.0 1.0" />
			<scale value="1" />
		</transform>
	</shape>
	<shape type="ply" name="temp19">
		<string name="filename" value="meshes/Cube_015.ply" />
		<boolean name="face_normals" value="true" />
		<ref id="mat-Material" name="bsdf" />
		<transform name="to_world">
			<matrix value="0.9847064058990084 0.1244856421156265 0.12189030216523938 0.04003089079957445 -0.14820296723383808 0.2306893912056785 0.9616748798284338 0.6301550531124035 0.09159592537236694 -0.9650315066235872 0.2456102569097173 -0.307627161262113 0.0 0.0 0.0 1.0" />
			<scale value="1" />
		</transform>
	</shape>
	<shape type="ply" name="temp20">
		<string name="filename" value="meshes/Cube_016.ply" />
		<boolean name="face_normals" value="true" />
		<ref id="mat-Material" name="bsdf" />
		<transform name="to_world">
			<matrix value="0.9848544484572547 0.057684946279173095 0.16350701455864283 0.08848275224857927 -0.17249378132607127 0.23052523554355966 0.9576556864187573 0.32693248636867833 0.017549838039668315 -0.971354941252297 0.23698395490333557 -0.0006859277011979636 0.0 0.0 0.0 1.0" />
			<scale value="1" />
		</transform>
	</shape>
	<shape type="ply" name="temp21">
		<string name="filename" value="meshes/Cube_017.ply" />
		<boolean name="face_normals" value="true" />
		<ref id="mat-Material" name="bsdf" />
		<transform name="to_world">
			<matrix value="0.9578632760488417 0.05971816120628339 0.28094828568470254 0.17861916224632546 -0.28707260468027235 0.23091966801759617 0.929658914633391 0.11658400678580465 -0.00935898458761726 -0.9711384309889179 0.23833282665934155 0.1732354126146599 0.0 0.0 0.0 1.0" />
			<scale value="1" />
		</transform>
	</shape>
	<shape type="ply" name="temp22">
		<string name="filename" value="meshes/Cube_018.ply" />
		<boolean name="face_normals" value="true" />
		<ref id="mat-Material" name="bsdf" />
		<transform name="to_world">
			<matrix value="0.20366821978380467 0.9760833335071535 0.07603015175161848 0.866181457743237 -0.3417257063934882 -0.0018997816124800022 0.9397979103598363 -0.1454948778339921 0.9174658305364815 -0.21738840230860848 0.3331658866408744 -0.18507789294102622 0.0 0.0 0.0 1.0" />
			<scale value="1" />
		</transform>
	</shape>
	<shape type="ply" name="temp23">
		<string name="filename" value="meshes/Cube_019.ply" />
		<boolean name="face_normals" value="true" />
		<ref id="mat-Material" name="bsdf" />
		<transform name="to_world">
			<matrix value="-0.057803128219039164 0.9875767328642974 -0.14612044531206783 0.4682963375833111 -0.9484709951828547 -0.008648825775984881 0.31674704895889133 0.03896310613592838 0.31154816170147887 0.1568999192779654 0.93718739672479 -0.04926648795262578 0.0 0.0 0.0 1.0" />
			<scale value="1" />
		</transform>
	</shape>
	<shape type="ply" name="temp24">
		<string name="filename" value="meshes/Cube_020.ply" />
		<boolean name="face_normals" value="true" />
		<ref id="mat-Material" name="bsdf" />
		<transform name="to_world">
			<matrix value="0.06887193051377186 0.9864498273675116 -0.14890645879428754 -0.023613591690887448 -0.925039943134979 0.007252907134769362 -0.37980006703219155 0.24110400499059348 -0.3735737109156038 0.16390201074803668 0.9130053360850092 0.09941617781052814 0.0 0.0 0.0 1.0" />
			<scale value="1" />
		</transform>
	</shape>
	<shape type="ply" name="temp25">
		<string name="filename" value="meshes/Cube_021.ply" />
		<boolean name="face_normals" value="true" />
		<ref id="mat-Material" name="bsdf" />
		<transform name="to_world">
			<matrix value="0.24586429373061927 0.9188710178693972 -0.308588100520968 -0.11873193788014604 -0.7389313809445293 -0.028360424927464892 -0.6731834555418393 0.18810276261476308 -0.6273205892625707 0.3935372312133544 0.6720099891210869 0.21252048342855834 0.0 0.0 0.0 1.0" />
			<scale value="1" />
		</transform>
	</shape>
	<shape type="ply" name="temp26">
		<string name="filename" value="meshes/Cube_022.ply" />
		<boolean name="face_normals" value="true" />
		<ref id="mat-Material" name="bsdf" />
		<transform name="to_world">
			<matrix value="0.6657682167697645 0.3935451574079675 -0.6339361571858743 -0.06760553653744572 -0.6834229567024274 -0.019372070176024096 -0.7297658598809229 -0.15436976777927605 -0.29947644350359115 0.9191010860972461 0.25606034889114043 0.6647946316306441 0.0 0.0 0.0 1.0" />
			<scale value="1" />
		</transform>
	</shape>
	<shape type="ply" name="temp27">
		<string name="filename" value="meshes/Cube_023.ply" />
		<boolean name="face_normals" value="true" />
		<ref id="mat-Material" name="bsdf" />
		<transform name="to_world">
			<matrix value="0.8498125976238726 0.3187202115876793 -0.41980501167556533 -0.08062724131394938 -0.47960292681024136 0.1372067255847133 -0.8666924179980058 -0.2866117579752063 -0.2186323970306386 0.9378655175075038 0.2694592362255987 0.14775101863817997 0.0 0.0 0.0 1.0" />
			<scale value="1" />
		</transform>
	</shape>
	<shape type="ply" name="temp28">
		<string name="filename" value="meshes/Cube_024.ply" />
		<boolean name="face_normals" value="true" />
		<ref id="mat-Material" name="bsdf" />
		<transform name="to_world">
			<matrix value="0.8658073992911687 0.4126178760718614 -0.2830621327303046 -0.17876593204341884 -0.38240545222125893 0.18078876065603863 -0.9061356880829804 -0.515121827758203 -0.32271331868864434 0.8927831998047653 0.3143154865890565 -0.30430482825109306 0.0 0.0 0.0 1.0" />
			<scale value="1" />
		</transform>
	</shape>
	<shape type="ply" name="temp29">
		<string name="filename" value="meshes/Cube_025.ply" />
		<boolean name="face_normals" value="true" />
		<ref id="mat-Material" name="bsdf" />
		<transform name="to_world">
			<matrix value="0.8943942399920571 0.37841884932512626 -0.23845055153394568 -0.2763834089907309 -0.3251994585365594 0.18414287591542336 -0.9275434128204753 -0.796229275075006 -0.3070908839470451 0.9071331579836596 0.28775788957595877 -0.7192678449904012 0.0 0.0 0.0 1.0" />
			<scale value="1" />
		</transform>
	</shape>
	<shape type="ply" name="temp30">
		<string name="filename" value="meshes/Cube_026.ply" />
		<boolean name="face_normals" value="true" />
		<ref id="mat-Material" name="bsdf" />
		<transform name="to_world">
			<matrix value="0.9233268088229819 0.2434899869217789 -0.2969524859569354 -0.31275589397515424 -0.3488870656901177 0.20878639531269882 -0.9136116904110017 -1.1428253177892878 -0.16045566081056403 0.9471646124612295 0.27772858128287964 -0.8473172208285031 0.0 0.0 0.0 1.0" />
			<scale value="1" />
		</transform>
	</shape>
	<shape type="ply" name="temp31">
		<string name="filename" value="meshes/Cube_027.ply" />
		<boolean name="face_normals" value="true" />
		<ref id="mat-Material" name="bsdf" />
		<transform name="to_world">
			<matrix value="0.8730034200490402 0.19235992015401848 -0.44817765203647486 -0.5538397739087456 -0.4824090867990362 0.2053984060005465 -0.8515241116145281 -1.5824103480992968 -0.0717441274974425 0.9595878795969323 0.2721097006715046 -0.9831463425020273 0.0 0.0 0.0 1.0" />
			<scale value="1" />
		</transform>
	</shape>
	<shape type="ply" name="temp32">
		<string name="filename" value="meshes/Cube_028.ply" />
		<boolean name="face_normals" value="true" />
		<ref id="mat-Material" name="bsdf" />
		<transform name="to_world">
			<matrix value="-0.1123957718336179 0.9809245697432123 0.1586010549850811 -1.464277400774212 -0.8194532353947594 -0.0012249433172793129 -0.5731452067773596 -2.110213545909698 -0.5620178643930167 -0.19438516716970194 0.803959243553854 -1.2522128806442159 0.0 0.0 0.0 1.0" />
			<scale value="1" />
		</transform>
	</shape>
	<shape type="ply" name="temp33">
		<string name="filename" value="meshes/Cube_029.ply" />
		<boolean name="face_normals" value="true" />
		<ref id="mat-Material" name="bsdf" />
		<transform name="to_world">
			<matrix value="0.005135179698844204 0.9806379752327278 0.19576147900265756 -1.594129341794406 -0.9970963269488873 -0.009853388343905069 0.07551471537293018 -1.7773155292238116 0.07598155762046853 -0.19558075019346172 0.9777398337006129 -0.05505834585312708 0.0 0.0 0.0 1.0" />
			<scale value="1" />
		</transform>
	</shape>
	<shape type="ply" name="temp34">
		<string name="filename" value="meshes/Cube_030.ply" />
		<boolean name="face_normals" value="true" />
		<ref id="mat-Material" name="bsdf" />
		<transform name="to_world">
			<matrix value="-0.03875052084669927 0.9814606047015922 -0.18770549253954089 -3.2019499845188135 -0.9753680910317792 0.0036709593748427342 0.2205526454479953 -1.918989935991518 0.21715274104348853 0.19162845185430608 0.957143280540392 0.2625686046883995 0.0 0.0 0.0 1.0" />
			<scale value="1" />
		</transform>
	</shape>
	<shape type="ply" name="temp35">
		<string name="filename" value="meshes/Cube_031.ply" />
		<boolean name="face_normals" value="true" />
		<ref id="mat-Material" name="bsdf" />
		<transform name="to_world">
			<matrix value="0.1347615894274565 0.9807070165594893 0.14160815488243825 -1.9231102867508794 -0.7169368664975259 -0.0021458899552170003 0.6971350304311709 -0.9206603022424468 0.6839894189462561 -0.19547107669010458 0.702815846619145 0.6995890513279894 0.0 0.0 0.0 1.0" />
			<scale value="1" />
		</transform>
	</shape>
	<shape type="ply" name="temp36">
		<string name="filename" value="meshes/Cube_032.ply" />
		<boolean name="face_normals" value="true" />
		<ref id="mat-Material" name="bsdf" />
		<transform name="to_world">
			<matrix value="0.7727302948263115 0.5998001764621221 0.20767202133609694 -0.6180156441310216 -0.254691353428116 -0.006687267819858455 0.9669994482532986 0.36406834573070634 0.5813954828403606 -0.8001218130961594 0.14759645047683304 -0.15483378196179975 0.0 0.0 0.0 1.0" />
			<scale value="1" />
		</transform>
	</shape>
	<shape type="ply" name="temp37">
		<string name="filename" value="meshes/Cube_033.ply" />
		<boolean name="face_normals" value="true" />
		<ref id="mat-Material" name="bsdf" />
		<transform name="to_world">
			<matrix value="0.9772723646208425 0.16536459452299954 0.13264047437923768 -0.13657085107309896 -0.15007322344497692 0.09776443766777981 0.9838293774150737 0.30061717986105063 0.1497230185788978 -0.981374902747678 0.12035928780705982 -0.3813324112524201 0.0 0.0 0.0 1.0" />
			<scale value="1" />
		</transform>
	</shape>
	<shape type="ply" name="temp38">
		<string name="filename" value="meshes/Cube_034.ply" />
		<boolean name="face_normals" value="true" />
		<ref id="mat-Material" name="bsdf" />
		<transform name="to_world">
			<matrix value="0.9999250922384922 0.0018403080369527537 0.012122778061189513 -0.03558230736765333 -0.01225566329271471 0.18095516902610015 0.9834149764006542 0.369399522317109 -0.0003838942993863769 -0.9834895280368277 0.18096414781138112 -0.35594051522548154 0.0 0.0 0.0 1.0" />
			<scale value="1" />
		</transform>
	</shape>
	<shape type="ply" name="temp39">
		<string name="filename" value="meshes/Cube_035.ply" />
		<boolean name="face_normals" value="true" />
		<ref id="mat-Material" name="bsdf" />
		<transform name="to_world">
			<matrix value="0.9989326752088109 -0.046091051117697734 0.0031230423511690456 0.009503612842593157 0.006575921897355977 0.2087834751357361 0.9779398241502416 0.09150391786665395 -0.0457263127474394 -0.9768751186321891 0.2088637611158994 -0.14514403066540305 0.0 0.0 0.0 1.0" />
			<scale value="1" />
		</transform>
	</shape>
	<shape type="ply" name="temp40">
		<string name="filename" value="meshes/Cube_036.ply" />
		<boolean name="face_normals" value="true" />
		<ref id="mat-Material" name="bsdf" />
		<transform name="to_world">
			<matrix value="0.9995226292358346 -0.03074718985113355 0.0030830442612433165 0.004078167362430829 0.0034668375804704386 0.2107174666213344 0.9775410252276369 -0.24772047556002885 -0.030706295975192678 -0.9770632614622161 0.21072345954164834 0.22562770145262256 0.0 0.0 0.0 1.0" />
			<scale value="1" />
		</transform>
	</shape>
	<shape type="ply" name="temp41">
		<string name="filename" value="meshes/Cube_037.ply" />
		<boolean name="face_normals" value="true" />
		<ref id="mat-Material" name="bsdf" />
		<transform name="to_world">
			<matrix value="0.9988732808890354 -0.04734797871608163 0.0032479063647551584 -0.0050066778734629835 0.006814328037487567 0.21081112086821033 0.977503201974752 -0.5694335970988115 -0.04696747673426982 -0.9763795228848011 0.21089626452826601 0.5109174394555489 0.0 0.0 0.0 1.0" />
			<scale value="1" />
		</transform>
	</shape>
	<shape type="ply" name="temp42">
		<string name="filename" value="meshes/Cube_038.ply" />
		<boolean name="face_normals" value="true" />
		<ref id="mat-Material" name="bsdf" />
		<transform name="to_world">
			<matrix value="0.9992132468835712 -0.039520048057769444 0.0033285880910651545 0.006846006740399702 0.005080953571371583 0.21079693715153425 0.9775166765085923 -0.9049867993615585 -0.039333170220574545 -0.9767305698725343 0.21083198863789482 0.8612557612990999 0.0 0.0 0.0 1.0" />
			<scale value="1" />
		</transform>
	</shape>
	<shape type="ply" name="temp43">
		<string name="filename" value="meshes/Cube_039.ply" />
		<boolean name="face_normals" value="true" />
		<ref id="mat-Material" name="bsdf" />
		<transform name="to_world">
			<matrix value="0.9999632566856621 -0.005614292434019771 -0.0064888870630777674 0.021238509555284057 0.008280116578620118 0.433008554498002 0.9013517640212801 -1.319270689204798 -0.002250699933798112 -0.9013723981524178 0.43303908657934126 1.473758455269597 0.0 0.0 0.0 1.0" />
			<scale value="1" />
		</transform>
	</shape>
	<shape type="ply" name="temp47">
		<string name="filename" value="meshes/Plane_001.ply" />
		<boolean name="face_normals" value="true" />
		<ref id="mat-Material.002" name="bsdf" />
		<transform name="to_world">
			<scale value="1" />
		</transform>
	</shape>
	<shape type="ply" name="temp49">
		<string name="filename" value="meshes/Plane_002.ply" />
		<boolean name="face_normals" value="true" />
		<ref id="mat-Material.003" name="bsdf" />
		<transform name="to_world">
			<scale value="1" />
		</transform>
	</shape>
	<shape type="ply" name="temp51">
		<string name="filename" value="meshes/Plane_003.ply" />
		<boolean name="face_normals" value="true" />
		<ref id="mat-Material.004" name="bsdf" />
		<transform name="to_world">
			<scale value="1" />
		</transform>
	</shape>
	<shape type="ply" name="temp53">
		<string name="filename" value="meshes/Plane_004.ply" />
		<boolean name="face_normals" value="true" />
		<ref id="mat-Material.005" name="bsdf" />
		<transform name="to_world">
			<scale value="1" />
		</transform>
	</shape>
	<emitter type="point">
		<transform name="to_world">
			<rotate x="1" angle="-142.5518126578256" />
			<rotate y="1" angle="3.976628485794621e-06" />
			<rotate z="1" angle="-179.999991348578" />
			<translate value="-0.000000 3.030926 4.073377" />
		</transform>
		<rgb name="intensity" value="100" />
	</emitter>
</scene>