<scene version="2.1.0">
	<default name="spp" value="1024" />
	<default name="resx" value="1280" />
	<default name="resy" value="720" />
	<integrator type="path" name="temp0">
		<integer name="max_depth" value="12" />
	</integrator>
	<sensor type="perspective" name="temp44">
		<string name="fov_axis" value="x" />
		<float name="fov" value="83.974423" />
		<float name="principal_point_offset_x" value="0.000000" />
		<float name="principal_point_offset_y" value="-0.000000" />
		<float name="near_clip" value="0.100000" />
		<float name="far_clip" value="1000.000000" />
		<transform name="to_world">
			<rotate x="1" angle="-142.5518126578256" />
			<rotate y="1" angle="3.976628485794621e-06" />
			<rotate z="1" angle="-179.999991348578" />
			<translate value="-0.000000 3.030926 4.073377" />
		</transform>
		<sampler type="independent" name="sampler">
			<integer name="sample_count" value="$spp" />
		</sampler>
		<film type="hdrfilm" name="film">
			<integer name="width" value="$resx" />
			<integer name="height" value="$resy" />
		</film>
		<float name="shutter_open" value="0.0" />
		<float name="shutter_close" value="0.0015" />
	</sensor>
	<bsdf type="twosided" id="mat-Material" name="mat-Material">
		<bsdf type="diffuse" name="bsdf">
			<texture type="bitmap" name="reflectance">
				<string name="filename" value="textures/siggraph_2023_logo.jpg" />
			</texture>
		</bsdf>
	</bsdf>
	<bsdf type="twosided" id="mat-Material.001" name="mat-Material.001">
		<bsdf type="principled" name="bsdf">
			<rgb value="0.433648 0.266232 0.084399" name="base_color" />
			<float name="spec_tint" value="0.000000" />
			<float name="spec_trans" value="0.000000" />
			<float name="metallic" value="0.000000" />
			<float name="anisotropic" value="0.000000" />
			<float name="roughness" value="0.500000" />
			<float name="sheen" value="0.000000" />
			<float name="sheen_tint" value="0.500000" />
			<float name="clearcoat" value="0.000000" />
			<float name="clearcoat_gloss" value="0.173205" />
			<float name="specular" value="0.500000" />
		</bsdf>
	</bsdf>
	<bsdf type="twosided" id="mat-Material.002" name="mat-Material.002">
		<bsdf type="principled" name="bsdf">
			<rgb value="0.433648 0.266232 0.084399" name="base_color" />
			<float name="spec_tint" value="0.000000" />
			<float name="spec_trans" value="0.000000" />
			<float name="metallic" value="0.000000" />
			<float name="anisotropic" value="0.000000" />
			<float name="roughness" value="0.500000" />
			<float name="sheen" value="0.000000" />
			<float name="sheen_tint" value="0.500000" />
			<float name="clearcoat" value="0.000000" />
			<float name="clearcoat_gloss" value="0.173205" />
			<float name="specular" value="0.500000" />
		</bsdf>
	</bsdf>
	<bsdf type="twosided" id="mat-Material.003" name="mat-Material.003">
		<bsdf type="principled" name="bsdf">
			<rgb value="0.433648 0.266232 0.084399" name="base_color" />
			<float name="spec_tint" value="0.000000" />
			<float name="spec_trans" value="0.000000" />
			<float name="metallic" value="0.000000" />
			<float name="anisotropic" value="0.000000" />
			<float name="roughness" value="0.500000" />
			<float name="sheen" value="0.000000" />
			<float name="sheen_tint" value="0.500000" />
			<float name="clearcoat" value="0.000000" />
			<float name="clearcoat_gloss" value="0.173205" />
			<float name="specular" value="0.500000" />
		</bsdf>
	</bsdf>
	<bsdf type="twosided" id="mat-Material.004" name="mat-Material.004">
		<bsdf type="principled" name="bsdf">
			<rgb value="0.433648 0.266232 0.084399" name="base_color" />
			<float name="spec_tint" value="0.000000" />
			<float name="spec_trans" value="0.000000" />
			<float name="metallic" value="0.000000" />
			<float name="anisotropic" value="0.000000" />
			<float name="roughness" value="0.500000" />
			<float name="sheen" value="0.000000" />
			<float name="sheen_tint" value="0.500000" />
			<float name="clearcoat" value="0.000000" />
			<float name="clearcoat_gloss" value="0.173205" />
			<float name="specular" value="0.500000" />
		</bsdf>
	</bsdf>
	<bsdf type="twosided" id="mat-Material.005" name="mat-Material.005">
		<bsdf type="principled" name="bsdf">
			<rgb value="0.433648 0.266232 0.084399" name="base_color" />
			<float name="spec_tint" value="0.000000" />
			<float name="spec_trans" value="0.000000" />
			<float name="metallic" value="0.000000" />
			<float name="anisotropic" value="0.000000" />
			<float name="roughness" value="0.500000" />
			<float name="sheen" value="0.000000" />
			<float name="sheen_tint" value="0.500000" />
			<float name="clearcoat" value="0.000000" />
			<float name="clearcoat_gloss" value="0.173205" />
			<float name="specular" value="0.500000" />
		</bsdf>
	</bsdf>
	<emitter type="point" name="temp45">
		<point name="position" x="-6.815235034541981e-16" y="3.0693089962005615" z="4.109199523925781" />
		<rgb value="7.957747 7.957747 7.957747" name="intensity" />
	</emitter>
	<shape type="ply" name="temp2">
		<string name="filename" value="meshes/Cube.ply" />
		<boolean name="face_normals" value="true" />
		<ref id="mat-Material" name="bsdf" />
		<transform name="to_world">
			<matrix value="0.9468518351071846 -0.3203473759081229 -0.028992468917559966 0.31520796562297515 0.042494973644878704 0.2140550515932694 -0.975051073211161 1.2672080430770412 0.3186571742132912 0.9219694299188816 0.21629391456956426 1.4317098993654653 0.0 0.0 0.0 1.0" />
		</transform>
	</shape>
	<shape type="ply" name="temp4">
		<string name="filename" value="meshes/Plane.ply" />
		<boolean name="face_normals" value="true" />
		<ref id="mat-Material.001" name="bsdf" />
	</shape>
	<shape type="ply" name="temp5">
		<string name="filename" value="meshes/Cube_001.ply" />
		<boolean name="face_normals" value="true" />
		<ref id="mat-Material" name="bsdf" />
		<transform name="to_world">
			<matrix value="0.9983214456045544 -0.01968270191459317 -0.05446583874718039 0.0391683818602373 -0.054474852267710594 7.958890165886911e-05 -0.9985152009289391 1.1726997930319818 0.019657815583296545 0.9998059125240133 -0.0009927563742818902 1.0889697999176104 0.0 0.0 0.0 1.0" />
		</transform>
	</shape>
	<shape type="ply" name="temp6">
		<string name="filename" value="meshes/Cube_002.ply" />
		<boolean name="face_normals" value="true" />
		<ref id="mat-Material" name="bsdf" />
		<transform name="to_world">
			<matrix value="0.9997141094309315 -0.02318100091151238 0.005852569215370802 -0.042201379238539616 0.010785449987323302 0.21880301946297948 -0.9757093160090227 0.6549477541053872 0.021337298569040136 0.9754935620527176 0.2189905233839897 0.5437164776635961 0.0 0.0 0.0 1.0" />
		</transform>
	</shape>
	<shape type="ply" name="temp7">
		<string name="filename" value="meshes/Cube_003.ply" />
		<boolean name="face_normals" value="true" />
		<ref id="mat-Material" name="bsdf" />
		<transform name="to_world">
			<matrix value="0.9955593881143987 -0.050305210638621846 0.07956004228639674 -0.07965647615506488 0.088715854914747 0.21894600384211854 -0.9716954414942833 0.1366271089819304 0.03146204658642228 0.9744385438328992 0.22243687180895855 0.21191935039555665 0.0 0.0 0.0 1.0" />
		</transform>
	</shape>
	<shape type="ply" name="temp8">
		<string name="filename" value="meshes/Cube_004.ply" />
		<boolean name="face_normals" value="true" />
		<ref id="mat-Material" name="bsdf" />
		<transform name="to_world">
			<matrix value="0.9761937371792485 -0.17799010477177774 0.12394632691299376 0.05438472405748551 0.16218250633391665 0.21957874361472018 -0.9620198988133427 -0.37690685046984107 0.144014005535196 0.9592193115474227 0.2432186453507421 -0.3732605634638792 0.0 0.0 0.0 1.0" />
		</transform>
	</shape>
	<shape type="ply" name="temp9">
		<string name="filename" value="meshes/Cube_005.ply" />
		<boolean name="face_normals" value="true" />
		<ref id="mat-Material" name="bsdf" />
		<transform name="to_world">
			<matrix value="0.9713628514237794 -0.22270938190282905 0.08279045539669264 0.13061062820407332 0.13253538837679757 0.21867964198630438 -0.9667541880978734 -0.6344461576653022 0.19720062160144816 0.95004140393765 0.24193407312464038 -0.8146817274434943 0.0 0.0 0.0 1.0" />
		</transform>
	</shape>
	<shape type="ply" name="temp10">
		<string name="filename" value="meshes/Cube_006.ply" />
		<boolean name="face_normals" value="true" />
		<ref id="mat-Material" name="bsdf" />
		<transform name="to_world">
			<matrix value="0.9876424355571631 -0.1419342104988705 -0.06646452107960801 0.033562111960199426 -0.034102977339737287 0.2192952778652672 -0.9750624201870266 -0.5425526114724183 0.1529700927437871 0.9652794087893155 0.21174488830557026 -1.039086635280014 0.0 0.0 0.0 1.0" />
		</transform>
	</shape>
	<shape type="ply" name="temp11">
		<string name="filename" value="meshes/Cube_007.ply" />
		<boolean name="face_normals" value="true" />
		<ref id="mat-Material" name="bsdf" />
		<transform name="to_world">
			<matrix value="0.9222871866063149 -0.24933910137811494 -0.2953161574790045 0.17933885318695464 -0.24697454643128786 0.20753032290899687 -0.9465362410589375 -0.30051133902928717 0.29729715953314295 0.9459173840220432 0.1298204908418085 -1.8106601195617427 0.0 0.0 0.0 1.0" />
		</transform>
	</shape>
	<shape type="ply" name="temp12">
		<string name="filename" value="meshes/Cube_008.ply" />
		<boolean name="face_normals" value="true" />
		<ref id="mat-Material" name="bsdf" />
		<transform name="to_world">
			<matrix value="0.3187040691314423 0.8843416982497712 -0.34111562521127836 1.7479685476608333 -0.6014676602361234 -0.08946351134593042 -0.7938682360795064 0.4913437082238904 -0.7325666590429182 0.45818202297344934 0.5033925093884406 0.9542121922498151 0.0 0.0 0.0 1.0" />
		</transform>
	</shape>
	<shape type="ply" name="temp13">
		<string name="filename" value="meshes/Cube_009.ply" />
		<boolean name="face_normals" value="true" />
		<ref id="mat-Material" name="bsdf" />
		<transform name="to_world">
			<matrix value="-0.07217517955700703 0.990760977258079 0.11480945827173264 2.6144995006404903 -0.8458923508980953 0.00016501567509276778 -0.5332163806834757 0.982011117472755 -0.5283091500938786 -0.1356192235249456 0.8380647070754541 0.9095864548996276 0.0 0.0 0.0 1.0" />
		</transform>
	</shape>
	<shape type="ply" name="temp14">
		<string name="filename" value="meshes/Cube_010.ply" />
		<boolean name="face_normals" value="true" />
		<ref id="mat-Material" name="bsdf" />
		<transform name="to_world">
			<matrix value="0.014479187166571813 0.9938739901923771 0.10955715589941095 1.9464548550716265 -0.9918569944346636 0.0004105230662692445 0.12735253541083855 2.0538473111230457 0.12652674428706429 -0.11050936229592656 0.9857873217401911 -0.3831264253017087 0.0 0.0 0.0 1.0" />
		</transform>
	</shape>
	<shape type="ply" name="temp15">
		<string name="filename" value="meshes/Cube_011.ply" />
		<boolean name="face_normals" value="true" />
		<ref id="mat-Material" name="bsdf" />
		<transform name="to_world">
			<matrix value="0.05322154347220966 0.9801558331577751 0.19088857931607048 1.6624529942903137 -0.9372731713198128 -0.016894184258994666 0.3481626882120523 2.0647060296193027 0.3444843509264628 -0.19744930885668815 0.9177729574143267 -0.8853598940355221 0.0 0.0 0.0 1.0" />
		</transform>
	</shape>
	<shape type="ply" name="temp16">
		<string name="filename" value="meshes/Cube_012.ply" />
		<boolean name="face_normals" value="true" />
		<ref id="mat-Material" name="bsdf" />
		<transform name="to_world">
			<matrix value="0.09275887945080644 0.990505566065875 0.1014610767996422 1.0956754478042 -0.738272946153287 4.608414698502158e-05 0.6745021868932026 1.8463621352957988 0.6680934600648551 -0.13747201323257333 0.731267679415782 -1.835810274515918 0.0 0.0 0.0 1.0" />
		</transform>
	</shape>
	<shape type="ply" name="temp17">
		<string name="filename" value="meshes/Cube_013.ply" />
		<boolean name="face_normals" value="true" />
		<ref id="mat-Material" name="bsdf" />
		<transform name="to_world">
			<matrix value="0.8998571876878234 0.16846249554151554 0.40232487715716647 0.696647369602319 -0.42518148510620946 0.1330699820409117 0.8952658761922008 1.4763209134221933 0.09728443851092235 -0.9766804054039961 0.1913795487780489 -1.383644982619053 0.0 0.0 0.0 1.0" />
		</transform>
	</shape>
	<shape type="ply" name="temp18">
		<string name="filename" value="meshes/Cube_014.ply" />
		<boolean name="face_normals" value="true" />
		<ref id="mat-Material" name="bsdf" />
		<transform name="to_world">
			<matrix value="0.939464334154216 0.29809698324861345 0.16895297198573497 0.11163455394236943 -0.21607622507433155 0.1327280814645939 0.9673124356709207 1.0252621992485618 0.26592849278491987 -0.9452619085859462 0.1891051302041841 -0.8656918969941901 0.0 0.0 0.0 1.0" />
		</transform>
	</shape>
	<shape type="ply" name="temp19">
		<string name="filename" value="meshes/Cube_015.ply" />
		<boolean name="face_normals" value="true" />
		<ref id="mat-Material" name="bsdf" />
		<transform name="to_world">
			<matrix value="0.9830515649073537 0.1308967341992353 0.1283591894666023 0.014430481474132173 -0.1496868279355421 0.1688425670024175 0.9742105696134604 0.6398175499152847 0.10584850104693569 -0.9769126637645671 0.1855744595648151 -0.2957914338355187 0.0 0.0 0.0 1.0" />
		</transform>
	</shape>
	<shape type="ply" name="temp20">
		<string name="filename" value="meshes/Cube_016.ply" />
		<boolean name="face_normals" value="true" />
		<ref id="mat-Material" name="bsdf" />
		<transform name="to_world">
			<matrix value="0.9851177337255131 0.025657039816612888 0.16995664746033404 0.03247189734181166 -0.17184412271043764 0.16787623872863838 0.9707148736632436 0.3263720045703763 -0.0036260143574687025 -0.9854741011591017 0.16978685651418063 0.20086202359454877 0.0 0.0 0.0 1.0" />
		</transform>
	</shape>
	<shape type="ply" name="temp21">
		<string name="filename" value="meshes/Cube_017.ply" />
		<boolean name="face_normals" value="true" />
		<ref id="mat-Material" name="bsdf" />
		<transform name="to_world">
			<matrix value="0.9413638442840502 -0.15219677612463317 0.3011047699377004 0.2205088068559079 -0.283998239445984 0.12432522010833857 0.9507300124202107 0.16141008143690508 -0.182133036184438 -0.980495929481898 0.0738126217140458 0.46611695700510336 0.0 0.0 0.0 1.0" />
		</transform>
	</shape>
	<shape type="ply" name="temp22">
		<string name="filename" value="meshes/Cube_018.ply" />
		<boolean name="face_normals" value="true" />
		<ref id="mat-Material" name="bsdf" />
		<transform name="to_world">
			<matrix value="0.1985162279465345 0.9562050631696852 0.21507839341951046 0.8535758188622231 -0.6130519904188985 -0.05007283755681309 0.7884507642897431 0.030624408817922166 0.7646907860793899 -0.28837800856446183 0.5762657433380249 -0.15335334538595924 0.0 0.0 0.0 1.0" />
		</transform>
	</shape>
	<shape type="ply" name="temp23">
		<string name="filename" value="meshes/Cube_019.ply" />
		<boolean name="face_normals" value="true" />
		<ref id="mat-Material" name="bsdf" />
		<transform name="to_world">
			<matrix value="-0.08139572662301627 0.9835932986110387 -0.16099310387541776 0.5085992785276934 -0.9134620328459453 -0.009003625191115153 0.40682454407614577 -0.04647955083981513 0.39870048331019614 0.18017482473723623 0.8992080047241242 -0.05433106966197243 0.0 0.0 0.0 1.0" />
		</transform>
	</shape>
	<shape type="ply" name="temp24">
		<string name="filename" value="meshes/Cube_020.ply" />
		<boolean name="face_normals" value="true" />
		<ref id="mat-Material" name="bsdf" />
		<transform name="to_world">
			<matrix value="0.0991261282270918 0.9405387795111199 -0.32490056023313585 0.14178747392524668 -0.9613281014100474 0.006205299248387833 -0.2753350793374899 0.1407452431174557 -0.25694714913107614 0.3396290180457655 0.9047818518143412 0.11885025626366214 0.0 0.0 0.0 1.0" />
		</transform>
	</shape>
	<shape type="ply" name="temp25">
		<string name="filename" value="meshes/Cube_021.ply" />
		<boolean name="face_normals" value="true" />
		<ref id="mat-Material" name="bsdf" />
		<transform name="to_world">
			<matrix value="0.1887073446838538 0.9412706524301088 -0.2799982128513012 -0.17472247562065885 -0.7959051605685543 -0.020427038335666 -0.6050766606417377 0.09232770985906241 -0.5752605814969851 0.33703441428550573 0.7453073162936427 0.31334990458233036 0.0 0.0 0.0 1.0" />
		</transform>
	</shape>
	<shape type="ply" name="temp26">
		<string name="filename" value="meshes/Cube_022.ply" />
		<boolean name="face_normals" value="true" />
		<ref id="mat-Material" name="bsdf" />
		<transform name="to_world">
			<matrix value="0.6374533045403854 0.4014630086583247 -0.6576328979088942 -0.08664124931325606 -0.7116385829047192 -0.020391251566987817 -0.7022499161978553 -0.19535437347632428 -0.2953374350873274 0.9156481854228938 0.27269820684685975 0.6921934675760497 0.0 0.0 0.0 1.0" />
		</transform>
	</shape>
	<shape type="ply" name="temp27">
		<string name="filename" value="meshes/Cube_023.ply" />
		<boolean name="face_normals" value="true" />
		<ref id="mat-Material" name="bsdf" />
		<transform name="to_world">
			<matrix value="0.8560288337260451 0.2856940530596154 -0.4308059047771241 -0.06645616816063016 -0.4804164960188076 0.13203785592264033 -0.8670445288428307 -0.28708329308293246 -0.19082683541745343 0.9491812032380591 0.25028036486200894 0.207993189704604 0.0 0.0 0.0 1.0" />
		</transform>
	</shape>
	<shape type="ply" name="temp28">
		<string name="filename" value="meshes/Cube_024.ply" />
		<boolean name="face_normals" value="true" />
		<ref id="mat-Material" name="bsdf" />
		<transform name="to_world">
			<matrix value="0.8522249378132607 0.4515250624187826 -0.2642671673834961 -0.1959805919432081 -0.3753330957560542 0.17577374260308748 -0.9100706065573229 -0.5103713261271386 -0.3644688773764377 0.8747732169712341 0.319270805507633 -0.3543276871284481 0.0 0.0 0.0 1.0" />
		</transform>
	</shape>
	<shape type="ply" name="temp29">
		<string name="filename" value="meshes/Cube_025.ply" />
		<boolean name="face_normals" value="true" />
		<ref id="mat-Material" name="bsdf" />
		<transform name="to_world">
			<matrix value="0.9024304244300362 0.35619911852372543 -0.2423667947771761 -0.26037304206487627 -0.3212471654725749 0.18145985903888634 -0.929447577207897 -0.7933268974600298 -0.2870884727149587 0.9166211258116528 0.2781828149104937 -0.6949538997665371 0.0 0.0 0.0 1.0" />
		</transform>
	</shape>
	<shape type="ply" name="temp30">
		<string name="filename" value="meshes/Cube_026.ply" />
		<boolean name="face_normals" value="true" />
		<ref id="mat-Material" name="bsdf" />
		<transform name="to_world">
			<matrix value="0.9233288034083476 0.2321309157049203 -0.30590761386808485 -0.3338189173072148 -0.3507798607158877 0.1856858244181026 -0.9178639696165809 -1.1487515894656872 -0.1562618899449849 0.9547962863692397 0.2528759855912318 -0.8904311912105692 0.0 0.0 0.0 1.0" />
		</transform>
	</shape>
	<shape type="ply" name="temp31">
		<string name="filename" value="meshes/Cube_027.ply" />
		<boolean name="face_normals" value="true" />
		<ref id="mat-Material" name="bsdf" />
		<transform name="to_world">
			<matrix value="0.8721419807916997 0.17272997957961966 -0.45774788059766414 -0.6031689632499955 -0.4849765614057483 0.18177865892958828 -0.8554265257309226 -1.585119613980421 -0.0645489932219557 0.9680499266826998 0.2423067503632214 -1.0303841329870655 0.0 0.0 0.0 1.0" />
		</transform>
	</shape>
	<shape type="ply" name="temp32">
		<string name="filename" value="meshes/Cube_028.ply" />
		<boolean name="face_normals" value="true" />
		<ref id="mat-Material" name="bsdf" />
		<transform name="to_world">
			<matrix value="-0.10545656502259643 0.9846517584679918 0.13906731877106576 -1.486737858877963 -0.7969299342052774 -3.534759492139509e-05 -0.6040719804869839 -2.12213613517065 -0.5947957721882109 -0.17453021653112177 0.7847021253358587 -1.3615584407305894 0.0 0.0 0.0 1.0" />
		</transform>
	</shape>
	<shape type="ply" name="temp33">
		<string name="filename" value="meshes/Cube_029.ply" />
		<boolean name="face_normals" value="true" />
		<ref id="mat-Material" name="bsdf" />
		<transform name="to_world">
			<matrix value="0.001959090610910471 0.9762761694787276 0.21652029855784663 -1.5700208399976217 -0.9986638494256481 -0.009271899762839913 0.050842406580111306 -1.8218751816869263 0.05164378212390541 -0.21633056820386176 0.9749533237419867 -0.1235011517051049 0.0 0.0 0.0 1.0" />
		</transform>
	</shape>
	<shape type="ply" name="temp34">
		<string name="filename" value="meshes/Cube_030.ply" />
		<boolean name="face_normals" value="true" />
		<ref id="mat-Material" name="bsdf" />
		<transform name="to_world">
			<matrix value="-0.04240603825595621 0.978476627604967 -0.20195327902537827 -3.228514481849344 -0.9750212714318007 0.003579960685828468 0.22207924312189894 -1.915473563739904 0.21802225126406227 0.20632645875783223 0.9538841076221021 0.2471685457397652 0.0 0.0 0.0 1.0" />
		</transform>
	</shape>
	<shape type="ply" name="temp35">
		<string name="filename" value="meshes/Cube_031.ply" />
		<boolean name="face_normals" value="true" />
		<ref id="mat-Material" name="bsdf" />
		<transform name="to_world">
			<matrix value="0.14107720020495473 0.9760941798787293 0.16533498873103458 -1.8744175819012383 -0.7611532781232104 0.0001632942099148351 0.6485210398936032 -1.113095797621658 0.6329905305951666 -0.21734731124706158 0.7429796496715759 0.6183490795431104 0.0 0.0 0.0 1.0" />
		</transform>
	</shape>
	<shape type="ply" name="temp36">
		<string name="filename" value="meshes/Cube_032.ply" />
		<boolean name="face_normals" value="true" />
		<ref id="mat-Material" name="bsdf" />
		<transform name="to_world">
			<matrix value="0.7290260483983924 0.613034939917359 0.30437612671924413 -0.6544305347184154 -0.38352299623954167 -0.002423529951629355 0.9234697302871115 -0.07305396727856397 0.5668540690427941 -0.790051895716309 0.23334709548149235 -0.1164700326524597 0.0 0.0 0.0 1.0" />
		</transform>
	</shape>
	<shape type="ply" name="temp37">
		<string name="filename" value="meshes/Cube_033.ply" />
		<boolean name="face_normals" value="true" />
		<ref id="mat-Material" name="bsdf" />
		<transform name="to_world">
			<matrix value="0.9767280644366316 0.1696600288263183 0.13121488051870808 -0.1462705480070634 -0.14991870956532222 0.1025581375945668 0.9833581233236617 0.3007251624718529 0.15338193029766306 -0.9801447782021304 0.12560731142389892 -0.39056661145520477 0.0 0.0 0.0 1.0" />
		</transform>
	</shape>
	<shape type="ply" name="temp38">
		<string name="filename" value="meshes/Cube_034.ply" />
		<boolean name="face_normals" value="true" />
		<ref id="mat-Material" name="bsdf" />
		<transform name="to_world">
			<matrix value="0.9999153409322604 -0.0017056065311843614 0.012907787855048057 -0.03338248612269923 -0.01240180877865776 0.1770808659576199 0.9841182525089818 0.36929281180863494 -0.003964240630324435 -0.9841948550653599 0.17704471323118848 -0.3829605607752151 0.0 0.0 0.0 1.0" />
		</transform>
	</shape>
	<shape type="ply" name="temp39">
		<string name="filename" value="meshes/Cube_035.ply" />
		<boolean name="face_normals" value="true" />
		<ref id="mat-Material" name="bsdf" />
		<transform name="to_world">
			<matrix value="0.9986709412847257 -0.05138200503521942 0.004096045531631823 0.008214003580519602 0.006385352562909223 0.20217667904960757 0.9793282921241113 0.09097155249733216 -0.05114797252613793 -0.9780002210991129 0.2022360516117197 -0.16234255887677562 0.0 0.0 0.0 1.0" />
		</transform>
	</shape>
	<shape type="ply" name="temp40">
		<string name="filename" value="meshes/Cube_036.ply" />
		<boolean name="face_normals" value="true" />
		<ref id="mat-Material" name="bsdf" />
		<transform name="to_world">
			<matrix value="0.9986263955448942 -0.05222534171285066 0.004250506240600331 0.002808790993941379 0.006603194527921536 0.20590499412835847 0.9785497241030097 -0.23953032041617733 -0.05198029083714077 -0.977177356947831 0.2059670081948805 0.17615744848648388 0.0 0.0 0.0 1.0" />
		</transform>
	</shape>
	<shape type="ply" name="temp41">
		<string name="filename" value="meshes/Cube_037.ply" />
		<boolean name="face_normals" value="true" />
		<ref id="mat-Material" name="bsdf" />
		<transform name="to_world">
			<matrix value="0.9986740439730722 -0.05131810530575296 0.0041220371982236305 -0.00719515195612952 0.006543904369826267 0.2059469925306045 0.9785413320687759 -0.5708455448776542 -0.05106581777113507 -0.9772164664607246 0.20600973665087385 0.5199802962306324 0.0 0.0 0.0 1.0" />
		</transform>
	</shape>
	<shape type="ply" name="temp42">
		<string name="filename" value="meshes/Cube_038.ply" />
		<boolean name="face_normals" value="true" />
		<ref id="mat-Material" name="bsdf" />
		<transform name="to_world">
			<matrix value="0.9988841402982481 -0.047026811396199186 0.00437378640547189 0.010257477989304542 0.005416114831382186 0.20605115941454624 0.9785263209652872 -0.9049806275415175 -0.04691821047573964 -0.9774105539367115 0.20607595098295545 0.8708751478646599 0.0 0.0 0.0 1.0" />
		</transform>
	</shape>
	<shape type="ply" name="temp43">
		<string name="filename" value="meshes/Cube_039.ply" />
		<boolean name="face_normals" value="true" />
		<ref id="mat-Material" name="bsdf" />
		<transform name="to_world">
			<matrix value="0.9999177138952811 -0.01241444113815363 -0.0032332626187924177 0.022964707525568562 0.008290690795534116 0.4330211892661169 0.9013455969087468 -1.3192395753648638 -0.009789635395166058 -0.9012982944907425 0.4330884544581961 1.478621894193024 0.0 0.0 0.0 1.0" />
		</transform>
	</shape>
	<shape type="ply" name="temp47">
		<string name="filename" value="meshes/Plane_001.ply" />
		<boolean name="face_normals" value="true" />
		<ref id="mat-Material.002" name="bsdf" />
	</shape>
	<shape type="ply" name="temp49">
		<string name="filename" value="meshes/Plane_002.ply" />
		<boolean name="face_normals" value="true" />
		<ref id="mat-Material.003" name="bsdf" />
	</shape>
	<shape type="ply" name="temp51">
		<string name="filename" value="meshes/Plane_003.ply" />
		<boolean name="face_normals" value="true" />
		<ref id="mat-Material.004" name="bsdf" />
	</shape>
	<shape type="ply" name="temp53">
		<string name="filename" value="meshes/Plane_004.ply" />
		<boolean name="face_normals" value="true" />
		<ref id="mat-Material.005" name="bsdf" />
	</shape>
	<emitter type="point">
		<transform name="to_world">
			<rotate x="1" angle="-142.5518126578256" />
			<rotate y="1" angle="3.976628485794621e-06" />
			<rotate z="1" angle="-179.999991348578" />
			<translate value="-0.000000 3.030926 4.073377" />
		</transform>
		<rgb name="intensity" value="100" />
	</emitter>
</scene>