<scene version="2.1.0">
	<default name="spp" value="1024" />
	<default name="resx" value="1280" />
	<default name="resy" value="720" />
	<integrator type="path" name="temp0">
		<integer name="max_depth" value="12" />
	</integrator>
	<sensor type="perspective" name="temp44">
		<string name="fov_axis" value="x" />
		<float name="fov" value="83.974423" />
		<float name="principal_point_offset_x" value="0.000000" />
		<float name="principal_point_offset_y" value="-0.000000" />
		<float name="near_clip" value="0.100000" />
		<float name="far_clip" value="1000.000000" />
		<transform name="to_world">
			<rotate x="1" angle="-142.5518126578256" />
			<rotate y="1" angle="3.976628485794621e-06" />
			<rotate z="1" angle="-179.999991348578" />
			<translate value="-0.000000 3.030926 4.073377" />
		</transform>
		<sampler type="independent" name="sampler">
			<integer name="sample_count" value="$spp" />
		</sampler>
		<film type="hdrfilm" name="film">
			<integer name="width" value="$resx" />
			<integer name="height" value="$resy" />
		</film>
		<float name="shutter_open" value="0.0" />
		<float name="shutter_close" value="0.0015" />
	</sensor>
	<bsdf type="twosided" id="mat-Material" name="mat-Material">
		<bsdf type="diffuse" name="bsdf">
			<texture type="bitmap" name="reflectance">
				<string name="filename" value="textures/siggraph_2023_logo.jpg" />
			</texture>
		</bsdf>
	</bsdf>
	<bsdf type="twosided" id="mat-Material.001" name="mat-Material.001">
		<bsdf type="principled" name="bsdf">
			<rgb value="0.433648 0.266232 0.084399" name="base_color" />
			<float name="spec_tint" value="0.000000" />
			<float name="spec_trans" value="0.000000" />
			<float name="metallic" value="0.000000" />
			<float name="anisotropic" value="0.000000" />
			<float name="roughness" value="0.500000" />
			<float name="sheen" value="0.000000" />
			<float name="sheen_tint" value="0.500000" />
			<float name="clearcoat" value="0.000000" />
			<float name="clearcoat_gloss" value="0.173205" />
			<float name="specular" value="0.500000" />
		</bsdf>
	</bsdf>
	<bsdf type="twosided" id="mat-Material.002" name="mat-Material.002">
		<bsdf type="principled" name="bsdf">
			<rgb value="0.433648 0.266232 0.084399" name="base_color" />
			<float name="spec_tint" value="0.000000" />
			<float name="spec_trans" value="0.000000" />
			<float name="metallic" value="0.000000" />
			<float name="anisotropic" value="0.000000" />
			<float name="roughness" value="0.500000" />
			<float name="sheen" value="0.000000" />
			<float name="sheen_tint" value="0.500000" />
			<float name="clearcoat" value="0.000000" />
			<float name="clearcoat_gloss" value="0.173205" />
			<float name="specular" value="0.500000" />
		</bsdf>
	</bsdf>
	<bsdf type="twosided" id="mat-Material.003" name="mat-Material.003">
		<bsdf type="principled" name="bsdf">
			<rgb value="0.433648 0.266232 0.084399" name="base_color" />
			<float name="spec_tint" value="0.000000" />
			<float name="spec_trans" value="0.000000" />
			<float name="metallic" value="0.000000" />
			<float name="anisotropic" value="0.000000" />
			<float name="roughness" value="0.500000" />
			<float name="sheen" value="0.000000" />
			<float name="sheen_tint" value="0.500000" />
			<float name="clearcoat" value="0.000000" />
			<float name="clearcoat_gloss" value="0.173205" />
			<float name="specular" value="0.500000" />
		</bsdf>
	</bsdf>
	<bsdf type="twosided" id="mat-Material.004" name="mat-Material.004">
		<bsdf type="principled" name="bsdf">
			<rgb value="0.433648 0.266232 0.084399" name="base_color" />
			<float name="spec_tint" value="0.000000" />
			<float name="spec_trans" value="0.000000" />
			<float name="metallic" value="0.000000" />
			<float name="anisotropic" value="0.000000" />
			<float name="roughness" value="0.500000" />
			<float name="sheen" value="0.000000" />
			<float name="sheen_tint" value="0.500000" />
			<float name="clearcoat" value="0.000000" />
			<float name="clearcoat_gloss" value="0.173205" />
			<float name="specular" value="0.500000" />
		</bsdf>
	</bsdf>
	<bsdf type="twosided" id="mat-Material.005" name="mat-Material.005">
		<bsdf type="principled" name="bsdf">
			<rgb value="0.433648 0.266232 0.084399" name="base_color" />
			<float name="spec_tint" value="0.000000" />
			<float name="spec_trans" value="0.000000" />
			<float name="metallic" value="0.000000" />
			<float name="anisotropic" value="0.000000" />
			<float name="roughness" value="0.500000" />
			<float name="sheen" value="0.000000" />
			<float name="sheen_tint" value="0.500000" />
			<float name="clearcoat" value="0.000000" />
			<float name="clearcoat_gloss" value="0.173205" />
			<float name="specular" value="0.500000" />
		</bsdf>
	</bsdf>
	<emitter type="point" name="temp45">
		<point name="position" x="-6.815235034541981e-16" y="3.0693089962005615" z="4.109199523925781" />
		<rgb value="7.957747 7.957747 7.957747" name="intensity" />
	</emitter>
	<shape type="ply" name="temp2">
		<string name="filename" value="meshes/Cube.ply" />
		<boolean name="face_normals" value="true" />
		<ref id="mat-Material" name="bsdf" />
		<transform name="to_world">
			<matrix value="0.9886370687928059 -0.042934537975858486 -0.1436429986085771 0.22511959577052854 -0.07946569933708847 0.653347982887763 -0.7361993588013054 1.1935978130571405 0.12694857692982783 0.7392168293970043 0.6423940275192532 0.6849436176091228 0.0 0.0 0.0 1.0" />
		</transform>
	</shape>
	<shape type="ply" name="temp4">
		<string name="filename" value="meshes/Plane.ply" />
		<boolean name="face_normals" value="true" />
		<ref id="mat-Material.001" name="bsdf" />
	</shape>
	<shape type="ply" name="temp5">
		<string name="filename" value="meshes/Cube_001.ply" />
		<boolean name="face_normals" value="true" />
		<ref id="mat-Material" name="bsdf" />
		<transform name="to_world">
			<matrix value="0.9979664094094787 -0.020838388020599764 -0.06013723458123276 0.055763223062722966 -0.05189671771032238 0.27537059131497654 -0.9520148210416429 1.1100051850987125 0.036738768711426936 0.9531979066502859 0.27371671612844967 0.7416675646664789 0.0 0.0 0.0 1.0" />
		</transform>
	</shape>
	<shape type="ply" name="temp6">
		<string name="filename" value="meshes/Cube_002.ply" />
		<boolean name="face_normals" value="true" />
		<ref id="mat-Material" name="bsdf" />
		<transform name="to_world">
			<matrix value="0.9990660908077096 -0.04316314611522601 -0.0016167915858391632 -0.008440352609538682 0.009418132908530975 0.25428202234769715 -0.9650855916573251 0.652009202519158 0.04215130880259278 0.9641667170744834 0.2544514895506172 0.4265347219722612 0.0 0.0 0.0 1.0" />
		</transform>
	</shape>
	<shape type="ply" name="temp7">
		<string name="filename" value="meshes/Cube_003.ply" />
		<boolean name="face_normals" value="true" />
		<ref id="mat-Material" name="bsdf" />
		<transform name="to_world">
			<matrix value="0.9943482315562908 -0.07664960796624276 0.07337290275972637 -0.030154127489651295 0.0904694722061178 0.25300940922734205 -0.9610708897589287 0.14232076733657612 0.05487476663351223 0.9623058343049875 0.2585028800043119 0.20170404355821742 0.0 0.0 0.0 1.0" />
		</transform>
	</shape>
	<shape type="ply" name="temp8">
		<string name="filename" value="meshes/Cube_004.ply" />
		<boolean name="face_normals" value="true" />
		<ref id="mat-Material" name="bsdf" />
		<transform name="to_world">
			<matrix value="0.984739648988435 -0.12410593567684489 0.1216153980353657 0.02933611220116039 0.15012984750730018 0.25554322591949075 -0.9546786418237236 -0.3342080239205694 0.08716528641359368 0.9584875986341916 0.27027846424355145 -0.16663670175922346 0.0 0.0 0.0 1.0" />
		</transform>
	</shape>
	<shape type="ply" name="temp9">
		<string name="filename" value="meshes/Cube_005.ply" />
		<boolean name="face_normals" value="true" />
		<ref id="mat-Material" name="bsdf" />
		<transform name="to_world">
			<matrix value="0.9871375838390715 -0.13477579298448344 0.0854138880365524 0.06613162927264504 0.11667912174417183 0.2445953781942043 -0.9625253120300166 -0.5892430658137877 0.10882377971267333 0.9602095644138893 0.2571974104309912 -0.5462089673499402 0.0 0.0 0.0 1.0" />
		</transform>
	</shape>
	<shape type="ply" name="temp10">
		<string name="filename" value="meshes/Cube_006.ply" />
		<boolean name="face_normals" value="true" />
		<ref id="mat-Material" name="bsdf" />
		<transform name="to_world">
			<matrix value="0.9903495311394668 -0.12312067839882526 -0.06356973023983252 0.014394729207128032 -0.031907885172163745 0.24380348877713418 -0.9692969744707227 -0.5445959916996188 0.1348405528458744 0.9619767929365092 0.237519508524652 -0.9097422723344553 0.0 0.0 0.0 1.0" />
		</transform>
	</shape>
	<shape type="ply" name="temp11">
		<string name="filename" value="meshes/Cube_007.ply" />
		<boolean name="face_normals" value="true" />
		<ref id="mat-Material" name="bsdf" />
		<transform name="to_world">
			<matrix value="0.92368982335952 -0.12576647344829098 -0.36134811056304167 0.03705077044650129 -0.324789039354499 0.2418050448142872 -0.914327259076517 -0.06832890920410883 0.20242734390374928 0.9619289228927272 0.1826292101417379 -1.4069594444394269 0.0 0.0 0.0 1.0" />
		</transform>
	</shape>
	<shape type="ply" name="temp12">
		<string name="filename" value="meshes/Cube_008.ply" />
		<boolean name="face_normals" value="true" />
		<ref id="mat-Material" name="bsdf" />
		<transform name="to_world">
			<matrix value="0.11713787637825848 0.9627807802295677 -0.24333866326005238 2.2355577492764507 -0.5975268027949017 -0.12746894704676245 -0.7915909216628426 0.5203035760077634 -0.7931847677504801 0.2380920398061837 0.5603417992805072 1.3248909276344438 0.0 0.0 0.0 1.0" />
		</transform>
	</shape>
	<shape type="ply" name="temp13">
		<string name="filename" value="meshes/Cube_009.ply" />
		<boolean name="face_normals" value="true" />
		<ref id="mat-Material" name="bsdf" />
		<transform name="to_world">
			<matrix value="-0.06777687504321603 0.991806609194803 0.10826965237121064 2.5872303918087085 -0.8491913950927881 -0.0004206260755116046 -0.5277646315707855 0.9986246717433473 -0.5233944917530544 -0.12774704175644475 0.8422613151806935 0.9034938416609214 0.0 0.0 0.0 1.0" />
		</transform>
	</shape>
	<shape type="ply" name="temp14">
		<string name="filename" value="meshes/Cube_010.ply" />
		<boolean name="face_normals" value="true" />
		<ref id="mat-Material" name="bsdf" />
		<transform name="to_world">
			<matrix value="0.021750335090341417 0.9977252864380725 0.06378294700820433 1.858262812329257 -0.9468861862995921 9.433630635159348e-05 0.3215367729484313 2.332076352342957 0.3207999129474298 -0.06739045686168582 0.944734199454305 -0.7656005045163999 0.0 0.0 0.0 1.0" />
		</transform>
	</shape>
	<shape type="ply" name="temp15">
		<string name="filename" value="meshes/Cube_011.ply" />
		<boolean name="face_normals" value="true" />
		<ref id="mat-Material" name="bsdf" />
		<transform name="to_world">
			<matrix value="-0.007264514819326025 0.9988841795241363 -0.046441233775597474 1.3314803386011147 -0.8324829751058017 0.019683487233612074 0.5536997996785968 2.25679960378693 0.5539974150173662 0.04268421623493241 0.8314101785210257 -1.360114303986088 0.0 0.0 0.0 1.0" />
		</transform>
	</shape>
	<shape type="ply" name="temp16">
		<string name="filename" value="meshes/Cube_012.ply" />
		<boolean name="face_normals" value="true" />
		<ref id="mat-Material" name="bsdf" />
		<transform name="to_world">
			<matrix value="0.09883420917792943 0.9896999101002664 0.10354094201648054 1.0961481061462768 -0.7231495566701593 -2.741420415791483e-05 0.6905133608276863 1.8569866951345624 0.6834036757105599 -0.143157149323249 0.7156986829470555 -1.8628282627543067 0.0 0.0 0.0 1.0" />
		</transform>
	</shape>
	<shape type="ply" name="temp17">
		<string name="filename" value="meshes/Cube_013.ply" />
		<boolean name="face_normals" value="true" />
		<ref id="mat-Material" name="bsdf" />
		<transform name="to_world">
			<matrix value="0.9249925092238491 0.2130677814789862 0.3139768502780718 0.5408283271854013 -0.3418152411143438 0.10990217407174875 0.9331241155859696 1.4705009563648395 0.1644378948170921 -0.9705549170565451 0.17476211537888736 -1.4740415708276278 0.0 0.0 0.0 1.0" />
		</transform>
	</shape>
	<shape type="ply" name="temp18">
		<string name="filename" value="meshes/Cube_014.ply" />
		<boolean name="face_normals" value="true" />
		<ref id="mat-Material" name="bsdf" />
		<transform name="to_world">
			<matrix value="0.9431246199206775 0.2871242097271095 0.1675019419876403 0.10741947457672524 -0.2156973203410475 0.14534381954975045 0.9654860453472436 1.0229782564956058 0.25292025027170684 -0.9467021815807752 0.19902775328459493 -0.845323437776194 0.0 0.0 0.0 1.0" />
		</transform>
	</shape>
	<shape type="ply" name="temp19">
		<string name="filename" value="meshes/Cube_015.ply" />
		<boolean name="face_normals" value="true" />
		<ref id="mat-Material" name="bsdf" />
		<transform name="to_world">
			<matrix value="0.9836253406308564 0.12558854080843013 0.12926155772230263 0.03415458342742261 -0.15011395731055427 0.17401324091668527 0.9732343750960356 0.6396253610602757 0.09973383366399127 -0.9767019938551134 0.19001655240104373 -0.3008207588641515 0.0 0.0 0.0 1.0" />
		</transform>
	</shape>
	<shape type="ply" name="temp20">
		<string name="filename" value="meshes/Cube_016.ply" />
		<boolean name="face_normals" value="true" />
		<ref id="mat-Material" name="bsdf" />
		<transform name="to_world">
			<matrix value="0.9844389098394226 0.03954378492479502 0.1712100746016384 0.06527169516789422 -0.17550469658367418 0.17329462708297266 0.9691060852413194 0.3368338288599921 0.008651988291340663 -0.9840739805975098 0.17753964231495328 0.1226741251958024 0.0 0.0 0.0 1.0" />
		</transform>
	</shape>
	<shape type="ply" name="temp21">
		<string name="filename" value="meshes/Cube_017.ply" />
		<boolean name="face_normals" value="true" />
		<ref id="mat-Material" name="bsdf" />
		<transform name="to_world">
			<matrix value="0.9467554301478475 -0.0552594785815449 0.31716393212428157 0.20525817562369114 -0.30619547025231064 0.14959644197295502 0.9401256724856165 0.16547338267938877 -0.09939710333015972 -0.9871829261424672 0.12471139676072207 0.3630454928268646 0.0 0.0 0.0 1.0" />
		</transform>
	</shape>
	<shape type="ply" name="temp22">
		<string name="filename" value="meshes/Cube_018.ply" />
		<boolean name="face_normals" value="true" />
		<ref id="mat-Material" name="bsdf" />
		<transform name="to_world">
			<matrix value="0.21249800541463443 0.9575964232003888 0.1942328285977833 0.8451738401035561 -0.5837453260216267 -0.035021630167931035 0.8110196628908029 0.0004533526890703049 0.7834624938167853 -0.28587844137640456 0.5516218847232355 -0.15786267772638657 0.0 0.0 0.0 1.0" />
		</transform>
	</shape>
	<shape type="ply" name="temp23">
		<string name="filename" value="meshes/Cube_019.ply" />
		<boolean name="face_normals" value="true" />
		<ref id="mat-Material" name="bsdf" />
		<transform name="to_world">
			<matrix value="-0.07764745747987242 0.984709014794868 -0.15594030734229714 0.4983435505630577 -0.9165986291436403 -0.00897715378694806 0.39970715346453906 -0.03960315724172452 0.39219512097825104 0.17397101307196358 0.9032800324901742 -0.05205276593759067 0.0 0.0 0.0 1.0" />
		</transform>
	</shape>
	<shape type="ply" name="temp24">
		<string name="filename" value="meshes/Cube_020.ply" />
		<boolean name="face_normals" value="true" />
		<ref id="mat-Material" name="bsdf" />
		<transform name="to_world">
			<matrix value="0.09681169686731461 0.9539543081846844 -0.28389530800367857 0.1088397266508968 -0.9528046619740695 0.006373582440717159 -0.3035102113928611 0.16766110956375585 -0.2877261228272297 0.29988117526833846 0.9095492364206739 0.10649131741656193 0.0 0.0 0.0 1.0" />
		</transform>
	</shape>
	<shape type="ply" name="temp25">
		<string name="filename" value="meshes/Cube_021.ply" />
		<boolean name="face_normals" value="true" />
		<ref id="mat-Material" name="bsdf" />
		<transform name="to_world">
			<matrix value="0.20857467816257025 0.9332939804723596 -0.29233237561705094 -0.15344947076394194 -0.7828322048412576 -0.019850046827123442 -0.6219126178844414 0.11307724161697959 -0.5862303577665609 0.35856404469539427 0.7264724001359746 0.29364655059489736 0.0 0.0 0.0 1.0" />
		</transform>
	</shape>
	<shape type="ply" name="temp26">
		<string name="filename" value="meshes/Cube_022.ply" />
		<boolean name="face_normals" value="true" />
		<ref id="mat-Material" name="bsdf" />
		<transform name="to_world">
			<matrix value="0.6455118726585785 0.3991718169549646 -0.6511347448656116 -0.07867123037725882 -0.7038388676428611 -0.020088283207105206 -0.7100755472197309 -0.18393036600887613 -0.2965223296047884 0.9166559593511368 0.2679853113397421 0.6764638745205576 0.0 0.0 0.0 1.0" />
		</transform>
	</shape>
	<shape type="ply" name="temp27">
		<string name="filename" value="meshes/Cube_023.ply" />
		<boolean name="face_normals" value="true" />
		<ref id="mat-Material" name="bsdf" />
		<transform name="to_world">
			<matrix value="0.8582191100780636 0.2760232612953488 -0.4327486016034222 -0.06415841498604907 -0.4803728367613608 0.1348885743904652 -0.8666297732354152 -0.2872755750876519 -0.1808371319103518 0.9516386364442256 0.24835799803413644 0.20553159593607379 0.0 0.0 0.0 1.0" />
		</transform>
	</shape>
	<shape type="ply" name="temp28">
		<string name="filename" value="meshes/Cube_024.ply" />
		<boolean name="face_normals" value="true" />
		<ref id="mat-Material" name="bsdf" />
		<transform name="to_world">
			<matrix value="0.8574115246255942 0.4368228057477426 -0.27208653392911264 -0.18957960547856223 -0.37916821801083994 0.1787344683087795 -0.907901679399707 -0.5131331959944024 -0.34796104619105117 0.8816117499577618 0.3188781528636221 -0.3344924319401258 0.0 0.0 0.0 1.0" />
		</transform>
	</shape>
	<shape type="ply" name="temp29">
		<string name="filename" value="meshes/Cube_025.ply" />
		<boolean name="face_normals" value="true" />
		<ref id="mat-Material" name="bsdf" />
		<transform name="to_world">
			<matrix value="0.8994542814439734 0.36606368488787566 -0.2387038491306089 -0.26702575807688594 -0.3213296969825913 0.18377741576853845 -0.9289635577686362 -0.7932358386697218 -0.2961914943788152 0.912262657402753 0.28292656000824545 -0.7071608312362507 0.0 0.0 0.0 1.0" />
		</transform>
	</shape>
	<shape type="ply" name="temp30">
		<string name="filename" value="meshes/Cube_026.ply" />
		<boolean name="face_normals" value="true" />
		<ref id="mat-Material" name="bsdf" />
		<transform name="to_world">
			<matrix value="0.9235224998094063 0.23700719406453175 -0.3015532118797164 -0.32599776115212614 -0.3489890998125976 0.19312169003155877 -0.9170117644500192 -1.1454556079607752 -0.1591020243711737 0.9521193184306969 0.2610650744337977 -0.8773829355447043 0.0 0.0 0.0 1.0" />
		</transform>
	</shape>
	<shape type="ply" name="temp31">
		<string name="filename" value="meshes/Cube_027.ply" />
		<boolean name="face_normals" value="true" />
		<ref id="mat-Material" name="bsdf" />
		<transform name="to_world">
			<matrix value="0.8736080010354115 0.17510291537952916 -0.45403529193168557 -0.5803376460171086 -0.4824011084575739 0.18887683736491578 -0.8553447329465591 -1.5826111059166295 -0.0640166383878786 0.966263091257616 0.2494741385872353 -1.0154257099196773 0.0 0.0 0.0 1.0" />
		</transform>
	</shape>
	<shape type="ply" name="temp32">
		<string name="filename" value="meshes/Cube_028.ply" />
		<boolean name="face_normals" value="true" />
		<ref id="mat-Material" name="bsdf" />
		<transform name="to_world">
			<matrix value="-0.10741179057030957 0.9841709721894861 0.14096130633950815 -1.485555756241888 -0.7944054539942237 0.00029353691833725124 -0.6073834062770525 -2.1214938380919497 -0.5978104771580084 -0.17722102402262718 0.7817991906769464 -1.3621511690162658 0.0 0.0 0.0 1.0" />
		</transform>
	</shape>
	<shape type="ply" name="temp33">
		<string name="filename" value="meshes/Cube_029.ply" />
		<boolean name="face_normals" value="true" />
		<ref id="mat-Material" name="bsdf" />
		<transform name="to_world">
			<matrix value="0.0012670913803771804 0.9776689895979125 0.21012990632598633 -1.5800568665613839 -0.9982857646885699 -0.011039781153595052 0.05737882020764021 -1.808644846844522 0.058416308084542054 -0.20984944401916472 0.97598448017376 -0.09956036800011925 0.0 0.0 0.0 1.0" />
		</transform>
	</shape>
	<shape type="ply" name="temp34">
		<string name="filename" value="meshes/Cube_030.ply" />
		<boolean name="face_normals" value="true" />
		<ref id="mat-Material" name="bsdf" />
		<transform name="to_world">
			<matrix value="-0.040005324792547176 0.9790764908845493 -0.19952081596400859 -3.2195314938591144 -0.9769098257000683 0.003615842545272506 0.21361859623423293 -1.9316036272919115 0.20987023162879284 0.20345990539567177 0.9563251230086072 0.23953999462473796 0.0 0.0 0.0 1.0" />
		</transform>
	</shape>
	<shape type="ply" name="temp35">
		<string name="filename" value="meshes/Cube_031.ply" />
		<boolean name="face_normals" value="true" />
		<ref id="mat-Material" name="bsdf" />
		<transform name="to_world">
			<matrix value="0.14350569653580414 0.9777605580041009 0.15293857125498972 -1.885799529483203 -0.7232851884750198 -0.0018570020628964402 0.6905472835576174 -0.9479087564126993 0.6754738691587461 -0.20971563733905133 0.7069330258933262 0.684083871075303 0.0 0.0 0.0 1.0" />
		</transform>
	</shape>
	<shape type="ply" name="temp36">
		<string name="filename" value="meshes/Cube_032.ply" />
		<boolean name="face_normals" value="true" />
		<ref id="mat-Material" name="bsdf" />
		<transform name="to_world">
			<matrix value="0.7298469310866325 0.613851337962509 0.3005571601545269 -0.6544798923365864 -0.37893948339352546 -0.0024839724001560213 0.9252571153812513 -0.057298203942126556 0.5687096982945852 -0.7894174872711572 0.23079585797557658 -0.11194580189423187 0.0 0.0 0.0 1.0" />
		</transform>
	</shape>
	<shape type="ply" name="temp37">
		<string name="filename" value="meshes/Cube_033.ply" />
		<boolean name="face_normals" value="true" />
		<ref id="mat-Material" name="bsdf" />
		<transform name="to_world">
			<matrix value="0.9768096208160248 0.16875031026880227 0.13178237114917915 -0.1415740849939895 -0.15003663388454808 0.10038437872192198 0.983570997318804 0.30054449700311353 0.15274907052321962 -0.9805335789063103 0.1233751485153664 -0.3782526084791877 0.0 0.0 0.0 1.0" />
		</transform>
	</shape>
	<shape type="ply" name="temp38">
		<string name="filename" value="meshes/Cube_034.ply" />
		<boolean name="face_normals" value="true" />
		<ref id="mat-Material" name="bsdf" />
		<transform name="to_world">
			<matrix value="0.9999246489972998 0.00230145195370268 0.012068832646762496 -0.033686989294474445 -0.012286009800949245 0.18048661620322765 0.9835006697079713 0.3693894833994965 8.521843812441604e-05 -0.9835747346289185 0.1805012975739693 -0.36205550454186647 0.0 0.0 0.0 1.0" />
		</transform>
	</shape>
	<shape type="ply" name="temp39">
		<string name="filename" value="meshes/Cube_035.ply" />
		<boolean name="face_normals" value="true" />
		<ref id="mat-Material" name="bsdf" />
		<transform name="to_world">
			<matrix value="0.9989069672196544 -0.046632483214197065 0.0032065135423793 0.00831446918871559 0.006475959927450281 0.20600570894596215 0.9785293941045842 0.09125157768225244 -0.0462918441847642 -0.9774389213700636 0.2060825464126772 -0.14883555604598284 0.0 0.0 0.0 1.0" />
		</transform>
	</shape>
	<shape type="ply" name="temp40">
		<string name="filename" value="meshes/Cube_036.ply" />
		<boolean name="face_normals" value="true" />
		<ref id="mat-Material" name="bsdf" />
		<transform name="to_world">
			<matrix value="0.999086701523154 -0.042614955894898665 0.00322449140726613 0.0029200187351041684 0.005734184711015607 0.20843791390901145 0.9780188983883039 -0.2417295626634914 -0.04235033961140158 -0.9771066469485193 0.2084918876214422 0.19691738406956105 0.0 0.0 0.0 1.0" />
		</transform>
	</shape>
	<shape type="ply" name="temp41">
		<string name="filename" value="meshes/Cube_037.ply" />
		<boolean name="face_normals" value="true" />
		<ref id="mat-Material" name="bsdf" />
		<transform name="to_world">
			<matrix value="0.9988604268944572 -0.04761614482409063 0.0033323704163536402 -0.005908478402107953 0.006675356410242772 0.20847587620952687 0.978004714668472 -0.5701483394959657 -0.047263539688702845 -0.976867713897748 0.20855611623274728 0.5186155226332662 0.0 0.0 0.0 1.0" />
		</transform>
	</shape>
	<shape type="ply" name="temp42">
		<string name="filename" value="meshes/Cube_038.ply" />
		<boolean name="face_normals" value="true" />
		<ref id="mat-Material" name="bsdf" />
		<transform name="to_world">
			<matrix value="0.9990439287480919 -0.043577143774912765 0.003487457572948053 0.007859315904911623 0.005680215663434553 0.20849318868723443 0.9780074332147732 -0.9038434184951452 -0.04334588149148888 -0.9770524150906402 0.20854142426295483 0.8638297692468271 0.0 0.0 0.0 1.0" />
		</transform>
	</shape>
	<shape type="ply" name="temp43">
		<string name="filename" value="meshes/Cube_039.ply" />
		<boolean name="face_normals" value="true" />
		<ref id="mat-Material" name="bsdf" />
		<transform name="to_world">
			<matrix value="0.999946104023385 -0.009229906506116606 -0.004757108127081642 0.02134369248546797 0.008284948131068098 0.4330142934539188 0.9013489625369994 -1.319256478851858 -0.006259463141791256 -0.9013398317441513 0.4330673859647985 1.473979622561616 0.0 0.0 0.0 1.0" />
		</transform>
	</shape>
	<shape type="ply" name="temp47">
		<string name="filename" value="meshes/Plane_001.ply" />
		<boolean name="face_normals" value="true" />
		<ref id="mat-Material.002" name="bsdf" />
	</shape>
	<shape type="ply" name="temp49">
		<string name="filename" value="meshes/Plane_002.ply" />
		<boolean name="face_normals" value="true" />
		<ref id="mat-Material.003" name="bsdf" />
	</shape>
	<shape type="ply" name="temp51">
		<string name="filename" value="meshes/Plane_003.ply" />
		<boolean name="face_normals" value="true" />
		<ref id="mat-Material.004" name="bsdf" />
	</shape>
	<shape type="ply" name="temp53">
		<string name="filename" value="meshes/Plane_004.ply" />
		<boolean name="face_normals" value="true" />
		<ref id="mat-Material.005" name="bsdf" />
	</shape>
	<emitter type="point">
		<transform name="to_world">
			<rotate x="1" angle="-142.5518126578256" />
			<rotate y="1" angle="3.976628485794621e-06" />
			<rotate z="1" angle="-179.999991348578" />
			<translate value="-0.000000 3.030926 4.073377" />
		</transform>
		<rgb name="intensity" value="100" />
	</emitter>
</scene>