<scene version="2.1.0">
	<default name="spp" value="1024" />
	<default name="resx" value="1280" />
	<default name="resy" value="720" />
	<integrator type="path" name="temp0">
		<integer name="max_depth" value="12" />
	</integrator>
	<sensor type="perspective" name="temp44">
		<string name="fov_axis" value="x" />
		<float name="fov" value="83.974423" />
		<float name="principal_point_offset_x" value="0.000000" />
		<float name="principal_point_offset_y" value="-0.000000" />
		<float name="near_clip" value="0.100000" />
		<float name="far_clip" value="1000.000000" />
		<transform name="to_world">
			<rotate x="1" angle="-142.5518126578256" />
			<rotate y="1" angle="3.976628485794621e-06" />
			<rotate z="1" angle="-179.999991348578" />
			<translate value="-0.000000 3.030926 4.073377" />
		</transform>
		<sampler type="independent" name="sampler">
			<integer name="sample_count" value="$spp" />
		</sampler>
		<film type="hdrfilm" name="film">
			<integer name="width" value="$resx" />
			<integer name="height" value="$resy" />
		</film>
		<float name="shutter_open" value="0.0" />
		<float name="shutter_close" value="0.0015" />
	</sensor>
	<bsdf type="twosided" id="mat-Material" name="mat-Material">
		<bsdf type="diffuse" name="bsdf">
			<texture type="bitmap" name="reflectance">
				<string name="filename" value="textures/siggraph_2023_logo.jpg" />
			</texture>
		</bsdf>
	</bsdf>
	<bsdf type="twosided" id="mat-Material.001" name="mat-Material.001">
		<bsdf type="principled" name="bsdf">
			<rgb value="0.433648 0.266232 0.084399" name="base_color" />
			<float name="spec_tint" value="0.000000" />
			<float name="spec_trans" value="0.000000" />
			<float name="metallic" value="0.000000" />
			<float name="anisotropic" value="0.000000" />
			<float name="roughness" value="0.500000" />
			<float name="sheen" value="0.000000" />
			<float name="sheen_tint" value="0.500000" />
			<float name="clearcoat" value="0.000000" />
			<float name="clearcoat_gloss" value="0.173205" />
			<float name="specular" value="0.500000" />
		</bsdf>
	</bsdf>
	<bsdf type="twosided" id="mat-Material.002" name="mat-Material.002">
		<bsdf type="principled" name="bsdf">
			<rgb value="0.433648 0.266232 0.084399" name="base_color" />
			<float name="spec_tint" value="0.000000" />
			<float name="spec_trans" value="0.000000" />
			<float name="metallic" value="0.000000" />
			<float name="anisotropic" value="0.000000" />
			<float name="roughness" value="0.500000" />
			<float name="sheen" value="0.000000" />
			<float name="sheen_tint" value="0.500000" />
			<float name="clearcoat" value="0.000000" />
			<float name="clearcoat_gloss" value="0.173205" />
			<float name="specular" value="0.500000" />
		</bsdf>
	</bsdf>
	<bsdf type="twosided" id="mat-Material.003" name="mat-Material.003">
		<bsdf type="principled" name="bsdf">
			<rgb value="0.433648 0.266232 0.084399" name="base_color" />
			<float name="spec_tint" value="0.000000" />
			<float name="spec_trans" value="0.000000" />
			<float name="metallic" value="0.000000" />
			<float name="anisotropic" value="0.000000" />
			<float name="roughness" value="0.500000" />
			<float name="sheen" value="0.000000" />
			<float name="sheen_tint" value="0.500000" />
			<float name="clearcoat" value="0.000000" />
			<float name="clearcoat_gloss" value="0.173205" />
			<float name="specular" value="0.500000" />
		</bsdf>
	</bsdf>
	<bsdf type="twosided" id="mat-Material.004" name="mat-Material.004">
		<bsdf type="principled" name="bsdf">
			<rgb value="0.433648 0.266232 0.084399" name="base_color" />
			<float name="spec_tint" value="0.000000" />
			<float name="spec_trans" value="0.000000" />
			<float name="metallic" value="0.000000" />
			<float name="anisotropic" value="0.000000" />
			<float name="roughness" value="0.500000" />
			<float name="sheen" value="0.000000" />
			<float name="sheen_tint" value="0.500000" />
			<float name="clearcoat" value="0.000000" />
			<float name="clearcoat_gloss" value="0.173205" />
			<float name="specular" value="0.500000" />
		</bsdf>
	</bsdf>
	<bsdf type="twosided" id="mat-Material.005" name="mat-Material.005">
		<bsdf type="principled" name="bsdf">
			<rgb value="0.433648 0.266232 0.084399" name="base_color" />
			<float name="spec_tint" value="0.000000" />
			<float name="spec_trans" value="0.000000" />
			<float name="metallic" value="0.000000" />
			<float name="anisotropic" value="0.000000" />
			<float name="roughness" value="0.500000" />
			<float name="sheen" value="0.000000" />
			<float name="sheen_tint" value="0.500000" />
			<float name="clearcoat" value="0.000000" />
			<float name="clearcoat_gloss" value="0.173205" />
			<float name="specular" value="0.500000" />
		</bsdf>
	</bsdf>
	<emitter type="point" name="temp45">
		<point name="position" x="-6.815235034541981e-16" y="3.0693089962005615" z="4.109199523925781" />
		<rgb value="7.957747 7.957747 7.957747" name="intensity" />
	</emitter>
	<shape type="ply" name="temp2">
		<string name="filename" value="meshes/Cube.ply" />
		<boolean name="face_normals" value="true" />
		<ref id="mat-Material" name="bsdf" />
		<transform name="to_world">
			<matrix value="0.9999991135176153 0.00024181985428316954 0.0014182183262170457 -0.002354722560576228 -0.00024058178952426036 0.9999990613716906 -0.0008777175416209438 -0.016076644568738224 -0.0014184383017125067 0.0008773758246892619 0.9999981088373558 0.003196349080702987 0.0 0.0 0.0 1.0" />
		</transform>
	</shape>
	<shape type="ply" name="temp4">
		<string name="filename" value="meshes/Plane.ply" />
		<boolean name="face_normals" value="true" />
		<ref id="mat-Material.001" name="bsdf" />
	</shape>
	<shape type="ply" name="temp5">
		<string name="filename" value="meshes/Cube_001.ply" />
		<boolean name="face_normals" value="true" />
		<ref id="mat-Material" name="bsdf" />
		<transform name="to_world">
			<matrix value="0.9999986702764229 0.00015129833153603394 -0.00171919095116498 0.002275697225546658 -0.00015580016559490947 0.9999961411947279 -0.002623166695112905 -0.014696709010236647 0.0017187475067682932 0.002623424408090559 0.9999946811050631 -0.00393071469629841 0.0 0.0 0.0 1.0" />
		</transform>
	</shape>
	<shape type="ply" name="temp6">
		<string name="filename" value="meshes/Cube_002.ply" />
		<boolean name="face_normals" value="true" />
		<ref id="mat-Material" name="bsdf" />
		<transform name="to_world">
			<matrix value="1.0 6.631471581463551e-05 0.00037877623810872387 -0.0009370583965888635 -6.753666047901962e-05 0.9999946811062466 0.0032281673546558773 -0.01961199362447366 -0.00037856388080712445 -0.0032281909712299998 0.9999947993027283 0.0009171494787584278 0.0 0.0 0.0 1.0" />
		</transform>
	</shape>
	<shape type="ply" name="temp7">
		<string name="filename" value="meshes/Cube_003.ply" />
		<boolean name="face_normals" value="true" />
		<ref id="mat-Material" name="bsdf" />
		<transform name="to_world">
			<matrix value="0.9999991135176153 -0.0004280489254791698 0.0013611560393569856 -0.00116545749217134 0.00043354329668615155 0.9999911351770774 -0.00403410995503288 -0.01738538975489362 -0.0013593099266524474 0.004034695873998536 0.9999905441867789 0.0038098822833667056 0.0 0.0 0.0 1.0" />
		</transform>
	</shape>
	<shape type="ply" name="temp8">
		<string name="filename" value="meshes/Cube_004.ply" />
		<boolean name="face_normals" value="true" />
		<ref id="mat-Material" name="bsdf" />
		<transform name="to_world">
			<matrix value="0.9999995567588077 7.154433558673548e-07 0.0011011081740304601 -0.00047739823204207 -1.7441540919142253e-07 0.9999992699557594 -0.00048412345320625354 -0.017809874949766602 -0.0011007584743283568 0.00048412570944656396 0.9999988180233473 0.0033838961278751956 0.0 0.0 0.0 1.0" />
		</transform>
	</shape>
	<shape type="ply" name="temp9">
		<string name="filename" value="meshes/Cube_005.ply" />
		<boolean name="face_normals" value="true" />
		<ref id="mat-Material" name="bsdf" />
		<transform name="to_world">
			<matrix value="0.9999997783794039 -0.0001721709221293096 0.0008058941393342446 -0.000669836539022528 0.00017262848232442774 0.9999960369026935 -0.000571736290607399 -0.018316970682637795 -0.000804988059082278 0.000571872855495043 0.9999957448840504 0.002162798740286437 0.0 0.0 0.0 1.0" />
		</transform>
	</shape>
	<shape type="ply" name="temp10">
		<string name="filename" value="meshes/Cube_006.ply" />
		<boolean name="face_normals" value="true" />
		<ref id="mat-Material" name="bsdf" />
		<transform name="to_world">
			<matrix value="0.9999991135176153 -3.669317074900453e-05 -0.0014376405665734167 -0.0011911150835968165 3.8647750905541764e-05 0.9999987484955875 0.0013543821311606395 -0.0169601271456829 0.0014374865919539312 -0.0013544375217709624 0.9999979906396905 -0.003396810265462624 0.0 0.0 0.0 1.0" />
		</transform>
	</shape>
	<shape type="ply" name="temp11">
		<string name="filename" value="meshes/Cube_007.ply" />
		<boolean name="face_normals" value="true" />
		<ref id="mat-Material" name="bsdf" />
		<transform name="to_world">
			<matrix value="0.9999997783794039 0.00041954599591592396 -6.833609837071609e-05 0.0005277626003674651 -0.000419644804238095 0.9999963497787967 -0.0014127670498950168 -0.01808669579030675 6.628782841956148e-05 0.0014127941296099688 0.9999968086630379 -0.0002258604174079082 0.0 0.0 0.0 1.0" />
		</transform>
	</shape>
	<shape type="ply" name="temp12">
		<string name="filename" value="meshes/Cube_008.ply" />
		<boolean name="face_normals" value="true" />
		<ref id="mat-Material" name="bsdf" />
		<transform name="to_world">
			<matrix value="0.999997562173442 -0.002339010644045029 9.303550988818028e-05 0.00024998916063512233 0.0023387555028394034 0.9999936381859027 0.0026588328406066657 -0.019606617271640453 -9.932857824182176e-05 -0.00265861462633207 0.9999964540700421 7.524624142341008e-05 0.0 0.0 0.0 1.0" />
		</transform>
	</shape>
	<shape type="ply" name="temp13">
		<string name="filename" value="meshes/Cube_009.ply" />
		<boolean name="face_normals" value="true" />
		<ref id="mat-Material" name="bsdf" />
		<transform name="to_world">
			<matrix value="0.9999991135176153 -0.0008500832250434377 0.000926433300348305 0.0017132071227992096 0.0008494934639653776 0.999999165663725 0.0006352876292905162 -0.01856915960182068 -0.0009271120886056874 -0.0006344970933810019 0.9999994090116737 0.0016050767383214426 0.0 0.0 0.0 1.0" />
		</transform>
	</shape>
	<shape type="ply" name="temp14">
		<string name="filename" value="meshes/Cube_010.ply" />
		<boolean name="face_normals" value="true" />
		<ref id="mat-Material" name="bsdf" />
		<transform name="to_world">
			<matrix value="0.9999809406287288 -0.0003280328645058748 0.006192340223942024 0.013196554169589536 0.0003266926937894817 1.0 0.0002174196409533162 -0.01802878717383924 -0.0061924141042893335 -0.00021539329569086175 0.999980851978227 0.010175475254155741 0.0 0.0 0.0 1.0" />
		</transform>
	</shape>
	<shape type="ply" name="temp15">
		<string name="filename" value="meshes/Cube_011.ply" />
		<boolean name="face_normals" value="true" />
		<ref id="mat-Material" name="bsdf" />
		<transform name="to_world">
			<matrix value="0.9901487428793303 0.1352041725157116 -0.000984629102818258 0.03382712778103225 -0.13515319302090148 0.9899581371773987 0.018590530664965882 0.21231066967609283 0.0037358583897579376 -0.018230803486691295 0.9998029644920029 -0.030783267607393916 0.0 0.0 0.0 1.0" />
		</transform>
	</shape>
	<shape type="ply" name="temp16">
		<string name="filename" value="meshes/Cube_012.ply" />
		<boolean name="face_normals" value="true" />
		<ref id="mat-Material" name="bsdf" />
		<transform name="to_world">
			<matrix value="0.9939688170956356 0.10631363117747793 0.008185341976577006 0.12230055043717669 -0.10656187558397028 0.9895341900576318 0.09200444801453925 0.24019638386891295 0.0021521864201536453 -0.09228400598219111 0.9955537584257206 -0.30677794471408637 0.0 0.0 0.0 1.0" />
		</transform>
	</shape>
	<shape type="ply" name="temp17">
		<string name="filename" value="meshes/Cube_013.ply" />
		<boolean name="face_normals" value="true" />
		<ref id="mat-Material" name="bsdf" />
		<transform name="to_world">
			<matrix value="0.9868211096277306 0.13909491200881058 0.08090604183913677 0.16091591775051384 -0.1582119517328071 0.9270297837191792 0.3368982143169522 0.5341070212757993 -0.027444453013774163 -0.34522999522342485 0.9371571381224821 -0.35543055192815065 0.0 0.0 0.0 1.0" />
		</transform>
	</shape>
	<shape type="ply" name="temp18">
		<string name="filename" value="meshes/Cube_014.ply" />
		<boolean name="face_normals" value="true" />
		<ref id="mat-Material" name="bsdf" />
		<transform name="to_world">
			<matrix value="0.9701944676407336 0.24028999443080537 0.026573695535106835 0.04547739176218224 -0.1723667927244618 0.6100106795043208 0.7715442430408761 0.8049044394751497 0.17005433693777072 -0.7531575456329798 0.6334035585061895 -0.505382602091468 0.0 0.0 0.0 1.0" />
		</transform>
	</shape>
	<shape type="ply" name="temp19">
		<string name="filename" value="meshes/Cube_015.ply" />
		<boolean name="face_normals" value="true" />
		<ref id="mat-Material" name="bsdf" />
		<transform name="to_world">
			<matrix value="0.9706155467734701 0.2373295607428096 0.03824584499747293 0.014161185751884131 -0.13807729949098183 0.4195800994111672 0.8965107340027734 0.5819964420174631 0.19705570389360794 -0.8754752066546663 0.4400337147020402 -0.3606008612209841 0.0 0.0 0.0 1.0" />
		</transform>
	</shape>
	<shape type="ply" name="temp20">
		<string name="filename" value="meshes/Cube_016.ply" />
		<boolean name="face_normals" value="true" />
		<ref id="mat-Material" name="bsdf" />
		<transform name="to_world">
			<matrix value="0.9692590071042698 0.23105086739684996 0.08398191150209848 0.07699041986438437 -0.1763094452925126 0.41623409807205747 0.8915087270064173 0.3033708279120537 0.17126343242433428 -0.8788978626390473 0.44426696408351185 -0.25765165286849656 0.0 0.0 0.0 1.0" />
		</transform>
	</shape>
	<shape type="ply" name="temp21">
		<string name="filename" value="meshes/Cube_017.ply" />
		<boolean name="face_normals" value="true" />
		<ref id="mat-Material" name="bsdf" />
		<transform name="to_world">
			<matrix value="0.9417873612433447 0.2227866623003068 0.25164011080321935 0.20198952943203347 -0.32506899049159 0.4154755821059899 0.8490486979108799 0.10096894247260808 0.08482734425834224 -0.8814266315967318 0.46382300419696265 -0.09381194210618907 0.0 0.0 0.0 1.0" />
		</transform>
	</shape>
	<shape type="ply" name="temp22">
		<string name="filename" value="meshes/Cube_018.ply" />
		<boolean name="face_normals" value="true" />
		<ref id="mat-Material" name="bsdf" />
		<transform name="to_world">
			<matrix value="0.14482544718603896 0.9832876186582622 0.10892752875630998 0.8650062137651827 -0.5606732922360099 -0.009317680837173018 0.8276083506177719 -0.03557405059192497 0.814830894620293 -0.18125473746566184 0.5501522149533284 -0.3011191750935105 0.0 0.0 0.0 1.0" />
		</transform>
	</shape>
	<shape type="ply" name="temp23">
		<string name="filename" value="meshes/Cube_019.ply" />
		<boolean name="face_normals" value="true" />
		<ref id="mat-Material" name="bsdf" />
		<transform name="to_world">
			<matrix value="-0.07629601508438424 0.988373419714949 -0.13148928821838768 0.45804276026028035 -0.8928236148269497 -0.009068964150656101 0.44998820387300653 -0.06738678319099878 0.44356548977265275 0.1517743308101614 0.8831344224223807 -0.04196510040703322 0.0 0.0 0.0 1.0" />
		</transform>
	</shape>
	<shape type="ply" name="temp24">
		<string name="filename" value="meshes/Cube_020.ply" />
		<boolean name="face_normals" value="true" />
		<ref id="mat-Material" name="bsdf" />
		<transform name="to_world">
			<matrix value="0.05380365106523423 0.9984472788163867 -0.011258197565142493 -0.15392925675238128 -0.8961124330960513 0.043301960656020926 -0.44159865251407915 0.3005922965995622 -0.44047607574713554 0.03381263150093521 0.8971148419139838 0.14713002013825716 0.0 0.0 0.0 1.0" />
		</transform>
	</shape>
	<shape type="ply" name="temp25">
		<string name="filename" value="meshes/Cube_021.ply" />
		<boolean name="face_normals" value="true" />
		<ref id="mat-Material" name="bsdf" />
		<transform name="to_world">
			<matrix value="0.17969365828231626 0.9557940482621818 -0.23218595707722706 -0.2213513433559252 -0.7048137766454443 -0.03961770711876569 -0.7082393464898367 0.24702109991072344 -0.6860857281654956 0.290959757875613 0.6666234851196231 0.2073808541776755 0.0 0.0 0.0 1.0" />
		</transform>
	</shape>
	<shape type="ply" name="temp26">
		<string name="filename" value="meshes/Cube_022.ply" />
		<boolean name="face_normals" value="true" />
		<ref id="mat-Material" name="bsdf" />
		<transform name="to_world">
			<matrix value="0.6344600967684171 0.41097934391967017 -0.6541940550356697 -0.08498515499346249 -0.7113575679887665 -0.019219081062026647 -0.7021321913232512 -0.19053503254540144 -0.3012829173071502 0.9113858742696951 0.2799902936077284 0.6486460606869603 0.0 0.0 0.0 1.0" />
		</transform>
	</shape>
	<shape type="ply" name="temp27">
		<string name="filename" value="meshes/Cube_023.ply" />
		<boolean name="face_normals" value="true" />
		<ref id="mat-Material" name="bsdf" />
		<transform name="to_world">
			<matrix value="0.8498143705886421 0.2961548569843333 -0.4358655922341297 -0.09594924046224845 -0.48878998700416826 0.13412416592445503 -0.8620096628955307 -0.2927625397823207 -0.1968274790036647 0.9455923057508714 0.258765066065403 0.1726338993972366 0.0 0.0 0.0 1.0" />
		</transform>
	</shape>
	<shape type="ply" name="temp28">
		<string name="filename" value="meshes/Cube_024.ply" />
		<boolean name="face_normals" value="true" />
		<ref id="mat-Material" name="bsdf" />
		<transform name="to_world">
			<matrix value="0.8832994697062375 0.3170432999668351 -0.3453317359312865 -0.13977959384887662 -0.4090024502373113 0.1611857169973072 -0.8981777938736732 -0.5363001391087905 -0.22910401452412738 0.9346105631144105 0.27205284759451204 -0.20866337704295143 0.0 0.0 0.0 1.0" />
		</transform>
	</shape>
	<shape type="ply" name="temp29">
		<string name="filename" value="meshes/Cube_025.ply" />
		<boolean name="face_normals" value="true" />
		<ref id="mat-Material" name="bsdf" />
		<transform name="to_world">
			<matrix value="0.8858188526435791 0.40357867686781823 -0.22899795328922828 -0.2907829910777391 -0.3315674604229939 0.2052721604929259 -0.9208237573524858 -0.798765724407037 -0.3246180369024887 0.8916206564974981 0.31564615590461165 -0.7292334145153192 0.0 0.0 0.0 1.0" />
		</transform>
	</shape>
	<shape type="ply" name="temp30">
		<string name="filename" value="meshes/Cube_026.ply" />
		<boolean name="face_normals" value="true" />
		<ref id="mat-Material" name="bsdf" />
		<transform name="to_world">
			<matrix value="0.9218567994085389 0.24569409477642917 -0.29966346760745705 -0.3151017288740803 -0.3514777439732495 0.20454307573896122 -0.9135720941931378 -1.13892385183853 -0.1631636207131928 0.9475168066613409 0.27490814859432244 -0.8392673942386286 0.0 0.0 0.0 1.0" />
		</transform>
	</shape>
	<shape type="ply" name="temp31">
		<string name="filename" value="meshes/Cube_027.ply" />
		<boolean name="face_normals" value="true" />
		<ref id="mat-Material" name="bsdf" />
		<transform name="to_world">
			<matrix value="0.8721313430030833 0.17236168268939955 -0.4579009465741825 -0.5441811817308557 -0.4861214534055994 0.19938874438648124 -0.8508382105629944 -1.5752087986837346 -0.05535171631854503 0.9646378041937913 0.25768213905624365 -0.9631191722885872 0.0 0.0 0.0 1.0" />
		</transform>
	</shape>
	<shape type="ply" name="temp32">
		<string name="filename" value="meshes/Cube_028.ply" />
		<boolean name="face_normals" value="true" />
		<ref id="mat-Material" name="bsdf" />
		<transform name="to_world">
			<matrix value="-0.10764083545645864 0.980614613817026 0.1637325120644357 -1.4497303890540403 -0.842560063613976 -0.0025578424481094986 -0.5385955564296929 -2.0937068687345715 -0.5277358176115683 -0.19592949232723503 0.82650202047089 -1.1505388571042756 0.0 0.0 0.0 1.0" />
		</transform>
	</shape>
	<shape type="ply" name="temp33">
		<string name="filename" value="meshes/Cube_029.ply" />
		<boolean name="face_normals" value="true" />
		<ref id="mat-Material" name="bsdf" />
		<transform name="to_world">
			<matrix value="-0.009689394302045825 0.9853324725764097 0.17036284555678427 -1.6619441511164066 -0.9994955915231007 -0.004393264403251409 -0.031424362240857526 -1.93594632944691 -0.03021420960344097 -0.17058212684831559 0.9848780271013062 -0.24724757308621192 0.0 0.0 0.0 1.0" />
		</transform>
	</shape>
	<shape type="ply" name="temp34">
		<string name="filename" value="meshes/Cube_030.ply" />
		<boolean name="face_normals" value="true" />
		<ref id="mat-Material" name="bsdf" />
		<transform name="to_world">
			<matrix value="-0.036613691133499576 0.9820958576677978 -0.1847826768464368 -3.1925880688807844 -0.9769591190053162 0.0037010690469457277 0.21325285905496522 -1.9318928189336595 0.21011878776320728 0.18834516677234434 0.9593324099662712 0.2524528964557654 0.0 0.0 0.0 1.0" />
		</transform>
	</shape>
	<shape type="ply" name="temp35">
		<string name="filename" value="meshes/Cube_031.ply" />
		<boolean name="face_normals" value="true" />
		<ref id="mat-Material" name="bsdf" />
		<transform name="to_world">
			<matrix value="0.10147344453368368 0.9855065359817947 0.13593246847313672 -2.016839651725765 -0.8099521388160495 0.0025036533499644366 0.5864898413834612 -1.306408764879011 0.5776494299031784 -0.16961208577811243 0.7984669526419779 0.5469662518327896 0.0 0.0 0.0 1.0" />
		</transform>
	</shape>
	<shape type="ply" name="temp36">
		<string name="filename" value="meshes/Cube_032.ply" />
		<boolean name="face_normals" value="true" />
		<ref id="mat-Material" name="bsdf" />
		<transform name="to_world">
			<matrix value="0.7709584381598753 0.5838457896262799 0.2544462415742794 -0.5573771842855872 -0.28814524836576977 -0.03652082816218663 0.9568862196178811 0.2806472806863777 0.5679668260561994 -0.8110368088306151 0.14007665591383106 -0.18857126482170017 0.0 0.0 0.0 1.0" />
		</transform>
	</shape>
	<shape type="ply" name="temp37">
		<string name="filename" value="meshes/Cube_033.ply" />
		<boolean name="face_normals" value="true" />
		<ref id="mat-Material" name="bsdf" />
		<transform name="to_world">
			<matrix value="0.9781654956234365 0.159804431577125 0.1328718699485273 -0.13123264142479907 -0.1500479143728935 0.10066590463953545 0.9835369563912078 0.3004356021793038 0.14379927733956 -0.9819986734053228 0.12244637490124585 -0.39305362903671043 0.0 0.0 0.0 1.0" />
		</transform>
	</shape>
	<shape type="ply" name="temp38">
		<string name="filename" value="meshes/Cube_034.ply" />
		<boolean name="face_normals" value="true" />
		<ref id="mat-Material" name="bsdf" />
		<transform name="to_world">
			<matrix value="0.9999242057561075 0.0034281146294608314 0.011842945088674253 -0.03603605748797989 -0.012267639669732124 0.18083972817324157 0.9834360155850713 0.36943441765662666 0.001229657445476901 -0.983506527638432 0.18086805310952053 -0.34615699456669424 0.0 0.0 0.0 1.0" />
		</transform>
	</shape>
	<shape type="ply" name="temp39">
		<string name="filename" value="meshes/Cube_035.ply" />
		<boolean name="face_normals" value="true" />
		<ref id="mat-Material" name="bsdf" />
		<transform name="to_world">
			<matrix value="0.9990319612358983 -0.04391204635572345 0.002627971430205933 0.009015458547062094 0.006757451327684667 0.2122186461642433 0.9771988429866942 0.09188663488250597 -0.04346851746458946 -0.9762350784171807 0.21230996770366994 -0.13849239539004016 0.0 0.0 0.0 1.0" />
		</transform>
	</shape>
	<shape type="ply" name="temp40">
		<string name="filename" value="meshes/Cube_036.ply" />
		<boolean name="face_normals" value="true" />
		<ref id="mat-Material" name="bsdf" />
		<transform name="to_world">
			<matrix value="0.9997258553225289 -0.02325413048602174 0.002727931195720677 0.004715717336269298 0.002276429142576508 0.21249794023232094 0.9771588921758345 -0.2508414658925252 -0.023302676556264154 -0.9768848177913868 0.21249258309650462 0.2419084995510467 0.0 0.0 0.0 1.0" />
		</transform>
	</shape>
	<shape type="ply" name="temp41">
		<string name="filename" value="meshes/Cube_037.ply" />
		<boolean name="face_normals" value="true" />
		<ref id="mat-Material" name="bsdf" />
		<transform name="to_world">
			<matrix value="0.9989599345421407 -0.04550451271632776 0.0029635109623606624 -0.003171216171517166 0.006785887466380156 0.21260588248790735 0.9771144498536949 -0.5692770756387341 -0.04509318702828056 -0.9760779103213655 0.21269346002862274 0.5080582965430085 0.0 0.0 0.0 1.0" />
		</transform>
	</shape>
	<shape type="ply" name="temp42">
		<string name="filename" value="meshes/Cube_038.ply" />
		<boolean name="face_normals" value="true" />
		<ref id="mat-Material" name="bsdf" />
		<transform name="to_world">
			<matrix value="0.9992870465420982 -0.03763502168231395 0.0030514027462518337 0.004007867574952861 0.005025437612029211 0.21265907142544266 0.9771135042723729 -0.9046830387074132 -0.03742260787160898 -0.9764014242120216 0.2126966040865188 0.8542856236851912 0.0 0.0 0.0 1.0" />
		</transform>
	</shape>
	<shape type="ply" name="temp43">
		<string name="filename" value="meshes/Cube_039.ply" />
		<boolean name="face_normals" value="true" />
		<ref id="mat-Material" name="bsdf" />
		<transform name="to_world">
			<matrix value="0.999965594765267 -0.0038920974224801305 -0.00731205345602495 0.019109153857749472 0.008276333023548896 0.4330039765777298 0.9013539980944616 -1.3192818320829662 -0.0003419994147301277 -0.9013837158504443 0.43302133686547595 1.4687588412067223 0.0 0.0 0.0 1.0" />
		</transform>
	</shape>
	<shape type="ply" name="temp47">
		<string name="filename" value="meshes/Plane_001.ply" />
		<boolean name="face_normals" value="true" />
		<ref id="mat-Material.002" name="bsdf" />
	</shape>
	<shape type="ply" name="temp49">
		<string name="filename" value="meshes/Plane_002.ply" />
		<boolean name="face_normals" value="true" />
		<ref id="mat-Material.003" name="bsdf" />
	</shape>
	<shape type="ply" name="temp51">
		<string name="filename" value="meshes/Plane_003.ply" />
		<boolean name="face_normals" value="true" />
		<ref id="mat-Material.004" name="bsdf" />
	</shape>
	<shape type="ply" name="temp53">
		<string name="filename" value="meshes/Plane_004.ply" />
		<boolean name="face_normals" value="true" />
		<ref id="mat-Material.005" name="bsdf" />
	</shape>
	<emitter type="point">
		<transform name="to_world">
			<rotate x="1" angle="-142.5518126578256" />
			<rotate y="1" angle="3.976628485794621e-06" />
			<rotate z="1" angle="-179.999991348578" />
			<translate value="-0.000000 3.030926 4.073377" />
		</transform>
		<rgb name="intensity" value="100" />
	</emitter>
</scene>