<scene version="2.1.0">
	<default name="spp" value="1024" />
	<default name="resx" value="1280" />
	<default name="resy" value="720" />
	<integrator type="path" name="temp0">
		<integer name="max_depth" value="12" />
	</integrator>
	<sensor type="perspective" name="temp44">
		<string name="fov_axis" value="x" />
		<float name="fov" value="83.974423" />
		<float name="principal_point_offset_x" value="0.000000" />
		<float name="principal_point_offset_y" value="-0.000000" />
		<float name="near_clip" value="0.100000" />
		<float name="far_clip" value="1000.000000" />
		<transform name="to_world">
			<rotate x="1" angle="-142.5518126578256" />
			<rotate y="1" angle="3.976628485794621e-06" />
			<rotate z="1" angle="-179.999991348578" />
			<translate value="-0.000000 3.030926 4.073377" />
		</transform>
		<sampler type="independent" name="sampler">
			<integer name="sample_count" value="$spp" />
		</sampler>
		<film type="hdrfilm" name="film">
			<integer name="width" value="$resx" />
			<integer name="height" value="$resy" />
		</film>
		<float name="shutter_open" value="0.0" />
		<float name="shutter_close" value="0.0015" />
	</sensor>
	<bsdf type="twosided" id="mat-Material" name="mat-Material">
		<bsdf type="diffuse" name="bsdf">
			<texture type="bitmap" name="reflectance">
				<string name="filename" value="textures/siggraph_2023_logo.jpg" />
			</texture>
		</bsdf>
	</bsdf>
	<bsdf type="twosided" id="mat-Material.001" name="mat-Material.001">
		<bsdf type="principled" name="bsdf">
			<rgb value="0.433648 0.266232 0.084399" name="base_color" />
			<float name="spec_tint" value="0.000000" />
			<float name="spec_trans" value="0.000000" />
			<float name="metallic" value="0.000000" />
			<float name="anisotropic" value="0.000000" />
			<float name="roughness" value="0.500000" />
			<float name="sheen" value="0.000000" />
			<float name="sheen_tint" value="0.500000" />
			<float name="clearcoat" value="0.000000" />
			<float name="clearcoat_gloss" value="0.173205" />
			<float name="specular" value="0.500000" />
		</bsdf>
	</bsdf>
	<bsdf type="twosided" id="mat-Material.002" name="mat-Material.002">
		<bsdf type="principled" name="bsdf">
			<rgb value="0.433648 0.266232 0.084399" name="base_color" />
			<float name="spec_tint" value="0.000000" />
			<float name="spec_trans" value="0.000000" />
			<float name="metallic" value="0.000000" />
			<float name="anisotropic" value="0.000000" />
			<float name="roughness" value="0.500000" />
			<float name="sheen" value="0.000000" />
			<float name="sheen_tint" value="0.500000" />
			<float name="clearcoat" value="0.000000" />
			<float name="clearcoat_gloss" value="0.173205" />
			<float name="specular" value="0.500000" />
		</bsdf>
	</bsdf>
	<bsdf type="twosided" id="mat-Material.003" name="mat-Material.003">
		<bsdf type="principled" name="bsdf">
			<rgb value="0.433648 0.266232 0.084399" name="base_color" />
			<float name="spec_tint" value="0.000000" />
			<float name="spec_trans" value="0.000000" />
			<float name="metallic" value="0.000000" />
			<float name="anisotropic" value="0.000000" />
			<float name="roughness" value="0.500000" />
			<float name="sheen" value="0.000000" />
			<float name="sheen_tint" value="0.500000" />
			<float name="clearcoat" value="0.000000" />
			<float name="clearcoat_gloss" value="0.173205" />
			<float name="specular" value="0.500000" />
		</bsdf>
	</bsdf>
	<bsdf type="twosided" id="mat-Material.004" name="mat-Material.004">
		<bsdf type="principled" name="bsdf">
			<rgb value="0.433648 0.266232 0.084399" name="base_color" />
			<float name="spec_tint" value="0.000000" />
			<float name="spec_trans" value="0.000000" />
			<float name="metallic" value="0.000000" />
			<float name="anisotropic" value="0.000000" />
			<float name="roughness" value="0.500000" />
			<float name="sheen" value="0.000000" />
			<float name="sheen_tint" value="0.500000" />
			<float name="clearcoat" value="0.000000" />
			<float name="clearcoat_gloss" value="0.173205" />
			<float name="specular" value="0.500000" />
		</bsdf>
	</bsdf>
	<bsdf type="twosided" id="mat-Material.005" name="mat-Material.005">
		<bsdf type="principled" name="bsdf">
			<rgb value="0.433648 0.266232 0.084399" name="base_color" />
			<float name="spec_tint" value="0.000000" />
			<float name="spec_trans" value="0.000000" />
			<float name="metallic" value="0.000000" />
			<float name="anisotropic" value="0.000000" />
			<float name="roughness" value="0.500000" />
			<float name="sheen" value="0.000000" />
			<float name="sheen_tint" value="0.500000" />
			<float name="clearcoat" value="0.000000" />
			<float name="clearcoat_gloss" value="0.173205" />
			<float name="specular" value="0.500000" />
		</bsdf>
	</bsdf>
	<emitter type="point" name="temp45">
		<point name="position" x="-6.815235034541981e-16" y="3.0693089962005615" z="4.109199523925781" />
		<rgb value="7.957747 7.957747 7.957747" name="intensity" />
	</emitter>
	<shape type="ply" name="temp2">
		<string name="filename" value="meshes/Cube.ply" />
		<boolean name="face_normals" value="true" />
		<ref id="mat-Material" name="bsdf" />
		<transform name="to_world">
			<matrix value="0.9798688715256538 -0.14200192731679542 -0.14033140734177707 0.2752694343463613 -0.19960759857240876 -0.710134891317271 -0.6751779229455236 2.126758523799914 -0.0037776781962565622 0.689596869570296 -0.7241836205457801 3.7709246959909457 0.0 0.0 0.0 1.0" />
		</transform>
	</shape>
	<shape type="ply" name="temp4">
		<string name="filename" value="meshes/Plane.ply" />
		<boolean name="face_normals" value="true" />
		<ref id="mat-Material.001" name="bsdf" />
	</shape>
	<shape type="ply" name="temp5">
		<string name="filename" value="meshes/Cube_001.ply" />
		<boolean name="face_normals" value="true" />
		<ref id="mat-Material" name="bsdf" />
		<transform name="to_world">
			<matrix value="0.9978210262983864 -0.037287614486580745 -0.05443472912168261 0.05648670769605424 -0.054471594444946786 2.7571893713901923e-05 -0.9985154373242696 1.172816597315283 0.037233758312988564 0.9993045807147343 -0.002003604083209265 1.0240222923347413 0.0 0.0 0.0 1.0" />
		</transform>
	</shape>
	<shape type="ply" name="temp6">
		<string name="filename" value="meshes/Cube_002.ply" />
		<boolean name="face_normals" value="true" />
		<ref id="mat-Material" name="bsdf" />
		<transform name="to_world">
			<matrix value="0.999872346536602 -0.013466074844135555 0.00861859551860644 -0.026987213161087542 0.011365559627464644 0.2195407813142048 -0.9755371020107314 0.6532378516653747 0.011244528187480386 0.9755103530702532 0.21966575118634998 0.5378653147455552 0.0 0.0 0.0 1.0" />
		</transform>
	</shape>
	<shape type="ply" name="temp7">
		<string name="filename" value="meshes/Cube_003.ply" />
		<boolean name="face_normals" value="true" />
		<ref id="mat-Material" name="bsdf" />
		<transform name="to_world">
			<matrix value="0.9950210716862845 -0.05966912309171651 0.07983143594561205 -0.04461731685737025 0.0921378763782585 0.24530550265631815 -0.965057460612992 0.13043406354375464 0.03800104427624919 0.967607728456916 0.24958193485795716 0.22318104141671968 0.0 0.0 0.0 1.0" />
		</transform>
	</shape>
	<shape type="ply" name="temp8">
		<string name="filename" value="meshes/Cube_004.ply" />
		<boolean name="face_normals" value="true" />
		<ref id="mat-Material" name="bsdf" />
		<transform name="to_world">
			<matrix value="0.9828798089453165 -0.11857749836782967 0.14102220177665273 0.027480055801814007 0.1666504440390265 0.2456859599977473 -0.954916810119233 -0.3901425251190952 0.07858449152256895 0.96206961284711 0.26124047976905124 -0.177266143744219 0.0 0.0 0.0 1.0" />
		</transform>
	</shape>
	<shape type="ply" name="temp9">
		<string name="filename" value="meshes/Cube_005.ply" />
		<boolean name="face_normals" value="true" />
		<ref id="mat-Material" name="bsdf" />
		<transform name="to_world">
			<matrix value="0.981226519297835 -0.16192176845916864 0.10476738463080486 0.0901483579970952 0.1403592824456985 0.22700558796720227 -0.9637260821114453 -0.6518974042068907 0.13226547665271343 0.9603383650763522 0.24547102006003496 -0.6340787058815679 0.0 0.0 0.0 1.0" />
		</transform>
	</shape>
	<shape type="ply" name="temp10">
		<string name="filename" value="meshes/Cube_006.ply" />
		<boolean name="face_normals" value="true" />
		<ref id="mat-Material" name="bsdf" />
		<transform name="to_world">
			<matrix value="0.9861123669611561 -0.1579612575950674 -0.051291805923215965 0.04508884216449216 -0.014799083199917734 0.22403409932356189 -0.9744690679073955 -0.5874607529366643 0.16541947459962023 0.9616947872755375 0.21858511721189672 -1.0415771991863254 0.0 0.0 0.0 1.0" />
		</transform>
	</shape>
	<shape type="ply" name="temp11">
		<string name="filename" value="meshes/Cube_007.ply" />
		<boolean name="face_normals" value="true" />
		<ref id="mat-Material" name="bsdf" />
		<transform name="to_world">
			<matrix value="0.9342992445397118 -0.2517776577260582 -0.2523756548741644 0.1860847922891673 -0.20235325613844726 0.20828479234413036 -0.9569067860116374 -0.4124327997933108 0.29349379550978943 0.9451060962865778 0.14365226530553388 -1.7461353166121565 0.0 0.0 0.0 1.0" />
		</transform>
	</shape>
	<shape type="ply" name="temp12">
		<string name="filename" value="meshes/Cube_008.ply" />
		<boolean name="face_normals" value="true" />
		<ref id="mat-Material" name="bsdf" />
		<transform name="to_world">
			<matrix value="0.3179965232160872 0.9008101405230872 -0.29566767733550314 1.7772101183350415 -0.5203181762575196 -0.09488059604983491 -0.8486852400901895 0.24852485334493013 -0.7925573598427026 0.423720180300069 0.43853626848079597 1.0318937171329714 0.0 0.0 0.0 1.0" />
		</transform>
	</shape>
	<shape type="ply" name="temp13">
		<string name="filename" value="meshes/Cube_009.ply" />
		<boolean name="face_normals" value="true" />
		<ref id="mat-Material" name="bsdf" />
		<transform name="to_world">
			<matrix value="-0.05904593219828129 0.9914551450389322 0.11631929160829671 2.58497473801973 -0.8919089866265267 -6.276899522968235e-05 -0.45221528428193264 1.2180079801714807 -0.448343784960649 -0.13044766312838557 0.8842913411699961 0.809440891031141 0.0 0.0 0.0 1.0" />
		</transform>
	</shape>
	<shape type="ply" name="temp14">
		<string name="filename" value="meshes/Cube_010.ply" />
		<boolean name="face_normals" value="true" />
		<ref id="mat-Material" name="bsdf" />
		<transform name="to_world">
			<matrix value="0.020533919475486103 0.9971620051603699 0.07243039457690201 1.8791503507656815 -0.9839059123056166 0.0072924369502506145 0.1785396773014622 2.1340826739433547 0.17750480030211319 -0.07493078137678 0.9812633061021672 -0.4355044744064216 0.0 0.0 0.0 1.0" />
		</transform>
	</shape>
	<shape type="ply" name="temp15">
		<string name="filename" value="meshes/Cube_011.ply" />
		<boolean name="face_normals" value="true" />
		<ref id="mat-Material" name="bsdf" />
		<transform name="to_world">
			<matrix value="-0.0064598724883737834 0.9998181146920361 0.017946684342733516 1.4458534074580789 -0.8281420924884801 -0.015408142704876488 0.5603063399809276 2.2594040478198787 0.5604811471791243 -0.011242904491440752 0.8280911880803801 -1.3651274005668976 0.0 0.0 0.0 1.0" />
		</transform>
	</shape>
	<shape type="ply" name="temp16">
		<string name="filename" value="meshes/Cube_012.ply" />
		<boolean name="face_normals" value="true" />
		<ref id="mat-Material" name="bsdf" />
		<transform name="to_world">
			<matrix value="0.09498485888086919 0.9900793245213517 0.10354127296994328 1.100570629120998 -0.7327539284466879 -0.0008672153818235671 0.6804932719524978 1.8502367220736513 0.6738321037822657 -0.14050679671188074 0.7254022384746639 -1.8392983685124744 0.0 0.0 0.0 1.0" />
		</transform>
	</shape>
	<shape type="ply" name="temp17">
		<string name="filename" value="meshes/Cube_013.ply" />
		<boolean name="face_normals" value="true" />
		<ref id="mat-Material" name="bsdf" />
		<transform name="to_world">
			<matrix value="0.8767022677992367 0.20762470720011347 0.4339187584895473 0.7366468786149163 -0.4612682548885071 0.10693266697676165 0.8807936358594695 1.509447552413146 0.13647445069119032 -0.9723463413311418 0.18951877475354603 -1.4321312555826777 0.0 0.0 0.0 1.0" />
		</transform>
	</shape>
	<shape type="ply" name="temp18">
		<string name="filename" value="meshes/Cube_014.ply" />
		<boolean name="face_normals" value="true" />
		<ref id="mat-Material" name="bsdf" />
		<transform name="to_world">
			<matrix value="0.9419464848313999 0.29344962590447266 0.16317003301497185 0.10534180183934161 -0.21651795924663184 0.15944001435058391 0.9631712622706905 1.0215194290185252 0.2566264558256963 -0.9425847320633345 0.213721070530438 -0.8379458558317834 0.0 0.0 0.0 1.0" />
		</transform>
	</shape>
	<shape type="ply" name="temp19">
		<string name="filename" value="meshes/Cube_015.ply" />
		<boolean name="face_normals" value="true" />
		<ref id="mat-Material" name="bsdf" />
		<transform name="to_world">
			<matrix value="0.9834187902352193 0.12784620262273608 0.12861943708598314 0.03300486079503817 -0.14965347403581744 0.17152900465768225 0.9737461709866337 0.6393992333976627 0.10242780930700125 -0.976848628455456 0.1878174848387855 -0.2967464462281591 0.0 0.0 0.0 1.0" />
		</transform>
	</shape>
	<shape type="ply" name="temp20">
		<string name="filename" value="meshes/Cube_016.ply" />
		<boolean name="face_normals" value="true" />
		<ref id="mat-Material" name="bsdf" />
		<transform name="to_world">
			<matrix value="0.9846394764789629 0.03593655289796276 0.17086292805875464 0.06097916872188891 -0.17453003136374676 0.17463302761861654 0.9690421403044109 0.33220184214182114 0.004985732066018116 -0.98397761475774 0.17822257660508883 0.1496223495154187 0.0 0.0 0.0 1.0" />
		</transform>
	</shape>
	<shape type="ply" name="temp21">
		<string name="filename" value="meshes/Cube_017.ply" />
		<boolean name="face_normals" value="true" />
		<ref id="mat-Material" name="bsdf" />
		<transform name="to_world">
			<matrix value="0.9477835280935133 -0.07385115023684721 0.3102464137646382 0.20279038329626398 -0.2947341616624736 0.16874373987063618 0.9405624128587713 0.13576876665331472 -0.12181376068876136 -0.982889431670988 0.13816607339318548 0.3897794567348973 0.0 0.0 0.0 1.0" />
		</transform>
	</shape>
	<shape type="ply" name="temp22">
		<string name="filename" value="meshes/Cube_018.ply" />
		<boolean name="face_normals" value="true" />
		<ref id="mat-Material" name="bsdf" />
		<transform name="to_world">
			<matrix value="0.25719469103429443 0.9572075182041747 0.13268167808534911 0.851949644592873 -0.45283736416873666 -0.0019122319955446442 0.8915912289767722 -0.09605364825023903 0.8536918445393572 -0.2893955859439368 0.43296774007482386 -0.13788459702270883 0.0 0.0 0.0 1.0" />
		</transform>
	</shape>
	<shape type="ply" name="temp23">
		<string name="filename" value="meshes/Cube_019.ply" />
		<boolean name="face_normals" value="true" />
		<ref id="mat-Material" name="bsdf" />
		<transform name="to_world">
			<matrix value="-0.07824386066624471 0.9841100656414065 -0.15939054447045317 0.5035531487755867 -0.9180744006935838 -0.008805457810743331 0.3963103889601489 -0.0364686792470544 0.3886095435147608 0.17734119973384674 0.9041752616068925 -0.054678472203927075 0.0 0.0 0.0 1.0" />
		</transform>
	</shape>
	<shape type="ply" name="temp24">
		<string name="filename" value="meshes/Cube_020.ply" />
		<boolean name="face_normals" value="true" />
		<ref id="mat-Material" name="bsdf" />
		<transform name="to_world">
			<matrix value="0.09473998536398548 0.9495054916632472 -0.29910486537396413 0.11656687764308948 -0.9588413657129822 0.006248237960160597 -0.283873442278907 0.1489142502728994 -0.2676704530310775 0.3136882661025077 0.9110172514393285 0.11449778585855497 0.0 0.0 0.0 1.0" />
		</transform>
	</shape>
	<shape type="ply" name="temp25">
		<string name="filename" value="meshes/Cube_021.ply" />
		<boolean name="face_normals" value="true" />
		<ref id="mat-Material" name="bsdf" />
		<transform name="to_world">
			<matrix value="0.19448036175573155 0.9357798854039127 -0.2940973031547902 -0.1615360046281936 -0.7940887581622866 -0.025814948385872186 -0.6072537434382566 0.100186935181729 -0.5758478760768544 0.3516383235681225 0.7380716098191056 0.2979852933051438 0.0 0.0 0.0 1.0" />
		</transform>
	</shape>
	<shape type="ply" name="temp26">
		<string name="filename" value="meshes/Cube_022.ply" />
		<boolean name="face_normals" value="true" />
		<ref id="mat-Material" name="bsdf" />
		<transform name="to_world">
			<matrix value="0.6372070840580326 0.3998204091167925 -0.658871136650212 -0.08319988242363274 -0.7124366386715529 -0.020478099715699916 -0.7014378982374837 -0.19605159115501922 -0.29394155776230574 0.916364671699105 0.2717978952305351 0.6808481885965227 0.0 0.0 0.0 1.0" />
		</transform>
	</shape>
	<shape type="ply" name="temp27">
		<string name="filename" value="meshes/Cube_023.ply" />
		<boolean name="face_normals" value="true" />
		<ref id="mat-Material" name="bsdf" />
		<transform name="to_world">
			<matrix value="0.8577319880076664 0.27817710038942645 -0.43233490977499417 -0.06434923391090064 -0.4804295716339821 0.13439582581561588 -0.8666749247435466 -0.2872189498222455 -0.18298516737673906 0.9510809869363798 0.24892002793247225 0.2078974719869271 0.0 0.0 0.0 1.0" />
		</transform>
	</shape>
	<shape type="ply" name="temp28">
		<string name="filename" value="meshes/Cube_024.ply" />
		<boolean name="face_normals" value="true" />
		<ref id="mat-Material" name="bsdf" />
		<transform name="to_world">
			<matrix value="0.8562431408425484 0.4404661436768783 -0.2698840386345617 -0.1907125091128059 -0.3777762855324302 0.17759200121813098 -0.9087057781165061 -0.5121917634184937 -0.3523248887021366 0.8800287011678622 0.3184594967332529 -0.3401042457826322 0.0 0.0 0.0 1.0" />
		</transform>
	</shape>
	<shape type="ply" name="temp29">
		<string name="filename" value="meshes/Cube_025.ply" />
		<boolean name="face_normals" value="true" />
		<ref id="mat-Material" name="bsdf" />
		<transform name="to_world">
			<matrix value="0.8998376850753599 0.3646735763615847 -0.2393864406475152 -0.2659292786097064 -0.3213316472438376 0.1829783302010959 -0.9291206424657735 -0.7932615043998223 -0.2950231992440078 0.9129797694311704 0.28183193143022484 -0.7047173891066038 0.0 0.0 0.0 1.0" />
		</transform>
	</shape>
	<shape type="ply" name="temp30">
		<string name="filename" value="meshes/Cube_026.ply" />
		<boolean name="face_normals" value="true" />
		<ref id="mat-Material" name="bsdf" />
		<transform name="to_world">
			<matrix value="0.9230435777010675 0.23681341946464815 -0.3031675555919079 -0.33024215244505684 -0.34990089126938956 0.18930270345811528 -0.9174606791826962 -1.14715703460642 -0.15987661051687244 0.9529342563873657 0.25759573656293483 -0.8866029742076522 0.0 0.0 0.0 1.0" />
		</transform>
	</shape>
	<shape type="ply" name="temp31">
		<string name="filename" value="meshes/Cube_027.ply" />
		<boolean name="face_normals" value="true" />
		<ref id="mat-Material" name="bsdf" />
		<transform name="to_world">
			<matrix value="0.8732383378809879 0.17299468319208716 -0.4555524771630291 -0.5906865984472661 -0.4831054187122248 0.18503373847312293 -0.8557875014006423 -1.5834305618895652 -0.06375408446758754 0.9673857950077489 0.24515306834047168 -1.0239871123903508 0.0 0.0 0.0 1.0" />
		</transform>
	</shape>
	<shape type="ply" name="temp32">
		<string name="filename" value="meshes/Cube_028.ply" />
		<boolean name="face_normals" value="true" />
		<ref id="mat-Material" name="bsdf" />
		<transform name="to_world">
			<matrix value="-0.10575371391795074 0.9845624844865599 0.13947376508261308 -1.4868304420201977 -0.7968519237554231 -3.555544894592041e-06 -0.6041746942580992 -2.1220805781517167 -0.59484740978712 -0.17503361332268164 0.7845509505219846 -1.358567823823093 0.0 0.0 0.0 1.0" />
		</transform>
	</shape>
	<shape type="ply" name="temp33">
		<string name="filename" value="meshes/Cube_029.ply" />
		<boolean name="face_normals" value="true" />
		<ref id="mat-Material" name="bsdf" />
		<transform name="to_world">
			<matrix value="-0.0013445278328874325 0.977445804644333 0.21118213740147634 -1.5845111675232797 -0.9986605251167054 -0.012235914839296405 0.05027516416473729 -1.8200575543287298 0.051725272017119746 -0.2108315621069494 0.9761529118467629 -0.11543458759119019 0.0 0.0 0.0 1.0" />
		</transform>
	</shape>
	<shape type="ply" name="temp34">
		<string name="filename" value="meshes/Cube_030.ply" />
		<boolean name="face_normals" value="true" />
		<ref id="mat-Material" name="bsdf" />
		<transform name="to_world">
			<matrix value="-0.041012014186820704 0.9786909785112243 -0.20120167114007767 -3.2240525930982 -0.9760894130206974 0.003777261595049495 0.21733515786390398 -1.9252810021525075 0.2134638769879456 0.20530419219053975 0.955135441651748 0.24365833590487251 0.0 0.0 0.0 1.0" />
		</transform>
	</shape>
	<shape type="ply" name="temp35">
		<string name="filename" value="meshes/Cube_031.ply" />
		<boolean name="face_normals" value="true" />
		<ref id="mat-Material" name="bsdf" />
		<transform name="to_world">
			<matrix value="0.13407416666223426 0.9773671684504082 0.16363878131588042 -1.8959132112710295 -0.775803729254096 0.0007811118782369641 0.630973887298999 -1.1710454458053827 0.6165653417300945 -0.21154888271943564 0.7583498376673266 0.599081869081123 0.0 0.0 0.0 1.0" />
		</transform>
	</shape>
	<shape type="ply" name="temp36">
		<string name="filename" value="meshes/Cube_032.ply" />
		<boolean name="face_normals" value="true" />
		<ref id="mat-Material" name="bsdf" />
		<transform name="to_world">
			<matrix value="0.7430264863206903 0.6137360952645159 0.2669075850278545 -0.653679540046574 -0.3351084699845929 -0.004037920583701658 0.9421710830830301 0.09392827877328773 0.5793220005425271 -0.7895009208986636 0.20266783950269987 -0.11250240662019362 0.0 0.0 0.0 1.0" />
		</transform>
	</shape>
	<shape type="ply" name="temp37">
		<string name="filename" value="meshes/Cube_033.ply" />
		<boolean name="face_normals" value="true" />
		<ref id="mat-Material" name="bsdf" />
		<transform name="to_world">
			<matrix value="0.9766553728810855 0.16951326907553457 0.13194677228179646 -0.14236228721496325 -0.1500669294200455 0.09890328582483528 0.9837166168424109 0.3005524973801461 0.15370305854152372 -0.9805524557645336 0.12203275399141696 -0.3815134649433164 0.0 0.0 0.0 1.0" />
		</transform>
	</shape>
	<shape type="ply" name="temp38">
		<string name="filename" value="meshes/Cube_034.ply" />
		<boolean name="face_normals" value="true" />
		<ref id="mat-Material" name="bsdf" />
		<transform name="to_world">
			<matrix value="0.9999237625149151 0.0013394476276690941 0.012274260188993339 -0.033863030780584946 -0.012315270368262512 0.17956247405735645 0.9836695741716354 0.3693758327057617 -0.0008864247633535274 -0.9837456692732723 0.17956530208250102 -0.3686788264566728 0.0 0.0 0.0 1.0" />
		</transform>
	</shape>
	<shape type="ply" name="temp39">
		<string name="filename" value="meshes/Cube_035.ply" />
		<boolean name="face_normals" value="true" />
		<ref id="mat-Material" name="bsdf" />
		<transform name="to_world">
			<matrix value="0.9988528917941871 -0.047775284039355645 0.00330234820937629 0.008908123397298962 0.006540568979853801 0.20440723536417738 0.9788641298926151 0.09143134521844035 -0.047440548058869526 -0.9777192583584852 0.20448519952475083 -0.151407545778469 0.0 0.0 0.0 1.0" />
		</transform>
	</shape>
	<shape type="ply" name="temp40">
		<string name="filename" value="meshes/Cube_036.ply" />
		<boolean name="face_normals" value="true" />
		<ref id="mat-Material" name="bsdf" />
		<transform name="to_world">
			<matrix value="0.9988595404120726 -0.04763378060710479 0.0032864388036315997 0.002892923163364536 0.006688771104929375 0.20774760493343042 0.9781596718076347 -0.23917583272445353 -0.047276194224744564 -0.9770219618166004 0.2078292715099657 0.18572660015026235 0.0 0.0 0.0 1.0" />
		</transform>
	</shape>
	<shape type="ply" name="temp41">
		<string name="filename" value="meshes/Cube_037.ply" />
		<boolean name="face_normals" value="true" />
		<ref id="mat-Material" name="bsdf" />
		<transform name="to_world">
			<matrix value="0.9988351621464929 -0.04813052356687101 0.0034434289426367817 -0.005546412462476447 0.006643219207591125 0.2078438664811659 0.9781395782045397 -0.5703257611298298 -0.047794077233891286 -0.9769771162418157 0.20792151296793862 0.5206855074820826 0.0 0.0 0.0 1.0" />
		</transform>
	</shape>
	<shape type="ply" name="temp42">
		<string name="filename" value="meshes/Cube_038.ply" />
		<boolean name="face_normals" value="true" />
		<ref id="mat-Material" name="bsdf" />
		<transform name="to_world">
			<matrix value="0.9990151180705888 -0.04423406887028783 0.003559711805724644 0.009323797682024182 0.005719420346898287 0.2078865636400423 0.9781362686699122 -0.9038584771339888 -0.0440069624326495 -0.9771521182755103 0.20793475110644832 0.8668373011540487 0.0 0.0 0.0 1.0" />
		</transform>
	</shape>
	<shape type="ply" name="temp43">
		<string name="filename" value="meshes/Cube_039.ply" />
		<boolean name="face_normals" value="true" />
		<ref id="mat-Material" name="bsdf" />
		<transform name="to_world">
			<matrix value="0.9999420540017561 -0.009816124693685016 -0.004477315448165063 0.022050069257338656 0.008286646912901102 0.43301628082356436 0.9013479921621265 -1.3192514905944728 -0.006909004442588051 -0.9013326305982614 0.43307236346476374 1.4764074888775605 0.0 0.0 0.0 1.0" />
		</transform>
	</shape>
	<shape type="ply" name="temp47">
		<string name="filename" value="meshes/Plane_001.ply" />
		<boolean name="face_normals" value="true" />
		<ref id="mat-Material.002" name="bsdf" />
	</shape>
	<shape type="ply" name="temp49">
		<string name="filename" value="meshes/Plane_002.ply" />
		<boolean name="face_normals" value="true" />
		<ref id="mat-Material.003" name="bsdf" />
	</shape>
	<shape type="ply" name="temp51">
		<string name="filename" value="meshes/Plane_003.ply" />
		<boolean name="face_normals" value="true" />
		<ref id="mat-Material.004" name="bsdf" />
	</shape>
	<shape type="ply" name="temp53">
		<string name="filename" value="meshes/Plane_004.ply" />
		<boolean name="face_normals" value="true" />
		<ref id="mat-Material.005" name="bsdf" />
	</shape>
	<emitter type="point">
		<transform name="to_world">
			<rotate x="1" angle="-142.5518126578256" />
			<rotate y="1" angle="3.976628485794621e-06" />
			<rotate z="1" angle="-179.999991348578" />
			<translate value="-0.000000 3.030926 4.073377" />
		</transform>
		<rgb name="intensity" value="100" />
	</emitter>
</scene>