<scene version="2.1.0">
	<default name="spp" value="1024" />
	<default name="resx" value="640" />
	<default name="resy" value="360" />
	<integrator type="path" name="temp0">
		<integer name="max_depth" value="12" />
	</integrator>
	<sensor type="perspective" name="temp44">
		<string name="fov_axis" value="x" />
		<float name="fov" value="83.974423" />
		<float name="principal_point_offset_x" value="0.000000" />
		<float name="principal_point_offset_y" value="-0.000000" />
		<float name="near_clip" value="0.100000" />
		<float name="far_clip" value="1000.000000" />
		<transform name="to_world">
			<rotate x="1" angle="-142.5518126578256" />
			<rotate y="1" angle="3.976628485794621e-06" />
			<rotate z="1" angle="-179.999991348578" />
			<translate value="-0.000000 3.030926 4.073377" />
		</transform>
		<sampler type="independent" name="sampler">
			<integer name="sample_count" value="$spp" />
		</sampler>
		<film type="hdrfilm" name="film">
			<integer name="width" value="$resx" />
			<integer name="height" value="$resy" />
		</film>
		<float name="shutter_open" value="0.0" />
		<float name="shutter_close" value="0.0015" />
	</sensor>
	<bsdf type="twosided" id="mat-Material" name="mat-Material">
		<bsdf type="diffuse" name="bsdf">
			<texture type="bitmap" name="reflectance">
				<string name="filename" value="textures/siggraph_2023_logo.jpg" />
			</texture>
		</bsdf>
	</bsdf>
	<bsdf type="twosided" id="mat-Material.001" name="mat-Material.001">
		<bsdf type="principled" name="bsdf">
			<rgb value="0.433648 0.266232 0.084399" name="base_color" />
			<float name="spec_tint" value="0.000000" />
			<float name="spec_trans" value="0.000000" />
			<float name="metallic" value="0.000000" />
			<float name="anisotropic" value="0.000000" />
			<float name="roughness" value="0.500000" />
			<float name="sheen" value="0.000000" />
			<float name="sheen_tint" value="0.500000" />
			<float name="clearcoat" value="0.000000" />
			<float name="clearcoat_gloss" value="0.173205" />
			<float name="specular" value="0.500000" />
		</bsdf>
	</bsdf>
	<bsdf type="twosided" id="mat-Material.002" name="mat-Material.002">
		<bsdf type="principled" name="bsdf">
			<rgb value="0.433648 0.266232 0.084399" name="base_color" />
			<float name="spec_tint" value="0.000000" />
			<float name="spec_trans" value="0.000000" />
			<float name="metallic" value="0.000000" />
			<float name="anisotropic" value="0.000000" />
			<float name="roughness" value="0.500000" />
			<float name="sheen" value="0.000000" />
			<float name="sheen_tint" value="0.500000" />
			<float name="clearcoat" value="0.000000" />
			<float name="clearcoat_gloss" value="0.173205" />
			<float name="specular" value="0.500000" />
		</bsdf>
	</bsdf>
	<bsdf type="twosided" id="mat-Material.003" name="mat-Material.003">
		<bsdf type="principled" name="bsdf">
			<rgb value="0.433648 0.266232 0.084399" name="base_color" />
			<float name="spec_tint" value="0.000000" />
			<float name="spec_trans" value="0.000000" />
			<float name="metallic" value="0.000000" />
			<float name="anisotropic" value="0.000000" />
			<float name="roughness" value="0.500000" />
			<float name="sheen" value="0.000000" />
			<float name="sheen_tint" value="0.500000" />
			<float name="clearcoat" value="0.000000" />
			<float name="clearcoat_gloss" value="0.173205" />
			<float name="specular" value="0.500000" />
		</bsdf>
	</bsdf>
	<bsdf type="twosided" id="mat-Material.004" name="mat-Material.004">
		<bsdf type="principled" name="bsdf">
			<rgb value="0.433648 0.266232 0.084399" name="base_color" />
			<float name="spec_tint" value="0.000000" />
			<float name="spec_trans" value="0.000000" />
			<float name="metallic" value="0.000000" />
			<float name="anisotropic" value="0.000000" />
			<float name="roughness" value="0.500000" />
			<float name="sheen" value="0.000000" />
			<float name="sheen_tint" value="0.500000" />
			<float name="clearcoat" value="0.000000" />
			<float name="clearcoat_gloss" value="0.173205" />
			<float name="specular" value="0.500000" />
		</bsdf>
	</bsdf>
	<bsdf type="twosided" id="mat-Material.005" name="mat-Material.005">
		<bsdf type="principled" name="bsdf">
			<rgb value="0.433648 0.266232 0.084399" name="base_color" />
			<float name="spec_tint" value="0.000000" />
			<float name="spec_trans" value="0.000000" />
			<float name="metallic" value="0.000000" />
			<float name="anisotropic" value="0.000000" />
			<float name="roughness" value="0.500000" />
			<float name="sheen" value="0.000000" />
			<float name="sheen_tint" value="0.500000" />
			<float name="clearcoat" value="0.000000" />
			<float name="clearcoat_gloss" value="0.173205" />
			<float name="specular" value="0.500000" />
		</bsdf>
	</bsdf>
	<emitter type="point" name="temp45">
		<point name="position" x="-6.815235034541981e-16" y="3.0693089962005615" z="4.109199523925781" />
		<rgb value="7.957747 7.957747 7.957747" name="intensity" />
	</emitter>
	<shape type="ply" name="temp2">
		<string name="filename" value="meshes/Cube.ply" />
		<boolean name="face_normals" value="true" />
		<ref id="mat-Material" name="bsdf" />
		<transform name="to_world">
			<matrix value="1.0 8.680017437628149e-05 0.0007657435744203232 -0.0014615853886721375 -8.552959344144873e-05 0.9999985399115188 -0.0016590058819886142 -0.01540510340780682 -0.0007658853210927846 0.001658940017479345 0.9999983452326863 0.0016860100055171579 0.0 0.0 0.0 1.0" />
			<scale value="1" />
		</transform>
	</shape>
	<shape type="ply" name="temp4">
		<string name="filename" value="meshes/Plane.ply" />
		<boolean name="face_normals" value="true" />
		<ref id="mat-Material.001" name="bsdf" />
		<transform name="to_world">
			<scale value="1" />
		</transform>
	</shape>
	<shape type="ply" name="temp5">
		<string name="filename" value="meshes/Cube_001.ply" />
		<boolean name="face_normals" value="true" />
		<ref id="mat-Material" name="bsdf" />
		<transform name="to_world">
			<matrix value="1.0 0.0002640006841557456 -0.000555337546528511 0.0011697600060016633 -0.00026654220453985357 0.999989362212493 -0.004580183168557908 -0.012415791142500077 0.0005541224090336101 0.004580322596120754 0.999989362210126 -0.0012691182019611835 0.0 0.0 0.0 1.0" />
			<scale value="1" />
		</transform>
	</shape>
	<shape type="ply" name="temp6">
		<string name="filename" value="meshes/Cube_002.ply" />
		<boolean name="face_normals" value="true" />
		<ref id="mat-Material" name="bsdf" />
		<transform name="to_world">
			<matrix value="1.0 0.00010095364636239814 0.0001255802914376193 -0.0007882942006083304 -0.00010143397390550453 0.9999926995575932 0.0038303371801157488 -0.019869513490055835 -0.00012519258829807794 -0.0038303544051912406 0.9999926717447536 0.0002442368726566224 0.0 0.0 0.0 1.0" />
			<scale value="1" />
		</transform>
	</shape>
	<shape type="ply" name="temp7">
		<string name="filename" value="meshes/Cube_003.ply" />
		<boolean name="face_normals" value="true" />
		<ref id="mat-Material" name="bsdf" />
		<transform name="to_world">
			<matrix value="1.0 0.0004921144792803015 0.0005725944056572239 -0.0008197546850334803 -0.000494577387252738 0.9999906137169057 0.004308659491910788 -0.017754109741545343 -0.0005704691442076354 -0.00430894846513413 0.9999907805821093 0.0015870909996721916 0.0 0.0 0.0 1.0" />
			<scale value="1" />
		</transform>
	</shape>
	<shape type="ply" name="temp8">
		<string name="filename" value="meshes/Cube_004.ply" />
		<boolean name="face_normals" value="true" />
		<ref id="mat-Material" name="bsdf" />
		<transform name="to_world">
			<matrix value="1.0 0.00035804289739958247 0.0003547939318264234 -0.0005332817476277896 -0.0003582665368856455 0.9999997914159312 0.000627828174635632 -0.016886447088231837 -0.0003545685756178339 -0.0006279548540641563 0.9999997636046695 0.001223387969202419 0.0 0.0 0.0 1.0" />
			<scale value="1" />
		</transform>
	</shape>
	<shape type="ply" name="temp9">
		<string name="filename" value="meshes/Cube_005.ply" />
		<boolean name="face_normals" value="true" />
		<ref id="mat-Material" name="bsdf" />
		<transform name="to_world">
			<matrix value="1.0 0.00010973107256014001 0.0005305042170563013 -0.0004319016345686322 -0.00011037104606694361 0.9999991656637249 0.0012068856286295549 -0.01701499659162009 -0.0005303691135353449 -0.001206944597985495 0.9999992908140084 0.0012284041633070508 0.0 0.0 0.0 1.0" />
			<scale value="1" />
		</transform>
	</shape>
	<shape type="ply" name="temp10">
		<string name="filename" value="meshes/Cube_006.ply" />
		<boolean name="face_normals" value="true" />
		<ref id="mat-Material" name="bsdf" />
		<transform name="to_world">
			<matrix value="1.0 0.00024599987902124013 -0.0005006309391371854 -0.0007879440269955573 -0.00024640487068881454 0.9999995828318625 -0.0008079141374336261 -0.017743016738801298 0.0005004326034037378 0.0008080379956739665 0.9999995272093389 -0.001282262440913895 0.0 0.0 0.0 1.0" />
			<scale value="1" />
		</transform>
	</shape>
	<shape type="ply" name="temp11">
		<string name="filename" value="meshes/Cube_007.ply" />
		<boolean name="face_normals" value="true" />
		<ref id="mat-Material" name="bsdf" />
		<transform name="to_world">
			<matrix value="1.0 0.000548042125638528 -2.7921361674927108e-05 0.0004581822804676783 -0.0005480898964056685 0.99999833132745 -0.001745935536884527 -0.018125295871076808 2.696457793687182e-05 0.00174595086176508 0.9999985816280168 -6.62268114104414e-05 0.0 0.0 0.0 1.0" />
			<scale value="1" />
		</transform>
	</shape>
	<shape type="ply" name="temp12">
		<string name="filename" value="meshes/Cube_008.ply" />
		<boolean name="face_normals" value="true" />
		<ref id="mat-Material" name="bsdf" />
		<transform name="to_world">
			<matrix value="0.9999986702764229 -0.0017777912198622093 0.0001268911035454099 0.0002758699645091234 0.0017775301536983158 0.999996454070831 0.0020246834548326535 -0.019171623226459877 -0.00013049020702909613 -0.0020244543962221256 0.9999978724420252 0.0004226993262175238 0.0 0.0 0.0 1.0" />
			<scale value="1" />
		</transform>
	</shape>
	<shape type="ply" name="temp13">
		<string name="filename" value="meshes/Cube_009.ply" />
		<boolean name="face_normals" value="true" />
		<ref id="mat-Material" name="bsdf" />
		<transform name="to_world">
			<matrix value="0.9999986702764229 -0.0017543338554887856 0.00040604916739200636 0.0009384224424815457 0.0017539452898531454 0.9999979141593124 0.0009548314714049117 -0.019964150990571083 -0.0004077247188521117 -0.0009541177623935439 0.9999995272093389 0.0006944062067815171 0.0 0.0 0.0 1.0" />
			<scale value="1" />
		</transform>
	</shape>
	<shape type="ply" name="temp14">
		<string name="filename" value="meshes/Cube_010.ply" />
		<boolean name="face_normals" value="true" />
		<ref id="mat-Material" name="bsdf" />
		<transform name="to_world">
			<matrix value="0.999997340552846 0.000270089253123025 0.002416456708213934 0.004511989837309605 -0.0002707782606151833 1.0 0.00028436939890813724 -0.016831620057687957 -0.0024163736842385207 -0.00028502178660598266 0.9999971632560337 0.0040600675148496634 0.0 0.0 0.0 1.0" />
			<scale value="1" />
		</transform>
	</shape>
	<shape type="ply" name="temp15">
		<string name="filename" value="meshes/Cube_011.ply" />
		<boolean name="face_normals" value="true" />
		<ref id="mat-Material" name="bsdf" />
		<transform name="to_world">
			<matrix value="0.9999991135176153 -0.0012132688669504801 -0.00045984328880748485 -0.0008686473081216395 0.0012131334138259337 0.9999991656637249 -0.00029847038037427055 -0.019995085751762176 0.0004602040327856645 0.0002979122820557212 1.0 -0.0007106790801638674 0.0 0.0 0.0 1.0" />
			<scale value="1" />
		</transform>
	</shape>
	<shape type="ply" name="temp16">
		<string name="filename" value="meshes/Cube_012.ply" />
		<boolean name="face_normals" value="true" />
		<ref id="mat-Material" name="bsdf" />
		<transform name="to_world">
			<matrix value="1.0 -0.00017251404292242968 -0.00015426071851887925 -0.0004864744510690855 0.00017248686676347056 1.0 -0.00017701896977969373 -0.018229368670254376 0.00015429137257613553 0.0001769923428788356 1.0 -0.00019537524977608633 0.0 0.0 0.0 1.0" />
			<scale value="1" />
		</transform>
	</shape>
	<shape type="ply" name="temp17">
		<string name="filename" value="meshes/Cube_013.ply" />
		<boolean name="face_normals" value="true" />
		<ref id="mat-Material" name="bsdf" />
		<transform name="to_world">
			<matrix value="0.9999991135176153 -0.0014431618841816102 0.00020000912485975845 -0.0002000465918051697 0.0014438980758013358 0.9999920738053869 -0.0037322331179456677 -0.023257156311643823 -0.00019462100218606558 0.0037325159618958625 0.9999931445354147 -0.00011612851902675914 0.0 0.0 0.0 1.0" />
			<scale value="1" />
		</transform>
	</shape>
	<shape type="ply" name="temp18">
		<string name="filename" value="meshes/Cube_014.ply" />
		<boolean name="face_normals" value="true" />
		<ref id="mat-Material" name="bsdf" />
		<transform name="to_world">
			<matrix value="1.0 -0.0007074212125826254 -4.343125931102108e-05 -0.00020826651929184425 0.0007072578085800857 0.9999931167257308 -0.0036188579174233283 -0.021195622017816884 4.599114935987107e-05 0.0036188376444183947 0.9999936173260756 -0.00010490182428957162 0.0 0.0 0.0 1.0" />
			<scale value="1" />
		</transform>
	</shape>
	<shape type="ply" name="temp19">
		<string name="filename" value="meshes/Cube_015.ply" />
		<boolean name="face_normals" value="true" />
		<ref id="mat-Material" name="bsdf" />
		<transform name="to_world">
			<matrix value="1.0 -0.00021975165980772722 -6.292276349923715e-05 0.00035455435840237026 0.00021974125352155127 1.0 -0.00017941625482660166 -0.018080051785941187 6.296241137392358e-05 0.0001794023232093579 1.0 -0.00020043248279816295 0.0 0.0 0.0 1.0" />
			<scale value="1" />
		</transform>
	</shape>
	<shape type="ply" name="temp20">
		<string name="filename" value="meshes/Cube_016.ply" />
		<boolean name="face_normals" value="true" />
		<ref id="mat-Material" name="bsdf" />
		<transform name="to_world">
			<matrix value="1.0 0.0007210125505034177 0.00036060689300416386 0.0005795724220041265 -0.0007227047641336319 0.999988527876218 0.004710531553812324 -0.01637986042777817 -0.00035720630395353416 -0.004710789845293196 0.9999888894194651 0.000574092068627019 0.0 0.0 0.0 1.0" />
			<scale value="1" />
		</transform>
	</shape>
	<shape type="ply" name="temp21">
		<string name="filename" value="meshes/Cube_017.ply" />
		<boolean name="face_normals" value="true" />
		<ref id="mat-Material" name="bsdf" />
		<transform name="to_world">
			<matrix value="1.0 0.000698241427716234 0.00022640857339673143 0.0003967700820631803 -0.0006986456322126423 0.9999981227433812 0.0017838746234813373 -0.01765526618612573 -0.0002251625365452363 -0.001784032055199688 0.9999985816280168 8.203636905856904e-05 0.0 0.0 0.0 1.0" />
			<scale value="1" />
		</transform>
	</shape>
	<shape type="ply" name="temp22">
		<string name="filename" value="meshes/Cube_018.ply" />
		<boolean name="face_normals" value="true" />
		<ref id="mat-Material" name="bsdf" />
		<transform name="to_world">
			<matrix value="0.9999898054525758 0.00452261781349664 -0.00012628947742921023 0.0004548890210189227 -0.004521800374804753 0.999972466902923 0.005869365103604982 -0.017915012804200603 0.00015283089284732826 -0.005868729702162808 0.9999827431408712 3.427095317987128e-05 0.0 0.0 0.0 1.0" />
			<scale value="1" />
		</transform>
	</shape>
	<shape type="ply" name="temp23">
		<string name="filename" value="meshes/Cube_019.ply" />
		<boolean name="face_normals" value="true" />
		<ref id="mat-Material" name="bsdf" />
		<transform name="to_world">
			<matrix value="0.9999476975393021 0.008334748228599797 -0.005960779177921055 0.003394536614751087 -0.00829626950482867 0.999944725221777 0.0064518431980316775 -0.018052835171305903 0.006014224496345034 -0.006402062479271958 0.9999614675611236 -0.0009527405777139952 0.0 0.0 0.0 1.0" />
			<scale value="1" />
		</transform>
	</shape>
	<shape type="ply" name="temp24">
		<string name="filename" value="meshes/Cube_020.ply" />
		<boolean name="face_normals" value="true" />
		<ref id="mat-Material" name="bsdf" />
		<transform name="to_world">
			<matrix value="0.9999620270941572 -0.000594672976799718 0.008662424020255834 -0.006722375151000909 0.0005238083159046237 0.999966359320532 0.008180720438764813 -0.015641305075002443 -0.008666986327330754 -0.008175867053232175 0.999929081393921 -0.0008085144870730865 0.0 0.0 0.0 1.0" />
			<scale value="1" />
		</transform>
	</shape>
	<shape type="ply" name="temp25">
		<string name="filename" value="meshes/Cube_021.ply" />
		<boolean name="face_normals" value="true" />
		<ref id="mat-Material" name="bsdf" />
		<transform name="to_world">
			<matrix value="0.9988653025475731 0.039260277458528274 0.026959941865660315 -0.017024915665163787 -0.039346631455586346 0.9992219814235028 0.0026794465134289095 -0.02216271326035707 -0.026833768596184224 -0.0037371799016734705 0.9996328780516864 -0.013596881255283688 0.0 0.0 0.0 1.0" />
			<scale value="1" />
		</transform>
	</shape>
	<shape type="ply" name="temp26">
		<string name="filename" value="meshes/Cube_022.ply" />
		<boolean name="face_normals" value="true" />
		<ref id="mat-Material" name="bsdf" />
		<transform name="to_world">
			<matrix value="0.9992061550244936 0.03640077760140836 0.016191141699616236 -0.0077512907290436805 -0.036433140612062896 0.9993346168206365 0.001707771874723713 -0.021905294888485083 -0.016118200015247497 -0.0022963103564075985 0.999867618614903 -0.011736921279479118 0.0 0.0 0.0 1.0" />
			<scale value="1" />
		</transform>
	</shape>
	<shape type="ply" name="temp27">
		<string name="filename" value="meshes/Cube_023.ply" />
		<boolean name="face_normals" value="true" />
		<ref id="mat-Material" name="bsdf" />
		<transform name="to_world">
			<matrix value="0.9994898293876002 0.030327038961418206 0.010036211036730634 -0.002732003449331777 -0.03042581738108282 0.9994885518633858 0.009840570261183745 -0.019515328614579663 -0.009732632480359982 -0.01014089853845143 0.9999011867518384 -0.008798497030062413 0.0 0.0 0.0 1.0" />
			<scale value="1" />
		</transform>
	</shape>
	<shape type="ply" name="temp28">
		<string name="filename" value="meshes/Cube_024.ply" />
		<boolean name="face_normals" value="true" />
		<ref id="mat-Material" name="bsdf" />
		<transform name="to_world">
			<matrix value="0.9994539268510196 0.03201425463525947 0.008179609389811646 -0.0013109503630861497 -0.03205846971864822 0.9994718651378846 0.0053336460055571815 -0.021617768339787347 -0.008004545881668785 -0.005592954447325223 0.9999524845385633 -0.007874779371426832 0.0 0.0 0.0 1.0" />
			<scale value="1" />
		</transform>
	</shape>
	<shape type="ply" name="temp29">
		<string name="filename" value="meshes/Cube_025.ply" />
		<boolean name="face_normals" value="true" />
		<ref id="mat-Material" name="bsdf" />
		<transform name="to_world">
			<matrix value="0.999547007501414 0.029779213763211198 0.004356600464942336 0.0011066442815956812 -0.029829369870591302 0.9994835458457354 0.011941037331077807 -0.01739293159749511 -0.00399876690300287 -0.012065580917060718 0.9999193891922892 -0.004962718800789578 0.0 0.0 0.0 1.0" />
			<scale value="1" />
		</transform>
	</shape>
	<shape type="ply" name="temp30">
		<string name="filename" value="meshes/Cube_026.ply" />
		<boolean name="face_normals" value="true" />
		<ref id="mat-Material" name="bsdf" />
		<transform name="to_world">
			<matrix value="0.9994689970515596 0.03036137189913709 0.011856195046950476 0.008082640344609038 -0.03047957810530347 0.9994860488545606 0.009919124429518969 -0.01959524031142834 -0.01154893737356545 -0.010275232936258795 0.9998806203580822 -0.014963741081197135 0.0 0.0 0.0 1.0" />
			<scale value="1" />
		</transform>
	</shape>
	<shape type="ply" name="temp31">
		<string name="filename" value="meshes/Cube_027.ply" />
		<boolean name="face_normals" value="true" />
		<ref id="mat-Material" name="bsdf" />
		<transform name="to_world">
			<matrix value="0.9986698331817448 0.047963239143720686 0.018927417650504635 0.04155526629740969 -0.0481501772078287 0.9987943840825326 0.009546754504867616 -0.0442274824871533 -0.018446709997925633 -0.010445414592124282 0.9997754244359962 -0.008579775441999615 0.0 0.0 0.0 1.0" />
			<scale value="1" />
		</transform>
	</shape>
	<shape type="ply" name="temp32">
		<string name="filename" value="meshes/Cube_028.ply" />
		<boolean name="face_normals" value="true" />
		<ref id="mat-Material" name="bsdf" />
		<transform name="to_world">
			<matrix value="0.9454737982401552 0.3220777893426056 0.048427852854308145 0.005010673576149038 -0.3199559152310084 0.9462772958326989 -0.046769799645501556 -0.5572174580940548 -0.060889682586117336 0.02872484215400596 0.9977313140129006 -0.09537753582551178 0.0 0.0 0.0 1.0" />
			<scale value="1" />
		</transform>
	</shape>
	<shape type="ply" name="temp33">
		<string name="filename" value="meshes/Cube_029.ply" />
		<boolean name="face_normals" value="true" />
		<ref id="mat-Material" name="bsdf" />
		<transform name="to_world">
			<matrix value="0.880339948264888 0.454519703894056 0.13569853165404394 0.0718744630420971 -0.44789345190921714 0.8907040338073059 -0.07770439804056638 -0.9872722975834849 -0.15618538651518457 0.007627802587693957 0.9876984597898635 -0.3823536495908584 0.0 0.0 0.0 1.0" />
			<scale value="1" />
		</transform>
	</shape>
	<shape type="ply" name="temp34">
		<string name="filename" value="meshes/Cube_030.ply" />
		<boolean name="face_normals" value="true" />
		<ref id="mat-Material" name="bsdf" />
		<transform name="to_world">
			<matrix value="0.5820610367650428 0.802878480452018 -0.1288054420323828 -1.2487274926923475 -0.7715770529412905 0.5953312397985416 0.2241632025764294 -1.4265396878490384 0.25665768855703186 -0.03109335643495509 0.9660021149821149 0.46671835436052755 0.0 0.0 0.0 1.0" />
			<scale value="1" />
		</transform>
	</shape>
	<shape type="ply" name="temp35">
		<string name="filename" value="meshes/Cube_031.ply" />
		<boolean name="face_normals" value="true" />
		<ref id="mat-Material" name="bsdf" />
		<transform name="to_world">
			<matrix value="0.012051745749760208 0.9999265784077943 0.001255585430672105 -2.4653463841944405 -0.6537559372157716 0.006929340060864831 0.7566737947738666 -0.6619130686218144 0.7566096126603868 -0.009940084226246967 0.6537914737877766 0.8177906943438908 0.0 0.0 0.0 1.0" />
			<scale value="1" />
		</transform>
	</shape>
	<shape type="ply" name="temp36">
		<string name="filename" value="meshes/Cube_032.ply" />
		<boolean name="face_normals" value="true" />
		<ref id="mat-Material" name="bsdf" />
		<transform name="to_world">
			<matrix value="0.7716412512166971 0.5560498766225234 0.30883466085071115 -0.3896143923287103 -0.3226822474810603 -0.0761994731166423 0.9434350889153756 0.2324831013982681 0.5481302313541727 -0.8276486526512078 0.12062877848386437 -0.12413631758762955 0.0 0.0 0.0 1.0" />
			<scale value="1" />
		</transform>
	</shape>
	<shape type="ply" name="temp37">
		<string name="filename" value="meshes/Cube_033.ply" />
		<boolean name="face_normals" value="true" />
		<ref id="mat-Material" name="bsdf" />
		<transform name="to_world">
			<matrix value="0.9647986709856089 0.25007582030899644 0.08139885518469331 -0.1764810749905572 -0.14530040228570618 0.2488860567807552 0.9575717660764189 0.2964513789424985 0.2192065273470951 -0.9356910285906184 0.27646102952057605 -0.04058884283253161 0.0 0.0 0.0 1.0" />
			<scale value="1" />
		</transform>
	</shape>
	<shape type="ply" name="temp38">
		<string name="filename" value="meshes/Cube_034.ply" />
		<boolean name="face_normals" value="true" />
		<ref id="mat-Material" name="bsdf" />
		<transform name="to_world">
			<matrix value="0.9997956658103248 0.019058057289700326 0.0067263690953765325 -0.02762649447900234 -0.010695636024516557 0.21655302311320065 0.9762124834700565 0.37109416597844197 0.017148093087742254 -0.9760847935956348 0.2167125825197 -0.2631744352496802 0.0 0.0 0.0 1.0" />
			<scale value="1" />
		</transform>
	</shape>
	<shape type="ply" name="temp39">
		<string name="filename" value="meshes/Cube_035.ply" />
		<boolean name="face_normals" value="true" />
		<ref id="mat-Material" name="bsdf" />
		<transform name="to_world">
			<matrix value="0.999808519804903 -0.01950263545970886 -0.0017319432972704378 0.005892827462488093 0.00601457022447507 0.22174551492106137 0.9750860597200794 0.08978698268943207 -0.018632698434649406 -0.9749094223681384 0.2218203527869355 -0.06027203206876269 0.0 0.0 0.0 1.0" />
			<scale value="1" />
		</transform>
	</shape>
	<shape type="ply" name="temp40">
		<string name="filename" value="meshes/Cube_036.ply" />
		<boolean name="face_normals" value="true" />
		<ref id="mat-Material" name="bsdf" />
		<transform name="to_world">
			<matrix value="0.9998852005311802 -0.015080354926651413 -0.0014587364858699421 0.007039480894945438 0.0047704719809512665 0.2219839265116609 0.9750387806539735 -0.23148166413337842 -0.01438011832766871 -0.9749336181201153 0.2220304136776447 0.20378078440698633 0.0 0.0 0.0 1.0" />
			<scale value="1" />
		</transform>
	</shape>
	<shape type="ply" name="temp41">
		<string name="filename" value="meshes/Cube_037.ply" />
		<boolean name="face_normals" value="true" />
		<ref id="mat-Material" name="bsdf" />
		<transform name="to_world">
			<matrix value="0.9998129522168265 -0.019127196650974194 -0.002924493913056634 0.0006609535191444138 0.00710751435658222 0.22246116686099748 0.9749156186867671 -0.5669642183993044 -0.01799682462009797 -0.9747538186528389 0.2225554004276864 0.5526209401628857 0.0 0.0 0.0 1.0" />
			<scale value="1" />
		</transform>
	</shape>
	<shape type="ply" name="temp42">
		<string name="filename" value="meshes/Cube_038.ply" />
		<boolean name="face_normals" value="true" />
		<ref id="mat-Material" name="bsdf" />
		<transform name="to_world">
			<matrix value="0.9996773204119661 -0.025252272001969035 -0.002835751105975554 0.0018011694481732121 0.008382781320752375 0.22237272721584073 0.97492578368598 -0.8921453019098761 -0.02398850586939987 -0.9746347171495736 0.22251254195426126 0.8355728523668173 0.0 0.0 0.0 1.0" />
			<scale value="1" />
		</transform>
	</shape>
	<shape type="ply" name="temp43">
		<string name="filename" value="meshes/Cube_039.ply" />
		<boolean name="face_normals" value="true" />
		<ref id="mat-Material" name="bsdf" />
		<transform name="to_world">
			<matrix value="0.9998795724939962 0.008280942664871832 -0.013143631277636765 0.019688425402735632 0.008262626035186356 0.43298759013752286 0.9013619963576394 -1.319322168037775 0.013155144103884006 -0.9013619549047865 0.4328669233865456 1.4606298111387144 0.0 0.0 0.0 1.0" />
			<scale value="1" />
		</transform>
	</shape>
	<shape type="ply" name="temp47">
		<string name="filename" value="meshes/Plane_001.ply" />
		<boolean name="face_normals" value="true" />
		<ref id="mat-Material.002" name="bsdf" />
		<transform name="to_world">
			<scale value="1" />
		</transform>
	</shape>
	<shape type="ply" name="temp49">
		<string name="filename" value="meshes/Plane_002.ply" />
		<boolean name="face_normals" value="true" />
		<ref id="mat-Material.003" name="bsdf" />
		<transform name="to_world">
			<scale value="1" />
		</transform>
	</shape>
	<shape type="ply" name="temp51">
		<string name="filename" value="meshes/Plane_003.ply" />
		<boolean name="face_normals" value="true" />
		<ref id="mat-Material.004" name="bsdf" />
		<transform name="to_world">
			<scale value="1" />
		</transform>
	</shape>
	<shape type="ply" name="temp53">
		<string name="filename" value="meshes/Plane_004.ply" />
		<boolean name="face_normals" value="true" />
		<ref id="mat-Material.005" name="bsdf" />
		<transform name="to_world">
			<scale value="1" />
		</transform>
	</shape>
	<emitter type="point">
		<transform name="to_world">
			<rotate x="1" angle="-142.5518126578256" />
			<rotate y="1" angle="3.976628485794621e-06" />
			<rotate z="1" angle="-179.999991348578" />
			<translate value="-0.000000 3.030926 4.073377" />
		</transform>
		<rgb name="intensity" value="100" />
	</emitter>
</scene>