<scene version="2.1.0">
	<default name="spp" value="1024" />
	<default name="resx" value="640" />
	<default name="resy" value="360" />
	<integrator type="path" name="temp0">
		<integer name="max_depth" value="12" />
	</integrator>
	<sensor type="perspective" name="temp44">
		<string name="fov_axis" value="x" />
		<float name="fov" value="83.974423" />
		<float name="principal_point_offset_x" value="0.000000" />
		<float name="principal_point_offset_y" value="-0.000000" />
		<float name="near_clip" value="0.100000" />
		<float name="far_clip" value="1000.000000" />
		<transform name="to_world">
			<rotate x="1" angle="-142.5518126578256" />
			<rotate y="1" angle="3.976628485794621e-06" />
			<rotate z="1" angle="-179.999991348578" />
			<translate value="-0.000000 3.030926 4.073377" />
		</transform>
		<sampler type="independent" name="sampler">
			<integer name="sample_count" value="$spp" />
		</sampler>
		<film type="hdrfilm" name="film">
			<integer name="width" value="$resx" />
			<integer name="height" value="$resy" />
		</film>
		<float name="shutter_open" value="0.0" />
		<float name="shutter_close" value="0.0015" />
	</sensor>
	<bsdf type="twosided" id="mat-Material" name="mat-Material">
		<bsdf type="diffuse" name="bsdf">
			<texture type="bitmap" name="reflectance">
				<string name="filename" value="textures/siggraph_2023_logo.jpg" />
			</texture>
		</bsdf>
	</bsdf>
	<bsdf type="twosided" id="mat-Material.001" name="mat-Material.001">
		<bsdf type="principled" name="bsdf">
			<rgb value="0.433648 0.266232 0.084399" name="base_color" />
			<float name="spec_tint" value="0.000000" />
			<float name="spec_trans" value="0.000000" />
			<float name="metallic" value="0.000000" />
			<float name="anisotropic" value="0.000000" />
			<float name="roughness" value="0.500000" />
			<float name="sheen" value="0.000000" />
			<float name="sheen_tint" value="0.500000" />
			<float name="clearcoat" value="0.000000" />
			<float name="clearcoat_gloss" value="0.173205" />
			<float name="specular" value="0.500000" />
		</bsdf>
	</bsdf>
	<bsdf type="twosided" id="mat-Material.002" name="mat-Material.002">
		<bsdf type="principled" name="bsdf">
			<rgb value="0.433648 0.266232 0.084399" name="base_color" />
			<float name="spec_tint" value="0.000000" />
			<float name="spec_trans" value="0.000000" />
			<float name="metallic" value="0.000000" />
			<float name="anisotropic" value="0.000000" />
			<float name="roughness" value="0.500000" />
			<float name="sheen" value="0.000000" />
			<float name="sheen_tint" value="0.500000" />
			<float name="clearcoat" value="0.000000" />
			<float name="clearcoat_gloss" value="0.173205" />
			<float name="specular" value="0.500000" />
		</bsdf>
	</bsdf>
	<bsdf type="twosided" id="mat-Material.003" name="mat-Material.003">
		<bsdf type="principled" name="bsdf">
			<rgb value="0.433648 0.266232 0.084399" name="base_color" />
			<float name="spec_tint" value="0.000000" />
			<float name="spec_trans" value="0.000000" />
			<float name="metallic" value="0.000000" />
			<float name="anisotropic" value="0.000000" />
			<float name="roughness" value="0.500000" />
			<float name="sheen" value="0.000000" />
			<float name="sheen_tint" value="0.500000" />
			<float name="clearcoat" value="0.000000" />
			<float name="clearcoat_gloss" value="0.173205" />
			<float name="specular" value="0.500000" />
		</bsdf>
	</bsdf>
	<bsdf type="twosided" id="mat-Material.004" name="mat-Material.004">
		<bsdf type="principled" name="bsdf">
			<rgb value="0.433648 0.266232 0.084399" name="base_color" />
			<float name="spec_tint" value="0.000000" />
			<float name="spec_trans" value="0.000000" />
			<float name="metallic" value="0.000000" />
			<float name="anisotropic" value="0.000000" />
			<float name="roughness" value="0.500000" />
			<float name="sheen" value="0.000000" />
			<float name="sheen_tint" value="0.500000" />
			<float name="clearcoat" value="0.000000" />
			<float name="clearcoat_gloss" value="0.173205" />
			<float name="specular" value="0.500000" />
		</bsdf>
	</bsdf>
	<bsdf type="twosided" id="mat-Material.005" name="mat-Material.005">
		<bsdf type="principled" name="bsdf">
			<rgb value="0.433648 0.266232 0.084399" name="base_color" />
			<float name="spec_tint" value="0.000000" />
			<float name="spec_trans" value="0.000000" />
			<float name="metallic" value="0.000000" />
			<float name="anisotropic" value="0.000000" />
			<float name="roughness" value="0.500000" />
			<float name="sheen" value="0.000000" />
			<float name="sheen_tint" value="0.500000" />
			<float name="clearcoat" value="0.000000" />
			<float name="clearcoat_gloss" value="0.173205" />
			<float name="specular" value="0.500000" />
		</bsdf>
	</bsdf>
	<emitter type="point" name="temp45">
		<point name="position" x="-6.815235034541981e-16" y="3.0693089962005615" z="4.109199523925781" />
		<rgb value="7.957747 7.957747 7.957747" name="intensity" />
	</emitter>
	<shape type="ply" name="temp2">
		<string name="filename" value="meshes/Cube.ply" />
		<boolean name="face_normals" value="true" />
		<ref id="mat-Material" name="bsdf" />
		<transform name="to_world">
			<matrix value="1.0 0.00016528785644410053 0.0004640889489438093 -0.001280898341742276 -0.00016445356339324181 0.99999833132745 -0.0017975146340529365 -0.014997392902990792 -0.00046438379722956526 0.0017974377532992787 0.9999983452326863 0.0010560949131017683 0.0 0.0 0.0 1.0" />
			<scale value="1" />
		</transform>
	</shape>
	<shape type="ply" name="temp4">
		<string name="filename" value="meshes/Plane.ply" />
		<boolean name="face_normals" value="true" />
		<ref id="mat-Material.001" name="bsdf" />
		<transform name="to_world">
			<scale value="1" />
		</transform>
	</shape>
	<shape type="ply" name="temp5">
		<string name="filename" value="meshes/Cube_001.ply" />
		<boolean name="face_normals" value="true" />
		<ref id="mat-Material" name="bsdf" />
		<transform name="to_world">
			<matrix value="1.0 -7.483412351931385e-05 -8.144055532099885e-05 0.000593313260767836 7.496804231003126e-05 0.9999985399115188 0.0016461081527548802 -0.019517468624852874 8.131747239050613e-05 -0.0016461141830909239 0.9999985816280168 -0.00028496207148165364 0.0 0.0 0.0 1.0" />
			<scale value="1" />
		</transform>
	</shape>
	<shape type="ply" name="temp6">
		<string name="filename" value="meshes/Cube_002.ply" />
		<boolean name="face_normals" value="true" />
		<ref id="mat-Material" name="bsdf" />
		<transform name="to_world">
			<matrix value="1.0 -2.2281367393721205e-05 -9.367543204792584e-05 -0.0005770981639896533 2.196051784754985e-05 0.9999941596460746 -0.003423949967401084 -0.01546011044599338 9.375127431842802e-05 0.0034239471197668866 0.9999943265120672 -0.0002850046391446037 0.0 0.0 0.0 1.0" />
			<scale value="1" />
		</transform>
	</shape>
	<shape type="ply" name="temp7">
		<string name="filename" value="meshes/Cube_003.ply" />
		<boolean name="face_normals" value="true" />
		<ref id="mat-Material" name="bsdf" />
		<transform name="to_world">
			<matrix value="1.0 0.00039819324479634896 0.0005255777383680495 -0.0008449299569188717 -0.0003999276630374078 0.9999943682301434 0.0033045466859502218 -0.017704264010941106 -0.0005242612499047031 -0.0033047559253519335 0.9999945629073977 0.0013677374239610685 0.0 0.0 0.0 1.0" />
			<scale value="1" />
		</transform>
	</shape>
	<shape type="ply" name="temp8">
		<string name="filename" value="meshes/Cube_004.ply" />
		<boolean name="face_normals" value="true" />
		<ref id="mat-Material" name="bsdf" />
		<transform name="to_world">
			<matrix value="1.0 -0.00021604094922438014 0.00011707124151518061 -0.0006014369915403606 0.00021617670785263826 0.9999991656637249 -0.0011659041341288195 -0.018366701704555566 -0.00011681931893331347 0.0011659307125440374 0.9999992908140084 0.0005412134465111185 0.0 0.0 0.0 1.0" />
			<scale value="1" />
		</transform>
	</shape>
	<shape type="ply" name="temp9">
		<string name="filename" value="meshes/Cube_005.ply" />
		<boolean name="face_normals" value="true" />
		<ref id="mat-Material" name="bsdf" />
		<transform name="to_world">
			<matrix value="1.0 0.00021789526159570984 0.0004691619927369899 -0.0003617482936451033 -0.00021894652206366007 0.9999974969911749 0.0022401672544242568 -0.016334770418814426 -0.00046867437197155456 -0.0022402700746522383 0.9999973996513641 0.0011030184230610973 0.0 0.0 0.0 1.0" />
			<scale value="1" />
		</transform>
	</shape>
	<shape type="ply" name="temp10">
		<string name="filename" value="meshes/Cube_006.ply" />
		<boolean name="face_normals" value="true" />
		<ref id="mat-Material" name="bsdf" />
		<transform name="to_world">
			<matrix value="1.0 0.00023965475164937854 -0.00020867939639761886 -0.00060337999302984 -0.0002397934850636583 0.9999997914159312 -0.0006656963426332832 -0.017636355900696954 0.0002085197162547183 0.0006657461156431794 0.9999997636046695 -0.0005656122829700294 0.0 0.0 0.0 1.0" />
			<scale value="1" />
		</transform>
	</shape>
	<shape type="ply" name="temp11">
		<string name="filename" value="meshes/Cube_007.ply" />
		<boolean name="face_normals" value="true" />
		<ref id="mat-Material" name="bsdf" />
		<transform name="to_world">
			<matrix value="1.0 0.000628355335476187 -1.624600905583232e-05 0.0004457555422137105 -0.0006283874708125675 0.9999977055752436 -0.002014239509129824 -0.018189526690703506 1.4980311226235624e-05 0.002014250463578093 0.9999981088373558 -6.946583831668462e-05 0.0 0.0 0.0 1.0" />
			<scale value="1" />
		</transform>
	</shape>
	<shape type="ply" name="temp12">
		<string name="filename" value="meshes/Cube_008.ply" />
		<boolean name="face_normals" value="true" />
		<ref id="mat-Material" name="bsdf" />
		<transform name="to_world">
			<matrix value="1.0 -0.0005461878132671983 9.213791681815669e-05 0.00011077724254882071 0.0005461352027473862 0.9999995828318625 0.0005720837917432784 -0.018279172694521784 -9.245036141886825e-05 -0.0005720334652279929 1.0 0.0003503102053719065 0.0 0.0 0.0 1.0" />
			<scale value="1" />
		</transform>
	</shape>
	<shape type="ply" name="temp13">
		<string name="filename" value="meshes/Cube_009.ply" />
		<boolean name="face_normals" value="true" />
		<ref id="mat-Material" name="bsdf" />
		<transform name="to_world">
			<matrix value="0.9999982270352306 -0.0018762387286383841 0.00029072370539279214 0.0006921999550084657 0.0018759385632248103 0.9999977055752436 0.0010225161824423514 -0.020126113308845894 -0.00029264157566924985 -0.0010219680741224348 0.9999995272093389 0.0004834669198847674 0.0 0.0 0.0 1.0" />
			<scale value="1" />
		</transform>
	</shape>
	<shape type="ply" name="temp14">
		<string name="filename" value="meshes/Cube_010.ply" />
		<boolean name="face_normals" value="true" />
		<ref id="mat-Material" name="bsdf" />
		<transform name="to_world">
			<matrix value="0.9999991135176153 -0.0005368891354816101 0.0014046657819177428 0.0025993817828930954 0.0005365744902283047 0.9999997914159312 0.0002237727654613184 -0.01833459192582948 -0.0014047864729879954 -0.0002230180863246027 0.999999054418678 0.0023363180127609073 0.0 0.0 0.0 1.0" />
			<scale value="1" />
		</transform>
	</shape>
	<shape type="ply" name="temp15">
		<string name="filename" value="meshes/Cube_011.ply" />
		<boolean name="face_normals" value="true" />
		<ref id="mat-Material" name="bsdf" />
		<transform name="to_world">
			<matrix value="1.0 -0.0002909226299113726 -0.0002875441881971594 -0.0005226540293872262 0.0002909514970028031 1.0 9.65384158959785e-05 -0.01806987573200186 0.00028751682100324984 -9.662198100633471e-05 1.0 -0.00041164985874209137 0.0 0.0 0.0 1.0" />
			<scale value="1" />
		</transform>
	</shape>
	<shape type="ply" name="temp16">
		<string name="filename" value="meshes/Cube_012.ply" />
		<boolean name="face_normals" value="true" />
		<ref id="mat-Material" name="bsdf" />
		<transform name="to_world">
			<matrix value="1.0 -0.000671649044789257 -0.0001293515061455694 -0.0005045127185381304 0.0006715281360644083 0.9999993742477937 -0.0009369859879031781 -0.01984287801022694 0.00012998092289908108 0.0009368970616762233 0.9999995272093389 -0.0001780096066106296 0.0 0.0 0.0 1.0" />
			<scale value="1" />
		</transform>
	</shape>
	<shape type="ply" name="temp17">
		<string name="filename" value="meshes/Cube_013.ply" />
		<boolean name="face_normals" value="true" />
		<ref id="mat-Material" name="bsdf" />
		<transform name="to_world">
			<matrix value="0.9999995567588077 -0.001131337044739197 5.4312772770662013e-05 -0.0003796001968860985 0.0011314928186062015 0.9999949939823496 -0.0029143052743107775 -0.022130015363362177 -5.1015731516399035e-05 0.002914374153930871 0.9999957448840504 -1.0670065921924987e-06 0.0 0.0 0.0 1.0" />
			<scale value="1" />
		</transform>
	</shape>
	<shape type="ply" name="temp18">
		<string name="filename" value="meshes/Cube_014.ply" />
		<boolean name="face_normals" value="true" />
		<ref id="mat-Material" name="bsdf" />
		<transform name="to_world">
			<matrix value="1.0 0.0006411248521660413 -2.3679247468560602e-05 -0.00010382720218082842 -0.0006410508716781289 0.9999954111504872 0.002918891343723066 -0.014756594808401302 2.5550638533261704e-05 -0.002918864968931403 0.9999957448840504 -5.646580497620235e-07 0.0 0.0 0.0 1.0" />
			<scale value="1" />
		</transform>
	</shape>
	<shape type="ply" name="temp19">
		<string name="filename" value="meshes/Cube_015.ply" />
		<boolean name="face_normals" value="true" />
		<ref id="mat-Material" name="bsdf" />
		<transform name="to_world">
			<matrix value="1.0 -0.0002382447233445204 -3.496854287336633e-05 0.00051860612702892 0.00023824391385518777 1.0 -4.435272830942825e-05 -0.018036145328490016 3.4978999232306256e-05 4.434434726744441e-05 1.0 -8.418631919049346e-05 0.0 0.0 0.0 1.0" />
			<scale value="1" />
		</transform>
	</shape>
	<shape type="ply" name="temp20">
		<string name="filename" value="meshes/Cube_016.ply" />
		<boolean name="face_normals" value="true" />
		<ref id="mat-Material" name="bsdf" />
		<transform name="to_world">
			<matrix value="1.0 -0.0006768240155353415 0.00033117567435313964 0.0005196971031238284 0.0006775207569850379 0.9999974969911749 -0.0021050980544191507 -0.018533496685400663 -0.00032975017153434144 0.0021053203538420142 0.9999978724420252 0.00046922244813915603 0.0 0.0 0.0 1.0" />
			<scale value="1" />
		</transform>
	</shape>
	<shape type="ply" name="temp21">
		<string name="filename" value="meshes/Cube_017.ply" />
		<boolean name="face_normals" value="true" />
		<ref id="mat-Material" name="bsdf" />
		<transform name="to_world">
			<matrix value="1.0 0.0008169007327558336 0.00011304070112963872 0.0004218607122382645 -0.0008171373001647084 0.9999974969911749 0.0020960062900069547 -0.01761776821085015 -0.00011132844704242882 -0.00209609885216187 0.9999978724420252 9.504057383663556e-05 0.0 0.0 0.0 1.0" />
			<scale value="1" />
		</transform>
	</shape>
	<shape type="ply" name="temp22">
		<string name="filename" value="meshes/Cube_018.ply" />
		<boolean name="face_normals" value="true" />
		<ref id="mat-Material" name="bsdf" />
		<transform name="to_world">
			<matrix value="0.9999986702764229 -0.0018174868539890662 -0.00027493958917328295 0.0007139424064574462 0.0018172445645332582 0.9999979141593124 -0.0008742561229936538 -0.017785098897865337 0.0002765284286035952 0.0008737565782200687 0.9999995272093389 -0.00026841770115332286 0.0 0.0 0.0 1.0" />
			<scale value="1" />
		</transform>
	</shape>
	<shape type="ply" name="temp23">
		<string name="filename" value="meshes/Cube_019.ply" />
		<boolean name="face_normals" value="true" />
		<ref id="mat-Material" name="bsdf" />
		<transform name="to_world">
			<matrix value="0.999978724422767 0.0024756592820953526 -0.00606945011136584 0.0036912674865263173 -0.0024469395968632706 0.999985816283324 0.004734856633323893 -0.017823501702569855 0.006081078565387827 -0.0047199007974168955 0.9999704505836837 -0.0010704673414747568 0.0 0.0 0.0 1.0" />
			<scale value="1" />
		</transform>
	</shape>
	<shape type="ply" name="temp24">
		<string name="filename" value="meshes/Cube_020.ply" />
		<boolean name="face_normals" value="true" />
		<ref id="mat-Material" name="bsdf" />
		<transform name="to_world">
			<matrix value="0.9999831251810892 -0.0032331479059345045 0.004826767945245314 -0.00333343868228006 0.0031938446843285152 0.9999617799864886 0.00812715325902246 -0.015102781911166818 -0.004852855393857407 -0.008111605549282695 0.9999553212786889 -0.00023858524527087255 0.0 0.0 0.0 1.0" />
			<scale value="1" />
		</transform>
	</shape>
	<shape type="ply" name="temp25">
		<string name="filename" value="meshes/Cube_021.ply" />
		<boolean name="face_normals" value="true" />
		<ref id="mat-Material" name="bsdf" />
		<transform name="to_world">
			<matrix value="0.9993276031111986 0.02718257154955019 0.02461880070975334 -0.01541755457699101 -0.027390014130529213 0.9995918009774251 0.008127838812425505 -0.019928755071031812 -0.02438782185959183 -0.008796676421448282 0.9996638458399859 -0.011900434822781136 0.0 0.0 0.0 1.0" />
			<scale value="1" />
		</transform>
	</shape>
	<shape type="ply" name="temp26">
		<string name="filename" value="meshes/Cube_022.ply" />
		<boolean name="face_normals" value="true" />
		<ref id="mat-Material" name="bsdf" />
		<transform name="to_world">
			<matrix value="0.9991387823632556 0.03822109076952921 0.016174050317218892 -0.007921368364672832 -0.03822518248239889 0.999269121423044 -5.606091623993369e-05 -0.022431786363999062 -0.016164368017843118 -0.000562242529040117 0.9998692733822168 -0.011813699851910386 0.0 0.0 0.0 1.0" />
			<scale value="1" />
		</transform>
	</shape>
	<shape type="ply" name="temp27">
		<string name="filename" value="meshes/Cube_023.ply" />
		<boolean name="face_normals" value="true" />
		<ref id="mat-Material" name="bsdf" />
		<transform name="to_world">
			<matrix value="0.9994610187100972 0.03124512174009174 0.01010932811246366 -0.0027385721699412224 -0.031322742528283216 0.9994802085006351 0.0076123551546711 -0.020075733546494612 -0.009866225375735558 -0.007924901391881492 0.9999200983782807 -0.008862153259538874 0.0 0.0 0.0 1.0" />
			<scale value="1" />
		</transform>
	</shape>
	<shape type="ply" name="temp28">
		<string name="filename" value="meshes/Cube_024.ply" />
		<boolean name="face_normals" value="true" />
		<ref id="mat-Material" name="bsdf" />
		<transform name="to_world">
			<matrix value="0.9994769753930219 0.03128798576622315 0.008219796596001798 -0.0010279751658659464 -0.03134782111494663 0.9994822943413229 0.007253625240591348 -0.020552657822124343 -0.007988593631155956 -0.007507499640192482 0.9999399555860453 -0.007806746354452082 0.0 0.0 0.0 1.0" />
			<scale value="1" />
		</transform>
	</shape>
	<shape type="ply" name="temp29">
		<string name="filename" value="meshes/Cube_025.ply" />
		<boolean name="face_normals" value="true" />
		<ref id="mat-Material" name="bsdf" />
		<transform name="to_world">
			<matrix value="0.9995461210190292 0.029824059337995885 0.004315822270425857 0.0010926811593294783 -0.029873237451398603 0.9994837544298042 0.011816717026751914 -0.017450061975111508 -0.003961184482303152 -0.011940284466952982 0.9999208075642723 -0.004695422682390926 0.0 0.0 0.0 1.0" />
			<scale value="1" />
		</transform>
	</shape>
	<shape type="ply" name="temp30">
		<string name="filename" value="meshes/Cube_026.ply" />
		<boolean name="face_normals" value="true" />
		<ref id="mat-Material" name="bsdf" />
		<transform name="to_world">
			<matrix value="0.9995988667209195 0.025801891023167434 0.011699985012536045 0.007989887129663087 -0.026035743856233834 0.9994549698283145 0.020296524846804005 -0.005092283884024884 -0.011169917397571392 -0.02059298573493554 0.9997255450212543 -0.0146989129923919 0.0 0.0 0.0 1.0" />
			<scale value="1" />
		</transform>
	</shape>
	<shape type="ply" name="temp31">
		<string name="filename" value="meshes/Cube_027.ply" />
		<boolean name="face_normals" value="true" />
		<ref id="mat-Material" name="bsdf" />
		<transform name="to_world">
			<matrix value="0.9992970194689261 0.03360775348700417 0.016625210805536 0.01744090565515677 -0.03373087192634395 0.9994051182358794 0.007181193711316859 -0.028974799608389612 -0.016373976777707452 -0.0077369316866316385 0.9998361780359425 -0.024344216342519154 0.0 0.0 0.0 1.0" />
			<scale value="1" />
		</transform>
	</shape>
	<shape type="ply" name="temp32">
		<string name="filename" value="meshes/Cube_028.ply" />
		<boolean name="face_normals" value="true" />
		<ref id="mat-Material" name="bsdf" />
		<transform name="to_world">
			<matrix value="0.9994051703198605 -0.01854739134334398 0.029074521736787037 0.03870630289438082 0.01713368774899074 0.9986936379773187 0.04814077436491212 0.10727325236320728 -0.02992942270494143 -0.047613965120572026 0.9984173332620995 -0.052365172155675044 0.0 0.0 0.0 1.0" />
			<scale value="1" />
		</transform>
	</shape>
	<shape type="ply" name="temp33">
		<string name="filename" value="meshes/Cube_029.ply" />
		<boolean name="face_normals" value="true" />
		<ref id="mat-Material" name="bsdf" />
		<transform name="to_world">
			<matrix value="0.9260323530611123 -0.37705470951539666 0.01715884962467513 -0.10508573056043424 0.3739597129215445 0.9226964496905655 0.09373141046219542 0.9180983213639424 -0.05117427889090416 -0.08038154197858677 0.9954496262826219 -0.11912541511796348 0.0 0.0 0.0 1.0" />
			<scale value="1" />
		</transform>
	</shape>
	<shape type="ply" name="temp34">
		<string name="filename" value="meshes/Cube_030.ply" />
		<boolean name="face_normals" value="true" />
		<ref id="mat-Material" name="bsdf" />
		<transform name="to_world">
			<matrix value="0.9914829124772865 -0.13004250581917984 -0.0070749003935813475 -0.03395597997816546 0.12959987510409546 0.9905501124985223 -0.04487977443986752 0.26493249083068937 0.012844317551333183 0.043580624591465805 0.9989674907537709 0.00935386142640704 0.0 0.0 0.0 1.0" />
			<scale value="1" />
		</transform>
	</shape>
	<shape type="ply" name="temp35">
		<string name="filename" value="meshes/Cube_031.ply" />
		<boolean name="face_normals" value="true" />
		<ref id="mat-Material" name="bsdf" />
		<transform name="to_world">
			<matrix value="0.9997331688022026 0.004153557505584838 -0.022727850821308297 -0.013187658020683113 -0.003091039967944797 0.9989095224884914 0.04658668782247278 0.06497934547087575 0.022896559029975515 -0.04650398499863377 0.9986558561506046 -0.004780505177159444 0.0 0.0 0.0 1.0" />
			<scale value="1" />
		</transform>
	</shape>
	<shape type="ply" name="temp36">
		<string name="filename" value="meshes/Cube_032.ply" />
		<boolean name="face_normals" value="true" />
		<ref id="mat-Material" name="bsdf" />
		<transform name="to_world">
			<matrix value="0.9999366165094934 0.008639230908821648 0.007222728370891036 0.020450640971351852 -0.009271213966707268 0.9956593655289796 0.09260926546770107 0.08367078758285551 -0.006391307508328502 -0.09267035582356291 0.9956763294046006 -0.2948822362250818 0.0 0.0 0.0 1.0" />
			<scale value="1" />
		</transform>
	</shape>
	<shape type="ply" name="temp37">
		<string name="filename" value="meshes/Cube_033.ply" />
		<boolean name="face_normals" value="true" />
		<ref id="mat-Material" name="bsdf" />
		<transform name="to_world">
			<matrix value="0.9981024844555314 -0.0002953487838505871 0.061575688347743206 0.0045307412061559305 -0.023170912030807036 0.9246875932110058 0.380020859523966 0.2255632432164475 -0.05705050467442161 -0.38072641487788444 0.9229261392245571 -0.4456732217458148 0.0 0.0 0.0 1.0" />
			<scale value="1" />
		</transform>
	</shape>
	<shape type="ply" name="temp38">
		<string name="filename" value="meshes/Cube_034.ply" />
		<boolean name="face_normals" value="true" />
		<ref id="mat-Material" name="bsdf" />
		<transform name="to_world">
			<matrix value="0.9999583353279188 -0.005944416517355238 -0.006941441567093014 -0.015805948861902674 0.009125086210411915 0.6912083900855821 0.7225978806685828 0.3274739256817517 0.0005025601611270382 -0.722630954292973 0.6912338937951427 -0.18640693880950643 0.0 0.0 0.0 1.0" />
			<scale value="1" />
		</transform>
	</shape>
	<shape type="ply" name="temp39">
		<string name="filename" value="meshes/Cube_035.ply" />
		<boolean name="face_normals" value="true" />
		<ref id="mat-Material" name="bsdf" />
		<transform name="to_world">
			<matrix value="0.9999233192737227 -0.0069428625660429314 -0.01028820845907595 0.002808841200712564 0.012399858517411402 0.5225877773907385 0.8524952236323466 0.10145892777910978 -0.0005422657071381335 -0.8525571363910367 0.522633670921625 -0.030728704820481845 0.0 0.0 0.0 1.0" />
			<scale value="1" />
		</transform>
	</shape>
	<shape type="ply" name="temp40">
		<string name="filename" value="meshes/Cube_036.ply" />
		<boolean name="face_normals" value="true" />
		<ref id="mat-Material" name="bsdf" />
		<transform name="to_world">
			<matrix value="0.9999109085203368 -0.010533843808077628 -0.008220931293588344 0.007374532775419773 0.012075077966125737 0.4488929400550245 0.8935039035960931 -0.19965419885396368 -0.005721711903862758 -0.8935234646648159 0.44898021418362527 0.10823190125651044 0.0 0.0 0.0 1.0" />
			<scale value="1" />
		</transform>
	</shape>
	<shape type="ply" name="temp41">
		<string name="filename" value="meshes/Cube_037.ply" />
		<boolean name="face_normals" value="true" />
		<ref id="mat-Material" name="bsdf" />
		<transform name="to_world">
			<matrix value="0.9998953950786044 -0.013258066467399354 -0.005842345117325367 0.00019584299549535444 0.009793968196557966 0.32137527819900175 0.9469013536469417 -0.5420905579810107 -0.010676496869830701 -0.9468590368004873 0.3214714096395397 0.49210765866502715 0.0 0.0 0.0 1.0" />
			<scale value="1" />
		</transform>
	</shape>
	<shape type="ply" name="temp42">
		<string name="filename" value="meshes/Cube_038.ply" />
		<boolean name="face_normals" value="true" />
		<ref id="mat-Material" name="bsdf" />
		<transform name="to_world">
			<matrix value="0.9996919473713138 -0.02397525775776298 -0.006419220642418495 0.0028265864702405885 0.01347709861407344 0.3071794636469256 0.951556214100414 -0.8552544820417003 -0.020841963239348473 -0.9513496432169504 0.3074077786356302 0.6700304997779761 0.0 0.0 0.0 1.0" />
			<scale value="1" />
		</transform>
	</shape>
	<shape type="ply" name="temp43">
		<string name="filename" value="meshes/Cube_039.ply" />
		<boolean name="face_normals" value="true" />
		<ref id="mat-Material" name="bsdf" />
		<transform name="to_world">
			<matrix value="0.9999677235509459 0.005541145408849652 -0.005831378841754653 0.011267576622957076 0.0028570733585032847 0.43300643490369284 0.901386413120893 -1.3340616991048395 0.007519737369894381 -0.9013738027442912 0.432976486206732 1.438214553231639 0.0 0.0 0.0 1.0" />
			<scale value="1" />
		</transform>
	</shape>
	<shape type="ply" name="temp47">
		<string name="filename" value="meshes/Plane_001.ply" />
		<boolean name="face_normals" value="true" />
		<ref id="mat-Material.002" name="bsdf" />
		<transform name="to_world">
			<scale value="1" />
		</transform>
	</shape>
	<shape type="ply" name="temp49">
		<string name="filename" value="meshes/Plane_002.ply" />
		<boolean name="face_normals" value="true" />
		<ref id="mat-Material.003" name="bsdf" />
		<transform name="to_world">
			<scale value="1" />
		</transform>
	</shape>
	<shape type="ply" name="temp51">
		<string name="filename" value="meshes/Plane_003.ply" />
		<boolean name="face_normals" value="true" />
		<ref id="mat-Material.004" name="bsdf" />
		<transform name="to_world">
			<scale value="1" />
		</transform>
	</shape>
	<shape type="ply" name="temp53">
		<string name="filename" value="meshes/Plane_004.ply" />
		<boolean name="face_normals" value="true" />
		<ref id="mat-Material.005" name="bsdf" />
		<transform name="to_world">
			<scale value="1" />
		</transform>
	</shape>
	<emitter type="point">
		<transform name="to_world">
			<rotate x="1" angle="-142.5518126578256" />
			<rotate y="1" angle="3.976628485794621e-06" />
			<rotate z="1" angle="-179.999991348578" />
			<translate value="-0.000000 3.030926 4.073377" />
		</transform>
		<rgb name="intensity" value="100" />
	</emitter>
</scene>