<scene version="2.1.0">
	<default name="spp" value="1024" />
	<default name="resx" value="1280" />
	<default name="resy" value="720" />
	<integrator type="path" name="temp0">
		<integer name="max_depth" value="12" />
	</integrator>
	<sensor type="perspective" name="temp44">
		<string name="fov_axis" value="x" />
		<float name="fov" value="83.974423" />
		<float name="principal_point_offset_x" value="0.000000" />
		<float name="principal_point_offset_y" value="-0.000000" />
		<float name="near_clip" value="0.100000" />
		<float name="far_clip" value="1000.000000" />
		<transform name="to_world">
			<rotate x="1" angle="-142.5518126578256" />
			<rotate y="1" angle="3.976628485794621e-06" />
			<rotate z="1" angle="-179.999991348578" />
			<translate value="-0.000000 3.030926 4.073377" />
		</transform>
		<sampler type="independent" name="sampler">
			<integer name="sample_count" value="$spp" />
		</sampler>
		<film type="hdrfilm" name="film">
			<integer name="width" value="$resx" />
			<integer name="height" value="$resy" />
		</film>
		<float name="shutter_open" value="0.0" />
		<float name="shutter_close" value="0.0015" />
	</sensor>
	<bsdf type="twosided" id="mat-Material" name="mat-Material">
		<bsdf type="diffuse" name="bsdf">
			<texture type="bitmap" name="reflectance">
				<string name="filename" value="textures/siggraph_2023_logo.jpg" />
			</texture>
		</bsdf>
	</bsdf>
	<bsdf type="twosided" id="mat-Material.001" name="mat-Material.001">
		<bsdf type="principled" name="bsdf">
			<rgb value="0.433648 0.266232 0.084399" name="base_color" />
			<float name="spec_tint" value="0.000000" />
			<float name="spec_trans" value="0.000000" />
			<float name="metallic" value="0.000000" />
			<float name="anisotropic" value="0.000000" />
			<float name="roughness" value="0.500000" />
			<float name="sheen" value="0.000000" />
			<float name="sheen_tint" value="0.500000" />
			<float name="clearcoat" value="0.000000" />
			<float name="clearcoat_gloss" value="0.173205" />
			<float name="specular" value="0.500000" />
		</bsdf>
	</bsdf>
	<bsdf type="twosided" id="mat-Material.002" name="mat-Material.002">
		<bsdf type="principled" name="bsdf">
			<rgb value="0.433648 0.266232 0.084399" name="base_color" />
			<float name="spec_tint" value="0.000000" />
			<float name="spec_trans" value="0.000000" />
			<float name="metallic" value="0.000000" />
			<float name="anisotropic" value="0.000000" />
			<float name="roughness" value="0.500000" />
			<float name="sheen" value="0.000000" />
			<float name="sheen_tint" value="0.500000" />
			<float name="clearcoat" value="0.000000" />
			<float name="clearcoat_gloss" value="0.173205" />
			<float name="specular" value="0.500000" />
		</bsdf>
	</bsdf>
	<bsdf type="twosided" id="mat-Material.003" name="mat-Material.003">
		<bsdf type="principled" name="bsdf">
			<rgb value="0.433648 0.266232 0.084399" name="base_color" />
			<float name="spec_tint" value="0.000000" />
			<float name="spec_trans" value="0.000000" />
			<float name="metallic" value="0.000000" />
			<float name="anisotropic" value="0.000000" />
			<float name="roughness" value="0.500000" />
			<float name="sheen" value="0.000000" />
			<float name="sheen_tint" value="0.500000" />
			<float name="clearcoat" value="0.000000" />
			<float name="clearcoat_gloss" value="0.173205" />
			<float name="specular" value="0.500000" />
		</bsdf>
	</bsdf>
	<bsdf type="twosided" id="mat-Material.004" name="mat-Material.004">
		<bsdf type="principled" name="bsdf">
			<rgb value="0.433648 0.266232 0.084399" name="base_color" />
			<float name="spec_tint" value="0.000000" />
			<float name="spec_trans" value="0.000000" />
			<float name="metallic" value="0.000000" />
			<float name="anisotropic" value="0.000000" />
			<float name="roughness" value="0.500000" />
			<float name="sheen" value="0.000000" />
			<float name="sheen_tint" value="0.500000" />
			<float name="clearcoat" value="0.000000" />
			<float name="clearcoat_gloss" value="0.173205" />
			<float name="specular" value="0.500000" />
		</bsdf>
	</bsdf>
	<bsdf type="twosided" id="mat-Material.005" name="mat-Material.005">
		<bsdf type="principled" name="bsdf">
			<rgb value="0.433648 0.266232 0.084399" name="base_color" />
			<float name="spec_tint" value="0.000000" />
			<float name="spec_trans" value="0.000000" />
			<float name="metallic" value="0.000000" />
			<float name="anisotropic" value="0.000000" />
			<float name="roughness" value="0.500000" />
			<float name="sheen" value="0.000000" />
			<float name="sheen_tint" value="0.500000" />
			<float name="clearcoat" value="0.000000" />
			<float name="clearcoat_gloss" value="0.173205" />
			<float name="specular" value="0.500000" />
		</bsdf>
	</bsdf>
	<emitter type="point" name="temp45">
		<point name="position" x="-6.815235034541981e-16" y="3.0693089962005615" z="4.109199523925781" />
		<rgb value="7.957747 7.957747 7.957747" name="intensity" />
	</emitter>
	<shape type="ply" name="temp2">
		<string name="filename" value="meshes/Cube.ply" />
		<boolean name="face_normals" value="true" />
		<ref id="mat-Material" name="bsdf" />
		<transform name="to_world">
			<matrix value="0.9999986702764229 0.00024198985029921387 0.0016068996232331222 -0.002573560657007201 -0.00024012635919911634 0.9999989570796561 -0.001153444918233219 -0.015718178445686376 -0.001607172617622915 0.0011530569038198002 0.9999978724420253 0.003682963946526896 0.0 0.0 0.0 1.0" />
		</transform>
	</shape>
	<shape type="ply" name="temp4">
		<string name="filename" value="meshes/Plane.ply" />
		<boolean name="face_normals" value="true" />
		<ref id="mat-Material.001" name="bsdf" />
	</shape>
	<shape type="ply" name="temp5">
		<string name="filename" value="meshes/Cube_001.ply" />
		<boolean name="face_normals" value="true" />
		<ref id="mat-Material" name="bsdf" />
		<transform name="to_world">
			<matrix value="0.9999982270352306 -9.520319217058839e-05 -0.0019471812457182896 0.0025243527624936313 9.955802204504393e-05 0.999996454070831 0.002239935587000337 -0.020139983420091934 0.0019468837484730341 -0.0022401271945651337 0.9999946811050631 -0.00441464647317491 0.0 0.0 0.0 1.0" />
		</transform>
	</shape>
	<shape type="ply" name="temp6">
		<string name="filename" value="meshes/Cube_002.ply" />
		<boolean name="face_normals" value="true" />
		<ref id="mat-Material" name="bsdf" />
		<transform name="to_world">
			<matrix value="1.0 -5.17611795846257e-06 0.00025286144727840415 -0.0008995133230897956 5.570677467568043e-06 0.9999967669469342 -0.0016020346073308085 -0.016684220200713 -0.00025277247365817595 0.0016020414122810127 0.9999969268607032 0.000984745603120063 0.0 0.0 0.0 1.0" />
		</transform>
	</shape>
	<shape type="ply" name="temp7">
		<string name="filename" value="meshes/Cube_003.ply" />
		<boolean name="face_normals" value="true" />
		<ref id="mat-Material" name="bsdf" />
		<transform name="to_world">
			<matrix value="0.9999988918970191 -0.0002881042419742065 0.0015850425109722893 -0.0011136698420883828 0.0002923731931272794 0.9999943682301433 -0.0026791592931023154 -0.017541162513560304 -0.0015838958064064309 0.0026796159132957743 0.9999933809307452 0.004685994489167233 0.0 0.0 0.0 1.0" />
		</transform>
	</shape>
	<shape type="ply" name="temp8">
		<string name="filename" value="meshes/Cube_004.ply" />
		<boolean name="face_normals" value="true" />
		<ref id="mat-Material" name="bsdf" />
		<transform name="to_world">
			<matrix value="0.9999991135176153 -0.0003239560888818434 0.0013051268000913432 -0.00042204997807093747 0.0003260300482069121 0.9999987484955875 -0.0015886818170858033 -0.018650892404066144 -0.0013046095311040075 0.0015891050283361459 0.9999978724420252 0.004049581633917082 0.0 0.0 0.0 1.0" />
		</transform>
	</shape>
	<shape type="ply" name="temp9">
		<string name="filename" value="meshes/Cube_005.ply" />
		<boolean name="face_normals" value="true" />
		<ref id="mat-Material" name="bsdf" />
		<transform name="to_world">
			<matrix value="0.9999995567588077 -0.000535210033728044 0.0008275077644046313 -0.0007403544432593723 0.0005384068493174971 0.9999913437611463 -0.0038694487875519895 -0.02035858651725833 -0.000825166614364206 0.003869892558346179 0.9999912533727704 0.001953648205848396 0.0 0.0 0.0 1.0" />
		</transform>
	</shape>
	<shape type="ply" name="temp10">
		<string name="filename" value="meshes/Cube_006.ply" />
		<boolean name="face_normals" value="true" />
		<ref id="mat-Material" name="bsdf" />
		<transform name="to_world">
			<matrix value="0.9998368872412137 0.0041368384495529004 0.01610710315961271 0.02904571573085657 -0.002882404122497682 0.997483328918304 -0.06489184204442247 -0.05271942620914524 -0.016363864229903886 0.06482763655477522 0.997333460671618 0.07159167813944517 0.0 0.0 0.0 1.0" />
		</transform>
	</shape>
	<shape type="ply" name="temp11">
		<string name="filename" value="meshes/Cube_007.ply" />
		<boolean name="face_normals" value="true" />
		<ref id="mat-Material" name="bsdf" />
		<transform name="to_world">
			<matrix value="0.9987354328782132 0.04931081737839028 0.008388500123634757 0.1533981278642247 -0.04758391663874247 0.9879218352060706 -0.14472136318785722 -0.04055071268311519 -0.015563091394560899 0.14413991402164686 0.9890420126509325 0.17682131809985452 0.0 0.0 0.0 1.0" />
		</transform>
	</shape>
	<shape type="ply" name="temp12">
		<string name="filename" value="meshes/Cube_008.ply" />
		<boolean name="face_normals" value="true" />
		<ref id="mat-Material" name="bsdf" />
		<transform name="to_world">
			<matrix value="0.7872816815507059 0.6086569688980294 -0.014738468753974398 0.6965976046066442 -0.6040710373794163 0.7781478986197993 -0.1407202658407329 1.3152247416600715 -0.07586620410015832 0.11922484945444836 0.9897767293382208 0.31150377409501884 0.0 0.0 0.0 1.0" />
		</transform>
	</shape>
	<shape type="ply" name="temp13">
		<string name="filename" value="meshes/Cube_009.ply" />
		<boolean name="face_normals" value="true" />
		<ref id="mat-Material" name="bsdf" />
		<transform name="to_world">
			<matrix value="0.28381673217771486 0.9503358203507133 0.035708956688120325 1.6467970983249214 -0.9429814530155471 0.28618349557697487 -0.1187478517574338 1.8914675713427018 -0.1231574242013237 -0.001233927033121065 0.9922274397298285 0.26332708598560783 0.0 0.0 0.0 1.0" />
		</transform>
	</shape>
	<shape type="ply" name="temp14">
		<string name="filename" value="meshes/Cube_010.ply" />
		<boolean name="face_normals" value="true" />
		<ref id="mat-Material" name="bsdf" />
		<transform name="to_world">
			<matrix value="0.29824862107665057 0.9524121704632444 0.006214301350148291 1.2306389098548447 -0.9510289401039311 0.29814787776139234 -0.05228698298568248 1.6451722461151546 -0.05162330438081865 0.00982958368705715 0.9986099954564817 0.03402324259290468 0.0 0.0 0.0 1.0" />
		</transform>
	</shape>
	<shape type="ply" name="temp15">
		<string name="filename" value="meshes/Cube_011.ply" />
		<boolean name="face_normals" value="true" />
		<ref id="mat-Material" name="bsdf" />
		<transform name="to_world">
			<matrix value="0.27710413242628457 0.9560905505159327 -0.08979892685975752 0.8514728829086958 -0.8570174832055912 0.2886012978100759 0.42571087621820425 1.9785921963416928 0.4330174353355425 -0.040531618216063894 0.9002311237146594 -0.8428763200775357 0.0 0.0 0.0 1.0" />
		</transform>
	</shape>
	<shape type="ply" name="temp16">
		<string name="filename" value="meshes/Cube_012.ply" />
		<boolean name="face_normals" value="true" />
		<ref id="mat-Material" name="bsdf" />
		<transform name="to_world">
			<matrix value="0.0956862659057102 0.9924281897197256 0.07683455778234703 1.051539988482813 -0.6425346215695348 0.002602490910949203 0.7662288940339019 1.896968234369624 0.7602388715433834 -0.12267480909343106 0.6379146905986995 -2.0345227317367125 0.0 0.0 0.0 1.0" />
		</transform>
	</shape>
	<shape type="ply" name="temp17">
		<string name="filename" value="meshes/Cube_013.ply" />
		<boolean name="face_normals" value="true" />
		<ref id="mat-Material" name="bsdf" />
		<transform name="to_world">
			<matrix value="0.8075304905616221 0.48650680088356213 0.3328146031797063 0.5314899946106556 -0.3798930281706372 -0.0026092271334500023 0.9248572526796592 1.5822962809603038 0.4510774971765536 -0.8733219933127948 0.18260294662051602 -1.7209342152091471 0.0 0.0 0.0 1.0" />
		</transform>
	</shape>
	<shape type="ply" name="temp18">
		<string name="filename" value="meshes/Cube_014.ply" />
		<boolean name="face_normals" value="true" />
		<ref id="mat-Material" name="bsdf" />
		<transform name="to_world">
			<matrix value="0.9555389192361359 0.2659962079416298 0.1268923209813621 0.05499429077414231 -0.19901844237953148 0.26509470759642323 0.9433829637449938 0.9890816825977119 0.21736989098039633 -0.926716594739927 0.3063137410459359 -0.7252810931238773 0.0 0.0 0.0 1.0" />
		</transform>
	</shape>
	<shape type="ply" name="temp19">
		<string name="filename" value="meshes/Cube_015.ply" />
		<boolean name="face_normals" value="true" />
		<ref id="mat-Material" name="bsdf" />
		<transform name="to_world">
			<matrix value="0.9855518884734242 0.11868508603049917 0.12072073626744065 0.04119714692559878 -0.14656135699177522 0.24177271428362845 0.959164952406528 0.6273292331104214 0.08464282294996515 -0.9630037565990786 0.25566734165413374 -0.3000160707732056 0.0 0.0 0.0 1.0" />
		</transform>
	</shape>
	<shape type="ply" name="temp20">
		<string name="filename" value="meshes/Cube_016.ply" />
		<boolean name="face_normals" value="true" />
		<ref id="mat-Material" name="bsdf" />
		<transform name="to_world">
			<matrix value="0.9811844113845614 0.08841737880744145 0.17100223582703616 0.08632379128610002 -0.18768693697287542 0.2435397342221796 0.9514832861409455 0.3360301347068102 0.04253285082097134 -0.9657281774132656 0.2556881444432204 -0.02631818843698977 0.0 0.0 0.0 1.0" />
		</transform>
	</shape>
	<shape type="ply" name="temp21">
		<string name="filename" value="meshes/Cube_017.ply" />
		<boolean name="face_normals" value="true" />
		<ref id="mat-Material" name="bsdf" />
		<transform name="to_world">
			<matrix value="0.9456034462889189 0.09874552326442412 0.3097861520560956 0.18155462116206833 -0.32426209206296863 0.21744680584786297 0.9205929173122229 0.15703036177247276 0.023558530885932766 -0.9710077530698361 0.23771623671871933 0.15419230112478033 0.0 0.0 0.0 1.0" />
		</transform>
	</shape>
	<shape type="ply" name="temp22">
		<string name="filename" value="meshes/Cube_018.ply" />
		<boolean name="face_normals" value="true" />
		<ref id="mat-Material" name="bsdf" />
		<transform name="to_world">
			<matrix value="0.2000360355089384 0.9773197155747639 0.0694978868621404 0.8680078972293319 -0.3199182618917179 -0.0018912307085809403 0.9474423443608603 -0.15466843598935226 0.926085763624791 -0.2117566324519266 0.3122837869208137 -0.18465009378143044 0.0 0.0 0.0 1.0" />
		</transform>
	</shape>
	<shape type="ply" name="temp23">
		<string name="filename" value="meshes/Cube_019.ply" />
		<boolean name="face_normals" value="true" />
		<ref id="mat-Material" name="bsdf" />
		<transform name="to_world">
			<matrix value="-0.05221591785499631 0.987650154456503 -0.14771553462458767 0.4670173044717799 -0.959417722910428 -0.008575712888201026 0.2818051005602097 0.07133886405812048 0.2770581018284586 0.15644038771606703 0.9480169032117143 -0.0461529752917339 0.0 0.0 0.0 1.0" />
		</transform>
	</shape>
	<shape type="ply" name="temp24">
		<string name="filename" value="meshes/Cube_020.ply" />
		<boolean name="face_normals" value="true" />
		<ref id="mat-Material" name="bsdf" />
		<transform name="to_world">
			<matrix value="0.06555903914634169 0.9896358233215495 -0.12770177400889038 -0.043523231608124546 -0.9108518334789651 0.00712159181166451 -0.4126170577932795 0.27292969575438114 -0.4074344091791727 0.14337480308225992 0.9018771440708165 0.10640390554172735 0.0 0.0 0.0 1.0" />
		</transform>
	</shape>
	<shape type="ply" name="temp25">
		<string name="filename" value="meshes/Cube_021.ply" />
		<boolean name="face_normals" value="true" />
		<ref id="mat-Material" name="bsdf" />
		<transform name="to_world">
			<matrix value="0.27287937900135983 0.914144294287091 -0.29975436161204594 -0.10596548181954188 -0.7105708148723378 -0.018528143205478253 -0.7033339069860021 0.21980884963155595 -0.6485035290863735 0.4049601291552554 0.6445179213664028 0.21100378268458614 0.0 0.0 0.0 1.0" />
		</transform>
	</shape>
	<shape type="ply" name="temp26">
		<string name="filename" value="meshes/Cube_022.ply" />
		<boolean name="face_normals" value="true" />
		<ref id="mat-Material" name="bsdf" />
		<transform name="to_world">
			<matrix value="0.6915220813897207 0.3947216758478421 -0.604958699371803 -0.06245552325587583 -0.6524237758121508 -0.018152508327718947 -0.757624340397929 -0.11084264258874339 -0.31003469248812554 0.9186210298629811 0.24497104393596336 0.6606038391135679 0.0 0.0 0.0 1.0" />
		</transform>
	</shape>
	<shape type="ply" name="temp27">
		<string name="filename" value="meshes/Cube_023.ply" />
		<boolean name="face_normals" value="true" />
		<ref id="mat-Material" name="bsdf" />
		<transform name="to_world">
			<matrix value="0.8537968927019451 0.3120751403249323 -0.4166960584860959 -0.07804216834403149 -0.4757294420302574 0.14262427960277252 -0.8679483863891133 -0.28170133368761724 -0.21143533465596506 0.9392859750158002 0.27023874982802243 0.15275712842455225 0.0 0.0 0.0 1.0" />
		</transform>
	</shape>
	<shape type="ply" name="temp28">
		<string name="filename" value="meshes/Cube_024.ply" />
		<boolean name="face_normals" value="true" />
		<ref id="mat-Material" name="bsdf" />
		<transform name="to_world">
			<matrix value="0.8623219721750909 0.4094778515006581 -0.29786828146740985 -0.1842847315133354 -0.39306338614995384 0.1704634842300015 -0.9035712715373876 -0.5239722394868334 -0.31921907107283876 0.8962517442842751 0.30794451423359925 -0.3027771529939526 0.0 0.0 0.0 1.0" />
		</transform>
	</shape>
	<shape type="ply" name="temp29">
		<string name="filename" value="meshes/Cube_025.ply" />
		<boolean name="face_normals" value="true" />
		<ref id="mat-Material" name="bsdf" />
		<transform name="to_world">
			<matrix value="0.8924900758297032 0.3816162345152402 -0.2404794144582221 -0.2815514682928034 -0.32980887883026877 0.188390242020095 -0.9250592524895974 -0.7993444609385542 -0.3077137486326009 0.9049182037574335 0.2939967169416496 -0.7167545728480684 0.0 0.0 0.0 1.0" />
		</transform>
	</shape>
	<shape type="ply" name="temp30">
		<string name="filename" value="meshes/Cube_026.ply" />
		<boolean name="face_normals" value="true" />
		<ref id="mat-Material" name="bsdf" />
		<transform name="to_world">
			<matrix value="0.9223665267797463 0.24512758044566074 -0.29858444112125143 -0.3153566266593822 -0.35210366702303253 0.21543323954003044 -0.9108297901613209 -1.1455867069543189 -0.15894447428935138 0.9452513750904734 0.2850186586834388 -0.8360395860268477 0.0 0.0 0.0 1.0" />
		</transform>
	</shape>
	<shape type="ply" name="temp31">
		<string name="filename" value="meshes/Cube_027.ply" />
		<boolean name="face_normals" value="true" />
		<ref id="mat-Material" name="bsdf" />
		<transform name="to_world">
			<matrix value="0.871811987723992 0.1938535698120449 -0.4498496762093158 -0.5543818363032988 -0.4849575020344771 0.21222302642968738 -0.8483968377869426 -1.5851778000230912 -0.0689963423736807 0.9578003141276076 0.27902922839145744 -0.9677000219560494 0.0 0.0 0.0 1.0" />
		</transform>
	</shape>
	<shape type="ply" name="temp32">
		<string name="filename" value="meshes/Cube_028.ply" />
		<boolean name="face_normals" value="true" />
		<ref id="mat-Material" name="bsdf" />
		<transform name="to_world">
			<matrix value="-0.1175288815960938 0.9804600530220704 0.15774386187704512 -1.4725800790283574 -0.8028263717871662 -0.0003216346524885122 -0.5961562828441762 -2.1193021334359745 -0.584456506514759 -0.19671766894788112 0.7871768298535152 -1.307031054924231 0.0 0.0 0.0 1.0" />
		</transform>
	</shape>
	<shape type="ply" name="temp33">
		<string name="filename" value="meshes/Cube_029.ply" />
		<boolean name="face_normals" value="true" />
		<ref id="mat-Material" name="bsdf" />
		<transform name="to_world">
			<matrix value="0.0014525346304343585 0.9808656447437858 0.1946788238481283 -1.6031303617636627 -0.9986066713118344 -0.008773003172563687 0.05163904702423194 -1.820903788881409 0.05235859719481514 -0.19448752980144884 0.979485495018914 -0.09815931811649559 0.0 0.0 0.0 1.0" />
		</transform>
	</shape>
	<shape type="ply" name="temp34">
		<string name="filename" value="meshes/Cube_030.ply" />
		<boolean name="face_normals" value="true" />
		<ref id="mat-Material" name="bsdf" />
		<transform name="to_world">
			<matrix value="-0.03568425239475552 0.9816853800268289 -0.18713648126534504 -3.195442727238071 -0.9786187528424062 0.0036293337416103753 0.2056486989589114 -1.9454274898142563 0.2025615205216082 0.19047378161777184 0.960566721533186 0.23369830554908588 0.0 0.0 0.0 1.0" />
		</transform>
	</shape>
	<shape type="ply" name="temp35">
		<string name="filename" value="meshes/Cube_031.ply" />
		<boolean name="face_normals" value="true" />
		<ref id="mat-Material" name="bsdf" />
		<transform name="to_world">
			<matrix value="0.13377440264384505 0.9813682280574775 0.13791127468617337 -1.9311242004216043 -0.7088217851273078 -0.0025048193349088387 0.7053832181063694 -0.8860898986238226 0.6925860818719671 -0.1921167007006339 0.6952801544701648 0.7102923303616202 0.0 0.0 0.0 1.0" />
		</transform>
	</shape>
	<shape type="ply" name="temp36">
		<string name="filename" value="meshes/Cube_032.ply" />
		<boolean name="face_normals" value="true" />
		<ref id="mat-Material" name="bsdf" />
		<transform name="to_world">
			<matrix value="0.7794312151723234 0.5969676048082799 0.19003720153316556 -0.6163401473650827 -0.23088808248541293 -0.008268408065528771 0.9729446726184707 0.4431691544229726 0.5823876782494456 -0.8022206902881173 0.13138811101692072 -0.16848633728969653 0.0 0.0 0.0 1.0" />
		</transform>
	</shape>
	<shape type="ply" name="temp37">
		<string name="filename" value="meshes/Cube_033.ply" />
		<boolean name="face_normals" value="true" />
		<ref id="mat-Material" name="bsdf" />
		<transform name="to_world">
			<matrix value="0.9775159256560413 0.16471885996291374 0.1316454982528021 -0.13634863454528223 -0.14986297198538368 0.10350842575345781 0.9832737301906622 0.300821350817418 0.1483373136392407 -0.9808942207612067 0.12586637706662707 -0.3810461926591155 0.0 0.0 0.0 1.0" />
		</transform>
	</shape>
	<shape type="ply" name="temp38">
		<string name="filename" value="meshes/Cube_034.ply" />
		<boolean name="face_normals" value="true" />
		<ref id="mat-Material" name="bsdf" />
		<transform name="to_world">
			<matrix value="0.999924870617896 0.001221440147844388 0.012213211094883885 -0.03656278826986914 -0.01223294274919463 0.18063235389207444 0.9834746662216131 0.3695433756593255 -0.0010048455127148169 -0.9835499131247354 0.18063370259859932 -0.3564244581436841 0.0 0.0 0.0 1.0" />
		</transform>
	</shape>
	<shape type="ply" name="temp39">
		<string name="filename" value="meshes/Cube_035.ply" />
		<boolean name="face_normals" value="true" />
		<ref id="mat-Material" name="bsdf" />
		<transform name="to_world">
			<matrix value="0.9989187131112518 -0.046379846190107696 0.0032340654181526084 0.008999796268640115 0.0065929445753483435 0.21016868193641108 0.9776430298127606 0.09153110131708102 -0.04602264164658784 -0.9765643283697278 0.21024717022969588 -0.14672060268654874 0.0 0.0 0.0 1.0" />
		</transform>
	</shape>
	<shape type="ply" name="temp40">
		<string name="filename" value="meshes/Cube_036.ply" />
		<boolean name="face_normals" value="true" />
		<ref id="mat-Material" name="bsdf" />
		<transform name="to_world">
			<matrix value="0.9995904451382647 -0.028470254868873626 0.0029767963799364663 0.004274841388943962 0.0030913258585138657 0.21074583405468658 0.977536179123361 -0.2487592814131481 -0.0284580569724499 -0.9771260452669146 0.21074761914442858 0.23077444731789776 0.0 0.0 0.0 1.0" />
		</transform>
	</shape>
	<shape type="ply" name="temp41">
		<string name="filename" value="meshes/Cube_037.ply" />
		<boolean name="face_normals" value="true" />
		<ref id="mat-Material" name="bsdf" />
		<transform name="to_world">
			<matrix value="0.998889015951364 -0.047018144728141954 0.0032178368787117023 -0.005195624842344593 0.0067812644607439 0.21096244861010008 0.977470697616804 -0.5694999118841376 -0.04663772744921786 -0.9763627318672655 0.21104689563287996 0.5102369821290449 0.0 0.0 0.0 1.0" />
		</transform>
	</shape>
	<shape type="ply" name="temp42">
		<string name="filename" value="meshes/Cube_038.ply" />
		<boolean name="face_normals" value="true" />
		<ref id="mat-Material" name="bsdf" />
		<transform name="to_world">
			<matrix value="0.999234300840208 -0.03899124572663389 0.0032668652702636898 0.006436997066002981 0.005037026153003314 0.21098215980459845 0.977476962093063 -0.9050163690306785 -0.038802304676903765 -0.9767119015983798 0.2110170152631009 0.860784454212665 0.0 0.0 0.0 1.0" />
		</transform>
	</shape>
	<shape type="ply" name="temp43">
		<string name="filename" value="meshes/Cube_039.ply" />
		<boolean name="face_normals" value="true" />
		<ref id="mat-Material" name="bsdf" />
		<transform name="to_world">
			<matrix value="0.999964459110468 -0.00512467559994882 -0.006723389253885706 0.021258786306950217 0.008279465794116562 0.4330077281651285 0.9013521669845128 -1.319272609987329 -0.0017078570568380834 -0.9013757048714921 0.4330346672237182 1.4735558876557857 0.0 0.0 0.0 1.0" />
		</transform>
	</shape>
	<shape type="ply" name="temp47">
		<string name="filename" value="meshes/Plane_001.ply" />
		<boolean name="face_normals" value="true" />
		<ref id="mat-Material.002" name="bsdf" />
	</shape>
	<shape type="ply" name="temp49">
		<string name="filename" value="meshes/Plane_002.ply" />
		<boolean name="face_normals" value="true" />
		<ref id="mat-Material.003" name="bsdf" />
	</shape>
	<shape type="ply" name="temp51">
		<string name="filename" value="meshes/Plane_003.ply" />
		<boolean name="face_normals" value="true" />
		<ref id="mat-Material.004" name="bsdf" />
	</shape>
	<shape type="ply" name="temp53">
		<string name="filename" value="meshes/Plane_004.ply" />
		<boolean name="face_normals" value="true" />
		<ref id="mat-Material.005" name="bsdf" />
	</shape>
	<emitter type="point">
		<transform name="to_world">
			<rotate x="1" angle="-142.5518126578256" />
			<rotate y="1" angle="3.976628485794621e-06" />
			<rotate z="1" angle="-179.999991348578" />
			<translate value="-0.000000 3.030926 4.073377" />
		</transform>
		<rgb name="intensity" value="100" />
	</emitter>
</scene>