<scene version="2.1.0">
	<default name="spp" value="1024" />
	<default name="resx" value="1280" />
	<default name="resy" value="720" />
	<integrator type="path" name="temp0">
		<integer name="max_depth" value="12" />
	</integrator>
	<sensor type="perspective" name="temp44">
		<string name="fov_axis" value="x" />
		<float name="fov" value="83.974423" />
		<float name="principal_point_offset_x" value="0.000000" />
		<float name="principal_point_offset_y" value="-0.000000" />
		<float name="near_clip" value="0.100000" />
		<float name="far_clip" value="1000.000000" />
		<transform name="to_world">
			<rotate x="1" angle="-142.5518126578256" />
			<rotate y="1" angle="3.976628485794621e-06" />
			<rotate z="1" angle="-179.999991348578" />
			<translate value="-0.000000 3.030926 4.073377" />
		</transform>
		<sampler type="independent" name="sampler">
			<integer name="sample_count" value="$spp" />
		</sampler>
		<film type="hdrfilm" name="film">
			<integer name="width" value="$resx" />
			<integer name="height" value="$resy" />
		</film>
		<float name="shutter_open" value="0.0" />
		<float name="shutter_close" value="0.0015" />
	</sensor>
	<bsdf type="twosided" id="mat-Material" name="mat-Material">
		<bsdf type="diffuse" name="bsdf">
			<texture type="bitmap" name="reflectance">
				<string name="filename" value="textures/siggraph_2023_logo.jpg" />
			</texture>
		</bsdf>
	</bsdf>
	<bsdf type="twosided" id="mat-Material.001" name="mat-Material.001">
		<bsdf type="principled" name="bsdf">
			<rgb value="0.433648 0.266232 0.084399" name="base_color" />
			<float name="spec_tint" value="0.000000" />
			<float name="spec_trans" value="0.000000" />
			<float name="metallic" value="0.000000" />
			<float name="anisotropic" value="0.000000" />
			<float name="roughness" value="0.500000" />
			<float name="sheen" value="0.000000" />
			<float name="sheen_tint" value="0.500000" />
			<float name="clearcoat" value="0.000000" />
			<float name="clearcoat_gloss" value="0.173205" />
			<float name="specular" value="0.500000" />
		</bsdf>
	</bsdf>
	<bsdf type="twosided" id="mat-Material.002" name="mat-Material.002">
		<bsdf type="principled" name="bsdf">
			<rgb value="0.433648 0.266232 0.084399" name="base_color" />
			<float name="spec_tint" value="0.000000" />
			<float name="spec_trans" value="0.000000" />
			<float name="metallic" value="0.000000" />
			<float name="anisotropic" value="0.000000" />
			<float name="roughness" value="0.500000" />
			<float name="sheen" value="0.000000" />
			<float name="sheen_tint" value="0.500000" />
			<float name="clearcoat" value="0.000000" />
			<float name="clearcoat_gloss" value="0.173205" />
			<float name="specular" value="0.500000" />
		</bsdf>
	</bsdf>
	<bsdf type="twosided" id="mat-Material.003" name="mat-Material.003">
		<bsdf type="principled" name="bsdf">
			<rgb value="0.433648 0.266232 0.084399" name="base_color" />
			<float name="spec_tint" value="0.000000" />
			<float name="spec_trans" value="0.000000" />
			<float name="metallic" value="0.000000" />
			<float name="anisotropic" value="0.000000" />
			<float name="roughness" value="0.500000" />
			<float name="sheen" value="0.000000" />
			<float name="sheen_tint" value="0.500000" />
			<float name="clearcoat" value="0.000000" />
			<float name="clearcoat_gloss" value="0.173205" />
			<float name="specular" value="0.500000" />
		</bsdf>
	</bsdf>
	<bsdf type="twosided" id="mat-Material.004" name="mat-Material.004">
		<bsdf type="principled" name="bsdf">
			<rgb value="0.433648 0.266232 0.084399" name="base_color" />
			<float name="spec_tint" value="0.000000" />
			<float name="spec_trans" value="0.000000" />
			<float name="metallic" value="0.000000" />
			<float name="anisotropic" value="0.000000" />
			<float name="roughness" value="0.500000" />
			<float name="sheen" value="0.000000" />
			<float name="sheen_tint" value="0.500000" />
			<float name="clearcoat" value="0.000000" />
			<float name="clearcoat_gloss" value="0.173205" />
			<float name="specular" value="0.500000" />
		</bsdf>
	</bsdf>
	<bsdf type="twosided" id="mat-Material.005" name="mat-Material.005">
		<bsdf type="principled" name="bsdf">
			<rgb value="0.433648 0.266232 0.084399" name="base_color" />
			<float name="spec_tint" value="0.000000" />
			<float name="spec_trans" value="0.000000" />
			<float name="metallic" value="0.000000" />
			<float name="anisotropic" value="0.000000" />
			<float name="roughness" value="0.500000" />
			<float name="sheen" value="0.000000" />
			<float name="sheen_tint" value="0.500000" />
			<float name="clearcoat" value="0.000000" />
			<float name="clearcoat_gloss" value="0.173205" />
			<float name="specular" value="0.500000" />
		</bsdf>
	</bsdf>
	<emitter type="point" name="temp45">
		<point name="position" x="-6.815235034541981e-16" y="3.0693089962005615" z="4.109199523925781" />
		<rgb value="7.957747 7.957747 7.957747" name="intensity" />
	</emitter>
	<shape type="ply" name="temp2">
		<string name="filename" value="meshes/Cube.ply" />
		<boolean name="face_normals" value="true" />
		<ref id="mat-Material" name="bsdf" />
		<transform name="to_world">
			<matrix value="0.9999986702764229 0.00019404534200486836 0.001816374253522645 -0.00280694342865484 -0.00019544011190953626 0.9999995828318625 0.0007676536486910081 -0.01836016067862417 -0.0018162251097908434 -0.0007680086270370843 0.9999981088373558 0.004210689241415544 0.0 0.0 0.0 1.0" />
		</transform>
	</shape>
	<shape type="ply" name="temp4">
		<string name="filename" value="meshes/Plane.ply" />
		<boolean name="face_normals" value="true" />
		<ref id="mat-Material.001" name="bsdf" />
	</shape>
	<shape type="ply" name="temp5">
		<string name="filename" value="meshes/Cube_001.ply" />
		<boolean name="face_normals" value="true" />
		<ref id="mat-Material" name="bsdf" />
		<transform name="to_world">
			<matrix value="0.9999982270352306 -0.00017602722439265535 -0.0020290118533346636 0.002547993058562792 0.00018388171133651405 0.9999924909735245 0.0038715408862271825 -0.02189576448804026 0.00202831602033236 -0.0038719168667335525 0.9999905441867787 -0.0043625799080493355 0.0 0.0 0.0 1.0" />
		</transform>
	</shape>
	<shape type="ply" name="temp6">
		<string name="filename" value="meshes/Cube_002.ply" />
		<boolean name="face_normals" value="true" />
		<ref id="mat-Material" name="bsdf" />
		<transform name="to_world">
			<matrix value="1.0 -4.210185994414119e-05 0.0004283672505473734 -0.000838096158207513 4.342478285613987e-05 0.9999952025664184 -0.0030885759119777256 -0.01578146468560454 -0.0004282343753047283 0.003088589825686294 0.9999952720933893 0.0015523974470355029 0.0 0.0 0.0 1.0" />
		</transform>
	</shape>
	<shape type="ply" name="temp7">
		<string name="filename" value="meshes/Cube_003.ply" />
		<boolean name="face_normals" value="true" />
		<ref id="mat-Material" name="bsdf" />
		<transform name="to_world">
			<matrix value="0.9999986702764229 -0.00010540503897393325 0.0018388105343432773 -0.0011872229286740144 0.00010694833757958396 0.9999995828318625 -0.0008391514164099019 -0.017735096111497484 -0.0018387196003028224 0.0008393464643957424 0.9999981088373558 0.00578323541990694 0.0 0.0 0.0 1.0" />
		</transform>
	</shape>
	<shape type="ply" name="temp8">
		<string name="filename" value="meshes/Cube_004.ply" />
		<boolean name="face_normals" value="true" />
		<ref id="mat-Material" name="bsdf" />
		<transform name="to_world">
			<matrix value="0.9996999257127761 -0.010980493217889005 0.02189729946702309 -0.006707181442776378 0.012552741269478236 0.9972525306462144 -0.0730065845555366 -0.04767550146983418 -0.021035486776342267 0.07325954324260621 0.9970911554578246 0.11076004907699467 0.0 0.0 0.0 1.0" />
		</transform>
	</shape>
	<shape type="ply" name="temp9">
		<string name="filename" value="meshes/Cube_005.ply" />
		<boolean name="face_normals" value="true" />
		<ref id="mat-Material" name="bsdf" />
		<transform name="to_world">
			<matrix value="0.9983475968349033 -0.037542399926578415 0.043509175211963874 0.020446698945880915 0.05108141986110594 0.9265961374402146 -0.37257275184494737 -0.26242642568789787 -0.026328154503241868 0.3741795867115262 0.9269824467011268 0.05419305855701109 0.0 0.0 0.0 1.0" />
		</transform>
	</shape>
	<shape type="ply" name="temp10">
		<string name="filename" value="meshes/Cube_006.ply" />
		<boolean name="face_normals" value="true" />
		<ref id="mat-Material" name="bsdf" />
		<transform name="to_world">
			<matrix value="0.9995465642602216 0.003902082294758491 -0.029862238257180155 0.006199427776802935 -0.02064398512837151 0.8107299816654604 -0.58505622190146 -0.3407950809567735 0.021927279190535207 0.5854072499650622 0.8104428582843088 -0.17751300817248403 0.0 0.0 0.0 1.0" />
		</transform>
	</shape>
	<shape type="ply" name="temp11">
		<string name="filename" value="meshes/Cube_007.ply" />
		<boolean name="face_normals" value="true" />
		<ref id="mat-Material" name="bsdf" />
		<transform name="to_world">
			<matrix value="0.9827056151567212 0.15701013509990136 -0.09817259317640151 0.08402095288322498 -0.1843085526047512 0.7780846976469632 -0.6005119850068625 -0.1424405354735806 -0.017899883338918173 0.608220298150068 0.7935663592424193 -0.02383947990170454 0.0 0.0 0.0 1.0" />
		</transform>
	</shape>
	<shape type="ply" name="temp12">
		<string name="filename" value="meshes/Cube_008.ply" />
		<boolean name="face_normals" value="true" />
		<ref id="mat-Material" name="bsdf" />
		<transform name="to_world">
			<matrix value="0.06185896242555764 0.9919862000780104 -0.11016606299179094 2.4446620951757234 -0.871942300634544 -8.968906372869054e-07 -0.48960924324654004 1.5206105069686646 -0.48568596893411137 0.1263451273718616 0.8649546759232775 1.1746439520152068 0.0 0.0 0.0 1.0" />
		</transform>
	</shape>
	<shape type="ply" name="temp13">
		<string name="filename" value="meshes/Cube_009.ply" />
		<boolean name="face_normals" value="true" />
		<ref id="mat-Material" name="bsdf" />
		<transform name="to_world">
			<matrix value="-0.04944758850196888 0.9947184427947763 0.08994490097636 2.517834844183283 -0.877176979116248 -0.00018668190720929118 -0.48016737734982873 1.1376220881540178 -0.47761454682134014 -0.10264069516898439 0.872553367427844 0.8485573335013172 0.0 0.0 0.0 1.0" />
		</transform>
	</shape>
	<shape type="ply" name="temp14">
		<string name="filename" value="meshes/Cube_010.ply" />
		<boolean name="face_normals" value="true" />
		<ref id="mat-Material" name="bsdf" />
		<transform name="to_world">
			<matrix value="0.043237641992315966 0.999002550983161 0.011144101392794007 1.7175051110293662 -0.9918620917083757 0.04158624012615165 0.12033406442529222 2.039573293924235 0.11975060591070995 -0.01625636024971685 0.9926710355675686 -0.3231452290733219 0.0 0.0 0.0 1.0" />
		</transform>
	</shape>
	<shape type="ply" name="temp15">
		<string name="filename" value="meshes/Cube_011.ply" />
		<boolean name="face_normals" value="true" />
		<ref id="mat-Material" name="bsdf" />
		<transform name="to_world">
			<matrix value="0.0089417261939588 0.9963860724245605 -0.08446821215629892 1.212451873364157 -0.8193295711020927 0.05572590384691598 0.5706086848807693 2.2698024182175196 0.573253585378005 0.06410505962375607 0.8168666649961397 -1.2528005892758138 0.0 0.0 0.0 1.0" />
		</transform>
	</shape>
	<shape type="ply" name="temp16">
		<string name="filename" value="meshes/Cube_012.ply" />
		<boolean name="face_normals" value="true" />
		<ref id="mat-Material" name="bsdf" />
		<transform name="to_world">
			<matrix value="0.08535641910759591 0.988695786393227 0.12326761227950817 1.1367496546221796 -0.8222873195786727 3.966080058737274e-05 0.5690730608136444 1.8202826834760886 0.5626352993739662 -0.1499353597970894 0.8129952186680447 -1.5673793187824567 0.0 0.0 0.0 1.0" />
		</transform>
	</shape>
	<shape type="ply" name="temp17">
		<string name="filename" value="meshes/Cube_013.ply" />
		<boolean name="face_normals" value="true" />
		<ref id="mat-Material" name="bsdf" />
		<transform name="to_world">
			<matrix value="0.9009218530318585 0.2779937549929811 0.33325618965713694 0.5628307297938566 -0.3962071851170246 0.21352167084182447 0.8929885617755369 1.4454324746649332 0.17708788763658478 -0.9365510207061406 0.3025094309917115 -1.3366458263014755 0.0 0.0 0.0 1.0" />
		</transform>
	</shape>
	<shape type="ply" name="temp18">
		<string name="filename" value="meshes/Cube_014.ply" />
		<boolean name="face_normals" value="true" />
		<ref id="mat-Material" name="bsdf" />
		<transform name="to_world">
			<matrix value="0.9412217854819007 0.2909432797341805 0.17162107152329842 0.11236180846297505 -0.2187342538566416 0.13779453634890274 0.9660063514697407 1.0268714140965014 0.2574046100629934 -0.9467653825536113 0.19333447906270196 -0.8464815831454934 0.0 0.0 0.0 1.0" />
		</transform>
	</shape>
	<shape type="ply" name="temp19">
		<string name="filename" value="meshes/Cube_015.ply" />
		<boolean name="face_normals" value="true" />
		<ref id="mat-Material" name="bsdf" />
		<transform name="to_world">
			<matrix value="0.9822543956229046 0.1391403624773947 0.12576401788850747 0.048696208381158956 -0.1510507032464758 0.18939341666962162 0.9702134791671887 0.6385587512660024 0.11117699152700138 -0.9719927913345835 0.20704973426800896 -0.32954304782534594 0.0 0.0 0.0 1.0" />
		</transform>
	</shape>
	<shape type="ply" name="temp20">
		<string name="filename" value="meshes/Cube_016.ply" />
		<boolean name="face_normals" value="true" />
		<ref id="mat-Material" name="bsdf" />
		<transform name="to_world">
			<matrix value="0.9839302905711961 0.0612736768991058 0.16771194377951693 0.08629412969611017 -0.17642364638572267 0.18893818193953982 0.9660110793763513 0.3405010013501064 0.027503856198373484 -0.9800754239992657 0.19671209554531913 0.030638529843565243 0.0 0.0 0.0 1.0" />
		</transform>
	</shape>
	<shape type="ply" name="temp21">
		<string name="filename" value="meshes/Cube_017.ply" />
		<boolean name="face_normals" value="true" />
		<ref id="mat-Material" name="bsdf" />
		<transform name="to_world">
			<matrix value="0.9456103165274002 0.04130721721736337 0.3226685155933452 0.18040634480227835 -0.3245218314016882 0.18843480600638685 0.9269186199618836 0.15599521541375244 -0.022513572045309887 -0.9812165874394846 0.19159099258144174 0.2426227699915991 0.0 0.0 0.0 1.0" />
		</transform>
	</shape>
	<shape type="ply" name="temp22">
		<string name="filename" value="meshes/Cube_018.ply" />
		<boolean name="face_normals" value="true" />
		<ref id="mat-Material" name="bsdf" />
		<transform name="to_world">
			<matrix value="0.19230076751644867 0.9743879621962235 0.11656916147266727 0.8599466128738031 -0.5111843050066752 -0.0019360627254011594 0.8594691222783214 -0.068142838858881 0.837681972671521 -0.22486488966945684 0.4977194942463741 -0.19968086402784513 0.0 0.0 0.0 1.0" />
		</transform>
	</shape>
	<shape type="ply" name="temp23">
		<string name="filename" value="meshes/Cube_019.ply" />
		<boolean name="face_normals" value="true" />
		<ref id="mat-Material" name="bsdf" />
		<transform name="to_world">
			<matrix value="-0.07738973488857803 0.9873556337514053 -0.13834601751878514 0.47159482529304425 -0.8988244357096381 -0.00904870438005686 0.43821618920325794 -0.06166837101723517 0.43142340703547877 0.15826214011426237 0.8881594779634636 -0.05030501520923791 0.0 0.0 0.0 1.0" />
		</transform>
	</shape>
	<shape type="ply" name="temp24">
		<string name="filename" value="meshes/Cube_020.ply" />
		<boolean name="face_normals" value="true" />
		<ref id="mat-Material" name="bsdf" />
		<transform name="to_world">
			<matrix value="0.1081659465128785 0.9715244732829925 -0.210808514503493 0.036362053887145196 -0.9447547267750928 0.03445586950561985 -0.32596221249674157 0.18859232910398666 -0.3094165644091754 0.2344203186484446 0.9215793947744723 0.09976996603733823 0.0 0.0 0.0 1.0" />
		</transform>
	</shape>
	<shape type="ply" name="temp25">
		<string name="filename" value="meshes/Cube_021.ply" />
		<boolean name="face_normals" value="true" />
		<ref id="mat-Material" name="bsdf" />
		<transform name="to_world">
			<matrix value="0.20367048031388568 0.9277708829155047 -0.31266521078662435 -0.15044359238099203 -0.7988580333920184 -0.027139352930501875 -0.6009074743948398 0.11009259411372105 -0.5659901919588955 0.3721619530143527 0.7356296460547274 0.2334507074823191 0.0 0.0 0.0 1.0" />
		</transform>
	</shape>
	<shape type="ply" name="temp26">
		<string name="filename" value="meshes/Cube_022.ply" />
		<boolean name="face_normals" value="true" />
		<ref id="mat-Material" name="bsdf" />
		<transform name="to_world">
			<matrix value="0.6263113290675801 0.39795066152437414 -0.6703507302960946 -0.08129345648526443 -0.7243132864206855 -0.020929054300690624 -0.6891531420958148 -0.20621042057441608 -0.2882787526129068 0.9171681375319916 0.27513296055365677 0.6687577334365912 0.0 0.0 0.0 1.0" />
		</transform>
	</shape>
	<shape type="ply" name="temp27">
		<string name="filename" value="meshes/Cube_023.ply" />
		<boolean name="face_normals" value="true" />
		<ref id="mat-Material" name="bsdf" />
		<transform name="to_world">
			<matrix value="0.8523488237265238 0.3122259466066501 -0.4195435584399988 -0.07441703107789532 -0.4788884220081663 0.14359183852255733 -0.8660527322335907 -0.2858070718621539 -0.21016117136236387 0.9390932433362604 0.27191160138452014 0.16002230191781464 0.0 0.0 0.0 1.0" />
		</transform>
	</shape>
	<shape type="ply" name="temp28">
		<string name="filename" value="meshes/Cube_024.ply" />
		<boolean name="face_normals" value="true" />
		<ref id="mat-Material" name="bsdf" />
		<transform name="to_world">
			<matrix value="0.8603231760181693 0.42604151240136584 -0.27987954239537494 -0.18566180267086596 -0.3831655665420272 0.17837033267073127 -0.9062938365591052 -0.5161861502593985 -0.33619662711182263 0.8869455574722114 0.31670047907877685 -0.3211642163151197 0.0 0.0 0.0 1.0" />
		</transform>
	</shape>
	<shape type="ply" name="temp29">
		<string name="filename" value="meshes/Cube_025.ply" />
		<boolean name="face_normals" value="true" />
		<ref id="mat-Material" name="bsdf" />
		<transform name="to_world">
			<matrix value="0.8955249482737528 0.3750456277650426 -0.23953276935711343 -0.2747065017954018 -0.32487629138321394 0.1831312014650945 -0.9278568730287585 -0.7959965225173942 -0.30412285227480246 0.9087373780565389 0.28584214181734113 -0.718928564148215 0.0 0.0 0.0 1.0" />
		</transform>
	</shape>
	<shape type="ply" name="temp30">
		<string name="filename" value="meshes/Cube_026.ply" />
		<boolean name="face_normals" value="true" />
		<ref id="mat-Material" name="bsdf" />
		<transform name="to_world">
			<matrix value="0.9227266602485342 0.2424599987902124 -0.29964715632965044 -0.32018600277197096 -0.3504213007533327 0.20384067931659516 -0.9141412159513895 -1.1455181004388164 -0.16056243761380218 0.9485051822711885 0.2730524452496595 -0.8612977226821058 0.0 0.0 0.0 1.0" />
		</transform>
	</shape>
	<shape type="ply" name="temp31">
		<string name="filename" value="meshes/Cube_027.ply" />
		<boolean name="face_normals" value="true" />
		<ref id="mat-Material" name="bsdf" />
		<transform name="to_world">
			<matrix value="0.8728784260327963 0.1830137269175655 -0.452315279506747 -0.5669472369243702 -0.483512314126806 0.19985933090402422 -0.8522160407469903 -1.58452080366343 -0.06556782742670121 0.9625810609837242 0.26294228975353895 -0.998042599704375 0.0 0.0 0.0 1.0" />
		</transform>
	</shape>
	<shape type="ply" name="temp32">
		<string name="filename" value="meshes/Cube_028.ply" />
		<boolean name="face_normals" value="true" />
		<ref id="mat-Material" name="bsdf" />
		<transform name="to_world">
			<matrix value="-0.10695432133568074 0.9837410804237594 0.1442713137575936 -1.480740532447416 -0.804712806301826 -0.0004256387365645787 -0.5936645578627214 -2.118444662440456 -0.5839507683142828 -0.17959190526945934 0.7916742510168545 -1.321226729485565 0.0 0.0 0.0 1.0" />
		</transform>
	</shape>
	<shape type="ply" name="temp33">
		<string name="filename" value="meshes/Cube_029.ply" />
		<boolean name="face_normals" value="true" />
		<ref id="mat-Material" name="bsdf" />
		<transform name="to_world">
			<matrix value="0.003550193519104582 0.980459427269864 0.19668892880292713 -1.5954465490320662 -0.9977984209975764 -0.009553517457443636 0.06563265773123837 -1.7953671570678704 0.06622923193393224 -0.19648882093683448 0.978266758892365 -0.0726374326516237 0.0 0.0 0.0 1.0" />
		</transform>
	</shape>
	<shape type="ply" name="temp34">
		<string name="filename" value="meshes/Cube_030.ply" />
		<boolean name="face_normals" value="true" />
		<ref id="mat-Material" name="bsdf" />
		<transform name="to_world">
			<matrix value="-0.04081445461194597 0.9813044370971409 -0.1880845250535804 -3.205290584445712 -0.9732221864250782 0.0035741156420654456 0.22983737810643146 -1.8982171965628944 0.22621265479200667 0.1924287483192299 0.9548819259614986 0.2806274751887108 0.0 0.0 0.0 1.0" />
		</transform>
	</shape>
	<shape type="ply" name="temp35">
		<string name="filename" value="meshes/Cube_031.ply" />
		<boolean name="face_normals" value="true" />
		<ref id="mat-Material" name="bsdf" />
		<transform name="to_world">
			<matrix value="0.12171185953863911 0.9806607108962232 0.15326743261905695 -1.9417062254614992 -0.7871294282011322 0.0012946333404947198 0.6167868579325526 -1.2152223964741398 0.6046603265446513 -0.19571151154617114 0.7720643127680428 0.5855812581429576 0.0 0.0 0.0 1.0" />
		</transform>
	</shape>
	<shape type="ply" name="temp36">
		<string name="filename" value="meshes/Cube_032.ply" />
		<boolean name="face_normals" value="true" />
		<ref id="mat-Material" name="bsdf" />
		<transform name="to_world">
			<matrix value="0.7000755282991772 0.6100587581321715 0.37110993753962573 -0.6577611552851335 -0.4695714921448796 0.001778671444632402 0.8828928263945787 -0.3708961235402589 0.5379565162660653 -0.7923541423753138 0.2877113196958443 -0.1324142081876416 0.0 0.0 0.0 1.0" />
		</transform>
	</shape>
	<shape type="ply" name="temp37">
		<string name="filename" value="meshes/Cube_033.ply" />
		<boolean name="face_normals" value="true" />
		<ref id="mat-Material" name="bsdf" />
		<transform name="to_world">
			<matrix value="0.9770427656832031 0.16694493172000507 0.13235150472719742 -0.1384175986882692 -0.15012468374740925 0.09871852205672235 0.9837263090509626 0.3004023775611108 0.151162577323426 -0.9810117578839564 0.12151476454315893 -0.3782032172018691 0.0 0.0 0.0 1.0" />
		</transform>
	</shape>
	<shape type="ply" name="temp38">
		<string name="filename" value="meshes/Cube_034.ply" />
		<boolean name="face_normals" value="true" />
		<ref id="mat-Material" name="bsdf" />
		<transform name="to_world">
			<matrix value="0.9999250922384922 0.0024270007905336207 0.01202472127808554 -0.03466187595040715 -0.012265503247184974 0.18153179968420372 0.9833085985019154 0.36938278883039477 0.00020362323080278072 -0.9833821072414132 0.18154790244059268 -0.35760708314934064 0.0 0.0 0.0 1.0" />
		</transform>
	</shape>
	<shape type="ply" name="temp39">
		<string name="filename" value="meshes/Cube_035.ply" />
		<boolean name="face_normals" value="true" />
		<ref id="mat-Material" name="bsdf" />
		<transform name="to_world">
			<matrix value="0.9989229239025792 -0.04630201304484766 0.0031459254191643802 0.008982907402781404 0.006545214147549674 0.20766767551827928 0.978177637852755 0.09145137487965144 -0.045944919303508525 -0.9771028924352817 0.20774700593494114 -0.14726803537112337 0.0 0.0 0.0 1.0" />
		</transform>
	</shape>
	<shape type="ply" name="temp40">
		<string name="filename" value="meshes/Cube_036.ply" />
		<boolean name="face_normals" value="true" />
		<ref id="mat-Material" name="bsdf" />
		<transform name="to_world">
			<matrix value="0.9993794623307041 -0.03506429603919712 0.0033625817395954143 0.0033903181301058183 0.004077455511881524 0.20997219574363352 0.9776989373084312 -0.24613258280795244 -0.03498837378352455 -0.9770782795151672 0.2099848423314064 0.2140191720317759 0.0 0.0 0.0 1.0" />
		</transform>
	</shape>
	<shape type="ply" name="temp41">
		<string name="filename" value="meshes/Cube_037.ply" />
		<boolean name="face_normals" value="true" />
		<ref id="mat-Material" name="bsdf" />
		<transform name="to_world">
			<matrix value="0.9988524485529948 -0.047776118375630706 0.0033923911907752864 -0.005791896008197739 0.006720897226551211 0.2099352763634619 0.9776923182391762 -0.5698220895897975 -0.047422508142340704 -0.976547224476089 0.21001543188717703 0.5121756461605469 0.0 0.0 0.0 1.0" />
		</transform>
	</shape>
	<shape type="ply" name="temp42">
		<string name="filename" value="meshes/Cube_038.ply" />
		<boolean name="face_normals" value="true" />
		<ref id="mat-Material" name="bsdf" />
		<transform name="to_world">
			<matrix value="0.9991516363578339 -0.041025712158156785 0.00360803101128504 0.007038522626991117 0.005091945952941969 0.20999430565492272 0.9776894814952098 -0.9051248383218218 -0.04086807014557814 -0.9768415365971179 0.21002502953759655 0.8611103507954044 0.0 0.0 0.0 1.0" />
		</transform>
	</shape>
	<shape type="ply" name="temp43">
		<string name="filename" value="meshes/Cube_039.ply" />
		<boolean name="face_normals" value="true" />
		<ref id="mat-Material" name="bsdf" />
		<transform name="to_world">
			<matrix value="0.9999589370463675 -0.006970803272321704 -0.005838910070545963 0.021016573782650205 0.008281682941561373 0.4330104302957234 0.901350848464579 -1.319266083222052 -0.003754839201165754 -0.9013620758289415 0.4330502674757874 1.472890408355691 0.0 0.0 0.0 1.0" />
		</transform>
	</shape>
	<shape type="ply" name="temp47">
		<string name="filename" value="meshes/Plane_001.ply" />
		<boolean name="face_normals" value="true" />
		<ref id="mat-Material.002" name="bsdf" />
	</shape>
	<shape type="ply" name="temp49">
		<string name="filename" value="meshes/Plane_002.ply" />
		<boolean name="face_normals" value="true" />
		<ref id="mat-Material.003" name="bsdf" />
	</shape>
	<shape type="ply" name="temp51">
		<string name="filename" value="meshes/Plane_003.ply" />
		<boolean name="face_normals" value="true" />
		<ref id="mat-Material.004" name="bsdf" />
	</shape>
	<shape type="ply" name="temp53">
		<string name="filename" value="meshes/Plane_004.ply" />
		<boolean name="face_normals" value="true" />
		<ref id="mat-Material.005" name="bsdf" />
	</shape>
	<emitter type="point">
		<transform name="to_world">
			<rotate x="1" angle="-142.5518126578256" />
			<rotate y="1" angle="3.976628485794621e-06" />
			<rotate z="1" angle="-179.999991348578" />
			<translate value="-0.000000 3.030926 4.073377" />
		</transform>
		<rgb name="intensity" value="100" />
	</emitter>
</scene>