<scene version="2.1.0">
	<default name="spp" value="1024" />
	<default name="resx" value="640" />
	<default name="resy" value="360" />
	<integrator type="path" name="temp0">
		<integer name="max_depth" value="12" />
	</integrator>
	<sensor type="perspective" name="temp44">
		<string name="fov_axis" value="x" />
		<float name="fov" value="83.974423" />
		<float name="principal_point_offset_x" value="0.000000" />
		<float name="principal_point_offset_y" value="-0.000000" />
		<float name="near_clip" value="0.100000" />
		<float name="far_clip" value="1000.000000" />
		<transform name="to_world">
			<rotate x="1" angle="-142.5518126578256" />
			<rotate y="1" angle="3.976628485794621e-06" />
			<rotate z="1" angle="-179.999991348578" />
			<translate value="-0.000000 3.030926 4.073377" />
		</transform>
		<sampler type="independent" name="sampler">
			<integer name="sample_count" value="$spp" />
		</sampler>
		<film type="hdrfilm" name="film">
			<integer name="width" value="$resx" />
			<integer name="height" value="$resy" />
		</film>
		<float name="shutter_open" value="0.0" />
		<float name="shutter_close" value="0.0015" />
	</sensor>
	<bsdf type="twosided" id="mat-Material" name="mat-Material">
		<bsdf type="diffuse" name="bsdf">
			<texture type="bitmap" name="reflectance">
				<string name="filename" value="textures/siggraph_2023_logo.jpg" />
			</texture>
		</bsdf>
	</bsdf>
	<bsdf type="twosided" id="mat-Material.001" name="mat-Material.001">
		<bsdf type="principled" name="bsdf">
			<rgb value="0.433648 0.266232 0.084399" name="base_color" />
			<float name="spec_tint" value="0.000000" />
			<float name="spec_trans" value="0.000000" />
			<float name="metallic" value="0.000000" />
			<float name="anisotropic" value="0.000000" />
			<float name="roughness" value="0.500000" />
			<float name="sheen" value="0.000000" />
			<float name="sheen_tint" value="0.500000" />
			<float name="clearcoat" value="0.000000" />
			<float name="clearcoat_gloss" value="0.173205" />
			<float name="specular" value="0.500000" />
		</bsdf>
	</bsdf>
	<bsdf type="twosided" id="mat-Material.002" name="mat-Material.002">
		<bsdf type="principled" name="bsdf">
			<rgb value="0.433648 0.266232 0.084399" name="base_color" />
			<float name="spec_tint" value="0.000000" />
			<float name="spec_trans" value="0.000000" />
			<float name="metallic" value="0.000000" />
			<float name="anisotropic" value="0.000000" />
			<float name="roughness" value="0.500000" />
			<float name="sheen" value="0.000000" />
			<float name="sheen_tint" value="0.500000" />
			<float name="clearcoat" value="0.000000" />
			<float name="clearcoat_gloss" value="0.173205" />
			<float name="specular" value="0.500000" />
		</bsdf>
	</bsdf>
	<bsdf type="twosided" id="mat-Material.003" name="mat-Material.003">
		<bsdf type="principled" name="bsdf">
			<rgb value="0.433648 0.266232 0.084399" name="base_color" />
			<float name="spec_tint" value="0.000000" />
			<float name="spec_trans" value="0.000000" />
			<float name="metallic" value="0.000000" />
			<float name="anisotropic" value="0.000000" />
			<float name="roughness" value="0.500000" />
			<float name="sheen" value="0.000000" />
			<float name="sheen_tint" value="0.500000" />
			<float name="clearcoat" value="0.000000" />
			<float name="clearcoat_gloss" value="0.173205" />
			<float name="specular" value="0.500000" />
		</bsdf>
	</bsdf>
	<bsdf type="twosided" id="mat-Material.004" name="mat-Material.004">
		<bsdf type="principled" name="bsdf">
			<rgb value="0.433648 0.266232 0.084399" name="base_color" />
			<float name="spec_tint" value="0.000000" />
			<float name="spec_trans" value="0.000000" />
			<float name="metallic" value="0.000000" />
			<float name="anisotropic" value="0.000000" />
			<float name="roughness" value="0.500000" />
			<float name="sheen" value="0.000000" />
			<float name="sheen_tint" value="0.500000" />
			<float name="clearcoat" value="0.000000" />
			<float name="clearcoat_gloss" value="0.173205" />
			<float name="specular" value="0.500000" />
		</bsdf>
	</bsdf>
	<bsdf type="twosided" id="mat-Material.005" name="mat-Material.005">
		<bsdf type="principled" name="bsdf">
			<rgb value="0.433648 0.266232 0.084399" name="base_color" />
			<float name="spec_tint" value="0.000000" />
			<float name="spec_trans" value="0.000000" />
			<float name="metallic" value="0.000000" />
			<float name="anisotropic" value="0.000000" />
			<float name="roughness" value="0.500000" />
			<float name="sheen" value="0.000000" />
			<float name="sheen_tint" value="0.500000" />
			<float name="clearcoat" value="0.000000" />
			<float name="clearcoat_gloss" value="0.173205" />
			<float name="specular" value="0.500000" />
		</bsdf>
	</bsdf>
	<emitter type="point" name="temp45">
		<point name="position" x="-6.815235034541981e-16" y="3.0693089962005615" z="4.109199523925781" />
		<rgb value="7.957747 7.957747 7.957747" name="intensity" />
	</emitter>
	<shape type="ply" name="temp2">
		<string name="filename" value="meshes/Cube.ply" />
		<boolean name="face_normals" value="true" />
		<ref id="mat-Material" name="bsdf" />
		<transform name="to_world">
			<matrix value="1.0 0.00011540455923057509 0.0008048906411561433 -0.0015105698054260763 -0.00011601217672203635 0.9999995828318625 0.0007549166682820346 -0.018543430702344543 -0.0008048018977814892 -0.0007550096678715874 0.9999995272093389 0.0018637256808404778 0.0 0.0 0.0 1.0" />
			<scale value="1" />
		</transform>
	</shape>
	<shape type="ply" name="temp4">
		<string name="filename" value="meshes/Plane.ply" />
		<boolean name="face_normals" value="true" />
		<ref id="mat-Material.001" name="bsdf" />
		<transform name="to_world">
			<scale value="1" />
		</transform>
	</shape>
	<shape type="ply" name="temp5">
		<string name="filename" value="meshes/Cube_001.ply" />
		<boolean name="face_normals" value="true" />
		<ref id="mat-Material" name="bsdf" />
		<transform name="to_world">
			<matrix value="1.0 -0.0001630520438109978 -0.0005830478071732745 0.0011468645991357107 0.00016517427357200983 0.9999933253097996 0.003641811904017822 -0.021664237102723416 0.0005824499536369712 -0.003641900784901851 0.9999933809307451 -0.0010215196864578058 0.0 0.0 0.0 1.0" />
			<scale value="1" />
		</transform>
	</shape>
	<shape type="ply" name="temp6">
		<string name="filename" value="meshes/Cube_002.ply" />
		<boolean name="face_normals" value="true" />
		<ref id="mat-Material" name="bsdf" />
		<transform name="to_world">
			<matrix value="1.0 -4.134761995148335e-05 0.00015280168653884613 -0.0008141364269449447 4.194528808018056e-05 0.9999922823894557 -0.00391293370860304 -0.015169399742053835 -0.00015263896941103885 0.0039129390955377616 0.999992435349423 2.4080779473578673e-05 0.0 0.0 0.0 1.0" />
			<scale value="1" />
		</transform>
	</shape>
	<shape type="ply" name="temp7">
		<string name="filename" value="meshes/Cube_003.ply" />
		<boolean name="face_normals" value="true" />
		<ref id="mat-Material" name="bsdf" />
		<transform name="to_world">
			<matrix value="1.0 -2.7531011236423787e-06 0.0005762467135139173 -0.000777907654271548 2.774822836495416e-06 1.0 -3.771143789350958e-05 -0.01776934649790285 -0.0005762445769440115 3.7713042553235874e-05 1.0 0.0012883475368616892 0.0 0.0 0.0 1.0" />
			<scale value="1" />
		</transform>
	</shape>
	<shape type="ply" name="temp8">
		<string name="filename" value="meshes/Cube_004.ply" />
		<boolean name="face_normals" value="true" />
		<ref id="mat-Material" name="bsdf" />
		<transform name="to_world">
			<matrix value="1.0 -0.000377349438804563 0.00037748079169741777 -0.000509708866017089 0.0003781419151920032 0.9999977055752436 -0.0021038404312607294 -0.018771724273383972 -0.00037668586787511946 0.0021039833299612244 0.9999978724420252 0.0012254441016430369 0.0 0.0 0.0 1.0" />
			<scale value="1" />
		</transform>
	</shape>
	<shape type="ply" name="temp9">
		<string name="filename" value="meshes/Cube_005.ply" />
		<boolean name="face_normals" value="true" />
		<ref id="mat-Material" name="bsdf" />
		<transform name="to_world">
			<matrix value="1.0 -0.0005217209020009471 0.0005382036129716738 -0.0004561183302467242 0.0005237382252977251 0.9999926995575932 -0.0037594894995558134 -0.020286687433170802 -0.0005362376269221154 0.0037597695563208276 0.9999929081400841 0.0012563335012421573 0.0 0.0 0.0 1.0" />
			<scale value="1" />
		</transform>
	</shape>
	<shape type="ply" name="temp10">
		<string name="filename" value="meshes/Cube_006.ply" />
		<boolean name="face_normals" value="true" />
		<ref id="mat-Material" name="bsdf" />
		<transform name="to_world">
			<matrix value="1.0 -0.00018371396449481982 -0.0005204526876021523 -0.0007536913080583574 0.00018454435691908364 0.9999987484955875 0.001596112904301024 -0.017171759004155407 0.0005201568364635027 -0.0015962083587979718 0.9999985816280168 -0.001267770323913675 0.0 0.0 0.0 1.0" />
			<scale value="1" />
		</transform>
	</shape>
	<shape type="ply" name="temp11">
		<string name="filename" value="meshes/Cube_007.ply" />
		<boolean name="face_normals" value="true" />
		<ref id="mat-Material" name="bsdf" />
		<transform name="to_world">
			<matrix value="0.9999986702764229 -0.001762698076646302 -3.6467052873598e-05 0.0004973384566469008 0.0017628455729956191 0.9999881107080804 0.0045407760669585046 -0.017325249193304082 2.8462555870552295e-05 -0.004540827202699912 0.9999898350007872 5.795920866602522e-05 0.0 0.0 0.0 1.0" />
			<scale value="1" />
		</transform>
	</shape>
	<shape type="ply" name="temp12">
		<string name="filename" value="meshes/Cube_008.ply" />
		<boolean name="face_normals" value="true" />
		<ref id="mat-Material" name="bsdf" />
		<transform name="to_world">
			<matrix value="1.0 -0.0005507516326917983 0.0001345933362047486 0.0002165046344519972 0.0005506651277332468 0.9999995828318625 0.0006402105620488099 -0.018127035547853054 -0.00013494611073583358 -0.0006401361636800906 0.9999997636046695 0.00034992001225386815 0.0 0.0 0.0 1.0" />
			<scale value="1" />
		</transform>
	</shape>
	<shape type="ply" name="temp13">
		<string name="filename" value="meshes/Cube_009.ply" />
		<boolean name="face_normals" value="true" />
		<ref id="mat-Material" name="bsdf" />
		<transform name="to_world">
			<matrix value="1.0 0.0005467718486597431 0.0004192754861351775 0.0008543000351650676 -0.0005466848218259055 0.9999997914159312 -0.00020988052107204336 -0.01701511753869539 -0.0004193899405524913 0.0002096520191980777 1.0 0.0006249584543052134 0.0 0.0 0.0 1.0" />
			<scale value="1" />
		</transform>
	</shape>
	<shape type="ply" name="temp14">
		<string name="filename" value="meshes/Cube_010.ply" />
		<boolean name="face_normals" value="true" />
		<ref id="mat-Material" name="bsdf" />
		<transform name="to_world">
			<matrix value="0.9999968973116535 0.00032230618889790433 0.002565314847848873 0.004804962304849392 -0.0003229606029498588 1.0 0.0002544677535493577 -0.016791272061875084 -0.0025652362386907007 -0.00025529647096614056 0.9999966904653725 0.00429151556894003 0.0 0.0 0.0 1.0" />
			<scale value="1" />
		</transform>
	</shape>
	<shape type="ply" name="temp15">
		<string name="filename" value="meshes/Cube_011.ply" />
		<boolean name="face_normals" value="true" />
		<ref id="mat-Material" name="bsdf" />
		<transform name="to_world">
			<matrix value="0.9999986702764229 0.0015455912628305275 -0.0004771308793291668 -0.0009157825111703044 -0.0015452850661404507 0.9999985399115188 0.0006472456870853922 -0.014575651952216273 0.0004781331390163946 -0.0006465063211402041 0.9999997636046695 -0.0007225969255890696 0.0 0.0 0.0 1.0" />
			<scale value="1" />
		</transform>
	</shape>
	<shape type="ply" name="temp16">
		<string name="filename" value="meshes/Cube_012.ply" />
		<boolean name="face_normals" value="true" />
		<ref id="mat-Material" name="bsdf" />
		<transform name="to_world">
			<matrix value="0.9999977837940383 -0.0022580080638600988 -0.00015146558013068878 -0.0004469534911459849 0.0022576091215491456 0.9999941596460746 -0.002597346415135731 -0.023946178417031005 0.00015732934770853167 0.0025970072357813455 0.9999966904653725 -0.0002588118831519104 0.0 0.0 0.0 1.0" />
			<scale value="1" />
		</transform>
	</shape>
	<shape type="ply" name="temp17">
		<string name="filename" value="meshes/Cube_013.ply" />
		<boolean name="face_normals" value="true" />
		<ref id="mat-Material" name="bsdf" />
		<transform name="to_world">
			<matrix value="0.9999995567588077 -0.001078657052331657 0.00020507224004905677 -0.00023342632436995636 0.0010792213847918629 0.9999954111504872 -0.0027813801799535815 -0.021863050296388686 -0.0002020710001471561 0.002781591621595126 0.9999962176747115 3.308378436317483e-06 0.0 0.0 0.0 1.0" />
			<scale value="1" />
		</transform>
	</shape>
	<shape type="ply" name="temp18">
		<string name="filename" value="meshes/Cube_014.ply" />
		<boolean name="face_normals" value="true" />
		<ref id="mat-Material" name="bsdf" />
		<transform name="to_world">
			<matrix value="1.0 0.0008427255263097515 -4.520469708065951e-05 -0.00026467296982657373 -0.0008425394528985315 0.9999918652213181 0.003965531669646036 -0.01365169141087047 4.854599159260107e-05 -0.003965491851663354 0.9999921989540925 0.00013261704494704762 0.0 0.0 0.0 1.0" />
			<scale value="1" />
		</transform>
	</shape>
	<shape type="ply" name="temp19">
		<string name="filename" value="meshes/Cube_015.ply" />
		<boolean name="face_normals" value="true" />
		<ref id="mat-Material" name="bsdf" />
		<transform name="to_world">
			<matrix value="1.0 -0.00021744263416648764 -6.641597729848362e-05 0.0003334246840065447 0.00021742842097984672 1.0 -0.0002029631209100653 -0.018088837819552284 6.646002762279111e-05 0.0002029487529801449 1.0 -0.00021828524869133004 0.0 0.0 0.0 1.0" />
			<scale value="1" />
		</transform>
	</shape>
	<shape type="ply" name="temp20">
		<string name="filename" value="meshes/Cube_016.ply" />
		<boolean name="face_normals" value="true" />
		<ref id="mat-Material" name="bsdf" />
		<transform name="to_world">
			<matrix value="1.0 -0.0005319269204856671 0.0003618810638357223 0.0006145822392341627 0.0005327714807979051 0.9999970798230373 -0.0023349026831342807 -0.018472577465426854 -0.0003606383205059332 0.0023350944781539477 0.9999971632560337 0.0002921347369710392 0.0 0.0 0.0 1.0" />
			<scale value="1" />
		</transform>
	</shape>
	<shape type="ply" name="temp21">
		<string name="filename" value="meshes/Cube_017.ply" />
		<boolean name="face_normals" value="true" />
		<ref id="mat-Material" name="bsdf" />
		<transform name="to_world">
			<matrix value="1.0 -0.0005019554756446812 0.00024573767399287317 0.000418432758242937 0.0005020858930512192 0.9999995828318625 -0.000543430313729699 -0.018029440849659795 -0.0002454643128786388 0.0005435533964786838 1.0 3.1197579375558115e-05 0.0 0.0 0.0 1.0" />
			<scale value="1" />
		</transform>
	</shape>
	<shape type="ply" name="temp22">
		<string name="filename" value="meshes/Cube_018.ply" />
		<boolean name="face_normals" value="true" />
		<ref id="mat-Material" name="bsdf" />
		<transform name="to_world">
			<matrix value="0.9999911351761529 0.004222874163317155 -0.00011403308872720498 0.0005102882048544366 -0.004222178193597115 0.9999758042480231 0.005521036584068563 -0.017887952335054413 0.00013734493206885487 -0.00552051528608348 0.999984870698846 -2.888051686716908e-05 0.0 0.0 0.0 1.0" />
			<scale value="1" />
		</transform>
	</shape>
	<shape type="ply" name="temp23">
		<string name="filename" value="meshes/Cube_019.ply" />
		<boolean name="face_normals" value="true" />
		<ref id="mat-Material" name="bsdf" />
		<transform name="to_world">
			<matrix value="0.9999756217344206 0.0036356370053168083 -0.005986522629415805 0.0034109409077427155 -0.0036051731566042054 0.9999806016816049 0.005091458989428874 -0.017879186069310937 0.006004911998893671 -0.005069754684276724 0.9999692686070311 -0.0009284459295839653 0.0 0.0 0.0 1.0" />
			<scale value="1" />
		</transform>
	</shape>
	<shape type="ply" name="temp24">
		<string name="filename" value="meshes/Cube_020.ply" />
		<boolean name="face_normals" value="true" />
		<ref id="mat-Material" name="bsdf" />
		<transform name="to_world">
			<matrix value="0.9999536894710599 -0.00414246268836061 0.008682517623377966 -0.006811871871335778 0.00406625612988696 0.9999530881634526 0.008776011162966531 -0.015490315026233048 -0.00871845983519266 -0.008740293858943112 0.9999238806966132 -0.0007863803934919922 0.0 0.0 0.0 1.0" />
			<scale value="1" />
		</transform>
	</shape>
	<shape type="ply" name="temp25">
		<string name="filename" value="meshes/Cube_021.ply" />
		<boolean name="face_normals" value="true" />
		<ref id="mat-Material" name="bsdf" />
		<transform name="to_world">
			<matrix value="0.9988196487047606 0.04041668839417383 0.026950296936174678 -0.016925670010873584 -0.040491226483838544 0.999177344432787 0.002225680948569359 -0.022385731731527025 -0.026838165548812378 -0.003314302818179353 0.9996345328190002 -0.013576151845338114 0.0 0.0 0.0 1.0" />
			<scale value="1" />
		</transform>
	</shape>
	<shape type="ply" name="temp26">
		<string name="filename" value="meshes/Cube_022.ply" />
		<boolean name="face_normals" value="true" />
		<ref id="mat-Material" name="bsdf" />
		<transform name="to_world">
			<matrix value="0.9993737001952033 0.03148532715368266 0.016160079353184552 -0.007562311009903122 -0.03159873552152645 0.9994774969077412 0.006810880426041121 -0.02044154808391041 -0.015937193609525786 -0.007317241767708266 0.9998463430351554 -0.011524085095132475 0.0 0.0 0.0 1.0" />
			<scale value="1" />
		</transform>
	</shape>
	<shape type="ply" name="temp27">
		<string name="filename" value="meshes/Cube_023.ply" />
		<boolean name="face_normals" value="true" />
		<ref id="mat-Material" name="bsdf" />
		<transform name="to_world">
			<matrix value="0.9994446187859801 0.03179907930992047 0.009967656390876843 -0.0027919112838385995 -0.031863811484202 0.9994716565538158 0.006404422294727297 -0.020416834344947843 -0.009758730521765803 -0.006718480339908598 0.9999297905868324 -0.008815357469834723 0.0 0.0 0.0 1.0" />
			<scale value="1" />
		</transform>
	</shape>
	<shape type="ply" name="temp28">
		<string name="filename" value="meshes/Cube_024.ply" />
		<boolean name="face_normals" value="true" />
		<ref id="mat-Material" name="bsdf" />
		<transform name="to_world">
			<matrix value="0.999490715869985 0.030838320230777417 0.008234902257622686 -0.0012600543887306692 -0.030907195045627247 0.9994870917749045 0.00837007310761992 -0.01992557831837133 -0.007972552732404655 -0.008620324848828697 0.9999312089588157 -0.007789425854798193 0.0 0.0 0.0 1.0" />
			<scale value="1" />
		</transform>
	</shape>
	<shape type="ply" name="temp29">
		<string name="filename" value="meshes/Cube_025.ply" />
		<boolean name="face_normals" value="true" />
		<ref id="mat-Material" name="bsdf" />
		<transform name="to_world">
			<matrix value="0.999504456346948 0.031195165855622282 0.004276958878086673 0.0010247167113910383 -0.031225402330030298 0.9994864660226982 0.00719367538476886 -0.021382405422438744 -0.00405036461020483 -0.007323657813663508 0.9999650134910815 -0.004985773412615968 0.0 0.0 0.0 1.0" />
			<scale value="1" />
		</transform>
	</shape>
	<shape type="ply" name="temp30">
		<string name="filename" value="meshes/Cube_026.ply" />
		<boolean name="face_normals" value="true" />
		<ref id="mat-Material" name="bsdf" />
		<transform name="to_world">
			<matrix value="0.9994109324553613 0.03220047849185375 0.01189295452084794 0.008067154229574935 -0.032271398355043286 0.9994620616866525 0.005819651165594457 -0.025031815003165647 -0.011699156246066236 -0.006200034207787278 0.9999122973323732 -0.015054547636234039 0.0 0.0 0.0 1.0" />
			<scale value="1" />
		</transform>
	</shape>
	<shape type="ply" name="temp31">
		<string name="filename" value="meshes/Cube_027.ply" />
		<boolean name="face_normals" value="true" />
		<ref id="mat-Material" name="bsdf" />
		<transform name="to_world">
			<matrix value="0.9937706882826531 0.10809813046099165 0.027107996261171455 0.1047817869736527 -0.1071948683307714 0.9936961722737542 -0.032817652679470156 -0.16945826583522966 -0.030484648784544002 0.02970737740992819 0.9990936603027467 0.01979264607107112 0.0 0.0 0.0 1.0" />
			<scale value="1" />
		</transform>
	</shape>
	<shape type="ply" name="temp32">
		<string name="filename" value="meshes/Cube_028.ply" />
		<boolean name="face_normals" value="true" />
		<ref id="mat-Material" name="bsdf" />
		<transform name="to_world">
			<matrix value="0.8684105548138653 0.4931350811287736 0.05177769288558797 -0.10920477334540446 -0.48773285676040334 0.8683440302196599 -0.0899753486949323 -0.8796292895219587 -0.08933087423119815 0.052881860069291624 0.9945971847207297 -0.1450721768661547 0.0 0.0 0.0 1.0" />
			<scale value="1" />
		</transform>
	</shape>
	<shape type="ply" name="temp33">
		<string name="filename" value="meshes/Cube_029.ply" />
		<boolean name="face_normals" value="true" />
		<ref id="mat-Material" name="bsdf" />
		<transform name="to_world">
			<matrix value="0.7885987727537866 0.5977299795796196 0.1443288523810447 -0.09165114233602734 -0.5873570768775254 0.8016930768861735 -0.1109057439810203 -1.3109053676127451 -0.18199913302022777 0.0026875702667581657 0.9832951239680753 -0.44068617441092406 0.0 0.0 0.0 1.0" />
			<scale value="1" />
		</transform>
	</shape>
	<shape type="ply" name="temp34">
		<string name="filename" value="meshes/Cube_030.ply" />
		<boolean name="face_normals" value="true" />
		<ref id="mat-Material" name="bsdf" />
		<transform name="to_world">
			<matrix value="0.3657316608934042 0.9187933268101652 -0.14852309372570704 -1.9204612145462556 -0.883462805636872 0.39291588779158826 0.25516699031212303 -1.640408390489184 0.2928028032263942 0.03789198528390897 0.9554219666368801 0.5104182041500198 0.0 0.0 0.0 1.0" />
			<scale value="1" />
		</transform>
	</shape>
	<shape type="ply" name="temp35">
		<string name="filename" value="meshes/Cube_031.ply" />
		<boolean name="face_normals" value="true" />
		<ref id="mat-Material" name="bsdf" />
		<transform name="to_world">
			<matrix value="0.005154487285183157 0.9997588768165065 0.021343850719185514 -2.4550714755004033 -0.5837273747533364 -0.01432208091810364 0.811823407014606 -0.3783983254939948 0.8119336485664694 -0.016643529826478914 0.5835127967884276 0.8689697710768565 0.0 0.0 0.0 1.0" />
			<scale value="1" />
		</transform>
	</shape>
	<shape type="ply" name="temp36">
		<string name="filename" value="meshes/Cube_032.ply" />
		<boolean name="face_normals" value="true" />
		<ref id="mat-Material" name="bsdf" />
		<transform name="to_world">
			<matrix value="0.8135820625608349 0.5098422478687923 0.2795445702120135 -0.26809377569147097 -0.22678143067619105 -0.16445583545219986 0.9599607772867583 0.5855372200984789 0.535401230792143 -0.8444023336385614 -0.01817558594128602 -0.3115078219115397 0.0 0.0 0.0 1.0" />
			<scale value="1" />
		</transform>
	</shape>
	<shape type="ply" name="temp37">
		<string name="filename" value="meshes/Cube_033.ply" />
		<boolean name="face_normals" value="true" />
		<ref id="mat-Material" name="bsdf" />
		<transform name="to_world">
			<matrix value="0.9742157733583676 0.2149463000314962 0.0685727064570439 -0.15468730355458682 -0.13596928870426417 0.3167972750577257 0.9386970173055565 0.30815302517127613 0.18004581340964174 -0.9238167547239077 0.33785478802194313 -0.11103819478799992 0.0 0.0 0.0 1.0" />
			<scale value="1" />
		</transform>
	</shape>
	<shape type="ply" name="temp38">
		<string name="filename" value="meshes/Cube_034.ply" />
		<boolean name="face_normals" value="true" />
		<ref id="mat-Material" name="bsdf" />
		<transform name="to_world">
			<matrix value="0.9999308543739928 0.00920348210244398 0.007338136571255936 -0.028331444503312042 -0.009426392708150497 0.2527513281590579 0.9674854770528688 0.3713456556612338 0.00704951181415074 -0.967487375449238 0.25282055088622246 -0.2801755875344083 0.0 0.0 0.0 1.0" />
			<scale value="1" />
		</transform>
	</shape>
	<shape type="ply" name="temp39">
		<string name="filename" value="meshes/Cube_035.ply" />
		<boolean name="face_normals" value="true" />
		<ref id="mat-Material" name="bsdf" />
		<transform name="to_world">
			<matrix value="0.999724747219548 -0.02338006311753921 -0.0020875196976409163 0.004020262669891306 0.007644585276945962 0.2402106281926399 0.9706907613395294 0.09410545483513554 -0.02219337017554124 -0.9704390486063457 0.24032327534240683 -0.06928737103220373 0.0 0.0 0.0 1.0" />
			<scale value="1" />
		</transform>
	</shape>
	<shape type="ply" name="temp40">
		<string name="filename" value="meshes/Cube_036.ply" />
		<boolean name="face_normals" value="true" />
		<ref id="mat-Material" name="bsdf" />
		<transform name="to_world">
			<matrix value="0.9998320115880978 -0.01823282779507867 -0.0020177027007220933 0.005840902723492025 0.00633973196318616 0.2402308608473102 0.9706952528508095 -0.23298557213615204 -0.017213803594508772 -0.9705445921451411 0.24030625487860863 0.1949041968684845 0.0 0.0 0.0 1.0" />
			<scale value="1" />
		</transform>
	</shape>
	<shape type="ply" name="temp41">
		<string name="filename" value="meshes/Cube_037.ply" />
		<boolean name="face_normals" value="true" />
		<ref id="mat-Material" name="bsdf" />
		<transform name="to_world">
			<matrix value="0.9997003689539685 -0.02442052216935775 -0.0017993750653042101 0.0009587081660860086 0.00725338503298601 0.2251416807287093 0.9742990996647442 -0.5661708025282739 -0.023387776648990208 -0.9740200198989202 0.22525139461425248 0.5368115451306774 0.0 0.0 0.0 1.0" />
			<scale value="1" />
		</transform>
	</shape>
	<shape type="ply" name="temp42">
		<string name="filename" value="meshes/Cube_038.ply" />
		<boolean name="face_normals" value="true" />
		<ref id="mat-Material" name="bsdf" />
		<transform name="to_world">
			<matrix value="0.9996662393821573 -0.025782263262296552 -0.0017245275757517017 0.0010835498566992285 0.0074851691497038264 0.22505490975610268 0.9743173021051951 -0.8951973828861086 -0.024732007510278764 -0.9740047932619003 0.22517284044591723 0.8323489217393285 0.0 0.0 0.0 1.0" />
			<scale value="1" />
		</transform>
	</shape>
	<shape type="ply" name="temp43">
		<string name="filename" value="meshes/Cube_039.ply" />
		<boolean name="face_normals" value="true" />
		<ref id="mat-Material" name="bsdf" />
		<transform name="to_world">
			<matrix value="0.9998902725802292 0.007497165341161171 -0.01276781710013818 0.01946079913026022 0.008263151157168918 0.4329881438858663 0.901361725502 -1.3193206312487293 0.012285984458867201 -0.9013684647180388 0.4328786944713944 1.4597825016158748 0.0 0.0 0.0 1.0" />
			<scale value="1" />
		</transform>
	</shape>
	<shape type="ply" name="temp47">
		<string name="filename" value="meshes/Plane_001.ply" />
		<boolean name="face_normals" value="true" />
		<ref id="mat-Material.002" name="bsdf" />
		<transform name="to_world">
			<scale value="1" />
		</transform>
	</shape>
	<shape type="ply" name="temp49">
		<string name="filename" value="meshes/Plane_002.ply" />
		<boolean name="face_normals" value="true" />
		<ref id="mat-Material.003" name="bsdf" />
		<transform name="to_world">
			<scale value="1" />
		</transform>
	</shape>
	<shape type="ply" name="temp51">
		<string name="filename" value="meshes/Plane_003.ply" />
		<boolean name="face_normals" value="true" />
		<ref id="mat-Material.004" name="bsdf" />
		<transform name="to_world">
			<scale value="1" />
		</transform>
	</shape>
	<shape type="ply" name="temp53">
		<string name="filename" value="meshes/Plane_004.ply" />
		<boolean name="face_normals" value="true" />
		<ref id="mat-Material.005" name="bsdf" />
		<transform name="to_world">
			<scale value="1" />
		</transform>
	</shape>
	<emitter type="point">
		<transform name="to_world">
			<rotate x="1" angle="-142.5518126578256" />
			<rotate y="1" angle="3.976628485794621e-06" />
			<rotate z="1" angle="-179.999991348578" />
			<translate value="-0.000000 3.030926 4.073377" />
		</transform>
		<rgb name="intensity" value="100" />
	</emitter>
</scene>