<scene version="2.1.0">
	<default name="spp" value="1024" />
	<default name="resx" value="1280" />
	<default name="resy" value="720" />
	<integrator type="path" name="temp0">
		<integer name="max_depth" value="12" />
	</integrator>
	<sensor type="perspective" name="temp44">
		<string name="fov_axis" value="x" />
		<float name="fov" value="83.974423" />
		<float name="principal_point_offset_x" value="0.000000" />
		<float name="principal_point_offset_y" value="-0.000000" />
		<float name="near_clip" value="0.100000" />
		<float name="far_clip" value="1000.000000" />
		<transform name="to_world">
			<rotate x="1" angle="-142.5518126578256" />
			<rotate y="1" angle="3.976628485794621e-06" />
			<rotate z="1" angle="-179.999991348578" />
			<translate value="-0.000000 3.030926 4.073377" />
		</transform>
		<sampler type="independent" name="sampler">
			<integer name="sample_count" value="$spp" />
		</sampler>
		<film type="hdrfilm" name="film">
			<integer name="width" value="$resx" />
			<integer name="height" value="$resy" />
		</film>
		<float name="shutter_open" value="0.0" />
		<float name="shutter_close" value="0.0015" />
	</sensor>
	<bsdf type="twosided" id="mat-Material" name="mat-Material">
		<bsdf type="diffuse" name="bsdf">
			<texture type="bitmap" name="reflectance">
				<string name="filename" value="textures/siggraph_2023_logo.jpg" />
			</texture>
		</bsdf>
	</bsdf>
	<bsdf type="twosided" id="mat-Material.001" name="mat-Material.001">
		<bsdf type="principled" name="bsdf">
			<rgb value="0.433648 0.266232 0.084399" name="base_color" />
			<float name="spec_tint" value="0.000000" />
			<float name="spec_trans" value="0.000000" />
			<float name="metallic" value="0.000000" />
			<float name="anisotropic" value="0.000000" />
			<float name="roughness" value="0.500000" />
			<float name="sheen" value="0.000000" />
			<float name="sheen_tint" value="0.500000" />
			<float name="clearcoat" value="0.000000" />
			<float name="clearcoat_gloss" value="0.173205" />
			<float name="specular" value="0.500000" />
		</bsdf>
	</bsdf>
	<bsdf type="twosided" id="mat-Material.002" name="mat-Material.002">
		<bsdf type="principled" name="bsdf">
			<rgb value="0.433648 0.266232 0.084399" name="base_color" />
			<float name="spec_tint" value="0.000000" />
			<float name="spec_trans" value="0.000000" />
			<float name="metallic" value="0.000000" />
			<float name="anisotropic" value="0.000000" />
			<float name="roughness" value="0.500000" />
			<float name="sheen" value="0.000000" />
			<float name="sheen_tint" value="0.500000" />
			<float name="clearcoat" value="0.000000" />
			<float name="clearcoat_gloss" value="0.173205" />
			<float name="specular" value="0.500000" />
		</bsdf>
	</bsdf>
	<bsdf type="twosided" id="mat-Material.003" name="mat-Material.003">
		<bsdf type="principled" name="bsdf">
			<rgb value="0.433648 0.266232 0.084399" name="base_color" />
			<float name="spec_tint" value="0.000000" />
			<float name="spec_trans" value="0.000000" />
			<float name="metallic" value="0.000000" />
			<float name="anisotropic" value="0.000000" />
			<float name="roughness" value="0.500000" />
			<float name="sheen" value="0.000000" />
			<float name="sheen_tint" value="0.500000" />
			<float name="clearcoat" value="0.000000" />
			<float name="clearcoat_gloss" value="0.173205" />
			<float name="specular" value="0.500000" />
		</bsdf>
	</bsdf>
	<bsdf type="twosided" id="mat-Material.004" name="mat-Material.004">
		<bsdf type="principled" name="bsdf">
			<rgb value="0.433648 0.266232 0.084399" name="base_color" />
			<float name="spec_tint" value="0.000000" />
			<float name="spec_trans" value="0.000000" />
			<float name="metallic" value="0.000000" />
			<float name="anisotropic" value="0.000000" />
			<float name="roughness" value="0.500000" />
			<float name="sheen" value="0.000000" />
			<float name="sheen_tint" value="0.500000" />
			<float name="clearcoat" value="0.000000" />
			<float name="clearcoat_gloss" value="0.173205" />
			<float name="specular" value="0.500000" />
		</bsdf>
	</bsdf>
	<bsdf type="twosided" id="mat-Material.005" name="mat-Material.005">
		<bsdf type="principled" name="bsdf">
			<rgb value="0.433648 0.266232 0.084399" name="base_color" />
			<float name="spec_tint" value="0.000000" />
			<float name="spec_trans" value="0.000000" />
			<float name="metallic" value="0.000000" />
			<float name="anisotropic" value="0.000000" />
			<float name="roughness" value="0.500000" />
			<float name="sheen" value="0.000000" />
			<float name="sheen_tint" value="0.500000" />
			<float name="clearcoat" value="0.000000" />
			<float name="clearcoat_gloss" value="0.173205" />
			<float name="specular" value="0.500000" />
		</bsdf>
	</bsdf>
	<emitter type="point" name="temp45">
		<point name="position" x="-6.815235034541981e-16" y="3.0693089962005615" z="4.109199523925781" />
		<rgb value="7.957747 7.957747 7.957747" name="intensity" />
	</emitter>
	<shape type="ply" name="temp2">
		<string name="filename" value="meshes/Cube.ply" />
		<boolean name="face_normals" value="true" />
		<ref id="mat-Material" name="bsdf" />
		<transform name="to_world">
			<matrix value="0.9458135426140948 -0.32354528255840875 -0.027451242281101473 0.31544662943295165 0.009780336313687112 0.11296148703754305 -0.991284931547004 1.3659220322075374 0.32380349256329927 0.9373101624244145 0.11000511323099937 1.5677062705102398 0.0 0.0 0.0 1.0" />
		</transform>
	</shape>
	<shape type="ply" name="temp4">
		<string name="filename" value="meshes/Plane.ply" />
		<boolean name="face_normals" value="true" />
		<ref id="mat-Material.001" name="bsdf" />
	</shape>
	<shape type="ply" name="temp5">
		<string name="filename" value="meshes/Cube_001.ply" />
		<boolean name="face_normals" value="true" />
		<ref id="mat-Material" name="bsdf" />
		<transform name="to_world">
			<matrix value="0.9983464887319224 -0.018378852287020023 -0.054466784328502514 0.03849913595219556 -0.05447445335063747 8.363605834513571e-05 -0.9985152009289391 1.1726902476242396 0.01835612257923823 0.9998309426122651 -0.0009176795812587673 1.0925611435183562 0.0 0.0 0.0 1.0" />
		</transform>
	</shape>
	<shape type="ply" name="temp6">
		<string name="filename" value="meshes/Cube_002.ply" />
		<boolean name="face_normals" value="true" />
		<ref id="mat-Material" name="bsdf" />
		<transform name="to_world">
			<matrix value="0.9997136661897392 -0.023347096405470745 0.005253768023370988 -0.043271573277415376 0.010219834334171946 0.2180042467716401 -0.9758941771574974 0.6565870398940619 0.02163877793084374 0.9756683555023435 0.21818052660369408 0.5439082478086164 0.0 0.0 0.0 1.0" />
		</transform>
	</shape>
	<shape type="ply" name="temp7">
		<string name="filename" value="meshes/Cube_003.ply" />
		<boolean name="face_normals" value="true" />
		<ref id="mat-Material" name="bsdf" />
		<transform name="to_world">
			<matrix value="0.995438383268886 -0.05284355360506275 0.07942695171530817 -0.07929590694853084 0.08913372054883897 0.21842266641358468 -0.9717751067206719 0.1355631688434298 0.03400343423275836 0.9744214399392603 0.22213674429731725 0.20432736005533902 0.0 0.0 0.0 1.0" />
		</transform>
	</shape>
	<shape type="ply" name="temp8">
		<string name="filename" value="meshes/Cube_004.ply" />
		<boolean name="face_normals" value="true" />
		<ref id="mat-Material" name="bsdf" />
		<transform name="to_world">
			<matrix value="0.975635031656286 -0.18124895968695703 0.12362413189724747 0.05633965879896974 0.1626656392335828 0.21948029193426266 -0.9619606817830448 -0.37820713196843025 0.14722123231689263 0.9586316259336745 0.24361602590136355 -0.38162746586163365 0.0 0.0 0.0 1.0" />
		</transform>
	</shape>
	<shape type="ply" name="temp9">
		<string name="filename" value="meshes/Cube_005.ply" />
		<boolean name="face_normals" value="true" />
		<ref id="mat-Material" name="bsdf" />
		<transform name="to_world">
			<matrix value="0.9710100314346655 -0.22437273555920348 0.0824403775517103 0.13189773511807013 0.1325763660250307 0.21852466402321125 -0.9667836193165243 -0.6345550838746838 0.19890459587927528 0.9496858723924384 0.2419360824849499 -0.8193531720274341 0.0 0.0 0.0 1.0" />
		</transform>
	</shape>
	<shape type="ply" name="temp10">
		<string name="filename" value="meshes/Cube_006.ply" />
		<boolean name="face_normals" value="true" />
		<ref id="mat-Material" name="bsdf" />
		<transform name="to_world">
			<matrix value="0.987651078760414 -0.141890939733805 -0.0664280570998737 0.03376148474374907 -0.034109526228354316 0.21908596375226053 -0.9751092264624716 -0.542562796384124 0.15291264868525797 0.965333223479057 0.21154064273999207 -1.0398632728940322 0.0 0.0 0.0 1.0" />
		</transform>
	</shape>
	<shape type="ply" name="temp11">
		<string name="filename" value="meshes/Cube_007.ply" />
		<boolean name="face_normals" value="true" />
		<ref id="mat-Material" name="bsdf" />
		<transform name="to_world">
			<matrix value="0.9236729801942105 -0.2482813715654026 -0.2918595849559903 0.1789541263043617 -0.24408071333464532 0.2059211489644844 -0.947638788880531 -0.30811400737482714 0.2953818478548013 0.9465474122017509 0.12960209701569805 -1.8073736204418165 0.0 0.0 0.0 1.0" />
		</transform>
	</shape>
	<shape type="ply" name="temp12">
		<string name="filename" value="meshes/Cube_008.ply" />
		<boolean name="face_normals" value="true" />
		<ref id="mat-Material" name="bsdf" />
		<transform name="to_world">
			<matrix value="0.31243710407480496 0.8870615302144453 -0.3398341261244735 1.7646638441238358 -0.6030382854012308 -0.09119504070518103 -0.7924804772916282 0.4989313292612487 -0.7339688525549309 0.45253304493109425 0.5064452004892437 0.9663196237408145 0.0 0.0 0.0 1.0" />
		</transform>
	</shape>
	<shape type="ply" name="temp13">
		<string name="filename" value="meshes/Cube_009.ply" />
		<boolean name="face_normals" value="true" />
		<ref id="mat-Material" name="bsdf" />
		<transform name="to_world">
			<matrix value="-0.07419363346080951 0.9907877803109155 0.11328626859899361 2.6165394488618263 -0.8354770693601548 0.00026377927216675046 -0.5494786064589823 0.9386649673978369 -0.5444466754251127 -0.13542336308437436 0.8277607074082987 0.9281045305704368 0.0 0.0 0.0 1.0" />
		</transform>
	</shape>
	<shape type="ply" name="temp14">
		<string name="filename" value="meshes/Cube_010.ply" />
		<boolean name="face_normals" value="true" />
		<ref id="mat-Material" name="bsdf" />
		<transform name="to_world">
			<matrix value="0.018646695991503953 0.9934995817889422 0.1122342975583672 1.9447328611654853 -0.9919248103370938 0.004307389299220104 0.1266998242637113 2.0526629766206375 0.12538812415008502 -0.11368593079597766 0.9855692470477768 -0.38090675864355195 0.0 0.0 0.0 1.0" />
		</transform>
	</shape>
	<shape type="ply" name="temp15">
		<string name="filename" value="meshes/Cube_011.ply" />
		<boolean name="face_normals" value="true" />
		<ref id="mat-Material" name="bsdf" />
		<transform name="to_world">
			<matrix value="0.05784926962716324 0.9781009672043269 0.19983888476247705 1.6706761162191464 -0.9394200100349805 -0.014390365084695562 0.34244771289881665 2.0585536975778673 0.33781405854684265 -0.2075380926655584 0.9180264914063205 -0.8727013805372626 0.0 0.0 0.0 1.0" />
		</transform>
	</shape>
	<shape type="ply" name="temp16">
		<string name="filename" value="meshes/Cube_012.ply" />
		<boolean name="face_normals" value="true" />
		<ref id="mat-Material" name="bsdf" />
		<transform name="to_world">
			<matrix value="0.0920346676666188 0.9906454216839826 0.10075223358128052 1.0954033588812542 -0.7383259134757734 -2.282952632643813e-07 0.6744442700372228 1.8464139802330704 0.6681351247369364 -0.13646021363180322 0.7314190906249867 -1.8362300828575409 0.0 0.0 0.0 1.0" />
		</transform>
	</shape>
	<shape type="ply" name="temp17">
		<string name="filename" value="meshes/Cube_013.ply" />
		<boolean name="face_normals" value="true" />
		<ref id="mat-Material" name="bsdf" />
		<transform name="to_world">
			<matrix value="0.9030502972375436 0.165638173387593 0.39629407768234237 0.6873451041345913 -0.41891686922789156 0.1359425809775501 0.8977820680903654 1.4723789720981024 0.09483557524728425 -0.9767712437659437 0.1921559419621096 -1.380232102768784 0.0 0.0 0.0 1.0" />
		</transform>
	</shape>
	<shape type="ply" name="temp18">
		<string name="filename" value="meshes/Cube_014.ply" />
		<boolean name="face_normals" value="true" />
		<ref id="mat-Material" name="bsdf" />
		<transform name="to_world">
			<matrix value="0.9393561833032816 0.2980837381602468 0.1695764764897752 0.11238110193164946 -0.21617409272960336 0.1308016407222849 0.9675530861174005 1.02559975133331 0.26623129300547665 -0.945534736547892 0.18730724915736885 -0.867416707167737 0.0 0.0 0.0 1.0" />
		</transform>
	</shape>
	<shape type="ply" name="temp19">
		<string name="filename" value="meshes/Cube_015.ply" />
		<boolean name="face_normals" value="true" />
		<ref id="mat-Material" name="bsdf" />
		<transform name="to_world">
			<matrix value="0.9830482405984111 0.13064943692730638 0.1286359611195872 0.01360258004777598 -0.14989005402223654 0.1686157944028551 0.9742186070546985 0.6399912211451084 0.10559106656241633 -0.9769848338523601 0.18534047546665622 -0.295299065953128 0.0 0.0 0.0 1.0" />
		</transform>
	</shape>
	<shape type="ply" name="temp20">
		<string name="filename" value="meshes/Cube_016.ply" />
		<boolean name="face_normals" value="true" />
		<ref id="mat-Material" name="bsdf" />
		<transform name="to_world">
			<matrix value="0.9850716366415083 0.025176733281465427 0.1702953665096844 0.03100977742865013 -0.17209674802801994 0.16779369158342425 0.9706843786656051 0.32616614687571255 -0.004135805998649001 -0.985500591335835 0.16962155707930732 0.20396170170644917 0.0 0.0 0.0 1.0" />
		</transform>
	</shape>
	<shape type="ply" name="temp21">
		<string name="filename" value="meshes/Cube_017.ply" />
		<boolean name="face_normals" value="true" />
		<ref id="mat-Material" name="bsdf" />
		<transform name="to_world">
			<matrix value="0.9407601497800637 -0.1565670295334183 0.3007560868251682 0.22101039692319435 -0.2828947461734988 0.1265282016090175 0.9507673628824345 0.15811892532290225 -0.18691263893395174 -0.9795261178541705 0.074741454426999 0.47070753896822215 0.0 0.0 0.0 1.0" />
		</transform>
	</shape>
	<shape type="ply" name="temp22">
		<string name="filename" value="meshes/Cube_018.ply" />
		<boolean name="face_normals" value="true" />
		<ref id="mat-Material" name="bsdf" />
		<transform name="to_world">
			<matrix value="0.20253039748097168 0.9559445416677965 0.21246965274944318 0.8535726265984662 -0.6085353626688084 -0.047131458023499086 0.7921151283082936 0.02533233049458633 0.7672356553852919 -0.28973307496720013 0.5721842597587539 -0.15225367216391986 0.0 0.0 0.0 1.0" />
		</transform>
	</shape>
	<shape type="ply" name="temp23">
		<string name="filename" value="meshes/Cube_019.ply" />
		<boolean name="face_normals" value="true" />
		<ref id="mat-Material" name="bsdf" />
		<transform name="to_world">
			<matrix value="-0.08178121348800678 0.9834381120638769 -0.16174375360798374 0.5092161023151766 -0.9133510009272605 -0.009002166145554134 0.40707429574285103 -0.04662838037919943 0.3988763835773819 0.18101975708299353 0.8989601442200632 -0.054355007554098445 0.0 0.0 0.0 1.0" />
		</transform>
	</shape>
	<shape type="ply" name="temp24">
		<string name="filename" value="meshes/Cube_020.ply" />
		<boolean name="face_normals" value="true" />
		<ref id="mat-Material" name="bsdf" />
		<transform name="to_world">
			<matrix value="0.09917610578735252 0.94030809396165 -0.32555265675236117 0.14231980954471285 -0.9614568274419006 0.006236508423561224 -0.27488462803526864 0.14029391325069657 -0.2564459295392839 0.340266799092793 0.9046844569385614 0.11906958764157966 0.0 0.0 0.0 1.0" />
		</transform>
	</shape>
	<shape type="ply" name="temp25">
		<string name="filename" value="meshes/Cube_021.ply" />
		<boolean name="face_normals" value="true" />
		<ref id="mat-Material" name="bsdf" />
		<transform name="to_world">
			<matrix value="0.18837981160476358 0.9413154980048934 -0.2800680676714729 -0.17481495495769644 -0.796328899148445 -0.02049635290755763 -0.6045165219060461 0.09169761375766236 -0.5747814377680501 0.33690488357880205 0.7457356646325636 0.31391056548244084 0.0 0.0 0.0 1.0" />
		</transform>
	</shape>
	<shape type="ply" name="temp26">
		<string name="filename" value="meshes/Cube_022.ply" />
		<boolean name="face_normals" value="true" />
		<ref id="mat-Material" name="bsdf" />
		<transform name="to_world">
			<matrix value="0.637342715862893 0.40181906166370823 -0.6575226194872019 -0.08695909771331578 -0.7116345937339879 -0.020389107322760905 -0.7022539349184744 -0.19535140116896738 -0.29558538421033037 0.9154919559553881 0.27295351380383254 0.6922299316617863 0.0 0.0 0.0 1.0" />
		</transform>
	</shape>
	<shape type="ply" name="temp27">
		<string name="filename" value="meshes/Cube_023.ply" />
		<boolean name="face_normals" value="true" />
		<ref id="mat-Material" name="bsdf" />
		<transform name="to_world">
			<matrix value="0.8560793632219734 0.28574838920952894 -0.4306696228690734 -0.06609867861813201 -0.48031898295648967 0.1321667817355446 -0.8670789243634229 -0.28704055155268904 -0.19084624938167855 0.9491468911587471 0.2503956075856425 0.20887650351677667 0.0 0.0 0.0 1.0" />
		</transform>
	</shape>
	<shape type="ply" name="temp28">
		<string name="filename" value="meshes/Cube_024.ply" />
		<boolean name="face_normals" value="true" />
		<ref id="mat-Material" name="bsdf" />
		<transform name="to_world">
			<matrix value="0.8517016915856865 0.45287919019321143 -0.26363563725798433 -0.19658861551360013 -0.3750842158265473 0.17552976181785188 -0.9102201266038832 -0.5101836823258753 -0.3659440283887119 0.8741216003404093 0.3193673730001546 -0.3561653627373441 0.0 0.0 0.0 1.0" />
		</transform>
	</shape>
	<shape type="ply" name="temp29">
		<string name="filename" value="meshes/Cube_025.ply" />
		<boolean name="face_normals" value="true" />
		<ref id="mat-Material" name="bsdf" />
		<transform name="to_world">
			<matrix value="0.9025828994002061 0.3556465793255643 -0.24261040016528762 -0.2601808185509577 -0.32124986924384824 0.18121820396601748 -0.9294937924950156 -0.7933459242860875 -0.286605893866783 0.9168834202781261 0.27781569296218006 -0.694523598030047 0.0 0.0 0.0 1.0" />
		</transform>
	</shape>
	<shape type="ply" name="temp30">
		<string name="filename" value="meshes/Cube_026.ply" />
		<boolean name="face_normals" value="true" />
		<ref id="mat-Material" name="bsdf" />
		<transform name="to_world">
			<matrix value="0.923240598411069 0.23206041428967739 -0.30622710215729654 -0.3341498326843264 -0.35106018860799215 0.18557122833072257 -0.9177799310765775 -1.149124871671487 -0.1561535617975735 0.9548356044662021 0.2527939564115378 -0.890790073376192 0.0 0.0 0.0 1.0" />
		</transform>
	</shape>
	<shape type="ply" name="temp31">
		<string name="filename" value="meshes/Cube_027.ply" />
		<boolean name="face_normals" value="true" />
		<ref id="mat-Material" name="bsdf" />
		<transform name="to_world">
			<matrix value="0.8719844085478177 0.17288947338780158 -0.45798734906749133 -0.6040310748997051 -0.4852467169124882 0.18172042225758883 -0.8552855159162611 -1.5853429426997792 -0.06464422359213301 0.9680324056209235 0.24235142908069165 -1.0305426824286759 0.0 0.0 0.0 1.0" />
		</transform>
	</shape>
	<shape type="ply" name="temp32">
		<string name="filename" value="meshes/Cube_028.ply" />
		<boolean name="face_normals" value="true" />
		<ref id="mat-Material" name="bsdf" />
		<transform name="to_world">
			<matrix value="-0.10544891911202832 0.9846518627600263 0.13907274404390146 -1.4867705857201616 -0.7969877771808797 -4.279519338871936e-05 -0.6039957429928878 -2.1221257337937054 -0.5947197563237221 -0.17452992451342553 0.7847599239941734 -1.3614613131468065 0.0 0.0 0.0 1.0" />
		</transform>
	</shape>
	<shape type="ply" name="temp33">
		<string name="filename" value="meshes/Cube_029.ply" />
		<boolean name="face_normals" value="true" />
		<ref id="mat-Material" name="bsdf" />
		<transform name="to_world">
			<matrix value="0.0017816389995514398 0.9762156800987855 0.21679444622266264 -1.5699942417353467 -0.9986809142115537 -0.009388892481170074 0.05048511867754779 -1.8223941593554929 0.051319817136413676 -0.21659839014815727 0.9749110089778219 -0.12432213047153906 0.0 0.0 0.0 1.0" />
		</transform>
	</shape>
	<shape type="ply" name="temp34">
		<string name="filename" value="meshes/Cube_030.ply" />
		<boolean name="face_normals" value="true" />
		<ref id="mat-Material" name="bsdf" />
		<transform name="to_world">
			<matrix value="-0.04253690016484306 0.9784531308384382 -0.20203950978001067 -3.2289278760683437 -0.9749046592820679 0.0035802380009201636 0.2225928234738074 -1.9143375914607033 0.2185199394751744 0.20643771109381365 0.9537465232219304 0.2480687128329515 0.0 0.0 0.0 1.0" />
		</transform>
	</shape>
	<shape type="ply" name="temp35">
		<string name="filename" value="meshes/Cube_031.ply" />
		<boolean name="face_normals" value="true" />
		<ref id="mat-Material" name="bsdf" />
		<transform name="to_world">
			<matrix value="0.13916093555804954 0.9760601806755205 0.16714933471262128 -1.8770420103557228 -0.7703390085935602 0.0006412260154393928 0.6376050127157048 -1.1501688401303918 0.622233731718517 -0.217499369033192 0.7519865481601115 0.6019826370054948 0.0 0.0 0.0 1.0" />
		</transform>
	</shape>
	<shape type="ply" name="temp36">
		<string name="filename" value="meshes/Cube_032.ply" />
		<boolean name="face_normals" value="true" />
		<ref id="mat-Material" name="bsdf" />
		<transform name="to_world">
			<matrix value="0.7331991642244078 0.6124433954983386 0.2955144931613195 -0.6516033899090468 -0.37181411528171526 -0.0027972604568408275 0.928300232471168 -0.03230553024921138 0.5693577169178071 -0.7905093205791128 0.22566492096594915 -0.11814081428903189 0.0 0.0 0.0 1.0" />
		</transform>
	</shape>
	<shape type="ply" name="temp37">
		<string name="filename" value="meshes/Cube_033.ply" />
		<boolean name="face_normals" value="true" />
		<ref id="mat-Material" name="bsdf" />
		<transform name="to_world">
			<matrix value="0.9768656908268576 0.16951677328788983 0.1303740341477783 -0.14665884426481357 -0.14973305799190464 0.10689285870723766 0.9829310751590586 0.30094936387139404 0.15268739351130356 -0.9797129048877505 0.12980220566299197 -0.39006444850374805 0.0 0.0 0.0 1.0" />
		</transform>
	</shape>
	<shape type="ply" name="temp38">
		<string name="filename" value="meshes/Cube_034.ply" />
		<boolean name="face_normals" value="true" />
		<ref id="mat-Material" name="bsdf" />
		<transform name="to_world">
			<matrix value="0.9999153409322604 -0.0017379881649399382 0.01291470241846607 -0.03331608214178261 -0.012402934611286338 0.17706597305511002 0.984120971055283 0.3693077147810273 -0.0039971424240328925 -0.9841974623662194 0.17702938299400361 -0.38357103496250283 0.0 0.0 0.0 1.0" />
		</transform>
	</shape>
	<shape type="ply" name="temp39">
		<string name="filename" value="meshes/Cube_035.ply" />
		<boolean name="face_normals" value="true" />
		<ref id="mat-Material" name="bsdf" />
		<transform name="to_world">
			<matrix value="0.9986682818375716 -0.05143490195505848 0.004063907586446226 0.008173486973606314 0.0064218446102757495 0.20206682824979194 0.9793507496805118 0.09105449110236036 -0.051194003123963924 -0.9780201408776801 0.2021280307654339 -0.16268801666698732 0.0 0.0 0.0 1.0" />
		</transform>
	</shape>
	<shape type="ply" name="temp40">
		<string name="filename" value="meshes/Cube_036.ply" />
		<boolean name="face_normals" value="true" />
		<ref id="mat-Material" name="bsdf" />
		<transform name="to_world">
			<matrix value="0.9986246225801247 -0.05225691091165839 0.0042510381300940245 0.0027900067026973563 0.0065991898437486145 0.20571683043992467 0.9785893203208735 -0.2395508329052728 -0.05201258095800379 -0.977215214956312 0.20577876659317923 0.17619536220958631 0.0 0.0 0.0 1.0" />
		</transform>
	</shape>
	<shape type="ply" name="temp41">
		<string name="filename" value="meshes/Cube_037.ply" />
		<boolean name="face_normals" value="true" />
		<ref id="mat-Material" name="bsdf" />
		<transform name="to_world">
			<matrix value="0.9986687250787639 -0.05142301266313881 0.004100454304546213 -0.007322122061875769 0.0065775707545915356 0.20577231380221642 0.9785778551473429 -0.5707780916636359 -0.051165192446460894 -0.9772478583630739 0.20583661253056001 0.5203092919030528 0.0 0.0 0.0 1.0" />
		</transform>
	</shape>
	<shape type="ply" name="temp42">
		<string name="filename" value="meshes/Cube_038.ply" />
		<boolean name="face_normals" value="true" />
		<ref id="mat-Material" name="bsdf" />
		<transform name="to_world">
			<matrix value="0.9988863565042099 -0.046991852706274 0.004206926761417067 0.010414352328892651 0.005563122421444363 0.20585874061110962 0.978565917183151 -0.9046159048564982 -0.046850682680084466 -0.9774527922106365 0.20589094799728241 0.8722332903911855 0.0 0.0 0.0 1.0" />
		</transform>
	</shape>
	<shape type="ply" name="temp43">
		<string name="filename" value="meshes/Cube_039.ply" />
		<boolean name="face_normals" value="true" />
		<ref id="mat-Material" name="bsdf" />
		<transform name="to_world">
			<matrix value="0.9999182930048472 -0.0123597084449974 -0.003259847245201006 0.023060549758867843 0.008290951107199842 0.4330215197973196 0.9013454357244086 -1.3192388030585296 -0.009728776952804729 -0.9012989115075 0.4330886018683556 1.4797706264530166 0.0 0.0 0.0 1.0" />
		</transform>
	</shape>
	<shape type="ply" name="temp47">
		<string name="filename" value="meshes/Plane_001.ply" />
		<boolean name="face_normals" value="true" />
		<ref id="mat-Material.002" name="bsdf" />
	</shape>
	<shape type="ply" name="temp49">
		<string name="filename" value="meshes/Plane_002.ply" />
		<boolean name="face_normals" value="true" />
		<ref id="mat-Material.003" name="bsdf" />
	</shape>
	<shape type="ply" name="temp51">
		<string name="filename" value="meshes/Plane_003.ply" />
		<boolean name="face_normals" value="true" />
		<ref id="mat-Material.004" name="bsdf" />
	</shape>
	<shape type="ply" name="temp53">
		<string name="filename" value="meshes/Plane_004.ply" />
		<boolean name="face_normals" value="true" />
		<ref id="mat-Material.005" name="bsdf" />
	</shape>
	<emitter type="point">
		<transform name="to_world">
			<rotate x="1" angle="-142.5518126578256" />
			<rotate y="1" angle="3.976628485794621e-06" />
			<rotate z="1" angle="-179.999991348578" />
			<translate value="-0.000000 3.030926 4.073377" />
		</transform>
		<rgb name="intensity" value="100" />
	</emitter>
</scene>