<scene version="2.1.0">
	<default name="spp" value="1024" />
	<default name="resx" value="1280" />
	<default name="resy" value="720" />
	<integrator type="path" name="temp0">
		<integer name="max_depth" value="12" />
	</integrator>
	<sensor type="perspective" name="temp44">
		<string name="fov_axis" value="x" />
		<float name="fov" value="83.974423" />
		<float name="principal_point_offset_x" value="0.000000" />
		<float name="principal_point_offset_y" value="-0.000000" />
		<float name="near_clip" value="0.100000" />
		<float name="far_clip" value="1000.000000" />
		<transform name="to_world">
			<rotate x="1" angle="-142.5518126578256" />
			<rotate y="1" angle="3.976628485794621e-06" />
			<rotate z="1" angle="-179.999991348578" />
			<translate value="-0.000000 3.030926 4.073377" />
		</transform>
		<sampler type="independent" name="sampler">
			<integer name="sample_count" value="$spp" />
		</sampler>
		<film type="hdrfilm" name="film">
			<integer name="width" value="$resx" />
			<integer name="height" value="$resy" />
		</film>
		<float name="shutter_open" value="0.0" />
		<float name="shutter_close" value="0.0015" />
	</sensor>
	<bsdf type="twosided" id="mat-Material" name="mat-Material">
		<bsdf type="diffuse" name="bsdf">
			<texture type="bitmap" name="reflectance">
				<string name="filename" value="textures/siggraph_2023_logo.jpg" />
			</texture>
		</bsdf>
	</bsdf>
	<bsdf type="twosided" id="mat-Material.001" name="mat-Material.001">
		<bsdf type="principled" name="bsdf">
			<rgb value="0.433648 0.266232 0.084399" name="base_color" />
			<float name="spec_tint" value="0.000000" />
			<float name="spec_trans" value="0.000000" />
			<float name="metallic" value="0.000000" />
			<float name="anisotropic" value="0.000000" />
			<float name="roughness" value="0.500000" />
			<float name="sheen" value="0.000000" />
			<float name="sheen_tint" value="0.500000" />
			<float name="clearcoat" value="0.000000" />
			<float name="clearcoat_gloss" value="0.173205" />
			<float name="specular" value="0.500000" />
		</bsdf>
	</bsdf>
	<bsdf type="twosided" id="mat-Material.002" name="mat-Material.002">
		<bsdf type="principled" name="bsdf">
			<rgb value="0.433648 0.266232 0.084399" name="base_color" />
			<float name="spec_tint" value="0.000000" />
			<float name="spec_trans" value="0.000000" />
			<float name="metallic" value="0.000000" />
			<float name="anisotropic" value="0.000000" />
			<float name="roughness" value="0.500000" />
			<float name="sheen" value="0.000000" />
			<float name="sheen_tint" value="0.500000" />
			<float name="clearcoat" value="0.000000" />
			<float name="clearcoat_gloss" value="0.173205" />
			<float name="specular" value="0.500000" />
		</bsdf>
	</bsdf>
	<bsdf type="twosided" id="mat-Material.003" name="mat-Material.003">
		<bsdf type="principled" name="bsdf">
			<rgb value="0.433648 0.266232 0.084399" name="base_color" />
			<float name="spec_tint" value="0.000000" />
			<float name="spec_trans" value="0.000000" />
			<float name="metallic" value="0.000000" />
			<float name="anisotropic" value="0.000000" />
			<float name="roughness" value="0.500000" />
			<float name="sheen" value="0.000000" />
			<float name="sheen_tint" value="0.500000" />
			<float name="clearcoat" value="0.000000" />
			<float name="clearcoat_gloss" value="0.173205" />
			<float name="specular" value="0.500000" />
		</bsdf>
	</bsdf>
	<bsdf type="twosided" id="mat-Material.004" name="mat-Material.004">
		<bsdf type="principled" name="bsdf">
			<rgb value="0.433648 0.266232 0.084399" name="base_color" />
			<float name="spec_tint" value="0.000000" />
			<float name="spec_trans" value="0.000000" />
			<float name="metallic" value="0.000000" />
			<float name="anisotropic" value="0.000000" />
			<float name="roughness" value="0.500000" />
			<float name="sheen" value="0.000000" />
			<float name="sheen_tint" value="0.500000" />
			<float name="clearcoat" value="0.000000" />
			<float name="clearcoat_gloss" value="0.173205" />
			<float name="specular" value="0.500000" />
		</bsdf>
	</bsdf>
	<bsdf type="twosided" id="mat-Material.005" name="mat-Material.005">
		<bsdf type="principled" name="bsdf">
			<rgb value="0.433648 0.266232 0.084399" name="base_color" />
			<float name="spec_tint" value="0.000000" />
			<float name="spec_trans" value="0.000000" />
			<float name="metallic" value="0.000000" />
			<float name="anisotropic" value="0.000000" />
			<float name="roughness" value="0.500000" />
			<float name="sheen" value="0.000000" />
			<float name="sheen_tint" value="0.500000" />
			<float name="clearcoat" value="0.000000" />
			<float name="clearcoat_gloss" value="0.173205" />
			<float name="specular" value="0.500000" />
		</bsdf>
	</bsdf>
	<emitter type="point" name="temp45">
		<point name="position" x="-6.815235034541981e-16" y="3.0693089962005615" z="4.109199523925781" />
		<rgb value="7.957747 7.957747 7.957747" name="intensity" />
	</emitter>
	<shape type="ply" name="temp2">
		<string name="filename" value="meshes/Cube.ply" />
		<boolean name="face_normals" value="true" />
		<ref id="mat-Material" name="bsdf" />
		<transform name="to_world">
			<matrix value="0.9999986702764229 0.00019615172822330177 0.00168977509821044 -0.002653509870036208 -0.0001947098720451326 0.9999990613716906 -0.0008446225499396955 -0.016233068933761807 -0.0016899323968533422 0.0008442919926661842 0.99999775424436 0.003927231743249826 0.0 0.0 0.0 1.0" />
		</transform>
	</shape>
	<shape type="ply" name="temp4">
		<string name="filename" value="meshes/Plane.ply" />
		<boolean name="face_normals" value="true" />
		<ref id="mat-Material.001" name="bsdf" />
	</shape>
	<shape type="ply" name="temp5">
		<string name="filename" value="meshes/Cube_001.ply" />
		<boolean name="face_normals" value="true" />
		<ref id="mat-Material" name="bsdf" />
		<transform name="to_world">
			<matrix value="0.9999982270352306 7.033454798789366e-06 -0.0019759623772103553 0.002557125458213294 -6.689839316202954e-06 0.9999966626548997 0.000167687027711679 -0.01781419980816748 0.001975623507385285 -0.0001676807328809839 0.9999949175003935 -0.004373433005565197 0.0 0.0 0.0 1.0" />
		</transform>
	</shape>
	<shape type="ply" name="temp6">
		<string name="filename" value="meshes/Cube_002.ply" />
		<boolean name="face_normals" value="true" />
		<ref id="mat-Material" name="bsdf" />
		<transform name="to_world">
			<matrix value="1.0 -1.6149934400310375e-05 0.0002852003284949513 -0.0008266701734902515 1.656669361573116e-05 0.999996454070831 -0.0014185421878198726 -0.016801258822897513 -0.000285063481003569 0.0014185479211468786 0.999996454070042 0.0009302656216508276 0.0 0.0 0.0 1.0" />
		</transform>
	</shape>
	<shape type="ply" name="temp7">
		<string name="filename" value="meshes/Cube_003.ply" />
		<boolean name="face_normals" value="true" />
		<ref id="mat-Material" name="bsdf" />
		<transform name="to_world">
			<matrix value="0.9999986702764229 0.0003644880408324173 0.0016609183202126046 -0.0011593018799935795 -0.0003689521955509222 0.9999940553540402 0.0026636505774428735 -0.01763245278532513 -0.0016593886462882095 -0.0026642682975159724 0.9999929081400841 0.0052309021991422955 0.0 0.0 0.0 1.0" />
		</transform>
	</shape>
	<shape type="ply" name="temp8">
		<string name="filename" value="meshes/Cube_004.ply" />
		<boolean name="face_normals" value="true" />
		<ref id="mat-Material" name="bsdf" />
		<transform name="to_world">
			<matrix value="0.9999991135176153 -0.00013363783130972023 0.0013286410436191935 -0.00040500122514885994 0.000135201860903822 0.9999989570796561 -0.0011743812706816366 -0.018169724096606693 -0.0013282985566293814 0.0011745598354688867 0.9999981088373558 0.0041353730238978155 0.0 0.0 0.0 1.0" />
		</transform>
	</shape>
	<shape type="ply" name="temp9">
		<string name="filename" value="meshes/Cube_005.ply" />
		<boolean name="face_normals" value="true" />
		<ref id="mat-Material" name="bsdf" />
		<transform name="to_world">
			<matrix value="0.9999534596748028 -0.0022105284998842362 0.007738365685610285 0.0027919279093460148 0.0024314238281146114 0.9996875410649886 -0.018012235585912917 -0.02962925165045799 -0.007656778842147628 0.01804140289472971 0.999651907875794 0.03197831411641999 0.0 0.0 0.0 1.0" />
		</transform>
	</shape>
	<shape type="ply" name="temp10">
		<string name="filename" value="meshes/Cube_006.ply" />
		<boolean name="face_normals" value="true" />
		<ref id="mat-Material" name="bsdf" />
		<transform name="to_world">
			<matrix value="0.9995487804661833 0.014903278524392865 0.02575398290672644 0.038731996476538466 -0.008478534715536667 0.9711942272273129 -0.23675163739225694 -0.1496679801725732 -0.02858160602240673 0.23643233637101266 0.9708823597549243 0.08195861033206181 0.0 0.0 0.0 1.0" />
		</transform>
	</shape>
	<shape type="ply" name="temp11">
		<string name="filename" value="meshes/Cube_007.ply" />
		<boolean name="face_normals" value="true" />
		<ref id="mat-Material" name="bsdf" />
		<transform name="to_world">
			<matrix value="0.995051655328557 0.09889462958598147 -0.004647590115081974 0.15448753810976412 -0.09543069303419871 0.9452284308429091 -0.31095418138424596 -0.0841938336832031 -0.02657602384283022 0.309869676673835 0.9500514396239235 0.1569826801436508 0.0 0.0 0.0 1.0" />
		</transform>
	</shape>
	<shape type="ply" name="temp12">
		<string name="filename" value="meshes/Cube_008.ply" />
		<boolean name="face_normals" value="true" />
		<ref id="mat-Material" name="bsdf" />
		<transform name="to_world">
			<matrix value="0.15419237000179067 0.9732960245962334 -0.06583880627922732 2.2151673203743796 -0.9453973391344741 0.13365676031396073 -0.2522680004406409 2.046871351458185 -0.2388824914410126 0.09814045216854428 0.9651175050269467 0.7020582468433147 0.0 0.0 0.0 1.0" />
		</transform>
	</shape>
	<shape type="ply" name="temp13">
		<string name="filename" value="meshes/Cube_009.ply" />
		<boolean name="face_normals" value="true" />
		<ref id="mat-Material" name="bsdf" />
		<transform name="to_world">
			<matrix value="-0.012235560088435484 0.9984654470060886 0.05384918970772554 2.363469373614362 -0.9749799211739865 5.849948792611119e-05 -0.221139687891973 1.795788913647137 -0.2207962562075929 -0.05525779947979134 0.9734868453090421 0.4582785505782767 0.0 0.0 0.0 1.0" />
		</transform>
	</shape>
	<shape type="ply" name="temp14">
		<string name="filename" value="meshes/Cube_010.ply" />
		<boolean name="face_normals" value="true" />
		<ref id="mat-Material" name="bsdf" />
		<transform name="to_world">
			<matrix value="0.14722796958301643 0.9888862236480103 0.007711121123766667 1.525290478985302 -0.9888219003700177 0.14727966743356075 -0.008708041601795847 1.7913866980153303 -0.009710273621652865 -0.006160630591356693 0.999885466462358 -0.07352719005636421 0.0 0.0 0.0 1.0" />
		</transform>
	</shape>
	<shape type="ply" name="temp15">
		<string name="filename" value="meshes/Cube_011.ply" />
		<boolean name="face_normals" value="true" />
		<ref id="mat-Material" name="bsdf" />
		<transform name="to_world">
			<matrix value="0.1370074260629367 0.9856466001839712 -0.09333184325476657 1.0262692561410416 -0.8484166094885528 0.16559878228620656 0.5019098378753544 2.1348566063138756 0.5102215851368818 0.01074227456755308 0.8597883741722028 -1.0437737414195092 0.0 0.0 0.0 1.0" />
		</transform>
	</shape>
	<shape type="ply" name="temp16">
		<string name="filename" value="meshes/Cube_012.ply" />
		<boolean name="face_normals" value="true" />
		<ref id="mat-Material" name="bsdf" />
		<transform name="to_world">
			<matrix value="0.11311433229260301 0.9887366688707051 0.0979459727927886 1.0656606465238196 -0.653304717681955 -0.000203806315091266 0.7569483679502775 1.8934007278148441 0.748445996379606 -0.1496407452291609 0.6459188000951255 -2.0191863881517733 0.0 0.0 0.0 1.0" />
		</transform>
	</shape>
	<shape type="ply" name="temp17">
		<string name="filename" value="meshes/Cube_013.ply" />
		<boolean name="face_normals" value="true" />
		<ref id="mat-Material" name="bsdf" />
		<transform name="to_world">
			<matrix value="0.8439117276300603 0.35937543672289396 0.39783738459770956 0.6503657572540893 -0.43143386752761836 0.015661975958600236 0.9018536230657543 1.5882611119688304 0.31786607733317734 -0.9327354966282386 0.1682308906288636 -1.622056496186034 0.0 0.0 0.0 1.0" />
		</transform>
	</shape>
	<shape type="ply" name="temp18">
		<string name="filename" value="meshes/Cube_014.ply" />
		<boolean name="face_normals" value="true" />
		<ref id="mat-Material" name="bsdf" />
		<transform name="to_world">
			<matrix value="0.9429393451022735 0.2842618105514337 0.17291745169616013 0.10699147131814146 -0.2420478097679721 0.22971040187892527 0.9424941173021997 1.0300207120450704 0.22838605244075194 -0.9306557048785729 0.28551154294759445 -0.7476126679419355 0.0 0.0 0.0 1.0" />
		</transform>
	</shape>
	<shape type="ply" name="temp19">
		<string name="filename" value="meshes/Cube_015.ply" />
		<boolean name="face_normals" value="true" />
		<ref id="mat-Material" name="bsdf" />
		<transform name="to_world">
			<matrix value="0.9843433913624702 0.12769805578789503 0.12145479104780338 0.040950926566833856 -0.14825196754765285 0.22749388327218345 0.9624225982589011 0.6306726655859296 0.09527030620874533 -0.9653595050717216 0.24286476154093822 -0.3117400165214267 0.0 0.0 0.0 1.0" />
		</transform>
	</shape>
	<shape type="ply" name="temp20">
		<string name="filename" value="meshes/Cube_016.ply" />
		<boolean name="face_normals" value="true" />
		<ref id="mat-Material" name="bsdf" />
		<transform name="to_world">
			<matrix value="0.9851879874545013 0.05756194425382179 0.16151628220118094 0.08815314034746952 -0.17050726295017793 0.22939220688202278 0.9582802428820184 0.3256598398063949 0.01810757286441961 -0.9716297507628963 0.23580902283153382 0.001961175832309453 0.0 0.0 0.0 1.0" />
		</transform>
	</shape>
	<shape type="ply" name="temp21">
		<string name="filename" value="meshes/Cube_017.ply" />
		<boolean name="face_normals" value="true" />
		<ref id="mat-Material" name="bsdf" />
		<transform name="to_world">
			<matrix value="0.9585099649484865 0.057299816654603555 0.27922460913214076 0.17885422165949827 -0.2848433231033266 0.22952173758872646 0.93068593414688 0.11536148530719115 -0.010764890244615948 -0.9716112910728105 0.23632474288461874 0.17888949710823043 0.0 0.0 0.0 1.0" />
		</transform>
	</shape>
	<shape type="ply" name="temp22">
		<string name="filename" value="meshes/Cube_018.ply" />
		<boolean name="face_normals" value="true" />
		<ref id="mat-Material" name="bsdf" />
		<transform name="to_world">
			<matrix value="0.20349522274642878 0.9759529684641748 0.07810989877079155 0.8657690963631413 -0.3503647210151287 -0.0018979773602851762 0.9365661497961564 -0.14179496659716367 0.9141933808133298 -0.21797212482505013 0.34155212918910255 -0.1857643306928882 0.0 0.0 0.0 1.0" />
		</transform>
	</shape>
	<shape type="ply" name="temp23">
		<string name="filename" value="meshes/Cube_019.ply" />
		<boolean name="face_normals" value="true" />
		<ref id="mat-Material" name="bsdf" />
		<transform name="to_world">
			<matrix value="-0.05935877183184493 0.9875486783070483 -0.14567610482903653 0.4687153765919873 -0.9451817022943937 -0.008681655865488306 0.32627437176758933 0.03004656194082953 0.3209468474026953 0.1570738679621128 0.9339283325004337 -0.05006370293415818 0.0 0.0 0.0 1.0" />
		</transform>
	</shape>
	<shape type="ply" name="temp24">
		<string name="filename" value="meshes/Cube_020.ply" />
		<boolean name="face_normals" value="true" />
		<ref id="mat-Material" name="bsdf" />
		<transform name="to_world">
			<matrix value="0.07034691298461691 0.9855872377400825 -0.15376122695782385 -0.019226603661635144 -0.9276402545082056 0.008005421529445625 -0.3733227167801023 0.2347920034798595 -0.3667130245397384 0.16890030212703772 0.9148326719955003 0.09857007321155675 0.0 0.0 0.0 1.0" />
		</transform>
	</shape>
	<shape type="ply" name="temp25">
		<string name="filename" value="meshes/Cube_021.ply" />
		<boolean name="face_normals" value="true" />
		<ref id="mat-Material" name="bsdf" />
		<transform name="to_world">
			<matrix value="0.23951945119648527 0.9201866618831387 -0.3095866343971281 -0.12262399273368435 -0.744578716976315 -0.030549045415009295 -0.6667771420844678 0.1816720611455509 -0.6230109551493102 0.3902639214222096 0.6778555728544405 0.21333211910317507 0.0 0.0 0.0 1.0" />
		</transform>
	</shape>
	<shape type="ply" name="temp26">
		<string name="filename" value="meshes/Cube_022.ply" />
		<boolean name="face_normals" value="true" />
		<ref id="mat-Material" name="bsdf" />
		<transform name="to_world">
			<matrix value="0.6570299382830963 0.39321277869438886 -0.643067517815934 -0.06962740092234582 -0.6932309978068426 -0.019682178368580563 -0.7203180841009484 -0.16858398269223795 -0.2959011713978232 0.919236665741944 0.25965485808951916 0.6661956062339158 0.0 0.0 0.0 1.0" />
		</transform>
	</shape>
	<shape type="ply" name="temp27">
		<string name="filename" value="meshes/Cube_023.ply" />
		<boolean name="face_normals" value="true" />
		<ref id="mat-Material" name="bsdf" />
		<transform name="to_world">
			<matrix value="0.8488800181551592 0.32095560705264453 -0.41998171718513677 -0.08112433133506947 -0.4799925358183208 0.13531978023582514 -0.8667711376430725 -0.28688636606694573 -0.22136384871646214 0.9373725290609753 0.2689292378945497 0.14531207242673705 0.0 0.0 0.0 1.0" />
		</transform>
	</shape>
	<shape type="ply" name="temp28">
		<string name="filename" value="meshes/Cube_024.ply" />
		<boolean name="face_normals" value="true" />
		<ref id="mat-Material" name="bsdf" />
		<transform name="to_world">
			<matrix value="0.8650572135731092 0.41493211631482013 -0.28195852112972386 -0.17993425615819364 -0.3822878160088081 0.181285055160057 -0.9060859268659038 -0.5152434564978525 -0.3248497190737323 0.8916053255684437 0.3154447470829998 -0.3068969145484425 0.0 0.0 0.0 1.0" />
		</transform>
	</shape>
	<shape type="ply" name="temp29">
		<string name="filename" value="meshes/Cube_025.ply" />
		<boolean name="face_normals" value="true" />
		<ref id="mat-Material" name="bsdf" />
		<transform name="to_world">
			<matrix value="0.8951679174933116 0.3780303614970496 -0.2361391961896855 -0.27438373341085087 -0.32310729362246843 0.1854189306729131 -0.9280169126675275 -0.7944752681727387 -0.30703667554922015 0.9070341848430301 0.2881272572799124 -0.7190103291143113 0.0 0.0 0.0 1.0" />
		</transform>
	</shape>
	<shape type="ply" name="temp30">
		<string name="filename" value="meshes/Cube_026.ply" />
		<boolean name="face_normals" value="true" />
		<ref id="mat-Material" name="bsdf" />
		<transform name="to_world">
			<matrix value="0.9236124777714543 0.24369200059237878 -0.29589449865514694 -0.3120447337452256 -0.34744469236401804 0.20613782609511852 -0.9147563166014294 -1.1414675898563003 -0.16192123781308343 0.9476887842260384 0.2750599143965229 -0.8520216585152367 0.0 0.0 0.0 1.0" />
		</transform>
	</shape>
	<shape type="ply" name="temp31">
		<string name="filename" value="meshes/Cube_027.ply" />
		<boolean name="face_normals" value="true" />
		<ref id="mat-Material" name="bsdf" />
		<transform name="to_world">
			<matrix value="0.873279559311877 0.19204172515711598 -0.44777554357924276 -0.5541144372650637 -0.4817167440565788 0.2026022218375005 -0.8525797349630112 -1.5812397985422577 -0.07300909353630233 0.9602415820684449 0.2694374878551899 -0.988783989794504 0.0 0.0 0.0 1.0" />
		</transform>
	</shape>
	<shape type="ply" name="temp32">
		<string name="filename" value="meshes/Cube_028.ply" />
		<boolean name="face_normals" value="true" />
		<ref id="mat-Material" name="bsdf" />
		<transform name="to_world">
			<matrix value="-0.11183793063098044 0.9810184325741569 0.1584136171275036 -1.4638599669016772 -0.8206932026303705 -0.0012963687599468528 -0.5713637315664831 -2.1094260616495104 -0.560312937146626 -0.1939098249353911 0.8052601270577623 -1.2484497808705046 0.0 0.0 0.0 1.0" />
		</transform>
	</shape>
	<shape type="ply" name="temp33">
		<string name="filename" value="meshes/Cube_029.ply" />
		<boolean name="face_normals" value="true" />
		<ref id="mat-Material" name="bsdf" />
		<transform name="to_world">
			<matrix value="0.005536279734835389 0.9806155524453355 0.19586239616926096 -1.5931722519391622 -0.9969117169922717 -0.009924981696747966 0.07786823182439043 -1.7729822839289322 0.07830272309658935 -0.19568946421010258 0.977532160402742 -0.050887727052021825 0.0 0.0 0.0 1.0" />
		</transform>
	</shape>
	<shape type="ply" name="temp34">
		<string name="filename" value="meshes/Cube_030.ply" />
		<boolean name="face_normals" value="true" />
		<ref id="mat-Material" name="bsdf" />
		<transform name="to_world">
			<matrix value="-0.03972236009954492 0.98146418421538 -0.1874809336497229 -3.203594910383523 -0.9742519052590323 0.003621663510305492 0.22537831359678465 -1.908193673920139 0.22187970701054582 0.19161113297765087 0.9560497326128202 0.2720766818183047 0.0 0.0 0.0 1.0" />
		</transform>
	</shape>
	<shape type="ply" name="temp35">
		<string name="filename" value="meshes/Cube_031.ply" />
		<boolean name="face_normals" value="true" />
		<ref id="mat-Material" name="bsdf" />
		<transform name="to_world">
			<matrix value="0.1341611527462338 0.9806779190818964 0.14237469038121583 -1.923643153214643 -0.7209985071636642 -0.0019598194079132624 0.6929091093049458 -0.9381108022240807 0.6797999031961236 -0.1956190253700803 0.7068041904381872 0.6940855460292845 0.0 0.0 0.0 1.0" />
		</transform>
	</shape>
	<shape type="ply" name="temp36">
		<string name="filename" value="meshes/Cube_032.ply" />
		<boolean name="face_normals" value="true" />
		<ref id="mat-Material" name="bsdf" />
		<transform name="to_world">
			<matrix value="0.7698849079919933 0.6005319936673876 0.2157874848529692 -0.6179205540434292 -0.26527960984137283 -0.006344690388237527 0.9640882397578177 0.328913304754946 0.580330152634537 -0.7995749056678549 0.15443097043592718 -0.1508655298123529 0.0 0.0 0.0 1.0" />
		</transform>
	</shape>
	<shape type="ply" name="temp37">
		<string name="filename" value="meshes/Cube_033.ply" />
		<boolean name="face_normals" value="true" />
		<ref id="mat-Material" name="bsdf" />
		<transform name="to_world">
			<matrix value="0.9772745808268044 0.16540571687215677 0.13257355086116454 -0.13661337935502393 -0.15007750072248316 0.09820070167680733 0.9837851714882646 0.3005755036427713 0.14970491217619014 -0.9813243211110023 0.12079271864558715 -0.3812797900738748 0.0 0.0 0.0 1.0" />
		</transform>
	</shape>
	<shape type="ply" name="temp38">
		<string name="filename" value="meshes/Cube_034.ply" />
		<boolean name="face_normals" value="true" />
		<ref id="mat-Material" name="bsdf" />
		<transform name="to_world">
			<matrix value="0.9999250922384922 0.001868093520753072 0.012118499305706914 -0.03554364804889021 -0.012256481072714605 0.1809488384996131 0.9834161583773069 0.3694097270242913 -0.0003557159054442429 -0.9834906752492059 0.18095815518975217 -0.3560401901628734 0.0 0.0 0.0 1.0" />
		</transform>
	</shape>
	<shape type="ply" name="temp39">
		<string name="filename" value="meshes/Cube_035.ply" />
		<boolean name="face_normals" value="true" />
		<ref id="mat-Material" name="bsdf" />
		<transform name="to_world">
			<matrix value="0.9989311238646377 -0.04612157739616164 0.003125134449844239 0.009669205690690186 0.006573362179470132 0.2086361000619495 0.977971264729202 0.09149879642876363 -0.04575760557561961 -0.9769051547380914 0.2087162977087146 -0.14512336901161788 0.0 0.0 0.0 1.0" />
		</transform>
	</shape>
	<shape type="ply" name="temp40">
		<string name="filename" value="meshes/Cube_036.ply" />
		<boolean name="face_normals" value="true" />
		<ref id="mat-Material" name="bsdf" />
		<transform name="to_world">
			<matrix value="0.9995086671382754 -0.03119159906804638 0.003084521732059131 0.004058397485371179 0.0035589475326535786 0.2107118348514777 0.9775418526112938 -0.24748093378297942 -0.031141038017683552 -0.9770503292499526 0.21071933444313062 0.22460377718362104 0.0 0.0 0.0 1.0" />
		</transform>
	</shape>
	<shape type="ply" name="temp41">
		<string name="filename" value="meshes/Cube_037.ply" />
		<boolean name="face_normals" value="true" />
		<ref id="mat-Material" name="bsdf" />
		<transform name="to_world">
			<matrix value="0.9988830321952673 -0.04714418165169382 0.0032099885537380957 -0.004988309212267117 0.006806540289737902 0.21077294998362617 0.9775114758113206 -0.5694603003604464 -0.04676054958361923 -0.9763975654067494 0.2108584530951477 0.5118087081731619 0.0 0.0 0.0 1.0" />
		</transform>
	</shape>
	<shape type="ply" name="temp42">
		<string name="filename" value="meshes/Cube_038.ply" />
		<boolean name="face_normals" value="true" />
		<ref id="mat-Material" name="bsdf" />
		<transform name="to_world">
			<matrix value="0.9992070415068782 -0.039678978688965694 0.0033219217427441997 0.006917324503858957 0.0051196862029654604 0.21076356370053168 0.977523650170843 -0.9048882842759094 -0.039487291831774005 -0.9767314042088093 0.2107996142973787 0.8611631138188741 0.0 0.0 0.0 1.0" />
		</transform>
	</shape>
	<shape type="ply" name="temp43">
		<string name="filename" value="meshes/Cube_039.ply" />
		<boolean name="face_normals" value="true" />
		<ref id="mat-Material" name="bsdf" />
		<transform name="to_world">
			<matrix value="0.999962978634749 -0.005729288639906932 -0.006433786998846964 0.02123979251324304 0.008280248997732644 0.4330086660646648 0.9013517092056338 -1.3192703069305416 -0.0023782107422551193 -0.901371625599473 0.4330400250766313 1.4737200399666273 0.0 0.0 0.0 1.0" />
		</transform>
	</shape>
	<shape type="ply" name="temp47">
		<string name="filename" value="meshes/Plane_001.ply" />
		<boolean name="face_normals" value="true" />
		<ref id="mat-Material.002" name="bsdf" />
	</shape>
	<shape type="ply" name="temp49">
		<string name="filename" value="meshes/Plane_002.ply" />
		<boolean name="face_normals" value="true" />
		<ref id="mat-Material.003" name="bsdf" />
	</shape>
	<shape type="ply" name="temp51">
		<string name="filename" value="meshes/Plane_003.ply" />
		<boolean name="face_normals" value="true" />
		<ref id="mat-Material.004" name="bsdf" />
	</shape>
	<shape type="ply" name="temp53">
		<string name="filename" value="meshes/Plane_004.ply" />
		<boolean name="face_normals" value="true" />
		<ref id="mat-Material.005" name="bsdf" />
	</shape>
	<emitter type="point">
		<transform name="to_world">
			<rotate x="1" angle="-142.5518126578256" />
			<rotate y="1" angle="3.976628485794621e-06" />
			<rotate z="1" angle="-179.999991348578" />
			<translate value="-0.000000 3.030926 4.073377" />
		</transform>
		<rgb name="intensity" value="100" />
	</emitter>
</scene>