<scene version="2.1.0">
	<default name="spp" value="1024" />
	<default name="resx" value="640" />
	<default name="resy" value="360" />
	<integrator type="path" name="temp0">
		<integer name="max_depth" value="12" />
	</integrator>
	<sensor type="perspective" name="temp44">
		<string name="fov_axis" value="x" />
		<float name="fov" value="83.974423" />
		<float name="principal_point_offset_x" value="0.000000" />
		<float name="principal_point_offset_y" value="-0.000000" />
		<float name="near_clip" value="0.100000" />
		<float name="far_clip" value="1000.000000" />
		<transform name="to_world">
			<rotate x="1" angle="-142.5518126578256" />
			<rotate y="1" angle="3.976628485794621e-06" />
			<rotate z="1" angle="-179.999991348578" />
			<translate value="-0.000000 3.030926 4.073377" />
		</transform>
		<sampler type="independent" name="sampler">
			<integer name="sample_count" value="$spp" />
		</sampler>
		<film type="hdrfilm" name="film">
			<integer name="width" value="$resx" />
			<integer name="height" value="$resy" />
		</film>
		<float name="shutter_open" value="0.0" />
		<float name="shutter_close" value="0.0015" />
	</sensor>
	<bsdf type="twosided" id="mat-Material" name="mat-Material">
		<bsdf type="diffuse" name="bsdf">
			<texture type="bitmap" name="reflectance">
				<string name="filename" value="textures/siggraph_2023_logo.jpg" />
			</texture>
		</bsdf>
	</bsdf>
	<bsdf type="twosided" id="mat-Material.001" name="mat-Material.001">
		<bsdf type="principled" name="bsdf">
			<rgb value="0.433648 0.266232 0.084399" name="base_color" />
			<float name="spec_tint" value="0.000000" />
			<float name="spec_trans" value="0.000000" />
			<float name="metallic" value="0.000000" />
			<float name="anisotropic" value="0.000000" />
			<float name="roughness" value="0.500000" />
			<float name="sheen" value="0.000000" />
			<float name="sheen_tint" value="0.500000" />
			<float name="clearcoat" value="0.000000" />
			<float name="clearcoat_gloss" value="0.173205" />
			<float name="specular" value="0.500000" />
		</bsdf>
	</bsdf>
	<bsdf type="twosided" id="mat-Material.002" name="mat-Material.002">
		<bsdf type="principled" name="bsdf">
			<rgb value="0.433648 0.266232 0.084399" name="base_color" />
			<float name="spec_tint" value="0.000000" />
			<float name="spec_trans" value="0.000000" />
			<float name="metallic" value="0.000000" />
			<float name="anisotropic" value="0.000000" />
			<float name="roughness" value="0.500000" />
			<float name="sheen" value="0.000000" />
			<float name="sheen_tint" value="0.500000" />
			<float name="clearcoat" value="0.000000" />
			<float name="clearcoat_gloss" value="0.173205" />
			<float name="specular" value="0.500000" />
		</bsdf>
	</bsdf>
	<bsdf type="twosided" id="mat-Material.003" name="mat-Material.003">
		<bsdf type="principled" name="bsdf">
			<rgb value="0.433648 0.266232 0.084399" name="base_color" />
			<float name="spec_tint" value="0.000000" />
			<float name="spec_trans" value="0.000000" />
			<float name="metallic" value="0.000000" />
			<float name="anisotropic" value="0.000000" />
			<float name="roughness" value="0.500000" />
			<float name="sheen" value="0.000000" />
			<float name="sheen_tint" value="0.500000" />
			<float name="clearcoat" value="0.000000" />
			<float name="clearcoat_gloss" value="0.173205" />
			<float name="specular" value="0.500000" />
		</bsdf>
	</bsdf>
	<bsdf type="twosided" id="mat-Material.004" name="mat-Material.004">
		<bsdf type="principled" name="bsdf">
			<rgb value="0.433648 0.266232 0.084399" name="base_color" />
			<float name="spec_tint" value="0.000000" />
			<float name="spec_trans" value="0.000000" />
			<float name="metallic" value="0.000000" />
			<float name="anisotropic" value="0.000000" />
			<float name="roughness" value="0.500000" />
			<float name="sheen" value="0.000000" />
			<float name="sheen_tint" value="0.500000" />
			<float name="clearcoat" value="0.000000" />
			<float name="clearcoat_gloss" value="0.173205" />
			<float name="specular" value="0.500000" />
		</bsdf>
	</bsdf>
	<bsdf type="twosided" id="mat-Material.005" name="mat-Material.005">
		<bsdf type="principled" name="bsdf">
			<rgb value="0.433648 0.266232 0.084399" name="base_color" />
			<float name="spec_tint" value="0.000000" />
			<float name="spec_trans" value="0.000000" />
			<float name="metallic" value="0.000000" />
			<float name="anisotropic" value="0.000000" />
			<float name="roughness" value="0.500000" />
			<float name="sheen" value="0.000000" />
			<float name="sheen_tint" value="0.500000" />
			<float name="clearcoat" value="0.000000" />
			<float name="clearcoat_gloss" value="0.173205" />
			<float name="specular" value="0.500000" />
		</bsdf>
	</bsdf>
	<emitter type="point" name="temp45">
		<point name="position" x="-6.815235034541981e-16" y="3.0693089962005615" z="4.109199523925781" />
		<rgb value="7.957747 7.957747 7.957747" name="intensity" />
	</emitter>
	<shape type="ply" name="temp2">
		<string name="filename" value="meshes/Cube.ply" />
		<boolean name="face_normals" value="true" />
		<ref id="mat-Material" name="bsdf" />
		<transform name="to_world">
			<matrix value="0.9999991135176153 0.00021862530583639084 0.0012558147341427193 -0.0021083615405008693 -0.00021863448026424268 1.0 7.45444307387685e-06 -0.01729614356776754 -0.0012558131082377262 -7.728978376089591e-06 0.9999992908140084 0.002979945986177457 0.0 0.0 0.0 1.0" />
			<scale value="1" />
		</transform>
	</shape>
	<shape type="ply" name="temp4">
		<string name="filename" value="meshes/Plane.ply" />
		<boolean name="face_normals" value="true" />
		<ref id="mat-Material.001" name="bsdf" />
		<transform name="to_world">
			<scale value="1" />
		</transform>
	</shape>
	<shape type="ply" name="temp5">
		<string name="filename" value="meshes/Cube_001.ply" />
		<boolean name="face_normals" value="true" />
		<ref id="mat-Material" name="bsdf" />
		<transform name="to_world">
			<matrix value="0.9999991135176153 -0.0001626957822215455 -0.0014998314501293317 0.0020437942149751365 0.0001665403429268457 0.9999966626548998 0.002563660080535161 -0.020586670190318235 0.0014994096027317841 -0.0025639091157495576 0.9999957448840504 -0.00310165010043284 0.0 0.0 0.0 1.0" />
			<scale value="1" />
		</transform>
	</shape>
	<shape type="ply" name="temp6">
		<string name="filename" value="meshes/Cube_002.ply" />
		<boolean name="face_normals" value="true" />
		<ref id="mat-Material" name="bsdf" />
		<transform name="to_world">
			<matrix value="1.0 3.058197041026401e-05 0.0003259560654550303 -0.0008681390923754861 -3.106127898132536e-05 0.9999989570796561 0.0014708635663261472 -0.018596581208310092 -0.0003259094866025917 -0.0014708743635578603 0.999999054418678 0.0009442012161064994 0.0 0.0 0.0 1.0" />
			<scale value="1" />
		</transform>
	</shape>
	<shape type="ply" name="temp7">
		<string name="filename" value="meshes/Cube_003.ply" />
		<boolean name="face_normals" value="true" />
		<ref id="mat-Material" name="bsdf" />
		<transform name="to_world">
			<matrix value="0.9999991135176153 -0.00044244644082574265 0.0012185730137709736 -0.0012697857112411448 0.0004475760912154914 0.999991030885043 -0.00421268298771548 -0.01737407986230155 -0.0012166970730124623 0.004213222978455352 0.9999905441867787 0.0034044502623292727 0.0 0.0 0.0 1.0" />
			<scale value="1" />
		</transform>
	</shape>
	<shape type="ply" name="temp8">
		<string name="filename" value="meshes/Cube_004.ply" />
		<boolean name="face_normals" value="true" />
		<ref id="mat-Material" name="bsdf" />
		<transform name="to_world">
			<matrix value="0.9999995567588077 0.00028091893797335546 0.0008745067020440157 -0.0005722891128092655 -0.0002809940836165645 1.0 8.558929337180589e-05 -0.017092901913466962 -0.0008744838456315034 -8.583505589010123e-05 0.9999997636046695 0.0027710946716060815 0.0 0.0 0.0 1.0" />
			<scale value="1" />
		</transform>
	</shape>
	<shape type="ply" name="temp9">
		<string name="filename" value="meshes/Cube_005.ply" />
		<boolean name="face_normals" value="true" />
		<ref id="mat-Material" name="bsdf" />
		<transform name="to_world">
			<matrix value="1.0 0.000146232658841983 0.0007841304032289712 -0.0005929549180057059 -0.0001470984545066105 0.9999993742477937 0.0011045217226033177 -0.017009548543236386 -0.0007839695617408387 -0.0011046361980964617 0.9999992908140084 0.0022294323809118333 0.0 0.0 0.0 1.0" />
			<scale value="1" />
		</transform>
	</shape>
	<shape type="ply" name="temp10">
		<string name="filename" value="meshes/Cube_006.ply" />
		<boolean name="face_normals" value="true" />
		<ref id="mat-Material" name="bsdf" />
		<transform name="to_world">
			<matrix value="0.9999995567588077 -0.00019900275956722977 -0.0011349103423429897 -0.001107131928676175 0.00020129000916622785 0.9999979141593124 0.002015648425299785 -0.016914474760063303 0.0011345068587142106 -0.0020158732476330925 0.9999973996513641 -0.002503043031171992 0.0 0.0 0.0 1.0" />
			<scale value="1" />
		</transform>
	</shape>
	<shape type="ply" name="temp11">
		<string name="filename" value="meshes/Cube_007.ply" />
		<boolean name="face_normals" value="true" />
		<ref id="mat-Material" name="bsdf" />
		<transform name="to_world">
			<matrix value="0.9999977837940383 -0.002265421141664042 -7.004866434274297e-05 0.0005978633175707238 0.0022657913539600055 0.9999806016816049 0.005792465702583471 -0.01728193882187512 5.692502309286612e-05 -0.005792598602903908 0.9999832159315324 0.00014257524852134829 0.0 0.0 0.0 1.0" />
			<scale value="1" />
		</transform>
	</shape>
	<shape type="ply" name="temp12">
		<string name="filename" value="meshes/Cube_008.ply" />
		<boolean name="face_normals" value="true" />
		<ref id="mat-Material" name="bsdf" />
		<transform name="to_world">
			<matrix value="0.9999982270352306 0.0019058076062266516 0.00010880686075984078 0.00013512861024933542 -0.0019055160479906105 0.9999947853982809 -0.0026255956571341037 -0.016720361137062545 -0.00011381015447842037 0.002625387184177647 0.9999966904653725 -1.5084042299662315e-05 0.0 0.0 0.0 1.0" />
			<scale value="1" />
		</transform>
	</shape>
	<shape type="ply" name="temp13">
		<string name="filename" value="meshes/Cube_009.ply" />
		<boolean name="face_normals" value="true" />
		<ref id="mat-Material" name="bsdf" />
		<transform name="to_world">
			<matrix value="0.9999995567588077 -0.00033055568881759954 0.0008310761519189864 0.0014591797093475023 0.0003303303742551332 0.9999997914159312 0.00027082394646875017 -0.018064889008620966 -0.0008311658839027209 -0.0002705502239149978 0.9999997636046695 0.0014094523598018327 0.0 0.0 0.0 1.0" />
			<scale value="1" />
		</transform>
	</shape>
	<shape type="ply" name="temp14">
		<string name="filename" value="meshes/Cube_010.ply" />
		<boolean name="face_normals" value="true" />
		<ref id="mat-Material" name="bsdf" />
		<transform name="to_world">
			<matrix value="0.999986259523037 -0.0005139824330497285 0.005223249386199525 0.010818600903912401 0.0005128522216135043 0.9999997914159312 0.00021777045162382316 -0.018344880226330074 -0.005223353669239239 -0.00021508772003011955 0.9999865254661597 0.008652305330332455 0.0 0.0 0.0 1.0" />
			<scale value="1" />
		</transform>
	</shape>
	<shape type="ply" name="temp15">
		<string name="filename" value="meshes/Cube_011.ply" />
		<boolean name="face_normals" value="true" />
		<ref id="mat-Material" name="bsdf" />
		<transform name="to_world">
			<matrix value="0.9999982270352306 -0.001725157115949798 -0.0008614505879388266 -0.001819003075018033 0.0017247356952769992 0.99999833132745 -0.0004892745074585091 -0.020981909587223013 0.0008622947128417612 0.00048778635985340714 0.9999995272093389 -0.0013301999812613818 0.0 0.0 0.0 1.0" />
			<scale value="1" />
		</transform>
	</shape>
	<shape type="ply" name="temp16">
		<string name="filename" value="meshes/Cube_012.ply" />
		<boolean name="face_normals" value="true" />
		<ref id="mat-Material" name="bsdf" />
		<transform name="to_world">
			<matrix value="0.9999964540704612 -0.002778523349943578 -0.0001897852632096529 -0.00028707601459032617 0.002777903362782278 0.999991030885043 -0.0031897058343785946 -0.02534110980968024 0.00019864607545383466 0.003189156548601131 0.9999950356980589 -0.00046013628331231793 0.0 0.0 0.0 1.0" />
			<scale value="1" />
		</transform>
	</shape>
	<shape type="ply" name="temp17">
		<string name="filename" value="meshes/Cube_013.ply" />
		<boolean name="face_normals" value="true" />
		<ref id="mat-Material" name="bsdf" />
		<transform name="to_world">
			<matrix value="0.9999977837940383 -0.002209639504153952 0.0003026569416779624 -0.00010115789782905171 0.0022113391734792836 0.9999810188497423 -0.0057326576839593 -0.02619000381891734 -0.00028998345823870133 0.005733314838879237 0.9999836887221933 -0.00017700448805735292 0.0 0.0 0.0 1.0" />
			<scale value="1" />
		</transform>
	</shape>
	<shape type="ply" name="temp18">
		<string name="filename" value="meshes/Cube_014.ply" />
		<boolean name="face_normals" value="true" />
		<ref id="mat-Material" name="bsdf" />
		<transform name="to_world">
			<matrix value="1.0 0.0006096495161892526 -6.377024075918834e-05 -0.0004902563159351336 -0.0006094699367228874 0.9999960369026935 0.00276818932050999 -0.014877126495433712 6.545741604568576e-05 -0.0027681421208410944 0.9999962176747115 0.0004809333744230093 0.0 0.0 0.0 1.0" />
			<scale value="1" />
		</transform>
	</shape>
	<shape type="ply" name="temp19">
		<string name="filename" value="meshes/Cube_015.ply" />
		<boolean name="face_normals" value="true" />
		<ref id="mat-Material" name="bsdf" />
		<transform name="to_world">
			<matrix value="0.9994025108727065 0.026829584729977495 -0.02180118112562946 -0.007922380808388696 -0.02319922627817463 0.9880404152491641 0.1524398362064034 0.08126134278243924 0.02563034659688277 -0.1518429236811751 0.9880724372027625 -0.03922480348667334 0.0 0.0 0.0 1.0" />
			<scale value="1" />
		</transform>
	</shape>
	<shape type="ply" name="temp20">
		<string name="filename" value="meshes/Cube_016.ply" />
		<boolean name="face_normals" value="true" />
		<ref id="mat-Material" name="bsdf" />
		<transform name="to_world">
			<matrix value="0.997303763826909 0.06871587303904904 -0.025757611575050077 0.06417782357330815 -0.05804660060599936 0.9534165027543526 0.29601966998266277 0.08364179227965374 0.04489895873779092 -0.2937262083796564 0.9548345445442085 -0.14219961943488324 0.0 0.0 0.0 1.0" />
			<scale value="1" />
		</transform>
	</shape>
	<shape type="ply" name="temp21">
		<string name="filename" value="meshes/Cube_017.ply" />
		<boolean name="face_normals" value="true" />
		<ref id="mat-Material" name="bsdf" />
		<transform name="to_world">
			<matrix value="0.9929564542122983 0.10879315343652683 0.046922369191825825 0.21335955207982238 -0.11846405402578246 0.9182648725655632 0.3778301839959416 0.01683963244280917 -0.001981815586842474 -0.3807274577982283 0.9246851568790332 -0.18935500533555316 0.0 0.0 0.0 1.0" />
			<scale value="1" />
		</transform>
	</shape>
	<shape type="ply" name="temp22">
		<string name="filename" value="meshes/Cube_018.ply" />
		<boolean name="face_normals" value="true" />
		<ref id="mat-Material" name="bsdf" />
		<transform name="to_world">
			<matrix value="-0.2068271554375943 0.9747544444050453 0.08412009639255998 1.0945568211097456 -0.922879135218704 -0.22291859172380132 0.31400935463601976 0.6467927088152667 0.3248340061734633 -0.012687000832250434 0.9456860452526853 -0.3974257374399638 0.0 0.0 0.0 1.0" />
			<scale value="1" />
		</transform>
	</shape>
	<shape type="ply" name="temp23">
		<string name="filename" value="meshes/Cube_019.ply" />
		<boolean name="face_normals" value="true" />
		<ref id="mat-Material" name="bsdf" />
		<transform name="to_world">
			<matrix value="-0.03681830834339491 0.9942733243920295 -0.1003247362655495 0.4156663874803541 -0.9631254354844715 -0.008530289535545856 0.26891860010467583 0.08317170615064895 0.26652287922386697 0.10652638692761925 0.9579237587235787 -0.0368946831027922 0.0 0.0 0.0 1.0" />
			<scale value="1" />
		</transform>
	</shape>
	<shape type="ply" name="temp24">
		<string name="filename" value="meshes/Cube_020.ply" />
		<boolean name="face_normals" value="true" />
		<ref id="mat-Material" name="bsdf" />
		<transform name="to_world">
			<matrix value="0.11800705566092592 0.9927191938841219 0.024140667600046694 -0.19722307286514484 -0.9710124182396016 0.12044742073676998 -0.20646212718004647 0.07382461858288682 -0.20786656014520996 0.0009230914146833224 0.9781568348958294 0.09910638639387515 0.0 0.0 0.0 1.0" />
			<scale value="1" />
		</transform>
	</shape>
	<shape type="ply" name="temp25">
		<string name="filename" value="meshes/Cube_021.ply" />
		<boolean name="face_normals" value="true" />
		<ref id="mat-Material" name="bsdf" />
		<transform name="to_world">
			<matrix value="0.2789526033328192 0.9595415739336661 -0.03828230897720723 -0.317155566202454 -0.7701550634987332 0.1997266505778822 -0.6057810005290528 0.10380976867395066 -0.5736259079795826 0.19846740769633497 0.7947100398515249 0.08524758051725057 0.0 0.0 0.0 1.0" />
			<scale value="1" />
		</transform>
	</shape>
	<shape type="ply" name="temp26">
		<string name="filename" value="meshes/Cube_022.ply" />
		<boolean name="face_normals" value="true" />
		<ref id="mat-Material" name="bsdf" />
		<transform name="to_world">
			<matrix value="0.563218161541912 0.7981986679821369 -0.21369180478851835 -0.228478057565961 -0.44662445237550685 0.07648773629967691 -0.8914460822438267 0.14810752565425034 -0.6952065238011655 0.5975186839179597 0.39957429928878097 0.181707325804066 0.0 0.0 0.0 1.0" />
			<scale value="1" />
		</transform>
	</shape>
	<shape type="ply" name="temp27">
		<string name="filename" value="meshes/Cube_023.ply" />
		<boolean name="face_normals" value="true" />
		<ref id="mat-Material" name="bsdf" />
		<transform name="to_world">
			<matrix value="0.859418077503382 0.46993761250503213 -0.20139468517106277 -0.1219599730053974 -0.3782114597350836 0.31929194052016696 -0.8689124065470158 -0.17266645405907416 -0.344031048159042 0.8229283951750334 0.45214081975281556 -0.03946874277593204 0.0 0.0 0.0 1.0" />
			<scale value="1" />
		</transform>
	</shape>
	<shape type="ply" name="temp28">
		<string name="filename" value="meshes/Cube_024.ply" />
		<boolean name="face_normals" value="true" />
		<ref id="mat-Material" name="bsdf" />
		<transform name="to_world">
			<matrix value="0.8873981210119375 0.4151271424191163 -0.20048524869497958 -0.1274787471447817 -0.3470442017846664 0.3152894208246163 -0.8832627850868588 -0.4814269248911071 -0.30345546401147466 0.8533827121352126 0.42385470008288023 -0.27778211625701416 0.0 0.0 0.0 1.0" />
			<scale value="1" />
		</transform>
	</shape>
	<shape type="ply" name="temp29">
		<string name="filename" value="meshes/Cube_025.ply" />
		<boolean name="face_normals" value="true" />
		<ref id="mat-Material" name="bsdf" />
		<transform name="to_world">
			<matrix value="0.8795115304763779 0.4336990507339031 -0.19586858972692084 -0.27825560847905184 -0.3194460548874434 0.2329915335726488 -0.9185147659615309 -0.7860972529217791 -0.3527233625340631 0.8704136013499562 0.3434623216574528 -0.7610366783421972 0.0 0.0 0.0 1.0" />
			<scale value="1" />
		</transform>
	</shape>
	<shape type="ply" name="temp30">
		<string name="filename" value="meshes/Cube_026.ply" />
		<boolean name="face_normals" value="true" />
		<ref id="mat-Material" name="bsdf" />
		<transform name="to_world">
			<matrix value="0.9020476856604382 0.3447291848743177 -0.2597535531400155 -0.30189116577934294 -0.3521676267270893 0.23982871076272935 -0.9046880030788128 -1.1346555786832428 -0.24957608412363239 0.9075482402805038 0.33773942710064436 -0.8667244603867208 0.0 0.0 0.0 1.0" />
			<scale value="1" />
		</transform>
	</shape>
	<shape type="ply" name="temp31">
		<string name="filename" value="meshes/Cube_027.ply" />
		<boolean name="face_normals" value="true" />
		<ref id="mat-Material" name="bsdf" />
		<transform name="to_world">
			<matrix value="0.8437911660257399 0.33090611005312637 -0.4225136293727817 -0.5750755232810182 -0.5080208926168428 0.2386998537825678 -0.8276094143967593 -1.5912043411264154 -0.17300709895093674 0.9129751805816576 0.36951994254647885 -0.9644999904508011 0.0 0.0 0.0 1.0" />
			<scale value="1" />
		</transform>
	</shape>
	<shape type="ply" name="temp32">
		<string name="filename" value="meshes/Cube_028.ply" />
		<boolean name="face_normals" value="true" />
		<ref id="mat-Material" name="bsdf" />
		<transform name="to_world">
			<matrix value="-0.1145104755623401 0.9799550709915879 0.16301928371269267 -1.4616811933825815 -0.8221906929987394 -0.0013848834953683908 -0.569210642896013 -2.1084905337364725 -0.5575752579220498 -0.1992134711934972 0.8058686086385473 -1.2166525142746083 0.0 0.0 0.0 1.0" />
			<scale value="1" />
		</transform>
	</shape>
	<shape type="ply" name="temp33">
		<string name="filename" value="meshes/Cube_029.ply" />
		<boolean name="face_normals" value="true" />
		<ref id="mat-Material" name="bsdf" />
		<transform name="to_world">
			<matrix value="0.009640819499775721 0.9892579204585512 0.14586173426233545 -1.6556477317432154 -0.9890971531504698 -0.01200221099112892 0.1467759222845623 -1.6414822498124 0.1469499243830526 -0.1456864188826986 0.9783565891179664 0.12156254350806472 0.0 0.0 0.0 1.0" />
			<scale value="1" />
		</transform>
	</shape>
	<shape type="ply" name="temp34">
		<string name="filename" value="meshes/Cube_030.ply" />
		<boolean name="face_normals" value="true" />
		<ref id="mat-Material" name="bsdf" />
		<transform name="to_world">
			<matrix value="-0.03516656365195845 0.9824625464872845 -0.18311375314165634 -3.1880546424430345 -0.9767324625814822 0.004999493369234909 0.21440308070255656 -1.9323670814669935 0.21155842814421041 0.18639293675572383 0.9594272605672053 0.2575814407672101 0.0 0.0 0.0 1.0" />
			<scale value="1" />
		</transform>
	</shape>
	<shape type="ply" name="temp35">
		<string name="filename" value="meshes/Cube_031.ply" />
		<boolean name="face_normals" value="true" />
		<ref id="mat-Material" name="bsdf" />
		<transform name="to_world">
			<matrix value="0.105901180262647 0.9890908446194696 0.10239198979150405 -2.0473306230845023 -0.6756485061885336 -0.003976146325895921 0.7372134947692806 -0.7475429133543694 0.7295781053034694 -0.14725271837187617 0.6678567595589998 0.7719867176840172 0.0 0.0 0.0 1.0" />
			<scale value="1" />
		</transform>
	</shape>
	<shape type="ply" name="temp36">
		<string name="filename" value="meshes/Cube_032.ply" />
		<boolean name="face_normals" value="true" />
		<ref id="mat-Material" name="bsdf" />
		<transform name="to_world">
			<matrix value="0.8059866814886522 0.5545952113269493 0.2069058640698482 -0.48699660755950447 -0.2374210365815821 -0.017309480354509483 0.9712526730402 0.43018373884618427 0.542233793772284 -0.8319402698660683 0.11772132867413897 -0.26533688647800524 0.0 0.0 0.0 1.0" />
			<scale value="1" />
		</transform>
	</shape>
	<shape type="ply" name="temp37">
		<string name="filename" value="meshes/Cube_033.ply" />
		<boolean name="face_normals" value="true" />
		<ref id="mat-Material" name="bsdf" />
		<transform name="to_world">
			<matrix value="0.9787315146260729 0.15530105981565342 0.13404090395683232 -0.12666162909388312 -0.15018434401190012 0.09731416723853466 0.9838570356687458 0.3002873571294723 0.1397499587785691 -0.9830623478639949 0.11856821494576382 -0.4036195199880388 0.0 0.0 0.0 1.0" />
			<scale value="1" />
		</transform>
	</shape>
	<shape type="ply" name="temp38">
		<string name="filename" value="meshes/Cube_034.ply" />
		<boolean name="face_normals" value="true" />
		<ref id="mat-Material" name="bsdf" />
		<transform name="to_world">
			<matrix value="0.9999197733441839 0.005342198851536117 0.011517866049895489 -0.035443764299175395 -0.012296166672872044 0.1814659496936943 0.983320418268442 0.36927077991107093 0.003162995743111589 -0.9833827329936194 0.18151702921042542 -0.337033426276951 0.0 0.0 0.0 1.0" />
			<scale value="1" />
		</transform>
	</shape>
	<shape type="ply" name="temp39">
		<string name="filename" value="meshes/Cube_035.ply" />
		<boolean name="face_normals" value="true" />
		<ref id="mat-Material" name="bsdf" />
		<transform name="to_world">
			<matrix value="0.9990949014852126 -0.04247806217056754 0.0022395077114520773 0.009625973445040792 0.006851400730816078 0.2126608443900272 0.9771020390988421 0.09224233612640664 -0.04198166045242515 -0.97620222642635 0.2127595088839729 -0.1318591257597388 0.0 0.0 0.0 1.0" />
			<scale value="1" />
		</transform>
	</shape>
	<shape type="ply" name="temp40">
		<string name="filename" value="meshes/Cube_036.ply" />
		<boolean name="face_normals" value="true" />
		<ref id="mat-Material" name="bsdf" />
		<transform name="to_world">
			<matrix value="0.9998089630460953 -0.01941884723928556 0.002359712373073437 0.005436735732728959 0.001865384990434855 0.21472415799826042 0.9766729815739297 -0.2518121644642602 -0.019472556278334194 -0.9764817290784965 0.2147192970926684 0.25031847445806404 0.0 0.0 0.0 1.0" />
			<scale value="1" />
		</transform>
	</shape>
	<shape type="ply" name="temp41">
		<string name="filename" value="meshes/Cube_037.ply" />
		<boolean name="face_normals" value="true" />
		<ref id="mat-Material" name="bsdf" />
		<transform name="to_world">
			<matrix value="0.999037723371399 -0.043786238874647235 0.002606967705088315 -0.0019975152998772394 0.006870380318672688 0.21490249737705536 0.9766115187879916 -0.5687261958172427 -0.04332238970829411 -0.9756534417414268 0.21499647061771515 0.5054361077572292 0.0 0.0 0.0 1.0" />
			<scale value="1" />
		</transform>
	</shape>
	<shape type="ply" name="temp42">
		<string name="filename" value="meshes/Cube_038.ply" />
		<boolean name="face_normals" value="true" />
		<ref id="mat-Material" name="bsdf" />
		<transform name="to_world">
			<matrix value="0.999336911176238 -0.03631993041635466 0.0025878669623814656 0.0027411384357729496 0.005282269288526968 0.21492690171310097 0.9766157739039413 -0.9035543100382594 -0.03602682584344367 -0.975954428552656 0.2149762351774218 0.8461143659827624 0.0 0.0 0.0 1.0" />
			<scale value="1" />
		</transform>
	</shape>
	<shape type="ply" name="temp43">
		<string name="filename" value="meshes/Cube_039.ply" />
		<boolean name="face_normals" value="true" />
		<ref id="mat-Material" name="bsdf" />
		<transform name="to_world">
			<matrix value="0.9999651682422476 -0.0026327695479116705 -0.007913396286091428 0.018282461334510725 0.008273070087380034 0.43300005971972805 0.9013559097990724 -1.3192914403615486 0.0010534408430885598 -0.9013900531628692 0.43300673659752553 1.462964087974721 0.0 0.0 0.0 1.0" />
			<scale value="1" />
		</transform>
	</shape>
	<shape type="ply" name="temp47">
		<string name="filename" value="meshes/Plane_001.ply" />
		<boolean name="face_normals" value="true" />
		<ref id="mat-Material.002" name="bsdf" />
		<transform name="to_world">
			<scale value="1" />
		</transform>
	</shape>
	<shape type="ply" name="temp49">
		<string name="filename" value="meshes/Plane_002.ply" />
		<boolean name="face_normals" value="true" />
		<ref id="mat-Material.003" name="bsdf" />
		<transform name="to_world">
			<scale value="1" />
		</transform>
	</shape>
	<shape type="ply" name="temp51">
		<string name="filename" value="meshes/Plane_003.ply" />
		<boolean name="face_normals" value="true" />
		<ref id="mat-Material.004" name="bsdf" />
		<transform name="to_world">
			<scale value="1" />
		</transform>
	</shape>
	<shape type="ply" name="temp53">
		<string name="filename" value="meshes/Plane_004.ply" />
		<boolean name="face_normals" value="true" />
		<ref id="mat-Material.005" name="bsdf" />
		<transform name="to_world">
			<scale value="1" />
		</transform>
	</shape>
	<emitter type="point">
		<transform name="to_world">
			<rotate x="1" angle="-142.5518126578256" />
			<rotate y="1" angle="3.976628485794621e-06" />
			<rotate z="1" angle="-179.999991348578" />
			<translate value="-0.000000 3.030926 4.073377" />
		</transform>
		<rgb name="intensity" value="100" />
	</emitter>
</scene>