<scene version="2.1.0">
	<default name="spp" value="1024" />
	<default name="resx" value="1280" />
	<default name="resy" value="720" />
	<integrator type="path" name="temp0">
		<integer name="max_depth" value="12" />
	</integrator>
	<sensor type="perspective" name="temp44">
		<string name="fov_axis" value="x" />
		<float name="fov" value="83.974423" />
		<float name="principal_point_offset_x" value="0.000000" />
		<float name="principal_point_offset_y" value="-0.000000" />
		<float name="near_clip" value="0.100000" />
		<float name="far_clip" value="1000.000000" />
		<transform name="to_world">
			<rotate x="1" angle="-142.5518126578256" />
			<rotate y="1" angle="3.976628485794621e-06" />
			<rotate z="1" angle="-179.999991348578" />
			<translate value="-0.000000 3.030926 4.073377" />
		</transform>
		<sampler type="independent" name="sampler">
			<integer name="sample_count" value="$spp" />
		</sampler>
		<film type="hdrfilm" name="film">
			<integer name="width" value="$resx" />
			<integer name="height" value="$resy" />
		</film>
		<float name="shutter_open" value="0.0" />
		<float name="shutter_close" value="0.0015" />
	</sensor>
	<bsdf type="twosided" id="mat-Material" name="mat-Material">
		<bsdf type="diffuse" name="bsdf">
			<texture type="bitmap" name="reflectance">
				<string name="filename" value="textures/siggraph_2023_logo.jpg" />
			</texture>
		</bsdf>
	</bsdf>
	<bsdf type="twosided" id="mat-Material.001" name="mat-Material.001">
		<bsdf type="principled" name="bsdf">
			<rgb value="0.433648 0.266232 0.084399" name="base_color" />
			<float name="spec_tint" value="0.000000" />
			<float name="spec_trans" value="0.000000" />
			<float name="metallic" value="0.000000" />
			<float name="anisotropic" value="0.000000" />
			<float name="roughness" value="0.500000" />
			<float name="sheen" value="0.000000" />
			<float name="sheen_tint" value="0.500000" />
			<float name="clearcoat" value="0.000000" />
			<float name="clearcoat_gloss" value="0.173205" />
			<float name="specular" value="0.500000" />
		</bsdf>
	</bsdf>
	<bsdf type="twosided" id="mat-Material.002" name="mat-Material.002">
		<bsdf type="principled" name="bsdf">
			<rgb value="0.433648 0.266232 0.084399" name="base_color" />
			<float name="spec_tint" value="0.000000" />
			<float name="spec_trans" value="0.000000" />
			<float name="metallic" value="0.000000" />
			<float name="anisotropic" value="0.000000" />
			<float name="roughness" value="0.500000" />
			<float name="sheen" value="0.000000" />
			<float name="sheen_tint" value="0.500000" />
			<float name="clearcoat" value="0.000000" />
			<float name="clearcoat_gloss" value="0.173205" />
			<float name="specular" value="0.500000" />
		</bsdf>
	</bsdf>
	<bsdf type="twosided" id="mat-Material.003" name="mat-Material.003">
		<bsdf type="principled" name="bsdf">
			<rgb value="0.433648 0.266232 0.084399" name="base_color" />
			<float name="spec_tint" value="0.000000" />
			<float name="spec_trans" value="0.000000" />
			<float name="metallic" value="0.000000" />
			<float name="anisotropic" value="0.000000" />
			<float name="roughness" value="0.500000" />
			<float name="sheen" value="0.000000" />
			<float name="sheen_tint" value="0.500000" />
			<float name="clearcoat" value="0.000000" />
			<float name="clearcoat_gloss" value="0.173205" />
			<float name="specular" value="0.500000" />
		</bsdf>
	</bsdf>
	<bsdf type="twosided" id="mat-Material.004" name="mat-Material.004">
		<bsdf type="principled" name="bsdf">
			<rgb value="0.433648 0.266232 0.084399" name="base_color" />
			<float name="spec_tint" value="0.000000" />
			<float name="spec_trans" value="0.000000" />
			<float name="metallic" value="0.000000" />
			<float name="anisotropic" value="0.000000" />
			<float name="roughness" value="0.500000" />
			<float name="sheen" value="0.000000" />
			<float name="sheen_tint" value="0.500000" />
			<float name="clearcoat" value="0.000000" />
			<float name="clearcoat_gloss" value="0.173205" />
			<float name="specular" value="0.500000" />
		</bsdf>
	</bsdf>
	<bsdf type="twosided" id="mat-Material.005" name="mat-Material.005">
		<bsdf type="principled" name="bsdf">
			<rgb value="0.433648 0.266232 0.084399" name="base_color" />
			<float name="spec_tint" value="0.000000" />
			<float name="spec_trans" value="0.000000" />
			<float name="metallic" value="0.000000" />
			<float name="anisotropic" value="0.000000" />
			<float name="roughness" value="0.500000" />
			<float name="sheen" value="0.000000" />
			<float name="sheen_tint" value="0.500000" />
			<float name="clearcoat" value="0.000000" />
			<float name="clearcoat_gloss" value="0.173205" />
			<float name="specular" value="0.500000" />
		</bsdf>
	</bsdf>
	<emitter type="point" name="temp45">
		<point name="position" x="-6.815235034541981e-16" y="3.0693089962005615" z="4.109199523925781" />
		<rgb value="7.957747 7.957747 7.957747" name="intensity" />
	</emitter>
	<shape type="ply" name="temp2">
		<string name="filename" value="meshes/Cube.ply" />
		<boolean name="face_normals" value="true" />
		<ref id="mat-Material" name="bsdf" />
		<transform name="to_world">
			<matrix value="0.9999986702764229 0.00021735502885760592 0.0016477250968157076 -0.0026116304594503426 -0.00021741822643242255 1.0 3.835845191317105e-05 -0.017352514701700184 -0.001647718105693522 -3.8716540508069075e-05 0.9999985816280168 0.00386967078030942 0.0 0.0 0.0 1.0" />
		</transform>
	</shape>
	<shape type="ply" name="temp4">
		<string name="filename" value="meshes/Plane.ply" />
		<boolean name="face_normals" value="true" />
		<ref id="mat-Material.001" name="bsdf" />
	</shape>
	<shape type="ply" name="temp5">
		<string name="filename" value="meshes/Cube_001.ply" />
		<boolean name="face_normals" value="true" />
		<ref id="mat-Material" name="bsdf" />
		<transform name="to_world">
			<matrix value="0.9999982270352306 0.00020990023423990924 -0.001962005596895846 0.002555206662146592 -0.00021681852109916723 0.999993742477937 -0.003526781936181771 -0.013620817040127797 0.0019612536279291592 0.0035272066630094925 0.999991962558762 -0.004605975007361818 0.0 0.0 0.0 1.0" />
		</transform>
	</shape>
	<shape type="ply" name="temp6">
		<string name="filename" value="meshes/Cube_002.ply" />
		<boolean name="face_normals" value="true" />
		<ref id="mat-Material" name="bsdf" />
		<transform name="to_world">
			<matrix value="1.0 0.0001336815296721267 0.0002694197582054001 -0.0008379707765895361 -0.00013468770112069103 0.999992908141662 0.0037370792222215393 -0.019732244409179367 -0.00026891797733087245 -0.0037371048114087143 0.9999931445354147 0.0011508626193381666 0.0 0.0 0.0 1.0" />
		</transform>
	</shape>
	<shape type="ply" name="temp7">
		<string name="filename" value="meshes/Cube_003.ply" />
		<boolean name="face_normals" value="true" />
		<ref id="mat-Material" name="bsdf" />
		<transform name="to_world">
			<matrix value="0.9999986702764229 -0.0004301754400602391 0.0016193245618057958 -0.0011420955599437121 0.0004368930919973689 0.9999912394691118 -0.004149943666992735 -0.017369046799811994 -0.001617524515670349 0.004150639414462802 0.9999903077914484 0.004860327964866851 0.0 0.0 0.0 1.0" />
		</transform>
	</shape>
	<shape type="ply" name="temp8">
		<string name="filename" value="meshes/Cube_004.ply" />
		<boolean name="face_normals" value="true" />
		<ref id="mat-Material" name="bsdf" />
		<transform name="to_world">
			<matrix value="0.9999991135176153 0.00036211863010327 0.001316587245715453 -0.0004496827936497638 -0.0003625965600937544 0.9999997914159312 0.000362401133562889 -0.0168994142112201 -0.0013164529357637133 -0.0003628778761135782 0.999999054418678 0.004188373394285388 0.0 0.0 0.0 1.0" />
		</transform>
	</shape>
	<shape type="ply" name="temp9">
		<string name="filename" value="meshes/Cube_005.ply" />
		<boolean name="face_normals" value="true" />
		<ref id="mat-Material" name="bsdf" />
		<transform name="to_world">
			<matrix value="1.0 0.00023302386410330752 0.0008284143404972149 -0.0008528795399551647 -0.0002355831369774851 0.9999952025664184 0.0030903488769567036 -0.015965127959236214 -0.0008276908729546636 -0.003090535915047881 0.9999950356980589 0.002197170875309351 0.0 0.0 0.0 1.0" />
		</transform>
	</shape>
	<shape type="ply" name="temp10">
		<string name="filename" value="meshes/Cube_006.ply" />
		<boolean name="face_normals" value="true" />
		<ref id="mat-Material" name="bsdf" />
		<transform name="to_world">
			<matrix value="0.9994911591111774 0.010264955999190693 0.03020470417251942 0.04104854456883844 -0.005527824909091231 0.9882223005571281 -0.15292480122698632 -0.10305497762589966 -0.03141874413813523 0.15267997154913301 0.9877762338536079 0.10515364180422215 0.0 0.0 0.0 1.0" />
		</transform>
	</shape>
	<shape type="ply" name="temp11">
		<string name="filename" value="meshes/Cube_007.ply" />
		<boolean name="face_normals" value="true" />
		<ref id="mat-Material" name="bsdf" />
		<transform name="to_world">
			<matrix value="0.9973090827212172 0.07321094315458375 0.003919410940659571 0.15996162559233973 -0.07036219010792037 0.9707832123198095 -0.22941062861773504 -0.06721783401169285 -0.020600268249569613 0.2285174052976182 0.9733218413683318 0.1745047973444963 0.0 0.0 0.0 1.0" />
		</transform>
	</shape>
	<shape type="ply" name="temp12">
		<string name="filename" value="meshes/Cube_008.ply" />
		<boolean name="face_normals" value="true" />
		<ref id="mat-Material" name="bsdf" />
		<transform name="to_world">
			<matrix value="0.5546192824102392 0.8312874017308307 -0.036861903994182786 1.2456291222720672 -0.8201677401968346 0.5386500021901327 -0.19282372331155817 1.7945052580268497 -0.14043627344081047 0.13717664776199723 0.9805408819720666 0.4694245330197526 0.0 0.0 0.0 1.0" />
		</transform>
	</shape>
	<shape type="ply" name="temp13">
		<string name="filename" value="meshes/Cube_009.ply" />
		<boolean name="face_normals" value="true" />
		<ref id="mat-Material" name="bsdf" />
		<transform name="to_world">
			<matrix value="-0.015368320133610624 0.9989380985059124 0.043431401148219397 2.3386583280126 -0.9869997358282494 -0.00820587039003135 -0.1605143678717943 1.9306117502158568 -0.15998755378731871 -0.04533359893038089 0.9860774970084171 0.3411072365415968 0.0 0.0 0.0 1.0" />
		</transform>
	</shape>
	<shape type="ply" name="temp14">
		<string name="filename" value="meshes/Cube_010.ply" />
		<boolean name="face_normals" value="true" />
		<ref id="mat-Material" name="bsdf" />
		<transform name="to_world">
			<matrix value="0.20855584041189518 0.9779939635770499 0.005681998164626654 1.4102032215937568 -0.9773525912766589 0.20862495124347394 -0.03546613140459959 1.7237195608236466 -0.035871070888450374 0.001843349192675362 0.9993548771429829 -0.026252791370753092 0.0 0.0 0.0 1.0" />
		</transform>
	</shape>
	<shape type="ply" name="temp15">
		<string name="filename" value="meshes/Cube_011.ply" />
		<boolean name="face_normals" value="true" />
		<ref id="mat-Material" name="bsdf" />
		<transform name="to_world">
			<matrix value="0.21548968400448915 0.9719998831929215 -0.09370365765039117 0.926609483466004 -0.8521675380788508 0.23404092002261054 0.46801263863995146 2.05419211257183 0.47683887473472014 -0.021000682069904863 0.8787398332278222 -0.9511925568487082 0.0 0.0 0.0 1.0" />
		</transform>
	</shape>
	<shape type="ply" name="temp16">
		<string name="filename" value="meshes/Cube_012.ply" />
		<boolean name="face_normals" value="true" />
		<ref id="mat-Material" name="bsdf" />
		<transform name="to_world">
			<matrix value="0.10701030269827508 0.9903596615097732 0.08795669804893477 1.0554162948577475 -0.6348960244810975 -1.486199035090098e-05 0.7725976206337192 1.9000091683369467 0.7651508704370537 -0.1385192408374233 0.6287739923530838 -2.0565203714534666 0.0 0.0 0.0 1.0" />
		</transform>
	</shape>
	<shape type="ply" name="temp17">
		<string name="filename" value="meshes/Cube_013.ply" />
		<boolean name="face_normals" value="true" />
		<ref id="mat-Material" name="bsdf" />
		<transform name="to_world">
			<matrix value="0.823677767199088 0.42553986771598357 0.3747943951612713 0.6111007859479403 -0.4035156118412771 -0.024525919699305208 0.9146440288194276 1.604055692724873 0.39840982789830987 -0.9046072049109034 0.15151054252255566 -1.7069881907665359 0.0 0.0 0.0 1.0" />
		</transform>
	</shape>
	<shape type="ply" name="temp18">
		<string name="filename" value="meshes/Cube_014.ply" />
		<boolean name="face_normals" value="true" />
		<ref id="mat-Material" name="bsdf" />
		<transform name="to_world">
			<matrix value="0.9554170279082385 0.26426057990542795 0.131698273510343 0.06023222568888453 -0.2042321112287178 0.26935900029827525 0.9411349623493157 0.9896530882857157 0.21323088256413258 -0.9260734257638871 0.31132059414656793 -0.7166764638925845 0.0 0.0 0.0 1.0" />
		</transform>
	</shape>
	<shape type="ply" name="temp19">
		<string name="filename" value="meshes/Cube_015.ply" />
		<boolean name="face_normals" value="true" />
		<ref id="mat-Material" name="bsdf" />
		<transform name="to_world">
			<matrix value="0.9860600645004582 0.11312848987220055 0.12201502434162718 0.040493237051721476 -0.14638288592567378 0.24117428659033882 0.9593785355876622 0.6273027483107927 0.0791061420818507 -0.9638655216791853 0.25437248623115394 -0.2952019227887842 0.0 0.0 0.0 1.0" />
		</transform>
	</shape>
	<shape type="ply" name="temp20">
		<string name="filename" value="meshes/Cube_016.ply" />
		<boolean name="face_normals" value="true" />
		<ref id="mat-Material" name="bsdf" />
		<transform name="to_world">
			<matrix value="0.9861190155790415 0.058752625551965594 0.15529721748512246 0.08622553769300834 -0.16495096865930178 0.23972713032124032 0.9567247616071289 0.32034782658135724 0.01898113920078294 -0.9690609336640087 0.24609084861668545 -0.003640066333782721 0.0 0.0 0.0 1.0" />
		</transform>
	</shape>
	<shape type="ply" name="temp21">
		<string name="filename" value="meshes/Cube_017.ply" />
		<boolean name="face_normals" value="true" />
		<ref id="mat-Material" name="bsdf" />
		<transform name="to_world">
			<matrix value="0.9535589608298893 0.07207253302407268 0.2924564831655793 0.1787282712979006 -0.30120619225675366 0.22903344228374525 0.9256449219209864 0.1305778894868045 -0.0002687189620355054 -0.9707467101077754 0.24010555524298838 0.16670366548202725 0.0 0.0 0.0 1.0" />
		</transform>
	</shape>
	<shape type="ply" name="temp22">
		<string name="filename" value="meshes/Cube_018.ply" />
		<boolean name="face_normals" value="true" />
		<ref id="mat-Material" name="bsdf" />
		<transform name="to_world">
			<matrix value="0.20280629296115255 0.976521360051562 0.07263388367742249 0.8670367562617227 -0.32905352935231824 -0.0018993331567321553 0.9443092788476768 -0.15081957179209207 0.9222763271971023 -0.21541227684111944 0.32094259328514335 -0.1840936062439309 0.0 0.0 0.0 1.0" />
		</transform>
	</shape>
	<shape type="ply" name="temp23">
		<string name="filename" value="meshes/Cube_019.ply" />
		<boolean name="face_normals" value="true" />
		<ref id="mat-Material" name="bsdf" />
		<transform name="to_world">
			<matrix value="-0.05521956395704461 0.9876124007400564 -0.1468758702303105 0.4676604806353702 -0.9537446788894859 -0.008636907282295594 0.3004948699849322 0.05408487984844632 0.29550393864123525 0.1566751908022769 0.9424067692275687 -0.04791307143610657 0.0 0.0 0.0 1.0" />
		</transform>
	</shape>
	<shape type="ply" name="temp24">
		<string name="filename" value="meshes/Cube_020.ply" />
		<boolean name="face_normals" value="true" />
		<ref id="mat-Material" name="bsdf" />
		<transform name="to_world">
			<matrix value="0.06742971176792954 0.9878815499002869 -0.1397975320822732 -0.03194406729292376 -0.9193317855399097 0.007077044271681561 -0.39341903841476317 0.2542375052009305 -0.38766204295289086 0.15504847356866353 0.9086684273398097 0.10200674845861424 0.0 0.0 0.0 1.0" />
		</transform>
	</shape>
	<shape type="ply" name="temp25">
		<string name="filename" value="meshes/Cube_021.ply" />
		<boolean name="face_normals" value="true" />
		<ref id="mat-Material" name="bsdf" />
		<transform name="to_world">
			<matrix value="0.2578223205626681 0.9165204839984732 -0.30580690945727884 -0.11206999219783789 -0.7275782010435671 -0.024086808517739033 -0.6856022478359189 0.20077253253096772 -0.6357341935758394 0.39926182098063717 0.6606301543046881 0.21141598312613752 0.0 0.0 0.0 1.0" />
		</transform>
	</shape>
	<shape type="ply" name="temp26">
		<string name="filename" value="meshes/Cube_022.ply" />
		<boolean name="face_normals" value="true" />
		<ref id="mat-Material" name="bsdf" />
		<transform name="to_world">
			<matrix value="0.6793974401934659 0.3937481097068768 -0.6191784694915279 -0.06418546651469803 -0.6675389653332198 -0.01868104158540579 -0.744340577589439 -0.13191824524476642 -0.30464968875603476 0.9190284988413155 0.25015022923255203 0.6629405994321055 0.0 0.0 0.0 1.0" />
		</transform>
	</shape>
	<shape type="ply" name="temp27">
		<string name="filename" value="meshes/Cube_023.ply" />
		<boolean name="face_normals" value="true" />
		<ref id="mat-Material" name="bsdf" />
		<transform name="to_world">
			<matrix value="0.8492554434450833 0.31758009106780444 -0.42179167803334217 -0.08116877282844637 -0.4813984968804685 0.1376564954121934 -0.8656248566853308 -0.2879718328294516 -0.21684289936474674 0.938186319805266 0.2697880621303664 0.14837894544210817 0.0 0.0 0.0 1.0" />
		</transform>
	</shape>
	<shape type="ply" name="temp28">
		<string name="filename" value="meshes/Cube_024.ply" />
		<boolean name="face_normals" value="true" />
		<ref id="mat-Material" name="bsdf" />
		<transform name="to_world">
			<matrix value="0.8640579263049464 0.4110451521933658 -0.2905965247049668 -0.18118370215565882 -0.38840990768172445 0.1771665314346621 -0.9042953504348019 -0.5202744650534272 -0.3202222588634941 0.8942336934189641 0.3127361293857835 -0.3019341026126662 0.0 0.0 0.0 1.0" />
		</transform>
	</shape>
	<shape type="ply" name="temp29">
		<string name="filename" value="meshes/Cube_025.ply" />
		<boolean name="face_normals" value="true" />
		<ref id="mat-Material" name="bsdf" />
		<transform name="to_world">
			<matrix value="0.8934412714284955 0.3799786409913584 -0.23954009761235986 -0.27878009039224283 -0.3275256326381538 0.18615068530295795 -0.9263233765196083 -0.797880684621495 -0.30739255390256137 0.9060706307373655 0.2907674385289402 -0.7178191866080663 0.0 0.0 0.0 1.0" />
		</transform>
	</shape>
	<shape type="ply" name="temp30">
		<string name="filename" value="meshes/Cube_026.ply" />
		<boolean name="face_normals" value="true" />
		<ref id="mat-Material" name="bsdf" />
		<transform name="to_world">
			<matrix value="0.9226473200751028 0.24471228956474764 -0.29805716133650356 -0.3147554061393468 -0.35086893003349134 0.2119308001493462 -0.9121273641306018 -1.144659907700547 -0.16004140759218974 0.946150685302958 0.28139932797535433 -0.8419237206486648 0.0 0.0 0.0 1.0" />
		</transform>
	</shape>
	<shape type="ply" name="temp31">
		<string name="filename" value="meshes/Cube_027.ply" />
		<boolean name="face_normals" value="true" />
		<ref id="mat-Material" name="bsdf" />
		<transform name="to_world">
			<matrix value="0.8717370799624841 0.19405827421713184 -0.4499066474839736 -0.5566822696756681 -0.4848101243380193 0.20866166203957676 -0.8493641674794726 -1.5846511027276273 -0.07094793334361653 0.9585414133239332 0.2759794922322858 -0.9756273930296578 0.0 0.0 0.0 1.0" />
		</transform>
	</shape>
	<shape type="ply" name="temp32">
		<string name="filename" value="meshes/Cube_028.ply" />
		<boolean name="face_normals" value="true" />
		<ref id="mat-Material" name="bsdf" />
		<transform name="to_world">
			<matrix value="-0.11415393234721033 0.9806894954977129 0.1587983505279417 -1.4663141025944293 -0.8148129433520027 -0.0009736954630879203 -0.5797236160353572 -2.1129824002007056 -0.5683743863325692 -0.19556863145906642 0.7991894949697437 -1.2670382812715197 0.0 0.0 0.0 1.0" />
		</transform>
	</shape>
	<shape type="ply" name="temp33">
		<string name="filename" value="meshes/Cube_029.ply" />
		<boolean name="face_normals" value="true" />
		<ref id="mat-Material" name="bsdf" />
		<transform name="to_world">
			<matrix value="0.003894875599926954 0.9807018019577701 0.19547052362984085 -1.5970652841785733 -0.9976277731385199 -0.009624308804542127 0.06816480631421383 -1.7907655144926675 0.06873061927886431 -0.19527227521416368 0.9783379138868545 -0.06816075623423123 0.0 0.0 0.0 1.0" />
		</transform>
	</shape>
	<shape type="ply" name="temp34">
		<string name="filename" value="meshes/Cube_030.ply" />
		<boolean name="face_normals" value="true" />
		<ref id="mat-Material" name="bsdf" />
		<transform name="to_world">
			<matrix value="-0.03672383769709706 0.9815066304934373 -0.18787225195547286 -3.1981265883918537 -0.9776966359113998 0.003613386710672335 0.20999032081875404 -1.9378893255799896 0.20678571360762946 0.19139373915648542 0.9594833237079656 0.24175497414310487 0.0 0.0 0.0 1.0" />
		</transform>
	</shape>
	<shape type="ply" name="temp35">
		<string name="filename" value="meshes/Cube_031.ply" />
		<boolean name="face_normals" value="true" />
		<ref id="mat-Material" name="bsdf" />
		<transform name="to_world">
			<matrix value="0.13513435527022644 0.9808649146995451 0.1401527633904953 -1.9241301952314442 -0.7114898754846842 -0.002383139732553507 0.7026924482566081 -0.8974266355152167 0.6895804633466128 -0.19467511988369354 0.6975534501662095 0.7067191593499569 0.0 0.0 0.0 1.0" />
		</transform>
	</shape>
	<shape type="ply" name="temp36">
		<string name="filename" value="meshes/Cube_032.ply" />
		<boolean name="face_normals" value="true" />
		<ref id="mat-Material" name="bsdf" />
		<transform name="to_world">
			<matrix value="0.7763945697635043 0.5989157800105543 0.19624294537234865 -0.6194035855348345 -0.23984875724034488 -0.007166648241740593 0.9707839010997583 0.41300823048290114 0.5828240492033183 -0.800779895833116 0.13808501343434662 -0.1603571972421749 0.0 0.0 0.0 1.0" />
		</transform>
	</shape>
	<shape type="ply" name="temp37">
		<string name="filename" value="meshes/Cube_033.ply" />
		<boolean name="face_normals" value="true" />
		<ref id="mat-Material" name="bsdf" />
		<transform name="to_world">
			<matrix value="0.9773898235368165 0.16520815647142503 0.13196948987306042 -0.13665606764279747 -0.14997890171924394 0.10170940901875797 0.9834438166309788 0.30061863041788417 0.1490504000695002 -0.9810002857601743 0.12418747378966771 -0.38042879059601653 0.0 0.0 0.0 1.0" />
		</transform>
	</shape>
	<shape type="ply" name="temp38">
		<string name="filename" value="meshes/Cube_034.ply" />
		<boolean name="face_normals" value="true" />
		<ref id="mat-Material" name="bsdf" />
		<transform name="to_world">
			<matrix value="0.9999250922384922 0.0016467107335275948 0.012156653512054506 -0.035972931261487595 -0.012254018867891077 0.1808062608594081 0.9834423982589957 0.36946428649002 -0.0005785538635561773 -0.9835172697179736 0.18081287843937477 -0.35593090676324435 0.0 0.0 0.0 1.0" />
		</transform>
	</shape>
	<shape type="ply" name="temp39">
		<string name="filename" value="meshes/Cube_035.ply" />
		<boolean name="face_normals" value="true" />
		<ref id="mat-Material" name="bsdf" />
		<transform name="to_world">
			<matrix value="0.9989211509378098 -0.04633273747817689 0.003197554159352201 0.009262946920858273 0.006581036900715745 0.20936709336014336 0.9778150074157215 0.09151078472747122 -0.0459743061945616 -0.9767387046512161 0.20944614465219394 -0.14631385749379738 0.0 0.0 0.0 1.0" />
		</transform>
	</shape>
	<shape type="ply" name="temp40">
		<string name="filename" value="meshes/Cube_036.ply" />
		<boolean name="face_normals" value="true" />
		<ref id="mat-Material" name="bsdf" />
		<transform name="to_world">
			<matrix value="0.9995585317724152 -0.02957167261478903 0.0029929540007782134 0.004226501016166395 0.003307346102225603 0.21072893874511653 0.9775391340649926 -0.2481632276058136 -0.029538160407214548 -0.9770970520813561 0.21073362454086117 0.22840291967964202 0.0 0.0 0.0 1.0" />
		</transform>
	</shape>
	<shape type="ply" name="temp41">
		<string name="filename" value="meshes/Cube_037.ply" />
		<boolean name="face_normals" value="true" />
		<ref id="mat-Material" name="bsdf" />
		<transform name="to_world">
			<matrix value="0.998870178200689 -0.04741303608712973 0.003222848459718945 -0.005010276593725216 0.006855771088972691 0.21087724201800917 0.9774885454642592 -0.5693013428489605 -0.047025319709872046 -0.9763620018230248 0.21096399179046296 0.5100405154993325 0.0 0.0 0.0 1.0" />
		</transform>
	</shape>
	<shape type="ply" name="temp42">
		<string name="filename" value="meshes/Cube_038.ply" />
		<boolean name="face_normals" value="true" />
		<ref id="mat-Material" name="bsdf" />
		<transform name="to_world">
			<matrix value="0.999221668466226 -0.039316157130550686 0.0032298930405687478 0.006855758971606729 0.0051374623909848285 0.21087202741629002 0.9775003652307858 -0.904800615833155 -0.03911264443014253 -0.9767226436779212 0.21090985725977152 0.8612049744081118 0.0 0.0 0.0 1.0" />
		</transform>
	</shape>
	<shape type="ply" name="temp43">
		<string name="filename" value="meshes/Cube_039.ply" />
		<boolean name="face_normals" value="true" />
		<ref id="mat-Material" name="bsdf" />
		<transform name="to_world">
			<matrix value="0.9999637832326629 -0.005404735851613402 -0.006589274676211143 0.021249848332608234 0.008279856246629236 0.4330082239755865 0.9013519252015839 -1.3192714615693215 -0.00201836910157467 -0.9013737464227362 0.4330371914621958 1.4738546119651403 0.0 0.0 0.0 1.0" />
		</transform>
	</shape>
	<shape type="ply" name="temp47">
		<string name="filename" value="meshes/Plane_001.ply" />
		<boolean name="face_normals" value="true" />
		<ref id="mat-Material.002" name="bsdf" />
	</shape>
	<shape type="ply" name="temp49">
		<string name="filename" value="meshes/Plane_002.ply" />
		<boolean name="face_normals" value="true" />
		<ref id="mat-Material.003" name="bsdf" />
	</shape>
	<shape type="ply" name="temp51">
		<string name="filename" value="meshes/Plane_003.ply" />
		<boolean name="face_normals" value="true" />
		<ref id="mat-Material.004" name="bsdf" />
	</shape>
	<shape type="ply" name="temp53">
		<string name="filename" value="meshes/Plane_004.ply" />
		<boolean name="face_normals" value="true" />
		<ref id="mat-Material.005" name="bsdf" />
	</shape>
	<emitter type="point">
		<transform name="to_world">
			<rotate x="1" angle="-142.5518126578256" />
			<rotate y="1" angle="3.976628485794621e-06" />
			<rotate z="1" angle="-179.999991348578" />
			<translate value="-0.000000 3.030926 4.073377" />
		</transform>
		<rgb name="intensity" value="100" />
	</emitter>
</scene>