<scene version="2.1.0">
	<default name="spp" value="1024" />
	<default name="resx" value="640" />
	<default name="resy" value="360" />
	<integrator type="path" name="temp0">
		<integer name="max_depth" value="12" />
	</integrator>
	<sensor type="perspective" name="temp44">
		<string name="fov_axis" value="x" />
		<float name="fov" value="83.974423" />
		<float name="principal_point_offset_x" value="0.000000" />
		<float name="principal_point_offset_y" value="-0.000000" />
		<float name="near_clip" value="0.100000" />
		<float name="far_clip" value="1000.000000" />
		<transform name="to_world">
			<rotate x="1" angle="-142.5518126578256" />
			<rotate y="1" angle="3.976628485794621e-06" />
			<rotate z="1" angle="-179.999991348578" />
			<translate value="-0.000000 3.030926 4.073377" />
		</transform>
		<sampler type="independent" name="sampler">
			<integer name="sample_count" value="$spp" />
		</sampler>
		<film type="hdrfilm" name="film">
			<integer name="width" value="$resx" />
			<integer name="height" value="$resy" />
		</film>
		<float name="shutter_open" value="0.0" />
		<float name="shutter_close" value="0.0015" />
	</sensor>
	<bsdf type="twosided" id="mat-Material" name="mat-Material">
		<bsdf type="diffuse" name="bsdf">
			<texture type="bitmap" name="reflectance">
				<string name="filename" value="textures/siggraph_2023_logo.jpg" />
			</texture>
		</bsdf>
	</bsdf>
	<bsdf type="twosided" id="mat-Material.001" name="mat-Material.001">
		<bsdf type="principled" name="bsdf">
			<rgb value="0.433648 0.266232 0.084399" name="base_color" />
			<float name="spec_tint" value="0.000000" />
			<float name="spec_trans" value="0.000000" />
			<float name="metallic" value="0.000000" />
			<float name="anisotropic" value="0.000000" />
			<float name="roughness" value="0.500000" />
			<float name="sheen" value="0.000000" />
			<float name="sheen_tint" value="0.500000" />
			<float name="clearcoat" value="0.000000" />
			<float name="clearcoat_gloss" value="0.173205" />
			<float name="specular" value="0.500000" />
		</bsdf>
	</bsdf>
	<bsdf type="twosided" id="mat-Material.002" name="mat-Material.002">
		<bsdf type="principled" name="bsdf">
			<rgb value="0.433648 0.266232 0.084399" name="base_color" />
			<float name="spec_tint" value="0.000000" />
			<float name="spec_trans" value="0.000000" />
			<float name="metallic" value="0.000000" />
			<float name="anisotropic" value="0.000000" />
			<float name="roughness" value="0.500000" />
			<float name="sheen" value="0.000000" />
			<float name="sheen_tint" value="0.500000" />
			<float name="clearcoat" value="0.000000" />
			<float name="clearcoat_gloss" value="0.173205" />
			<float name="specular" value="0.500000" />
		</bsdf>
	</bsdf>
	<bsdf type="twosided" id="mat-Material.003" name="mat-Material.003">
		<bsdf type="principled" name="bsdf">
			<rgb value="0.433648 0.266232 0.084399" name="base_color" />
			<float name="spec_tint" value="0.000000" />
			<float name="spec_trans" value="0.000000" />
			<float name="metallic" value="0.000000" />
			<float name="anisotropic" value="0.000000" />
			<float name="roughness" value="0.500000" />
			<float name="sheen" value="0.000000" />
			<float name="sheen_tint" value="0.500000" />
			<float name="clearcoat" value="0.000000" />
			<float name="clearcoat_gloss" value="0.173205" />
			<float name="specular" value="0.500000" />
		</bsdf>
	</bsdf>
	<bsdf type="twosided" id="mat-Material.004" name="mat-Material.004">
		<bsdf type="principled" name="bsdf">
			<rgb value="0.433648 0.266232 0.084399" name="base_color" />
			<float name="spec_tint" value="0.000000" />
			<float name="spec_trans" value="0.000000" />
			<float name="metallic" value="0.000000" />
			<float name="anisotropic" value="0.000000" />
			<float name="roughness" value="0.500000" />
			<float name="sheen" value="0.000000" />
			<float name="sheen_tint" value="0.500000" />
			<float name="clearcoat" value="0.000000" />
			<float name="clearcoat_gloss" value="0.173205" />
			<float name="specular" value="0.500000" />
		</bsdf>
	</bsdf>
	<bsdf type="twosided" id="mat-Material.005" name="mat-Material.005">
		<bsdf type="principled" name="bsdf">
			<rgb value="0.433648 0.266232 0.084399" name="base_color" />
			<float name="spec_tint" value="0.000000" />
			<float name="spec_trans" value="0.000000" />
			<float name="metallic" value="0.000000" />
			<float name="anisotropic" value="0.000000" />
			<float name="roughness" value="0.500000" />
			<float name="sheen" value="0.000000" />
			<float name="sheen_tint" value="0.500000" />
			<float name="clearcoat" value="0.000000" />
			<float name="clearcoat_gloss" value="0.173205" />
			<float name="specular" value="0.500000" />
		</bsdf>
	</bsdf>
	<emitter type="point" name="temp45">
		<point name="position" x="-6.815235034541981e-16" y="3.0693089962005615" z="4.109199523925781" />
		<rgb value="7.957747 7.957747 7.957747" name="intensity" />
	</emitter>
	<shape type="ply" name="temp2">
		<string name="filename" value="meshes/Cube.ply" />
		<boolean name="face_normals" value="true" />
		<ref id="mat-Material" name="bsdf" />
		<transform name="to_world">
			<matrix value="0.9550136784231961 -0.2857866643861475 -0.07921420773759741 0.36621807297548914 -0.020590038242850075 0.20256729443518562 -0.9790520641803867 1.4137775126546168 0.29584625381409047 0.936638834599091 0.18757016804398466 1.523637498764926 0.0 0.0 0.0 1.0" />
			<scale value="1" />
		</transform>
	</shape>
	<shape type="ply" name="temp4">
		<string name="filename" value="meshes/Plane.ply" />
		<boolean name="face_normals" value="true" />
		<ref id="mat-Material.001" name="bsdf" />
		<transform name="to_world">
			<scale value="1" />
		</transform>
	</shape>
	<shape type="ply" name="temp5">
		<string name="filename" value="meshes/Cube_001.ply" />
		<boolean name="face_normals" value="true" />
		<ref id="mat-Material" name="bsdf" />
		<transform name="to_world">
			<matrix value="0.9982053164121575 -0.02491436581056812 -0.054460543491776515 0.042336882413233745 -0.0544762484774665 4.947384668653778e-05 -0.9985152009289391 1.1727407862201404 0.02488006336576086 0.9996896269056762 -0.001307854802205663 1.072906629935395 0.0 0.0 0.0 1.0" />
			<scale value="1" />
		</transform>
	</shape>
	<shape type="ply" name="temp6">
		<string name="filename" value="meshes/Cube_002.ply" />
		<boolean name="face_normals" value="true" />
		<ref id="mat-Material" name="bsdf" />
		<transform name="to_world">
			<matrix value="0.9997398174200881 -0.021907042423913746 0.0064160765845224415 -0.039739041908338546 0.011068317651459948 0.21938434326263032 -0.9755758708449384 0.6540839162027503 0.019964385570194337 0.9753925030714004 0.21956956192635718 0.5415985395226436 0.0 0.0 0.0 1.0" />
			<scale value="1" />
		</transform>
	</shape>
	<shape type="ply" name="temp7">
		<string name="filename" value="meshes/Cube_003.ply" />
		<boolean name="face_normals" value="true" />
		<ref id="mat-Material" name="bsdf" />
		<transform name="to_world">
			<matrix value="0.9956393931496187 -0.05173952855828778 0.07762619846522695 -0.07327268499486816 0.0871912160233464 0.22020533015729327 -0.971549112784685 0.14154409482044397 0.033173784233733496 0.9740803006947936 0.2237562887067804 0.21347847637692707 0.0 0.0 0.0 1.0" />
			<scale value="1" />
		</transform>
	</shape>
	<shape type="ply" name="temp8">
		<string name="filename" value="meshes/Cube_004.ply" />
		<boolean name="face_normals" value="true" />
		<ref id="mat-Material" name="bsdf" />
		<transform name="to_world">
			<matrix value="0.9785874612385578 -0.16315210158878485 0.1254935107117816 0.04601292688597303 0.16028137837373033 0.2214933367819233 -0.961899691787768 -0.37186478788611677 0.12913996138482733 0.9614167447118724 0.24290093002650937 -0.3333158189885715 0.0 0.0 0.0 1.0" />
			<scale value="1" />
		</transform>
	</shape>
	<shape type="ply" name="temp9">
		<string name="filename" value="meshes/Cube_005.ply" />
		<boolean name="face_normals" value="true" />
		<ref id="mat-Material" name="bsdf" />
		<transform name="to_world">
			<matrix value="0.9736484246321541 -0.2118688506809227 0.08438488280228698 0.12179174380573343 0.13160340728369385 0.2197892049401051 -0.9666299623516796 -0.6318850765588382 0.18625189928850924 0.952262824270008 0.24187993859394893 -0.785119155265726 0.0 0.0 0.0 1.0" />
			<scale value="1" />
		</transform>
	</shape>
	<shape type="ply" name="temp10">
		<string name="filename" value="meshes/Cube_006.ply" />
		<boolean name="face_normals" value="true" />
		<ref id="mat-Material" name="bsdf" />
		<transform name="to_world">
			<matrix value="0.9874119501371388 -0.14407913262400843 -0.06526584309685447 0.034381597069753855 -0.03234944426419303 0.21995064900932998 -0.9749744811240691 -0.5466303127174493 0.15482875819774583 0.9648122847673141 0.21252105691406697 -1.040086194380733 0.0 0.0 0.0 1.0" />
			<scale value="1" />
		</transform>
	</shape>
	<shape type="ply" name="temp11">
		<string name="filename" value="meshes/Cube_007.ply" />
		<boolean name="face_normals" value="true" />
		<ref id="mat-Material" name="bsdf" />
		<transform name="to_world">
			<matrix value="0.9140612949380083 -0.2535645974431765 -0.3165394938586857 0.18003723160811536 -0.2648905992089031 0.21777470000396312 -0.9393653069049658 -0.25312666733517686 0.3071240383882332 0.9424856546306707 0.13189261411157197 -1.8273963816899932 0.0 0.0 0.0 1.0" />
			<scale value="1" />
		</transform>
	</shape>
	<shape type="ply" name="temp12">
		<string name="filename" value="meshes/Cube_008.ply" />
		<boolean name="face_normals" value="true" />
		<ref id="mat-Material" name="bsdf" />
		<transform name="to_world">
			<matrix value="0.3111112588581752 0.8937055585568485 -0.32326494101227315 1.7796294838014153 -0.5629056765013022 -0.10077751797473213 -0.8203542053074534 0.3795629682284024 -0.765733289363807 0.4371890793724957 0.4717190810273363 1.0052341582744138 0.0 0.0 0.0 1.0" />
			<scale value="1" />
		</transform>
	</shape>
	<shape type="ply" name="temp13">
		<string name="filename" value="meshes/Cube_009.ply" />
		<boolean name="face_normals" value="true" />
		<ref id="mat-Material" name="bsdf" />
		<transform name="to_world">
			<matrix value="-0.06490199050754662 0.9907891361073625 0.11884770514504982 2.603668825244242 -0.8776765119400313 -4.820002377858384e-06 -0.47925370939732903 1.1403397905356516 -0.4748385272336253 -0.13541434182340023 0.8695925159129517 0.8482638802113824 0.0 0.0 0.0 1.0" />
			<scale value="1" />
		</transform>
	</shape>
	<shape type="ply" name="temp14">
		<string name="filename" value="meshes/Cube_010.ply" />
		<boolean name="face_normals" value="true" />
		<ref id="mat-Material" name="bsdf" />
		<transform name="to_world">
			<matrix value="0.02421351282828659 0.9947879012896754 0.09905013992239615 1.9080405752597538 -0.9962825361197248 0.01581786856283491 0.08468505759299437 1.9821209949609826 0.08267689312745667 -0.10073240124065805 0.9914725112417799 -0.29429897659177895 0.0 0.0 0.0 1.0" />
			<scale value="1" />
		</transform>
	</shape>
	<shape type="ply" name="temp15">
		<string name="filename" value="meshes/Cube_011.ply" />
		<boolean name="face_normals" value="true" />
		<ref id="mat-Material" name="bsdf" />
		<transform name="to_world">
			<matrix value="0.07367231533242204 0.9854662792565231 0.15306380168133815 1.5705278517866215 -0.9174582954362114 0.006805372291275137 0.39777414884679263 2.0839583801058823 0.39095140835456454 -0.16973455591408843 0.9046255947115528 -0.9724221078630764 0.0 0.0 0.0 1.0" />
			<scale value="1" />
		</transform>
	</shape>
	<shape type="ply" name="temp16">
		<string name="filename" value="meshes/Cube_012.ply" />
		<boolean name="face_normals" value="true" />
		<ref id="mat-Material" name="bsdf" />
		<transform name="to_world">
			<matrix value="0.09299049513587115 0.9904583217742996 0.10171022565825462 1.0963605929511464 -0.7383915131722417 7.344829096643258e-05 0.6743727604497374 1.8462837611961984 0.667930790547261 -0.13781211998589973 0.7313525453394424 -1.832948709115397 0.0 0.0 0.0 1.0" />
			<scale value="1" />
		</transform>
	</shape>
	<shape type="ply" name="temp17">
		<string name="filename" value="meshes/Cube_013.ply" />
		<boolean name="face_normals" value="true" />
		<ref id="mat-Material" name="bsdf" />
		<transform name="to_world">
			<matrix value="0.903537419307941 0.17029654397056462 0.3932166832694987 0.6825987599214107 -0.41635435892253386 0.131882325211765 0.8995868282412991 1.47424644457061 0.10133818948383677 -0.976527617573625 0.19006432789734393 -1.390766888626044 0.0 0.0 0.0 1.0" />
			<scale value="1" />
		</transform>
	</shape>
	<shape type="ply" name="temp18">
		<string name="filename" value="meshes/Cube_014.ply" />
		<boolean name="face_normals" value="true" />
		<ref id="mat-Material" name="bsdf" />
		<transform name="to_world">
			<matrix value="0.939491815108142 0.29766510993423345 0.1695615481246522 0.11191105648808186 -0.21619904720873293 0.13124989831526648 0.9674873682155131 1.0255528810485879 0.2657323585573031 -0.9456050293790661 0.18766309504841613 -0.8672617050259523 0.0 0.0 0.0 1.0" />
			<scale value="1" />
		</transform>
	</shape>
	<shape type="ply" name="temp19">
		<string name="filename" value="meshes/Cube_015.ply" />
		<boolean name="face_normals" value="true" />
		<ref id="mat-Material" name="bsdf" />
		<transform name="to_world">
			<matrix value="0.9829595923599402 0.1316902401428384 0.12825276428879756 0.020659478822865007 -0.14978272316750793 0.16931853498893462 0.9741132929349473 0.6398497862137208 0.10656564313410528 -0.9767234780141962 0.186158155095194 -0.29724136491734227 0.0 0.0 0.0 1.0" />
			<scale value="1" />
		</transform>
	</shape>
	<shape type="ply" name="temp20">
		<string name="filename" value="meshes/Cube_016.ply" />
		<boolean name="face_normals" value="true" />
		<ref id="mat-Material" name="bsdf" />
		<transform name="to_world">
			<matrix value="0.9849865343325762 0.027211481301481155 0.17047365586797036 0.040654211683714414 -0.17261620454339952 0.1685228284834061 0.970465949380195 0.3285474419907286 -0.002320881801757717 -0.9853219390809369 0.17068986303727338 0.18676100217420288 0.0 0.0 0.0 1.0" />
			<scale value="1" />
		</transform>
	</shape>
	<shape type="ply" name="temp21">
		<string name="filename" value="meshes/Cube_017.ply" />
		<boolean name="face_normals" value="true" />
		<ref id="mat-Material" name="bsdf" />
		<transform name="to_world">
			<matrix value="0.9435102397580258 -0.13284210394578486 0.3035479156787312 0.2170367286585747 -0.2866996172169063 0.13195656028183878 0.9488894383767016 0.15800393334328827 -0.16610765087486945 -0.9823137396411937 0.08641662974959588 0.4464086878932443 0.0 0.0 0.0 1.0" />
			<scale value="1" />
		</transform>
	</shape>
	<shape type="ply" name="temp22">
		<string name="filename" value="meshes/Cube_018.ply" />
		<boolean name="face_normals" value="true" />
		<ref id="mat-Material" name="bsdf" />
		<transform name="to_world">
			<matrix value="0.20208110604634177 0.9579262989051422 0.20381421501857355 0.8532265611413359 -0.6012655422524099 -0.04292401490958924 0.7978957033257513 0.01734446025911167 0.7730738067503861 -0.2837859259985441 0.5672939495560733 -0.1554302317786937 0.0 0.0 0.0 1.0" />
			<scale value="1" />
		</transform>
	</shape>
	<shape type="ply" name="temp23">
		<string name="filename" value="meshes/Cube_019.ply" />
		<boolean name="face_normals" value="true" />
		<ref id="mat-Material" name="bsdf" />
		<transform name="to_world">
			<matrix value="-0.08086275125126989 0.9838088702461083 -0.15994127467198965 0.5070698638636211 -0.913446519404213 -0.008934577606831546 0.40686094895704744 -0.04651789308587327 0.3988445145356516 0.17899764925754502 0.8993792731410934 -0.05553414579838001 0.0 0.0 0.0 1.0" />
			<scale value="1" />
		</transform>
	</shape>
	<shape type="ply" name="temp24">
		<string name="filename" value="meshes/Cube_020.ply" />
		<boolean name="face_normals" value="true" />
		<ref id="mat-Material" name="bsdf" />
		<transform name="to_world">
			<matrix value="0.09814535116984638 0.9417738185817499 -0.32160473653568583 0.1384777025728018 -0.9613521688051254 0.00619057573390943 -0.2752513953905015 0.14067759993119014 -0.25723356876166276 0.3361900514037192 0.9059841584652198 0.11793106427613054 0.0 0.0 0.0 1.0" />
			<scale value="1" />
		</transform>
	</shape>
	<shape type="ply" name="temp25">
		<string name="filename" value="meshes/Cube_021.ply" />
		<boolean name="face_normals" value="true" />
		<ref id="mat-Material" name="bsdf" />
		<transform name="to_world">
			<matrix value="0.18891701992989698 0.940694543232177 -0.28178748910808515 -0.1735239210972862 -0.7957207722325349 -0.021511316728650903 -0.6052814971956422 0.09361510243994532 -0.5754467427977739 0.33857220033248303 0.7444663399052811 0.3099849491612193 0.0 0.0 0.0 1.0" />
			<scale value="1" />
		</transform>
	</shape>
	<shape type="ply" name="temp26">
		<string name="filename" value="meshes/Cube_022.ply" />
		<boolean name="face_normals" value="true" />
		<ref id="mat-Material" name="bsdf" />
		<transform name="to_world">
			<matrix value="0.637587828242265 0.4007655035323712 -0.657927919281396 -0.08585693280084161 -0.7117332148992866 -0.02039629304392989 -0.7021537032983295 -0.19546308482116614 -0.2948182888407824 0.9159535524995672 0.2722335718247025 0.6900379151623243 0.0 0.0 0.0 1.0" />
			<scale value="1" />
		</transform>
	</shape>
	<shape type="ply" name="temp27">
		<string name="filename" value="meshes/Cube_023.ply" />
		<boolean name="face_normals" value="true" />
		<ref id="mat-Material" name="bsdf" />
		<transform name="to_world">
			<matrix value="0.8560317147937954 0.28555471890167977 -0.4308926618634288 -0.06646566456869807 -0.4804761119591793 0.13208127269655398 -0.8670049326249669 -0.28717995447823697 -0.19066445400663443 0.9492170796978868 0.25026795410715613 0.20487582016278638 0.0 0.0 0.0 1.0" />
			<scale value="1" />
		</transform>
	</shape>
	<shape type="ply" name="temp28">
		<string name="filename" value="meshes/Cube_024.ply" />
		<boolean name="face_normals" value="true" />
		<ref id="mat-Material" name="bsdf" />
		<transform name="to_world">
			<matrix value="0.8542450095474153 0.44671511379303874 -0.2659166158022714 -0.19411445361649005 -0.37566938284869344 0.1768532798801893 -0.9097227508284474 -0.5105873545085858 -0.3593587275077257 0.8770225875688068 0.318893282164776 -0.3486569422232974 0.0 0.0 0.0 1.0" />
			<scale value="1" />
		</transform>
	</shape>
	<shape type="ply" name="temp29">
		<string name="filename" value="meshes/Cube_025.ply" />
		<boolean name="face_normals" value="true" />
		<ref id="mat-Material" name="bsdf" />
		<transform name="to_world">
			<matrix value="0.9017932652160269 0.3581999612033632 -0.24178987197301688 -0.261733736234001 -0.32145774936306243 0.18202612306877228 -0.9292638980360749 -0.7934784697808042 -0.2888502234822092 0.9157289074575062 0.2792961187196262 -0.6964464678433697 0.0 0.0 0.0 1.0" />
			<scale value="1" />
		</transform>
	</shape>
	<shape type="ply" name="temp30">
		<string name="filename" value="meshes/Cube_026.ply" />
		<boolean name="face_normals" value="true" />
		<ref id="mat-Material" name="bsdf" />
		<transform name="to_world">
			<matrix value="0.9232315119666258 0.23286867755614563 -0.3056404871445855 -0.33392899262975984 -0.3507949974026066 0.18621119554130697 -0.9177519182299095 -1.1487092893425055 -0.1568018906896301 0.9545142807082682 0.25360514698825254 -0.8893345401302463 0.0 0.0 0.0 1.0" />
			<scale value="1" />
		</transform>
	</shape>
	<shape type="ply" name="temp31">
		<string name="filename" value="meshes/Cube_027.ply" />
		<boolean name="face_normals" value="true" />
		<ref id="mat-Material" name="bsdf" />
		<transform name="to_world">
			<matrix value="0.8722060291439949 0.17289201811344054 -0.4575642014258421 -0.6018043508972963 -0.48486597272825593 0.1822247576774581 -0.8553941395706398 -1.5850334587140282 -0.06451131772060557 0.9679372912855663 0.2427668938740987 -1.0293462083137053 0.0 0.0 0.0 1.0" />
			<scale value="1" />
		</transform>
	</shape>
	<shape type="ply" name="temp32">
		<string name="filename" value="meshes/Cube_028.ply" />
		<boolean name="face_normals" value="true" />
		<ref id="mat-Material" name="bsdf" />
		<transform name="to_world">
			<matrix value="-0.10554175597976692 0.9846215137780207 0.13921755982338432 -1.4864099915560627 -0.7971440197011845 -7.502664661478486e-05 -0.6037893698693348 -2.1221047706475153 -0.5944937033156215 -0.17470140147635804 0.7848930145652618 -1.3602128202538089 0.0 0.0 0.0 1.0" />
			<scale value="1" />
		</transform>
	</shape>
	<shape type="ply" name="temp33">
		<string name="filename" value="meshes/Cube_029.ply" />
		<boolean name="face_normals" value="true" />
		<ref id="mat-Material" name="bsdf" />
		<transform name="to_world">
			<matrix value="0.0023908562887946854 0.9762773166911058 0.21651022811676604 -1.568726015210307 -0.9985922659730828 -0.009142767451707574 0.05225329665108191 -1.8194888403903424 0.052993207771968365 -0.2163302553277586 0.9748811049685098 -0.11918303030095578 0.0 0.0 0.0 1.0" />
			<scale value="1" />
		</transform>
	</shape>
	<shape type="ply" name="temp34">
		<string name="filename" value="meshes/Cube_030.ply" />
		<boolean name="face_normals" value="true" />
		<ref id="mat-Material" name="bsdf" />
		<transform name="to_world">
			<matrix value="-0.042227216070755594 0.978546245449181 -0.20165298644506327 -3.226677392424122 -0.9751381039294568 0.0035793725321113315 0.2215686052802783 -1.9166047489305384 0.2175368728152973 0.20599570575049925 0.9540667863574451 0.24699054442792234 0.0 0.0 0.0 1.0" />
			<scale value="1" />
		</transform>
	</shape>
	<shape type="ply" name="temp35">
		<string name="filename" value="meshes/Cube_031.ply" />
		<boolean name="face_normals" value="true" />
		<ref id="mat-Material" name="bsdf" />
		<transform name="to_world">
			<matrix value="0.14576638175122822 0.9761932573113932 0.16061998930547525 -1.8684488051803292 -0.7367843206087652 -0.0012304791384643624 0.6761270501976029 -1.0064674575594386 0.6602285883477209 -0.2168988554992147 0.7190642432678156 0.6576086881230396 0.0 0.0 0.0 1.0" />
			<scale value="1" />
		</transform>
	</shape>
	<shape type="ply" name="temp36">
		<string name="filename" value="meshes/Cube_032.ply" />
		<boolean name="face_normals" value="true" />
		<ref id="mat-Material" name="bsdf" />
		<transform name="to_world">
			<matrix value="0.6859680476289256 0.6130965765096793 0.3918680479088233 -0.6824746123609597 -0.4971419807916997 0.0016507718653464686 0.8676677851317739 -0.45611435028861447 0.5313172064457907 -0.7900061115132149 0.30592841665717146 -0.13887912648683987 0.0 0.0 0.0 1.0" />
			<scale value="1" />
		</transform>
	</shape>
	<shape type="ply" name="temp37">
		<string name="filename" value="meshes/Cube_033.ply" />
		<boolean name="face_normals" value="true" />
		<ref id="mat-Material" name="bsdf" />
		<transform name="to_world">
			<matrix value="0.9766057298675418 0.16979452383385862 0.13195161838607236 -0.14552067421457604 -0.15009436604985224 0.0988224177813747 0.9837203991676994 0.30048501686764534 0.15399063342712319 -0.9805119904551931 0.12199575812218896 -0.38904433285952866 0.0 0.0 0.0 1.0" />
			<scale value="1" />
		</transform>
	</shape>
	<shape type="ply" name="temp38">
		<string name="filename" value="meshes/Cube_034.ply" />
		<boolean name="face_normals" value="true" />
		<ref id="mat-Material" name="bsdf" />
		<transform name="to_world">
			<matrix value="0.9999153409322604 -0.0016843267844888544 0.01290021138470456 -0.033741510281827924 -0.012397863932045807 0.17714510985079984 0.9841066691377858 0.36933566210017016 -0.003942767810760832 -0.9841832786495434 0.1771092255168902 -0.38061929851856546 0.0 0.0 0.0 1.0" />
			<scale value="1" />
		</transform>
	</shape>
	<shape type="ply" name="temp39">
		<string name="filename" value="meshes/Cube_035.ply" />
		<boolean name="face_normals" value="true" />
		<ref id="mat-Material" name="bsdf" />
		<transform name="to_world">
			<matrix value="0.9986747088348608 -0.05130896932354101 0.004065810568856995 0.008337204936440745 0.006453746895095448 0.20320203661484743 0.9791156545242994 0.09117857424358185 -0.0510636015651733 -0.9777914284462782 0.2032638394100329 -0.161922475466573 0.0 0.0 0.0 1.0" />
			<scale value="1" />
		</transform>
	</shape>
	<shape type="ply" name="temp40">
		<string name="filename" value="meshes/Cube_036.ply" />
		<boolean name="face_normals" value="true" />
		<ref id="mat-Material" name="bsdf" />
		<transform name="to_world">
			<matrix value="0.9986401360218572 -0.051964382184417526 0.004206371232390321 0.0028690850117314426 0.006617214246835702 0.20637084578754045 0.9784516200408396 -0.2394645250015481 -0.051712728291376124 -0.9770930889840496 0.20643408990870887 0.1761597655773448 0.0 0.0 0.0 1.0" />
			<scale value="1" />
		</transform>
	</shape>
	<shape type="ply" name="temp41">
		<string name="filename" value="meshes/Cube_037.ply" />
		<boolean name="face_normals" value="true" />
		<ref id="mat-Material" name="bsdf" />
		<transform name="to_world">
			<matrix value="0.9986707196641296 -0.0513910680130073 0.00405087038396748 -0.006925476389687102 0.0066604657223856304 0.20655425375920639 0.9784126148113022 -0.5704476137455017 -0.05111838617654829 -0.9770845370372302 0.20662192963834825 0.5174476035674758 0.0 0.0 0.0 1.0" />
			<scale value="1" />
		</transform>
	</shape>
	<shape type="ply" name="temp42">
		<string name="filename" value="meshes/Cube_038.ply" />
		<boolean name="face_normals" value="true" />
		<ref id="mat-Material" name="bsdf" />
		<transform name="to_world">
			<matrix value="0.9988870213659984 -0.046974383790514856 0.00429128443511681 0.010016798737588761 0.005513698812290901 0.20662684101513695 0.9784043409747335 -0.9046890493003912 -0.04684664918523404 -0.9772914524334461 0.20665587600781238 0.8676982373582052 0.0 0.0 0.0 1.0" />
			<scale value="1" />
		</transform>
	</shape>
	<shape type="ply" name="temp43">
		<string name="filename" value="meshes/Cube_039.ply" />
		<boolean name="face_normals" value="true" />
		<ref id="mat-Material" name="bsdf" />
		<transform name="to_world">
			<matrix value="0.9999178674993294 -0.012412250809175901 -0.0032333194594272655 0.022715258830195317 0.008289779701579379 0.4330200324021081 0.9013461610562649 -1.3192422684471878 -0.009787623020047622 -0.9012989820651872 0.43308732850478265 1.4758281122950703 0.0 0.0 0.0 1.0" />
			<scale value="1" />
		</transform>
	</shape>
	<shape type="ply" name="temp47">
		<string name="filename" value="meshes/Plane_001.ply" />
		<boolean name="face_normals" value="true" />
		<ref id="mat-Material.002" name="bsdf" />
		<transform name="to_world">
			<scale value="1" />
		</transform>
	</shape>
	<shape type="ply" name="temp49">
		<string name="filename" value="meshes/Plane_002.ply" />
		<boolean name="face_normals" value="true" />
		<ref id="mat-Material.003" name="bsdf" />
		<transform name="to_world">
			<scale value="1" />
		</transform>
	</shape>
	<shape type="ply" name="temp51">
		<string name="filename" value="meshes/Plane_003.ply" />
		<boolean name="face_normals" value="true" />
		<ref id="mat-Material.004" name="bsdf" />
		<transform name="to_world">
			<scale value="1" />
		</transform>
	</shape>
	<shape type="ply" name="temp53">
		<string name="filename" value="meshes/Plane_004.ply" />
		<boolean name="face_normals" value="true" />
		<ref id="mat-Material.005" name="bsdf" />
		<transform name="to_world">
			<scale value="1" />
		</transform>
	</shape>
	<emitter type="point">
		<transform name="to_world">
			<rotate x="1" angle="-142.5518126578256" />
			<rotate y="1" angle="3.976628485794621e-06" />
			<rotate z="1" angle="-179.999991348578" />
			<translate value="-0.000000 3.030926 4.073377" />
		</transform>
		<rgb name="intensity" value="100" />
	</emitter>
</scene>