<scene version="2.1.0">
	<default name="spp" value="1024" />
	<default name="resx" value="1280" />
	<default name="resy" value="720" />
	<integrator type="path" name="temp0">
		<integer name="max_depth" value="12" />
	</integrator>
	<sensor type="perspective" name="temp44">
		<string name="fov_axis" value="x" />
		<float name="fov" value="83.974423" />
		<float name="principal_point_offset_x" value="0.000000" />
		<float name="principal_point_offset_y" value="-0.000000" />
		<float name="near_clip" value="0.100000" />
		<float name="far_clip" value="1000.000000" />
		<transform name="to_world">
			<rotate x="1" angle="-142.5518126578256" />
			<rotate y="1" angle="3.976628485794621e-06" />
			<rotate z="1" angle="-179.999991348578" />
			<translate value="-0.000000 3.030926 4.073377" />
		</transform>
		<sampler type="independent" name="sampler">
			<integer name="sample_count" value="$spp" />
		</sampler>
		<film type="hdrfilm" name="film">
			<integer name="width" value="$resx" />
			<integer name="height" value="$resy" />
		</film>
		<float name="shutter_open" value="0.0" />
		<float name="shutter_close" value="0.0015" />
	</sensor>
	<bsdf type="twosided" id="mat-Material" name="mat-Material">
		<bsdf type="diffuse" name="bsdf">
			<texture type="bitmap" name="reflectance">
				<string name="filename" value="textures/siggraph_2023_logo.jpg" />
			</texture>
		</bsdf>
	</bsdf>
	<bsdf type="twosided" id="mat-Material.001" name="mat-Material.001">
		<bsdf type="principled" name="bsdf">
			<rgb value="0.433648 0.266232 0.084399" name="base_color" />
			<float name="spec_tint" value="0.000000" />
			<float name="spec_trans" value="0.000000" />
			<float name="metallic" value="0.000000" />
			<float name="anisotropic" value="0.000000" />
			<float name="roughness" value="0.500000" />
			<float name="sheen" value="0.000000" />
			<float name="sheen_tint" value="0.500000" />
			<float name="clearcoat" value="0.000000" />
			<float name="clearcoat_gloss" value="0.173205" />
			<float name="specular" value="0.500000" />
		</bsdf>
	</bsdf>
	<bsdf type="twosided" id="mat-Material.002" name="mat-Material.002">
		<bsdf type="principled" name="bsdf">
			<rgb value="0.433648 0.266232 0.084399" name="base_color" />
			<float name="spec_tint" value="0.000000" />
			<float name="spec_trans" value="0.000000" />
			<float name="metallic" value="0.000000" />
			<float name="anisotropic" value="0.000000" />
			<float name="roughness" value="0.500000" />
			<float name="sheen" value="0.000000" />
			<float name="sheen_tint" value="0.500000" />
			<float name="clearcoat" value="0.000000" />
			<float name="clearcoat_gloss" value="0.173205" />
			<float name="specular" value="0.500000" />
		</bsdf>
	</bsdf>
	<bsdf type="twosided" id="mat-Material.003" name="mat-Material.003">
		<bsdf type="principled" name="bsdf">
			<rgb value="0.433648 0.266232 0.084399" name="base_color" />
			<float name="spec_tint" value="0.000000" />
			<float name="spec_trans" value="0.000000" />
			<float name="metallic" value="0.000000" />
			<float name="anisotropic" value="0.000000" />
			<float name="roughness" value="0.500000" />
			<float name="sheen" value="0.000000" />
			<float name="sheen_tint" value="0.500000" />
			<float name="clearcoat" value="0.000000" />
			<float name="clearcoat_gloss" value="0.173205" />
			<float name="specular" value="0.500000" />
		</bsdf>
	</bsdf>
	<bsdf type="twosided" id="mat-Material.004" name="mat-Material.004">
		<bsdf type="principled" name="bsdf">
			<rgb value="0.433648 0.266232 0.084399" name="base_color" />
			<float name="spec_tint" value="0.000000" />
			<float name="spec_trans" value="0.000000" />
			<float name="metallic" value="0.000000" />
			<float name="anisotropic" value="0.000000" />
			<float name="roughness" value="0.500000" />
			<float name="sheen" value="0.000000" />
			<float name="sheen_tint" value="0.500000" />
			<float name="clearcoat" value="0.000000" />
			<float name="clearcoat_gloss" value="0.173205" />
			<float name="specular" value="0.500000" />
		</bsdf>
	</bsdf>
	<bsdf type="twosided" id="mat-Material.005" name="mat-Material.005">
		<bsdf type="principled" name="bsdf">
			<rgb value="0.433648 0.266232 0.084399" name="base_color" />
			<float name="spec_tint" value="0.000000" />
			<float name="spec_trans" value="0.000000" />
			<float name="metallic" value="0.000000" />
			<float name="anisotropic" value="0.000000" />
			<float name="roughness" value="0.500000" />
			<float name="sheen" value="0.000000" />
			<float name="sheen_tint" value="0.500000" />
			<float name="clearcoat" value="0.000000" />
			<float name="clearcoat_gloss" value="0.173205" />
			<float name="specular" value="0.500000" />
		</bsdf>
	</bsdf>
	<emitter type="point" name="temp45">
		<point name="position" x="-6.815235034541981e-16" y="3.0693089962005615" z="4.109199523925781" />
		<rgb value="7.957747 7.957747 7.957747" name="intensity" />
	</emitter>
	<shape type="ply" name="temp2">
		<string name="filename" value="meshes/Cube.ply" />
		<boolean name="face_normals" value="true" />
		<ref id="mat-Material" name="bsdf" />
		<transform name="to_world">
			<matrix value="0.9999991135176153 0.00016554691785750788 0.0013046646472201565 -0.0021831115832218195 -0.00016564632544186715 0.9999997914159312 7.325300304808136e-05 -0.017519775027692447 -0.0013046560714292045 -7.346956654144673e-05 0.999999054418678 0.0030107562540702126 0.0 0.0 0.0 1.0" />
		</transform>
	</shape>
	<shape type="ply" name="temp4">
		<string name="filename" value="meshes/Plane.ply" />
		<boolean name="face_normals" value="true" />
		<ref id="mat-Material.001" name="bsdf" />
	</shape>
	<shape type="ply" name="temp5">
		<string name="filename" value="meshes/Cube_001.ply" />
		<boolean name="face_normals" value="true" />
		<ref id="mat-Material" name="bsdf" />
		<transform name="to_world">
			<matrix value="0.9999991135176153 0.00013766777981031366 -0.0015741990571608638 0.002115880979467022 -0.00014127227065370985 0.999996454070831 -0.0022989280417341773 -0.015064655690117945 0.0015737810423969065 0.0022991408422207526 0.9999952720933893 -0.0033994518161225007 0.0 0.0 0.0 1.0" />
		</transform>
	</shape>
	<shape type="ply" name="temp6">
		<string name="filename" value="meshes/Cube_002.ply" />
		<boolean name="face_normals" value="true" />
		<ref id="mat-Material" name="bsdf" />
		<transform name="to_world">
			<matrix value="1.0 6.0577402419158034e-05 0.00034082178581542916 -0.0009300416081086116 -6.153096394321548e-05 0.9999959326106591 0.002799949033166738 -0.01931789904444922 -0.00034065279676327546 -0.0027999637063720346 0.9999960994770463 0.001149337697391839 0.0 0.0 0.0 1.0" />
		</transform>
	</shape>
	<shape type="ply" name="temp7">
		<string name="filename" value="meshes/Cube_003.ply" />
		<boolean name="face_normals" value="true" />
		<ref id="mat-Material" name="bsdf" />
		<transform name="to_world">
			<matrix value="0.9999991135176153 0.0006076658816952879 0.0012620106557559188 -0.001267499139901096 -0.0006135521881044702 0.9999887364602866 0.0046667629583646356 -0.017555731081240172 -0.0012591462820042303 -0.004667527423590441 0.999988416628804 0.0039059939282807266 0.0 0.0 0.0 1.0" />
		</transform>
	</shape>
	<shape type="ply" name="temp8">
		<string name="filename" value="meshes/Cube_004.ply" />
		<boolean name="face_normals" value="true" />
		<ref id="mat-Material" name="bsdf" />
		<transform name="to_world">
			<matrix value="0.9999995567588077 3.0214445281098322e-05 0.0009510255065833735 -0.000533565643013878 -2.9619814299670054e-05 0.999999165663725 -0.000637239072744044 -0.01773463727162533 -0.0009506792228031638 0.000637206600434272 0.9999988180233474 0.0029634383494271596 0.0 0.0 0.0 1.0" />
		</transform>
	</shape>
	<shape type="ply" name="temp9">
		<string name="filename" value="meshes/Cube_005.ply" />
		<boolean name="face_normals" value="true" />
		<ref id="mat-Material" name="bsdf" />
		<transform name="to_world">
			<matrix value="0.9999997783794039 -0.00031696054423755224 0.0007913333689502297 -0.0006224014918567722 0.00031875327555241147 0.9999945768142121 -0.002264259957325915 -0.019292270776289255 -0.0007898535885693416 0.0022645106722038785 0.9999944447097325 0.0018987320583512268 0.0 0.0 0.0 1.0" />
		</transform>
	</shape>
	<shape type="ply" name="temp10">
		<string name="filename" value="meshes/Cube_006.ply" />
		<boolean name="face_normals" value="true" />
		<ref id="mat-Material" name="bsdf" />
		<transform name="to_world">
			<matrix value="0.9999995567588077 -8.676023052711281e-05 -0.0012383663947962767 -0.0011614848718193294 8.828987796683492e-05 0.9999989570796561 0.001243509175211964 -0.017140170912336994 0.0012381300008687528 -0.001243614720194901 0.9999982270350211 -0.002835657303708994 0.0 0.0 0.0 1.0" />
		</transform>
	</shape>
	<shape type="ply" name="temp11">
		<string name="filename" value="meshes/Cube_007.ply" />
		<boolean name="face_normals" value="true" />
		<ref id="mat-Material" name="bsdf" />
		<transform name="to_world">
			<matrix value="0.9999995567588076 0.0010681600590710084 -6.391798784076977e-05 0.0004928792179332842 -0.0010683774890209157 0.9999921780974214 -0.003470697144013454 -0.01852722964982889 5.9546794745641613e-05 0.00347076277108107 0.9999930263377494 -0.0002093857074527694 0.0 0.0 0.0 1.0" />
		</transform>
	</shape>
	<shape type="ply" name="temp12">
		<string name="filename" value="meshes/Cube_008.ply" />
		<boolean name="face_normals" value="true" />
		<ref id="mat-Material" name="bsdf" />
		<transform name="to_world">
			<matrix value="0.999997340552846 -0.002369003990213236 0.00010336834978566035 0.00024748302675114964 0.00236871639123659 0.9999935338938684 0.002692306419409759 -0.019618269711711073 -0.00010975538405076353 -0.0026920496096349156 0.999996454070042 0.00012207311640544116 0.0 0.0 0.0 1.0" />
		</transform>
	</shape>
	<shape type="ply" name="temp13">
		<string name="filename" value="meshes/Cube_009.ply" />
		<boolean name="face_normals" value="true" />
		<ref id="mat-Material" name="bsdf" />
		<transform name="to_world">
			<matrix value="0.9999988918970191 -0.0013790316693191608 0.000872620267306384 0.0016653661861043556 0.0013784158382488783 0.9999987484955875 0.0007041578629105654 -0.019568175235232188 -0.0008735951470408331 -0.0007029522989093139 0.9999995272093389 0.0015066125811479258 0.0 0.0 0.0 1.0" />
		</transform>
	</shape>
	<shape type="ply" name="temp14">
		<string name="filename" value="meshes/Cube_010.ply" />
		<boolean name="face_normals" value="true" />
		<ref id="mat-Material" name="bsdf" />
		<transform name="to_world">
			<matrix value="0.9999851514200562 0.00017034883599660426 0.005460921251514703 0.01134012810981544 -0.0001716846002053093 1.0 0.00024399544040686473 -0.017104793600646317 -0.005460868894574197 -0.00024493401442984586 0.9999851070941765 0.009000767958713296 0.0 0.0 0.0 1.0" />
		</transform>
	</shape>
	<shape type="ply" name="temp15">
		<string name="filename" value="meshes/Cube_011.ply" />
		<boolean name="face_normals" value="true" />
		<ref id="mat-Material" name="bsdf" />
		<transform name="to_world">
			<matrix value="0.9999984486558269 -0.0011551442045959414 -0.0009209359269368223 -0.0018794164946647207 0.0011549114670042393 0.9999986442035531 -0.0002477053105265422 -0.019837912464069324 0.0009216713029695387 0.0002466283428204321 0.9999995272093389 -0.0014209446876609633 0.0 0.0 0.0 1.0" />
		</transform>
	</shape>
	<shape type="ply" name="temp16">
		<string name="filename" value="meshes/Cube_012.ply" />
		<boolean name="face_normals" value="true" />
		<ref id="mat-Material" name="bsdf" />
		<transform name="to_world">
			<matrix value="0.9999988918970191 0.0009816807912845233 -0.0001961064743480335 -0.00043223830858174495 -0.0009815132963492883 0.9999979141593123 0.0008546117892242498 -0.0153857795288051 0.0001982174612208281 -0.0008544197921251172 0.9999990544186779 -0.00030839497392420867 0.0 0.0 0.0 1.0" />
		</transform>
	</shape>
	<shape type="ply" name="temp17">
		<string name="filename" value="meshes/Cube_013.ply" />
		<boolean name="face_normals" value="true" />
		<ref id="mat-Material" name="bsdf" />
		<transform name="to_world">
			<matrix value="0.9999980054146345 0.001966104045905182 0.000303133278268981 -0.00023478931829817862 -0.0019673770050015337 0.9999881107080804 0.004253047490403531 -0.010871202593547596 -0.0002940816663032089 -0.004253633013017732 0.9999903077914483 0.0002532239655482771 0.0 0.0 0.0 1.0" />
		</transform>
	</shape>
	<shape type="ply" name="temp18">
		<string name="filename" value="meshes/Cube_014.ply" />
		<boolean name="face_normals" value="true" />
		<ref id="mat-Material" name="bsdf" />
		<transform name="to_world">
			<matrix value="0.9998843140487955 0.013036828646101669 0.006296271431009678 0.012731620923661757 -0.013376875131864256 0.9978797429409937 0.05937433957054533 0.04469214140507158 -0.00540352013290144 -0.059450005527477826 0.9979613266695067 -0.04503321300476254 0.0 0.0 0.0 1.0" />
		</transform>
	</shape>
	<shape type="ply" name="temp19">
		<string name="filename" value="meshes/Cube_015.ply" />
		<boolean name="face_normals" value="true" />
		<ref id="mat-Material" name="bsdf" />
		<transform name="to_world">
			<matrix value="0.9965123566779603 0.07466013311835269 -0.03646966504200036 -0.016736544119351937 -0.05603257911412043 0.9282701288840962 0.36608535478920395 0.22170591956262825 0.06141505637141485 -0.3627426093449835 0.9292603521061169 -0.08743439084275456 0.0 0.0 0.0 1.0" />
		</transform>
	</shape>
	<shape type="ply" name="temp20">
		<string name="filename" value="meshes/Cube_016.ply" />
		<boolean name="face_normals" value="true" />
		<ref id="mat-Material" name="bsdf" />
		<transform name="to_world">
			<matrix value="0.9940904868029368 0.10815374940292811 0.004425119651496548 0.07127651349902697 -0.09644915048393074 0.8651793927283422 0.4910180412188354 0.15237132986776636 0.04950607417730002 -0.4885687586953483 0.8705278140381949 -0.14918092462483515 0.0 0.0 0.0 1.0" />
		</transform>
	</shape>
	<shape type="ply" name="temp21">
		<string name="filename" value="meshes/Cube_017.ply" />
		<boolean name="face_normals" value="true" />
		<ref id="mat-Material" name="bsdf" />
		<transform name="to_world">
			<matrix value="0.9727318018463655 0.21330974942795822 0.09088612080463297 0.2172547740049725 -0.22879669324340857 0.8183294293348463 0.5264540558583255 0.0721986246952962 0.03798056874936838 -0.5328912046355724 0.8448225403893241 -0.1964707818662447 0.0 0.0 0.0 1.0" />
		</transform>
	</shape>
	<shape type="ply" name="temp22">
		<string name="filename" value="meshes/Cube_018.ply" />
		<boolean name="face_normals" value="true" />
		<ref id="mat-Material" name="bsdf" />
		<transform name="to_world">
			<matrix value="0.09337137229246117 0.9920095614937123 0.08445521041311975 0.8615221527955859 -0.8751019454742415 0.041484763976696995 0.4811669750049761 0.3073721893255974 0.47384987775407916 -0.1186128012214683 0.8720636745006504 -0.36788065726425745 0.0 0.0 0.0 1.0" />
		</transform>
	</shape>
	<shape type="ply" name="temp23">
		<string name="filename" value="meshes/Cube_019.ply" />
		<boolean name="face_normals" value="true" />
		<ref id="mat-Material" name="bsdf" />
		<transform name="to_world">
			<matrix value="-0.06006263884530351 0.9923715591450557 -0.10761227241630542 0.4337961174510728 -0.9053551514377858 -0.008777328163229549 0.42395741385399566 -0.05417916036766979 0.41977334418387774 0.12295025478544 0.8989777556721879 -0.04225917135288643 0.0 0.0 0.0 1.0" />
		</transform>
	</shape>
	<shape type="ply" name="temp24">
		<string name="filename" value="meshes/Cube_020.ply" />
		<boolean name="face_normals" value="true" />
		<ref id="mat-Material" name="bsdf" />
		<transform name="to_world">
			<matrix value="0.09307005015861428 0.9952523322199058 0.02671931512437937 -0.1915109373909654 -0.9505637393083308 0.09676371383715227 -0.2946287206262234 0.1577599687126608 -0.2958046706710237 0.0021428442870094575 0.955152732420251 0.10390539187973147 0.0 0.0 0.0 1.0" />
		</transform>
	</shape>
	<shape type="ply" name="temp25">
		<string name="filename" value="meshes/Cube_021.ply" />
		<boolean name="face_normals" value="true" />
		<ref id="mat-Material" name="bsdf" />
		<transform name="to_world">
			<matrix value="0.2719639086426714 0.958442231599235 -0.08579532372212959 -0.2809202944930449 -0.7438407203910451 0.15279852030461616 -0.6506170390917503 0.1553360656824945 -0.6105164291780358 0.24074919225819372 0.7544865469781349 0.10886322153251027 0.0 0.0 0.0 1.0" />
		</transform>
	</shape>
	<shape type="ply" name="temp26">
		<string name="filename" value="meshes/Cube_022.ply" />
		<boolean name="face_normals" value="true" />
		<ref id="mat-Material" name="bsdf" />
		<transform name="to_world">
			<matrix value="0.6365045467681512 0.6929120004672283 -0.3375669767070225 -0.15021980522737477 -0.5026718579075116 0.041371951283104905 -0.8634300442390221 0.08549410640675417 -0.5844152850838702 0.7193430436170147 0.37447348850007633 0.31960007637488563 0.0 0.0 0.0 1.0" />
		</transform>
	</shape>
	<shape type="ply" name="temp27">
		<string name="filename" value="meshes/Cube_023.ply" />
		<boolean name="face_normals" value="true" />
		<ref id="mat-Material" name="bsdf" />
		<transform name="to_world">
			<matrix value="0.8643812707547689 0.42883977197589607 -0.2622695086428497 -0.11331315747733856 -0.3960337226763967 0.2594368647311456 -0.8807885533598632 -0.18944308095558354 -0.3097350171179748 0.8652331031260494 0.39405293175124967 0.011555265627471334 0.0 0.0 0.0 1.0" />
		</transform>
	</shape>
	<shape type="ply" name="temp28">
		<string name="filename" value="meshes/Cube_024.ply" />
		<boolean name="face_normals" value="true" />
		<ref id="mat-Material" name="bsdf" />
		<transform name="to_world">
			<matrix value="0.8978220457531289 0.3888001827196442 -0.20666014294352847 -0.11527799631882879 -0.3220408996377833 0.25960686074718986 -0.9103781568823428 -0.4524786679358087 -0.3002832089598548 0.8839192112184855 0.35829920178752694 -0.27684137093740513 0.0 0.0 0.0 1.0" />
		</transform>
	</shape>
	<shape type="ply" name="temp29">
		<string name="filename" value="meshes/Cube_025.ply" />
		<boolean name="face_normals" value="true" />
		<ref id="mat-Material" name="bsdf" />
		<transform name="to_world">
			<matrix value="0.8834280096520202 0.4183858513254475 -0.21092064870661023 -0.28136662875580737 -0.3201536451269177 0.21031917534202574 -0.9237238552674317 -0.7893732500425614 -0.34211416297446756 0.8835708758236465 0.31974726029631684 -0.7529169120862853 0.0 0.0 0.0 1.0" />
		</transform>
	</shape>
	<shape type="ply" name="temp30">
		<string name="filename" value="meshes/Cube_026.ply" />
		<boolean name="face_normals" value="true" />
		<ref id="mat-Material" name="bsdf" />
		<transform name="to_world">
			<matrix value="0.9034079928797736 0.3182792648663081 -0.28721536229239175 -0.3270695362855801 -0.36435361250436593 0.21685265412798302 -0.9056526142250416 -1.146093504741487 -0.2259556058486562 0.9228250417689599 0.31188782474217547 -0.8656181947880937 0.0 0.0 0.0 1.0" />
		</transform>
	</shape>
	<shape type="ply" name="temp31">
		<string name="filename" value="meshes/Cube_027.ply" />
		<boolean name="face_normals" value="true" />
		<ref id="mat-Material" name="bsdf" />
		<transform name="to_world">
			<matrix value="0.8497173007675165 0.2986568228891814 -0.4344201529856021 -0.5799693654397797 -0.5035962374141664 0.21597555811882202 -0.8364857044651769 -1.5877311552458129 -0.15597070264366775 0.9295675217918207 0.3339451638479676 -0.995163755479624 0.0 0.0 0.0 1.0" />
		</transform>
	</shape>
	<shape type="ply" name="temp32">
		<string name="filename" value="meshes/Cube_028.ply" />
		<boolean name="face_normals" value="true" />
		<ref id="mat-Material" name="bsdf" />
		<transform name="to_world">
			<matrix value="-0.12126465133761327 0.9808347743016084 0.1525034147305495 -1.4888383667381895 -0.7795679550801646 0.0009982447650613343 -0.62630046981208 -2.1165625248563202 -0.6144493082777952 -0.19483850378475792 0.7645061630626623 -1.3737209835206583 0.0 0.0 0.0 1.0" />
		</transform>
	</shape>
	<shape type="ply" name="temp33">
		<string name="filename" value="meshes/Cube_029.ply" />
		<boolean name="face_normals" value="true" />
		<ref id="mat-Material" name="bsdf" />
		<transform name="to_world">
			<matrix value="0.014649010597010428 0.988847739887323 0.1481655958746178 -1.643160574694503 -0.9971038620491572 0.0035017823508676055 0.07523938573146152 -1.7714881812499235 0.07388325381586343 -0.14887472023661777 0.9860420377088375 -0.01522172483211981 0.0 0.0 0.0 1.0" />
		</transform>
	</shape>
	<shape type="ply" name="temp34">
		<string name="filename" value="meshes/Cube_030.ply" />
		<boolean name="face_normals" value="true" />
		<ref id="mat-Material" name="bsdf" />
		<transform name="to_world">
			<matrix value="-0.03319393587741607 0.982105588647388 -0.18538023463184344 -3.185884396792399 -0.9807871385786668 0.0036573867985855092 0.19499280842476102 -1.9635454682387508 0.19218145033377465 0.1882950986871797 0.9631154326361181 0.21758949284015938 0.0 0.0 0.0 1.0" />
		</transform>
	</shape>
	<shape type="ply" name="temp35">
		<string name="filename" value="meshes/Cube_031.ply" />
		<boolean name="face_normals" value="true" />
		<ref id="mat-Material" name="bsdf" />
		<transform name="to_world">
			<matrix value="0.10344398406459265 0.9890317110359745 0.10542565106819958 -2.049678374305247 -0.6999602855891651 -0.0029125824167801715 0.714129845335991 -0.8487109306285573 0.7066042494419593 -0.14767382874830787 0.6919813758302795 0.7449262348566397 0.0 0.0 0.0 1.0" />
		</transform>
	</shape>
	<shape type="ply" name="temp36">
		<string name="filename" value="meshes/Cube_032.ply" />
		<boolean name="face_normals" value="true" />
		<ref id="mat-Material" name="bsdf" />
		<transform name="to_world">
			<matrix value="0.7891313270464002 0.5675502635459708 0.23484065299954943 -0.5162536460799831 -0.26106134989991614 -0.03616580764794347 0.9646363223316523 0.3697727251763202 0.5559707248057274 -0.8225436618601945 0.11962666321844678 -0.23143410732385328 0.0 0.0 0.0 1.0" />
		</transform>
	</shape>
	<shape type="ply" name="temp37">
		<string name="filename" value="meshes/Cube_033.ply" />
		<boolean name="face_normals" value="true" />
		<ref id="mat-Material" name="bsdf" />
		<transform name="to_world">
			<matrix value="0.9786300123930238 0.15787139957824303 0.13175763237783916 -0.1294976183391947 -0.14971218133174477 0.10779285724714918 0.9828343894688716 0.30089122831412213 0.14095960831662313 -0.981556788055642 0.1291247912038243 -0.3929223496066537 0.0 0.0 0.0 1.0" />
		</transform>
	</shape>
	<shape type="ply" name="temp38">
		<string name="filename" value="meshes/Cube_034.ply" />
		<boolean name="face_normals" value="true" />
		<ref id="mat-Material" name="bsdf" />
		<transform name="to_world">
			<matrix value="0.9999226544119342 0.004393021402811297 0.011666877846495272 -0.035582444527279655 -0.012270042036994683 0.1812939095537761 0.9833524498357289 0.3693972590142443 0.0022047526093608993 -0.9834191309136191 0.18133375191066525 -0.3402530768016332 0.0 0.0 0.0 1.0" />
		</transform>
	</shape>
	<shape type="ply" name="temp39">
		<string name="filename" value="meshes/Cube_035.ply" />
		<boolean name="face_normals" value="true" />
		<ref id="mat-Material" name="bsdf" />
		<transform name="to_world">
			<matrix value="0.9990749556315566 -0.042941911422689355 0.0023727519395054892 0.00953337235111773 0.006823995127892814 0.21275397717673122 0.9770820636934123 0.09206041975290016 -0.04246258379474741 -0.9761616568249751 0.2128501310339317 -0.13352644762770477 0.0 0.0 0.0 1.0" />
		</transform>
	</shape>
	<shape type="ply" name="temp40">
		<string name="filename" value="meshes/Cube_036.ply" />
		<boolean name="face_normals" value="true" />
		<ref id="mat-Material" name="bsdf" />
		<transform name="to_world">
			<matrix value="0.9997881307100547 -0.020438084947947844 0.0025039702595762567 0.005400070148278147 0.0019331277580683195 0.2142353412331073 0.9767803050539903 -0.25165213689536164 -0.020499964983945802 -0.976568187175 0.21422943868874347 0.24793349932194259 0.0 0.0 0.0 1.0" />
		</transform>
	</shape>
	<shape type="ply" name="temp41">
		<string name="filename" value="meshes/Cube_037.ply" />
		<boolean name="face_normals" value="true" />
		<ref id="mat-Material" name="bsdf" />
		<transform name="to_world">
			<matrix value="0.9990182207589353 -0.0442229513394226 0.0026960887446982437 -0.0018145480299374128 0.006849208903119886 0.21427549366634474 0.9767494554633561 -0.5688668478817197 -0.043772450166392744 -0.9757716046163827 0.2143679072536016 0.5063420823991586 0.0 0.0 0.0 1.0" />
		</transform>
	</shape>
	<shape type="ply" name="temp42">
		<string name="filename" value="meshes/Cube_038.ply" />
		<boolean name="face_normals" value="true" />
		<ref id="mat-Material" name="bsdf" />
		<transform name="to_world">
			<matrix value="0.999321840975698 -0.03672541784603575 0.0027382025728322195 0.0029695693150353364 0.005197811895529824 0.21426193570187496 0.9767625754042006 -0.9039185121548403 -0.03645870454783193 -0.9760856279319099 0.21430748460711807 0.8484025060872717 0.0 0.0 0.0 1.0" />
		</transform>
	</shape>
	<shape type="ply" name="temp43">
		<string name="filename" value="meshes/Cube_039.ply" />
		<boolean name="face_normals" value="true" />
		<ref id="mat-Material" name="bsdf" />
		<transform name="to_world">
			<matrix value="0.999965710048401 -0.0030320169418481396 -0.00772262447026841 0.01824548322703734 0.008273985710108641 0.43300110918592716 0.9013553972045473 -1.319288755030505 0.0006109809439738029 -0.9013882814260193 0.4330112417230679 1.4645164062202496 0.0 0.0 0.0 1.0" />
		</transform>
	</shape>
	<shape type="ply" name="temp47">
		<string name="filename" value="meshes/Plane_001.ply" />
		<boolean name="face_normals" value="true" />
		<ref id="mat-Material.002" name="bsdf" />
	</shape>
	<shape type="ply" name="temp49">
		<string name="filename" value="meshes/Plane_002.ply" />
		<boolean name="face_normals" value="true" />
		<ref id="mat-Material.003" name="bsdf" />
	</shape>
	<shape type="ply" name="temp51">
		<string name="filename" value="meshes/Plane_003.ply" />
		<boolean name="face_normals" value="true" />
		<ref id="mat-Material.004" name="bsdf" />
	</shape>
	<shape type="ply" name="temp53">
		<string name="filename" value="meshes/Plane_004.ply" />
		<boolean name="face_normals" value="true" />
		<ref id="mat-Material.005" name="bsdf" />
	</shape>
	<emitter type="point">
		<transform name="to_world">
			<rotate x="1" angle="-142.5518126578256" />
			<rotate y="1" angle="3.976628485794621e-06" />
			<rotate z="1" angle="-179.999991348578" />
			<translate value="-0.000000 3.030926 4.073377" />
		</transform>
		<rgb name="intensity" value="100" />
	</emitter>
</scene>