<scene version="2.1.0">
	<default name="spp" value="1024" />
	<default name="resx" value="640" />
	<default name="resy" value="360" />
	<integrator type="path" name="temp0">
		<integer name="max_depth" value="12" />
	</integrator>
	<sensor type="perspective" name="temp44">
		<string name="fov_axis" value="x" />
		<float name="fov" value="83.974423" />
		<float name="principal_point_offset_x" value="0.000000" />
		<float name="principal_point_offset_y" value="-0.000000" />
		<float name="near_clip" value="0.100000" />
		<float name="far_clip" value="1000.000000" />
		<transform name="to_world">
			<rotate x="1" angle="-142.5518126578256" />
			<rotate y="1" angle="3.976628485794621e-06" />
			<rotate z="1" angle="-179.999991348578" />
			<translate value="-0.000000 3.030926 4.073377" />
		</transform>
		<sampler type="independent" name="sampler">
			<integer name="sample_count" value="$spp" />
		</sampler>
		<film type="hdrfilm" name="film">
			<integer name="width" value="$resx" />
			<integer name="height" value="$resy" />
		</film>
		<float name="shutter_open" value="0.0" />
		<float name="shutter_close" value="0.0015" />
	</sensor>
	<bsdf type="twosided" id="mat-Material" name="mat-Material">
		<bsdf type="diffuse" name="bsdf">
			<texture type="bitmap" name="reflectance">
				<string name="filename" value="textures/siggraph_2023_logo.jpg" />
			</texture>
		</bsdf>
	</bsdf>
	<bsdf type="twosided" id="mat-Material.001" name="mat-Material.001">
		<bsdf type="principled" name="bsdf">
			<rgb value="0.433648 0.266232 0.084399" name="base_color" />
			<float name="spec_tint" value="0.000000" />
			<float name="spec_trans" value="0.000000" />
			<float name="metallic" value="0.000000" />
			<float name="anisotropic" value="0.000000" />
			<float name="roughness" value="0.500000" />
			<float name="sheen" value="0.000000" />
			<float name="sheen_tint" value="0.500000" />
			<float name="clearcoat" value="0.000000" />
			<float name="clearcoat_gloss" value="0.173205" />
			<float name="specular" value="0.500000" />
		</bsdf>
	</bsdf>
	<bsdf type="twosided" id="mat-Material.002" name="mat-Material.002">
		<bsdf type="principled" name="bsdf">
			<rgb value="0.433648 0.266232 0.084399" name="base_color" />
			<float name="spec_tint" value="0.000000" />
			<float name="spec_trans" value="0.000000" />
			<float name="metallic" value="0.000000" />
			<float name="anisotropic" value="0.000000" />
			<float name="roughness" value="0.500000" />
			<float name="sheen" value="0.000000" />
			<float name="sheen_tint" value="0.500000" />
			<float name="clearcoat" value="0.000000" />
			<float name="clearcoat_gloss" value="0.173205" />
			<float name="specular" value="0.500000" />
		</bsdf>
	</bsdf>
	<bsdf type="twosided" id="mat-Material.003" name="mat-Material.003">
		<bsdf type="principled" name="bsdf">
			<rgb value="0.433648 0.266232 0.084399" name="base_color" />
			<float name="spec_tint" value="0.000000" />
			<float name="spec_trans" value="0.000000" />
			<float name="metallic" value="0.000000" />
			<float name="anisotropic" value="0.000000" />
			<float name="roughness" value="0.500000" />
			<float name="sheen" value="0.000000" />
			<float name="sheen_tint" value="0.500000" />
			<float name="clearcoat" value="0.000000" />
			<float name="clearcoat_gloss" value="0.173205" />
			<float name="specular" value="0.500000" />
		</bsdf>
	</bsdf>
	<bsdf type="twosided" id="mat-Material.004" name="mat-Material.004">
		<bsdf type="principled" name="bsdf">
			<rgb value="0.433648 0.266232 0.084399" name="base_color" />
			<float name="spec_tint" value="0.000000" />
			<float name="spec_trans" value="0.000000" />
			<float name="metallic" value="0.000000" />
			<float name="anisotropic" value="0.000000" />
			<float name="roughness" value="0.500000" />
			<float name="sheen" value="0.000000" />
			<float name="sheen_tint" value="0.500000" />
			<float name="clearcoat" value="0.000000" />
			<float name="clearcoat_gloss" value="0.173205" />
			<float name="specular" value="0.500000" />
		</bsdf>
	</bsdf>
	<bsdf type="twosided" id="mat-Material.005" name="mat-Material.005">
		<bsdf type="principled" name="bsdf">
			<rgb value="0.433648 0.266232 0.084399" name="base_color" />
			<float name="spec_tint" value="0.000000" />
			<float name="spec_trans" value="0.000000" />
			<float name="metallic" value="0.000000" />
			<float name="anisotropic" value="0.000000" />
			<float name="roughness" value="0.500000" />
			<float name="sheen" value="0.000000" />
			<float name="sheen_tint" value="0.500000" />
			<float name="clearcoat" value="0.000000" />
			<float name="clearcoat_gloss" value="0.173205" />
			<float name="specular" value="0.500000" />
		</bsdf>
	</bsdf>
	<emitter type="point" name="temp45">
		<point name="position" x="-6.815235034541981e-16" y="3.0693089962005615" z="4.109199523925781" />
		<rgb value="7.957747 7.957747 7.957747" name="intensity" />
	</emitter>
	<shape type="ply" name="temp2">
		<string name="filename" value="meshes/Cube.ply" />
		<boolean name="face_normals" value="true" />
		<ref id="mat-Material" name="bsdf" />
		<transform name="to_world">
			<matrix value="1.0 0.0001363040571687216 0.0004956122662700268 -0.0013084909000142808 -0.00013662422189008683 0.9999997914159312 0.0006455767360518481 -0.018365354058331063 -0.000495525923404376 -0.0006456448689362004 0.9999997636046695 0.0011648257668113171 0.0 0.0 0.0 1.0" />
			<scale value="1" />
		</transform>
	</shape>
	<shape type="ply" name="temp4">
		<string name="filename" value="meshes/Plane.ply" />
		<boolean name="face_normals" value="true" />
		<ref id="mat-Material.001" name="bsdf" />
		<transform name="to_world">
			<scale value="1" />
		</transform>
	</shape>
	<shape type="ply" name="temp5">
		<string name="filename" value="meshes/Cube_001.ply" />
		<boolean name="face_normals" value="true" />
		<ref id="mat-Material" name="bsdf" />
		<transform name="to_world">
			<matrix value="1.0 0.00016414544149946915 -0.00011410069779173666 0.0006302800082549354 -0.00016446464442305066 0.9999960369026935 -0.0028045232828124993 -0.01448807351109177 0.00011363994986055631 0.0028045337833186978 0.9999962176747115 -0.0002721193331322036 0.0 0.0 0.0 1.0" />
			<scale value="1" />
		</transform>
	</shape>
	<shape type="ply" name="temp6">
		<string name="filename" value="meshes/Cube_002.ply" />
		<boolean name="face_normals" value="true" />
		<ref id="mat-Material" name="bsdf" />
		<transform name="to_world">
			<matrix value="1.0 5.5791858129459786e-05 -8.381230967220951e-05 -0.0006028522585461715 -5.5483159494137695e-05 0.9999931167257308 0.003680698935890059 -0.01989669726265253 8.401725449313598e-05 -0.0036806953358516385 0.9999933809307451 3.236883721557948e-05 0.0 0.0 0.0 1.0" />
			<scale value="1" />
		</transform>
	</shape>
	<shape type="ply" name="temp7">
		<string name="filename" value="meshes/Cube_003.ply" />
		<boolean name="face_normals" value="true" />
		<ref id="mat-Material" name="bsdf" />
		<transform name="to_world">
			<matrix value="1.0 -0.0003235931526021906 0.0005310219228301627 -0.0008412219360476314 0.00032520473310674843 0.9999954111504872 -0.003037538160116231 -0.01753185361425763 -0.0005300366826410792 0.0030377036562701416 0.9999952720933893 0.0011452807289027422 0.0 0.0 0.0 1.0" />
			<scale value="1" />
		</transform>
	</shape>
	<shape type="ply" name="temp8">
		<string name="filename" value="meshes/Cube_004.ply" />
		<boolean name="face_normals" value="true" />
		<ref id="mat-Material" name="bsdf" />
		<transform name="to_world">
			<matrix value="1.0 1.8442335891269297e-05 0.0001371641354242658 -0.0005931466723909651 -1.836623069462987e-05 0.9999997914159312 -0.0005549498581864412 -0.01776921907126472 -0.0001371742842097985 0.0005549462583146824 1.0 0.0005960538353486505 0.0 0.0 0.0 1.0" />
			<scale value="1" />
		</transform>
	</shape>
	<shape type="ply" name="temp9">
		<string name="filename" value="meshes/Cube_005.ply" />
		<boolean name="face_normals" value="true" />
		<ref id="mat-Material" name="bsdf" />
		<transform name="to_world">
			<matrix value="1.0 -0.0004404961797827806 0.00047777387462820923 -0.00033941386163371945 0.00044199701432732835 0.9999947853982809 -0.0031451453145736304 -0.019885481045900766 -0.00047638676871851883 0.0031453559800009596 0.9999950356980589 0.0010405731545737873 0.0 0.0 0.0 1.0" />
			<scale value="1" />
		</transform>
	</shape>
	<shape type="ply" name="temp10">
		<string name="filename" value="meshes/Cube_006.ply" />
		<boolean name="face_normals" value="true" />
		<ref id="mat-Material" name="bsdf" />
		<transform name="to_world">
			<matrix value="1.0 -0.00018847260143964724 -0.00021605563989615626 -0.0005762761636867175 0.00018884645593207416 0.9999985399115188 0.0017325390135033742 -0.017066887241317608 0.00021572903424836045 -0.0017325785371164922 0.9999985816280168 -0.0005291969341483238 0.0 0.0 0.0 1.0" />
			<scale value="1" />
		</transform>
	</shape>
	<shape type="ply" name="temp11">
		<string name="filename" value="meshes/Cube_007.ply" />
		<boolean name="face_normals" value="true" />
		<ref id="mat-Material" name="bsdf" />
		<transform name="to_world">
			<matrix value="0.9999991135176153 -0.0012831883326415298 -2.0749576497765355e-05 0.0004809468389783689 0.0012832497380444554 0.9999935338938684 0.0033285171724659955 -0.017423906456435934 1.647833348403534e-05 -0.003328534509191257 0.9999945629073977 2.2550200936777287e-05 0.0 0.0 0.0 1.0" />
			<scale value="1" />
		</transform>
	</shape>
	<shape type="ply" name="temp12">
		<string name="filename" value="meshes/Cube_008.ply" />
		<boolean name="face_normals" value="true" />
		<ref id="mat-Material" name="bsdf" />
		<transform name="to_world">
			<matrix value="0.9999995567588077 -0.001206675524536787 9.763292627633385e-05 8.843815474079975e-05 0.0012065379848837025 0.99999833132745 0.0013823335150425441 -0.018752864449913142 -9.930065404670344e-05 -0.001382213619288186 0.999999054418678 0.00034290307580020496 0.0 0.0 0.0 1.0" />
			<scale value="1" />
		</transform>
	</shape>
	<shape type="ply" name="temp13">
		<string name="filename" value="meshes/Cube_009.ply" />
		<boolean name="face_normals" value="true" />
		<ref id="mat-Material" name="bsdf" />
		<transform name="to_world">
			<matrix value="1.0 0.0007522208988721859 0.0003095194981232575 0.0006090636183877507 -0.0007521271144821082 0.9999995828318625 -0.0003053660321658398 -0.016718812691741247 -0.00030974802624697046 0.00030513346251639993 1.0 0.00047213232395693083 0.0 0.0 0.0 1.0" />
			<scale value="1" />
		</transform>
	</shape>
	<shape type="ply" name="temp14">
		<string name="filename" value="meshes/Cube_010.ply" />
		<boolean name="face_normals" value="true" />
		<ref id="mat-Material" name="bsdf" />
		<transform name="to_world">
			<matrix value="0.9999991135176153 -0.0004752295989136942 0.0015164878651184978 0.0028535282380302007 0.0004748797486645143 0.9999997914159312 0.00023134734464217078 -0.01821543411813431 -0.0015165984961712825 -0.00023062723315318625 0.9999988180233473 0.002526572357301582 0.0 0.0 0.0 1.0" />
			<scale value="1" />
		</transform>
	</shape>
	<shape type="ply" name="temp15">
		<string name="filename" value="meshes/Cube_011.ply" />
		<boolean name="face_normals" value="true" />
		<ref id="mat-Material" name="bsdf" />
		<transform name="to_world">
			<matrix value="1.0 2.7981552824958335e-05 -0.0002995790744744577 -0.00047280891400447445 -2.7896093626723543e-05 1.0 0.0002849462035146312 -0.017264317516334393 0.0002995862786710565 -0.00028493626713778857 1.0 -0.0004721890717584998 0.0 0.0 0.0 1.0" />
			<scale value="1" />
		</transform>
	</shape>
	<shape type="ply" name="temp16">
		<string name="filename" value="meshes/Cube_012.ply" />
		<boolean name="face_normals" value="true" />
		<ref id="mat-Material" name="bsdf" />
		<transform name="to_world">
			<matrix value="0.9999991135176153 -0.0015559453760040716 -0.00013022900561249795 -0.0005195790983461013 0.001555710098984623 0.9999970798230373 -0.0017937204889979248 -0.022007156999673205 0.00013301934127266958 0.0017935142869657903 0.9999985816280168 -0.00015938349803579221 0.0 0.0 0.0 1.0" />
			<scale value="1" />
		</transform>
	</shape>
	<shape type="ply" name="temp17">
		<string name="filename" value="meshes/Cube_013.ply" />
		<boolean name="face_normals" value="true" />
		<ref id="mat-Material" name="bsdf" />
		<transform name="to_world">
			<matrix value="1.0 -0.0002256921340861828 5.622568378531332e-05 -0.000446308026182507 0.00022571969072402562 0.9999997914159312 -0.0004809817592635056 -0.018511525506525295 -5.61169943992043e-05 0.00048099277673369865 1.0 0.00018344011746429523 0.0 0.0 0.0 1.0" />
			<scale value="1" />
		</transform>
	</shape>
	<shape type="ply" name="temp18">
		<string name="filename" value="meshes/Cube_014.ply" />
		<boolean name="face_normals" value="true" />
		<ref id="mat-Material" name="bsdf" />
		<transform name="to_world">
			<matrix value="1.0 -0.0006296694151094128 -2.608929786331717e-05 -8.14196297221903e-05 0.0006295842220319241 0.9999947853982809 -0.003202542100826391 -0.020804716796112288 2.8105702386587877e-05 0.0032025247015683438 0.9999950356980589 -0.00016913553712627483 0.0 0.0 0.0 1.0" />
			<scale value="1" />
		</transform>
	</shape>
	<shape type="ply" name="temp19">
		<string name="filename" value="meshes/Cube_015.ply" />
		<boolean name="face_normals" value="true" />
		<ref id="mat-Material" name="bsdf" />
		<transform name="to_world">
			<matrix value="1.0 -0.0002359315260219055 -3.846861213719818e-05 0.0004984710760410627 0.00023593108131348322 1.0 -3.477942660894208e-05 -0.018028752063812714 3.847688142588919e-05 3.4770338511085205e-05 1.0 -8.577651944774445e-05 0.0 0.0 0.0 1.0" />
			<scale value="1" />
		</transform>
	</shape>
	<shape type="ply" name="temp20">
		<string name="filename" value="meshes/Cube_016.ply" />
		<boolean name="face_normals" value="true" />
		<ref id="mat-Material" name="bsdf" />
		<transform name="to_world">
			<matrix value="1.0 0.000537767274411115 0.0003352085786919868 0.0005041176476578979 -0.0005390256140220237 0.9999926995575932 0.0037641937666333665 -0.016697805944028754 -0.0003331821880867406 -0.0037643730067184926 0.9999929081400841 0.0005871671272669188 0.0 0.0 0.0 1.0" />
			<scale value="1" />
		</transform>
	</shape>
	<shape type="ply" name="temp21">
		<string name="filename" value="meshes/Cube_017.ply" />
		<boolean name="face_normals" value="true" />
		<ref id="mat-Material" name="bsdf" />
		<transform name="to_world">
			<matrix value="1.0 -0.0006371429822932984 0.00012405554155569875 0.0004555739289898719 0.0006372434298358057 0.9999993742477937 -0.0008194525935168108 -0.018041057656277837 -0.0001235335365150959 0.0008195309778629728 0.9999997636046695 9.283302671747595e-06 0.0 0.0 0.0 1.0" />
			<scale value="1" />
		</transform>
	</shape>
	<shape type="ply" name="temp22">
		<string name="filename" value="meshes/Cube_018.ply" />
		<boolean name="face_normals" value="true" />
		<ref id="mat-Material" name="bsdf" />
		<transform name="to_world">
			<matrix value="0.9999991135176153 -0.0012543036107988145 -0.0002606684030691678 0.0006361811750976165 0.0012542130075333274 0.9999991656637249 -0.00034152269797045154 -0.01776389682384305 0.00026109787297416616 0.000341195562165353 1.0 -0.00019660515888975105 0.0 0.0 0.0 1.0" />
			<scale value="1" />
		</transform>
	</shape>
	<shape type="ply" name="temp23">
		<string name="filename" value="meshes/Cube_019.ply" />
		<boolean name="face_normals" value="true" />
		<ref id="mat-Material" name="bsdf" />
		<transform name="to_world">
			<matrix value="0.9999751784932281 0.00358800057569203 -0.006054628124141589 0.0034713863529181876 -0.0035572720809464793 0.9999806016816049 0.005078599083448024 -0.01787827599556341 0.0060727234689119496 -0.005056928849888303 0.9999687958163699 -0.0010139571824047122 0.0 0.0 0.0 1.0" />
			<scale value="1" />
		</transform>
	</shape>
	<shape type="ply" name="temp24">
		<string name="filename" value="meshes/Cube_020.ply" />
		<boolean name="face_normals" value="true" />
		<ref id="mat-Material" name="bsdf" />
		<transform name="to_world">
			<matrix value="0.9999620304591001 -0.006739098055163072 0.005459220012562477 -0.00369681054076762 0.006692653409773247 0.9999416100868045 0.008482880955229588 -0.01469281558371649 -0.005516056461782833 -0.008446031774385533 0.9999491749995628 -0.0004617792655897679 0.0 0.0 0.0 1.0" />
			<scale value="1" />
		</transform>
	</shape>
	<shape type="ply" name="temp25">
		<string name="filename" value="meshes/Cube_021.ply" />
		<boolean name="face_normals" value="true" />
		<ref id="mat-Material" name="bsdf" />
		<transform name="to_world">
			<matrix value="0.9989313454852339 0.038551800810557695 0.02549582738602081 -0.016194093549929622 -0.038641492339905714 0.9992484716002362 0.0030338740324930107 -0.02206342923563359 -0.02535971682206703 -0.004015823187456588 0.9996704649092407 -0.012627629415083108 0.0 0.0 0.0 1.0" />
			<scale value="1" />
		</transform>
	</shape>
	<shape type="ply" name="temp26">
		<string name="filename" value="meshes/Cube_022.ply" />
		<boolean name="face_normals" value="true" />
		<ref id="mat-Material" name="bsdf" />
		<transform name="to_world">
			<matrix value="0.9991285878158316 0.03846010725392816 0.01621378837228104 -0.007940171307872057 -0.038460450474888615 0.9992599437240183 -0.0002909577367700171 -0.02254570095859454 -0.016212982711820534 -0.0003328855728657157 0.9998685641962252 -0.011849254490373384 0.0 0.0 0.0 1.0" />
			<scale value="1" />
		</transform>
	</shape>
	<shape type="ply" name="temp27">
		<string name="filename" value="meshes/Cube_023.ply" />
		<boolean name="face_normals" value="true" />
		<ref id="mat-Material" name="bsdf" />
		<transform name="to_world">
			<matrix value="0.9994893861464078 0.030308725280180554 0.010125733948402464 -0.0027315975049500008 -0.030408694973822176 0.9994887604474546 0.009867424770731988 -0.019508405769799897 -0.009821502339427014 -0.010170304720466062 0.9999002411705162 -0.00887539434239204 0.0 0.0 0.0 1.0" />
			<scale value="1" />
		</transform>
	</shape>
	<shape type="ply" name="temp28">
		<string name="filename" value="meshes/Cube_024.ply" />
		<boolean name="face_normals" value="true" />
		<ref id="mat-Material" name="bsdf" />
		<transform name="to_world">
			<matrix value="0.999548337224991 0.028922120966244844 0.008178805645687843 -0.0009587154007888454 -0.029030285784191184 0.999488343279317 0.013429240494898352 -0.01692652145194523 -0.007786209702726997 -0.013660612861710848 0.9998763652421326 -0.007621670278687764 0.0 0.0 0.0 1.0" />
			<scale value="1" />
		</transform>
	</shape>
	<shape type="ply" name="temp29">
		<string name="filename" value="meshes/Cube_025.ply" />
		<boolean name="face_normals" value="true" />
		<ref id="mat-Material" name="bsdf" />
		<transform name="to_world">
			<matrix value="0.9995496669485681 0.029701724781664624 0.004334521141070804 0.001089577047663992 -0.029752520712660917 0.9994833372616667 0.01216369809290431 -0.01712164813937317 -0.003970993409889953 -0.012287178545877023 0.9999167888436534 -0.004808931889239976 0.0 0.0 0.0 1.0" />
			<scale value="1" />
		</transform>
	</shape>
	<shape type="ply" name="temp30">
		<string name="filename" value="meshes/Cube_026.ply" />
		<boolean name="face_normals" value="true" />
		<ref id="mat-Material" name="bsdf" />
		<transform name="to_world">
			<matrix value="0.9995749316965322 0.026713570270929847 0.011693365943281195 0.007918562783638006 -0.026925209254166912 0.9994693621290593 0.018331890533832662 -0.00790649047379477 -0.011197455972852363 -0.01863894514864744 0.9997636046694697 -0.014776295870281064 0.0 0.0 0.0 1.0" />
			<scale value="1" />
		</transform>
	</shape>
	<shape type="ply" name="temp31">
		<string name="filename" value="meshes/Cube_027.ply" />
		<boolean name="face_normals" value="true" />
		<ref id="mat-Material" name="bsdf" />
		<transform name="to_world">
			<matrix value="0.999288154645079 0.03371972141511776 0.016919404794380977 0.017794026920762818 -0.03384236038345682 0.9994026152270543 0.0070146295614251985 -0.029279878306095908 -0.016672770097885384 -0.007582229054509275 0.9998323957106541 -0.02482607741580245 0.0 0.0 0.0 1.0" />
			<scale value="1" />
		</transform>
	</shape>
	<shape type="ply" name="temp32">
		<string name="filename" value="meshes/Cube_028.ply" />
		<boolean name="face_normals" value="true" />
		<ref id="mat-Material" name="bsdf" />
		<transform name="to_world">
			<matrix value="0.9993998514255523 -0.014926056947622455 0.0312720290898638 0.04165924707246749 0.013481508863937364 0.9988548734624748 0.045905420119417464 0.0979567248276087 -0.03192140624473651 -0.04545626722122218 0.998456338491637 -0.05565503779276759 0.0 0.0 0.0 1.0" />
			<scale value="1" />
		</transform>
	</shape>
	<shape type="ply" name="temp33">
		<string name="filename" value="meshes/Cube_029.ply" />
		<boolean name="face_normals" value="true" />
		<ref id="mat-Material" name="bsdf" />
		<transform name="to_world">
			<matrix value="0.9341339155749637 -0.3559416214908338 0.026444694603236438 -0.027005869220691814 0.3519238883954137 0.9308762825312928 0.09807708946286726 0.8810898329457765 -0.05952644997491255 -0.08231059002175532 0.9948274337726662 -0.16203678720491377 0.0 0.0 0.0 1.0" />
			<scale value="1" />
		</transform>
	</shape>
	<shape type="ply" name="temp34">
		<string name="filename" value="meshes/Cube_030.ply" />
		<boolean name="face_normals" value="true" />
		<ref id="mat-Material" name="bsdf" />
		<transform name="to_world">
			<matrix value="0.9973626110135548 -0.07160801435899668 -0.011810331905424073 -0.008110384102256951 0.07088139783576203 0.9960532268201908 -0.05341908854548057 0.11923352093465783 0.01558895941274015 0.05244106436364272 0.9985023031905107 -0.02532886125817524 0.0 0.0 0.0 1.0" />
			<scale value="1" />
		</transform>
	</shape>
	<shape type="ply" name="temp35">
		<string name="filename" value="meshes/Cube_031.ply" />
		<boolean name="face_normals" value="true" />
		<ref id="mat-Material" name="bsdf" />
		<transform name="to_world">
			<matrix value="0.998955280509621 0.03589865317266798 -0.028278744135622837 -0.032934434547859937 -0.03380522120394946 0.9968806252516046 0.07131775267469496 0.017993273453991154 0.03075073976955004 -0.07028726197950452 0.9970528594142786 -0.15493945253970054 0.0 0.0 0.0 1.0" />
			<scale value="1" />
		</transform>
	</shape>
	<shape type="ply" name="temp36">
		<string name="filename" value="meshes/Cube_032.ply" />
		<boolean name="face_normals" value="true" />
		<ref id="mat-Material" name="bsdf" />
		<transform name="to_world">
			<matrix value="0.9985452824066933 0.052662805080273586 0.011583749428514289 -0.01677124603482172 -0.05388133014908861 0.9828178873354011 0.17653759796813487 0.04673383306611839 -0.0020877502318151437 -0.1769049044372089 0.9842258123843732 -0.4218786876527332 0.0 0.0 0.0 1.0" />
			<scale value="1" />
		</transform>
	</shape>
	<shape type="ply" name="temp37">
		<string name="filename" value="meshes/Cube_033.ply" />
		<boolean name="face_normals" value="true" />
		<ref id="mat-Material" name="bsdf" />
		<transform name="to_world">
			<matrix value="0.9974283146019606 0.027318651796013126 0.06626551167060107 -0.01828809156665745 -0.060417010178590747 0.8178716915959394 0.572219955453664 0.25802758437641016 -0.03856439496690761 -0.5747517328121513 0.8174186480929279 -0.47264842512566674 0.0 0.0 0.0 1.0" />
			<scale value="1" />
		</transform>
	</shape>
	<shape type="ply" name="temp38">
		<string name="filename" value="meshes/Cube_034.ply" />
		<boolean name="face_normals" value="true" />
		<ref id="mat-Material" name="bsdf" />
		<transform name="to_world">
			<matrix value="0.9999738487696511 0.00506364317106188 -0.005219301584179668 -0.02085419060414484 0.0016836206422742174 0.5370174146839013 0.843569408742183 0.3540681791348591 0.007074390942277586 -0.843555899487509 0.5369949236466721 -0.19476438323112977 0.0 0.0 0.0 1.0" />
			<scale value="1" />
		</transform>
	</shape>
	<shape type="ply" name="temp39">
		<string name="filename" value="meshes/Cube_035.ply" />
		<boolean name="face_normals" value="true" />
		<ref id="mat-Material" name="bsdf" />
		<transform name="to_world">
			<matrix value="0.999914897691068 -0.00790323367881808 -0.010400165287615106 0.005046875395164019 0.012764699207662045 0.42220585996082793 0.9064101430617261 0.10512778194250769 -0.002772557874002486 -0.9064654803795396 0.42227061497299656 -0.030617739279753697 0.0 0.0 0.0 1.0" />
			<scale value="1" />
		</transform>
	</shape>
	<shape type="ply" name="temp40">
		<string name="filename" value="meshes/Cube_036.ply" />
		<boolean name="face_normals" value="true" />
		<ref id="mat-Material" name="bsdf" />
		<transform name="to_world">
			<matrix value="0.999922432791338 -0.007485888244827637 -0.009956829484738553 0.00943094176277226 0.012053975252957748 0.3797788174534806 0.924998853482647 -0.20890533990110444 -0.0031430454570437233 -0.9250469835614896 0.3798395443054492 0.13864888941088702 0.0 0.0 0.0 1.0" />
			<scale value="1" />
		</transform>
	</shape>
	<shape type="ply" name="temp41">
		<string name="filename" value="meshes/Cube_037.ply" />
		<boolean name="face_normals" value="true" />
		<ref id="mat-Material" name="bsdf" />
		<transform name="to_world">
			<matrix value="0.9999521299512257 -0.006322631580045179 -0.007500232849400572 0.002479697054980079 0.008980461041758639 0.28237172601231064 0.9592631746663635 -0.5519119207419787 -0.003947213519920146 -0.9592841811928089 0.2824148823153126 0.5402119306391366 0.0 0.0 0.0 1.0" />
			<scale value="1" />
		</transform>
	</shape>
	<shape type="ply" name="temp42">
		<string name="filename" value="meshes/Cube_038.ply" />
		<boolean name="face_normals" value="true" />
		<ref id="mat-Material" name="bsdf" />
		<transform name="to_world">
			<matrix value="0.999864811436332 -0.01483985749536422 -0.007094838497074135 0.0025074471838886225 0.010974851381228204 0.280595841250837 0.9597633871857656 -0.8707523508353517 -0.0122519710935824 -0.9597111527815729 0.28072087337673235 0.7259144052762853 0.0 0.0 0.0 1.0" />
			<scale value="1" />
		</transform>
	</shape>
	<shape type="ply" name="temp43">
		<string name="filename" value="meshes/Cube_039.ply" />
		<boolean name="face_normals" value="true" />
		<ref id="mat-Material" name="bsdf" />
		<transform name="to_world">
			<matrix value="0.9999374622945245 0.0032045770261968517 -0.010701532487361694 0.018523449685080795 0.008258972640591125 0.4329831776099936 0.9013641497775293 -1.319332924724108 0.00752208712103188 -0.9013963989751645 0.43292968972325463 1.4382850401177647 0.0 0.0 0.0 1.0" />
			<scale value="1" />
		</transform>
	</shape>
	<shape type="ply" name="temp47">
		<string name="filename" value="meshes/Plane_001.ply" />
		<boolean name="face_normals" value="true" />
		<ref id="mat-Material.002" name="bsdf" />
		<transform name="to_world">
			<scale value="1" />
		</transform>
	</shape>
	<shape type="ply" name="temp49">
		<string name="filename" value="meshes/Plane_002.ply" />
		<boolean name="face_normals" value="true" />
		<ref id="mat-Material.003" name="bsdf" />
		<transform name="to_world">
			<scale value="1" />
		</transform>
	</shape>
	<shape type="ply" name="temp51">
		<string name="filename" value="meshes/Plane_003.ply" />
		<boolean name="face_normals" value="true" />
		<ref id="mat-Material.004" name="bsdf" />
		<transform name="to_world">
			<scale value="1" />
		</transform>
	</shape>
	<shape type="ply" name="temp53">
		<string name="filename" value="meshes/Plane_004.ply" />
		<boolean name="face_normals" value="true" />
		<ref id="mat-Material.005" name="bsdf" />
		<transform name="to_world">
			<scale value="1" />
		</transform>
	</shape>
	<emitter type="point">
		<transform name="to_world">
			<rotate x="1" angle="-142.5518126578256" />
			<rotate y="1" angle="3.976628485794621e-06" />
			<rotate z="1" angle="-179.999991348578" />
			<translate value="-0.000000 3.030926 4.073377" />
		</transform>
		<rgb name="intensity" value="100" />
	</emitter>
</scene>