<scene version="2.1.0">
	<default name="spp" value="1024" />
	<default name="resx" value="640" />
	<default name="resy" value="360" />
	<integrator type="path" name="temp0">
		<integer name="max_depth" value="12" />
	</integrator>
	<sensor type="perspective" name="temp44">
		<string name="fov_axis" value="x" />
		<float name="fov" value="83.974423" />
		<float name="principal_point_offset_x" value="0.000000" />
		<float name="principal_point_offset_y" value="-0.000000" />
		<float name="near_clip" value="0.100000" />
		<float name="far_clip" value="1000.000000" />
		<transform name="to_world">
			<rotate x="1" angle="-142.5518126578256" />
			<rotate y="1" angle="3.976628485794621e-06" />
			<rotate z="1" angle="-179.999991348578" />
			<translate value="-0.000000 3.030926 4.073377" />
		</transform>
		<sampler type="independent" name="sampler">
			<integer name="sample_count" value="$spp" />
		</sampler>
		<film type="hdrfilm" name="film">
			<integer name="width" value="$resx" />
			<integer name="height" value="$resy" />
		</film>
		<float name="shutter_open" value="0.0" />
		<float name="shutter_close" value="0.0015" />
	</sensor>
	<bsdf type="twosided" id="mat-Material" name="mat-Material">
		<bsdf type="diffuse" name="bsdf">
			<texture type="bitmap" name="reflectance">
				<string name="filename" value="textures/siggraph_2023_logo.jpg" />
			</texture>
		</bsdf>
	</bsdf>
	<bsdf type="twosided" id="mat-Material.001" name="mat-Material.001">
		<bsdf type="principled" name="bsdf">
			<rgb value="0.433648 0.266232 0.084399" name="base_color" />
			<float name="spec_tint" value="0.000000" />
			<float name="spec_trans" value="0.000000" />
			<float name="metallic" value="0.000000" />
			<float name="anisotropic" value="0.000000" />
			<float name="roughness" value="0.500000" />
			<float name="sheen" value="0.000000" />
			<float name="sheen_tint" value="0.500000" />
			<float name="clearcoat" value="0.000000" />
			<float name="clearcoat_gloss" value="0.173205" />
			<float name="specular" value="0.500000" />
		</bsdf>
	</bsdf>
	<bsdf type="twosided" id="mat-Material.002" name="mat-Material.002">
		<bsdf type="principled" name="bsdf">
			<rgb value="0.433648 0.266232 0.084399" name="base_color" />
			<float name="spec_tint" value="0.000000" />
			<float name="spec_trans" value="0.000000" />
			<float name="metallic" value="0.000000" />
			<float name="anisotropic" value="0.000000" />
			<float name="roughness" value="0.500000" />
			<float name="sheen" value="0.000000" />
			<float name="sheen_tint" value="0.500000" />
			<float name="clearcoat" value="0.000000" />
			<float name="clearcoat_gloss" value="0.173205" />
			<float name="specular" value="0.500000" />
		</bsdf>
	</bsdf>
	<bsdf type="twosided" id="mat-Material.003" name="mat-Material.003">
		<bsdf type="principled" name="bsdf">
			<rgb value="0.433648 0.266232 0.084399" name="base_color" />
			<float name="spec_tint" value="0.000000" />
			<float name="spec_trans" value="0.000000" />
			<float name="metallic" value="0.000000" />
			<float name="anisotropic" value="0.000000" />
			<float name="roughness" value="0.500000" />
			<float name="sheen" value="0.000000" />
			<float name="sheen_tint" value="0.500000" />
			<float name="clearcoat" value="0.000000" />
			<float name="clearcoat_gloss" value="0.173205" />
			<float name="specular" value="0.500000" />
		</bsdf>
	</bsdf>
	<bsdf type="twosided" id="mat-Material.004" name="mat-Material.004">
		<bsdf type="principled" name="bsdf">
			<rgb value="0.433648 0.266232 0.084399" name="base_color" />
			<float name="spec_tint" value="0.000000" />
			<float name="spec_trans" value="0.000000" />
			<float name="metallic" value="0.000000" />
			<float name="anisotropic" value="0.000000" />
			<float name="roughness" value="0.500000" />
			<float name="sheen" value="0.000000" />
			<float name="sheen_tint" value="0.500000" />
			<float name="clearcoat" value="0.000000" />
			<float name="clearcoat_gloss" value="0.173205" />
			<float name="specular" value="0.500000" />
		</bsdf>
	</bsdf>
	<bsdf type="twosided" id="mat-Material.005" name="mat-Material.005">
		<bsdf type="principled" name="bsdf">
			<rgb value="0.433648 0.266232 0.084399" name="base_color" />
			<float name="spec_tint" value="0.000000" />
			<float name="spec_trans" value="0.000000" />
			<float name="metallic" value="0.000000" />
			<float name="anisotropic" value="0.000000" />
			<float name="roughness" value="0.500000" />
			<float name="sheen" value="0.000000" />
			<float name="sheen_tint" value="0.500000" />
			<float name="clearcoat" value="0.000000" />
			<float name="clearcoat_gloss" value="0.173205" />
			<float name="specular" value="0.500000" />
		</bsdf>
	</bsdf>
	<emitter type="point" name="temp45">
		<point name="position" x="-6.815235034541981e-16" y="3.0693089962005615" z="4.109199523925781" />
		<rgb value="7.957747 7.957747 7.957747" name="intensity" />
	</emitter>
	<shape type="ply" name="temp2">
		<string name="filename" value="meshes/Cube.ply" />
		<boolean name="face_normals" value="true" />
		<ref id="mat-Material" name="bsdf" />
		<transform name="to_world">
			<matrix value="0.9999991135176153 0.0001285251229081625 0.0013636701036971758 -0.0022382197815677962 -0.00012692832080733724 0.9999991656637249 -0.0011709606302488628 -0.015972287257226936 -0.001363822121990614 0.001170784463824222 0.9999985816280168 0.0030368444215091994 0.0 0.0 0.0 1.0" />
			<scale value="1" />
		</transform>
	</shape>
	<shape type="ply" name="temp4">
		<string name="filename" value="meshes/Plane.ply" />
		<boolean name="face_normals" value="true" />
		<ref id="mat-Material.001" name="bsdf" />
		<transform name="to_world">
			<scale value="1" />
		</transform>
	</shape>
	<shape type="ply" name="temp5">
		<string name="filename" value="meshes/Cube_001.ply" />
		<boolean name="face_normals" value="true" />
		<ref id="mat-Material" name="bsdf" />
		<transform name="to_world">
			<matrix value="0.9999986702764229 0.00018848991391735482 -0.0016442311738304695 0.0021562785426483266 -0.00019395614039753416 0.9999943682301434 -0.0033250421611072 -0.013925203946736742 0.0016435959626046272 0.003325357773823951 0.9999931445354147 -0.0036542558146831494 0.0 0.0 0.0 1.0" />
			<scale value="1" />
		</transform>
	</shape>
	<shape type="ply" name="temp6">
		<string name="filename" value="meshes/Cube_002.ply" />
		<boolean name="face_normals" value="true" />
		<ref id="mat-Material" name="bsdf" />
		<transform name="to_world">
			<matrix value="1.0 9.599518587969288e-05 0.0003600017209580063 -0.0008884141689238234 -9.745677068650968e-05 0.9999916566372494 0.0040621700807668285 -0.020022449461215064 -0.0003596082279749019 -0.004062195597624644 0.9999917261634315 0.0008623125827895706 0.0 0.0 0.0 1.0" />
			<scale value="1" />
		</transform>
	</shape>
	<shape type="ply" name="temp7">
		<string name="filename" value="meshes/Cube_003.ply" />
		<boolean name="face_normals" value="true" />
		<ref id="mat-Material" name="bsdf" />
		<transform name="to_world">
			<matrix value="0.9999991135176153 -0.000209871032470282 0.0013113676368173433 -0.0012760124146491414 0.00021243131977724474 0.9999981227433812 -0.0019530343941022202 -0.017599678518433637 -0.0013109567449785206 0.0019533105420474197 0.9999973996513641 0.003969532278383869 0.0 0.0 0.0 1.0" />
			<scale value="1" />
		</transform>
	</shape>
	<shape type="ply" name="temp8">
		<string name="filename" value="meshes/Cube_004.ply" />
		<boolean name="face_normals" value="true" />
		<ref id="mat-Material" name="bsdf" />
		<transform name="to_world">
			<matrix value="0.9999995567588077 0.0003722391291197961 0.0010326102630559958 -0.0005347761445890775 -0.0003729161015341464 0.9999995828318625 0.0006555904422531122 -0.01685684586658287 -0.0010323663583480932 -0.0006559760378621803 0.9999992908140084 0.003255936168878714 0.0 0.0 0.0 1.0" />
			<scale value="1" />
		</transform>
	</shape>
	<shape type="ply" name="temp9">
		<string name="filename" value="meshes/Cube_005.ply" />
		<boolean name="face_normals" value="true" />
		<ref id="mat-Material" name="bsdf" />
		<transform name="to_world">
			<matrix value="0.9999995567588077 0.0005336456532122989 0.0008002123775649484 -0.0006863550399982543 -0.0005378111331549731 0.9999862334514615 0.005211145945276372 -0.014347254484775307 -0.0007974219319287907 -0.005211581421834163 0.9999862890708293 0.002195269595837157 0.0 0.0 0.0 1.0" />
			<scale value="1" />
		</transform>
	</shape>
	<shape type="ply" name="temp10">
		<string name="filename" value="meshes/Cube_006.ply" />
		<boolean name="face_normals" value="true" />
		<ref id="mat-Material" name="bsdf" />
		<transform name="to_world">
			<matrix value="0.9999991135176153 0.00024339466400235282 -0.0013369999825067456 -0.0012033562168478618 -0.0002445463603692731 0.9999995828318625 -0.0008606350240484969 -0.017796541270867883 0.0013367888416689273 0.0008609599456012749 0.9999988180233473 -0.003246097224770761 0.0 0.0 0.0 1.0" />
			<scale value="1" />
		</transform>
	</shape>
	<shape type="ply" name="temp11">
		<string name="filename" value="meshes/Cube_007.ply" />
		<boolean name="face_normals" value="true" />
		<ref id="mat-Material" name="bsdf" />
		<transform name="to_world">
			<matrix value="0.9999995567588077 -0.0011840691831639285 -6.666797472082893e-05 0.0006419392118348632 0.0011842739797917477 0.9999941596460746 0.0031672246384451615 -0.017360248386922794 6.291720077230345e-05 -0.0031672948523537667 0.9999950356980589 9.866315489848176e-05 0.0 0.0 0.0 1.0" />
			<scale value="1" />
		</transform>
	</shape>
	<shape type="ply" name="temp12">
		<string name="filename" value="meshes/Cube_008.ply" />
		<boolean name="face_normals" value="true" />
		<ref id="mat-Material" name="bsdf" />
		<transform name="to_world">
			<matrix value="0.999997340552846 0.0022829067441486957 9.73698182734536e-05 0.00010382409410913951 -0.002282590195150232 0.9999924909735245 -0.003142001256677577 -0.01652605782189598 -0.00010454198114629264 0.0031417766773809354 0.9999952720933893 -8.622561674398455e-05 0.0 0.0 0.0 1.0" />
			<scale value="1" />
		</transform>
	</shape>
	<shape type="ply" name="temp13">
		<string name="filename" value="meshes/Cube_009.ply" />
		<boolean name="face_normals" value="true" />
		<ref id="mat-Material" name="bsdf" />
		<transform name="to_world">
			<matrix value="0.9999986702764229 -0.001588275906662801 0.0009007489476861861 0.001681729602380777 0.0015875747083029714 0.99999833132745 0.0007812960232159126 -0.01987982721314585 -0.0009019869616170858 -0.0007798645455057435 0.9999992908140084 0.0015540369526849673 0.0 0.0 0.0 1.0" />
			<scale value="1" />
		</transform>
	</shape>
	<shape type="ply" name="temp14">
		<string name="filename" value="meshes/Cube_010.ply" />
		<boolean name="face_normals" value="true" />
		<ref id="mat-Material" name="bsdf" />
		<transform name="to_world">
			<matrix value="0.9999836000758829 -0.00020664527984681587 0.005785350203134507 0.011975423195601964 0.00020555177323071416 1.0 0.00018958290880671891 -0.017859290210124834 -0.005785379068732525 -0.0001883906279006222 0.9999834523268629 0.009502846744594118 0.0 0.0 0.0 1.0" />
			<scale value="1" />
		</transform>
	</shape>
	<shape type="ply" name="temp15">
		<string name="filename" value="meshes/Cube_011.ply" />
		<boolean name="face_normals" value="true" />
		<ref id="mat-Material" name="bsdf" />
		<transform name="to_world">
			<matrix value="0.9999995567588077 0.0003867065201294056 -0.0010376596673161234 -0.002236330569358902 -0.0003863990553643709 0.9999997914159312 0.00029705910025100456 -0.01678921330548455 0.0010377739008948154 -0.00029665869180243754 0.9999995272093389 -0.0015602616772201205 0.0 0.0 0.0 1.0" />
			<scale value="1" />
		</transform>
	</shape>
	<shape type="ply" name="temp16">
		<string name="filename" value="meshes/Cube_012.ply" />
		<boolean name="face_normals" value="true" />
		<ref id="mat-Material" name="bsdf" />
		<transform name="to_world">
			<matrix value="0.9999946811056918 0.0033381481489206818 0.00014151522787800676 0.005300675158444568 -0.0033383242291592425 0.9999935338938684 0.0012412858771283263 -0.011816081699487224 -0.0001373706400580114 -0.0012417531073811645 0.9999992908140084 -0.010559742288618335 0.0 0.0 0.0 1.0" />
			<scale value="1" />
		</transform>
	</shape>
	<shape type="ply" name="temp17">
		<string name="filename" value="meshes/Cube_013.ply" />
		<boolean name="face_normals" value="true" />
		<ref id="mat-Material" name="bsdf" />
		<transform name="to_world">
			<matrix value="0.9992961329865415 0.03220233489006577 0.019259624008498885 0.059254847353164664 -0.03349042244431561 0.9969288081714895 0.07079028377368267 0.09792036251120745 -0.01692086549048184 -0.07138543624315064 0.997305329627285 -0.13604761223399442 0.0 0.0 0.0 1.0" />
			<scale value="1" />
		</transform>
	</shape>
	<shape type="ply" name="temp18">
		<string name="filename" value="meshes/Cube_014.ply" />
		<boolean name="face_normals" value="true" />
		<ref id="mat-Material" name="bsdf" />
		<transform name="to_world">
			<matrix value="0.9932636203585999 0.11222830360662714 -0.02885181369589443 -0.012874598954772942 -0.09089121620064287 0.90899581371774 0.4067741918707428 0.41246601535952343 0.07187776471693731 -0.4014114883933395 0.9130731818480536 -0.2027792333244136 0.0 0.0 0.0 1.0" />
			<scale value="1" />
		</transform>
	</shape>
	<shape type="ply" name="temp19">
		<string name="filename" value="meshes/Cube_015.ply" />
		<boolean name="face_normals" value="true" />
		<ref id="mat-Material" name="bsdf" />
		<transform name="to_world">
			<matrix value="0.9904477090635733 0.13788199564893633 0.0014824422096155218 0.003532260742513449 -0.10314382112913034 0.7336919588755649 0.6716081170591853 0.4260104832646385 0.09151503385476227 -0.6653454256470799 0.7409052806461724 -0.19059318029668293 0.0 0.0 0.0 1.0" />
			<scale value="1" />
		</transform>
	</shape>
	<shape type="ply" name="temp20">
		<string name="filename" value="meshes/Cube_016.ply" />
		<boolean name="face_normals" value="true" />
		<ref id="mat-Material" name="bsdf" />
		<transform name="to_world">
			<matrix value="0.987478436315992 0.14492066504944487 0.06232437599906577 0.08372851288654559 -0.1436939632322566 0.6632545789417696 0.7344696541678152 0.2406104230227354 0.06510291174004082 -0.7342284371004312 0.6757738755737905 -0.17720827037196507 0.0 0.0 0.0 1.0" />
			<scale value="1" />
		</transform>
	</shape>
	<shape type="ply" name="temp21">
		<string name="filename" value="meshes/Cube_017.ply" />
		<boolean name="face_normals" value="true" />
		<ref id="mat-Material" name="bsdf" />
		<transform name="to_world">
			<matrix value="0.9559205499027529 0.23556337514053352 0.17528888691367456 0.20763358967853662 -0.28793541798530925 0.6350671536409392 0.7167865742581561 0.08804849030345119 0.05752845165213723 -0.7356626611572662 0.6749006312228116 -0.18597163203041236 0.0 0.0 0.0 1.0" />
			<scale value="1" />
		</transform>
	</shape>
	<shape type="ply" name="temp22">
		<string name="filename" value="meshes/Cube_018.ply" />
		<boolean name="face_normals" value="true" />
		<ref id="mat-Material" name="bsdf" />
		<transform name="to_world">
			<matrix value="0.03496088839718666 0.9932362444021251 0.11072199389059907 0.8960995688905415 -0.7274904392874809 -0.050669888595248874 0.6842443930573527 0.14359502328377916 0.6852269483553093 -0.10447095779718538 0.720798439412586 -0.3849539315404339 0.0 0.0 0.0 1.0" />
			<scale value="1" />
		</transform>
	</shape>
	<shape type="ply" name="temp23">
		<string name="filename" value="meshes/Cube_019.ply" />
		<boolean name="face_normals" value="true" />
		<ref id="mat-Material" name="bsdf" />
		<transform name="to_world">
			<matrix value="-0.07983190521021157 0.9902146955819808 -0.11446155526379119 0.4454606927763286 -0.8557205594767626 -0.009186238457479096 0.5173566179581968 -0.10060249196806531 0.5112428128440659 0.139248659325898 0.8480807772300236 -0.02990576878725082 0.0 0.0 0.0 1.0" />
			<scale value="1" />
		</transform>
	</shape>
	<shape type="ply" name="temp24">
		<string name="filename" value="meshes/Cube_020.ply" />
		<boolean name="face_normals" value="true" />
		<ref id="mat-Material" name="bsdf" />
		<transform name="to_world">
			<matrix value="0.12400017259602865 0.9920307274934596 0.02234035168617234 -0.172635210297088 -0.9097898982777534 0.12265026136548157 -0.3965340196785577 0.2557666906181883 -0.3961138323354374 0.028845249760290046 0.9177483719798569 0.12256589822439967 0.0 0.0 0.0 1.0" />
			<scale value="1" />
		</transform>
	</shape>
	<shape type="ply" name="temp25">
		<string name="filename" value="meshes/Cube_021.ply" />
		<boolean name="face_normals" value="true" />
		<ref id="mat-Material" name="bsdf" />
		<transform name="to_world">
			<matrix value="0.29666997324596167 0.940694543232177 -0.16456183416300216 -0.2118093921138827 -0.7416777033723563 0.11840829497124669 -0.6602226087548537 0.16482747781133847 -0.6015824597049432 0.317920083099893 0.7328203239467052 0.14726725659365447 0.0 0.0 0.0 1.0" />
			<scale value="1" />
		</transform>
	</shape>
	<shape type="ply" name="temp26">
		<string name="filename" value="meshes/Cube_022.ply" />
		<boolean name="face_normals" value="true" />
		<ref id="mat-Material" name="bsdf" />
		<transform name="to_world">
			<matrix value="0.7018728713341736 0.529000694584949 -0.4770041714320025 -0.12312616423840572 -0.5747840972152043 0.02509182913627423 -0.8179205153796438 -0.007340627252097928 -0.4207117301122109 0.8482502925391565 0.32167234567049047 0.5166870513463822 0.0 0.0 0.0 1.0" />
			<scale value="1" />
		</transform>
	</shape>
	<shape type="ply" name="temp27">
		<string name="filename" value="meshes/Cube_023.ply" />
		<boolean name="face_normals" value="true" />
		<ref id="mat-Material" name="bsdf" />
		<transform name="to_world">
			<matrix value="0.8739036429107118 0.33768154635885217 -0.34966249838660185 -0.09997046388609687 -0.4297091717240487 0.2003731360406155 -0.8804548813508196 -0.2271146109723842 -0.22725029120946338 0.9196857472419971 0.3202116589231436 0.12379758762969928 0.0 0.0 0.0 1.0" />
			<scale value="1" />
		</transform>
	</shape>
	<shape type="ply" name="temp28">
		<string name="filename" value="meshes/Cube_024.ply" />
		<boolean name="face_normals" value="true" />
		<ref id="mat-Material" name="bsdf" />
		<transform name="to_world">
			<matrix value="0.9043387993837175 0.33331379595889227 -0.26659625237754603 -0.11475469759011048 -0.345637753157207 0.20544466994699878 -0.9156021390940668 -0.4760317021060137 -0.25041208133653176 0.9201600674143711 0.30099744645763965 -0.22959667397030126 0.0 0.0 0.0 1.0" />
			<scale value="1" />
		</transform>
	</shape>
	<shape type="ply" name="temp29">
		<string name="filename" value="meshes/Cube_025.ply" />
		<boolean name="face_normals" value="true" />
		<ref id="mat-Material" name="bsdf" />
		<transform name="to_world">
			<matrix value="0.8889157788545584 0.3994240993861371 -0.2242534753659518 -0.2847809732845623 -0.31994886769605 0.1910399375916466 -0.927974361508032 -0.7911248749418591 -0.327814094006138 0.8966403364043861 0.2976136836964287 -0.7446838794821125 0.0 0.0 0.0 1.0" />
			<scale value="1" />
		</transform>
	</shape>
	<shape type="ply" name="temp30">
		<string name="filename" value="meshes/Cube_026.ply" />
		<boolean name="face_normals" value="true" />
		<ref id="mat-Material" name="bsdf" />
		<transform name="to_world">
			<matrix value="0.920718334405977 0.2652332074180838 -0.28623243050804664 -0.3017995504436709 -0.34399204293411484 0.20532844690388238 -0.9162477347417453 -1.130900951658877 -0.1842476069408025 0.9420676521568636 0.28028779713120083 -0.8541753878673041 0.0 0.0 0.0 1.0" />
			<scale value="1" />
		</transform>
	</shape>
	<shape type="ply" name="temp31">
		<string name="filename" value="meshes/Cube_027.ply" />
		<boolean name="face_normals" value="true" />
		<ref id="mat-Material" name="bsdf" />
		<transform name="to_world">
			<matrix value="0.8795195088178402 0.2222692695177328 -0.4207635947408658 -0.5041206475594124 -0.4638270862919683 0.20281014886644988 -0.8623994787955752 -1.5536617115650004 -0.10634969602519029 0.9536584602741213 0.28147001017918294 -1.0044395798430727 0.0 0.0 0.0 1.0" />
			<scale value="1" />
		</transform>
	</shape>
	<shape type="ply" name="temp32">
		<string name="filename" value="meshes/Cube_028.ply" />
		<boolean name="face_normals" value="true" />
		<ref id="mat-Material" name="bsdf" />
		<transform name="to_world">
			<matrix value="-0.11403297182581686 0.9807478990369674 0.15852415558405958 -1.4691651175545901 -0.8148040785281556 -0.0010323201014552912 -0.5797354358018837 -2.113078638928925 -0.5684107321103423 -0.1952750493822783 0.7992351192685361 -1.251955865354311 0.0 0.0 0.0 1.0" />
			<scale value="1" />
		</transform>
	</shape>
	<shape type="ply" name="temp33">
		<string name="filename" value="meshes/Cube_029.ply" />
		<boolean name="face_normals" value="true" />
		<ref id="mat-Material" name="bsdf" />
		<transform name="to_world">
			<matrix value="-0.0013445499949470505 0.9875189550772492 0.15749465391960005 -1.6645434822518808 -0.9999977837940383 -0.0015984402083337678 0.0014854160628735933 -1.8921180626363392 0.001718623399234434 -0.15749225631644706 0.9875187993386604 -0.17323818093432197 0.0 0.0 0.0 1.0" />
			<scale value="1" />
		</transform>
	</shape>
	<shape type="ply" name="temp34">
		<string name="filename" value="meshes/Cube_030.ply" />
		<boolean name="face_normals" value="true" />
		<ref id="mat-Material" name="bsdf" />
		<transform name="to_world">
			<matrix value="-0.04548921659559585 0.9821470854382224 -0.1825313174854776 -3.210305455189947 -0.965610291533978 0.0035915993726643204 0.25996831519172564 -1.8297874863654313 0.25598261852489235 0.1880798835873717 0.948208329196897 0.34408028601592866 0.0 0.0 0.0 1.0" />
			<scale value="1" />
		</transform>
	</shape>
	<shape type="ply" name="temp35">
		<string name="filename" value="meshes/Cube_031.ply" />
		<boolean name="face_normals" value="true" />
		<ref id="mat-Material" name="bsdf" />
		<transform name="to_world">
			<matrix value="0.09994326512737865 0.9877187786151269 0.1200955651763202 -2.0385512824788043 -0.7719945144470034 0.0008296848503305015 0.6356287477524714 -1.1564575110368196 0.6277226090240361 -0.15623991756757602 0.7625964433849731 0.6307651854013177 0.0 0.0 0.0 1.0" />
			<scale value="1" />
		</transform>
	</shape>
	<shape type="ply" name="temp36">
		<string name="filename" value="meshes/Cube_032.ply" />
		<boolean name="face_normals" value="true" />
		<ref id="mat-Material" name="bsdf" />
		<transform name="to_world">
			<matrix value="0.7764025481049667 0.5778740277375095 0.2515168306383478 -0.5401050955874704 -0.28538110764201 -0.033466980098994 0.9578296733820276 0.28705579343138765 0.5619225675366605 -0.8154396013541279 0.13893045769445525 -0.20363130051094336 0.0 0.0 0.0 1.0" />
			<scale value="1" />
		</transform>
	</shape>
	<shape type="ply" name="temp37">
		<string name="filename" value="meshes/Cube_033.ply" />
		<boolean name="face_normals" value="true" />
		<ref id="mat-Material" name="bsdf" />
		<transform name="to_world">
			<matrix value="0.9789859350704843 0.15640451125623928 0.13086013386594778 -0.1290640723019867 -0.1494731191946485 0.11382159387430309 0.9821928125418125 0.30115739156008575 0.1387246532524152 -0.9811127125732392 0.13480803044393624 -0.39760299540138244 0.0 0.0 0.0 1.0" />
			<scale value="1" />
		</transform>
	</shape>
	<shape type="ply" name="temp38">
		<string name="filename" value="meshes/Cube_034.ply" />
		<boolean name="face_normals" value="true" />
		<ref id="mat-Material" name="bsdf" />
		<transform name="to_world">
			<matrix value="0.9999233192737227 0.004194162566251515 0.011669560933496794 -0.035781884031476086 -0.012236453219438077 0.1812210928553699 0.9833662789625648 0.3694765648196349 0.002009628971662704 -0.9834334189223296 0.18125848363742442 -0.34243898035911924 0.0 0.0 0.0 1.0" />
			<scale value="1" />
		</transform>
	</shape>
	<shape type="ply" name="temp39">
		<string name="filename" value="meshes/Cube_035.ply" />
		<boolean name="face_normals" value="true" />
		<ref id="mat-Material" name="bsdf" />
		<transform name="to_world">
			<matrix value="0.9990705232196331 -0.0430427826783446 0.0024101449528887747 0.009574712080379744 0.006788761885512573 0.21229102483610507 0.9771831226972141 0.09201154826305344 -0.04257231923294452 -0.9762581269567793 0.21238593334313585 -0.13473353771327928 0.0 0.0 0.0 1.0" />
			<scale value="1" />
		</transform>
	</shape>
	<shape type="ply" name="temp40">
		<string name="filename" value="meshes/Cube_036.ply" />
		<boolean name="face_normals" value="true" />
		<ref id="mat-Material" name="bsdf" />
		<transform name="to_world">
			<matrix value="0.999752228173474 -0.022111433952897545 0.0025668277779642675 0.005442976189822701 0.002208604375322458 0.21327512447254307 0.9769897513168402 -0.2509687933936996 -0.02215009210551977 -0.9767420419963164 0.21327102110017443 0.24465101301277198 0.0 0.0 0.0 1.0" />
			<scale value="1" />
		</transform>
	</shape>
	<shape type="ply" name="temp41">
		<string name="filename" value="meshes/Cube_037.ply" />
		<boolean name="face_normals" value="true" />
		<ref id="mat-Material" name="bsdf" />
		<transform name="to_world">
			<matrix value="0.9989889668402399 -0.04486712151899263 0.0028250187579694774 -0.0018455030665012195 0.006821991677703372 0.2134071581880719 0.9769396355067678 -0.5690636538986555 -0.04443532845058836 -0.9759325272254356 0.21349755874542162 0.5075688742555505 0.0 0.0 0.0 1.0" />
			<scale value="1" />
		</transform>
	</shape>
	<shape type="ply" name="temp42">
		<string name="filename" value="meshes/Cube_038.ply" />
		<boolean name="face_normals" value="true" />
		<ref id="mat-Material" name="bsdf" />
		<transform name="to_world">
			<matrix value="0.9993032248456192 -0.03720799794753276 0.0029173784136076715 0.0037935083958156035 0.005095283559120397 0.2134447033204498 0.9769419994600731 -0.9043574843566639 -0.036972764601694595 -0.9762462376648596 0.21348571533936203 0.8516828773204818 0.0 0.0 0.0 1.0" />
			<scale value="1" />
		</transform>
	</shape>
	<shape type="ply" name="temp43">
		<string name="filename" value="meshes/Cube_039.ply" />
		<boolean name="face_normals" value="true" />
		<ref id="mat-Material" name="bsdf" />
		<transform name="to_world">
			<matrix value="0.9999658577194647 -0.003527719046697197 -0.007485795863685451 0.01841177178787401 0.008275157113514559 0.43300259658107115 0.9013546718727439 -1.3192852896483884 6.163514083384983e-05 -0.9013857975812473 0.43301692702226807 1.4668230590931095 0.0 0.0 0.0 1.0" />
			<scale value="1" />
		</transform>
	</shape>
	<shape type="ply" name="temp47">
		<string name="filename" value="meshes/Plane_001.ply" />
		<boolean name="face_normals" value="true" />
		<ref id="mat-Material.002" name="bsdf" />
		<transform name="to_world">
			<scale value="1" />
		</transform>
	</shape>
	<shape type="ply" name="temp49">
		<string name="filename" value="meshes/Plane_002.ply" />
		<boolean name="face_normals" value="true" />
		<ref id="mat-Material.003" name="bsdf" />
		<transform name="to_world">
			<scale value="1" />
		</transform>
	</shape>
	<shape type="ply" name="temp51">
		<string name="filename" value="meshes/Plane_003.ply" />
		<boolean name="face_normals" value="true" />
		<ref id="mat-Material.004" name="bsdf" />
		<transform name="to_world">
			<scale value="1" />
		</transform>
	</shape>
	<shape type="ply" name="temp53">
		<string name="filename" value="meshes/Plane_004.ply" />
		<boolean name="face_normals" value="true" />
		<ref id="mat-Material.005" name="bsdf" />
		<transform name="to_world">
			<scale value="1" />
		</transform>
	</shape>
	<emitter type="point">
		<transform name="to_world">
			<rotate x="1" angle="-142.5518126578256" />
			<rotate y="1" angle="3.976628485794621e-06" />
			<rotate z="1" angle="-179.999991348578" />
			<translate value="-0.000000 3.030926 4.073377" />
		</transform>
		<rgb name="intensity" value="100" />
	</emitter>
</scene>