<scene version="2.1.0">
	<default name="spp" value="1024" />
	<default name="resx" value="1280" />
	<default name="resy" value="720" />
	<integrator type="path" name="temp0">
		<integer name="max_depth" value="12" />
	</integrator>
	<sensor type="perspective" name="temp44">
		<string name="fov_axis" value="x" />
		<float name="fov" value="83.974423" />
		<float name="principal_point_offset_x" value="0.000000" />
		<float name="principal_point_offset_y" value="-0.000000" />
		<float name="near_clip" value="0.100000" />
		<float name="far_clip" value="1000.000000" />
		<transform name="to_world">
			<rotate x="1" angle="-142.5518126578256" />
			<rotate y="1" angle="3.976628485794621e-06" />
			<rotate z="1" angle="-179.999991348578" />
			<translate value="-0.000000 3.030926 4.073377" />
		</transform>
		<sampler type="independent" name="sampler">
			<integer name="sample_count" value="$spp" />
		</sampler>
		<film type="hdrfilm" name="film">
			<integer name="width" value="$resx" />
			<integer name="height" value="$resy" />
		</film>
		<float name="shutter_open" value="0.0" />
		<float name="shutter_close" value="0.0015" />
	</sensor>
	<bsdf type="twosided" id="mat-Material" name="mat-Material">
		<bsdf type="diffuse" name="bsdf">
			<texture type="bitmap" name="reflectance">
				<string name="filename" value="textures/siggraph_2023_logo.jpg" />
			</texture>
		</bsdf>
	</bsdf>
	<bsdf type="twosided" id="mat-Material.001" name="mat-Material.001">
		<bsdf type="principled" name="bsdf">
			<rgb value="0.433648 0.266232 0.084399" name="base_color" />
			<float name="spec_tint" value="0.000000" />
			<float name="spec_trans" value="0.000000" />
			<float name="metallic" value="0.000000" />
			<float name="anisotropic" value="0.000000" />
			<float name="roughness" value="0.500000" />
			<float name="sheen" value="0.000000" />
			<float name="sheen_tint" value="0.500000" />
			<float name="clearcoat" value="0.000000" />
			<float name="clearcoat_gloss" value="0.173205" />
			<float name="specular" value="0.500000" />
		</bsdf>
	</bsdf>
	<bsdf type="twosided" id="mat-Material.002" name="mat-Material.002">
		<bsdf type="principled" name="bsdf">
			<rgb value="0.433648 0.266232 0.084399" name="base_color" />
			<float name="spec_tint" value="0.000000" />
			<float name="spec_trans" value="0.000000" />
			<float name="metallic" value="0.000000" />
			<float name="anisotropic" value="0.000000" />
			<float name="roughness" value="0.500000" />
			<float name="sheen" value="0.000000" />
			<float name="sheen_tint" value="0.500000" />
			<float name="clearcoat" value="0.000000" />
			<float name="clearcoat_gloss" value="0.173205" />
			<float name="specular" value="0.500000" />
		</bsdf>
	</bsdf>
	<bsdf type="twosided" id="mat-Material.003" name="mat-Material.003">
		<bsdf type="principled" name="bsdf">
			<rgb value="0.433648 0.266232 0.084399" name="base_color" />
			<float name="spec_tint" value="0.000000" />
			<float name="spec_trans" value="0.000000" />
			<float name="metallic" value="0.000000" />
			<float name="anisotropic" value="0.000000" />
			<float name="roughness" value="0.500000" />
			<float name="sheen" value="0.000000" />
			<float name="sheen_tint" value="0.500000" />
			<float name="clearcoat" value="0.000000" />
			<float name="clearcoat_gloss" value="0.173205" />
			<float name="specular" value="0.500000" />
		</bsdf>
	</bsdf>
	<bsdf type="twosided" id="mat-Material.004" name="mat-Material.004">
		<bsdf type="principled" name="bsdf">
			<rgb value="0.433648 0.266232 0.084399" name="base_color" />
			<float name="spec_tint" value="0.000000" />
			<float name="spec_trans" value="0.000000" />
			<float name="metallic" value="0.000000" />
			<float name="anisotropic" value="0.000000" />
			<float name="roughness" value="0.500000" />
			<float name="sheen" value="0.000000" />
			<float name="sheen_tint" value="0.500000" />
			<float name="clearcoat" value="0.000000" />
			<float name="clearcoat_gloss" value="0.173205" />
			<float name="specular" value="0.500000" />
		</bsdf>
	</bsdf>
	<bsdf type="twosided" id="mat-Material.005" name="mat-Material.005">
		<bsdf type="principled" name="bsdf">
			<rgb value="0.433648 0.266232 0.084399" name="base_color" />
			<float name="spec_tint" value="0.000000" />
			<float name="spec_trans" value="0.000000" />
			<float name="metallic" value="0.000000" />
			<float name="anisotropic" value="0.000000" />
			<float name="roughness" value="0.500000" />
			<float name="sheen" value="0.000000" />
			<float name="sheen_tint" value="0.500000" />
			<float name="clearcoat" value="0.000000" />
			<float name="clearcoat_gloss" value="0.173205" />
			<float name="specular" value="0.500000" />
		</bsdf>
	</bsdf>
	<emitter type="point" name="temp45">
		<point name="position" x="-6.815235034541981e-16" y="3.0693089962005615" z="4.109199523925781" />
		<rgb value="7.957747 7.957747 7.957747" name="intensity" />
	</emitter>
	<shape type="ply" name="temp2">
		<string name="filename" value="meshes/Cube.ply" />
		<boolean name="face_normals" value="true" />
		<ref id="mat-Material" name="bsdf" />
		<transform name="to_world">
			<matrix value="0.9566151088511721 -0.2694901996775291 -0.11073761962194713 0.4062466829609006 -0.090498504504217 0.08644028342403264 -0.9921382004925533 1.5898860975831322 0.2769437456008312 0.959115645265246 0.058301613019898335 1.7447130280433938 0.0 0.0 0.0 1.0" />
		</transform>
	</shape>
	<shape type="ply" name="temp4">
		<string name="filename" value="meshes/Plane.ply" />
		<boolean name="face_normals" value="true" />
		<ref id="mat-Material.001" name="bsdf" />
	</shape>
	<shape type="ply" name="temp5">
		<string name="filename" value="meshes/Cube_001.ply" />
		<boolean name="face_normals" value="true" />
		<ref id="mat-Material" name="bsdf" />
		<transform name="to_world">
			<matrix value="0.9981698571167693 -0.026289852593638606 -0.054458581410533106 0.04331894752252374 -0.05447664739453962 2.9595367765000846e-05 -0.9985152009289391 1.1727578401126446 0.026252435610351985 0.9996543761980548 -0.0014026422378884034 1.0683151510519608 0.0 0.0 0.0 1.0" />
		</transform>
	</shape>
	<shape type="ply" name="temp6">
		<string name="filename" value="meshes/Cube_002.ply" />
		<boolean name="face_normals" value="true" />
		<ref id="mat-Material" name="bsdf" />
		<transform name="to_world">
			<matrix value="0.9997380444553187 -0.02195038619340332 0.006512194925916068 -0.039063040640416435 0.011176149368735894 0.21960481662331596 -0.9755250458488743 0.6537477027819748 0.019983050456804374 0.9753420257267591 0.21979248272304724 0.5396173055353741 0.0 0.0 0.0 1.0" />
		</transform>
	</shape>
	<shape type="ply" name="temp7">
		<string name="filename" value="meshes/Cube_003.ply" />
		<boolean name="face_normals" value="true" />
		<ref id="mat-Material" name="bsdf" />
		<transform name="to_world">
			<matrix value="0.9954146698650952 -0.055405894168615195 0.0779778365193908 -0.06940931381704063 0.08838154024541378 0.22085986696508095 -0.9712928602463902 0.13926096866226348 0.036593172844562406 0.973730505211473 0.22474397203726915 0.20712791448002366 0.0 0.0 0.0 1.0" />
		</transform>
	</shape>
	<shape type="ply" name="temp8">
		<string name="filename" value="meshes/Cube_004.ply" />
		<boolean name="face_normals" value="true" />
		<ref id="mat-Material" name="bsdf" />
		<transform name="to_world">
			<matrix value="0.9789371785393253 -0.15956418444672033 0.12736512346218926 0.044495694636802696 0.16144009949878285 0.223103397208728 -0.9613335249711479 -0.37504793829318955 0.12497881307100547 0.9616466043556525 0.2441642266728634 -0.32185707130937996 0.0 0.0 0.0 1.0" />
		</transform>
	</shape>
	<shape type="ply" name="temp9">
		<string name="filename" value="meshes/Cube_005.ply" />
		<boolean name="face_normals" value="true" />
		<ref id="mat-Material" name="bsdf" />
		<transform name="to_world">
			<matrix value="0.9741328872553974 -0.20907945592931504 0.08573869522070104 0.120457179053167 0.13239977873399678 0.22059767679064207 -0.9663370685371526 -0.6340500340073993 0.183127492123604 0.9526922988675971 0.2425735224937249 -0.7768310074524368 0.0 0.0 0.0 1.0" />
		</transform>
	</shape>
	<shape type="ply" name="temp10">
		<string name="filename" value="meshes/Cube_006.ply" />
		<boolean name="face_normals" value="true" />
		<ref id="mat-Material" name="bsdf" />
		<transform name="to_world">
			<matrix value="0.9873069019745508 -0.1437841321755527 -0.06746710913568665 0.03291971727830223 -0.034294342292124316 0.22177242226593216 -0.9744953077890843 -0.5417989228242357 0.15507932244378372 0.9644393364523606 0.21402632782075182 -1.0382304455573346 0.0 0.0 0.0 1.0" />
		</transform>
	</shape>
	<shape type="ply" name="temp11">
		<string name="filename" value="meshes/Cube_007.ply" />
		<boolean name="face_normals" value="true" />
		<ref id="mat-Material" name="bsdf" />
		<transform name="to_world">
			<matrix value="0.9116172630033669 -0.2516374892318475 -0.32501237529555327 0.17704782410950193 -0.2723533181922142 0.22243571960460803 -0.9361335463412858 -0.23315044472393265 0.307860705249926 0.9419135085300455 0.13424195818544837 -1.8236006654912864 0.0 0.0 0.0 1.0" />
		</transform>
	</shape>
	<shape type="ply" name="temp12">
		<string name="filename" value="meshes/Cube_008.ply" />
		<boolean name="face_normals" value="true" />
		<ref id="mat-Material" name="bsdf" />
		<transform name="to_world">
			<matrix value="0.3147178681162427 0.8966808017137267 -0.3113137386819826 1.7826982798360411 -0.5511934712345331 -0.0943659357185617 -0.8290240040546527 0.3379530510163633 -0.7727475812328133 0.4325028210995301 0.46454613751305496 1.015616473039205 0.0 0.0 0.0 1.0" />
		</transform>
	</shape>
	<shape type="ply" name="temp13">
		<string name="filename" value="meshes/Cube_009.ply" />
		<boolean name="face_normals" value="true" />
		<ref id="mat-Material" name="bsdf" />
		<transform name="to_world">
			<matrix value="-0.06448853512331856 0.9908279327441529 0.1187487027806237 2.6014865457028744 -0.8785315242000826 6.985000719615038e-05 -0.47768451719326877 1.1448223067908256 -0.47331156132596486 -0.1351296454279415 0.870469069798558 0.8474341003178638 0.0 0.0 0.0 1.0" />
		</transform>
	</shape>
	<shape type="ply" name="temp14">
		<string name="filename" value="meshes/Cube_010.ply" />
		<boolean name="face_normals" value="true" />
		<ref id="mat-Material" name="bsdf" />
		<transform name="to_world">
			<matrix value="0.029153564457020675 0.9949109658902473 0.09644716729839378 1.8945102675914132 -0.9975869949488234 0.022877458945440667 0.06555069947014351 1.9526929514465226 0.06301063601565174 -0.09812545497399999 0.9931773943655646 -0.25459001782330715 0.0 0.0 0.0 1.0" />
		</transform>
	</shape>
	<shape type="ply" name="temp15">
		<string name="filename" value="meshes/Cube_011.ply" />
		<boolean name="face_normals" value="true" />
		<ref id="mat-Material" name="bsdf" />
		<transform name="to_world">
			<matrix value="0.07859867524072428 0.9869165642866529 0.14077604331897153 1.5421818007488681 -0.9078505993507403 0.012519395189634207 0.41910693626450934 2.106779974888722 0.4118613116038771 -0.1607448328511565 0.8969566937938187 -1.015518420927585 0.0 0.0 0.0 1.0" />
		</transform>
	</shape>
	<shape type="ply" name="temp16">
		<string name="filename" value="meshes/Cube_012.ply" />
		<boolean name="face_normals" value="true" />
		<ref id="mat-Material" name="bsdf" />
		<transform name="to_world">
			<matrix value="0.09301482907733141 0.9904679166414627 0.10159434466722865 1.096775777199733 -0.7384832640990591 0.0001894249962976328 0.6742720560389315 1.8462080197257904 0.6678257423846731 -0.1377429743671038 0.7314612871914864 -1.830106615741341 0.0 0.0 0.0 1.0" />
		</transform>
	</shape>
	<shape type="ply" name="temp17">
		<string name="filename" value="meshes/Cube_013.ply" />
		<boolean name="face_normals" value="true" />
		<ref id="mat-Material" name="bsdf" />
		<transform name="to_world">
			<matrix value="0.9082158300932403 0.1719256272644408 0.38155695638175197 0.6658855456083723 -0.4046601492481743 0.12822044415891604 0.9054335939513055 1.4721268417591715 0.10674382609343169 -0.9767297355362592 0.18602329155912647 -1.400868076437248 0.0 0.0 0.0 1.0" />
		</transform>
	</shape>
	<shape type="ply" name="temp18">
		<string name="filename" value="meshes/Cube_014.ply" />
		<boolean name="face_normals" value="true" />
		<ref id="mat-Material" name="bsdf" />
		<transform name="to_world">
			<matrix value="0.9393198375255085 0.29800009594867166 0.1699245804337476 0.1123812580970075 -0.216226173569705 0.1297747500641396 0.9676802668052258 1.025782660713841 0.2663168607176607 -0.9457030638913861 0.18633542795355873 -0.8691238280738949 0.0 0.0 0.0 1.0" />
		</transform>
	</shape>
	<shape type="ply" name="temp19">
		<string name="filename" value="meshes/Cube_015.ply" />
		<boolean name="face_normals" value="true" />
		<ref id="mat-Material" name="bsdf" />
		<transform name="to_world">
			<matrix value="0.9829090628640118 0.13234275368515905 0.12796618222959566 0.02220157242480425 -0.1496511691816172 0.1695842710925425 0.9740872894485889 0.6396475035077309 0.10721233203375016 -0.976589149873911 0.1864911651973121 -0.2980529935950142 0.0 0.0 0.0 1.0" />
		</transform>
	</shape>
	<shape type="ply" name="temp20">
		<string name="filename" value="meshes/Cube_016.ply" />
		<boolean name="face_normals" value="true" />
		<ref id="mat-Material" name="bsdf" />
		<transform name="to_world">
			<matrix value="0.9851274850317449 0.027900100746105213 0.16954469313758538 0.04254608615958955 -0.17181828174892338 0.16865997250861975 0.9705836742547992 0.32859800487090196 -0.001516031147445069 -0.9852793879309086 0.1709453354709775 0.18288532526577256 0.0 0.0 0.0 1.0" />
		</transform>
	</shape>
	<shape type="ply" name="temp21">
		<string name="filename" value="meshes/Cube_017.ply" />
		<boolean name="face_normals" value="true" />
		<ref id="mat-Material" name="bsdf" />
		<transform name="to_world">
			<matrix value="0.9443448629232288 -0.12733225147729668 0.3033138843015062 0.2154402026211304 -0.2858969074175527 0.13838920952895462 0.9482150024986986 0.1521539805864144 -0.1627137087408936 -0.9821583445099631 0.09428322808225234 0.44100142254984487 0.0 0.0 0.0 1.0" />
		</transform>
	</shape>
	<shape type="ply" name="temp22">
		<string name="filename" value="meshes/Cube_018.ply" />
		<boolean name="face_normals" value="true" />
		<ref id="mat-Material" name="bsdf" />
		<transform name="to_world">
			<matrix value="0.20816760545151206 0.9582406350967726 0.19606458509546354 0.8527073978023066 -0.590687147955683 -0.03660854819230617 0.8060697810648285 0.0056190428473111426 0.7795863495896472 -0.28361050679671185 0.55839957524487 -0.15494054922920514 0.0 0.0 0.0 1.0" />
		</transform>
	</shape>
	<shape type="ply" name="temp23">
		<string name="filename" value="meshes/Cube_019.ply" />
		<boolean name="face_normals" value="true" />
		<ref id="mat-Material" name="bsdf" />
		<transform name="to_world">
			<matrix value="-0.08086505610547014 0.9838265998919535 -0.1598308307735659 0.5070072453051095 -0.9133357091061244 -0.008932706607734714 0.40710963684476537 -0.04668639330837473 0.39909773822884365 0.17890011534699005 0.899286369776195 -0.055981570047084483 0.0 0.0 0.0 1.0" />
		</transform>
	</shape>
	<shape type="ply" name="temp24">
		<string name="filename" value="meshes/Cube_020.ply" />
		<boolean name="face_normals" value="true" />
		<ref id="mat-Material" name="bsdf" />
		<transform name="to_world">
			<matrix value="0.0982733694204032 0.9422819712123133 -0.32007336758441196 0.136984672171368 -0.9614034287503014 0.006836679231521981 -0.275056605638192 0.14039858399354363 -0.2569926026735619 0.3347505771692045 0.9065853117909668 0.11764092583668462 0.0 0.0 0.0 1.0" />
		</transform>
	</shape>
	<shape type="ply" name="temp25">
		<string name="filename" value="meshes/Cube_021.ply" />
		<boolean name="face_normals" value="true" />
		<ref id="mat-Material" name="bsdf" />
		<transform name="to_world">
			<matrix value="0.19111088653557365 0.9402308608473102 -0.28185557096327785 -0.17232298505479493 -0.7942979680050778 -0.020567350752884194 -0.6071802244904617 0.09508241916447674 -0.5766864884127887 0.33991589890347357 0.7428928925852714 0.3091082125705207 0.0 0.0 0.0 1.0" />
		</transform>
	</shape>
	<shape type="ply" name="temp26">
		<string name="filename" value="meshes/Cube_022.ply" />
		<boolean name="face_normals" value="true" />
		<ref id="mat-Material" name="bsdf" />
		<transform name="to_world">
			<matrix value="0.6377318816297802 0.4003833775183919 -0.6580205862509638 -0.08549661278044784 -0.7117097231160919 -0.020399252851865682 -0.7021778156220436 -0.19543251722193622 -0.29456342515517875 0.9161206283386488 0.2719472970794303 0.6896133350506991 0.0 0.0 0.0 1.0" />
		</transform>
	</shape>
	<shape type="ply" name="temp27">
		<string name="filename" value="meshes/Cube_023.ply" />
		<boolean name="face_normals" value="true" />
		<ref id="mat-Material" name="bsdf" />
		<transform name="to_world">
			<matrix value="0.8561119414496114 0.28561395677720924 -0.4306940897857833 -0.06656814213061701 -0.48029659927627577 0.13211114193520127 -0.8670999635478399 -0.2870125485124908 -0.19075633790580948 0.9491949697865978 0.2502811922456658 0.20376221057708177 0.0 0.0 0.0 1.0" />
		</transform>
	</shape>
	<shape type="ply" name="temp28">
		<string name="filename" value="meshes/Cube_024.ply" />
		<boolean name="face_normals" value="true" />
		<ref id="mat-Material" name="bsdf" />
		<transform name="to_world">
			<matrix value="0.8543336577858861 0.44602261468473564 -0.2667922241065557 -0.19420183635566535 -0.3763019323543022 0.17677568660660836 -0.9094764268940347 -0.5110762865128462 -0.3584847445246416 0.8773905298661099 0.3188646783297819 -0.34763904576832444 0.0 0.0 0.0 1.0" />
		</transform>
	</shape>
	<shape type="ply" name="temp29">
		<string name="filename" value="meshes/Cube_025.ply" />
		<boolean name="face_normals" value="true" />
		<ref id="mat-Material" name="bsdf" />
		<transform name="to_world">
			<matrix value="0.9018273947878382 0.3585168004038188 -0.24119155539144466 -0.26155714691878507 -0.32113511409914774 0.1826409663282738 -0.9292549150135148 -0.7931360341972268 -0.28910198447946645 0.9154823610882248 0.2798429011191428 -0.6963803630644673 0.0 0.0 0.0 1.0" />
		</transform>
	</shape>
	<shape type="ply" name="temp30">
		<string name="filename" value="meshes/Cube_026.ply" />
		<boolean name="face_normals" value="true" />
		<ref id="mat-Material" name="bsdf" />
		<transform name="to_world">
			<matrix value="0.9233281385465589 0.2331619467568306 -0.30512443613803786 -0.333495537309786 -0.3503326525148619 0.1860482079499732 -0.91796160088809 -1.1481685243670188 -0.15726587556978655 0.9544744411511338 0.25346780130121443 -0.8900008207620085 0.0 0.0 0.0 1.0" />
		</transform>
	</shape>
	<shape type="ply" name="temp31">
		<string name="filename" value="meshes/Cube_027.ply" />
		<boolean name="face_normals" value="true" />
		<ref id="mat-Material" name="bsdf" />
		<transform name="to_world">
			<matrix value="0.8725251628024899 0.172905972387641 -0.45695028275245486 -0.6004350108689419 -0.4842556296063841 0.18205209178533363 -0.8557766272154379 -1.5843683693974326 -0.06478014350376844 0.9679671188073998 0.24257565005169965 -1.0299807029199304 0.0 0.0 0.0 1.0" />
		</transform>
	</shape>
	<shape type="ply" name="temp32">
		<string name="filename" value="meshes/Cube_028.ply" />
		<boolean name="face_normals" value="true" />
		<ref id="mat-Material" name="bsdf" />
		<transform name="to_world">
			<matrix value="-0.10548227301175299 0.9846204708576769 0.13926985047049764 -1.486281761841994 -0.797136041359722 7.531365829340687e-06 -0.6038000076592087 -2.1221453709367157 -0.5945149788928544 -0.17470717925506285 0.7848755213108026 -1.3601749610944982 0.0 0.0 0.0 1.0" />
		</transform>
	</shape>
	<shape type="ply" name="temp33">
		<string name="filename" value="meshes/Cube_029.ply" />
		<boolean name="face_normals" value="true" />
		<ref id="mat-Material" name="bsdf" />
		<transform name="to_world">
			<matrix value="0.0021889732229130876 0.9762756480185557 0.21651984940671865 -1.5690152503326698 -0.9986029037616995 -0.00929763903692564 0.052018201494869507 -1.8197585119275617 0.05279725084082854 -0.21633108966403367 0.9748915063630531 -0.11917259074619224 0.0 0.0 0.0 1.0" />
		</transform>
	</shape>
	<shape type="ply" name="temp34">
		<string name="filename" value="meshes/Cube_030.ply" />
		<boolean name="face_normals" value="true" />
		<ref id="mat-Material" name="bsdf" />
		<transform name="to_world">
			<matrix value="-0.04278070182773665 0.9785518206616045 -0.2015093066788221 -3.2276233563136643 -0.9745213365123994 0.0035777711657679952 0.224266328701501 -1.91062580886934 0.22017713915155498 0.2059693462629537 0.9534667106188955 0.2528566790238085 0.0 0.0 0.0 1.0" />
		</transform>
	</shape>
	<shape type="ply" name="temp35">
		<string name="filename" value="meshes/Cube_031.ply" />
		<boolean name="face_normals" value="true" />
		<ref id="mat-Material" name="bsdf" />
		<transform name="to_world">
			<matrix value="0.14578579571545333 0.9762606299656046 0.16019232651301285 -1.8690052308108116 -0.7356908445872272 -0.0012779403574713771 0.6773163551055008 -1.0016925033216655 0.6614421827323869 -0.2165951570950914 0.7180399423006277 0.6595286806720346 0.0 0.0 0.0 1.0" />
		</transform>
	</shape>
	<shape type="ply" name="temp36">
		<string name="filename" value="meshes/Cube_032.ply" />
		<boolean name="face_normals" value="true" />
		<ref id="mat-Material" name="bsdf" />
		<transform name="to_world">
			<matrix value="0.6745674409203816 0.6131055456246363 0.411169963041954 -0.6937537683491923 -0.5221731406475222 0.002577608917386108 0.8528358693036409 -0.5357717947222598 0.5218185476936388 -0.7899967252301204 0.32188604704928986 -0.14838841388109003 0.0 0.0 0.0 1.0" />
		</transform>
	</shape>
	<shape type="ply" name="temp37">
		<string name="filename" value="meshes/Cube_033.ply" />
		<boolean name="face_normals" value="true" />
		<ref id="mat-Material" name="bsdf" />
		<transform name="to_world">
			<matrix value="0.9766092757970806 0.16980574565675824 0.13191001280789902 -0.1453494677463345 -0.15007774450513894 0.09897441299228447 0.9837078702151812 0.3004786496534705 0.15398349724392627 -0.9804946779774855 0.1221434106456382 -0.3883013260081307 0.0 0.0 0.0 1.0" />
		</transform>
	</shape>
	<shape type="ply" name="temp38">
		<string name="filename" value="meshes/Cube_034.ply" />
		<boolean name="face_normals" value="true" />
		<ref id="mat-Material" name="bsdf" />
		<transform name="to_world">
			<matrix value="0.9999157841734527 -0.0016175193931037936 0.01288742239732287 -0.0338325938814954 -0.012396738099417225 0.1772373040091944 0.9840901214646487 0.3693091221463132 -0.003875918174129962 -0.9841668005081108 0.1772023416375861 -0.37992310062128776 0.0 0.0 0.0 1.0" />
		</transform>
	</shape>
	<shape type="ply" name="temp39">
		<string name="filename" value="meshes/Cube_035.ply" />
		<boolean name="face_normals" value="true" />
		<ref id="mat-Material" name="bsdf" />
		<transform name="to_world">
			<matrix value="0.9986893357942084 -0.051025858167004924 0.004015032851859083 0.008383301107401042 0.006460980591354669 0.20349369971820294 0.9790549009243531 0.09117745275514648 -0.050774165066565964 -0.9777457485352185 0.20355668594549386 -0.16108069465447228 0.0 0.0 0.0 1.0" />
		</transform>
	</shape>
	<shape type="ply" name="temp40">
		<string name="filename" value="meshes/Cube_036.ply" />
		<boolean name="face_normals" value="true" />
		<ref id="mat-Material" name="bsdf" />
		<transform name="to_world">
			<matrix value="0.9986525467752431 -0.05173076802739961 0.004161006968461553 0.0029790005901926264 0.006621216714802661 0.20652129747634135 0.9784197066712181 -0.23944457273715178 -0.0514737326404587 -0.9770736906656544 0.20658554839697965 0.1763323578807098 0.0 0.0 0.0 1.0" />
		</transform>
	</shape>
	<shape type="ply" name="temp41">
		<string name="filename" value="meshes/Cube_037.ply" />
		<boolean name="face_normals" value="true" />
		<ref id="mat-Material" name="bsdf" />
		<transform name="to_world">
			<matrix value="0.9986747088348608 -0.05131126374829744 0.004058387755478344 -0.0068395743809714915 0.006639886033824622 0.2066176007408906 0.9783993766727924 -0.5704908812065622 -0.051041439505555584 -0.9770753593382046 0.2066844562032735 0.51711873064306 0.0 0.0 0.0 1.0" />
		</transform>
	</shape>
	<shape type="ply" name="temp42">
		<string name="filename" value="meshes/Cube_038.ply" />
		<boolean name="face_normals" value="true" />
		<ref id="mat-Material" name="bsdf" />
		<transform name="to_world">
			<matrix value="0.9988905672955373 -0.04689981498593101 0.004261711379267468 0.009999183591325789 0.005530422302478428 0.20669400508527963 0.9783899208595712 -0.9046173778431033 -0.04676717603944492 -0.977280814645939 0.2067240760606704 0.867221657618709 0.0 0.0 0.0 1.0" />
		</transform>
	</shape>
	<shape type="ply" name="temp43">
		<string name="filename" value="meshes/Cube_039.ply" />
		<boolean name="face_normals" value="true" />
		<ref id="mat-Material" name="bsdf" />
		<transform name="to_world">
			<matrix value="0.9999190315891135 -0.012313004488915357 -0.003280718436359105 0.02260780235451687 0.0082895148766416 0.4330198092691879 0.9013462706872404 -1.3192430329564515 -0.009677682988380242 -0.9013002519258018 0.4330866487978318 1.4755073230271827 0.0 0.0 0.0 1.0" />
		</transform>
	</shape>
	<shape type="ply" name="temp47">
		<string name="filename" value="meshes/Plane_001.ply" />
		<boolean name="face_normals" value="true" />
		<ref id="mat-Material.002" name="bsdf" />
	</shape>
	<shape type="ply" name="temp49">
		<string name="filename" value="meshes/Plane_002.ply" />
		<boolean name="face_normals" value="true" />
		<ref id="mat-Material.003" name="bsdf" />
	</shape>
	<shape type="ply" name="temp51">
		<string name="filename" value="meshes/Plane_003.ply" />
		<boolean name="face_normals" value="true" />
		<ref id="mat-Material.004" name="bsdf" />
	</shape>
	<shape type="ply" name="temp53">
		<string name="filename" value="meshes/Plane_004.ply" />
		<boolean name="face_normals" value="true" />
		<ref id="mat-Material.005" name="bsdf" />
	</shape>
	<emitter type="point">
		<transform name="to_world">
			<rotate x="1" angle="-142.5518126578256" />
			<rotate y="1" angle="3.976628485794621e-06" />
			<rotate z="1" angle="-179.999991348578" />
			<translate value="-0.000000 3.030926 4.073377" />
		</transform>
		<rgb name="intensity" value="100" />
	</emitter>
</scene>