<scene version="2.1.0">
	<default name="spp" value="1024" />
	<default name="resx" value="1280" />
	<default name="resy" value="720" />
	<integrator type="path" name="temp0">
		<integer name="max_depth" value="12" />
	</integrator>
	<sensor type="perspective" name="temp44">
		<string name="fov_axis" value="x" />
		<float name="fov" value="83.974423" />
		<float name="principal_point_offset_x" value="0.000000" />
		<float name="principal_point_offset_y" value="-0.000000" />
		<float name="near_clip" value="0.100000" />
		<float name="far_clip" value="1000.000000" />
		<transform name="to_world">
			<rotate x="1" angle="-142.5518126578256" />
			<rotate y="1" angle="3.976628485794621e-06" />
			<rotate z="1" angle="-179.999991348578" />
			<translate value="-0.000000 3.030926 4.073377" />
		</transform>
		<sampler type="independent" name="sampler">
			<integer name="sample_count" value="$spp" />
		</sampler>
		<film type="hdrfilm" name="film">
			<integer name="width" value="$resx" />
			<integer name="height" value="$resy" />
		</film>
		<float name="shutter_open" value="0.0" />
		<float name="shutter_close" value="0.0015" />
	</sensor>
	<bsdf type="twosided" id="mat-Material" name="mat-Material">
		<bsdf type="diffuse" name="bsdf">
			<texture type="bitmap" name="reflectance">
				<string name="filename" value="textures/siggraph_2023_logo.jpg" />
			</texture>
		</bsdf>
	</bsdf>
	<bsdf type="twosided" id="mat-Material.001" name="mat-Material.001">
		<bsdf type="principled" name="bsdf">
			<rgb value="0.433648 0.266232 0.084399" name="base_color" />
			<float name="spec_tint" value="0.000000" />
			<float name="spec_trans" value="0.000000" />
			<float name="metallic" value="0.000000" />
			<float name="anisotropic" value="0.000000" />
			<float name="roughness" value="0.500000" />
			<float name="sheen" value="0.000000" />
			<float name="sheen_tint" value="0.500000" />
			<float name="clearcoat" value="0.000000" />
			<float name="clearcoat_gloss" value="0.173205" />
			<float name="specular" value="0.500000" />
		</bsdf>
	</bsdf>
	<bsdf type="twosided" id="mat-Material.002" name="mat-Material.002">
		<bsdf type="principled" name="bsdf">
			<rgb value="0.433648 0.266232 0.084399" name="base_color" />
			<float name="spec_tint" value="0.000000" />
			<float name="spec_trans" value="0.000000" />
			<float name="metallic" value="0.000000" />
			<float name="anisotropic" value="0.000000" />
			<float name="roughness" value="0.500000" />
			<float name="sheen" value="0.000000" />
			<float name="sheen_tint" value="0.500000" />
			<float name="clearcoat" value="0.000000" />
			<float name="clearcoat_gloss" value="0.173205" />
			<float name="specular" value="0.500000" />
		</bsdf>
	</bsdf>
	<bsdf type="twosided" id="mat-Material.003" name="mat-Material.003">
		<bsdf type="principled" name="bsdf">
			<rgb value="0.433648 0.266232 0.084399" name="base_color" />
			<float name="spec_tint" value="0.000000" />
			<float name="spec_trans" value="0.000000" />
			<float name="metallic" value="0.000000" />
			<float name="anisotropic" value="0.000000" />
			<float name="roughness" value="0.500000" />
			<float name="sheen" value="0.000000" />
			<float name="sheen_tint" value="0.500000" />
			<float name="clearcoat" value="0.000000" />
			<float name="clearcoat_gloss" value="0.173205" />
			<float name="specular" value="0.500000" />
		</bsdf>
	</bsdf>
	<bsdf type="twosided" id="mat-Material.004" name="mat-Material.004">
		<bsdf type="principled" name="bsdf">
			<rgb value="0.433648 0.266232 0.084399" name="base_color" />
			<float name="spec_tint" value="0.000000" />
			<float name="spec_trans" value="0.000000" />
			<float name="metallic" value="0.000000" />
			<float name="anisotropic" value="0.000000" />
			<float name="roughness" value="0.500000" />
			<float name="sheen" value="0.000000" />
			<float name="sheen_tint" value="0.500000" />
			<float name="clearcoat" value="0.000000" />
			<float name="clearcoat_gloss" value="0.173205" />
			<float name="specular" value="0.500000" />
		</bsdf>
	</bsdf>
	<bsdf type="twosided" id="mat-Material.005" name="mat-Material.005">
		<bsdf type="principled" name="bsdf">
			<rgb value="0.433648 0.266232 0.084399" name="base_color" />
			<float name="spec_tint" value="0.000000" />
			<float name="spec_trans" value="0.000000" />
			<float name="metallic" value="0.000000" />
			<float name="anisotropic" value="0.000000" />
			<float name="roughness" value="0.500000" />
			<float name="sheen" value="0.000000" />
			<float name="sheen_tint" value="0.500000" />
			<float name="clearcoat" value="0.000000" />
			<float name="clearcoat_gloss" value="0.173205" />
			<float name="specular" value="0.500000" />
		</bsdf>
	</bsdf>
	<emitter type="point" name="temp45">
		<point name="position" x="-6.815235034541981e-16" y="3.0693089962005615" z="4.109199523925781" />
		<rgb value="7.957747 7.957747 7.957747" name="intensity" />
	</emitter>
	<shape type="ply" name="temp2">
		<string name="filename" value="meshes/Cube.ply" />
		<boolean name="face_normals" value="true" />
		<ref id="mat-Material" name="bsdf" />
		<transform name="to_world">
			<matrix value="0.9999982270352306 0.00021728932487594463 0.0018522708844636734 -0.002864401337028477 -0.0002147284172566207 0.9999988527876218 -0.001380423440771859 -0.015459870897383293 -0.0018525731037698548 0.0013800224436457992 0.9999973996513642 0.004224124471122304 0.0 0.0 0.0 1.0" />
		</transform>
	</shape>
	<shape type="ply" name="temp4">
		<string name="filename" value="meshes/Plane.ply" />
		<boolean name="face_normals" value="true" />
		<ref id="mat-Material.001" name="bsdf" />
	</shape>
	<shape type="ply" name="temp5">
		<string name="filename" value="meshes/Cube_001.ply" />
		<boolean name="face_normals" value="true" />
		<ref id="mat-Material" name="bsdf" />
		<transform name="to_world">
			<matrix value="0.9999982270352306 3.316330255327759e-05 -0.0020430560999214692 0.0025426702939259638 -3.3827281318092925e-05 0.9999968712389685 -0.00031893985204489066 -0.017255064807983084 0.0020427257914957973 0.0003190105606114017 0.9999949175003936 -0.0046388246783420906 0.0 0.0 0.0 1.0" />
		</transform>
	</shape>
	<shape type="ply" name="temp6">
		<string name="filename" value="meshes/Cube_002.ply" />
		<boolean name="face_normals" value="true" />
		<ref id="mat-Material" name="bsdf" />
		<transform name="to_world">
			<matrix value="1.0 9.589162388955056e-05 0.00045823343660657343 -0.0008172896698119825 -9.699380526109565e-05 0.9999968712389686 0.002389939062011696 -0.018995985396498855 -0.0004579989078537021 -0.0023899823329293756 0.9999969268607031 0.0017396844539442347 0.0 0.0 0.0 1.0" />
		</transform>
	</shape>
	<shape type="ply" name="temp7">
		<string name="filename" value="meshes/Cube_003.ply" />
		<boolean name="face_normals" value="true" />
		<ref id="mat-Material" name="bsdf" />
		<transform name="to_world">
			<matrix value="0.9999966756910573 -0.0006863490070355407 -0.00036659242277319135 -0.0019102346364197054 0.0006586253849549756 0.9999111431867057 -0.007063894348307717 -0.01680018063158001 0.00038507243447565443 0.007060913848522079 0.9999095787860721 0.01441675341518453 0.0 0.0 0.0 1.0" />
		</transform>
	</shape>
	<shape type="ply" name="temp8">
		<string name="filename" value="meshes/Cube_004.ply" />
		<boolean name="face_normals" value="true" />
		<ref id="mat-Material" name="bsdf" />
		<transform name="to_world">
			<matrix value="0.9982157325801779 -0.022368800620746192 0.053493060142281626 -0.006774930824768877 0.03248597584867391 0.9812011522183959 -0.18508159894019247 -0.09442724599748534 -0.048115630989296616 0.18655808127686824 0.9802037822307303 0.19527227500688735 0.0 0.0 0.0 1.0" />
		</transform>
	</shape>
	<shape type="ply" name="temp9">
		<string name="filename" value="meshes/Cube_005.ply" />
		<boolean name="face_normals" value="true" />
		<ref id="mat-Material" name="bsdf" />
		<transform name="to_world">
			<matrix value="0.9975659409921867 -0.053860765962417324 0.04380544947971751 0.022731207569047784 0.06827749380792053 0.8631758384558104 -0.49791558417304893 -0.3435724869764962 -0.010746305141420534 0.49967659040137835 0.8647967638424832 -0.010477793204116365 0.0 0.0 0.0 1.0" />
		</transform>
	</shape>
	<shape type="ply" name="temp10">
		<string name="filename" value="meshes/Cube_006.ply" />
		<boolean name="face_normals" value="true" />
		<ref id="mat-Material" name="bsdf" />
		<transform name="to_world">
			<matrix value="0.9973764553824551 -0.026075493874928822 -0.06486057876195983 -0.006751664867962859 -0.026947145260776524 0.7212318766517251 -0.6905286083265054 -0.3901443712114733 0.0647500695888672 0.6904759471281103 0.7186302214409619 -0.3638123080153635 0.0 0.0 0.0 1.0" />
		</transform>
	</shape>
	<shape type="ply" name="temp11">
		<string name="filename" value="meshes/Cube_007.ply" />
		<boolean name="face_normals" value="true" />
		<ref id="mat-Material" name="bsdf" />
		<transform name="to_world">
			<matrix value="0.9776892329622517 0.15856274104496448 -0.1370455595264718 0.05536276408378127 -0.20949074689686842 0.6990979781946215 -0.6825632676642865 -0.1579772003301815 -0.012755996166850168 0.6961116800820988 0.7167485146099406 -0.11903547174659307 0.0 0.0 0.0 1.0" />
		</transform>
	</shape>
	<shape type="ply" name="temp12">
		<string name="filename" value="meshes/Cube_008.ply" />
		<boolean name="face_normals" value="true" />
		<ref id="mat-Material" name="bsdf" />
		<transform name="to_world">
			<matrix value="0.07493085437399273 0.9901506602728697 -0.11819076252150607 2.402931179691275 -0.8340704434362185 -0.0027692602357417143 -0.5511333737726946 1.3402908123504853 -0.5460294897230098 0.1398902326338119 0.8256476877463534 1.2568536071743388 0.0 0.0 0.0 1.0" />
		</transform>
	</shape>
	<shape type="ply" name="temp13">
		<string name="filename" value="meshes/Cube_009.ply" />
		<boolean name="face_normals" value="true" />
		<ref id="mat-Material" name="bsdf" />
		<transform name="to_world">
			<matrix value="-0.061373325213154695 0.9937719925827506 0.0929418618779907 2.5498341016988455 -0.8333051875176188 0.0002429979058159496 -0.5522290661297025 0.9295052094975588 -0.5488070606548978 -0.11140695168984383 0.8281031260445719 0.9323246303934625 0.0 0.0 0.0 1.0" />
		</transform>
	</shape>
	<shape type="ply" name="temp14">
		<string name="filename" value="meshes/Cube_010.ply" />
		<boolean name="face_normals" value="true" />
		<ref id="mat-Material" name="bsdf" />
		<transform name="to_world">
			<matrix value="0.041097110599315284 0.9989945204965136 0.012109681759878133 1.724209178188027 -0.9866356131887304 0.038651472707817526 0.15727514903543613 2.0985807210125342 0.15663698280401472 -0.018573483124505918 0.9874010744640563 -0.4010086067688532 0.0 0.0 0.0 1.0" />
		</transform>
	</shape>
	<shape type="ply" name="temp15">
		<string name="filename" value="meshes/Cube_011.ply" />
		<boolean name="face_normals" value="true" />
		<ref id="mat-Material" name="bsdf" />
		<transform name="to_world">
			<matrix value="0.010286056784515635 0.9964321695037577 -0.08230540763774402 1.2165565487884338 -0.8160416079372087 0.05591141851767646 0.5751426291226754 2.274217189141681 0.5776877702663171 0.061238905934842505 0.8139019129582937 -1.2695389707533447 0.0 0.0 0.0 1.0" />
		</transform>
	</shape>
	<shape type="ply" name="temp16">
		<string name="filename" value="meshes/Cube_012.ply" />
		<boolean name="face_normals" value="true" />
		<ref id="mat-Material" name="bsdf" />
		<transform name="to_world">
			<matrix value="0.08118177409946686 0.9889986504610752 0.12365447323792103 1.1434191036297565 -0.8360823152083146 3.7450018042521947e-05 0.5485858594932346 1.8119073993493613 0.5425458355717014 -0.14792342044499326 0.826887581254985 -1.5242367847014342 0.0 0.0 0.0 1.0" />
		</transform>
	</shape>
	<shape type="ply" name="temp17">
		<string name="filename" value="meshes/Cube_013.ply" />
		<boolean name="face_normals" value="true" />
		<ref id="mat-Material" name="bsdf" />
		<transform name="to_world">
			<matrix value="0.9044294422075538 0.28812937635449276 0.3145988063926971 0.5325189285540223 -0.383769881583683 0.22741159685705525 0.8949840929582087 1.4380011231214411 0.1863348075535391 -0.9301871207680901 0.316249436788125 -1.3284079873359056 0.0 0.0 0.0 1.0" />
		</transform>
	</shape>
	<shape type="ply" name="temp18">
		<string name="filename" value="meshes/Cube_014.ply" />
		<boolean name="face_normals" value="true" />
		<ref id="mat-Material" name="bsdf" />
		<transform name="to_world">
			<matrix value="0.943107776755368 0.28636798818579834 0.16893865824847135 0.10796104173347365 -0.21595940885808657 0.14127633634598258 0.9661276222743027 1.0238493842345475 0.2528010405530232 -0.9476460244919414 0.19508284710753765 -0.8417295376626466 0.0 0.0 0.0 1.0" />
		</transform>
	</shape>
	<shape type="ply" name="temp19">
		<string name="filename" value="meshes/Cube_015.ply" />
		<boolean name="face_normals" value="true" />
		<ref id="mat-Material" name="bsdf" />
		<transform name="to_world">
			<matrix value="0.9829134952759353 0.13476243317487896 0.1253728308955459 0.04744184635572957 -0.14954328427539815 0.18755566587335193 0.9708036401098576 0.6374121526112073 0.10731339102560693 -0.9729644802189299 0.20450424116862503 -0.3253023163441311 0.0 0.0 0.0 1.0" />
		</transform>
	</shape>
	<shape type="ply" name="temp20">
		<string name="filename" value="meshes/Cube_016.ply" />
		<boolean name="face_normals" value="true" />
		<ref id="mat-Material" name="bsdf" />
		<transform name="to_world">
			<matrix value="0.9845069473624489 0.05329073699009018 0.1670367396166897 0.08732100113807895 -0.17414738124238732 0.1866544158290278 0.9668676578565278 0.3387028899283377 0.020346896070578182 -0.980976507176335 0.19304324001548862 0.04383357699023796 0.0 0.0 0.0 1.0" />
		</transform>
	</shape>
	<shape type="ply" name="temp21">
		<string name="filename" value="meshes/Cube_017.ply" />
		<boolean name="face_normals" value="true" />
		<ref id="mat-Material" name="bsdf" />
		<transform name="to_world">
			<matrix value="0.9496196547328408 0.028655738252023787 0.3120046040354574 0.1838982437952389 -0.31213884707646977 0.1732569150833398 0.934049248712 0.1593450621542159 -0.02734727238235049 -0.9844248190011744 0.17348263747215853 0.2506250665570928 0.0 0.0 0.0 1.0" />
		</transform>
	</shape>
	<shape type="ply" name="temp22">
		<string name="filename" value="meshes/Cube_018.ply" />
		<boolean name="face_normals" value="true" />
		<ref id="mat-Material" name="bsdf" />
		<transform name="to_world">
			<matrix value="0.16139590835190515 0.9772508828320711 0.13697601202022977 0.8668690424938904 -0.5648000893574243 -0.022385288148461798 0.8246555365441177 -0.021565535828308453 0.8090195593473362 -0.21069820388258387 0.5484363394466742 -0.20980325534187838 0.0 0.0 0.0 1.0" />
		</transform>
	</shape>
	<shape type="ply" name="temp23">
		<string name="filename" value="meshes/Cube_019.ply" />
		<boolean name="face_normals" value="true" />
		<ref id="mat-Material" name="bsdf" />
		<transform name="to_world">
			<matrix value="-0.07656938408976875 0.9873422843710042 -0.13889389915658873 0.47314897450257326 -0.9014577316334147 -0.009034737590812289 0.43273347230226833 -0.058984390351343056 0.42600123752940905 0.1583467000957401 0.8907390238102105 -0.04883693240508208 0.0 0.0 0.0 1.0" />
		</transform>
	</shape>
	<shape type="ply" name="temp24">
		<string name="filename" value="meshes/Cube_020.ply" />
		<boolean name="face_normals" value="true" />
		<ref id="mat-Material" name="bsdf" />
		<transform name="to_world">
			<matrix value="0.10271500489684947 0.9684964364657775 -0.22672126524648242 0.04809061110913063 -0.9455162796646315 0.024286928277736625 -0.32458497330159 0.1875327054984045 -0.30889279376503254 0.24770826981255867 0.9182648958454032 0.10530468750703287 0.0 0.0 0.0 1.0" />
		</transform>
	</shape>
	<shape type="ply" name="temp25">
		<string name="filename" value="meshes/Cube_021.ply" />
		<boolean name="face_normals" value="true" />
		<ref id="mat-Material" name="bsdf" />
		<transform name="to_world">
			<matrix value="0.1907905561258592 0.9311044735025229 -0.3107346883198486 -0.16142978978634104 -0.8059742707352662 -0.03209840787780311 -0.5910403332985044 0.09990754083187064 -0.5602850129515076 0.36322975743758645 0.7443817103769513 0.24810397722551664 0.0 0.0 0.0 1.0" />
		</transform>
	</shape>
	<shape type="ply" name="temp26">
		<string name="filename" value="meshes/Cube_022.ply" />
		<boolean name="face_normals" value="true" />
		<ref id="mat-Material" name="bsdf" />
		<transform name="to_world">
			<matrix value="0.6423954438351356 0.3984377053249427 -0.6546081014570935 -0.07660753825265504 -0.7074246888890072 -0.020085822958014112 -0.7064518431980317 -0.1888247330567272 -0.2946285816104548 0.9169753015604174 0.26896327882214605 0.6669204734196008 0.0 0.0 0.0 1.0" />
		</transform>
	</shape>
	<shape type="ply" name="temp27">
		<string name="filename" value="meshes/Cube_023.ply" />
		<boolean name="face_normals" value="true" />
		<ref id="mat-Material" name="bsdf" />
		<transform name="to_world">
			<matrix value="0.8563931779861602 0.290994069954925 -0.42640883343159497 -0.06840736401395187 -0.4785008075854525 0.13728504890253493 -0.867286715858959 -0.28497639827527377 -0.1938399668810181 0.9467762289251871 0.2568059397636331 0.18274415425909846 0.0 0.0 0.0 1.0" />
		</transform>
	</shape>
	<shape type="ply" name="temp28">
		<string name="filename" value="meshes/Cube_024.ply" />
		<boolean name="face_normals" value="true" />
		<ref id="mat-Material" name="bsdf" />
		<transform name="to_world">
			<matrix value="0.859451985454597 0.4278081151717794 -0.2798613399549241 -0.18740907429247522 -0.3835514523240909 0.17768559288978628 -0.9062649963287805 -0.516484508295423 -0.337980362642214 0.8862323042490661 0.3167984649432817 -0.3222757657912367 0.0 0.0 0.0 1.0" />
		</transform>
	</shape>
	<shape type="ply" name="temp29">
		<string name="filename" value="meshes/Cube_025.ply" />
		<boolean name="face_normals" value="true" />
		<ref id="mat-Material" name="bsdf" />
		<transform name="to_world">
			<matrix value="0.8960136216883234 0.3733301280914767 -0.24038272876803518 -0.27395348904576633 -0.3250544300184211 0.18269813922152256 -0.9278799215734852 -0.7961939099347485 -0.30248804578504224 0.9095304146859872 0.2850529360063656 -0.717787264935414 0.0 0.0 0.0 1.0" />
		</transform>
	</shape>
	<shape type="ply" name="temp30">
		<string name="filename" value="meshes/Cube_026.ply" />
		<boolean name="face_normals" value="true" />
		<ref id="mat-Material" name="bsdf" />
		<transform name="to_world">
			<matrix value="0.9227266602485342 0.24153002671961923 -0.30039842069007583 -0.321357280028096 -0.350840429624823 0.2034844281563463 -0.9140595413646914 -1.146085025763791 -0.1596466126621598 0.9488185798345095 0.27249892558322275 -0.862097561636906 0.0 0.0 0.0 1.0" />
		</transform>
	</shape>
	<shape type="ply" name="temp31">
		<string name="filename" value="meshes/Cube_027.ply" />
		<boolean name="face_normals" value="true" />
		<ref id="mat-Material" name="bsdf" />
		<transform name="to_world">
			<matrix value="0.8734617314419345 0.1795850115659866 -0.4525624308248164 -0.5677131446512622 -0.4828190849019639 0.19948908375276114 -0.8526953322796407 -1.5842474928090544 -0.0628504486487349 0.9633023446935172 0.2609529048494611 -0.9980341367024836 0.0 0.0 0.0 1.0" />
		</transform>
	</shape>
	<shape type="ply" name="temp32">
		<string name="filename" value="meshes/Cube_028.ply" />
		<boolean name="face_normals" value="true" />
		<ref id="mat-Material" name="bsdf" />
		<transform name="to_world">
			<matrix value="-0.10845152359727459 0.9841009922344153 0.140652113066941 -1.4885864611594493 -0.7926726025527147 -0.00022634187346038886 -0.6096303438937432 -2.121046638278985 -0.5999061215154594 -0.17760789532417093 0.7800941893554965 -1.3648316743472884 0.0 0.0 0.0 1.0" />
		</transform>
	</shape>
	<shape type="ply" name="temp33">
		<string name="filename" value="meshes/Cube_029.ply" />
		<boolean name="face_normals" value="true" />
		<ref id="mat-Material" name="bsdf" />
		<transform name="to_world">
			<matrix value="-0.004669594717983359 0.9804796599245343 0.19652790812353643 -1.611839499866278 -0.9984743638159166 -0.015342982084714334 0.052816768560933966 -1.8109808179094262 0.054800656706150586 -0.19599580120269575 0.9790673116792059 -0.0970660744688352 0.0 0.0 0.0 1.0" />
		</transform>
	</shape>
	<shape type="ply" name="temp34">
		<string name="filename" value="meshes/Cube_030.ply" />
		<boolean name="face_normals" value="true" />
		<ref id="mat-Material" name="bsdf" />
		<transform name="to_world">
			<matrix value="-0.03818352794795099 0.9812512453036367 -0.18890991069594043 -3.1997447019020187 -0.9763343367107973 0.003628258743854267 0.21619219408583454 -1.9268396520215663 0.21282443363145884 0.19269801154697686 0.9578911063567728 0.25380199952312743 0.0 0.0 0.0 1.0" />
		</transform>
	</shape>
	<shape type="ply" name="temp35">
		<string name="filename" value="meshes/Cube_031.ply" />
		<boolean name="face_normals" value="true" />
		<ref id="mat-Material" name="bsdf" />
		<transform name="to_world">
			<matrix value="0.12020073950360532 0.9805867678438457 0.1549230509559591 -1.9434024430113221 -0.7952930444819131 0.00171179834926568 0.6062166771232201 -1.2475210853709076 0.5941829912397811 -0.1960781084762308 0.7800594392419086 0.568965653355398 0.0 0.0 0.0 1.0" />
		</transform>
	</shape>
	<shape type="ply" name="temp36">
		<string name="filename" value="meshes/Cube_032.ply" />
		<boolean name="face_normals" value="true" />
		<ref id="mat-Material" name="bsdf" />
		<transform name="to_world">
			<matrix value="0.6732261930723175 0.6130564240764419 0.41320662701213795 -0.6899804988737583 -0.5248279337691282 0.0027319433986270998 0.8510183438048584 -0.5445284745365206 0.5205827912493551 -0.7900339574863952 0.3235922303473924 -0.1456077577578243 0.0 0.0 0.0 1.0" />
		</transform>
	</shape>
	<shape type="ply" name="temp37">
		<string name="filename" value="meshes/Cube_033.ply" />
		<boolean name="face_normals" value="true" />
		<ref id="mat-Material" name="bsdf" />
		<transform name="to_world">
			<matrix value="0.9768858583011097 0.16811095838122075 0.13203342299020238 -0.13948610224040747 -0.1500755726232964 0.09952613871257741 0.9836512535335191 0.3004912526723937 0.15222223404198734 -0.9807298565150191 0.12245500333081022 -0.3745529438250889 0.0 0.0 0.0 1.0" />
		</transform>
	</shape>
	<shape type="ply" name="temp38">
		<string name="filename" value="meshes/Cube_034.ply" />
		<boolean name="face_normals" value="true" />
		<ref id="mat-Material" name="bsdf" />
		<transform name="to_world">
			<matrix value="0.999924870617896 0.002504872523846374 0.01201277149412723 -0.03439669904779219 -0.01226796323580254 0.18175700790325036 0.9832671111214075 0.3693460340225431 0.0002795544362237978 -0.9833402861356256 0.18177407367307755 -0.358227714649917 0.0 0.0 0.0 1.0" />
		</transform>
	</shape>
	<shape type="ply" name="temp39">
		<string name="filename" value="meshes/Cube_035.ply" />
		<boolean name="face_normals" value="true" />
		<ref id="mat-Material" name="bsdf" />
		<transform name="to_world">
			<matrix value="0.9989182698700594 -0.04639703351737401 0.003169955004512787 0.008630132126560275 0.00653753942630406 0.20758427317838318 0.97819548570021 0.09141100309781056 -0.04604340749644964 -0.9771162418156827 0.20766301467400375 -0.1483029487088135 0.0 0.0 0.0 1.0" />
		</transform>
	</shape>
	<shape type="ply" name="temp40">
		<string name="filename" value="meshes/Cube_036.ply" />
		<boolean name="face_normals" value="true" />
		<ref id="mat-Material" name="bsdf" />
		<transform name="to_world">
			<matrix value="0.9993663867155296 -0.03544956124341135 0.0032641112646630112 0.0030886630233166734 0.004242425451263858 0.20963053503899481 0.9777715106749039 -0.24570652000291232 -0.03534583894033441 -0.9771378302667999 0.20964813264236554 0.2131310462298175 0.0 0.0 0.0 1.0" />
		</transform>
	</shape>
	<shape type="ply" name="temp41">
		<string name="filename" value="meshes/Cube_037.ply" />
		<boolean name="face_normals" value="true" />
		<ref id="mat-Material" name="bsdf" />
		<transform name="to_world">
			<matrix value="0.9988533350353795 -0.04776155920763084 0.0033675578613030777 -0.005946717655283429 0.006727687681618078 0.2096373140212297 0.9777561449784196 -0.5698431805429052 -0.047405133087600415 -0.9766119898294408 0.20971830659623347 0.512771603786005 0.0 0.0 0.0 1.0" />
		</transform>
	</shape>
	<shape type="ply" name="temp42">
		<string name="filename" value="meshes/Cube_038.ply" />
		<boolean name="face_normals" value="true" />
		<ref id="mat-Material" name="bsdf" />
		<transform name="to_world">
			<matrix value="0.9991361229161015 -0.04141641097736237 0.0034704371091498704 0.007326336730395511 0.005294223503484762 0.20964941189721814 0.9777624094546785 -0.9046514513936056 -0.04122298888173793 -0.9768990015080629 0.20968753974396492 0.8616569800211341 0.0 0.0 0.0 1.0" />
		</transform>
	</shape>
	<shape type="ply" name="temp43">
		<string name="filename" value="meshes/Cube_039.ply" />
		<boolean name="face_normals" value="true" />
		<ref id="mat-Material" name="bsdf" />
		<transform name="to_world">
			<matrix value="0.9999574661144173 -0.007258339714922955 -0.005701199829399973 0.021027327538638563 0.008282077945387621 0.4330108186996521 0.9013506582386246 -1.3192649324905936 -0.004073619169411673 -0.9013595738937319 0.43305247612647035 1.4731915411644034 0.0 0.0 0.0 1.0" />
		</transform>
	</shape>
	<shape type="ply" name="temp47">
		<string name="filename" value="meshes/Plane_001.ply" />
		<boolean name="face_normals" value="true" />
		<ref id="mat-Material.002" name="bsdf" />
	</shape>
	<shape type="ply" name="temp49">
		<string name="filename" value="meshes/Plane_002.ply" />
		<boolean name="face_normals" value="true" />
		<ref id="mat-Material.003" name="bsdf" />
	</shape>
	<shape type="ply" name="temp51">
		<string name="filename" value="meshes/Plane_003.ply" />
		<boolean name="face_normals" value="true" />
		<ref id="mat-Material.004" name="bsdf" />
	</shape>
	<shape type="ply" name="temp53">
		<string name="filename" value="meshes/Plane_004.ply" />
		<boolean name="face_normals" value="true" />
		<ref id="mat-Material.005" name="bsdf" />
	</shape>
	<emitter type="point">
		<transform name="to_world">
			<rotate x="1" angle="-142.5518126578256" />
			<rotate y="1" angle="3.976628485794621e-06" />
			<rotate z="1" angle="-179.999991348578" />
			<translate value="-0.000000 3.030926 4.073377" />
		</transform>
		<rgb name="intensity" value="100" />
	</emitter>
</scene>