<scene version="2.1.0">
	<default name="spp" value="1024" />
	<default name="resx" value="1280" />
	<default name="resy" value="720" />
	<integrator type="path" name="temp0">
		<integer name="max_depth" value="12" />
	</integrator>
	<sensor type="perspective" name="temp44">
		<string name="fov_axis" value="x" />
		<float name="fov" value="83.974423" />
		<float name="principal_point_offset_x" value="0.000000" />
		<float name="principal_point_offset_y" value="-0.000000" />
		<float name="near_clip" value="0.100000" />
		<float name="far_clip" value="1000.000000" />
		<transform name="to_world">
			<rotate x="1" angle="-142.5518126578256" />
			<rotate y="1" angle="3.976628485794621e-06" />
			<rotate z="1" angle="-179.999991348578" />
			<translate value="-0.000000 3.030926 4.073377" />
		</transform>
		<sampler type="independent" name="sampler">
			<integer name="sample_count" value="$spp" />
		</sampler>
		<film type="hdrfilm" name="film">
			<integer name="width" value="$resx" />
			<integer name="height" value="$resy" />
		</film>
		<float name="shutter_open" value="0.0" />
		<float name="shutter_close" value="0.0015" />
	</sensor>
	<bsdf type="twosided" id="mat-Material" name="mat-Material">
		<bsdf type="diffuse" name="bsdf">
			<texture type="bitmap" name="reflectance">
				<string name="filename" value="textures/siggraph_2023_logo.jpg" />
			</texture>
		</bsdf>
	</bsdf>
	<bsdf type="twosided" id="mat-Material.001" name="mat-Material.001">
		<bsdf type="principled" name="bsdf">
			<rgb value="0.433648 0.266232 0.084399" name="base_color" />
			<float name="spec_tint" value="0.000000" />
			<float name="spec_trans" value="0.000000" />
			<float name="metallic" value="0.000000" />
			<float name="anisotropic" value="0.000000" />
			<float name="roughness" value="0.500000" />
			<float name="sheen" value="0.000000" />
			<float name="sheen_tint" value="0.500000" />
			<float name="clearcoat" value="0.000000" />
			<float name="clearcoat_gloss" value="0.173205" />
			<float name="specular" value="0.500000" />
		</bsdf>
	</bsdf>
	<bsdf type="twosided" id="mat-Material.002" name="mat-Material.002">
		<bsdf type="principled" name="bsdf">
			<rgb value="0.433648 0.266232 0.084399" name="base_color" />
			<float name="spec_tint" value="0.000000" />
			<float name="spec_trans" value="0.000000" />
			<float name="metallic" value="0.000000" />
			<float name="anisotropic" value="0.000000" />
			<float name="roughness" value="0.500000" />
			<float name="sheen" value="0.000000" />
			<float name="sheen_tint" value="0.500000" />
			<float name="clearcoat" value="0.000000" />
			<float name="clearcoat_gloss" value="0.173205" />
			<float name="specular" value="0.500000" />
		</bsdf>
	</bsdf>
	<bsdf type="twosided" id="mat-Material.003" name="mat-Material.003">
		<bsdf type="principled" name="bsdf">
			<rgb value="0.433648 0.266232 0.084399" name="base_color" />
			<float name="spec_tint" value="0.000000" />
			<float name="spec_trans" value="0.000000" />
			<float name="metallic" value="0.000000" />
			<float name="anisotropic" value="0.000000" />
			<float name="roughness" value="0.500000" />
			<float name="sheen" value="0.000000" />
			<float name="sheen_tint" value="0.500000" />
			<float name="clearcoat" value="0.000000" />
			<float name="clearcoat_gloss" value="0.173205" />
			<float name="specular" value="0.500000" />
		</bsdf>
	</bsdf>
	<bsdf type="twosided" id="mat-Material.004" name="mat-Material.004">
		<bsdf type="principled" name="bsdf">
			<rgb value="0.433648 0.266232 0.084399" name="base_color" />
			<float name="spec_tint" value="0.000000" />
			<float name="spec_trans" value="0.000000" />
			<float name="metallic" value="0.000000" />
			<float name="anisotropic" value="0.000000" />
			<float name="roughness" value="0.500000" />
			<float name="sheen" value="0.000000" />
			<float name="sheen_tint" value="0.500000" />
			<float name="clearcoat" value="0.000000" />
			<float name="clearcoat_gloss" value="0.173205" />
			<float name="specular" value="0.500000" />
		</bsdf>
	</bsdf>
	<bsdf type="twosided" id="mat-Material.005" name="mat-Material.005">
		<bsdf type="principled" name="bsdf">
			<rgb value="0.433648 0.266232 0.084399" name="base_color" />
			<float name="spec_tint" value="0.000000" />
			<float name="spec_trans" value="0.000000" />
			<float name="metallic" value="0.000000" />
			<float name="anisotropic" value="0.000000" />
			<float name="roughness" value="0.500000" />
			<float name="sheen" value="0.000000" />
			<float name="sheen_tint" value="0.500000" />
			<float name="clearcoat" value="0.000000" />
			<float name="clearcoat_gloss" value="0.173205" />
			<float name="specular" value="0.500000" />
		</bsdf>
	</bsdf>
	<emitter type="point" name="temp45">
		<point name="position" x="-6.815235034541981e-16" y="3.0693089962005615" z="4.109199523925781" />
		<rgb value="7.957747 7.957747 7.957747" name="intensity" />
	</emitter>
	<shape type="ply" name="temp2">
		<string name="filename" value="meshes/Cube.ply" />
		<boolean name="face_normals" value="true" />
		<ref id="mat-Material" name="bsdf" />
		<transform name="to_world">
			<matrix value="0.9154663695177714 -0.34816331298248104 -0.20175192579456017 0.6523191945972722 -0.2497741686124955 -0.09856671457147446 -0.9632743306348018 2.0653654066277647 0.31549088075570847 0.9322375021640598 -0.17719673906825253 1.9982861226807453 0.0 0.0 0.0 1.0" />
		</transform>
	</shape>
	<shape type="ply" name="temp4">
		<string name="filename" value="meshes/Plane.ply" />
		<boolean name="face_normals" value="true" />
		<ref id="mat-Material.001" name="bsdf" />
	</shape>
	<shape type="ply" name="temp5">
		<string name="filename" value="meshes/Cube_001.ply" />
		<boolean name="face_normals" value="true" />
		<ref id="mat-Material" name="bsdf" />
		<transform name="to_world">
			<matrix value="0.998412310048987 -0.014474981383871863 -0.05443721127265317 0.03707807969893828 -0.05444149836798593 9.791999966626549e-05 -0.9985170920915833 1.172582445825458 0.014458846828254676 0.9998950822134107 -0.0006902743651485201 1.1048685589781098 0.0 0.0 0.0 1.0" />
		</transform>
	</shape>
	<shape type="ply" name="temp6">
		<string name="filename" value="meshes/Cube_002.ply" />
		<boolean name="face_normals" value="true" />
		<ref id="mat-Material" name="bsdf" />
		<transform name="to_world">
			<matrix value="0.9997766064390534 -0.02041240407740138 0.005539144466387184 -0.04700585183811823 0.009813337836663848 0.21568468763492785 -0.9764138922916683 0.6580885322590259 0.018736244009595285 0.97624957500996 0.21583678509915127 0.5521865051274487 0.0 0.0 0.0 1.0" />
		</transform>
	</shape>
	<shape type="ply" name="temp7">
		<string name="filename" value="meshes/Cube_003.ply" />
		<boolean name="face_normals" value="true" />
		<ref id="mat-Material" name="bsdf" />
		<transform name="to_world">
			<matrix value="0.9950888875887147 -0.05926148724612712 0.07928732481333044 -0.07762707034273264 0.09034434521751619 0.2163995052385889 -0.9721159887872967 0.13252795433877446 0.0404512860199955 0.9745045606906636 0.22069069042093026 0.18463314707102363 0.0 0.0 0.0 1.0" />
		</transform>
	</shape>
	<shape type="ply" name="temp8">
		<string name="filename" value="meshes/Cube_004.ply" />
		<boolean name="face_normals" value="true" />
		<ref id="mat-Material" name="bsdf" />
		<transform name="to_world">
			<matrix value="0.9743239242093021 -0.18860765962417322 0.12296488441923104 0.06124306871531493 0.16377509410010513 0.2189200351255572 -0.9619001645784292 -0.3811696419520677 0.1545022667354577 0.9573405948400474 0.24418833899657744 -0.40092394786780583 0.0 0.0 0.0 1.0" />
		</transform>
	</shape>
	<shape type="ply" name="temp9">
		<string name="filename" value="meshes/Cube_005.ply" />
		<boolean name="face_normals" value="true" />
		<ref id="mat-Material" name="bsdf" />
		<transform name="to_world">
			<matrix value="0.9702824510174158 -0.22776233096868528 0.08171167712558408 0.1342815824353205 0.13262042419955072 0.2180973795583441 -0.9668741587281175 -0.634670199561067 0.2023964278305826 0.948977208018806 0.24182178534263848 -0.8290060571285608 0.0 0.0 0.0 1.0" />
		</transform>
	</shape>
	<shape type="ply" name="temp10">
		<string name="filename" value="meshes/Cube_006.ply" />
		<boolean name="face_normals" value="true" />
		<ref id="mat-Material" name="bsdf" />
		<transform name="to_world">
			<matrix value="0.9875564467658464 -0.1425113521879426 -0.06650483830322997 0.03415206286077899 -0.03413243958179307 0.21857441132361194 -0.9752231690117871 -0.5425604638048841 0.15351663129601953 0.9653577321071373 0.21099037350935013 -1.043404460337893 0.0 0.0 0.0 1.0" />
		</transform>
	</shape>
	<shape type="ply" name="temp11">
		<string name="filename" value="meshes/Cube_007.ply" />
		<boolean name="face_normals" value="true" />
		<ref id="mat-Material" name="bsdf" />
		<transform name="to_world">
			<matrix value="0.9242234857551146 -0.24670468458960043 -0.2914581856847498 0.17746579817762953 -0.2440153574208327 0.20552084484891212 -0.9477436302096212 -0.30835017080740856 0.2937134658447202 0.9470469710464454 0.12974751560327377 -1.8049173402806402 0.0 0.0 0.0 1.0" />
		</transform>
	</shape>
	<shape type="ply" name="temp12">
		<string name="filename" value="meshes/Cube_008.ply" />
		<boolean name="face_normals" value="true" />
		<ref id="mat-Material" name="bsdf" />
		<transform name="to_world">
			<matrix value="0.32570874266657446 0.8887737968349454 -0.3224824724682178 1.7588567295058977 -0.5805617461575421 -0.08119894122726695 -0.8101575291203588 0.4111505012389581 -0.7462320066237964 0.45109621357339974 0.4895409249960167 0.975139815378189 0.0 0.0 0.0 1.0" />
		</transform>
	</shape>
	<shape type="ply" name="temp13">
		<string name="filename" value="meshes/Cube_009.ply" />
		<boolean name="face_normals" value="true" />
		<ref id="mat-Material" name="bsdf" />
		<transform name="to_world">
			<matrix value="-0.07194389630283657 0.9906183057550431 0.11618615375814205 2.6174105510155132 -0.8502230389679927 -5.294385125452888e-06 -0.5264230880700259 0.9988734811199962 -0.5214839005934113 -0.13665702312988737 0.8422467768678659 0.903715174879727 0.0 0.0 0.0 1.0" />
		</transform>
	</shape>
	<shape type="ply" name="temp14">
		<string name="filename" value="meshes/Cube_010.ply" />
		<boolean name="face_normals" value="true" />
		<ref id="mat-Material" name="bsdf" />
		<transform name="to_world">
			<matrix value="0.013837555648931701 0.9919864086620792 0.12558478294889935 1.9783698041385844 -0.993971919783982 -1.4433496098434995e-05 0.10963478812595712 2.0247954873052176 0.1087580470438472 -0.12634481449575843 0.986006578409258 -0.35194213175888933 0.0 0.0 0.0 1.0" />
		</transform>
	</shape>
	<shape type="ply" name="temp15">
		<string name="filename" value="meshes/Cube_011.ply" />
		<boolean name="face_normals" value="true" />
		<ref id="mat-Material" name="bsdf" />
		<transform name="to_world">
			<matrix value="0.0646404782040576 0.9723920212422017 0.22422106556613608 1.702407603248725 -0.936225127520491 -0.01867794828366599 0.3509049922438692 2.060750628001361 0.3454052731518172 -0.23260398437288157 0.9091702949409981 -0.897014406187272 0.0 0.0 0.0 1.0" />
		</transform>
	</shape>
	<shape type="ply" name="temp16">
		<string name="filename" value="meshes/Cube_012.ply" />
		<boolean name="face_normals" value="true" />
		<ref id="mat-Material" name="bsdf" />
		<transform name="to_world">
			<matrix value="0.0910879266418097 0.9908527542483361 0.09956777477765838 1.0957438525540877 -0.7378361319582218 1.6602374103870697e-06 0.6749802964492003 1.8467748652084135 0.6688057486609683 -0.1349471969429919 0.7310868369879263 -1.8399021799623345 0.0 0.0 0.0 1.0" />
		</transform>
	</shape>
	<shape type="ply" name="temp17">
		<string name="filename" value="meshes/Cube_013.ply" />
		<boolean name="face_normals" value="true" />
		<ref id="mat-Material" name="bsdf" />
		<transform name="to_world">
			<matrix value="0.914132213528785 0.16210536415649646 0.3715971483158487 0.6478117074488818 -0.39247265645084367 0.12408457666820324 0.9113552969810897 1.4686621217567541 0.1016261189623901 -0.97894051808111 0.17705161597483998 -1.4015596186878032 0.0 0.0 0.0 1.0" />
		</transform>
	</shape>
	<shape type="ply" name="temp18">
		<string name="filename" value="meshes/Cube_014.ply" />
		<boolean name="face_normals" value="true" />
		<ref id="mat-Material" name="bsdf" />
		<transform name="to_world">
			<matrix value="0.940591496506373 0.2931402957304927 0.17133874458004605 0.11333198921379017 -0.21630910399679448 0.1283625524849663 0.9678499986525466 1.0260382073681917 0.26172235549007405 -0.9474132446711986 0.18414560344872422 -0.8661744093733776 0.0 0.0 0.0 1.0" />
		</transform>
	</shape>
	<shape type="ply" name="temp19">
		<string name="filename" value="meshes/Cube_015.ply" />
		<boolean name="face_normals" value="true" />
		<ref id="mat-Material" name="bsdf" />
		<transform name="to_world">
			<matrix value="0.9835863354059292 0.12545468198229956 0.12968924415429808 0.01496182067045404 -0.14985789687373124 0.167628169695655 0.9743938941922867 0.6401078024501959 0.1005027241603682 -0.977835231100719 0.1836771388222123 -0.28951590449618814 0.0 0.0 0.0 1.0" />
		</transform>
	</shape>
	<shape type="ply" name="temp20">
		<string name="filename" value="meshes/Cube_016.ply" />
		<boolean name="face_normals" value="true" />
		<ref id="mat-Material" name="bsdf" />
		<transform name="to_world">
			<matrix value="0.9850042639802704 0.02056068023436506 0.1713001648621035 0.029366250242700564 -0.17231391405021393 0.1668779136587106 0.9708037583075229 0.3263849798007963 -0.008625828196167914 -0.985763094386377 0.167918364182136 0.2116307372255114 0.0 0.0 0.0 1.0" />
		</transform>
	</shape>
	<shape type="ply" name="temp21">
		<string name="filename" value="meshes/Cube_017.ply" />
		<boolean name="face_normals" value="true" />
		<ref id="mat-Material" name="bsdf" />
		<transform name="to_world">
			<matrix value="0.9380694541218771 -0.16638306881397014 0.3038795783274652 0.22049868574295783 -0.28166617023653123 0.14443522734620576 0.9485792877030459 0.13945894172689735 -0.20171849042687673 -0.9754254593542655 0.08862579139246778 0.4799858791175537 0.0 0.0 0.0 1.0" />
		</transform>
	</shape>
	<shape type="ply" name="temp22">
		<string name="filename" value="meshes/Cube_018.ply" />
		<boolean name="face_normals" value="true" />
		<ref id="mat-Material" name="bsdf" />
		<transform name="to_world">
			<matrix value="0.22808628842236275 0.9551567196400674 0.18881842994731693 0.8532008512605862 -0.5717425761532693 -0.025577996883754013 0.820034362425246 -0.014915442800122802 0.7880908183473486 -0.2949939823496161 0.5402697081605087 -0.1461541672986183 0.0 0.0 0.0 1.0" />
		</transform>
	</shape>
	<shape type="ply" name="temp23">
		<string name="filename" value="meshes/Cube_019.ply" />
		<boolean name="face_normals" value="true" />
		<ref id="mat-Material" name="bsdf" />
		<transform name="to_world">
			<matrix value="-0.08258594003478557 0.9830585933507572 -0.1636311930257704 0.5114613097680216 -0.9134531680220982 -0.009018739192737936 0.40684440128391036 -0.04655448963890757 0.3984761811048053 0.1830690016957885 0.8987228033082109 -0.05487801004016857 0.0 0.0 0.0 1.0" />
		</transform>
	</shape>
	<shape type="ply" name="temp24">
		<string name="filename" value="meshes/Cube_020.ply" />
		<boolean name="face_normals" value="true" />
		<ref id="mat-Material" name="bsdf" />
		<transform name="to_world">
			<matrix value="0.09908650655981843 0.9397549070305415 -0.32717397412687044 0.14402758928453335 -0.9618319061083159 0.006171064020770919 -0.2735710973814791 0.1390746604481558 -0.255070660253139 0.34179342807859986 0.9044977046285382 0.11978507455967813 0.0 0.0 0.0 1.0" />
		</transform>
	</shape>
	<shape type="ply" name="temp25">
		<string name="filename" value="meshes/Cube_021.ply" />
		<boolean name="face_normals" value="true" />
		<ref id="mat-Material" name="bsdf" />
		<transform name="to_world">
			<matrix value="0.18883338031689972 0.9408881092479919 -0.28119650078175934 -0.17405335438886804 -0.7970637930453683 -0.02041061859777274 -0.6035506105854992 0.0904009637492772 -0.5736130539850043 0.3381018432574157 0.7460934489653213 0.31618867558914754 0.0 0.0 0.0 1.0" />
		</transform>
	</shape>
	<shape type="ply" name="temp26">
		<string name="filename" value="meshes/Cube_022.ply" />
		<boolean name="face_normals" value="true" />
		<ref id="mat-Material" name="bsdf" />
		<transform name="to_world">
			<matrix value="0.6371902408927232 0.40213798670485146 -0.6574752222234305 -0.08756764692845942 -0.7116902205036284 -0.020379641777720302 -0.702197672829808 -0.19542551775527472 -0.2957794573664027 0.9153522046293148 0.27321201209776746 0.6940805792454102 0.0 0.0 0.0 1.0" />
		</transform>
	</shape>
	<shape type="ply" name="temp27">
		<string name="filename" value="meshes/Cube_023.ply" />
		<boolean name="face_normals" value="true" />
		<ref id="mat-Material" name="bsdf" />
		<transform name="to_world">
			<matrix value="0.8557356296773027 0.2874184175561039 -0.43024115633248716 -0.06658202485154541 -0.48031743161231644 0.13209485151943065 -0.8670907441299494 -0.28707376873175344 -0.19238516063947292 0.9486526512078061 0.2510903734620711 0.20877184209477628 0.0 0.0 0.0 1.0" />
		</transform>
	</shape>
	<shape type="ply" name="temp28">
		<string name="filename" value="meshes/Cube_024.ply" />
		<boolean name="face_normals" value="true" />
		<ref id="mat-Material" name="bsdf" />
		<transform name="to_world">
			<matrix value="0.851669778219837 0.4535600085936637 -0.2625678395499789 -0.19690229389855685 -0.37404237740391866 0.17513302448985554 -0.910725539820557 -0.5093944856091672 -0.3670845101386991 0.8738487723784634 0.3188062886831409 -0.3588223696785006 0.0 0.0 0.0 1.0" />
		</transform>
	</shape>
	<shape type="ply" name="temp29">
		<string name="filename" value="meshes/Cube_025.ply" />
		<boolean name="face_normals" value="true" />
		<ref id="mat-Material" name="bsdf" />
		<transform name="to_world">
			<matrix value="0.9036251810640271 0.3523961094899494 -0.24347253393573168 -0.25874178829535766 -0.3209821958877855 0.18075378110770657 -0.9296766442831808 -0.7930931123544 -0.283605882342512 0.9182292046898043 0.2764466094054137 -0.6914587559483558 0.0 0.0 0.0 1.0" />
		</transform>
	</shape>
	<shape type="ply" name="temp30">
		<string name="filename" value="meshes/Cube_026.ply" />
		<boolean name="face_normals" value="true" />
		<ref id="mat-Material" name="bsdf" />
		<transform name="to_world">
			<matrix value="0.9233950679666045 0.2300502896189795 -0.3072758700411943 -0.33469700956095505 -0.3514682807737927 0.18491503327958816 -0.9177564097411897 -1.1497184751652596 -0.15431012167857214 0.9554491545044772 0.2516050060966356 -0.8910042253939779 0.0 0.0 0.0 1.0" />
		</transform>
	</shape>
	<shape type="ply" name="temp31">
		<string name="filename" value="meshes/Cube_027.ply" />
		<boolean name="face_normals" value="true" />
		<ref id="mat-Material" name="bsdf" />
		<transform name="to_world">
			<matrix value="0.8717246692090982 0.1729522989093139 -0.45845848496123826 -0.6067109559866689 -0.4856961634815355 0.1813013977218448 -0.8551194481965637 -1.5856823555469166 -0.06477571109184489 0.968099778275135 0.24204707009263385 -1.0313957443482766 0.0 0.0 0.0 1.0" />
		</transform>
	</shape>
	<shape type="ply" name="temp32">
		<string name="filename" value="meshes/Cube_028.ply" />
		<boolean name="face_normals" value="true" />
		<ref id="mat-Material" name="bsdf" />
		<transform name="to_world">
			<matrix value="-0.10541729385295386 0.9846603104148112 0.13903719018618968 -1.4871109700909078 -0.7970895010345249 -6.891680207249131e-05 -0.6038612340498161 -2.1220976588454032 -0.5945885569307853 -0.17448245077937438 0.78486984782287 -1.3616056045852383 0.0 0.0 0.0 1.0" />
		</transform>
	</shape>
	<shape type="ply" name="temp33">
		<string name="filename" value="meshes/Cube_029.ply" />
		<boolean name="face_normals" value="true" />
		<ref id="mat-Material" name="bsdf" />
		<transform name="to_world">
			<matrix value="0.002050659808838939 0.9760449540385004 0.21755951607039095 -1.5689713154043996 -0.9987008600652098 -0.009077908235524788 0.050140040593806154 -1.8232894590419697 0.050913919014515266 -0.21737964177772032 0.9747584157919645 -0.12639858092300993 0.0 0.0 0.0 1.0" />
		</transform>
	</shape>
	<shape type="ply" name="temp34">
		<string name="filename" value="meshes/Cube_030.ply" />
		<boolean name="face_normals" value="true" />
		<ref id="mat-Material" name="bsdf" />
		<transform name="to_world">
			<matrix value="-0.04222131430039895 0.9784250972218711 -0.2022415238197349 -3.2283564125926696 -0.9752822139869393 0.003581253867744597 0.22093244311340499 -1.918013353684318 0.21689006757156615 0.2065706523667503 0.9540898551867476 0.24432173565349302 0.0 0.0 0.0 1.0" />
		</transform>
	</shape>
	<shape type="ply" name="temp35">
		<string name="filename" value="meshes/Cube_031.ply" />
		<boolean name="face_normals" value="true" />
		<ref id="mat-Material" name="bsdf" />
		<transform name="to_world">
			<matrix value="0.13736953195503052 0.9760188810299048 0.1688694062363925 -1.8797485098463553 -0.778027027074945 0.0008076708877129383 0.6282302830928641 -1.1795712222530192 0.6130282770151074 -0.2176845916862562 0.759480043742592 0.5862327585929354 0.0 0.0 0.0 1.0" />
		</transform>
	</shape>
	<shape type="ply" name="temp36">
		<string name="filename" value="meshes/Cube_032.ply" />
		<boolean name="face_normals" value="true" />
		<ref id="mat-Material" name="bsdf" />
		<transform name="to_world">
			<matrix value="0.7194123685568244 0.6100387340615699 0.3321125090480313 -0.6492648044250564 -0.41831193364856645 -0.0011802708672716995 0.9083027240779518 -0.19501212911312157 0.5544920721880335 -0.7923706205167462 0.25433749972223546 -0.13092470462969752 0.0 0.0 0.0 1.0" />
		</transform>
	</shape>
	<shape type="ply" name="temp37">
		<string name="filename" value="meshes/Cube_033.ply" />
		<boolean name="face_normals" value="true" />
		<ref id="mat-Material" name="bsdf" />
		<transform name="to_world">
			<matrix value="0.9761881966643441 0.17245578539202333 0.13159104458841445 -0.1482250502205762 -0.15008869256259008 0.09896907324012406 0.9837066882385286 0.30049006812375467 0.1566224666549651 -0.9800326642651688 0.12249608883925638 -0.3840963562222267 0.0 0.0 0.0 1.0" />
		</transform>
	</shape>
	<shape type="ply" name="temp38">
		<string name="filename" value="meshes/Cube_034.ply" />
		<boolean name="face_normals" value="true" />
		<ref id="mat-Material" name="bsdf" />
		<transform name="to_world">
			<matrix value="0.9999153409322604 -0.001550109193759999 0.012936805381870654 -0.033316256381752396 -0.012457196198054347 0.17725912190278734 0.9840853935580381 0.36911831169286513 -0.0038186026555466317 -0.984163045994873 0.17722479919398648 -0.38402019386980923 0.0 0.0 0.0 1.0" />
		</transform>
	</shape>
	<shape type="ply" name="temp39">
		<string name="filename" value="meshes/Cube_035.ply" />
		<boolean name="face_normals" value="true" />
		<ref id="mat-Material" name="bsdf" />
		<transform name="to_world">
			<matrix value="0.9986516602928583 -0.051748956558196 0.004122238134254582 0.007859993179553104 0.006410925363502102 0.20173702554946257 0.9794187133380391 0.09107354258379151 -0.051515530284897706 -0.9780715568506309 0.20179676998876178 -0.16413651397283086 0.0 0.0 0.0 1.0" />
		</transform>
	</shape>
	<shape type="ply" name="temp40">
		<string name="filename" value="meshes/Cube_036.ply" />
		<boolean name="face_normals" value="true" />
		<ref id="mat-Material" name="bsdf" />
		<transform name="to_world">
			<matrix value="0.9986157577562776 -0.05242814800291184 0.00426672296027471 0.0031786159948747894 0.0065851723410404114 0.20508031529567836 0.9787230018802885 -0.23963454097818573 -0.05218766122898372 -0.9773398439373998 0.20514166935763353 0.17683534402622597 0.0 0.0 0.0 1.0" />
		</transform>
	</shape>
	<shape type="ply" name="temp41">
		<string name="filename" value="meshes/Cube_037.ply" />
		<boolean name="face_normals" value="true" />
		<ref id="mat-Material" name="bsdf" />
		<transform name="to_world">
			<matrix value="0.9986454549161654 -0.05186609737121498 0.004135027121636272 -0.007631392482466914 0.006607032996647323 0.20523977781624997 0.9786894337433532 -0.5707700118251641 -0.051609497417676814 -0.9773365065922995 0.20530447482176972 0.5212148855609041 0.0 0.0 0.0 1.0" />
		</transform>
	</shape>
	<shape type="ply" name="temp42">
		<string name="filename" value="meshes/Cube_038.ply" />
		<boolean name="face_normals" value="true" />
		<ref id="mat-Material" name="bsdf" />
		<transform name="to_world">
			<matrix value="0.9988692917183042 -0.04734109544181235 0.0044180632508802175 0.010876028034219942 0.005403535646343172 0.20534521706301118 0.9786747772328602 -0.905244654062775 -0.04723878466810986 -0.9775438391566529 0.20536882163074008 0.874533201451433 0.0 0.0 0.0 1.0" />
		</transform>
	</shape>
	<shape type="ply" name="temp43">
		<string name="filename" value="meshes/Cube_039.ply" />
		<boolean name="face_normals" value="true" />
		<ref id="mat-Material" name="bsdf" />
		<transform name="to_world">
			<matrix value="0.9999139949946586 -0.01274400406565373 -0.0030761882882500593 0.023306708107385887 0.008291866709111723 0.4330225692628836 0.9013449231303801 -1.3192361177889755 -0.010154688359245295 -0.9012929583353829 0.4330909655894799 1.4814040227595078 0.0 0.0 0.0 1.0" />
		</transform>
	</shape>
	<shape type="ply" name="temp47">
		<string name="filename" value="meshes/Plane_001.ply" />
		<boolean name="face_normals" value="true" />
		<ref id="mat-Material.002" name="bsdf" />
	</shape>
	<shape type="ply" name="temp49">
		<string name="filename" value="meshes/Plane_002.ply" />
		<boolean name="face_normals" value="true" />
		<ref id="mat-Material.003" name="bsdf" />
	</shape>
	<shape type="ply" name="temp51">
		<string name="filename" value="meshes/Plane_003.ply" />
		<boolean name="face_normals" value="true" />
		<ref id="mat-Material.004" name="bsdf" />
	</shape>
	<shape type="ply" name="temp53">
		<string name="filename" value="meshes/Plane_004.ply" />
		<boolean name="face_normals" value="true" />
		<ref id="mat-Material.005" name="bsdf" />
	</shape>
	<emitter type="point">
		<transform name="to_world">
			<rotate x="1" angle="-142.5518126578256" />
			<rotate y="1" angle="3.976628485794621e-06" />
			<rotate z="1" angle="-179.999991348578" />
			<translate value="-0.000000 3.030926 4.073377" />
		</transform>
		<rgb name="intensity" value="100" />
	</emitter>
</scene>