<scene version="2.1.0">
	<default name="spp" value="1024" />
	<default name="resx" value="1280" />
	<default name="resy" value="720" />
	<integrator type="path" name="temp0">
		<integer name="max_depth" value="12" />
	</integrator>
	<sensor type="perspective" name="temp44">
		<string name="fov_axis" value="x" />
		<float name="fov" value="83.974423" />
		<float name="principal_point_offset_x" value="0.000000" />
		<float name="principal_point_offset_y" value="-0.000000" />
		<float name="near_clip" value="0.100000" />
		<float name="far_clip" value="1000.000000" />
		<transform name="to_world">
			<rotate x="1" angle="-142.5518126578256" />
			<rotate y="1" angle="3.976628485794621e-06" />
			<rotate z="1" angle="-179.999991348578" />
			<translate value="-0.000000 3.030926 4.073377" />
		</transform>
		<sampler type="independent" name="sampler">
			<integer name="sample_count" value="$spp" />
		</sampler>
		<film type="hdrfilm" name="film">
			<integer name="width" value="$resx" />
			<integer name="height" value="$resy" />
		</film>
		<float name="shutter_open" value="0.0" />
		<float name="shutter_close" value="0.0015" />
	</sensor>
	<bsdf type="twosided" id="mat-Material" name="mat-Material">
		<bsdf type="diffuse" name="bsdf">
			<texture type="bitmap" name="reflectance">
				<string name="filename" value="textures/siggraph_2023_logo.jpg" />
			</texture>
		</bsdf>
	</bsdf>
	<bsdf type="twosided" id="mat-Material.001" name="mat-Material.001">
		<bsdf type="principled" name="bsdf">
			<rgb value="0.433648 0.266232 0.084399" name="base_color" />
			<float name="spec_tint" value="0.000000" />
			<float name="spec_trans" value="0.000000" />
			<float name="metallic" value="0.000000" />
			<float name="anisotropic" value="0.000000" />
			<float name="roughness" value="0.500000" />
			<float name="sheen" value="0.000000" />
			<float name="sheen_tint" value="0.500000" />
			<float name="clearcoat" value="0.000000" />
			<float name="clearcoat_gloss" value="0.173205" />
			<float name="specular" value="0.500000" />
		</bsdf>
	</bsdf>
	<bsdf type="twosided" id="mat-Material.002" name="mat-Material.002">
		<bsdf type="principled" name="bsdf">
			<rgb value="0.433648 0.266232 0.084399" name="base_color" />
			<float name="spec_tint" value="0.000000" />
			<float name="spec_trans" value="0.000000" />
			<float name="metallic" value="0.000000" />
			<float name="anisotropic" value="0.000000" />
			<float name="roughness" value="0.500000" />
			<float name="sheen" value="0.000000" />
			<float name="sheen_tint" value="0.500000" />
			<float name="clearcoat" value="0.000000" />
			<float name="clearcoat_gloss" value="0.173205" />
			<float name="specular" value="0.500000" />
		</bsdf>
	</bsdf>
	<bsdf type="twosided" id="mat-Material.003" name="mat-Material.003">
		<bsdf type="principled" name="bsdf">
			<rgb value="0.433648 0.266232 0.084399" name="base_color" />
			<float name="spec_tint" value="0.000000" />
			<float name="spec_trans" value="0.000000" />
			<float name="metallic" value="0.000000" />
			<float name="anisotropic" value="0.000000" />
			<float name="roughness" value="0.500000" />
			<float name="sheen" value="0.000000" />
			<float name="sheen_tint" value="0.500000" />
			<float name="clearcoat" value="0.000000" />
			<float name="clearcoat_gloss" value="0.173205" />
			<float name="specular" value="0.500000" />
		</bsdf>
	</bsdf>
	<bsdf type="twosided" id="mat-Material.004" name="mat-Material.004">
		<bsdf type="principled" name="bsdf">
			<rgb value="0.433648 0.266232 0.084399" name="base_color" />
			<float name="spec_tint" value="0.000000" />
			<float name="spec_trans" value="0.000000" />
			<float name="metallic" value="0.000000" />
			<float name="anisotropic" value="0.000000" />
			<float name="roughness" value="0.500000" />
			<float name="sheen" value="0.000000" />
			<float name="sheen_tint" value="0.500000" />
			<float name="clearcoat" value="0.000000" />
			<float name="clearcoat_gloss" value="0.173205" />
			<float name="specular" value="0.500000" />
		</bsdf>
	</bsdf>
	<bsdf type="twosided" id="mat-Material.005" name="mat-Material.005">
		<bsdf type="principled" name="bsdf">
			<rgb value="0.433648 0.266232 0.084399" name="base_color" />
			<float name="spec_tint" value="0.000000" />
			<float name="spec_trans" value="0.000000" />
			<float name="metallic" value="0.000000" />
			<float name="anisotropic" value="0.000000" />
			<float name="roughness" value="0.500000" />
			<float name="sheen" value="0.000000" />
			<float name="sheen_tint" value="0.500000" />
			<float name="clearcoat" value="0.000000" />
			<float name="clearcoat_gloss" value="0.173205" />
			<float name="specular" value="0.500000" />
		</bsdf>
	</bsdf>
	<emitter type="point" name="temp45">
		<point name="position" x="-6.815235034541981e-16" y="3.0693089962005615" z="4.109199523925781" />
		<rgb value="7.957747 7.957747 7.957747" name="intensity" />
	</emitter>
	<shape type="ply" name="temp2">
		<string name="filename" value="meshes/Cube.ply" />
		<boolean name="face_normals" value="true" />
		<ref id="mat-Material" name="bsdf" />
		<transform name="to_world">
			<matrix value="0.9979681823742481 0.008389187627627376 -0.060183319850919646 0.07555140589955212 -0.020870004893382765 0.9795693990484395 -0.18893890882752173 0.29202591719478854 0.057154868029367395 0.1898714704968264 0.9777656007916407 0.06127530053826391 0.0 0.0 0.0 1.0" />
		</transform>
	</shape>
	<shape type="ply" name="temp4">
		<string name="filename" value="meshes/Plane.ply" />
		<boolean name="face_normals" value="true" />
		<ref id="mat-Material.001" name="bsdf" />
	</shape>
	<shape type="ply" name="temp5">
		<string name="filename" value="meshes/Cube_001.ply" />
		<boolean name="face_normals" value="true" />
		<ref id="mat-Material" name="bsdf" />
		<transform name="to_world">
			<matrix value="0.9969518303201796 -0.01284440567098366 -0.0768636462277688 0.07543395870308878 -0.026530686917470264 0.8668563043491864 -0.4855224407723319 0.5505251380773291 0.07318000734007414 0.48607565761342286 0.8638595745545957 0.068474652025728 0.0 0.0 0.0 1.0" />
		</transform>
	</shape>
	<shape type="ply" name="temp6">
		<string name="filename" value="meshes/Cube_002.ply" />
		<boolean name="face_normals" value="true" />
		<ref id="mat-Material" name="bsdf" />
		<transform name="to_world">
			<matrix value="0.9990771718375184 -0.03596181242869033 -0.022346686990361218 0.006866882891212844 0.008124493596937735 0.6877361953848691 -0.7206562476212719 0.4705820130776133 0.04165846005599023 0.7197919165329991 0.6874159910094129 0.1415746066801457 0.0 0.0 0.0 1.0" />
		</transform>
	</shape>
	<shape type="ply" name="temp7">
		<string name="filename" value="meshes/Cube_003.ply" />
		<boolean name="face_normals" value="true" />
		<ref id="mat-Material" name="bsdf" />
		<transform name="to_world">
			<matrix value="0.996246633583144 -0.0710687430515432 0.04903454965034766 -0.02696541831079524 0.0818842005790503 0.600149763361374 -0.7927524501194032 0.07576788500112508 0.027326083237149995 0.7937947282462461 0.603755565337069 0.15459556560114884 0.0 0.0 0.0 1.0" />
		</transform>
	</shape>
	<shape type="ply" name="temp8">
		<string name="filename" value="meshes/Cube_004.ply" />
		<boolean name="face_normals" value="true" />
		<ref id="mat-Material" name="bsdf" />
		<transform name="to_world">
			<matrix value="0.987024335714425 -0.11831351437039941 0.10836690541019081 0.023897595886458678 0.15186165733200715 0.4719892454054145 -0.8671717095306559 -0.3621700392322738 0.05173976600410973 0.8723808619945226 0.483873583341883 -0.07625961042285737 0.0 0.0 0.0 1.0" />
		</transform>
	</shape>
	<shape type="ply" name="temp9">
		<string name="filename" value="meshes/Cube_005.ply" />
		<boolean name="face_normals" value="true" />
		<ref id="mat-Material" name="bsdf" />
		<transform name="to_world">
			<matrix value="0.9875336198444401 -0.13371470496826393 0.08295101510518882 0.06510646319805868 0.12658500834179923 0.3619900380248757 -0.9231211653722446 -0.6100023470304241 0.09351988025395948 0.9221147087227772 0.37441498065577006 -0.46713019880401874 0.0 0.0 0.0 1.0" />
		</transform>
	</shape>
	<shape type="ply" name="temp10">
		<string name="filename" value="meshes/Cube_006.ply" />
		<boolean name="face_normals" value="true" />
		<ref id="mat-Material" name="bsdf" />
		<transform name="to_world">
			<matrix value="0.9897812959308687 -0.12102130060510238 -0.07537261813974841 0.010928151747573445 -0.033606928391725924 0.31572254564340885 -0.9481047240770063 -0.5292583107378201 0.1385771425835997 0.9409491200881059 0.30842924285885165 -0.8711995551423879 0.0 0.0 0.0 1.0" />
		</transform>
	</shape>
	<shape type="ply" name="temp11">
		<string name="filename" value="meshes/Cube_007.ply" />
		<boolean name="face_normals" value="true" />
		<ref id="mat-Material" name="bsdf" />
		<transform name="to_world">
			<matrix value="0.9341372398839063 -0.0213541861779681 -0.355886314648804 -0.027482517881911583 -0.33218132731234495 0.3122500380665926 -0.8898768900397664 -0.030414613832167203 0.13011892604432057 0.9494882389872827 0.2845870008098904 -1.036512030540031 0.0 0.0 0.0 1.0" />
		</transform>
	</shape>
	<shape type="ply" name="temp12">
		<string name="filename" value="meshes/Cube_008.ply" />
		<boolean name="face_normals" value="true" />
		<ref id="mat-Material" name="bsdf" />
		<transform name="to_world">
			<matrix value="0.08567597384522371 0.9774190015914965 -0.19293693303534915 2.3265328717161626 -0.6451444257101167 -0.09323465916320244 -0.75824440534991 0.655314143968275 -0.7591374171803833 0.18939918401912298 0.6225812620768465 1.401196498257022 0.0 0.0 0.0 1.0" />
		</transform>
	</shape>
	<shape type="ply" name="temp13">
		<string name="filename" value="meshes/Cube_009.ply" />
		<boolean name="face_normals" value="true" />
		<ref id="mat-Material" name="bsdf" />
		<transform name="to_world">
			<matrix value="-0.07748833389181725 0.9917980572479836 0.10163381086766068 2.597364705911179 -0.7951208452786835 1.1165181895737168e-05 -0.6063127718250807 0.7833035975165177 -0.601340671634514 -0.12781487329560742 0.7885983931736593 0.987007356761489 0.0 0.0 0.0 1.0" />
		</transform>
	</shape>
	<shape type="ply" name="temp14">
		<string name="filename" value="meshes/Cube_010.ply" />
		<boolean name="face_normals" value="true" />
		<ref id="mat-Material" name="bsdf" />
		<transform name="to_world">
			<matrix value="0.01820018146294415 0.998798034303736 0.045272459802156016 1.8292569895911368 -0.9456402353078841 0.0024788162019761255 0.3251764336549413 2.3365769546428354 0.3246852322672496 -0.04872096249032692 0.9445522932474619 -0.7876393394802558 0.0 0.0 0.0 1.0" />
		</transform>
	</shape>
	<shape type="ply" name="temp15">
		<string name="filename" value="meshes/Cube_011.ply" />
		<boolean name="face_normals" value="true" />
		<ref id="mat-Material" name="bsdf" />
		<transform name="to_world">
			<matrix value="-0.002235068090711969 0.9978163333840888 -0.06543616593250157 1.2896516632919075 -0.8348886666773044 0.03415189717639746 0.5492968184498045 2.2593408380520046 0.5503506481072715 0.0558626307039921 0.8330582085678178 -1.3308481479908063 0.0 0.0 0.0 1.0" />
		</transform>
	</shape>
	<shape type="ply" name="temp16">
		<string name="filename" value="meshes/Cube_012.ply" />
		<boolean name="face_normals" value="true" />
		<ref id="mat-Material" name="bsdf" />
		<transform name="to_world">
			<matrix value="0.1023283903075562 0.9896689353660546 0.10041055959029854 1.0871357820363206 -0.6997043138005805 -0.00013179945476124425 0.7143710867707973 1.8715521391789975 0.7070044962386552 -0.1433717719008058 0.6924619675372476 -1.9187070466367337 0.0 0.0 0.0 1.0" />
		</transform>
	</shape>
	<shape type="ply" name="temp17">
		<string name="filename" value="meshes/Cube_013.ply" />
		<boolean name="face_normals" value="true" />
		<ref id="mat-Material" name="bsdf" />
		<transform name="to_world">
			<matrix value="0.8900323034180988 0.2693531599443498 0.3676710946664013 0.6089608117357841 -0.40693781060126555 0.10609054008672927 0.9071948573614216 1.5096218356615996 0.20527658693644096 -0.9571246060368401 0.20406984110924253 -1.4818409430209414 0.0 0.0 0.0 1.0" />
		</transform>
	</shape>
	<shape type="ply" name="temp18">
		<string name="filename" value="meshes/Cube_014.ply" />
		<boolean name="face_normals" value="true" />
		<ref id="mat-Material" name="bsdf" />
		<transform name="to_world">
			<matrix value="0.9451460213784092 0.28405458227911473 0.16127215674334228 0.0980700458487731 -0.2150581000554938 0.16952140385421643 0.9617580909847804 1.0184437273707667 0.24586314130351916 -0.9436849087340408 0.2213120673669957 -0.8218248819122371 0.0 0.0 0.0 1.0" />
		</transform>
	</shape>
	<shape type="ply" name="temp19">
		<string name="filename" value="meshes/Cube_015.ply" />
		<boolean name="face_normals" value="true" />
		<ref id="mat-Material" name="bsdf" />
		<transform name="to_world">
			<matrix value="0.9834706494547247 0.1276720975005371 0.12839183566174855 0.034830520642260165 -0.14996006396856887 0.17694166737932893 0.9727299074606839 0.6390837329754329 0.10147244724100088 -0.9759048898363242 0.19316316336666664 -0.3094311454202259 0.0 0.0 0.0 1.0" />
		</transform>
	</shape>
	<shape type="ply" name="temp20">
		<string name="filename" value="meshes/Cube_016.ply" />
		<boolean name="face_normals" value="true" />
		<ref id="mat-Material" name="bsdf" />
		<transform name="to_world">
			<matrix value="0.9845122662567571 0.04408929066815735 0.16967707452268238 0.06799491046187633 -0.17484663854744542 0.1764583155167775 0.9686535063810192 0.3373933502325519 0.012765654392431568 -0.9833195320207834 0.1814352246062954 0.09723190843015836 0.0 0.0 0.0 1.0" />
		</transform>
	</shape>
	<shape type="ply" name="temp21">
		<string name="filename" value="meshes/Cube_017.ply" />
		<boolean name="face_normals" value="true" />
		<ref id="mat-Material" name="bsdf" />
		<transform name="to_world">
			<matrix value="0.9553066608513423 -0.04174123894765166 0.29259371065495215 0.20361722630530843 -0.28534533807778706 0.1276533353635516 0.9498747341143519 0.1773823080665216 -0.07700227560028156 -0.9909318076103983 0.11002034891005205 0.32945085301834737 0.0 0.0 0.0 1.0" />
		</transform>
	</shape>
	<shape type="ply" name="temp22">
		<string name="filename" value="meshes/Cube_018.ply" />
		<boolean name="face_normals" value="true" />
		<ref id="mat-Material" name="bsdf" />
		<transform name="to_world">
			<matrix value="0.1516760500827088 0.9652579246302326 0.21261456308705826 0.8589672756002578 -0.6370224741014172 -0.06904267212878815 0.76770352810575 0.06345801689192454 0.7557056222485803 -0.2519231451140225 0.604453167957464 -0.18583742108472381 0.0 0.0 0.0 1.0" />
		</transform>
	</shape>
	<shape type="ply" name="temp23">
		<string name="filename" value="meshes/Cube_019.ply" />
		<boolean name="face_normals" value="true" />
		<ref id="mat-Material" name="bsdf" />
		<transform name="to_world">
			<matrix value="-0.07777154285167201 0.9860114137202429 -0.14741209757831897 0.4880233887531594 -0.9080385336162986 -0.009015784599403866 0.418782720068687 -0.052265876566404884 0.4115962755329089 0.1664262978622219 0.8960372341557211 -0.04872123627380959 0.0 0.0 0.0 1.0" />
		</transform>
	</shape>
	<shape type="ply" name="temp24">
		<string name="filename" value="meshes/Cube_020.ply" />
		<boolean name="face_normals" value="true" />
		<ref id="mat-Material" name="bsdf" />
		<transform name="to_world">
			<matrix value="0.10376325557135259 0.9565579249154087 -0.2724255247584251 0.09827947045529986 -0.9524004516563245 0.01662746939860006 -0.3043690356284491 0.16829168129299932 -0.28662415756893433 0.29103941890294116 0.912765040300517 0.10658608550050036 0.0 0.0 0.0 1.0" />
		</transform>
	</shape>
	<shape type="ply" name="temp25">
		<string name="filename" value="meshes/Cube_021.ply" />
		<boolean name="face_normals" value="true" />
		<ref id="mat-Material" name="bsdf" />
		<transform name="to_world">
			<matrix value="0.1962086256508997 0.9340690788718939 -0.29835525584830225 -0.15683925684877317 -0.7962748237229778 -0.025781595793276504 -0.6043710205801047 0.09834070342707783 -0.5722159577467036 0.3561606347630381 0.7387167326761228 0.2900345116365544 0.0 0.0 0.0 1.0" />
		</transform>
	</shape>
	<shape type="ply" name="temp26">
		<string name="filename" value="meshes/Cube_022.ply" />
		<boolean name="face_normals" value="true" />
		<ref id="mat-Material" name="bsdf" />
		<transform name="to_world">
			<matrix value="0.6329732441886646 0.39889074992230245 -0.6634975114663555 -0.0827087453405781 -0.7171662438145692 -0.020660067414371028 -0.6965940397172523 -0.20009703942306 -0.2915730541268414 0.9167656745713078 0.2729937010100227 0.6752962457079261 0.0 0.0 0.0 1.0" />
		</transform>
	</shape>
	<shape type="ply" name="temp27">
		<string name="filename" value="meshes/Cube_023.ply" />
		<boolean name="face_normals" value="true" />
		<ref id="mat-Material" name="bsdf" />
		<transform name="to_world">
			<matrix value="0.859775994766208 0.2701015595830822 -0.4333868689958541 -0.06172916823940405 -0.4802183672058252 0.13898908688152217 -0.8660665613604267 -0.28725226899939815 -0.17368977903540078 0.9527432976724104 0.2492079574450582 0.20940268220678687 0.0 0.0 0.0 1.0" />
		</transform>
	</shape>
	<shape type="ply" name="temp28">
		<string name="filename" value="meshes/Cube_024.ply" />
		<boolean name="face_normals" value="true" />
		<ref id="mat-Material" name="bsdf" />
		<transform name="to_world">
			<matrix value="0.8579336627501875 0.4348452201917722 -0.2736049011371088 -0.18916910783119256 -0.3802799555695029 0.17940122814299692 -0.9073050175854486 -0.5139446106513145 -0.3454522788802664 0.8824539081354045 0.31927718818155726 -0.3310798208882405 0.0 0.0 0.0 1.0" />
		</transform>
	</shape>
	<shape type="ply" name="temp29">
		<string name="filename" value="meshes/Cube_025.ply" />
		<boolean name="face_normals" value="true" />
		<ref id="mat-Material" name="bsdf" />
		<transform name="to_world">
			<matrix value="0.8992317743654117 0.3670254660289557 -0.23806428156385911 -0.2675801822464247 -0.3212620140525188 0.1846510701405648 -0.9288135649314146 -0.7930811797301096 -0.29693946389091297 0.9116995847091192 0.28395547068437865 -0.7076347053215679 0.0 0.0 0.0 1.0" />
		</transform>
	</shape>
	<shape type="ply" name="temp30">
		<string name="filename" value="meshes/Cube_026.ply" />
		<boolean name="face_normals" value="true" />
		<ref id="mat-Material" name="bsdf" />
		<transform name="to_world">
			<matrix value="0.9233616032565817 0.23805282600125569 -0.3012211946379866 -0.32621575054932644 -0.3490280163892864 0.19361955934529634 -0.9168920302151056 -1.1454237860054197 -0.1599465096529067 0.9517574250713879 0.26186799117394394 -0.8769377075465496 0.0 0.0 0.0 1.0" />
		</transform>
	</shape>
	<shape type="ply" name="temp31">
		<string name="filename" value="meshes/Cube_027.ply" />
		<boolean name="face_normals" value="true" />
		<ref id="mat-Material" name="bsdf" />
		<transform name="to_world">
			<matrix value="0.8737624705909468 0.1751729683390242 -0.45371131213119376 -0.578587457981822 -0.4821329475361995 0.18934874839129537 -0.8553917756173346 -1.5821911104958342 -0.06393186850984084 0.9661580691789924 0.24990248692615624 -1.0140102213707796 0.0 0.0 0.0 1.0" />
		</transform>
	</shape>
	<shape type="ply" name="temp32">
		<string name="filename" value="meshes/Cube_028.ply" />
		<boolean name="face_normals" value="true" />
		<ref id="mat-Material" name="bsdf" />
		<transform name="to_world">
			<matrix value="-0.10552302903938995 0.9841718065257612 0.14237420577078824 -1.4809542778537175 -0.8047932545782382 -0.0004259265825794758 -0.5935408049071889 -2.1183931024719476 -0.5840852920161623 -0.17721645603152125 0.7920996444141437 -1.324704303217902 0.0 0.0 0.0 1.0" />
		</transform>
	</shape>
	<shape type="ply" name="temp33">
		<string name="filename" value="meshes/Cube_029.ply" />
		<boolean name="face_normals" value="true" />
		<ref id="mat-Material" name="bsdf" />
		<transform name="to_world">
			<matrix value="-0.0058413382692672515 0.9784887249881629 0.20621021171093012 -1.6002898302559854 -0.9989266914527142 -0.01517649132394566 0.04371121048120161 -1.828745559729498 0.045899354108934504 -0.20573614532469242 0.9775290872634451 -0.1228272270414581 0.0 0.0 0.0 1.0" />
		</transform>
	</shape>
	<shape type="ply" name="temp34">
		<string name="filename" value="meshes/Cube_030.ply" />
		<boolean name="face_normals" value="true" />
		<ref id="mat-Material" name="bsdf" />
		<transform name="to_world">
			<matrix value="-0.04205844569258582 0.9799058266020845 -0.1949740083636239 -3.2172791313573477 -0.9736531527001197 0.0035709412368681885 0.22798706688323533 -1.9023331820226794 0.22410242772834138 0.19942750695951547 0.953938339189307 0.2708593191563331 0.0 0.0 0.0 1.0" />
		</transform>
	</shape>
	<shape type="ply" name="temp35">
		<string name="filename" value="meshes/Cube_031.ply" />
		<boolean name="face_normals" value="true" />
		<ref id="mat-Material" name="bsdf" />
		<transform name="to_world">
			<matrix value="0.1398692793075509 0.9780934581778513 0.15416976541545768 -1.8939935753995238 -0.73662519702071 -0.001256956800153518 0.6762665234426157 -1.0058295093003355 0.6616456304396776 -0.2081623222081544 0.7203124106130157 0.6665992484606003 0.0 0.0 0.0 1.0" />
		</transform>
	</shape>
	<shape type="ply" name="temp36">
		<string name="filename" value="meshes/Cube_032.ply" />
		<boolean name="face_normals" value="true" />
		<ref id="mat-Material" name="bsdf" />
		<transform name="to_world">
			<matrix value="0.6858426103714894 0.6133652327902499 0.39133521283380795 -0.6812154808169604 -0.49658194554516 0.0016324300252595308 0.8677359851846318 -0.4545839524806723 0.5315906862614733 -0.7897974231524145 0.305700886151536 -0.13657934466244814 0.0 0.0 0.0 1.0" />
		</transform>
	</shape>
	<shape type="ply" name="temp37">
		<string name="filename" value="meshes/Cube_033.ply" />
		<boolean name="face_normals" value="true" />
		<ref id="mat-Material" name="bsdf" />
		<transform name="to_world">
			<matrix value="0.9767792587943485 0.16866779441119845 0.1321124381294321 -0.14100330954737883 -0.15007778882925815 0.09858196206690126 0.9837471118400493 0.3005527653127374 0.1529025649481319 -0.9807306908512943 0.12160610769887584 -0.3771322543887443 0.0 0.0 0.0 1.0" />
		</transform>
	</shape>
	<shape type="ply" name="temp38">
		<string name="filename" value="meshes/Cube_034.ply" />
		<boolean name="face_normals" value="true" />
		<ref id="mat-Material" name="bsdf" />
		<transform name="to_world">
			<matrix value="0.9999246489972998 0.0023053159735765705 0.012063076420464083 -0.03421483369345113 -0.012281087607508151 0.18083535833700093 0.9834367247710629 0.36940253545847046 8.57004629211013e-05 -0.9835105950277729 0.18085005160510065 -0.36069054565319414 0.0 0.0 0.0 1.0" />
		</transform>
	</shape>
	<shape type="ply" name="temp39">
		<string name="filename" value="meshes/Cube_035.ply" />
		<boolean name="face_normals" value="true" />
		<ref id="mat-Material" name="bsdf" />
		<transform name="to_world">
			<matrix value="0.998905194254885 -0.04666962160764085 0.0032378595632076195 0.0076725562356942945 0.0064965972373662965 0.2069268161936328 0.9783349589452229 0.09129959596092764 -0.04632852239343152 -0.9772426437613548 0.20700347170182415 -0.14941806212498712 0.0 0.0 0.0 1.0" />
		</transform>
	</shape>
	<shape type="ply" name="temp40">
		<string name="filename" value="meshes/Cube_036.ply" />
		<boolean name="face_normals" value="true" />
		<ref id="mat-Material" name="bsdf" />
		<transform name="to_world">
			<matrix value="0.99920172261257 -0.03982933651493567 0.0031763613179701584 0.0027098561494180995 0.005209861407343974 0.2086927410658229 0.9779674824039135 -0.2431373337885338 -0.03961469043148644 -0.9771698479213555 0.20873362548644248 0.20338012917085824 0.0 0.0 0.0 1.0" />
		</transform>
	</shape>
	<shape type="ply" name="temp41">
		<string name="filename" value="meshes/Cube_037.ply" />
		<boolean name="face_normals" value="true" />
		<ref id="mat-Material" name="bsdf" />
		<transform name="to_world">
			<matrix value="0.9988579890678992 -0.04766494306697843 0.0033412943400811593 -0.006314947744945121 0.006690189476744908 0.20875218752542118 0.97794585223117 -0.5700670807690671 -0.04731123244100016 -0.9768062858894964 0.2088326278508686 0.5167479782285476 0.0 0.0 0.0 1.0" />
		</transform>
	</shape>
	<shape type="ply" name="temp42">
		<string name="filename" value="meshes/Cube_038.ply" />
		<boolean name="face_normals" value="true" />
		<ref id="mat-Material" name="bsdf" />
		<transform name="to_world">
			<matrix value="0.9990574476044587 -0.04327229815841126 0.003477623527197992 0.007217467164999158 0.005637808562356057 0.20875792358731227 0.977951171126107 -0.9039005538398709 -0.04304418937391295 -0.9770095510645088 0.2088050050564961 0.8623584098783001 0.0 0.0 0.0 1.0" />
		</transform>
	</shape>
	<shape type="ply" name="temp43">
		<string name="filename" value="meshes/Cube_039.ply" />
		<boolean name="face_normals" value="true" />
		<ref id="mat-Material" name="bsdf" />
		<transform name="to_world">
			<matrix value="0.9999482164700487 -0.008941564097228856 -0.004894787164125948 0.021174921279581316 0.008284164949573816 0.4330133555556218 0.9013494203150794 -1.3192587818431898 -0.005939958666780676 -0.9013432363246241 0.43306492176059175 1.4728348600721493 0.0 0.0 0.0 1.0" />
		</transform>
	</shape>
	<shape type="ply" name="temp47">
		<string name="filename" value="meshes/Plane_001.ply" />
		<boolean name="face_normals" value="true" />
		<ref id="mat-Material.002" name="bsdf" />
	</shape>
	<shape type="ply" name="temp49">
		<string name="filename" value="meshes/Plane_002.ply" />
		<boolean name="face_normals" value="true" />
		<ref id="mat-Material.003" name="bsdf" />
	</shape>
	<shape type="ply" name="temp51">
		<string name="filename" value="meshes/Plane_003.ply" />
		<boolean name="face_normals" value="true" />
		<ref id="mat-Material.004" name="bsdf" />
	</shape>
	<shape type="ply" name="temp53">
		<string name="filename" value="meshes/Plane_004.ply" />
		<boolean name="face_normals" value="true" />
		<ref id="mat-Material.005" name="bsdf" />
	</shape>
	<emitter type="point">
		<transform name="to_world">
			<rotate x="1" angle="-142.5518126578256" />
			<rotate y="1" angle="3.976628485794621e-06" />
			<rotate z="1" angle="-179.999991348578" />
			<translate value="-0.000000 3.030926 4.073377" />
		</transform>
		<rgb name="intensity" value="100" />
	</emitter>
</scene>