<scene version="2.1.0">
	<default name="spp" value="1024" />
	<default name="resx" value="512" />
	<default name="resy" value="575" />
	<integrator type="path" name="temp0">
		<integer name="max_depth" value="12" />
	</integrator>
	<sensor type="perspective" name="temp2">
		<string name="fov_axis" value="y" />
		<float name="fov" value="49.134342" />
		<float name="principal_point_offset_x" value="0.000000" />
		<float name="principal_point_offset_y" value="-0.000000" />
		<float name="near_clip" value="0.100000" />
		<float name="far_clip" value="100.000000" />
		<transform name="to_world">
			<rotate x="1" angle="179.9352821363813" />
			<rotate y="1" angle="-63.80029843327969" />
			<rotate z="1" angle="-179.99861165036566" />
			<translate value="7.054314 2.030854 1.124394" />
		</transform>
		<sampler type="correlated" name="sampler">
			<integer name="sample_count" value="1024" />
		</sampler>
		<film type="hdrfilm" name="film">
			<integer name="width" value="$resx" />
			<integer name="height" value="$resy" />
		</film>
		<float name="shutter_open" value="0.0" />
		<float name="shutter_close" value="0.0015" />
	</sensor>
	<bsdf type="twosided" id="mat-woods" name="mat-woods">
		<bsdf type="principled" name="bsdf">
			<texture type="bitmap" name="base_color">
				<string name="filename" value="textures/cherry-wood-texture.001.jpg" />
			</texture>
			<float name="spec_tint" value="0.000000" />
			<float name="spec_trans" value="0.000000" />
			<float name="metallic" value="0.000000" />
			<float name="anisotropic" value="0.000000" />
			<float name="roughness" value="0.500000" />
			<float name="sheen" value="0.000000" />
			<float name="sheen_tint" value="0.500000" />
			<float name="clearcoat" value="0.000000" />
			<float name="clearcoat_gloss" value="0.173205" />
			<float name="specular" value="0.500000" />
		</bsdf>
	</bsdf>
	<bsdf type="twosided" id="mat-Material" name="mat-Material">
		<bsdf type="diffuse" name="bsdf">
			<rgb value="0.468459 0.162657 0.495843" name="reflectance" />
		</bsdf>
	</bsdf>
	<bsdf type="twosided" id="mat-Material.004" name="mat-Material.004">
		<bsdf type="diffuse" name="bsdf">
			<rgb value="0.000000 0.187814 0.007264" name="reflectance" />
		</bsdf>
	</bsdf>
	<bsdf type="twosided" id="mat-Material.003" name="mat-Material.003">
		<bsdf type="principled" name="bsdf">
			<rgb value="0.800000 0.694753 0.022036" name="base_color" />
			<float name="spec_tint" value="0.000000" />
			<float name="spec_trans" value="0.000000" />
			<float name="metallic" value="0.000000" />
			<float name="anisotropic" value="0.000000" />
			<float name="roughness" value="0.300000" />
			<float name="sheen" value="0.000000" />
			<float name="sheen_tint" value="0.500000" />
			<float name="clearcoat" value="0.000000" />
			<float name="clearcoat_gloss" value="0.173205" />
			<float name="specular" value="0.500000" />
		</bsdf>
	</bsdf>
	<bsdf type="twosided" id="mat-Material.005" name="mat-Material.005">
		<bsdf type="principled" name="bsdf">
			<rgb value="0.329891 0.329891 0.329891" name="base_color" />
			<float name="spec_tint" value="0.000000" />
			<float name="spec_trans" value="0.000000" />
			<float name="metallic" value="0.000000" />
			<float name="anisotropic" value="0.000000" />
			<float name="roughness" value="0.500000" />
			<float name="sheen" value="0.000000" />
			<float name="sheen_tint" value="0.500000" />
			<float name="clearcoat" value="0.000000" />
			<float name="clearcoat_gloss" value="0.173205" />
			<float name="specular" value="0.500000" />
		</bsdf>
	</bsdf>
	<bsdf type="twosided" id="mat-Material.006" name="mat-Material.006">
		<bsdf type="diffuse" name="bsdf">
			<texture type="bitmap" name="reflectance">
				<string name="filename" value="textures/seamless_marble_tile_texture_by_hhh316-d4hzszw.001.jpg" />
			</texture>
		</bsdf>
	</bsdf>
	<bsdf type="twosided" id="mat-Material.007" name="mat-Material.007">
		<bsdf type="principled" name="bsdf">
			<rgb value="0.800000 0.800000 0.800000" name="base_color" />
			<float name="spec_tint" value="0.000000" />
			<float name="spec_trans" value="0.000000" />
			<float name="metallic" value="0.000000" />
			<float name="anisotropic" value="0.000000" />
			<float name="roughness" value="0.500000" />
			<float name="sheen" value="0.000000" />
			<float name="sheen_tint" value="0.500000" />
			<float name="clearcoat" value="0.000000" />
			<float name="clearcoat_gloss" value="0.173205" />
			<float name="specular" value="0.500000" />
		</bsdf>
	</bsdf>
	<bsdf type="twosided" id="mat-Material.008" name="mat-Material.008">
		<bsdf type="principled" name="bsdf">
			<rgb value="0.800000 0.800000 0.800000" name="base_color" />
			<float name="spec_tint" value="0.000000" />
			<float name="spec_trans" value="0.000000" />
			<float name="metallic" value="0.000000" />
			<float name="anisotropic" value="0.000000" />
			<float name="roughness" value="0.500000" />
			<float name="sheen" value="0.000000" />
			<float name="sheen_tint" value="0.500000" />
			<float name="clearcoat" value="0.000000" />
			<float name="clearcoat_gloss" value="0.173205" />
			<float name="specular" value="0.500000" />
		</bsdf>
	</bsdf>
	<bsdf type="twosided" id="mat-Material.009" name="mat-Material.009">
		<bsdf type="diffuse" name="bsdf">
			<rgb value="0.608000 0.608000 0.608000" name="reflectance" />
		</bsdf>
	</bsdf>
	<bsdf type="twosided" id="mat-Material.010" name="mat-Material.010">
		<bsdf type="principled" name="bsdf">
			<rgb value="0.800000 0.800000 0.800000" name="base_color" />
			<float name="spec_tint" value="0.000000" />
			<float name="spec_trans" value="0.000000" />
			<float name="metallic" value="0.000000" />
			<float name="anisotropic" value="0.000000" />
			<float name="roughness" value="0.500000" />
			<float name="sheen" value="0.000000" />
			<float name="sheen_tint" value="0.500000" />
			<float name="clearcoat" value="0.000000" />
			<float name="clearcoat_gloss" value="0.173205" />
			<float name="specular" value="0.500000" />
		</bsdf>
	</bsdf>
	<shape type="ply" name="temp4">
		<string name="filename" value="meshes/Cube_006.ply" />
		<boolean name="face_normals" value="true" />
		<ref id="mat-woods" name="bsdf" />
		<transform name="to_world">
			<scale value="1" />
		</transform>
	</shape>
	<shape type="ply" name="temp5">
		<string name="filename" value="meshes/Cube_007.ply" />
		<boolean name="face_normals" value="true" />
		<ref id="mat-woods" name="bsdf" />
		<transform name="to_world">
			<scale value="1" />
		</transform>
	</shape>
	<shape type="ply" name="temp6">
		<string name="filename" value="meshes/Cube_008.ply" />
		<boolean name="face_normals" value="true" />
		<ref id="mat-woods" name="bsdf" />
		<transform name="to_world">
			<scale value="1" />
		</transform>
	</shape>
	<shape type="ply" name="temp7">
		<string name="filename" value="meshes/Cube_009.ply" />
		<boolean name="face_normals" value="true" />
		<ref id="mat-woods" name="bsdf" />
		<transform name="to_world">
			<scale value="1" />
		</transform>
	</shape>
	<shape type="ply" name="temp8">
		<string name="filename" value="meshes/Cube_010.ply" />
		<boolean name="face_normals" value="true" />
		<ref id="mat-woods" name="bsdf" />
		<transform name="to_world">
			<scale value="1" />
		</transform>
	</shape>
	<shape type="ply" name="temp9">
		<string name="filename" value="meshes/Cube_011.ply" />
		<boolean name="face_normals" value="true" />
		<ref id="mat-woods" name="bsdf" />
		<transform name="to_world">
			<scale value="1" />
		</transform>
	</shape>
	<shape type="ply" name="temp10">
		<string name="filename" value="meshes/Cube_012.ply" />
		<boolean name="face_normals" value="true" />
		<ref id="mat-woods" name="bsdf" />
		<transform name="to_world">
			<scale value="1" />
		</transform>
	</shape>
	<shape type="ply" name="temp11">
		<string name="filename" value="meshes/Cube_013.ply" />
		<boolean name="face_normals" value="true" />
		<ref id="mat-woods" name="bsdf" />
		<transform name="to_world">
			<scale value="1" />
		</transform>
	</shape>
	<shape type="ply" name="temp12">
		<string name="filename" value="meshes/Cube_014.ply" />
		<boolean name="face_normals" value="true" />
		<ref id="mat-woods" name="bsdf" />
		<transform name="to_world">
			<scale value="1" />
		</transform>
	</shape>
	<shape type="ply" name="temp13">
		<string name="filename" value="meshes/Cube_015.ply" />
		<boolean name="face_normals" value="true" />
		<ref id="mat-woods" name="bsdf" />
		<transform name="to_world">
			<scale value="1" />
		</transform>
	</shape>
	<shape type="ply" name="temp14">
		<string name="filename" value="meshes/Cube_016.ply" />
		<boolean name="face_normals" value="true" />
		<ref id="mat-woods" name="bsdf" />
		<transform name="to_world">
			<scale value="1" />
		</transform>
	</shape>
	<shape type="ply" name="temp15">
		<string name="filename" value="meshes/Cube_017.ply" />
		<boolean name="face_normals" value="true" />
		<ref id="mat-woods" name="bsdf" />
		<transform name="to_world">
			<scale value="1" />
		</transform>
	</shape>
	<shape type="ply" name="temp16">
		<string name="filename" value="meshes/Cube_018.ply" />
		<boolean name="face_normals" value="true" />
		<ref id="mat-woods" name="bsdf" />
		<transform name="to_world">
			<scale value="1" />
		</transform>
	</shape>
	<shape type="ply" name="temp17">
		<string name="filename" value="meshes/Cube_019.ply" />
		<boolean name="face_normals" value="true" />
		<ref id="mat-woods" name="bsdf" />
		<transform name="to_world">
			<scale value="1" />
		</transform>
	</shape>
	<shape type="ply" name="temp18">
		<string name="filename" value="meshes/Cube_020.ply" />
		<boolean name="face_normals" value="true" />
		<ref id="mat-woods" name="bsdf" />
		<transform name="to_world">
			<scale value="1" />
		</transform>
	</shape>
	<shape type="ply" name="temp19">
		<string name="filename" value="meshes/Cube_021.ply" />
		<boolean name="face_normals" value="true" />
		<ref id="mat-woods" name="bsdf" />
		<transform name="to_world">
			<scale value="1" />
		</transform>
	</shape>
	<shape type="ply" name="temp21">
		<string name="filename" value="meshes/Suzanne.ply" />
		<boolean name="face_normals" value="true" />
		<ref id="mat-Material" name="bsdf" />
		<animation name="to_world">
			<transform time="0">
				<matrix value="0.9981121623047743 0.013549036892054816 0.05990326791311356 0.26560136162273995 -0.030777744901732507 0.9543957309786495 0.29695373425997124 -0.38091460116657316 -0.053148005747491636 -0.29823692643003563 0.9530112046974238 1.5189183267336457 0.0 0.0 0.0 1.0" />
				<scale value="1" />
			</transform>
			<transform time="0.0015">
				<matrix value="0.9980776465704613 0.01354831493374644 0.06041710793280606 0.2683323384061976 -0.031091856223637124 0.9535781968383836 0.29926333572605307 -0.37577152122394636 -0.05354673856458649 -0.30056880944022435 0.9521672773576935 1.5301201009665388 0.0 0.0 0.0 1.0" />
				<scale value="1" />
			</transform>
		</animation>
	</shape>
	<shape type="ply" name="temp25">
		<string name="filename" value="meshes/Torus.ply" />
		<ref id="mat-Material.003" name="bsdf" />
		<animation name="to_world">
			<transform time="0">
				<matrix value="0.9058437146571457 -0.42361202084598804 -0.00035550064520477944 2.4012009194799653 0.42361085458927084 0.905842438444969 -0.0019311061858933388 2.600009804196597 0.0011400673781124197 0.00159868489827182 0.9999979830266763 -0.0030438234627414573 0.0 0.0 0.0 1.0" />
				<scale value="1" />
			</transform>
			<transform time="0.0015">
				<matrix value="0.9055411153939581 -0.4242430363585079 -0.00036172126710605886 2.4051924144695165 0.42424179093490433 0.9055397710063571 -0.0019686657793526775 2.604607030281506 0.0011633300080993883 0.0016288394996613056 0.9999978896678432 -0.003090835540483284 0.0 0.0 0.0 1.0" />
				<scale value="1" />
			</transform>
		</animation>
	</shape>
	<shape type="ply" name="temp27">
		<string name="filename" value="meshes/Cube_001.ply" />
		<boolean name="face_normals" value="true" />
		<ref id="mat-Material.004" name="bsdf" />
		<animation name="to_world">
			<transform time="0">
				<matrix value="0.9574820294266789 0.2884915777828064 -0.0007346120164102934 -2.088050020755092 -0.28849146012942656 0.9574824216046117 0.00021687910291650963 -2.1376560452116653 0.0007659470332327658 4.271562825140017e-06 0.9999996078220673 0.0050052645937606055 0.0 0.0 0.0 1.0" />
				<scale value="1" />
			</transform>
			<transform time="0.0015">
				<matrix value="0.9567454604226183 0.2906796056363578 -0.0007337393437988121 -2.1062750621501576 -0.2906794893948412 0.9567458526005511 0.00021859488372516327 -2.145780529136638 0.0007656619780632818 4.126129018939252e-06 0.9999996078220673 0.005005031840130758 0.0 0.0 0.0 1.0" />
				<scale value="1" />
			</transform>
		</animation>
	</shape>
	<shape type="ply" name="temp29">
		<string name="filename" value="meshes/Plane.ply" />
		<boolean name="face_normals" value="true" />
		<ref id="mat-Material.006" name="bsdf" />
		<transform name="to_world">
			<scale value="1" />
		</transform>
	</shape>
	<shape type="ply" name="temp31">
		<string name="filename" value="meshes/Plane_001.ply" />
		<boolean name="face_normals" value="true" />
		<ref id="mat-Material.007" name="bsdf" />
		<transform name="to_world">
			<scale value="1" />
		</transform>
	</shape>
	<shape type="ply" name="temp33">
		<string name="filename" value="meshes/Plane_002.ply" />
		<boolean name="face_normals" value="true" />
		<ref id="mat-Material.008" name="bsdf" />
		<transform name="to_world">
			<scale value="1" />
		</transform>
	</shape>
	<shape type="ply" name="temp35">
		<string name="filename" value="meshes/Plane_003.ply" />
		<boolean name="face_normals" value="true" />
		<ref id="mat-Material.009" name="bsdf" />
		<transform name="to_world">
			<scale value="1" />
		</transform>
	</shape>
	<shape type="ply" name="temp37">
		<string name="filename" value="meshes/Plane_004.ply" />
		<boolean name="face_normals" value="true" />
		<ref id="mat-Material.010" name="bsdf" />
		<transform name="to_world">
			<scale value="1" />
		</transform>
	</shape>
	<emitter type="point">
		<transform name="to_world">
			<rotate x="1" angle="179.9352821363813" />
			<rotate y="1" angle="-63.80029843327969" />
			<rotate z="1" angle="-179.99861165036566" />
			<translate value="7.054314 2.030854 1.124394" />
		</transform>
		<rgb name="intensity" value="100" />
	</emitter>
</scene>