<scene version="2.1.0">
	<default name="spp" value="1024" />
	<default name="resx" value="512" />
	<default name="resy" value="575" />
	<integrator type="path" name="temp0">
		<integer name="max_depth" value="12" />
	</integrator>
	<sensor type="perspective" name="temp2">
		<string name="fov_axis" value="y" />
		<float name="fov" value="49.134342" />
		<float name="principal_point_offset_x" value="0.000000" />
		<float name="principal_point_offset_y" value="-0.000000" />
		<float name="near_clip" value="0.100000" />
		<float name="far_clip" value="100.000000" />
		<transform name="to_world">
			<rotate x="1" angle="179.9352821363813" />
			<rotate y="1" angle="-63.80029843327969" />
			<rotate z="1" angle="-179.99861165036566" />
			<translate value="7.054314 2.030854 1.124394" />
		</transform>
		<sampler type="correlated" name="sampler">
			<integer name="sample_count" value="1024" />
		</sampler>
		<film type="hdrfilm" name="film">
			<integer name="width" value="$resx" />
			<integer name="height" value="$resy" />
		</film>
		<float name="shutter_open" value="0.0" />
		<float name="shutter_close" value="0.0015" />
	</sensor>
	<bsdf type="twosided" id="mat-woods" name="mat-woods">
		<bsdf type="principled" name="bsdf">
			<texture type="bitmap" name="base_color">
				<string name="filename" value="textures/cherry-wood-texture.001.jpg" />
			</texture>
			<float name="spec_tint" value="0.000000" />
			<float name="spec_trans" value="0.000000" />
			<float name="metallic" value="0.000000" />
			<float name="anisotropic" value="0.000000" />
			<float name="roughness" value="0.500000" />
			<float name="sheen" value="0.000000" />
			<float name="sheen_tint" value="0.500000" />
			<float name="clearcoat" value="0.000000" />
			<float name="clearcoat_gloss" value="0.173205" />
			<float name="specular" value="0.500000" />
		</bsdf>
	</bsdf>
	<bsdf type="twosided" id="mat-Material" name="mat-Material">
		<bsdf type="diffuse" name="bsdf">
			<rgb value="0.468459 0.162657 0.495843" name="reflectance" />
		</bsdf>
	</bsdf>
	<bsdf type="twosided" id="mat-Material.004" name="mat-Material.004">
		<bsdf type="diffuse" name="bsdf">
			<rgb value="0.000000 0.187814 0.007264" name="reflectance" />
		</bsdf>
	</bsdf>
	<bsdf type="twosided" id="mat-Material.003" name="mat-Material.003">
		<bsdf type="principled" name="bsdf">
			<rgb value="0.800000 0.694753 0.022036" name="base_color" />
			<float name="spec_tint" value="0.000000" />
			<float name="spec_trans" value="0.000000" />
			<float name="metallic" value="0.000000" />
			<float name="anisotropic" value="0.000000" />
			<float name="roughness" value="0.300000" />
			<float name="sheen" value="0.000000" />
			<float name="sheen_tint" value="0.500000" />
			<float name="clearcoat" value="0.000000" />
			<float name="clearcoat_gloss" value="0.173205" />
			<float name="specular" value="0.500000" />
		</bsdf>
	</bsdf>
	<bsdf type="twosided" id="mat-Material.005" name="mat-Material.005">
		<bsdf type="principled" name="bsdf">
			<rgb value="0.329891 0.329891 0.329891" name="base_color" />
			<float name="spec_tint" value="0.000000" />
			<float name="spec_trans" value="0.000000" />
			<float name="metallic" value="0.000000" />
			<float name="anisotropic" value="0.000000" />
			<float name="roughness" value="0.500000" />
			<float name="sheen" value="0.000000" />
			<float name="sheen_tint" value="0.500000" />
			<float name="clearcoat" value="0.000000" />
			<float name="clearcoat_gloss" value="0.173205" />
			<float name="specular" value="0.500000" />
		</bsdf>
	</bsdf>
	<bsdf type="twosided" id="mat-Material.006" name="mat-Material.006">
		<bsdf type="diffuse" name="bsdf">
			<texture type="bitmap" name="reflectance">
				<string name="filename" value="textures/seamless_marble_tile_texture_by_hhh316-d4hzszw.001.jpg" />
			</texture>
		</bsdf>
	</bsdf>
	<bsdf type="twosided" id="mat-Material.007" name="mat-Material.007">
		<bsdf type="principled" name="bsdf">
			<rgb value="0.800000 0.800000 0.800000" name="base_color" />
			<float name="spec_tint" value="0.000000" />
			<float name="spec_trans" value="0.000000" />
			<float name="metallic" value="0.000000" />
			<float name="anisotropic" value="0.000000" />
			<float name="roughness" value="0.500000" />
			<float name="sheen" value="0.000000" />
			<float name="sheen_tint" value="0.500000" />
			<float name="clearcoat" value="0.000000" />
			<float name="clearcoat_gloss" value="0.173205" />
			<float name="specular" value="0.500000" />
		</bsdf>
	</bsdf>
	<bsdf type="twosided" id="mat-Material.008" name="mat-Material.008">
		<bsdf type="principled" name="bsdf">
			<rgb value="0.800000 0.800000 0.800000" name="base_color" />
			<float name="spec_tint" value="0.000000" />
			<float name="spec_trans" value="0.000000" />
			<float name="metallic" value="0.000000" />
			<float name="anisotropic" value="0.000000" />
			<float name="roughness" value="0.500000" />
			<float name="sheen" value="0.000000" />
			<float name="sheen_tint" value="0.500000" />
			<float name="clearcoat" value="0.000000" />
			<float name="clearcoat_gloss" value="0.173205" />
			<float name="specular" value="0.500000" />
		</bsdf>
	</bsdf>
	<bsdf type="twosided" id="mat-Material.009" name="mat-Material.009">
		<bsdf type="diffuse" name="bsdf">
			<rgb value="0.608000 0.608000 0.608000" name="reflectance" />
		</bsdf>
	</bsdf>
	<bsdf type="twosided" id="mat-Material.010" name="mat-Material.010">
		<bsdf type="principled" name="bsdf">
			<rgb value="0.800000 0.800000 0.800000" name="base_color" />
			<float name="spec_tint" value="0.000000" />
			<float name="spec_trans" value="0.000000" />
			<float name="metallic" value="0.000000" />
			<float name="anisotropic" value="0.000000" />
			<float name="roughness" value="0.500000" />
			<float name="sheen" value="0.000000" />
			<float name="sheen_tint" value="0.500000" />
			<float name="clearcoat" value="0.000000" />
			<float name="clearcoat_gloss" value="0.173205" />
			<float name="specular" value="0.500000" />
		</bsdf>
	</bsdf>
	<shape type="ply" name="temp4">
		<string name="filename" value="meshes/Cube_006.ply" />
		<boolean name="face_normals" value="true" />
		<ref id="mat-woods" name="bsdf" />
		<transform name="to_world">
			<scale value="1" />
		</transform>
	</shape>
	<shape type="ply" name="temp5">
		<string name="filename" value="meshes/Cube_007.ply" />
		<boolean name="face_normals" value="true" />
		<ref id="mat-woods" name="bsdf" />
		<transform name="to_world">
			<scale value="1" />
		</transform>
	</shape>
	<shape type="ply" name="temp6">
		<string name="filename" value="meshes/Cube_008.ply" />
		<boolean name="face_normals" value="true" />
		<ref id="mat-woods" name="bsdf" />
		<transform name="to_world">
			<scale value="1" />
		</transform>
	</shape>
	<shape type="ply" name="temp7">
		<string name="filename" value="meshes/Cube_009.ply" />
		<boolean name="face_normals" value="true" />
		<ref id="mat-woods" name="bsdf" />
		<transform name="to_world">
			<scale value="1" />
		</transform>
	</shape>
	<shape type="ply" name="temp8">
		<string name="filename" value="meshes/Cube_010.ply" />
		<boolean name="face_normals" value="true" />
		<ref id="mat-woods" name="bsdf" />
		<transform name="to_world">
			<scale value="1" />
		</transform>
	</shape>
	<shape type="ply" name="temp9">
		<string name="filename" value="meshes/Cube_011.ply" />
		<boolean name="face_normals" value="true" />
		<ref id="mat-woods" name="bsdf" />
		<transform name="to_world">
			<scale value="1" />
		</transform>
	</shape>
	<shape type="ply" name="temp10">
		<string name="filename" value="meshes/Cube_012.ply" />
		<boolean name="face_normals" value="true" />
		<ref id="mat-woods" name="bsdf" />
		<transform name="to_world">
			<scale value="1" />
		</transform>
	</shape>
	<shape type="ply" name="temp11">
		<string name="filename" value="meshes/Cube_013.ply" />
		<boolean name="face_normals" value="true" />
		<ref id="mat-woods" name="bsdf" />
		<transform name="to_world">
			<scale value="1" />
		</transform>
	</shape>
	<shape type="ply" name="temp12">
		<string name="filename" value="meshes/Cube_014.ply" />
		<boolean name="face_normals" value="true" />
		<ref id="mat-woods" name="bsdf" />
		<transform name="to_world">
			<scale value="1" />
		</transform>
	</shape>
	<shape type="ply" name="temp13">
		<string name="filename" value="meshes/Cube_015.ply" />
		<boolean name="face_normals" value="true" />
		<ref id="mat-woods" name="bsdf" />
		<transform name="to_world">
			<scale value="1" />
		</transform>
	</shape>
	<shape type="ply" name="temp14">
		<string name="filename" value="meshes/Cube_016.ply" />
		<boolean name="face_normals" value="true" />
		<ref id="mat-woods" name="bsdf" />
		<transform name="to_world">
			<scale value="1" />
		</transform>
	</shape>
	<shape type="ply" name="temp15">
		<string name="filename" value="meshes/Cube_017.ply" />
		<boolean name="face_normals" value="true" />
		<ref id="mat-woods" name="bsdf" />
		<transform name="to_world">
			<scale value="1" />
		</transform>
	</shape>
	<shape type="ply" name="temp16">
		<string name="filename" value="meshes/Cube_018.ply" />
		<boolean name="face_normals" value="true" />
		<ref id="mat-woods" name="bsdf" />
		<transform name="to_world">
			<scale value="1" />
		</transform>
	</shape>
	<shape type="ply" name="temp17">
		<string name="filename" value="meshes/Cube_019.ply" />
		<boolean name="face_normals" value="true" />
		<ref id="mat-woods" name="bsdf" />
		<transform name="to_world">
			<scale value="1" />
		</transform>
	</shape>
	<shape type="ply" name="temp18">
		<string name="filename" value="meshes/Cube_020.ply" />
		<boolean name="face_normals" value="true" />
		<ref id="mat-woods" name="bsdf" />
		<transform name="to_world">
			<scale value="1" />
		</transform>
	</shape>
	<shape type="ply" name="temp19">
		<string name="filename" value="meshes/Cube_021.ply" />
		<boolean name="face_normals" value="true" />
		<ref id="mat-woods" name="bsdf" />
		<transform name="to_world">
			<scale value="1" />
		</transform>
	</shape>
	<shape type="ply" name="temp21">
		<string name="filename" value="meshes/Suzanne.ply" />
		<boolean name="face_normals" value="true" />
		<ref id="mat-Material" name="bsdf" />
		<animation name="to_world">
			<transform time="0">
				<matrix value="0.9032928267486222 0.19144045879158791 0.383943750050737 -0.053796388763053926 -0.41496570456179854 0.6170835874850693 0.668589028874903 -0.1446528710730579 -0.10893050243523784 -0.7632552435503777 0.6368484979457448 3.637046399418896 0.0 0.0 0.0 1.0" />
				<scale value="1" />
			</transform>
			<transform time="0.0015">
				<matrix value="0.9023131845493316 0.19228823173838805 0.3856587033607285 -0.05778999237805545 -0.4169536193840829 0.6157200799322844 0.6684927778447063 -0.14813548359833478 -0.10885418587921473 -0.7640855359153561 0.6358286058653313 3.6410574607015977 0.0 0.0 0.0 1.0" />
				<scale value="1" />
			</transform>
		</animation>
	</shape>
	<shape type="ply" name="temp25">
		<string name="filename" value="meshes/Torus.ply" />
		<ref id="mat-Material.003" name="bsdf" />
		<animation name="to_world">
			<transform time="0">
				<matrix value="0.9633843136533903 -0.2681111589962039 -0.0026883747470900963 2.476806066008379 0.2680721177694203 0.9633454376722038 -0.010142511100603878 0.8598485510465155 0.0053091563955128445 0.00905045716319694 0.9999449651562817 -0.02398720068383975 0.0 0.0 0.0 1.0" />
				<scale value="1" />
			</transform>
			<transform time="0.0015">
				<matrix value="0.9639081690786977 -0.2659797112288663 -0.002627534392038506 2.4702441884852013 0.2659417805372599 0.9638702314949343 -0.009972304652286126 0.8421366382914245 0.005193894678180468 0.00890775597364693 0.9999464070343334 -0.02379290172377708 0.0 0.0 0.0 1.0" />
				<scale value="1" />
			</transform>
		</animation>
	</shape>
	<shape type="ply" name="temp27">
		<string name="filename" value="meshes/Cube_001.ply" />
		<boolean name="face_normals" value="true" />
		<ref id="mat-Material.004" name="bsdf" />
		<animation name="to_world">
			<transform time="0">
				<matrix value="0.6126031084807301 0.7903632469666018 0.006599405536689618 -7.07372695241026 -0.790371874881121 0.6126246782670285 -0.0017683891252196686 -2.835845658006372 -0.005440629555391799 -0.004132661244937472 0.9999768615019708 -0.003143873592675206 0.0 0.0 0.0 1.0" />
				<scale value="1" />
			</transform>
			<transform time="0.0015">
				<matrix value="0.6111220499203515 0.7914518216906017 0.006600991341376912 -7.087549073618937 -0.7914597577921787 0.6111440150283312 -0.0018818266816702104 -2.8331781900604005 -0.005526776220759748 -0.004078935616584942 0.9999764661802896 -0.0039916025170954605 0.0 0.0 0.0 1.0" />
				<scale value="1" />
			</transform>
		</animation>
	</shape>
	<shape type="ply" name="temp29">
		<string name="filename" value="meshes/Plane.ply" />
		<boolean name="face_normals" value="true" />
		<ref id="mat-Material.006" name="bsdf" />
		<transform name="to_world">
			<scale value="1" />
		</transform>
	</shape>
	<shape type="ply" name="temp31">
		<string name="filename" value="meshes/Plane_001.ply" />
		<boolean name="face_normals" value="true" />
		<ref id="mat-Material.007" name="bsdf" />
		<transform name="to_world">
			<scale value="1" />
		</transform>
	</shape>
	<shape type="ply" name="temp33">
		<string name="filename" value="meshes/Plane_002.ply" />
		<boolean name="face_normals" value="true" />
		<ref id="mat-Material.008" name="bsdf" />
		<transform name="to_world">
			<scale value="1" />
		</transform>
	</shape>
	<shape type="ply" name="temp35">
		<string name="filename" value="meshes/Plane_003.ply" />
		<boolean name="face_normals" value="true" />
		<ref id="mat-Material.009" name="bsdf" />
		<transform name="to_world">
			<scale value="1" />
		</transform>
	</shape>
	<shape type="ply" name="temp37">
		<string name="filename" value="meshes/Plane_004.ply" />
		<boolean name="face_normals" value="true" />
		<ref id="mat-Material.010" name="bsdf" />
		<transform name="to_world">
			<scale value="1" />
		</transform>
	</shape>
	<emitter type="point">
		<transform name="to_world">
			<rotate x="1" angle="179.9352821363813" />
			<rotate y="1" angle="-63.80029843327969" />
			<rotate z="1" angle="-179.99861165036566" />
			<translate value="7.054314 2.030854 1.124394" />
		</transform>
		<rgb name="intensity" value="100" />
	</emitter>
</scene>